#Insight Transform File V1.0
#Transform 0
Transform: AffineTransform_float_3_3
Parameters: 1 -0.000419456 0.00056798 0.000419332 1 0.000109238 -0.000568071 -0.000108762 1 0.0911687 -0.203361 -0.306149
FixedParameters: 0 0 0

#Transform 1
Transform: AffineTransform_float_3_3
Parameters: 1 0.000412651 -0.000184673 -0.000412843 1 0.000537076 0.000184196 -0.000536924 1 -0.00756613 0.0485307 -0.063377
FixedParameters: 0 0 0

#Transform 2
Transform: AffineTransform_float_3_3
Parameters: 1 0.000664496 -6.92181e-05 -0.000664293 0.999999 0.00144589 7.11389e-05 -0.00144511 0.999999 -0.0282546 0.08817 -0.122205
FixedParameters: 0 0 0

#Transform 3
Transform: AffineTransform_float_3_3
Parameters: 1 0.000652793 -9.69905e-05 -0.000652944 0.999999 0.00123106 9.76773e-05 -0.00123094 0.999999 -0.00985466 0.0909091 -0.158417
FixedParameters: 0 0 0

#Transform 4
Transform: AffineTransform_float_3_3
Parameters: 0.999999 0.000828321 -0.000115769 -0.000827479 0.999999 0.0013441 0.000116683 -0.0013439 0.999999 -0.0325771 0.0749426 -0.112668
FixedParameters: 0 0 0

#Transform 5
Transform: AffineTransform_float_3_3
Parameters: 0.999999 0.000808827 -0.000161917 -0.000808821 0.999999 0.00122413 0.000162977 -0.00122387 0.999999 -0.021662 0.0988224 -0.125102
FixedParameters: 0 0 0

#Transform 6
Transform: AffineTransform_float_3_3
Parameters: 0.999999 0.000977272 3.64673e-05 -0.000976856 0.999998 0.00160261 -3.4646e-05 -0.00160339 0.999999 -0.0387183 0.0683471 -0.0977175
FixedParameters: 0 0 0

#Transform 7
Transform: AffineTransform_float_3_3
Parameters: 0.999999 0.000727031 -0.000316789 -0.000726638 0.999998 0.00185123 0.000317639 -0.00185077 0.999998 -0.0180386 0.0835593 -0.127008
FixedParameters: 0 0 0

#Transform 8
Transform: AffineTransform_float_3_3
Parameters: 0.999999 0.000803404 -0.000349283 -0.000803069 0.999999 0.00159592 0.000350006 -0.00159608 0.999998 -0.044605 0.0722993 -0.107302
FixedParameters: 0 0 0

#Transform 9
Transform: AffineTransform_float_3_3
Parameters: 1 0.000935713 -0.00034448 -0.000934524 0.999999 0.00152296 0.000345097 -0.00152304 0.999999 -0.0359541 0.0702299 -0.096888
FixedParameters: 0 0 0

#Transform 10
Transform: AffineTransform_float_3_3
Parameters: 0.999999 0.000703944 -0.000307193 -0.0007037 0.999999 0.00166686 0.000307699 -0.00166714 0.999998 -0.0312037 0.0686469 -0.104469
FixedParameters: 0 0 0

#Transform 11
Transform: AffineTransform_float_3_3
Parameters: 1 0.000653994 -9.39973e-05 -0.000654086 0.999998 0.00158306 9.51474e-05 -0.00158294 0.999998 -0.0281358 0.0789465 -0.090846
FixedParameters: 0 0 0

#Transform 12
Transform: AffineTransform_float_3_3
Parameters: 1 0.000632872 -0.000274994 -0.000632736 0.999999 0.00166681 0.000275262 -0.00166719 0.999998 -0.0151718 0.0709661 -0.110734
FixedParameters: 0 0 0

#Transform 13
Transform: AffineTransform_float_3_3
Parameters: 0.999999 0.000747814 0.000127967 -0.000748598 0.999998 0.0015479 -0.000126571 -0.00154809 0.999999 -0.027061 0.0806922 -0.0765718
FixedParameters: 0 0 0

#Transform 14
Transform: AffineTransform_float_3_3
Parameters: 0.999998 0.00189475 -3.22471e-05 -0.00189411 0.999993 0.00321604 3.77369e-05 -0.00321596 0.999994 -0.0446014 0.103836 -0.183453
FixedParameters: 0 0 0

#Transform 15
Transform: AffineTransform_float_3_3
Parameters: 0.999999 0.000856833 9.0779e-05 -0.000857019 0.999998 0.00179692 -8.99309e-05 -0.00179708 0.999999 -0.0256207 0.102144 -0.115101
FixedParameters: 0 0 0

#Transform 16
Transform: AffineTransform_float_3_3
Parameters: 1 0.000641926 -0.000114726 -0.000642268 0.999998 0.00191007 0.000115338 -0.00190993 0.999998 -0.0125078 0.115385 -0.136947
FixedParameters: 0 0 0

#Transform 17
Transform: AffineTransform_float_3_3
Parameters: 1 0.00107324 -6.26802e-05 -0.00107342 0.999998 0.00162971 6.52587e-05 -0.00163029 0.999998 -0.0218079 0.0942587 -0.156209
FixedParameters: 0 0 0

#Transform 18
Transform: AffineTransform_float_3_3
Parameters: 1 0.00115264 0.000125279 -0.00115252 0.999998 0.00166971 -0.000122742 -0.0016693 0.999999 -0.0409527 0.0940101 -0.117202
FixedParameters: 0 0 0

#Transform 19
Transform: AffineTransform_float_3_3
Parameters: 0.999999 0.000914138 0.000225749 -0.000914197 0.999999 0.00130764 -0.000224669 -0.00130736 0.999999 -0.0210212 0.0938616 -0.0864919
FixedParameters: 0 0 0

#Transform 20
Transform: AffineTransform_float_3_3
Parameters: 1 0.000507217 0.000331638 -0.000507591 0.999999 0.00136283 -0.000331566 -0.00136317 0.999999 -0.0244306 0.0762674 -0.0583306
FixedParameters: 0 0 0

#Transform 21
Transform: AffineTransform_float_3_3
Parameters: 0.999999 0.000692143 0.000319691 -0.000692117 0.999999 0.00140278 -0.000318139 -0.00140322 0.999999 -0.00575826 0.10477 -0.0778837
FixedParameters: 0 0 0

#Transform 22
Transform: AffineTransform_float_3_3
Parameters: 0.999999 0.000691975 0.000320053 -0.000692676 0.999998 0.00192678 -0.000318696 -0.00192722 0.999998 -0.0259073 0.0897609 -0.0547035
FixedParameters: 0 0 0

#Transform 23
Transform: AffineTransform_float_3_3
Parameters: 1 0.000585363 6.79607e-05 -0.000585168 0.999997 0.00249281 -6.63544e-05 -0.00249219 0.999996 -0.000487435 0.115711 -0.114381
FixedParameters: 0 0 0

#Transform 24
Transform: AffineTransform_float_3_3
Parameters: 0.999999 0.000720381 0.000388924 -0.000721176 0.999995 0.00289572 -0.000386452 -0.00289628 0.999995 -0.0245725 0.120373 -0.0807756
FixedParameters: 0 0 0

#Transform 25
Transform: AffineTransform_float_3_3
Parameters: 0.999999 0.000820935 0.000145855 -0.000820714 0.999995 0.00289573 -0.000143724 -0.00289527 0.999995 -0.018392 0.126037 -0.0788711
FixedParameters: 0 0 0

#Transform 26
Transform: AffineTransform_float_3_3
Parameters: 1 0.00111552 0.000389887 -0.00111638 0.999994 0.00315241 -0.000386785 -0.00315258 0.999995 -0.0264791 0.125061 -0.0544856
FixedParameters: 0 0 0

#Transform 27
Transform: AffineTransform_float_3_3
Parameters: 0.999999 0.0013825 -1.20335e-05 -0.00138214 0.999994 0.00321651 1.64625e-05 -0.00321649 0.999994 -0.0206521 0.112985 -0.0797503
FixedParameters: 0 0 0

#Transform 28
Transform: AffineTransform_float_3_3
Parameters: 0.999999 0.000794783 0.000279377 -0.000795782 0.999996 0.00275163 -0.000276312 -0.00275137 0.999996 -0.0137167 0.119644 -0.0827103
FixedParameters: 0 0 0

#Transform 29
Transform: AffineTransform_float_3_3
Parameters: 0.999999 0.00090656 -6.86497e-05 -0.000907405 0.999997 0.00235506 7.016e-05 -0.00235494 0.999997 -0.0259887 0.100644 -0.0595069
FixedParameters: 0 0 0

#Transform 30
Transform: AffineTransform_float_3_3
Parameters: 0.999999 0.000813811 2.82198e-05 -0.000813816 0.999996 0.00265098 -2.61367e-05 -0.00265102 0.999997 -0.00580963 0.111777 -0.0764765
FixedParameters: 0 0 0

#Transform 31
Transform: AffineTransform_float_3_3
Parameters: 0.999999 0.000729527 0.000411342 -0.000731179 0.999995 0.0033037 -0.000409138 -0.0033043 0.999995 -0.0144185 0.117499 -0.0594008
FixedParameters: 0 0 0

#Transform 32
Transform: AffineTransform_float_3_3
Parameters: 1 0.0011281 -0.000351217 -0.00112718 0.999995 0.00296688 0.000355146 -0.00296611 0.999995 -0.00317819 0.123875 -0.0693457
FixedParameters: 0 0 0

#Transform 33
Transform: AffineTransform_float_3_3
Parameters: 1 0.000683956 8.12612e-05 -0.000683445 0.999994 0.00341695 -7.92112e-05 -0.00341706 0.999994 -0.00635698 0.130728 -0.069247
FixedParameters: 0 0 0

#Transform 34
Transform: AffineTransform_float_3_3
Parameters: 0.999999 0.000722109 0.00013547 -0.000722783 0.999996 0.00302275 -0.000133334 -0.00302225 0.999995 -0.00746221 0.121194 -0.0499014
FixedParameters: 0 0 0

#Transform 35
Transform: AffineTransform_float_3_3
Parameters: 1 0.000628735 0.000171652 -0.000628792 0.999994 0.00326574 -0.000170168 -0.00326526 0.999994 0.00161025 0.129421 -0.070469
FixedParameters: 0 0 0

#Transform 36
Transform: AffineTransform_float_3_3
Parameters: 1 0.000587777 -0.000281678 -0.000587412 0.999993 0.00365117 0.000284518 -0.00365084 0.999994 -0.00601647 0.134518 -0.0977696
FixedParameters: 0 0 0

#Transform 37
Transform: AffineTransform_float_3_3
Parameters: 0.999999 0.000729149 0.000151787 -0.000729416 0.999996 0.00264889 -0.000149235 -0.00264911 0.999997 0.0043533 0.128464 -0.0970545
FixedParameters: 0 0 0

#Transform 38
Transform: AffineTransform_float_3_3
Parameters: 1 0.000585746 6.89268e-05 -0.000585959 0.999996 0.00256896 -6.81484e-05 -0.00256904 0.999996 -0.0122291 0.117816 -0.0739357
FixedParameters: 0 0 0

#Transform 39
Transform: AffineTransform_float_3_3
Parameters: 0.999999 0.000690849 0.000182152 -0.000690428 0.999996 0.00284472 -0.000179925 -0.00284428 0.999996 -0.00706595 0.128329 -0.0972961
FixedParameters: 0 0 0

#Transform 40
Transform: AffineTransform_float_3_3
Parameters: 0.999999 0.000843659 0.000243785 -0.000844976 0.999995 0.0030038 -0.000240944 -0.00300421 0.999996 -0.0308396 0.13695 -0.0735456
FixedParameters: 0 0 0

#Transform 41
Transform: AffineTransform_float_3_3
Parameters: 0.999999 0.001301 9.64415e-05 -0.00130138 0.999993 0.00354436 -9.16808e-05 -0.00354463 0.999993 -0.00520594 0.162066 -0.0973259
FixedParameters: 0 0 0

#Transform 42
Transform: AffineTransform_float_3_3
Parameters: 0.999999 0.00174838 0.00020468 -0.00174877 0.999994 0.00297514 -0.000200049 -0.00297587 0.999996 -0.0383693 0.138955 -0.0955059
FixedParameters: 0 0 0

#Transform 43
Transform: AffineTransform_float_3_3
Parameters: 0.999999 0.000888199 1.52903e-05 -0.000888554 0.999992 0.00384363 -1.16127e-05 -0.00384437 0.999992 -0.0194235 0.142825 -0.102482
FixedParameters: 0 0 0

#Transform 44
Transform: AffineTransform_float_3_3
Parameters: 1 0.00115024 9.20416e-05 -0.00114977 0.999991 0.00406238 -8.7552e-05 -0.00406262 0.999991 -0.0366593 0.144876 -0.0847138
FixedParameters: 0 0 0

#Transform 45
Transform: AffineTransform_float_3_3
Parameters: 0.999999 0.00147014 0.000180894 -0.00147044 0.999989 0.00462623 -0.000174375 -0.00462678 0.999989 -0.0524884 0.154421 -0.078085
FixedParameters: 0 0 0

#Transform 46
Transform: AffineTransform_float_3_3
Parameters: 0.999999 0.00154127 5.55199e-05 -0.00154133 0.999988 0.0045264 -4.82617e-05 -0.00452659 0.999989 -0.0418924 0.166353 -0.110517
FixedParameters: 0 0 0

#Transform 47
Transform: AffineTransform_float_3_3
Parameters: 0.999999 0.00148675 0.000220575 -0.00148743 0.999988 0.00464117 -0.000213856 -0.00464184 0.999989 -0.0570774 0.164936 -0.082172
FixedParameters: 0 0 0

#Transform 48
Transform: AffineTransform_float_3_3
Parameters: 0.999999 0.00151843 -0.000239524 -0.00151711 0.999989 0.0045675 0.000246164 -0.0045675 0.999989 -0.044704 0.174782 -0.0885104
FixedParameters: 0 0 0

#Transform 49
Transform: AffineTransform_float_3_3
Parameters: 0.999999 0.00140715 3.01113e-05 -0.00140657 0.99999 0.00430845 -2.3763e-05 -0.00430855 0.99999 -0.0403007 0.164992 -0.0547951
FixedParameters: 0 0 0

#Transform 50
Transform: AffineTransform_float_3_3
Parameters: 0.999999 0.00147883 -0.000543531 -0.00147674 0.999988 0.00476809 0.000550259 -0.00476791 0.999988 -0.0496984 0.186012 -0.0582881
FixedParameters: 0 0 0

#Transform 51
Transform: AffineTransform_float_3_3
Parameters: 0.999998 0.00168451 -6.76625e-05 -0.00168415 0.999986 0.00500861 7.59982e-05 -0.00500839 0.999988 -0.0452512 0.187237 -0.0636185
FixedParameters: 0 0 0

#Transform 52
Transform: AffineTransform_float_3_3
Parameters: 0.999999 0.00155149 8.40175e-05 -0.00155232 0.999985 0.00540637 -7.48523e-05 -0.00540664 0.999986 -0.0556865 0.181388 -0.047325
FixedParameters: 0 0 0

#Transform 53
Transform: AffineTransform_float_3_3
Parameters: 0.999999 0.00139004 -0.000284716 -0.00138896 0.999989 0.0043494 0.000290889 -0.0043486 0.999991 -0.038861 0.161908 -0.0853733
FixedParameters: 0 0 0

#Transform 54
Transform: AffineTransform_float_3_3
Parameters: 0.999999 0.00142432 0.000300713 -0.00142653 0.999985 0.00529906 -0.000293612 -0.00529994 0.999986 -0.0374791 0.17706 -0.12509
FixedParameters: 0 0 0

#Transform 55
Transform: AffineTransform_float_3_3
Parameters: 0.999998 0.00165076 0.000133947 -0.0016515 0.999986 0.00497163 -0.000126457 -0.00497137 0.999988 -0.0587441 0.171575 -0.0685507
FixedParameters: 0 0 0

#Transform 56
Transform: AffineTransform_float_3_3
Parameters: 0.999999 0.00177384 -8.23478e-06 -0.00177391 0.999981 0.00580851 1.80741e-05 -0.00580849 0.999983 -0.057292 0.19451 -0.0741628
FixedParameters: 0 0 0

#Transform 57
Transform: AffineTransform_float_3_3
Parameters: 0.999998 0.00225555 9.9312e-05 -0.0022567 0.999981 0.00574977 -8.6366e-05 -0.00575024 0.999984 -0.088095 0.179303 -0.0571688
FixedParameters: 0 0 0

#Transform 58
Transform: AffineTransform_float_3_3
Parameters: 0.999998 0.00195779 -0.00019229 -0.00195719 0.999978 0.00636888 0.000205005 -0.00636813 0.99998 -0.032378 0.196571 -0.166955
FixedParameters: 0 0 0

#Transform 59
Transform: AffineTransform_float_3_3
Parameters: 0.999997 0.00219347 5.57737e-05 -0.0021946 0.999985 0.00519887 -4.46484e-05 -0.00519914 0.999987 -0.0401798 0.180601 -0.137101
FixedParameters: 0 0 0

#Transform 60
Transform: AffineTransform_float_3_3
Parameters: 0.999999 0.0018554 -8.91475e-05 -0.0018552 0.999986 0.0051043 9.86317e-05 -0.0051047 0.999987 -0.0369433 0.184822 -0.196626
FixedParameters: 0 0 0

#Transform 61
Transform: AffineTransform_float_3_3
Parameters: 0.999998 0.00198192 0.000128455 -0.00198349 0.999983 0.00542824 -0.000117697 -0.00542875 0.999985 -0.0681277 0.1748 -0.126971
FixedParameters: 0 0 0

#Transform 62
Transform: AffineTransform_float_3_3
Parameters: 0.999998 0.00196444 -0.000132337 -0.00196391 0.999987 0.0047014 0.000141349 -0.0047016 0.999989 -0.0516033 0.175333 -0.149453
FixedParameters: 0 0 0

#Transform 63
Transform: AffineTransform_float_3_3
Parameters: 0.999998 0.00188648 -8.50004e-05 -0.00188542 0.999986 0.00500366 9.40257e-05 -0.00500335 0.999988 -0.046831 0.183903 -0.164226
FixedParameters: 0 0 0

#Transform 64
Transform: AffineTransform_float_3_3
Parameters: 0.999998 0.0016416 -9.3842e-06 -0.00164183 0.999985 0.00513551 1.77101e-05 -0.00513549 0.999986 -0.0488193 0.178984 -0.100326
FixedParameters: 0 0 0

#Transform 65
Transform: AffineTransform_float_3_3
Parameters: 0.999999 0.00157038 1.17862e-05 -0.0015707 0.999978 0.00654748 -1.9877e-06 -0.00654753 0.999979 -0.0413874 0.191234 -0.223962
FixedParameters: 0 0 0

#Transform 66
Transform: AffineTransform_float_3_3
Parameters: 0.999999 0.00135626 0.000580257 -0.0013599 0.999982 0.00591606 -0.000572054 -0.00591693 0.999982 -0.0668153 0.187853 -0.15504
FixedParameters: 0 0 0

#Transform 67
Transform: AffineTransform_float_3_3
Parameters: 0.999999 0.00151387 0.00021518 -0.00151484 0.999982 0.00578817 -0.000206966 -0.00578883 0.999983 -0.0316395 0.198279 -0.133742
FixedParameters: 0 0 0

#Transform 68
Transform: AffineTransform_float_3_3
Parameters: 0.999999 0.00152488 0.000367389 -0.00152707 0.999979 0.0063343 -0.000357764 -0.00633471 0.99998 -0.046818 0.193038 -0.106317
FixedParameters: 0 0 0

#Transform 69
Transform: AffineTransform_float_3_3
Parameters: 0.999999 0.00145102 -0.000163146 -0.00145059 0.999979 0.00626889 0.000172271 -0.00626912 0.999981 -0.0324185 0.192289 -0.181431
FixedParameters: 0 0 0

#Transform 70
Transform: AffineTransform_float_3_3
Parameters: 0.999998 0.00154262 0.000380458 -0.00154497 0.999974 0.00703091 -0.000369767 -0.00703209 0.999975 -0.0444131 0.221182 -0.127207
FixedParameters: 0 0 0

#Transform 71
Transform: AffineTransform_float_3_3
Parameters: 0.999999 0.00183015 0.000351138 -0.00183303 0.999972 0.00729786 -0.000337262 -0.00729914 0.999973 -0.0569007 0.234142 -0.103193
FixedParameters: 0 0 0

#Transform 72
Transform: AffineTransform_float_3_3
Parameters: 0.999999 0.00152207 9.50673e-05 -0.00152271 0.999971 0.00748735 -8.34278e-05 -0.00748765 0.999972 -0.0380771 0.244139 -0.14495
FixedParameters: 0 0 0

#Transform 73
Transform: AffineTransform_float_3_3
Parameters: 0.999998 0.001666 0.000539841 -0.00166944 0.999965 0.0082008 -0.000525599 -0.00820119 0.999966 -0.0612565 0.243567 -0.124737
FixedParameters: 0 0 0

#Transform 74
Transform: AffineTransform_float_3_3
Parameters: 0.999998 0.00163386 0.000232756 -0.00163583 0.999965 0.00822712 -0.000219636 -0.00822788 0.999966 -0.0464965 0.255877 -0.149571
FixedParameters: 0 0 0

#Transform 75
Transform: AffineTransform_float_3_3
Parameters: 0.999999 0.00181393 0.000308995 -0.001817 0.999957 0.00913279 -0.000293157 -0.00913321 0.999958 -0.0695785 0.286753 -0.120005
FixedParameters: 0 0 0

#Transform 76
Transform: AffineTransform_float_3_3
Parameters: 1 0.00115336 -0.000155536 -0.00115272 0.999964 0.00843803 0.000165007 -0.00843697 0.999964 -0.0473112 0.265643 -0.132978
FixedParameters: 0 0 0

#Transform 77
Transform: AffineTransform_float_3_3
Parameters: 0.999999 0.00141221 0.000469014 -0.00141662 0.999963 0.0084952 -0.000457312 -0.00849581 0.999964 -0.0644752 0.269366 -0.155886
FixedParameters: 0 0 0

#Transform 78
Transform: AffineTransform_float_3_3
Parameters: 0.999999 0.0013317 0.000633998 -0.00133761 0.999966 0.00807601 -0.000622928 -0.00807699 0.999967 -0.061112 0.245494 -0.148673
FixedParameters: 0 0 0

#Transform 79
Transform: AffineTransform_float_3_3
Parameters: 0.999999 0.00113085 0.000682501 -0.00113713 0.999958 0.00911523 -0.000673097 -0.00911677 0.999958 -0.0567716 0.286131 -0.135611
FixedParameters: 0 0 0

#Transform 80
Transform: AffineTransform_float_3_3
Parameters: 0.999999 0.00129944 0.000521433 -0.0013033 0.999961 0.00874218 -0.000509559 -0.00874283 0.999962 -0.0527685 0.262052 -0.125729
FixedParameters: 0 0 0

#Transform 81
Transform: AffineTransform_float_3_3
Parameters: 0.999999 0.0013341 0.000280528 -0.00133675 0.999963 0.00847128 -0.000268529 -0.00847273 0.999964 -0.0403476 0.267192 -0.162608
FixedParameters: 0 0 0

#Transform 82
Transform: AffineTransform_float_3_3
Parameters: 0.999999 0.00143677 0.000527981 -0.00144075 0.999964 0.0083871 -0.000515646 -0.00838791 0.999965 -0.0658964 0.264311 -0.112932
FixedParameters: 0 0 0

#Transform 83
Transform: AffineTransform_float_3_3
Parameters: 0.999999 0.00143793 -6.2872e-07 -0.00143696 0.999957 0.0092465 1.38215e-05 -0.00924651 0.999957 -0.0544326 0.277635 -0.144523
FixedParameters: 0 0 0

#Transform 84
Transform: AffineTransform_float_3_3
Parameters: 0.999999 0.00135222 0.000325949 -0.00135469 0.999956 0.00926906 -0.000313187 -0.00926995 0.999957 -0.0749755 0.283103 -0.0933376
FixedParameters: 0 0 0

#Transform 85
Transform: AffineTransform_float_3_3
Parameters: 0.999999 0.00130775 0.000219586 -0.00130982 0.99995 0.00990521 -0.000206518 -0.00990579 0.999951 -0.0501841 0.288231 -0.0708402
FixedParameters: 0 0 0

#Transform 86
Transform: AffineTransform_float_3_3
Parameters: 0.999999 0.00129976 0.000498484 -0.00130405 0.999962 0.00866321 -0.000486416 -0.00866379 0.999962 -0.075542 0.278521 -0.0564487
FixedParameters: 0 0 0

#Transform 87
Transform: AffineTransform_float_3_3
Parameters: 0.999999 0.00127167 0.000130089 -0.00127272 0.999963 0.00857933 -0.000118497 -0.00857968 0.999963 -0.0436763 0.277695 -0.0936259
FixedParameters: 0 0 0

#Transform 88
Transform: AffineTransform_float_3_3
Parameters: 0.999999 0.00125935 0.000276709 -0.00126184 0.999957 0.00927315 -0.000265268 -0.00927386 0.999957 -0.0532725 0.305885 -0.0753284
FixedParameters: 0 0 0

#Transform 89
Transform: AffineTransform_float_3_3
Parameters: 1 0.00114157 0.000174794 -0.00114357 0.999958 0.00908129 -0.000164279 -0.0090817 0.999958 -0.0695732 0.291356 -0.107853
FixedParameters: 0 0 0

#Transform 90
Transform: AffineTransform_float_3_3
Parameters: 0.999999 0.00131712 0.000240592 -0.00131973 0.999958 0.00901054 -0.000228382 -0.00901046 0.999959 -0.0545172 0.287996 -0.127015
FixedParameters: 0 0 0

#Transform 91
Transform: AffineTransform_float_3_3
Parameters: 1 0.00113007 7.84329e-05 -0.00113026 0.999962 0.00865092 -6.91165e-05 -0.00865109 0.999963 -0.0739177 0.278347 -0.0574055
FixedParameters: 0 0 0

#Transform 92
Transform: AffineTransform_float_3_3
Parameters: 1 0.0011997 -4.35941e-05 -0.0011987 0.999962 0.0085759 5.43144e-05 -0.00857509 0.999963 -0.0458927 0.295582 -0.0664642
FixedParameters: 0 0 0

#Transform 93
Transform: AffineTransform_float_3_3
Parameters: 0.999999 0.00123883 0.000438704 -0.00124289 0.999958 0.00912631 -0.000427465 -0.00912669 0.999958 -0.0724924 0.290722 -0.0506567
FixedParameters: 0 0 0

#Transform 94
Transform: AffineTransform_float_3_3
Parameters: 0.999998 0.00147821 0.000631205 -0.00148422 0.999954 0.00947693 -0.000617552 -0.00947809 0.999955 -0.0794274 0.28955 -0.0785017
FixedParameters: 0 0 0

#Transform 95
Transform: AffineTransform_float_3_3
Parameters: 0.999998 0.00148448 0.000643829 -0.0014902 0.999962 0.00864275 -0.000631231 -0.00864325 0.999962 -0.074832 0.28503 -0.0822911
FixedParameters: 0 0 0

#Transform 96
Transform: AffineTransform_float_3_3
Parameters: 0.999998 0.00140701 0.000923522 -0.00141446 0.999964 0.00837056 -0.000911954 -0.00837245 0.999965 -0.0788304 0.281421 -0.0765924
FixedParameters: 0 0 0

#Transform 97
Transform: AffineTransform_float_3_3
Parameters: 0.999999 0.00149911 0.00108852 -0.00150899 0.999958 0.00908322 -0.00107403 -0.00908578 0.999958 -0.0849783 0.297805 -0.0374124
FixedParameters: 0 0 0

#Transform 98
Transform: AffineTransform_float_3_3
Parameters: 1 0.00104289 0.000272146 -0.00104448 0.999966 0.00817557 -0.000263869 -0.00817544 0.999967 -0.0421297 0.285625 -0.0908205
FixedParameters: 0 0 0

#Transform 99
Transform: AffineTransform_float_3_3
Parameters: 0.999999 0.00128014 0.000877242 -0.00128756 0.999967 0.00796409 -0.000867142 -0.00796492 0.999968 -0.0670628 0.278676 -0.0314762
FixedParameters: 0 0 0

#Transform 100
Transform: AffineTransform_float_3_3
Parameters: 1 0.00069932 6.46068e-05 -0.000699978 0.999971 0.00761196 -5.84186e-05 -0.00761204 0.999971 -0.052425 0.277282 -0.0570818
FixedParameters: 0 0 0

#Transform 101
Transform: AffineTransform_float_3_3
Parameters: 1 0.000856368 0.000725794 -0.00086111 0.999973 0.00729138 -0.000720078 -0.00729262 0.999973 -0.0532461 0.264819 -0.0279515
FixedParameters: 0 0 0

#Transform 102
Transform: AffineTransform_float_3_3
Parameters: 0.999999 0.000473067 0.000800679 -0.000478096 0.999976 0.00693262 -0.00079774 -0.00693338 0.999975 -0.0413175 0.2468 -0.131355
FixedParameters: 0 0 0

#Transform 103
Transform: AffineTransform_float_3_3
Parameters: 0.999999 0.000947883 0.00089272 -0.000955026 0.999969 0.00779816 -0.000885077 -0.00779985 0.999969 -0.0761827 0.271683 -0.0882182
FixedParameters: 0 0 0

#Transform 104
Transform: AffineTransform_float_3_3
Parameters: 1 0.00105911 0.000301509 -0.00106272 0.999962 0.00856669 -0.000292649 -0.00856732 0.999964 -0.0485182 0.290409 -0.0589232
FixedParameters: 0 0 0

#Transform 105
Transform: AffineTransform_float_3_3
Parameters: 0.999999 0.00114613 0.000703437 -0.00115149 0.999967 0.00808904 -0.00069389 -0.00808995 0.999967 -0.0700049 0.286607 -0.0665988
FixedParameters: 0 0 0

#Transform 106
Transform: AffineTransform_float_3_3
Parameters: 1 0.00105331 0.00015627 -0.00105522 0.999967 0.00813233 -0.000148049 -0.00813268 0.999967 -0.0727025 0.272454 -0.0276812
FixedParameters: 0 0 0

#Transform 107
Transform: AffineTransform_float_3_3
Parameters: 1 0.00091831 0.000214385 -0.000919449 0.999968 0.00805866 -0.000207052 -0.00805835 0.999968 -0.0368355 0.280335 -0.0323175
FixedParameters: 0 0 0

#Transform 108
Transform: AffineTransform_float_3_3
Parameters: 0.999999 0.00116062 0.000487034 -0.00116491 0.999961 0.0088493 -0.000476944 -0.00884972 0.999961 -0.0646972 0.305183 -0.0183401
FixedParameters: 0 0 0

#Transform 109
Transform: AffineTransform_float_3_3
Parameters: 0.999999 0.000795889 0.000412149 -0.000799022 0.999957 0.00933253 -0.000404602 -0.00933248 0.999956 -0.065501 0.308772 -0.0309724
FixedParameters: 0 0 0

#Transform 110
Transform: AffineTransform_float_3_3
Parameters: 1 0.000543524 0.000117975 -0.000545257 0.999962 0.00870994 -0.000112955 -0.00871006 0.999962 -0.0376312 0.282516 -0.0586546
FixedParameters: 0 0 0

#Transform 111
Transform: AffineTransform_float_3_3
Parameters: 0.999999 0.000705001 -0.000299605 -0.00070247 0.999972 0.00741285 0.000305436 -0.00741314 0.999972 -0.0632343 0.255437 -0.0405732
FixedParameters: 0 0 0

#Transform 112
Transform: AffineTransform_float_3_3
Parameters: 0.999999 0.000650885 -0.00042978 -0.000647717 0.999972 0.00744528 0.000434316 -0.00744472 0.999972 -0.0287107 0.257226 -0.104863
FixedParameters: 0 0 0

#Transform 113
Transform: AffineTransform_float_3_3
Parameters: 0.999999 0.000692493 -0.000329739 -0.000689585 0.999969 0.00789987 0.000335135 -0.00790013 0.999969 -0.0636105 0.272053 -0.078059
FixedParameters: 0 0 0

#Transform 114
Transform: AffineTransform_float_3_3
Parameters: 0.999999 0.000914655 -0.000397073 -0.000912369 0.999969 0.00790001 0.000404534 -0.00789999 0.999969 -0.062282 0.284617 -0.0498722
FixedParameters: 0 0 0

#Transform 115
Transform: AffineTransform_float_3_3
Parameters: 0.999999 0.000817876 -2.78445e-05 -0.00081698 0.999969 0.00776502 3.38442e-05 -0.00776497 0.99997 -0.0557963 0.281991 -0.105953
FixedParameters: 0 0 0

#Transform 116
Transform: AffineTransform_float_3_3
Parameters: 0.999999 0.000746366 -0.000199729 -0.000744587 0.99996 0.00885315 0.000206094 -0.00885284 0.999961 -0.0714288 0.319176 -0.0470147
FixedParameters: 0 0 0

#Transform 117
Transform: AffineTransform_float_3_3
Parameters: 0.999999 0.000704891 -0.000299885 -0.000702588 0.999965 0.00832622 0.00030516 -0.00832579 0.999966 -0.0565595 0.28594 -0.0827524
FixedParameters: 0 0 0

#Transform 118
Transform: AffineTransform_float_3_3
Parameters: 0.999999 0.000715977 -0.000273154 -0.000713246 0.999965 0.0082462 0.000278105 -0.0082458 0.999966 -0.0955972 0.288083 -0.0915223
FixedParameters: 0 0 0

#Transform 119
Transform: AffineTransform_float_3_3
Parameters: 0.999999 0.00120983 0.000458731 -0.00121423 0.999963 0.0085093 -0.000448202 -0.00850971 0.999964 -0.095388 0.278103 -0.0812296
FixedParameters: 0 0 0

#Transform 120
Transform: AffineTransform_float_3_3
Parameters: 1 0.00105751 -0.000134097 -0.00105671 0.999971 0.00756115 0.000141938 -0.00756086 0.999972 -0.144144 0.260524 -0.108508
FixedParameters: 0 0 0

#Transform 121
Transform: AffineTransform_float_3_3
Parameters: 0.999999 0.000596686 -0.000659954 -0.000591243 0.999965 0.00825954 0.000664495 -0.00825945 0.999966 -0.0989719 0.290382 -0.0485309
FixedParameters: 0 0 0

#Transform 122
Transform: AffineTransform_float_3_3
Parameters: 0.999999 0.000780034 -0.000688507 -0.000773658 0.999958 0.00914254 0.000695599 -0.00914146 0.999958 -0.100018 0.322403 -0.0648178
FixedParameters: 0 0 0

#Transform 123
Transform: AffineTransform_float_3_3
Parameters: 1 0.000815977 -0.000602454 -0.000809482 0.999946 0.0104201 0.000610047 -0.0104199 0.999945 -0.104701 0.341936 -0.0517759
FixedParameters: 0 0 0

#Transform 124
Transform: AffineTransform_float_3_3
Parameters: 0.999999 0.00084987 -0.000304961 -0.000846142 0.999933 0.0114813 0.000313917 -0.0114807 0.999934 -0.0892736 0.363849 -0.0273627
FixedParameters: 0 0 0

#Transform 125
Transform: AffineTransform_float_3_3
Parameters: 0.999999 0.00139618 2.80255e-05 -0.00139606 0.999927 0.0119965 -1.10698e-05 -0.0119965 0.999928 -0.149392 0.371471 -0.00264954
FixedParameters: 0 0 0

#Transform 126
Transform: AffineTransform_float_3_3
Parameters: 0.999999 0.00170234 -0.000511889 -0.00169675 0.999941 0.0107245 0.000530071 -0.0107235 0.999943 -0.121523 0.366056 -0.0983353
FixedParameters: 0 0 0

#Transform 127
Transform: AffineTransform_float_3_3
Parameters: 0.999999 0.00110359 -0.0009066 -0.00109451 0.999949 0.0099988 0.000917255 -0.00999821 0.99995 -0.133194 0.354948 -0.0812509
FixedParameters: 0 0 0

#Transform 128
Transform: AffineTransform_float_3_3
Parameters: 1 0.000540014 -0.00101696 -0.000531556 0.999961 0.00884219 0.00102181 -0.00884182 0.99996 -0.0908546 0.324031 -0.109269
FixedParameters: 0 0 0

#Transform 129
Transform: AffineTransform_float_3_3
Parameters: 1 0.000635002 -0.000999173 -0.00062357 0.999931 0.0117126 0.00100599 -0.0117114 0.999931 -0.127358 0.384349 -0.0183942
FixedParameters: 0 0 0

#Transform 130
Transform: AffineTransform_float_3_3
Parameters: 0.999999 0.00128569 -0.000878349 -0.00127568 0.999931 0.0116964 0.000893302 -0.0116956 0.999931 -0.133575 0.378069 -0.0345033
FixedParameters: 0 0 0

#Transform 131
Transform: AffineTransform_float_3_3
Parameters: 1 0.00084271 -0.000501184 -0.000836538 0.999936 0.0112601 0.000510358 -0.0112599 0.999936 -0.081839 0.362789 -0.0418868
FixedParameters: 0 0 0

#Transform 132
Transform: AffineTransform_float_3_3
Parameters: 0.999999 0.000873157 0.00051751 -0.000878064 0.999957 0.00915455 -0.000508815 -0.00915545 0.999958 -0.0848748 0.314371 -0.063456
FixedParameters: 0 0 0

#Transform 133
Transform: AffineTransform_float_3_3
Parameters: 0.999999 0.000858288 0.000444251 -0.000863114 0.999949 0.0101505 -0.000435036 -0.0101505 0.999948 -0.0661765 0.332134 -0.0296731
FixedParameters: 0 0 0

#Transform 134
Transform: AffineTransform_float_3_3
Parameters: 0.999999 0.00154004 0.00101255 -0.00155026 0.999943 0.0104796 -0.000995614 -0.0104813 0.999945 -0.121938 0.334277 -0.00986431
FixedParameters: 0 0 0

#Transform 135
Transform: AffineTransform_float_3_3
Parameters: 0.999998 0.0014661 0.000605046 -0.00147235 0.999943 0.010545 -0.000589793 -0.010546 0.999944 -0.0941 0.349299 -0.021805
FixedParameters: 0 0 0

#Transform 136
Transform: AffineTransform_float_3_3
Parameters: 0.999999 0.00109228 0.000969129 -0.00110148 0.999956 0.0092843 -0.000958972 -0.0092857 0.999957 -0.0908959 0.327879 -0.00763979
FixedParameters: 0 0 0

#Transform 137
Transform: AffineTransform_float_3_3
Parameters: 0.999999 0.00111614 0.000884945 -0.0011239 0.999965 0.00830686 -0.000875766 -0.00830814 0.999965 -0.0946478 0.32151 -0.0178515
FixedParameters: 0 0 0

#Transform 138
Transform: AffineTransform_float_3_3
Parameters: 0.999999 0.000889207 0.00104338 -0.000898163 0.999956 0.00931143 -0.0010355 -0.00931256 0.999956 -0.0880959 0.336513 -0.0460434
FixedParameters: 0 0 0

#Transform 139
Transform: AffineTransform_float_3_3
Parameters: 0.999999 0.00106284 0.000756612 -0.00106949 0.999964 0.00836641 -0.000747811 -0.0083666 0.999965 -0.0777741 0.320437 -0.073043
FixedParameters: 0 0 0

#Transform 140
Transform: AffineTransform_float_3_3
Parameters: 0.999999 0.000685444 0.00105414 -0.000695447 0.999953 0.00964363 -0.00104736 -0.00964436 0.999953 -0.067773 0.326801 -0.0979454
FixedParameters: 0 0 0

#Transform 141
Transform: AffineTransform_float_3_3
Parameters: 1 0.000843062 0.000586317 -0.000848468 0.999957 0.00928772 -0.000578335 -0.00928729 0.999957 -0.0911652 0.318247 -0.0698976
FixedParameters: 0 0 0

#Transform 142
Transform: AffineTransform_float_3_3
Parameters: 1 0.000629754 0.000919167 -0.000638883 0.999954 0.00958041 -0.000912761 -0.00958158 0.999953 -0.0684059 0.325748 -0.0923167
FixedParameters: 0 0 0

#Transform 143
Transform: AffineTransform_float_3_3
Parameters: 0.999999 0.000746961 0.000993864 -0.00075568 0.99996 0.00891862 -0.000987521 -0.00891939 0.99996 -0.0862654 0.298272 -0.0746592
FixedParameters: 0 0 0

#Transform 144
Transform: AffineTransform_float_3_3
Parameters: 1 0.000670462 0.00101698 -0.000680092 0.999956 0.00935768 -0.00101048 -0.00935833 0.999956 -0.0679075 0.331582 -0.0593539
FixedParameters: 0 0 0

#Transform 145
Transform: AffineTransform_float_3_3
Parameters: 0.999999 0.00106249 0.000928405 -0.00107089 0.999957 0.00925623 -0.000918869 -0.00925678 0.999957 -0.110745 0.310451 -0.0296374
FixedParameters: 0 0 0

#Transform 146
Transform: AffineTransform_float_3_3
Parameters: 0.999998 0.001533 0.000827098 -0.00154138 0.999945 0.0103576 -0.000810847 -0.0103594 0.999946 -0.107515 0.349062 -0.080801
FixedParameters: 0 0 0

#Transform 147
Transform: AffineTransform_float_3_3
Parameters: 0.999999 0.00149794 0.000119062 -0.00149982 0.999937 0.0111423 -0.000102201 -0.0111427 0.999938 -0.0818719 0.353963 -0.0895182
FixedParameters: 0 0 0

#Transform 148
Transform: AffineTransform_float_3_3
Parameters: 0.999999 0.000853667 0.000502143 -0.000857223 0.999968 0.00806343 -0.000495685 -0.00806358 0.999967 -0.0587337 0.31062 -0.111425
FixedParameters: 0 0 0

#Transform 149
Transform: AffineTransform_float_3_3
Parameters: 0.999999 0.000641313 0.00107956 -0.000648927 0.999971 0.00762567 -0.00107455 -0.00762634 0.999971 -0.0817268 0.296806 -0.0703308
FixedParameters: 0 0 0

#Transform 150
Transform: AffineTransform_float_3_3
Parameters: 0.999999 0.000472274 0.000689435 -0.000476639 0.999976 0.00690367 -0.000686148 -0.00690433 0.999976 -0.0447876 0.288421 -0.0805665
FixedParameters: 0 0 0

#Transform 151
Transform: AffineTransform_float_3_3
Parameters: 0.999999 7.55627e-05 0.000949816 -8.30374e-05 0.999973 0.00725628 -0.000949169 -0.00725571 0.999973 -0.0454803 0.297582 -0.0368429
FixedParameters: 0 0 0

#Transform 152
Transform: AffineTransform_float_3_3
Parameters: 1 -3.10316e-06 0.000643537 -1.78986e-06 0.999974 0.00727101 -0.000643268 -0.00727101 0.999974 -0.0217853 0.293848 -0.0422551
FixedParameters: 0 0 0

#Transform 153
Transform: AffineTransform_float_3_3
Parameters: 1 2.06227e-05 0.000654174 -2.60484e-05 0.999972 0.00756199 -0.000653542 -0.00756202 0.999971 -0.023131 0.31075 -0.0550094
FixedParameters: 0 0 0

#Transform 154
Transform: AffineTransform_float_3_3
Parameters: 1 -0.000493943 0.000897033 0.00048777 0.999978 0.0065696 -0.000900443 -0.00656941 0.999978 -0.0501783 0.276329 -0.0382263
FixedParameters: 0 0 0

#Transform 155
Transform: AffineTransform_float_3_3
Parameters: 0.999999 0.000101608 0.000871833 -0.000107954 0.999973 0.00725927 -0.000870815 -0.00725873 0.999973 -0.0514907 0.290394 -0.0476028
FixedParameters: 0 0 0

#Transform 156
Transform: AffineTransform_float_3_3
Parameters: 1 1.63295e-05 0.00118462 -2.56163e-05 0.999974 0.00713533 -0.0011843 -0.00713466 0.999974 -0.0618627 0.291848 -0.0338458
FixedParameters: 0 0 0

#Transform 157
Transform: AffineTransform_float_3_3
Parameters: 1 -0.000128153 0.00100023 0.000121968 0.999978 0.00663312 -0.00100055 -0.00663287 0.999977 -0.0420737 0.281567 -0.0183032
FixedParameters: 0 0 0

#Transform 158
Transform: AffineTransform_float_3_3
Parameters: 1 -0.00024935 0.00104519 0.000242163 0.999976 0.00682177 -0.0010472 -0.00682123 0.999977 -0.0276309 0.304927 -0.061747
FixedParameters: 0 0 0

#Transform 159
Transform: AffineTransform_float_3_3
Parameters: 0.999999 -0.000149931 0.00150929 0.000139039 0.999973 0.00730173 -0.0015107 -0.00730127 0.999973 -0.0538859 0.296953 -0.0314545
FixedParameters: 0 0 0

#Transform 160
Transform: AffineTransform_float_3_3
Parameters: 0.999999 -0.00033442 0.000796006 0.000329482 0.99998 0.00638742 -0.000798128 -0.00638759 0.99998 -0.0329998 0.294859 -0.0899064
FixedParameters: 0 0 0

#Transform 161
Transform: AffineTransform_float_3_3
Parameters: 0.999999 -0.000357301 0.00127674 0.000349063 0.999979 0.00650761 -0.00127947 -0.0065074 0.999978 -0.0467564 0.294544 -0.0546346
FixedParameters: 0 0 0

#Transform 162
Transform: AffineTransform_float_3_3
Parameters: 0.999999 -0.000230743 0.000766801 0.000226016 0.999978 0.00649832 -0.00076765 -0.00649867 0.999979 -0.0312039 0.292077 -0.0301649
FixedParameters: 0 0 0

#Transform 163
Transform: AffineTransform_float_3_3
Parameters: 0.999999 -0.000462065 0.000829913 0.000456549 0.999981 0.00615638 -0.000832138 -0.00615562 0.99998 -0.0233102 0.290366 -0.05622
FixedParameters: 0 0 0

#Transform 164
Transform: AffineTransform_float_3_3
Parameters: 0.999999 -0.000459279 0.000576545 0.000456001 0.999983 0.00578327 -0.000578938 -0.00578274 0.999983 -0.0260771 0.290448 -0.0585356
FixedParameters: 0 0 0

#Transform 165
Transform: AffineTransform_float_3_3
Parameters: 0.999999 -0.000839887 0.000313946 0.00083818 0.999983 0.00578327 -0.000319048 -0.00578273 0.999983 -0.0137389 0.288571 -0.130684
FixedParameters: 0 0 0

#Transform 166
Transform: AffineTransform_float_3_3
Parameters: 0.999999 -0.000584199 0.000521391 0.000581892 0.999982 0.00583446 -0.000524374 -0.00583454 0.999983 -0.049222 0.280496 -0.10752
FixedParameters: 0 0 0

#Transform 167
Transform: AffineTransform_float_3_3
Parameters: 0.999999 -0.000494929 0.000735384 0.000490784 0.999982 0.00601436 -0.000737882 -0.00601363 0.999981 -0.0238842 0.282617 -0.119598
FixedParameters: 0 0 0

#Transform 168
Transform: AffineTransform_float_3_3
Parameters: 0.999999 -0.000448466 0.00084841 0.000442962 0.999974 0.00709253 -0.000852084 -0.00709246 0.999974 -0.0233745 0.297318 -0.0529872
FixedParameters: 0 0 0

#Transform 169
Transform: AffineTransform_float_3_3
Parameters: 1 -0.00062092 0.000911705 0.000613666 0.999968 0.00797956 -0.000917066 -0.00797843 0.999967 -0.0202296 0.336335 -0.0535482
FixedParameters: 0 0 0

#Transform 170
Transform: AffineTransform_float_3_3
Parameters: 0.999999 -0.000671809 0.00119596 0.000662706 0.999968 0.00795295 -0.00120103 -0.00795205 0.999968 -0.0429799 0.325024 -0.00492969
FixedParameters: 0 0 0

#Transform 171
Transform: AffineTransform_float_3_3
Parameters: 0.999999 -0.000766341 0.000488583 0.000761545 0.999963 0.00858637 -0.000495648 -0.00858562 0.999963 -0.00609679 0.328069 -0.0335357
FixedParameters: 0 0 0

#Transform 172
Transform: AffineTransform_float_3_3
Parameters: 1 -0.000632259 0.00104789 0.000623755 0.999972 0.00754166 -0.00105287 -0.00754034 0.999971 -0.0207457 0.297882 -0.0392389
FixedParameters: 0 0 0

#Transform 173
Transform: AffineTransform_float_3_3
Parameters: 0.999999 -0.000592454 0.00110876 0.000585064 0.999975 0.00704365 -0.00111295 -0.00704234 0.999974 -0.023898 0.306598 -0.108426
FixedParameters: 0 0 0

#Transform 174
Transform: AffineTransform_float_3_3
Parameters: 1 -0.000414627 0.000928919 0.000408818 0.999977 0.00664553 -0.000931743 -0.00664546 0.999977 -0.0282494 0.295407 -0.0734895
FixedParameters: 0 0 0

#Transform 175
Transform: AffineTransform_float_3_3
Parameters: 0.999999 -0.00101189 0.00101534 0.00100588 0.999982 0.00584382 -0.00102094 -0.00584318 0.999982 -0.00359217 0.282223 -0.136698
FixedParameters: 0 0 0

#Transform 176
Transform: AffineTransform_float_3_3
Parameters: 1 -0.000748606 0.000717327 0.00074449 0.999979 0.00640469 -0.000722539 -0.00640431 0.99998 -0.0159808 0.300775 -0.12172
FixedParameters: 0 0 0

#Transform 177
Transform: AffineTransform_float_3_3
Parameters: 0.999999 -0.000883311 -0.00019699 0.000884847 0.999972 0.00740683 0.000190979 -0.00740718 0.999973 0.000620292 0.313897 -0.166389
FixedParameters: 0 0 0

#Transform 178
Transform: AffineTransform_float_3_3
Parameters: 0.999999 -0.00116719 0.000583923 0.0011626 0.999977 0.00656968 -0.000591864 -0.00656831 0.999979 -0.0215572 0.302579 -0.0981542
FixedParameters: 0 0 0

#Transform 179
Transform: AffineTransform_float_3_3
Parameters: 1 -0.00107858 0.000401593 0.00107648 0.999987 0.00501644 -0.0004078 -0.00501556 0.999988 -0.00348714 0.283792 -0.150397
FixedParameters: 0 0 0
