# transform file /out/sourcedata/freesurfer/sub-v1s10x0051028_ses-1/mri/transforms/cc_up.lta
# created by oesteban on Thu Mar 12 04:47:44 2026

type      = 0 # LINEAR_VOX_TO_VOX
nxforms   = 1
mean      = 133.0000 125.0000 120.0000
sigma     = 10000.0000
1 4 4
9.881900548934937e-01 -1.484570503234863e-01 3.795889765024185e-02 1.386434078216553e+01 
1.483476459980011e-01 9.889188408851624e-01 5.698411259800196e-03 2.516800403594971e+00 
-3.838423639535904e-02 -4.656612873077393e-10 9.992630481719971e-01 2.400884056091309e+01 
0.000000000000000e+00 0.000000000000000e+00 0.000000000000000e+00 1.000000000000000e+00 
src volume info
valid = 1  # volume info valid
filename = /out/sourcedata/freesurfer/sub-v1s10x0051028_ses-1/mri/norm.mgz
volume = 256 256 256
voxelsize = 1.000000000000000e+00 1.000000000000000e+00 1.000000000000000e+00
xras   = -1.000000000000000e+00 0.000000000000000e+00 0.000000000000000e+00
yras   = 0.000000000000000e+00 0.000000000000000e+00 -1.000000000000000e+00
zras   = 0.000000000000000e+00 1.000000000000000e+00 0.000000000000000e+00
cras   = -7.287178039550781e+00 2.771072387695312e-01 -5.506027221679688e+00
dst volume info
valid = 1  # volume info valid
filename = /out/sourcedata/freesurfer/sub-v1s10x0051028_ses-1/mri/norm.mgz
volume = 256 256 256
voxelsize = 1.000000000000000e+00 1.000000000000000e+00 1.000000000000000e+00
xras   = -1.000000000000000e+00 0.000000000000000e+00 0.000000000000000e+00
yras   = 0.000000000000000e+00 0.000000000000000e+00 -1.000000000000000e+00
zras   = 0.000000000000000e+00 1.000000000000000e+00 0.000000000000000e+00
cras   = -7.287178039550781e+00 2.771072387695312e-01 -5.506027221679688e+00
