# transform file /out/sourcedata/freesurfer/sub-v1s10x0051151_ses-1/mri/transforms/cc_up.lta
# created by oesteban on Thu Mar 12 11:27:10 2026

type      = 0 # LINEAR_VOX_TO_VOX
nxforms   = 1
mean      = 131.0000 132.0000 116.0000
sigma     = 10000.0000
1 4 4
9.966347217559814e-01 5.105192773044109e-03 -8.181307464838028e-02 4.572061061859131e+00 
-5.088077858090401e-03 9.999870657920837e-01 4.176768998149782e-04 1.962360572814941e+01 
8.181414008140564e-02 2.910383392618066e-11 9.966477155685425e-01 9.632245063781738e+00 
0.000000000000000e+00 0.000000000000000e+00 0.000000000000000e+00 1.000000000000000e+00 
src volume info
valid = 1  # volume info valid
filename = /out/sourcedata/freesurfer/sub-v1s10x0051151_ses-1/mri/norm.mgz
volume = 256 256 256
voxelsize = 1.000000000000000e+00 1.000000000000000e+00 1.000000000000000e+00
xras   = -1.000000000000000e+00 0.000000000000000e+00 0.000000000000000e+00
yras   = 0.000000000000000e+00 0.000000000000000e+00 -1.000000000000000e+00
zras   = 0.000000000000000e+00 1.000000000000000e+00 0.000000000000000e+00
cras   = 7.171142578125000e+00 1.000000000000000e+00 -1.168670654296875e+00
dst volume info
valid = 1  # volume info valid
filename = /out/sourcedata/freesurfer/sub-v1s10x0051151_ses-1/mri/norm.mgz
volume = 256 256 256
voxelsize = 1.000000000000000e+00 1.000000000000000e+00 1.000000000000000e+00
xras   = -1.000000000000000e+00 0.000000000000000e+00 0.000000000000000e+00
yras   = 0.000000000000000e+00 0.000000000000000e+00 -1.000000000000000e+00
zras   = 0.000000000000000e+00 1.000000000000000e+00 0.000000000000000e+00
cras   = 7.171142578125000e+00 1.000000000000000e+00 -1.168670654296875e+00
