# transform file /out/sourcedata/freesurfer/sub-v1s10x0051126_ses-1/mri/transforms/cc_up.lta
# created by oesteban on Thu Mar 12 10:34:57 2026

type      = 0 # LINEAR_VOX_TO_VOX
nxforms   = 1
mean      = 133.0000 138.0000 120.0000
sigma     = 10000.0000
1 4 4
9.996312856674194e-01 2.444394864141941e-02 1.182940602302551e-02 -9.603711128234863e+00 
-2.444223873317242e-02 9.997012019157410e-01 -2.892437623813748e-04 1.132871437072754e+01 
-1.183294225484133e-02 -2.910383392618066e-11 9.999300837516785e-01 2.058649826049805e+01 
0.000000000000000e+00 0.000000000000000e+00 0.000000000000000e+00 1.000000000000000e+00 
src volume info
valid = 1  # volume info valid
filename = /out/sourcedata/freesurfer/sub-v1s10x0051126_ses-1/mri/norm.mgz
volume = 256 256 256
voxelsize = 1.000000000000000e+00 1.000000000000000e+00 1.000000000000000e+00
xras   = -1.000000000000000e+00 0.000000000000000e+00 0.000000000000000e+00
yras   = 0.000000000000000e+00 0.000000000000000e+00 -1.000000000000000e+00
zras   = 0.000000000000000e+00 1.000000000000000e+00 0.000000000000000e+00
cras   = -6.777145385742188e+00 -7.614288330078125e+00 -8.456115722656250e-01
dst volume info
valid = 1  # volume info valid
filename = /out/sourcedata/freesurfer/sub-v1s10x0051126_ses-1/mri/norm.mgz
volume = 256 256 256
voxelsize = 1.000000000000000e+00 1.000000000000000e+00 1.000000000000000e+00
xras   = -1.000000000000000e+00 0.000000000000000e+00 0.000000000000000e+00
yras   = 0.000000000000000e+00 0.000000000000000e+00 -1.000000000000000e+00
zras   = 0.000000000000000e+00 1.000000000000000e+00 0.000000000000000e+00
cras   = -6.777145385742188e+00 -7.614288330078125e+00 -8.456115722656250e-01
