#Insight Transform File V1.0
#Transform 0
Transform: AffineTransform_float_3_3
Parameters: 1 5.07397e-05 -6.72198e-05 -5.08328e-05 1 -0.000692996 6.71494e-05 0.000693003 1 0.0403935 0.172754 0.306005
FixedParameters: 0 0 0

#Transform 1
Transform: AffineTransform_float_3_3
Parameters: 0.999999 0.000764971 -0.000181294 -0.000765354 0.999999 2.11389e-05 0.000180406 -2.08622e-05 1 0.0160181 0.0683543 -0.0269084
FixedParameters: 0 0 0

#Transform 2
Transform: AffineTransform_float_3_3
Parameters: 0.999999 0.000749803 -0.000439753 -0.000749622 0.999999 0.00020533 0.00044006 -0.00020467 1 0.0135403 0.086312 -0.0474545
FixedParameters: 0 0 0

#Transform 3
Transform: AffineTransform_float_3_3
Parameters: 1 0.000556308 -0.000268533 -0.00055615 1 0.000294149 0.00026886 -0.000293851 1 -0.00192929 0.0961415 -0.0564055
FixedParameters: 0 0 0

#Transform 4
Transform: AffineTransform_float_3_3
Parameters: 0.999999 0.00107249 -0.000664846 -0.00107243 1 5.03536e-05 0.000664953 -4.96468e-05 1 0.0235552 0.100405 -0.133686
FixedParameters: 0 0 0

#Transform 5
Transform: AffineTransform_float_3_3
Parameters: 0.999999 0.000864278 -0.000431044 -0.000864347 0.999999 -7.96272e-05 0.000430905 8.03722e-05 1 0.000609364 0.107471 -0.0990757
FixedParameters: 0 0 0

#Transform 6
Transform: AffineTransform_float_3_3
Parameters: 1 0.000966271 -0.00062048 -0.00096693 0.999999 -0.000531607 0.000619452 0.000531392 1 0.00727309 0.118842 -0.0692339
FixedParameters: 0 0 0

#Transform 7
Transform: AffineTransform_float_3_3
Parameters: 0.999999 0.000648283 -0.000484534 -0.000648318 0.999999 0.000367314 0.000484089 -0.000366686 1 -0.000429687 0.0909578 -0.113961
FixedParameters: 0 0 0

#Transform 8
Transform: AffineTransform_float_3_3
Parameters: 1 0.000475136 -0.000411215 -0.000475355 1 0.000209196 0.000410493 -0.000208805 1 0.00732229 0.0982382 -0.116535
FixedParameters: 0 0 0

#Transform 9
Transform: AffineTransform_float_3_3
Parameters: 0.999999 0.000669378 -0.000493621 -0.000669566 1 0.000206331 0.000492976 -0.00020567 1 0.0192483 0.105278 -0.123753
FixedParameters: 0 0 0

#Transform 10
Transform: AffineTransform_float_3_3
Parameters: 0.999999 0.00066938 -0.00049362 -0.000669565 0.999999 0.000208483 0.000492978 -0.000208517 1 0.00275511 0.097364 -0.109701
FixedParameters: 0 0 0

#Transform 11
Transform: AffineTransform_float_3_3
Parameters: 0.999999 0.000669319 -0.000493702 -0.000669626 1 8.53307e-05 0.000492895 -8.46702e-05 1 0.0192702 0.114862 -0.1551
FixedParameters: 0 0 0

#Transform 12
Transform: AffineTransform_float_3_3
Parameters: 0.999999 0.000669451 -0.000493522 -0.000669493 0.999999 0.000354331 0.000493075 -0.00035367 1 -0.00628453 0.115053 -0.129005
FixedParameters: 0 0 0

#Transform 13
Transform: AffineTransform_float_3_3
Parameters: 0.999999 0.000823493 -0.000406884 -0.000823684 0.999999 0.000246335 0.000406369 -0.000245666 1 0.00798317 0.113692 -0.14661
FixedParameters: 0 0 0

#Transform 14
Transform: AffineTransform_float_3_3
Parameters: 0.999999 0.000616398 -0.000444629 -0.000616114 1 0.000758915 0.000444644 -0.000759086 0.999999 -0.0156456 0.107005 -0.113637
FixedParameters: 0 0 0

#Transform 15
Transform: AffineTransform_float_3_3
Parameters: 0.999999 0.000719306 -0.00071376 -0.000719252 0.999999 3.85135e-05 0.000713815 -3.74867e-05 0.999999 0.0110639 0.111028 -0.156375
FixedParameters: 0 0 0

#Transform 16
Transform: AffineTransform_float_3_3
Parameters: 0.999999 0.00064842 -0.000294651 -0.000648312 1 0.000183191 0.000294888 -0.000182809 1 0.00577335 0.117141 -0.154106
FixedParameters: 0 0 0

#Transform 17
Transform: AffineTransform_float_3_3
Parameters: 1 0.000516228 -0.000424394 -0.000516162 1 7.82192e-05 0.000424474 -7.7781e-05 1 0.00044756 0.127989 -0.0876637
FixedParameters: 0 0 0

#Transform 18
Transform: AffineTransform_float_3_3
Parameters: 1 0.000283778 -0.000124844 -0.000283809 1 -0.000124965 0.000124773 0.000125035 1 -0.000228444 0.138109 -0.0782373
FixedParameters: 0 0 0

#Transform 19
Transform: AffineTransform_float_3_3
Parameters: 1 0.000169714 -0.000147964 -0.00016956 1 0.000520025 0.00014814 -0.000519975 1 0.00138241 0.12183 -0.0994441
FixedParameters: 0 0 0

#Transform 20
Transform: AffineTransform_float_3_3
Parameters: 1 0.000527543 -0.000372328 -0.000527073 0.999999 0.000631196 0.000372993 -0.000630803 0.999999 0.0060147 0.121894 -0.113362
FixedParameters: 0 0 0

#Transform 21
Transform: AffineTransform_float_3_3
Parameters: 0.999999 0.000428632 -0.000681759 -0.000428802 1 -0.000124708 0.000681652 0.000125292 1 -0.0115132 0.13426 -0.0758954
FixedParameters: 0 0 0

#Transform 22
Transform: AffineTransform_float_3_3
Parameters: 1 0.000743152 -0.000786233 -0.000742525 1 0.000647225 0.000786274 -0.000646776 0.999999 0.012066 0.121544 -0.122435
FixedParameters: 0 0 0

#Transform 23
Transform: AffineTransform_float_3_3
Parameters: 1 0.000567132 -0.000237886 -0.000567042 1 0.00101014 0.000238111 -0.00100987 1 -0.00171919 0.103765 -0.131648
FixedParameters: 0 0 0

#Transform 24
Transform: AffineTransform_float_3_3
Parameters: 1 0.000271679 -0.000407225 -0.000271472 0.999999 0.000734263 0.000406704 -0.000734736 1 0.00499391 0.117463 -0.126855
FixedParameters: 0 0 0

#Transform 25
Transform: AffineTransform_float_3_3
Parameters: 1 0.000502307 -0.000390907 -0.000501753 0.999999 0.000707196 0.000391617 -0.000706803 0.999999 0.006062 0.129366 -0.12701
FixedParameters: 0 0 0

#Transform 26
Transform: AffineTransform_float_3_3
Parameters: 1 0.000502219 -0.00039102 -0.000501841 1 0.000483196 0.000391505 -0.000482803 1 -0.00169178 0.128045 -0.0883588
FixedParameters: 0 0 0

#Transform 27
Transform: AffineTransform_float_3_3
Parameters: 0.999999 0.000331605 -0.000793387 -0.000330956 0.999999 0.000408415 0.000793658 -0.000408584 1 0.00978946 0.134904 -0.11623
FixedParameters: 0 0 0

#Transform 28
Transform: AffineTransform_float_3_3
Parameters: 0.999999 0.00026999 -0.000767209 -0.000270143 1 0.000500207 0.000767869 -0.000499793 0.999999 -0.00468945 0.131953 -0.11317
FixedParameters: 0 0 0

#Transform 29
Transform: AffineTransform_float_3_3
Parameters: 0.999999 0.000363548 -0.000781256 -0.000363794 0.999999 -0.000157563 0.000781142 0.000157437 1 -0.0193168 0.144208 -0.0795472
FixedParameters: 0 0 0

#Transform 30
Transform: AffineTransform_float_3_3
Parameters: 1 0.000377624 -0.00100741 -0.000377023 1 0.00029838 0.00100764 -0.00029762 0.999999 0.00259717 0.137814 -0.105797
FixedParameters: 0 0 0

#Transform 31
Transform: AffineTransform_float_3_3
Parameters: 1 0.00036971 -0.000209052 -0.000369686 1 5.70774e-05 0.000209094 -5.69228e-05 1 -0.00877814 0.14223 -0.0706745
FixedParameters: 0 0 0

#Transform 32
Transform: AffineTransform_float_3_3
Parameters: 1 0.000217828 -0.00056176 -0.000217804 1 2.21224e-05 0.00056177 -2.18777e-05 1 -0.0213963 0.140708 -0.0807366
FixedParameters: 0 0 0

#Transform 33
Transform: AffineTransform_float_3_3
Parameters: 0.999999 0.000220294 -0.000712552 -0.000219798 1 0.000348157 0.000712706 -0.000347843 0.999999 -0.00489372 0.133155 -0.0896793
FixedParameters: 0 0 0

#Transform 34
Transform: AffineTransform_float_3_3
Parameters: 0.999999 0.000225726 -0.000699674 -0.000225306 1 0.000300158 0.00069981 -0.000299842 0.999999 -0.0198452 0.131571 -0.0687272
FixedParameters: 0 0 0

#Transform 35
Transform: AffineTransform_float_3_3
Parameters: 1 0.000511974 -0.00108274 -0.000511454 0.999999 0.000420707 0.00108225 -0.000420293 0.999999 -0.00707164 0.127299 -0.100387
FixedParameters: 0 0 0

#Transform 36
Transform: AffineTransform_float_3_3
Parameters: 0.999999 0.000475999 -0.00116671 -0.000475925 0.999999 3.17081e-05 0.00116674 -3.12921e-05 0.999999 -0.0129033 0.140715 -0.0905216
FixedParameters: 0 0 0

#Transform 37
Transform: AffineTransform_float_3_3
Parameters: 1 0.000498039 -0.00111583 -0.000496866 1 0.000525348 0.00111636 -0.000525652 0.999999 -0.0220682 0.120925 -0.0970755
FixedParameters: 0 0 0

#Transform 38
Transform: AffineTransform_float_3_3
Parameters: 0.999999 0.000541118 -0.00133563 -0.000541181 0.999999 -2.27647e-05 0.00133561 2.42349e-05 0.999999 -0.0105111 0.129562 -0.0981787
FixedParameters: 0 0 0

#Transform 39
Transform: AffineTransform_float_3_3
Parameters: 0.999999 0.000398173 -0.00131875 -0.000396188 1 0.000752676 0.00131935 -0.000752323 0.999999 -0.0116214 0.111383 -0.106979
FixedParameters: 0 0 0

#Transform 40
Transform: AffineTransform_float_3_3
Parameters: 0.999999 0.000639713 -0.00117901 -0.000639514 1 0.000640908 0.0011793 -0.000640094 1 -0.0118633 0.112035 -0.100315
FixedParameters: 0 0 0

#Transform 41
Transform: AffineTransform_float_3_3
Parameters: 0.999999 0.000526295 -0.00140722 -0.000526435 1 0.000277894 0.0014079 -0.000277107 0.999999 -0.00282879 0.126574 -0.10477
FixedParameters: 0 0 0

#Transform 42
Transform: AffineTransform_float_3_3
Parameters: 1 0.000376284 -0.00108043 -0.00037532 1 0.000627766 0.00107998 -0.000626234 0.999999 -0.0192109 0.112127 -0.106403
FixedParameters: 0 0 0

#Transform 43
Transform: AffineTransform_float_3_3
Parameters: 0.999998 0.000528326 -0.00153073 -0.000527228 1 0.000358961 0.00153111 -0.000358039 0.999999 -0.00844387 0.117629 -0.0881978
FixedParameters: 0 0 0

#Transform 44
Transform: AffineTransform_float_3_3
Parameters: 0.999999 0.000319508 -0.00144743 -0.000318831 0.999999 0.000551974 0.00144817 -0.000551025 0.999999 -0.0103538 0.121306 -0.139281
FixedParameters: 0 0 0

#Transform 45
Transform: AffineTransform_float_3_3
Parameters: 0.999999 0.000447676 -0.000870037 -0.000447566 1 6.33895e-05 0.000870093 -6.26106e-05 0.999999 -0.016647 0.135726 -0.0858622
FixedParameters: 0 0 0

#Transform 46
Transform: AffineTransform_float_3_3
Parameters: 0.999999 0.000343912 -0.00144963 -0.000343552 1 -9.98952e-06 0.00145054 1.10111e-05 0.999999 -0.0103542 0.138248 -0.10419
FixedParameters: 0 0 0

#Transform 47
Transform: AffineTransform_float_3_3
Parameters: 0.999999 0.00062895 -0.000604455 -0.000628436 0.999999 0.00042538 0.00060499 -0.00042462 0.999999 -0.0187423 0.115858 -0.085822
FixedParameters: 0 0 0

#Transform 48
Transform: AffineTransform_float_3_3
Parameters: 1 0.000245004 -0.00108697 -0.000244819 1 0.000265266 0.00108618 -0.000264734 0.999999 -0.01519 0.120407 -0.0775785
FixedParameters: 0 0 0

#Transform 49
Transform: AffineTransform_float_3_3
Parameters: 0.999999 0.000351563 -0.00133071 -0.000351489 1 0.000520621 0.00133055 -0.000520381 0.999999 -0.00280908 0.11223 -0.0999825
FixedParameters: 0 0 0

#Transform 50
Transform: AffineTransform_float_3_3
Parameters: 1 0.000186598 -0.00116718 -0.00018561 1 0.00081737 0.00116788 -0.000817631 0.999999 -0.0145437 0.117636 -0.0968647
FixedParameters: 0 0 0

#Transform 51
Transform: AffineTransform_float_3_3
Parameters: 0.999999 0.000111313 -0.00134313 -0.000110715 1 0.000222661 0.00134318 -0.000222338 0.999999 -0.012994 0.115244 -0.0920416
FixedParameters: 0 0 0

#Transform 52
Transform: AffineTransform_float_3_3
Parameters: 1 -2.12864e-05 -0.00108035 2.15156e-05 1 0.000532337 0.00108072 -0.000531664 0.999999 -0.016646 0.119774 -0.105634
FixedParameters: 0 0 0

#Transform 53
Transform: AffineTransform_float_3_3
Parameters: 0.999999 -5.40751e-05 -0.000988297 5.39672e-05 1 0.000410947 0.000988643 -0.000411053 0.999999 -0.0160007 0.134933 -0.09185
FixedParameters: 0 0 0

#Transform 54
Transform: AffineTransform_float_3_3
Parameters: 0.999999 -1.22006e-05 -0.000965941 1.13056e-05 1 0.000215142 0.000965406 -0.000215859 0.999999 -0.0180993 0.136086 -0.0918869
FixedParameters: 0 0 0

#Transform 55
Transform: AffineTransform_float_3_3
Parameters: 1 -0.000157451 -0.000976948 0.000158666 0.999999 0.000822205 0.000975768 -0.000821794 0.999999 -0.0187326 0.125266 -0.0981302
FixedParameters: 0 0 0

#Transform 56
Transform: AffineTransform_float_3_3
Parameters: 0.999999 -7.00436e-05 -0.000769731 7.06348e-05 1 0.000383946 0.000769676 -0.000384054 0.999999 -0.0383704 0.135972 -0.0822332
FixedParameters: 0 0 0

#Transform 57
Transform: AffineTransform_float_3_3
Parameters: 0.999999 -0.000182591 -0.000771929 0.000182739 1 0.000692219 0.000772066 -0.000691782 1 -0.0212317 0.130387 -0.0908801
FixedParameters: 0 0 0

#Transform 58
Transform: AffineTransform_float_3_3
Parameters: 1 -3.24496e-05 -0.000496732 3.29125e-05 1 0.000465984 0.000496702 -0.000466016 1 -0.0237078 0.137739 -0.0783862
FixedParameters: 0 0 0

#Transform 59
Transform: AffineTransform_float_3_3
Parameters: 0.999999 -0.000469609 -0.000664395 0.000469228 1 0.000405688 0.000664405 -0.000406312 0.999999 -0.0314035 0.139307 -0.0989202
FixedParameters: 0 0 0

#Transform 60
Transform: AffineTransform_float_3_3
Parameters: 1 -0.000352168 -0.000607746 0.000352679 1 0.000420786 0.000607449 -0.000421214 0.999999 -0.0241257 0.145697 -0.104745
FixedParameters: 0 0 0

#Transform 61
Transform: AffineTransform_float_3_3
Parameters: 1 -6.80544e-05 -0.00102811 6.82066e-05 1 7.39299e-05 0.0010281 -7.407e-05 0.999999 -0.0395689 0.151289 -0.0843088
FixedParameters: 0 0 0

#Transform 62
Transform: AffineTransform_float_3_3
Parameters: 0.999999 0.000133115 -0.000810331 -0.000132753 1 0.00022326 0.000810391 -0.000223739 1 -0.0191157 0.146916 -0.0963981
FixedParameters: 0 0 0

#Transform 63
Transform: AffineTransform_float_3_3
Parameters: 1 4.54743e-05 -0.00108063 -4.52657e-05 1 9.62016e-05 0.00108064 -9.67982e-05 0.999999 -0.0355486 0.149685 -0.0812789
FixedParameters: 0 0 0

#Transform 64
Transform: AffineTransform_float_3_3
Parameters: 0.999999 -0.000314667 -0.000664913 0.000314018 1 0.000203791 0.000665175 -0.000204209 1 -0.0210554 0.150617 -0.0832068
FixedParameters: 0 0 0

#Transform 65
Transform: AffineTransform_float_3_3
Parameters: 1 -0.000116431 -0.000996664 0.000116563 1 0.000262244 0.000995682 -0.000261757 1 -0.0120497 0.143134 -0.0801984
FixedParameters: 0 0 0

#Transform 66
Transform: AffineTransform_float_3_3
Parameters: 0.999999 -0.000451594 -0.000795844 0.00045114 1 0.000292641 0.00079597 -0.000293359 0.999999 -0.0308024 0.150647 -0.0919813
FixedParameters: 0 0 0

#Transform 67
Transform: AffineTransform_float_3_3
Parameters: 0.999999 -0.000204865 -0.000718035 0.000204826 1 -2.71471e-05 0.000718046 2.68529e-05 0.999999 -0.0227136 0.146208 -0.0696395
FixedParameters: 0 0 0

#Transform 68
Transform: AffineTransform_float_3_3
Parameters: 0.999999 -0.000284166 -0.000953776 0.000284348 1 9.47288e-05 0.000953722 -9.5271e-05 0.999999 -0.00942712 0.144447 -0.0772674
FixedParameters: 0 0 0

#Transform 69
Transform: AffineTransform_float_3_3
Parameters: 0.999999 -0.00049475 -0.000751458 0.000495087 1 0.000223628 0.000751237 -0.000224372 0.999999 -0.0113293 0.133619 -0.0759115
FixedParameters: 0 0 0

#Transform 70
Transform: AffineTransform_float_3_3
Parameters: 1 -0.000123111 -0.000663657 0.000123086 1 -1.90817e-05 0.000663661 1.89183e-05 1 -0.0305042 0.125071 -0.0691685
FixedParameters: 0 0 0

#Transform 71
Transform: AffineTransform_float_3_3
Parameters: 1 -0.000104996 -0.00102992 0.000105443 1 -0.000230109 0.00102958 0.000229892 0.999999 -0.0164524 0.14207 -0.0901587
FixedParameters: 0 0 0

#Transform 72
Transform: AffineTransform_float_3_3
Parameters: 1 -1.46625e-05 -0.00112693 1.42928e-05 1 -0.000163657 0.00112693 0.000164343 1 -0.00145632 0.138932 -0.0712897
FixedParameters: 0 0 0

#Transform 73
Transform: AffineTransform_float_3_3
Parameters: 1 8.89375e-06 -0.0010717 -9.03949e-06 1 -6.79903e-05 0.0010717 6.80095e-05 0.999999 -0.0250521 0.129055 -0.0665449
FixedParameters: 0 0 0

#Transform 74
Transform: AffineTransform_float_3_3
Parameters: 0.999999 9.84588e-05 -0.00136275 -9.82312e-05 1 8.36464e-05 0.00136277 -8.33536e-05 0.999999 0.00815958 0.145731 -0.0894292
FixedParameters: 0 0 0

#Transform 75
Transform: AffineTransform_float_3_3
Parameters: 0.999999 -9.52687e-05 -0.000785165 9.54618e-05 1 0.000122925 0.000785142 -0.000123075 0.999999 -0.0095527 0.132702 -0.0659608
FixedParameters: 0 0 0

#Transform 76
Transform: AffineTransform_float_3_3
Parameters: 0.999999 2.68382e-06 -0.000753957 -2.54282e-06 1 9.31546e-05 0.000753957 -9.38453e-05 1 -0.00333242 0.136886 -0.0847693
FixedParameters: 0 0 0

#Transform 77
Transform: AffineTransform_float_3_3
Parameters: 0.999999 0.000159032 -0.000825756 -0.000158941 1 5.5284e-05 0.000825774 -5.57161e-05 1 -0.0102571 0.134822 -0.0754333
FixedParameters: 0 0 0

#Transform 78
Transform: AffineTransform_float_3_3
Parameters: 0.999999 0.00025723 -0.000691504 -0.000257298 1 -4.8822e-05 0.000691478 4.91778e-05 1 -0.0027214 0.149845 -0.0806652
FixedParameters: 0 0 0

#Transform 79
Transform: AffineTransform_float_3_3
Parameters: 1 0.000231909 -0.00120207 -0.000231534 1 0.000156638 0.00120214 -0.000155362 0.999999 0.0031189 0.139509 -0.0956072
FixedParameters: 0 0 0

#Transform 80
Transform: AffineTransform_float_3_3
Parameters: 1 -8.66339e-05 -0.000667202 8.65311e-05 1 -7.70577e-05 0.000667216 7.69422e-05 1 -0.0226715 0.158884 -0.0812941
FixedParameters: 0 0 0

#Transform 81
Transform: AffineTransform_float_3_3
Parameters: 1 -8.59287e-05 -0.00119101 8.64945e-05 1 0.00023741 0.00119097 -0.00023759 1 0.00126942 0.141268 -0.0951901
FixedParameters: 0 0 0

#Transform 82
Transform: AffineTransform_float_3_3
Parameters: 1 -0.000274836 -0.00111091 0.000274994 1 7.12069e-05 0.00111087 -7.1793e-05 1 -0.000720684 0.139974 -0.0863431
FixedParameters: 0 0 0

#Transform 83
Transform: AffineTransform_float_3_3
Parameters: 0.999999 -0.000187331 -0.000904711 0.00018706 1 6.58308e-05 0.000903766 -6.61693e-05 0.999999 -0.0160482 0.143623 -0.077512
FixedParameters: 0 0 0

#Transform 84
Transform: AffineTransform_float_3_3
Parameters: 0.999999 5.66476e-05 -0.000915932 -5.65853e-05 1 3.40519e-05 0.000915935 -3.39482e-05 0.999999 -0.00126967 0.153799 -0.0906456
FixedParameters: 0 0 0

#Transform 85
Transform: AffineTransform_float_3_3
Parameters: 1 2.17767e-05 -0.00106823 -2.08174e-05 1 0.000449382 0.00106825 -0.000448617 1 0.000386461 0.135558 -0.100151
FixedParameters: 0 0 0

#Transform 86
Transform: AffineTransform_float_3_3
Parameters: 0.999999 -0.000195659 -0.000939237 0.000195428 1 -0.000123184 0.000939285 0.000122816 0.999999 -0.0177703 0.144966 -0.0810762
FixedParameters: 0 0 0

#Transform 87
Transform: AffineTransform_float_3_3
Parameters: 0.999999 -0.000560919 -0.00120133 0.000561047 1 5.26857e-05 0.00120127 -5.33141e-05 0.999999 -0.00801878 0.143827 -0.0890822
FixedParameters: 0 0 0

#Transform 88
Transform: AffineTransform_float_3_3
Parameters: 1 -0.000236992 -0.000581635 0.000237197 1 0.000175862 0.000581552 -0.000176138 1 -0.00688653 0.144117 -0.0699985
FixedParameters: 0 0 0

#Transform 89
Transform: AffineTransform_float_3_3
Parameters: 0.999999 -0.000599546 -0.000703702 0.000599663 1 8.25779e-05 0.000703602 -8.34218e-05 0.999999 -0.00742814 0.139863 -0.0751298
FixedParameters: 0 0 0

#Transform 90
Transform: AffineTransform_float_3_3
Parameters: 0.999999 -0.000268856 -0.00135127 0.000269856 1 0.000369995 0.00135107 -0.000370004 0.999999 0.00197931 0.142702 -0.0895622
FixedParameters: 0 0 0

#Transform 91
Transform: AffineTransform_float_3_3
Parameters: 0.999999 -0.000320302 -0.000652749 0.00032068 1 0.000288791 0.000652564 -0.000289209 0.999999 -0.00652421 0.144771 -0.0709798
FixedParameters: 0 0 0

#Transform 92
Transform: AffineTransform_float_3_3
Parameters: 1 -0.00046688 -0.000997911 0.000467151 1 0.000135894 0.000997784 -0.000136106 1 -0.01423 0.133938 -0.0750665
FixedParameters: 0 0 0

#Transform 93
Transform: AffineTransform_float_3_3
Parameters: 0.999999 -0.000279086 -0.00091138 0.00027856 1 0.000215746 0.000911651 -0.000216254 0.999999 -0.00316175 0.139243 -0.0759372
FixedParameters: 0 0 0

#Transform 94
Transform: AffineTransform_float_3_3
Parameters: 1 -0.000456606 -0.00101205 0.000455923 1 0.000116898 0.00101233 -0.000117103 1 -0.00295627 0.134868 -0.0646216
FixedParameters: 0 0 0

#Transform 95
Transform: AffineTransform_float_3_3
Parameters: 0.999999 -0.000369422 -0.000933898 0.000369139 0.999999 -0.000152192 0.00093401 0.000150808 0.999999 -0.00338542 0.142444 -0.0723832
FixedParameters: 0 0 0

#Transform 96
Transform: AffineTransform_float_3_3
Parameters: 0.999999 -0.000643496 -0.000536308 0.000643799 1 0.000282655 0.000535943 -0.000283345 1 -0.00960015 0.149778 -0.0738693
FixedParameters: 0 0 0

#Transform 97
Transform: AffineTransform_float_3_3
Parameters: 1 -0.00095409 -0.000628335 0.000954441 1 0.000279607 0.000627801 -0.000279392 1 -0.0180567 0.14011 -0.0706337
FixedParameters: 0 0 0

#Transform 98
Transform: AffineTransform_float_3_3
Parameters: 0.999999 -0.000417665 -0.00122195 0.000417644 1 -8.99804e-06 0.00122195 8.00202e-06 1 -0.000367097 0.156272 -0.0693283
FixedParameters: 0 0 0

#Transform 99
Transform: AffineTransform_float_3_3
Parameters: 1 -0.000776787 -0.000840418 0.000776399 0.999999 0.000316707 0.000840316 -0.000317293 1 -0.00137874 0.143442 -0.0710496
FixedParameters: 0 0 0

#Transform 100
Transform: AffineTransform_float_3_3
Parameters: 1 -0.00101943 -0.000664762 0.00102029 0.999999 0.000350682 0.000664966 -0.000351318 1 -0.0101396 0.129405 -0.0636939
FixedParameters: 0 0 0

#Transform 101
Transform: AffineTransform_float_3_3
Parameters: 1 -0.00091206 -0.000734153 0.000912879 0.999999 0.00029169 0.000734541 -0.00029231 1 0.00632977 0.145867 -0.0743432
FixedParameters: 0 0 0

#Transform 102
Transform: AffineTransform_float_3_3
Parameters: 1 -0.000838806 -0.000679458 0.000838791 0.999999 0.00037779 0.000680135 -0.000378211 1 -0.00885773 0.138826 -0.0680165
FixedParameters: 0 0 0

#Transform 103
Transform: AffineTransform_float_3_3
Parameters: 0.999999 -0.00109268 -0.000696725 0.00109361 0.999999 0.000386445 0.000696801 -0.000386555 1 -0.010123 0.122427 -0.060638
FixedParameters: 0 0 0

#Transform 104
Transform: AffineTransform_float_3_3
Parameters: 1 -0.000878926 -0.000848146 0.000879442 1 0.000304461 0.000847611 -0.000304538 1 -0.000865085 0.136798 -0.0712097
FixedParameters: 0 0 0

#Transform 105
Transform: AffineTransform_float_3_3
Parameters: 0.999999 -0.00100874 -0.000695167 0.00100884 0.999999 7.51458e-05 0.000695015 -7.58536e-05 0.999999 0.0084268 0.150416 -0.0747158
FixedParameters: 0 0 0

#Transform 106
Transform: AffineTransform_float_3_3
Parameters: 0.999999 -0.0012489 -0.000421712 0.00124944 0.999999 0.00017632 0.000422192 -0.00017668 0.999999 -0.0142011 0.134704 -0.0653144
FixedParameters: 0 0 0

#Transform 107
Transform: AffineTransform_float_3_3
Parameters: 1 -0.0010568 -0.000404492 0.00105746 0.999999 0.000323419 0.000404729 -0.00032358 0.999999 0.00307096 0.147452 -0.083151
FixedParameters: 0 0 0

#Transform 108
Transform: AffineTransform_float_3_3
Parameters: 0.999999 -0.00114967 -0.000623713 0.00115019 0.999999 0.00041949 0.000622748 -0.000419509 1 0.00505119 0.148463 -0.0889302
FixedParameters: 0 0 0

#Transform 109
Transform: AffineTransform_float_3_3
Parameters: 0.999999 -0.00117092 -0.000363728 0.00117157 0.999999 0.000352421 0.000363823 -0.000352578 0.999999 0.00191477 0.134729 -0.0684429
FixedParameters: 0 0 0

#Transform 110
Transform: AffineTransform_float_3_3
Parameters: 1 -0.000913542 -0.000489071 0.000913755 0.999999 0.000217553 0.000488673 -0.000218446 1 0.00481841 0.152371 -0.0755142
FixedParameters: 0 0 0

#Transform 111
Transform: AffineTransform_float_3_3
Parameters: 1 -0.00114347 -0.000401422 0.00114374 0.999999 0.000336541 0.000400651 -0.000337458 1 0.0024752 0.151756 -0.0756166
FixedParameters: 0 0 0

#Transform 112
Transform: AffineTransform_float_3_3
Parameters: 0.999999 -0.00102193 -0.000288896 0.00102117 0.999999 0.000279705 0.000288715 -0.000280295 1 0.00185147 0.145817 -0.075914
FixedParameters: 0 0 0

#Transform 113
Transform: AffineTransform_float_3_3
Parameters: 1 -0.000884285 -0.000568916 0.000884155 0.999999 0.000350344 0.000569607 -0.000350656 0.999999 0.00596377 0.149446 -0.082818
FixedParameters: 0 0 0

#Transform 114
Transform: AffineTransform_float_3_3
Parameters: 0.999999 -0.00119566 -0.000362866 0.00119582 1 0.000211054 0.00036236 -0.000211946 1 0.00178017 0.137566 -0.065366
FixedParameters: 0 0 0

#Transform 115
Transform: AffineTransform_float_3_3
Parameters: 1 -0.00103819 -0.000631671 0.00103839 0.999999 0.000155191 0.000631348 -0.000155808 0.999999 0.00579661 0.136694 -0.0730311
FixedParameters: 0 0 0

#Transform 116
Transform: AffineTransform_float_3_3
Parameters: 0.999999 -0.000913496 -0.000338275 0.000913796 0.999999 0.000444538 0.000337462 -0.000444461 0.999999 0.00298006 0.141955 -0.0742175
FixedParameters: 0 0 0

#Transform 117
Transform: AffineTransform_float_3_3
Parameters: 0.999999 -0.0012851 -0.000571765 0.00128562 0.999999 0.000457113 0.000570589 -0.000457887 1 -0.00967148 0.129329 -0.0633408
FixedParameters: 0 0 0

#Transform 118
Transform: AffineTransform_float_3_3
Parameters: 0.999999 -0.00109146 -0.000598073 0.00109145 0.999999 -5.65296e-06 0.000598084 4.34741e-06 1 0.00504769 0.154449 -0.0651195
FixedParameters: 0 0 0

#Transform 119
Transform: AffineTransform_float_3_3
Parameters: 0.999999 -0.00132 -0.000464775 0.00132092 0.999999 0.000571874 0.000464183 -0.000573125 0.999999 0.00218313 0.138935 -0.0661877
FixedParameters: 0 0 0

#Transform 120
Transform: AffineTransform_float_3_3
Parameters: 0.999999 -0.00149404 -0.000370129 0.00149471 0.999999 0.000383295 0.000369904 -0.000383706 1 -0.00441921 0.133121 -0.0594864
FixedParameters: 0 0 0

#Transform 121
Transform: AffineTransform_float_3_3
Parameters: 0.999999 -0.00116196 -0.000644352 0.00116218 0.999999 0.000173458 0.000643949 -0.000173541 1 0.00521959 0.16078 -0.0770555
FixedParameters: 0 0 0

#Transform 122
Transform: AffineTransform_float_3_3
Parameters: 0.999999 -0.00101696 -0.00095919 0.00101835 0.999999 0.00052523 0.000959041 -0.000525769 0.999999 0.00971776 0.132746 -0.0758419
FixedParameters: 0 0 0

#Transform 123
Transform: AffineTransform_float_3_3
Parameters: 0.999999 -0.00122527 -0.000368895 0.00122591 1 0.000328035 0.000369011 -0.000328965 1 -0.00337379 0.129515 -0.0584515
FixedParameters: 0 0 0

#Transform 124
Transform: AffineTransform_float_3_3
Parameters: 0.999999 -0.00113825 -0.000542595 0.00113853 0.999999 0.000254229 0.000542015 -0.000254769 0.999999 0.00415111 0.137204 -0.0717671
FixedParameters: 0 0 0

#Transform 125
Transform: AffineTransform_float_3_3
Parameters: 0.999999 -0.00138295 -0.000454334 0.00138343 0.999999 0.000529219 0.00045287 -0.00052978 1 0.00483822 0.134009 -0.0649257
FixedParameters: 0 0 0

#Transform 126
Transform: AffineTransform_float_3_3
Parameters: 0.999998 -0.00139114 -0.000807657 0.00139117 0.999999 1.60832e-05 0.000807611 -1.69163e-05 1 0.005806 0.130554 -0.0367274
FixedParameters: 0 0 0

#Transform 127
Transform: AffineTransform_float_3_3
Parameters: 0.999999 -0.00133558 -0.000567653 0.00133601 0.999999 0.000376089 0.000566647 -0.00037691 1 0.0126263 0.15721 -0.0637541
FixedParameters: 0 0 0

#Transform 128
Transform: AffineTransform_float_3_3
Parameters: 0.999999 -0.0017132 -0.000305286 0.00171377 0.999999 0.000287172 0.000305223 -0.000286828 1 -0.00175104 0.148943 -0.0542922
FixedParameters: 0 0 0

#Transform 129
Transform: AffineTransform_float_3_3
Parameters: 0.999998 -0.00161413 -0.000506905 0.00161436 0.999999 0.000230876 0.000506159 -0.000231122 1 0.0140652 0.142197 -0.0754068
FixedParameters: 0 0 0

#Transform 130
Transform: AffineTransform_float_3_3
Parameters: 0.999999 -0.00171211 -0.000739885 0.00171277 0.999998 0.000808581 0.000738424 -0.000810418 0.999999 0.00333265 0.145699 -0.0574011
FixedParameters: 0 0 0

#Transform 131
Transform: AffineTransform_float_3_3
Parameters: 0.999998 -0.00181222 -0.000975099 0.00181272 0.999998 0.000523928 0.000974507 -0.000526072 0.999999 0.0098469 0.136459 -0.0557274
FixedParameters: 0 0 0

#Transform 132
Transform: AffineTransform_float_3_3
Parameters: 0.999998 -0.00171792 -0.000753793 0.00171869 0.999998 0.0008644 0.000752131 -0.000865598 0.999999 0.0123077 0.13539 -0.0629512
FixedParameters: 0 0 0

#Transform 133
Transform: AffineTransform_float_3_3
Parameters: 0.999996 -0.00224913 -0.00161297 0.00224983 0.999997 0.000378634 0.00161256 -0.000382367 0.999999 0.0106295 0.126861 -0.028481
FixedParameters: 0 0 0

#Transform 134
Transform: AffineTransform_float_3_3
Parameters: 0.999999 -0.00169541 -0.000700111 0.00169548 0.999998 0.000703508 0.000698115 -0.00070449 0.999999 0.00978741 0.157564 -0.0716634
FixedParameters: 0 0 0

#Transform 135
Transform: AffineTransform_float_3_3
Parameters: 0.999998 -0.00179226 -0.000653023 0.00179303 0.999998 0.000287524 0.000652911 -0.000288476 1 0.00183877 0.159095 -0.0696758
FixedParameters: 0 0 0

#Transform 136
Transform: AffineTransform_float_3_3
Parameters: 0.999998 -0.00162318 -0.000541114 0.00162345 0.999999 0.000252816 0.000540293 -0.000253183 1 -0.0104998 0.146621 -0.0495328
FixedParameters: 0 0 0

#Transform 137
Transform: AffineTransform_float_3_3
Parameters: 0.999998 -0.00165313 -0.000434961 0.00165241 0.999999 0.000230976 0.000434589 -0.000231024 1 0.000150328 0.144861 -0.0732622
FixedParameters: 0 0 0

#Transform 138
Transform: AffineTransform_float_3_3
Parameters: 0.999998 -0.00218586 -0.000828379 0.00218553 0.999997 0.000359732 0.000827193 -0.000361266 0.999999 0.00189885 0.148439 -0.0545298
FixedParameters: 0 0 0

#Transform 139
Transform: AffineTransform_float_3_3
Parameters: 0.999999 -0.00169231 -0.000490746 0.00169228 0.999999 -2.21362e-05 0.000490821 2.18644e-05 1 0.00424174 0.146109 -0.0461291
FixedParameters: 0 0 0

#Transform 140
Transform: AffineTransform_float_3_3
Parameters: 0.999999 -0.00165022 -0.00068174 0.00165059 0.999999 0.00026857 0.000680852 -0.000269429 1 0.0165086 0.15231 -0.0566579
FixedParameters: 0 0 0

#Transform 141
Transform: AffineTransform_float_3_3
Parameters: 0.999998 -0.00209229 -0.000780551 0.0020927 0.999997 1.40608e-05 0.000781409 -1.59399e-05 1 -0.000308563 0.152553 -0.0345251
FixedParameters: 0 0 0

#Transform 142
Transform: AffineTransform_float_3_3
Parameters: 0.999998 -0.00201053 -0.000588512 0.00201075 0.999998 0.000187511 0.000587756 -0.000188487 1 0.0170997 0.138268 -0.045899
FixedParameters: 0 0 0

#Transform 143
Transform: AffineTransform_float_3_3
Parameters: 0.999998 -0.00199959 -0.00056273 0.00200019 0.999998 0.000184569 0.000562911 -0.000185431 1 0.0168491 0.162746 -0.0585245
FixedParameters: 0 0 0

#Transform 144
Transform: AffineTransform_float_3_3
Parameters: 0.999997 -0.0020783 -0.000749189 0.00207841 0.999997 0.000426138 0.000748725 -0.000427862 1 0.018619 0.143179 -0.0527558
FixedParameters: 0 0 0

#Transform 145
Transform: AffineTransform_float_3_3
Parameters: 0.999997 -0.00205726 -0.000697316 0.00205701 0.999997 -0.00017474 0.000698032 0.000173259 1 0.014973 0.157997 -0.0540679
FixedParameters: 0 0 0

#Transform 146
Transform: AffineTransform_float_3_3
Parameters: 0.999998 -0.00199327 -0.000548288 0.00199402 0.999998 0.000328602 0.000547897 -0.000329398 1 0.0140917 0.155637 -0.063428
FixedParameters: 0 0 0

#Transform 147
Transform: AffineTransform_float_3_3
Parameters: 0.999998 -0.00196087 -0.000471848 0.00196155 0.999998 0.000314769 0.000471533 -0.00031523 1 0.00810394 0.154484 -0.0521731
FixedParameters: 0 0 0

#Transform 148
Transform: AffineTransform_float_3_3
Parameters: 0.999998 -0.00199909 -0.00055989 0.00199927 0.999998 -0.000315426 0.000559838 0.000314576 1 0.0039159 0.156164 -0.0479389
FixedParameters: 0 0 0

#Transform 149
Transform: AffineTransform_float_3_3
Parameters: 0.999998 -0.00196327 -0.00047714 0.00196384 0.999998 0.000196758 0.000477287 -0.000197242 1 0.00830347 0.151408 -0.0548591
FixedParameters: 0 0 0

#Transform 150
Transform: AffineTransform_float_3_3
Parameters: 0.999999 -0.00167699 -0.000789218 0.00167756 0.999998 -0.000219477 0.00078956 0.000217524 1 0.00532323 0.162247 -0.0506974
FixedParameters: 0 0 0

#Transform 151
Transform: AffineTransform_float_3_3
Parameters: 0.999997 -0.00207926 -0.000752543 0.0020798 0.999998 0.000710771 0.000750893 -0.000713228 0.999999 -0.000169482 0.153809 -0.0434294
FixedParameters: 0 0 0

#Transform 152
Transform: AffineTransform_float_3_3
Parameters: 0.999998 -0.00191949 -0.000742002 0.00191951 0.999998 1.42701e-05 0.000741944 -1.57292e-05 1 0.00325556 0.163722 -0.0493855
FixedParameters: 0 0 0

#Transform 153
Transform: AffineTransform_float_3_3
Parameters: 0.999998 -0.00187978 -0.000527253 0.00187983 0.999998 0.000543704 0.000526519 -0.000544296 1 0.00779874 0.161161 -0.0618684
FixedParameters: 0 0 0

#Transform 154
Transform: AffineTransform_float_3_3
Parameters: 0.999998 -0.00196133 -0.000472465 0.00196187 0.999998 0.000159768 0.000472758 -0.000160233 1 -0.00313674 0.173035 -0.0638757
FixedParameters: 0 0 0

#Transform 155
Transform: AffineTransform_float_3_3
Parameters: 0.999998 -0.00197773 -0.000511164 0.0019783 0.999998 0.000177683 0.000511381 -0.000178317 1 0.0040115 0.171494 -0.0766141
FixedParameters: 0 0 0

#Transform 156
Transform: AffineTransform_float_3_3
Parameters: 0.999997 -0.00214326 -0.00103919 0.00214408 0.999997 0.000648675 0.00103772 -0.000650324 0.999999 0.00497888 0.16157 -0.0673237
FixedParameters: 0 0 0

#Transform 157
Transform: AffineTransform_float_3_3
Parameters: 0.999997 -0.00232933 -0.000897983 0.00232954 0.999997 0.000410451 0.000897377 -0.000412549 1 0.00197736 0.17307 -0.0544774
FixedParameters: 0 0 0

#Transform 158
Transform: AffineTransform_float_3_3
Parameters: 0.999998 -0.00189275 -0.000800606 0.00189372 0.999998 0.000362179 0.000800152 -0.00036382 1 0.00952978 0.174011 -0.0651659
FixedParameters: 0 0 0

#Transform 159
Transform: AffineTransform_float_3_3
Parameters: 0.999997 -0.00202991 -0.000889532 0.00203051 0.999997 0.000635889 0.000888257 -0.000638109 0.999999 0.000258754 0.169794 -0.0484174
FixedParameters: 0 0 0

#Transform 160
Transform: AffineTransform_float_3_3
Parameters: 0.999997 -0.00225367 -0.00101519 0.00225443 0.999998 0.000635255 0.00101363 -0.000637744 0.999999 0.000932003 0.167315 -0.0625343
FixedParameters: 0 0 0

#Transform 161
Transform: AffineTransform_float_3_3
Parameters: 0.999997 -0.00209566 -0.00107013 0.0020964 0.999997 0.000591659 0.00106895 -0.00059334 0.999999 0.00615429 0.170562 -0.0524439
FixedParameters: 0 0 0

#Transform 162
Transform: AffineTransform_float_3_3
Parameters: 0.999997 -0.00219215 -0.00119349 0.00219339 0.999997 0.000740285 0.00119155 -0.000742712 0.999999 -0.0123903 0.147235 -0.0504872
FixedParameters: 0 0 0

#Transform 163
Transform: AffineTransform_float_3_3
Parameters: 0.999998 -0.00189052 -0.00116997 0.00189116 0.999998 0.000499843 0.00116938 -0.000502157 1 0.0048561 0.15298 -0.0573447
FixedParameters: 0 0 0

#Transform 164
Transform: AffineTransform_float_3_3
Parameters: 0.999998 -0.00202726 -0.00100524 0.00202777 0.999998 0.000975506 0.00100298 -0.000977494 0.999999 0.00211559 0.161216 -0.0586538
FixedParameters: 0 0 0

#Transform 165
Transform: AffineTransform_float_3_3
Parameters: 0.999997 -0.00226362 -0.000920871 0.0022643 0.999998 0.000656459 0.000919205 -0.000658541 1 -0.00286049 0.145588 -0.0550144
FixedParameters: 0 0 0

#Transform 166
Transform: AffineTransform_float_3_3
Parameters: 0.999996 -0.00124645 -0.00246073 0.0012484 0.999998 0.000769369 0.00245959 -0.00077263 0.999997 0.0939792 0.165507 -0.143891
FixedParameters: 0 0 0

#Transform 167
Transform: AffineTransform_float_3_3
Parameters: 0.999998 -0.00157622 -0.00126623 0.00157649 0.999999 0.000470059 0.00126514 -0.000471941 0.999999 0.0110222 0.180663 -0.0887412
FixedParameters: 0 0 0

#Transform 168
Transform: AffineTransform_float_3_3
Parameters: 0.999997 -0.00194267 -0.000988267 0.00194322 0.999998 0.000545135 0.000987457 -0.000546865 1 -0.00146367 0.179438 -0.0595407
FixedParameters: 0 0 0

#Transform 169
Transform: AffineTransform_float_3_3
Parameters: 0.999997 -0.00202698 -0.000744098 0.00202735 0.999997 0.000604187 0.000742957 -0.000605812 0.999999 0.0113497 0.171117 -0.0966914
FixedParameters: 0 0 0

#Transform 170
Transform: AffineTransform_float_3_3
Parameters: 0.999998 -0.00202413 -0.000464283 0.00202427 0.999998 0.000156755 0.000463647 -0.000157244 1 -0.00118697 0.170606 -0.0665461
FixedParameters: 0 0 0

#Transform 171
Transform: AffineTransform_float_3_3
Parameters: 0.999998 -0.00158047 -0.0010261 0.00158061 0.999999 6.70727e-05 0.00102589 -6.89266e-05 0.999999 0.0109 0.187183 -0.085208
FixedParameters: 0 0 0

#Transform 172
Transform: AffineTransform_float_3_3
Parameters: 0.999996 -0.00250336 -0.000685988 0.0025027 0.999997 -0.000198536 0.000686057 0.000196466 1 -0.00609945 0.189978 -0.0810676
FixedParameters: 0 0 0

#Transform 173
Transform: AffineTransform_float_3_3
Parameters: 0.999997 -0.00238058 -0.000513942 0.00237981 0.999997 -0.000375042 0.000514804 0.000373958 1 -0.00650551 0.163816 -0.0583703
FixedParameters: 0 0 0

#Transform 174
Transform: AffineTransform_float_3_3
Parameters: 0.999998 -0.00203428 -0.000831639 0.00203469 0.999998 0.00024685 0.000830632 -0.000248148 0.999999 0.0264742 0.17947 -0.0894202
FixedParameters: 0 0 0

#Transform 175
Transform: AffineTransform_float_3_3
Parameters: 0.999997 -0.0021137 -0.000472764 0.00211374 0.999998 4.01827e-05 0.000472593 -4.08163e-05 1 0.00102885 0.166954 -0.0652692
FixedParameters: 0 0 0

#Transform 176
Transform: AffineTransform_float_3_3
Parameters: 0.999997 -0.00203679 -0.000644141 0.00203753 0.999998 -0.000139618 0.000644317 0.000138383 1 0.00810435 0.176727 -0.0695917
FixedParameters: 0 0 0

#Transform 177
Transform: AffineTransform_float_3_3
Parameters: 0.999997 -0.00235536 -0.000491944 0.00235543 0.999997 7.40234e-05 0.000491593 -7.49753e-05 1 0.00462791 0.175586 -0.0705552
FixedParameters: 0 0 0

#Transform 178
Transform: AffineTransform_float_3_3
Parameters: 0.999997 -0.00238945 -0.000664202 0.00238947 0.999997 1.65948e-05 0.000664119 -1.84042e-05 1 -0.00795399 0.176729 -0.070855
FixedParameters: 0 0 0

#Transform 179
Transform: AffineTransform_float_3_3
Parameters: 0.999997 -0.00228363 -0.00073341 0.00228275 0.999997 -0.000335341 0.000734015 0.00033266 1 0.0141524 0.179832 -0.0701955
FixedParameters: 0 0 0
