#Insight Transform File V1.0
#Transform 0
Transform: AffineTransform_float_3_3
Parameters: 1 0.000142703 0.000295763 -0.000143073 1 0.000625957 -0.000295584 -0.000626042 1 0.0445595 -0.193308 -0.313967
FixedParameters: 0 0 0

#Transform 1
Transform: AffineTransform_float_3_3
Parameters: 0.999999 0.000590272 -0.000449476 -0.000590406 1 -0.000148734 0.0004493 0.000149265 1 0.0183497 0.103579 -0.0515314
FixedParameters: 0 0 0

#Transform 2
Transform: AffineTransform_float_3_3
Parameters: 1 0.000391315 0.000306101 -0.000390463 0.999999 -0.00138812 -0.000307186 0.00138788 0.999999 0.0461619 0.168187 -0.115783
FixedParameters: 0 0 0

#Transform 3
Transform: AffineTransform_float_3_3
Parameters: 1 0.000401424 0.000330121 -0.000400283 1 -0.00113713 -0.000330112 0.00113687 1 0.0339512 0.17788 -0.11659
FixedParameters: 0 0 0

#Transform 4
Transform: AffineTransform_float_3_3
Parameters: 1 0.00045462 0.000455335 -0.000453756 0.999999 -0.000947847 -0.000456196 0.000948152 1 0.0212814 0.164672 -0.100043
FixedParameters: 0 0 0

#Transform 5
Transform: AffineTransform_float_3_3
Parameters: 1 0.00107278 0.000114799 -0.00107172 0.999999 -0.00122828 -0.000115593 0.00122872 0.999999 0.00984516 0.182632 -0.119731
FixedParameters: 0 0 0

#Transform 6
Transform: AffineTransform_float_3_3
Parameters: 1 0.000969777 0.000618575 -0.000969019 0.999999 -0.00104075 -0.000619281 0.00104025 0.999999 0.0295317 0.17476 -0.119974
FixedParameters: 0 0 0

#Transform 7
Transform: AffineTransform_float_3_3
Parameters: 1 0.000775768 0.000742484 -0.000774814 0.999999 -0.000999576 -0.000742722 0.000998425 0.999999 0.0201044 0.188846 -0.111859
FixedParameters: 0 0 0

#Transform 8
Transform: AffineTransform_float_3_3
Parameters: 0.999999 0.000406615 0.000580105 -0.000406488 0.999999 -0.000902876 -0.000580449 0.000903124 1 0.0402296 0.180463 -0.114544
FixedParameters: 0 0 0

#Transform 9
Transform: AffineTransform_float_3_3
Parameters: 0.999999 0.000653843 0.000537933 -0.000653401 0.999999 -0.000903145 -0.000537803 0.000903855 0.999999 0.0290203 0.178838 -0.104319
FixedParameters: 0 0 0

#Transform 10
Transform: AffineTransform_float_3_3
Parameters: 0.999999 0.0007903 0.000432016 -0.000790007 0.999999 -0.000952342 -0.00043221 0.000951659 1 0.0234447 0.168327 -0.109962
FixedParameters: 0 0 0

#Transform 11
Transform: AffineTransform_float_3_3
Parameters: 0.999999 0.000700117 0.000576031 -0.00069956 0.999999 -0.000483403 -0.000576707 0.000482596 0.999999 0.0277845 0.170569 -0.0917297
FixedParameters: 0 0 0

#Transform 12
Transform: AffineTransform_float_3_3
Parameters: 1 0.000390996 0.000544469 -0.000390709 1 -0.000264213 -0.000544675 0.000263787 1 0.0409466 0.195307 -0.0990216
FixedParameters: 0 0 0

#Transform 13
Transform: AffineTransform_float_3_3
Parameters: 0.999999 0.000677881 0.000438569 -0.000677585 1 -0.000942298 -0.000438534 0.000941704 1 0.0304148 0.202528 -0.114809
FixedParameters: 0 0 0

#Transform 14
Transform: AffineTransform_float_3_3
Parameters: 1 0.000591616 0.00101546 -0.000591119 0.999999 -0.000698241 -0.00101589 0.000697759 0.999999 0.0336763 0.199671 -0.109425
FixedParameters: 0 0 0

#Transform 15
Transform: AffineTransform_float_3_3
Parameters: 1 0.000530945 0.000872828 -0.000530663 0.999999 -0.000689104 -0.000873169 0.000688896 1 0.0343445 0.182928 -0.112594
FixedParameters: 0 0 0

#Transform 16
Transform: AffineTransform_float_3_3
Parameters: 1 0.000591607 0.00101546 -0.000591128 0.999999 -0.000689241 -0.00101589 0.000688759 0.999999 0.03141 0.171558 -0.0973576
FixedParameters: 0 0 0

#Transform 17
Transform: AffineTransform_float_3_3
Parameters: 1 0.000370177 0.000494549 -0.00037025 0.999999 -0.000855824 -0.000494792 0.000856177 1 0.0420204 0.174906 -0.0921803
FixedParameters: 0 0 0

#Transform 18
Transform: AffineTransform_float_3_3
Parameters: 0.999999 -0.000103297 0.000714593 0.000104919 1 -0.00113493 -0.000714357 0.00113507 0.999999 0.0660896 0.200971 -0.126314
FixedParameters: 0 0 0

#Transform 19
Transform: AffineTransform_float_3_3
Parameters: 1 -0.000248607 0.000373277 0.000249531 0.999999 -0.00123891 -0.00037266 0.00123909 0.999999 0.08003 0.193706 -0.140728
FixedParameters: 0 0 0

#Transform 20
Transform: AffineTransform_float_3_3
Parameters: 1 -7.29048e-05 0.000385337 7.27567e-05 0.999999 -0.00100261 -0.0003848 0.00100339 1 0.0683624 0.173444 -0.10653
FixedParameters: 0 0 0

#Transform 21
Transform: AffineTransform_float_3_3
Parameters: 1 -1.08046e-05 0.000450088 1.12232e-05 1 -0.000464995 -0.000450078 0.000465005 1 0.0722351 0.16436 -0.0845357
FixedParameters: 0 0 0

#Transform 22
Transform: AffineTransform_float_3_3
Parameters: 1 -7.58696e-05 0.000539716 7.65107e-05 1 -0.000593959 -0.000539626 0.000594041 0.999999 0.0723077 0.152171 -0.0917821
FixedParameters: 0 0 0

#Transform 23
Transform: AffineTransform_float_3_3
Parameters: 0.999999 -0.00082926 8.69507e-05 0.000829091 0.999999 -0.00127993 -8.57485e-05 0.00128007 0.999999 0.130601 0.164733 -0.260722
FixedParameters: 0 0 0

#Transform 24
Transform: AffineTransform_float_3_3
Parameters: 1 -0.000660737 0.000107359 0.000661483 0.999999 -0.00100529 -0.000107341 0.00100471 0.999999 0.122315 0.172038 -0.189558
FixedParameters: 0 0 0

#Transform 25
Transform: AffineTransform_float_3_3
Parameters: 0.999999 -0.000932626 -0.000156518 0.000932032 1 -0.000649506 0.000156808 0.000648495 1 0.128246 0.179071 -0.180319
FixedParameters: 0 0 0

#Transform 26
Transform: AffineTransform_float_3_3
Parameters: 0.999999 -0.00079441 0.00016869 0.000794391 0.999999 -0.00110287 -0.000167858 0.00110313 1 0.146024 0.188873 -0.178995
FixedParameters: 0 0 0

#Transform 27
Transform: AffineTransform_float_3_3
Parameters: 0.999999 -0.000707713 0.000372256 0.000708384 0.999998 -0.00142758 -0.000371155 0.00142742 0.999999 0.150781 0.195369 -0.164429
FixedParameters: 0 0 0

#Transform 28
Transform: AffineTransform_float_3_3
Parameters: 0.999999 -0.000951546 0.000151894 0.000951486 0.999999 -0.00109086 -0.000150739 0.00109114 1 0.138599 0.173074 -0.143511
FixedParameters: 0 0 0

#Transform 29
Transform: AffineTransform_float_3_3
Parameters: 0.999999 -0.000813711 0.000450025 0.000814201 0.999998 -0.00141363 -0.000449564 0.00141437 0.999999 0.125887 0.163543 -0.143428
FixedParameters: 0 0 0

#Transform 30
Transform: AffineTransform_float_3_3
Parameters: 0.999999 -0.000831415 -4.66981e-05 0.000831396 0.999999 -0.000206039 4.70407e-05 0.000205961 1 0.137534 0.168315 -0.112901
FixedParameters: 0 0 0

#Transform 31
Transform: AffineTransform_float_3_3
Parameters: 1 -0.000589847 -0.000357894 0.000589698 1 -0.000209211 0.000358141 0.000208789 1 0.142265 0.168425 -0.130599
FixedParameters: 0 0 0

#Transform 32
Transform: AffineTransform_float_3_3
Parameters: 0.999999 -0.000707785 1.14853e-05 0.000707786 0.999999 -2.7992e-05 -1.14457e-05 2.80082e-05 1 0.142507 0.176739 -0.114725
FixedParameters: 0 0 0

#Transform 33
Transform: AffineTransform_float_3_3
Parameters: 0.999999 -0.000788567 0.000343234 0.000789229 0.999999 -0.00096573 -0.00034171 0.000966271 1 0.138219 0.200503 -0.117283
FixedParameters: 0 0 0

#Transform 34
Transform: AffineTransform_float_3_3
Parameters: 0.999999 -0.00119298 -0.000378845 0.00119287 0.999999 -0.000143605 0.000379188 0.000143395 0.999999 0.143725 0.166563 -0.0961117
FixedParameters: 0 0 0

#Transform 35
Transform: AffineTransform_float_3_3
Parameters: 1 -0.00108556 -0.000527731 0.00108549 0.999999 -7.2573e-05 0.000527887 7.14271e-05 1 0.156061 0.160891 -0.0987132
FixedParameters: 0 0 0

#Transform 36
Transform: AffineTransform_float_3_3
Parameters: 0.999999 -0.000881852 -0.000142998 0.000881927 1 0.000261721 0.000142537 -0.000261278 1 0.141725 0.183634 -0.0987252
FixedParameters: 0 0 0

#Transform 37
Transform: AffineTransform_float_3_3
Parameters: 0.999999 -0.000798013 -0.000295619 0.000798865 0.999999 -0.000116236 0.000295414 0.000115764 1 0.12018 0.177208 -0.102837
FixedParameters: 0 0 0

#Transform 38
Transform: AffineTransform_float_3_3
Parameters: 0.999999 -0.000938621 -0.000174166 0.000939043 0.999999 8.78363e-05 0.000174922 -8.8164e-05 1 0.117142 0.178202 -0.096452
FixedParameters: 0 0 0

#Transform 39
Transform: AffineTransform_float_3_3
Parameters: 0.999999 -0.000971358 -0.000230961 0.000971439 0.999999 0.000175623 0.00023062 -0.000175376 1 0.137745 0.180689 -0.109581
FixedParameters: 0 0 0

#Transform 40
Transform: AffineTransform_float_3_3
Parameters: 1 -0.000961628 -0.000498595 0.000961189 0.999999 -0.000439479 0.000499439 0.00043852 1 0.149236 0.183274 -0.133096
FixedParameters: 0 0 0

#Transform 41
Transform: AffineTransform_float_3_3
Parameters: 1 -0.0010059 -0.000468186 0.0010059 0.999999 3.52887e-06 0.000468178 -4.47076e-06 1 0.138046 0.184882 -0.107804
FixedParameters: 0 0 0

#Transform 42
Transform: AffineTransform_float_3_3
Parameters: 0.999999 -0.00104612 -1.84289e-06 0.00104664 1 -0.000574515 1.73397e-06 0.000574486 0.999999 0.144299 0.195611 -0.123004
FixedParameters: 0 0 0

#Transform 43
Transform: AffineTransform_float_3_3
Parameters: 0.999999 -0.00128402 0.000136525 0.00128476 0.999999 -0.000780185 -0.000135832 0.000779815 1 0.13416 0.194604 -0.121595
FixedParameters: 0 0 0

#Transform 44
Transform: AffineTransform_float_3_3
Parameters: 1 -0.00118476 -4.96318e-05 0.00118565 1 -0.000364572 5.01051e-05 0.000364429 1 0.147519 0.217265 -0.126031
FixedParameters: 0 0 0

#Transform 45
Transform: AffineTransform_float_3_3
Parameters: 0.999999 -0.00136542 -5.55456e-05 0.00136591 0.999999 -0.000290436 5.50264e-05 0.000289566 1 0.150792 0.216202 -0.124667
FixedParameters: 0 0 0

#Transform 46
Transform: AffineTransform_float_3_3
Parameters: 0.999999 -0.00126859 8.77414e-05 0.00126861 0.999999 -7.22487e-05 -8.75587e-05 7.17517e-05 1 0.147354 0.195576 -0.112946
FixedParameters: 0 0 0

#Transform 47
Transform: AffineTransform_float_3_3
Parameters: 0.999999 -0.00132752 0.00024632 0.00132751 0.999998 -0.000786033 -0.000245153 0.000785966 0.999999 0.146421 0.209973 -0.128124
FixedParameters: 0 0 0

#Transform 48
Transform: AffineTransform_float_3_3
Parameters: 0.999998 -0.001621 0.00037349 0.0016208 0.999999 -0.000257908 -0.000373572 0.000259094 1 0.15009 0.213533 -0.122917
FixedParameters: 0 0 0

#Transform 49
Transform: AffineTransform_float_3_3
Parameters: 0.999998 -0.00150446 0.000647826 0.00150525 0.999999 -0.000906746 -0.000646017 0.000907254 0.999999 0.160832 0.200516 -0.139662
FixedParameters: 0 0 0

#Transform 50
Transform: AffineTransform_float_3_3
Parameters: 1 -0.00108213 0.000468076 0.00108256 0.999999 -0.000886853 -0.000467076 0.000887146 0.999999 0.122843 0.219839 -0.127087
FixedParameters: 0 0 0

#Transform 51
Transform: AffineTransform_float_3_3
Parameters: 1 -0.00113728 -8.57165e-05 0.00113676 0.999999 -0.00071861 8.64299e-05 0.00071839 0.999999 0.123214 0.208483 -0.126791
FixedParameters: 0 0 0

#Transform 52
Transform: AffineTransform_float_3_3
Parameters: 0.999999 -0.0011927 -0.000304032 0.00119262 0.999999 -0.000116723 0.000304308 0.000115278 1 0.120338 0.2013 -0.106442
FixedParameters: 0 0 0

#Transform 53
Transform: AffineTransform_float_3_3
Parameters: 0.999999 -0.000976237 -0.000167763 0.000976186 0.999999 -0.000152164 0.00016806 0.000151836 1 0.121366 0.203279 -0.110005
FixedParameters: 0 0 0

#Transform 54
Transform: AffineTransform_float_3_3
Parameters: 1 -0.00101712 -0.000317674 0.0010166 0.999999 -0.000197323 0.000317154 0.000196678 1 0.117241 0.188022 -0.111584
FixedParameters: 0 0 0

#Transform 55
Transform: AffineTransform_float_3_3
Parameters: 1 -0.00109336 -0.00026497 0.00109343 0.999999 0.00012971 0.000264686 -0.000130289 1 0.118724 0.178588 -0.103326
FixedParameters: 0 0 0

#Transform 56
Transform: AffineTransform_float_3_3
Parameters: 1 -0.00119087 -0.000203011 0.00119095 1 0.000181246 0.000202579 -0.000181754 1 0.137118 0.189366 -0.107219
FixedParameters: 0 0 0

#Transform 57
Transform: AffineTransform_float_3_3
Parameters: 1 -0.00099721 -0.000312276 0.000997674 0.999999 0.000116688 0.000312963 -0.000117312 1 0.13504 0.191148 -0.108781
FixedParameters: 0 0 0

#Transform 58
Transform: AffineTransform_float_3_3
Parameters: 0.999999 -0.000815819 -0.000160846 0.000815738 1 -0.000253284 0.000161259 0.000253716 1 0.107005 0.194384 -0.105231
FixedParameters: 0 0 0

#Transform 59
Transform: AffineTransform_float_3_3
Parameters: 0.999997 -0.00205887 -0.000653113 0.00205806 0.999996 -0.00142865 0.00065637 0.00142735 0.999999 0.136998 0.140606 -0.14714
FixedParameters: 0 0 0

#Transform 60
Transform: AffineTransform_float_3_3
Parameters: 0.999997 -0.00236012 -0.000720619 0.00235904 0.999996 -0.00184952 0.000725409 0.00184748 0.999998 0.164829 0.128952 -0.224956
FixedParameters: 0 0 0

#Transform 61
Transform: AffineTransform_float_3_3
Parameters: 0.999999 -0.00155048 -0.00012046 0.00155003 0.999999 -0.0002147 0.000120204 0.000214302 1 0.109308 0.169021 -0.110622
FixedParameters: 0 0 0

#Transform 62
Transform: AffineTransform_float_3_3
Parameters: 1 -0.00104584 2.8645e-05 0.00104621 1 0.00028167 -2.83144e-05 -0.00028233 1 0.108627 0.162886 -0.081837
FixedParameters: 0 0 0

#Transform 63
Transform: AffineTransform_float_3_3
Parameters: 1 -0.000617231 -0.000184289 0.00061709 0.999999 -0.000382114 0.00018476 0.000381886 1 0.137339 0.18944 -0.158219
FixedParameters: 0 0 0

#Transform 64
Transform: AffineTransform_float_3_3
Parameters: 1 -0.000293837 -0.000420594 0.000293604 1 -0.000278124 0.000420757 0.000277876 1 0.143905 0.174276 -0.189951
FixedParameters: 0 0 0

#Transform 65
Transform: AffineTransform_float_3_3
Parameters: 1 -0.00105894 -0.000531369 0.00105878 0.999999 -0.000147563 0.00053168 0.000146437 1 0.114382 0.187408 -0.122539
FixedParameters: 0 0 0

#Transform 66
Transform: AffineTransform_float_3_3
Parameters: 0.999999 -0.00124196 -0.000610544 0.00124142 0.999999 0.000311449 0.000610161 -0.000311551 1 0.154048 0.169986 -0.129196
FixedParameters: 0 0 0

#Transform 67
Transform: AffineTransform_float_3_3
Parameters: 0.999999 -0.0014764 -0.000394799 0.00147567 0.999999 0.000240905 0.000394477 -0.000242095 1 0.146437 0.178255 -0.121895
FixedParameters: 0 0 0

#Transform 68
Transform: AffineTransform_float_3_3
Parameters: 0.999999 -0.00148156 -0.000368911 0.00148093 0.999999 0.000391301 0.000368142 -0.000391699 1 0.155351 0.158309 -0.108825
FixedParameters: 0 0 0

#Transform 69
Transform: AffineTransform_float_3_3
Parameters: 0.999999 -0.00132777 -0.000492654 0.00132805 1 0.000283193 0.000491901 -0.000283806 1 0.146424 0.140902 -0.102835
FixedParameters: 0 0 0

#Transform 70
Transform: AffineTransform_float_3_3
Parameters: 0.999998 -0.00185136 -0.000584108 0.0018514 0.999998 3.7613e-05 0.000583967 -3.83862e-05 1 0.146526 0.155648 -0.104919
FixedParameters: 0 0 0

#Transform 71
Transform: AffineTransform_float_3_3
Parameters: 0.999999 -0.00181106 0.00020707 0.00181105 0.999999 1.55027e-05 -0.000207126 -1.54966e-05 1 0.151968 0.167954 -0.0947298
FixedParameters: 0 0 0

#Transform 72
Transform: AffineTransform_float_3_3
Parameters: 0.999999 -0.00154213 0.000174509 0.00154231 0.999998 0.000620757 -0.000175502 -0.000620242 0.999999 0.148554 0.143758 -0.084935
FixedParameters: 0 0 0

#Transform 73
Transform: AffineTransform_float_3_3
Parameters: 0.999999 -0.00132958 2.26657e-05 0.00132903 0.999999 0.000522518 -2.27436e-05 -0.000522482 1 0.159865 0.153939 -0.104902
FixedParameters: 0 0 0

#Transform 74
Transform: AffineTransform_float_3_3
Parameters: 0.999999 -0.00151243 0.0002089 0.00151171 0.999999 0.000447804 -0.000208942 -0.000447196 1 0.154541 0.15314 -0.109887
FixedParameters: 0 0 0

#Transform 75
Transform: AffineTransform_float_3_3
Parameters: 0.999999 -0.00155307 0.000128499 0.00155298 0.999999 0.000371687 -0.000129653 -0.000371311 1 0.138898 0.166277 -0.0823214
FixedParameters: 0 0 0

#Transform 76
Transform: AffineTransform_float_3_3
Parameters: 0.999998 -0.00170565 0.000199854 0.00170578 0.999998 -0.000312172 -0.000198788 0.000312827 1 0.177408 0.176023 -0.10471
FixedParameters: 0 0 0

#Transform 77
Transform: AffineTransform_float_3_3
Parameters: 0.999998 -0.00196804 0.000215725 0.00196795 0.999998 0.0002104 -0.000216552 -0.000209599 0.999999 0.167671 0.161356 -0.0870167
FixedParameters: 0 0 0

#Transform 78
Transform: AffineTransform_float_3_3
Parameters: 0.999997 -0.00229343 0.000567645 0.00229353 0.999998 0.000255071 -0.000567891 -0.00025393 1 0.158713 0.164999 -0.0877635
FixedParameters: 0 0 0

#Transform 79
Transform: AffineTransform_float_3_3
Parameters: 0.999998 -0.00221697 0.000548074 0.00221701 0.999998 0.000326984 -0.000548601 -0.000326016 1 0.148517 0.172599 -0.0899696
FixedParameters: 0 0 0

#Transform 80
Transform: AffineTransform_float_3_3
Parameters: 0.999998 -0.00220842 0.000739811 0.00220824 0.999998 0.000388555 -0.000740604 -0.000387444 1 0.144549 0.16865 -0.0873464
FixedParameters: 0 0 0

#Transform 81
Transform: AffineTransform_float_3_3
Parameters: 0.999997 -0.00209438 0.000680939 0.00209444 0.999997 0.000243707 -0.000681036 -0.000242293 1 0.159579 0.190881 -0.0924918
FixedParameters: 0 0 0

#Transform 82
Transform: AffineTransform_float_3_3
Parameters: 0.999996 -0.00253955 0.000584063 0.00253926 0.999996 0.000254252 -0.000585351 -0.000252745 1 0.140083 0.174868 -0.0821187
FixedParameters: 0 0 0

#Transform 83
Transform: AffineTransform_float_3_3
Parameters: 0.999997 -0.00261341 0.000545506 0.00261339 0.999997 0.000382683 -0.000546582 -0.000381317 0.999999 0.132543 0.15385 -0.071431
FixedParameters: 0 0 0

#Transform 84
Transform: AffineTransform_float_3_3
Parameters: 0.999997 -0.00264395 0.000337228 0.00264338 0.999997 0.000645149 -0.000338407 -0.000644851 0.999999 0.161421 0.16001 -0.0952059
FixedParameters: 0 0 0

#Transform 85
Transform: AffineTransform_float_3_3
Parameters: 0.999996 -0.00255333 0.000551329 0.00255322 0.999996 0.000455177 -0.00055273 -0.000453821 1 0.155138 0.158369 -0.0922168
FixedParameters: 0 0 0

#Transform 86
Transform: AffineTransform_float_3_3
Parameters: 0.999998 -0.00226138 0.000261095 0.00226094 0.999997 0.00057436 -0.000261462 -0.000574641 1 0.209904 0.171201 -0.119573
FixedParameters: 0 0 0

#Transform 87
Transform: AffineTransform_float_3_3
Parameters: 0.999996 -0.00243509 0.000830463 0.00243507 0.999997 8.94275e-06 -0.000830502 -7.05618e-06 1 0.142681 0.184436 -0.0879462
FixedParameters: 0 0 0

#Transform 88
Transform: AffineTransform_float_3_3
Parameters: 0.999997 -0.00235939 0.000512016 0.00235953 0.999997 0.000242977 -0.00051224 -0.000242023 1 0.147575 0.176823 -0.103136
FixedParameters: 0 0 0

#Transform 89
Transform: AffineTransform_float_3_3
Parameters: 0.999996 -0.00249328 0.000692909 0.00249332 0.999996 0.000537497 -0.000693744 -0.000535503 0.999999 0.162251 0.163664 -0.10646
FixedParameters: 0 0 0

#Transform 90
Transform: AffineTransform_float_3_3
Parameters: 0.999995 -0.00271137 0.00111115 0.00271131 0.999996 0.000206422 -0.00111134 -0.000202578 0.999999 0.14132 0.151435 -0.0861269
FixedParameters: 0 0 0

#Transform 91
Transform: AffineTransform_float_3_3
Parameters: 0.999996 -0.00250395 0.000668099 0.00250414 0.999997 0.000150441 -0.000667927 -0.000148559 1 0.16275 0.171133 -0.108269
FixedParameters: 0 0 0

#Transform 92
Transform: AffineTransform_float_3_3
Parameters: 0.999996 -0.00252274 0.000623087 0.00252194 0.999997 0.000841982 -0.00062418 -0.000841019 0.999999 0.160046 0.145058 -0.104122
FixedParameters: 0 0 0

#Transform 93
Transform: AffineTransform_float_3_3
Parameters: 0.999996 -0.00268487 0.00089451 0.00268353 0.999996 0.000235809 -0.000895378 -0.000233188 0.999999 0.15695 0.163482 -0.102214
FixedParameters: 0 0 0

#Transform 94
Transform: AffineTransform_float_3_3
Parameters: 0.999996 -0.00297258 0.000417609 0.00297185 0.999996 0.00071414 -0.000419622 -0.000713859 0.999999 0.156495 0.16516 -0.0782104
FixedParameters: 0 0 0

#Transform 95
Transform: AffineTransform_float_3_3
Parameters: 0.999996 -0.00294033 0.000810573 0.00294076 0.999995 -0.000745571 -0.000808023 0.000747429 0.999999 0.19151 0.155575 -0.135783
FixedParameters: 0 0 0

#Transform 96
Transform: AffineTransform_float_3_3
Parameters: 0.999994 -0.00317199 0.00135686 0.00317207 0.999995 0.000119146 -0.00135668 -0.000114855 0.999999 0.197982 0.172206 -0.0894895
FixedParameters: 0 0 0

#Transform 97
Transform: AffineTransform_float_3_3
Parameters: 0.999994 -0.00313417 0.00106446 0.00313406 0.999995 0.000239386 -0.00106502 -0.000235614 0.999999 0.180218 0.166954 -0.0860329
FixedParameters: 0 0 0

#Transform 98
Transform: AffineTransform_float_3_3
Parameters: 0.999994 -0.00332646 0.000992666 0.00332628 0.999994 0.000290992 -0.000993672 -0.000288006 0.999999 0.186728 0.145502 -0.0669007
FixedParameters: 0 0 0

#Transform 99
Transform: AffineTransform_float_3_3
Parameters: 0.999994 -0.00328145 0.00109886 0.00328142 0.999994 0.000193448 -0.0010992 -0.000190552 1 0.199793 0.165466 -0.0858669
FixedParameters: 0 0 0

#Transform 100
Transform: AffineTransform_float_3_3
Parameters: 0.999995 -0.00302369 0.000814199 0.00302224 0.999995 0.00128252 -0.000817875 -0.00128048 0.999999 0.202263 0.120338 -0.0297122
FixedParameters: 0 0 0

#Transform 101
Transform: AffineTransform_float_3_3
Parameters: 0.999995 -0.00301912 0.000735123 0.00301785 0.999995 0.00129912 -0.000738886 -0.00129688 0.999999 0.18324 0.116895 -0.0240777
FixedParameters: 0 0 0

#Transform 102
Transform: AffineTransform_float_3_3
Parameters: 0.999996 -0.00280883 0.0006652 0.0028076 0.999996 0.00111828 -0.000668324 -0.00111672 1 0.158689 0.12908 -0.0396714
FixedParameters: 0 0 0

#Transform 103
Transform: AffineTransform_float_3_3
Parameters: 0.999997 -0.00272307 0.000130238 0.00272329 0.999996 0.00160482 -0.000134904 -0.00160418 0.999999 0.16377 0.140577 -0.0328531
FixedParameters: 0 0 0

#Transform 104
Transform: AffineTransform_float_3_3
Parameters: 0.999996 -0.00261727 0.000185164 0.00261728 0.999995 0.00169446 -0.000189959 -0.00169353 0.999999 0.173923 0.140939 -0.0483517
FixedParameters: 0 0 0

#Transform 105
Transform: AffineTransform_float_3_3
Parameters: 0.999996 -0.00274373 6.07583e-05 0.00274417 0.999995 0.00162079 -6.55814e-05 -0.00162121 0.999999 0.184236 0.122436 -0.0405401
FixedParameters: 0 0 0

#Transform 106
Transform: AffineTransform_float_3_3
Parameters: 0.999995 -0.00333315 0.000158004 0.00333219 0.999994 0.000934481 -0.000160686 -0.000933518 0.999999 0.168569 0.136809 -0.0560857
FixedParameters: 0 0 0

#Transform 107
Transform: AffineTransform_float_3_3
Parameters: 0.999996 -0.00298957 0.0006961 0.00298845 0.999993 0.00210214 -0.000701828 -0.00210086 0.999997 0.117838 0.105242 0.00530631
FixedParameters: 0 0 0

#Transform 108
Transform: AffineTransform_float_3_3
Parameters: 0.999995 -0.00313421 -0.000326572 0.00313597 0.999991 0.00298751 0.000317687 -0.00298749 0.999995 0.149271 0.111084 0.0296296
FixedParameters: 0 0 0

#Transform 109
Transform: AffineTransform_float_3_3
Parameters: 0.999994 -0.00353448 -0.000717445 0.00353727 0.999986 0.00384249 0.000704433 -0.00384551 0.999992 0.149979 0.104027 0.0712558
FixedParameters: 0 0 0

#Transform 110
Transform: AffineTransform_float_3_3
Parameters: 0.999994 -0.00325088 -0.000173821 0.00325094 0.999988 0.00383441 0.000161356 -0.00383559 0.999992 0.0729188 0.133644 0.078294
FixedParameters: 0 0 0

#Transform 111
Transform: AffineTransform_float_3_3
Parameters: 0.999995 -0.002892 -0.000571817 0.00289341 0.999988 0.00383039 0.000560673 -0.00383161 0.999993 0.111604 0.08513 0.111162
FixedParameters: 0 0 0

#Transform 112
Transform: AffineTransform_float_3_3
Parameters: 0.999996 -0.0027379 -0.000924145 0.00274082 0.999993 0.00252551 0.000916465 -0.00252849 0.999996 0.100463 0.124708 0.0348403
FixedParameters: 0 0 0

#Transform 113
Transform: AffineTransform_float_3_3
Parameters: 0.999996 -0.00251091 -0.000482707 0.00251247 0.999992 0.00302398 0.0004746 -0.00302502 0.999996 0.0812554 0.12682 0.0563933
FixedParameters: 0 0 0

#Transform 114
Transform: AffineTransform_float_3_3
Parameters: 0.999997 -0.00227837 -0.000581552 0.00228016 0.999991 0.00349887 0.000573076 -0.00350013 0.999993 0.114653 0.129825 0.0497538
FixedParameters: 0 0 0

#Transform 115
Transform: AffineTransform_float_3_3
Parameters: 0.999998 -0.00182354 -0.000674155 0.00182529 0.999994 0.00287762 0.000668896 -0.00287938 0.999996 0.113107 0.131281 0.0116185
FixedParameters: 0 0 0

#Transform 116
Transform: AffineTransform_float_3_3
Parameters: 0.999999 -0.00150672 -0.000974338 0.00151109 0.999989 0.00455959 0.000967915 -0.00456041 0.999989 0.125527 0.130922 0.154023
FixedParameters: 0 0 0

#Transform 117
Transform: AffineTransform_float_3_3
Parameters: 0.999997 -0.00213229 -0.000443846 0.00213372 0.999991 0.0037474 0.000436254 -0.00374861 0.999993 0.0696709 0.120286 0.090573
FixedParameters: 0 0 0

#Transform 118
Transform: AffineTransform_float_3_3
Parameters: 0.999998 -0.00192179 -0.000720137 0.00192502 0.999985 0.00522432 0.000710528 -0.00522568 0.999986 0.0693612 0.130493 0.16204
FixedParameters: 0 0 0

#Transform 119
Transform: AffineTransform_float_3_3
Parameters: 0.999998 -0.00191387 -0.00131877 0.00192025 0.999983 0.00538853 0.00130793 -0.00539146 0.999984 0.114994 0.121375 0.127743
FixedParameters: 0 0 0

#Transform 120
Transform: AffineTransform_float_3_3
Parameters: 0.999996 -0.00256791 -0.0011648 0.0025738 0.999984 0.00499777 0.00115129 -0.00500023 0.999987 0.0766528 0.105452 0.102179
FixedParameters: 0 0 0

#Transform 121
Transform: AffineTransform_float_3_3
Parameters: 0.999995 -0.00264892 -0.00135866 0.00265597 0.999984 0.00505265 0.00134443 -0.00505635 0.999986 0.0886966 0.110372 0.0944152
FixedParameters: 0 0 0

#Transform 122
Transform: AffineTransform_float_3_3
Parameters: 0.999995 -0.00273081 -0.00155415 0.00273923 0.999983 0.00502672 0.00154054 -0.00503027 0.999986 0.0888186 0.111761 0.109402
FixedParameters: 0 0 0

#Transform 123
Transform: AffineTransform_float_3_3
Parameters: 0.999996 -0.00257124 -0.00117518 0.00257815 0.999982 0.00544838 0.00116154 -0.00545162 0.999984 0.0913469 0.123983 0.114257
FixedParameters: 0 0 0

#Transform 124
Transform: AffineTransform_float_3_3
Parameters: 0.999997 -0.00213099 -0.0001175 0.00213177 0.999991 0.00354809 0.000109991 -0.00354791 0.999994 0.092099 0.145088 0.0979203
FixedParameters: 0 0 0

#Transform 125
Transform: AffineTransform_float_3_3
Parameters: 0.999995 -0.00331902 -0.000241771 0.0033202 0.99999 0.00283352 0.000232803 -0.00283448 0.999996 0.145771 0.109144 0.0305275
FixedParameters: 0 0 0

#Transform 126
Transform: AffineTransform_float_3_3
Parameters: 0.999996 -0.00288454 0.000273154 0.00288375 0.99999 0.00348906 -0.000282902 -0.00348894 0.999994 0.117114 0.149475 0.0740461
FixedParameters: 0 0 0

#Transform 127
Transform: AffineTransform_float_3_3
Parameters: 0.999995 -0.00310901 -0.000259036 0.00311018 0.999989 0.00370152 0.000247172 -0.00370248 0.999993 0.139175 0.14776 0.0800778
FixedParameters: 0 0 0

#Transform 128
Transform: AffineTransform_float_3_3
Parameters: 0.999996 -0.00280543 -0.000131266 0.00280562 0.999993 0.00236946 0.000124666 -0.00236954 0.999998 0.152598 0.154013 -0.0118071
FixedParameters: 0 0 0

#Transform 129
Transform: AffineTransform_float_3_3
Parameters: 0.999996 -0.00304909 0.000396076 0.00304794 0.999987 0.00431533 -0.000409243 -0.00431367 0.999991 0.140204 0.140353 0.148573
FixedParameters: 0 0 0

#Transform 130
Transform: AffineTransform_float_3_3
Parameters: 0.999994 -0.00339041 -0.000411573 0.00339129 0.99999 0.00289978 0.00040122 -0.00290122 0.999996 0.166448 0.140968 0.00279543
FixedParameters: 0 0 0

#Transform 131
Transform: AffineTransform_float_3_3
Parameters: 0.999995 -0.00289603 -0.000540578 0.0028972 0.99999 0.00332648 0.000531012 -0.00332752 0.999994 0.145665 0.134951 -0.015236
FixedParameters: 0 0 0

#Transform 132
Transform: AffineTransform_float_3_3
Parameters: 0.999996 -0.00285712 -0.000102488 0.00285761 0.99999 0.00335918 9.31368e-05 -0.00335982 0.999994 0.156753 0.156144 -0.0454623
FixedParameters: 0 0 0

#Transform 133
Transform: AffineTransform_float_3_3
Parameters: 0.999993 -0.00348963 -0.000651151 0.00349223 0.999987 0.00367827 0.000638322 -0.00368073 0.999994 0.220828 0.147402 -0.050387
FixedParameters: 0 0 0

#Transform 134
Transform: AffineTransform_float_3_3
Parameters: 0.999993 -0.00366591 -0.000605158 0.00366843 0.999988 0.0030038 0.000593357 -0.00300619 0.999995 0.233206 0.151148 -0.0997532
FixedParameters: 0 0 0

#Transform 135
Transform: AffineTransform_float_3_3
Parameters: 0.999993 -0.00352506 -0.000538571 0.00352625 0.999989 0.00299812 0.000528053 -0.00299987 0.999995 0.208202 0.172796 -0.142999
FixedParameters: 0 0 0

#Transform 136
Transform: AffineTransform_float_3_3
Parameters: 0.999991 -0.00410331 -0.000939381 0.00410625 0.999986 0.00321887 0.000926189 -0.00322313 0.999994 0.263928 0.13839 -0.120331
FixedParameters: 0 0 0

#Transform 137
Transform: AffineTransform_float_3_3
Parameters: 0.999989 -0.00448822 -0.00132199 0.00448851 0.99999 0.000710675 0.00131952 -0.000716328 0.999999 0.346573 0.0809204 -0.596985
FixedParameters: 0 0 0

#Transform 138
Transform: AffineTransform_float_3_3
Parameters: 0.999988 -0.00475907 -0.000656173 0.00476173 0.999983 0.00351723 0.000638682 -0.00352076 0.999994 0.294705 0.184964 -0.338373
FixedParameters: 0 0 0

#Transform 139
Transform: AffineTransform_float_3_3
Parameters: 0.999991 -0.00430566 -0.000684978 0.00430867 0.999983 0.00401927 0.000667668 -0.00402173 0.999992 0.258627 0.190136 -0.349969
FixedParameters: 0 0 0

#Transform 140
Transform: AffineTransform_float_3_3
Parameters: 0.999984 -0.00525983 -0.00170068 0.00526492 0.999981 0.00326309 0.00168295 -0.00327191 0.999993 0.247739 0.193622 -0.396232
FixedParameters: 0 0 0

#Transform 141
Transform: AffineTransform_float_3_3
Parameters: 0.999988 -0.00455457 -0.0017203 0.00455954 0.999985 0.00287636 0.00170808 -0.00288364 0.999994 0.193967 0.224944 -0.400317
FixedParameters: 0 0 0

#Transform 142
Transform: AffineTransform_float_3_3
Parameters: 0.999983 -0.00512545 -0.00251784 0.0051314 0.999983 0.00249539 0.00250476 -0.0025086 0.999993 0.207558 0.236545 -0.414569
FixedParameters: 0 0 0

#Transform 143
Transform: AffineTransform_float_3_3
Parameters: 0.999986 -0.00484488 -0.00201411 0.00485111 0.999983 0.00299828 0.00199941 -0.00300871 0.999993 0.177845 0.249964 -0.352617
FixedParameters: 0 0 0

#Transform 144
Transform: AffineTransform_float_3_3
Parameters: 0.99999 -0.00413256 -0.00174037 0.00413749 0.999988 0.00279015 0.00172907 -0.00279685 0.999994 0.216701 0.256559 -0.36785
FixedParameters: 0 0 0

#Transform 145
Transform: AffineTransform_float_3_3
Parameters: 0.999988 -0.00437315 -0.00247164 0.00437976 0.999987 0.00256745 0.00246039 -0.00257854 0.999994 0.220599 0.238225 -0.442355
FixedParameters: 0 0 0

#Transform 146
Transform: AffineTransform_float_3_3
Parameters: 0.999987 -0.0042845 -0.00272456 0.00429177 0.999987 0.00278731 0.00271266 -0.00279869 0.999993 0.209172 0.239598 -0.373073
FixedParameters: 0 0 0

#Transform 147
Transform: AffineTransform_float_3_3
Parameters: 0.999986 -0.00456534 -0.00272442 0.00457094 0.999987 0.00211403 0.00271408 -0.00212696 0.999994 0.202228 0.270872 -0.376122
FixedParameters: 0 0 0

#Transform 148
Transform: AffineTransform_float_3_3
Parameters: 0.999985 -0.00492059 -0.0024937 0.00492755 0.999984 0.00282854 0.00247968 -0.00284045 0.999993 0.257705 0.235146 -0.456238
FixedParameters: 0 0 0

#Transform 149
Transform: AffineTransform_float_3_3
Parameters: 0.999983 -0.00538235 -0.00233481 0.00538854 0.999982 0.00277423 0.00231968 -0.00278677 0.999994 0.264891 0.248365 -0.456981
FixedParameters: 0 0 0

#Transform 150
Transform: AffineTransform_float_3_3
Parameters: 0.999983 -0.00476118 -0.00341075 0.00477006 0.999985 0.00259521 0.00339839 -0.00261079 0.999991 0.254265 0.273408 -0.526844
FixedParameters: 0 0 0

#Transform 151
Transform: AffineTransform_float_3_3
Parameters: 0.999985 -0.00462695 -0.00312841 0.00463524 0.999986 0.00282141 0.00311597 -0.00283559 0.999991 0.243111 0.278716 -0.456088
FixedParameters: 0 0 0

#Transform 152
Transform: AffineTransform_float_3_3
Parameters: 0.999986 -0.00432736 -0.00324768 0.00433601 0.999986 0.002691 0.00323675 -0.002705 0.999992 0.195381 0.287561 -0.337121
FixedParameters: 0 0 0

#Transform 153
Transform: AffineTransform_float_3_3
Parameters: 0.99999 -0.00354927 -0.00248694 0.00356077 0.999982 0.0047924 0.00246999 -0.00480159 0.999985 0.0862041 0.27199 -0.0883451
FixedParameters: 0 0 0

#Transform 154
Transform: AffineTransform_float_3_3
Parameters: 0.999993 -0.00323815 -0.00223255 0.00324837 0.999985 0.00439879 0.00221774 -0.0044062 0.999988 0.0717748 0.294271 -0.109008
FixedParameters: 0 0 0

#Transform 155
Transform: AffineTransform_float_3_3
Parameters: 0.999992 -0.00316287 -0.00265899 0.00317547 0.999985 0.00448548 0.00264507 -0.00449452 0.999987 0.0506114 0.271253 -0.1054
FixedParameters: 0 0 0

#Transform 156
Transform: AffineTransform_float_3_3
Parameters: 0.99999 -0.00323805 -0.0028549 0.00324874 0.999988 0.0038167 0.00284242 -0.0038253 0.999988 0.0542163 0.270716 -0.120227
FixedParameters: 0 0 0

#Transform 157
Transform: AffineTransform_float_3_3
Parameters: 0.99999 -0.00299226 -0.00332441 0.00300017 0.999993 0.00225801 0.00331713 -0.00226799 0.999992 0.0342329 0.295398 -0.190415
FixedParameters: 0 0 0

#Transform 158
Transform: AffineTransform_float_3_3
Parameters: 0.999992 -0.00253197 -0.00306996 0.00254045 0.999993 0.00283877 0.0030626 -0.00284723 0.999991 0.00258617 0.321603 -0.164523
FixedParameters: 0 0 0

#Transform 159
Transform: AffineTransform_float_3_3
Parameters: 0.999993 -0.00214727 -0.00314178 0.00215571 0.999994 0.00268346 0.00313597 -0.00269054 0.999992 -0.0127691 0.333724 -0.167958
FixedParameters: 0 0 0

#Transform 160
Transform: AffineTransform_float_3_3
Parameters: 0.999991 -0.00274383 -0.0032655 0.00275741 0.999988 0.00397679 0.00325537 -0.00398621 0.999987 -0.00033727 0.297621 -0.112366
FixedParameters: 0 0 0

#Transform 161
Transform: AffineTransform_float_3_3
Parameters: 0.99999 -0.00262062 -0.00365401 0.00263277 0.999991 0.00351689 0.00364453 -0.00352611 0.999987 0.00231134 0.287171 -0.132032
FixedParameters: 0 0 0

#Transform 162
Transform: AffineTransform_float_3_3
Parameters: 0.99999 -0.00225301 -0.0038832 0.00226596 0.999992 0.00322537 0.00387591 -0.00323362 0.999987 0.0114284 0.309331 -0.155687
FixedParameters: 0 0 0

#Transform 163
Transform: AffineTransform_float_3_3
Parameters: 0.999992 -0.00219276 -0.00339527 0.00220366 0.999993 0.00305896 0.00338925 -0.00306604 0.99999 -0.014424 0.302649 -0.150089
FixedParameters: 0 0 0

#Transform 164
Transform: AffineTransform_float_3_3
Parameters: 0.999992 -0.00207483 -0.00344506 0.00208556 0.999993 0.0033139 0.00343857 -0.0033211 0.999988 -0.0221497 0.299256 -0.160248
FixedParameters: 0 0 0

#Transform 165
Transform: AffineTransform_float_3_3
Parameters: 0.999991 -0.0020784 -0.00384594 0.00209115 0.999993 0.00310992 0.00383987 -0.00311808 0.999987 -0.0122841 0.29784 -0.163377
FixedParameters: 0 0 0

#Transform 166
Transform: AffineTransform_float_3_3
Parameters: 0.99999 -0.00213981 -0.00390791 0.00215103 0.999993 0.00298291 0.00390241 -0.00299109 0.999988 -0.000836938 0.31132 -0.165658
FixedParameters: 0 0 0

#Transform 167
Transform: AffineTransform_float_3_3
Parameters: 0.99999 -0.00193808 -0.00399622 0.00195154 0.999992 0.00347668 0.00398985 -0.00348432 0.999986 -0.00808116 0.306018 -0.150032
FixedParameters: 0 0 0

#Transform 168
Transform: AffineTransform_float_3_3
Parameters: 0.999992 -0.00196598 -0.00349045 0.00197532 0.999995 0.0025417 0.00348617 -0.0025483 0.99999 -0.0116539 0.334817 -0.178878
FixedParameters: 0 0 0

#Transform 169
Transform: AffineTransform_float_3_3
Parameters: 0.999992 -0.00202334 -0.00363032 0.00203373 0.999994 0.00289857 0.00362416 -0.00290543 0.999989 -0.011557 0.329155 -0.16105
FixedParameters: 0 0 0

#Transform 170
Transform: AffineTransform_float_3_3
Parameters: 0.999992 -0.00196761 -0.00349409 0.00197642 0.999995 0.00252069 0.00348897 -0.00252731 0.99999 -0.0275911 0.32093 -0.163719
FixedParameters: 0 0 0

#Transform 171
Transform: AffineTransform_float_3_3
Parameters: 0.99999 -0.00209226 -0.00379331 0.0021022 0.999994 0.00283398 0.00378741 -0.00284202 0.999988 -0.015179 0.331831 -0.169207
FixedParameters: 0 0 0

#Transform 172
Transform: AffineTransform_float_3_3
Parameters: 0.99999 -0.00192046 -0.00390476 0.0019317 0.999994 0.00297057 0.00389839 -0.00297843 0.999988 -0.0146448 0.317164 -0.163421
FixedParameters: 0 0 0

#Transform 173
Transform: AffineTransform_float_3_3
Parameters: 0.999992 -0.00205686 -0.00362502 0.00206813 0.999993 0.0031501 0.003618 -0.00315789 0.999988 -0.0136664 0.310899 -0.141767
FixedParameters: 0 0 0

#Transform 174
Transform: AffineTransform_float_3_3
Parameters: 0.999993 -0.00203159 -0.00319626 0.00204149 0.999993 0.00315356 0.00318993 -0.00315944 0.99999 -0.0272641 0.325378 -0.124817
FixedParameters: 0 0 0

#Transform 175
Transform: AffineTransform_float_3_3
Parameters: 0.99999 -0.0028174 -0.00328265 0.00282907 0.99999 0.00344235 0.00327326 -0.00345165 0.999988 0.00238669 0.291567 -0.119701
FixedParameters: 0 0 0

#Transform 176
Transform: AffineTransform_float_3_3
Parameters: 0.999989 -0.00291091 -0.0036157 0.00292313 0.999989 0.00363915 0.00360476 -0.00364885 0.999987 0.0124999 0.291275 -0.113024
FixedParameters: 0 0 0

#Transform 177
Transform: AffineTransform_float_3_3
Parameters: 0.999989 -0.00255017 -0.00390164 0.00256389 0.999991 0.00349402 0.00389276 -0.00350398 0.999987 -0.00177659 0.277907 -0.118553
FixedParameters: 0 0 0

#Transform 178
Transform: AffineTransform_float_3_3
Parameters: 0.99999 -0.0023631 -0.00381093 0.00237683 0.999992 0.00333775 0.00380332 -0.00334724 0.999987 -0.0124579 0.294295 -0.125072
FixedParameters: 0 0 0

#Transform 179
Transform: AffineTransform_float_3_3
Parameters: 0.999991 -0.00230104 -0.00352325 0.00231115 0.999993 0.0030203 0.00351622 -0.0030287 0.999989 -0.0226051 0.283216 -0.109931
FixedParameters: 0 0 0
