#Insight Transform File V1.0
#Transform 0
Transform: AffineTransform_float_3_3
Parameters: 1 -0.000550194 0.000224025 0.000550009 0.999999 0.00128312 -0.000224516 -0.00128288 0.999999 0.0584639 -0.156812 -0.247314
FixedParameters: 0 0 0

#Transform 1
Transform: AffineTransform_float_3_3
Parameters: 0.999999 0.00105739 -0.000814912 -0.00105731 0.999999 -0.000753345 0.000813848 0.000753654 0.999999 0.0137811 0.00931393 -0.198191
FixedParameters: 0 0 0

#Transform 2
Transform: AffineTransform_float_3_3
Parameters: 0.999998 0.00120001 -0.0010513 -0.00120179 0.999999 -0.0012201 0.00105021 0.0012219 0.999999 0.0196555 0.0243432 -0.304035
FixedParameters: 0 0 0

#Transform 3
Transform: AffineTransform_float_3_3
Parameters: 0.999999 0.00106125 -0.00153953 -0.00106345 0.999998 -0.00156621 0.00153725 0.00156879 0.999998 0.0474043 0.0494754 -0.448911
FixedParameters: 0 0 0

#Transform 4
Transform: AffineTransform_float_3_3
Parameters: 0.999998 0.00145582 -0.0013792 -0.00145773 0.999998 -0.00144956 0.00137734 0.00145144 0.999998 0.00339278 0.0736552 -0.494425
FixedParameters: 0 0 0

#Transform 5
Transform: AffineTransform_float_3_3
Parameters: 0.999997 0.00131858 -0.00201816 -0.00132063 0.999999 -0.00125439 0.00201682 0.00125761 0.999997 0.0871246 0.107791 -0.554176
FixedParameters: 0 0 0

#Transform 6
Transform: AffineTransform_float_3_3
Parameters: 0.999998 0.00103816 -0.00136076 -0.00104053 0.999997 -0.00197879 0.00135863 0.00198021 0.999997 0.0904422 0.124679 -0.611763
FixedParameters: 0 0 0

#Transform 7
Transform: AffineTransform_float_3_3
Parameters: 0.999998 0.00103356 -0.00133593 -0.0010367 0.999998 -0.00195982 0.00133424 0.00196117 0.999997 0.0892484 0.127307 -0.62167
FixedParameters: 0 0 0

#Transform 8
Transform: AffineTransform_float_3_3
Parameters: 0.999997 0.000984329 -0.00195013 -0.000988158 0.999997 -0.00209098 0.00194851 0.00209202 0.999996 0.125762 0.147875 -0.73156
FixedParameters: 0 0 0

#Transform 9
Transform: AffineTransform_float_3_3
Parameters: 0.999997 0.000715601 -0.00201696 -0.000718596 0.999999 -0.00139225 0.00201602 0.00139375 0.999997 0.118654 0.154885 -0.699732
FixedParameters: 0 0 0

#Transform 10
Transform: AffineTransform_float_3_3
Parameters: 0.999995 0.000840911 -0.00281769 -0.000847133 0.999997 -0.00219765 0.00281571 0.00220035 0.999994 0.188764 0.171759 -0.884705
FixedParameters: 0 0 0

#Transform 11
Transform: AffineTransform_float_3_3
Parameters: 0.99999 0.000478997 -0.00430528 -0.000486669 0.999998 -0.0018199 0.00430447 0.0018221 0.999989 0.27428 0.205808 -0.935267
FixedParameters: 0 0 0

#Transform 12
Transform: AffineTransform_float_3_3
Parameters: 0.999995 0.000815176 -0.00287833 -0.000821292 0.999997 -0.00213267 0.00287657 0.00213532 0.999993 0.18463 0.221053 -0.94256
FixedParameters: 0 0 0

#Transform 13
Transform: AffineTransform_float_3_3
Parameters: 0.999998 0.000955178 -0.00188163 -0.000957747 0.999999 -0.0011339 0.00188091 0.0011361 0.999998 0.11839 0.216245 -0.9324
FixedParameters: 0 0 0

#Transform 14
Transform: AffineTransform_float_3_3
Parameters: 0.999996 0.000777632 -0.00297312 -0.000780186 0.999999 -0.0010242 0.00297219 0.0010268 0.999996 0.192255 0.217853 -1.00194
FixedParameters: 0 0 0

#Transform 15
Transform: AffineTransform_float_3_3
Parameters: 0.999998 0.000698167 -0.00198286 -0.000699556 0.999999 -0.00101116 0.0019825 0.00101184 0.999998 0.12328 0.238794 -0.984842
FixedParameters: 0 0 0

#Transform 16
Transform: AffineTransform_float_3_3
Parameters: 0.999995 0.000738719 -0.00288116 -0.000742702 0.999999 -0.0013729 0.00288072 0.00137511 0.999995 0.195594 0.256442 -1.09643
FixedParameters: 0 0 0

#Transform 17
Transform: AffineTransform_float_3_3
Parameters: 0.999998 0.000736894 -0.00159615 -0.000741126 0.999996 -0.00255952 0.00159396 0.00256048 0.999996 0.0934456 0.278535 -1.15612
FixedParameters: 0 0 0

#Transform 18
Transform: AffineTransform_float_3_3
Parameters: 0.999999 0.0013499 -0.00121593 -0.0013519 0.999997 -0.00222357 0.00121282 0.00222543 0.999997 0.0992965 0.284969 -1.22291
FixedParameters: 0 0 0

#Transform 19
Transform: AffineTransform_float_3_3
Parameters: 0.999998 0.00103468 -0.00135313 -0.00103766 0.999997 -0.00221545 0.00135052 0.00221755 0.999997 0.0958541 0.2811 -1.23059
FixedParameters: 0 0 0

#Transform 20
Transform: AffineTransform_float_3_3
Parameters: 0.999998 0.00113655 -0.00157982 -0.00114101 0.999996 -0.0024899 0.00157705 0.0024921 0.999996 0.134675 0.301299 -1.27055
FixedParameters: 0 0 0

#Transform 21
Transform: AffineTransform_float_3_3
Parameters: 0.999998 0.00114709 -0.00112869 -0.00114915 0.999998 -0.00183991 0.00112683 0.00184109 0.999998 0.0869236 0.330437 -1.2256
FixedParameters: 0 0 0

#Transform 22
Transform: AffineTransform_float_3_3
Parameters: 0.999999 0.00128732 -0.00119066 -0.00129074 0.999995 -0.00303568 0.00118665 0.00303733 0.999995 0.117331 0.340774 -1.32424
FixedParameters: 0 0 0

#Transform 23
Transform: AffineTransform_float_3_3
Parameters: 0.999999 0.00141751 -0.0002331 -0.0014181 0.999995 -0.00265382 0.000229646 0.00265518 0.999997 0.0710451 0.364453 -1.2993
FixedParameters: 0 0 0

#Transform 24
Transform: AffineTransform_float_3_3
Parameters: 0.999999 0.00158805 -0.000871719 -0.00159049 0.999993 -0.00328434 0.00086641 0.00328566 0.999994 0.0816955 0.397815 -1.33214
FixedParameters: 0 0 0

#Transform 25
Transform: AffineTransform_float_3_3
Parameters: 0.999998 0.00163256 -0.000160832 -0.00163349 0.999994 -0.00329326 0.000155459 0.00329375 0.999995 0.0288218 0.38028 -1.38028
FixedParameters: 0 0 0

#Transform 26
Transform: AffineTransform_float_3_3
Parameters: 0.999999 0.00138852 -0.000611159 -0.00139061 0.999994 -0.00331852 0.000606538 0.00331949 0.999995 0.0658167 0.39201 -1.41178
FixedParameters: 0 0 0

#Transform 27
Transform: AffineTransform_float_3_3
Parameters: 0.999999 0.00179374 0.000280002 -0.00179294 0.999994 -0.00284902 -0.000284444 0.00284798 0.999996 0.0158013 0.370932 -1.43057
FixedParameters: 0 0 0

#Transform 28
Transform: AffineTransform_float_3_3
Parameters: 0.999999 0.00156444 -0.00093963 -0.00156704 0.999994 -0.00312989 0.000934958 0.00313211 0.999994 0.109358 0.412104 -1.45044
FixedParameters: 0 0 0

#Transform 29
Transform: AffineTransform_float_3_3
Parameters: 0.999998 0.00175219 -0.000793437 -0.00175369 0.999997 -0.00193833 0.000790321 0.00193967 0.999998 0.0424979 0.395275 -1.38869
FixedParameters: 0 0 0

#Transform 30
Transform: AffineTransform_float_3_3
Parameters: 0.999997 0.00219965 0.000121461 -0.00219986 0.999995 -0.0023903 -0.000126201 0.0023897 0.999997 -0.00671009 0.41057 -1.42921
FixedParameters: 0 0 0

#Transform 31
Transform: AffineTransform_float_3_3
Parameters: 0.999997 0.00181484 -0.00150757 -0.00181758 0.999997 -0.00203919 0.00150306 0.00204181 0.999996 0.0940396 0.449322 -1.4825
FixedParameters: 0 0 0

#Transform 32
Transform: AffineTransform_float_3_3
Parameters: 0.999996 0.00233054 -0.00109433 -0.00233214 0.999996 -0.00144453 0.00109127 0.00144747 0.999998 0.0420589 0.490166 -1.43013
FixedParameters: 0 0 0

#Transform 33
Transform: AffineTransform_float_3_3
Parameters: 0.999998 0.00222026 -0.000240981 -0.00222115 0.999993 -0.00294835 0.00023419 0.00294866 0.999996 0.0294246 0.503079 -1.54795
FixedParameters: 0 0 0

#Transform 34
Transform: AffineTransform_float_3_3
Parameters: 0.999998 0.00158916 -0.000561761 -0.00159118 0.999994 -0.00307247 0.000557902 0.00307353 0.999995 0.0646575 0.557716 -1.57155
FixedParameters: 0 0 0

#Transform 35
Transform: AffineTransform_float_3_3
Parameters: 0.999998 0.00145039 -0.000710416 -0.0014522 0.999992 -0.00386069 0.000705262 0.00386131 0.999992 0.0541317 0.549952 -1.63812
FixedParameters: 0 0 0

#Transform 36
Transform: AffineTransform_float_3_3
Parameters: 0.999998 0.00172667 -0.000284209 -0.00172721 0.999993 -0.00350139 0.000278029 0.00350161 0.999994 0.0425415 0.565968 -1.62213
FixedParameters: 0 0 0

#Transform 37
Transform: AffineTransform_float_3_3
Parameters: 0.999998 0.00188762 0.000155423 -0.00188741 0.999993 -0.00321081 -0.000161768 0.00321019 0.999995 0.0488143 0.562815 -1.67617
FixedParameters: 0 0 0

#Transform 38
Transform: AffineTransform_float_3_3
Parameters: 0.999998 0.00178786 0.000686278 -0.00178574 0.999995 -0.00269254 -0.000691965 0.00269146 0.999997 0.000299512 0.569804 -1.62256
FixedParameters: 0 0 0

#Transform 39
Transform: AffineTransform_float_3_3
Parameters: 0.999998 0.0015805 0.00025848 -0.00157996 0.999994 -0.00333908 -0.000264179 0.00333892 0.999994 0.0444836 0.575886 -1.66143
FixedParameters: 0 0 0

#Transform 40
Transform: AffineTransform_float_3_3
Parameters: 0.999998 0.0017668 0.000695122 -0.00176539 0.999995 -0.00280554 -0.000700706 0.00280446 0.999996 0.0156638 0.578446 -1.66011
FixedParameters: 0 0 0

#Transform 41
Transform: AffineTransform_float_3_3
Parameters: 0.999998 0.00157704 0.000249706 -0.00157692 0.999992 -0.00365691 -0.000255073 0.00365609 0.999993 0.0691161 0.600055 -1.70435
FixedParameters: 0 0 0

#Transform 42
Transform: AffineTransform_float_3_3
Parameters: 0.999997 0.00192834 0.00107156 -0.00192531 0.999994 -0.00307638 -0.00107646 0.00307363 0.999995 0.0416235 0.597946 -1.71655
FixedParameters: 0 0 0

#Transform 43
Transform: AffineTransform_float_3_3
Parameters: 0.999999 0.00143083 -9.12853e-05 -0.00143137 0.999992 -0.00366823 8.61707e-05 0.00366777 0.999994 0.066183 0.629291 -1.7264
FixedParameters: 0 0 0

#Transform 44
Transform: AffineTransform_float_3_3
Parameters: 0.999998 0.00175752 0.000954186 -0.00175487 0.999994 -0.00317799 -0.000960629 0.00317601 0.999994 0.0612024 0.617151 -1.76198
FixedParameters: 0 0 0

#Transform 45
Transform: AffineTransform_float_3_3
Parameters: 0.999998 0.00160515 0.00101919 -0.00160164 0.999992 -0.00339343 -0.00102535 0.00339157 0.999994 0.0539369 0.649034 -1.73815
FixedParameters: 0 0 0

#Transform 46
Transform: AffineTransform_float_3_3
Parameters: 0.999998 0.00165905 0.0015779 -0.00165377 0.999992 -0.00362921 -0.00158404 0.0036268 0.999992 0.07181 0.662499 -1.80742
FixedParameters: 0 0 0

#Transform 47
Transform: AffineTransform_float_3_3
Parameters: 0.999998 0.00195061 0.00112104 -0.00194694 0.999991 -0.00362929 -0.00112784 0.00362771 0.999992 0.0273581 0.679491 -1.7972
FixedParameters: 0 0 0

#Transform 48
Transform: AffineTransform_float_3_3
Parameters: 0.999998 0.00197947 0.00118798 -0.00197513 0.999992 -0.00370846 -0.0011953 0.00370655 0.999993 0.0464547 0.676319 -1.87015
FixedParameters: 0 0 0

#Transform 49
Transform: AffineTransform_float_3_3
Parameters: 0.999998 0.00197882 0.00118905 -0.00197485 0.999993 -0.0031643 -0.00119461 0.0031617 0.999995 0.00128319 0.690238 -1.80983
FixedParameters: 0 0 0

#Transform 50
Transform: AffineTransform_float_3_3
Parameters: 0.999997 0.00203472 0.00131959 -0.00203123 0.999993 -0.00316464 -0.00132603 0.00316137 0.999994 -0.00421389 0.6776 -1.89352
FixedParameters: 0 0 0

#Transform 51
Transform: AffineTransform_float_3_3
Parameters: 0.999999 0.00160465 0.000839667 -0.00160129 0.999992 -0.00357165 -0.000844559 0.00357034 0.999993 0.0421021 0.685143 -1.8834
FixedParameters: 0 0 0

#Transform 52
Transform: AffineTransform_float_3_3
Parameters: 0.999997 0.00170307 0.00164972 -0.00169763 0.999994 -0.0032434 -0.00165525 0.00324061 0.999994 -0.00797137 0.687585 -1.88469
FixedParameters: 0 0 0

#Transform 53
Transform: AffineTransform_float_3_3
Parameters: 0.999999 0.00173193 0.000610863 -0.00173006 0.999992 -0.00367937 -0.000617043 0.00367863 0.999993 0.0404646 0.703883 -1.90439
FixedParameters: 0 0 0

#Transform 54
Transform: AffineTransform_float_3_3
Parameters: 0.999996 0.0022136 0.00173814 -0.00220884 0.999992 -0.00303523 -0.00174475 0.00303177 0.999994 -0.00937819 0.701405 -1.91938
FixedParameters: 0 0 0

#Transform 55
Transform: AffineTransform_float_3_3
Parameters: 0.999997 0.00215373 0.00159414 -0.00214812 0.999991 -0.00373718 -0.00160209 0.00373383 0.999992 0.00478416 0.727182 -1.90396
FixedParameters: 0 0 0

#Transform 56
Transform: AffineTransform_float_3_3
Parameters: 0.999995 0.00227379 0.00187603 -0.00226718 0.999992 -0.00344216 -0.00188353 0.00343784 0.999992 -0.00183914 0.714587 -1.97069
FixedParameters: 0 0 0

#Transform 57
Transform: AffineTransform_float_3_3
Parameters: 0.999996 0.00222992 0.00210506 -0.00222386 0.999992 -0.00325223 -0.00211195 0.00324777 0.999992 -0.0163549 0.728015 -1.94164
FixedParameters: 0 0 0

#Transform 58
Transform: AffineTransform_float_3_3
Parameters: 0.999995 0.00206097 0.00244934 -0.00205283 0.999993 -0.00329906 -0.00245624 0.00329394 0.999991 -0.000947614 0.738749 -1.96386
FixedParameters: 0 0 0

#Transform 59
Transform: AffineTransform_float_3_3
Parameters: 0.999994 0.00227529 0.00263285 -0.00226633 0.999992 -0.00322565 -0.00264082 0.00321935 0.999992 -0.0266194 0.740524 -1.97969
FixedParameters: 0 0 0

#Transform 60
Transform: AffineTransform_float_3_3
Parameters: 0.999998 0.00159298 0.0017196 -0.00158756 0.999993 -0.00337532 -0.00172445 0.00337268 0.999993 -0.00963628 0.752555 -1.9534
FixedParameters: 0 0 0

#Transform 61
Transform: AffineTransform_float_3_3
Parameters: 0.999996 0.00207452 0.00227274 -0.00206755 0.999993 -0.00329873 -0.00227973 0.00329427 0.999992 -0.0391474 0.756461 -1.99755
FixedParameters: 0 0 0

#Transform 62
Transform: AffineTransform_float_3_3
Parameters: 0.999997 0.00200064 0.00123935 -0.00199733 0.999992 -0.00329758 -0.00124611 0.00329542 0.999993 -0.0211231 0.762842 -1.98558
FixedParameters: 0 0 0

#Transform 63
Transform: AffineTransform_float_3_3
Parameters: 0.999997 0.00213146 0.00169049 -0.00212665 0.999993 -0.00313635 -0.00169703 0.00313266 0.999994 -0.0308846 0.750009 -2.00271
FixedParameters: 0 0 0

#Transform 64
Transform: AffineTransform_float_3_3
Parameters: 0.999997 0.00216606 0.00162969 -0.00216154 0.999994 -0.00259927 -0.0016349 0.00259573 0.999995 -0.0609389 0.779725 -1.95713
FixedParameters: 0 0 0

#Transform 65
Transform: AffineTransform_float_3_3
Parameters: 0.999997 0.0019301 0.00107653 -0.00192692 0.999994 -0.00288018 -0.001082 0.00287882 0.999995 5.81951e-05 0.747357 -2.08601
FixedParameters: 0 0 0

#Transform 66
Transform: AffineTransform_float_3_3
Parameters: 0.999998 0.00175873 0.000890088 -0.00175635 0.999995 -0.00274188 -0.000895399 0.00274013 0.999996 0.00549566 0.779578 -2.01371
FixedParameters: 0 0 0

#Transform 67
Transform: AffineTransform_float_3_3
Parameters: 0.999997 0.00200287 0.00124818 -0.00199951 0.999995 -0.0025576 -0.00125278 0.0025554 0.999996 0.00405461 0.788456 -2.0943
FixedParameters: 0 0 0

#Transform 68
Transform: AffineTransform_float_3_3
Parameters: 0.999998 0.00198178 0.00120143 -0.00197982 0.999996 -0.00202333 -0.00120603 0.00202067 0.999998 -0.0350093 0.798715 -2.00814
FixedParameters: 0 0 0

#Transform 69
Transform: AffineTransform_float_3_3
Parameters: 0.999997 0.00208055 0.00143045 -0.00207786 0.999995 -0.00245908 -0.00143556 0.00245592 0.999996 -0.000838064 0.793085 -2.10863
FixedParameters: 0 0 0

#Transform 70
Transform: AffineTransform_float_3_3
Parameters: 0.999996 0.00196292 0.00193615 -0.00195958 0.999997 -0.00171018 -0.00194037 0.00170682 0.999997 -0.041977 0.81638 -2.03411
FixedParameters: 0 0 0

#Transform 71
Transform: AffineTransform_float_3_3
Parameters: 0.999997 0.00187526 0.0018725 -0.00186963 0.999995 -0.00266374 -0.00187736 0.00266026 0.999995 -0.00816868 0.812698 -2.10796
FixedParameters: 0 0 0

#Transform 72
Transform: AffineTransform_float_3_3
Parameters: 0.999997 0.0017909 0.00202262 -0.00178474 0.999994 -0.00282384 -0.00202721 0.00282015 0.999994 -0.0100776 0.809283 -2.14031
FixedParameters: 0 0 0

#Transform 73
Transform: AffineTransform_float_3_3
Parameters: 0.999997 0.00173223 0.00204765 -0.00172598 0.999995 -0.00290777 -0.00205312 0.00290423 0.999994 -0.0149683 0.825892 -2.1244
FixedParameters: 0 0 0

#Transform 74
Transform: AffineTransform_float_3_3
Parameters: 0.999997 0.0017061 0.00205898 -0.00170056 0.999995 -0.00272074 -0.00206367 0.00271726 0.999994 0.00406521 0.840314 -2.08237
FixedParameters: 0 0 0

#Transform 75
Transform: AffineTransform_float_3_3
Parameters: 0.999994 0.00180192 0.00294966 -0.00179724 0.999997 -0.0015103 -0.00295221 0.00150469 0.999995 -0.00513243 0.84548 -2.08161
FixedParameters: 0 0 0

#Transform 76
Transform: AffineTransform_float_3_3
Parameters: 0.999997 0.00142447 0.0020035 -0.00141927 0.999997 -0.00225028 -0.0020061 0.00224672 0.999995 0.00553748 0.853094 -2.06978
FixedParameters: 0 0 0

#Transform 77
Transform: AffineTransform_float_3_3
Parameters: 0.999994 0.001705 0.00306038 -0.0016984 0.999997 -0.00191836 -0.00306363 0.00191364 0.999993 0.0234026 0.855786 -2.15258
FixedParameters: 0 0 0

#Transform 78
Transform: AffineTransform_float_3_3
Parameters: 0.999994 0.00192193 0.00286392 -0.00191864 0.999997 -0.00122001 -0.00286703 0.00121399 0.999995 -0.0283725 0.879658 -2.08587
FixedParameters: 0 0 0

#Transform 79
Transform: AffineTransform_float_3_3
Parameters: 0.999993 0.00149652 0.0033755 -0.00148989 0.999997 -0.00180188 -0.00337853 0.00179611 0.999992 0.0569326 0.870996 -2.17528
FixedParameters: 0 0 0

#Transform 80
Transform: AffineTransform_float_3_3
Parameters: 0.99999 0.00201914 0.00399329 -0.00201596 0.999998 -0.000747766 -0.00399512 0.000740231 0.999991 -0.00863625 0.882231 -2.11042
FixedParameters: 0 0 0

#Transform 81
Transform: AffineTransform_float_3_3
Parameters: 0.99999 0.00173966 0.00394038 -0.00173103 0.999997 -0.00203175 -0.0039443 0.00202524 0.99999 0.0352298 0.885627 -2.18184
FixedParameters: 0 0 0

#Transform 82
Transform: AffineTransform_float_3_3
Parameters: 0.999988 0.00205895 0.0045555 -0.00205392 0.999997 -0.00126421 -0.00455795 0.00125479 0.999988 -0.00999195 0.894618 -2.13317
FixedParameters: 0 0 0

#Transform 83
Transform: AffineTransform_float_3_3
Parameters: 0.999987 0.00219519 0.00456261 -0.00218825 0.999996 -0.00157148 -0.00456635 0.00156152 0.999988 -0.00582714 0.895215 -2.11966
FixedParameters: 0 0 0

#Transform 84
Transform: AffineTransform_float_3_3
Parameters: 0.999982 0.00185586 0.00557476 -0.00184722 0.999997 -0.00155775 -0.00557791 0.00154725 0.999983 0.0257447 0.877663 -2.19853
FixedParameters: 0 0 0

#Transform 85
Transform: AffineTransform_float_3_3
Parameters: 0.999986 0.00210499 0.00482829 -0.00210027 0.999998 -0.000970631 -0.0048304 0.000960368 0.999987 -0.0119892 0.908097 -2.14819
FixedParameters: 0 0 0

#Transform 86
Transform: AffineTransform_float_3_3
Parameters: 0.999984 0.00237686 0.00517119 -0.00237173 0.999997 -0.00112468 -0.00517376 0.00111232 0.999986 -0.0137113 0.91599 -2.15417
FixedParameters: 0 0 0

#Transform 87
Transform: AffineTransform_float_3_3
Parameters: 0.999983 0.00195582 0.0053765 -0.00194993 0.999998 -0.00098044 -0.00537836 0.000969557 0.999985 0.00863117 0.88986 -2.21102
FixedParameters: 0 0 0

#Transform 88
Transform: AffineTransform_float_3_3
Parameters: 0.999981 0.00237294 0.00578695 -0.00236613 0.999997 -0.00115188 -0.00578964 0.00113812 0.999982 -0.0354392 0.907701 -2.19818
FixedParameters: 0 0 0

#Transform 89
Transform: AffineTransform_float_3_3
Parameters: 0.999984 0.00199393 0.00542128 -0.00198597 0.999997 -0.00141852 -0.00542378 0.00140848 0.999984 -0.0149532 0.944476 -2.22068
FixedParameters: 0 0 0

#Transform 90
Transform: AffineTransform_float_3_3
Parameters: 0.999979 0.00198168 0.00619078 -0.00197134 0.999996 -0.00158407 -0.00619311 0.00157192 0.999979 0.00838462 0.931767 -2.30163
FixedParameters: 0 0 0

#Transform 91
Transform: AffineTransform_float_3_3
Parameters: 0.999984 0.0018903 0.00535343 -0.00188391 0.999998 -0.00129005 -0.00535515 0.00127996 0.999985 -0.0134578 0.948049 -2.24125
FixedParameters: 0 0 0

#Transform 92
Transform: AffineTransform_float_3_3
Parameters: 0.999984 0.00172095 0.00542556 -0.00171398 0.999998 -0.00127611 -0.00542812 0.00126689 0.999985 0.0306609 0.922698 -2.33681
FixedParameters: 0 0 0

#Transform 93
Transform: AffineTransform_float_3_3
Parameters: 0.999984 0.0020568 0.00519006 -0.00205233 0.999997 -0.000967759 -0.00519167 0.000957243 0.999986 -0.0158142 0.944567 -2.27948
FixedParameters: 0 0 0

#Transform 94
Transform: AffineTransform_float_3_3
Parameters: 0.999986 0.00109864 0.0050389 -0.0010909 0.999998 -0.00166944 -0.00504087 0.00166356 0.999986 0.0638718 0.908802 -2.37712
FixedParameters: 0 0 0

#Transform 95
Transform: AffineTransform_float_3_3
Parameters: 0.999984 0.00186956 0.00536201 -0.00186598 0.999998 -0.000681956 -0.00536298 0.000672044 0.999985 -0.0106142 0.940463 -2.29413
FixedParameters: 0 0 0

#Transform 96
Transform: AffineTransform_float_3_3
Parameters: 0.999983 0.00141384 0.00555672 -0.00140527 0.999998 -0.00163868 -0.00555835 0.00163033 0.999983 0.0270707 0.956371 -2.35477
FixedParameters: 0 0 0

#Transform 97
Transform: AffineTransform_float_3_3
Parameters: 0.999986 0.00183908 0.0051012 -0.00183486 0.999997 -0.000869672 -0.00510242 0.000860329 0.999987 -0.0297403 0.960986 -2.29392
FixedParameters: 0 0 0

#Transform 98
Transform: AffineTransform_float_3_3
Parameters: 0.999983 0.00187043 0.00554004 -0.00186533 0.999998 -0.00104678 -0.00554119 0.00103623 0.999985 -0.0114412 0.957121 -2.34219
FixedParameters: 0 0 0

#Transform 99
Transform: AffineTransform_float_3_3
Parameters: 0.999986 0.00190422 0.00488981 -0.00189999 0.999998 -0.000813266 -0.00489132 0.000804732 0.999987 -0.0524216 0.983941 -2.28613
FixedParameters: 0 0 0

#Transform 100
Transform: AffineTransform_float_3_3
Parameters: 0.999982 0.0015267 0.00591798 -0.00151983 0.999998 -0.00116178 -0.00591969 0.00115322 0.999982 -0.00921333 0.967564 -2.3659
FixedParameters: 0 0 0

#Transform 101
Transform: AffineTransform_float_3_3
Parameters: 0.999982 0.00150316 0.00580832 -0.00149699 0.999998 -0.00104484 -0.00581002 0.00103616 0.999982 -0.00413611 0.969062 -2.37378
FixedParameters: 0 0 0

#Transform 102
Transform: AffineTransform_float_3_3
Parameters: 0.999986 0.000335404 0.00541372 -0.000322994 0.999997 -0.00243246 -0.00541485 0.00243055 0.999982 0.0760172 0.968909 -2.46866
FixedParameters: 0 0 0

#Transform 103
Transform: AffineTransform_float_3_3
Parameters: 0.999982 0.00124307 0.00587323 -0.00123233 0.999998 -0.00176724 -0.00587553 0.00176076 0.999981 0.00539552 0.963247 -2.45839
FixedParameters: 0 0 0

#Transform 104
Transform: AffineTransform_float_3_3
Parameters: 0.999985 0.000383906 0.00556328 -0.000371941 0.999998 -0.00220941 -0.00556395 0.00220759 0.999982 0.0374299 0.962584 -2.47655
FixedParameters: 0 0 0

#Transform 105
Transform: AffineTransform_float_3_3
Parameters: 0.99998 0.000421887 0.0062751 -0.000402947 0.999995 -0.00294385 -0.0062764 0.00294115 0.999976 0.034945 0.990421 -2.51978
FixedParameters: 0 0 0

#Transform 106
Transform: AffineTransform_float_3_3
Parameters: 0.99998 -0.000118408 0.00631796 0.000134295 0.999997 -0.00249288 -0.0063183 0.00249412 0.999977 0.0289036 1.00187 -2.50461
FixedParameters: 0 0 0

#Transform 107
Transform: AffineTransform_float_3_3
Parameters: 0.99998 -0.000337354 0.00642848 0.000359142 0.999994 -0.00339985 -0.00642658 0.00340115 0.999973 0.078989 1.02207 -2.60647
FixedParameters: 0 0 0

#Transform 108
Transform: AffineTransform_float_3_3
Parameters: 0.99998 4.40363e-05 0.00641541 -2.67875e-05 0.999997 -0.00267506 -0.00641487 0.00267495 0.999976 0.0228248 1.05465 -2.56659
FixedParameters: 0 0 0

#Transform 109
Transform: AffineTransform_float_3_3
Parameters: 0.999979 1.89194e-05 0.00637966 1.03385e-06 0.999995 -0.00317973 -0.00637965 0.00317927 0.999974 0.0528567 1.09103 -2.59924
FixedParameters: 0 0 0

#Transform 110
Transform: AffineTransform_float_3_3
Parameters: 0.999978 0.000339405 0.00669878 -0.000322432 0.999997 -0.00254197 -0.00669974 0.00254004 0.999974 0.00772904 1.06128 -2.61681
FixedParameters: 0 0 0

#Transform 111
Transform: AffineTransform_float_3_3
Parameters: 0.99998 0.000327262 0.00642881 -0.000310836 0.999997 -0.00253467 -0.00643009 0.00253233 0.999976 -0.00283354 1.09434 -2.58149
FixedParameters: 0 0 0

#Transform 112
Transform: AffineTransform_float_3_3
Parameters: 0.999978 6.87568e-05 0.00654117 -4.72783e-05 0.999995 -0.00321769 -0.00654149 0.0032173 0.999973 0.023711 1.08934 -2.68061
FixedParameters: 0 0 0

#Transform 113
Transform: AffineTransform_float_3_3
Parameters: 0.999979 0.00115704 0.00636066 -0.00114335 0.999997 -0.00218411 -0.00636297 0.00217689 0.999977 -0.0520075 1.1391 -2.61094
FixedParameters: 0 0 0

#Transform 114
Transform: AffineTransform_float_3_3
Parameters: 0.999977 0.000799775 0.0067021 -0.000782364 0.999996 -0.00254564 -0.00670447 0.00254036 0.999974 0.00656125 1.15549 -2.64352
FixedParameters: 0 0 0

#Transform 115
Transform: AffineTransform_float_3_3
Parameters: 0.999974 0.00083304 0.00717857 -0.000817496 0.999997 -0.00215587 -0.00717994 0.00215012 0.999971 -0.0194358 1.16551 -2.59817
FixedParameters: 0 0 0

#Transform 116
Transform: AffineTransform_float_3_3
Parameters: 0.999977 0.00105527 0.0066233 -0.00104214 0.999997 -0.00191707 -0.00662538 0.00190992 0.999976 -0.0330007 1.18825 -2.57785
FixedParameters: 0 0 0

#Transform 117
Transform: AffineTransform_float_3_3
Parameters: 0.99998 0.00133519 0.00615313 -0.00132668 0.999998 -0.0014325 -0.00615525 0.00142351 0.99998 -0.02528 1.18547 -2.64581
FixedParameters: 0 0 0

#Transform 118
Transform: AffineTransform_float_3_3
Parameters: 0.999981 0.00203454 0.00585474 -0.00203032 0.999997 -0.000681608 -0.00585593 0.00066939 0.999982 -0.0747369 1.22599 -2.53774
FixedParameters: 0 0 0

#Transform 119
Transform: AffineTransform_float_3_3
Parameters: 0.99998 0.00152325 0.00621955 -0.00151528 0.999998 -0.00126834 -0.00622119 0.00125966 0.99998 -0.0292588 1.17813 -2.69068
FixedParameters: 0 0 0

#Transform 120
Transform: AffineTransform_float_3_3
Parameters: 0.999977 0.00207134 0.00648775 -0.002067 0.999997 -0.00055354 -0.00648884 0.000540455 0.999979 -0.0742338 1.21319 -2.58989
FixedParameters: 0 0 0

#Transform 121
Transform: AffineTransform_float_3_3
Parameters: 0.999976 0.00181152 0.00659899 -0.00180252 0.999997 -0.00134474 -0.00660124 0.00133326 0.999977 -0.0611475 1.19686 -2.67631
FixedParameters: 0 0 0

#Transform 122
Transform: AffineTransform_float_3_3
Parameters: 0.999972 0.00191213 0.00714081 -0.0019101 0.999999 -0.000277227 -0.00714106 0.000263773 0.999974 -0.0906719 1.22582 -2.59672
FixedParameters: 0 0 0

#Transform 123
Transform: AffineTransform_float_3_3
Parameters: 0.999979 0.0011164 0.00640048 -0.00111282 0.999999 -0.000600927 -0.00640116 0.000594074 0.999979 -0.0202399 1.23938 -2.66448
FixedParameters: 0 0 0

#Transform 124
Transform: AffineTransform_float_3_3
Parameters: 0.999973 0.0020539 0.00702915 -0.00205469 0.999998 0.000114828 -0.00702904 -0.000129173 0.999975 -0.0865165 1.25378 -2.5973
FixedParameters: 0 0 0

#Transform 125
Transform: AffineTransform_float_3_3
Parameters: 0.99998 0.00153448 0.00617458 -0.0015326 0.999999 -0.000306567 -0.00617473 0.000296434 0.999981 -0.068528 1.27646 -2.61405
FixedParameters: 0 0 0

#Transform 126
Transform: AffineTransform_float_3_3
Parameters: 0.999974 0.00184841 0.00687402 -0.00184934 0.999999 0.000194994 -0.00687406 -0.000208011 0.999977 -0.0801599 1.26297 -2.6527
FixedParameters: 0 0 0

#Transform 127
Transform: AffineTransform_float_3_3
Parameters: 0.999977 0.00204962 0.00635817 -0.00205483 0.999997 0.000692474 -0.00635687 -0.000705521 0.999979 -0.105676 1.28572 -2.57444
FixedParameters: 0 0 0

#Transform 128
Transform: AffineTransform_float_3_3
Parameters: 0.999977 0.00201212 0.00656561 -0.00201224 0.999998 0.000171828 -0.00656475 -0.000185178 0.999978 -0.0846465 1.29662 -2.63441
FixedParameters: 0 0 0

#Transform 129
Transform: AffineTransform_float_3_3
Parameters: 0.99998 0.00217354 0.00604045 -0.00218208 0.999997 0.00131034 -0.00603784 -0.00132365 0.99998 -0.121318 1.30778 -2.53007
FixedParameters: 0 0 0

#Transform 130
Transform: AffineTransform_float_3_3
Parameters: 0.999982 0.00173157 0.00562798 -0.0017394 0.999998 0.00138081 -0.00562538 -0.00139019 0.999983 -0.091863 1.31216 -2.56725
FixedParameters: 0 0 0

#Transform 131
Transform: AffineTransform_float_3_3
Parameters: 0.99998 0.00235469 0.00598647 -0.00236858 0.999995 0.00226321 -0.0059803 -0.00227778 0.999979 -0.185052 1.33366 -2.49835
FixedParameters: 0 0 0

#Transform 132
Transform: AffineTransform_float_3_3
Parameters: 0.999982 0.00202416 0.00551514 -0.00203217 0.999997 0.00130423 -0.00551257 -0.00131576 0.999984 -0.125955 1.30007 -2.61206
FixedParameters: 0 0 0

#Transform 133
Transform: AffineTransform_float_3_3
Parameters: 0.99998 0.00254409 0.0057872 -0.00255794 0.999994 0.00226964 -0.00578198 -0.00228335 0.999981 -0.176928 1.30146 -2.57622
FixedParameters: 0 0 0

#Transform 134
Transform: AffineTransform_float_3_3
Parameters: 0.999988 0.00182814 0.00439284 -0.00183759 0.999996 0.00201591 -0.00438895 -0.00202409 0.999988 -0.175293 1.3424 -2.54588
FixedParameters: 0 0 0

#Transform 135
Transform: AffineTransform_float_3_3
Parameters: 0.999981 0.00242742 0.00555975 -0.00244679 0.999991 0.00343993 -0.00555207 -0.00345407 0.999979 -0.234637 1.32931 -2.51844
FixedParameters: 0 0 0

#Transform 136
Transform: AffineTransform_float_3_3
Parameters: 0.999986 0.00203867 0.00503114 -0.00205307 0.999993 0.00298211 -0.00502556 -0.00299189 0.999983 -0.194696 1.35074 -2.52806
FixedParameters: 0 0 0

#Transform 137
Transform: AffineTransform_float_3_3
Parameters: 0.99998 0.00229035 0.00588325 -0.00230785 0.999993 0.00292383 -0.00587589 -0.00293717 0.999978 -0.195559 1.32448 -2.57447
FixedParameters: 0 0 0

#Transform 138
Transform: AffineTransform_float_3_3
Parameters: 0.999982 0.00205032 0.00554497 -0.00206477 0.999994 0.00257922 -0.00553927 -0.00258978 0.999981 -0.166161 1.37783 -2.53312
FixedParameters: 0 0 0

#Transform 139
Transform: AffineTransform_float_3_3
Parameters: 0.999981 0.00211218 0.00569455 -0.00212951 0.999993 0.00308671 -0.00568794 -0.00309929 0.999979 -0.152213 1.35285 -2.59376
FixedParameters: 0 0 0

#Transform 140
Transform: AffineTransform_float_3_3
Parameters: 0.999983 0.00233669 0.0052964 -0.00235894 0.999989 0.00405869 -0.00528722 -0.00407131 0.999978 -0.189899 1.374 -2.45684
FixedParameters: 0 0 0

#Transform 141
Transform: AffineTransform_float_3_3
Parameters: 0.999984 0.00176257 0.00548475 -0.00177979 0.999994 0.0030645 -0.00547868 -0.00307449 0.99998 -0.127691 1.3596 -2.59793
FixedParameters: 0 0 0

#Transform 142
Transform: AffineTransform_float_3_3
Parameters: 0.999981 0.00211491 0.005912 -0.00214289 0.999987 0.00465492 -0.00590256 -0.00466708 0.999972 -0.195559 1.39258 -2.47415
FixedParameters: 0 0 0

#Transform 143
Transform: AffineTransform_float_3_3
Parameters: 0.999984 0.00165136 0.00543329 -0.00167339 0.99999 0.00404518 -0.00542697 -0.00405381 0.999977 -0.123601 1.37838 -2.51362
FixedParameters: 0 0 0

#Transform 144
Transform: AffineTransform_float_3_3
Parameters: 0.999983 0.00194058 0.00553494 -0.00196765 0.999986 0.00500962 -0.00552522 -0.00502039 0.999972 -0.185536 1.38357 -2.48448
FixedParameters: 0 0 0

#Transform 145
Transform: AffineTransform_float_3_3
Parameters: 0.999986 0.00163833 0.00491338 -0.00166442 0.999985 0.00517123 -0.00490461 -0.00517876 0.999975 -0.17222 1.41616 -2.47108
FixedParameters: 0 0 0

#Transform 146
Transform: AffineTransform_float_3_3
Parameters: 0.999982 0.00216373 0.00570039 -0.00219822 0.999978 0.00616373 -0.00568648 -0.00617628 0.999965 -0.201728 1.39657 -2.46509
FixedParameters: 0 0 0

#Transform 147
Transform: AffineTransform_float_3_3
Parameters: 0.999987 0.00172792 0.00494287 -0.00175767 0.999981 0.00588458 -0.00493222 -0.00589241 0.99997 -0.184008 1.42011 -2.41481
FixedParameters: 0 0 0

#Transform 148
Transform: AffineTransform_float_3_3
Parameters: 0.999983 0.00188807 0.00551664 -0.00191854 0.999984 0.00541893 -0.00550627 -0.00542907 0.99997 -0.146725 1.39099 -2.56561
FixedParameters: 0 0 0

#Transform 149
Transform: AffineTransform_float_3_3
Parameters: 0.999983 0.00145199 0.00567853 -0.00148751 0.999978 0.00641518 -0.00566899 -0.00642382 0.999963 -0.156033 1.41708 -2.43005
FixedParameters: 0 0 0

#Transform 150
Transform: AffineTransform_float_3_3
Parameters: 0.999983 0.00167036 0.00555139 -0.00170033 0.999985 0.00529222 -0.00554249 -0.00530078 0.999971 -0.108984 1.40854 -2.54967
FixedParameters: 0 0 0

#Transform 151
Transform: AffineTransform_float_3_3
Parameters: 0.999984 0.0020056 0.00514647 -0.00204138 0.999975 0.00682735 -0.00513236 -0.00683664 0.999963 -0.184432 1.44533 -2.42862
FixedParameters: 0 0 0

#Transform 152
Transform: AffineTransform_float_3_3
Parameters: 0.999986 0.00151821 0.0050564 -0.00154851 0.999981 0.00593439 -0.00504754 -0.00594261 0.999969 -0.0991203 1.42795 -2.5647
FixedParameters: 0 0 0

#Transform 153
Transform: AffineTransform_float_3_3
Parameters: 0.999987 0.00147313 0.00485575 -0.00150714 0.999975 0.00698455 -0.00484492 -0.00699246 0.999964 -0.176686 1.46098 -2.43011
FixedParameters: 0 0 0

#Transform 154
Transform: AffineTransform_float_3_3
Parameters: 0.999983 0.00150412 0.00563538 -0.00153797 0.99998 0.00611695 -0.00562622 -0.00612605 0.999965 -0.133792 1.42527 -2.57036
FixedParameters: 0 0 0

#Transform 155
Transform: AffineTransform_float_3_3
Parameters: 0.999986 0.00155065 0.00510747 -0.00158466 0.999976 0.00663949 -0.00509664 -0.0066475 0.999965 -0.155055 1.44348 -2.47177
FixedParameters: 0 0 0

#Transform 156
Transform: AffineTransform_float_3_3
Parameters: 0.999985 0.00106069 0.00536468 -0.00109143 0.999983 0.00574418 -0.0053589 -0.00574982 0.999969 -0.0998923 1.47739 -2.57371
FixedParameters: 0 0 0

#Transform 157
Transform: AffineTransform_float_3_3
Parameters: 0.999983 0.00140852 0.00567323 -0.00144922 0.999973 0.00712157 -0.00566336 -0.00713043 0.999959 -0.141088 1.4782 -2.5258
FixedParameters: 0 0 0

#Transform 158
Transform: AffineTransform_float_3_3
Parameters: 0.999989 0.00112019 0.00451469 -0.00114865 0.99998 0.00628293 -0.00450807 -0.00628806 0.99997 -0.086295 1.48182 -2.58548
FixedParameters: 0 0 0

#Transform 159
Transform: AffineTransform_float_3_3
Parameters: 0.999986 0.00119523 0.00502748 -0.00123209 0.999973 0.00728935 -0.00501871 -0.00729566 0.999961 -0.171733 1.47193 -2.55569
FixedParameters: 0 0 0

#Transform 160
Transform: AffineTransform_float_3_3
Parameters: 0.999991 0.00135719 0.00417299 -0.00138542 0.999977 0.00667803 -0.00416415 -0.00668296 0.999969 -0.125996 1.4784 -2.6099
FixedParameters: 0 0 0

#Transform 161
Transform: AffineTransform_float_3_3
Parameters: 0.999988 0.00146016 0.00481508 -0.00149925 0.999967 0.00805066 -0.00480319 -0.00805835 0.999956 -0.201018 1.48313 -2.55297
FixedParameters: 0 0 0

#Transform 162
Transform: AffineTransform_float_3_3
Parameters: 0.999991 0.00106707 0.00392236 -0.00109321 0.999978 0.00653659 -0.00391563 -0.00654141 0.999971 -0.097483 1.46337 -2.68898
FixedParameters: 0 0 0

#Transform 163
Transform: AffineTransform_float_3_3
Parameters: 0.99999 0.00148111 0.0043787 -0.00151653 0.999965 0.00813471 -0.00436731 -0.00814129 0.999958 -0.196909 1.51645 -2.53704
FixedParameters: 0 0 0

#Transform 164
Transform: AffineTransform_float_3_3
Parameters: 0.999991 0.00123717 0.00419447 -0.00126802 0.999972 0.00738165 -0.00418479 -0.00738635 0.999964 -0.138827 1.49593 -2.65152
FixedParameters: 0 0 0

#Transform 165
Transform: AffineTransform_float_3_3
Parameters: 0.999988 0.00137802 0.00465207 -0.00141576 0.999966 0.00813213 -0.00463998 -0.00813787 0.999956 -0.166024 1.51924 -2.55154
FixedParameters: 0 0 0

#Transform 166
Transform: AffineTransform_float_3_3
Parameters: 0.99999 0.000899518 0.00424695 -0.000931813 0.99997 0.00759696 -0.00423909 -0.00760104 0.999962 -0.0858468 1.49147 -2.69006
FixedParameters: 0 0 0

#Transform 167
Transform: AffineTransform_float_3_3
Parameters: 0.999991 0.00123072 0.00419141 -0.00126412 0.999967 0.00802068 -0.00418139 -0.00802532 0.999959 -0.122773 1.53667 -2.54282
FixedParameters: 0 0 0

#Transform 168
Transform: AffineTransform_float_3_3
Parameters: 0.99999 0.00118093 0.00436816 -0.00121524 0.999969 0.00773882 -0.00435829 -0.00774417 0.999961 -0.113269 1.53049 -2.62058
FixedParameters: 0 0 0

#Transform 169
Transform: AffineTransform_float_3_3
Parameters: 0.999988 0.00123486 0.00486186 -0.00127503 0.999965 0.00825882 -0.00485162 -0.00826516 0.999954 -0.151067 1.53988 -2.5433
FixedParameters: 0 0 0

#Transform 170
Transform: AffineTransform_float_3_3
Parameters: 0.999991 0.000975207 0.00418376 -0.00100875 0.999968 0.00803519 -0.00417557 -0.00803981 0.999959 -0.112327 1.55646 -2.53905
FixedParameters: 0 0 0

#Transform 171
Transform: AffineTransform_float_3_3
Parameters: 0.999989 0.00120619 0.00437173 -0.00124012 0.999969 0.00774971 -0.00436276 -0.00775528 0.99996 -0.108714 1.53643 -2.63466
FixedParameters: 0 0 0

#Transform 172
Transform: AffineTransform_float_3_3
Parameters: 0.999989 0.00147363 0.00440665 -0.00150936 0.999964 0.0082687 -0.00439445 -0.0082753 0.999956 -0.142434 1.56371 -2.52873
FixedParameters: 0 0 0

#Transform 173
Transform: AffineTransform_float_3_3
Parameters: 0.999989 0.00116667 0.00451464 -0.00120276 0.999967 0.00803472 -0.00450453 -0.00804029 0.999958 -0.0940026 1.53199 -2.63392
FixedParameters: 0 0 0

#Transform 174
Transform: AffineTransform_float_3_3
Parameters: 0.999995 0.000861673 0.00323143 -0.000887812 0.999965 0.00828249 -0.00322419 -0.00828451 0.99996 -0.0983028 1.57557 -2.49608
FixedParameters: 0 0 0

#Transform 175
Transform: AffineTransform_float_3_3
Parameters: 0.999988 0.00159011 0.00474574 -0.00163083 0.99996 0.00873235 -0.00473111 -0.00873965 0.999951 -0.154804 1.55363 -2.54431
FixedParameters: 0 0 0

#Transform 176
Transform: AffineTransform_float_3_3
Parameters: 0.999993 0.000979923 0.00381123 -0.0010124 0.999963 0.00851039 -0.00380257 -0.00851361 0.999957 -0.122826 1.57873 -2.52727
FixedParameters: 0 0 0

#Transform 177
Transform: AffineTransform_float_3_3
Parameters: 0.999989 0.0014229 0.00458874 -0.0014635 0.99996 0.00881565 -0.00457601 -0.00882235 0.99995 -0.119669 1.55324 -2.56828
FixedParameters: 0 0 0

#Transform 178
Transform: AffineTransform_float_3_3
Parameters: 0.99999 0.0014887 0.00423552 -0.00152871 0.999954 0.00950037 -0.0042218 -0.00950663 0.999946 -0.15018 1.54846 -2.46395
FixedParameters: 0 0 0

#Transform 179
Transform: AffineTransform_float_3_3
Parameters: 0.999992 0.000888355 0.00385878 -0.000921912 0.999962 0.0087147 -0.00385077 -0.00871731 0.999955 -0.126719 1.56451 -2.53491
FixedParameters: 0 0 0
