#Insight Transform File V1.0
#Transform 0
Transform: AffineTransform_float_3_3
Parameters: 1 0.000497248 0.0010546 -0.000498763 0.999999 0.00115447 -0.00105384 -0.00115552 0.999999 -0.114276 -0.375487 -0.487806
FixedParameters: 0 0 0

#Transform 1
Transform: AffineTransform_float_3_3
Parameters: 0.999999 0.00086588 0.00021428 -0.000866543 0.999999 -0.000599185 -0.000214927 0.000598814 1 -0.0277193 0.0771164 0.014822
FixedParameters: 0 0 0

#Transform 2
Transform: AffineTransform_float_3_3
Parameters: 1 0.000285345 0.000188478 -0.000286243 1 -6.10539e-05 -0.000188122 6.09463e-05 1 -0.00432536 0.0697488 -0.0361911
FixedParameters: 0 0 0

#Transform 3
Transform: AffineTransform_float_3_3
Parameters: 1 0.000382884 0.000420019 -0.000384321 0.999999 0.00124484 -0.000419985 -0.00124516 0.999999 -0.0120624 0.0463695 -0.0945814
FixedParameters: 0 0 0

#Transform 4
Transform: AffineTransform_float_3_3
Parameters: 1 0.000423006 0.000527942 -0.00042355 0.999999 0.00138778 -0.000527157 -0.00138822 0.999999 -0.0335987 0.0163045 -0.0984848
FixedParameters: 0 0 0

#Transform 5
Transform: AffineTransform_float_3_3
Parameters: 0.999999 0.000493196 0.00075248 -0.000494799 0.999998 0.00229063 -0.000750998 -0.00229137 0.999997 -0.0141237 0.0112875 -0.183966
FixedParameters: 0 0 0

#Transform 6
Transform: AffineTransform_float_3_3
Parameters: 1 0.000588523 0.000955386 -0.000590169 0.999997 0.00230844 -0.000953837 -0.00230956 0.999997 -0.0403255 0.0176939 -0.173556
FixedParameters: 0 0 0

#Transform 7
Transform: AffineTransform_float_3_3
Parameters: 0.999999 0.000870852 0.000865603 -0.000872429 0.999997 0.00228225 -0.000863716 -0.00228375 0.999997 -0.0225526 0.0156556 -0.203508
FixedParameters: 0 0 0

#Transform 8
Transform: AffineTransform_float_3_3
Parameters: 1 0.000500837 0.000447192 -0.00050096 1 0.00116862 -0.000446412 -0.00116838 0.999999 -0.031107 0.0168757 -0.166714
FixedParameters: 0 0 0

#Transform 9
Transform: AffineTransform_float_3_3
Parameters: 0.999999 0.000567605 0.000457179 -0.00056832 0.999999 0.00179159 -0.000455535 -0.00179141 0.999998 -0.0478046 0.0144668 -0.142491
FixedParameters: 0 0 0

#Transform 10
Transform: AffineTransform_float_3_3
Parameters: 0.999999 0.000688308 0.000291493 -0.000689583 0.999997 0.00243065 -0.000290376 -0.00243035 0.999997 -0.00757815 -0.00354523 -0.171171
FixedParameters: 0 0 0

#Transform 11
Transform: AffineTransform_float_3_3
Parameters: 1 0.000154746 0.000516443 -0.000155498 0.999997 0.00250992 -0.000516446 -0.00251008 0.999996 -0.0295762 0.00846192 -0.195339
FixedParameters: 0 0 0

#Transform 12
Transform: AffineTransform_float_3_3
Parameters: 1 0.00031877 0.000447304 -0.000319566 0.999997 0.00250986 -0.000447404 -0.00251014 0.999996 -0.0178651 0.0125929 -0.171193
FixedParameters: 0 0 0

#Transform 13
Transform: AffineTransform_float_3_3
Parameters: 1 -0.000102839 0.000353616 0.000101696 0.999995 0.00291403 -0.000354603 -0.00291396 0.999995 -0.00184656 0.00202458 -0.195551
FixedParameters: 0 0 0

#Transform 14
Transform: AffineTransform_float_3_3
Parameters: 0.999999 0.000270826 0.00151996 -0.000275119 0.999995 0.0030551 -0.00151933 -0.0030559 0.999995 -0.0631442 -0.00334342 -0.164813
FixedParameters: 0 0 0

#Transform 15
Transform: AffineTransform_float_3_3
Parameters: 0.999999 -1.46098e-05 0.000840682 1.26215e-05 0.999997 0.00251001 -0.000840611 -0.00250999 0.999996 -0.0198494 0.0113409 -0.169019
FixedParameters: 0 0 0

#Transform 16
Transform: AffineTransform_float_3_3
Parameters: 0.999999 0.000163451 0.00126367 -0.000166169 0.999997 0.00268679 -0.00126343 -0.00268721 0.999995 -0.0630048 -0.0100252 -0.132305
FixedParameters: 0 0 0

#Transform 17
Transform: AffineTransform_float_3_3
Parameters: 1 0.000133577 0.00098655 -0.000135592 0.999997 0.00261902 -0.000986096 -0.00261998 0.999997 -0.0266952 -0.0364761 -0.109562
FixedParameters: 0 0 0

#Transform 18
Transform: AffineTransform_float_3_3
Parameters: 1 9.21496e-05 0.001096 -9.52449e-05 0.999994 0.00327026 -0.00109603 -0.00326974 0.999994 -0.0254125 -0.0550419 -0.0848369
FixedParameters: 0 0 0

#Transform 19
Transform: AffineTransform_float_3_3
Parameters: 1 0.000117667 0.00115685 -0.000121303 0.999995 0.00333186 -0.00115669 -0.00333214 0.999994 -0.0271344 -0.0582037 -0.0848905
FixedParameters: 0 0 0

#Transform 20
Transform: AffineTransform_float_3_3
Parameters: 1 -0.000306904 0.0009928 0.000304389 0.999996 0.0030493 -0.000993995 -0.0030487 0.999995 -0.00138042 -0.0389834 -0.154232
FixedParameters: 0 0 0

#Transform 21
Transform: AffineTransform_float_3_3
Parameters: 1 0.000261718 0.00102467 -0.000265734 0.999994 0.00330809 -0.0010241 -0.00330791 0.999994 -0.0367715 -0.0157767 -0.088227
FixedParameters: 0 0 0

#Transform 22
Transform: AffineTransform_float_3_3
Parameters: 1 0.000509401 0.000920541 -0.000512753 0.999993 0.00361089 -0.000919334 -0.00361111 0.999993 -0.00808124 -0.0547449 -0.159713
FixedParameters: 0 0 0

#Transform 23
Transform: AffineTransform_float_3_3
Parameters: 1 0.000162179 0.00106654 -0.000165131 0.999994 0.00329418 -0.00106611 -0.00329381 0.999994 -0.0328067 -0.0185663 -0.153245
FixedParameters: 0 0 0

#Transform 24
Transform: AffineTransform_float_3_3
Parameters: 1 3.63257e-06 0.000690454 -5.76177e-06 0.999993 0.00382436 -0.00069067 -0.00382364 0.999993 0.00524332 -0.0238553 -0.215575
FixedParameters: 0 0 0

#Transform 25
Transform: AffineTransform_float_3_3
Parameters: 1 0.000161697 0.00106662 -0.000165613 0.999993 0.00374619 -0.00106603 -0.00374582 0.999993 -0.0304414 -0.0203488 -0.239858
FixedParameters: 0 0 0

#Transform 26
Transform: AffineTransform_float_3_3
Parameters: 0.999999 7.43368e-05 0.000859192 -7.71438e-05 0.999992 0.00400309 -0.000859228 -0.00400391 0.999992 0.015133 -0.02087 -0.302437
FixedParameters: 0 0 0

#Transform 27
Transform: AffineTransform_float_3_3
Parameters: 0.999999 -7.26407e-05 0.000935051 6.9878e-05 0.999993 0.00386322 -0.000935324 -0.00386378 0.999993 -0.0125979 -0.0151373 -0.272664
FixedParameters: 0 0 0

#Transform 28
Transform: AffineTransform_float_3_3
Parameters: 0.999999 0.000468827 0.000703577 -0.000472896 0.999986 0.00523967 -0.000701126 -0.00524033 0.999986 -0.043693 -0.0388013 -0.242174
FixedParameters: 0 0 0

#Transform 29
Transform: AffineTransform_float_3_3
Parameters: 1 -0.000163329 0.000292329 0.000162636 0.999996 0.00275405 -0.000293617 -0.00275395 0.999996 -0.00181652 0.00871947 -0.249351
FixedParameters: 0 0 0

#Transform 30
Transform: AffineTransform_float_3_3
Parameters: 1 0.000224618 0.000585727 -0.000226697 0.999995 0.00334787 -0.000584997 -0.00334813 0.999994 -0.0538726 0.00230693 -0.240148
FixedParameters: 0 0 0

#Transform 31
Transform: AffineTransform_float_3_3
Parameters: 1 0.000228147 0.000135209 -0.000228654 0.999992 0.00383897 -0.000134766 -0.00383903 0.999992 -0.00686512 -0.0282559 -0.26427
FixedParameters: 0 0 0

#Transform 32
Transform: AffineTransform_float_3_3
Parameters: 1 0.000349552 0.00053329 -0.000351613 0.999992 0.00415782 -0.000532467 -0.00415819 0.999991 -0.0430287 -0.0352085 -0.299935
FixedParameters: 0 0 0

#Transform 33
Transform: AffineTransform_float_3_3
Parameters: 1 0.000271294 6.51841e-05 -0.000271343 0.99999 0.00447698 -6.4066e-05 -0.00447702 0.99999 -0.00194197 -0.0310991 -0.245401
FixedParameters: 0 0 0

#Transform 34
Transform: AffineTransform_float_3_3
Parameters: 1 0.000649752 0.000239972 -0.00065129 0.999994 0.00351169 -0.000237635 -0.00351131 0.999993 -0.0459944 0.00869059 -0.222102
FixedParameters: 0 0 0

#Transform 35
Transform: AffineTransform_float_3_3
Parameters: 1 0.000437817 8.93348e-05 -0.000437912 0.999993 0.00353296 -8.75521e-05 -0.00353304 0.999994 -0.016956 0.00156335 -0.235375
FixedParameters: 0 0 0

#Transform 36
Transform: AffineTransform_float_3_3
Parameters: 0.999999 0.000318205 0.000673327 -0.000321587 0.999991 0.00427378 -0.000672685 -0.00427421 0.99999 -0.0397898 -0.0265902 -0.265706
FixedParameters: 0 0 0

#Transform 37
Transform: AffineTransform_float_3_3
Parameters: 1 0.00013847 0.000265056 -0.000139509 0.999993 0.00369996 -0.000264419 -0.00370004 0.999993 -0.0261851 -0.028021 -0.23072
FixedParameters: 0 0 0

#Transform 38
Transform: AffineTransform_float_3_3
Parameters: 0.999999 0.00064689 0.000612664 -0.000649865 0.999989 0.00480545 -0.000609836 -0.00480555 0.999988 -0.0116295 -0.0441238 -0.24664
FixedParameters: 0 0 0

#Transform 39
Transform: AffineTransform_float_3_3
Parameters: 1 5.84008e-05 -6.24358e-05 -5.91575e-05 0.99999 0.00444101 6.24281e-05 -0.004441 0.99999 -0.00945593 -0.0381312 -0.153974
FixedParameters: 0 0 0

#Transform 40
Transform: AffineTransform_float_3_3
Parameters: 1 -5.18764e-05 -0.000325258 5.2756e-05 0.999992 0.00417999 0.000325602 -0.00418002 0.999991 0.0165824 -0.0315053 -0.25525
FixedParameters: 0 0 0

#Transform 41
Transform: AffineTransform_float_3_3
Parameters: 1 7.66969e-05 0.000637979 -7.99942e-05 0.99999 0.00433631 -0.000637161 -0.00433569 0.999991 -0.0498731 -0.0259528 -0.207534
FixedParameters: 0 0 0

#Transform 42
Transform: AffineTransform_float_3_3
Parameters: 1 0.000127552 0.000143869 -0.000128288 0.999991 0.00439598 -0.000144055 -0.00439602 0.999991 -0.0157094 -0.0275677 -0.267907
FixedParameters: 0 0 0

#Transform 43
Transform: AffineTransform_float_3_3
Parameters: 0.999999 -2.5598e-05 0.000841369 2.27797e-05 0.99999 0.00432753 -0.000841301 -0.00432747 0.999991 -0.068317 -0.0173798 -0.114675
FixedParameters: 0 0 0

#Transform 44
Transform: AffineTransform_float_3_3
Parameters: 1 -0.000471035 5.32976e-05 0.000471341 0.999991 0.00437066 -5.55757e-05 -0.00437133 0.99999 -0.00685164 -0.0214646 -0.205802
FixedParameters: 0 0 0

#Transform 45
Transform: AffineTransform_float_3_3
Parameters: 0.999999 -0.000115863 0.000846539 0.000112443 0.999989 0.00465425 -0.000847323 -0.00465475 0.999989 -0.0605352 -0.0331006 -0.100438
FixedParameters: 0 0 0

#Transform 46
Transform: AffineTransform_float_3_3
Parameters: 1 0.000124993 0.000107059 -0.000125588 0.999986 0.00525399 -0.000107053 -0.00525402 0.999986 -0.00236552 -0.0367859 -0.263468
FixedParameters: 0 0 0

#Transform 47
Transform: AffineTransform_float_3_3
Parameters: 1 0.000681948 0.000927628 -0.000689576 0.999962 0.00868037 -0.00092147 -0.00868163 0.999962 -0.0113152 -0.072841 -0.382362
FixedParameters: 0 0 0

#Transform 48
Transform: AffineTransform_float_3_3
Parameters: 0.999999 0.00100362 0.00076198 -0.00100878 0.999973 0.0072266 -0.000754244 -0.0072274 0.999974 -0.0270634 -0.0464961 -0.353062
FixedParameters: 0 0 0

#Transform 49
Transform: AffineTransform_float_3_3
Parameters: 0.999999 0.000751505 0.00058925 -0.000754853 0.999979 0.00655841 -0.000584477 -0.0065586 0.999978 -0.0272243 -0.0358221 -0.303097
FixedParameters: 0 0 0

#Transform 50
Transform: AffineTransform_float_3_3
Parameters: 0.999999 0.00045086 0.000574774 -0.00045499 0.999979 0.00647474 -0.000571392 -0.00647526 0.999979 -0.0283151 -0.0280927 -0.26715
FixedParameters: 0 0 0

#Transform 51
Transform: AffineTransform_float_3_3
Parameters: 1 0.000297537 0.000530404 -0.000300571 0.999974 0.00721484 -0.000528042 -0.00721516 0.999974 -0.0181156 -0.062359 -0.368615
FixedParameters: 0 0 0

#Transform 52
Transform: AffineTransform_float_3_3
Parameters: 0.999999 0.000527143 0.000515096 -0.000530915 0.999972 0.00739972 -0.000511061 -0.00740026 0.999972 -0.0326335 -0.0500161 -0.323813
FixedParameters: 0 0 0

#Transform 53
Transform: AffineTransform_float_3_3
Parameters: 1 0.000354486 0.000506798 -0.000358158 0.999969 0.00779918 -0.000504114 -0.00779882 0.99997 -0.0164001 -0.0461871 -0.378281
FixedParameters: 0 0 0

#Transform 54
Transform: AffineTransform_float_3_3
Parameters: 1 0.000182915 0.000364735 -0.000184846 0.999971 0.00770694 -0.000363464 -0.00770707 0.99997 -0.0282896 -0.0644532 -0.279877
FixedParameters: 0 0 0

#Transform 55
Transform: AffineTransform_float_3_3
Parameters: 0.999999 0.00066184 0.000615041 -0.000666548 0.999972 0.00739295 -0.000610326 -0.00739305 0.999973 -0.0143705 -0.061671 -0.342666
FixedParameters: 0 0 0

#Transform 56
Transform: AffineTransform_float_3_3
Parameters: 1 0.000189119 0.000669779 -0.000193071 0.999977 0.00668523 -0.000668257 -0.00668477 0.999978 -0.0377666 -0.0552608 -0.270475
FixedParameters: 0 0 0

#Transform 57
Transform: AffineTransform_float_3_3
Parameters: 1 0.000509861 0.000442106 -0.000513381 0.999974 0.00729478 -0.000438045 -0.00729523 0.999974 -0.0200718 -0.0488444 -0.287582
FixedParameters: 0 0 0

#Transform 58
Transform: AffineTransform_float_3_3
Parameters: 1 0.000355813 0.000506131 -0.000358277 0.999975 0.00700218 -0.000503085 -0.00700182 0.999976 -0.0341666 -0.0474092 -0.306582
FixedParameters: 0 0 0

#Transform 59
Transform: AffineTransform_float_3_3
Parameters: 1 0.000273922 -1.76089e-07 -0.000274684 0.999972 0.007395 2.39209e-06 -0.00739499 0.999972 -0.0137977 -0.0721256 -0.245442
FixedParameters: 0 0 0

#Transform 60
Transform: AffineTransform_float_3_3
Parameters: 1 6.91035e-05 0.000625313 -7.44092e-05 0.99997 0.00781996 -0.000623913 -0.00782005 0.999969 -0.0338109 -0.103852 -0.27522
FixedParameters: 0 0 0

#Transform 61
Transform: AffineTransform_float_3_3
Parameters: 1 0.000365968 0.000501904 -0.000369687 0.999975 0.00700217 -0.000499236 -0.00700182 0.999976 -0.0555046 -0.0999267 -0.194674
FixedParameters: 0 0 0

#Transform 62
Transform: AffineTransform_float_3_3
Parameters: 1 0.000303705 0.000527738 -0.00030637 0.999982 0.00602484 -0.000525625 -0.00602516 0.999981 -0.0342442 -0.0691578 -0.27593
FixedParameters: 0 0 0

#Transform 63
Transform: AffineTransform_float_3_3
Parameters: 1 0.000259051 0.000546396 -0.000262656 0.999978 0.0066807 -0.000544474 -0.00668029 0.999977 -0.0749874 -0.0912082 -0.227811
FixedParameters: 0 0 0

#Transform 64
Transform: AffineTransform_float_3_3
Parameters: 0.999999 0.00080046 0.000382768 -0.000803452 0.999963 0.00864955 -0.000375841 -0.00864946 0.999963 -0.0179284 -0.117889 -0.336422
FixedParameters: 0 0 0

#Transform 65
Transform: AffineTransform_float_3_3
Parameters: 0.999999 0.00043484 0.000830658 -0.000440876 0.999977 0.00673264 -0.000828027 -0.00673336 0.999977 -0.0855687 -0.0751755 -0.2863
FixedParameters: 0 0 0

#Transform 66
Transform: AffineTransform_float_3_3
Parameters: 1 -6.64907e-05 0.000207404 6.50809e-05 0.999972 0.00751001 -0.000206941 -0.00750998 0.999972 -0.0170687 -0.0826924 -0.340897
FixedParameters: 0 0 0

#Transform 67
Transform: AffineTransform_float_3_3
Parameters: 1 -8.93175e-06 0.000519385 5.17484e-06 0.999978 0.006649 -0.00051973 -0.00664899 0.999978 -0.0427138 -0.0692763 -0.239832
FixedParameters: 0 0 0

#Transform 68
Transform: AffineTransform_float_3_3
Parameters: 1 2.50492e-05 0.000231209 -2.6789e-05 0.999984 0.005752 -0.000231302 -0.00575201 0.999984 -0.0226197 -0.0449065 -0.296152
FixedParameters: 0 0 0

#Transform 69
Transform: AffineTransform_float_3_3
Parameters: 0.999999 -0.000183573 0.000730491 0.000179049 0.999974 0.00731213 -0.000731414 -0.00731187 0.999973 -0.0515102 -0.0600915 -0.253628
FixedParameters: 0 0 0

#Transform 70
Transform: AffineTransform_float_3_3
Parameters: 1 -9.52708e-05 0.00021618 9.34765e-05 0.999975 0.00716902 -0.000217004 -0.00716898 0.999975 -0.0286245 -0.0574711 -0.200027
FixedParameters: 0 0 0

#Transform 71
Transform: AffineTransform_float_3_3
Parameters: 1 -7.05873e-05 0.000236294 6.8665e-05 0.999976 0.00683601 -0.000236716 -0.00683598 0.999976 -0.0172607 -0.0765696 -0.214895
FixedParameters: 0 0 0

#Transform 72
Transform: AffineTransform_float_3_3
Parameters: 1 -7.7236e-05 0.00068635 7.23607e-05 0.999974 0.0070882 -0.000686212 -0.00708879 0.999975 -0.0556961 -0.0861257 -0.218774
FixedParameters: 0 0 0

#Transform 73
Transform: AffineTransform_float_3_3
Parameters: 1 0.000303885 0.000527782 -0.000308027 0.999973 0.00743384 -0.000524796 -0.00743416 0.999972 -0.0157871 -0.0731883 -0.297536
FixedParameters: 0 0 0

#Transform 74
Transform: AffineTransform_float_3_3
Parameters: 1 -0.000103057 0.000697112 9.80861e-05 0.999975 0.00704607 -0.00069733 -0.00704593 0.999975 -0.0453461 -0.071673 -0.230037
FixedParameters: 0 0 0

#Transform 75
Transform: AffineTransform_float_3_3
Parameters: 1 -0.000272737 0.000333503 0.000271227 0.999977 0.00676409 -0.000335203 -0.00676391 0.999977 -0.0124489 -0.0807423 -0.281257
FixedParameters: 0 0 0

#Transform 76
Transform: AffineTransform_float_3_3
Parameters: 0.999999 -0.000231408 0.000901166 0.0002251 0.999976 0.00691536 -0.000902594 -0.00691564 0.999976 -0.0595672 -0.0749114 -0.28154
FixedParameters: 0 0 0

#Transform 77
Transform: AffineTransform_float_3_3
Parameters: 1 -0.000337064 0.000355941 0.000334293 0.999977 0.00681012 -0.000358142 -0.00680988 0.999976 -0.0353583 -0.0782131 -0.257698
FixedParameters: 0 0 0

#Transform 78
Transform: AffineTransform_float_3_3
Parameters: 0.999999 -0.000557469 0.000492877 0.000554065 0.999973 0.00727007 -0.000497137 -0.00727093 0.999973 -0.0168261 -0.0982582 -0.328768
FixedParameters: 0 0 0

#Transform 79
Transform: AffineTransform_float_3_3
Parameters: 1 -0.000296554 0.000323551 0.000293693 0.999971 0.00763009 -0.000325684 -0.0076299 0.999971 -0.0151876 -0.083337 -0.280509
FixedParameters: 0 0 0

#Transform 80
Transform: AffineTransform_float_3_3
Parameters: 1 -0.000538789 5.56223e-05 0.000537546 0.999965 0.00833603 -6.01313e-05 -0.00833597 0.999966 -0.00130387 -0.0937712 -0.370925
FixedParameters: 0 0 0

#Transform 81
Transform: AffineTransform_float_3_3
Parameters: 1 -0.000311252 0.000329763 0.000308451 0.999972 0.0073961 -0.000331976 -0.00739589 0.999972 -0.0368568 -0.0820159 -0.304916
FixedParameters: 0 0 0

#Transform 82
Transform: AffineTransform_float_3_3
Parameters: 1 -0.000323247 3.27035e-05 0.000322628 0.999975 0.00707701 -3.50427e-05 -0.00707699 0.999975 0.00890382 -0.0678169 -0.317131
FixedParameters: 0 0 0

#Transform 83
Transform: AffineTransform_float_3_3
Parameters: 1 -0.000667187 0.000229136 0.000666005 0.999977 0.00677715 -0.000233569 -0.00677684 0.999977 -0.0172669 -0.0882344 -0.234647
FixedParameters: 0 0 0

#Transform 84
Transform: AffineTransform_float_3_3
Parameters: 1 -0.000377834 0.000585443 0.000374555 0.999979 0.00648122 -0.000587809 -0.00648078 0.999979 -0.0393067 -0.0837222 -0.256518
FixedParameters: 0 0 0

#Transform 85
Transform: AffineTransform_float_3_3
Parameters: 1 -0.000681215 -5.47048e-05 0.000680598 0.999991 0.00416897 5.16499e-05 -0.00416904 0.999992 -0.0491978 -0.0616527 -0.135198
FixedParameters: 0 0 0

#Transform 86
Transform: AffineTransform_float_3_3
Parameters: 1 -0.000624344 0.00023319 0.000623265 0.999979 0.00645415 -0.00023664 -0.00645385 0.999979 -0.032193 -0.103889 -0.227005
FixedParameters: 0 0 0

#Transform 87
Transform: AffineTransform_float_3_3
Parameters: 0.999999 -0.000686877 0.00048628 0.000683291 0.999975 0.00701149 -0.000490755 -0.00701152 0.999976 -0.0598564 -0.108914 -0.189767
FixedParameters: 0 0 0

#Transform 88
Transform: AffineTransform_float_3_3
Parameters: 0.999999 -0.000704451 0.000493532 0.000700694 0.999974 0.00708034 -0.000498349 -0.00707965 0.999975 -0.0362235 -0.108644 -0.260338
FixedParameters: 0 0 0

#Transform 89
Transform: AffineTransform_float_3_3
Parameters: 1 -0.000592318 0.00103082 0.00058532 0.999976 0.00694125 -0.0010345 -0.00694075 0.999975 -0.0716403 -0.111988 -0.245378
FixedParameters: 0 0 0

#Transform 90
Transform: AffineTransform_float_3_3
Parameters: 0.999999 -0.000713666 0.0004974 0.000709889 0.999975 0.00704451 -0.000502296 -0.00704449 0.999975 -0.0440767 -0.100476 -0.225242
FixedParameters: 0 0 0

#Transform 91
Transform: AffineTransform_float_3_3
Parameters: 0.999999 -0.000918415 0.000364575 0.00091574 0.999972 0.00734933 -0.000371611 -0.00734866 0.999973 -0.0312974 -0.0841062 -0.24907
FixedParameters: 0 0 0

#Transform 92
Transform: AffineTransform_float_3_3
Parameters: 0.999999 -0.00059093 0.000446225 0.00058738 0.999974 0.00716527 -0.000450456 -0.00716474 0.999974 -0.0641184 -0.101399 -0.223978
FixedParameters: 0 0 0

#Transform 93
Transform: AffineTransform_float_3_3
Parameters: 0.999999 -0.0007078 0.000695818 0.000702817 0.999978 0.00656665 -0.000700339 -0.00656636 0.999979 -0.0340808 -0.0763599 -0.291087
FixedParameters: 0 0 0

#Transform 94
Transform: AffineTransform_float_3_3
Parameters: 0.999999 -0.000890798 0.000571376 0.000887539 0.999977 0.00681715 -0.000577837 -0.00681685 0.999976 -0.0480422 -0.092941 -0.273438
FixedParameters: 0 0 0

#Transform 95
Transform: AffineTransform_float_3_3
Parameters: 1 -0.000975687 0.00013359 0.000974389 0.999978 0.00658213 -0.000140121 -0.00658187 0.999979 -0.0134688 -0.110911 -0.286806
FixedParameters: 0 0 0

#Transform 96
Transform: AffineTransform_float_3_3
Parameters: 1 -0.000619502 0.000273393 0.000617484 0.999978 0.00649817 -0.000277749 -0.00649783 0.999979 -0.0228644 -0.0858151 -0.295212
FixedParameters: 0 0 0

#Transform 97
Transform: AffineTransform_float_3_3
Parameters: 1 -0.00100292 0.000617213 0.000998048 0.999972 0.00749726 -0.00062432 -0.00749674 0.999972 -0.0629301 -0.083357 -0.238304
FixedParameters: 0 0 0

#Transform 98
Transform: AffineTransform_float_3_3
Parameters: 0.999999 -0.00090761 0.000270942 0.000906725 0.999977 0.00661425 -0.000276499 -0.00661375 0.999978 -0.0248697 -0.0813748 -0.294018
FixedParameters: 0 0 0

#Transform 99
Transform: AffineTransform_float_3_3
Parameters: 0.999999 -0.000707096 0.000752535 0.000702078 0.999976 0.00696517 -0.000757079 -0.00696483 0.999975 -0.0823935 -0.0941568 -0.258507
FixedParameters: 0 0 0

#Transform 100
Transform: AffineTransform_float_3_3
Parameters: 0.999999 -0.00128626 4.01096e-05 0.00128597 0.999973 0.0072077 -5.01142e-05 -0.0072083 0.999974 -0.0171924 -0.0842991 -0.26106
FixedParameters: 0 0 0

#Transform 101
Transform: AffineTransform_float_3_3
Parameters: 1 -0.000882501 0.00050813 0.000878987 0.999975 0.00701145 -0.000514427 -0.00701055 0.999976 -0.0579381 -0.0881119 -0.263876
FixedParameters: 0 0 0

#Transform 102
Transform: AffineTransform_float_3_3
Parameters: 0.999999 -0.000808987 0.000416734 0.000805723 0.999974 0.00715434 -0.000421842 -0.00715366 0.999975 -0.0269425 -0.0958461 -0.2629
FixedParameters: 0 0 0

#Transform 103
Transform: AffineTransform_float_3_3
Parameters: 1 -0.000779537 0.000675087 0.000774197 0.999973 0.00731353 -0.000680788 -0.00731247 0.999973 -0.0692054 -0.121357 -0.27073
FixedParameters: 0 0 0

#Transform 104
Transform: AffineTransform_float_3_3
Parameters: 0.999999 -0.000875143 0.000429623 0.000871623 0.99997 0.00768138 -0.000435676 -0.00768063 0.999971 -0.0288755 -0.103583 -0.287489
FixedParameters: 0 0 0

#Transform 105
Transform: AffineTransform_float_3_3
Parameters: 0.999999 -0.00098979 0.000748374 0.0009832 0.999966 0.00820174 -0.000756131 -0.00820026 0.999966 -0.0629619 -0.125208 -0.309812
FixedParameters: 0 0 0

#Transform 106
Transform: AffineTransform_float_3_3
Parameters: 0.999999 -0.000930258 0.000297052 0.000927723 0.999974 0.00724092 -0.000303671 -0.00724108 0.999974 -0.0232566 -0.0870109 -0.269637
FixedParameters: 0 0 0

#Transform 107
Transform: AffineTransform_float_3_3
Parameters: 1 -0.000701613 0.000847137 0.000695217 0.999971 0.00753775 -0.000852786 -0.00753726 0.999972 -0.0751043 -0.113366 -0.246569
FixedParameters: 0 0 0

#Transform 108
Transform: AffineTransform_float_3_3
Parameters: 1 -0.000772459 0.000676479 0.000767103 0.999973 0.00731068 -0.000682072 -0.00731032 0.999973 -0.0435799 -0.0874383 -0.299574
FixedParameters: 0 0 0

#Transform 109
Transform: AffineTransform_float_3_3
Parameters: 0.999999 -0.00108335 0.000697261 0.00107824 0.999972 0.0074604 -0.000705883 -0.0074596 0.999972 -0.0678123 -0.113833 -0.288762
FixedParameters: 0 0 0

#Transform 110
Transform: AffineTransform_float_3_3
Parameters: 1 -0.0007921 0.000684253 0.000787436 0.99997 0.0076767 -0.000690187 -0.00767631 0.999971 -0.054372 -0.115116 -0.24234
FixedParameters: 0 0 0

#Transform 111
Transform: AffineTransform_float_3_3
Parameters: 1 -0.00106838 0.000420672 0.00106542 0.999974 0.00715845 -0.000428582 -0.00715755 0.999975 -0.0255192 -0.103586 -0.239949
FixedParameters: 0 0 0

#Transform 112
Transform: AffineTransform_float_3_3
Parameters: 0.999999 -0.000690441 0.000642131 0.000685274 0.999971 0.00755945 -0.000646868 -0.00755856 0.999971 -0.0576653 -0.110398 -0.209649
FixedParameters: 0 0 0

#Transform 113
Transform: AffineTransform_float_3_3
Parameters: 0.999999 -0.000886854 0.000245063 0.000884891 0.99997 0.00760522 -0.000251703 -0.00760478 0.999971 -0.0225628 -0.113551 -0.239089
FixedParameters: 0 0 0

#Transform 114
Transform: AffineTransform_float_3_3
Parameters: 0.999999 -0.00110531 0.000245619 0.00110265 0.999968 0.00788492 -0.000254883 -0.00788508 0.999969 -0.0384035 -0.12058 -0.265787
FixedParameters: 0 0 0

#Transform 115
Transform: AffineTransform_float_3_3
Parameters: 1 -0.000827114 0.000698924 0.000822379 0.999971 0.00756558 -0.00070521 -0.00756442 0.999971 -0.0701105 -0.109807 -0.147468
FixedParameters: 0 0 0

#Transform 116
Transform: AffineTransform_float_3_3
Parameters: 0.999999 -0.000982737 0.00076434 0.000978279 0.999975 0.00699339 -0.000770941 -0.0069926 0.999975 -0.0509405 -0.112947 -0.249379
FixedParameters: 0 0 0

#Transform 117
Transform: AffineTransform_float_3_3
Parameters: 1 -0.00101285 0.000429157 0.00101031 0.999981 0.00610044 -0.000435055 -0.00609956 0.999982 -0.0769413 -0.0963949 -0.131661
FixedParameters: 0 0 0

#Transform 118
Transform: AffineTransform_float_3_3
Parameters: 0.999999 -0.00118542 0.000381678 0.00118275 0.999979 0.0063231 -0.000388897 -0.0063229 0.99998 -0.0478802 -0.114811 -0.241895
FixedParameters: 0 0 0

#Transform 119
Transform: AffineTransform_float_3_3
Parameters: 0.999999 -0.00134652 -4.73083e-05 0.00134696 0.999974 0.00709243 3.8052e-05 -0.00709257 0.999974 -0.0452631 -0.104838 -0.140536
FixedParameters: 0 0 0

#Transform 120
Transform: AffineTransform_float_3_3
Parameters: 0.999999 -0.00131041 0.000432446 0.00130799 0.999973 0.00723421 -0.000442183 -0.00723378 0.999974 -0.0425978 -0.105758 -0.292064
FixedParameters: 0 0 0

#Transform 121
Transform: AffineTransform_float_3_3
Parameters: 0.999999 -0.00132281 0.000350375 0.00131945 0.99997 0.00763096 -0.000360551 -0.00763004 0.99997 -0.0357012 -0.101045 -0.390915
FixedParameters: 0 0 0

#Transform 122
Transform: AffineTransform_float_3_3
Parameters: 0.999999 -0.00127518 0.000509326 0.00127128 0.999971 0.0075863 -0.000519439 -0.00758571 0.999971 -0.0687602 -0.107875 -0.329665
FixedParameters: 0 0 0

#Transform 123
Transform: AffineTransform_float_3_3
Parameters: 0.999999 -0.00122645 0.000250815 0.0012242 0.999963 0.00841695 -0.000261456 -0.00841704 0.999964 -0.0355763 -0.115773 -0.389176
FixedParameters: 0 0 0

#Transform 124
Transform: AffineTransform_float_3_3
Parameters: 1 -0.00115594 0.000149861 0.00115522 0.99997 0.00775367 -0.000158715 -0.00775334 0.99997 -0.0515618 -0.103992 -0.32089
FixedParameters: 0 0 0

#Transform 125
Transform: AffineTransform_float_3_3
Parameters: 0.999999 -0.00120692 -0.00060263 0.00121261 0.999965 0.00830313 0.000593029 -0.00830388 0.999965 0.0127908 -0.115681 -0.415455
FixedParameters: 0 0 0

#Transform 126
Transform: AffineTransform_float_3_3
Parameters: 1 -0.00104772 0.0002509 0.00104578 0.99996 0.00886091 -0.000260775 -0.00886109 0.999961 -0.0480212 -0.11597 -0.367671
FixedParameters: 0 0 0

#Transform 127
Transform: AffineTransform_float_3_3
Parameters: 0.999999 -0.00114616 -0.000926803 0.00115413 0.999963 0.00854179 0.000916973 -0.00854321 0.999963 0.00690727 -0.116204 -0.341008
FixedParameters: 0 0 0

#Transform 128
Transform: AffineTransform_float_3_3
Parameters: 1 -0.000985703 3.81492e-06 0.000985936 0.999965 0.00838365 -1.18092e-05 -0.00838435 0.999965 -0.0551136 -0.108499 -0.288564
FixedParameters: 0 0 0

#Transform 129
Transform: AffineTransform_float_3_3
Parameters: 0.999999 -0.000453134 0.000585498 0.000448555 0.999968 0.00791226 -0.000589202 -0.00791173 0.999968 -0.0912728 -0.112521 -0.302269
FixedParameters: 0 0 0

#Transform 130
Transform: AffineTransform_float_3_3
Parameters: 1 -0.000481196 0.000262376 0.000478791 0.999966 0.00825312 -0.000265696 -0.00825287 0.999966 -0.0649622 -0.110629 -0.333402
FixedParameters: 0 0 0

#Transform 131
Transform: AffineTransform_float_3_3
Parameters: 1 -0.000884226 0.000629731 0.000879029 0.999965 0.00833256 -0.00063692 -0.00833144 0.999965 -0.0948574 -0.122445 -0.319215
FixedParameters: 0 0 0

#Transform 132
Transform: AffineTransform_float_3_3
Parameters: 1 -0.000598091 0.000925644 0.000590246 0.999965 0.00839134 -0.000930206 -0.00839166 0.999964 -0.096477 -0.10486 -0.275783
FixedParameters: 0 0 0

#Transform 133
Transform: AffineTransform_float_3_3
Parameters: 0.999999 -0.000657086 0.000605825 0.000652327 0.999965 0.0084244 -0.000611585 -0.00842361 0.999965 -0.0812813 -0.0997013 -0.27813
FixedParameters: 0 0 0

#Transform 134
Transform: AffineTransform_float_3_3
Parameters: 1 -0.000555346 0.00041238 0.00055156 0.999967 0.00802922 -0.000417056 -0.00802876 0.999967 -0.110131 -0.108209 -0.271064
FixedParameters: 0 0 0

#Transform 135
Transform: AffineTransform_float_3_3
Parameters: 1 -0.00108978 -0.000153495 0.00109086 0.999962 0.00857084 0.000144122 -0.00857116 0.999964 -0.0463964 -0.11253 -0.289527
FixedParameters: 0 0 0

#Transform 136
Transform: AffineTransform_float_3_3
Parameters: 0.999999 -0.000807099 0.000583091 0.000801938 0.999969 0.00785747 -0.00058876 -0.00785653 0.999969 -0.0818115 -0.108483 -0.298328
FixedParameters: 0 0 0

#Transform 137
Transform: AffineTransform_float_3_3
Parameters: 1 -0.000673287 0.000151693 0.000672243 0.999967 0.0080051 -0.000156551 -0.00800489 0.999968 -0.0621126 -0.0974492 -0.281246
FixedParameters: 0 0 0

#Transform 138
Transform: AffineTransform_float_3_3
Parameters: 0.999999 -0.000993017 0.000176727 0.000991638 0.999963 0.00845918 -0.00018445 -0.00845882 0.999964 -0.0549228 -0.129923 -0.306819
FixedParameters: 0 0 0

#Transform 139
Transform: AffineTransform_float_3_3
Parameters: 0.999999 -0.000849739 0.000216783 0.000848151 0.999962 0.00861118 -0.000223649 -0.00861081 0.999963 -0.0851095 -0.126755 -0.259846
FixedParameters: 0 0 0

#Transform 140
Transform: AffineTransform_float_3_3
Parameters: 1 -0.00116305 -0.000247742 0.001164 0.99997 0.00766972 0.000238682 -0.00767029 0.999971 -0.0386683 -0.105739 -0.281251
FixedParameters: 0 0 0

#Transform 141
Transform: AffineTransform_float_3_3
Parameters: 0.999999 -0.00150525 0.000288647 0.00150228 0.999965 0.00830109 -0.000301395 -0.00830092 0.999966 -0.0796384 -0.137974 -0.240907
FixedParameters: 0 0 0

#Transform 142
Transform: AffineTransform_float_3_3
Parameters: 1 -0.00112566 -3.26939e-05 0.00112554 0.999969 0.00772981 2.422e-05 -0.00772918 0.99997 -0.074958 -0.0974948 -0.23283
FixedParameters: 0 0 0

#Transform 143
Transform: AffineTransform_float_3_3
Parameters: 0.999999 -0.000861341 0.000319441 0.000859188 0.999966 0.00817792 -0.000326147 -0.00817808 0.999966 -0.0765409 -0.133526 -0.284278
FixedParameters: 0 0 0

#Transform 144
Transform: AffineTransform_float_3_3
Parameters: 0.999999 -0.00115312 0.000618196 0.00114789 0.999966 0.00806635 -0.000627942 -0.00806563 0.999967 -0.105336 -0.131836 -0.205639
FixedParameters: 0 0 0

#Transform 145
Transform: AffineTransform_float_3_3
Parameters: 1 -0.00120245 0.000196389 0.00120109 0.999964 0.00848673 -0.000206801 -0.00848627 0.999964 -0.0493168 -0.129657 -0.25338
FixedParameters: 0 0 0

#Transform 146
Transform: AffineTransform_float_3_3
Parameters: 0.999999 -0.000726348 0.00101868 0.000717894 0.999963 0.00855989 -0.0010251 -0.00855911 0.999963 -0.124427 -0.130187 -0.181453
FixedParameters: 0 0 0

#Transform 147
Transform: AffineTransform_float_3_3
Parameters: 0.999999 -0.0013066 0.000234721 0.00130388 0.99996 0.0088508 -0.000246528 -0.0088502 0.99996 -0.0515421 -0.14829 -0.250987
FixedParameters: 0 0 0

#Transform 148
Transform: AffineTransform_float_3_3
Parameters: 1 -0.00114233 0.000435439 0.00113813 0.999962 0.00860914 -0.000444555 -0.00860886 0.999963 -0.100308 -0.173027 -0.239006
FixedParameters: 0 0 0

#Transform 149
Transform: AffineTransform_float_3_3
Parameters: 0.999999 -0.0011707 0.000445181 0.00116576 0.999949 0.0100972 -0.000456415 -0.0100968 0.999949 -0.0815432 -0.200624 -0.243232
FixedParameters: 0 0 0

#Transform 150
Transform: AffineTransform_float_3_3
Parameters: 1 -0.00107733 0.000406675 0.00107371 0.999948 0.0100814 -0.000417314 -0.0100806 0.999949 -0.0845879 -0.170579 -0.22377
FixedParameters: 0 0 0

#Transform 151
Transform: AffineTransform_float_3_3
Parameters: 0.999999 -0.00128166 0.000828901 0.00127294 0.999951 0.00983635 -0.000841003 -0.00983565 0.999951 -0.108636 -0.187812 -0.212011
FixedParameters: 0 0 0

#Transform 152
Transform: AffineTransform_float_3_3
Parameters: 1 -0.000616262 0.000952906 0.000606015 0.999946 0.0102937 -0.000958627 -0.0102933 0.999946 -0.101686 -0.175605 -0.249485
FixedParameters: 0 0 0

#Transform 153
Transform: AffineTransform_float_3_3
Parameters: 0.999999 -0.000732146 0.000757866 0.00072487 0.999952 0.00976556 -0.000764451 -0.00976445 0.999952 -0.122101 -0.161947 -0.227676
FixedParameters: 0 0 0

#Transform 154
Transform: AffineTransform_float_3_3
Parameters: 0.999999 -0.000960315 0.000850873 0.000951677 0.999942 0.0106995 -0.000861317 -0.0106985 0.999942 -0.0822549 -0.168343 -0.27296
FixedParameters: 0 0 0

#Transform 155
Transform: AffineTransform_float_3_3
Parameters: 0.999999 -0.00110535 0.000592525 0.00110055 0.999964 0.00838845 -0.000601295 -0.00838855 0.999965 -0.125134 -0.161154 -0.328963
FixedParameters: 0 0 0

#Transform 156
Transform: AffineTransform_float_3_3
Parameters: 0.999998 -0.0011829 -0.00168306 0.00117644 0.999993 -0.00359942 0.00168697 0.00359758 0.999993 -0.0332618 0.149947 -0.807504
FixedParameters: 0 0 0

#Transform 157
Transform: AffineTransform_float_3_3
Parameters: 0.999998 -0.00179338 -0.00135693 0.00179385 0.999998 0.000704622 0.0013561 -0.000707379 0.999999 -0.0587642 0.0664075 -0.568861
FixedParameters: 0 0 0

#Transform 158
Transform: AffineTransform_float_3_3
Parameters: 0.999998 -0.00158951 -0.00120393 0.00159121 0.999998 0.00130714 0.00120148 -0.00130886 0.999998 -0.0475642 0.0457364 -0.456422
FixedParameters: 0 0 0

#Transform 159
Transform: AffineTransform_float_3_3
Parameters: 0.999998 -0.00191322 -0.000677168 0.00191497 0.999992 0.0032624 0.000671233 -0.00326359 0.999994 -0.0278732 -0.0297617 -0.382424
FixedParameters: 0 0 0

#Transform 160
Transform: AffineTransform_float_3_3
Parameters: 0.999999 -0.00178054 -0.000252409 0.00178207 0.999991 0.00392589 0.000245117 -0.00392611 0.999992 -0.0940652 -0.014657 -0.31895
FixedParameters: 0 0 0

#Transform 161
Transform: AffineTransform_float_3_3
Parameters: 0.999998 -0.00197332 -0.000635049 0.00197636 0.999989 0.00420245 0.000625925 -0.00420355 0.999991 -0.0172577 -0.021942 -0.452572
FixedParameters: 0 0 0

#Transform 162
Transform: AffineTransform_float_3_3
Parameters: 0.999997 -0.00245804 -0.000133789 0.00245906 0.999983 0.00523466 0.000120127 -0.00523533 0.999986 -0.0552304 -0.0240763 -0.354541
FixedParameters: 0 0 0

#Transform 163
Transform: AffineTransform_float_3_3
Parameters: 0.999998 -0.00224666 -0.000457029 0.00224828 0.999984 0.00503768 0.000445403 -0.00503832 0.999988 -0.0316828 -0.0554254 -0.417076
FixedParameters: 0 0 0

#Transform 164
Transform: AffineTransform_float_3_3
Parameters: 0.999998 -0.0019878 -0.000390404 0.0019901 0.999989 0.00420593 0.00038168 -0.00420607 0.999991 -0.0625045 -0.0150828 -0.369326
FixedParameters: 0 0 0

#Transform 165
Transform: AffineTransform_float_3_3
Parameters: 0.999998 -0.00193175 -0.000533638 0.00193474 0.999985 0.00509267 0.000523654 -0.00509333 0.999987 -0.0357102 -0.0366663 -0.461982
FixedParameters: 0 0 0

#Transform 166
Transform: AffineTransform_float_3_3
Parameters: 0.999999 -0.00138701 -0.000316909 0.00138875 0.999987 0.00490505 0.000310378 -0.00490595 0.999988 -0.0605875 -0.0175974 -0.546369
FixedParameters: 0 0 0

#Transform 167
Transform: AffineTransform_float_3_3
Parameters: 0.999999 -0.00117813 -0.000832814 0.00118346 0.999978 0.00647623 0.000825247 -0.00647677 0.999979 -0.018218 -0.0139348 -0.607362
FixedParameters: 0 0 0

#Transform 168
Transform: AffineTransform_float_3_3
Parameters: 0.999999 -0.000800773 -0.000280023 0.000801879 0.999983 0.00579878 0.000275974 -0.00579922 0.999983 -0.0366061 -0.0326546 -0.59504
FixedParameters: 0 0 0

#Transform 169
Transform: AffineTransform_float_3_3
Parameters: 0.999999 -0.00111055 -0.000558592 0.00111402 0.999979 0.00633574 0.000551443 -0.00633626 0.99998 -0.0400429 -0.00872187 -0.524135
FixedParameters: 0 0 0

#Transform 170
Transform: AffineTransform_float_3_3
Parameters: 0.999999 -0.00122114 -0.000586973 0.0012258 0.999973 0.00717913 0.000578583 -0.00717986 0.999974 -0.0356913 -0.0577509 -0.540606
FixedParameters: 0 0 0

#Transform 171
Transform: AffineTransform_float_3_3
Parameters: 0.999999 -0.00118143 -0.000434762 0.00118502 0.999972 0.00740934 0.000426015 -0.00740966 0.999973 -0.0347152 -0.058546 -0.595005
FixedParameters: 0 0 0

#Transform 172
Transform: AffineTransform_float_3_3
Parameters: 0.999999 -0.00126107 -0.000634705 0.00126604 0.99997 0.00762041 0.000625016 -0.00762059 0.999971 -0.0483076 -0.0581914 -0.601591
FixedParameters: 0 0 0

#Transform 173
Transform: AffineTransform_float_3_3
Parameters: 0.999998 -0.00135912 -0.00131134 0.00137011 0.999965 0.00824442 0.00129983 -0.00824657 0.999965 0.0121439 -0.055223 -0.638997
FixedParameters: 0 0 0

#Transform 174
Transform: AffineTransform_float_3_3
Parameters: 0.999998 -0.00156717 -0.00119344 0.00157651 0.999966 0.00804334 0.00118099 -0.00804566 0.999967 -0.0248561 -0.0736631 -0.57572
FixedParameters: 0 0 0

#Transform 175
Transform: AffineTransform_float_3_3
Parameters: 0.999998 -0.0013919 -0.000808068 0.00139873 0.999959 0.00894773 0.000796069 -0.00894928 0.99996 -0.00141788 -0.0934563 -0.711649
FixedParameters: 0 0 0

#Transform 176
Transform: AffineTransform_float_3_3
Parameters: 0.999999 -0.00137313 -0.0002547 0.00137577 0.999962 0.00854451 0.000242761 -0.00854449 0.999964 -0.0474216 -0.0846674 -0.695881
FixedParameters: 0 0 0

#Transform 177
Transform: AffineTransform_float_3_3
Parameters: 0.999999 -0.00122696 -0.000326541 0.00122968 0.999968 0.00795345 0.000316711 -0.00795355 0.999968 -0.0464394 -0.0812079 -0.761769
FixedParameters: 0 0 0

#Transform 178
Transform: AffineTransform_float_3_3
Parameters: 0.999999 -0.00147864 -0.00015142 0.00148029 0.999962 0.00853163 0.000139566 -0.00853137 0.999964 -0.074562 -0.0819784 -0.707473
FixedParameters: 0 0 0

#Transform 179
Transform: AffineTransform_float_3_3
Parameters: 0.999999 -0.0012532 -0.000720404 0.00125875 0.999969 0.00775431 0.000710885 -0.00775469 0.99997 -0.0577233 -0.0484161 -0.579135
FixedParameters: 0 0 0
