#Insight Transform File V1.0
#Transform 0
Transform: AffineTransform_float_3_3
Parameters: 0.999999 0.000227693 -0.00127681 -0.000227994 1 -0.000478197 0.0012762 0.000478803 0.999999 -0.0906849 0.0623005 0.37046
FixedParameters: 0 0 0

#Transform 1
Transform: AffineTransform_float_3_3
Parameters: 1 0.00043875 -0.000497465 -0.000437894 1 0.000859859 0.000498219 -0.000860141 0.999999 -0.00673683 0.0194991 -0.155557
FixedParameters: 0 0 0

#Transform 2
Transform: AffineTransform_float_3_3
Parameters: 0.999999 0.000576092 -0.000575471 -0.000575523 0.999999 0.000494331 0.00057604 -0.000493668 0.999999 -0.0110278 0.0197061 -0.211337
FixedParameters: 0 0 0

#Transform 3
Transform: AffineTransform_float_3_3
Parameters: 1 0.000342241 -0.000481642 -0.000341532 0.999999 0.000736164 0.000482146 -0.000735835 0.999999 -0.00284208 0.0264059 -0.221216
FixedParameters: 0 0 0

#Transform 4
Transform: AffineTransform_float_3_3
Parameters: 1 0.000540589 -0.00039085 -0.000539237 0.999997 0.00222437 0.000392331 -0.00222464 0.999998 -0.0131366 0.0666885 -0.153837
FixedParameters: 0 0 0

#Transform 5
Transform: AffineTransform_float_3_3
Parameters: 1 0.000315451 -0.000340441 -0.000315347 0.999998 0.00207611 0.000341221 -0.00207589 0.999998 -0.0137662 0.0624416 -0.142482
FixedParameters: 0 0 0

#Transform 6
Transform: AffineTransform_float_3_3
Parameters: 1 0.000503622 -0.000306303 -0.00050248 0.999995 0.00313415 0.000307615 -0.00313385 0.999995 0.00164916 0.0797611 -0.211626
FixedParameters: 0 0 0

#Transform 7
Transform: AffineTransform_float_3_3
Parameters: 1 0.000643604 -4.83982e-05 -0.000643154 0.999995 0.00314803 5.02171e-05 -0.00314797 0.999995 -0.013504 0.0775111 -0.216127
FixedParameters: 0 0 0

#Transform 8
Transform: AffineTransform_float_3_3
Parameters: 1 0.000212476 -0.000103531 -0.000212234 0.999996 0.00305102 0.000103907 -0.00305098 0.999996 -0.00785177 0.0697753 -0.208749
FixedParameters: 0 0 0

#Transform 9
Transform: AffineTransform_float_3_3
Parameters: 1 6.5042e-05 -0.000356065 -6.40056e-05 0.999994 0.00329702 0.000355961 -0.00329697 0.999994 0.00146576 0.073519 -0.218171
FixedParameters: 0 0 0

#Transform 10
Transform: AffineTransform_float_3_3
Parameters: 1 0.000211632 -0.000206156 -0.000211557 0.999995 0.00335705 0.000207047 -0.00335696 0.999995 -0.00624458 0.0788211 -0.216788
FixedParameters: 0 0 0

#Transform 11
Transform: AffineTransform_float_3_3
Parameters: 1 0.000227707 -8.28092e-05 -0.000226273 0.999995 0.00308302 8.38181e-05 -0.00308298 0.999995 -0.00684409 0.0715021 -0.203685
FixedParameters: 0 0 0

#Transform 12
Transform: AffineTransform_float_3_3
Parameters: 1 8.21192e-05 -0.000359002 -8.13516e-05 0.999995 0.00289518 0.000358945 -0.00289582 0.999996 0.00159304 0.081008 -0.20063
FixedParameters: 0 0 0

#Transform 13
Transform: AffineTransform_float_3_3
Parameters: 1 8.00495e-05 -0.000284269 -7.94891e-05 0.999994 0.00329202 0.000284264 -0.00329197 0.999994 -0.000873747 0.0865064 -0.222949
FixedParameters: 0 0 0

#Transform 14
Transform: AffineTransform_float_3_3
Parameters: 1 0.000212127 -0.000248747 -0.000210963 0.999995 0.00312105 0.000249147 -0.00312095 0.999995 -0.00651423 0.0759005 -0.209385
FixedParameters: 0 0 0

#Transform 15
Transform: AffineTransform_float_3_3
Parameters: 1 0.000374628 -0.000277421 -0.000373779 0.999998 0.00223211 0.000278171 -0.0022319 0.999998 -0.0147839 0.0513627 -0.240953
FixedParameters: 0 0 0

#Transform 16
Transform: AffineTransform_float_3_3
Parameters: 1 1.93672e-05 -0.000444217 -1.85072e-05 0.999994 0.00348001 0.00044421 -0.00347999 0.999994 0.000929417 0.0915525 -0.226619
FixedParameters: 0 0 0

#Transform 17
Transform: AffineTransform_float_3_3
Parameters: 1 7.71992e-05 -0.000260238 -7.6658e-05 0.999993 0.00355902 0.000260256 -0.00355898 0.999993 -0.00413237 0.0854512 -0.224881
FixedParameters: 0 0 0

#Transform 18
Transform: AffineTransform_float_3_3
Parameters: 1 0.000174864 5.69308e-06 -0.000175294 0.999993 0.003559 -5.36737e-06 -0.003559 0.999993 -0.00659049 0.0842677 -0.215956
FixedParameters: 0 0 0

#Transform 19
Transform: AffineTransform_float_3_3
Parameters: 1 -1.4462e-05 -0.000359494 1.56119e-05 0.999994 0.003426 0.000358861 -0.00342601 0.999994 0.000941721 0.08231 -0.205663
FixedParameters: 0 0 0

#Transform 20
Transform: AffineTransform_float_3_3
Parameters: 1 -9.1463e-08 -0.000325386 1.06842e-06 0.999994 0.003519 0.000324852 -0.003519 0.999994 0.00204673 0.0810652 -0.213455
FixedParameters: 0 0 0

#Transform 21
Transform: AffineTransform_float_3_3
Parameters: 1 0.000138242 3.72948e-06 -0.000138265 0.999993 0.003564 -2.744e-06 -0.003564 0.999993 -0.00603152 0.0891795 -0.208052
FixedParameters: 0 0 0

#Transform 22
Transform: AffineTransform_float_3_3
Parameters: 1 0.000141341 1.11172e-05 -0.000141418 0.999994 0.003653 -1.00843e-05 -0.003653 0.999994 -0.00503159 0.0888593 -0.212035
FixedParameters: 0 0 0

#Transform 23
Transform: AffineTransform_float_3_3
Parameters: 1 0.000371093 -2.03614e-05 -0.000371331 0.999993 0.003588 2.21047e-05 -0.00358799 0.999993 -0.0115334 0.0881433 -0.216767
FixedParameters: 0 0 0

#Transform 24
Transform: AffineTransform_float_3_3
Parameters: 1 0.000597007 0.000230737 -0.000597215 0.999994 0.00361571 -0.000228121 -0.00361529 0.999994 -0.0160463 0.0894448 -0.204215
FixedParameters: 0 0 0

#Transform 25
Transform: AffineTransform_float_3_3
Parameters: 1 0.000113454 -5.52538e-05 -0.00011304 0.999993 0.00372101 5.60965e-05 -0.00372099 0.999993 -0.00424304 0.100282 -0.21581
FixedParameters: 0 0 0

#Transform 26
Transform: AffineTransform_float_3_3
Parameters: 1 0.000103772 -7.83026e-05 -0.000103186 0.999993 0.00372101 7.90727e-05 -0.00372099 0.999993 -0.00229229 0.105933 -0.229159
FixedParameters: 0 0 0

#Transform 27
Transform: AffineTransform_float_3_3
Parameters: 1 0.000366629 0.000162702 -0.000367305 0.999993 0.00372094 -0.000161282 -0.00372106 0.999993 -0.00360295 0.106085 -0.228025
FixedParameters: 0 0 0

#Transform 28
Transform: AffineTransform_float_3_3
Parameters: 1 0.000226934 0.000214878 -0.000227608 0.999993 0.00372095 -0.000213578 -0.00372105 0.999993 -0.0105647 0.0999565 -0.225497
FixedParameters: 0 0 0

#Transform 29
Transform: AffineTransform_float_3_3
Parameters: 1 5.61289e-05 -8.39421e-06 -5.6459e-05 0.999993 0.003721 7.89265e-06 -0.003721 0.999993 0.000901512 0.088337 -0.227795
FixedParameters: 0 0 0

#Transform 30
Transform: AffineTransform_float_3_3
Parameters: 1 0.00015605 4.61882e-05 -0.000155486 0.999993 0.003895 -4.53655e-05 -0.00389501 0.999993 -0.00593079 0.0972276 -0.228217
FixedParameters: 0 0 0

#Transform 31
Transform: AffineTransform_float_3_3
Parameters: 1 0.000184331 0.000113464 -0.000184251 0.999993 0.00372098 -0.000112483 -0.00372102 0.999993 -0.00660593 0.102758 -0.211762
FixedParameters: 0 0 0

#Transform 32
Transform: AffineTransform_float_3_3
Parameters: 1 0.000154508 4.24732e-05 -0.000154295 0.999993 0.00372099 -4.26354e-05 -0.00372101 0.999993 -0.00337812 0.09713 -0.224974
FixedParameters: 0 0 0

#Transform 33
Transform: AffineTransform_float_3_3
Parameters: 1 1.84113e-06 5.34567e-05 -2.25129e-06 0.999992 0.003837 -5.3441e-05 -0.003837 0.999992 0.00180892 0.109379 -0.231731
FixedParameters: 0 0 0

#Transform 34
Transform: AffineTransform_float_3_3
Parameters: 1 4.75775e-05 -7.52747e-05 -4.73537e-05 0.999991 0.004096 7.4743e-05 -0.00409599 0.999991 0.0018366 0.110306 -0.235765
FixedParameters: 0 0 0

#Transform 35
Transform: AffineTransform_float_3_3
Parameters: 1 0.000143659 1.66978e-05 -0.000143788 0.999992 0.003994 -1.55497e-05 -0.003994 0.999992 -0.00379239 0.118096 -0.227539
FixedParameters: 0 0 0

#Transform 36
Transform: AffineTransform_float_3_3
Parameters: 1 -1.37087e-05 2.41888e-05 1.351e-05 0.999991 0.004099 -2.43004e-05 -0.004099 0.999991 0.00133078 0.10906 -0.232268
FixedParameters: 0 0 0

#Transform 37
Transform: AffineTransform_float_3_3
Parameters: 1 0.000140949 1.02497e-05 -0.000141422 0.999992 0.004039 -1.00297e-05 -0.004039 0.999992 -0.00592786 0.108398 -0.227953
FixedParameters: 0 0 0

#Transform 38
Transform: AffineTransform_float_3_3
Parameters: 1 -0.000112407 5.25917e-05 0.000112365 0.999991 0.004111 -5.25952e-05 -0.00411099 0.999991 0.00289721 0.114847 -0.223724
FixedParameters: 0 0 0

#Transform 39
Transform: AffineTransform_float_3_3
Parameters: 1 8.94841e-05 -0.000112381 -8.85589e-05 0.999991 0.00410301 0.000113111 -0.00410299 0.999991 0.000475328 0.113689 -0.237555
FixedParameters: 0 0 0

#Transform 40
Transform: AffineTransform_float_3_3
Parameters: 1 -0.000119909 3.72964e-05 0.000119989 0.999992 0.00416501 -3.73751e-05 -0.004165 0.999992 0.00646642 0.119021 -0.220852
FixedParameters: 0 0 0

#Transform 41
Transform: AffineTransform_float_3_3
Parameters: 1 -3.41172e-06 5.13165e-05 2.98578e-06 0.999992 0.004149 -5.13431e-05 -0.004149 0.999992 -0.00151958 0.115094 -0.229208
FixedParameters: 0 0 0

#Transform 42
Transform: AffineTransform_float_3_3
Parameters: 1 1.76911e-05 0.000158496 -1.90253e-05 0.999991 0.004211 -0.000158342 -0.004211 0.999991 0.00384583 0.113842 -0.239144
FixedParameters: 0 0 0

#Transform 43
Transform: AffineTransform_float_3_3
Parameters: 1 -0.000199188 4.99443e-05 0.000199155 0.999991 0.00421301 -5.0702e-05 -0.00421299 0.999991 0.00410939 0.122076 -0.226959
FixedParameters: 0 0 0

#Transform 44
Transform: AffineTransform_float_3_3
Parameters: 1 -0.00019319 5.3887e-05 0.0001931 0.99999 0.00443401 -5.46793e-05 -0.00443399 0.99999 0.0080154 0.121183 -0.237779
FixedParameters: 0 0 0

#Transform 45
Transform: AffineTransform_float_3_3
Parameters: 1 -7.77115e-05 2.931e-05 7.74368e-05 0.99999 0.004629 -3.00282e-05 -0.004629 0.99999 0.00564999 0.129076 -0.234202
FixedParameters: 0 0 0

#Transform 46
Transform: AffineTransform_float_3_3
Parameters: 1 -0.000104302 0.000291965 0.000102827 0.999988 0.00476803 -0.000292422 -0.00476797 0.999988 0.010941 0.140854 -0.224599
FixedParameters: 0 0 0

#Transform 47
Transform: AffineTransform_float_3_3
Parameters: 1 -0.000154049 0.000450402 0.00015174 0.999988 0.00503207 -0.000451801 -0.00503193 0.999987 0.0146572 0.136667 -0.222534
FixedParameters: 0 0 0

#Transform 48
Transform: AffineTransform_float_3_3
Parameters: 1 -0.000113295 0.000104874 0.000112629 0.999988 0.00503202 -0.000105091 -0.00503199 0.999988 0.0076419 0.13594 -0.228522
FixedParameters: 0 0 0

#Transform 49
Transform: AffineTransform_float_3_3
Parameters: 1 -0.000101936 0.000328856 0.000100853 0.999988 0.00503204 -0.000329738 -0.00503197 0.999988 0.0115565 0.142 -0.226014
FixedParameters: 0 0 0

#Transform 50
Transform: AffineTransform_float_3_3
Parameters: 1 -4.19152e-05 0.000309141 3.96703e-05 0.999987 0.00511301 -0.000309949 -0.00511299 0.999987 0.00567854 0.138002 -0.214066
FixedParameters: 0 0 0

#Transform 51
Transform: AffineTransform_float_3_3
Parameters: 1 -0.000232124 0.00026399 0.000230995 0.999985 0.00535206 -0.000265019 -0.00535193 0.999985 0.0124611 0.145894 -0.209329
FixedParameters: 0 0 0

#Transform 52
Transform: AffineTransform_float_3_3
Parameters: 0.999999 0.000414244 0.000609339 -0.000418227 0.999987 0.00522375 -0.000607083 -0.00522426 0.999986 -0.00375051 0.139001 -0.220432
FixedParameters: 0 0 0

#Transform 53
Transform: AffineTransform_float_3_3
Parameters: 1 9.00192e-05 0.000186726 -9.10716e-05 0.999986 0.00529098 -0.000186158 -0.00529102 0.999986 0.0013969 0.151263 -0.230176
FixedParameters: 0 0 0

#Transform 54
Transform: AffineTransform_float_3_3
Parameters: 1 5.60787e-05 0.000105532 -5.62444e-05 0.999986 0.00515099 -0.000105345 -0.005151 0.999986 0.000410387 0.143167 -0.215307
FixedParameters: 0 0 0

#Transform 55
Transform: AffineTransform_float_3_3
Parameters: 1 -0.00034268 0.000256149 0.000341769 0.999987 0.00507909 -0.000258175 -0.00507891 0.999987 0.0163257 0.140585 -0.211107
FixedParameters: 0 0 0

#Transform 56
Transform: AffineTransform_float_3_3
Parameters: 1 -0.000248183 0.0004225 0.000246366 0.999986 0.00524411 -0.000424034 -0.0052439 0.999986 0.0199386 0.136711 -0.211121
FixedParameters: 0 0 0

#Transform 57
Transform: AffineTransform_float_3_3
Parameters: 1 -0.000172764 0.000483229 0.000169758 0.999988 0.00487108 -0.000483447 -0.00487092 0.999988 0.00756747 0.132569 -0.19345
FixedParameters: 0 0 0

#Transform 58
Transform: AffineTransform_float_3_3
Parameters: 1 -0.000221204 0.000357169 0.00021945 0.999989 0.00483308 -0.000357848 -0.00483292 0.999989 0.013093 0.123011 -0.202061
FixedParameters: 0 0 0

#Transform 59
Transform: AffineTransform_float_3_3
Parameters: 1 -0.000256434 0.000467285 0.000253526 0.999988 0.00492712 -0.000468347 -0.00492688 0.999988 0.0148445 0.13062 -0.217051
FixedParameters: 0 0 0

#Transform 60
Transform: AffineTransform_float_3_3
Parameters: 1 -0.000212186 0.000586296 0.000208653 0.999986 0.00524412 -0.000587443 -0.00524388 0.999986 0.0117551 0.136332 -0.199892
FixedParameters: 0 0 0

#Transform 61
Transform: AffineTransform_float_3_3
Parameters: 0.999999 -0.000128512 0.000794102 0.000125037 0.999986 0.0052441 -0.000794233 -0.0052439 0.999986 0.002689 0.143824 -0.189887
FixedParameters: 0 0 0

#Transform 62
Transform: AffineTransform_float_3_3
Parameters: 1 -0.000271149 0.00045285 0.000269305 0.999988 0.00492212 -0.00045445 -0.00492188 0.999988 0.0136905 0.137481 -0.203565
FixedParameters: 0 0 0

#Transform 63
Transform: AffineTransform_float_3_3
Parameters: 1 3.18649e-05 0.00103933 -3.70897e-05 0.999988 0.00491433 -0.00104003 -0.00491368 0.999988 0.00218349 0.137589 -0.204683
FixedParameters: 0 0 0

#Transform 64
Transform: AffineTransform_float_3_3
Parameters: 0.999999 0.000170973 0.000861808 -0.000174695 0.999987 0.00505785 -0.000861093 -0.00505815 0.999987 -0.0087761 0.13764 -0.191974
FixedParameters: 0 0 0

#Transform 65
Transform: AffineTransform_float_3_3
Parameters: 1 -0.000189708 0.000647466 0.000186778 0.999988 0.00499413 -0.000648678 -0.00499388 0.999988 0.00889603 0.139043 -0.180907
FixedParameters: 0 0 0

#Transform 66
Transform: AffineTransform_float_3_3
Parameters: 0.999999 -9.806e-05 0.000866101 9.41408e-05 0.999988 0.00483724 -0.000866753 -0.00483777 0.999988 0.0114885 0.144531 -0.196659
FixedParameters: 0 0 0

#Transform 67
Transform: AffineTransform_float_3_3
Parameters: 1 -7.5749e-05 0.000919592 7.11265e-05 0.999988 0.00493943 -0.00092004 -0.00493857 0.999988 -0.00331851 0.14267 -0.201859
FixedParameters: 0 0 0

#Transform 68
Transform: AffineTransform_float_3_3
Parameters: 1 1.48496e-05 0.000488202 -1.70866e-05 0.999989 0.00457835 -0.000487916 -0.00457765 0.99999 -0.00153334 0.133283 -0.185492
FixedParameters: 0 0 0

#Transform 69
Transform: AffineTransform_float_3_3
Parameters: 1 -4.1122e-05 0.000673156 3.82605e-05 0.999989 0.00475839 -0.000672864 -0.00475761 0.999989 0.00709036 0.141575 -0.195393
FixedParameters: 0 0 0

#Transform 70
Transform: AffineTransform_float_3_3
Parameters: 0.999999 -0.000128313 0.000794135 0.00012484 0.999988 0.0049941 -0.000795121 -0.0049939 0.999987 -0.00394018 0.148438 -0.19064
FixedParameters: 0 0 0

#Transform 71
Transform: AffineTransform_float_3_3
Parameters: 1 -0.000195066 0.00107472 0.000190291 0.999988 0.00490536 -0.00107581 -0.00490564 0.999987 0.0169393 0.137271 -0.200042
FixedParameters: 0 0 0

#Transform 72
Transform: AffineTransform_float_3_3
Parameters: 0.999999 -0.000131213 0.000787645 0.00012741 0.999986 0.0052441 -0.000788723 -0.0052439 0.999986 0.0128529 0.149788 -0.211289
FixedParameters: 0 0 0

#Transform 73
Transform: AffineTransform_float_3_3
Parameters: 1 -5.78535e-05 0.00119468 5.11445e-05 0.999984 0.00560922 -0.00119487 -0.00560978 0.999983 0.0169684 0.167957 -0.199581
FixedParameters: 0 0 0

#Transform 74
Transform: AffineTransform_float_3_3
Parameters: 1 -2.39335e-05 0.00104411 1.8365e-05 0.999986 0.00524402 -0.00104445 -0.00524398 0.999985 -0.00545582 0.150004 -0.192593
FixedParameters: 0 0 0

#Transform 75
Transform: AffineTransform_float_3_3
Parameters: 1 5.5576e-05 0.000585987 -5.86704e-05 0.999988 0.00499397 -0.000586588 -0.00499404 0.999988 0.00129429 0.149775 -0.194792
FixedParameters: 0 0 0

#Transform 76
Transform: AffineTransform_float_3_3
Parameters: 1 -0.000180055 0.000670527 0.000176895 0.999988 0.00499412 -0.000671641 -0.00499388 0.999988 0.00918678 0.150507 -0.200698
FixedParameters: 0 0 0

#Transform 77
Transform: AffineTransform_float_3_3
Parameters: 1 -7.26814e-06 0.00108378 1.82414e-06 0.999987 0.00517716 -0.00108302 -0.00517785 0.999986 0.00464819 0.156634 -0.204013
FixedParameters: 0 0 0

#Transform 78
Transform: AffineTransform_float_3_3
Parameters: 0.999999 -5.82852e-05 0.000962004 5.3958e-05 0.999986 0.00525105 -0.000961786 -0.00525095 0.999986 -0.00159483 0.161348 -0.197835
FixedParameters: 0 0 0

#Transform 79
Transform: AffineTransform_float_3_3
Parameters: 0.999999 -0.000371866 0.00091211 0.000367422 0.999985 0.00530549 -0.000913913 -0.00530551 0.999985 0.0166344 0.152347 -0.209997
FixedParameters: 0 0 0

#Transform 80
Transform: AffineTransform_float_3_3
Parameters: 1 -3.07814e-05 0.00102842 2.4801e-05 0.999985 0.00552439 -0.00102884 -0.00552361 0.999984 0.0135328 0.171522 -0.212263
FixedParameters: 0 0 0

#Transform 81
Transform: AffineTransform_float_3_3
Parameters: 0.999999 6.66557e-05 0.0012628 -7.44118e-05 0.999982 0.00593106 -0.00126286 -0.00593194 0.999982 0.00629493 0.170475 -0.201235
FixedParameters: 0 0 0

#Transform 82
Transform: AffineTransform_float_3_3
Parameters: 1 -6.12408e-06 0.00108839 -4.17727e-07 0.999982 0.00590036 -0.00108893 -0.00589963 0.999982 0.000450459 0.171831 -0.203346
FixedParameters: 0 0 0

#Transform 83
Transform: AffineTransform_float_3_3
Parameters: 0.999999 -9.86434e-05 0.000866913 9.36932e-05 0.999983 0.00595608 -0.000868171 -0.00595592 0.999982 0.00170301 0.174026 -0.200891
FixedParameters: 0 0 0

#Transform 84
Transform: AffineTransform_float_3_3
Parameters: 0.999999 -0.00020321 0.00125825 0.000195631 0.99998 0.00618976 -0.00125977 -0.00618924 0.99998 0.0112408 0.17669 -0.212203
FixedParameters: 0 0 0

#Transform 85
Transform: AffineTransform_float_3_3
Parameters: 0.999999 7.13289e-05 0.00127387 -7.91179e-05 0.999982 0.00589326 -0.00127388 -0.00589273 0.999981 -0.00130819 0.176012 -0.194593
FixedParameters: 0 0 0

#Transform 86
Transform: AffineTransform_float_3_3
Parameters: 0.999999 0.00016986 0.00151012 -0.000178405 0.999983 0.0059631 -0.0015088 -0.00596291 0.999981 -0.00245393 0.174384 -0.201296
FixedParameters: 0 0 0

#Transform 87
Transform: AffineTransform_float_3_3
Parameters: 0.999999 6.12469e-05 0.00124988 -6.88813e-05 0.999983 0.00594392 -0.00125 -0.00594408 0.999981 0.00994548 0.182864 -0.206416
FixedParameters: 0 0 0

#Transform 88
Transform: AffineTransform_float_3_3
Parameters: 1 -5.0948e-06 0.00109116 -1.33655e-06 0.999982 0.00601636 -0.00109076 -0.00601564 0.999981 0.00808891 0.198261 -0.211907
FixedParameters: 0 0 0

#Transform 89
Transform: AffineTransform_float_3_3
Parameters: 1 -4.00948e-05 0.00100718 3.47761e-05 0.999982 0.00596404 -0.00100721 -0.00596396 0.999981 0.00710785 0.200312 -0.214405
FixedParameters: 0 0 0

#Transform 90
Transform: AffineTransform_float_3_3
Parameters: 1 -1.37699e-05 0.00120308 6.25672e-06 0.999981 0.00612216 -0.0012041 -0.00612283 0.99998 0.0102873 0.189513 -0.196218
FixedParameters: 0 0 0

#Transform 91
Transform: AffineTransform_float_3_3
Parameters: 1 -5.18237e-05 0.000978586 4.63538e-05 0.999984 0.00574605 -0.000978342 -0.00574595 0.999983 0.00679153 0.182139 -0.175359
FixedParameters: 0 0 0

#Transform 92
Transform: AffineTransform_float_3_3
Parameters: 1 -3.28334e-05 0.00102471 2.6793e-05 0.999982 0.00602139 -0.00102558 -0.00602061 0.999982 0.00729459 0.190884 -0.188952
FixedParameters: 0 0 0

#Transform 93
Transform: AffineTransform_float_3_3
Parameters: 0.999999 -0.000139389 0.00126307 0.00013146 0.999981 0.00614932 -0.00126471 -0.00614967 0.99998 0.0222199 0.192455 -0.182107
FixedParameters: 0 0 0

#Transform 94
Transform: AffineTransform_float_3_3
Parameters: 0.999999 7.42678e-05 0.00133549 -8.28416e-05 0.999983 0.0059149 -0.00133545 -0.00591511 0.999981 0.0113891 0.189128 -0.185676
FixedParameters: 0 0 0

#Transform 95
Transform: AffineTransform_float_3_3
Parameters: 0.999999 1.52911e-05 0.00124314 -2.20473e-05 0.999984 0.00578098 -0.0012429 -0.00578102 0.999982 0.00305488 0.182089 -0.167568
FixedParameters: 0 0 0

#Transform 96
Transform: AffineTransform_float_3_3
Parameters: 1 -0.000371317 0.000951331 0.000365227 0.999981 0.00615835 -0.000952827 -0.00615765 0.99998 0.0289133 0.20089 -0.193854
FixedParameters: 0 0 0

#Transform 97
Transform: AffineTransform_float_3_3
Parameters: 0.999999 -0.000342483 0.00124296 0.000335019 0.999982 0.00584693 -0.00124559 -0.00584607 0.999982 0.018974 0.182466 -0.192179
FixedParameters: 0 0 0

#Transform 98
Transform: AffineTransform_float_3_3
Parameters: 0.999999 -0.00041114 0.00132335 0.0004023 0.999981 0.00615869 -0.0013261 -0.0061583 0.99998 0.0172265 0.195224 -0.190187
FixedParameters: 0 0 0

#Transform 99
Transform: AffineTransform_float_3_3
Parameters: 0.999999 -0.000532118 0.00136841 0.000524425 0.99998 0.00615887 -0.00137121 -0.00615812 0.99998 0.0390444 0.189011 -0.209902
FixedParameters: 0 0 0

#Transform 100
Transform: AffineTransform_float_3_3
Parameters: 0.999999 -0.000281807 0.0013873 0.000272481 0.99998 0.00638354 -0.00138897 -0.00638346 0.999979 0.0283035 0.207937 -0.203722
FixedParameters: 0 0 0

#Transform 101
Transform: AffineTransform_float_3_3
Parameters: 0.999999 -0.000265267 0.0012159 0.000257366 0.999981 0.00615868 -0.00121778 -0.00615732 0.99998 0.0249039 0.19939 -0.202701
FixedParameters: 0 0 0

#Transform 102
Transform: AffineTransform_float_3_3
Parameters: 1 -0.000317591 0.00115702 0.00030929 0.999976 0.00681287 -0.00115903 -0.00681212 0.999976 0.0238395 0.206844 -0.196032
FixedParameters: 0 0 0

#Transform 103
Transform: AffineTransform_float_3_3
Parameters: 1 -0.000356747 0.000994021 0.000350676 0.999981 0.00614735 -0.000996641 -0.00614665 0.99998 0.0327908 0.198687 -0.199399
FixedParameters: 0 0 0

#Transform 104
Transform: AffineTransform_float_3_3
Parameters: 1 -0.000492986 0.00111461 0.000485773 0.99998 0.00634471 -0.00111725 -0.00634431 0.99998 0.0338487 0.198268 -0.192593
FixedParameters: 0 0 0

#Transform 105
Transform: AffineTransform_float_3_3
Parameters: 0.999999 -0.000553904 0.00131739 0.000545221 0.999978 0.00661987 -0.00132188 -0.00661912 0.999977 0.0384207 0.219623 -0.170236
FixedParameters: 0 0 0

#Transform 106
Transform: AffineTransform_float_3_3
Parameters: 0.999999 -0.000602416 0.0011996 0.00059582 0.999982 0.00601851 -0.00120364 -0.00601849 0.999981 0.0303227 0.197449 -0.178369
FixedParameters: 0 0 0

#Transform 107
Transform: AffineTransform_float_3_3
Parameters: 0.999999 -0.000494476 0.00112393 0.000487235 0.99998 0.0063047 -0.00112655 -0.00630429 0.999979 0.0448117 0.193555 -0.192329
FixedParameters: 0 0 0

#Transform 108
Transform: AffineTransform_float_3_3
Parameters: 0.999999 -0.000597912 0.00121135 0.000590162 0.999979 0.00643487 -0.00121582 -0.00643412 0.999978 0.0479576 0.210103 -0.18986
FixedParameters: 0 0 0

#Transform 109
Transform: AffineTransform_float_3_3
Parameters: 0.999999 -0.000578672 0.0012575 0.000570726 0.999979 0.00643487 -0.0012608 -0.00643412 0.999978 0.0433961 0.202431 -0.210503
FixedParameters: 0 0 0

#Transform 110
Transform: AffineTransform_float_3_3
Parameters: 0.999999 -0.00066987 0.00103875 0.000663417 0.999979 0.00643485 -0.00104376 -0.00643415 0.999979 0.0516947 0.212229 -0.209328
FixedParameters: 0 0 0

#Transform 111
Transform: AffineTransform_float_3_3
Parameters: 0.999999 -0.000589369 0.00123169 0.000581514 0.99998 0.00637188 -0.00123598 -0.00637113 0.999979 0.0539958 0.210402 -0.212038
FixedParameters: 0 0 0

#Transform 112
Transform: AffineTransform_float_3_3
Parameters: 0.999999 -0.000535915 0.00136074 0.000526879 0.999978 0.00668488 -0.00136414 -0.00668412 0.999977 0.0492755 0.217527 -0.204421
FixedParameters: 0 0 0

#Transform 113
Transform: AffineTransform_float_3_3
Parameters: 0.999999 -0.000516301 0.00140782 0.000507558 0.999978 0.00668388 -0.00141135 -0.00668313 0.999977 0.0383913 0.208335 -0.188382
FixedParameters: 0 0 0

#Transform 114
Transform: AffineTransform_float_3_3
Parameters: 0.999999 -0.000546435 0.001335 0.000538241 0.999979 0.00649888 -0.00133834 -0.00649813 0.999978 0.0397113 0.207224 -0.190718
FixedParameters: 0 0 0

#Transform 115
Transform: AffineTransform_float_3_3
Parameters: 0.999999 -0.000560916 0.00129998 0.000553455 0.999979 0.00639188 -0.0013034 -0.00639112 0.999979 0.0548304 0.205275 -0.206243
FixedParameters: 0 0 0

#Transform 116
Transform: AffineTransform_float_3_3
Parameters: 0.999998 -0.000619349 0.00147168 0.000609661 0.999979 0.00640121 -0.00147584 -0.00640079 0.999979 0.0504626 0.203716 -0.182866
FixedParameters: 0 0 0

#Transform 117
Transform: AffineTransform_float_3_3
Parameters: 0.999998 -0.000545873 0.00153176 0.00053557 0.999978 0.00665114 -0.00153564 -0.00665087 0.999977 0.0464237 0.211711 -0.18049
FixedParameters: 0 0 0

#Transform 118
Transform: AffineTransform_float_3_3
Parameters: 0.999999 -0.00061098 0.00117998 0.00060406 0.999979 0.00642187 -0.00118368 -0.00642113 0.999979 0.0466959 0.207375 -0.189282
FixedParameters: 0 0 0

#Transform 119
Transform: AffineTransform_float_3_3
Parameters: 0.999998 -0.000431473 0.00161178 0.000420603 0.999977 0.00678484 -0.00161464 -0.00678416 0.999976 0.0504211 0.208821 -0.197296
FixedParameters: 0 0 0

#Transform 120
Transform: AffineTransform_float_3_3
Parameters: 0.999999 -0.000484213 0.00148449 0.000474786 0.999978 0.00657002 -0.00148748 -0.00656998 0.999977 0.044084 0.211312 -0.203926
FixedParameters: 0 0 0

#Transform 121
Transform: AffineTransform_float_3_3
Parameters: 0.999998 -0.000714426 0.00180265 0.000702814 0.999979 0.00648658 -0.00180707 -0.00648542 0.999977 0.0524775 0.1955 -0.185439
FixedParameters: 0 0 0

#Transform 122
Transform: AffineTransform_float_3_3
Parameters: 1 -0.000725734 0.000904861 0.000719945 0.999979 0.0065093 -0.000910311 -0.0065087 0.999978 0.0427195 0.20678 -0.180827
FixedParameters: 0 0 0

#Transform 123
Transform: AffineTransform_float_3_3
Parameters: 0.999999 -0.000532408 0.00136907 0.000523354 0.999978 0.00665088 -0.00137238 -0.00665013 0.999977 0.0466444 0.212558 -0.181902
FixedParameters: 0 0 0

#Transform 124
Transform: AffineTransform_float_3_3
Parameters: 0.999998 -0.000790564 0.0014853 0.000780337 0.999977 0.00665148 -0.00149111 -0.00665053 0.999977 0.0618266 0.223683 -0.178364
FixedParameters: 0 0 0

#Transform 125
Transform: AffineTransform_float_3_3
Parameters: 0.999998 -0.000630427 0.00150535 0.000619825 0.999978 0.00656109 -0.00150985 -0.0065599 0.999977 0.0428075 0.211237 -0.164271
FixedParameters: 0 0 0

#Transform 126
Transform: AffineTransform_float_3_3
Parameters: 0.999999 -0.000727175 0.00125522 0.000719098 0.999978 0.0066507 -0.00125982 -0.0066503 0.999977 0.0511343 0.208939 -0.181077
FixedParameters: 0 0 0

#Transform 127
Transform: AffineTransform_float_3_3
Parameters: 0.999999 -0.000926639 0.00146524 0.000916458 0.999978 0.00654566 -0.00147136 -0.00654434 0.999978 0.0636976 0.216619 -0.18633
FixedParameters: 0 0 0

#Transform 128
Transform: AffineTransform_float_3_3
Parameters: 0.999998 -0.00103367 0.00134686 0.00102461 0.999976 0.00684954 -0.00135409 -0.00684745 0.999976 0.069193 0.230954 -0.177424
FixedParameters: 0 0 0

#Transform 129
Transform: AffineTransform_float_3_3
Parameters: 0.999999 -0.000730246 0.00160114 0.000720131 0.999978 0.00654831 -0.00160548 -0.00654668 0.999977 0.0469306 0.218536 -0.176447
FixedParameters: 0 0 0

#Transform 130
Transform: AffineTransform_float_3_3
Parameters: 0.999998 -0.000760363 0.00139446 0.000751216 0.999976 0.00684021 -0.00139925 -0.00683879 0.999976 0.0544763 0.225096 -0.183042
FixedParameters: 0 0 0

#Transform 131
Transform: AffineTransform_float_3_3
Parameters: 0.999998 -0.000643391 0.00156196 0.000631813 0.999973 0.0071803 -0.00156595 -0.00717969 0.999973 0.0510286 0.237363 -0.190279
FixedParameters: 0 0 0

#Transform 132
Transform: AffineTransform_float_3_3
Parameters: 0.999998 -0.000857414 0.00173065 0.000844006 0.999972 0.00749663 -0.00173679 -0.00749437 0.99997 0.0675212 0.242453 -0.178544
FixedParameters: 0 0 0

#Transform 133
Transform: AffineTransform_float_3_3
Parameters: 0.999998 -0.000713125 0.00178026 0.000700022 0.999973 0.00735257 -0.00178535 -0.00735144 0.999971 0.0661316 0.232382 -0.155111
FixedParameters: 0 0 0

#Transform 134
Transform: AffineTransform_float_3_3
Parameters: 0.999998 -0.000886798 0.00165964 0.000873876 0.999972 0.00739377 -0.00166565 -0.00739223 0.999971 0.0600893 0.232097 -0.14891
FixedParameters: 0 0 0

#Transform 135
Transform: AffineTransform_float_3_3
Parameters: 0.999998 -0.000775213 0.00140199 0.000764257 0.999972 0.00744388 -0.0014079 -0.00744313 0.999971 0.0600742 0.231107 -0.186131
FixedParameters: 0 0 0

#Transform 136
Transform: AffineTransform_float_3_3
Parameters: 0.999998 -0.000885731 0.00166236 0.000873518 0.999972 0.00744426 -0.00166885 -0.00744274 0.99997 0.0524693 0.238316 -0.165362
FixedParameters: 0 0 0

#Transform 137
Transform: AffineTransform_float_3_3
Parameters: 0.999998 -0.000827766 0.00180179 0.000814003 0.999973 0.00744464 -0.00180872 -0.00744237 0.999971 0.0683619 0.235223 -0.16997
FixedParameters: 0 0 0

#Transform 138
Transform: AffineTransform_float_3_3
Parameters: 0.999999 -0.000972061 0.00145463 0.000961178 0.999973 0.00741621 -0.00146157 -0.0074148 0.999971 0.06425 0.231812 -0.183168
FixedParameters: 0 0 0

#Transform 139
Transform: AffineTransform_float_3_3
Parameters: 0.999998 -0.000853746 0.0017398 0.00083986 0.999971 0.00759378 -0.00174605 -0.00759222 0.99997 0.0676142 0.242231 -0.186442
FixedParameters: 0 0 0

#Transform 140
Transform: AffineTransform_float_3_3
Parameters: 0.999998 -0.000653017 0.00222277 0.000635566 0.999971 0.00757674 -0.00222749 -0.00757526 0.999968 0.0733806 0.243757 -0.166037
FixedParameters: 0 0 0

#Transform 141
Transform: AffineTransform_float_3_3
Parameters: 0.999997 -0.000718749 0.00206403 0.000702927 0.999972 0.00744478 -0.0020701 -0.00744323 0.99997 0.066065 0.238606 -0.162745
FixedParameters: 0 0 0

#Transform 142
Transform: AffineTransform_float_3_3
Parameters: 0.999998 -0.000887447 0.00189646 0.000872766 0.999969 0.00776297 -0.00190338 -0.00776102 0.999968 0.056483 0.256111 -0.152747
FixedParameters: 0 0 0

#Transform 143
Transform: AffineTransform_float_3_3
Parameters: 0.999998 -0.00085867 0.00172783 0.000845096 0.999972 0.00755627 -0.00173409 -0.00755473 0.999969 0.0674933 0.238113 -0.156454
FixedParameters: 0 0 0

#Transform 144
Transform: AffineTransform_float_3_3
Parameters: 0.999997 -0.000883486 0.00193407 0.00086845 0.999971 0.007602 -0.00194156 -0.0076 0.999969 0.0715775 0.250515 -0.169338
FixedParameters: 0 0 0

#Transform 145
Transform: AffineTransform_float_3_3
Parameters: 0.999998 -0.000676958 0.00200406 0.000662367 0.99997 0.00768901 -0.00200931 -0.00768699 0.999968 0.0620542 0.256333 -0.164781
FixedParameters: 0 0 0

#Transform 146
Transform: AffineTransform_float_3_3
Parameters: 0.999998 -0.000913833 0.00188481 0.000899611 0.99997 0.00768902 -0.001892 -0.00768699 0.999969 0.0711473 0.243605 -0.180357
FixedParameters: 0 0 0

#Transform 147
Transform: AffineTransform_float_3_3
Parameters: 0.999997 -0.00100755 0.00188286 0.000992994 0.999971 0.00753983 -0.0018908 -0.00753817 0.999969 0.0726389 0.243478 -0.169062
FixedParameters: 0 0 0

#Transform 148
Transform: AffineTransform_float_3_3
Parameters: 0.999997 -0.000917595 0.00195134 0.00090235 0.99997 0.00768909 -0.00195859 -0.00768692 0.999969 0.0590439 0.244345 -0.181328
FixedParameters: 0 0 0

#Transform 149
Transform: AffineTransform_float_3_3
Parameters: 0.999997 -0.000715977 0.00231155 0.000697967 0.99997 0.00768909 -0.00231685 -0.00768791 0.999968 0.0608272 0.242785 -0.156994
FixedParameters: 0 0 0

#Transform 150
Transform: AffineTransform_float_3_3
Parameters: 0.999997 -0.000941569 0.00198117 0.00092599 0.999967 0.00808716 -0.00198808 -0.00808484 0.999965 0.0675981 0.267528 -0.15591
FixedParameters: 0 0 0

#Transform 151
Transform: AffineTransform_float_3_3
Parameters: 0.999997 -0.00098848 0.00187998 0.000974492 0.999969 0.00774931 -0.00188752 -0.00774769 0.999968 0.0766231 0.249974 -0.171423
FixedParameters: 0 0 0

#Transform 152
Transform: AffineTransform_float_3_3
Parameters: 0.999998 -0.00097608 0.0018262 0.000961834 0.99997 0.00768872 -0.00183396 -0.00768728 0.999968 0.071097 0.248166 -0.161406
FixedParameters: 0 0 0

#Transform 153
Transform: AffineTransform_float_3_3
Parameters: 0.999998 -0.00077602 0.00211462 0.000759984 0.99997 0.00762608 -0.00212128 -0.00762491 0.999968 0.067887 0.245801 -0.160601
FixedParameters: 0 0 0

#Transform 154
Transform: AffineTransform_float_3_3
Parameters: 0.999997 -0.000896339 0.0019999 0.000880349 0.99997 0.00768909 -0.00200681 -0.00768692 0.999969 0.073024 0.246865 -0.171567
FixedParameters: 0 0 0

#Transform 155
Transform: AffineTransform_float_3_3
Parameters: 0.999998 -0.00093335 0.00212843 0.000916716 0.999967 0.00799143 -0.00213541 -0.00798957 0.999966 0.0759666 0.258454 -0.16295
FixedParameters: 0 0 0

#Transform 156
Transform: AffineTransform_float_3_3
Parameters: 0.999997 -0.000955284 0.00214158 0.000939907 0.999971 0.00755749 -0.00214902 -0.00755551 0.999969 0.0724898 0.242084 -0.160751
FixedParameters: 0 0 0

#Transform 157
Transform: AffineTransform_float_3_3
Parameters: 0.999998 -0.00127448 0.00190968 0.00126002 0.999972 0.00737052 -0.00191899 -0.00736848 0.999971 0.0947145 0.243173 -0.166825
FixedParameters: 0 0 0

#Transform 158
Transform: AffineTransform_float_3_3
Parameters: 0.999997 -0.00122546 0.00202849 0.00121007 0.99997 0.00762058 -0.00203846 -0.00761843 0.999969 0.0898946 0.248291 -0.162733
FixedParameters: 0 0 0

#Transform 159
Transform: AffineTransform_float_3_3
Parameters: 0.999998 -0.00127436 0.0019131 0.00125886 0.999964 0.00831037 -0.00192372 -0.00830762 0.999963 0.0751031 0.279843 -0.146594
FixedParameters: 0 0 0

#Transform 160
Transform: AffineTransform_float_3_3
Parameters: 0.999998 -0.00127217 0.00191857 0.00125636 0.999965 0.00836838 -0.0019293 -0.00836562 0.999963 0.0869034 0.267816 -0.135635
FixedParameters: 0 0 0

#Transform 161
Transform: AffineTransform_float_3_3
Parameters: 0.999998 -0.00115125 0.00196386 0.00113467 0.99996 0.00883535 -0.00197441 -0.00883365 0.999959 0.083708 0.276574 -0.146431
FixedParameters: 0 0 0

#Transform 162
Transform: AffineTransform_float_3_3
Parameters: 0.999997 -0.00112222 0.00228279 0.00110171 0.999959 0.00895264 -0.00229291 -0.00895035 0.999957 0.0781437 0.288386 -0.122487
FixedParameters: 0 0 0

#Transform 163
Transform: AffineTransform_float_3_3
Parameters: 0.999997 -0.00110482 0.00213921 0.00108554 0.999959 0.00895845 -0.00214957 -0.00895655 0.999957 0.0809449 0.296178 -0.126167
FixedParameters: 0 0 0

#Transform 164
Transform: AffineTransform_float_3_3
Parameters: 0.999997 -0.00118873 0.00212133 0.00117011 0.999961 0.0087566 -0.00213141 -0.00875439 0.999959 0.0982018 0.294541 -0.140137
FixedParameters: 0 0 0

#Transform 165
Transform: AffineTransform_float_3_3
Parameters: 0.999997 -0.000963316 0.00230272 0.000941275 0.999955 0.00940966 -0.00231124 -0.00940735 0.999953 0.0772121 0.310831 -0.121114
FixedParameters: 0 0 0

#Transform 166
Transform: AffineTransform_float_3_3
Parameters: 0.999997 -0.00112395 0.00228047 0.00110285 0.999956 0.00937664 -0.00229103 -0.00937436 0.999953 0.0758496 0.30551 -0.119908
FixedParameters: 0 0 0

#Transform 167
Transform: AffineTransform_float_3_3
Parameters: 0.999996 -0.00111242 0.00231044 0.0010899 0.99995 0.00984416 -0.00232127 -0.00984184 0.999949 0.0943913 0.32405 -0.130922
FixedParameters: 0 0 0

#Transform 168
Transform: AffineTransform_float_3_3
Parameters: 0.999997 -0.00106491 0.00242514 0.00104144 0.999952 0.00976566 -0.00243525 -0.00976334 0.999949 0.0827681 0.319139 -0.134348
FixedParameters: 0 0 0

#Transform 169
Transform: AffineTransform_float_3_3
Parameters: 0.999997 -0.00103019 0.00250771 0.00100621 0.999955 0.00947102 -0.00251745 -0.00946799 0.999952 0.0745129 0.299433 -0.125661
FixedParameters: 0 0 0

#Transform 170
Transform: AffineTransform_float_3_3
Parameters: 0.999996 -0.00111217 0.00231056 0.00109015 0.999952 0.00973816 -0.00232116 -0.00973584 0.99995 0.0816503 0.299429 -0.123521
FixedParameters: 0 0 0

#Transform 171
Transform: AffineTransform_float_3_3
Parameters: 0.999996 -0.00109184 0.0023581 0.00106931 0.999956 0.00937265 -0.00236803 -0.00937035 0.999953 0.0949515 0.289883 -0.131119
FixedParameters: 0 0 0

#Transform 172
Transform: AffineTransform_float_3_3
Parameters: 0.999997 -0.00102269 0.00252537 0.000998867 0.999956 0.00937302 -0.00253477 -0.00936999 0.999953 0.0792431 0.290899 -0.11266
FixedParameters: 0 0 0

#Transform 173
Transform: AffineTransform_float_3_3
Parameters: 0.999996 -0.00110788 0.00231929 0.0010861 0.999955 0.0093668 -0.00232952 -0.0093652 0.999953 0.0744253 0.284385 -0.109654
FixedParameters: 0 0 0

#Transform 174
Transform: AffineTransform_float_3_3
Parameters: 0.999997 -0.00104272 0.00247953 0.00101843 0.99995 0.00990218 -0.00248988 -0.00989983 0.999948 0.0965027 0.312408 -0.113198
FixedParameters: 0 0 0

#Transform 175
Transform: AffineTransform_float_3_3
Parameters: 0.999996 -0.00130619 0.00221822 0.00128272 0.999944 0.0104271 -0.00223213 -0.0104249 0.999943 0.0957253 0.326987 -0.0986659
FixedParameters: 0 0 0

#Transform 176
Transform: AffineTransform_float_3_3
Parameters: 0.999997 -0.00112529 0.00228644 0.00109881 0.999934 0.0114647 -0.00229911 -0.0114624 0.999932 0.0941741 0.354745 -0.085926
FixedParameters: 0 0 0

#Transform 177
Transform: AffineTransform_float_3_3
Parameters: 0.999997 -0.00121686 0.00206356 0.0011928 0.999934 0.011443 -0.00207713 -0.01144 0.999933 0.0914908 0.349719 -0.109312
FixedParameters: 0 0 0

#Transform 178
Transform: AffineTransform_float_3_3
Parameters: 0.999996 -0.00127084 0.00251305 0.00124147 0.999934 0.0113408 -0.00252726 -0.0113372 0.999933 0.10064 0.356154 -0.114601
FixedParameters: 0 0 0

#Transform 179
Transform: AffineTransform_float_3_3
Parameters: 0.999995 -0.00105059 0.00277812 0.0010192 0.999935 0.0113845 -0.00279028 -0.0113815 0.999931 0.0926456 0.345659 -0.102664
FixedParameters: 0 0 0
