#Insight Transform File V1.0
#Transform 0
Transform: AffineTransform_float_3_3
Parameters: 1 -0.000554407 0.000270276 0.000555037 0.999998 -0.00189285 -0.000269096 0.00189315 0.999998 0.0407352 -0.162542 -0.257182
FixedParameters: 0 0 0

#Transform 1
Transform: AffineTransform_float_3_3
Parameters: 0.999999 0.000763095 -0.000206006 -0.000762813 1 0.000683798 0.00020705 -0.000684202 1 -0.0139345 0.092767 -0.0638717
FixedParameters: 0 0 0

#Transform 2
Transform: AffineTransform_float_3_3
Parameters: 1 0.000565013 -0.000322498 -0.000564497 0.999999 0.00140418 0.000323163 -0.00140382 0.999999 0.0078589 0.132146 -0.112138
FixedParameters: 0 0 0

#Transform 3
Transform: AffineTransform_float_3_3
Parameters: 1 0.000527828 -0.000125388 -0.000526914 0.999998 0.00153107 0.000125691 -0.00153093 0.999999 0.011338 0.111119 -0.101551
FixedParameters: 0 0 0

#Transform 4
Transform: AffineTransform_float_3_3
Parameters: 1 0.00107066 -0.000184539 -0.00107001 0.999998 0.0013922 0.000185287 -0.0013918 0.999999 -0.0124913 0.137925 -0.113651
FixedParameters: 0 0 0

#Transform 5
Transform: AffineTransform_float_3_3
Parameters: 0.999999 0.000810067 -0.000477273 -0.000809241 0.999999 0.00127339 0.000478414 -0.00127261 0.999999 0.00671051 0.127651 -0.105329
FixedParameters: 0 0 0

#Transform 6
Transform: AffineTransform_float_3_3
Parameters: 1 0.000503222 -0.000147675 -0.000502302 0.999999 0.00132307 0.000147694 -0.00132293 0.999999 0.0117533 0.141375 -0.127722
FixedParameters: 0 0 0

#Transform 7
Transform: AffineTransform_float_3_3
Parameters: 0.999999 0.000763903 -0.000173022 -0.000762827 0.999999 0.00157377 0.000174114 -0.00157423 0.999999 -0.00439006 0.11136 -0.105219
FixedParameters: 0 0 0

#Transform 8
Transform: AffineTransform_float_3_3
Parameters: 1 0.000417503 -0.000350331 -0.000417019 0.999999 0.00124815 0.000350452 -0.00124785 0.999999 0.0179747 0.118686 -0.074328
FixedParameters: 0 0 0

#Transform 9
Transform: AffineTransform_float_3_3
Parameters: 1 0.00049695 -0.000162535 -0.000496991 1 0.00107508 0.000162683 -0.00107492 1 0.0252959 0.129983 -0.0886966
FixedParameters: 0 0 0

#Transform 10
Transform: AffineTransform_float_3_3
Parameters: 0.999999 0.000749956 0.000143408 -0.000750814 0.999999 0.00163753 -0.00014187 -0.00163847 0.999998 0.00555885 0.16128 -0.0549985
FixedParameters: 0 0 0

#Transform 11
Transform: AffineTransform_float_3_3
Parameters: 1 0.00063524 -0.000271955 -0.000634551 0.999999 0.00126217 0.000273558 -0.00126183 0.999999 0.00422965 0.123758 -0.0424528
FixedParameters: 0 0 0

#Transform 12
Transform: AffineTransform_float_3_3
Parameters: 1 9.2856e-05 -0.000227118 -9.35979e-05 0.999999 0.00125402 0.000226822 -0.00125398 0.999999 0.0529033 0.126045 -0.0735019
FixedParameters: 0 0 0

#Transform 13
Transform: AffineTransform_float_3_3
Parameters: 1 0.000312619 0.000292278 -0.000313268 1 0.00111091 -0.000291582 -0.00111109 1 0.0212604 0.113611 -0.0658607
FixedParameters: 0 0 0

#Transform 14
Transform: AffineTransform_float_3_3
Parameters: 1 0.00017273 -3.82663e-05 -0.000172612 0.999999 0.00153301 3.87957e-05 -0.00153299 0.999999 0.0221798 0.112916 -0.0356955
FixedParameters: 0 0 0

#Transform 15
Transform: AffineTransform_float_3_3
Parameters: 1 0.000585345 0.000152298 -0.000586307 0.999998 0.00188391 -0.000151011 -0.00188409 0.999998 0.0674765 0.144868 -0.0981648
FixedParameters: 0 0 0

#Transform 16
Transform: AffineTransform_float_3_3
Parameters: 1 0.000329485 4.74166e-05 -0.000329613 0.999999 0.00135998 -4.65202e-05 -0.00136002 0.999999 0.0189797 0.132064 -0.0533922
FixedParameters: 0 0 0

#Transform 17
Transform: AffineTransform_float_3_3
Parameters: 1 0.000384759 0.000178274 -0.000385307 0.999998 0.00154193 -0.000177086 -0.00154207 0.999999 0.0849767 0.152467 -0.108892
FixedParameters: 0 0 0

#Transform 18
Transform: AffineTransform_float_3_3
Parameters: 1 0.000315464 1.42593e-05 -0.000315502 0.999999 0.00136 -1.34012e-05 -0.00136 0.999999 0.016861 0.135656 -0.0688098
FixedParameters: 0 0 0

#Transform 19
Transform: AffineTransform_float_3_3
Parameters: 1 0.000519934 -7.2205e-05 -0.000520127 0.999999 0.00136004 7.2699e-05 -0.00135996 0.999999 0.0431709 0.146894 -0.0744369
FixedParameters: 0 0 0

#Transform 20
Transform: AffineTransform_float_3_3
Parameters: 1 0.000204019 6.13855e-05 -0.000204185 0.999999 0.00135599 -6.08319e-05 -0.00135601 0.999999 0.0207789 0.12422 -0.0624601
FixedParameters: 0 0 0

#Transform 21
Transform: AffineTransform_float_3_3
Parameters: 1 0.000288602 -4.92226e-05 -0.000288443 0.999998 0.00160101 5.01464e-05 -0.00160098 0.999998 0.0558483 0.149864 -0.0885754
FixedParameters: 0 0 0

#Transform 22
Transform: AffineTransform_float_3_3
Parameters: 1 0.000422922 5.78799e-05 -0.000423086 0.999999 0.00143798 -5.66633e-05 -0.00143802 0.999999 0.0518699 0.147108 -0.0889721
FixedParameters: 0 0 0

#Transform 23
Transform: AffineTransform_float_3_3
Parameters: 1 0.000561062 0.000409143 -0.000562459 0.999997 0.00235777 -0.000407805 -0.00235823 0.999997 0.0357521 0.149178 -0.078505
FixedParameters: 0 0 0

#Transform 24
Transform: AffineTransform_float_3_3
Parameters: 1 0.000398984 8.87109e-05 -0.000399277 0.999998 0.00166596 -8.7381e-05 -0.00166603 0.999998 0.0637808 0.146308 -0.0859414
FixedParameters: 0 0 0

#Transform 25
Transform: AffineTransform_float_3_3
Parameters: 1 0.00015174 9.73719e-06 -0.000152168 0.999999 0.00186 -1.00924e-05 -0.00186 0.999999 0.0413337 0.148823 -0.0909372
FixedParameters: 0 0 0

#Transform 26
Transform: AffineTransform_float_3_3
Parameters: 1 0.000325614 0.00041942 -0.000325653 0.999998 0.00224187 -0.000418741 -0.00224214 0.999998 0.0376684 0.149484 -0.0800978
FixedParameters: 0 0 0

#Transform 27
Transform: AffineTransform_float_3_3
Parameters: 1 0.000535935 9.15736e-05 -0.000535293 0.999998 0.00153095 -9.03243e-05 -0.00153105 0.999999 0.0358462 0.135654 -0.0743893
FixedParameters: 0 0 0

#Transform 28
Transform: AffineTransform_float_3_3
Parameters: 1 0.000672426 8.0514e-05 -0.000673049 0.999998 0.00144895 -7.94849e-05 -0.00144905 0.999999 0.0384112 0.137765 -0.0986505
FixedParameters: 0 0 0

#Transform 29
Transform: AffineTransform_float_3_3
Parameters: 1 0.000336102 0.000222845 -0.000336485 0.999998 0.00204792 -0.000222779 -0.00204807 0.999998 0.0285316 0.138951 -0.07824
FixedParameters: 0 0 0

#Transform 30
Transform: AffineTransform_float_3_3
Parameters: 0.999999 0.000672071 0.000265729 -0.000672778 0.999997 0.00233582 -0.000263898 -0.00233618 0.999997 0.0293273 0.15083 -0.0648123
FixedParameters: 0 0 0

#Transform 31
Transform: AffineTransform_float_3_3
Parameters: 1 0.000331539 0.000211629 -0.000332199 0.999998 0.00156393 -0.000210591 -0.00156407 0.999999 0.0504861 0.140679 -0.0863367
FixedParameters: 0 0 0

#Transform 32
Transform: AffineTransform_float_3_3
Parameters: 1 -0.000341688 0.000303888 0.000340986 0.999998 0.00179626 -0.000304194 -0.00179674 0.999999 0.028141 0.141853 -0.0943085
FixedParameters: 0 0 0

#Transform 33
Transform: AffineTransform_float_3_3
Parameters: 1 0.000160652 0.000636704 -0.000161103 0.999999 0.0013849 -0.000635728 -0.0013851 0.999999 0.028726 0.135071 -0.0824102
FixedParameters: 0 0 0

#Transform 34
Transform: AffineTransform_float_3_3
Parameters: 0.999999 -0.000172023 0.00070554 0.000170854 0.999999 0.00175812 -0.000705613 -0.00175788 0.999998 0.0535317 0.139907 -0.114556
FixedParameters: 0 0 0

#Transform 35
Transform: AffineTransform_float_3_3
Parameters: 1 5.05691e-05 0.000611402 -5.247e-05 0.999998 0.00230697 -0.000611555 -0.00230703 0.999997 0.0500084 0.155424 -0.118941
FixedParameters: 0 0 0

#Transform 36
Transform: AffineTransform_float_3_3
Parameters: 0.999999 0.000200736 0.000807484 -0.000201902 0.999998 0.0021052 -0.000806497 -0.0021048 0.999998 0.0232291 0.137724 -0.0776079
FixedParameters: 0 0 0

#Transform 37
Transform: AffineTransform_float_3_3
Parameters: 1 0.000313603 0.000526458 -0.000314469 0.999999 0.00169904 -0.000525782 -0.00169796 0.999998 0.0449612 0.141466 -0.0886377
FixedParameters: 0 0 0

#Transform 38
Transform: AffineTransform_float_3_3
Parameters: 0.999999 0.000140519 0.000726315 -0.000143191 0.999995 0.0033779 -0.000725218 -0.0033781 0.999994 0.0537153 0.168965 -0.0726044
FixedParameters: 0 0 0

#Transform 39
Transform: AffineTransform_float_3_3
Parameters: 1 -0.000321576 0.00099516 0.00031862 0.999997 0.00234032 -0.000995208 -0.00233968 0.999997 0.0367048 0.129741 -0.0501532
FixedParameters: 0 0 0

#Transform 40
Transform: AffineTransform_float_3_3
Parameters: 0.999999 0.000616722 0.000893567 -0.000618992 0.999997 0.00230245 -0.000891503 -0.00230355 0.999997 0.0270082 0.163802 -0.0489241
FixedParameters: 0 0 0

#Transform 41
Transform: AffineTransform_float_3_3
Parameters: 0.999999 0.000400171 0.00060064 -0.000401501 0.999999 0.00187461 -0.000599528 -0.00187439 0.999998 0.0503973 0.140527 -0.0738926
FixedParameters: 0 0 0

#Transform 42
Transform: AffineTransform_float_3_3
Parameters: 0.999999 -0.000155648 0.000745076 0.000153626 0.999998 0.00223712 -0.000745238 -0.00223689 0.999997 0.0268427 0.164082 -0.071737
FixedParameters: 0 0 0

#Transform 43
Transform: AffineTransform_float_3_3
Parameters: 1 0.000255809 0.000998012 -0.000258434 0.999997 0.0024351 -0.000996621 -0.0024349 0.999997 0.0357744 0.146195 -0.064207
FixedParameters: 0 0 0

#Transform 44
Transform: AffineTransform_float_3_3
Parameters: 0.999999 0.000503072 0.000827553 -0.000505541 0.999997 0.00236858 -0.000826866 -0.00236942 0.999997 0.064807 0.154599 -0.136666
FixedParameters: 0 0 0

#Transform 45
Transform: AffineTransform_float_3_3
Parameters: 1 0.000398517 0.00102249 -0.000401675 0.999997 0.00244595 -0.00102132 -0.00244605 0.999997 0.0229479 0.13791 -0.0941032
FixedParameters: 0 0 0

#Transform 46
Transform: AffineTransform_float_3_3
Parameters: 1 6.22207e-05 0.000515343 -6.31516e-05 0.999997 0.00217733 -0.000514541 -0.00217667 0.999998 0.0245694 0.154168 -0.0864369
FixedParameters: 0 0 0

#Transform 47
Transform: AffineTransform_float_3_3
Parameters: 0.999999 0.0002754 0.000900744 -0.000278252 0.999996 0.00260611 -0.000900082 -0.00260589 0.999996 0.0201811 0.157237 -0.131382
FixedParameters: 0 0 0

#Transform 48
Transform: AffineTransform_float_3_3
Parameters: 0.999999 9.18192e-05 0.0013339 -9.6028e-05 0.999996 0.00290723 -0.00133268 -0.00290676 0.999995 0.0280444 0.1583 -0.0831965
FixedParameters: 0 0 0

#Transform 49
Transform: AffineTransform_float_3_3
Parameters: 1 0.000139313 0.00104064 -0.000141036 0.999997 0.00234201 -0.00104024 -0.00234299 0.999997 0.039118 0.159206 -0.094551
FixedParameters: 0 0 0

#Transform 50
Transform: AffineTransform_float_3_3
Parameters: 1 -0.000542571 0.000891434 0.000540071 0.999995 0.00287048 -0.000893481 -0.00286951 0.999995 0.0408077 0.16563 -0.100964
FixedParameters: 0 0 0

#Transform 51
Transform: AffineTransform_float_3_3
Parameters: 0.999999 -0.000161973 0.000731146 0.000159022 0.999995 0.00291411 -0.000731551 -0.00291388 0.999995 0.0167861 0.168299 -0.0536918
FixedParameters: 0 0 0

#Transform 52
Transform: AffineTransform_float_3_3
Parameters: 1 9.2475e-05 0.000997336 -9.56032e-05 0.999997 0.00268791 -0.000996691 -0.00268809 0.999996 0.0227587 0.177618 -0.0768373
FixedParameters: 0 0 0

#Transform 53
Transform: AffineTransform_float_3_3
Parameters: 1 1.15621e-05 0.00114219 -1.50545e-05 0.999997 0.00250634 -0.00114199 -0.00250566 0.999996 0.0392297 0.16872 -0.129085
FixedParameters: 0 0 0

#Transform 54
Transform: AffineTransform_float_3_3
Parameters: 0.999999 -8.6804e-05 0.000909049 8.42896e-05 0.999997 0.00261008 -0.000909356 -0.00260992 0.999996 0.019637 0.17448 -0.0956385
FixedParameters: 0 0 0

#Transform 55
Transform: AffineTransform_float_3_3
Parameters: 0.999999 0.000269507 0.000758879 -0.00027134 0.999996 0.0030278 -0.000758413 -0.00302821 0.999995 0.0183414 0.162885 -0.0768882
FixedParameters: 0 0 0

#Transform 56
Transform: AffineTransform_float_3_3
Parameters: 0.999999 0.00032961 0.000775896 -0.000331924 0.999994 0.0032731 -0.000774903 -0.0032729 0.999995 0.0256709 0.18026 -0.0764683
FixedParameters: 0 0 0

#Transform 57
Transform: AffineTransform_float_3_3
Parameters: 1 -0.000190269 0.000663065 0.000188555 0.999998 0.00228113 -0.0006634 -0.00228088 0.999997 0.0386375 0.161255 -0.0857303
FixedParameters: 0 0 0

#Transform 58
Transform: AffineTransform_float_3_3
Parameters: 1 -0.000508531 0.000899268 0.000506016 0.999997 0.00234361 -0.000900196 -0.00234339 0.999997 0.0160077 0.162047 -0.0475693
FixedParameters: 0 0 0

#Transform 59
Transform: AffineTransform_float_3_3
Parameters: 1 -0.000180239 0.000457989 0.000179305 0.999997 0.00245008 -0.00045834 -0.00244992 0.999997 0.0613141 0.174947 -0.134389
FixedParameters: 0 0 0

#Transform 60
Transform: AffineTransform_float_3_3
Parameters: 0.999999 -0.000495505 0.000896017 0.000492235 0.999994 0.00350324 -0.000897498 -0.00350376 0.999993 0.0318506 0.199961 -0.108286
FixedParameters: 0 0 0

#Transform 61
Transform: AffineTransform_float_3_3
Parameters: 0.999999 3.47707e-05 0.000873957 -3.72978e-05 0.999996 0.00302397 -0.000874911 -0.00302403 0.999995 0.0252526 0.174417 -0.0951826
FixedParameters: 0 0 0

#Transform 62
Transform: AffineTransform_float_3_3
Parameters: 0.999999 -0.000482443 0.00052655 0.0004812 0.999996 0.00279325 -0.000527791 -0.00279275 0.999996 0.0322189 0.164821 -0.0950465
FixedParameters: 0 0 0

#Transform 63
Transform: AffineTransform_float_3_3
Parameters: 0.999999 -0.000414208 0.000918515 0.000411389 0.999995 0.00317438 -0.000919155 -0.00317362 0.999994 0.0428568 0.18035 -0.0855609
FixedParameters: 0 0 0

#Transform 64
Transform: AffineTransform_float_3_3
Parameters: 1 -0.000205794 0.00111275 0.000201754 0.999994 0.00340638 -0.00111347 -0.00340662 0.999994 0.0337682 0.1703 -0.0499541
FixedParameters: 0 0 0

#Transform 65
Transform: AffineTransform_float_3_3
Parameters: 0.999999 0.00018186 0.000744726 -0.000185103 0.999994 0.00341386 -0.000744254 -0.00341414 0.999994 0.0502593 0.174585 -0.0893986
FixedParameters: 0 0 0

#Transform 66
Transform: AffineTransform_float_3_3
Parameters: 0.999999 0.000115181 0.000871586 -0.000118543 0.999996 0.00298405 -0.000871669 -0.00298495 0.999996 0.00715998 0.172788 -0.110898
FixedParameters: 0 0 0

#Transform 67
Transform: AffineTransform_float_3_3
Parameters: 0.999999 0.000176555 0.000720976 -0.000178623 0.999995 0.00298438 -0.000719777 -0.00298461 0.999996 0.00566276 0.166179 -0.0767743
FixedParameters: 0 0 0

#Transform 68
Transform: AffineTransform_float_3_3
Parameters: 0.999999 0.000203495 0.000709664 -0.000205074 0.999997 0.00268686 -0.000708427 -0.00268715 0.999996 0.0335778 0.166954 -0.114126
FixedParameters: 0 0 0

#Transform 69
Transform: AffineTransform_float_3_3
Parameters: 1 -0.000420453 0.00108322 0.000416793 0.999992 0.00392661 -0.00108531 -0.00392639 0.999992 0.00890466 0.181837 -0.0178935
FixedParameters: 0 0 0

#Transform 70
Transform: AffineTransform_float_3_3
Parameters: 1 -0.000373164 0.00113079 0.000368688 0.999993 0.00371657 -0.00113195 -0.00371643 0.999992 0.0269781 0.180897 -0.0876541
FixedParameters: 0 0 0

#Transform 71
Transform: AffineTransform_float_3_3
Parameters: 0.999999 6.57842e-05 0.000909633 -6.95905e-05 0.999995 0.00331994 -0.000909044 -0.00332006 0.999994 0.0214947 0.194222 -0.0597902
FixedParameters: 0 0 0

#Transform 72
Transform: AffineTransform_float_3_3
Parameters: 0.999999 0.000173028 0.000791943 -0.000175094 0.999997 0.00271486 -0.000790859 -0.00271514 0.999996 0.0568271 0.172931 -0.123949
FixedParameters: 0 0 0

#Transform 73
Transform: AffineTransform_float_3_3
Parameters: 0.999999 8.4162e-05 0.00095738 -8.64661e-05 0.999996 0.00284992 -0.000957145 -0.00285008 0.999995 0.0239697 0.181091 -0.0914419
FixedParameters: 0 0 0

#Transform 74
Transform: AffineTransform_float_3_3
Parameters: 0.999999 5.47161e-05 0.000900337 -5.76123e-05 0.999996 0.0028481 -0.000899878 -0.0028489 0.999995 0.0357918 0.18025 -0.0932465
FixedParameters: 0 0 0

#Transform 75
Transform: AffineTransform_float_3_3
Parameters: 0.999999 -2.25135e-05 0.000846012 1.97242e-05 0.999995 0.00296753 -0.000845998 -0.00296747 0.999996 0.0177375 0.170167 -0.072238
FixedParameters: 0 0 0

#Transform 76
Transform: AffineTransform_float_3_3
Parameters: 0.999999 -0.000317705 0.00119688 0.000313649 0.999994 0.00317253 -0.00119821 -0.00317247 0.999994 0.023847 0.178243 -0.0647863
FixedParameters: 0 0 0

#Transform 77
Transform: AffineTransform_float_3_3
Parameters: 0.999999 0.000114208 0.00087198 -0.000117676 0.999996 0.0030439 -0.000872055 -0.0030441 0.999995 0.0139268 0.173612 -0.0675005
FixedParameters: 0 0 0

#Transform 78
Transform: AffineTransform_float_3_3
Parameters: 0.999999 0.000145333 0.000917478 -0.000148081 0.999996 0.00300187 -0.000917769 -0.00300214 0.999995 0.0271267 0.185121 -0.131495
FixedParameters: 0 0 0

#Transform 79
Transform: AffineTransform_float_3_3
Parameters: 0.999999 -0.000400695 0.000728563 0.000398639 0.999996 0.00293793 -0.000730772 -0.00293807 0.999995 0.0192125 0.168062 -0.12574
FixedParameters: 0 0 0

#Transform 80
Transform: AffineTransform_float_3_3
Parameters: 0.999999 -0.000241661 0.000964382 0.00023839 0.999996 0.00285123 -0.000965612 -0.00285077 0.999995 0.01092 0.175251 -0.0891286
FixedParameters: 0 0 0

#Transform 81
Transform: AffineTransform_float_3_3
Parameters: 1 -0.000235495 0.00029585 0.000234668 0.999998 0.00205807 -0.000295897 -0.00205793 0.999998 0.0136504 0.157981 -0.0705662
FixedParameters: 0 0 0

#Transform 82
Transform: AffineTransform_float_3_3
Parameters: 0.999999 -0.00046551 0.000803033 0.000463151 0.999998 0.00228337 -0.000804623 -0.00228263 0.999997 0.0217369 0.162672 -0.060906
FixedParameters: 0 0 0

#Transform 83
Transform: AffineTransform_float_3_3
Parameters: 1 -0.000189213 0.00101793 0.000185902 0.999994 0.00336534 -0.00101853 -0.00336566 0.999994 0.00311905 0.178899 -0.0396483
FixedParameters: 0 0 0

#Transform 84
Transform: AffineTransform_float_3_3
Parameters: 1 -0.000387629 0.000537063 0.000386871 0.999998 0.00192436 -0.000538024 -0.00192464 0.999998 0.0437132 0.179928 -0.11086
FixedParameters: 0 0 0

#Transform 85
Transform: AffineTransform_float_3_3
Parameters: 0.999999 -0.000717245 0.000545359 0.00071608 0.999998 0.00142539 -0.000546481 -0.00142461 0.999999 0.0105967 0.140861 -0.0536318
FixedParameters: 0 0 0

#Transform 86
Transform: AffineTransform_float_3_3
Parameters: 1 -0.000507472 0.000371931 0.000506835 0.999995 0.00313719 -0.000373663 -0.00313681 0.999995 0.0175842 0.164989 0.00712565
FixedParameters: 0 0 0

#Transform 87
Transform: AffineTransform_float_3_3
Parameters: 0.999999 -0.000668018 0.000320387 0.000666978 0.999996 0.00283421 -0.00032233 -0.00283378 0.999996 0.0299272 0.171866 -0.0834974
FixedParameters: 0 0 0

#Transform 88
Transform: AffineTransform_float_3_3
Parameters: 0.999999 -0.000427714 0.000592315 0.000425823 0.999996 0.00303025 -0.000593451 -0.00302975 0.999995 0.0124905 0.174713 -0.0419915
FixedParameters: 0 0 0

#Transform 89
Transform: AffineTransform_float_3_3
Parameters: 0.999999 -0.000631863 0.000748934 0.000629288 0.999995 0.00285147 -0.000751079 -0.00285052 0.999995 0.031534 0.17561 -0.0556776
FixedParameters: 0 0 0

#Transform 90
Transform: AffineTransform_float_3_3
Parameters: 1 -0.000550601 0.00094303 0.000546977 0.999994 0.00351531 -0.000944909 -0.00351569 0.999993 0.0266501 0.178566 -0.0261471
FixedParameters: 0 0 0

#Transform 91
Transform: AffineTransform_float_3_3
Parameters: 1 -0.000548899 0.000946806 0.000545552 0.999994 0.00335567 -0.000948498 -0.00335533 0.999994 0.0178513 0.174254 -0.027444
FixedParameters: 0 0 0

#Transform 92
Transform: AffineTransform_float_3_3
Parameters: 1 -0.000534146 0.000981847 0.000530216 0.999994 0.00333268 -0.000984335 -0.00333232 0.999994 0.0320395 0.17375 -0.0341806
FixedParameters: 0 0 0

#Transform 93
Transform: AffineTransform_float_3_3
Parameters: 0.999999 -0.000240662 0.00101226 0.000236832 0.999994 0.00364024 -0.00101333 -0.00363976 0.999993 0.0122626 0.200476 0.00647902
FixedParameters: 0 0 0

#Transform 94
Transform: AffineTransform_float_3_3
Parameters: 0.999999 -7.29146e-05 0.000942216 7.00464e-05 0.999997 0.00270607 -0.000942464 -0.00270593 0.999996 0.00931965 0.159073 0.0112685
FixedParameters: 0 0 0

#Transform 95
Transform: AffineTransform_float_3_3
Parameters: 1 -0.000112003 0.000588796 0.000110182 0.999998 0.00232607 -0.000589703 -0.00232594 0.999997 0.0155169 0.165018 -0.0252147
FixedParameters: 0 0 0

#Transform 96
Transform: AffineTransform_float_3_3
Parameters: 1 -0.000125564 0.000685599 0.000123422 0.999997 0.00251808 -0.000685696 -0.00251791 0.999996 0.0104264 0.160746 -0.0519951
FixedParameters: 0 0 0

#Transform 97
Transform: AffineTransform_float_3_3
Parameters: 0.999999 -0.000471134 0.00113127 0.000467025 0.999995 0.00314668 -0.00113224 -0.00314631 0.999994 -0.00556495 0.155123 -0.0147039
FixedParameters: 0 0 0

#Transform 98
Transform: AffineTransform_float_3_3
Parameters: 0.999999 -0.000571753 0.000703866 0.000569465 0.999995 0.0031094 -0.000705043 -0.0031086 0.999995 0.0213525 0.182261 -0.0614229
FixedParameters: 0 0 0

#Transform 99
Transform: AffineTransform_float_3_3
Parameters: 1 -0.000151524 0.000963576 0.000149154 0.999997 0.00238714 -0.000964154 -0.00238685 0.999996 0.0167873 0.160774 -0.0851744
FixedParameters: 0 0 0

#Transform 100
Transform: AffineTransform_float_3_3
Parameters: 0.999999 -0.000477329 0.00116616 0.000473284 0.999994 0.00341871 -0.00116782 -0.00341829 0.999993 0.0170727 0.163784 -0.0202007
FixedParameters: 0 0 0

#Transform 101
Transform: AffineTransform_float_3_3
Parameters: 0.999999 -0.000518554 0.000830859 0.000515742 0.999993 0.00350243 -0.000832501 -0.00350157 0.999993 0.0147338 0.166453 0.00849813
FixedParameters: 0 0 0

#Transform 102
Transform: AffineTransform_float_3_3
Parameters: 0.999999 -0.000430199 0.00133052 0.0004257 0.999993 0.00366072 -0.00133153 -0.00366028 0.999992 0.0456854 0.188584 -0.0407165
FixedParameters: 0 0 0

#Transform 103
Transform: AffineTransform_float_3_3
Parameters: 1 -0.000238277 0.00107967 0.000234563 0.999993 0.00354177 -0.00107975 -0.00354123 0.999993 0.00778433 0.187885 -0.0443546
FixedParameters: 0 0 0

#Transform 104
Transform: AffineTransform_float_3_3
Parameters: 0.999999 -0.000485126 0.000590225 0.000483292 0.999995 0.00332429 -0.000591073 -0.00332372 0.999995 0.0178577 0.176785 -0.025789
FixedParameters: 0 0 0

#Transform 105
Transform: AffineTransform_float_3_3
Parameters: 1 -0.000334834 0.000947055 0.000331686 0.999996 0.00304532 -0.000948025 -0.00304468 0.999995 0.02091 0.181773 -0.0749283
FixedParameters: 0 0 0

#Transform 106
Transform: AffineTransform_float_3_3
Parameters: 0.999999 -0.000140691 0.000898758 0.000138004 0.999994 0.00346512 -0.000899054 -0.00346487 0.999993 0.00979377 0.171849 -0.0511993
FixedParameters: 0 0 0

#Transform 107
Transform: AffineTransform_float_3_3
Parameters: 1 -0.000186309 0.000170757 0.000185426 0.999996 0.00257803 -0.000171716 -0.00257797 0.999996 0.0487538 0.163658 -0.120634
FixedParameters: 0 0 0

#Transform 108
Transform: AffineTransform_float_3_3
Parameters: 0.999999 -0.00015013 0.000844403 0.000147753 0.999996 0.00296113 -0.000844226 -0.00296088 0.999996 0.000739518 0.178388 -0.0857838
FixedParameters: 0 0 0

#Transform 109
Transform: AffineTransform_float_3_3
Parameters: 1 -0.000295717 0.000607158 0.000293076 0.999994 0.00325118 -0.000608542 -0.00325082 0.999994 0.0304151 0.191039 -0.0812351
FixedParameters: 0 0 0

#Transform 110
Transform: AffineTransform_float_3_3
Parameters: 1 -0.000532497 0.00102827 0.000528643 0.999992 0.0039737 -0.00102997 -0.0039733 0.999992 0.020956 0.187392 -0.0452478
FixedParameters: 0 0 0

#Transform 111
Transform: AffineTransform_float_3_3
Parameters: 0.999999 -0.000384072 0.00133178 0.000379264 0.999993 0.00362566 -0.00133335 -0.00362534 0.999992 0.0221996 0.181571 -0.0453383
FixedParameters: 0 0 0

#Transform 112
Transform: AffineTransform_float_3_3
Parameters: 0.999999 -0.000216675 0.00083642 0.000213774 0.999995 0.00330134 -0.000836781 -0.00330167 0.999995 0.0212784 0.177904 -0.0428641
FixedParameters: 0 0 0

#Transform 113
Transform: AffineTransform_float_3_3
Parameters: 1 -0.000242066 0.000564131 0.000240069 0.999995 0.00293013 -0.000565014 -0.00292986 0.999995 0.0454844 0.186756 -0.0458119
FixedParameters: 0 0 0

#Transform 114
Transform: AffineTransform_float_3_3
Parameters: 0.999999 -0.000427644 0.000812214 0.000425055 0.999994 0.0034465 -0.000813172 -0.0034465 0.999994 0.0182671 0.190585 -0.0185002
FixedParameters: 0 0 0

#Transform 115
Transform: AffineTransform_float_3_3
Parameters: 1 -0.0003382 0.000320332 0.000337631 0.999995 0.00292911 -0.000321782 -0.00292889 0.999995 0.0802178 0.177906 -0.0377855
FixedParameters: 0 0 0

#Transform 116
Transform: AffineTransform_float_3_3
Parameters: 1 -0.000309904 -0.000208156 0.000310792 0.999994 0.00341094 0.00020735 -0.00341107 0.999994 0.0817962 0.190473 -0.0375362
FixedParameters: 0 0 0

#Transform 117
Transform: AffineTransform_float_3_3
Parameters: 0.999999 -0.00040461 0.00063986 0.000402906 0.999994 0.00337626 -0.000641527 -0.00337574 0.999994 0.0242262 0.184964 -0.0391411
FixedParameters: 0 0 0

#Transform 118
Transform: AffineTransform_float_3_3
Parameters: 0.999999 -0.000555252 0.000555904 0.00055238 0.99999 0.00445531 -0.000558468 -0.00445469 0.99999 0.0219393 0.219235 -0.014662
FixedParameters: 0 0 0

#Transform 119
Transform: AffineTransform_float_3_3
Parameters: 1 -0.000493065 0.000197305 0.000492326 0.999992 0.00383409 -0.000199242 -0.0038339 0.999992 0.0224357 0.196033 -0.00488473
FixedParameters: 0 0 0

#Transform 120
Transform: AffineTransform_float_3_3
Parameters: 0.999999 -0.000426393 0.000882958 0.000423514 0.999993 0.00385438 -0.000884644 -0.00385363 0.999992 0.0276556 0.197935 -0.0411655
FixedParameters: 0 0 0

#Transform 121
Transform: AffineTransform_float_3_3
Parameters: 0.999999 -0.000327675 0.000663578 0.000325457 0.999992 0.00394022 -0.000664171 -0.00393978 0.999992 0.0110109 0.197323 -0.0201695
FixedParameters: 0 0 0

#Transform 122
Transform: AffineTransform_float_3_3
Parameters: 1 -0.000499408 0.000735421 0.000496544 0.99999 0.00425752 -0.000736761 -0.00425748 0.999991 0.0325532 0.200742 -0.0302432
FixedParameters: 0 0 0

#Transform 123
Transform: AffineTransform_float_3_3
Parameters: 0.999999 -0.000886578 0.000854348 0.000882947 0.99999 0.00433676 -0.0008582 -0.00433524 0.99999 0.0393257 0.194314 -0.0568698
FixedParameters: 0 0 0

#Transform 124
Transform: AffineTransform_float_3_3
Parameters: 1 -0.000124085 0.000950879 0.000119913 0.999989 0.00453863 -0.000951708 -0.00453837 0.99999 0.0102891 0.216017 -0.00662485
FixedParameters: 0 0 0

#Transform 125
Transform: AffineTransform_float_3_3
Parameters: 1 -7.64556e-05 0.000334658 7.5032e-05 0.999991 0.00408517 -0.000334747 -0.00408582 0.999992 0.0318978 0.200288 -0.0272044
FixedParameters: 0 0 0

#Transform 126
Transform: AffineTransform_float_3_3
Parameters: 1 -7.7643e-05 0.000334983 7.66043e-05 0.999988 0.00487703 -0.000335597 -0.00487697 0.999988 -0.000342126 0.223048 0.0619187
FixedParameters: 0 0 0

#Transform 127
Transform: AffineTransform_float_3_3
Parameters: 1 -0.000371146 0.000237452 0.000369639 0.999984 0.00562509 -0.000238857 -0.00562491 0.999984 0.00502516 0.243878 0.0875359
FixedParameters: 0 0 0

#Transform 128
Transform: AffineTransform_float_3_3
Parameters: 0.999999 -0.000700108 0.00032689 0.000697705 0.999981 0.00602323 -0.000331627 -0.00602277 0.999982 0.0175896 0.243896 0.120224
FixedParameters: 0 0 0

#Transform 129
Transform: AffineTransform_float_3_3
Parameters: 1 -0.000526255 -0.000164819 0.000527011 0.999984 0.00556076 0.000161585 -0.00556023 0.999984 0.0295588 0.220887 0.0311123
FixedParameters: 0 0 0

#Transform 130
Transform: AffineTransform_float_3_3
Parameters: 1 -0.000521367 0.000371103 0.00051894 0.999978 0.0065852 -0.000374662 -0.00658481 0.999978 0.0310077 0.248555 0.0417501
FixedParameters: 0 0 0

#Transform 131
Transform: AffineTransform_float_3_3
Parameters: 1 -0.000409377 0.000148448 0.000408264 0.999971 0.00760906 -0.000151908 -0.00760894 0.999971 -0.000450987 0.280361 0.0997156
FixedParameters: 0 0 0

#Transform 132
Transform: AffineTransform_float_3_3
Parameters: 1 -0.000178559 -4.36125e-05 0.000178564 0.999981 0.00618899 4.27135e-05 -0.00618901 0.999981 0.0259681 0.263272 0.0718736
FixedParameters: 0 0 0

#Transform 133
Transform: AffineTransform_float_3_3
Parameters: 1 -0.00044713 6.83982e-05 0.000446113 0.999981 0.00626104 -7.17591e-05 -0.00626097 0.999981 0.0136959 0.263913 0.081357
FixedParameters: 0 0 0

#Transform 134
Transform: AffineTransform_float_3_3
Parameters: 1 -0.000469344 0.000337025 0.000467647 0.999984 0.00559816 -0.0003399 -0.00559784 0.999985 0.0049986 0.250463 0.0890593
FixedParameters: 0 0 0

#Transform 135
Transform: AffineTransform_float_3_3
Parameters: 1 -0.000465693 0.000325265 0.000462684 0.99998 0.00639679 -0.000328442 -0.00639721 0.999979 0.00947837 0.276527 0.102235
FixedParameters: 0 0 0

#Transform 136
Transform: AffineTransform_float_3_3
Parameters: 0.999999 -0.000549423 -0.000448962 0.000551772 0.999982 0.00586675 0.000445906 -0.00586724 0.999982 0.0103084 0.262935 0.0876002
FixedParameters: 0 0 0

#Transform 137
Transform: AffineTransform_float_3_3
Parameters: 1 -0.000385721 0.000470517 0.000382415 0.999978 0.00669182 -0.000473677 -0.00669218 0.999977 0.00638893 0.276912 0.108931
FixedParameters: 0 0 0

#Transform 138
Transform: AffineTransform_float_3_3
Parameters: 1 -0.000333668 0.000457558 0.000330645 0.999979 0.00657816 -0.000459948 -0.00657785 0.999979 -0.000256501 0.282723 0.118691
FixedParameters: 0 0 0

#Transform 139
Transform: AffineTransform_float_3_3
Parameters: 1 -0.00037198 -0.000252039 0.000373288 0.999985 0.0054979 0.000249643 -0.00549809 0.999985 0.0391462 0.241591 0.0383626
FixedParameters: 0 0 0

#Transform 140
Transform: AffineTransform_float_3_3
Parameters: 1 -0.00058097 0.000363311 0.00057851 0.999977 0.00676121 -0.000367859 -0.00676079 0.999977 0.0119395 0.27429 0.116543
FixedParameters: 0 0 0

#Transform 141
Transform: AffineTransform_float_3_3
Parameters: 1 -0.000568376 0.000206275 0.000567037 0.999975 0.00696311 -0.000210499 -0.00696288 0.999975 0.00968054 0.262518 0.124742
FixedParameters: 0 0 0

#Transform 142
Transform: AffineTransform_float_3_3
Parameters: 1 -0.000568244 -0.000170757 0.000569023 0.999975 0.00701891 0.000166708 -0.0070191 0.999976 0.0281654 0.264884 0.0670016
FixedParameters: 0 0 0

#Transform 143
Transform: AffineTransform_float_3_3
Parameters: 0.999999 -0.000855707 0.000392941 0.000852852 0.999974 0.00706334 -0.000398565 -0.00706266 0.999975 0.0164224 0.254936 0.105011
FixedParameters: 0 0 0

#Transform 144
Transform: AffineTransform_float_3_3
Parameters: 0.999999 -0.000747457 5.91862e-05 0.000746992 0.99997 0.0078269 -6.45782e-05 -0.00782611 0.999969 0.00932169 0.291815 0.166407
FixedParameters: 0 0 0

#Transform 145
Transform: AffineTransform_float_3_3
Parameters: 1 -0.000467429 -7.95085e-05 0.000467464 0.999975 0.00706496 7.55259e-05 -0.00706504 0.999975 0.0159258 0.294486 0.126513
FixedParameters: 0 0 0

#Transform 146
Transform: AffineTransform_float_3_3
Parameters: 1 -0.000393502 0.000319065 0.000390656 0.99998 0.00627513 -0.000321224 -0.00627488 0.999981 0.0136139 0.276621 0.115767
FixedParameters: 0 0 0

#Transform 147
Transform: AffineTransform_float_3_3
Parameters: 0.999999 -0.000772634 0.000592047 0.000769358 0.99998 0.00627546 -0.000596982 -0.00627454 0.99998 0.00458432 0.251833 0.12558
FixedParameters: 0 0 0

#Transform 148
Transform: AffineTransform_float_3_3
Parameters: 0.999999 -0.000654722 0.00042796 0.000652141 0.999979 0.00634328 -0.000432038 -0.00634272 0.99998 0.00734049 0.265977 0.129059
FixedParameters: 0 0 0

#Transform 149
Transform: AffineTransform_float_3_3
Parameters: 1 -0.000591133 -0.00028973 0.000592707 0.99998 0.00617783 0.000285429 -0.00617817 0.999981 0.0252585 0.265579 0.0833017
FixedParameters: 0 0 0

#Transform 150
Transform: AffineTransform_float_3_3
Parameters: 1 -0.00051883 0.000463087 0.000515421 0.999977 0.00676424 -0.000465871 -0.00676376 0.999977 0.0114488 0.27882 0.109853
FixedParameters: 0 0 0

#Transform 151
Transform: AffineTransform_float_3_3
Parameters: 1 -0.000538152 1.63332e-05 0.000538169 0.999979 0.00644501 -2.01179e-05 -0.00644499 0.999979 0.0224665 0.279706 0.103701
FixedParameters: 0 0 0

#Transform 152
Transform: AffineTransform_float_3_3
Parameters: 1 -0.00068953 7.93891e-05 0.000689502 0.999978 0.00651705 -8.33831e-05 -0.00651694 0.999979 0.019329 0.270904 0.10235
FixedParameters: 0 0 0

#Transform 153
Transform: AffineTransform_float_3_3
Parameters: 0.999999 -0.000614307 0.000366745 0.000611909 0.999971 0.00767587 -0.000371026 -0.00767613 0.99997 0.00839378 0.287063 0.163346
FixedParameters: 0 0 0

#Transform 154
Transform: AffineTransform_float_3_3
Parameters: 0.999999 -0.000766275 0.000110399 0.000765949 0.99997 0.00772109 -0.000116315 -0.00772091 0.99997 -0.000534537 0.268131 0.180203
FixedParameters: 0 0 0

#Transform 155
Transform: AffineTransform_float_3_3
Parameters: 0.999999 -0.000781937 0.000117174 0.000781586 0.999973 0.00739673 -0.000122825 -0.00739727 0.999972 0.0092662 0.259968 0.173763
FixedParameters: 0 0 0

#Transform 156
Transform: AffineTransform_float_3_3
Parameters: 0.999999 -0.000606497 0.000387903 0.000603973 0.999976 0.00692123 -0.000392069 -0.00692076 0.999976 0.014237 0.2682 0.149594
FixedParameters: 0 0 0

#Transform 157
Transform: AffineTransform_float_3_3
Parameters: 1 -0.000605521 0.000314817 0.000602999 0.999975 0.00706519 -0.000318752 -0.00706481 0.999975 0.00159426 0.280461 0.17908
FixedParameters: 0 0 0

#Transform 158
Transform: AffineTransform_float_3_3
Parameters: 1 -0.000303429 -0.000122965 0.000304208 0.999971 0.00753396 0.000121009 -0.00753403 0.999971 -0.00736906 0.29321 0.161818
FixedParameters: 0 0 0

#Transform 159
Transform: AffineTransform_float_3_3
Parameters: 0.999999 -0.000904147 -0.000391165 0.000906653 0.999969 0.0078385 0.000383918 -0.0078385 0.999969 0.0177879 0.282209 0.167588
FixedParameters: 0 0 0

#Transform 160
Transform: AffineTransform_float_3_3
Parameters: 0.999999 -0.000744232 -5.0659e-06 0.000743986 0.999978 0.00651699 -1.69426e-07 -0.006517 0.999979 0.00811596 0.262815 0.147926
FixedParameters: 0 0 0

#Transform 161
Transform: AffineTransform_float_3_3
Parameters: 1 -0.000576493 0.000397376 0.000574166 0.999978 0.00651723 -0.000400663 -0.00651677 0.999978 0.00386594 0.274901 0.171615
FixedParameters: 0 0 0

#Transform 162
Transform: AffineTransform_float_3_3
Parameters: 1 -0.000579432 -5.46372e-05 0.000580433 0.999974 0.00720397 4.94337e-05 -0.00720403 0.999974 -0.00668924 0.295465 0.172197
FixedParameters: 0 0 0

#Transform 163
Transform: AffineTransform_float_3_3
Parameters: 0.999999 -0.000647474 -0.000325672 0.0006497 0.999982 0.00589078 0.000321964 -0.0058912 0.999982 0.0206006 0.268706 0.133208
FixedParameters: 0 0 0

#Transform 164
Transform: AffineTransform_float_3_3
Parameters: 1 -0.000419668 7.96742e-05 0.0004189 0.99998 0.00631203 -8.1815e-05 -0.00631197 0.99998 -0.00131566 0.275439 0.14358
FixedParameters: 0 0 0

#Transform 165
Transform: AffineTransform_float_3_3
Parameters: 1 -0.000373377 -0.000424193 0.000376876 0.999972 0.00756285 0.000421922 -0.00756316 0.999972 -0.00522239 0.322294 0.155241
FixedParameters: 0 0 0

#Transform 166
Transform: AffineTransform_float_3_3
Parameters: 1 -0.000592938 0.000212346 0.000591627 0.999978 0.00669977 -0.000216601 -0.00670023 0.999977 0.0117346 0.275643 0.123193
FixedParameters: 0 0 0

#Transform 167
Transform: AffineTransform_float_3_3
Parameters: 1 -0.000650248 7.4708e-05 0.000649834 0.999977 0.00684769 -7.95383e-05 -0.00684831 0.999976 -0.0063141 0.279034 0.156311
FixedParameters: 0 0 0

#Transform 168
Transform: AffineTransform_float_3_3
Parameters: 1 -0.000644751 -0.000133694 0.000645485 0.999973 0.00735391 0.00012906 -0.00735408 0.999973 -0.00746526 0.290921 0.160432
FixedParameters: 0 0 0

#Transform 169
Transform: AffineTransform_float_3_3
Parameters: 0.999999 -0.000741294 -0.000144393 0.00074255 0.999973 0.00726953 0.00013938 -0.00727046 0.999973 0.012106 0.283815 0.147823
FixedParameters: 0 0 0

#Transform 170
Transform: AffineTransform_float_3_3
Parameters: 1 -0.00051157 0.000408289 0.000508775 0.999967 0.0080262 -0.000412657 -0.00802579 0.999967 0.00350308 0.301793 0.196092
FixedParameters: 0 0 0

#Transform 171
Transform: AffineTransform_float_3_3
Parameters: 0.999999 -0.000823467 -0.000110242 0.000824223 0.999973 0.00730276 0.000103984 -0.00730224 0.999973 -0.00508684 0.302331 0.171693
FixedParameters: 0 0 0

#Transform 172
Transform: AffineTransform_float_3_3
Parameters: 1 -0.00105159 0.000375167 0.00104919 0.999976 0.00676939 -0.000382944 -0.0067686 0.999977 -0.0129027 0.283258 0.156768
FixedParameters: 0 0 0

#Transform 173
Transform: AffineTransform_float_3_3
Parameters: 0.999999 -0.000830004 -0.000106972 0.000830575 0.999978 0.00660191 0.000101784 -0.00660209 0.999978 0.00350374 0.306217 0.163637
FixedParameters: 0 0 0

#Transform 174
Transform: AffineTransform_float_3_3
Parameters: 1 -0.000648716 -0.000270547 0.000650943 0.999975 0.00712283 0.000265223 -0.00712318 0.999975 0.0113622 0.29623 0.173717
FixedParameters: 0 0 0

#Transform 175
Transform: AffineTransform_float_3_3
Parameters: 0.999999 -0.000968461 -4.93201e-05 0.000968659 0.999977 0.00664795 4.31373e-05 -0.00664804 0.999978 -0.0111533 0.297088 0.195279
FixedParameters: 0 0 0

#Transform 176
Transform: AffineTransform_float_3_3
Parameters: 0.999999 -0.000924455 -0.000362324 0.000927507 0.999977 0.00665266 0.000356168 -0.00665333 0.999978 0.0105849 0.29915 0.199117
FixedParameters: 0 0 0

#Transform 177
Transform: AffineTransform_float_3_3
Parameters: 0.999999 -0.000749473 -0.000272876 0.000751073 0.999976 0.0068798 0.000267797 -0.00688021 0.999977 0.00701492 0.294216 0.178743
FixedParameters: 0 0 0

#Transform 178
Transform: AffineTransform_float_3_3
Parameters: 0.999999 -0.000845651 -0.000100816 0.000846222 0.999975 0.00705392 9.46558e-05 -0.00705408 0.999975 -0.00530398 0.292445 0.182876
FixedParameters: 0 0 0

#Transform 179
Transform: AffineTransform_float_3_3
Parameters: 0.999999 -0.000565311 -0.000489431 0.000568565 0.999973 0.00726093 0.000484993 -0.00726007 0.999974 0.00341004 0.321755 0.188721
FixedParameters: 0 0 0
