#Insight Transform File V1.0
#Transform 0
Transform: AffineTransform_float_3_3
Parameters: 1 8.04011e-05 0.00102269 -8.16345e-05 1 0.000603277 -0.00102259 -0.000602723 0.999999 0.0461952 -0.192239 -0.248707
FixedParameters: 0 0 0

#Transform 1
Transform: AffineTransform_float_3_3
Parameters: 1 0.000431146 -0.000466342 -0.000431227 1 0.000332201 0.000465708 -0.000331799 1 -0.0119799 0.0264732 -0.00536
FixedParameters: 0 0 0

#Transform 2
Transform: AffineTransform_float_3_3
Parameters: 1 0.000630921 -0.000279569 -0.000631169 1 0.000255177 0.00027897 -0.000254824 1 -0.00730592 0.0703686 -0.03325
FixedParameters: 0 0 0

#Transform 3
Transform: AffineTransform_float_3_3
Parameters: 0.999999 0.00115854 -0.00089228 -0.00115905 0.999999 0.000234675 0.000893213 -0.000233325 0.999999 -0.0482494 0.0604813 -0.0286313
FixedParameters: 0 0 0

#Transform 4
Transform: AffineTransform_float_3_3
Parameters: 1 0.000778102 -0.00061369 -0.000778332 0.999999 0.000130631 0.000612972 -0.000130371 1 -0.00169367 0.0591568 -0.0335866
FixedParameters: 0 0 0

#Transform 5
Transform: AffineTransform_float_3_3
Parameters: 1 0.00111409 -0.000431131 -0.00111416 0.999999 0.000380121 0.000431057 -0.00037988 1 -0.0378639 0.0652643 -0.0313996
FixedParameters: 0 0 0

#Transform 6
Transform: AffineTransform_float_3_3
Parameters: 1 0.000773499 -0.000611737 -0.00077373 0.999999 0.000130626 0.000611018 -0.000130375 1 -0.00140156 0.0843228 -0.0490617
FixedParameters: 0 0 0

#Transform 7
Transform: AffineTransform_float_3_3
Parameters: 1 0.00085727 -0.000647283 -0.000857492 1 0.000130348 0.000646586 -0.000130653 1 -0.0320871 0.0924242 -0.0493316
FixedParameters: 0 0 0

#Transform 8
Transform: AffineTransform_float_3_3
Parameters: 1 0.00086128 -0.000648409 -0.000860846 0.999999 0.000636352 0.000648585 -0.000636649 1 -0.0105351 0.0829025 -0.0743026
FixedParameters: 0 0 0

#Transform 9
Transform: AffineTransform_float_3_3
Parameters: 1 0.000912962 -0.000670094 -0.00091226 0.999999 0.000815252 0.000670661 -0.000814748 0.999999 -0.0353169 0.0964703 -0.0991924
FixedParameters: 0 0 0

#Transform 10
Transform: AffineTransform_float_3_3
Parameters: 1 0.000861126 -0.000648614 -0.000861001 1 0.000398199 0.000648379 -0.000397802 1 -0.00452052 0.0973878 -0.116033
FixedParameters: 0 0 0

#Transform 11
Transform: AffineTransform_float_3_3
Parameters: 1 0.00086078 -0.000649074 -0.000860956 1 -0.000135648 0.000648841 0.000135351 1 -0.00989273 0.0968387 -0.130315
FixedParameters: 0 0 0

#Transform 12
Transform: AffineTransform_float_3_3
Parameters: 1 0.0006779 -0.000947069 -0.000677717 1 9.64351e-05 0.000947199 -9.65652e-05 1 -0.0151537 0.101881 -0.102226
FixedParameters: 0 0 0

#Transform 13
Transform: AffineTransform_float_3_3
Parameters: 1 0.000751225 -0.000907492 -0.00075092 1 0.000168322 0.000907745 -0.000167678 0.999999 -0.00923638 0.112237 -0.151161
FixedParameters: 0 0 0

#Transform 14
Transform: AffineTransform_float_3_3
Parameters: 0.999999 0.000974605 -0.00101563 -0.000974732 1 -6.22169e-05 0.00101551 6.27825e-05 0.999999 -0.0373693 0.112784 -0.13277
FixedParameters: 0 0 0

#Transform 15
Transform: AffineTransform_float_3_3
Parameters: 1 0.000789866 -0.000624267 -0.000789885 0.999999 -1.53541e-05 0.000624243 1.56456e-05 1 -0.0145281 0.121644 -0.141929
FixedParameters: 0 0 0

#Transform 16
Transform: AffineTransform_float_3_3
Parameters: 0.999999 0.00051615 -0.000747693 -0.000516251 0.999999 0.000548386 0.00074865 -0.000547614 0.999999 -0.00190363 0.116487 -0.116883
FixedParameters: 0 0 0

#Transform 17
Transform: AffineTransform_float_3_3
Parameters: 1 0.00058223 -0.000253514 -0.000582122 1 0.000212148 0.000253761 -0.000211852 1 -0.00475747 0.102661 -0.141305
FixedParameters: 0 0 0

#Transform 18
Transform: AffineTransform_float_3_3
Parameters: 1 0.000537014 -0.000976583 -0.000537283 0.999999 -0.000137322 0.000976435 0.000137677 0.999999 0.0146268 0.10519 -0.15774
FixedParameters: 0 0 0

#Transform 19
Transform: AffineTransform_float_3_3
Parameters: 1 0.000890193 -0.00068258 -0.000889944 0.999999 0.000468401 0.000682493 -0.0004686 1 -0.0120165 0.111215 -0.140274
FixedParameters: 0 0 0

#Transform 20
Transform: AffineTransform_float_3_3
Parameters: 0.999999 0.000768802 -0.000674408 -0.000767968 1 0.000617311 0.000675357 -0.000617688 1 0.0101677 0.107056 -0.118819
FixedParameters: 0 0 0

#Transform 21
Transform: AffineTransform_float_3_3
Parameters: 0.999999 0.000446423 -0.0005738 -0.000445979 1 0.000387256 0.000574145 -0.000386744 1 -0.00202053 0.0979034 -0.137481
FixedParameters: 0 0 0

#Transform 22
Transform: AffineTransform_float_3_3
Parameters: 0.999999 0.000524488 -0.000601861 -0.000524626 1 -0.000114684 0.000601741 0.000115315 1 0.0205291 0.0938929 -0.100901
FixedParameters: 0 0 0

#Transform 23
Transform: AffineTransform_float_3_3
Parameters: 1 0.000535458 -0.000363847 -0.000535118 0.999999 0.000468195 0.000364348 -0.000467805 1 0.00123146 0.0941996 -0.122535
FixedParameters: 0 0 0

#Transform 24
Transform: AffineTransform_float_3_3
Parameters: 0.999999 0.000597705 -0.000511753 -0.000597062 0.999999 0.000628305 0.000512503 -0.000627694 0.999999 0.000964203 0.116576 -0.106591
FixedParameters: 0 0 0

#Transform 25
Transform: AffineTransform_float_3_3
Parameters: 0.999999 0.000723726 -0.000565359 -0.000723259 0.999999 0.000413409 0.000565957 -0.00041259 1 0.0026396 0.117829 -0.144239
FixedParameters: 0 0 0

#Transform 26
Transform: AffineTransform_float_3_3
Parameters: 1 0.00051652 -0.000408299 -0.000516546 1 -3.1789e-05 0.000408266 3.22108e-05 1 -0.000409398 0.111767 -0.137768
FixedParameters: 0 0 0

#Transform 27
Transform: AffineTransform_float_3_3
Parameters: 1 0.000632215 -0.000135692 -0.000632163 1 0.000191086 0.000135934 -0.000190914 1 0.0072138 0.111851 -0.152413
FixedParameters: 0 0 0

#Transform 28
Transform: AffineTransform_float_3_3
Parameters: 1 0.000468717 -0.000521285 -0.00046862 0.999999 0.000468397 0.000520803 -0.000468603 1 0.0163093 0.118986 -0.123756
FixedParameters: 0 0 0

#Transform 29
Transform: AffineTransform_float_3_3
Parameters: 1 0.000628287 -0.000144998 -0.000628278 1 3.20912e-05 0.000145038 -3.1909e-05 1 0.00674372 0.125093 -0.120265
FixedParameters: 0 0 0

#Transform 30
Transform: AffineTransform_float_3_3
Parameters: 1 0.000495072 -0.000458878 -0.000495013 0.999999 6.43799e-05 0.000458942 -6.46202e-05 1 0.00610973 0.118639 -0.114976
FixedParameters: 0 0 0

#Transform 31
Transform: AffineTransform_float_3_3
Parameters: 0.999999 0.000440616 -0.000587574 -0.000440456 0.999999 0.000468411 0.000587067 -0.000468589 1 -0.0198825 0.104551 -0.138133
FixedParameters: 0 0 0

#Transform 32
Transform: AffineTransform_float_3_3
Parameters: 0.999999 0.000344992 -0.000813142 -0.00034423 0.999999 0.000468433 0.000813465 -0.000468567 0.999999 0.00480767 0.108969 -0.179109
FixedParameters: 0 0 0

#Transform 33
Transform: AffineTransform_float_3_3
Parameters: 0.999999 0.000323349 -0.000863847 -0.000322893 0.999999 0.000263432 0.000864017 -0.000263568 1 -0.0329741 0.122239 -0.14273
FixedParameters: 0 0 0

#Transform 34
Transform: AffineTransform_float_3_3
Parameters: 0.999999 0.000308733 -0.000897967 -0.000308595 1 7.64299e-05 0.000898014 -7.65702e-05 1 -0.00595559 0.127513 -0.158934
FixedParameters: 0 0 0

#Transform 35
Transform: AffineTransform_float_3_3
Parameters: 1 0.000573072 -0.000910095 -0.000573641 1 0.000193522 0.000910707 -0.000192478 0.999999 -0.0230652 0.138526 -0.20885
FixedParameters: 0 0 0

#Transform 36
Transform: AffineTransform_float_3_3
Parameters: 0.999999 0.000306281 -0.000902738 -0.00030675 1 -0.000475723 0.000903367 0.000476276 0.999999 -0.0161754 0.14091 -0.245864
FixedParameters: 0 0 0

#Transform 37
Transform: AffineTransform_float_3_3
Parameters: 0.999999 0.000270989 -0.000985591 -0.0002721 1 -0.000563732 0.000985284 0.000564267 0.999999 -0.00169153 0.147703 -0.251945
FixedParameters: 0 0 0

#Transform 38
Transform: AffineTransform_float_3_3
Parameters: 1 0.000493332 -0.00046275 -0.000493628 0.999999 -0.000319619 0.000462434 0.000319381 1 -0.0297549 0.142287 -0.238095
FixedParameters: 0 0 0

#Transform 39
Transform: AffineTransform_float_3_3
Parameters: 0.999999 0.000121285 -0.000846972 -0.000122252 1 -0.000570896 0.000846833 0.000571102 0.999999 0.00898661 0.136736 -0.263769
FixedParameters: 0 0 0

#Transform 40
Transform: AffineTransform_float_3_3
Parameters: 0.999999 0.000127835 -0.00132153 -0.000129101 1 -0.000827678 0.00132093 0.000827323 0.999999 0.00802719 0.142024 -0.259989
FixedParameters: 0 0 0

#Transform 41
Transform: AffineTransform_float_3_3
Parameters: 0.999999 0.000196618 -0.000959224 -0.000197124 1 -0.000263811 0.000959121 0.000264188 0.999999 -0.0162809 0.133871 -0.25365
FixedParameters: 0 0 0

#Transform 42
Transform: AffineTransform_float_3_3
Parameters: 1 0.000176382 -0.00120829 -0.000177594 1 -0.000501273 0.00120811 0.000501726 0.999999 0.005998 0.134614 -0.30231
FixedParameters: 0 0 0

#Transform 43
Transform: AffineTransform_float_3_3
Parameters: 1 0.000176261 -0.00120831 -0.000177324 0.999999 -0.000601274 0.00120902 0.000601726 0.999999 -0.0109096 0.129254 -0.219857
FixedParameters: 0 0 0

#Transform 44
Transform: AffineTransform_float_3_3
Parameters: 1 4.63831e-05 -0.00115314 -4.70894e-05 0.999999 -0.000705434 0.00115268 0.000705566 0.999999 0.00608903 0.143198 -0.228696
FixedParameters: 0 0 0

#Transform 45
Transform: AffineTransform_float_3_3
Parameters: 1 -0.000290246 -0.00117737 0.00028893 0.999999 -0.000949981 0.00117753 0.000950018 0.999999 0.0352329 0.133787 -0.248768
FixedParameters: 0 0 0

#Transform 46
Transform: AffineTransform_float_3_3
Parameters: 0.999999 0.00029945 -0.000919236 -0.000299904 1 -0.000246724 0.000919087 0.000247275 0.999999 -0.00890902 0.141309 -0.226118
FixedParameters: 0 0 0

#Transform 47
Transform: AffineTransform_float_3_3
Parameters: 0.999999 -0.000277054 -0.0012252 0.000276839 1 -0.00024698 0.00122626 0.00024702 0.999999 0.0224319 0.130051 -0.265209
FixedParameters: 0 0 0

#Transform 48
Transform: AffineTransform_float_3_3
Parameters: 0.999999 0.000170955 -0.00122203 -0.000171298 1 -0.000140278 0.00122199 0.000140721 1 -0.0189952 0.143321 -0.254463
FixedParameters: 0 0 0

#Transform 49
Transform: AffineTransform_float_3_3
Parameters: 1 0.00026231 -0.00100668 -0.000262806 1 -0.000246583 0.00100655 0.000246417 0.999999 -0.00430823 0.149489 -0.287484
FixedParameters: 0 0 0

#Transform 50
Transform: AffineTransform_float_3_3
Parameters: 0.999999 8.95061e-05 -0.0014135 -9.0203e-05 1 -0.00024636 0.00141345 0.000246639 0.999999 -0.0189801 0.145664 -0.269296
FixedParameters: 0 0 0

#Transform 51
Transform: AffineTransform_float_3_3
Parameters: 0.999999 0.000386839 -0.000713165 -0.000387563 1 -0.000507723 0.000712772 0.000508275 0.999999 -0.025713 0.134928 -0.298584
FixedParameters: 0 0 0

#Transform 52
Transform: AffineTransform_float_3_3
Parameters: 1 -0.000153716 -0.0010593 0.000152502 1 -0.000572802 0.00105948 0.000573197 0.999999 0.0149203 0.121606 -0.29781
FixedParameters: 0 0 0

#Transform 53
Transform: AffineTransform_float_3_3
Parameters: 1 -6.80008e-05 -0.000653459 6.83634e-05 1 -0.000427045 0.000653126 0.000426955 0.999999 -0.0019531 0.122795 -0.297115
FixedParameters: 0 0 0

#Transform 54
Transform: AffineTransform_float_3_3
Parameters: 1 -0.000262022 -0.00116001 0.000261075 0.999999 -0.000804943 0.00116004 0.000805056 0.999999 0.0248247 0.127508 -0.29507
FixedParameters: 0 0 0

#Transform 55
Transform: AffineTransform_float_3_3
Parameters: 0.999999 -0.000163736 -0.000930031 0.000163995 1 -0.000356152 0.000929757 0.000355848 0.999999 0.0140236 0.131039 -0.283158
FixedParameters: 0 0 0

#Transform 56
Transform: AffineTransform_float_3_3
Parameters: 1 7.13338e-05 -0.000376884 -7.15147e-05 1 -0.000239973 0.00037685 0.000240027 1 -0.00273689 0.143341 -0.263479
FixedParameters: 0 0 0

#Transform 57
Transform: AffineTransform_float_3_3
Parameters: 1 -0.000250943 -0.00113527 0.000251055 1 -0.000355926 0.00113506 0.000356075 0.999999 0.0245557 0.123203 -0.286188
FixedParameters: 0 0 0

#Transform 58
Transform: AffineTransform_float_3_3
Parameters: 0.999999 -0.000117097 -0.000820523 0.000116719 1 -0.000230096 0.000820576 0.000229904 0.999999 -0.0109584 0.120554 -0.292271
FixedParameters: 0 0 0

#Transform 59
Transform: AffineTransform_float_3_3
Parameters: 1 -0.0005228 -0.00094812 0.000523188 1 0.000204864 0.000947906 -0.000205136 1 0.043946 0.118567 -0.218621
FixedParameters: 0 0 0

#Transform 60
Transform: AffineTransform_float_3_3
Parameters: 1 -6.1858e-05 -0.00103495 6.18805e-05 1 0.000455449 0.00103528 -0.000455552 1 -0.00322256 0.125272 -0.258946
FixedParameters: 0 0 0

#Transform 61
Transform: AffineTransform_float_3_3
Parameters: 1 -0.000286358 -0.00104831 0.000287411 0.999999 0.000941211 0.00104816 -0.000941788 0.999999 0.00916963 0.150647 -0.276511
FixedParameters: 0 0 0

#Transform 62
Transform: AffineTransform_float_3_3
Parameters: 0.999999 -0.000100866 -0.00123329 0.000102122 0.999999 0.000882234 0.0012335 -0.000881765 0.999999 0.000347409 0.141292 -0.275085
FixedParameters: 0 0 0

#Transform 63
Transform: AffineTransform_float_3_3
Parameters: 0.999999 0.000178157 -0.000836517 -0.000177443 1 0.00121115 0.000836417 -0.00121085 0.999999 -0.00831221 0.161496 -0.261714
FixedParameters: 0 0 0

#Transform 64
Transform: AffineTransform_float_3_3
Parameters: 0.999999 7.38914e-05 -0.000884819 -7.31355e-05 1 0.000947066 0.000885349 -0.000946936 0.999999 0.0119035 0.14942 -0.273423
FixedParameters: 0 0 0

#Transform 65
Transform: AffineTransform_float_3_3
Parameters: 1 0.000368568 -0.000570899 -0.000367952 1 0.000882211 0.000570628 -0.000881791 1 -0.0142009 0.139058 -0.285208
FixedParameters: 0 0 0

#Transform 66
Transform: AffineTransform_float_3_3
Parameters: 0.999999 -4.59305e-05 -0.00136514 4.70283e-05 0.999999 0.000882448 0.00136453 -0.000882551 0.999999 0.0165287 0.139567 -0.318182
FixedParameters: 0 0 0

#Transform 67
Transform: AffineTransform_float_3_3
Parameters: 1 8.21689e-05 -0.0010622 -8.15818e-05 0.999999 0.000709599 0.00106271 -0.000709401 1 -0.0186021 0.145826 -0.307053
FixedParameters: 0 0 0

#Transform 68
Transform: AffineTransform_float_3_3
Parameters: 1 0.00011983 -0.000972904 -0.000118803 1 0.000528116 0.00097303 -0.000527883 0.999999 0.00955172 0.137407 -0.337552
FixedParameters: 0 0 0

#Transform 69
Transform: AffineTransform_float_3_3
Parameters: 0.999999 0.000198187 -0.000787861 -0.00019752 0.999999 0.000423308 0.000788029 -0.000423691 1 0.00057279 0.153598 -0.31799
FixedParameters: 0 0 0

#Transform 70
Transform: AffineTransform_float_3_3
Parameters: 1 0.000121512 -0.000968334 -0.000121419 1 0.000250118 0.000967474 -0.000249882 0.999999 -0.00747948 0.139309 -0.349967
FixedParameters: 0 0 0

#Transform 71
Transform: AffineTransform_float_3_3
Parameters: 1 -7.24849e-05 -0.00114894 7.2918e-05 1 0.000188429 0.00114891 -0.000188571 1 0.0181525 0.146168 -0.352447
FixedParameters: 0 0 0

#Transform 72
Transform: AffineTransform_float_3_3
Parameters: 0.999999 0.000145626 -0.000911271 -0.000145365 1 0.000143133 0.000911313 -0.000142867 0.999999 -0.00432282 0.145272 -0.369703
FixedParameters: 0 0 0

#Transform 73
Transform: AffineTransform_float_3_3
Parameters: 1 3.10341e-05 -0.001181 -3.0988e-05 1 1.9549e-05 0.001181 -1.94511e-05 1 -0.00779583 0.131529 -0.336171
FixedParameters: 0 0 0

#Transform 74
Transform: AffineTransform_float_3_3
Parameters: 1 -0.000392975 -0.00113468 0.000393175 1 -0.000317934 0.00113454 0.000317067 1 0.0192434 0.141918 -0.341294
FixedParameters: 0 0 0

#Transform 75
Transform: AffineTransform_float_3_3
Parameters: 1 3.01613e-05 -0.00118193 -3.10796e-05 1 -0.000388451 0.00118191 0.000388548 1 0.00116746 0.149141 -0.341972
FixedParameters: 0 0 0

#Transform 76
Transform: AffineTransform_float_3_3
Parameters: 1 8.96692e-05 -0.000543332 -9.00485e-05 1 -0.000348951 0.000543269 0.000349049 1 -0.00172281 0.134956 -0.348152
FixedParameters: 0 0 0

#Transform 77
Transform: AffineTransform_float_3_3
Parameters: 0.999999 -9.94717e-05 -0.000868247 9.8824e-05 1 -0.000372726 0.000868321 0.000373274 1 -0.000204381 0.146057 -0.358915
FixedParameters: 0 0 0

#Transform 78
Transform: AffineTransform_float_3_3
Parameters: 1 -0.000357167 -0.00100649 0.000356207 1 -0.000476999 0.00100683 0.000477 1 0.0089374 0.135792 -0.370894
FixedParameters: 0 0 0

#Transform 79
Transform: AffineTransform_float_3_3
Parameters: 1 -0.000366019 -0.00102876 0.00036611 1 4.3983e-05 0.00102873 -4.40169e-05 1 0.00282987 0.14472 -0.339508
FixedParameters: 0 0 0

#Transform 80
Transform: AffineTransform_float_3_3
Parameters: 0.999999 -0.000259254 -0.000776445 0.000258754 1 -0.000322201 0.000776612 0.000321799 0.999999 -0.0119857 0.139379 -0.374557
FixedParameters: 0 0 0

#Transform 81
Transform: AffineTransform_float_3_3
Parameters: 1 -0.000337004 -0.000959625 0.000336516 1 -0.000253964 0.000959796 0.000254036 1 -0.00501641 0.140257 -0.366201
FixedParameters: 0 0 0

#Transform 82
Transform: AffineTransform_float_3_3
Parameters: 0.999999 8.0911e-05 -0.000732955 -8.12129e-05 1 -0.00020594 0.000732921 0.000206059 0.999999 -0.0216907 0.143426 -0.380097
FixedParameters: 0 0 0

#Transform 83
Transform: AffineTransform_float_3_3
Parameters: 0.999999 3.52252e-05 -0.000867968 -3.61817e-05 1 -0.000550609 0.000867928 0.000551391 1 -0.0299298 0.145473 -0.367238
FixedParameters: 0 0 0

#Transform 84
Transform: AffineTransform_float_3_3
Parameters: 0.999999 2.79187e-05 -0.000982227 -2.90492e-05 0.999999 -0.000575459 0.000982194 0.00057554 1 -0.0175337 0.139577 -0.370693
FixedParameters: 0 0 0

#Transform 85
Transform: AffineTransform_float_3_3
Parameters: 0.999999 8.28457e-05 -0.000876226 -8.36851e-05 1 -0.000478927 0.000876146 0.000479072 0.999999 -0.0412793 0.142222 -0.344021
FixedParameters: 0 0 0

#Transform 86
Transform: AffineTransform_float_3_3
Parameters: 1 7.32706e-05 -0.00105694 -7.36329e-05 1 -0.000606563 0.00105646 0.000607437 0.999999 -0.0116813 0.135905 -0.391816
FixedParameters: 0 0 0

#Transform 87
Transform: AffineTransform_float_3_3
Parameters: 0.999999 -0.000254731 -0.000766395 0.00025468 1 -3.31952e-05 0.000766412 3.28048e-05 0.999999 -0.0164902 0.138091 -0.342226
FixedParameters: 0 0 0

#Transform 88
Transform: AffineTransform_float_3_3
Parameters: 0.999999 -0.000256136 -0.000769079 0.00025562 1 -0.000335197 0.000769251 0.000334803 0.999999 -0.0153351 0.145702 -0.329738
FixedParameters: 0 0 0

#Transform 89
Transform: AffineTransform_float_3_3
Parameters: 0.999999 -0.000269224 -0.00079939 0.00026832 1 -0.000564855 0.000799694 0.000565145 1 -0.000429413 0.150269 -0.379793
FixedParameters: 0 0 0

#Transform 90
Transform: AffineTransform_float_3_3
Parameters: 0.999999 -0.000284154 -0.00083434 0.000283086 1 -0.000639877 0.000834703 0.000640123 1 -0.0159613 0.137745 -0.368532
FixedParameters: 0 0 0

#Transform 91
Transform: AffineTransform_float_3_3
Parameters: 1 -6.66703e-05 -0.000695437 6.62517e-05 0.999999 -0.000962686 0.000695174 0.000963313 0.999999 -0.00966983 0.133625 -0.403908
FixedParameters: 0 0 0

#Transform 92
Transform: AffineTransform_float_3_3
Parameters: 0.999999 -0.000255165 -0.000766251 0.000254637 1 -0.000599195 0.000767476 0.000598804 0.999999 -0.0222881 0.132379 -0.400513
FixedParameters: 0 0 0

#Transform 93
Transform: AffineTransform_float_3_3
Parameters: 1 -4.5608e-05 -0.00109877 4.51267e-05 1 -0.00063769 0.00109844 0.00063831 0.999999 -0.02253 0.131762 -0.418875
FixedParameters: 0 0 0

#Transform 94
Transform: AffineTransform_float_3_3
Parameters: 1 -0.000186367 -0.000604262 0.000185507 0.999999 -0.000712112 0.000604527 0.000711887 0.999999 -0.00904594 0.139504 -0.451818
FixedParameters: 0 0 0

#Transform 95
Transform: AffineTransform_float_3_3
Parameters: 1 -0.000342916 -0.000972356 0.000341544 1 -0.000704973 0.000972839 0.000705026 0.999999 -0.0113566 0.133908 -0.421569
FixedParameters: 0 0 0

#Transform 96
Transform: AffineTransform_float_3_3
Parameters: 0.999999 -0.000572979 -0.000874506 0.000571731 0.999999 -0.000713141 0.000875322 0.000712859 1 -0.00375946 0.134483 -0.393187
FixedParameters: 0 0 0

#Transform 97
Transform: AffineTransform_float_3_3
Parameters: 1 -0.000480736 -0.000303245 0.000480694 1 -6.91459e-05 0.000303312 6.88543e-05 1 0.00433018 0.136004 -0.34363
FixedParameters: 0 0 0

#Transform 98
Transform: AffineTransform_float_3_3
Parameters: 0.999999 -0.000564115 -0.000530847 0.000564336 1 0.0002077 0.000530612 -0.000208299 1 -0.00751802 0.120807 -0.353826
FixedParameters: 0 0 0

#Transform 99
Transform: AffineTransform_float_3_3
Parameters: 0.999999 -0.000635533 -0.000509099 0.000635013 1 -0.000127323 0.000508339 0.000126677 1 -0.00494297 0.128001 -0.418965
FixedParameters: 0 0 0

#Transform 100
Transform: AffineTransform_float_3_3
Parameters: 0.999999 -0.000221386 -0.000688195 0.000221602 1 0.000156847 0.000688126 -0.000157152 1 -0.00934822 0.127983 -0.393723
FixedParameters: 0 0 0

#Transform 101
Transform: AffineTransform_float_3_3
Parameters: 1 -0.000475504 -0.000344548 0.000475397 1 -0.000155317 0.000344696 0.000155683 0.999999 -0.0072133 0.135799 -0.44244
FixedParameters: 0 0 0

#Transform 102
Transform: AffineTransform_float_3_3
Parameters: 1 -0.000673519 -0.000830772 0.000673843 1 -0.000359201 0.000830865 0.0003588 1 0.00440869 0.120444 -0.424667
FixedParameters: 0 0 0

#Transform 103
Transform: AffineTransform_float_3_3
Parameters: 0.999999 -0.000640212 -0.000574625 0.000640515 1 0.000263632 0.000574287 -0.000264368 1 -0.00792189 0.110015 -0.42595
FixedParameters: 0 0 0

#Transform 104
Transform: AffineTransform_float_3_3
Parameters: 1 -0.000707826 -0.000639384 0.000708226 0.999999 0.000312547 0.000638941 -0.000313452 0.999999 0.00180455 0.12386 -0.384617
FixedParameters: 0 0 0

#Transform 105
Transform: AffineTransform_float_3_3
Parameters: 1 -0.000555908 -0.000281329 0.000556154 0.999999 0.000436843 0.000280843 -0.000437156 1 -0.0133237 0.118985 -0.374732
FixedParameters: 0 0 0

#Transform 106
Transform: AffineTransform_float_3_3
Parameters: 0.999999 -0.000599603 -0.000384478 0.000599982 0.999999 0.000492769 0.000383887 -0.00049323 1 -0.0119106 0.125244 -0.390374
FixedParameters: 0 0 0

#Transform 107
Transform: AffineTransform_float_3_3
Parameters: 1 -0.000572558 -0.000321156 0.000573106 0.999999 0.000852815 0.000320179 -0.000853183 0.999999 0.00443038 0.133057 -0.425591
FixedParameters: 0 0 0

#Transform 108
Transform: AffineTransform_float_3_3
Parameters: 0.999999 -0.000673293 -0.000558577 0.000673988 1 0.000622471 0.000557738 -0.000622528 0.999999 0.0110974 0.129375 -0.399653
FixedParameters: 0 0 0

#Transform 109
Transform: AffineTransform_float_3_3
Parameters: 0.999999 -0.000637096 -0.000472829 0.000637509 0.999999 0.000436698 0.000472272 -0.000437301 1 -0.0358119 0.132504 -0.411888
FixedParameters: 0 0 0

#Transform 110
Transform: AffineTransform_float_3_3
Parameters: 0.999999 -0.000713049 -0.000652539 0.000713943 1 0.000685741 0.00065156 -0.000685258 1 0.0111607 0.121578 -0.453663
FixedParameters: 0 0 0

#Transform 111
Transform: AffineTransform_float_3_3
Parameters: 1 -0.000869621 -0.000740503 0.000869929 0.999999 0.000829716 0.00073945 -0.000830283 1 -0.00574574 0.118194 -0.41656
FixedParameters: 0 0 0

#Transform 112
Transform: AffineTransform_float_3_3
Parameters: 0.999999 -0.00111451 -0.000582324 0.00111433 0.999999 0.000634558 0.0005813 -0.000634441 1 0.00306083 0.128962 -0.430446
FixedParameters: 0 0 0

#Transform 113
Transform: AffineTransform_float_3_3
Parameters: 0.999999 -0.000789472 -0.000548517 0.000790294 0.999999 0.000749926 0.000547333 -0.000750073 1 0.0137986 0.125054 -0.428479
FixedParameters: 0 0 0

#Transform 114
Transform: AffineTransform_float_3_3
Parameters: 1 -0.00059373 -0.000370698 0.000594133 0.999999 0.00054378 0.000370052 -0.000544219 1 0.00356041 0.114235 -0.418906
FixedParameters: 0 0 0

#Transform 115
Transform: AffineTransform_float_3_3
Parameters: 1 -0.000656163 -0.000203284 0.000656026 1 0.000965868 0.000203327 -0.000966134 1 -0.0034279 0.138188 -0.408246
FixedParameters: 0 0 0

#Transform 116
Transform: AffineTransform_float_3_3
Parameters: 0.999999 -0.000693943 -0.000384953 0.000694724 0.999999 0.00101573 0.000383542 -0.00101627 1 -0.00205686 0.12366 -0.437655
FixedParameters: 0 0 0

#Transform 117
Transform: AffineTransform_float_3_3
Parameters: 1 -0.000519818 -0.000197102 0.000520349 0.999999 0.0013509 0.000195697 -0.0013511 0.999999 -0.0244843 0.130465 -0.383652
FixedParameters: 0 0 0

#Transform 118
Transform: AffineTransform_float_3_3
Parameters: 1 -0.00066908 -0.000176966 0.000669292 0.999999 0.000600881 0.000176162 -0.000601118 1 0.00223568 0.129517 -0.41321
FixedParameters: 0 0 0

#Transform 119
Transform: AffineTransform_float_3_3
Parameters: 1 -0.000591151 -0.000365559 0.000592416 1 0.00119563 0.000365065 -0.00119537 0.999999 0.00195374 0.124192 -0.443699
FixedParameters: 0 0 0

#Transform 120
Transform: AffineTransform_float_3_3
Parameters: 0.999999 -0.000823075 -0.000320458 0.000823665 1 0.000923584 0.000318938 -0.000923416 1 -0.0144391 0.122152 -0.398415
FixedParameters: 0 0 0

#Transform 121
Transform: AffineTransform_float_3_3
Parameters: 0.999999 -0.00102561 -0.000690689 0.00102575 1 0.00076914 0.000689501 -0.000769861 1 0.0206985 0.114373 -0.466054
FixedParameters: 0 0 0

#Transform 122
Transform: AffineTransform_float_3_3
Parameters: 0.999999 -0.000645006 -0.000492542 0.000646403 1 0.00102253 0.000492142 -0.00102247 0.999999 -0.00320536 0.123188 -0.449321
FixedParameters: 0 0 0

#Transform 123
Transform: AffineTransform_float_3_3
Parameters: 1 -0.00112229 -0.000188122 0.00112295 0.999999 0.000708429 0.00018745 -0.00070957 1 0.013688 0.127064 -0.422526
FixedParameters: 0 0 0

#Transform 124
Transform: AffineTransform_float_3_3
Parameters: 0.999999 -0.00132813 -0.00017761 0.00132843 0.999998 0.00124261 0.000176541 -0.00124239 0.999999 0.0283551 0.133332 -0.417963
FixedParameters: 0 0 0

#Transform 125
Transform: AffineTransform_float_3_3
Parameters: 1 -0.0011101 0.000134761 0.00110954 0.999998 0.00158579 -0.000136049 -0.00158621 0.999999 0.00892899 0.136837 -0.380057
FixedParameters: 0 0 0

#Transform 126
Transform: AffineTransform_float_3_3
Parameters: 1 -0.001202 -8.21906e-05 0.00120259 0.999998 0.00122475 8.01667e-05 -0.00122425 0.999999 0.0504012 0.121838 -0.425764
FixedParameters: 0 0 0

#Transform 127
Transform: AffineTransform_float_3_3
Parameters: 1 -0.0011443 -0.000256531 0.00114484 0.999998 0.00131455 0.000255754 -0.00131445 0.999999 0.0326737 0.117907 -0.412055
FixedParameters: 0 0 0

#Transform 128
Transform: AffineTransform_float_3_3
Parameters: 1 -0.00107737 0.00020748 0.00107738 0.999999 0.000908711 -0.000208517 -0.000908288 0.999999 0.0155335 0.109245 -0.391887
FixedParameters: 0 0 0

#Transform 129
Transform: AffineTransform_float_3_3
Parameters: 0.999999 -0.0015013 0.000101291 0.00150057 0.999998 0.00096 -0.00010286 -0.000958999 1 0.0506458 0.115084 -0.437192
FixedParameters: 0 0 0

#Transform 130
Transform: AffineTransform_float_3_3
Parameters: 0.999998 -0.00163654 -0.000218531 0.00163689 0.999999 0.00112898 0.000217067 -0.00112902 0.999999 0.0298308 0.114071 -0.441613
FixedParameters: 0 0 0

#Transform 131
Transform: AffineTransform_float_3_3
Parameters: 0.999999 -0.001319 -0.000258337 0.00131901 0.999999 0.00105551 0.000256864 -0.00105549 0.999999 0.0248318 0.125068 -0.422875
FixedParameters: 0 0 0

#Transform 132
Transform: AffineTransform_float_3_3
Parameters: 0.999999 -0.00148239 -0.00046519 0.00148298 0.999998 0.00120601 0.000462925 -0.00120599 0.999999 0.0382572 0.112466 -0.467729
FixedParameters: 0 0 0

#Transform 133
Transform: AffineTransform_float_3_3
Parameters: 0.999999 -0.00131816 -0.000200408 0.00131855 0.999999 0.00134022 0.000199106 -0.00134078 0.999999 0.0193517 0.116391 -0.456433
FixedParameters: 0 0 0

#Transform 134
Transform: AffineTransform_float_3_3
Parameters: 0.999999 -0.00121963 -0.000345648 0.00122069 0.999998 0.00173843 0.000343637 -0.00173857 0.999998 0.0363278 0.116839 -0.437701
FixedParameters: 0 0 0

#Transform 135
Transform: AffineTransform_float_3_3
Parameters: 1 -0.00111597 -8.20048e-05 0.00111608 0.999999 0.0015374 8.08047e-05 -0.0015376 0.999998 0.020333 0.116663 -0.430282
FixedParameters: 0 0 0

#Transform 136
Transform: AffineTransform_float_3_3
Parameters: 1 -0.00121174 6.42979e-05 0.00121107 0.999999 0.00112093 -6.57014e-05 -0.00112007 0.999999 0.0237028 0.130592 -0.466109
FixedParameters: 0 0 0

#Transform 137
Transform: AffineTransform_float_3_3
Parameters: 1 -0.00112997 -0.000369023 0.00113043 0.999998 0.00134043 0.000367304 -0.00134057 0.999999 0.000305561 0.125981 -0.467317
FixedParameters: 0 0 0

#Transform 138
Transform: AffineTransform_float_3_3
Parameters: 1 -0.00103913 -0.000120649 0.00103889 0.999999 0.00118788 0.000119492 -0.00118812 1 -0.00420478 0.123941 -0.481944
FixedParameters: 0 0 0

#Transform 139
Transform: AffineTransform_float_3_3
Parameters: 1 -0.00104329 -0.000132922 0.00104305 0.999999 0.00110186 0.000131934 -0.00110214 1 -0.00790786 0.135405 -0.431556
FixedParameters: 0 0 0

#Transform 140
Transform: AffineTransform_float_3_3
Parameters: 1 -0.001176 -0.000195258 0.00117594 0.999998 0.00122662 0.000193685 -0.00122638 0.999999 0.028248 0.127343 -0.487187
FixedParameters: 0 0 0

#Transform 141
Transform: AffineTransform_float_3_3
Parameters: 1 -0.00113799 -0.000179847 0.0011379 0.999999 0.00122564 0.000178369 -0.00122536 0.999999 0.0207345 0.118496 -0.461031
FixedParameters: 0 0 0

#Transform 142
Transform: AffineTransform_float_3_3
Parameters: 0.999999 -0.00128162 7.11602e-05 0.00128094 0.999999 0.00104894 -7.25358e-05 -0.00104806 1 0.0179703 0.135312 -0.428739
FixedParameters: 0 0 0

#Transform 143
Transform: AffineTransform_float_3_3
Parameters: 0.999999 -0.00123008 -0.000282041 0.00123116 0.999998 0.0012245 0.000279948 -0.0012245 0.999999 0.0349997 0.128145 -0.437919
FixedParameters: 0 0 0

#Transform 144
Transform: AffineTransform_float_3_3
Parameters: 1 -0.00101593 0.00022391 0.0010159 0.999998 0.00180523 -0.000225736 -0.00180477 0.999999 0.0114172 0.128674 -0.414802
FixedParameters: 0 0 0

#Transform 145
Transform: AffineTransform_float_3_3
Parameters: 1 -0.000998718 0.000264799 0.000998731 0.999999 0.00144875 -0.000265851 -0.00144825 0.999999 0.0280437 0.128691 -0.419385
FixedParameters: 0 0 0

#Transform 146
Transform: AffineTransform_float_3_3
Parameters: 1 -0.00119276 8.77855e-05 0.00119227 0.999998 0.00197875 -9.02737e-05 -0.00197925 0.999998 0.0330448 0.123937 -0.425523
FixedParameters: 0 0 0

#Transform 147
Transform: AffineTransform_float_3_3
Parameters: 1 -0.00118127 -0.000167678 0.00118176 0.999997 0.00186765 0.000165497 -0.00186735 0.999998 0.0238071 0.128869 -0.425746
FixedParameters: 0 0 0

#Transform 148
Transform: AffineTransform_float_3_3
Parameters: 1 -0.00109724 3.14515e-05 0.00109791 0.999998 0.00173704 -3.34235e-05 -0.00173696 0.999999 0.0129989 0.126302 -0.465598
FixedParameters: 0 0 0

#Transform 149
Transform: AffineTransform_float_3_3
Parameters: 1 -0.000676249 -0.000195309 0.000676442 0.999998 0.00185672 0.000194109 -0.00185628 0.999998 -0.00896881 0.138939 -0.437283
FixedParameters: 0 0 0

#Transform 150
Transform: AffineTransform_float_3_3
Parameters: 1 -0.000644772 -0.00012051 0.000644621 0.999998 0.00157777 0.000119787 -0.00157723 0.999998 0.000551563 0.135969 -0.450908
FixedParameters: 0 0 0

#Transform 151
Transform: AffineTransform_float_3_3
Parameters: 1 -0.000670299 -0.000162899 0.000670272 0.999999 0.00154674 0.000162137 -0.00154626 0.999998 0.0100653 0.1319 -0.505321
FixedParameters: 0 0 0

#Transform 152
Transform: AffineTransform_float_3_3
Parameters: 1 -0.000597599 -7.32104e-05 0.000598238 0.999999 0.00170796 7.20884e-05 -0.00170804 0.999999 -0.00091343 0.134687 -0.461286
FixedParameters: 0 0 0

#Transform 153
Transform: AffineTransform_float_3_3
Parameters: 1 -0.000632628 -0.000148648 0.000632673 0.999998 0.00194191 0.000147502 -0.00194209 0.999998 0.000206637 0.136763 -0.460516
FixedParameters: 0 0 0

#Transform 154
Transform: AffineTransform_float_3_3
Parameters: 1 -0.000598177 1.27199e-05 0.000598519 0.999998 0.00183101 -1.39906e-05 -0.00183099 0.999999 0.00665248 0.127657 -0.488978
FixedParameters: 0 0 0

#Transform 155
Transform: AffineTransform_float_3_3
Parameters: 1 -0.000595412 -3.73755e-05 0.000595027 0.999998 0.00196798 3.63439e-05 -0.00196802 0.999998 0.00402259 0.124842 -0.450305
FixedParameters: 0 0 0

#Transform 156
Transform: AffineTransform_float_3_3
Parameters: 1 -0.000659835 0.000100612 0.000658929 0.999998 0.00186207 -0.000101756 -0.00186193 0.999999 0.000555586 0.129675 -0.510937
FixedParameters: 0 0 0

#Transform 157
Transform: AffineTransform_float_3_3
Parameters: 0.999999 -0.000737409 -0.000101137 0.000737264 0.999998 0.00191677 9.96223e-05 -0.00191623 0.999998 0.00932786 0.134457 -0.49842
FixedParameters: 0 0 0

#Transform 158
Transform: AffineTransform_float_3_3
Parameters: 0.999999 -0.000893395 -0.000241217 0.000893605 0.999999 0.00153643 0.000239782 -0.00153757 0.999999 0.026938 0.119801 -0.533561
FixedParameters: 0 0 0

#Transform 159
Transform: AffineTransform_float_3_3
Parameters: 1 -0.000680575 2.58579e-05 0.000680872 0.999998 0.00175802 -2.73308e-05 -0.00175798 0.999999 0.019647 0.127777 -0.503389
FixedParameters: 0 0 0

#Transform 160
Transform: AffineTransform_float_3_3
Parameters: 0.999999 -0.000723377 -7.5473e-05 0.00072403 0.999998 0.00175795 7.3849e-05 -0.00175805 0.999999 0.0217313 0.125437 -0.489049
FixedParameters: 0 0 0

#Transform 161
Transform: AffineTransform_float_3_3
Parameters: 1 -0.00120329 -7.6041e-05 0.00120345 0.999997 0.00200155 7.34545e-05 -0.00200245 0.999998 0.0386676 0.130003 -0.517789
FixedParameters: 0 0 0

#Transform 162
Transform: AffineTransform_float_3_3
Parameters: 1 -0.00114582 2.61921e-05 0.00114555 0.999997 0.00243952 -2.95501e-05 -0.00243948 0.999997 0.0170098 0.121053 -0.460977
FixedParameters: 0 0 0

#Transform 163
Transform: AffineTransform_float_3_3
Parameters: 1 -0.00115735 -2.38612e-05 0.00115731 0.999997 0.00206161 2.13201e-05 -0.00206239 0.999998 0.0368279 0.128691 -0.499789
FixedParameters: 0 0 0

#Transform 164
Transform: AffineTransform_float_3_3
Parameters: 0.999999 -0.000855496 2.78663e-05 0.000854849 0.999997 0.00202602 -3.00202e-05 -0.00202597 0.999998 0.0221079 0.12583 -0.517832
FixedParameters: 0 0 0

#Transform 165
Transform: AffineTransform_float_3_3
Parameters: 0.999999 -0.000866576 -0.000175919 0.00086678 0.999997 0.00210069 0.000173589 -0.0021003 0.999997 0.0257778 0.129787 -0.50422
FixedParameters: 0 0 0

#Transform 166
Transform: AffineTransform_float_3_3
Parameters: 1 -0.00104101 -0.000202911 0.00104118 0.999998 0.00174364 0.000200592 -0.00174336 0.999999 0.0316289 0.130686 -0.536148
FixedParameters: 0 0 0

#Transform 167
Transform: AffineTransform_float_3_3
Parameters: 1 -0.00106763 -3.21355e-05 0.00106721 0.999998 0.00178997 2.96254e-05 -0.00179003 0.999999 0.0330094 0.126335 -0.500776
FixedParameters: 0 0 0

#Transform 168
Transform: AffineTransform_float_3_3
Parameters: 0.999999 -0.00130506 -0.000340224 0.00130534 0.999998 0.00197005 0.000337702 -0.00197095 0.999998 0.0535536 0.121338 -0.509585
FixedParameters: 0 0 0

#Transform 169
Transform: AffineTransform_float_3_3
Parameters: 1 -0.00112117 3.33355e-05 0.00112127 0.999997 0.00228804 -3.5314e-05 -0.00228796 0.999998 0.0439477 0.118143 -0.492575
FixedParameters: 0 0 0

#Transform 170
Transform: AffineTransform_float_3_3
Parameters: 0.999999 -0.00122601 -0.000160143 0.00122676 0.999994 0.00323729 0.000156666 -0.00323771 0.999994 0.047016 0.137103 -0.351367
FixedParameters: 0 0 0

#Transform 171
Transform: AffineTransform_float_3_3
Parameters: 0.999998 -0.0016105 5.8115e-05 0.00161023 0.999994 0.00317258 -6.29487e-05 -0.00317241 0.999995 0.069316 0.13855 -0.394191
FixedParameters: 0 0 0

#Transform 172
Transform: AffineTransform_float_3_3
Parameters: 0.999998 -0.00159334 -5.34715e-05 0.00159379 0.999993 0.00330977 4.83076e-05 -0.00330923 0.999995 0.0503582 0.136545 -0.340347
FixedParameters: 0 0 0

#Transform 173
Transform: AffineTransform_float_3_3
Parameters: 0.999999 -0.00165307 -0.00019519 0.00165349 0.999993 0.00316617 0.000190495 -0.00316683 0.999995 0.0665717 0.142288 -0.384779
FixedParameters: 0 0 0

#Transform 174
Transform: AffineTransform_float_3_3
Parameters: 0.999998 -0.0016531 -0.000194916 0.00165345 0.999994 0.00300017 0.000190769 -0.00300083 0.999996 0.0646597 0.137696 -0.401227
FixedParameters: 0 0 0

#Transform 175
Transform: AffineTransform_float_3_3
Parameters: 0.999999 -0.00124046 0.000234043 0.00123947 0.999996 0.00263314 -0.000237419 -0.00263186 0.999997 0.0470248 0.141919 -0.4384
FixedParameters: 0 0 0

#Transform 176
Transform: AffineTransform_float_3_3
Parameters: 0.999999 -0.00146603 -0.000273517 0.00146641 0.999995 0.00289345 0.000269886 -0.00289355 0.999996 0.0702738 0.142473 -0.462761
FixedParameters: 0 0 0

#Transform 177
Transform: AffineTransform_float_3_3
Parameters: 0.999999 -0.00138688 -0.000126585 0.0013873 0.999996 0.00278532 0.000123321 -0.00278569 0.999996 0.0236781 0.152519 -0.428528
FixedParameters: 0 0 0

#Transform 178
Transform: AffineTransform_float_3_3
Parameters: 0.999999 -0.00152613 -0.000315057 0.00152708 0.999995 0.00258737 0.000310699 -0.00258763 0.999997 0.0735727 0.143474 -0.50976
FixedParameters: 0 0 0

#Transform 179
Transform: AffineTransform_float_3_3
Parameters: 0.999999 -0.00131501 -8.09124e-05 0.00131518 0.999998 0.00194638 7.80245e-05 -0.00194662 0.999998 0.0306887 0.136363 -0.478208
FixedParameters: 0 0 0
