# transform file /out/sourcedata/freesurfer/sub-v1s10x0051096_ses-1/mri/transforms/cc_up.lta
# created by oesteban on Thu Mar 12 08:32:13 2026

type      = 0 # LINEAR_VOX_TO_VOX
nxforms   = 1
mean      = 128.0000 121.0000 119.0000
sigma     = 10000.0000
1 4 4
9.960238337516785e-01 -5.871923267841339e-02 -6.699845939874649e-02 1.530970001220703e+01 
5.858683958649635e-02 9.982746243476868e-01 -3.940897993743420e-03 2.220036315917969e+01 
6.711426377296448e-02 4.656613428188905e-10 9.977454543113708e-01 7.761874198913574e+00 
0.000000000000000e+00 0.000000000000000e+00 0.000000000000000e+00 1.000000000000000e+00 
src volume info
valid = 1  # volume info valid
filename = /out/sourcedata/freesurfer/sub-v1s10x0051096_ses-1/mri/norm.mgz
volume = 256 256 256
voxelsize = 1.000000000000000e+00 1.000000000000000e+00 1.000000000000000e+00
xras   = -1.000000000000000e+00 0.000000000000000e+00 0.000000000000000e+00
yras   = 0.000000000000000e+00 0.000000000000000e+00 -1.000000000000000e+00
zras   = 0.000000000000000e+00 1.000000000000000e+00 0.000000000000000e+00
cras   = 3.556671142578125e+00 -1.891571044921875e+00 -1.891571044921875e+00
dst volume info
valid = 1  # volume info valid
filename = /out/sourcedata/freesurfer/sub-v1s10x0051096_ses-1/mri/norm.mgz
volume = 256 256 256
voxelsize = 1.000000000000000e+00 1.000000000000000e+00 1.000000000000000e+00
xras   = -1.000000000000000e+00 0.000000000000000e+00 0.000000000000000e+00
yras   = 0.000000000000000e+00 0.000000000000000e+00 -1.000000000000000e+00
zras   = 0.000000000000000e+00 1.000000000000000e+00 0.000000000000000e+00
cras   = 3.556671142578125e+00 -1.891571044921875e+00 -1.891571044921875e+00
