#Insight Transform File V1.0
#Transform 0
Transform: AffineTransform_float_3_3
Parameters: 0.999999 -0.000934069 -0.000283534 0.000934042 0.999999 -4.74177e-05 0.000283623 4.75826e-05 1 -0.00177753 0.108482 0.373559
FixedParameters: 0 0 0

#Transform 1
Transform: AffineTransform_float_3_3
Parameters: 0.999999 0.000442487 -0.000593005 -0.000442432 0.999999 4.64151e-05 0.000593046 -4.6585e-05 1 -0.00143325 0.0194812 -0.168233
FixedParameters: 0 0 0

#Transform 2
Transform: AffineTransform_float_3_3
Parameters: 1 0.000309926 -0.000242383 -0.000309948 1 -4.49248e-05 0.000242355 4.5075e-05 1 -0.00864188 0.0250622 -0.245767
FixedParameters: 0 0 0

#Transform 3
Transform: AffineTransform_float_3_3
Parameters: 1 0.000468936 -0.000484674 -0.000468806 1 0.000134227 0.0004848 -0.000133773 1 0.00463945 0.032616 -0.220325
FixedParameters: 0 0 0

#Transform 4
Transform: AffineTransform_float_3_3
Parameters: 1 0.000450897 -0.00037368 -0.000450623 1 0.000366168 0.00037401 -0.000365831 1 -0.0117406 0.0282451 -0.257826
FixedParameters: 0 0 0

#Transform 5
Transform: AffineTransform_float_3_3
Parameters: 1 0.000482857 -0.000388104 -0.000482707 0.999999 0.000697187 0.000387857 -0.000696812 0.999999 0.00209697 0.0369066 -0.238517
FixedParameters: 0 0 0

#Transform 6
Transform: AffineTransform_float_3_3
Parameters: 1 0.00035164 -0.000261994 -0.000351357 1 0.000539092 0.000262373 -0.000538908 1 -0.00801984 0.028156 -0.284137
FixedParameters: 0 0 0

#Transform 7
Transform: AffineTransform_float_3_3
Parameters: 1 0.000411044 -0.000411734 -0.000410511 1 0.00112217 0.000411735 -0.00112183 1 -0.00164324 0.0456822 -0.246431
FixedParameters: 0 0 0

#Transform 8
Transform: AffineTransform_float_3_3
Parameters: 1 0.000463984 -0.000286581 -0.000463458 1 0.000916773 0.000287431 -0.000917227 0.999999 -0.013994 0.0460984 -0.287127
FixedParameters: 0 0 0

#Transform 9
Transform: AffineTransform_float_3_3
Parameters: 1 0.000392458 -0.000455836 -0.000391586 0.999999 0.00138418 0.000456001 -0.00138382 0.999999 -0.00627183 0.0668128 -0.239139
FixedParameters: 0 0 0

#Transform 10
Transform: AffineTransform_float_3_3
Parameters: 1 0.000267893 -0.000385802 -0.000268152 0.999999 0.0013631 0.000386003 -0.0013629 0.999999 -0.00980821 0.0715696 -0.253565
FixedParameters: 0 0 0

#Transform 11
Transform: AffineTransform_float_3_3
Parameters: 1 0.000405271 -0.000425479 -0.000404562 0.999999 0.00129217 0.000425605 -0.00129183 0.999999 -0.00615452 0.0704037 -0.255114
FixedParameters: 0 0 0

#Transform 12
Transform: AffineTransform_float_3_3
Parameters: 1 0.000425811 -0.000376785 -0.000425048 1 0.00101216 0.000377646 -0.00101184 1 -0.00737324 0.0607475 -0.295128
FixedParameters: 0 0 0

#Transform 13
Transform: AffineTransform_float_3_3
Parameters: 1 0.000492049 -0.000220294 -0.000491658 1 0.000885749 0.000221165 -0.000886251 0.999999 -0.00735885 0.0605951 -0.311497
FixedParameters: 0 0 0

#Transform 14
Transform: AffineTransform_float_3_3
Parameters: 1 0.000323985 -0.000617186 -0.000322912 1 0.00086884 0.000617748 -0.00086916 0.999999 -0.0144958 0.060757 -0.322954
FixedParameters: 0 0 0

#Transform 15
Transform: AffineTransform_float_3_3
Parameters: 0.999999 0.000313026 -0.00064372 -0.000312127 0.999999 0.0014122 0.000644994 -0.0014118 0.999999 -0.011088 0.0836417 -0.273638
FixedParameters: 0 0 0

#Transform 16
Transform: AffineTransform_float_3_3
Parameters: 0.999999 0.000277863 -0.000726659 -0.000277351 0.999999 0.0012542 0.000726826 -0.0012538 0.999999 -0.0137079 0.0768857 -0.255673
FixedParameters: 0 0 0

#Transform 17
Transform: AffineTransform_float_3_3
Parameters: 0.999999 0.000276539 -0.000730254 -0.000275549 0.999998 0.00157535 0.000730594 -0.00157564 0.999998 -0.00933873 0.0787871 -0.271815
FixedParameters: 0 0 0

#Transform 18
Transform: AffineTransform_float_3_3
Parameters: 0.999999 0.000277571 -0.000727543 -0.000276862 0.999999 0.00138735 0.000727783 -0.00138765 0.999999 -0.024389 0.0839757 -0.276898
FixedParameters: 0 0 0

#Transform 19
Transform: AffineTransform_float_3_3
Parameters: 0.999999 0.000179796 -0.000959578 -0.000177708 0.999999 0.00177117 0.000959681 -0.00177083 0.999998 -0.0198836 0.0977594 -0.269395
FixedParameters: 0 0 0

#Transform 20
Transform: AffineTransform_float_3_3
Parameters: 0.999999 0.000191605 -0.000931072 -0.000189733 0.999999 0.00149918 0.000932035 -0.00149882 0.999998 -0.0294551 0.0831377 -0.293844
FixedParameters: 0 0 0

#Transform 21
Transform: AffineTransform_float_3_3
Parameters: 1 -0.000101435 -0.00104262 0.000103401 0.999998 0.00201389 0.00104207 -0.00201411 0.999997 -0.0160188 0.107548 -0.289061
FixedParameters: 0 0 0

#Transform 22
Transform: AffineTransform_float_3_3
Parameters: 0.999999 -0.00022992 -0.000851571 0.000232159 0.999997 0.0023958 0.000851245 -0.0023962 0.999997 -0.0181313 0.119278 -0.293192
FixedParameters: 0 0 0

#Transform 23
Transform: AffineTransform_float_3_3
Parameters: 0.999999 0.000145863 -0.00104147 -0.000143404 0.999997 0.00244015 0.00104111 -0.00243985 0.999996 -0.021461 0.122245 -0.248605
FixedParameters: 0 0 0

#Transform 24
Transform: AffineTransform_float_3_3
Parameters: 0.999999 -0.000291372 -0.00102433 0.000293462 0.999998 0.0019187 0.00102399 -0.0019193 0.999997 -0.0342046 0.110179 -0.296934
FixedParameters: 0 0 0

#Transform 25
Transform: AffineTransform_float_3_3
Parameters: 1 -0.000304367 -0.00117183 0.000307808 0.999997 0.00225379 0.00117123 -0.00225521 0.999997 -0.0185766 0.10229 -0.270543
FixedParameters: 0 0 0

#Transform 26
Transform: AffineTransform_float_3_3
Parameters: 0.999999 -0.000278008 -0.000980029 0.000280085 0.999998 0.00199909 0.000979695 -0.00199891 0.999998 -0.0121183 0.102939 -0.304611
FixedParameters: 0 0 0

#Transform 27
Transform: AffineTransform_float_3_3
Parameters: 0.999999 -0.000548285 -0.00111014 0.000550549 0.999998 0.00167275 0.00111 -0.00167325 0.999998 -0.00356637 0.0939825 -0.266338
FixedParameters: 0 0 0

#Transform 28
Transform: AffineTransform_float_3_3
Parameters: 1 -0.000472548 -0.000998862 0.000474874 0.999998 0.00208689 0.000997666 -0.00208711 0.999997 -0.00856609 0.11116 -0.291893
FixedParameters: 0 0 0

#Transform 29
Transform: AffineTransform_float_3_3
Parameters: 1 -0.00055417 -0.00106317 0.000555888 0.999998 0.00192277 0.00106313 -0.00192323 0.999998 -0.00426425 0.105554 -0.266961
FixedParameters: 0 0 0

#Transform 30
Transform: AffineTransform_float_3_3
Parameters: 1 -0.000473286 -0.000866098 0.00047453 0.999999 0.00178159 0.000865191 -0.00178241 0.999998 -0.00880024 0.104381 -0.29218
FixedParameters: 0 0 0

#Transform 31
Transform: AffineTransform_float_3_3
Parameters: 0.999999 -0.000466922 -0.000956721 0.00046871 0.999998 0.00189755 0.000955727 -0.00189845 0.999997 -0.00794483 0.116073 -0.297858
FixedParameters: 0 0 0

#Transform 32
Transform: AffineTransform_float_3_3
Parameters: 1 -0.000487369 -0.00101001 0.000490046 0.999997 0.00269351 0.00100855 -0.00269449 0.999996 -0.0122061 0.129104 -0.32518
FixedParameters: 0 0 0

#Transform 33
Transform: AffineTransform_float_3_3
Parameters: 0.999999 -0.000415847 -0.00118991 0.000419033 0.999997 0.00249986 0.00118899 -0.00250014 0.999996 -0.0116061 0.135586 -0.304293
FixedParameters: 0 0 0

#Transform 34
Transform: AffineTransform_float_3_3
Parameters: 0.999999 -0.00041138 -0.00117984 0.000414904 0.999997 0.00266451 0.00117881 -0.00266549 0.999996 -0.00141166 0.132614 -0.284359
FixedParameters: 0 0 0

#Transform 35
Transform: AffineTransform_float_3_3
Parameters: 0.999999 -0.00060228 -0.00111785 0.000605489 0.999996 0.00267233 0.0011158 -0.00267367 0.999996 -0.011832 0.129784 -0.285957
FixedParameters: 0 0 0

#Transform 36
Transform: AffineTransform_float_3_3
Parameters: 0.999999 -0.000869678 -0.00128837 0.000872514 0.999996 0.00253208 0.00128552 -0.00253291 0.999995 -0.00680032 0.126186 -0.279284
FixedParameters: 0 0 0

#Transform 37
Transform: AffineTransform_float_3_3
Parameters: 0.999999 -0.000942122 -0.00125249 0.000945675 0.999996 0.00273418 0.00124981 -0.00273582 0.999996 -0.0157599 0.134645 -0.289229
FixedParameters: 0 0 0

#Transform 38
Transform: AffineTransform_float_3_3
Parameters: 0.999999 -0.000830308 -0.00113566 0.000833632 0.999997 0.00250926 0.00113358 -0.00250974 0.999996 -0.00239202 0.125376 -0.254423
FixedParameters: 0 0 0

#Transform 39
Transform: AffineTransform_float_3_3
Parameters: 0.999998 -0.00110455 -0.00128495 0.00110853 0.999996 0.00267994 0.00128242 -0.00268206 0.999996 -0.0233624 0.130315 -0.276368
FixedParameters: 0 0 0

#Transform 40
Transform: AffineTransform_float_3_3
Parameters: 0.999999 -0.00109638 -0.00142177 0.00110013 0.999996 0.00247916 0.0014188 -0.00248084 0.999997 -0.0027833 0.137791 -0.256323
FixedParameters: 0 0 0

#Transform 41
Transform: AffineTransform_float_3_3
Parameters: 0.999999 -0.00121077 -0.00134656 0.00121514 0.999996 0.00270258 0.0013434 -0.00270442 0.999995 -0.0110615 0.141469 -0.268966
FixedParameters: 0 0 0

#Transform 42
Transform: AffineTransform_float_3_3
Parameters: 0.999999 -0.000985885 -0.00148468 0.000990382 0.999996 0.0026251 0.00148197 -0.0026259 0.999995 -0.00435004 0.136818 -0.249817
FixedParameters: 0 0 0

#Transform 43
Transform: AffineTransform_float_3_3
Parameters: 0.999998 -0.00103423 -0.00133407 0.00103696 0.999996 0.00260419 0.00133155 -0.00260481 0.999996 -0.00858145 0.135987 -0.254962
FixedParameters: 0 0 0

#Transform 44
Transform: AffineTransform_float_3_3
Parameters: 0.999998 -0.00133842 -0.00174956 0.00134284 0.999996 0.00261723 0.00174673 -0.00261978 0.999995 -0.0271453 0.126557 -0.231883
FixedParameters: 0 0 0

#Transform 45
Transform: AffineTransform_float_3_3
Parameters: 0.999998 -0.00137284 -0.00155058 0.00137676 0.999996 0.00262392 0.00154624 -0.00262607 0.999995 -0.0106673 0.127988 -0.226069
FixedParameters: 0 0 0

#Transform 46
Transform: AffineTransform_float_3_3
Parameters: 0.999997 -0.00155598 -0.00153411 0.00155996 0.999996 0.00254367 0.00152997 -0.00254633 0.999995 -0.0280478 0.122446 -0.223629
FixedParameters: 0 0 0

#Transform 47
Transform: AffineTransform_float_3_3
Parameters: 0.999998 -0.00155606 -0.00169144 0.00155997 0.999996 0.00255878 0.00168765 -0.00256122 0.999996 -0.0124024 0.126435 -0.215319
FixedParameters: 0 0 0

#Transform 48
Transform: AffineTransform_float_3_3
Parameters: 0.999997 -0.00153985 -0.00161269 0.00154389 0.999995 0.00272508 0.00160846 -0.00272792 0.999995 -0.0313831 0.127181 -0.233068
FixedParameters: 0 0 0

#Transform 49
Transform: AffineTransform_float_3_3
Parameters: 0.999997 -0.00176864 -0.00134154 0.00177236 0.999995 0.00267168 0.00133679 -0.00267431 0.999995 0.00153473 0.132809 -0.20176
FixedParameters: 0 0 0

#Transform 50
Transform: AffineTransform_float_3_3
Parameters: 0.999998 -0.00194739 -0.00116513 0.00195081 0.999995 0.00254979 0.00115951 -0.00255221 0.999996 -0.0182753 0.119823 -0.225429
FixedParameters: 0 0 0

#Transform 51
Transform: AffineTransform_float_3_3
Parameters: 0.999996 -0.00207164 -0.00149927 0.00207569 0.999994 0.00267516 0.0014942 -0.00267784 0.999995 0.000148458 0.12971 -0.207225
FixedParameters: 0 0 0

#Transform 52
Transform: AffineTransform_float_3_3
Parameters: 0.999997 -0.00191843 -0.00142521 0.00192229 0.999994 0.00288617 0.00141922 -0.00288883 0.999994 -0.0128525 0.140977 -0.228751
FixedParameters: 0 0 0

#Transform 53
Transform: AffineTransform_float_3_3
Parameters: 0.999996 -0.00201346 -0.00165107 0.00201781 0.999994 0.00291794 0.0016448 -0.00292106 0.999994 -0.0166837 0.143097 -0.221214
FixedParameters: 0 0 0

#Transform 54
Transform: AffineTransform_float_3_3
Parameters: 0.999996 -0.00206692 -0.00159284 0.00207111 0.999993 0.00297597 0.00158601 -0.00297903 0.999994 -0.00859382 0.144365 -0.239978
FixedParameters: 0 0 0

#Transform 55
Transform: AffineTransform_float_3_3
Parameters: 0.999996 -0.00227837 -0.00155165 0.00228288 0.999993 0.00303137 0.00154423 -0.00303563 0.999994 -0.017548 0.151907 -0.242965
FixedParameters: 0 0 0

#Transform 56
Transform: AffineTransform_float_3_3
Parameters: 0.999997 -0.0019685 -0.0015455 0.00197329 0.999993 0.00313101 0.00153957 -0.00313499 0.999994 -0.00104678 0.158646 -0.253923
FixedParameters: 0 0 0

#Transform 57
Transform: AffineTransform_float_3_3
Parameters: 0.999996 -0.00200726 -0.0016377 0.00201267 0.999993 0.00314498 0.00163147 -0.00314803 0.999994 -0.0156996 0.153312 -0.267072
FixedParameters: 0 0 0

#Transform 58
Transform: AffineTransform_float_3_3
Parameters: 0.999997 -0.00196396 -0.00153572 0.00196923 0.999993 0.00331325 0.0015291 -0.00331575 0.999993 -0.000922783 0.154523 -0.270676
FixedParameters: 0 0 0

#Transform 59
Transform: AffineTransform_float_3_3
Parameters: 0.999997 -0.00203146 -0.00169745 0.00203757 0.999992 0.00351582 0.00168994 -0.00351918 0.999992 -0.0108291 0.157109 -0.272007
FixedParameters: 0 0 0

#Transform 60
Transform: AffineTransform_float_3_3
Parameters: 0.999996 -0.00202969 -0.00169401 0.00203568 0.999991 0.00364082 0.00168732 -0.00364417 0.999991 -0.0315505 0.169016 -0.295806
FixedParameters: 0 0 0

#Transform 61
Transform: AffineTransform_float_3_3
Parameters: 0.999997 -0.00206589 -0.00177956 0.00207177 0.999992 0.00354759 0.00177207 -0.00355141 0.999992 -0.00720991 0.177388 -0.286901
FixedParameters: 0 0 0

#Transform 62
Transform: AffineTransform_float_3_3
Parameters: 0.999996 -0.00201643 -0.00166278 0.00202237 0.999991 0.00369507 0.00165596 -0.00369894 0.999993 -0.0307574 0.180732 -0.284088
FixedParameters: 0 0 0

#Transform 63
Transform: AffineTransform_float_3_3
Parameters: 0.999996 -0.00213105 -0.0019357 0.00213775 0.999991 0.00371114 0.00192744 -0.00371586 0.999991 -0.00967639 0.179555 -0.287685
FixedParameters: 0 0 0

#Transform 64
Transform: AffineTransform_float_3_3
Parameters: 0.999996 -0.00214139 -0.00196206 0.00214968 0.99999 0.00396606 0.00195355 -0.00397094 0.99999 -0.0222353 0.177029 -0.303055
FixedParameters: 0 0 0

#Transform 65
Transform: AffineTransform_float_3_3
Parameters: 0.999996 -0.00210171 -0.00186553 0.00210902 0.999991 0.0036617 0.00185823 -0.0036653 0.999992 -0.00612523 0.17587 -0.28329
FixedParameters: 0 0 0

#Transform 66
Transform: AffineTransform_float_3_3
Parameters: 0.999996 -0.00210485 -0.00187422 0.00211159 0.99999 0.00384468 0.00186559 -0.00384832 0.999991 -0.0289314 0.18387 -0.282599
FixedParameters: 0 0 0

#Transform 67
Transform: AffineTransform_float_3_3
Parameters: 0.999996 -0.00215109 -0.00196803 0.00215754 0.999992 0.00335039 0.00196078 -0.00335461 0.999992 -0.0126739 0.166627 -0.259852
FixedParameters: 0 0 0

#Transform 68
Transform: AffineTransform_float_3_3
Parameters: 0.999996 -0.00220151 -0.00170594 0.00220741 0.999992 0.00331835 0.00169903 -0.00332164 0.999992 -0.0215896 0.17461 -0.244317
FixedParameters: 0 0 0

#Transform 69
Transform: AffineTransform_float_3_3
Parameters: 0.999996 -0.00225444 -0.0020591 0.00226155 0.999992 0.00336162 0.0020511 -0.00336738 0.999992 -0.0169588 0.168771 -0.259688
FixedParameters: 0 0 0

#Transform 70
Transform: AffineTransform_float_3_3
Parameters: 0.999995 -0.00230142 -0.00211971 0.00230829 0.999991 0.00342775 0.00211149 -0.00343326 0.999992 -0.0233943 0.175096 -0.257403
FixedParameters: 0 0 0

#Transform 71
Transform: AffineTransform_float_3_3
Parameters: 0.999995 -0.00234846 -0.00199828 0.00235572 0.999991 0.00363742 0.00198967 -0.00364258 0.999991 -0.0298817 0.180796 -0.280449
FixedParameters: 0 0 0

#Transform 72
Transform: AffineTransform_float_3_3
Parameters: 0.999994 -0.00237214 -0.00222681 0.00237969 0.999991 0.0035327 0.00221891 -0.0035383 0.999992 -0.011399 0.181006 -0.276835
FixedParameters: 0 0 0

#Transform 73
Transform: AffineTransform_float_3_3
Parameters: 0.999995 -0.002314 -0.00187221 0.00231975 0.999992 0.00322814 0.00186536 -0.00323186 0.999993 -0.0321733 0.169456 -0.255081
FixedParameters: 0 0 0

#Transform 74
Transform: AffineTransform_float_3_3
Parameters: 0.999996 -0.00225841 -0.00197688 0.00226511 0.999993 0.00316701 0.00196935 -0.00317099 0.999993 -0.0120514 0.176873 -0.273202
FixedParameters: 0 0 0

#Transform 75
Transform: AffineTransform_float_3_3
Parameters: 0.999994 -0.00248781 -0.00209202 0.002495 0.999991 0.00323426 0.00208401 -0.00323973 0.999992 -0.0315131 0.17685 -0.274083
FixedParameters: 0 0 0

#Transform 76
Transform: AffineTransform_float_3_3
Parameters: 0.999996 -0.00226499 -0.00206671 0.00227287 0.999992 0.00344094 0.0020592 -0.00344606 0.999992 -0.00668916 0.182268 -0.285591
FixedParameters: 0 0 0

#Transform 77
Transform: AffineTransform_float_3_3
Parameters: 0.999995 -0.00241711 -0.00230084 0.00242455 0.999991 0.00328227 0.00229252 -0.00328773 0.999992 -0.0266095 0.176885 -0.272959
FixedParameters: 0 0 0

#Transform 78
Transform: AffineTransform_float_3_3
Parameters: 0.999994 -0.00246098 -0.00234444 0.0024698 0.999991 0.00343006 0.00233602 -0.00343594 0.999992 -0.0125733 0.186685 -0.281549
FixedParameters: 0 0 0

#Transform 79
Transform: AffineTransform_float_3_3
Parameters: 0.999996 -0.00242277 -0.00188419 0.00242913 0.999991 0.00337355 0.00187593 -0.00337845 0.999992 -0.0249508 0.190486 -0.294849
FixedParameters: 0 0 0

#Transform 80
Transform: AffineTransform_float_3_3
Parameters: 0.999995 -0.00249443 -0.00224778 0.00250215 0.999992 0.00333186 0.00223963 -0.00333814 0.999992 -0.0194932 0.183895 -0.265318
FixedParameters: 0 0 0

#Transform 81
Transform: AffineTransform_float_3_3
Parameters: 0.999994 -0.00260697 -0.00230206 0.00261494 0.999992 0.00310867 0.00229393 -0.00311432 0.999993 -0.0417588 0.179177 -0.258175
FixedParameters: 0 0 0

#Transform 82
Transform: AffineTransform_float_3_3
Parameters: 0.999995 -0.00249266 -0.00222994 0.00249984 0.999992 0.00323812 0.00222227 -0.00324288 0.999992 -0.0249664 0.17162 -0.257472
FixedParameters: 0 0 0

#Transform 83
Transform: AffineTransform_float_3_3
Parameters: 0.999994 -0.00269251 -0.00226759 0.00270048 0.999991 0.00336157 0.00225796 -0.00336743 0.999992 -0.0349698 0.165163 -0.279671
FixedParameters: 0 0 0

#Transform 84
Transform: AffineTransform_float_3_3
Parameters: 0.999993 -0.00256816 -0.00248051 0.00257689 0.999991 0.00340946 0.00247185 -0.00341654 0.999991 -0.0335401 0.169786 -0.279498
FixedParameters: 0 0 0

#Transform 85
Transform: AffineTransform_float_3_3
Parameters: 0.999993 -0.00264367 -0.00237396 0.00265181 0.999991 0.0034404 0.00236462 -0.0034466 0.999991 -0.0217809 0.178999 -0.29962
FixedParameters: 0 0 0

#Transform 86
Transform: AffineTransform_float_3_3
Parameters: 0.999994 -0.00269374 -0.00222357 0.00270113 0.999991 0.00329733 0.00221427 -0.00330367 0.999992 -0.0337181 0.167092 -0.264859
FixedParameters: 0 0 0

#Transform 87
Transform: AffineTransform_float_3_3
Parameters: 0.999994 -0.0025125 -0.00245403 0.00252073 0.999991 0.00342366 0.00244476 -0.00343034 0.999991 -0.00898593 0.169832 -0.27219
FixedParameters: 0 0 0

#Transform 88
Transform: AffineTransform_float_3_3
Parameters: 0.999994 -0.00277735 -0.0023823 0.00278541 0.999991 0.00313406 0.00237428 -0.00314094 0.999992 -0.0226173 0.177564 -0.274202
FixedParameters: 0 0 0

#Transform 89
Transform: AffineTransform_float_3_3
Parameters: 0.999994 -0.00285079 -0.00231797 0.00285764 0.999991 0.00324308 0.00230834 -0.00324993 0.999993 -0.00928505 0.171029 -0.274828
FixedParameters: 0 0 0

#Transform 90
Transform: AffineTransform_float_3_3
Parameters: 0.999994 -0.00286878 -0.00221104 0.0028744 0.999992 0.00291383 0.0022028 -0.00292017 0.999993 -0.0142827 0.173375 -0.252479
FixedParameters: 0 0 0

#Transform 91
Transform: AffineTransform_float_3_3
Parameters: 0.999994 -0.00275715 -0.00197506 0.00276313 0.999991 0.00302188 0.0019674 -0.00302713 0.999994 -0.0139844 0.177779 -0.259535
FixedParameters: 0 0 0

#Transform 92
Transform: AffineTransform_float_3_3
Parameters: 0.999993 -0.00300643 -0.00233016 0.00301364 0.999991 0.00302052 0.00232138 -0.00302748 0.999993 -0.0240756 0.16867 -0.250006
FixedParameters: 0 0 0

#Transform 93
Transform: AffineTransform_float_3_3
Parameters: 0.999993 -0.00293772 -0.00233748 0.00294521 0.999991 0.00307266 0.00232882 -0.00307934 0.999992 -0.013772 0.17261 -0.279018
FixedParameters: 0 0 0

#Transform 94
Transform: AffineTransform_float_3_3
Parameters: 0.999993 -0.00317189 -0.00232887 0.00317909 0.999991 0.00301963 0.0023191 -0.00302737 0.999992 -0.0132881 0.171146 -0.253209
FixedParameters: 0 0 0

#Transform 95
Transform: AffineTransform_float_3_3
Parameters: 0.999993 -0.00325108 -0.00213475 0.00325711 0.999991 0.00293008 0.00212601 -0.00293693 0.999994 -0.0147842 0.182237 -0.258284
FixedParameters: 0 0 0

#Transform 96
Transform: AffineTransform_float_3_3
Parameters: 0.999993 -0.003223 -0.00217421 0.00322963 0.999991 0.00268201 0.00216553 -0.00268899 0.999994 -0.0110522 0.176037 -0.238263
FixedParameters: 0 0 0

#Transform 97
Transform: AffineTransform_float_3_3
Parameters: 0.999992 -0.00326067 -0.00221427 0.0032668 0.999991 0.0029358 0.00220452 -0.0029432 0.999994 -0.0302556 0.172245 -0.265688
FixedParameters: 0 0 0

#Transform 98
Transform: AffineTransform_float_3_3
Parameters: 0.999991 -0.00341744 -0.0022829 0.00342362 0.999989 0.00297422 0.00227327 -0.00298278 0.999993 -0.000499169 0.177648 -0.256075
FixedParameters: 0 0 0

#Transform 99
Transform: AffineTransform_float_3_3
Parameters: 0.999992 -0.00326741 -0.00200893 0.00327303 0.999991 0.00265109 0.00200022 -0.0026579 0.999994 -0.0114238 0.167824 -0.226149
FixedParameters: 0 0 0

#Transform 100
Transform: AffineTransform_float_3_3
Parameters: 0.999992 -0.00312226 -0.00219079 0.00312804 0.999991 0.00276533 0.0021816 -0.00277267 0.999994 0.00237507 0.181747 -0.251126
FixedParameters: 0 0 0

#Transform 101
Transform: AffineTransform_float_3_3
Parameters: 0.999992 -0.00321363 -0.00206462 0.00321808 0.999992 0.00238938 0.00205696 -0.00239562 0.999995 0.0132584 0.178389 -0.228082
FixedParameters: 0 0 0

#Transform 102
Transform: AffineTransform_float_3_3
Parameters: 0.999993 -0.00327126 -0.00176939 0.00327477 0.999992 0.00211451 0.00176156 -0.00212048 0.999996 -0.00620113 0.163551 -0.240637
FixedParameters: 0 0 0

#Transform 103
Transform: AffineTransform_float_3_3
Parameters: 0.999994 -0.00312331 -0.00165237 0.00312809 0.999992 0.00241265 0.00164514 -0.00241735 0.999996 0.0158666 0.176299 -0.243844
FixedParameters: 0 0 0

#Transform 104
Transform: AffineTransform_float_3_3
Parameters: 0.999994 -0.00307266 -0.00156883 0.00307572 0.999993 0.00211563 0.00156275 -0.00212037 0.999997 0.00997175 0.167253 -0.20042
FixedParameters: 0 0 0

#Transform 105
Transform: AffineTransform_float_3_3
Parameters: 0.999993 -0.00322113 -0.00162231 0.00322534 0.999992 0.00211522 0.00161521 -0.00212077 0.999997 -0.00360416 0.169017 -0.203939
FixedParameters: 0 0 0

#Transform 106
Transform: AffineTransform_float_3_3
Parameters: 0.999994 -0.00312912 -0.00187496 0.00313348 0.999993 0.00211494 0.00186865 -0.00212106 0.999997 0.0045671 0.171371 -0.184919
FixedParameters: 0 0 0

#Transform 107
Transform: AffineTransform_float_3_3
Parameters: 0.999993 -0.0033541 -0.00172702 0.00335715 0.999992 0.00218387 0.00171968 -0.00218913 0.999996 -0.0148062 0.160364 -0.194694
FixedParameters: 0 0 0

#Transform 108
Transform: AffineTransform_float_3_3
Parameters: 0.999993 -0.00336431 -0.00173013 0.00336805 0.999992 0.00211448 0.00172282 -0.00212052 0.999996 0.013092 0.160314 -0.18606
FixedParameters: 0 0 0

#Transform 109
Transform: AffineTransform_float_3_3
Parameters: 0.999992 -0.00348763 -0.00184347 0.00349239 0.999991 0.00226287 0.0018346 -0.00227012 0.999996 -0.0139362 0.153644 -0.207188
FixedParameters: 0 0 0

#Transform 110
Transform: AffineTransform_float_3_3
Parameters: 0.999993 -0.0034398 -0.00187302 0.00344362 0.999991 0.00211422 0.0018667 -0.00212079 0.999996 0.00802376 0.151941 -0.179361
FixedParameters: 0 0 0

#Transform 111
Transform: AffineTransform_float_3_3
Parameters: 0.999992 -0.00351812 -0.00184164 0.00352258 0.999991 0.00232667 0.00183349 -0.00233333 0.999995 -0.0181039 0.148983 -0.193321
FixedParameters: 0 0 0

#Transform 112
Transform: AffineTransform_float_3_3
Parameters: 0.999992 -0.00347661 -0.00206199 0.00348154 0.999992 0.00228634 0.00205339 -0.00229366 0.999995 -0.00197899 0.148917 -0.190365
FixedParameters: 0 0 0

#Transform 113
Transform: AffineTransform_float_3_3
Parameters: 0.999992 -0.00359181 -0.00179942 0.00359571 0.999991 0.00222469 0.00179166 -0.00223131 0.999996 -0.0135693 0.154411 -0.189171
FixedParameters: 0 0 0

#Transform 114
Transform: AffineTransform_float_3_3
Parameters: 0.999991 -0.00359799 -0.00195871 0.00360195 0.999991 0.00229246 0.00195083 -0.00229954 0.999996 0.00352169 0.156974 -0.202273
FixedParameters: 0 0 0

#Transform 115
Transform: AffineTransform_float_3_3
Parameters: 0.999992 -0.00358788 -0.00184469 0.00359224 0.999991 0.00229553 0.00183644 -0.00230247 0.999995 -0.0142737 0.153402 -0.217783
FixedParameters: 0 0 0

#Transform 116
Transform: AffineTransform_float_3_3
Parameters: 0.999991 -0.00353814 -0.00202518 0.0035433 0.999991 0.00228534 0.00201723 -0.00229266 0.999995 0.00188613 0.161792 -0.204476
FixedParameters: 0 0 0

#Transform 117
Transform: AffineTransform_float_3_3
Parameters: 0.999991 -0.00379393 -0.00181296 0.00379793 0.99999 0.00223712 0.00180421 -0.00224388 0.999995 -0.0182927 0.157943 -0.203167
FixedParameters: 0 0 0

#Transform 118
Transform: AffineTransform_float_3_3
Parameters: 0.999992 -0.00345873 -0.00194101 0.00346244 0.999992 0.00211379 0.00193369 -0.00212021 0.999996 -0.00458063 0.157986 -0.186069
FixedParameters: 0 0 0

#Transform 119
Transform: AffineTransform_float_3_3
Parameters: 0.999991 -0.00373112 -0.00198614 0.0037352 0.99999 0.00229195 0.00197765 -0.00229905 0.999995 -0.0211116 0.160083 -0.205001
FixedParameters: 0 0 0

#Transform 120
Transform: AffineTransform_float_3_3
Parameters: 0.999991 -0.00362611 -0.00192913 0.00362997 0.999991 0.00216451 0.00192074 -0.00217149 0.999996 0.0108842 0.168995 -0.188051
FixedParameters: 0 0 0

#Transform 121
Transform: AffineTransform_float_3_3
Parameters: 0.999991 -0.00362806 -0.00186789 0.00363252 0.999991 0.00229273 0.00185948 -0.00229927 0.999996 -0.0306862 0.172709 -0.199625
FixedParameters: 0 0 0

#Transform 122
Transform: AffineTransform_float_3_3
Parameters: 0.99999 -0.00383387 -0.00198893 0.00383817 0.99999 0.00211273 0.00198095 -0.00212027 0.999996 -0.000388116 0.166814 -0.205925
FixedParameters: 0 0 0

#Transform 123
Transform: AffineTransform_float_3_3
Parameters: 0.99999 -0.00402844 -0.00164171 0.00403285 0.99999 0.00235451 0.0016328 -0.00236149 0.999995 -0.0108973 0.174878 -0.217166
FixedParameters: 0 0 0

#Transform 124
Transform: AffineTransform_float_3_3
Parameters: 0.99999 -0.00394233 -0.00178962 0.00394684 0.99999 0.00229694 0.00178065 -0.00230406 0.999996 0.0173216 0.175476 -0.249058
FixedParameters: 0 0 0

#Transform 125
Transform: AffineTransform_float_3_3
Parameters: 0.999991 -0.00395881 -0.00186175 0.00396348 0.99999 0.00225048 0.00185307 -0.00225752 0.999996 -0.00892848 0.193914 -0.237231
FixedParameters: 0 0 0

#Transform 126
Transform: AffineTransform_float_3_3
Parameters: 0.99999 -0.00418197 -0.00158125 0.00418476 0.99999 0.00172051 0.00157338 -0.00172748 0.999997 0.0110008 0.161957 -0.228634
FixedParameters: 0 0 0

#Transform 127
Transform: AffineTransform_float_3_3
Parameters: 0.999989 -0.00419682 -0.00173261 0.00420038 0.999989 0.00209922 0.00172413 -0.00210678 0.999996 -0.0134826 0.172122 -0.238137
FixedParameters: 0 0 0

#Transform 128
Transform: AffineTransform_float_3_3
Parameters: 0.999991 -0.00398574 -0.00172234 0.00398978 0.999989 0.00225314 0.00171352 -0.00225987 0.999997 0.0013107 0.179547 -0.252209
FixedParameters: 0 0 0

#Transform 129
Transform: AffineTransform_float_3_3
Parameters: 0.99999 -0.00414697 -0.00178012 0.00415116 0.999989 0.00222147 0.00177083 -0.00222853 0.999996 -0.0220295 0.176563 -0.249255
FixedParameters: 0 0 0

#Transform 130
Transform: AffineTransform_float_3_3
Parameters: 0.999991 -0.0039339 -0.00155318 0.00393668 0.99999 0.00192053 0.0015459 -0.00192647 0.999997 -0.00268938 0.178785 -0.20746
FixedParameters: 0 0 0

#Transform 131
Transform: AffineTransform_float_3_3
Parameters: 0.99999 -0.00406917 -0.00149641 0.00407203 0.999989 0.00202119 0.00148779 -0.00202781 0.999997 -0.0204734 0.185181 -0.227623
FixedParameters: 0 0 0

#Transform 132
Transform: AffineTransform_float_3_3
Parameters: 0.99999 -0.00398173 -0.00163083 0.00398442 0.999991 0.00163714 0.00162431 -0.00164386 0.999997 0.00447534 0.193147 -0.215055
FixedParameters: 0 0 0

#Transform 133
Transform: AffineTransform_float_3_3
Parameters: 0.999991 -0.00400838 -0.0014582 0.00401124 0.99999 0.00207243 0.00144942 -0.00207856 0.999996 -0.0157193 0.190417 -0.236566
FixedParameters: 0 0 0

#Transform 134
Transform: AffineTransform_float_3_3
Parameters: 0.99999 -0.0041672 -0.00195746 0.00417159 0.999988 0.00230605 0.00194777 -0.00231395 0.999996 -0.0042411 0.197533 -0.244452
FixedParameters: 0 0 0

#Transform 135
Transform: AffineTransform_float_3_3
Parameters: 0.99999 -0.00407686 -0.00155639 0.0040806 0.99999 0.00210014 0.00154802 -0.00210586 0.999997 -0.0128647 0.192214 -0.25601
FixedParameters: 0 0 0

#Transform 136
Transform: AffineTransform_float_3_3
Parameters: 0.99999 -0.00410963 -0.00172367 0.0041126 0.999989 0.0020534 0.00171501 -0.00206059 0.999996 0.00598272 0.192463 -0.222336
FixedParameters: 0 0 0

#Transform 137
Transform: AffineTransform_float_3_3
Parameters: 0.999991 -0.00410879 -0.00152286 0.00411155 0.99999 0.00195087 0.00151467 -0.00195713 0.999996 -0.0216123 0.194656 -0.223167
FixedParameters: 0 0 0

#Transform 138
Transform: AffineTransform_float_3_3
Parameters: 0.99999 -0.00396397 -0.00176656 0.0039679 0.99999 0.00201299 0.00175843 -0.00202 0.999996 -0.00538604 0.202016 -0.235482
FixedParameters: 0 0 0

#Transform 139
Transform: AffineTransform_float_3_3
Parameters: 0.99999 -0.00408967 -0.00176902 0.00409417 0.99999 0.00206025 0.00176091 -0.00206775 0.999996 -0.0249992 0.201865 -0.225787
FixedParameters: 0 0 0

#Transform 140
Transform: AffineTransform_float_3_3
Parameters: 0.999989 -0.0041735 -0.00217872 0.00417846 0.999989 0.00207896 0.00216958 -0.00208804 0.999996 -0.010069 0.201454 -0.245602
FixedParameters: 0 0 0

#Transform 141
Transform: AffineTransform_float_3_3
Parameters: 0.99999 -0.00411464 -0.00181836 0.00411862 0.999989 0.00211537 0.00181009 -0.00212264 0.999996 -0.0304938 0.195426 -0.250245
FixedParameters: 0 0 0

#Transform 142
Transform: AffineTransform_float_3_3
Parameters: 0.999991 -0.00398881 -0.00184628 0.00399227 0.99999 0.00204848 0.00183816 -0.00205552 0.999996 -0.00935069 0.195165 -0.241683
FixedParameters: 0 0 0

#Transform 143
Transform: AffineTransform_float_3_3
Parameters: 0.999991 -0.00406372 -0.00167326 0.00406655 0.99999 0.00163668 0.00166648 -0.00164331 0.999997 -0.0140953 0.179711 -0.237954
FixedParameters: 0 0 0

#Transform 144
Transform: AffineTransform_float_3_3
Parameters: 0.99999 -0.0040852 -0.00182521 0.00408892 0.99999 0.00174339 0.00181748 -0.00175061 0.999997 -0.0112407 0.183207 -0.232447
FixedParameters: 0 0 0

#Transform 145
Transform: AffineTransform_float_3_3
Parameters: 0.999989 -0.00410065 -0.00198068 0.00410469 0.99999 0.00181993 0.00197358 -0.00182707 0.999997 -0.0180358 0.173888 -0.212486
FixedParameters: 0 0 0

#Transform 146
Transform: AffineTransform_float_3_3
Parameters: 0.99999 -0.00412164 -0.00181438 0.00412464 0.999989 0.00181037 0.00180637 -0.00181763 0.999997 -0.0131186 0.176922 -0.211881
FixedParameters: 0 0 0

#Transform 147
Transform: AffineTransform_float_3_3
Parameters: 0.999988 -0.00432238 -0.00203969 0.00432651 0.999989 0.00201672 0.00203047 -0.00202527 0.999995 -0.0322863 0.180597 -0.217397
FixedParameters: 0 0 0

#Transform 148
Transform: AffineTransform_float_3_3
Parameters: 0.999989 -0.00418387 -0.00201261 0.00418736 0.99999 0.00175163 0.00200486 -0.00175937 0.999997 -0.0162627 0.162239 -0.206241
FixedParameters: 0 0 0

#Transform 149
Transform: AffineTransform_float_3_3
Parameters: 0.999989 -0.00435378 -0.00199621 0.00435831 0.999988 0.002063 0.00198738 -0.00207199 0.999996 -0.0274479 0.174742 -0.21359
FixedParameters: 0 0 0

#Transform 150
Transform: AffineTransform_float_3_3
Parameters: 0.999989 -0.00429637 -0.00200044 0.0043 0.999989 0.0019301 0.00199207 -0.0019389 0.999996 -0.00850633 0.17242 -0.22188
FixedParameters: 0 0 0

#Transform 151
Transform: AffineTransform_float_3_3
Parameters: 0.999988 -0.00433758 -0.00217517 0.00434188 0.999989 0.00192762 0.00216665 -0.00193738 0.999996 -0.0353445 0.171734 -0.212279
FixedParameters: 0 0 0

#Transform 152
Transform: AffineTransform_float_3_3
Parameters: 0.999989 -0.00431498 -0.0021369 0.00431906 0.999989 0.00191268 0.00212861 -0.00192132 0.999996 -0.0149895 0.169339 -0.217504
FixedParameters: 0 0 0

#Transform 153
Transform: AffineTransform_float_3_3
Parameters: 0.999986 -0.00460837 -0.00234257 0.00461262 0.999987 0.00209096 0.0023332 -0.00210205 0.999995 -0.045291 0.172108 -0.227857
FixedParameters: 0 0 0

#Transform 154
Transform: AffineTransform_float_3_3
Parameters: 0.999987 -0.00450557 -0.00206974 0.00450919 0.999988 0.00199122 0.00206131 -0.00200078 0.999996 -0.010703 0.167085 -0.22852
FixedParameters: 0 0 0

#Transform 155
Transform: AffineTransform_float_3_3
Parameters: 0.999988 -0.00460936 -0.0020547 0.00461351 0.999987 0.00213792 0.00204451 -0.00214707 0.999995 -0.0322562 0.172411 -0.234358
FixedParameters: 0 0 0

#Transform 156
Transform: AffineTransform_float_3_3
Parameters: 0.999988 -0.00453144 -0.00214306 0.00453652 0.999987 0.00217483 0.00213379 -0.00218517 0.999995 -0.015183 0.190509 -0.230074
FixedParameters: 0 0 0

#Transform 157
Transform: AffineTransform_float_3_3
Parameters: 0.999987 -0.00467604 -0.00206339 0.00468016 0.999986 0.00211974 0.00205308 -0.00212925 0.999995 -0.0138316 0.171116 -0.215407
FixedParameters: 0 0 0

#Transform 158
Transform: AffineTransform_float_3_3
Parameters: 0.999988 -0.00452175 -0.00216514 0.0045269 0.999988 0.0020446 0.00215577 -0.0020544 0.999995 -0.0109617 0.161378 -0.234854
FixedParameters: 0 0 0

#Transform 159
Transform: AffineTransform_float_3_3
Parameters: 0.999988 -0.00448935 -0.00206444 0.00449394 0.999987 0.00223528 0.00205389 -0.00224472 0.999995 -0.0292837 0.189086 -0.222484
FixedParameters: 0 0 0

#Transform 160
Transform: AffineTransform_float_3_3
Parameters: 0.999988 -0.00454726 -0.00218861 0.0045523 0.999987 0.00220795 0.00217804 -0.00221805 0.999996 -0.0171266 0.179537 -0.243955
FixedParameters: 0 0 0

#Transform 161
Transform: AffineTransform_float_3_3
Parameters: 0.999987 -0.00463696 -0.00234333 0.00464234 0.999986 0.00233225 0.0023316 -0.00234275 0.999995 -0.028265 0.183396 -0.239397
FixedParameters: 0 0 0

#Transform 162
Transform: AffineTransform_float_3_3
Parameters: 0.999987 -0.00459401 -0.00196286 0.00459863 0.999987 0.00225902 0.00195254 -0.00226798 0.999995 -0.014458 0.179426 -0.25031
FixedParameters: 0 0 0

#Transform 163
Transform: AffineTransform_float_3_3
Parameters: 0.999986 -0.00490914 -0.00202704 0.00491216 0.999987 0.00188578 0.00201804 -0.00189522 0.999996 -0.0288174 0.175383 -0.229074
FixedParameters: 0 0 0

#Transform 164
Transform: AffineTransform_float_3_3
Parameters: 0.999986 -0.00479521 -0.00194862 0.00479972 0.999987 0.00200769 0.00193941 -0.00201731 0.999996 -0.0149279 0.179872 -0.228624
FixedParameters: 0 0 0

#Transform 165
Transform: AffineTransform_float_3_3
Parameters: 0.999986 -0.00484944 -0.00215139 0.00485372 0.999987 0.00197845 0.00214263 -0.00198956 0.999995 -0.0181434 0.1688 -0.213237
FixedParameters: 0 0 0

#Transform 166
Transform: AffineTransform_float_3_3
Parameters: 0.999986 -0.00487716 -0.00215078 0.00488129 0.999986 0.00203675 0.00214042 -0.00204725 0.999996 -0.0090573 0.177464 -0.223606
FixedParameters: 0 0 0

#Transform 167
Transform: AffineTransform_float_3_3
Parameters: 0.999986 -0.00488757 -0.00222454 0.00489309 0.999985 0.00231337 0.00221366 -0.00232463 0.999995 -0.0176149 0.177443 -0.211388
FixedParameters: 0 0 0

#Transform 168
Transform: AffineTransform_float_3_3
Parameters: 0.999985 -0.00487228 -0.00220585 0.00487713 0.999985 0.00226849 0.00219456 -0.0022795 0.999995 -0.0105464 0.175379 -0.226787
FixedParameters: 0 0 0

#Transform 169
Transform: AffineTransform_float_3_3
Parameters: 0.999985 -0.00499908 -0.00234069 0.00500467 0.999985 0.00240924 0.00232873 -0.00242076 0.999994 -0.0294838 0.178476 -0.235138
FixedParameters: 0 0 0

#Transform 170
Transform: AffineTransform_float_3_3
Parameters: 0.999984 -0.00503212 -0.00259131 0.00503856 0.999984 0.00262062 0.00257875 -0.00263338 0.999993 -0.0161485 0.188761 -0.247066
FixedParameters: 0 0 0

#Transform 171
Transform: AffineTransform_float_3_3
Parameters: 0.999983 -0.00521711 -0.00250646 0.00522354 0.999984 0.00252407 0.00249354 -0.00253693 0.999994 -0.0322881 0.190357 -0.241302
FixedParameters: 0 0 0

#Transform 172
Transform: AffineTransform_float_3_3
Parameters: 0.999984 -0.00511595 -0.00234991 0.00512145 0.999984 0.00238128 0.00233766 -0.00239272 0.999995 -0.0116242 0.17567 -0.238091
FixedParameters: 0 0 0

#Transform 173
Transform: AffineTransform_float_3_3
Parameters: 0.999983 -0.0051514 -0.00248968 0.00515778 0.999983 0.00253047 0.00247703 -0.00254352 0.999993 -0.0154378 0.177139 -0.231494
FixedParameters: 0 0 0

#Transform 174
Transform: AffineTransform_float_3_3
Parameters: 0.999983 -0.00515274 -0.00249208 0.00515878 0.999983 0.00245946 0.00248015 -0.00247254 0.999994 -0.0255107 0.184292 -0.23348
FixedParameters: 0 0 0

#Transform 175
Transform: AffineTransform_float_3_3
Parameters: 0.999984 -0.00512773 -0.00267514 0.00513514 0.999983 0.00272015 0.00266105 -0.00273285 0.999993 -0.0181878 0.181169 -0.243105
FixedParameters: 0 0 0

#Transform 176
Transform: AffineTransform_float_3_3
Parameters: 0.999984 -0.00508641 -0.00245233 0.00509304 0.999983 0.00262083 0.00243909 -0.00263317 0.999993 -0.0386005 0.189787 -0.263678
FixedParameters: 0 0 0

#Transform 177
Transform: AffineTransform_float_3_3
Parameters: 0.999984 -0.00513877 -0.00259385 0.0051454 0.999983 0.00255233 0.00258011 -0.00256566 0.999994 -0.010858 0.181046 -0.249428
FixedParameters: 0 0 0

#Transform 178
Transform: AffineTransform_float_3_3
Parameters: 0.999983 -0.00519804 -0.00271255 0.00520533 0.999983 0.00266041 0.0026987 -0.00267459 0.999993 -0.0381888 0.1857 -0.274425
FixedParameters: 0 0 0

#Transform 179
Transform: AffineTransform_float_3_3
Parameters: 0.999983 -0.00510885 -0.00277013 0.0051162 0.999984 0.00278036 0.00275592 -0.00279464 0.999992 -0.0149066 0.188519 -0.250743
FixedParameters: 0 0 0
