# transform file /out/sourcedata/freesurfer/sub-v1s10x0051012_ses-1/mri/transforms/cc_up.lta
# created by oesteban on Thu Mar 12 04:00:37 2026

type      = 0 # LINEAR_VOX_TO_VOX
nxforms   = 1
mean      = 124.0000 131.0000 119.0000
sigma     = 10000.0000
1 4 4
9.903040528297424e-01 1.193783953785896e-01 -7.104142755270004e-02 -2.310757875442505e+00 
-1.190724074840546e-01 9.928489327430725e-01 8.541896007955074e-03 2.997467041015625e+01 
7.155311107635498e-02 -9.313226856377810e-10 9.974368810653687e-01 1.020688819885254e+01 
0.000000000000000e+00 0.000000000000000e+00 0.000000000000000e+00 1.000000000000000e+00 
src volume info
valid = 1  # volume info valid
filename = /out/sourcedata/freesurfer/sub-v1s10x0051012_ses-1/mri/norm.mgz
volume = 256 256 256
voxelsize = 1.000000000000000e+00 1.000000000000000e+00 1.000000000000000e+00
xras   = -1.000000000000000e+00 0.000000000000000e+00 0.000000000000000e+00
yras   = 0.000000000000000e+00 0.000000000000000e+00 -1.000000000000000e+00
zras   = 0.000000000000000e+00 1.000000000000000e+00 0.000000000000000e+00
cras   = -5.840904235839844e+00 -6.951812744140625e+00 -4.457855224609375e-01
dst volume info
valid = 1  # volume info valid
filename = /out/sourcedata/freesurfer/sub-v1s10x0051012_ses-1/mri/norm.mgz
volume = 256 256 256
voxelsize = 1.000000000000000e+00 1.000000000000000e+00 1.000000000000000e+00
xras   = -1.000000000000000e+00 0.000000000000000e+00 0.000000000000000e+00
yras   = 0.000000000000000e+00 0.000000000000000e+00 -1.000000000000000e+00
zras   = 0.000000000000000e+00 1.000000000000000e+00 0.000000000000000e+00
cras   = -5.840904235839844e+00 -6.951812744140625e+00 -4.457855224609375e-01
