# transform file /out/sourcedata/freesurfer/sub-v1s10x0051013_ses-1/mri/transforms/cc_up.lta
# created by oesteban on Thu Mar 12 03:56:43 2026

type      = 0 # LINEAR_VOX_TO_VOX
nxforms   = 1
mean      = 129.0000 113.0000 121.0000
sigma     = 10000.0000
1 4 4
9.990414977073669e-01 9.778153151273727e-03 -4.266719520092010e-02 3.605099201202393e+00 
-9.769247844815254e-03 9.999521970748901e-01 4.172263434156775e-04 2.922140693664551e+01 
4.266923293471336e-02 -2.910383045673370e-11 9.990893006324768e-01 2.576732873916626e+00 
0.000000000000000e+00 0.000000000000000e+00 0.000000000000000e+00 1.000000000000000e+00 
src volume info
valid = 1  # volume info valid
filename = /out/sourcedata/freesurfer/sub-v1s10x0051013_ses-1/mri/norm.mgz
volume = 256 256 256
voxelsize = 1.000000000000000e+00 1.000000000000000e+00 1.000000000000000e+00
xras   = -1.000000000000000e+00 0.000000000000000e+00 0.000000000000000e+00
yras   = 0.000000000000000e+00 0.000000000000000e+00 -1.000000000000000e+00
zras   = 0.000000000000000e+00 1.000000000000000e+00 0.000000000000000e+00
cras   = 1.150801849365234e+01 1.000000000000000e+00 2.771072387695312e-01
dst volume info
valid = 1  # volume info valid
filename = /out/sourcedata/freesurfer/sub-v1s10x0051013_ses-1/mri/norm.mgz
volume = 256 256 256
voxelsize = 1.000000000000000e+00 1.000000000000000e+00 1.000000000000000e+00
xras   = -1.000000000000000e+00 0.000000000000000e+00 0.000000000000000e+00
yras   = 0.000000000000000e+00 0.000000000000000e+00 -1.000000000000000e+00
zras   = 0.000000000000000e+00 1.000000000000000e+00 0.000000000000000e+00
cras   = 1.150801849365234e+01 1.000000000000000e+00 2.771072387695312e-01
