# transform file /out/sourcedata/freesurfer/sub-v1s10x0051155_ses-1/mri/transforms/cc_up.lta
# created by oesteban on Thu Mar 12 11:26:40 2026

type      = 0 # LINEAR_VOX_TO_VOX
nxforms   = 1
mean      = 126.0000 140.0000 111.0000
sigma     = 10000.0000
1 4 4
9.983764886856079e-01 5.686520040035248e-02 3.277381882071495e-03 -5.660017013549805e+00 
-5.686489492654800e-02 9.983819127082825e-01 -1.866710372269154e-04 1.141195011138916e+01 
-3.282693680375814e-03 0.000000000000000e+00 9.999945759773254e-01 3.041577339172363e+01 
0.000000000000000e+00 0.000000000000000e+00 0.000000000000000e+00 1.000000000000000e+00 
src volume info
valid = 1  # volume info valid
filename = /out/sourcedata/freesurfer/sub-v1s10x0051155_ses-1/mri/norm.mgz
volume = 256 256 256
voxelsize = 1.000000000000000e+00 1.000000000000000e+00 1.000000000000000e+00
xras   = -1.000000000000000e+00 0.000000000000000e+00 0.000000000000000e+00
yras   = 0.000000000000000e+00 0.000000000000000e+00 -1.000000000000000e+00
zras   = 0.000000000000000e+00 1.000000000000000e+00 0.000000000000000e+00
cras   = 6.651229858398438e-01 1.000000000000000e+00 1.000000000000000e+00
dst volume info
valid = 1  # volume info valid
filename = /out/sourcedata/freesurfer/sub-v1s10x0051155_ses-1/mri/norm.mgz
volume = 256 256 256
voxelsize = 1.000000000000000e+00 1.000000000000000e+00 1.000000000000000e+00
xras   = -1.000000000000000e+00 0.000000000000000e+00 0.000000000000000e+00
yras   = 0.000000000000000e+00 0.000000000000000e+00 -1.000000000000000e+00
zras   = 0.000000000000000e+00 1.000000000000000e+00 0.000000000000000e+00
cras   = 6.651229858398438e-01 1.000000000000000e+00 1.000000000000000e+00
