# transform file /out/sourcedata/freesurfer/sub-v1s10x0051119_ses-1/mri/transforms/cc_up.lta
# created by oesteban on Thu Mar 12 09:32:41 2026

type      = 0 # LINEAR_VOX_TO_VOX
nxforms   = 1
mean      = 132.0000 128.0000 110.0000
sigma     = 10000.0000
1 4 4
9.981990456581116e-01 -5.807071924209595e-02 1.504917722195387e-02 3.219599723815918e+00 
5.806412175297737e-02 9.983124732971191e-01 8.753938018344343e-04 6.548960685729980e+00 
-1.507461536675692e-02 0.000000000000000e+00 9.998863935470581e-01 3.297336959838867e+01 
0.000000000000000e+00 0.000000000000000e+00 0.000000000000000e+00 1.000000000000000e+00 
src volume info
valid = 1  # volume info valid
filename = /out/sourcedata/freesurfer/sub-v1s10x0051119_ses-1/mri/norm.mgz
volume = 256 256 256
voxelsize = 1.000000000000000e+00 1.000000000000000e+00 1.000000000000000e+00
xras   = -1.000000000000000e+00 0.000000000000000e+00 0.000000000000000e+00
yras   = 0.000000000000000e+00 0.000000000000000e+00 -1.000000000000000e+00
zras   = 0.000000000000000e+00 1.000000000000000e+00 0.000000000000000e+00
cras   = 5.002471923828125e+00 1.000000000000000e+00 -7.674697875976562e+00
dst volume info
valid = 1  # volume info valid
filename = /out/sourcedata/freesurfer/sub-v1s10x0051119_ses-1/mri/norm.mgz
volume = 256 256 256
voxelsize = 1.000000000000000e+00 1.000000000000000e+00 1.000000000000000e+00
xras   = -1.000000000000000e+00 0.000000000000000e+00 0.000000000000000e+00
yras   = 0.000000000000000e+00 0.000000000000000e+00 -1.000000000000000e+00
zras   = 0.000000000000000e+00 1.000000000000000e+00 0.000000000000000e+00
cras   = 5.002471923828125e+00 1.000000000000000e+00 -7.674697875976562e+00
