# transform file /out/sourcedata/freesurfer/sub-v1s10x0051121_ses-1/mri/transforms/cc_up.lta
# created by oesteban on Thu Mar 12 09:43:02 2026

type      = 0 # LINEAR_VOX_TO_VOX
nxforms   = 1
mean      = 131.0000 139.0000 109.0000
sigma     = 10000.0000
1 4 4
9.965953826904297e-01 6.881106644868851e-02 4.541824385523796e-02 -1.500020790100098e+01 
-6.873971968889236e-02 9.976297616958618e-01 -3.132703015580773e-03 1.564249420166016e+01 
-4.552615433931351e-02 -2.328306714094452e-10 9.989631772041321e-01 3.008673095703125e+01 
0.000000000000000e+00 0.000000000000000e+00 0.000000000000000e+00 1.000000000000000e+00 
src volume info
valid = 1  # volume info valid
filename = /out/sourcedata/freesurfer/sub-v1s10x0051121_ses-1/mri/norm.mgz
volume = 256 256 256
voxelsize = 1.000000000000000e+00 1.000000000000000e+00 1.000000000000000e+00
xras   = -1.000000000000000e+00 0.000000000000000e+00 0.000000000000000e+00
yras   = 0.000000000000000e+00 0.000000000000000e+00 -1.000000000000000e+00
zras   = 0.000000000000000e+00 1.000000000000000e+00 0.000000000000000e+00
cras   = -5.776977539062500e-02 2.771072387695312e-01 -4.783142089843750e+00
dst volume info
valid = 1  # volume info valid
filename = /out/sourcedata/freesurfer/sub-v1s10x0051121_ses-1/mri/norm.mgz
volume = 256 256 256
voxelsize = 1.000000000000000e+00 1.000000000000000e+00 1.000000000000000e+00
xras   = -1.000000000000000e+00 0.000000000000000e+00 0.000000000000000e+00
yras   = 0.000000000000000e+00 0.000000000000000e+00 -1.000000000000000e+00
zras   = 0.000000000000000e+00 1.000000000000000e+00 0.000000000000000e+00
cras   = -5.776977539062500e-02 2.771072387695312e-01 -4.783142089843750e+00
