# transform file /out/sourcedata/freesurfer/sub-v1s10x0051019_ses-1/mri/transforms/cc_up.lta
# created by oesteban on Thu Mar 12 04:21:57 2026

type      = 0 # LINEAR_VOX_TO_VOX
nxforms   = 1
mean      = 130.0000 122.0000 121.0000
sigma     = 10000.0000
1 4 4
9.913106560707092e-01 8.947738260030746e-02 -9.642089158296585e-02 1.363694816827774e-01 
-8.905710279941559e-02 9.959889054298401e-01 8.662234991788864e-03 3.707620239257812e+01 
9.680920839309692e-02 0.000000000000000e+00 9.953029751777649e-01 -2.152451753616333e+00 
0.000000000000000e+00 0.000000000000000e+00 0.000000000000000e+00 1.000000000000000e+00 
src volume info
valid = 1  # volume info valid
filename = /out/sourcedata/freesurfer/sub-v1s10x0051019_ses-1/mri/norm.mgz
volume = 256 256 256
voxelsize = 1.000000000000000e+00 1.000000000000000e+00 1.000000000000000e+00
xras   = -1.000000000000000e+00 0.000000000000000e+00 0.000000000000000e+00
yras   = 0.000000000000000e+00 0.000000000000000e+00 -1.000000000000000e+00
zras   = 0.000000000000000e+00 1.000000000000000e+00 0.000000000000000e+00
cras   = 7.894035339355469e+00 -4.457855224609375e-01 -6.228912353515625e+00
dst volume info
valid = 1  # volume info valid
filename = /out/sourcedata/freesurfer/sub-v1s10x0051019_ses-1/mri/norm.mgz
volume = 256 256 256
voxelsize = 1.000000000000000e+00 1.000000000000000e+00 1.000000000000000e+00
xras   = -1.000000000000000e+00 0.000000000000000e+00 0.000000000000000e+00
yras   = 0.000000000000000e+00 0.000000000000000e+00 -1.000000000000000e+00
zras   = 0.000000000000000e+00 1.000000000000000e+00 0.000000000000000e+00
cras   = 7.894035339355469e+00 -4.457855224609375e-01 -6.228912353515625e+00
