#Insight Transform File V1.0
#Transform 0
Transform: AffineTransform_float_3_3
Parameters: 0.999999 1.94986e-05 0.0013852 -1.76491e-05 0.999999 -0.00133251 -0.00138446 0.00133249 0.999999 0.117739 -0.392444 -0.509071
FixedParameters: 0 0 0

#Transform 1
Transform: AffineTransform_float_3_3
Parameters: 0.999999 0.000849771 0.000218602 -0.000850322 1 0.000367662 -0.000218897 -0.000367339 0.999999 -0.0230137 0.061005 -0.105693
FixedParameters: 0 0 0

#Transform 2
Transform: AffineTransform_float_3_3
Parameters: 1 0.000379941 -0.000467111 -0.000379495 1 0.000895971 0.000466871 -0.00089703 0.999999 0.0111306 0.121228 -0.0929177
FixedParameters: 0 0 0

#Transform 3
Transform: AffineTransform_float_3_3
Parameters: 0.999999 0.000135497 -0.000927058 -0.000134202 0.999999 0.00119428 0.000927771 -0.00119472 0.999999 -0.0176189 0.126862 -0.0742817
FixedParameters: 0 0 0

#Transform 4
Transform: AffineTransform_float_3_3
Parameters: 1 0.000127297 -0.00103784 -0.000127016 0.999999 0.000767645 0.00103751 -0.000767356 1 -0.0299931 0.116305 -0.0459498
FixedParameters: 0 0 0

#Transform 5
Transform: AffineTransform_float_3_3
Parameters: 0.999997 0.00154903 -0.00215761 -0.0015464 0.999998 0.00139808 0.00215903 -0.00139492 0.999997 -0.0743821 0.120868 -0.0814533
FixedParameters: 0 0 0

#Transform 6
Transform: AffineTransform_float_3_3
Parameters: 0.999999 0.00043587 -0.00168729 -0.000434836 0.999999 0.00108425 0.00168718 -0.00108275 0.999998 -0.0454634 0.13805 -0.10929
FixedParameters: 0 0 0

#Transform 7
Transform: AffineTransform_float_3_3
Parameters: 0.999998 0.000246707 -0.00163171 -0.000245188 1 0.000465913 0.00163193 -0.000465086 0.999998 -0.0457462 0.140783 -0.09136
FixedParameters: 0 0 0

#Transform 8
Transform: AffineTransform_float_3_3
Parameters: 0.999998 7.75429e-05 -0.00160512 -7.76254e-05 1 -0.000312363 0.00160468 0.000312637 0.999999 -0.0350785 0.131196 -0.0883183
FixedParameters: 0 0 0

#Transform 9
Transform: AffineTransform_float_3_3
Parameters: 0.999998 -0.000187021 -0.0019665 0.000186312 1 -0.000414495 0.00196626 0.000414505 0.999998 -0.0378656 0.124966 -0.0907454
FixedParameters: 0 0 0

#Transform 10
Transform: AffineTransform_float_3_3
Parameters: 0.999999 -0.000184187 -0.00149402 0.00018349 0.999999 -0.000541762 0.00149383 0.000541238 0.999999 -0.0290202 0.12211 -0.106834
FixedParameters: 0 0 0

#Transform 11
Transform: AffineTransform_float_3_3
Parameters: 0.999998 -0.000163604 -0.00195474 0.000162272 1 -0.000440446 0.0019558 0.000440553 0.999998 -0.0320629 0.135018 -0.112135
FixedParameters: 0 0 0

#Transform 12
Transform: AffineTransform_float_3_3
Parameters: 0.999999 0.000459008 -0.00178276 -0.000459896 1 -0.000616876 0.00178272 0.000617124 0.999998 -0.0437358 0.131596 -0.141409
FixedParameters: 0 0 0

#Transform 13
Transform: AffineTransform_float_3_3
Parameters: 1 0.000325369 -0.00103994 -0.00032577 1 -0.000192661 0.00103981 0.000193338 0.999999 -0.0155996 0.126512 -0.155551
FixedParameters: 0 0 0

#Transform 14
Transform: AffineTransform_float_3_3
Parameters: 1 0.00105614 -0.000395759 -0.00105462 0.999992 0.00387842 0.000400263 -0.00387758 0.999993 -0.0367049 0.14828 -0.029105
FixedParameters: 0 0 0

#Transform 15
Transform: AffineTransform_float_3_3
Parameters: 0.999998 0.000503356 -0.00154888 -0.000498097 0.999993 0.00368629 0.00155084 -0.00368471 0.999992 -0.0225897 0.175529 -0.064698
FixedParameters: 0 0 0

#Transform 16
Transform: AffineTransform_float_3_3
Parameters: 1 0.000772717 -0.000933329 -0.000769136 0.999994 0.00352636 0.000936786 -0.00352564 0.999993 -0.0611877 0.154786 0.0497702
FixedParameters: 0 0 0

#Transform 17
Transform: AffineTransform_float_3_3
Parameters: 0.999999 0.000632324 -0.00133119 -0.000627481 0.999991 0.004278 0.00133393 -0.00427701 0.99999 -0.0318336 0.152615 0.0118772
FixedParameters: 0 0 0

#Transform 18
Transform: AffineTransform_float_3_3
Parameters: 0.999998 0.00088534 -0.00144625 -0.000880403 0.999991 0.00410358 0.00144992 -0.00410242 0.999991 -0.021095 0.17525 -0.0361723
FixedParameters: 0 0 0

#Transform 19
Transform: AffineTransform_float_3_3
Parameters: 0.999998 0.000658489 -0.00223117 -0.000648524 0.99999 0.00440592 0.00223453 -0.00440508 0.999988 0.0565463 0.159562 -0.0644953
FixedParameters: 0 0 0

#Transform 20
Transform: AffineTransform_float_3_3
Parameters: 1 6.60789e-05 -0.000591721 -6.36831e-05 0.999993 0.00390904 0.000592089 -0.00390896 0.999992 -0.039155 0.176614 -0.0232901
FixedParameters: 0 0 0

#Transform 21
Transform: AffineTransform_float_3_3
Parameters: 1 0.00065731 -0.000840196 -0.000654632 0.999996 0.00260371 0.000842161 -0.0026033 0.999997 -0.0531305 0.152092 -0.0313381
FixedParameters: 0 0 0

#Transform 22
Transform: AffineTransform_float_3_3
Parameters: 0.999999 5.87146e-05 -0.000920283 -5.73055e-05 0.999998 0.00197805 0.000920373 -0.00197795 0.999997 -0.0357037 0.143857 -0.039033
FixedParameters: 0 0 0

#Transform 23
Transform: AffineTransform_float_3_3
Parameters: 1 -0.000137768 -0.00116259 0.000141739 0.999996 0.00306384 0.00116199 -0.00306416 0.999994 -0.0203678 0.178541 -0.109904
FixedParameters: 0 0 0

#Transform 24
Transform: AffineTransform_float_3_3
Parameters: 0.999999 -0.000559439 -0.00119235 0.000562858 0.999995 0.00297969 0.00119057 -0.00298031 0.999995 -0.02097 0.194749 -0.114039
FixedParameters: 0 0 0

#Transform 25
Transform: AffineTransform_float_3_3
Parameters: 0.999999 -9.11262e-05 -0.00135489 9.4476e-05 0.999997 0.00273924 0.00135502 -0.00273877 0.999996 -0.0621042 0.18388 -0.0884755
FixedParameters: 0 0 0

#Transform 26
Transform: AffineTransform_float_3_3
Parameters: 0.999999 0.0001481 -0.00173998 -0.00014312 0.999996 0.00271377 0.00174049 -0.00271323 0.999995 -0.0315514 0.186357 -0.0876427
FixedParameters: 0 0 0

#Transform 27
Transform: AffineTransform_float_3_3
Parameters: 0.999998 -3.12981e-05 -0.00159668 3.68143e-05 0.999994 0.00341346 0.00159656 -0.00341354 0.999993 -0.041693 0.20949 -0.132031
FixedParameters: 0 0 0

#Transform 28
Transform: AffineTransform_float_3_3
Parameters: 0.999999 -0.000195278 -0.00100497 0.000198377 0.999996 0.00291616 0.001005 -0.00291584 0.999995 -0.0561051 0.197291 -0.095786
FixedParameters: 0 0 0

#Transform 29
Transform: AffineTransform_float_3_3
Parameters: 1 -0.000246034 -0.00112371 0.000249348 0.999998 0.00229372 0.00112336 -0.00229428 0.999996 -0.0442328 0.178507 -0.0879629
FixedParameters: 0 0 0

#Transform 30
Transform: AffineTransform_float_3_3
Parameters: 1 0.000475385 -0.000303909 -0.000473977 0.999994 0.00359215 0.000305479 -0.00359186 0.999994 -0.0655823 0.162712 0.0205874
FixedParameters: 0 0 0

#Transform 31
Transform: AffineTransform_float_3_3
Parameters: 0.999998 -0.00072287 -0.00198509 0.000728109 0.999997 0.00247928 0.00198344 -0.00248072 0.999995 -0.0420548 0.173899 -0.0529947
FixedParameters: 0 0 0

#Transform 32
Transform: AffineTransform_float_3_3
Parameters: 0.999998 -0.000613936 -0.00189959 0.000620059 0.999995 0.0030657 0.00189815 -0.0030673 0.999994 -0.0238701 0.207507 -0.0665882
FixedParameters: 0 0 0

#Transform 33
Transform: AffineTransform_float_3_3
Parameters: 1 -2.349e-05 -0.000497708 2.55852e-05 0.999992 0.00395199 0.000498295 -0.00395201 0.999992 -0.0619885 0.23742 -0.0523523
FixedParameters: 0 0 0

#Transform 34
Transform: AffineTransform_float_3_3
Parameters: 0.999999 -0.000684321 -0.000650823 0.00068649 0.999992 0.00389956 0.000648881 -0.00390045 0.999992 -0.0572152 0.243132 -0.0727757
FixedParameters: 0 0 0

#Transform 35
Transform: AffineTransform_float_3_3
Parameters: 0.999999 -0.00110319 -0.000713641 0.00110638 0.999991 0.00400542 0.000709115 -0.00400558 0.999992 -0.0352446 0.270257 -0.0516632
FixedParameters: 0 0 0

#Transform 36
Transform: AffineTransform_float_3_3
Parameters: 1 -0.00101759 -0.00040163 0.00101937 0.99999 0.00422944 0.000396949 -0.00422956 0.999991 -0.0492929 0.278113 -0.0634432
FixedParameters: 0 0 0

#Transform 37
Transform: AffineTransform_float_3_3
Parameters: 0.999999 -0.00111109 -0.000572754 0.00111337 0.999991 0.00419621 0.000567743 -0.00419678 0.999991 -0.0416293 0.267732 -0.0220632
FixedParameters: 0 0 0

#Transform 38
Transform: AffineTransform_float_3_3
Parameters: 1 -0.00108273 -0.000502203 0.00108497 0.999996 0.00291131 0.000499435 -0.0029117 0.999996 -0.0307624 0.220251 -0.0396265
FixedParameters: 0 0 0

#Transform 39
Transform: AffineTransform_float_3_3
Parameters: 0.999999 -0.00120475 -0.000789817 0.00120715 0.999997 0.0021979 0.000787137 -0.0021991 0.999997 -0.0298221 0.20054 -0.0775669
FixedParameters: 0 0 0

#Transform 40
Transform: AffineTransform_float_3_3
Parameters: 0.999999 -0.00133746 -0.000754057 0.00133889 0.999995 0.00287684 0.000749759 -0.00287816 0.999996 -0.0182387 0.213599 -0.0388622
FixedParameters: 0 0 0

#Transform 41
Transform: AffineTransform_float_3_3
Parameters: 0.999998 -0.0015681 -0.000579588 0.00156956 0.999995 0.00264094 0.000575234 -0.00264206 0.999996 -0.0319937 0.202469 -0.00907029
FixedParameters: 0 0 0

#Transform 42
Transform: AffineTransform_float_3_3
Parameters: 0.999999 -0.00163471 -0.000770456 0.00163687 0.999996 0.00243844 0.00076641 -0.00243956 0.999997 -0.0579799 0.191551 -0.0224492
FixedParameters: 0 0 0

#Transform 43
Transform: AffineTransform_float_3_3
Parameters: 0.999998 -0.000142985 -0.00231196 0.000145622 0.999999 0.00125169 0.00231185 -0.00125231 0.999997 -0.0417894 0.163833 -0.040121
FixedParameters: 0 0 0

#Transform 44
Transform: AffineTransform_float_3_3
Parameters: 0.999999 -0.00162128 -0.000559188 0.00162182 0.999998 0.000955941 0.000557397 -0.000957057 0.999999 -0.0451821 0.16903 -0.0739364
FixedParameters: 0 0 0

#Transform 45
Transform: AffineTransform_float_3_3
Parameters: 0.999998 -0.00192633 -0.000283332 0.00192611 0.999997 0.00149395 0.000280197 -0.00149506 0.999999 -0.0301632 0.201329 -0.0556348
FixedParameters: 0 0 0

#Transform 46
Transform: AffineTransform_float_3_3
Parameters: 0.999997 -0.00215268 -0.000373553 0.00215506 0.999982 0.00542654 0.000361725 -0.00542745 0.999985 -0.0165185 0.240548 0.0295474
FixedParameters: 0 0 0

#Transform 47
Transform: AffineTransform_float_3_3
Parameters: 0.999999 -0.000922739 -2.90183e-05 0.000922731 0.999986 0.00507097 2.41234e-05 -0.00507102 0.999987 -0.0394655 0.240612 -0.00117294
FixedParameters: 0 0 0

#Transform 48
Transform: AffineTransform_float_3_3
Parameters: 1 -0.000379591 -0.000106259 0.00037968 1 0.00042096 0.000105939 -0.00042104 1 -0.0685502 0.143194 -0.0738045
FixedParameters: 0 0 0

#Transform 49
Transform: AffineTransform_float_3_3
Parameters: 0.999998 -0.00230319 -0.000345697 0.00230451 0.999988 0.00409755 0.000336132 -0.00409845 0.999992 -0.0374522 0.256347 0.0100978
FixedParameters: 0 0 0

#Transform 50
Transform: AffineTransform_float_3_3
Parameters: 0.999997 -0.0020404 -0.00078479 0.00204336 0.999992 0.00358895 0.000776688 -0.00359005 0.999993 -0.0223799 0.245822 -0.0284314
FixedParameters: 0 0 0

#Transform 51
Transform: AffineTransform_float_3_3
Parameters: 0.999998 -0.00163587 -0.000386863 0.00163851 0.999984 0.00537507 0.00037858 -0.00537493 0.999985 -0.0485284 0.244525 0.0495405
FixedParameters: 0 0 0

#Transform 52
Transform: AffineTransform_float_3_3
Parameters: 0.999998 -0.00166103 -0.00107846 0.00166857 0.999974 0.00695991 0.00106603 -0.00696209 0.999975 -0.0117889 0.282597 0.0641372
FixedParameters: 0 0 0

#Transform 53
Transform: AffineTransform_float_3_3
Parameters: 0.999999 -0.00128026 -3.20053e-05 0.00128056 0.999983 0.00573781 2.49282e-05 -0.00573719 0.999984 -0.0290813 0.244887 0.0712993
FixedParameters: 0 0 0

#Transform 54
Transform: AffineTransform_float_3_3
Parameters: 0.999999 -0.0017472 -0.000426288 0.00174948 0.999987 0.00490596 0.000417531 -0.00490604 0.999988 0.012997 0.230282 0.0200544
FixedParameters: 0 0 0

#Transform 55
Transform: AffineTransform_float_3_3
Parameters: 0.999999 -0.00109381 -0.00111206 0.00110026 0.999985 0.00528399 0.00110596 -0.00528501 0.999985 -0.00866389 0.247387 -0.0296816
FixedParameters: 0 0 0

#Transform 56
Transform: AffineTransform_float_3_3
Parameters: 1 -0.000519712 -0.000109877 0.000519753 0.999987 0.00506694 0.000107233 -0.00506706 0.999987 -0.0532532 0.249897 0.00707714
FixedParameters: 0 0 0

#Transform 57
Transform: AffineTransform_float_3_3
Parameters: 0.999999 -0.000857472 -0.000298253 0.000859421 0.999985 0.00531474 0.000293982 -0.00531525 0.999986 -0.0206285 0.246916 -0.034165
FixedParameters: 0 0 0

#Transform 58
Transform: AffineTransform_float_3_3
Parameters: 0.999999 -0.00184962 -0.000217833 0.00185085 0.999991 0.00384094 0.000210315 -0.00384106 0.999993 0.0284107 0.238259 -0.0654444
FixedParameters: 0 0 0

#Transform 59
Transform: AffineTransform_float_3_3
Parameters: 0.999998 -0.00196345 -0.000116291 0.00196291 0.999992 0.00353112 0.000109513 -0.00353089 0.999994 0.00119485 0.229396 -0.027883
FixedParameters: 0 0 0

#Transform 60
Transform: AffineTransform_float_3_3
Parameters: 0.999997 -0.00241502 -0.000408849 0.00241744 0.999988 0.00434185 0.000398102 -0.00434315 0.99999 0.00199297 0.252215 -0.0436404
FixedParameters: 0 0 0

#Transform 61
Transform: AffineTransform_float_3_3
Parameters: 0.999999 -0.00184063 -2.49434e-05 0.00184109 0.99998 0.00601909 1.35491e-05 -0.00601991 0.999982 -0.0022624 0.264578 -0.0686453
FixedParameters: 0 0 0

#Transform 62
Transform: AffineTransform_float_3_3
Parameters: 0.999993 -0.00321407 -0.00186164 0.00322527 0.999977 0.00601633 0.00184279 -0.00602267 0.99998 0.0313922 0.282495 -0.0482556
FixedParameters: 0 0 0

#Transform 63
Transform: AffineTransform_float_3_3
Parameters: 0.999998 -0.00160595 0.000353112 0.00160476 0.999981 0.00584721 -0.000362289 -0.00584678 0.999983 -0.00846671 0.277367 -0.0221508
FixedParameters: 0 0 0

#Transform 64
Transform: AffineTransform_float_3_3
Parameters: 0.999998 -0.00205176 -5.20643e-05 0.00205154 0.999975 0.00674124 3.77941e-05 -0.00674075 0.999977 0.0138497 0.294673 -0.0886195
FixedParameters: 0 0 0

#Transform 65
Transform: AffineTransform_float_3_3
Parameters: 0.999997 -0.00169939 0.00179294 0.00168728 0.999975 0.00689763 -0.0018043 -0.00689436 0.999974 0.016135 0.292448 -0.062209
FixedParameters: 0 0 0

#Transform 66
Transform: AffineTransform_float_3_3
Parameters: 0.999994 -3.01574e-06 0.00362324 -1.44029e-05 0.999988 0.00494054 -0.00362339 -0.00494046 0.999981 -0.00689935 0.258062 -0.102463
FixedParameters: 0 0 0

#Transform 67
Transform: AffineTransform_float_3_3
Parameters: 0.999996 -0.00212171 0.00149944 0.00211667 0.999991 0.00346041 -0.0015066 -0.00345759 0.999993 0.0247008 0.26632 -0.166665
FixedParameters: 0 0 0

#Transform 68
Transform: AffineTransform_float_3_3
Parameters: 0.999988 0.000344666 0.00501387 -0.00035472 0.999998 0.00185306 -0.00501294 -0.00185493 0.999986 -0.017353 0.226478 -0.169056
FixedParameters: 0 0 0

#Transform 69
Transform: AffineTransform_float_3_3
Parameters: 0.999995 -0.00253526 0.001788 0.00252961 0.999991 0.00354641 -0.001797 -0.0035416 0.999993 0.0325752 0.244111 -0.118028
FixedParameters: 0 0 0

#Transform 70
Transform: AffineTransform_float_3_3
Parameters: 0.999993 -0.00198554 0.00299895 0.0019716 0.999987 0.00476578 -0.00300882 -0.00476022 0.999984 0.0420001 0.268777 -0.176112
FixedParameters: 0 0 0

#Transform 71
Transform: AffineTransform_float_3_3
Parameters: 0.999995 -0.00194463 0.00270278 0.00193129 0.999984 0.00524693 -0.00271321 -0.00524207 0.999982 0.0476364 0.280042 -0.105668
FixedParameters: 0 0 0

#Transform 72
Transform: AffineTransform_float_3_3
Parameters: 0.999994 -0.00227611 0.00264749 0.0022628 0.999985 0.00490434 -0.00265774 -0.00489865 0.999984 0.0372188 0.276529 -0.0563161
FixedParameters: 0 0 0

#Transform 73
Transform: AffineTransform_float_3_3
Parameters: 0.999997 -0.00216653 0.00159768 0.0021545 0.999971 0.00720869 -0.0016129 -0.0072053 0.999973 0.0888967 0.292184 0.0336317
FixedParameters: 0 0 0

#Transform 74
Transform: AffineTransform_float_3_3
Parameters: 0.999997 -0.00148398 0.00156526 0.0014724 0.99997 0.00760391 -0.00157666 -0.00760209 0.99997 0.0619513 0.317681 0.0154443
FixedParameters: 0 0 0

#Transform 75
Transform: AffineTransform_float_3_3
Parameters: 0.999997 -0.00149881 0.00202945 0.00148442 0.999977 0.00669162 -0.00203965 -0.00668838 0.999975 0.0307122 0.285215 0.000507708
FixedParameters: 0 0 0

#Transform 76
Transform: AffineTransform_float_3_3
Parameters: 0.999996 -0.00164536 0.00197378 0.00163253 0.999977 0.00658398 -0.00198467 -0.00658101 0.999976 0.0482155 0.294159 -0.0246592
FixedParameters: 0 0 0

#Transform 77
Transform: AffineTransform_float_3_3
Parameters: 0.999996 -0.00244834 0.00155773 0.0024373 0.999973 0.00690554 -0.00157422 -0.00690146 0.999975 0.0775091 0.308237 -0.0674885
FixedParameters: 0 0 0

#Transform 78
Transform: AffineTransform_float_3_3
Parameters: 0.999997 -0.00150227 0.00187517 0.00148947 0.999978 0.0065764 -0.00188469 -0.0065736 0.999976 0.032858 0.30133 -0.0689857
FixedParameters: 0 0 0

#Transform 79
Transform: AffineTransform_float_3_3
Parameters: 0.999996 -0.00173245 0.00212781 0.00171878 0.999979 0.00630558 -0.00213888 -0.00630243 0.999978 0.0123291 0.285919 -0.0025229
FixedParameters: 0 0 0

#Transform 80
Transform: AffineTransform_float_3_3
Parameters: 0.999996 -0.00089869 0.00246162 0.00088303 0.999979 0.00629117 -0.00246739 -0.00628883 0.999978 -0.0121499 0.290811 -0.0939138
FixedParameters: 0 0 0

#Transform 81
Transform: AffineTransform_float_3_3
Parameters: 0.999995 -0.00131946 0.00263731 0.00130425 0.999983 0.00576071 -0.00264475 -0.00575728 0.999979 0.00772714 0.286811 -0.0506486
FixedParameters: 0 0 0

#Transform 82
Transform: AffineTransform_float_3_3
Parameters: 0.999996 -0.00186678 0.00221038 0.00185158 0.999975 0.00688586 -0.00222292 -0.00688114 0.999974 0.0332881 0.30919 -0.0237448
FixedParameters: 0 0 0

#Transform 83
Transform: AffineTransform_float_3_3
Parameters: 0.999996 -0.00208097 0.00203417 0.00206765 0.999974 0.00688561 -0.00204837 -0.00688138 0.999974 0.0449891 0.308109 -0.0285075
FixedParameters: 0 0 0

#Transform 84
Transform: AffineTransform_float_3_3
Parameters: 0.999996 -0.00221823 0.00206336 0.00220517 0.999974 0.00682096 -0.00207824 -0.00681604 0.999975 0.0547548 0.310322 -0.0245098
FixedParameters: 0 0 0

#Transform 85
Transform: AffineTransform_float_3_3
Parameters: 0.999995 -0.00229265 0.00223656 0.00227691 0.999972 0.00706666 -0.00225171 -0.00706134 0.999973 0.0497061 0.303492 -0.00403583
FixedParameters: 0 0 0

#Transform 86
Transform: AffineTransform_float_3_3
Parameters: 0.999996 -0.00194454 0.00202546 0.0019288 0.99997 0.00750967 -0.00204017 -0.00750532 0.99997 0.0360999 0.294261 0.106459
FixedParameters: 0 0 0

#Transform 87
Transform: AffineTransform_float_3_3
Parameters: 0.999997 -0.00197943 0.001329 0.00196736 0.999953 0.00943908 -0.00134795 -0.00943593 0.999955 0.0676114 0.335487 0.106768
FixedParameters: 0 0 0

#Transform 88
Transform: AffineTransform_float_3_3
Parameters: 0.999996 -0.00290241 0.00099724 0.00289471 0.999962 0.00819749 -0.00102135 -0.00819451 0.999966 0.0688309 0.333852 0.0646656
FixedParameters: 0 0 0

#Transform 89
Transform: AffineTransform_float_3_3
Parameters: 0.999996 -0.00264077 0.00111118 0.00263255 0.99997 0.00732752 -0.00113048 -0.00732448 0.999973 0.0818149 0.301868 0.0185354
FixedParameters: 0 0 0

#Transform 90
Transform: AffineTransform_float_3_3
Parameters: 0.999996 -0.00247082 0.00146873 0.00245952 0.999963 0.00823936 -0.00148882 -0.00823564 0.999965 0.0911438 0.340983 -0.0289293
FixedParameters: 0 0 0

#Transform 91
Transform: AffineTransform_float_3_3
Parameters: 0.999995 -0.00251176 0.00193914 0.00249563 0.999963 0.00829575 -0.00196039 -0.00829025 0.999964 0.0724916 0.336832 0.00657697
FixedParameters: 0 0 0

#Transform 92
Transform: AffineTransform_float_3_3
Parameters: 0.999995 -0.002584 0.00176444 0.00257004 0.999966 0.00798493 -0.00178453 -0.00798008 0.999966 0.0591305 0.332842 0.0451657
FixedParameters: 0 0 0

#Transform 93
Transform: AffineTransform_float_3_3
Parameters: 0.999995 -0.00251779 0.00192407 0.00250289 0.999965 0.00804772 -0.00194418 -0.00804228 0.999966 0.0739526 0.322642 -0.0464723
FixedParameters: 0 0 0

#Transform 94
Transform: AffineTransform_float_3_3
Parameters: 0.999995 -0.00243727 0.00196422 0.00242126 0.999965 0.00806366 -0.00198403 -0.00805834 0.999965 0.0541355 0.324732 -0.025039
FixedParameters: 0 0 0

#Transform 95
Transform: AffineTransform_float_3_3
Parameters: 0.999995 -0.00253769 0.00187609 0.00252271 0.999964 0.00802643 -0.00189603 -0.00802257 0.999966 0.053458 0.323326 0.00707559
FixedParameters: 0 0 0

#Transform 96
Transform: AffineTransform_float_3_3
Parameters: 0.999995 -0.00243548 0.00212205 0.0024185 0.999966 0.00791119 -0.00214148 -0.00790581 0.999967 0.0713869 0.342144 -0.015476
FixedParameters: 0 0 0

#Transform 97
Transform: AffineTransform_float_3_3
Parameters: 0.999995 -0.0024922 0.00198673 0.00247587 0.999962 0.00847447 -0.00200801 -0.00846953 0.999962 0.064116 0.351487 -0.0135636
FixedParameters: 0 0 0

#Transform 98
Transform: AffineTransform_float_3_3
Parameters: 0.999995 -0.00217762 0.00194537 0.00216223 0.999965 0.00802262 -0.00196305 -0.00801838 0.999966 0.059361 0.329692 -0.00390795
FixedParameters: 0 0 0

#Transform 99
Transform: AffineTransform_float_3_3
Parameters: 0.999996 -0.00212999 0.00217422 0.00211284 0.999967 0.00779701 -0.00219056 -0.00779199 0.999967 0.063753 0.32603 0.0261642
FixedParameters: 0 0 0

#Transform 100
Transform: AffineTransform_float_3_3
Parameters: 0.999994 -0.00237332 0.00227328 0.00235394 0.999962 0.00840157 -0.00229388 -0.00839643 0.999962 0.0796694 0.354493 -0.0447556
FixedParameters: 0 0 0

#Transform 101
Transform: AffineTransform_float_3_3
Parameters: 0.999995 -0.00200631 0.00216702 0.00198791 0.999961 0.00862373 -0.00218458 -0.00861928 0.99996 0.0725442 0.348131 -0.0177338
FixedParameters: 0 0 0

#Transform 102
Transform: AffineTransform_float_3_3
Parameters: 0.999996 -0.00203551 0.00222817 0.00201691 0.999965 0.00814091 -0.00224481 -0.00813609 0.999964 0.0565426 0.339679 0.0297566
FixedParameters: 0 0 0

#Transform 103
Transform: AffineTransform_float_3_3
Parameters: 0.999996 -0.00205214 0.00164124 0.00203784 0.999959 0.00873259 -0.00165812 -0.00872939 0.99996 0.0727809 0.347207 -0.025168
FixedParameters: 0 0 0

#Transform 104
Transform: AffineTransform_float_3_3
Parameters: 0.999994 -0.00240011 0.00220965 0.00238108 0.999959 0.00873833 -0.00223048 -0.00873268 0.999959 0.0628588 0.350025 -0.019368
FixedParameters: 0 0 0

#Transform 105
Transform: AffineTransform_float_3_3
Parameters: 0.999994 -0.0023912 0.00222846 0.00237383 0.999966 0.00782935 -0.00224718 -0.00782364 0.999966 0.0585375 0.340362 0.0218857
FixedParameters: 0 0 0

#Transform 106
Transform: AffineTransform_float_3_3
Parameters: 0.999995 -0.00253362 0.00188646 0.00251831 0.999962 0.00830966 -0.00190815 -0.00830434 0.999964 0.0902027 0.353404 -0.0426944
FixedParameters: 0 0 0

#Transform 107
Transform: AffineTransform_float_3_3
Parameters: 0.999995 -0.00245549 0.00229679 0.00243687 0.999963 0.0083213 -0.00231654 -0.0083157 0.999962 0.0709489 0.354546 -0.0338463
FixedParameters: 0 0 0

#Transform 108
Transform: AffineTransform_float_3_3
Parameters: 0.999995 -0.00246704 0.00226699 0.00244979 0.999967 0.00766977 -0.00228612 -0.00766423 0.999968 0.0511549 0.336201 0.0203465
FixedParameters: 0 0 0

#Transform 109
Transform: AffineTransform_float_3_3
Parameters: 0.999993 -0.00285801 0.00214608 0.00284321 0.99997 0.00728445 -0.00216639 -0.00727856 0.999971 0.0802435 0.329623 0.00146134
FixedParameters: 0 0 0

#Transform 110
Transform: AffineTransform_float_3_3
Parameters: 0.999994 -0.00277964 0.00238745 0.00276121 0.999968 0.00758209 -0.00240772 -0.0075759 0.999968 0.0624599 0.336119 0.0401158
FixedParameters: 0 0 0

#Transform 111
Transform: AffineTransform_float_3_3
Parameters: 0.999994 -0.00239094 0.00222823 0.00237448 0.999969 0.00754035 -0.00224649 -0.00753465 0.999969 0.0701383 0.330471 0.0411452
FixedParameters: 0 0 0

#Transform 112
Transform: AffineTransform_float_3_3
Parameters: 0.999995 -0.00250059 0.00196383 0.00248687 0.99997 0.00729079 -0.00198266 -0.00728521 0.999971 0.0696308 0.31966 0.0489344
FixedParameters: 0 0 0

#Transform 113
Transform: AffineTransform_float_3_3
Parameters: 0.999994 -0.00275895 0.00220256 0.00274227 0.999968 0.0075239 -0.00222273 -0.0075181 0.99997 0.093553 0.333624 -0.0058086
FixedParameters: 0 0 0

#Transform 114
Transform: AffineTransform_float_3_3
Parameters: 0.999994 -0.0024014 0.0022948 0.00238352 0.999968 0.00771517 -0.00231312 -0.00770983 0.999967 0.0674532 0.323334 0.0325412
FixedParameters: 0 0 0

#Transform 115
Transform: AffineTransform_float_3_3
Parameters: 0.999997 -0.00216652 0.000989202 0.00215623 0.999943 0.0104871 -0.00101191 -0.0104849 0.999944 0.0744343 0.369503 0.135184
FixedParameters: 0 0 0

#Transform 116
Transform: AffineTransform_float_3_3
Parameters: 0.999996 -0.00231262 0.00156103 0.0022985 0.99996 0.0086547 -0.0015804 -0.00865031 0.999961 0.0836207 0.350025 0.0816281
FixedParameters: 0 0 0

#Transform 117
Transform: AffineTransform_float_3_3
Parameters: 0.999997 -0.00208574 0.00163564 0.00207378 0.999972 0.00717964 -0.00165088 -0.00717635 0.999973 0.0235914 0.318977 0.0947586
FixedParameters: 0 0 0

#Transform 118
Transform: AffineTransform_float_3_3
Parameters: 0.999997 -0.00144343 0.00227405 0.00142817 0.999977 0.00665501 -0.00228326 -0.00665199 0.999975 0.0147732 0.317175 0.0824914
FixedParameters: 0 0 0

#Transform 119
Transform: AffineTransform_float_3_3
Parameters: 0.999995 -0.00239326 0.00198945 0.00237864 0.999973 0.00699679 -0.00200676 -0.00699221 0.999974 0.0717876 0.334969 -0.0243631
FixedParameters: 0 0 0

#Transform 120
Transform: AffineTransform_float_3_3
Parameters: 0.999996 -0.00246896 0.00180758 0.00245636 0.999973 0.00699634 -0.00182465 -0.00699166 0.999974 0.0774112 0.33743 -0.0220194
FixedParameters: 0 0 0

#Transform 121
Transform: AffineTransform_float_3_3
Parameters: 0.999996 -0.0023133 0.00196188 0.00230044 0.999976 0.00655457 -0.00197697 -0.00655044 0.999977 0.0652167 0.321174 -0.0227201
FixedParameters: 0 0 0

#Transform 122
Transform: AffineTransform_float_3_3
Parameters: 0.999995 -0.00235695 0.00175253 0.00234541 0.999978 0.00621536 -0.00176766 -0.00621063 0.999979 0.0861299 0.320536 -0.0502215
FixedParameters: 0 0 0

#Transform 123
Transform: AffineTransform_float_3_3
Parameters: 0.999996 -0.00248213 0.00139804 0.00247317 0.999977 0.0063422 -0.00141367 -0.0063388 0.999979 0.0853295 0.317204 -0.0598408
FixedParameters: 0 0 0

#Transform 124
Transform: AffineTransform_float_3_3
Parameters: 0.999995 -0.00253567 0.00200494 0.00252559 0.999983 0.00520711 -0.0020185 -0.00520189 0.999985 0.0613991 0.297938 -0.0264484
FixedParameters: 0 0 0

#Transform 125
Transform: AffineTransform_float_3_3
Parameters: 0.999996 -0.00256574 0.00126464 0.00255788 0.999982 0.00539661 -0.00127848 -0.00539439 0.999984 0.0768672 0.306768 -0.0102379
FixedParameters: 0 0 0

#Transform 126
Transform: AffineTransform_float_3_3
Parameters: 0.999996 -0.00276799 0.00135099 0.00276158 0.999985 0.00486211 -0.00136445 -0.00485889 0.999988 0.0924356 0.281128 -0.0107791
FixedParameters: 0 0 0

#Transform 127
Transform: AffineTransform_float_3_3
Parameters: 0.999995 -0.00268015 0.00175722 0.00267234 0.999986 0.00466123 -0.00176952 -0.00465677 0.999988 0.0394724 0.290062 0.0227694
FixedParameters: 0 0 0

#Transform 128
Transform: AffineTransform_float_3_3
Parameters: 0.999996 -0.0025308 0.00165319 0.00252238 0.999986 0.0047407 -0.00166503 -0.0047373 0.999987 0.0476283 0.289364 -0.026936
FixedParameters: 0 0 0

#Transform 129
Transform: AffineTransform_float_3_3
Parameters: 0.999995 -0.00259062 0.00193578 0.00258033 0.999983 0.00520689 -0.00194953 -0.00520111 0.999984 0.072923 0.295043 -0.117035
FixedParameters: 0 0 0

#Transform 130
Transform: AffineTransform_float_3_3
Parameters: 0.999993 -0.00274591 0.00250499 0.00273349 0.999983 0.00515669 -0.0025194 -0.0051493 0.999983 0.0643893 0.30829 -0.070532
FixedParameters: 0 0 0

#Transform 131
Transform: AffineTransform_float_3_3
Parameters: 0.999994 -0.00284437 0.00226883 0.00283364 0.999984 0.00483291 -0.00228256 -0.00482709 0.999986 0.066962 0.297501 -0.0421704
FixedParameters: 0 0 0

#Transform 132
Transform: AffineTransform_float_3_3
Parameters: 0.999994 -0.00246396 0.00210868 0.00245332 0.999984 0.00508386 -0.00212089 -0.00507914 0.999985 0.0752389 0.302274 -0.0932074
FixedParameters: 0 0 0

#Transform 133
Transform: AffineTransform_float_3_3
Parameters: 0.999993 -0.00271031 0.00259048 0.00269681 0.999983 0.00527184 -0.00260421 -0.00526417 0.999983 0.0601672 0.312448 -0.0429932
FixedParameters: 0 0 0

#Transform 134
Transform: AffineTransform_float_3_3
Parameters: 0.999994 -0.00269153 0.0018129 0.00268315 0.999985 0.00467539 -0.00182538 -0.0046706 0.999987 0.0586764 0.279042 -0.0395868
FixedParameters: 0 0 0

#Transform 135
Transform: AffineTransform_float_3_3
Parameters: 0.999994 -0.00319446 0.00143271 0.00318812 0.999987 0.00410307 -0.001446 -0.00409892 0.99999 0.0759182 0.316238 -0.163549
FixedParameters: 0 0 0

#Transform 136
Transform: AffineTransform_float_3_3
Parameters: 0.999994 -0.00312299 0.00186834 0.00311333 0.999981 0.00539685 -0.00188474 -0.00539016 0.999984 0.0462883 0.302357 0.0196989
FixedParameters: 0 0 0

#Transform 137
Transform: AffineTransform_float_3_3
Parameters: 0.999997 -0.00254359 0.000934028 0.00253835 0.999983 0.00520431 -0.000947192 -0.00520169 0.999987 0.0838364 0.325429 -0.0839245
FixedParameters: 0 0 0

#Transform 138
Transform: AffineTransform_float_3_3
Parameters: 0.999996 -0.00252309 0.00162222 0.00251543 0.999987 0.00459982 -0.00163328 -0.00459519 0.999988 0.0752338 0.30559 -0.0863792
FixedParameters: 0 0 0

#Transform 139
Transform: AffineTransform_float_3_3
Parameters: 0.999995 -0.00252366 0.0015402 0.00251717 0.999988 0.00421361 -0.00155116 -0.00420939 0.99999 0.0621704 0.295616 -0.118788
FixedParameters: 0 0 0

#Transform 140
Transform: AffineTransform_float_3_3
Parameters: 0.999997 -0.00202124 0.00155432 0.00201348 0.999988 0.00446137 -0.00156297 -0.00445863 0.999989 0.0611264 0.314318 -0.197621
FixedParameters: 0 0 0

#Transform 141
Transform: AffineTransform_float_3_3
Parameters: 0.999995 -0.00256985 0.00138383 0.00256444 0.999986 0.00457829 -0.00139522 -0.00457472 0.999989 0.086406 0.336418 -0.20425
FixedParameters: 0 0 0

#Transform 142
Transform: AffineTransform_float_3_3
Parameters: 0.999996 -0.00245966 0.00183511 0.00245257 0.999988 0.00431039 -0.00184587 -0.00430562 0.999989 0.0712376 0.316532 -0.170371
FixedParameters: 0 0 0

#Transform 143
Transform: AffineTransform_float_3_3
Parameters: 0.999995 -0.00266358 0.00134878 0.0026581 0.999988 0.00409396 -0.0013599 -0.00409104 0.999991 0.0742668 0.296012 -0.117164
FixedParameters: 0 0 0

#Transform 144
Transform: AffineTransform_float_3_3
Parameters: 0.999995 -0.0027257 0.00146695 0.00271919 0.999988 0.00411672 -0.0014787 -0.00411228 0.999991 0.0811286 0.319865 -0.167126
FixedParameters: 0 0 0

#Transform 145
Transform: AffineTransform_float_3_3
Parameters: 0.999995 -0.00294323 0.00153561 0.0029365 0.999984 0.00467989 -0.00155009 -0.00467511 0.999988 0.0727127 0.313251 -0.175748
FixedParameters: 0 0 0

#Transform 146
Transform: AffineTransform_float_3_3
Parameters: 0.999995 -0.00269287 0.00178012 0.00268564 0.999989 0.00396631 -0.00179026 -0.00396169 0.999991 0.075511 0.302386 -0.150716
FixedParameters: 0 0 0

#Transform 147
Transform: AffineTransform_float_3_3
Parameters: 0.999995 -0.00267582 0.00129902 0.00266968 0.999988 0.00430169 -0.00131004 -0.00429831 0.99999 0.0966398 0.31756 -0.225427
FixedParameters: 0 0 0

#Transform 148
Transform: AffineTransform_float_3_3
Parameters: 0.999996 -0.00245156 0.00183299 0.00244463 0.999989 0.00391437 -0.00184227 -0.00390963 0.999991 0.0839682 0.312784 -0.146972
FixedParameters: 0 0 0

#Transform 149
Transform: AffineTransform_float_3_3
Parameters: 0.999996 -0.00282537 0.00118809 0.00281928 0.999983 0.00500057 -0.0012025 -0.00499742 0.999986 0.06084 0.310125 -0.0354873
FixedParameters: 0 0 0

#Transform 150
Transform: AffineTransform_float_3_3
Parameters: 0.999995 -0.00286332 0.00169498 0.00285601 0.999986 0.00441622 -0.0017072 -0.00441078 0.999989 0.0807888 0.298358 -0.149659
FixedParameters: 0 0 0

#Transform 151
Transform: AffineTransform_float_3_3
Parameters: 0.999994 -0.00293263 0.00174965 0.00292482 0.999985 0.00453029 -0.00176222 -0.00452571 0.999988 0.0817404 0.319991 -0.161485
FixedParameters: 0 0 0

#Transform 152
Transform: AffineTransform_float_3_3
Parameters: 0.999994 -0.00299056 0.0018622 0.00298217 0.999986 0.00441273 -0.00187459 -0.00440727 0.999989 0.0733797 0.321745 -0.117626
FixedParameters: 0 0 0

#Transform 153
Transform: AffineTransform_float_3_3
Parameters: 0.999995 -0.00311991 0.00130282 0.00311431 0.999987 0.00408192 -0.00131629 -0.00407807 0.999991 0.0815881 0.314966 -0.13073
FixedParameters: 0 0 0

#Transform 154
Transform: AffineTransform_float_3_3
Parameters: 0.999994 -0.0029509 0.00170611 0.00294327 0.999985 0.00459356 -0.00171923 -0.00458845 0.999988 0.0993836 0.33083 -0.174029
FixedParameters: 0 0 0

#Transform 155
Transform: AffineTransform_float_3_3
Parameters: 0.999993 -0.00308439 0.00206026 0.00307486 0.999985 0.00458351 -0.002074 -0.00457649 0.999987 0.0818697 0.326276 -0.122948
FixedParameters: 0 0 0

#Transform 156
Transform: AffineTransform_float_3_3
Parameters: 0.999995 -0.003037 0.00150222 0.00302545 0.999969 0.00734958 -0.00152414 -0.00734542 0.999972 0.0748882 0.372791 -0.0659872
FixedParameters: 0 0 0

#Transform 157
Transform: AffineTransform_float_3_3
Parameters: 0.999994 -0.00295732 0.00169498 0.00294287 0.999961 0.00836219 -0.00171878 -0.00835782 0.999964 0.0914741 0.391313 -0.0888026
FixedParameters: 0 0 0

#Transform 158
Transform: AffineTransform_float_3_3
Parameters: 0.999994 -0.0029564 0.00169657 0.002943 0.999965 0.00782339 -0.00171903 -0.00781761 0.999968 0.083499 0.378629 -0.101225
FixedParameters: 0 0 0

#Transform 159
Transform: AffineTransform_float_3_3
Parameters: 0.999993 -0.00309904 0.00176093 0.00308783 0.999974 0.00648547 -0.00178104 -0.00647952 0.999977 0.0752253 0.37576 -0.076296
FixedParameters: 0 0 0

#Transform 160
Transform: AffineTransform_float_3_3
Parameters: 0.999994 -0.00295449 0.00169989 0.00294334 0.999973 0.0067004 -0.00171939 -0.00669461 0.999976 0.112313 0.363657 -0.134162
FixedParameters: 0 0 0

#Transform 161
Transform: AffineTransform_float_3_3
Parameters: 0.999995 -0.00312775 0.00128401 0.00311937 0.999973 0.00655925 -0.00130472 -0.00655476 0.999978 0.0906577 0.367734 -0.122516
FixedParameters: 0 0 0

#Transform 162
Transform: AffineTransform_float_3_3
Parameters: 0.99999 -0.00431303 0.00122156 0.00430469 0.99997 0.00647242 -0.00124906 -0.00646758 0.999978 0.127967 0.345294 -0.0752142
FixedParameters: 0 0 0

#Transform 163
Transform: AffineTransform_float_3_3
Parameters: 0.999992 -0.00369182 0.00139159 0.0036832 0.999974 0.00622814 -0.0014141 -0.00622285 0.999979 0.12209 0.341657 -0.181183
FixedParameters: 0 0 0

#Transform 164
Transform: AffineTransform_float_3_3
Parameters: 0.999992 -0.00349358 0.00220709 0.00347937 0.999975 0.00623832 -0.00222912 -0.00623069 0.999979 0.100923 0.368196 -0.14155
FixedParameters: 0 0 0

#Transform 165
Transform: AffineTransform_float_3_3
Parameters: 0.999992 -0.00360444 0.0018605 0.00359366 0.999976 0.005881 -0.00188149 -0.00587399 0.999981 0.101173 0.350567 -0.114347
FixedParameters: 0 0 0

#Transform 166
Transform: AffineTransform_float_3_3
Parameters: 0.999992 -0.00355584 0.00171754 0.00354477 0.999975 0.00618426 -0.00173972 -0.00617774 0.999979 0.119289 0.353062 -0.168591
FixedParameters: 0 0 0

#Transform 167
Transform: AffineTransform_float_3_3
Parameters: 0.999992 -0.0035025 0.00155713 0.003493 0.999974 0.00631497 -0.00157958 -0.00630903 0.999979 0.0952973 0.368025 -0.127261
FixedParameters: 0 0 0

#Transform 168
Transform: AffineTransform_float_3_3
Parameters: 0.999992 -0.00347114 0.00192033 0.00345925 0.999977 0.00598897 -0.0019405 -0.00598204 0.99998 0.105943 0.35185 -0.121654
FixedParameters: 0 0 0

#Transform 169
Transform: AffineTransform_float_3_3
Parameters: 0.999993 -0.00321642 0.00155477 0.00320655 0.999973 0.00661287 -0.00157684 -0.00660713 0.999977 0.123426 0.352689 -0.21028
FixedParameters: 0 0 0

#Transform 170
Transform: AffineTransform_float_3_3
Parameters: 0.999993 -0.00327586 0.00210063 0.00326251 0.999974 0.00635284 -0.00212069 -0.00634615 0.999977 0.112898 0.36435 -0.178053
FixedParameters: 0 0 0

#Transform 171
Transform: AffineTransform_float_3_3
Parameters: 0.999992 -0.00336913 0.00216444 0.0033564 0.999978 0.00584474 -0.00218412 -0.00583726 0.99998 0.10077 0.342966 -0.140092
FixedParameters: 0 0 0

#Transform 172
Transform: AffineTransform_float_3_3
Parameters: 0.999994 -0.00309358 0.00156101 0.00308272 0.999974 0.00661085 -0.00158104 -0.00660616 0.999977 0.126586 0.35539 -0.168113
FixedParameters: 0 0 0

#Transform 173
Transform: AffineTransform_float_3_3
Parameters: 0.999995 -0.00263766 0.0020094 0.00261553 0.999937 0.0108952 -0.00203792 -0.0108888 0.999939 0.11496 0.395143 0.098806
FixedParameters: 0 0 0

#Transform 174
Transform: AffineTransform_float_3_3
Parameters: 0.999994 -0.0030862 0.00110412 0.00307593 0.999946 0.00994014 -0.00113459 -0.00993686 0.99995 0.122074 0.417997 0.0940625
FixedParameters: 0 0 0

#Transform 175
Transform: AffineTransform_float_3_3
Parameters: 0.999994 -0.00311461 0.00179029 0.00309588 0.999944 0.0101036 -0.00182145 -0.0100974 0.999947 0.127987 0.436319 -0.0238366
FixedParameters: 0 0 0

#Transform 176
Transform: AffineTransform_float_3_3
Parameters: 0.999992 -0.00338036 0.00178834 0.00336322 0.999945 0.00988387 -0.00182156 -0.00987813 0.99995 0.105806 0.433548 -0.0565146
FixedParameters: 0 0 0

#Transform 177
Transform: AffineTransform_float_3_3
Parameters: 0.999992 -0.00338332 0.00177974 0.00336832 0.99996 0.00832969 -0.0018086 -0.00832331 0.999964 0.0976092 0.401255 -0.0223061
FixedParameters: 0 0 0

#Transform 178
Transform: AffineTransform_float_3_3
Parameters: 0.999992 -0.00363909 0.00165371 0.00362523 0.999959 0.00817633 -0.00168402 -0.00817065 0.999965 0.117472 0.399755 -0.0864774
FixedParameters: 0 0 0

#Transform 179
Transform: AffineTransform_float_3_3
Parameters: 0.999992 -0.00364261 0.00165803 0.00362961 0.999965 0.0075162 -0.00168413 -0.0075098 0.99997 0.107801 0.382149 -0.00654285
FixedParameters: 0 0 0
