# transform file /out/sourcedata/freesurfer/sub-v1s10x0051130_ses-1/mri/transforms/cc_up.lta
# created by oesteban on Thu Mar 12 11:08:21 2026

type      = 0 # LINEAR_VOX_TO_VOX
nxforms   = 1
mean      = 132.0000 138.0000 110.0000
sigma     = 10000.0000
1 4 4
9.954278469085693e-01 8.704155683517456e-02 3.933719545602798e-02 -1.972289085388184e+01 
-8.697366714477539e-02 9.962047934532166e-01 -3.437014995142817e-03 2.136627960205078e+01 
-3.948706015944481e-02 0.000000000000000e+00 9.992201924324036e-01 3.233055114746094e+01 
0.000000000000000e+00 0.000000000000000e+00 0.000000000000000e+00 1.000000000000000e+00 
src volume info
valid = 1  # volume info valid
filename = /out/sourcedata/freesurfer/sub-v1s10x0051130_ses-1/mri/norm.mgz
volume = 256 256 256
voxelsize = 1.000000000000000e+00 1.000000000000000e+00 1.000000000000000e+00
xras   = -1.000000000000000e+00 0.000000000000000e+00 0.000000000000000e+00
yras   = 0.000000000000000e+00 0.000000000000000e+00 -1.000000000000000e+00
zras   = 0.000000000000000e+00 1.000000000000000e+00 0.000000000000000e+00
cras   = -2.949821472167969e+00 -4.457855224609375e-01 -5.506027221679688e+00
dst volume info
valid = 1  # volume info valid
filename = /out/sourcedata/freesurfer/sub-v1s10x0051130_ses-1/mri/norm.mgz
volume = 256 256 256
voxelsize = 1.000000000000000e+00 1.000000000000000e+00 1.000000000000000e+00
xras   = -1.000000000000000e+00 0.000000000000000e+00 0.000000000000000e+00
yras   = 0.000000000000000e+00 0.000000000000000e+00 -1.000000000000000e+00
zras   = 0.000000000000000e+00 1.000000000000000e+00 0.000000000000000e+00
cras   = -2.949821472167969e+00 -4.457855224609375e-01 -5.506027221679688e+00
