# transform file transforms/talairach.lta
# created by oesteban on Thu Mar 12 06:01:35 2026

type      = 0 # LINEAR_VOX_TO_VOX
nxforms   = 1
mean      = 137.0000 121.0000 111.0000
sigma     = 10000.0000
1 4 4
1.143146872520447e+00 9.091972559690475e-02 -1.089194640517235e-01 -2.853318023681641e+01 
-5.154300853610039e-02 1.193984389305115e+00 3.691977858543396e-01 -5.458258056640625e+01 
1.527434289455414e-01 -2.925730049610138e-01 9.658019542694092e-01 1.666856384277344e+01 
0.000000000000000e+00 0.000000000000000e+00 0.000000000000000e+00 1.000000000000000e+00 
src volume info
valid = 1  # volume info valid
filename = nu.mgz
volume = 256 256 256
voxelsize = 1.000000000000000e+00 1.000000000000000e+00 1.000000000000000e+00
xras   = -1.000000000000000e+00 0.000000000000000e+00 0.000000000000000e+00
yras   = 0.000000000000000e+00 0.000000000000000e+00 -1.000000000000000e+00
zras   = 0.000000000000000e+00 1.000000000000000e+00 0.000000000000000e+00
cras   = 6.651229858398438e-01 1.000000000000000e+00 1.000000000000000e+00
dst volume info
valid = 1  # volume info valid
filename = /opt/freesurfer/average/RB_all_2020-01-02.gca
volume = 256 256 256
voxelsize = 1.000000000000000e+00 1.000000000000000e+00 1.000000000000000e+00
xras   = -1.000000000000000e+00 0.000000000000000e+00 0.000000000000000e+00
yras   = 0.000000000000000e+00 0.000000000000000e+00 -1.000000000000000e+00
zras   = 0.000000000000000e+00 1.000000000000000e+00 0.000000000000000e+00
cras   = 0.000000000000000e+00 0.000000000000000e+00 0.000000000000000e+00
