#Insight Transform File V1.0
#Transform 0
Transform: AffineTransform_float_3_3
Parameters: 1 -0.00031937 0.000243156 0.000319418 1 -9.79224e-05 -0.000243093 9.80777e-05 1 -0.0495672 -0.180089 -0.290226
FixedParameters: 0 0 0

#Transform 1
Transform: AffineTransform_float_3_3
Parameters: 0.999999 0.000872849 -8.57119e-05 -0.000872818 1 0.000180922 8.6027e-05 -0.000180078 1 0.00713441 0.018628 0.00245159
FixedParameters: 0 0 0

#Transform 2
Transform: AffineTransform_float_3_3
Parameters: 1 0.00097846 0.000182916 -0.000979244 0.999999 -0.000374332 -0.000183258 0.000374668 0.999999 -0.0239765 0.0449021 -0.00634965
FixedParameters: 0 0 0

#Transform 3
Transform: AffineTransform_float_3_3
Parameters: 1 0.00105211 0.000229342 -0.0010526 0.999999 0.000228759 -0.000229781 -0.000229242 1 -0.0211364 0.0710085 -0.0451819
FixedParameters: 0 0 0

#Transform 4
Transform: AffineTransform_float_3_3
Parameters: 1 0.000996575 -0.000431643 -0.000996119 0.999999 0.000979071 0.000432674 -0.000978929 0.999999 -0.000601948 0.0409736 -0.0842386
FixedParameters: 0 0 0

#Transform 5
Transform: AffineTransform_float_3_3
Parameters: 0.999999 0.000917054 3.17013e-05 -0.000917483 1 0.000604612 -3.1512e-05 -0.000605389 1 -0.012914 0.0413619 -0.0743026
FixedParameters: 0 0 0

#Transform 6
Transform: AffineTransform_float_3_3
Parameters: 0.999999 0.000762362 -0.000333329 -0.000762324 0.999999 5.82543e-05 0.000333417 -5.7746e-05 1 -0.00373734 0.0558438 -0.0260886
FixedParameters: 0 0 0

#Transform 7
Transform: AffineTransform_float_3_3
Parameters: 0.999999 0.000651868 -0.000557918 -0.000651678 0.999999 0.000170516 0.00055814 -0.000170484 1 0.00460818 0.0302147 0.0174295
FixedParameters: 0 0 0

#Transform 8
Transform: AffineTransform_float_3_3
Parameters: 0.999999 0.000640921 -0.000342959 -0.000641174 0.999999 -0.000369627 0.000342486 0.000369372 1 0.00782594 0.04444 0.00498327
FixedParameters: 0 0 0

#Transform 9
Transform: AffineTransform_float_3_3
Parameters: 1 0.000592761 0.000243043 -0.00059296 0.999998 -0.00148214 -0.000244409 0.00148185 0.999999 -0.0336514 0.0457337 0.109352
FixedParameters: 0 0 0

#Transform 10
Transform: AffineTransform_float_3_3
Parameters: 1 0.000172209 -8.31034e-05 -0.000172391 1 -0.00109799 8.27251e-05 0.00109802 1 -0.00497002 0.0464535 0.0481359
FixedParameters: 0 0 0

#Transform 11
Transform: AffineTransform_float_3_3
Parameters: 1 -0.000363651 0.000589456 0.000362234 0.999997 0.00264437 -0.000589926 -0.00264464 0.999997 -0.0299219 0.0889806 0.209955
FixedParameters: 0 0 0

#Transform 12
Transform: AffineTransform_float_3_3
Parameters: 0.999999 -0.000162275 -0.000880997 0.00016488 0.999994 0.00326922 0.000880179 -0.00326878 0.999994 0.066978 0.07714 0.16094
FixedParameters: 0 0 0

#Transform 13
Transform: AffineTransform_float_3_3
Parameters: 0.999999 0.000141465 -0.000707709 -0.000141153 1 -0.0004299 0.000707197 0.0004301 0.999999 0.0152107 0.0422792 0.117305
FixedParameters: 0 0 0

#Transform 14
Transform: AffineTransform_float_3_3
Parameters: 1 -0.000156175 -6.83691e-05 0.000156124 1 -0.000371011 6.8485e-05 0.000370989 1 -0.021263 0.0409723 0.08408
FixedParameters: 0 0 0

#Transform 15
Transform: AffineTransform_float_3_3
Parameters: 0.999999 -0.000159108 0.000953343 0.000157781 1 0.00117815 -0.000954107 -0.00117785 0.999999 -0.0423062 0.0721546 0.143929
FixedParameters: 0 0 0

#Transform 16
Transform: AffineTransform_float_3_3
Parameters: 1 -0.000220738 0.000553725 0.000219697 0.999999 0.00129312 -0.000553374 -0.00129288 0.999999 -0.0264175 0.066739 0.132758
FixedParameters: 0 0 0

#Transform 17
Transform: AffineTransform_float_3_3
Parameters: 0.999999 -0.000415817 0.000818035 0.000414728 1 0.00066498 -0.000818587 -0.00066502 0.999999 -0.0346271 0.0630447 0.111368
FixedParameters: 0 0 0

#Transform 18
Transform: AffineTransform_float_3_3
Parameters: 1 -0.000177823 3.39435e-05 0.000177732 0.999999 0.00133201 -3.44171e-05 -0.00133199 0.999999 -0.0197732 0.0491419 0.0310644
FixedParameters: 0 0 0

#Transform 19
Transform: AffineTransform_float_3_3
Parameters: 1 -0.000277271 0.000417158 0.000276587 0.999999 0.000819115 -0.000417611 -0.000818884 0.999999 -0.0141944 0.0476558 -0.010878
FixedParameters: 0 0 0

#Transform 20
Transform: AffineTransform_float_3_3
Parameters: 1 -3.89801e-05 -0.000269092 3.82037e-05 0.999999 0.000995349 0.000268486 -0.000994651 1 -0.00684357 0.0575127 -0.0429873
FixedParameters: 0 0 0

#Transform 21
Transform: AffineTransform_float_3_3
Parameters: 1 -0.00012621 -0.000364653 0.000126787 0.999999 0.000790953 0.000364453 -0.000791045 0.999999 0.0130654 0.0594255 -0.111494
FixedParameters: 0 0 0

#Transform 22
Transform: AffineTransform_float_3_3
Parameters: 1 -0.000345549 8.67456e-05 0.000345467 1 0.00047503 -8.70738e-05 -0.00047497 1 -0.0074353 0.0583085 -0.0234802
FixedParameters: 0 0 0

#Transform 23
Transform: AffineTransform_float_3_3
Parameters: 1 -0.000105442 -0.00051691 0.000105268 1 -0.000169054 0.000516945 0.000168945 1 0.0269166 0.0168892 -0.163903
FixedParameters: 0 0 0

#Transform 24
Transform: AffineTransform_float_3_3
Parameters: 1 7.84631e-05 -0.000414488 -7.84306e-05 1 0.000511032 0.000413648 -0.000510967 1 0.0112198 0.0565434 -0.0604044
FixedParameters: 0 0 0

#Transform 25
Transform: AffineTransform_float_3_3
Parameters: 0.999999 5.43069e-05 -0.000889643 -5.33576e-05 0.999999 0.00075356 0.000888803 -0.00075344 1 0.0423292 0.0579931 -0.0884714
FixedParameters: 0 0 0

#Transform 26
Transform: AffineTransform_float_3_3
Parameters: 1 -0.000145629 -0.000607336 0.000146128 1 0.000410911 0.000607216 -0.000411088 0.999999 0.0217834 0.0667776 -0.0440435
FixedParameters: 0 0 0

#Transform 27
Transform: AffineTransform_float_3_3
Parameters: 1 0.000126508 -0.00107241 -0.00012634 0.999999 0.000507288 0.00107293 -0.000507712 0.999999 0.0389135 0.0516921 -0.069954
FixedParameters: 0 0 0

#Transform 28
Transform: AffineTransform_float_3_3
Parameters: 0.999999 0.000283177 -0.000764891 -0.00028346 0.999999 -0.000786783 0.000764055 0.000787216 0.999999 0.0333728 0.0444827 -0.10679
FixedParameters: 0 0 0

#Transform 29
Transform: AffineTransform_float_3_3
Parameters: 1 0.000257246 -0.000643448 -0.000257999 0.999998 -0.00160383 0.000643152 0.00160416 0.999998 0.0291011 0.0497838 -0.0927198
FixedParameters: 0 0 0

#Transform 30
Transform: AffineTransform_float_3_3
Parameters: 0.999999 0.000194216 -0.000895926 -0.000195675 0.999999 -0.00154582 0.000895853 0.00154617 0.999998 0.0373638 0.0424839 -0.0868797
FixedParameters: 0 0 0

#Transform 31
Transform: AffineTransform_float_3_3
Parameters: 1 4.542e-05 -0.000518308 -4.60153e-05 0.999999 -0.00146298 0.000517783 0.00146302 0.999999 0.0188269 0.0498117 -0.075388
FixedParameters: 0 0 0

#Transform 32
Transform: AffineTransform_float_3_3
Parameters: 0.999999 0.00024914 -0.000729029 -0.000250281 0.999999 -0.00141466 0.000727932 0.00141433 0.999999 0.0361679 0.0525347 -0.0891127
FixedParameters: 0 0 0

#Transform 33
Transform: AffineTransform_float_3_3
Parameters: 0.999999 0.000187581 -0.000931314 -0.000189686 0.999999 -0.00183382 0.000931152 0.00183418 0.999998 0.04407 0.0472667 -0.147982
FixedParameters: 0 0 0

#Transform 34
Transform: AffineTransform_float_3_3
Parameters: 1 0.000143449 -0.0011275 -0.000145366 0.999999 -0.00143168 0.00112762 0.00143131 0.999998 0.0388073 0.0355035 -0.129254
FixedParameters: 0 0 0

#Transform 35
Transform: AffineTransform_float_3_3
Parameters: 0.999998 0.000155088 -0.00162951 -0.000157687 0.999998 -0.00176544 0.00162871 0.00176456 0.999997 0.0623043 0.0245772 -0.240283
FixedParameters: 0 0 0

#Transform 36
Transform: AffineTransform_float_3_3
Parameters: 1 0.000225028 -0.00107471 -0.000227419 0.999998 -0.00215161 0.00107388 0.0021514 0.999998 0.0449602 0.0464049 -0.178597
FixedParameters: 0 0 0

#Transform 37
Transform: AffineTransform_float_3_3
Parameters: 0.999999 0.000164977 -0.00134578 -0.0001671 0.999998 -0.00196026 0.00134487 0.00196074 0.999998 0.0424179 0.0489389 -0.12986
FixedParameters: 0 0 0

#Transform 38
Transform: AffineTransform_float_3_3
Parameters: 0.999999 0.000369824 -0.000855786 -0.000371688 0.999998 -0.00185568 0.000854939 0.00185632 0.999998 0.011677 0.0565937 -0.121103
FixedParameters: 0 0 0

#Transform 39
Transform: AffineTransform_float_3_3
Parameters: 0.999999 0.000125036 -0.00131057 -0.000128275 0.999997 -0.00243847 0.0013097 0.00243953 0.999996 0.0384199 0.0336015 -0.206824
FixedParameters: 0 0 0

#Transform 40
Transform: AffineTransform_float_3_3
Parameters: 0.999999 0.000408183 -0.000698722 -0.000410109 0.999997 -0.00259756 0.000698047 0.00259744 0.999997 0.0300895 0.0331704 -0.168023
FixedParameters: 0 0 0

#Transform 41
Transform: AffineTransform_float_3_3
Parameters: 1 -4.89695e-05 -0.00114045 4.59361e-05 0.999998 -0.00230805 0.00114081 0.00230795 0.999996 0.0671088 0.0488063 -0.141211
FixedParameters: 0 0 0

#Transform 42
Transform: AffineTransform_float_3_3
Parameters: 1 -8.6861e-05 -0.000465304 8.58592e-05 0.999997 -0.00248304 0.000466263 0.00248296 0.999997 0.0192649 0.0469985 -0.0906995
FixedParameters: 0 0 0

#Transform 43
Transform: AffineTransform_float_3_3
Parameters: 0.999999 0.000103859 -0.000802461 -0.000105885 0.999997 -0.00265376 0.000802044 0.00265324 0.999997 0.0193467 0.0443147 -0.0672237
FixedParameters: 0 0 0

#Transform 44
Transform: AffineTransform_float_3_3
Parameters: 1 0.00013235 -0.000407844 -0.000133093 0.999997 -0.00251894 0.000407705 0.00251905 0.999996 0.00122742 0.0487275 -0.0246527
FixedParameters: 0 0 0

#Transform 45
Transform: AffineTransform_float_3_3
Parameters: 0.999999 0.000181929 -0.000708673 -0.000183681 0.999996 -0.00281187 0.000707784 0.00281213 0.999996 0.0187935 0.0516766 -0.103256
FixedParameters: 0 0 0

#Transform 46
Transform: AffineTransform_float_3_3
Parameters: 1 0.000143074 -0.000575693 -0.000145065 0.999996 -0.00286892 0.000575396 0.00286908 0.999995 0.00862625 0.0620117 -0.0841389
FixedParameters: 0 0 0

#Transform 47
Transform: AffineTransform_float_3_3
Parameters: 0.999999 0.000495007 -0.000594637 -0.000496672 0.999996 -0.0028337 0.000593276 0.00283429 0.999996 0.0207205 0.0597541 -0.104234
FixedParameters: 0 0 0

#Transform 48
Transform: AffineTransform_float_3_3
Parameters: 1 9.37794e-05 -0.000235895 -9.41768e-05 0.999996 -0.00279898 0.000234978 0.00279902 0.999996 0.000844186 0.0533469 -0.0968066
FixedParameters: 0 0 0

#Transform 49
Transform: AffineTransform_float_3_3
Parameters: 0.999999 3.11162e-05 -0.000746319 -3.31402e-05 0.999996 -0.00259062 0.000745371 0.00259138 0.999997 0.0369656 0.0438318 -0.133534
FixedParameters: 0 0 0

#Transform 50
Transform: AffineTransform_float_3_3
Parameters: 1 0.000141963 -0.0006408 -0.000144005 0.999994 -0.00363891 0.000640819 0.00363909 0.999993 0.0303571 0.0257824 -0.198957
FixedParameters: 0 0 0

#Transform 51
Transform: AffineTransform_float_3_3
Parameters: 1 5.56811e-05 -0.000603746 -5.76204e-05 0.999994 -0.00345497 0.000603494 0.00345503 0.999994 0.0196979 0.0316313 -0.190336
FixedParameters: 0 0 0

#Transform 52
Transform: AffineTransform_float_3_3
Parameters: 1 7.71682e-05 -0.000314883 -7.85083e-05 0.999993 -0.00359497 0.000313932 0.00359502 0.999993 0.0148814 0.0291151 -0.134033
FixedParameters: 0 0 0

#Transform 53
Transform: AffineTransform_float_3_3
Parameters: 1 0.00019212 -0.000662588 -0.000194181 0.999991 -0.00423187 0.000661622 0.00423213 0.999991 0.0376584 0.00966567 -0.279714
FixedParameters: 0 0 0

#Transform 54
Transform: AffineTransform_float_3_3
Parameters: 1 -0.000165424 0.000502736 0.000167376 0.999994 -0.00324791 -0.000502185 0.00324808 0.999994 0.00478704 0.0354007 -0.155712
FixedParameters: 0 0 0

#Transform 55
Transform: AffineTransform_float_3_3
Parameters: 1 0.000109443 -0.000626514 -0.000111558 0.999997 -0.00273393 0.00062644 0.00273407 0.999996 0.0692435 0.0411198 -0.112131
FixedParameters: 0 0 0

#Transform 56
Transform: AffineTransform_float_3_3
Parameters: 1 -0.00067768 -0.00014853 0.00067703 0.99999 -0.0044021 0.00015095 0.0044019 0.999991 0.0168136 0.0505281 -0.13202
FixedParameters: 0 0 0

#Transform 57
Transform: AffineTransform_float_3_3
Parameters: 1 4.59784e-05 -0.000567613 -4.98797e-05 0.999984 -0.00574398 0.000568122 0.00574403 0.999984 0.0558443 0.0295834 -0.181973
FixedParameters: 0 0 0

#Transform 58
Transform: AffineTransform_float_3_3
Parameters: 1 -4.1697e-05 0.000390598 4.63502e-05 0.999932 -0.011681 -0.000389847 0.011681 0.999931 -0.00738128 -0.0244253 -0.35764
FixedParameters: 0 0 0

#Transform 59
Transform: AffineTransform_float_3_3
Parameters: 1 1.16812e-05 0.0002066 -9.22199e-06 0.999945 -0.010421 -0.000206036 0.010421 0.999945 -0.00113156 -0.0247719 -0.32119
FixedParameters: 0 0 0

#Transform 60
Transform: AffineTransform_float_3_3
Parameters: 1 0.000313142 -0.000262799 -0.00031579 0.999958 -0.00907791 0.00025946 0.00907808 0.999959 0.0248693 -0.0336643 -0.377038
FixedParameters: 0 0 0

#Transform 61
Transform: AffineTransform_float_3_3
Parameters: 1 0.000390076 4.19403e-05 -0.000389985 0.999962 -0.00871502 -4.51956e-05 0.00871498 0.999962 0.0254154 -0.00883035 -0.325258
FixedParameters: 0 0 0

#Transform 62
Transform: AffineTransform_float_3_3
Parameters: 1 0.000223489 0.00023537 -0.000221584 0.999959 -0.00904705 -0.000237304 0.00904695 0.999959 0.0349365 -0.0129182 -0.411718
FixedParameters: 0 0 0

#Transform 63
Transform: AffineTransform_float_3_3
Parameters: 1 4.41857e-05 -0.000530578 -4.87819e-05 0.999964 -0.00854183 0.000530062 0.00854118 0.999964 0.0394411 -0.00692896 -0.373064
FixedParameters: 0 0 0

#Transform 64
Transform: AffineTransform_float_3_3
Parameters: 1 5.29042e-05 -0.000324984 -5.57162e-05 0.999965 -0.00835898 0.000325135 0.00835902 0.999965 0.0203283 -0.0187178 -0.40028
FixedParameters: 0 0 0

#Transform 65
Transform: AffineTransform_float_3_3
Parameters: 1 -0.000161677 -0.000231787 0.000159718 0.999966 -0.00816603 0.00023363 0.00816596 0.999966 0.0189478 0.00569291 -0.318537
FixedParameters: 0 0 0

#Transform 66
Transform: AffineTransform_float_3_3
Parameters: 1 -0.000127536 -0.0003382 0.000124193 0.99996 -0.00901005 0.000339296 0.00900996 0.99996 0.0268843 -0.0192965 -0.401653
FixedParameters: 0 0 0

#Transform 67
Transform: AffineTransform_float_3_3
Parameters: 1 -0.000344222 -0.000152525 0.000342755 0.999967 -0.00820206 0.000155538 0.00820195 0.999967 0.0149848 0.0111262 -0.314609
FixedParameters: 0 0 0

#Transform 68
Transform: AffineTransform_float_3_3
Parameters: 0.999999 0.000185984 -0.000846332 -0.000193577 0.999963 -0.00868184 0.000844375 0.00868216 0.999962 0.0426262 -0.0384408 -0.495725
FixedParameters: 0 0 0

#Transform 69
Transform: AffineTransform_float_3_3
Parameters: 0.999999 -3.5514e-06 -0.000763802 -2.41941e-06 0.999965 -0.00828864 0.000764228 0.00828936 0.999966 0.0372336 -0.0362116 -0.479879
FixedParameters: 0 0 0

#Transform 70
Transform: AffineTransform_float_3_3
Parameters: 0.999999 -0.000394844 -0.00126129 0.000382008 0.999954 -0.00960813 0.00126499 0.00960787 0.999953 0.0554117 -0.0542216 -0.575189
FixedParameters: 0 0 0

#Transform 71
Transform: AffineTransform_float_3_3
Parameters: 0.999999 -0.000170538 -0.000702308 0.000164412 0.999957 -0.00921776 0.000703581 0.00921824 0.999957 0.0327511 -0.029654 -0.453875
FixedParameters: 0 0 0

#Transform 72
Transform: AffineTransform_float_3_3
Parameters: 1 0.000159891 -0.000661971 -0.00016627 0.999955 -0.00948489 0.000660606 0.00948511 0.999955 0.0210556 -0.02486 -0.386718
FixedParameters: 0 0 0

#Transform 73
Transform: AffineTransform_float_3_3
Parameters: 1 -0.000202986 -0.00110064 0.000192482 0.999951 -0.00989286 0.00110302 0.00989315 0.999951 0.052341 -0.0410698 -0.506611
FixedParameters: 0 0 0

#Transform 74
Transform: AffineTransform_float_3_3
Parameters: 1 9.22092e-05 -0.000632389 -9.8105e-05 0.999958 -0.00923394 0.00063144 0.00923406 0.999957 0.0219933 -0.0266692 -0.424636
FixedParameters: 0 0 0

#Transform 75
Transform: AffineTransform_float_3_3
Parameters: 1 5.86739e-05 -0.000555815 -6.3885e-05 0.999951 -0.00988597 0.000555411 0.00988604 0.999951 0.0250262 -0.0408317 -0.488318
FixedParameters: 0 0 0

#Transform 76
Transform: AffineTransform_float_3_3
Parameters: 1 -3.42384e-05 -0.000502061 2.9499e-05 0.999958 -0.00915702 0.000502922 0.00915698 0.999958 0.0173338 -0.023737 -0.398316
FixedParameters: 0 0 0

#Transform 77
Transform: AffineTransform_float_3_3
Parameters: 0.999999 0.000252039 -0.000915322 -0.000259305 0.999963 -0.00856762 0.000912808 0.00856739 0.999963 0.0603708 -0.0271601 -0.378902
FixedParameters: 0 0 0

#Transform 78
Transform: AffineTransform_float_3_3
Parameters: 1 0.000226956 -0.000403105 -0.000230413 0.999957 -0.0091969 0.000400488 0.00919709 0.999957 0.0107888 -0.00485589 -0.332237
FixedParameters: 0 0 0

#Transform 79
Transform: AffineTransform_float_3_3
Parameters: 1 0.000109267 -0.000352113 -0.000112845 0.999948 -0.010134 0.000350531 0.010134 0.999948 0.0269123 -0.0491306 -0.579166
FixedParameters: 0 0 0

#Transform 80
Transform: AffineTransform_float_3_3
Parameters: 1 -7.52469e-05 -0.000338074 7.20882e-05 0.999956 -0.00931802 0.000339195 0.00931797 0.999956 0.0169472 -0.0190792 -0.439931
FixedParameters: 0 0 0

#Transform 81
Transform: AffineTransform_float_3_3
Parameters: 1 -7.46634e-05 -0.000510808 6.91199e-05 0.999947 -0.010309 0.000511258 0.010309 0.999946 0.0420695 -0.0508938 -0.587707
FixedParameters: 0 0 0

#Transform 82
Transform: AffineTransform_float_3_3
Parameters: 1 -0.000294157 -0.000576461 0.000288523 0.999949 -0.0101172 0.000578701 0.0101168 0.999948 0.0331179 -0.0333914 -0.519059
FixedParameters: 0 0 0

#Transform 83
Transform: AffineTransform_float_3_3
Parameters: 0.999999 -0.000531846 -0.000630907 0.000525121 0.999948 -0.0101973 0.000635798 0.0101967 0.999948 0.0347334 -0.0449612 -0.532084
FixedParameters: 0 0 0

#Transform 84
Transform: AffineTransform_float_3_3
Parameters: 1 -8.27845e-06 -0.00027805 5.02369e-06 0.999933 -0.011523 0.000277951 0.011523 0.999933 0.0192355 -0.0340078 -0.482168
FixedParameters: 0 0 0

#Transform 85
Transform: AffineTransform_float_3_3
Parameters: 1 5.9899e-06 0.000444964 -3.7953e-07 0.999936 -0.011315 -0.000445314 0.011315 0.999936 0.000247599 -0.047303 -0.499609
FixedParameters: 0 0 0

#Transform 86
Transform: AffineTransform_float_3_3
Parameters: 1 -0.000207572 0.000126818 0.000208608 0.999941 -0.010925 -0.000123721 0.010925 0.999941 0.00415015 -0.0433689 -0.488605
FixedParameters: 0 0 0

#Transform 87
Transform: AffineTransform_float_3_3
Parameters: 1 -0.000178376 2.88292e-05 0.000178561 0.999945 -0.010499 -2.60021e-05 0.010499 0.999945 0.0172011 -0.0413371 -0.498402
FixedParameters: 0 0 0

#Transform 88
Transform: AffineTransform_float_3_3
Parameters: 1 -0.000123735 -0.000567966 0.000117735 0.999945 -0.0104771 0.000569072 0.0104769 0.999945 0.0435609 -0.0401576 -0.499495
FixedParameters: 0 0 0

#Transform 89
Transform: AffineTransform_float_3_3
Parameters: 1 -7.78431e-05 0.000481389 8.33106e-05 0.999946 -0.0103298 -0.000480003 0.0103292 0.999946 0.0103489 -0.0260348 -0.467085
FixedParameters: 0 0 0

#Transform 90
Transform: AffineTransform_float_3_3
Parameters: 1 -0.000208618 -0.000425027 0.000204271 0.999945 -0.0104981 0.000427408 0.0104979 0.999945 0.0320278 -0.0317919 -0.488685
FixedParameters: 0 0 0

#Transform 91
Transform: AffineTransform_float_3_3
Parameters: 1 -0.000261448 -0.000563454 0.000256054 0.999945 -0.0104801 0.000566143 0.0104799 0.999945 0.0319593 -0.0613858 -0.581492
FixedParameters: 0 0 0

#Transform 92
Transform: AffineTransform_float_3_3
Parameters: 1 -0.000225994 -0.000368389 0.000222224 0.999955 -0.00956009 0.000370191 0.00955992 0.999954 0.0225007 -0.0503856 -0.539687
FixedParameters: 0 0 0

#Transform 93
Transform: AffineTransform_float_3_3
Parameters: 1 -0.000379745 2.83846e-08 0.000379063 0.999946 -0.010457 3.83396e-06 0.010457 0.999946 0.0289266 -0.0480702 -0.620153
FixedParameters: 0 0 0

#Transform 94
Transform: AffineTransform_float_3_3
Parameters: 1 -0.000190939 -0.000468771 0.000185144 0.999938 -0.0110639 0.000470979 0.0110631 0.999939 -0.00729178 -0.0520373 -0.494345
FixedParameters: 0 0 0

#Transform 95
Transform: AffineTransform_float_3_3
Parameters: 0.999999 -0.000911983 -0.00147696 0.000905296 0.99999 -0.00430762 0.00148113 0.00430637 0.99999 0.0609955 0.0117597 -0.305268
FixedParameters: 0 0 0

#Transform 96
Transform: AffineTransform_float_3_3
Parameters: 1 -0.000638855 -0.000945225 0.000633509 0.999982 -0.00601724 0.000949225 0.00601676 0.999982 0.0631173 0.0353329 -0.0723753
FixedParameters: 0 0 0

#Transform 97
Transform: AffineTransform_float_3_3
Parameters: 0.999996 0.000992698 -0.002393 -0.00102129 0.999923 -0.012307 0.0023804 0.012309 0.999921 -0.120338 0.0704366 0.537475
FixedParameters: 0 0 0

#Transform 98
Transform: AffineTransform_float_3_3
Parameters: 0.999995 0.000135355 -0.00317507 -0.000217032 0.999674 -0.0255258 0.00317108 0.0255263 0.999669 0.00783002 0.219255 -0.6148
FixedParameters: 0 0 0

#Transform 99
Transform: AffineTransform_float_3_3
Parameters: 0.999999 -0.000475983 -0.000605943 0.000465581 0.999862 -0.0166183 0.000614141 0.0166177 0.999861 -0.0115222 0.00347208 0.057658
FixedParameters: 0 0 0

#Transform 100
Transform: AffineTransform_float_3_3
Parameters: 0.999999 -0.000807531 -0.00165845 0.000791944 0.999951 -0.00994713 0.00166694 0.00994588 0.999949 -0.0175965 0.0578255 -0.231027
FixedParameters: 0 0 0

#Transform 101
Transform: AffineTransform_float_3_3
Parameters: 1 -0.000957273 0.000634027 0.00096365 0.999947 -0.0102544 -0.000624592 0.0102556 0.999947 -0.0202799 0.0467326 -0.20663
FixedParameters: 0 0 0

#Transform 102
Transform: AffineTransform_float_3_3
Parameters: 0.999999 -0.000897909 -0.000330793 0.000894737 0.999939 -0.0110454 0.000340104 0.0110455 0.999939 0.0299363 -0.0131346 -0.442121
FixedParameters: 0 0 0

#Transform 103
Transform: AffineTransform_float_3_3
Parameters: 0.999999 -0.000666071 0.00035614 0.000670044 0.999935 -0.0113898 -0.000347894 0.0113902 0.999935 0.0153324 -0.00253716 -0.449476
FixedParameters: 0 0 0

#Transform 104
Transform: AffineTransform_float_3_3
Parameters: 0.999999 -0.000676188 0.000305633 0.000679677 0.99994 -0.0109548 -0.000298143 0.0109552 0.99994 0.00721159 -0.0104867 -0.38173
FixedParameters: 0 0 0

#Transform 105
Transform: AffineTransform_float_3_3
Parameters: 0.999999 -0.000677107 -0.000532215 0.000671103 0.999939 -0.0110074 0.000540247 0.0110066 0.99994 0.0344926 -0.0130442 -0.48586
FixedParameters: 0 0 0

#Transform 106
Transform: AffineTransform_float_3_3
Parameters: 0.999999 -0.000724395 0.000330164 0.000727227 0.999937 -0.0111478 -0.000321874 0.0111482 0.999938 0.0160429 0.00765935 -0.449883
FixedParameters: 0 0 0

#Transform 107
Transform: AffineTransform_float_3_3
Parameters: 0.999999 -0.000677975 -0.00114872 0.000667033 0.99995 -0.0100054 0.00115487 0.0100046 0.999949 0.0656396 -0.020294 -0.500379
FixedParameters: 0 0 0

#Transform 108
Transform: AffineTransform_float_3_3
Parameters: 1 -0.000590673 -0.00019817 0.000589174 0.999947 -0.0103173 0.000203787 0.0103177 0.999946 0.0193976 0.00441699 -0.407189
FixedParameters: 0 0 0

#Transform 109
Transform: AffineTransform_float_3_3
Parameters: 0.999999 -0.000669868 -0.000547184 0.000663928 0.999934 -0.0114845 0.000555304 0.0114845 0.999933 0.0372965 -0.0203191 -0.548486
FixedParameters: 0 0 0

#Transform 110
Transform: AffineTransform_float_3_3
Parameters: 0.999999 -0.000776727 1.34889e-05 0.000776565 0.999939 -0.0110271 -4.89568e-06 0.0110279 0.999939 0.021506 -0.00208746 -0.483724
FixedParameters: 0 0 0

#Transform 111
Transform: AffineTransform_float_3_3
Parameters: 0.999999 -0.000752444 -0.000296985 0.000748655 0.999933 -0.0115472 0.000306451 0.0115468 0.999934 0.0379815 -0.0302002 -0.600563
FixedParameters: 0 0 0

#Transform 112
Transform: AffineTransform_float_3_3
Parameters: 0.999999 -0.000525098 -0.000533066 0.000519804 0.999933 -0.0115743 0.000538882 0.0115737 0.999933 0.0485099 -0.0417203 -0.663038
FixedParameters: 0 0 0

#Transform 113
Transform: AffineTransform_float_3_3
Parameters: 0.999999 -0.000794334 0.000307692 0.000797757 0.999918 -0.0127581 -0.000297505 0.0127579 0.999918 0.0151347 0.0300444 -0.221921
FixedParameters: 0 0 0

#Transform 114
Transform: AffineTransform_float_3_3
Parameters: 0.999999 -0.000219695 0.00148822 0.000237964 0.999919 -0.0127211 -0.00148496 0.0127219 0.999918 -0.0201988 -0.0223156 -0.377163
FixedParameters: 0 0 0

#Transform 115
Transform: AffineTransform_float_3_3
Parameters: 0.999995 -0.00306669 -0.000695194 0.00305858 0.999935 -0.0109473 0.000728658 0.0109457 0.99994 0.102353 -0.0386651 -0.510665
FixedParameters: 0 0 0

#Transform 116
Transform: AffineTransform_float_3_3
Parameters: 0.999997 -0.00245605 1.42155e-05 0.00245551 0.999939 -0.010804 1.19307e-05 0.010804 0.999942 0.0633391 -0.0234454 -0.457674
FixedParameters: 0 0 0

#Transform 117
Transform: AffineTransform_float_3_3
Parameters: 0.999997 -0.00217984 -2.62907e-05 0.00217915 0.999931 -0.0115848 5.17125e-05 0.0115853 0.999933 0.0417563 -0.00374331 -0.350086
FixedParameters: 0 0 0

#Transform 118
Transform: AffineTransform_float_3_3
Parameters: 0.999998 -0.00206439 0.000368664 0.00206888 0.999936 -0.0111351 -0.000346153 0.0111359 0.999938 0.0390938 -0.0243626 -0.461683
FixedParameters: 0 0 0

#Transform 119
Transform: AffineTransform_float_3_3
Parameters: 0.999998 -0.00195541 -1.26803e-05 0.00195528 0.999946 -0.0102099 3.29127e-05 0.0102091 0.999948 0.0385799 0.00585495 -0.406307
FixedParameters: 0 0 0

#Transform 120
Transform: AffineTransform_float_3_3
Parameters: 0.999998 -0.00157229 0.00019033 0.00157444 0.999944 -0.0104371 -0.000174169 0.0104369 0.999946 0.0355223 -0.0210416 -0.502232
FixedParameters: 0 0 0

#Transform 121
Transform: AffineTransform_float_3_3
Parameters: 0.999999 -0.0017241 0.000634761 0.0017306 0.999941 -0.0107056 -0.000616575 0.0107064 0.999942 0.0158223 -0.0340187 -0.493952
FixedParameters: 0 0 0

#Transform 122
Transform: AffineTransform_float_3_3
Parameters: 0.999999 -0.00142035 0.000293542 0.00142338 0.999942 -0.010722 -0.000278031 0.0107221 0.999943 0.012425 -0.0378057 -0.523509
FixedParameters: 0 0 0

#Transform 123
Transform: AffineTransform_float_3_3
Parameters: 0.999999 -0.00183784 0.000115702 0.00183922 0.999936 -0.0111913 -9.47732e-05 0.0111917 0.999938 0.0353865 -0.0608565 -0.619542
FixedParameters: 0 0 0

#Transform 124
Transform: AffineTransform_float_3_3
Parameters: 0.999999 -0.0018306 1.71707e-05 0.0018307 0.999938 -0.0109805 2.41796e-06 0.0109805 0.99994 0.0355309 -0.0422 -0.571527
FixedParameters: 0 0 0

#Transform 125
Transform: AffineTransform_float_3_3
Parameters: 0.999999 -0.0014688 -0.00041842 0.00146453 0.999939 -0.0109308 0.000434219 0.0109302 0.99994 0.0481314 -0.036069 -0.654785
FixedParameters: 0 0 0

#Transform 126
Transform: AffineTransform_float_3_3
Parameters: 0.999999 -0.00148507 0.000252552 0.00148798 0.999945 -0.010392 -0.000237026 0.010392 0.999946 0.0253626 -0.0444681 -0.609177
FixedParameters: 0 0 0

#Transform 127
Transform: AffineTransform_float_3_3
Parameters: 0.999999 -0.00153656 -0.000276332 0.00153406 0.999939 -0.0109501 0.000293162 0.0109499 0.999939 0.0561393 -0.0662191 -0.71867
FixedParameters: 0 0 0

#Transform 128
Transform: AffineTransform_float_3_3
Parameters: 0.999999 -0.00151605 0.000386702 0.00151938 0.999942 -0.0107369 -0.000370538 0.0107381 0.999942 0.01523 -0.028278 -0.576283
FixedParameters: 0 0 0

#Transform 129
Transform: AffineTransform_float_3_3
Parameters: 0.999999 -0.00146136 -7.48594e-05 0.00146056 0.999941 -0.0107353 9.06065e-05 0.0107357 0.999942 0.031198 -0.0300101 -0.580884
FixedParameters: 0 0 0

#Transform 130
Transform: AffineTransform_float_3_3
Parameters: 0.999998 -0.00163803 8.45237e-05 0.00163887 0.999946 -0.0102554 -6.7989e-05 0.0102556 0.999948 0.0259381 -0.0237008 -0.567151
FixedParameters: 0 0 0

#Transform 131
Transform: AffineTransform_float_3_3
Parameters: 0.999998 -0.00162355 8.35908e-05 0.00162406 0.999939 -0.0108734 -6.62697e-05 0.0108736 0.999941 0.0460296 -0.0744336 -0.725105
FixedParameters: 0 0 0

#Transform 132
Transform: AffineTransform_float_3_3
Parameters: 0.999998 -0.00147455 0.000651377 0.00148105 0.999947 -0.0102004 -0.000636875 0.0102016 0.999948 0.0343158 -0.0322565 -0.647109
FixedParameters: 0 0 0

#Transform 133
Transform: AffineTransform_float_3_3
Parameters: 0.999998 -0.00189618 0.000112302 0.001898 0.999951 -0.00978468 -9.35608e-05 0.00978433 0.999952 0.0437392 -0.0435612 -0.57776
FixedParameters: 0 0 0

#Transform 134
Transform: AffineTransform_float_3_3
Parameters: 0.999999 -0.0017163 -1.24473e-05 0.00171606 0.999948 -0.0101377 2.97823e-05 0.0101383 0.999949 0.0533226 -0.0329872 -0.615933
FixedParameters: 0 0 0

#Transform 135
Transform: AffineTransform_float_3_3
Parameters: 0.999998 -0.00162471 0.000409616 0.00162872 0.999951 -0.00980807 -0.000394526 0.00980794 0.999952 0.0482185 -0.0492733 -0.608339
FixedParameters: 0 0 0

#Transform 136
Transform: AffineTransform_float_3_3
Parameters: 0.999999 -0.00173739 0.000123209 0.00173923 0.999954 -0.00946031 -0.00010647 0.00946069 0.999955 0.0465488 -0.0373648 -0.596447
FixedParameters: 0 0 0

#Transform 137
Transform: AffineTransform_float_3_3
Parameters: 0.999998 -0.00188134 -0.000162642 0.00187941 0.999945 -0.0103328 0.000182336 0.0103322 0.999947 0.0635449 -0.047969 -0.683388
FixedParameters: 0 0 0

#Transform 138
Transform: AffineTransform_float_3_3
Parameters: 0.999998 -0.00161455 0.000345545 0.00161781 0.999949 -0.0100153 -0.00032907 0.0100157 0.99995 0.0507727 -0.0362319 -0.652286
FixedParameters: 0 0 0

#Transform 139
Transform: AffineTransform_float_3_3
Parameters: 0.999999 -0.00177698 0.000372891 0.00178003 0.999953 -0.00951007 -0.000355884 0.00950993 0.999955 0.0383719 -0.00936883 -0.523638
FixedParameters: 0 0 0

#Transform 140
Transform: AffineTransform_float_3_3
Parameters: 0.999999 -0.00175912 -1.63956e-05 0.00175829 0.999952 -0.00967156 3.42631e-05 0.00967144 0.999953 0.0514624 -0.0365455 -0.613953
FixedParameters: 0 0 0

#Transform 141
Transform: AffineTransform_float_3_3
Parameters: 0.999999 -0.00152549 0.000149541 0.00152653 0.999949 -0.0099943 -0.000133487 0.0099947 0.99995 0.0439439 -0.030834 -0.579808
FixedParameters: 0 0 0

#Transform 142
Transform: AffineTransform_float_3_3
Parameters: 0.999999 -0.00176331 -5.56617e-05 0.00176223 0.99995 -0.00987763 7.3023e-05 0.00987737 0.999951 0.066557 -0.0515847 -0.675248
FixedParameters: 0 0 0

#Transform 143
Transform: AffineTransform_float_3_3
Parameters: 0.999999 -0.00180854 0.00015144 0.00180996 0.999945 -0.0103126 -0.000133037 0.0103124 0.999947 0.0636833 -0.04524 -0.661179
FixedParameters: 0 0 0

#Transform 144
Transform: AffineTransform_float_3_3
Parameters: 0.999998 -0.00175752 -0.00100021 0.00174611 0.999936 -0.0111491 0.00101935 0.0111469 0.999937 0.12726 -0.0652764 -0.760873
FixedParameters: 0 0 0

#Transform 145
Transform: AffineTransform_float_3_3
Parameters: 0.999985 -0.00536153 -0.00123887 0.0053395 0.999843 -0.0168864 0.00132903 0.0168796 0.999857 0.181939 -0.191717 -0.960349
FixedParameters: 0 0 0

#Transform 146
Transform: AffineTransform_float_3_3
Parameters: 0.999996 -0.00265636 -0.00115714 0.00263845 0.999882 -0.0151387 0.00119717 0.0151353 0.999885 0.166753 -0.188923 -1.20485
FixedParameters: 0 0 0

#Transform 147
Transform: AffineTransform_float_3_3
Parameters: 1 -0.00082465 0.000526536 0.000831862 0.999903 -0.0139359 -0.000515555 0.0139361 0.999903 0.126939 -0.184222 -1.06942
FixedParameters: 0 0 0

#Transform 148
Transform: AffineTransform_float_3_3
Parameters: 0.999999 -0.000992462 0.00143877 0.00101058 0.999912 -0.0132286 -0.0014256 0.0132294 0.999912 0.130159 -0.234196 -1.19116
FixedParameters: 0 0 0

#Transform 149
Transform: AffineTransform_float_3_3
Parameters: 0.999989 0.000538324 0.0045368 -0.000474113 0.999901 -0.0141313 -0.00454345 0.0141297 0.99989 0.121073 -0.262715 -1.32378
FixedParameters: 0 0 0

#Transform 150
Transform: AffineTransform_float_3_3
Parameters: 0.999998 -0.000786638 0.00214455 0.00082002 0.999876 -0.0156838 -0.0021322 0.0156852 0.999874 0.139345 -0.21246 -1.20355
FixedParameters: 0 0 0

#Transform 151
Transform: AffineTransform_float_3_3
Parameters: 0.999995 -0.000867636 0.00282891 0.000910254 0.999886 -0.0151005 -0.00281547 0.0151035 0.999882 0.112739 -0.155985 -1.09199
FixedParameters: 0 0 0

#Transform 152
Transform: AffineTransform_float_3_3
Parameters: 0.999995 -0.000670758 0.00308192 0.000714973 0.999894 -0.0145815 -0.00307172 0.0145845 0.999889 0.126749 -0.174223 -1.12315
FixedParameters: 0 0 0

#Transform 153
Transform: AffineTransform_float_3_3
Parameters: 0.999993 -0.00112073 0.00341727 0.00117032 0.999894 -0.0145412 -0.00340092 0.0145448 0.999888 0.108213 -0.17622 -1.12811
FixedParameters: 0 0 0

#Transform 154
Transform: AffineTransform_float_3_3
Parameters: 0.999993 -0.00168311 0.00317054 0.00172782 0.999898 -0.0142114 -0.00314638 0.0142166 0.999893 0.144042 -0.15713 -1.07528
FixedParameters: 0 0 0

#Transform 155
Transform: AffineTransform_float_3_3
Parameters: 0.999995 -0.000800009 0.00322038 0.000849299 0.999883 -0.0152772 -0.00320809 0.0152798 0.999878 0.149262 -0.184606 -1.15407
FixedParameters: 0 0 0

#Transform 156
Transform: AffineTransform_float_3_3
Parameters: 0.999995 -0.000886741 0.00325756 0.000934693 0.999891 -0.0147579 -0.00324397 0.0147611 0.999885 0.14255 -0.146174 -1.0433
FixedParameters: 0 0 0

#Transform 157
Transform: AffineTransform_float_3_3
Parameters: 0.999994 -0.00285436 0.00187372 0.00288397 0.999865 -0.0161895 -0.0018266 0.0161945 0.999867 0.197653 -0.188992 -1.18079
FixedParameters: 0 0 0

#Transform 158
Transform: AffineTransform_float_3_3
Parameters: 0.999998 -0.00149896 0.00173926 0.00152572 0.999877 -0.0156264 -0.00171519 0.0156296 0.999877 0.119001 -0.168973 -1.07969
FixedParameters: 0 0 0

#Transform 159
Transform: AffineTransform_float_3_3
Parameters: 0.999996 -0.00123332 0.0023311 0.00127248 0.999856 -0.016935 -0.00230993 0.016938 0.999854 0.121304 -0.140156 -0.976324
FixedParameters: 0 0 0

#Transform 160
Transform: AffineTransform_float_3_3
Parameters: 0.999994 -0.00119252 0.00347169 0.00123533 0.999922 -0.0124427 -0.00345673 0.0124463 0.999917 0.121004 -0.114742 -0.872511
FixedParameters: 0 0 0

#Transform 161
Transform: AffineTransform_float_3_3
Parameters: 0.999994 -0.000460694 0.00330063 0.000523967 0.999818 -0.019093 -0.00329111 0.0190949 0.999812 0.101544 -0.158904 -1.08399
FixedParameters: 0 0 0

#Transform 162
Transform: AffineTransform_float_3_3
Parameters: 0.999997 -0.000541967 0.00236305 0.000585218 0.999831 -0.0183528 -0.00235222 0.0183541 0.999828 0.150516 -0.150862 -1.04511
FixedParameters: 0 0 0

#Transform 163
Transform: AffineTransform_float_3_3
Parameters: 0.999992 -0.000857216 0.00376116 0.000916775 0.999874 -0.0158605 -0.00374793 0.0158645 0.999867 0.113556 -0.123199 -0.944503
FixedParameters: 0 0 0

#Transform 164
Transform: AffineTransform_float_3_3
Parameters: 0.999996 -0.000862349 0.00291543 0.000910093 0.999859 -0.0167544 -0.00290047 0.0167575 0.999855 0.116382 -0.123184 -0.94724
FixedParameters: 0 0 0

#Transform 165
Transform: AffineTransform_float_3_3
Parameters: 0.999995 -0.00114775 0.0030102 0.0011981 0.999854 -0.0170637 -0.00299043 0.0170673 0.99985 0.138471 -0.158741 -1.09391
FixedParameters: 0 0 0

#Transform 166
Transform: AffineTransform_float_3_3
Parameters: 0.999994 -0.00174028 0.0028479 0.00178696 0.999866 -0.0163038 -0.00281877 0.0163082 0.999864 0.135933 -0.163741 -1.06374
FixedParameters: 0 0 0

#Transform 167
Transform: AffineTransform_float_3_3
Parameters: 0.999994 -0.00122764 0.00326663 0.00128004 0.999868 -0.016178 -0.00324593 0.016182 0.999864 0.125283 -0.149224 -1.05313
FixedParameters: 0 0 0

#Transform 168
Transform: AffineTransform_float_3_3
Parameters: 0.999994 -0.00142186 0.00332139 0.00147643 0.999866 -0.0162843 -0.00329721 0.0162897 0.999862 0.12147 -0.137713 -1.01018
FixedParameters: 0 0 0

#Transform 169
Transform: AffineTransform_float_3_3
Parameters: 0.999993 -0.000885884 0.00366283 0.000945178 0.99987 -0.0160759 -0.00364778 0.0160791 0.999864 0.133215 -0.163156 -1.12785
FixedParameters: 0 0 0

#Transform 170
Transform: AffineTransform_float_3_3
Parameters: 0.999994 -0.00116491 0.00302557 0.00120941 0.999888 -0.0149137 -0.00300778 0.0149173 0.999884 0.137532 -0.118957 -0.994456
FixedParameters: 0 0 0

#Transform 171
Transform: AffineTransform_float_3_3
Parameters: 0.999996 -0.00130488 0.00277917 0.00134952 0.999867 -0.0162246 -0.00275818 0.0162284 0.999865 0.174215 -0.168713 -1.17702
FixedParameters: 0 0 0

#Transform 172
Transform: AffineTransform_float_3_3
Parameters: 0.999992 -0.00158806 0.00386731 0.00164924 0.999874 -0.0158069 -0.00384141 0.0158131 0.999867 0.15041 -0.134449 -1.14102
FixedParameters: 0 0 0

#Transform 173
Transform: AffineTransform_float_3_3
Parameters: 0.999993 -0.0013664 0.00330248 0.00141635 0.999883 -0.0152105 -0.0032812 0.0152155 0.999879 0.131674 -0.0984262 -0.96054
FixedParameters: 0 0 0

#Transform 174
Transform: AffineTransform_float_3_3
Parameters: 0.999993 -0.00135472 0.00330091 0.00140413 0.999888 -0.0149356 -0.00328022 0.0149405 0.999883 0.148681 -0.162292 -1.09412
FixedParameters: 0 0 0

#Transform 175
Transform: AffineTransform_float_3_3
Parameters: 0.999992 -0.00137077 0.00375795 0.00142579 0.99989 -0.0147555 -0.00373762 0.0147605 0.999884 0.128446 -0.123005 -0.984965
FixedParameters: 0 0 0

#Transform 176
Transform: AffineTransform_float_3_3
Parameters: 0.999994 -0.0013906 0.00299005 0.00143831 0.999873 -0.0158152 -0.00296792 0.0158188 0.99987 0.156291 -0.12731 -0.97054
FixedParameters: 0 0 0

#Transform 177
Transform: AffineTransform_float_3_3
Parameters: 0.999994 -0.00152632 0.00304896 0.00157283 0.999881 -0.0153797 -0.00302482 0.0153843 0.999877 0.155287 -0.144088 -1.02008
FixedParameters: 0 0 0

#Transform 178
Transform: AffineTransform_float_3_3
Parameters: 0.999994 -0.00196638 0.00282905 0.00200704 0.999891 -0.0146194 -0.00279998 0.0146256 0.999889 0.140526 -0.122936 -0.888231
FixedParameters: 0 0 0

#Transform 179
Transform: AffineTransform_float_3_3
Parameters: 0.999997 -0.00171869 0.00213201 0.00175003 0.999888 -0.0148356 -0.00210625 0.0148394 0.999888 0.171165 -0.118533 -1.00585
FixedParameters: 0 0 0
