# transform file /out/sourcedata/freesurfer/sub-v1s10x0051090_ses-1/mri/transforms/cc_up.lta
# created by oesteban on Thu Mar 12 07:46:32 2026

type      = 0 # LINEAR_VOX_TO_VOX
nxforms   = 1
mean      = 131.0000 117.0000 122.0000
sigma     = 10000.0000
1 4 4
9.948403835296631e-01 -1.075675711035728e-02 1.008806526660919e-01 -1.307440567016602e+01 
1.070187520235777e-02 9.999421834945679e-01 1.085211406461895e-03 2.647662353515625e+01 
-1.008864864706993e-01 0.000000000000000e+00 9.948979020118713e-01 1.878463554382324e+01 
0.000000000000000e+00 0.000000000000000e+00 0.000000000000000e+00 1.000000000000000e+00 
src volume info
valid = 1  # volume info valid
filename = /out/sourcedata/freesurfer/sub-v1s10x0051090_ses-1/mri/norm.mgz
volume = 256 256 256
voxelsize = 1.000000000000000e+00 1.000000000000000e+00 1.000000000000000e+00
xras   = -1.000000000000000e+00 0.000000000000000e+00 0.000000000000000e+00
yras   = 0.000000000000000e+00 0.000000000000000e+00 -1.000000000000000e+00
zras   = 0.000000000000000e+00 1.000000000000000e+00 0.000000000000000e+00
cras   = 1.223138427734375e+01 1.000000000000000e+00 1.000000000000000e+00
dst volume info
valid = 1  # volume info valid
filename = /out/sourcedata/freesurfer/sub-v1s10x0051090_ses-1/mri/norm.mgz
volume = 256 256 256
voxelsize = 1.000000000000000e+00 1.000000000000000e+00 1.000000000000000e+00
xras   = -1.000000000000000e+00 0.000000000000000e+00 0.000000000000000e+00
yras   = 0.000000000000000e+00 0.000000000000000e+00 -1.000000000000000e+00
zras   = 0.000000000000000e+00 1.000000000000000e+00 0.000000000000000e+00
cras   = 1.223138427734375e+01 1.000000000000000e+00 1.000000000000000e+00
