#Insight Transform File V1.0
#Transform 0
Transform: AffineTransform_float_3_3
Parameters: 0.999997 0.000545737 -0.00210274 -0.000549233 0.999998 -0.00176618 0.00210239 0.00176782 0.999996 -0.132175 0.164734 0.642342
FixedParameters: 0 0 0

#Transform 1
Transform: AffineTransform_float_3_3
Parameters: 1 0.00112459 0.00016309 -0.00112649 0.99997 0.00774047 -0.000154591 -0.00774154 0.99997 -0.0606898 0.213871 0.257222
FixedParameters: 0 0 0

#Transform 2
Transform: AffineTransform_float_3_3
Parameters: 0.999996 0.00253315 -0.00113507 -0.00252851 0.999986 0.00466745 0.00114711 -0.00466455 0.999989 -0.124786 0.146445 -0.157896
FixedParameters: 0 0 0

#Transform 3
Transform: AffineTransform_float_3_3
Parameters: 0.999995 0.00272031 -0.00109734 -0.00271649 0.999989 0.00368456 0.00110724 -0.00368144 0.999993 -0.120578 0.173347 -0.274466
FixedParameters: 0 0 0

#Transform 4
Transform: AffineTransform_float_3_3
Parameters: 0.999995 0.00274374 -0.00104154 -0.00274034 0.999989 0.00386207 0.00105167 -0.00385993 0.999992 -0.125162 0.180232 -0.278997
FixedParameters: 0 0 0

#Transform 5
Transform: AffineTransform_float_3_3
Parameters: 0.999995 0.00254109 -0.00152317 -0.00253729 0.999993 0.00300059 0.0015309 -0.00299641 0.999995 -0.105353 0.147749 -0.398663
FixedParameters: 0 0 0

#Transform 6
Transform: AffineTransform_float_3_3
Parameters: 0.999995 0.00266033 -0.00123959 -0.00265769 0.999995 0.00185186 0.00124482 -0.00184814 0.999998 -0.121632 0.109321 -0.426675
FixedParameters: 0 0 0

#Transform 7
Transform: AffineTransform_float_3_3
Parameters: 0.999995 0.00271802 -0.00110296 -0.00271604 0.999994 0.00195857 0.00110807 -0.00195544 0.999998 -0.120641 0.126074 -0.461754
FixedParameters: 0 0 0

#Transform 8
Transform: AffineTransform_float_3_3
Parameters: 0.999995 0.00290468 -0.00159125 -0.00290161 0.999995 0.00157962 0.00159581 -0.00157538 0.999997 -0.132523 0.120773 -0.530161
FixedParameters: 0 0 0

#Transform 9
Transform: AffineTransform_float_3_3
Parameters: 0.999994 0.00305094 -0.001525 -0.00304954 0.999995 0.00127265 0.00152946 -0.00126835 0.999998 -0.163292 0.110349 -0.499572
FixedParameters: 0 0 0

#Transform 10
Transform: AffineTransform_float_3_3
Parameters: 0.999994 0.00316028 -0.00126651 -0.00315887 0.999994 0.00117621 0.00127024 -0.00117179 0.999999 -0.144396 0.102664 -0.581335
FixedParameters: 0 0 0

#Transform 11
Transform: AffineTransform_float_3_3
Parameters: 0.999994 0.00312889 -0.00134073 -0.00312736 0.999995 0.00129704 0.00134423 -0.00129296 0.999998 -0.167622 0.102719 -0.531917
FixedParameters: 0 0 0

#Transform 12
Transform: AffineTransform_float_3_3
Parameters: 0.999992 0.00351871 -0.0015075 -0.00351774 0.999994 0.000841433 0.00150972 -0.000836572 0.999998 -0.162921 0.0966192 -0.543698
FixedParameters: 0 0 0

#Transform 13
Transform: AffineTransform_float_3_3
Parameters: 0.999991 0.0039513 -0.0015861 -0.00394996 0.999992 0.000915678 0.00158963 -0.000910325 0.999998 -0.190605 0.111043 -0.59325
FixedParameters: 0 0 0

#Transform 14
Transform: AffineTransform_float_3_3
Parameters: 0.999991 0.0039134 -0.00167559 -0.00391245 0.999992 0.000636325 0.00167779 -0.000629677 0.999998 -0.211254 0.0928914 -0.628903
FixedParameters: 0 0 0

#Transform 15
Transform: AffineTransform_float_3_3
Parameters: 0.999988 0.00433666 -0.00205801 -0.00433614 0.999991 0.000225764 0.00205901 -0.000217238 0.999998 -0.219225 0.101237 -0.66134
FixedParameters: 0 0 0

#Transform 16
Transform: AffineTransform_float_3_3
Parameters: 0.999989 0.00426044 -0.00193824 -0.00425908 0.999991 0.000758308 0.00194098 -0.000749696 0.999997 -0.232058 0.110473 -0.66606
FixedParameters: 0 0 0

#Transform 17
Transform: AffineTransform_float_3_3
Parameters: 0.999991 0.00397438 -0.00163681 -0.00397384 0.999992 0.000287271 0.00163815 -0.00028073 0.999999 -0.214019 0.103219 -0.692241
FixedParameters: 0 0 0

#Transform 18
Transform: AffineTransform_float_3_3
Parameters: 0.99999 0.00434102 -0.00156382 -0.00434096 0.999991 0.000147682 0.00156416 -0.000141321 0.999999 -0.209334 0.0850083 -0.801048
FixedParameters: 0 0 0

#Transform 19
Transform: AffineTransform_float_3_3
Parameters: 0.99999 0.00417957 -0.00149348 -0.00417878 0.999991 0.000530498 0.00149605 -0.000524503 0.999999 -0.229594 0.112721 -0.721838
FixedParameters: 0 0 0

#Transform 20
Transform: AffineTransform_float_3_3
Parameters: 0.99999 0.00417884 -0.00149554 -0.00417873 0.999991 3.65013e-05 0.00149582 -3.04998e-05 0.999999 -0.218729 0.092956 -0.798459
FixedParameters: 0 0 0

#Transform 21
Transform: AffineTransform_float_3_3
Parameters: 0.999989 0.00454891 -0.0016496 -0.00454808 0.999989 0.000612042 0.00165237 -0.00060496 0.999998 -0.233279 0.106083 -0.803075
FixedParameters: 0 0 0

#Transform 22
Transform: AffineTransform_float_3_3
Parameters: 0.999988 0.00459452 -0.0016732 -0.00459479 0.999989 -0.000193782 0.00167231 0.000201216 0.999999 -0.230482 0.0830792 -0.861025
FixedParameters: 0 0 0

#Transform 23
Transform: AffineTransform_float_3_3
Parameters: 0.999987 0.00467999 -0.001707 -0.00467947 0.999989 0.000268523 0.00170856 -0.000260477 0.999998 -0.237593 0.0905138 -0.900272
FixedParameters: 0 0 0

#Transform 24
Transform: AffineTransform_float_3_3
Parameters: 0.999988 0.00458711 -0.00166729 -0.00458681 0.999989 0.000328184 0.00166842 -0.00032082 0.999999 -0.232078 0.0975066 -0.903574
FixedParameters: 0 0 0

#Transform 25
Transform: AffineTransform_float_3_3
Parameters: 0.999988 0.00458741 -0.00166645 -0.00458689 0.999989 0.000511182 0.00166834 -0.000503822 0.999998 -0.268762 0.11245 -0.887631
FixedParameters: 0 0 0

#Transform 26
Transform: AffineTransform_float_3_3
Parameters: 0.999988 0.00470225 -0.00171592 -0.0047018 0.999989 0.000365245 0.00171748 -0.000357758 0.999999 -0.270335 0.104092 -0.914237
FixedParameters: 0 0 0

#Transform 27
Transform: AffineTransform_float_3_3
Parameters: 0.999987 0.00488882 -0.00157061 -0.0048887 0.999988 0.000288702 0.00157156 -0.000281303 0.999999 -0.251656 0.0904031 -0.983153
FixedParameters: 0 0 0

#Transform 28
Transform: AffineTransform_float_3_3
Parameters: 0.999988 0.00471361 -0.00136774 -0.0047118 0.999989 0.00118169 0.00137293 -0.00117532 0.999998 -0.246441 0.133357 -0.92419
FixedParameters: 0 0 0

#Transform 29
Transform: AffineTransform_float_3_3
Parameters: 0.999984 0.00532789 -0.00145497 -0.00532558 0.999984 0.00155077 0.0014637 -0.00154323 0.999997 -0.254692 0.145556 -0.95066
FixedParameters: 0 0 0

#Transform 30
Transform: AffineTransform_float_3_3
Parameters: 0.999985 0.00524317 -0.00165503 -0.00523996 0.999985 0.00186985 0.00166499 -0.00186115 0.999997 -0.282146 0.163972 -0.877676
FixedParameters: 0 0 0

#Transform 31
Transform: AffineTransform_float_3_3
Parameters: 0.999984 0.00537944 -0.0018204 -0.00537571 0.999983 0.00216476 0.00183127 -0.00215524 0.999996 -0.26363 0.163209 -0.945784
FixedParameters: 0 0 0

#Transform 32
Transform: AffineTransform_float_3_3
Parameters: 0.999984 0.00538267 -0.00173604 -0.00537938 0.999983 0.00180567 0.00174583 -0.00179633 0.999997 -0.266981 0.16175 -0.981731
FixedParameters: 0 0 0

#Transform 33
Transform: AffineTransform_float_3_3
Parameters: 0.999984 0.00539111 -0.00156151 -0.00538825 0.999983 0.00199644 0.00157246 -0.00198756 0.999996 -0.283135 0.164494 -0.953536
FixedParameters: 0 0 0

#Transform 34
Transform: AffineTransform_float_3_3
Parameters: 0.999982 0.00578062 -0.00172861 -0.00577698 0.99998 0.0022523 0.00174222 -0.0022417 0.999996 -0.28024 0.17705 -0.965627
FixedParameters: 0 0 0

#Transform 35
Transform: AffineTransform_float_3_3
Parameters: 0.999983 0.00573467 -0.00119297 -0.00573125 0.999979 0.00271521 0.00120908 -0.00270878 0.999995 -0.294338 0.203249 -0.943281
FixedParameters: 0 0 0

#Transform 36
Transform: AffineTransform_float_3_3
Parameters: 0.999981 0.00590771 -0.00211515 -0.00589907 0.999973 0.00420742 0.00214043 -0.00419458 0.999989 -0.294627 0.250996 -0.931223
FixedParameters: 0 0 0

#Transform 37
Transform: AffineTransform_float_3_3
Parameters: 0.999979 0.00628278 -0.00163914 -0.00627456 0.99997 0.00452427 0.00166724 -0.00451373 0.999989 -0.321926 0.266421 -0.932358
FixedParameters: 0 0 0

#Transform 38
Transform: AffineTransform_float_3_3
Parameters: 0.99998 0.00600835 -0.00229369 -0.00599706 0.999971 0.004876 0.00232322 -0.004862 0.999985 -0.302339 0.280766 -0.99872
FixedParameters: 0 0 0

#Transform 39
Transform: AffineTransform_float_3_3
Parameters: 0.99998 0.00602982 -0.00184153 -0.00602129 0.999971 0.00461374 0.0018692 -0.00460227 0.999988 -0.316407 0.256608 -0.981144
FixedParameters: 0 0 0

#Transform 40
Transform: AffineTransform_float_3_3
Parameters: 0.999979 0.00622699 -0.00191775 -0.00621883 0.999973 0.0041367 0.00194313 -0.00412431 0.99999 -0.309611 0.266164 -1.01707
FixedParameters: 0 0 0

#Transform 41
Transform: AffineTransform_float_3_3
Parameters: 0.999979 0.00625733 -0.00170075 -0.00624974 0.999972 0.00411161 0.00172661 -0.00410039 0.99999 -0.335763 0.25325 -1.04434
FixedParameters: 0 0 0

#Transform 42
Transform: AffineTransform_float_3_3
Parameters: 0.999979 0.00619285 -0.00185467 -0.00618543 0.999973 0.00397539 0.0018787 -0.00396461 0.999991 -0.323174 0.244331 -1.02066
FixedParameters: 0 0 0

#Transform 43
Transform: AffineTransform_float_3_3
Parameters: 0.999974 0.00688499 -0.00213491 -0.00687555 0.999967 0.00446568 0.00216564 -0.00445132 0.999988 -0.354579 0.267802 -1.05731
FixedParameters: 0 0 0

#Transform 44
Transform: AffineTransform_float_3_3
Parameters: 0.999975 0.00667033 -0.00210925 -0.00666077 0.999968 0.00427591 0.00213829 -0.00426208 0.999988 -0.346576 0.264249 -1.04478
FixedParameters: 0 0 0

#Transform 45
Transform: AffineTransform_float_3_3
Parameters: 0.999974 0.00697118 -0.00190956 -0.00696321 0.999967 0.0040685 0.0019379 -0.00405551 0.99999 -0.344886 0.270941 -1.08205
FixedParameters: 0 0 0

#Transform 46
Transform: AffineTransform_float_3_3
Parameters: 0.999974 0.00701106 -0.00182011 -0.00700398 0.999968 0.00391564 0.00184756 -0.00390236 0.99999 -0.363959 0.273845 -1.06082
FixedParameters: 0 0 0

#Transform 47
Transform: AffineTransform_float_3_3
Parameters: 0.99997 0.00744432 -0.00182291 -0.00743426 0.999959 0.00512526 0.00186043 -0.00511175 0.999985 -0.343296 0.308646 -1.07468
FixedParameters: 0 0 0

#Transform 48
Transform: AffineTransform_float_3_3
Parameters: 0.999971 0.00738527 -0.00194821 -0.00737677 0.999964 0.00428121 0.00197897 -0.00426681 0.999989 -0.381224 0.286469 -1.08854
FixedParameters: 0 0 0

#Transform 49
Transform: AffineTransform_float_3_3
Parameters: 0.999971 0.00736819 -0.00192405 -0.00736096 0.999967 0.00344197 0.00195007 -0.00342802 0.999992 -0.375177 0.274328 -1.15315
FixedParameters: 0 0 0

#Transform 50
Transform: AffineTransform_float_3_3
Parameters: 0.999973 0.00711308 -0.00181853 -0.00710731 0.999968 0.00349681 0.00184398 -0.00348319 0.999992 -0.354796 0.26517 -1.12881
FixedParameters: 0 0 0

#Transform 51
Transform: AffineTransform_float_3_3
Parameters: 0.999975 0.00691947 -0.00185672 -0.00691344 0.999971 0.00318222 0.00187922 -0.00316878 0.999994 -0.373153 0.261723 -1.08393
FixedParameters: 0 0 0

#Transform 52
Transform: AffineTransform_float_3_3
Parameters: 0.999972 0.00724178 -0.00198977 -0.00723519 0.999968 0.00349872 0.00201522 -0.00348429 0.999992 -0.400918 0.268555 -1.12047
FixedParameters: 0 0 0

#Transform 53
Transform: AffineTransform_float_3_3
Parameters: 0.999975 0.00691909 -0.00185814 -0.00691343 0.999972 0.00297687 0.00187872 -0.00296414 0.999994 -0.373077 0.250299 -1.17102
FixedParameters: 0 0 0

#Transform 54
Transform: AffineTransform_float_3_3
Parameters: 0.999974 0.00698651 -0.0018821 -0.00698011 0.999969 0.00354617 0.00190735 -0.00353283 0.999992 -0.348626 0.264653 -1.17823
FixedParameters: 0 0 0

#Transform 55
Transform: AffineTransform_float_3_3
Parameters: 0.999973 0.00700688 -0.00210818 -0.00700069 0.99997 0.00306173 0.00212993 -0.00304727 0.999993 -0.375848 0.261159 -1.15977
FixedParameters: 0 0 0

#Transform 56
Transform: AffineTransform_float_3_3
Parameters: 0.99997 0.00741285 -0.00219222 -0.00740522 0.999967 0.00332584 0.00221719 -0.00330916 0.999992 -0.371064 0.275085 -1.17165
FixedParameters: 0 0 0

#Transform 57
Transform: AffineTransform_float_3_3
Parameters: 0.99997 0.00749772 -0.00222145 -0.00748865 0.999965 0.0038349 0.00224962 -0.00381811 0.99999 -0.39833 0.287135 -1.10107
FixedParameters: 0 0 0

#Transform 58
Transform: AffineTransform_float_3_3
Parameters: 0.999971 0.00738765 -0.00195521 -0.00738163 0.999966 0.00341824 0.00198048 -0.00340376 0.999992 -0.381807 0.270358 -1.1458
FixedParameters: 0 0 0

#Transform 59
Transform: AffineTransform_float_3_3
Parameters: 0.999972 0.00727708 -0.00212439 -0.00726925 0.999966 0.00384257 0.0021523 -0.00382744 0.999991 -0.369897 0.280687 -1.09673
FixedParameters: 0 0 0

#Transform 60
Transform: AffineTransform_float_3_3
Parameters: 0.999971 0.00729094 -0.00219248 -0.00728264 0.999966 0.00365609 0.00221962 -0.00363991 0.999991 -0.397937 0.281929 -1.11266
FixedParameters: 0 0 0

#Transform 61
Transform: AffineTransform_float_3_3
Parameters: 0.999969 0.00749165 -0.00245326 -0.00748318 0.999966 0.00357177 0.00248004 -0.00355224 0.999991 -0.377236 0.265134 -1.17376
FixedParameters: 0 0 0

#Transform 62
Transform: AffineTransform_float_3_3
Parameters: 0.99997 0.00740502 -0.00249696 -0.00739639 0.999966 0.00346217 0.00252244 -0.00344383 0.999991 -0.405166 0.285652 -1.16194
FixedParameters: 0 0 0

#Transform 63
Transform: AffineTransform_float_3_3
Parameters: 0.999969 0.0074403 -0.00251092 -0.00743146 0.999966 0.00356486 0.00253724 -0.00354614 0.99999 -0.416502 0.30288 -1.18013
FixedParameters: 0 0 0

#Transform 64
Transform: AffineTransform_float_3_3
Parameters: 0.999966 0.00792629 -0.00224956 -0.00791511 0.999957 0.00481688 0.00228787 -0.00479912 0.999986 -0.356541 0.319288 -1.27903
FixedParameters: 0 0 0

#Transform 65
Transform: AffineTransform_float_3_3
Parameters: 0.999972 0.00725284 -0.00183974 -0.00724659 0.999967 0.00344349 0.00186408 -0.00343051 0.999992 -0.380547 0.272977 -1.26002
FixedParameters: 0 0 0

#Transform 66
Transform: AffineTransform_float_3_3
Parameters: 0.999967 0.00783978 -0.00176299 -0.00783392 0.999964 0.00322045 0.00178747 -0.00320656 0.999993 -0.413095 0.278867 -1.27747
FixedParameters: 0 0 0

#Transform 67
Transform: AffineTransform_float_3_3
Parameters: 0.999966 0.0079558 -0.00227742 -0.00794681 0.999961 0.00380814 0.00230773 -0.00378986 0.99999 -0.394119 0.292033 -1.30256
FixedParameters: 0 0 0

#Transform 68
Transform: AffineTransform_float_3_3
Parameters: 0.999967 0.0078194 -0.0021997 -0.00781347 0.999966 0.00267055 0.00221989 -0.00265346 0.999994 -0.403441 0.267137 -1.29616
FixedParameters: 0 0 0

#Transform 69
Transform: AffineTransform_float_3_3
Parameters: 0.999966 0.0079687 -0.00201944 -0.00796413 0.999965 0.00218812 0.00203643 -0.00217188 0.999995 -0.406344 0.240233 -1.37348
FixedParameters: 0 0 0

#Transform 70
Transform: AffineTransform_float_3_3
Parameters: 0.999967 0.00767839 -0.00239261 -0.00767206 0.999967 0.00273002 0.00241335 -0.00271198 0.999994 -0.3898 0.267932 -1.35238
FixedParameters: 0 0 0

#Transform 71
Transform: AffineTransform_float_3_3
Parameters: 0.999966 0.00786045 -0.002574 -0.00785484 0.999966 0.00243016 0.00259323 -0.00240984 0.999994 -0.396564 0.255719 -1.40448
FixedParameters: 0 0 0

#Transform 72
Transform: AffineTransform_float_3_3
Parameters: 0.999964 0.00795028 -0.00273389 -0.00794365 0.999966 0.00261746 0.00275468 -0.00259555 0.999993 -0.430712 0.260593 -1.36421
FixedParameters: 0 0 0

#Transform 73
Transform: AffineTransform_float_3_3
Parameters: 0.999962 0.00828332 -0.00247336 -0.00827598 0.999961 0.00289841 0.002497 -0.0028776 0.999993 -0.407443 0.26048 -1.49036
FixedParameters: 0 0 0

#Transform 74
Transform: AffineTransform_float_3_3
Parameters: 0.999961 0.00826781 -0.0028568 -0.00825728 0.999959 0.0037693 0.00288774 -0.0037457 0.999989 -0.433448 0.311527 -1.43416
FixedParameters: 0 0 0

#Transform 75
Transform: AffineTransform_float_3_3
Parameters: 0.999961 0.00825738 -0.00291023 -0.00824694 0.99996 0.00362071 0.00293955 -0.0035963 0.999989 -0.412583 0.284352 -1.49442
FixedParameters: 0 0 0

#Transform 76
Transform: AffineTransform_float_3_3
Parameters: 0.999961 0.00824764 -0.00318894 -0.0082359 0.99996 0.00365393 0.0032191 -0.00362708 0.999988 -0.448578 0.320367 -1.43574
FixedParameters: 0 0 0

#Transform 77
Transform: AffineTransform_float_3_3
Parameters: 0.999961 0.00834366 -0.0029601 -0.00833198 0.999958 0.00389803 0.00299282 -0.00387298 0.999988 -0.412723 0.310091 -1.48009
FixedParameters: 0 0 0

#Transform 78
Transform: AffineTransform_float_3_3
Parameters: 0.999966 0.00785212 -0.00260764 -0.00784229 0.999964 0.00337142 0.00263437 -0.00335058 0.999991 -0.419862 0.30453 -1.40806
FixedParameters: 0 0 0

#Transform 79
Transform: AffineTransform_float_3_3
Parameters: 0.999966 0.0080131 -0.00222517 -0.00800549 0.999963 0.00324468 0.00225059 -0.00322632 0.999992 -0.432192 0.283655 -1.41174
FixedParameters: 0 0 0

#Transform 80
Transform: AffineTransform_float_3_3
Parameters: 0.999962 0.00831826 -0.00238016 -0.00830662 0.999954 0.00481363 0.00242032 -0.00479337 0.999985 -0.43664 0.35628 -1.2842
FixedParameters: 0 0 0

#Transform 81
Transform: AffineTransform_float_3_3
Parameters: 0.999934 0.0112012 -0.002831 -0.0111709 0.999882 0.0105803 0.00294894 -0.0105477 0.99994 -0.596417 0.548821 -0.813255
FixedParameters: 0 0 0

#Transform 82
Transform: AffineTransform_float_3_3
Parameters: 0.999924 0.0118253 -0.00332202 -0.0117921 0.999882 0.00982791 0.00343736 -0.00978809 0.999946 -0.598479 0.549775 -1.08892
FixedParameters: 0 0 0

#Transform 83
Transform: AffineTransform_float_3_3
Parameters: 0.99992 0.0121827 -0.00343595 -0.012153 0.99989 0.0085675 0.00354037 -0.00852552 0.999958 -0.600647 0.513185 -1.19501
FixedParameters: 0 0 0

#Transform 84
Transform: AffineTransform_float_3_3
Parameters: 0.999917 0.0123289 -0.00373554 -0.0122992 0.999892 0.00803688 0.00383419 -0.00799012 0.999961 -0.650205 0.493462 -1.17587
FixedParameters: 0 0 0

#Transform 85
Transform: AffineTransform_float_3_3
Parameters: 0.999911 0.0126567 -0.00435473 -0.0126275 0.999898 0.00667774 0.00443861 -0.00662226 0.999968 -0.643524 0.445455 -1.27614
FixedParameters: 0 0 0

#Transform 86
Transform: AffineTransform_float_3_3
Parameters: 0.999911 0.0126405 -0.00442061 -0.012613 0.999902 0.00622563 0.00449877 -0.00616939 0.999971 -0.677537 0.44834 -1.25052
FixedParameters: 0 0 0

#Transform 87
Transform: AffineTransform_float_3_3
Parameters: 0.999908 0.0128625 -0.00444983 -0.012835 0.999899 0.00604275 0.00452656 -0.00598525 0.999971 -0.678234 0.452577 -1.28456
FixedParameters: 0 0 0

#Transform 88
Transform: AffineTransform_float_3_3
Parameters: 0.999904 0.0130539 -0.00466669 -0.0130275 0.999899 0.0057285 0.00474102 -0.00566651 0.999973 -0.678654 0.432485 -1.31153
FixedParameters: 0 0 0

#Transform 89
Transform: AffineTransform_float_3_3
Parameters: 0.999899 0.0133327 -0.00496845 -0.0133086 0.9999 0.00481727 0.00503213 -0.00474973 0.999976 -0.728145 0.408103 -1.35554
FixedParameters: 0 0 0

#Transform 90
Transform: AffineTransform_float_3_3
Parameters: 0.999901 0.013094 -0.00505226 -0.0130724 0.999906 0.0042113 0.00510741 -0.0041447 0.999979 -0.702829 0.386142 -1.38518
FixedParameters: 0 0 0

#Transform 91
Transform: AffineTransform_float_3_3
Parameters: 0.999897 0.0136469 -0.00443981 -0.0136315 0.999901 0.00348496 0.00448738 -0.00342404 0.999984 -0.74394 0.375476 -1.41422
FixedParameters: 0 0 0

#Transform 92
Transform: AffineTransform_float_3_3
Parameters: 0.999893 0.0136744 -0.00516916 -0.013656 0.999901 0.00351026 0.00521733 -0.00343973 0.99998 -0.734447 0.364057 -1.46022
FixedParameters: 0 0 0

#Transform 93
Transform: AffineTransform_float_3_3
Parameters: 0.99989 0.0139294 -0.00512073 -0.0139142 0.999898 0.00300385 0.00516209 -0.00293215 0.999983 -0.772345 0.349302 -1.46407
FixedParameters: 0 0 0

#Transform 94
Transform: AffineTransform_float_3_3
Parameters: 0.999892 0.0137933 -0.00494179 -0.0137787 0.999901 0.00287209 0.00498021 -0.00280393 0.999983 -0.73808 0.347116 -1.4674
FixedParameters: 0 0 0

#Transform 95
Transform: AffineTransform_float_3_3
Parameters: 0.99989 0.0140136 -0.00482726 -0.0139984 0.999896 0.00321595 0.00487197 -0.00314806 0.999984 -0.771317 0.354014 -1.46117
FixedParameters: 0 0 0

#Transform 96
Transform: AffineTransform_float_3_3
Parameters: 0.999891 0.0139377 -0.00489766 -0.0139246 0.999899 0.00285417 0.0049368 -0.00278584 0.999983 -0.749234 0.335132 -1.50158
FixedParameters: 0 0 0

#Transform 97
Transform: AffineTransform_float_3_3
Parameters: 0.999887 0.0141372 -0.00497731 -0.0141215 0.999895 0.00312437 0.0050211 -0.00305463 0.999983 -0.777356 0.352371 -1.47402
FixedParameters: 0 0 0

#Transform 98
Transform: AffineTransform_float_3_3
Parameters: 0.999887 0.0140474 -0.0053961 -0.014027 0.999894 0.00380326 0.00544855 -0.00372675 0.999978 -0.769423 0.369529 -1.45123
FixedParameters: 0 0 0

#Transform 99
Transform: AffineTransform_float_3_3
Parameters: 0.999888 0.0140341 -0.00515779 -0.0140169 0.999897 0.00323485 0.00520218 -0.00316316 0.999981 -0.77005 0.349564 -1.50119
FixedParameters: 0 0 0

#Transform 100
Transform: AffineTransform_float_3_3
Parameters: 0.99988 0.0145594 -0.00515182 -0.0145426 0.999889 0.00331574 0.00519911 -0.00324027 0.999981 -0.792565 0.337445 -1.54227
FixedParameters: 0 0 0

#Transform 101
Transform: AffineTransform_float_3_3
Parameters: 0.999879 0.0146584 -0.00517436 -0.0146357 0.999883 0.00444982 0.00523853 -0.00437319 0.999976 -0.757995 0.410538 -1.51656
FixedParameters: 0 0 0

#Transform 102
Transform: AffineTransform_float_3_3
Parameters: 0.999879 0.01465 -0.00519807 -0.0146353 0.999888 0.00283212 0.00523823 -0.00275589 0.999982 -0.779117 0.337884 -1.57356
FixedParameters: 0 0 0

#Transform 103
Transform: AffineTransform_float_3_3
Parameters: 0.99988 0.0145938 -0.00518029 -0.0145814 0.99989 0.00248074 0.0052158 -0.00240426 0.999983 -0.781082 0.333161 -1.57508
FixedParameters: 0 0 0

#Transform 104
Transform: AffineTransform_float_3_3
Parameters: 0.999879 0.0147976 -0.0048481 -0.0147841 0.999887 0.00268979 0.00488731 -0.00261821 0.999984 -0.779015 0.334455 -1.59828
FixedParameters: 0 0 0

#Transform 105
Transform: AffineTransform_float_3_3
Parameters: 0.999879 0.0146493 -0.0052001 -0.0146348 0.99989 0.00269398 0.00523895 -0.00261702 0.999983 -0.805275 0.343946 -1.54111
FixedParameters: 0 0 0

#Transform 106
Transform: AffineTransform_float_3_3
Parameters: 0.999875 0.0148958 -0.00530541 -0.0148826 0.999886 0.00261155 0.00534348 -0.00253246 0.999983 -0.784876 0.348705 -1.58931
FixedParameters: 0 0 0

#Transform 107
Transform: AffineTransform_float_3_3
Parameters: 0.999879 0.0146248 -0.00525794 -0.0146096 0.999889 0.00277201 0.00529803 -0.00269499 0.999982 -0.803051 0.349122 -1.55472
FixedParameters: 0 0 0

#Transform 108
Transform: AffineTransform_float_3_3
Parameters: 0.999873 0.0150068 -0.00535096 -0.014992 0.999884 0.00268196 0.00539038 -0.00260105 0.999982 -0.782621 0.331481 -1.60609
FixedParameters: 0 0 0

#Transform 109
Transform: AffineTransform_float_3_3
Parameters: 0.999879 0.0146497 -0.00519875 -0.0146351 0.999889 0.00278613 0.00523847 -0.00270988 0.999982 -0.803098 0.329234 -1.57966
FixedParameters: 0 0 0

#Transform 110
Transform: AffineTransform_float_3_3
Parameters: 0.99988 0.0145838 -0.00518153 -0.0145729 0.999892 0.00215683 0.00521216 -0.00208118 0.999985 -0.768005 0.334941 -1.61902
FixedParameters: 0 0 0

#Transform 111
Transform: AffineTransform_float_3_3
Parameters: 0.999885 0.01446 -0.00472524 -0.0144487 0.999892 0.00250066 0.0047604 -0.00243235 0.999986 -0.788302 0.343729 -1.57415
FixedParameters: 0 0 0

#Transform 112
Transform: AffineTransform_float_3_3
Parameters: 0.999877 0.0150769 -0.004188 -0.0150673 0.999884 0.00215384 0.00421965 -0.00209117 0.999989 -0.81718 0.346418 -1.57772
FixedParameters: 0 0 0

#Transform 113
Transform: AffineTransform_float_3_3
Parameters: 0.999863 0.0158997 -0.0044898 -0.0158889 0.999871 0.00245201 0.00452783 -0.00238 0.999987 -0.788198 0.333339 -1.61161
FixedParameters: 0 0 0

#Transform 114
Transform: AffineTransform_float_3_3
Parameters: 0.999871 0.0154408 -0.00425132 -0.0154279 0.999876 0.00317121 0.00429982 -0.0031048 0.999986 -0.800359 0.37602 -1.50974
FixedParameters: 0 0 0

#Transform 115
Transform: AffineTransform_float_3_3
Parameters: 0.999872 0.0154277 -0.00426891 -0.0154205 0.99988 0.00183043 0.00429742 -0.00176457 0.999989 -0.83988 0.319008 -1.65791
FixedParameters: 0 0 0

#Transform 116
Transform: AffineTransform_float_3_3
Parameters: 0.999873 0.0153658 -0.00424334 -0.015359 0.99988 0.00179749 0.00427061 -0.00173152 0.99999 -0.841187 0.316247 -1.68674
FixedParameters: 0 0 0

#Transform 117
Transform: AffineTransform_float_3_3
Parameters: 0.999874 0.0152784 -0.00427703 -0.0152742 0.999883 0.00103106 0.00429202 -0.000964955 0.999991 -0.824016 0.278737 -1.76327
FixedParameters: 0 0 0

#Transform 118
Transform: AffineTransform_float_3_3
Parameters: 0.999878 0.0150022 -0.00436995 -0.0149974 0.999887 0.0010816 0.00438591 -0.0010164 0.99999 -0.830947 0.297259 -1.70918
FixedParameters: 0 0 0

#Transform 119
Transform: AffineTransform_float_3_3
Parameters: 0.999878 0.0150967 -0.00414917 -0.0150933 0.999886 0.00063702 0.0041584 -0.000574982 0.999991 -0.813868 0.282061 -1.79869
FixedParameters: 0 0 0

#Transform 120
Transform: AffineTransform_float_3_3
Parameters: 0.999873 0.0153518 -0.0042605 -0.0153497 0.999882 0.00045218 0.00426746 -0.000386816 0.999991 -0.858927 0.277422 -1.75656
FixedParameters: 0 0 0

#Transform 121
Transform: AffineTransform_float_3_3
Parameters: 0.999879 0.0148847 -0.00465567 -0.0148887 0.999889 -0.000973263 0.00464077 0.00104274 0.999989 -0.822796 0.232212 -1.83595
FixedParameters: 0 0 0

#Transform 122
Transform: AffineTransform_float_3_3
Parameters: 0.999875 0.0152241 -0.00422024 -0.015226 0.999884 -0.000365343 0.00421405 0.000429647 0.999991 -0.85634 0.256326 -1.78637
FixedParameters: 0 0 0

#Transform 123
Transform: AffineTransform_float_3_3
Parameters: 0.999874 0.0152498 -0.0042424 -0.0152549 0.999884 -0.00102297 0.00422702 0.00108804 0.999991 -0.827118 0.227632 -1.85365
FixedParameters: 0 0 0

#Transform 124
Transform: AffineTransform_float_3_3
Parameters: 0.999868 0.0156911 -0.00417058 -0.0156941 0.999876 -0.00052958 0.00416199 0.000595414 0.999991 -0.87413 0.256172 -1.76326
FixedParameters: 0 0 0

#Transform 125
Transform: AffineTransform_float_3_3
Parameters: 0.999862 0.0159501 -0.00453306 -0.0159534 0.999873 -0.000603149 0.00452358 0.000674854 0.999989 -0.856668 0.265135 -1.73607
FixedParameters: 0 0 0

#Transform 126
Transform: AffineTransform_float_3_3
Parameters: 0.999771 0.0204814 -0.00623802 -0.0204249 0.999751 0.00901153 0.00642174 -0.00888246 0.99994 -1.16195 0.580683 -0.983963
FixedParameters: 0 0 0

#Transform 127
Transform: AffineTransform_float_3_3
Parameters: 0.999759 0.0204609 -0.00795165 -0.0204119 0.999773 0.00615049 0.00807573 -0.00598652 0.99995 -1.15412 0.497555 -1.38003
FixedParameters: 0 0 0

#Transform 128
Transform: AffineTransform_float_3_3
Parameters: 0.999791 0.0187908 -0.0081243 -0.0187692 0.99982 0.00269898 0.00817311 -0.00254603 0.999963 -1.10811 0.407949 -1.57943
FixedParameters: 0 0 0

#Transform 129
Transform: AffineTransform_float_3_3
Parameters: 0.999768 0.0196334 -0.00883618 -0.0196113 0.999805 0.00253196 0.00888467 -0.00235803 0.999958 -1.15164 0.412936 -1.58526
FixedParameters: 0 0 0

#Transform 130
Transform: AffineTransform_float_3_3
Parameters: 0.999763 0.0199737 -0.00873166 -0.0199528 0.999798 0.00237231 0.00877778 -0.00219668 0.999959 -1.1866 0.392083 -1.6345
FixedParameters: 0 0 0

#Transform 131
Transform: AffineTransform_float_3_3
Parameters: 0.999752 0.0203926 -0.00895994 -0.0203795 0.999791 0.00163473 0.00899103 -0.00145129 0.999958 -1.23963 0.36072 -1.64221
FixedParameters: 0 0 0

#Transform 132
Transform: AffineTransform_float_3_3
Parameters: 0.999727 0.0213384 -0.00951698 -0.0213247 0.999771 0.00156271 0.00954842 -0.00135929 0.999953 -1.31128 0.372935 -1.59691
FixedParameters: 0 0 0

#Transform 133
Transform: AffineTransform_float_3_3
Parameters: 0.999697 0.0227467 -0.00940785 -0.0227173 0.999737 0.00318995 0.00947767 -0.00297507 0.999951 -1.36832 0.423222 -1.52325
FixedParameters: 0 0 0

#Transform 134
Transform: AffineTransform_float_3_3
Parameters: 0.999714 0.021996 -0.00938408 -0.0219818 0.999757 0.00158518 0.00941705 -0.00137882 0.999955 -1.3592 0.403999 -1.51984
FixedParameters: 0 0 0

#Transform 135
Transform: AffineTransform_float_3_3
Parameters: 0.999709 0.0219255 -0.0100362 -0.0219254 0.99976 0.000133871 0.0100364 8.58519e-05 0.999949 -1.35022 0.350225 -1.60552
FixedParameters: 0 0 0

#Transform 136
Transform: AffineTransform_float_3_3
Parameters: 0.999702 0.0223105 -0.00997122 -0.0223105 0.999751 2.29726e-05 0.00996872 0.000199959 0.99995 -1.39083 0.350153 -1.59234
FixedParameters: 0 0 0

#Transform 137
Transform: AffineTransform_float_3_3
Parameters: 0.999702 0.0219394 -0.0106447 -0.0219439 0.99976 -0.000296533 0.0106366 0.000530479 0.999943 -1.35781 0.330273 -1.65056
FixedParameters: 0 0 0

#Transform 138
Transform: AffineTransform_float_3_3
Parameters: 0.999711 0.0217096 -0.010345 -0.0217209 0.999763 -0.000969342 0.0103215 0.00119365 0.999946 -1.35697 0.307831 -1.68096
FixedParameters: 0 0 0

#Transform 139
Transform: AffineTransform_float_3_3
Parameters: 0.999712 0.0215959 -0.010407 -0.0216198 0.999764 -0.00212235 0.0103585 0.00234663 0.999944 -1.37086 0.278406 -1.67573
FixedParameters: 0 0 0

#Transform 140
Transform: AffineTransform_float_3_3
Parameters: 0.999706 0.022006 -0.0102372 -0.022024 0.999756 -0.0016177 0.0101993 0.00184229 0.999947 -1.34323 0.285864 -1.71018
FixedParameters: 0 0 0

#Transform 141
Transform: AffineTransform_float_3_3
Parameters: 0.999707 0.022124 -0.00974645 -0.0221403 0.999754 -0.00150996 0.00971074 0.00172503 0.999951 -1.36894 0.293902 -1.69266
FixedParameters: 0 0 0

#Transform 142
Transform: AffineTransform_float_3_3
Parameters: 0.999712 0.0217739 -0.0101521 -0.0217896 0.999761 -0.00144137 0.010119 0.00166263 0.999948 -1.34381 0.288379 -1.71292
FixedParameters: 0 0 0

#Transform 143
Transform: AffineTransform_float_3_3
Parameters: 0.999697 0.0222355 -0.0105714 -0.0222513 0.999751 -0.00142485 0.010537 0.00165914 0.999944 -1.40131 0.295389 -1.74172
FixedParameters: 0 0 0

#Transform 144
Transform: AffineTransform_float_3_3
Parameters: 0.999682 0.0229549 -0.0105005 -0.0229712 0.999735 -0.00144703 0.0104649 0.00168798 0.999944 -1.43816 0.307368 -1.7086
FixedParameters: 0 0 0

#Transform 145
Transform: AffineTransform_float_3_3
Parameters: 0.99965 0.0235816 -0.011938 -0.0235987 0.999721 -0.00126014 0.0119052 0.00154186 0.999928 -1.48918 0.293496 -1.78055
FixedParameters: 0 0 0

#Transform 146
Transform: AffineTransform_float_3_3
Parameters: 0.999651 0.0237201 -0.0116465 -0.023727 0.999718 -0.000448818 0.0116321 0.000725158 0.999932 -1.52305 0.321062 -1.75127
FixedParameters: 0 0 0

#Transform 147
Transform: AffineTransform_float_3_3
Parameters: 0.999627 0.0243999 -0.012265 -0.0244108 0.999702 -0.000700608 0.0122443 0.000999377 0.999925 -1.55101 0.320027 -1.74267
FixedParameters: 0 0 0

#Transform 148
Transform: AffineTransform_float_3_3
Parameters: 0.999636 0.0242516 -0.01187 -0.024262 0.999705 -0.000764891 0.0118472 0.00105209 0.999929 -1.54905 0.313063 -1.78053
FixedParameters: 0 0 0

#Transform 149
Transform: AffineTransform_float_3_3
Parameters: 0.999638 0.0240202 -0.0121137 -0.0240349 0.99971 -0.00105617 0.0120846 0.00134681 0.999926 -1.54904 0.308894 -1.76921
FixedParameters: 0 0 0

#Transform 150
Transform: AffineTransform_float_3_3
Parameters: 0.999642 0.0240964 -0.0116415 -0.0241093 0.999709 -0.0010149 0.0116136 0.00129509 0.999931 -1.51685 0.287421 -1.85271
FixedParameters: 0 0 0

#Transform 151
Transform: AffineTransform_float_3_3
Parameters: 0.999665 0.023426 -0.0109926 -0.0234388 0.999725 -0.00101015 0.0109655 0.00126783 0.999939 -1.46075 0.292011 -1.82308
FixedParameters: 0 0 0

#Transform 152
Transform: AffineTransform_float_3_3
Parameters: 0.999657 0.0235629 -0.011369 -0.023572 0.999722 -0.000649836 0.0113501 0.000917142 0.999935 -1.46575 0.296467 -1.89804
FixedParameters: 0 0 0

#Transform 153
Transform: AffineTransform_float_3_3
Parameters: 0.999655 0.0236711 -0.0113975 -0.0236729 0.99972 -7.16881e-05 0.0113919 0.000342291 0.999935 -1.49192 0.317885 -1.8333
FixedParameters: 0 0 0

#Transform 154
Transform: AffineTransform_float_3_3
Parameters: 0.999661 0.0234577 -0.0113021 -0.0234577 0.999724 0.000134 0.0113022 0.000130991 0.999937 -1.45396 0.314406 -1.90687
FixedParameters: 0 0 0

#Transform 155
Transform: AffineTransform_float_3_3
Parameters: 0.99966 0.0236402 -0.0109518 -0.0236386 0.99972 0.000275413 0.010955 -1.66017e-05 0.99994 -1.48333 0.335809 -1.84823
FixedParameters: 0 0 0

#Transform 156
Transform: AffineTransform_float_3_3
Parameters: 0.999654 0.0237511 -0.0112819 -0.023749 0.999718 0.000297742 0.0112859 -2.92607e-05 0.999937 -1.47482 0.320778 -1.94954
FixedParameters: 0 0 0

#Transform 157
Transform: AffineTransform_float_3_3
Parameters: 0.999661 0.0236695 -0.0108253 -0.0236584 0.99972 0.00107581 0.0108481 -0.000819182 0.999941 -1.4833 0.378082 -1.84884
FixedParameters: 0 0 0

#Transform 158
Transform: AffineTransform_float_3_3
Parameters: 0.999691 0.022797 -0.00991939 -0.0227174 0.999709 0.00802291 0.0100989 -0.0077951 0.999918 -1.29033 0.556499 -1.8861
FixedParameters: 0 0 0

#Transform 159
Transform: AffineTransform_float_3_3
Parameters: 0.999716 0.0213927 -0.0104341 -0.021344 0.999761 0.00474872 0.0105333 -0.00452429 0.999935 -1.27851 0.451832 -2.02842
FixedParameters: 0 0 0

#Transform 160
Transform: AffineTransform_float_3_3
Parameters: 0.999711 0.0214488 -0.0108748 -0.021398 0.999759 0.00476032 0.0109747 -0.00452567 0.999929 -1.26795 0.472147 -2.00759
FixedParameters: 0 0 0

#Transform 161
Transform: AffineTransform_float_3_3
Parameters: 0.999686 0.0225631 -0.0109562 -0.0225111 0.999734 0.00490764 0.0110642 -0.00465937 0.999928 -1.33861 0.484156 -1.98652
FixedParameters: 0 0 0

#Transform 162
Transform: AffineTransform_float_3_3
Parameters: 0.999676 0.0230058 -0.0109134 -0.0229554 0.999725 0.00473416 0.0110186 -0.00448186 0.999929 -1.36217 0.479865 -1.97986
FixedParameters: 0 0 0

#Transform 163
Transform: AffineTransform_float_3_3
Parameters: 0.999661 0.0236213 -0.0110067 -0.0235729 0.999712 0.00450188 0.0111097 -0.00424113 0.999929 -1.39376 0.471972 -2.02632
FixedParameters: 0 0 0

#Transform 164
Transform: AffineTransform_float_3_3
Parameters: 0.999668 0.0232156 -0.0112281 -0.0231703 0.999723 0.00411367 0.0113209 -0.00385233 0.999929 -1.41616 0.485588 -1.97384
FixedParameters: 0 0 0

#Transform 165
Transform: AffineTransform_float_3_3
Parameters: 0.999667 0.0232881 -0.0111222 -0.0232449 0.999722 0.00402205 0.0112132 -0.00376195 0.99993 -1.40295 0.452806 -2.02733
FixedParameters: 0 0 0

#Transform 166
Transform: AffineTransform_float_3_3
Parameters: 0.999674 0.0231107 -0.010899 -0.0230678 0.999726 0.00402245 0.0109894 -0.00376955 0.999932 -1.40295 0.465665 -1.95759
FixedParameters: 0 0 0

#Transform 167
Transform: AffineTransform_float_3_3
Parameters: 0.999675 0.0230951 -0.0108486 -0.0230525 0.999726 0.00403948 0.0109387 -0.00378853 0.999933 -1.35035 0.446083 -2.02252
FixedParameters: 0 0 0

#Transform 168
Transform: AffineTransform_float_3_3
Parameters: 0.999663 0.023484 -0.0109981 -0.0234349 0.999715 0.00453275 0.0111014 -0.00427326 0.999929 -1.42226 0.481957 -1.94946
FixedParameters: 0 0 0

#Transform 169
Transform: AffineTransform_float_3_3
Parameters: 0.99967 0.0232778 -0.0109177 -0.0232315 0.999721 0.00431219 0.0110155 -0.0040568 0.999931 -1.36672 0.466005 -2.0314
FixedParameters: 0 0 0

#Transform 170
Transform: AffineTransform_float_3_3
Parameters: 0.999661 0.0236076 -0.0110381 -0.0235633 0.999714 0.00403351 0.0111304 -0.00377248 0.999931 -1.40918 0.474373 -2.00391
FixedParameters: 0 0 0

#Transform 171
Transform: AffineTransform_float_3_3
Parameters: 0.999658 0.0235165 -0.0114605 -0.0234754 0.999718 0.00370216 0.0115445 -0.00343185 0.999927 -1.39766 0.458816 -2.05942
FixedParameters: 0 0 0

#Transform 172
Transform: AffineTransform_float_3_3
Parameters: 0.999652 0.0239157 -0.0111882 -0.0238697 0.999706 0.00422085 0.0112857 -0.00395216 0.999929 -1.40909 0.487542 -2.02133
FixedParameters: 0 0 0

#Transform 173
Transform: AffineTransform_float_3_3
Parameters: 0.999654 0.0237967 -0.0111525 -0.0237568 0.99971 0.00372063 0.0112381 -0.00345437 0.999931 -1.40258 0.457161 -2.06006
FixedParameters: 0 0 0

#Transform 174
Transform: AffineTransform_float_3_3
Parameters: 0.999662 0.023663 -0.0107587 -0.0236226 0.999714 0.00391466 0.0108479 -0.00365937 0.999934 -1.38137 0.488559 -2.00026
FixedParameters: 0 0 0

#Transform 175
Transform: AffineTransform_float_3_3
Parameters: 0.999661 0.0238342 -0.0104621 -0.0237944 0.99971 0.0038667 0.0105514 -0.0036163 0.999938 -1.38599 0.4767 -1.98733
FixedParameters: 0 0 0

#Transform 176
Transform: AffineTransform_float_3_3
Parameters: 0.99967 0.0232518 -0.010873 -0.0232191 0.999726 0.00303431 0.0109408 -0.00278068 0.999937 -1.37819 0.448579 -1.98935
FixedParameters: 0 0 0

#Transform 177
Transform: AffineTransform_float_3_3
Parameters: 0.999663 0.0235387 -0.0110144 -0.0235143 0.999721 0.00230639 0.011066 -0.00204661 0.999937 -1.39698 0.426119 -2.02556
FixedParameters: 0 0 0

#Transform 178
Transform: AffineTransform_float_3_3
Parameters: 0.999672 0.0230551 -0.0112005 -0.0230315 0.999733 0.00216926 0.0112475 -0.00191074 0.999935 -1.34769 0.420894 -2.05561
FixedParameters: 0 0 0

#Transform 179
Transform: AffineTransform_float_3_3
Parameters: 0.999667 0.0232884 -0.0110582 -0.0232696 0.999727 0.00185332 0.0110978 -0.00159571 0.999937 -1.39246 0.426313 -2.02825
FixedParameters: 0 0 0
