#Insight Transform File V1.0
#Transform 0
Transform: AffineTransform_float_3_3
Parameters: 0.999999 -0.000890632 -0.00016074 0.000890616 0.999999 -5.21433e-05 0.000160833 5.18569e-05 1 0.00641963 0.0875332 0.334809
FixedParameters: 0 0 0

#Transform 1
Transform: AffineTransform_float_3_3
Parameters: 1 0.000826649 -0.000890253 -0.000827426 1 -0.000436471 0.000889531 0.000436528 1 0.0361526 0.05584 -0.0575891
FixedParameters: 0 0 0

#Transform 2
Transform: AffineTransform_float_3_3
Parameters: 1 0.000492083 -0.000952735 -0.000491448 1 0.000333468 0.000953063 -0.000332531 0.999999 0.0429116 0.100535 -0.0992814
FixedParameters: 0 0 0

#Transform 3
Transform: AffineTransform_float_3_3
Parameters: 0.999999 0.000796046 -0.000184974 -0.000796152 0.999999 -0.000284853 0.000184521 0.000285147 1 0.0443007 0.0910919 -0.112508
FixedParameters: 0 0 0

#Transform 4
Transform: AffineTransform_float_3_3
Parameters: 1 0.000716102 -0.000847525 -0.000714985 1 0.000659247 0.000848468 -0.000658753 0.999999 0.0613674 0.094963 -0.0760435
FixedParameters: 0 0 0

#Transform 5
Transform: AffineTransform_float_3_3
Parameters: 0.999999 0.000563127 -0.000782855 -0.00056235 0.999999 0.00049644 0.000783414 -0.000495559 0.999999 0.0594324 0.105631 -0.0742846
FixedParameters: 0 0 0

#Transform 6
Transform: AffineTransform_float_3_3
Parameters: 0.999999 0.0006021 -0.000683193 -0.000601473 1 0.000459052 0.000683745 -0.000458948 0.999999 0.0756614 0.105255 -0.0749718
FixedParameters: 0 0 0

#Transform 7
Transform: AffineTransform_float_3_3
Parameters: 0.999999 3.29616e-05 -0.000865444 -3.18634e-05 0.999999 0.00063418 0.000865485 -0.000634819 0.999999 0.065281 0.12036 -0.104995
FixedParameters: 0 0 0

#Transform 8
Transform: AffineTransform_float_3_3
Parameters: 1 0.000510591 -0.000898734 -0.000510119 0.999999 0.000262611 0.000899002 -0.000262388 0.999999 0.0597972 0.110051 -0.0679883
FixedParameters: 0 0 0

#Transform 9
Transform: AffineTransform_float_3_3
Parameters: 0.999999 0.000609096 -0.000666083 -0.000609323 1 -0.000169594 0.000665876 0.000170405 1 0.059153 0.110533 -0.0650384
FixedParameters: 0 0 0

#Transform 10
Transform: AffineTransform_float_3_3
Parameters: 1 0.000661487 -0.000814153 -0.00066143 1 3.55387e-05 0.000814199 -3.44616e-05 0.999999 0.0604592 0.125347 -0.0682211
FixedParameters: 0 0 0

#Transform 11
Transform: AffineTransform_float_3_3
Parameters: 0.999999 0.000619412 -0.000641461 -0.000620106 0.999999 -0.000540602 0.00064079 0.000541397 0.999999 0.0424471 0.109435 -0.0692944
FixedParameters: 0 0 0

#Transform 12
Transform: AffineTransform_float_3_3
Parameters: 1 -0.00033536 0.000236073 0.000335679 0.999999 -0.000675921 -0.00023562 0.000676079 0.999999 0.0719629 0.104716 -0.0706879
FixedParameters: 0 0 0

#Transform 13
Transform: AffineTransform_float_3_3
Parameters: 1 -0.000343695 -0.000244122 0.000343713 1 3.5916e-05 0.000244097 -3.60838e-05 1 0.0966582 0.10902 -0.0413764
FixedParameters: 0 0 0

#Transform 14
Transform: AffineTransform_float_3_3
Parameters: 1 -0.000359051 -0.00112286 0.000360479 1 0.0010456 0.0011225 -0.0010464 0.999999 0.101133 0.115521 -0.0168944
FixedParameters: 0 0 0

#Transform 15
Transform: AffineTransform_float_3_3
Parameters: 1 -0.000112894 -0.000283423 0.000112565 1 -0.000581032 0.000283554 0.000580968 1 0.0882255 0.102489 -0.0384516
FixedParameters: 0 0 0

#Transform 16
Transform: AffineTransform_float_3_3
Parameters: 0.999999 0.000133713 -0.000990868 -0.000133144 1 0.000287132 0.000990944 -0.000286868 0.999999 0.0550642 0.108282 -0.0297273
FixedParameters: 0 0 0

#Transform 17
Transform: AffineTransform_float_3_3
Parameters: 0.999999 0.000267257 -0.00153977 -0.000265625 0.999999 0.00125492 0.0015403 -0.00125408 0.999998 0.0948648 0.101062 0.0344216
FixedParameters: 0 0 0

#Transform 18
Transform: AffineTransform_float_3_3
Parameters: 0.999999 4.96354e-05 -0.00152862 -4.44699e-05 0.999993 0.00357943 0.00152815 -0.00357857 0.999992 0.154882 0.102791 0.212845
FixedParameters: 0 0 0

#Transform 19
Transform: AffineTransform_float_3_3
Parameters: 0.999999 -0.000142495 -0.000708508 0.000143443 0.999999 0.000946258 0.000707317 -0.000945741 0.999999 0.076509 0.0712505 -0.0105932
FixedParameters: 0 0 0

#Transform 20
Transform: AffineTransform_float_3_3
Parameters: 0.999998 -0.000419229 -0.0015436 0.000421732 0.999999 0.00140671 0.0015432 -0.00140729 0.999997 0.151027 0.0738559 0.0791269
FixedParameters: 0 0 0

#Transform 21
Transform: AffineTransform_float_3_3
Parameters: 0.999998 -0.000503203 -0.00156029 0.000505059 0.999999 0.000889932 0.00155978 -0.000890067 0.999998 0.110393 0.0679048 0.00498944
FixedParameters: 0 0 0

#Transform 22
Transform: AffineTransform_float_3_3
Parameters: 0.999999 -0.000564802 -0.000430191 0.000565927 0.999998 0.00192476 0.000429325 -0.00192524 0.999998 0.124453 0.0982457 0.0302963
FixedParameters: 0 0 0

#Transform 23
Transform: AffineTransform_float_3_3
Parameters: 1 -0.000259266 0.000292599 0.000259325 1 -0.000100924 -0.000292547 0.000101076 1 0.122443 0.0709644 -0.0320337
FixedParameters: 0 0 0

#Transform 24
Transform: AffineTransform_float_3_3
Parameters: 0.999998 -0.000323606 -0.00167978 0.000325229 0.999999 0.000873327 0.00167868 -0.000873672 0.999998 0.11781 0.0675886 0.0142616
FixedParameters: 0 0 0

#Transform 25
Transform: AffineTransform_float_3_3
Parameters: 0.999998 -0.000192312 -0.00196423 0.0001943 0.999999 0.00130849 0.00196398 -0.00130851 0.999997 0.159721 0.0600693 0.0350484
FixedParameters: 0 0 0

#Transform 26
Transform: AffineTransform_float_3_3
Parameters: 0.999999 -0.000512824 -0.000538582 0.000513418 0.999999 0.000551723 0.000538016 -0.000552276 0.999999 0.101558 0.0910827 -0.0399711
FixedParameters: 0 0 0

#Transform 27
Transform: AffineTransform_float_3_3
Parameters: 1 -0.000291061 -0.00100185 0.000292091 1 0.000514067 0.00100155 -0.000513932 1 0.125174 0.0862498 -0.0704103
FixedParameters: 0 0 0

#Transform 28
Transform: AffineTransform_float_3_3
Parameters: 1 -0.000669601 -0.000947686 0.000669466 1 -7.12749e-05 0.000947781 7.07252e-05 1 0.0937408 0.117127 -0.071534
FixedParameters: 0 0 0

#Transform 29
Transform: AffineTransform_float_3_3
Parameters: 1 -0.000305117 -7.91666e-05 0.000305176 1 0.000368976 7.89414e-05 -0.000369024 1 0.103106 0.127538 -0.0743511
FixedParameters: 0 0 0

#Transform 30
Transform: AffineTransform_float_3_3
Parameters: 0.999999 -0.000732732 -0.000162849 0.000733232 0.999999 0.00033488 0.000163278 -0.000335119 1 0.086224 0.126268 -0.0732933
FixedParameters: 0 0 0

#Transform 31
Transform: AffineTransform_float_3_3
Parameters: 1 -0.00071271 -0.000861096 0.00071336 1 0.000376746 0.000860558 -0.000377254 1 0.12734 0.122352 -0.0989127
FixedParameters: 0 0 0

#Transform 32
Transform: AffineTransform_float_3_3
Parameters: 1 -0.000904501 -0.000596223 0.000904454 0.999999 0.000404461 0.000596801 -0.00040554 0.999999 0.0904342 0.12964 -0.102342
FixedParameters: 0 0 0

#Transform 33
Transform: AffineTransform_float_3_3
Parameters: 0.999999 -0.00102612 -0.000816123 0.0010266 0.999999 0.000291369 0.000815525 -0.00029163 1 0.11443 0.139004 -0.106736
FixedParameters: 0 0 0

#Transform 34
Transform: AffineTransform_float_3_3
Parameters: 0.999999 -0.00073643 -0.000155306 0.000736812 0.999999 -0.000475114 0.000154695 0.000474886 1 0.115271 0.12263 -0.0735153
FixedParameters: 0 0 0

#Transform 35
Transform: AffineTransform_float_3_3
Parameters: 0.999999 -0.000856134 -0.000417874 0.000856367 0.999999 0.000278642 0.000417397 -0.000279357 1 0.145577 0.100733 -0.0545995
FixedParameters: 0 0 0

#Transform 36
Transform: AffineTransform_float_3_3
Parameters: 0.999999 -0.00094469 -0.000383722 0.000944522 0.999999 0.000470637 0.000384144 -0.000471363 1 0.102774 0.116322 -0.0715906
FixedParameters: 0 0 0

#Transform 37
Transform: AffineTransform_float_3_3
Parameters: 0.999999 -0.000865962 -0.000197251 0.000865924 0.999999 -9.8171e-05 0.000197421 9.78292e-05 1 0.125199 0.0984368 -0.0389397
FixedParameters: 0 0 0

#Transform 38
Transform: AffineTransform_float_3_3
Parameters: 0.999999 -0.000721735 -0.000138915 0.000721679 0.999999 -0.0002021 0.000139207 0.0002019 1 0.131555 0.0945303 -0.0382913
FixedParameters: 0 0 0

#Transform 39
Transform: AffineTransform_float_3_3
Parameters: 0.999999 -0.000561682 -0.00057853 0.000561711 1 2.46749e-05 0.000578502 -2.53248e-05 1 0.149998 0.110998 -0.0400451
FixedParameters: 0 0 0

#Transform 40
Transform: AffineTransform_float_3_3
Parameters: 1 -0.000600403 -8.64499e-05 0.000600852 1 0.000334795 8.69686e-05 -0.000334205 1 0.108598 0.133288 -0.0781242
FixedParameters: 0 0 0

#Transform 41
Transform: AffineTransform_float_3_3
Parameters: 0.999999 -0.000845288 0.000255727 0.000845356 0.999999 -0.000133784 -0.000255501 0.000134216 1 0.117756 0.0966756 -0.11489
FixedParameters: 0 0 0

#Transform 42
Transform: AffineTransform_float_3_3
Parameters: 1 -0.00066784 3.01942e-06 0.00066823 1 0.000270849 -2.46031e-06 -0.000270151 1 0.104569 0.134548 -0.0631281
FixedParameters: 0 0 0

#Transform 43
Transform: AffineTransform_float_3_3
Parameters: 1 -0.000649095 4.72307e-05 0.000649073 1 0.000237031 -4.75383e-05 -0.000236969 1 0.101552 0.132408 -0.0682107
FixedParameters: 0 0 0

#Transform 44
Transform: AffineTransform_float_3_3
Parameters: 1 -0.00047739 -1.15145e-05 0.000477397 1 0.000299994 1.12281e-05 -0.000300005 1 0.0993907 0.115396 -0.0547933
FixedParameters: 0 0 0

#Transform 45
Transform: AffineTransform_float_3_3
Parameters: 1 -0.000420202 -0.000122802 0.000420365 0.999999 0.000666948 0.000122241 -0.000667051 1 0.0705733 0.134753 -0.0756206
FixedParameters: 0 0 0

#Transform 46
Transform: AffineTransform_float_3_3
Parameters: 1 -0.00025731 -0.000268922 0.000257652 1 0.00063493 0.000268595 -0.000635069 1 0.0903962 0.128106 -0.0714844
FixedParameters: 0 0 0

#Transform 47
Transform: AffineTransform_float_3_3
Parameters: 1 -0.000673023 -1.45581e-05 0.00067304 0.999999 0.00060599 1.37424e-05 -0.000606009 1 0.070403 0.125254 -0.0831653
FixedParameters: 0 0 0

#Transform 48
Transform: AffineTransform_float_3_3
Parameters: 1 -8.94995e-05 0.000127035 9.03543e-05 1 0.000258011 -0.000127472 -0.000257989 1 0.0953266 0.130923 -0.0669099
FixedParameters: 0 0 0

#Transform 49
Transform: AffineTransform_float_3_3
Parameters: 1 -0.000396625 0.000194282 0.000396505 1 0.000310077 -0.000194528 -0.000309923 1 0.0782173 0.13002 -0.081926
FixedParameters: 0 0 0

#Transform 50
Transform: AffineTransform_float_3_3
Parameters: 1 -0.000522833 -0.000195259 0.000522857 1 5.98978e-05 0.000195196 -6.0102e-05 1 0.0993864 0.116978 -0.0614693
FixedParameters: 0 0 0

#Transform 51
Transform: AffineTransform_float_3_3
Parameters: 1 -0.000487556 -0.000258024 0.000487581 1 4.68741e-05 0.000257979 -4.71257e-05 1 0.0931544 0.144626 -0.0732161
FixedParameters: 0 0 0

#Transform 52
Transform: AffineTransform_float_3_3
Parameters: 1 -0.000303178 -2.85203e-06 0.00030318 1 0.000310999 2.66346e-06 -0.000311001 1 0.0765283 0.141861 -0.0699253
FixedParameters: 0 0 0

#Transform 53
Transform: AffineTransform_float_3_3
Parameters: 1 -0.000172173 -2.69143e-05 0.000172191 1 0.000325995 2.6802e-05 -0.000326005 1 0.072047 0.147036 -0.0809354
FixedParameters: 0 0 0

#Transform 54
Transform: AffineTransform_float_3_3
Parameters: 1 -0.000409549 0.000417188 0.000409549 1 1.70762e-07 -0.000417188 1.70956e-07 1 0.0575884 0.160965 -0.0757501
FixedParameters: 0 0 0

#Transform 55
Transform: AffineTransform_float_3_3
Parameters: 1 0.000189479 -0.000500766 -0.000189269 1 0.000209248 0.000500846 -0.000209752 1 0.0761668 0.146884 -0.115292
FixedParameters: 0 0 0

#Transform 56
Transform: AffineTransform_float_3_3
Parameters: 1 -0.000248731 -9.97703e-05 0.000248758 1 0.000135975 9.97026e-05 -0.000136025 1 0.0683189 0.148707 -0.0662686
FixedParameters: 0 0 0

#Transform 57
Transform: AffineTransform_float_3_3
Parameters: 1 -0.00041699 -0.000521505 0.000416871 1 -0.000114217 0.0005216 0.000113783 1 0.0973533 0.0941325 -0.0233654
FixedParameters: 0 0 0

#Transform 58
Transform: AffineTransform_float_3_3
Parameters: 0.999999 -0.000669419 -0.000504493 0.000668914 1 -0.000114338 0.000503725 0.000113663 1 0.0849635 0.0933914 -0.0305432
FixedParameters: 0 0 0

#Transform 59
Transform: AffineTransform_float_3_3
Parameters: 0.999999 -0.000528907 0.000762566 0.00052854 0.999999 -0.000363444 -0.000761791 0.000363556 1 0.058582 0.112892 -0.0439841
FixedParameters: 0 0 0

#Transform 60
Transform: AffineTransform_float_3_3
Parameters: 0.999999 -0.000459824 -0.00075652 0.000460387 1 0.000372012 0.000756177 -0.000371988 1 0.0908662 0.0859098 -0.0137185
FixedParameters: 0 0 0

#Transform 61
Transform: AffineTransform_float_3_3
Parameters: 1 -0.000351621 0.000356669 0.000351898 1 0.000159125 -0.00035586 -0.000158875 1 0.0324094 0.116751 -0.0484547
FixedParameters: 0 0 0

#Transform 62
Transform: AffineTransform_float_3_3
Parameters: 1 -0.000406269 0.000227849 0.000406264 1 1.20925e-05 -0.000227859 -1.19073e-05 1 0.0502891 0.116476 -0.0499827
FixedParameters: 0 0 0

#Transform 63
Transform: AffineTransform_float_3_3
Parameters: 1 -0.000376921 0.000296943 0.000377002 1 -0.000134888 -0.000296841 0.000135112 1 0.0567966 0.137173 -0.0570859
FixedParameters: 0 0 0

#Transform 64
Transform: AffineTransform_float_3_3
Parameters: 1 -0.000402322 -1.09362e-06 0.000402323 1 0.000557999 6.44634e-07 -0.000558 1 0.0557793 0.127146 -0.0499759
FixedParameters: 0 0 0

#Transform 65
Transform: AffineTransform_float_3_3
Parameters: 1 -0.000641306 3.75167e-05 0.000641301 1 7.28713e-05 -3.76097e-05 -7.21284e-05 1 0.0743393 0.134031 -0.0556205
FixedParameters: 0 0 0

#Transform 66
Transform: AffineTransform_float_3_3
Parameters: 0.999999 -0.000660716 0.000549807 0.000660631 0.999999 7.65157e-05 -0.000549908 -7.64838e-05 1 0.0538829 0.13349 -0.0555279
FixedParameters: 0 0 0

#Transform 67
Transform: AffineTransform_float_3_3
Parameters: 1 -0.000485815 0.000368463 0.000486313 0.999999 0.00110233 -0.000369005 -0.00110267 1 0.0681444 0.118086 -0.0449887
FixedParameters: 0 0 0

#Transform 68
Transform: AffineTransform_float_3_3
Parameters: 1 -0.000190387 -0.000108249 0.000190442 1 0.000256979 0.000108152 -0.000257021 1 0.0499018 0.135926 -0.0604333
FixedParameters: 0 0 0

#Transform 69
Transform: AffineTransform_float_3_3
Parameters: 1 -0.000631156 2.55279e-05 0.000631146 1 0.000193016 -2.57715e-05 -0.000192984 1 0.07307 0.123161 -0.0476099
FixedParameters: 0 0 0

#Transform 70
Transform: AffineTransform_float_3_3
Parameters: 1 -0.00057144 0.000232866 0.000571496 1 -0.000120867 -0.000232727 0.000121133 1 0.0633565 0.116025 -0.04454
FixedParameters: 0 0 0

#Transform 71
Transform: AffineTransform_float_3_3
Parameters: 0.999999 -0.000689921 0.000562616 0.000690338 0.999999 -0.000370459 -0.000562105 0.000370541 1 0.0696759 0.112294 -0.045655
FixedParameters: 0 0 0

#Transform 72
Transform: AffineTransform_float_3_3
Parameters: 1 -0.000514663 0.000315644 0.00051448 1 0.000909803 -0.00031566 -0.000910197 0.999999 0.0751467 0.135354 0.0401832
FixedParameters: 0 0 0

#Transform 73
Transform: AffineTransform_float_3_3
Parameters: 0.999999 -0.00081467 0.000565648 0.000815095 1 -0.000375899 -0.000565035 0.000376101 1 0.0602329 0.121487 -0.0121058
FixedParameters: 0 0 0

#Transform 74
Transform: AffineTransform_float_3_3
Parameters: 1 -0.000506818 -0.000187684 0.000507542 0.999999 -0.000524095 0.000187825 0.000523905 1 0.0695559 0.108565 -0.006852
FixedParameters: 0 0 0

#Transform 75
Transform: AffineTransform_float_3_3
Parameters: 0.999999 -0.000845753 0.000492615 0.000845745 0.999999 8.56911e-06 -0.000492629 -8.4305e-06 1 0.0672998 0.127676 0.0518021
FixedParameters: 0 0 0

#Transform 76
Transform: AffineTransform_float_3_3
Parameters: 0.999999 -0.000727938 0.00130906 0.00072919 1 -0.000478253 -0.00130836 0.000478746 0.999999 0.0757615 0.115969 0.00639167
FixedParameters: 0 0 0

#Transform 77
Transform: AffineTransform_float_3_3
Parameters: 1 -0.000783254 0.000638996 0.000783464 0.999999 -0.00119135 -0.000637659 0.00119165 1 0.0876638 0.102488 0.0060451
FixedParameters: 0 0 0

#Transform 78
Transform: AffineTransform_float_3_3
Parameters: 0.999998 -0.00101934 0.00121545 0.00102028 0.999999 -0.00108797 -0.00121468 0.00108903 0.999999 0.0822863 0.10948 0.026074
FixedParameters: 0 0 0

#Transform 79
Transform: AffineTransform_float_3_3
Parameters: 0.999999 -0.00143409 0.00115929 0.00143381 0.999998 0.000122455 -0.00115964 -0.000120544 0.999999 0.096476 0.0970377 -0.000418365
FixedParameters: 0 0 0

#Transform 80
Transform: AffineTransform_float_3_3
Parameters: 0.999998 -0.00154313 0.000802332 0.00154368 0.999999 -0.000346329 -0.000801262 0.000346671 1 0.096494 0.189181 -0.0832781
FixedParameters: 0 0 0

#Transform 81
Transform: AffineTransform_float_3_3
Parameters: 0.999998 -0.0014464 0.000694876 0.0014473 0.999999 -0.000923715 -0.000693123 0.000924285 0.999999 0.0952528 0.101114 -0.0216539
FixedParameters: 0 0 0

#Transform 82
Transform: AffineTransform_float_3_3
Parameters: 0.999999 -0.00125921 0.000864409 0.00125961 0.999999 -0.000453272 -0.000864186 0.000454729 0.999999 0.078718 0.152587 0.000912607
FixedParameters: 0 0 0

#Transform 83
Transform: AffineTransform_float_3_3
Parameters: 0.999998 -0.00147335 0.000631569 0.00147349 0.999998 -0.00042343 -0.00063124 0.000424571 1 0.090526 0.135761 -0.0396166
FixedParameters: 0 0 0

#Transform 84
Transform: AffineTransform_float_3_3
Parameters: 0.999998 -0.00119054 0.001297 0.00119169 0.999999 -0.000443662 -0.00129594 0.000445337 0.999999 0.0685661 0.141125 -0.052623
FixedParameters: 0 0 0

#Transform 85
Transform: AffineTransform_float_3_3
Parameters: 0.999998 -0.00147158 0.00127501 0.00147249 0.999999 -0.00035569 -0.00127396 0.000357309 0.999999 0.0907351 0.114431 -0.0469455
FixedParameters: 0 0 0

#Transform 86
Transform: AffineTransform_float_3_3
Parameters: 0.999999 -0.00118474 0.00131131 0.00118499 0.999999 -9.25008e-05 -0.00131109 9.34994e-05 0.999999 0.0748106 0.121106 -0.0490498
FixedParameters: 0 0 0

#Transform 87
Transform: AffineTransform_float_3_3
Parameters: 0.999998 -0.00107571 0.00156812 0.00107599 0.999999 -8.90078e-05 -0.00156792 9.09924e-05 0.999999 0.0585695 0.111756 -0.033205
FixedParameters: 0 0 0

#Transform 88
Transform: AffineTransform_float_3_3
Parameters: 0.999999 -0.000970267 0.00117912 0.000970747 1 -0.000203063 -0.00117873 0.000203937 0.999999 0.0745742 0.112911 -0.0448206
FixedParameters: 0 0 0

#Transform 89
Transform: AffineTransform_float_3_3
Parameters: 1 -0.000949534 0.000478403 0.000949858 1 -0.000338906 -0.000477759 0.000339094 1 0.075906 0.123351 -0.0178264
FixedParameters: 0 0 0

#Transform 90
Transform: AffineTransform_float_3_3
Parameters: 0.999999 -0.001039 0.00147413 0.00104048 0.999999 -0.000634315 -0.00147373 0.000636685 0.999999 0.0682817 0.126682 -0.0113081
FixedParameters: 0 0 0

#Transform 91
Transform: AffineTransform_float_3_3
Parameters: 1 -0.00101321 -7.77116e-05 0.00101403 1 -0.000636592 7.86112e-05 0.000636409 0.999999 0.100877 0.106686 0.0209742
FixedParameters: 0 0 0

#Transform 92
Transform: AffineTransform_float_3_3
Parameters: 1 -0.00102315 0.000614418 0.00102359 0.999999 -0.000673731 -0.000613959 0.000674269 0.999999 0.0532099 0.129288 -0.0244578
FixedParameters: 0 0 0

#Transform 93
Transform: AffineTransform_float_3_3
Parameters: 0.999999 -0.00125303 0.000388097 0.00125303 0.999999 -0.000493874 -0.000387779 0.000494127 1 0.0801711 0.107418 -0.0224719
FixedParameters: 0 0 0

#Transform 94
Transform: AffineTransform_float_3_3
Parameters: 0.999999 -0.00128111 0.000529134 0.00128186 0.999999 -0.00108268 -0.000527279 0.00108332 1 0.0969472 0.13108 -0.0165009
FixedParameters: 0 0 0

#Transform 95
Transform: AffineTransform_float_3_3
Parameters: 0.999999 -0.00125087 0.00089604 0.00125254 0.999998 -0.00136824 -0.000894454 0.00136976 0.999998 0.0685345 0.128996 -0.024438
FixedParameters: 0 0 0

#Transform 96
Transform: AffineTransform_float_3_3
Parameters: 0.999999 -0.00143812 0.000359084 0.00143803 0.999999 -0.000423844 -0.000358784 0.000424157 1 0.0981834 0.121504 -0.0367869
FixedParameters: 0 0 0

#Transform 97
Transform: AffineTransform_float_3_3
Parameters: 0.999999 -0.00106321 0.000727165 0.00106389 0.999999 -0.000736587 -0.000726518 0.000737413 0.999999 0.0948159 0.125951 -0.0260323
FixedParameters: 0 0 0

#Transform 98
Transform: AffineTransform_float_3_3
Parameters: 0.999999 -0.00168651 0.000794672 0.00168742 0.999998 -0.000819227 -0.000792827 0.000819772 0.999999 0.0849165 0.108477 -0.00826574
FixedParameters: 0 0 0

#Transform 99
Transform: AffineTransform_float_3_3
Parameters: 0.999999 -0.00153012 0.000255523 0.00153018 0.999999 -0.000891124 -0.000253715 0.000891878 1 0.10869 0.109098 -0.0086921
FixedParameters: 0 0 0

#Transform 100
Transform: AffineTransform_float_3_3
Parameters: 0.999999 -0.00143072 0.00020562 0.00143031 0.999998 -0.000891066 -0.000204911 0.000890934 0.999999 0.124652 0.129963 -0.00231733
FixedParameters: 0 0 0

#Transform 101
Transform: AffineTransform_float_3_3
Parameters: 0.999999 -0.00156151 -0.00010162 0.00156184 0.999999 -0.000950673 0.000103277 0.000950329 1 0.10535 0.125528 -0.0129794
FixedParameters: 0 0 0

#Transform 102
Transform: AffineTransform_float_3_3
Parameters: 1 -0.00115644 0.000313866 0.00115661 0.999999 -0.000890997 -0.000312726 0.000891002 0.999999 0.113577 0.123628 -0.0150825
FixedParameters: 0 0 0

#Transform 103
Transform: AffineTransform_float_3_3
Parameters: 0.999999 -0.00134692 0.00104124 0.00134802 0.999999 -0.000717317 -0.00104023 0.000718683 0.999999 0.0751481 0.12233 -0.0269022
FixedParameters: 0 0 0

#Transform 104
Transform: AffineTransform_float_3_3
Parameters: 0.999999 -0.0009088 0.000316079 0.000908972 0.999999 -0.000891073 -0.00031538 0.000890927 0.999999 0.0806129 0.12072 -0.00765519
FixedParameters: 0 0 0

#Transform 105
Transform: AffineTransform_float_3_3
Parameters: 0.999999 -0.00111664 0.00094365 0.00111804 0.999999 -0.000948946 -0.000942447 0.000951054 0.999999 0.0666492 0.134998 -0.0169031
FixedParameters: 0 0 0

#Transform 106
Transform: AffineTransform_float_3_3
Parameters: 0.999999 -0.000572171 -0.000691199 0.000571715 0.999999 -0.000713036 0.000690704 0.000712965 1 0.0960141 0.119021 0.000359137
FixedParameters: 0 0 0

#Transform 107
Transform: AffineTransform_float_3_3
Parameters: 0.999999 -0.00143894 -0.000322878 0.00143918 0.999999 -0.000458978 0.000322886 0.000458024 0.999999 0.0753581 0.129225 -0.00830373
FixedParameters: 0 0 0

#Transform 108
Transform: AffineTransform_float_3_3
Parameters: 0.999999 -0.0014565 -3.15669e-05 0.00145738 0.999999 -0.000634559 3.30251e-05 0.00063444 0.999999 0.0868894 0.139469 -0.00881886
FixedParameters: 0 0 0

#Transform 109
Transform: AffineTransform_float_3_3
Parameters: 0.999999 -0.00125748 -0.00070719 0.00125582 0.999997 -0.00192168 0.000709397 0.00192132 0.999998 0.0995141 0.114286 0.0377953
FixedParameters: 0 0 0

#Transform 110
Transform: AffineTransform_float_3_3
Parameters: 0.999999 -0.000923001 -0.000146114 0.000923214 0.999999 -0.00108029 0.000146798 0.00108071 0.999999 0.0952772 0.118322 0.0345101
FixedParameters: 0 0 0

#Transform 111
Transform: AffineTransform_float_3_3
Parameters: 0.999997 -0.00173341 -0.00128434 0.00173286 0.999999 -0.000421325 0.00128449 0.000419677 0.999999 0.0898358 0.153221 -0.0311955
FixedParameters: 0 0 0

#Transform 112
Transform: AffineTransform_float_3_3
Parameters: 0.999998 -0.00158798 -0.000427095 0.00158708 0.999997 -0.00184119 0.000429395 0.00183981 0.999998 0.0828642 0.190212 -0.131214
FixedParameters: 0 0 0

#Transform 113
Transform: AffineTransform_float_3_3
Parameters: 1 -0.000998406 -0.000189418 0.000997855 0.999998 -0.00181434 0.000190808 0.00181466 0.999998 0.105402 0.177509 -0.120529
FixedParameters: 0 0 0

#Transform 114
Transform: AffineTransform_float_3_3
Parameters: 1 -0.00105554 -0.000456787 0.00105534 0.999998 -0.00137948 0.000457075 0.00137852 0.999999 0.0901886 0.204401 -0.112626
FixedParameters: 0 0 0

#Transform 115
Transform: AffineTransform_float_3_3
Parameters: 0.999999 -0.00112832 -0.000829024 0.00112743 0.999998 -0.00141273 0.000830509 0.00141227 0.999999 0.0969945 0.206117 -0.10803
FixedParameters: 0 0 0

#Transform 116
Transform: AffineTransform_float_3_3
Parameters: 1 -0.00103929 -0.000551996 0.00103862 0.999999 -0.00108273 0.000552934 0.00108227 0.999999 0.120108 0.212505 -0.11398
FixedParameters: 0 0 0

#Transform 117
Transform: AffineTransform_float_3_3
Parameters: 0.999999 -0.000825612 -0.000571916 0.000824099 0.999998 -0.00178447 0.000573547 0.00178353 0.999998 0.0941483 0.211072 -0.12238
FixedParameters: 0 0 0

#Transform 118
Transform: AffineTransform_float_3_3
Parameters: 1 -0.000918366 -0.000659038 0.000918121 1 -0.000883759 0.000660269 0.000883242 0.999999 0.118966 0.180506 -0.0982879
FixedParameters: 0 0 0

#Transform 119
Transform: AffineTransform_float_3_3
Parameters: 1 -0.00120333 -5.33289e-05 0.00120329 0.999998 -0.00159558 5.49369e-05 0.00159542 0.999998 0.0895133 0.187404 -0.125106
FixedParameters: 0 0 0

#Transform 120
Transform: AffineTransform_float_3_3
Parameters: 1 -0.000906407 -0.000761438 0.000905209 0.999999 -0.00173784 0.000762884 0.00173716 0.999998 0.103228 0.197118 -0.1161
FixedParameters: 0 0 0

#Transform 121
Transform: AffineTransform_float_3_3
Parameters: 0.999999 -0.00129986 -0.00058838 0.00129856 0.999998 -0.00155092 0.000591098 0.00155008 0.999999 0.1002 0.208944 -0.118623
FixedParameters: 0 0 0

#Transform 122
Transform: AffineTransform_float_3_3
Parameters: 1 -0.0010774 -0.00028301 0.00107788 0.999998 -0.00171846 0.000285012 0.00171854 0.999999 0.115769 0.21172 -0.123967
FixedParameters: 0 0 0

#Transform 123
Transform: AffineTransform_float_3_3
Parameters: 1 -0.00111403 -0.000151987 0.00111359 0.999998 -0.00187532 0.000153933 0.00187568 0.999998 0.114588 0.206418 -0.138269
FixedParameters: 0 0 0

#Transform 124
Transform: AffineTransform_float_3_3
Parameters: 0.999999 -0.000937911 0.000260635 0.000937908 0.999999 -0.00149612 -0.000259669 0.00149589 0.999999 0.0872289 0.208788 -0.130314
FixedParameters: 0 0 0

#Transform 125
Transform: AffineTransform_float_3_3
Parameters: 1 -0.000635198 0.000129028 0.000635042 1 -0.000912278 -0.00012879 0.000911722 0.999999 0.136167 0.197359 -0.0923469
FixedParameters: 0 0 0

#Transform 126
Transform: AffineTransform_float_3_3
Parameters: 0.999999 -0.00129572 0.000510186 0.00129666 0.999997 -0.0016877 -0.000507651 0.0016883 0.999998 0.10456 0.205043 -0.126226
FixedParameters: 0 0 0

#Transform 127
Transform: AffineTransform_float_3_3
Parameters: 1 -0.00115235 -0.000242775 0.00115132 0.999998 -0.00131043 0.000244874 0.00131057 0.999999 0.124747 0.217173 -0.109631
FixedParameters: 0 0 0

#Transform 128
Transform: AffineTransform_float_3_3
Parameters: 0.999999 -0.00118506 0.000723537 0.00118741 0.999997 -0.0021685 -0.000720233 0.00216949 0.999997 0.0978044 0.205136 -0.126279
FixedParameters: 0 0 0

#Transform 129
Transform: AffineTransform_float_3_3
Parameters: 0.999999 -0.0014895 -0.000283704 0.00148972 0.999998 -0.00147194 0.000285465 0.00147106 0.999999 0.12832 0.192417 -0.0921503
FixedParameters: 0 0 0

#Transform 130
Transform: AffineTransform_float_3_3
Parameters: 0.999999 -0.00116677 0.000493899 0.00116735 0.999999 -0.00137378 -0.000492533 0.00137422 0.999999 0.0898335 0.21495 -0.100016
FixedParameters: 0 0 0

#Transform 131
Transform: AffineTransform_float_3_3
Parameters: 0.999999 -0.00109776 -0.000599891 0.00109695 0.999999 -0.00111881 0.000601035 0.00111819 0.999999 0.123712 0.170135 -0.00473974
FixedParameters: 0 0 0

#Transform 132
Transform: AffineTransform_float_3_3
Parameters: 0.999999 -0.001231 -5.51944e-05 0.00123049 0.999999 -0.00108222 5.69385e-05 0.00108278 0.999999 0.110202 0.190926 -0.0719297
FixedParameters: 0 0 0

#Transform 133
Transform: AffineTransform_float_3_3
Parameters: 0.999999 -0.00133285 0.000121233 0.001333 0.999999 -0.000636351 -0.000119536 0.000636648 0.999999 0.128474 0.200403 -0.0741439
FixedParameters: 0 0 0

#Transform 134
Transform: AffineTransform_float_3_3
Parameters: 0.999998 -0.001875 8.65045e-05 0.00187533 0.999998 -0.00114051 -8.4457e-05 0.0011415 0.999999 0.105403 0.209039 -0.100762
FixedParameters: 0 0 0

#Transform 135
Transform: AffineTransform_float_3_3
Parameters: 0.999999 -0.00139681 -0.000281408 0.00139677 0.999998 -0.00100955 0.000282917 0.00100945 1 0.142284 0.177523 -0.0297689
FixedParameters: 0 0 0

#Transform 136
Transform: AffineTransform_float_3_3
Parameters: 0.999999 -0.00155301 -0.000285125 0.00155239 0.999998 -0.00131496 0.000286975 0.00131404 0.999999 0.105067 0.209227 -0.0974897
FixedParameters: 0 0 0

#Transform 137
Transform: AffineTransform_float_3_3
Parameters: 0.999999 -0.00152747 -0.000403411 0.00152642 0.999998 -0.00146477 0.000405652 0.00146423 0.999999 0.118875 0.220297 -0.126112
FixedParameters: 0 0 0

#Transform 138
Transform: AffineTransform_float_3_3
Parameters: 0.999999 -0.001279 -0.000462072 0.00127828 0.999997 -0.00192274 0.000464366 0.00192225 0.999998 0.0986305 0.223339 -0.136665
FixedParameters: 0 0 0

#Transform 139
Transform: AffineTransform_float_3_3
Parameters: 0.999998 -0.00152045 -0.00136071 0.00151853 0.999998 -0.00157786 0.00136341 0.00157514 0.999998 0.120289 0.218976 -0.19528
FixedParameters: 0 0 0

#Transform 140
Transform: AffineTransform_float_3_3
Parameters: 0.999997 -0.00160941 -0.00154972 0.00160105 0.999984 -0.00532108 0.0015579 0.00531892 0.999984 0.147459 0.237644 -0.580169
FixedParameters: 0 0 0

#Transform 141
Transform: AffineTransform_float_3_3
Parameters: 0.999998 -0.00178865 -0.000707084 0.00178494 0.999988 -0.00456857 0.00071462 0.00456742 0.999989 0.0900583 0.276296 -0.481476
FixedParameters: 0 0 0

#Transform 142
Transform: AffineTransform_float_3_3
Parameters: 0.999999 -0.00113369 -0.00108787 0.00113288 0.999999 -0.00103903 0.00108852 0.00103798 0.999999 0.134131 0.24756 -0.161505
FixedParameters: 0 0 0

#Transform 143
Transform: AffineTransform_float_3_3
Parameters: 0.999999 -0.00124272 -0.000529538 0.00124214 0.999999 -0.00105381 0.000530845 0.00105319 0.999999 0.0691736 0.264196 -0.154243
FixedParameters: 0 0 0

#Transform 144
Transform: AffineTransform_float_3_3
Parameters: 0.999999 -0.00110291 -0.000890022 0.00110134 0.999999 -0.00118113 0.000891313 0.00117987 0.999998 0.127269 0.270094 -0.179328
FixedParameters: 0 0 0

#Transform 145
Transform: AffineTransform_float_3_3
Parameters: 0.999998 -0.000996559 -0.00167098 0.000992976 0.999998 -0.00178146 0.00167243 0.00177954 0.999997 0.0878491 0.271882 -0.205339
FixedParameters: 0 0 0

#Transform 146
Transform: AffineTransform_float_3_3
Parameters: 1 -0.000678719 -0.00092716 0.000678084 0.999999 -0.00133442 0.000928189 0.00133458 0.999999 0.115256 0.279432 -0.185616
FixedParameters: 0 0 0

#Transform 147
Transform: AffineTransform_float_3_3
Parameters: 0.999999 -0.00113084 -0.000923438 0.00112925 0.999998 -0.0016452 0.000925453 0.0016438 0.999998 0.0927571 0.252269 -0.189177
FixedParameters: 0 0 0

#Transform 148
Transform: AffineTransform_float_3_3
Parameters: 0.999999 -0.000837411 -0.00104856 0.000835783 0.999998 -0.00165267 0.00105054 0.00165233 0.999998 0.116796 0.257448 -0.168928
FixedParameters: 0 0 0

#Transform 149
Transform: AffineTransform_float_3_3
Parameters: 0.999999 -0.00107383 -0.000790841 0.00107189 0.999998 -0.002138 0.000793726 0.002137 0.999997 0.0786228 0.248631 -0.165986
FixedParameters: 0 0 0

#Transform 150
Transform: AffineTransform_float_3_3
Parameters: 0.999998 -0.00153579 0.000420487 0.00153578 0.999999 1.31331e-05 -0.000420525 -1.18662e-05 1 0.0678246 0.221935 -0.0894377
FixedParameters: 0 0 0

#Transform 151
Transform: AffineTransform_float_3_3
Parameters: 0.999997 -0.00188355 0.00105736 0.00188389 0.999998 -0.000160575 -0.00105676 0.000162425 1 0.0520936 0.211675 -0.0837088
FixedParameters: 0 0 0

#Transform 152
Transform: AffineTransform_float_3_3
Parameters: 0.999999 -0.00172982 0.000562459 0.00172996 0.999999 -0.0004699 -0.000561751 0.000471101 0.999999 0.0763927 0.214736 -0.0720661
FixedParameters: 0 0 0

#Transform 153
Transform: AffineTransform_float_3_3
Parameters: 0.999997 -0.0018 0.00123889 0.0018001 0.999998 -3.9337e-05 -0.00123874 4.16636e-05 0.999999 0.0560924 0.241865 -0.0990719
FixedParameters: 0 0 0

#Transform 154
Transform: AffineTransform_float_3_3
Parameters: 0.999998 -0.00150246 0.000731703 0.00150298 0.999999 -0.000884621 -0.000730884 0.00088538 0.999999 0.0956482 0.22916 -0.0546178
FixedParameters: 0 0 0

#Transform 155
Transform: AffineTransform_float_3_3
Parameters: 0.999997 -0.00185709 0.00120918 0.00185665 0.999998 -0.000197322 -0.00120805 0.000199678 0.999999 0.0535858 0.240373 -0.0973385
FixedParameters: 0 0 0

#Transform 156
Transform: AffineTransform_float_3_3
Parameters: 0.999998 -0.00142079 0.00146864 0.00142155 0.999999 -0.000392327 -0.00146844 0.000393673 0.999999 0.0606766 0.238873 -0.0906713
FixedParameters: 0 0 0

#Transform 157
Transform: AffineTransform_float_3_3
Parameters: 0.999998 -0.00144456 0.0013462 0.00144433 0.999999 -0.000400623 -0.00134557 0.000402378 0.999999 0.0573904 0.22967 -0.0911652
FixedParameters: 0 0 0

#Transform 158
Transform: AffineTransform_float_3_3
Parameters: 0.999998 -0.00134271 0.00158681 0.00134237 0.999999 -1.62843e-05 -0.00158769 1.77182e-05 0.999999 0.026023 0.233654 -0.0945907
FixedParameters: 0 0 0

#Transform 159
Transform: AffineTransform_float_3_3
Parameters: 0.999997 -0.0018099 0.00163045 0.00181156 0.999997 -0.00114946 -0.00162865 0.00115254 0.999998 0.0618856 0.204453 -0.0882092
FixedParameters: 0 0 0

#Transform 160
Transform: AffineTransform_float_3_3
Parameters: 0.999999 -0.00140918 0.0012296 0.00140958 0.999999 -0.000697835 -0.00122816 0.000699165 0.999999 0.0492069 0.221108 -0.0857314
FixedParameters: 0 0 0

#Transform 161
Transform: AffineTransform_float_3_3
Parameters: 0.999998 -0.00170383 0.0015843 0.00170538 0.999999 -0.000735715 -0.00158363 0.000738287 0.999999 0.0340359 0.225255 -0.0884329
FixedParameters: 0 0 0

#Transform 162
Transform: AffineTransform_float_3_3
Parameters: 0.999999 -0.0014176 0.00121049 0.00141771 0.999999 -0.000203851 -0.00121083 0.000205151 0.999999 0.0695459 0.211089 -0.0834105
FixedParameters: 0 0 0

#Transform 163
Transform: AffineTransform_float_3_3
Parameters: 0.999999 -0.0015103 0.000992609 0.00150983 0.999999 0.000235779 -0.000993319 -0.000234219 0.999999 0.0574125 0.208067 -0.0789488
FixedParameters: 0 0 0

#Transform 164
Transform: AffineTransform_float_3_3
Parameters: 0.999997 -0.00158587 0.00145134 0.00158633 0.999999 -0.000156265 -0.00145084 0.000158735 0.999999 0.0475499 0.223822 -0.0874004
FixedParameters: 0 0 0

#Transform 165
Transform: AffineTransform_float_3_3
Parameters: 0.999998 -0.00148928 0.000803697 0.00148974 0.999999 -0.000533523 -0.000803026 0.000534478 0.999999 0.0541342 0.22854 -0.0872194
FixedParameters: 0 0 0

#Transform 166
Transform: AffineTransform_float_3_3
Parameters: 0.999999 -0.00146024 0.000337467 0.00146027 0.999999 -5.38672e-05 -0.00033731 5.41332e-05 1 0.0970121 0.199568 -0.0510947
FixedParameters: 0 0 0

#Transform 167
Transform: AffineTransform_float_3_3
Parameters: 0.999998 -0.00170485 0.000951134 0.00170523 0.999999 -0.000198098 -0.000950455 0.000199902 0.999999 0.0605335 0.219848 -0.0877974
FixedParameters: 0 0 0

#Transform 168
Transform: AffineTransform_float_3_3
Parameters: 0.999998 -0.0018451 0.000843451 0.00184549 0.999998 -0.000227164 -0.00084261 0.000228836 1 0.080708 0.224147 -0.0890801
FixedParameters: 0 0 0

#Transform 169
Transform: AffineTransform_float_3_3
Parameters: 0.999998 -0.00170191 0.000950281 0.00170264 0.999999 -0.000386102 -0.000948964 0.000387897 0.999999 0.0668164 0.238146 -0.0899982
FixedParameters: 0 0 0

#Transform 170
Transform: AffineTransform_float_3_3
Parameters: 0.999998 -0.00158615 0.000596163 0.00158616 0.999998 -6.4144e-06 -0.000596141 7.58624e-06 1 0.0570125 0.225549 -0.0942224
FixedParameters: 0 0 0

#Transform 171
Transform: AffineTransform_float_3_3
Parameters: 0.999998 -0.00172528 0.000823744 0.0017254 0.999999 -7.12986e-05 -0.000823495 7.27019e-05 1 0.0876642 0.23012 -0.0982037
FixedParameters: 0 0 0

#Transform 172
Transform: AffineTransform_float_3_3
Parameters: 0.999998 -0.00168538 0.00148102 0.00168504 0.999998 0.000115929 -0.00148141 -0.00011307 0.999998 0.0728385 0.215594 -0.0961505
FixedParameters: 0 0 0

#Transform 173
Transform: AffineTransform_float_3_3
Parameters: 0.999999 -0.00139406 0.000235802 0.0013934 0.999997 0.00192297 -0.00023801 -0.00192303 0.999998 0.106072 0.230539 -0.0374273
FixedParameters: 0 0 0

#Transform 174
Transform: AffineTransform_float_3_3
Parameters: 0.999997 -0.00196824 0.00137849 0.0019695 0.999998 -0.00121422 -0.00137608 0.00121679 0.999998 0.0618544 0.201369 -0.105535
FixedParameters: 0 0 0

#Transform 175
Transform: AffineTransform_float_3_3
Parameters: 0.999998 -0.00173091 4.25783e-05 0.0017309 0.999998 7.95611e-05 -4.28535e-05 -7.94379e-05 1 0.107285 0.223851 -0.0999136
FixedParameters: 0 0 0

#Transform 176
Transform: AffineTransform_float_3_3
Parameters: 0.999997 -0.00169362 0.00134827 0.00169582 0.999996 -0.00207828 -0.00134412 0.00208071 0.999997 0.117941 0.168909 -0.14263
FixedParameters: 0 0 0

#Transform 177
Transform: AffineTransform_float_3_3
Parameters: 0.999999 -0.00135462 0.000698535 0.0013558 0.999999 -0.00112641 -0.000696401 0.00112759 0.999999 0.104653 0.200004 -0.0947294
FixedParameters: 0 0 0

#Transform 178
Transform: AffineTransform_float_3_3
Parameters: 0.999998 -0.00150312 0.000518011 0.00150307 0.999998 -0.000323582 -0.000517957 0.000324419 1 0.0923902 0.211113 -0.0852167
FixedParameters: 0 0 0

#Transform 179
Transform: AffineTransform_float_3_3
Parameters: 0.999999 -0.00163365 0.000614854 0.00163373 0.999999 -0.000375869 -0.000614544 0.000377133 0.999999 0.101815 0.233754 -0.0982561
FixedParameters: 0 0 0
