#Insight Transform File V1.0
#Transform 0
Transform: AffineTransform_float_3_3
Parameters: 1 9.15868e-06 0.000113473 -8.96327e-06 0.999999 -0.000861 -0.000113489 0.000860998 0.999999 0.0477273 0.0783044 0.385042
FixedParameters: 0 0 0

#Transform 1
Transform: AffineTransform_float_3_3
Parameters: 0.999999 0.000736098 -0.000105921 -0.000736064 0.999999 0.000161078 0.000106158 -0.000160922 1 -0.0103667 0.00538698 -0.0034119
FixedParameters: 0 0 0

#Transform 2
Transform: AffineTransform_float_3_3
Parameters: 1 0.00111022 -0.000353081 -0.00110922 0.999999 0.000678033 0.000353275 -0.000677968 1 -0.00941292 0.0319694 -0.0203716
FixedParameters: 0 0 0

#Transform 3
Transform: AffineTransform_float_3_3
Parameters: 0.999999 0.00123299 -3.23842e-05 -0.00123293 0.999999 0.000833528 3.44395e-05 -0.00083347 0.999999 0.000377836 0.0152356 -0.036329
FixedParameters: 0 0 0

#Transform 4
Transform: AffineTransform_float_3_3
Parameters: 0.999999 0.000752107 -0.000385781 -0.000751803 0.999999 0.000899931 0.000386214 -0.00090007 0.999999 -0.00400753 0.0138825 -0.0347258
FixedParameters: 0 0 0

#Transform 5
Transform: AffineTransform_float_3_3
Parameters: 0.999999 0.000904694 -0.000240867 -0.000904683 0.999999 0.000833859 0.000241456 -0.000834142 0.999999 0.014897 0.00176616 -0.0576676
FixedParameters: 0 0 0

#Transform 6
Transform: AffineTransform_float_3_3
Parameters: 0.999999 0.000958432 0.000270675 -0.000959274 1 0.000833589 -0.000269997 -0.000833413 1 -0.00103599 0.00417797 -0.0758507
FixedParameters: 0 0 0

#Transform 7
Transform: AffineTransform_float_3_3
Parameters: 0.999999 0.000363245 -0.00150521 -0.000362024 0.999999 0.000406058 0.00150551 -0.000404941 0.999999 -0.0125655 0.0290548 -0.0593291
FixedParameters: 0 0 0

#Transform 8
Transform: AffineTransform_float_3_3
Parameters: 0.999998 0.000507581 -0.00150863 -0.000505802 1 0.000589917 0.00150923 -0.000589082 0.999999 0.0111752 0.000933554 -0.0817083
FixedParameters: 0 0 0

#Transform 9
Transform: AffineTransform_float_3_3
Parameters: 0.999999 0.000558113 -0.000697804 -0.000557718 0.999999 0.000941543 0.000699246 -0.000941458 1 -0.0166409 0.010696 -0.0847685
FixedParameters: 0 0 0

#Transform 10
Transform: AffineTransform_float_3_3
Parameters: 0.999999 0.000728238 -0.000690777 -0.000728547 1 0.000725144 0.000691303 -0.000724857 0.999999 -0.0117656 0.0253267 -0.0606641
FixedParameters: 0 0 0

#Transform 11
Transform: AffineTransform_float_3_3
Parameters: 0.999999 0.000395822 -0.000685768 -0.000394938 0.999999 0.000644423 0.000686277 -0.000644576 0.999999 0.00247814 0.0242858 -0.0451248
FixedParameters: 0 0 0

#Transform 12
Transform: AffineTransform_float_3_3
Parameters: 1 0.000448234 -0.00019553 -0.000448112 1 0.000312088 0.00019581 -0.000311912 1 0.000773409 0.027083 -0.045108
FixedParameters: 0 0 0

#Transform 13
Transform: AffineTransform_float_3_3
Parameters: 0.999999 0.000773319 -0.000325426 -0.000773241 1 0.000719892 0.000325619 -0.000720108 1 0.00894901 0.0216077 -0.0538438
FixedParameters: 0 0 0

#Transform 14
Transform: AffineTransform_float_3_3
Parameters: 0.999999 0.000642603 -0.000326378 -0.000642009 1 0.00090785 0.000327544 -0.000908149 0.999999 -0.00390692 0.00864613 -0.0538646
FixedParameters: 0 0 0

#Transform 15
Transform: AffineTransform_float_3_3
Parameters: 1 0.00113936 -0.000330356 -0.00113914 0.999999 0.000926017 0.000331545 -0.000925982 0.999999 0.0254681 0.0101076 -0.0549724
FixedParameters: 0 0 0

#Transform 16
Transform: AffineTransform_float_3_3
Parameters: 0.999999 0.000863076 -0.000390432 -0.000862777 0.999999 0.000882978 0.000391036 -0.000883023 0.999999 0.00684672 0.015783 -0.0762202
FixedParameters: 0 0 0

#Transform 17
Transform: AffineTransform_float_3_3
Parameters: 1 0.00070118 -5.44407e-05 -0.000701429 0.999999 0.00129004 5.53296e-05 -0.00128996 0.999999 0.0144903 0.00636586 -0.13164
FixedParameters: 0 0 0

#Transform 18
Transform: AffineTransform_float_3_3
Parameters: 1 0.000798319 -0.00070022 -0.000797722 0.999999 0.0013612 0.000701863 -0.0013608 0.999999 0.0213656 0.0122575 -0.112014
FixedParameters: 0 0 0

#Transform 19
Transform: AffineTransform_float_3_3
Parameters: 1 0.000771412 -0.000779108 -0.000770812 0.999999 0.0012256 0.000780467 -0.0012244 0.999999 -0.0092169 0.019432 -0.110655
FixedParameters: 0 0 0

#Transform 20
Transform: AffineTransform_float_3_3
Parameters: 1 0.000853183 -0.000801573 -0.000852283 0.999999 0.00137833 0.000803394 -0.00137768 0.999999 -0.0142053 0.020812 -0.119386
FixedParameters: 0 0 0

#Transform 21
Transform: AffineTransform_float_3_3
Parameters: 1 0.000821117 -0.000530751 -0.000820098 0.999999 0.00132644 0.000532007 -0.00132556 0.999999 -0.0263236 0.00573423 -0.129017
FixedParameters: 0 0 0

#Transform 22
Transform: AffineTransform_float_3_3
Parameters: 0.999999 0.0006164 -0.000583338 -0.000615498 0.999999 0.00110836 0.000583783 -0.00110764 0.999999 -0.0211623 0.0205296 -0.103796
FixedParameters: 0 0 0

#Transform 23
Transform: AffineTransform_float_3_3
Parameters: 1 -0.000583178 -1.84264e-05 0.000583625 0.999998 0.00156199 1.75244e-05 -0.00156201 0.999999 0.0386957 0.0415292 -0.0823868
FixedParameters: 0 0 0

#Transform 24
Transform: AffineTransform_float_3_3
Parameters: 1 0.000395505 0.000575353 -0.000395835 1 0.00108677 -0.000574884 -0.00108723 0.999999 0.0755557 0.0787788 -0.0323666
FixedParameters: 0 0 0

#Transform 25
Transform: AffineTransform_float_3_3
Parameters: 0.999999 0.000349384 0.000658942 -0.000349987 1 0.00115577 -0.000658524 -0.00115623 0.999999 0.0288731 0.021611 -0.0747457
FixedParameters: 0 0 0

#Transform 26
Transform: AffineTransform_float_3_3
Parameters: 1 -9.57252e-05 0.000187037 9.51802e-05 0.999999 0.00145602 -0.000187315 -0.00145598 0.999999 0.00465517 0.0516228 -0.0248577
FixedParameters: 0 0 0

#Transform 27
Transform: AffineTransform_float_3_3
Parameters: 1 0.000305041 0.000135904 -0.000305385 0.999999 0.00127096 -0.000135128 -0.00127104 0.999999 -0.00252282 0.0333427 -0.0210001
FixedParameters: 0 0 0

#Transform 28
Transform: AffineTransform_float_3_3
Parameters: 1 8.99296e-05 0.00031048 -9.09606e-05 0.999998 0.00166097 -0.000310179 -0.00166103 0.999998 0.00416165 0.0309165 -0.0132928
FixedParameters: 0 0 0

#Transform 29
Transform: AffineTransform_float_3_3
Parameters: 0.999998 0.00146838 -0.000705368 -0.00146599 0.999993 0.00334868 0.000709669 -0.00334732 0.999994 0.196157 -0.0916112 -0.552996
FixedParameters: 0 0 0

#Transform 30
Transform: AffineTransform_float_3_3
Parameters: 0.999996 0.00241991 0.000867666 -0.00242447 0.999985 0.00487409 -0.000855457 -0.0048769 0.999988 0.0374678 0.0032349 -0.243789
FixedParameters: 0 0 0

#Transform 31
Transform: AffineTransform_float_3_3
Parameters: 0.99999 0.00351198 0.00256605 -0.00352161 0.999987 0.00370642 -0.0025537 -0.00371458 0.99999 0.0184574 0.0248766 -0.286666
FixedParameters: 0 0 0

#Transform 32
Transform: AffineTransform_float_3_3
Parameters: 0.999995 0.00258258 0.00193826 -0.0025892 0.999991 0.00324346 -0.00193051 -0.00324853 0.999993 0.0691529 -0.00414396 -0.185389
FixedParameters: 0 0 0

#Transform 33
Transform: AffineTransform_float_3_3
Parameters: 0.999992 0.00271427 0.00302113 -0.00272655 0.999987 0.00415155 -0.00300937 -0.00415945 0.999987 -0.0122517 -0.0179498 -0.368341
FixedParameters: 0 0 0

#Transform 34
Transform: AffineTransform_float_3_3
Parameters: 0.999991 0.00258919 0.00342758 -0.00260471 0.999986 0.00453438 -0.00341603 -0.00454362 0.999984 0.00276537 -0.0039812 -0.384652
FixedParameters: 0 0 0

#Transform 35
Transform: AffineTransform_float_3_3
Parameters: 0.999989 0.00320246 0.00346619 -0.00321576 0.999988 0.00370591 -0.00345415 -0.00371609 0.999987 0.0442903 -0.00769432 -0.403598
FixedParameters: 0 0 0

#Transform 36
Transform: AffineTransform_float_3_3
Parameters: 0.99999 0.0028519 0.00348126 -0.00286252 0.999991 0.00301939 -0.00347274 -0.00302861 0.999989 0.0258942 0.00664542 -0.356723
FixedParameters: 0 0 0

#Transform 37
Transform: AffineTransform_float_3_3
Parameters: 0.999988 0.0032031 0.00365482 -0.00321287 0.999991 0.00250382 -0.0036467 -0.00251518 0.99999 -0.00672249 -0.00637753 -0.412583
FixedParameters: 0 0 0

#Transform 38
Transform: AffineTransform_float_3_3
Parameters: 0.999992 0.00230381 0.00340931 -0.00231495 0.999992 0.00308155 -0.00340251 -0.00308945 0.99999 0.00882112 -0.0109344 -0.371143
FixedParameters: 0 0 0

#Transform 39
Transform: AffineTransform_float_3_3
Parameters: 0.999991 0.00253945 0.00343362 -0.00254949 0.999993 0.00289854 -0.0034263 -0.00290746 0.99999 0.0414671 -0.00065164 -0.312442
FixedParameters: 0 0 0

#Transform 40
Transform: AffineTransform_float_3_3
Parameters: 0.99999 0.00290944 0.00345102 -0.0029185 0.999992 0.00260728 -0.00344285 -0.00261672 0.999991 0.0125342 0.0210354 -0.307432
FixedParameters: 0 0 0

#Transform 41
Transform: AffineTransform_float_3_3
Parameters: 0.999989 0.00283119 0.00377083 -0.00283932 0.999994 0.00201779 -0.00376563 -0.00202921 0.999991 0.00502245 0.0201092 -0.310081
FixedParameters: 0 0 0

#Transform 42
Transform: AffineTransform_float_3_3
Parameters: 0.999992 0.00275962 0.00308304 -0.00276769 0.999993 0.00239724 -0.00307697 -0.00240576 0.999993 -0.00931189 0.0220459 -0.300629
FixedParameters: 0 0 0

#Transform 43
Transform: AffineTransform_float_3_3
Parameters: 0.999988 0.00302092 0.00366678 -0.00302822 0.999994 0.00196109 -0.00366116 -0.00197191 0.999991 -0.0137291 0.00335824 -0.374623
FixedParameters: 0 0 0

#Transform 44
Transform: AffineTransform_float_3_3
Parameters: 0.999989 0.002851 0.00358927 -0.00286162 0.999991 0.00318324 -0.0035806 -0.00319377 0.999989 -0.00347095 0.0536965 -0.280257
FixedParameters: 0 0 0

#Transform 45
Transform: AffineTransform_float_3_3
Parameters: 0.99999 0.00240908 0.00383091 -0.00241697 0.999994 0.0022979 -0.00382501 -0.0023071 0.99999 0.0368165 0.0369162 -0.177644
FixedParameters: 0 0 0

#Transform 46
Transform: AffineTransform_float_3_3
Parameters: 0.99999 0.00273566 0.00369422 -0.0027475 0.999991 0.00318736 -0.00368495 -0.00319764 0.999988 0.0605206 0.0566387 -0.151836
FixedParameters: 0 0 0

#Transform 47
Transform: AffineTransform_float_3_3
Parameters: 0.99999 0.0031595 0.00297957 -0.00316818 0.999991 0.00298168 -0.00296996 -0.00299132 0.999991 -0.012445 0.0798195 -0.108447
FixedParameters: 0 0 0

#Transform 48
Transform: AffineTransform_float_3_3
Parameters: 0.999993 0.00214266 0.00325358 -0.00215732 0.999988 0.00442007 -0.00324488 -0.00442693 0.999985 0.0531543 0.0803823 -0.000564411
FixedParameters: 0 0 0

#Transform 49
Transform: AffineTransform_float_3_3
Parameters: 0.999989 0.00246136 0.00381162 -0.00248277 0.999981 0.00550658 -0.00379743 -0.00551541 0.999977 0.050906 0.110266 0.0596559
FixedParameters: 0 0 0

#Transform 50
Transform: AffineTransform_float_3_3
Parameters: 0.999989 0.00253142 0.00409378 -0.00255546 0.999979 0.00596395 -0.00407935 -0.00597405 0.999974 0.0142785 0.115654 0.0427869
FixedParameters: 0 0 0

#Transform 51
Transform: AffineTransform_float_3_3
Parameters: 0.99999 0.00242342 0.00394502 -0.00244165 0.999985 0.00473092 -0.00393334 -0.00474008 0.999981 0.0436661 0.0790501 -0.0213435
FixedParameters: 0 0 0

#Transform 52
Transform: AffineTransform_float_3_3
Parameters: 0.999987 0.00268534 0.00416208 -0.00270713 0.999983 0.00519814 -0.00414747 -0.00520985 0.999978 0.0473372 0.0779538 -0.024002
FixedParameters: 0 0 0

#Transform 53
Transform: AffineTransform_float_3_3
Parameters: 0.999988 0.00279853 0.00386028 -0.00281979 0.999981 0.00543637 -0.003845 -0.00544663 0.999978 0.0215176 0.102363 -0.0493324
FixedParameters: 0 0 0

#Transform 54
Transform: AffineTransform_float_3_3
Parameters: 0.999992 0.00264436 0.00293534 -0.00266038 0.999981 0.00556599 -0.00292045 -0.00557301 0.999981 0.0692957 0.0912628 -0.0158882
FixedParameters: 0 0 0

#Transform 55
Transform: AffineTransform_float_3_3
Parameters: 0.99999 0.00299598 0.00352718 -0.00301148 0.999985 0.00460924 -0.00351319 -0.00461977 0.999983 -0.00327259 0.0992391 -0.0212828
FixedParameters: 0 0 0

#Transform 56
Transform: AffineTransform_float_3_3
Parameters: 0.999988 0.00335066 0.00373741 -0.00336348 0.999989 0.00337085 -0.00372651 -0.00338315 0.999987 -0.0225833 0.0643952 -0.108861
FixedParameters: 0 0 0

#Transform 57
Transform: AffineTransform_float_3_3
Parameters: 0.999988 0.00334118 0.00357743 -0.00335964 0.999981 0.00505306 -0.0035608 -0.00506494 0.99998 -0.0227233 0.0817629 -0.0965363
FixedParameters: 0 0 0

#Transform 58
Transform: AffineTransform_float_3_3
Parameters: 0.999988 0.00322911 0.00385634 -0.00324917 0.999982 0.00506406 -0.00384023 -0.00507694 0.999979 0.0175042 0.0624001 -0.072814
FixedParameters: 0 0 0

#Transform 59
Transform: AffineTransform_float_3_3
Parameters: 0.99999 0.00293358 0.00357316 -0.00295316 0.99998 0.00558347 -0.00355647 -0.00559453 0.999978 0.0117169 0.0766583 -0.0561206
FixedParameters: 0 0 0

#Transform 60
Transform: AffineTransform_float_3_3
Parameters: 0.99999 0.003017 0.00331974 -0.00303194 0.999985 0.00447594 -0.0033065 -0.00448606 0.999985 0.0442134 0.0615543 -0.074172
FixedParameters: 0 0 0

#Transform 61
Transform: AffineTransform_float_3_3
Parameters: 0.999991 0.0026032 0.00331747 -0.00261786 0.999986 0.00441462 -0.00330603 -0.00442338 0.999985 0.0407011 0.0767866 -0.0594964
FixedParameters: 0 0 0

#Transform 62
Transform: AffineTransform_float_3_3
Parameters: 0.999991 0.00243339 0.00327787 -0.00244706 0.999987 0.00423543 -0.00326751 -0.00424357 0.999986 0.062726 0.0738707 -0.0618163
FixedParameters: 0 0 0

#Transform 63
Transform: AffineTransform_float_3_3
Parameters: 0.999992 0.00240557 0.00341503 -0.00241918 0.999989 0.00392004 -0.00340603 -0.00392796 0.999986 0.0394437 0.0694695 -0.0723113
FixedParameters: 0 0 0

#Transform 64
Transform: AffineTransform_float_3_3
Parameters: 0.999992 0.00271284 0.00316064 -0.00272583 0.999988 0.00422518 -0.00314888 -0.00423383 0.999986 0.0139437 0.103769 -0.020075
FixedParameters: 0 0 0

#Transform 65
Transform: AffineTransform_float_3_3
Parameters: 0.999993 0.00260908 0.002602 -0.00262484 0.999978 0.00615925 -0.00258532 -0.00616575 0.999978 0.0656546 0.103903 0.00265424
FixedParameters: 0 0 0

#Transform 66
Transform: AffineTransform_float_3_3
Parameters: 0.999989 0.00299782 0.0036477 -0.0030176 0.999982 0.00524437 -0.00363155 -0.00525563 0.99998 0.0136872 0.0571893 -0.125083
FixedParameters: 0 0 0

#Transform 67
Transform: AffineTransform_float_3_3
Parameters: 0.999992 0.00246983 0.00307515 -0.00248623 0.999983 0.00528694 -0.00306226 -0.00529506 0.999981 0.0203022 0.0159721 -0.301657
FixedParameters: 0 0 0

#Transform 68
Transform: AffineTransform_float_3_3
Parameters: 0.999992 0.00256538 0.00329192 -0.00258232 0.999983 0.00515845 -0.00327907 -0.00516755 0.999981 0.0416004 0.0207041 -0.305175
FixedParameters: 0 0 0

#Transform 69
Transform: AffineTransform_float_3_3
Parameters: 0.99999 0.00286835 0.0034458 -0.00288862 0.999979 0.00583607 -0.00342931 -0.00584593 0.999977 -0.0304331 0.105037 -0.229647
FixedParameters: 0 0 0

#Transform 70
Transform: AffineTransform_float_3_3
Parameters: 0.999989 0.00309876 0.00352217 -0.00311739 0.999981 0.00534424 -0.00350566 -0.00535475 0.999979 0.0264164 0.0522564 -0.235432
FixedParameters: 0 0 0

#Transform 71
Transform: AffineTransform_float_3_3
Parameters: 0.999991 0.00279062 0.00319384 -0.00280856 0.999981 0.00549783 -0.00317899 -0.00550717 0.99998 -0.0100677 0.0839635 -0.254981
FixedParameters: 0 0 0

#Transform 72
Transform: AffineTransform_float_3_3
Parameters: 0.999989 0.00290456 0.00372311 -0.00292586 0.999979 0.00571485 -0.00370637 -0.00572515 0.999977 0.00905072 0.0798517 -0.216578
FixedParameters: 0 0 0

#Transform 73
Transform: AffineTransform_float_3_3
Parameters: 0.999987 0.0029908 0.00395347 -0.00301304 0.99998 0.00554935 -0.00393579 -0.00556165 0.999977 -0.0234079 0.0841418 -0.276294
FixedParameters: 0 0 0

#Transform 74
Transform: AffineTransform_float_3_3
Parameters: 0.999987 0.00312044 0.00401866 -0.00314282 0.999979 0.00565748 -0.00400057 -0.00567052 0.999976 -0.0304662 0.0809812 -0.279544
FixedParameters: 0 0 0

#Transform 75
Transform: AffineTransform_float_3_3
Parameters: 0.999988 0.00323206 0.00385628 -0.00325162 0.999982 0.00512026 -0.00384018 -0.00513174 0.999979 0.0442502 0.0849693 -0.238988
FixedParameters: 0 0 0

#Transform 76
Transform: AffineTransform_float_3_3
Parameters: 0.999989 0.00293676 0.0034683 -0.00296004 0.999973 0.00665413 -0.00344957 -0.00666388 0.999972 0.0142255 0.0762695 -0.178558
FixedParameters: 0 0 0

#Transform 77
Transform: AffineTransform_float_3_3
Parameters: 0.999992 0.00210745 0.00356674 -0.00213051 0.999977 0.00650624 -0.00355338 -0.00651277 0.999972 0.0103406 0.136614 -0.101921
FixedParameters: 0 0 0

#Transform 78
Transform: AffineTransform_float_3_3
Parameters: 0.99999 0.00278956 0.00350753 -0.00280296 0.999988 0.00386368 -0.00349714 -0.00387332 0.999987 0.0146966 0.0647939 -0.161628
FixedParameters: 0 0 0

#Transform 79
Transform: AffineTransform_float_3_3
Parameters: 0.999989 0.00286628 0.00377821 -0.00288168 0.999988 0.00409484 -0.00376667 -0.00410516 0.999984 -0.0247784 0.0727481 -0.187242
FixedParameters: 0 0 0

#Transform 80
Transform: AffineTransform_float_3_3
Parameters: 0.99999 0.00253266 0.0037278 -0.00254991 0.999986 0.00457617 -0.00371602 -0.00458583 0.999982 -0.0125189 0.0563804 -0.161932
FixedParameters: 0 0 0

#Transform 81
Transform: AffineTransform_float_3_3
Parameters: 0.999989 0.0029316 0.00372036 -0.00294964 0.999984 0.00483576 -0.00370601 -0.00484624 0.999981 0.00916056 0.078884 -0.112519
FixedParameters: 0 0 0

#Transform 82
Transform: AffineTransform_float_3_3
Parameters: 0.99999 0.00258603 0.00368064 -0.00260416 0.999986 0.00470194 -0.00366863 -0.00471106 0.999982 -0.00397601 0.0658809 -0.142879
FixedParameters: 0 0 0

#Transform 83
Transform: AffineTransform_float_3_3
Parameters: 0.999988 0.00260384 0.00410845 -0.0026208 0.999989 0.00405063 -0.00409745 -0.00406137 0.999984 -0.00424463 0.0597765 -0.162261
FixedParameters: 0 0 0

#Transform 84
Transform: AffineTransform_float_3_3
Parameters: 0.999989 0.00229659 0.0039553 -0.00231117 0.999989 0.00383855 -0.00394646 -0.00384745 0.999985 -0.0101337 0.074926 -0.154874
FixedParameters: 0 0 0

#Transform 85
Transform: AffineTransform_float_3_3
Parameters: 0.99999 0.00253431 0.00371725 -0.00255465 0.999981 0.00557319 -0.00370323 -0.00558281 0.999977 -0.00785446 0.0927052 -0.10255
FixedParameters: 0 0 0

#Transform 86
Transform: AffineTransform_float_3_3
Parameters: 0.999988 0.0025242 0.00424724 -0.00254242 0.999987 0.00428211 -0.00423648 -0.00429289 0.999982 -0.0129489 0.0687058 -0.148286
FixedParameters: 0 0 0

#Transform 87
Transform: AffineTransform_float_3_3
Parameters: 0.999989 0.00262597 0.00403171 -0.00264135 0.99999 0.00381674 -0.00402137 -0.00382726 0.999985 -0.024171 0.0820447 -0.15716
FixedParameters: 0 0 0

#Transform 88
Transform: AffineTransform_float_3_3
Parameters: 0.999991 0.00239278 0.00332946 -0.00240643 0.999989 0.00408793 -0.00331884 -0.00409607 0.999986 -0.0136908 0.0797996 -0.160933
FixedParameters: 0 0 0

#Transform 89
Transform: AffineTransform_float_3_3
Parameters: 0.999992 0.0023884 0.00301014 -0.0023999 0.999989 0.00394671 -0.00300077 -0.00395329 0.999988 0.00441631 0.0747155 -0.152588
FixedParameters: 0 0 0

#Transform 90
Transform: AffineTransform_float_3_3
Parameters: 0.999991 0.00256999 0.00343163 -0.00258251 0.999989 0.00387744 -0.00342195 -0.00388656 0.999987 -0.0193336 0.0465467 -0.169938
FixedParameters: 0 0 0

#Transform 91
Transform: AffineTransform_float_3_3
Parameters: 0.999991 0.00250495 0.00359052 -0.00252027 0.999988 0.00422462 -0.00357999 -0.00423338 0.999984 -0.0269383 0.0579704 -0.181515
FixedParameters: 0 0 0

#Transform 92
Transform: AffineTransform_float_3_3
Parameters: 0.999992 0.00174228 0.00374123 -0.00175701 0.999991 0.00388434 -0.0037348 -0.00389166 0.999986 -0.00628487 0.0504361 -0.161417
FixedParameters: 0 0 0

#Transform 93
Transform: AffineTransform_float_3_3
Parameters: 0.999991 0.0017996 0.00387327 -0.00181275 0.999992 0.00348009 -0.00386655 -0.0034869 0.999986 0.0128012 0.0473237 -0.159156
FixedParameters: 0 0 0

#Transform 94
Transform: AffineTransform_float_3_3
Parameters: 0.999988 0.00238835 0.00411345 -0.00240727 0.999988 0.00439665 -0.00410291 -0.00440635 0.999982 -0.0105287 0.0616193 -0.171906
FixedParameters: 0 0 0

#Transform 95
Transform: AffineTransform_float_3_3
Parameters: 0.99999 0.0026236 0.00367303 -0.00263583 0.999992 0.00320483 -0.00366531 -0.00321418 0.999988 0.041168 0.075002 -0.121944
FixedParameters: 0 0 0

#Transform 96
Transform: AffineTransform_float_3_3
Parameters: 0.999988 0.00272182 0.00403196 -0.00273443 0.999991 0.00312836 -0.00402348 -0.00313964 0.999987 -0.0106406 0.0878785 -0.104809
FixedParameters: 0 0 0

#Transform 97
Transform: AffineTransform_float_3_3
Parameters: 0.99999 0.00279225 0.00348019 -0.00280216 0.999992 0.00291624 -0.00347261 -0.00292576 0.999989 -0.00928647 0.0899997 -0.106599
FixedParameters: 0 0 0

#Transform 98
Transform: AffineTransform_float_3_3
Parameters: 0.999989 0.00261539 0.00394397 -0.00262639 0.999993 0.00269366 -0.00393635 -0.00270434 0.999988 0.0114263 0.0685074 -0.126648
FixedParameters: 0 0 0

#Transform 99
Transform: AffineTransform_float_3_3
Parameters: 0.999986 0.0028352 0.00445892 -0.00284605 0.999993 0.00257026 -0.00445159 -0.00258275 0.999987 -0.00169063 0.0718232 -0.150114
FixedParameters: 0 0 0

#Transform 100
Transform: AffineTransform_float_3_3
Parameters: 0.999986 0.00277524 0.00448438 -0.00278818 0.999992 0.00278996 -0.00447614 -0.00280204 0.999987 0.0128385 0.0682989 -0.127534
FixedParameters: 0 0 0

#Transform 101
Transform: AffineTransform_float_3_3
Parameters: 0.999988 0.00276922 0.00401686 -0.00277892 0.999993 0.00259522 -0.00400935 -0.00260679 0.999989 0.00763997 0.059217 -0.148048
FixedParameters: 0 0 0

#Transform 102
Transform: AffineTransform_float_3_3
Parameters: 0.999984 0.00285592 0.00474686 -0.0028706 0.999991 0.00306705 -0.00473866 -0.00307995 0.999984 -0.0189475 0.0748949 -0.155254
FixedParameters: 0 0 0

#Transform 103
Transform: AffineTransform_float_3_3
Parameters: 0.999984 0.00274834 0.00484306 -0.00276322 0.999992 0.00297145 -0.00483474 -0.00298455 0.999984 -0.00899538 0.0687662 -0.156409
FixedParameters: 0 0 0

#Transform 104
Transform: AffineTransform_float_3_3
Parameters: 0.999982 0.00296621 0.00511062 -0.00298259 0.999991 0.00314316 -0.00510075 -0.00315783 0.999982 0.000525186 0.064447 -0.145024
FixedParameters: 0 0 0

#Transform 105
Transform: AffineTransform_float_3_3
Parameters: 0.999985 0.00302036 0.00452687 -0.00303386 0.999991 0.00308743 -0.00451754 -0.00310057 0.999985 -0.032288 0.0700839 -0.137106
FixedParameters: 0 0 0

#Transform 106
Transform: AffineTransform_float_3_3
Parameters: 0.999985 0.00259998 0.00485987 -0.00261326 0.999992 0.00283728 -0.00485222 -0.00284972 0.999984 -0.00434203 0.0628117 -0.17506
FixedParameters: 0 0 0

#Transform 107
Transform: AffineTransform_float_3_3
Parameters: 0.999986 0.00247421 0.0047218 -0.00248643 0.999993 0.00271003 -0.00471511 -0.00272198 0.999986 -0.0278025 0.0700641 -0.163599
FixedParameters: 0 0 0

#Transform 108
Transform: AffineTransform_float_3_3
Parameters: 0.999988 0.00240934 0.00427054 -0.00242063 0.999994 0.00262719 -0.00426475 -0.00263781 0.999987 -0.00635549 0.0751973 -0.143466
FixedParameters: 0 0 0

#Transform 109
Transform: AffineTransform_float_3_3
Parameters: 0.999987 0.00272312 0.0043413 -0.00273479 0.999993 0.00268887 -0.00433483 -0.00270113 0.999987 -0.0413067 0.0738458 -0.120734
FixedParameters: 0 0 0

#Transform 110
Transform: AffineTransform_float_3_3
Parameters: 0.99999 0.00269416 0.00375116 -0.00270338 0.999993 0.00259451 -0.00374366 -0.00260549 0.999989 -0.0110857 0.0527237 -0.105044
FixedParameters: 0 0 0

#Transform 111
Transform: AffineTransform_float_3_3
Parameters: 0.999987 0.00231488 0.00449277 -0.00232749 0.999993 0.00289395 -0.00448609 -0.00290405 0.999986 -0.00623989 0.071587 -0.125841
FixedParameters: 0 0 0

#Transform 112
Transform: AffineTransform_float_3_3
Parameters: 0.999989 0.00234975 0.00407868 -0.00236166 0.999994 0.0027159 -0.00407239 -0.0027251 0.999988 -0.0168882 0.0702736 -0.123369
FixedParameters: 0 0 0

#Transform 113
Transform: AffineTransform_float_3_3
Parameters: 0.99999 0.00220136 0.00384368 -0.00221125 0.999995 0.00237982 -0.00383891 -0.00238818 0.99999 0.00384235 0.064133 -0.149957
FixedParameters: 0 0 0

#Transform 114
Transform: AffineTransform_float_3_3
Parameters: 0.999988 0.00257979 0.00400165 -0.002587 0.999995 0.00188302 -0.00399633 -0.00189299 0.99999 -0.0128961 0.0695767 -0.160831
FixedParameters: 0 0 0

#Transform 115
Transform: AffineTransform_float_3_3
Parameters: 0.999991 0.00265662 0.00352098 -0.00266702 0.999993 0.00287775 -0.00351308 -0.00288725 0.999989 0.0326165 0.0808213 -0.0671658
FixedParameters: 0 0 0

#Transform 116
Transform: AffineTransform_float_3_3
Parameters: 0.999991 0.00196258 0.0039411 -0.00197231 0.999995 0.0023497 -0.00393667 -0.00235731 0.99999 -0.00580223 0.0789955 -0.0664895
FixedParameters: 0 0 0

#Transform 117
Transform: AffineTransform_float_3_3
Parameters: 0.999981 0.00212429 0.00567995 -0.00213654 0.999995 0.00212689 -0.00567595 -0.00213811 0.999982 -0.0646228 0.0851569 -0.0760064
FixedParameters: 0 0 0

#Transform 118
Transform: AffineTransform_float_3_3
Parameters: 0.999994 0.00195985 0.00292225 -0.00196253 0.999998 0.00108513 -0.00291955 -0.00109088 0.999996 0.00121453 0.0875777 -0.0730212
FixedParameters: 0 0 0

#Transform 119
Transform: AffineTransform_float_3_3
Parameters: 0.999993 0.00144648 0.00349671 -0.00145535 0.999995 0.00258345 -0.00349311 -0.00258855 0.99999 0.00774153 0.0703715 -0.0283534
FixedParameters: 0 0 0

#Transform 120
Transform: AffineTransform_float_3_3
Parameters: 0.999992 0.00162006 0.00381856 -0.00162789 0.999997 0.00186768 -0.00381521 -0.00187432 0.999991 -0.0138108 0.0669627 -0.0785171
FixedParameters: 0 0 0

#Transform 121
Transform: AffineTransform_float_3_3
Parameters: 0.99999 0.00242076 0.00380388 -0.00243254 0.999992 0.00313792 -0.00379594 -0.00314708 0.999988 0.0154483 0.0787103 0.0143745
FixedParameters: 0 0 0

#Transform 122
Transform: AffineTransform_float_3_3
Parameters: 0.999994 0.00244026 0.00254313 -0.0024458 0.999995 0.00194362 -0.00253872 -0.00195038 0.999995 0.0279607 0.0974736 -0.135798
FixedParameters: 0 0 0

#Transform 123
Transform: AffineTransform_float_3_3
Parameters: 0.999993 0.00243694 0.00286454 -0.00243702 0.999997 9.20716e-06 -0.00286448 -1.67934e-05 0.999996 0.00695555 0.0613186 -0.148565
FixedParameters: 0 0 0

#Transform 124
Transform: AffineTransform_float_3_3
Parameters: 0.999992 0.00206705 0.00327733 -0.00206952 0.999997 0.000736795 -0.00327637 -0.000743206 0.999995 0.0233247 0.0605128 0.00358502
FixedParameters: 0 0 0

#Transform 125
Transform: AffineTransform_float_3_3
Parameters: 0.999982 0.00274247 0.00530392 -0.00274066 0.999996 -0.000350526 -0.00530502 0.000336473 0.999986 0.0237292 0.042781 -0.181848
FixedParameters: 0 0 0

#Transform 126
Transform: AffineTransform_float_3_3
Parameters: 0.999982 0.00312805 0.00497834 -0.00312746 0.999995 -0.000212374 -0.00497792 0.00019763 0.999987 0.0379283 0.0399701 -0.239715
FixedParameters: 0 0 0

#Transform 127
Transform: AffineTransform_float_3_3
Parameters: 0.999984 0.003074 0.00476605 -0.00307492 0.999996 0.000282829 -0.00476505 -0.000297174 0.999989 0.030621 0.0239614 -0.229924
FixedParameters: 0 0 0

#Transform 128
Transform: AffineTransform_float_3_3
Parameters: 0.999939 0.00574281 0.00949535 -0.00573288 0.999984 -0.00104203 -0.00950086 0.000987971 0.999954 -0.0553776 -0.119163 -0.652349
FixedParameters: 0 0 0

#Transform 129
Transform: AffineTransform_float_3_3
Parameters: 0.99995 0.00589901 0.00807238 -0.00587273 0.999977 -0.00330275 -0.00809203 0.00325525 0.999962 -0.100381 -0.320356 -1.30709
FixedParameters: 0 0 0

#Transform 130
Transform: AffineTransform_float_3_3
Parameters: 0.999974 0.00480949 0.00548101 -0.00480279 0.999987 -0.00110473 -0.005486 0.00107827 0.999985 -0.0884205 -0.0635601 -0.635701
FixedParameters: 0 0 0

#Transform 131
Transform: AffineTransform_float_3_3
Parameters: 0.999979 0.00431013 0.00488328 -0.00430534 0.99999 -0.000891912 -0.00488708 0.000871083 0.999987 -0.111089 0.0204453 -0.448242
FixedParameters: 0 0 0

#Transform 132
Transform: AffineTransform_float_3_3
Parameters: 0.999977 0.00431007 0.0051898 -0.00430486 0.99999 -0.000881359 -0.0051935 0.000858636 0.999986 -0.0689793 -0.0166557 -0.542401
FixedParameters: 0 0 0

#Transform 133
Transform: AffineTransform_float_3_3
Parameters: 0.999979 0.00452 0.0047757 -0.00451339 0.999989 -0.00125376 -0.00478143 0.00123324 0.999988 -0.101332 -0.00877777 -0.485605
FixedParameters: 0 0 0

#Transform 134
Transform: AffineTransform_float_3_3
Parameters: 0.999972 0.00425293 0.00618958 -0.00424213 0.99999 -0.00183064 -0.00619679 0.00180437 0.999979 -0.119897 -0.0152009 -0.485397
FixedParameters: 0 0 0

#Transform 135
Transform: AffineTransform_float_3_3
Parameters: 0.999973 0.00462517 0.00558941 -0.00461449 0.999988 -0.00181506 -0.00559769 0.00178893 0.999983 -0.116043 -0.0115671 -0.474395
FixedParameters: 0 0 0

#Transform 136
Transform: AffineTransform_float_3_3
Parameters: 0.999976 0.00403365 0.00566938 -0.00402159 0.999989 -0.00218711 -0.00567828 0.00216489 0.999982 -0.11576 -0.0234873 -0.527589
FixedParameters: 0 0 0

#Transform 137
Transform: AffineTransform_float_3_3
Parameters: 0.999979 0.00413171 0.00511739 -0.00411669 0.999988 -0.00281333 -0.00512926 0.00279166 0.999983 -0.0855051 -0.0315014 -0.55255
FixedParameters: 0 0 0

#Transform 138
Transform: AffineTransform_float_3_3
Parameters: 0.999981 0.00371587 0.00490838 -0.00370005 0.999988 -0.00329384 -0.00492032 0.00327516 0.999982 -0.0971762 -0.0421503 -0.587081
FixedParameters: 0 0 0

#Transform 139
Transform: AffineTransform_float_3_3
Parameters: 0.999982 0.0039571 0.0046445 -0.0039424 0.999987 -0.00306214 -0.00465737 0.00304385 0.999985 -0.092471 -0.0345751 -0.542153
FixedParameters: 0 0 0

#Transform 140
Transform: AffineTransform_float_3_3
Parameters: 0.999979 0.00402964 0.00520854 -0.00401381 0.999988 -0.00301782 -0.00522071 0.00299718 0.999982 -0.0907741 -0.0327857 -0.519062
FixedParameters: 0 0 0

#Transform 141
Transform: AffineTransform_float_3_3
Parameters: 0.99998 0.00378205 0.00505915 -0.00376425 0.999986 -0.00353401 -0.00507162 0.00351499 0.999981 -0.0987619 -0.0151756 -0.499558
FixedParameters: 0 0 0

#Transform 142
Transform: AffineTransform_float_3_3
Parameters: 0.99998 0.00405838 0.00497767 -0.00404102 0.999986 -0.00354775 -0.0049922 0.00352725 0.999981 -0.0885492 -0.0149143 -0.513799
FixedParameters: 0 0 0

#Transform 143
Transform: AffineTransform_float_3_3
Parameters: 0.999984 0.00389505 0.00409454 -0.00387787 0.999984 -0.0040773 -0.0041106 0.00406169 0.999983 -0.0590821 -0.0113992 -0.465154
FixedParameters: 0 0 0

#Transform 144
Transform: AffineTransform_float_3_3
Parameters: 0.999981 0.00352947 0.00519217 -0.00350577 0.999983 -0.00457788 -0.00520877 0.00455911 0.999976 -0.0949161 -0.00890865 -0.501562
FixedParameters: 0 0 0

#Transform 145
Transform: AffineTransform_float_3_3
Parameters: 0.999981 0.0036917 0.00490332 -0.00367224 0.999984 -0.00409519 -0.00491812 0.00407681 0.99998 -0.0650187 0.00694344 -0.432893
FixedParameters: 0 0 0

#Transform 146
Transform: AffineTransform_float_3_3
Parameters: 0.999978 0.00389713 0.00526763 -0.00387106 0.999981 -0.00488819 -0.00528605 0.00486781 0.999974 -0.0674481 -0.018069 -0.539206
FixedParameters: 0 0 0

#Transform 147
Transform: AffineTransform_float_3_3
Parameters: 0.999979 0.00392926 0.00511324 -0.00390382 0.99998 -0.00497312 -0.00513264 0.00495289 0.999975 -0.0791718 -0.0136563 -0.520887
FixedParameters: 0 0 0

#Transform 148
Transform: AffineTransform_float_3_3
Parameters: 0.999978 0.00419503 0.00509041 -0.00416763 0.999977 -0.00547069 -0.00511319 0.00544931 0.999972 -0.0809557 -0.0620817 -0.606674
FixedParameters: 0 0 0

#Transform 149
Transform: AffineTransform_float_3_3
Parameters: 0.999979 0.00402929 0.00522026 -0.00400237 0.999979 -0.00506385 -0.00524006 0.00504315 0.999973 -0.105684 -0.0427262 -0.579821
FixedParameters: 0 0 0

#Transform 150
Transform: AffineTransform_float_3_3
Parameters: 0.99998 0.00393318 0.00498601 -0.00390431 0.999976 -0.00576999 -0.0050092 0.00575 0.999971 -0.0868693 -0.0583751 -0.603038
FixedParameters: 0 0 0

#Transform 151
Transform: AffineTransform_float_3_3
Parameters: 0.999976 0.00432434 0.00530741 -0.00429391 0.999974 -0.00575471 -0.00533194 0.00573228 0.999969 -0.0758021 -0.0681657 -0.648331
FixedParameters: 0 0 0

#Transform 152
Transform: AffineTransform_float_3_3
Parameters: 0.999978 0.00409549 0.00510807 -0.00406731 0.999976 -0.0055661 -0.00513146 0.0055449 0.999971 -0.0437646 -0.048625 -0.578068
FixedParameters: 0 0 0

#Transform 153
Transform: AffineTransform_float_3_3
Parameters: 0.999977 0.00402037 0.00557396 -0.00398992 0.999977 -0.00550598 -0.00559615 0.00548402 0.99997 -0.0981673 -0.0386381 -0.588183
FixedParameters: 0 0 0

#Transform 154
Transform: AffineTransform_float_3_3
Parameters: 0.999979 0.00365521 0.00547467 -0.00363032 0.999983 -0.00441649 -0.00549031 0.00439651 0.999976 0.0427903 -0.0529227 -0.591722
FixedParameters: 0 0 0

#Transform 155
Transform: AffineTransform_float_3_3
Parameters: 0.999989 0.00313405 0.00349682 -0.00312829 0.999994 -0.00171415 -0.00350163 0.00170285 0.999992 -0.017668 -0.00765777 -0.524388
FixedParameters: 0 0 0

#Transform 156
Transform: AffineTransform_float_3_3
Parameters: 0.999983 0.00338551 0.00471161 -0.00337078 0.999989 -0.00325761 -0.00472246 0.00324139 0.999983 -0.0718427 0.00114676 -0.456675
FixedParameters: 0 0 0

#Transform 157
Transform: AffineTransform_float_3_3
Parameters: 0.99998 0.00396742 0.00493109 -0.00395097 0.999987 -0.00334111 -0.00494505 0.00332188 0.999982 -0.0971993 -0.0100129 -0.494765
FixedParameters: 0 0 0

#Transform 158
Transform: AffineTransform_float_3_3
Parameters: 0.999977 0.00400166 0.00538086 -0.00398347 0.999986 -0.00339684 -0.0053947 0.00337515 0.99998 -0.107567 -0.0194093 -0.499218
FixedParameters: 0 0 0

#Transform 159
Transform: AffineTransform_float_3_3
Parameters: 0.999977 0.00379025 0.00573327 -0.00376963 0.999986 -0.00367465 -0.00574752 0.00365335 0.999977 -0.0875002 -0.0282662 -0.567425
FixedParameters: 0 0 0

#Transform 160
Transform: AffineTransform_float_3_3
Parameters: 0.999979 0.00404118 0.00519788 -0.00402138 0.999984 -0.00377183 -0.00521239 0.00375117 0.999979 -0.0745084 -0.0206088 -0.554894
FixedParameters: 0 0 0

#Transform 161
Transform: AffineTransform_float_3_3
Parameters: 0.999976 0.00383103 0.00575635 -0.00380181 0.999979 -0.00505495 -0.00577604 0.00503304 0.999971 -0.0845018 -0.0301125 -0.585262
FixedParameters: 0 0 0

#Transform 162
Transform: AffineTransform_float_3_3
Parameters: 0.999976 0.00397378 0.00579655 -0.00394162 0.999977 -0.00552224 -0.00581796 0.00549976 0.999968 -0.0956831 -0.0389097 -0.594703
FixedParameters: 0 0 0

#Transform 163
Transform: AffineTransform_float_3_3
Parameters: 0.999978 0.00372381 0.00559316 -0.00369034 0.999974 -0.00611909 -0.00561599 0.00609892 0.999966 -0.100926 -0.0336538 -0.605906
FixedParameters: 0 0 0

#Transform 164
Transform: AffineTransform_float_3_3
Parameters: 0.999977 0.00396894 0.00561086 -0.00393592 0.999975 -0.00582719 -0.00563332 0.0058048 0.999967 -0.07807 -0.0143104 -0.570704
FixedParameters: 0 0 0

#Transform 165
Transform: AffineTransform_float_3_3
Parameters: 0.999977 0.00372896 0.0056284 -0.00369703 0.999976 -0.00578225 -0.00564958 0.00576175 0.999968 -0.0807443 -0.0612645 -0.602329
FixedParameters: 0 0 0

#Transform 166
Transform: AffineTransform_float_3_3
Parameters: 0.999981 0.00368433 0.00497314 -0.0036552 0.999975 -0.00603455 -0.00499554 0.00601645 0.999969 -0.077797 -0.0453517 -0.604672
FixedParameters: 0 0 0

#Transform 167
Transform: AffineTransform_float_3_3
Parameters: 0.999971 0.0042046 0.00623726 -0.00417019 0.999976 -0.00546234 -0.0062599 0.00543566 0.999966 -0.104258 -0.0515556 -0.59508
FixedParameters: 0 0 0

#Transform 168
Transform: AffineTransform_float_3_3
Parameters: 0.999968 0.0040337 0.00687802 -0.00399513 0.999976 -0.00564973 -0.00690017 0.00562227 0.99996 -0.0741192 -0.0458678 -0.606248
FixedParameters: 0 0 0

#Transform 169
Transform: AffineTransform_float_3_3
Parameters: 0.999973 0.00362733 0.00637504 -0.00358627 0.999972 -0.0066036 -0.00639885 0.0065804 0.999958 -0.0691881 -0.0439822 -0.612079
FixedParameters: 0 0 0

#Transform 170
Transform: AffineTransform_float_3_3
Parameters: 0.99997 0.00389828 0.00668703 -0.00385349 0.99997 -0.00672361 -0.00671229 0.0066974 0.999955 -0.073494 -0.052652 -0.646957
FixedParameters: 0 0 0

#Transform 171
Transform: AffineTransform_float_3_3
Parameters: 0.999977 0.00370641 0.00572367 -0.00366533 0.999969 -0.00705581 -0.00574896 0.00703419 0.999958 -0.048982 -0.0550277 -0.661582
FixedParameters: 0 0 0

#Transform 172
Transform: AffineTransform_float_3_3
Parameters: 0.999971 0.00402492 0.00648478 -0.00397903 0.999967 -0.00705631 -0.00651309 0.00703068 0.999954 -0.0251446 -0.0674734 -0.598307
FixedParameters: 0 0 0

#Transform 173
Transform: AffineTransform_float_3_3
Parameters: 0.99998 0.00350909 0.00512269 -0.0034729 0.999969 -0.00699252 -0.00514767 0.00697448 0.999963 0.0152536 -0.0454138 -0.517311
FixedParameters: 0 0 0

#Transform 174
Transform: AffineTransform_float_3_3
Parameters: 0.999978 0.00366721 0.00565075 -0.00362482 0.999966 -0.00750432 -0.00567758 0.00748368 0.999956 -0.0596149 -0.044455 -0.604218
FixedParameters: 0 0 0

#Transform 175
Transform: AffineTransform_float_3_3
Parameters: 0.99998 0.00314438 0.00544237 -0.00311034 0.999976 -0.00624398 -0.00546153 0.00622702 0.999966 0.0072034 -0.0328104 -0.453556
FixedParameters: 0 0 0

#Transform 176
Transform: AffineTransform_float_3_3
Parameters: 0.999972 0.00376079 0.00638711 -0.00371177 0.999964 -0.00765348 -0.00641589 0.00762852 0.999951 -0.0659411 -0.0738026 -0.588425
FixedParameters: 0 0 0

#Transform 177
Transform: AffineTransform_float_3_3
Parameters: 0.999974 0.00377888 0.00622411 -0.00373475 0.999968 -0.00701915 -0.00625078 0.00699585 0.999956 -0.0267716 -0.0571854 -0.561098
FixedParameters: 0 0 0

#Transform 178
Transform: AffineTransform_float_3_3
Parameters: 0.999995 0.00164378 0.00292754 -0.00164422 0.999999 0.000230193 -0.00292716 -0.000234808 0.999996 -0.0437848 0.0621383 -0.233811
FixedParameters: 0 0 0

#Transform 179
Transform: AffineTransform_float_3_3
Parameters: 0.999996 0.00163938 0.002404 -0.00164135 0.999998 0.00079219 -0.00240218 -0.000795808 0.999996 -0.031177 0.0709602 -0.204931
FixedParameters: 0 0 0
