type      = 1 # LINEAR_RAS_TO_RAS
nxforms   = 1
mean      = 0.0000 0.0000 0.0000
sigma     = 1.0000
1 4 4
1.121245026588440e+00 1.485000015236437e-03 -3.598999977111816e-02 -5.956436157226562e+00 
-1.522300019860268e-02 1.057785034179688e+00 6.643400341272354e-02 -2.266798400878906e+01 
-1.741999993100762e-03 3.422699868679047e-02 1.177669048309326e+00 1.916348266601562e+01 
0.000000000000000e+00 0.000000000000000e+00 0.000000000000000e+00 1.000000000000000e+00 
src volume info
valid = 1  # volume info valid
filename = /out/sourcedata/freesurfer/sub-v1s10x0050964_ses-1/mri/orig_nu.mgz
volume = 256 256 256
voxelsize = 1.000000000000000e+00 1.000000000000000e+00 1.000000000000000e+00
xras   = -1.000000000000000e+00 0.000000000000000e+00 0.000000000000000e+00
yras   = 0.000000000000000e+00 0.000000000000000e+00 -1.000000000000000e+00
zras   = 0.000000000000000e+00 1.000000000000000e+00 0.000000000000000e+00
cras   = 6.447753906250000e+00 1.000000000000000e+00 -1.490362548828125e+01
dst volume info
valid = 1  # volume info valid
filename = /opt/freesurfer/average/mni305.cor.mgz
volume = 256 256 256
voxelsize = 1.000000000000000e+00 1.000000000000000e+00 1.000000000000000e+00
xras   = -1.000000000000000e+00 0.000000000000000e+00 0.000000000000000e+00
yras   = 0.000000000000000e+00 0.000000000000000e+00 -1.000000000000000e+00
zras   = 0.000000000000000e+00 1.000000000000000e+00 0.000000000000000e+00
cras   = 0.000000000000000e+00 0.000000000000000e+00 0.000000000000000e+00
subject fsaverage
fscale 0.100000
