# transform file /out/sourcedata/freesurfer/sub-v1s10x0051007_ses-1/mri/transforms/cc_up.lta
# created by oesteban on Thu Mar 12 03:22:07 2026

type      = 0 # LINEAR_VOX_TO_VOX
nxforms   = 1
mean      = 130.0000 134.0000 118.0000
sigma     = 10000.0000
1 4 4
9.921671748161316e-01 4.132846742868423e-02 1.178833693265915e-01 -1.829399681091309e+01 
-4.103980585932732e-02 9.991457462310791e-01 -4.876104183495045e-03 9.945240020751953e+00 
-1.179841756820679e-01 -4.656613428188905e-10 9.930155873298645e-01 2.897836303710938e+01 
0.000000000000000e+00 0.000000000000000e+00 0.000000000000000e+00 1.000000000000000e+00 
src volume info
valid = 1  # volume info valid
filename = /out/sourcedata/freesurfer/sub-v1s10x0051007_ses-1/mri/norm.mgz
volume = 256 256 256
voxelsize = 1.000000000000000e+00 1.000000000000000e+00 1.000000000000000e+00
xras   = -1.000000000000000e+00 0.000000000000000e+00 0.000000000000000e+00
yras   = 0.000000000000000e+00 0.000000000000000e+00 -1.000000000000000e+00
zras   = 0.000000000000000e+00 1.000000000000000e+00 0.000000000000000e+00
cras   = -7.806625366210938e-01 1.000000000000000e+00 -1.201205444335938e+01
dst volume info
valid = 1  # volume info valid
filename = /out/sourcedata/freesurfer/sub-v1s10x0051007_ses-1/mri/norm.mgz
volume = 256 256 256
voxelsize = 1.000000000000000e+00 1.000000000000000e+00 1.000000000000000e+00
xras   = -1.000000000000000e+00 0.000000000000000e+00 0.000000000000000e+00
yras   = 0.000000000000000e+00 0.000000000000000e+00 -1.000000000000000e+00
zras   = 0.000000000000000e+00 1.000000000000000e+00 0.000000000000000e+00
cras   = -7.806625366210938e-01 1.000000000000000e+00 -1.201205444335938e+01
