#Insight Transform File V1.0
#Transform 0
Transform: AffineTransform_float_3_3
Parameters: 0.999997 -0.00149111 -0.00151675 0.00149666 0.999993 0.00356994 0.00151157 -0.00357305 0.999992 -0.041278 0.329172 0.649628
FixedParameters: 0 0 0

#Transform 1
Transform: AffineTransform_float_3_3
Parameters: 0.999999 0.00135445 0.000559131 -0.00135011 0.99996 -0.00887992 -0.000570955 0.00887908 0.99996 -0.0295474 -0.172587 -0.51605
FixedParameters: 0 0 0

#Transform 2
Transform: AffineTransform_float_3_3
Parameters: 0.999999 0.000441794 0.000747872 -0.00043487 0.999962 -0.00865297 -0.000751802 0.00865303 0.999962 -0.0170027 -0.101557 -0.735541
FixedParameters: 0 0 0

#Transform 3
Transform: AffineTransform_float_3_3
Parameters: 0.999999 0.000443237 0.000737509 -0.000437441 0.999968 -0.00801432 -0.000740911 0.00801367 0.999967 -0.0136223 -0.0831869 -0.756303
FixedParameters: 0 0 0

#Transform 4
Transform: AffineTransform_float_3_3
Parameters: 1 0.000709303 0.000839974 -0.000702455 0.999965 -0.00828323 -0.00084539 0.00828276 0.999966 -0.0204149 -0.0963906 -0.739781
FixedParameters: 0 0 0

#Transform 5
Transform: AffineTransform_float_3_3
Parameters: 0.999999 0.000924158 0.000405131 -0.000921162 0.999962 -0.00867353 -0.000412878 0.00867347 0.999962 -0.00480919 -0.0991945 -0.825117
FixedParameters: 0 0 0

#Transform 6
Transform: AffineTransform_float_3_3
Parameters: 1 0.000949919 0.000735222 -0.000943399 0.999962 -0.00868985 -0.000743555 0.00868915 0.999962 -0.0378561 -0.118822 -0.810868
FixedParameters: 0 0 0

#Transform 7
Transform: AffineTransform_float_3_3
Parameters: 0.999999 0.000833652 0.000420957 -0.000829567 0.999954 -0.00963151 -0.000428718 0.0096315 0.999954 -0.0108679 -0.115805 -0.832585
FixedParameters: 0 0 0

#Transform 8
Transform: AffineTransform_float_3_3
Parameters: 1 8.38249e-05 0.000548118 -7.86152e-05 0.999956 -0.00930304 -0.000548596 0.00930295 0.999956 -0.0130126 -0.120812 -0.82888
FixedParameters: 0 0 0

#Transform 9
Transform: AffineTransform_float_3_3
Parameters: 1 0.000214092 0.000408478 -0.00021074 0.999953 -0.00971108 -0.00041065 0.00971091 0.999953 0.00152913 -0.112413 -0.779974
FixedParameters: 0 0 0

#Transform 10
Transform: AffineTransform_float_3_3
Parameters: 1 0.000335519 2.38332e-05 -0.00033476 0.99995 -0.00992 -2.73303e-05 0.00991999 0.999951 0.0110294 -0.122922 -0.863596
FixedParameters: 0 0 0

#Transform 11
Transform: AffineTransform_float_3_3
Parameters: 1 0.000417696 0.000319619 -0.000414131 0.999949 -0.0100371 -0.000324564 0.0100369 0.999949 0.0104803 -0.117017 -0.803813
FixedParameters: 0 0 0

#Transform 12
Transform: AffineTransform_float_3_3
Parameters: 1 0.000139335 0.00044112 -0.000134921 0.999944 -0.0106401 -0.000443005 0.0106399 0.999944 0.00397723 -0.121866 -0.860602
FixedParameters: 0 0 0

#Transform 13
Transform: AffineTransform_float_3_3
Parameters: 1 0.000341531 0.0005078 -0.000336556 0.999951 -0.00991817 -0.000511261 0.00991782 0.99995 -0.00350702 -0.113684 -0.784489
FixedParameters: 0 0 0

#Transform 14
Transform: AffineTransform_float_3_3
Parameters: 1 0.000244374 -6.76717e-05 -0.000245609 0.999938 -0.0111783 6.53468e-05 0.0111777 0.999937 0.00906624 -0.121032 -0.861193
FixedParameters: 0 0 0

#Transform 15
Transform: AffineTransform_float_3_3
Parameters: 1 0.000200947 0.000535315 -0.000195568 0.999949 -0.0101661 -0.000537001 0.0101659 0.999948 -0.00248071 -0.11794 -0.834066
FixedParameters: 0 0 0

#Transform 16
Transform: AffineTransform_float_3_3
Parameters: 0.999999 0.00029417 0.000716121 -0.000287136 0.999947 -0.0102982 -0.000719902 0.0102978 0.999946 -0.00214643 -0.0888208 -0.803253
FixedParameters: 0 0 0

#Transform 17
Transform: AffineTransform_float_3_3
Parameters: 1 0.00011351 0.00052443 -0.000107388 0.999944 -0.0105841 -0.000525735 0.0105839 0.999944 0.00458021 -0.0896515 -0.836006
FixedParameters: 0 0 0

#Transform 18
Transform: AffineTransform_float_3_3
Parameters: 1 0.000290238 0.000375258 -0.000286083 0.999951 -0.00987911 -0.000378468 0.00987889 0.999951 0.00303243 -0.0788114 -0.768007
FixedParameters: 0 0 0

#Transform 19
Transform: AffineTransform_float_3_3
Parameters: 1 -7.99027e-05 0.000536804 8.50562e-05 0.999948 -0.010187 -0.000535931 0.010187 0.999948 -0.0116895 -0.0766447 -0.778718
FixedParameters: 0 0 0

#Transform 20
Transform: AffineTransform_float_3_3
Parameters: 1 -6.17031e-05 0.000528787 6.64373e-05 0.99995 -0.00994061 -0.000528321 0.00994139 0.999951 -0.0169914 -0.0701821 -0.805586
FixedParameters: 0 0 0

#Transform 21
Transform: AffineTransform_float_3_3
Parameters: 1 -3.4388e-05 0.000516779 3.94495e-05 0.999954 -0.00958898 -0.00051727 0.00958902 0.999954 -0.0100918 -0.0700863 -0.763164
FixedParameters: 0 0 0

#Transform 22
Transform: AffineTransform_float_3_3
Parameters: 1 7.23652e-05 0.000470369 -6.78861e-05 0.999945 -0.010469 -0.000471725 0.010469 0.999945 -0.00722142 -0.0874293 -0.818662
FixedParameters: 0 0 0

#Transform 23
Transform: AffineTransform_float_3_3
Parameters: 1 0.000113282 0.000452434 -0.00010943 0.999953 -0.00976306 -0.000453575 0.00976296 0.999952 -0.0114485 -0.103215 -0.804088
FixedParameters: 0 0 0

#Transform 24
Transform: AffineTransform_float_3_3
Parameters: 1 -5.06981e-05 0.00052399 5.53517e-05 0.999951 -0.00995298 -0.000523742 0.00995304 0.999951 -0.0147422 -0.101245 -0.783809
FixedParameters: 0 0 0

#Transform 25
Transform: AffineTransform_float_3_3
Parameters: 1 0.000130883 0.000444785 -0.000126806 0.999948 -0.0101781 -0.000446375 0.0101779 0.999948 0.00311408 -0.0968579 -0.816334
FixedParameters: 0 0 0

#Transform 26
Transform: AffineTransform_float_3_3
Parameters: 1 0.00021123 0.000409735 -0.000207156 0.999956 -0.00943709 -0.00041212 0.00943692 0.999956 -0.0167687 -0.0841043 -0.758267
FixedParameters: 0 0 0

#Transform 27
Transform: AffineTransform_float_3_3
Parameters: 1 0.000287833 0.000296559 -0.000284829 0.999945 -0.0105501 -0.000300117 0.0105499 0.999945 3.78345e-05 -0.103311 -0.840506
FixedParameters: 0 0 0

#Transform 28
Transform: AffineTransform_float_3_3
Parameters: 1 -4.80817e-05 0.000522778 5.24454e-05 0.999953 -0.00969797 -0.00052261 0.00969802 0.999953 -0.012416 -0.102442 -0.807797
FixedParameters: 0 0 0

#Transform 29
Transform: AffineTransform_float_3_3
Parameters: 1 0.00054425 0.000264278 -0.000540859 0.999946 -0.0103081 -0.000270219 0.0103079 0.999947 -0.00304907 -0.1072 -0.855341
FixedParameters: 0 0 0

#Transform 30
Transform: AffineTransform_float_3_3
Parameters: 1 0.000248982 0.000393255 -0.00024488 0.999952 -0.00985511 -0.00039656 0.00985491 0.999952 -0.0145818 -0.0969332 -0.857102
FixedParameters: 0 0 0

#Transform 31
Transform: AffineTransform_float_3_3
Parameters: 1 0.000249885 0.000392864 -0.000245818 0.999952 -0.00982009 -0.000396169 0.0098199 0.999951 -0.01976 -0.103902 -0.823587
FixedParameters: 0 0 0

#Transform 32
Transform: AffineTransform_float_3_3
Parameters: 1 1.62982e-05 0.000494796 -1.16576e-05 0.999948 -0.010128 -0.000494966 0.010128 0.999948 -0.00769405 -0.100954 -0.892494
FixedParameters: 0 0 0

#Transform 33
Transform: AffineTransform_float_3_3
Parameters: 1 0.00022876 0.000402083 -0.000224602 0.999953 -0.00971409 -0.000404924 0.0097139 0.999952 -0.0195855 -0.0838581 -0.830424
FixedParameters: 0 0 0

#Transform 34
Transform: AffineTransform_float_3_3
Parameters: 1 4.28357e-05 0.000483199 -3.85069e-05 0.999949 -0.0100427 -0.000483903 0.0100433 0.99995 -0.017939 -0.0961633 -0.817456
FixedParameters: 0 0 0

#Transform 35
Transform: AffineTransform_float_3_3
Parameters: 1 0.000168236 0.000428469 -0.000164931 0.999954 -0.00965808 -0.000430654 0.00965793 0.999954 -0.019002 -0.0893738 -0.823286
FixedParameters: 0 0 0

#Transform 36
Transform: AffineTransform_float_3_3
Parameters: 1 1.12907e-05 0.000496806 -6.53612e-06 0.999957 -0.009273 -0.000497249 0.00927299 0.999957 -0.017646 -0.0817309 -0.797454
FixedParameters: 0 0 0

#Transform 37
Transform: AffineTransform_float_3_3
Parameters: 1 0.000164567 0.000430069 -0.000161236 0.999954 -0.00965408 -0.000432181 0.00965394 0.999954 -0.0189964 -0.09877 -0.878641
FixedParameters: 0 0 0

#Transform 38
Transform: AffineTransform_float_3_3
Parameters: 1 0.000256057 0.000390226 -0.000252534 0.999957 -0.00919609 -0.00039334 0.00919589 0.999957 -0.0198825 -0.0832808 -0.821911
FixedParameters: 0 0 0

#Transform 39
Transform: AffineTransform_float_3_3
Parameters: 1 0.000201796 0.000413858 -0.00019818 0.999962 -0.00879609 -0.000415814 0.00879592 0.999961 -0.0193325 -0.0649674 -0.787957
FixedParameters: 0 0 0

#Transform 40
Transform: AffineTransform_float_3_3
Parameters: 1 0.000211256 0.000409721 -0.000207129 0.999955 -0.00950108 -0.000412133 0.00950091 0.999955 -0.00459909 -0.0794121 -0.84903
FixedParameters: 0 0 0

#Transform 41
Transform: AffineTransform_float_3_3
Parameters: 1 -4.39084e-05 0.000520745 4.83384e-05 0.999961 -0.00891098 -0.000521122 0.00891103 0.99996 -0.0171061 -0.066315 -0.774183
FixedParameters: 0 0 0

#Transform 42
Transform: AffineTransform_float_3_3
Parameters: 1 -9.03445e-07 0.000501996 5.20191e-06 0.999962 -0.008725 -0.00050222 0.008725 0.999962 -0.0175607 -0.0690085 -0.778455
FixedParameters: 0 0 0

#Transform 43
Transform: AffineTransform_float_3_3
Parameters: 1 -2.47316e-05 0.000512364 2.92381e-05 0.999961 -0.00875498 -0.000512169 0.00875501 0.999961 -0.0173883 -0.0764199 -0.812545
FixedParameters: 0 0 0

#Transform 44
Transform: AffineTransform_float_3_3
Parameters: 1 -9.6581e-05 0.000543411 0.000101523 0.999966 -0.00816694 -0.000543383 0.00816705 0.999966 -0.0167398 -0.0758916 -0.775252
FixedParameters: 0 0 0

#Transform 45
Transform: AffineTransform_float_3_3
Parameters: 1 -3.63927e-05 0.000407397 4.03563e-05 0.999957 -0.00921298 -0.000407358 0.00921301 0.999957 -0.00276597 -0.0621544 -0.845287
FixedParameters: 0 0 0

#Transform 46
Transform: AffineTransform_float_3_3
Parameters: 1 7.04002e-05 0.000470927 -6.67051e-05 0.999966 -0.00824303 -0.000471415 0.00824297 0.999966 -0.0302476 -0.0583039 -0.771739
FixedParameters: 0 0 0

#Transform 47
Transform: AffineTransform_float_3_3
Parameters: 1 -7.87719e-05 0.000535901 8.34301e-05 0.99996 -0.0088766 -0.00053566 0.0088774 0.999961 -0.00933695 -0.0765702 -0.849504
FixedParameters: 0 0 0

#Transform 48
Transform: AffineTransform_float_3_3
Parameters: 1 -5.96363e-05 0.000633199 6.48862e-05 0.999964 -0.00840445 -0.00063204 0.00840455 0.999965 -0.0163655 -0.071563 -0.770447
FixedParameters: 0 0 0

#Transform 49
Transform: AffineTransform_float_3_3
Parameters: 1 -1.6532e-05 0.000217668 1.91173e-05 0.99996 -0.008946 -0.000217879 0.008946 0.99996 -0.0112077 -0.0673216 -0.80722
FixedParameters: 0 0 0

#Transform 50
Transform: AffineTransform_float_3_3
Parameters: 1 -0.000141583 0.000374384 0.000145152 0.999965 -0.00828294 -0.000373068 0.00828305 0.999965 -0.0173671 -0.054432 -0.783531
FixedParameters: 0 0 0

#Transform 51
Transform: AffineTransform_float_3_3
Parameters: 1 -9.40629e-05 0.000446354 9.77126e-05 0.999968 -0.00806496 -0.000445476 0.00806505 0.999968 -0.0171802 -0.0527532 -0.764481
FixedParameters: 0 0 0

#Transform 52
Transform: AffineTransform_float_3_3
Parameters: 1 -3.10023e-05 0.000224941 3.23972e-05 0.999968 -0.008068 -0.000224569 0.00806801 0.999968 -0.00966791 -0.053999 -0.823484
FixedParameters: 0 0 0

#Transform 53
Transform: AffineTransform_float_3_3
Parameters: 1 7.95125e-05 0.000387308 -7.60211e-05 0.999973 -0.00737603 -0.000388594 0.00737597 0.999972 -0.0256697 -0.0503819 -0.775314
FixedParameters: 0 0 0

#Transform 54
Transform: AffineTransform_float_3_3
Parameters: 1 -0.000136829 0.000310126 0.00013922 0.999967 -0.00809696 -0.00030895 0.00809705 0.999967 -0.00727371 -0.061048 -0.824358
FixedParameters: 0 0 0

#Transform 55
Transform: AffineTransform_float_3_3
Parameters: 1 -0.000286081 0.000162205 0.000286867 0.99997 -0.00773895 -0.000159221 0.00773905 0.99997 -0.0120673 -0.051319 -0.758135
FixedParameters: 0 0 0

#Transform 56
Transform: AffineTransform_float_3_3
Parameters: 1 -0.000160423 0.000107652 0.000161622 0.999973 -0.00743299 -0.000106178 0.00743302 0.999973 -0.0120696 -0.0474217 -0.753416
FixedParameters: 0 0 0

#Transform 57
Transform: AffineTransform_float_3_3
Parameters: 1 -0.000131612 0.000367684 0.000134595 0.999971 -0.00763295 -0.000366712 0.00763305 0.999971 -0.014805 -0.0435323 -0.782229
FixedParameters: 0 0 0

#Transform 58
Transform: AffineTransform_float_3_3
Parameters: 1 -0.000232601 0.000205274 0.000233771 0.999976 -0.00702696 -0.000203447 0.00702705 0.999976 -0.0177075 -0.0378245 -0.746326
FixedParameters: 0 0 0

#Transform 59
Transform: AffineTransform_float_3_3
Parameters: 1 -0.000135164 0.000120678 0.000135628 0.999972 -0.00739898 -0.000119204 0.00739901 0.999972 -0.00838477 -0.0458426 -0.794333
FixedParameters: 0 0 0

#Transform 60
Transform: AffineTransform_float_3_3
Parameters: 1 1.59114e-05 0.000197956 -1.50273e-05 0.999976 -0.00689301 -0.000197388 0.006893 0.999976 -0.0193428 -0.0327005 -0.728722
FixedParameters: 0 0 0

#Transform 61
Transform: AffineTransform_float_3_3
Parameters: 1 -4.28367e-05 -0.000134019 4.1712e-05 0.999971 -0.007623 0.000134272 0.00762299 0.999971 -0.0108648 -0.0397753 -0.774028
FixedParameters: 0 0 0

#Transform 62
Transform: AffineTransform_float_3_3
Parameters: 1 -0.000149741 -0.000225027 0.000147949 0.999975 -0.00719719 0.000225468 0.00719781 0.999974 -0.0149244 -0.0553567 -0.754535
FixedParameters: 0 0 0

#Transform 63
Transform: AffineTransform_float_3_3
Parameters: 1 -3.54853e-05 -7.18104e-05 3.53142e-05 0.999971 -0.00759301 7.19573e-05 0.007593 0.999971 -0.0105472 -0.0758842 -0.821996
FixedParameters: 0 0 0

#Transform 64
Transform: AffineTransform_float_3_3
Parameters: 1 -0.000235785 5.1862e-05 0.000237006 0.999977 -0.00678999 -4.99629e-05 0.00679001 0.999977 -0.0185674 -0.0686205 -0.729696
FixedParameters: 0 0 0

#Transform 65
Transform: AffineTransform_float_3_3
Parameters: 1 -0.00031083 -4.0815e-05 0.000310353 0.999973 -0.00733801 4.31416e-05 0.00733799 0.999973 -0.00999113 -0.0638018 -0.793422
FixedParameters: 0 0 0

#Transform 66
Transform: AffineTransform_float_3_3
Parameters: 1 -0.000436995 3.75649e-05 0.000437235 0.999977 -0.00679698 -3.4775e-05 0.00679701 0.999977 -0.0174183 -0.0575006 -0.795629
FixedParameters: 0 0 0

#Transform 67
Transform: AffineTransform_float_3_3
Parameters: 1 -0.00018298 0.000196717 0.000185115 0.999979 -0.00644297 -0.000195266 0.00644304 0.999979 -0.020593 -0.0510376 -0.759518
FixedParameters: 0 0 0

#Transform 68
Transform: AffineTransform_float_3_3
Parameters: 1 -0.000113828 0.000187651 0.000115151 0.999975 -0.00703798 -0.000186569 0.00703802 0.999975 -0.00785573 -0.0695477 -0.855861
FixedParameters: 0 0 0

#Transform 69
Transform: AffineTransform_float_3_3
Parameters: 1 -0.000247932 0.000197621 0.00024885 0.999978 -0.00665895 -0.000195763 0.00665905 0.999978 -0.0176816 -0.0528799 -0.766861
FixedParameters: 0 0 0

#Transform 70
Transform: AffineTransform_float_3_3
Parameters: 1 -0.000263232 0.000192395 0.000265159 0.999975 -0.00707195 -0.000190499 0.00707205 0.999975 -0.0177118 -0.0423572 -0.750057
FixedParameters: 0 0 0

#Transform 71
Transform: AffineTransform_float_3_3
Parameters: 1 -0.000248056 0.000144389 0.000248355 0.999975 -0.00697596 -0.000142376 0.00697603 0.999975 -0.017967 -0.0516639 -0.80291
FixedParameters: 0 0 0

#Transform 72
Transform: AffineTransform_float_3_3
Parameters: 1 -0.000323984 0.00023592 0.000324988 0.999978 -0.00658993 -0.000234014 0.00659008 0.999979 -0.0169591 -0.0476232 -0.738031
FixedParameters: 0 0 0

#Transform 73
Transform: AffineTransform_float_3_3
Parameters: 1 -0.000241625 2.83798e-05 0.000241632 0.999973 -0.00734299 -2.57517e-05 0.00734301 0.999973 -0.00762269 -0.0496038 -0.795019
FixedParameters: 0 0 0

#Transform 74
Transform: AffineTransform_float_3_3
Parameters: 1 -0.000287398 0.000207107 0.000289031 0.999977 -0.00678994 -0.000205955 0.00679006 0.999977 -0.00837215 -0.0375606 -0.769443
FixedParameters: 0 0 0

#Transform 75
Transform: AffineTransform_float_3_3
Parameters: 1 -0.000333902 3.73406e-06 0.000334075 0.99998 -0.00639136 -1.6967e-06 0.00639064 0.999979 -0.0182699 -0.0415248 -0.756482
FixedParameters: 0 0 0

#Transform 76
Transform: AffineTransform_float_3_3
Parameters: 1 -0.000197007 -0.000130509 0.000195739 0.999976 -0.00685102 0.000131889 0.00685097 0.999976 -0.00234268 -0.0345177 -0.793183
FixedParameters: 0 0 0

#Transform 77
Transform: AffineTransform_float_3_3
Parameters: 1 -6.53855e-05 8.81733e-05 6.61399e-05 0.999979 -0.00649099 -8.824e-05 0.006491 0.999979 -0.00198906 -0.029812 -0.762887
FixedParameters: 0 0 0

#Transform 78
Transform: AffineTransform_float_3_3
Parameters: 1 -0.00014033 9.87728e-05 0.000141215 0.999979 -0.00648799 -9.78666e-05 0.00648801 0.999979 -0.00866966 -0.0497666 -0.763625
FixedParameters: 0 0 0

#Transform 79
Transform: AffineTransform_float_3_3
Parameters: 1 -0.000234026 -0.000100406 0.000233247 0.999979 -0.00645903 0.000102113 0.00645898 0.999979 -0.00190007 -0.0287528 -0.789294
FixedParameters: 0 0 0

#Transform 80
Transform: AffineTransform_float_3_3
Parameters: 1 -0.000200226 -4.75703e-05 0.000200188 0.999982 -0.005904 4.86232e-05 0.00590399 0.999982 -0.001949 -0.0175833 -0.752039
FixedParameters: 0 0 0

#Transform 81
Transform: AffineTransform_float_3_3
Parameters: 1 -0.00022637 -5.26221e-05 0.000226268 0.999983 -0.00592802 5.39942e-05 0.00592799 0.999983 -0.0191568 -0.0178998 -0.722981
FixedParameters: 0 0 0

#Transform 82
Transform: AffineTransform_float_3_3
Parameters: 1 -0.000170677 4.87212e-05 0.000170919 0.999979 -0.006581 -4.73936e-05 0.00658101 0.999979 -0.0117011 -0.023895 -0.784942
FixedParameters: 0 0 0

#Transform 83
Transform: AffineTransform_float_3_3
Parameters: 1 -4.9445e-05 6.71047e-05 4.98969e-05 0.999981 -0.006265 -6.74029e-05 0.00626501 0.999981 -0.00224133 -0.0175982 -0.736398
FixedParameters: 0 0 0

#Transform 84
Transform: AffineTransform_float_3_3
Parameters: 1 -0.000153231 8.42059e-07 0.000152845 0.999979 -0.00639199 1.93907e-07 0.00639199 0.999979 -0.0110146 -0.0299126 -0.748513
FixedParameters: 0 0 0

#Transform 85
Transform: AffineTransform_float_3_3
Parameters: 1 2.63146e-05 6.5974e-05 -2.64115e-05 0.99998 -0.006245 -6.59125e-05 0.00624499 0.99998 -0.00265284 -0.0489971 -0.791502
FixedParameters: 0 0 0

#Transform 86
Transform: AffineTransform_float_3_3
Parameters: 1 -6.68521e-05 4.9524e-05 6.74175e-05 0.999984 -0.005753 -4.87516e-05 0.00575301 0.999984 -0.0245267 -0.0521058 -0.759872
FixedParameters: 0 0 0

#Transform 87
Transform: AffineTransform_float_3_3
Parameters: 1 -0.000267309 -0.000263686 0.000266594 0.999983 -0.00584007 0.000264711 0.00583993 0.999983 -0.0186381 -0.0475273 -0.744521
FixedParameters: 0 0 0

#Transform 88
Transform: AffineTransform_float_3_3
Parameters: 1 -5.89294e-05 -0.000154277 5.80434e-05 0.999983 -0.00584901 0.00015457 0.00584899 0.999983 -0.0212214 -0.0616811 -0.800957
FixedParameters: 0 0 0

#Transform 89
Transform: AffineTransform_float_3_3
Parameters: 1 -2.91726e-05 -7.7807e-05 2.92444e-05 0.999985 -0.005456 7.7735e-05 0.005456 0.999985 -0.0146477 -0.0664438 -0.779786
FixedParameters: 0 0 0

#Transform 90
Transform: AffineTransform_float_3_3
Parameters: 1 -0.000157945 -0.000376209 0.000156289 0.999983 -0.00586606 0.00037688 0.00586594 0.999982 -0.00667043 -0.0576138 -0.796659
FixedParameters: 0 0 0

#Transform 91
Transform: AffineTransform_float_3_3
Parameters: 1 -0.000228492 -0.000229245 0.000227644 0.999983 -0.00584005 0.000231127 0.00583995 0.999983 -0.0142741 -0.0549034 -0.811404
FixedParameters: 0 0 0

#Transform 92
Transform: AffineTransform_float_3_3
Parameters: 1 -0.000497538 -0.000113134 0.000497233 0.999982 -0.00594606 0.000116427 0.00594595 0.999983 -0.0256021 -0.0572146 -0.74632
FixedParameters: 0 0 0

#Transform 93
Transform: AffineTransform_float_3_3
Parameters: 1 -0.000416714 -0.000148074 0.00041513 0.999984 -0.00576922 0.000150641 0.00576979 0.999983 -0.00653936 -0.049816 -0.808617
FixedParameters: 0 0 0

#Transform 94
Transform: AffineTransform_float_3_3
Parameters: 1 -0.000644427 -4.9978e-05 0.000644517 0.999984 -0.00558104 5.36287e-05 0.00558097 0.999985 -0.028184 -0.0427143 -0.71831
FixedParameters: 0 0 0

#Transform 95
Transform: AffineTransform_float_3_3
Parameters: 1 -0.000561113 -0.000416745 0.000558001 0.999982 -0.00608224 0.000420538 0.00608177 0.999982 -0.00894262 -0.0663407 -0.82222
FixedParameters: 0 0 0

#Transform 96
Transform: AffineTransform_float_3_3
Parameters: 1 -0.000448681 -0.000396829 0.00044631 0.999985 -0.00546918 0.000398711 0.00546882 0.999985 -0.0227302 -0.053783 -0.773171
FixedParameters: 0 0 0

#Transform 97
Transform: AffineTransform_float_3_3
Parameters: 1 -0.000149402 -0.000305835 0.00014759 0.999982 -0.00596305 0.000306824 0.00596296 0.999982 -0.0105228 -0.0542534 -0.794067
FixedParameters: 0 0 0

#Transform 98
Transform: AffineTransform_float_3_3
Parameters: 1 -0.000471773 -0.000172277 0.000469935 0.999984 -0.00568723 0.000175401 0.00568776 0.999983 -0.0176003 -0.0644207 -0.813691
FixedParameters: 0 0 0

#Transform 99
Transform: AffineTransform_float_3_3
Parameters: 1 -0.000583867 9.04778e-05 0.000584593 0.999984 -0.00550295 -8.71999e-05 0.00550305 0.999985 -0.0324193 -0.058664 -0.790105
FixedParameters: 0 0 0

#Transform 100
Transform: AffineTransform_float_3_3
Parameters: 1 -0.000360699 -0.000404145 0.000358153 0.999981 -0.00606479 0.000406412 0.00606521 0.999982 -0.0132171 -0.0582361 -0.868446
FixedParameters: 0 0 0

#Transform 101
Transform: AffineTransform_float_3_3
Parameters: 1 -0.000317997 -0.000174362 0.000317108 0.999984 -0.0055717 0.000175279 0.0055723 0.999985 -0.0152325 -0.0430995 -0.797523
FixedParameters: 0 0 0

#Transform 102
Transform: AffineTransform_float_3_3
Parameters: 1 -0.000328275 -0.000301675 0.000326291 0.999984 -0.0056741 0.000303687 0.0056739 0.999984 -0.0165414 -0.0531921 -0.814735
FixedParameters: 0 0 0

#Transform 103
Transform: AffineTransform_float_3_3
Parameters: 1 -0.000197355 -0.000129458 0.000196453 0.999985 -0.00551302 0.000130318 0.00551297 0.999985 -0.014037 -0.0606874 -0.845319
FixedParameters: 0 0 0

#Transform 104
Transform: AffineTransform_float_3_3
Parameters: 1 -0.000398029 -0.000160627 0.000397748 0.999985 -0.00534806 0.000163181 0.00534793 0.999985 -0.00829842 -0.0435468 -0.829652
FixedParameters: 0 0 0

#Transform 105
Transform: AffineTransform_float_3_3
Parameters: 1 -0.000533758 -0.000270907 0.0005328 0.999986 -0.00539515 0.000273648 0.00539486 0.999986 -0.00734374 -0.0450177 -0.856166
FixedParameters: 0 0 0

#Transform 106
Transform: AffineTransform_float_3_3
Parameters: 1 -0.000476419 5.16598e-05 0.000477085 0.999986 -0.00523798 -4.8897e-05 0.00523803 0.999987 -0.0185678 -0.0294681 -0.798114
FixedParameters: 0 0 0

#Transform 107
Transform: AffineTransform_float_3_3
Parameters: 1 -0.000521449 -0.000322955 0.000518877 0.999984 -0.00559417 0.000326153 0.00559383 0.999985 -0.00136504 -0.0437833 -0.860529
FixedParameters: 0 0 0

#Transform 108
Transform: AffineTransform_float_3_3
Parameters: 0.999999 -0.000767499 -0.00043502 0.000765638 0.999988 -0.00500449 0.000438368 0.00500452 0.999987 -0.0258044 -0.0525773 -0.834726
FixedParameters: 0 0 0

#Transform 109
Transform: AffineTransform_float_3_3
Parameters: 1 -0.000529872 -0.000135201 0.000529348 0.999983 -0.00578108 0.000138702 0.00578093 0.999984 -0.0092005 -0.046677 -0.851078
FixedParameters: 0 0 0

#Transform 110
Transform: AffineTransform_float_3_3
Parameters: 1 -0.00053406 -8.45509e-05 0.000533794 0.999985 -0.00545305 8.68309e-05 0.00545296 0.999985 -0.00413498 -0.0467573 -0.894649
FixedParameters: 0 0 0

#Transform 111
Transform: AffineTransform_float_3_3
Parameters: 1 -0.000609994 0.000130731 0.000611007 0.999988 -0.00488992 -0.000127912 0.00489008 0.999988 -0.0216885 -0.0220239 -0.822047
FixedParameters: 0 0 0

#Transform 112
Transform: AffineTransform_float_3_3
Parameters: 1 -0.000468371 -0.000351244 0.000466325 0.999983 -0.00571316 0.00035357 0.00571283 0.999983 -0.00652389 -0.0240538 -0.858006
FixedParameters: 0 0 0

#Transform 113
Transform: AffineTransform_float_3_3
Parameters: 1 -0.000257669 -0.000226529 0.00025574 0.999986 -0.00540906 0.000227995 0.00540895 0.999986 -0.00922875 -0.0319686 -0.850589
FixedParameters: 0 0 0

#Transform 114
Transform: AffineTransform_float_3_3
Parameters: 1 -0.000642792 -2.35398e-05 0.000641877 0.999985 -0.00545302 2.64724e-05 0.00545298 0.999985 -0.017305 -0.059336 -0.83788
FixedParameters: 0 0 0

#Transform 115
Transform: AffineTransform_float_3_3
Parameters: 1 -0.000501161 -9.63843e-05 0.000500695 0.999983 -0.00581405 9.86662e-05 0.00581395 0.999983 -0.000168863 -0.0378809 -0.922791
FixedParameters: 0 0 0

#Transform 116
Transform: AffineTransform_float_3_3
Parameters: 1 -0.000467475 5.22954e-05 0.000467789 0.999984 -0.00550797 -5.02961e-05 0.00550802 0.999985 -0.00573056 -0.0289414 -0.836401
FixedParameters: 0 0 0

#Transform 117
Transform: AffineTransform_float_3_3
Parameters: 0.999999 -0.000691652 -0.000434643 0.000689555 0.999983 -0.00571809 0.000439138 0.00571891 0.999984 -0.000932075 -0.0390279 -0.887787
FixedParameters: 0 0 0

#Transform 118
Transform: AffineTransform_float_3_3
Parameters: 1 -0.000608272 -0.000141112 0.000607953 0.999988 -0.00483209 0.000144366 0.00483192 0.999989 0.00015904 -0.0228179 -0.862667
FixedParameters: 0 0 0

#Transform 119
Transform: AffineTransform_float_3_3
Parameters: 1 -0.000416681 4.87902e-05 0.000417318 0.999987 -0.00522298 -4.6666e-05 0.00522302 0.999987 -0.00539756 -0.0154375 -0.834314
FixedParameters: 0 0 0

#Transform 120
Transform: AffineTransform_float_3_3
Parameters: 1 -0.000514361 -6.88881e-05 0.000514208 0.999982 -0.00585703 7.13695e-05 0.00585696 0.999983 -3.33577e-05 -0.0410678 -0.898902
FixedParameters: 0 0 0

#Transform 121
Transform: AffineTransform_float_3_3
Parameters: 1 -0.000603931 -0.000123313 0.000602441 0.999987 -0.00496207 0.000126146 0.00496192 0.999987 -0.0124429 -0.0348847 -0.865074
FixedParameters: 0 0 0

#Transform 122
Transform: AffineTransform_float_3_3
Parameters: 0.999999 -0.000993862 -2.00998e-06 0.000993701 0.999985 -0.005275 7.11048e-06 0.00527499 0.999986 0.00347437 -0.0239509 -0.844192
FixedParameters: 0 0 0

#Transform 123
Transform: AffineTransform_float_3_3
Parameters: 1 -0.000656409 -4.71354e-06 0.00065701 0.999986 -0.005287 8.11468e-06 0.00528699 0.999986 0.00122133 -0.0227994 -0.848189
FixedParameters: 0 0 0

#Transform 124
Transform: AffineTransform_float_3_3
Parameters: 0.999999 -0.000738715 -0.000155606 0.000738712 0.999987 -0.00505612 0.000159142 0.00505588 0.999987 -0.011071 -0.0372041 -0.825317
FixedParameters: 0 0 0

#Transform 125
Transform: AffineTransform_float_3_3
Parameters: 0.999999 -0.000763657 -0.000278337 0.00076202 0.999983 -0.00574522 0.000283168 0.00574479 0.999984 0.000492389 -0.0430682 -0.882833
FixedParameters: 0 0 0

#Transform 126
Transform: AffineTransform_float_3_3
Parameters: 0.999999 -0.000746505 -0.000183833 0.000745299 0.999987 -0.00504429 0.000187815 0.00504471 0.999987 0.00100021 -0.0336509 -0.860994
FixedParameters: 0 0 0

#Transform 127
Transform: AffineTransform_float_3_3
Parameters: 0.999999 -0.000737319 9.26857e-05 0.000737888 0.999989 -0.00451193 -8.91818e-05 0.00451206 0.99999 -0.0151133 -0.023508 -0.84322
FixedParameters: 0 0 0

#Transform 128
Transform: AffineTransform_float_3_3
Parameters: 1 -0.000782286 -0.000474356 0.000780377 0.999987 -0.00504653 0.000478839 0.00504648 0.999987 -0.000539792 -0.0243128 -0.885212
FixedParameters: 0 0 0

#Transform 129
Transform: AffineTransform_float_3_3
Parameters: 0.999999 -0.000855681 -6.07315e-05 0.000855728 0.999987 -0.0049212 6.56113e-05 0.00492179 0.999987 0.00221162 -0.0144208 -0.866764
FixedParameters: 0 0 0

#Transform 130
Transform: AffineTransform_float_3_3
Parameters: 0.999999 -0.000779159 1.06587e-05 0.000778987 0.999989 -0.00467499 -6.52651e-06 0.00467501 0.999989 -0.0142402 -0.0347827 -0.832781
FixedParameters: 0 0 0

#Transform 131
Transform: AffineTransform_float_3_3
Parameters: 0.999999 -0.000911868 -5.73517e-05 0.000911962 0.999988 -0.00479406 6.25523e-05 0.00479395 0.999989 0.00273912 -0.0369917 -0.897354
FixedParameters: 0 0 0

#Transform 132
Transform: AffineTransform_float_3_3
Parameters: 1 -0.00121188 -0.000137253 0.00121133 0.999987 -0.00484317 0.000143214 0.00484283 0.999989 -0.0107889 -0.0289989 -0.786227
FixedParameters: 0 0 0

#Transform 133
Transform: AffineTransform_float_3_3
Parameters: 1 -0.00120327 -6.88074e-05 0.00120243 0.999987 -0.0051006 7.56938e-05 0.0051004 0.999987 0.00457277 -0.0455319 -0.861695
FixedParameters: 0 0 0

#Transform 134
Transform: AffineTransform_float_3_3
Parameters: 1 -0.00118861 -2.00254e-05 0.00118828 0.999988 -0.00473539 2.58961e-05 0.00473461 0.999989 -0.0201721 -0.0274465 -0.79738
FixedParameters: 0 0 0

#Transform 135
Transform: AffineTransform_float_3_3
Parameters: 0.999999 -0.000915198 -8.52037e-05 0.000914616 0.999987 -0.00491623 8.97366e-05 0.00491676 0.999987 0.0025273 -0.0399588 -0.876064
FixedParameters: 0 0 0

#Transform 136
Transform: AffineTransform_float_3_3
Parameters: 1 -0.00108261 -0.000118127 0.00108181 0.999989 -0.00448113 0.000123363 0.00448087 0.99999 -0.00251446 -0.0290101 -0.819116
FixedParameters: 0 0 0

#Transform 137
Transform: AffineTransform_float_3_3
Parameters: 1 -0.00117914 -0.000318695 0.00117757 0.999986 -0.00512474 0.000324606 0.00512326 0.999987 0.00286839 -0.0324531 -0.8757
FixedParameters: 0 0 0

#Transform 138
Transform: AffineTransform_float_3_3
Parameters: 0.999999 -0.00125526 0.000171498 0.00125571 0.999989 -0.00441694 -0.000165399 0.00441806 0.99999 -0.00870837 -0.0252994 -0.827633
FixedParameters: 0 0 0

#Transform 139
Transform: AffineTransform_float_3_3
Parameters: 0.999999 -0.00100804 0.000182273 0.00100877 0.999988 -0.00491818 -0.000177348 0.00491782 0.999988 0.00464376 -0.0245363 -0.828455
FixedParameters: 0 0 0

#Transform 140
Transform: AffineTransform_float_3_3
Parameters: 0.999999 -0.00125027 -6.95383e-05 0.00124998 0.999988 -0.00487461 7.50306e-05 0.0048744 0.999988 0.00485202 -0.0364467 -0.859094
FixedParameters: 0 0 0

#Transform 141
Transform: AffineTransform_float_3_3
Parameters: 1 -0.00120809 6.09784e-05 0.00120758 0.999989 -0.00448729 -5.51325e-05 0.00448671 0.99999 0.00531659 -0.0336467 -0.801164
FixedParameters: 0 0 0

#Transform 142
Transform: AffineTransform_float_3_3
Parameters: 0.999999 -0.00133369 -0.00033216 0.00133228 0.999989 -0.00468196 0.000338475 0.00468104 0.999989 0.00373891 -0.0240559 -0.866599
FixedParameters: 0 0 0

#Transform 143
Transform: AffineTransform_float_3_3
Parameters: 0.999999 -0.00128472 0.000115603 0.00128561 0.99999 -0.00442737 -0.000109607 0.00442763 0.99999 0.0059726 -0.01871 -0.826881
FixedParameters: 0 0 0

#Transform 144
Transform: AffineTransform_float_3_3
Parameters: 0.999999 -0.00137673 0.0001046 0.00137814 0.999988 -0.00485938 -9.79081e-05 0.00485963 0.999988 0.00653772 -0.0153664 -0.828333
FixedParameters: 0 0 0

#Transform 145
Transform: AffineTransform_float_3_3
Parameters: 0.999998 -0.00162075 -2.23653e-05 0.00162052 0.999987 -0.00481656 3.03612e-05 0.00481645 0.999989 0.0102221 -0.00991665 -0.8661
FixedParameters: 0 0 0

#Transform 146
Transform: AffineTransform_float_3_3
Parameters: 0.999999 -0.0014665 8.99512e-05 0.00146672 0.999991 -0.00418639 -8.39756e-05 0.00418662 0.999991 0.00162887 -0.00557971 -0.82833
FixedParameters: 0 0 0

#Transform 147
Transform: AffineTransform_float_3_3
Parameters: 0.999999 -0.00132811 3.79692e-05 0.00132795 0.999987 -0.00486632 -3.13492e-05 0.00486569 0.999988 0.00583541 -0.0163774 -0.852631
FixedParameters: 0 0 0

#Transform 148
Transform: AffineTransform_float_3_3
Parameters: 0.999999 -0.00131106 -0.000251298 0.00130938 0.999988 -0.00488585 0.000258325 0.00488515 0.999988 0.0109809 -0.0160383 -0.869614
FixedParameters: 0 0 0

#Transform 149
Transform: AffineTransform_float_3_3
Parameters: 0.999999 -0.00173447 0.000107237 0.00173538 0.999989 -0.00427533 -0.000100017 0.00427566 0.999991 0.00872941 -0.00218304 -0.819571
FixedParameters: 0 0 0

#Transform 150
Transform: AffineTransform_float_3_3
Parameters: 0.999999 -0.00140429 -6.30241e-05 0.00140404 0.999987 -0.00496425 7.02709e-05 0.00496476 0.999988 0.00581982 -0.0289591 -0.885462
FixedParameters: 0 0 0

#Transform 151
Transform: AffineTransform_float_3_3
Parameters: 0.999999 -0.0013098 -0.000178519 0.00130905 0.99999 -0.00431239 0.000184038 0.00431261 0.999991 0.00437723 -0.0160201 -0.868816
FixedParameters: 0 0 0

#Transform 152
Transform: AffineTransform_float_3_3
Parameters: 0.999999 -0.0015604 3.42105e-05 0.00156018 0.999987 -0.00468931 -2.58824e-05 0.00468869 0.999989 0.00736424 -0.0165199 -0.834799
FixedParameters: 0 0 0

#Transform 153
Transform: AffineTransform_float_3_3
Parameters: 0.999999 -0.00150168 -0.000240475 0.00150093 0.999984 -0.00535452 0.000248156 0.00535448 0.999986 0.00541036 -0.0456332 -0.92199
FixedParameters: 0 0 0

#Transform 154
Transform: AffineTransform_float_3_3
Parameters: 0.999999 -0.00135211 -5.13174e-05 0.00135113 0.999989 -0.00445443 5.70532e-05 0.00445357 0.99999 0.00562724 -0.0299259 -0.865181
FixedParameters: 0 0 0

#Transform 155
Transform: AffineTransform_float_3_3
Parameters: 0.999998 -0.00161572 -0.000180063 0.00161486 0.999987 -0.00490281 0.000187895 0.00490219 0.999988 0.0227438 -0.0375491 -0.891118
FixedParameters: 0 0 0

#Transform 156
Transform: AffineTransform_float_3_3
Parameters: 0.999999 -0.00156636 -0.000180494 0.00156522 0.99999 -0.0042538 0.000187119 0.0042532 0.999991 0.0223923 -0.0337725 -0.924695
FixedParameters: 0 0 0

#Transform 157
Transform: AffineTransform_float_3_3
Parameters: 0.999999 -0.00129754 -0.000127296 0.00129725 0.999991 -0.00422968 0.000132496 0.00422932 0.999991 0.00476769 -0.0279631 -0.880996
FixedParameters: 0 0 0

#Transform 158
Transform: AffineTransform_float_3_3
Parameters: 0.999998 -0.00154546 -0.000352404 0.00154396 0.999985 -0.00526506 0.000361192 0.00526394 0.999986 0.0112951 -0.0454464 -0.954137
FixedParameters: 0 0 0

#Transform 159
Transform: AffineTransform_float_3_3
Parameters: 0.999999 -0.00148348 -0.000188071 0.00148274 0.999991 -0.00405879 0.000194334 0.0040582 0.999991 0.0140688 -0.0343853 -0.870254
FixedParameters: 0 0 0

#Transform 160
Transform: AffineTransform_float_3_3
Parameters: 0.999999 -0.00155959 -0.000693532 0.0015565 0.999989 -0.00449539 0.000699672 0.00449461 0.99999 0.00932396 -0.025981 -0.897517
FixedParameters: 0 0 0

#Transform 161
Transform: AffineTransform_float_3_3
Parameters: 0.999998 -0.00162156 -0.000389164 0.00162019 0.999989 -0.0046173 0.000396655 0.0046167 0.999989 0.0115117 -0.0360716 -0.931205
FixedParameters: 0 0 0

#Transform 162
Transform: AffineTransform_float_3_3
Parameters: 0.999999 -0.00173399 -0.000308476 0.00173299 0.999991 -0.00374769 0.000314383 0.00374731 0.999993 0.00317744 -0.0249184 -0.84071
FixedParameters: 0 0 0

#Transform 163
Transform: AffineTransform_float_3_3
Parameters: 0.999998 -0.00189771 -0.000616877 0.00189499 0.999988 -0.00443549 0.00062491 0.00443452 0.99999 0.0218581 -0.0114798 -0.93721
FixedParameters: 0 0 0

#Transform 164
Transform: AffineTransform_float_3_3
Parameters: 0.999998 -0.00156811 -0.000203382 0.00156738 0.999992 -0.00372484 0.000209285 0.00372416 0.999993 0.0221858 -0.00951624 -0.887597
FixedParameters: 0 0 0

#Transform 165
Transform: AffineTransform_float_3_3
Parameters: 0.999998 -0.00159478 -0.000138269 0.00159408 0.999991 -0.00395774 0.000144194 0.00395726 0.999992 0.0146902 -0.0143595 -0.888705
FixedParameters: 0 0 0

#Transform 166
Transform: AffineTransform_float_3_3
Parameters: 0.999998 -0.00169375 -0.000401224 0.001693 0.99999 -0.00419235 0.000408865 0.00419165 0.999991 0.0170349 -0.0178831 -0.93849
FixedParameters: 0 0 0

#Transform 167
Transform: AffineTransform_float_3_3
Parameters: 0.999998 -0.00172213 -0.000204812 0.00172139 0.999992 -0.00371002 0.000211812 0.00370998 0.999993 0.0207715 -0.0162067 -0.924252
FixedParameters: 0 0 0

#Transform 168
Transform: AffineTransform_float_3_3
Parameters: 0.999998 -0.00170467 -0.000204673 0.00170354 0.999992 -0.00371702 0.000210646 0.00371698 0.999993 0.00811218 -0.0295354 -0.895463
FixedParameters: 0 0 0

#Transform 169
Transform: AffineTransform_float_3_3
Parameters: 0.999998 -0.00189636 -0.000530647 0.00189497 0.999989 -0.00427732 0.000538996 0.00427668 0.999991 0.0225457 -0.0342134 -0.963205
FixedParameters: 0 0 0

#Transform 170
Transform: AffineTransform_float_3_3
Parameters: 0.999999 -0.00149481 -7.82168e-05 0.00149502 0.999993 -0.00366964 8.34133e-05 0.00366937 0.999993 0.0195593 -0.0190683 -0.898301
FixedParameters: 0 0 0

#Transform 171
Transform: AffineTransform_float_3_3
Parameters: 0.999999 -0.0015555 -0.000143446 0.0015552 0.999992 -0.00376574 0.000149384 0.00376526 0.999993 0.0224084 -0.0105392 -0.907403
FixedParameters: 0 0 0

#Transform 172
Transform: AffineTransform_float_3_3
Parameters: 0.999998 -0.00163656 -0.000333457 0.00163551 0.999994 -0.00334322 0.000339541 0.00334279 0.999994 0.00938711 -0.0176288 -0.92706
FixedParameters: 0 0 0

#Transform 173
Transform: AffineTransform_float_3_3
Parameters: 0.999998 -0.00167258 -0.000102421 0.00167227 0.999992 -0.00346469 0.000107314 0.00346431 0.999994 0.0204052 -0.00249368 -0.899576
FixedParameters: 0 0 0

#Transform 174
Transform: AffineTransform_float_3_3
Parameters: 0.999998 -0.00163646 -0.000276064 0.00163601 0.999991 -0.00391197 0.000282699 0.00391103 0.999992 0.0222225 -0.0272266 -0.980021
FixedParameters: 0 0 0

#Transform 175
Transform: AffineTransform_float_3_3
Parameters: 0.999998 -0.00170707 -0.000178315 0.00170671 0.999993 -0.00323462 0.000183584 0.00323539 0.999995 0.0164588 -0.0170564 -0.931477
FixedParameters: 0 0 0

#Transform 176
Transform: AffineTransform_float_3_3
Parameters: 0.999998 -0.00185625 -0.000246914 0.00185499 0.999993 -0.00336413 0.000252704 0.00336387 0.999994 0.0198877 0.00229044 -0.921384
FixedParameters: 0 0 0

#Transform 177
Transform: AffineTransform_float_3_3
Parameters: 0.999999 -0.001859 -0.000201244 0.00185742 0.999991 -0.00391605 0.000208182 0.00391595 0.999992 0.0240989 -0.0193021 -0.95157
FixedParameters: 0 0 0

#Transform 178
Transform: AffineTransform_float_3_3
Parameters: 0.999998 -0.00187608 -0.000168846 0.00187574 0.999993 -0.00333384 0.000175578 0.00333316 0.999995 0.00557254 -0.0179281 -0.919208
FixedParameters: 0 0 0

#Transform 179
Transform: AffineTransform_float_3_3
Parameters: 0.999998 -0.00191459 -0.000359841 0.00191339 0.999992 -0.003503 0.000366164 0.003503 0.999994 0.0180843 -0.00577502 -0.935333
FixedParameters: 0 0 0
