#Insight Transform File V1.0
#Transform 0
Transform: AffineTransform_float_3_3
Parameters: 1 2.68998e-05 -0.000486282 -2.74182e-05 1 -0.000532986 0.000486253 0.000533013 0.999999 0.0376507 0.0863749 0.312534
FixedParameters: 0 0 0

#Transform 1
Transform: AffineTransform_float_3_3
Parameters: 1 0.000613225 0.000167905 -0.000613335 1 0.000327744 -0.000167503 -0.000327255 1 -0.00630699 0.0307152 -0.00863005
FixedParameters: 0 0 0

#Transform 2
Transform: AffineTransform_float_3_3
Parameters: 0.999999 0.000731666 -6.35513e-06 -0.000731666 1 5.18521e-05 6.43048e-06 -5.11481e-05 1 -0.00642226 0.0934945 -0.0458487
FixedParameters: 0 0 0

#Transform 3
Transform: AffineTransform_float_3_3
Parameters: 0.999999 0.000745338 2.59325e-05 -0.000745345 1 0.000144828 -2.57171e-05 -0.000144172 1 -0.00669152 0.108933 -0.0593743
FixedParameters: 0 0 0

#Transform 4
Transform: AffineTransform_float_3_3
Parameters: 0.999999 0.000774255 9.39434e-05 -0.000774255 0.999999 1.92741e-06 -9.39404e-05 -2.07288e-06 1 -0.0212539 0.106612 -0.0524795
FixedParameters: 0 0 0

#Transform 5
Transform: AffineTransform_float_3_3
Parameters: 1 0.000616449 0.000267447 -0.00061651 1 0.000112835 -0.000267307 -0.000113165 1 -0.00681818 0.0986453 -0.0334169
FixedParameters: 0 0 0

#Transform 6
Transform: AffineTransform_float_3_3
Parameters: 0.999999 0.000758235 5.6214e-05 -0.000758237 1 1.68049e-05 -5.6189e-05 -1.61954e-05 1 -0.00693249 0.11625 -0.0562152
FixedParameters: 0 0 0

#Transform 7
Transform: AffineTransform_float_3_3
Parameters: 0.999999 0.000617868 0.000388496 -0.000617929 1 7.86074e-05 -0.000388399 -7.83928e-05 0.999999 -0.0341766 0.105553 -0.0530472
FixedParameters: 0 0 0

#Transform 8
Transform: AffineTransform_float_3_3
Parameters: 0.999999 0.000803548 0.000163043 -0.000803573 1 7.87165e-05 -0.000162917 -7.82837e-05 1 -0.0189045 0.111579 -0.0546298
FixedParameters: 0 0 0

#Transform 9
Transform: AffineTransform_float_3_3
Parameters: 0.999999 0.000767213 7.7458e-05 -0.000767231 0.999999 0.000110941 -7.72877e-05 -0.000111059 1 -0.00709743 0.114842 -0.0697207
FixedParameters: 0 0 0

#Transform 10
Transform: AffineTransform_float_3_3
Parameters: 1 0.000296394 0.000283767 -0.000296461 1 0.000118916 -0.000283696 -0.000119084 1 -0.0225893 0.114663 -0.0549802
FixedParameters: 0 0 0

#Transform 11
Transform: AffineTransform_float_3_3
Parameters: 1 0.00090776 0.000654385 -0.000907885 0.999999 9.4406e-05 -0.000654212 -9.5594e-05 1 -0.0108829 0.108148 -0.106521
FixedParameters: 0 0 0

#Transform 12
Transform: AffineTransform_float_3_3
Parameters: 0.999999 0.000675651 0.000615076 -0.000676227 0.999999 0.000468584 -0.000614442 -0.000469415 0.999999 -0.00879865 0.10975 -0.0987828
FixedParameters: 0 0 0

#Transform 13
Transform: AffineTransform_float_3_3
Parameters: 1 0.000380285 0.000281864 -0.000380394 1 0.000193893 -0.000281717 -0.000194107 1 -0.0217694 0.116169 -0.0755136
FixedParameters: 0 0 0

#Transform 14
Transform: AffineTransform_float_3_3
Parameters: 1 0.000486436 0.000475823 -0.000485746 1 0.000242769 -0.000475978 -0.000243232 1 -0.0285019 0.11568 -0.0751405
FixedParameters: 0 0 0

#Transform 15
Transform: AffineTransform_float_3_3
Parameters: 0.999999 0.000713185 0.000382853 -0.000712388 0.999999 0.000161727 -0.000383013 -0.000162273 1 -0.022502 0.131737 -0.0780141
FixedParameters: 0 0 0

#Transform 16
Transform: AffineTransform_float_3_3
Parameters: 1 0.000300022 0.000569019 -0.000300309 1 0.000251829 -0.000568868 -0.000252171 1 -0.0223674 0.12052 -0.0752263
FixedParameters: 0 0 0

#Transform 17
Transform: AffineTransform_float_3_3
Parameters: 1 0.000416149 0.000353537 -0.000415331 1 0.000144853 -0.000353808 -0.000145147 1 -0.0216076 0.114117 -0.0554311
FixedParameters: 0 0 0

#Transform 18
Transform: AffineTransform_float_3_3
Parameters: 1 0.000441294 8.28923e-06 -0.000441296 1 0.000142996 -8.16302e-06 -0.000143004 1 -0.000873989 0.111422 -0.0520686
FixedParameters: 0 0 0

#Transform 19
Transform: AffineTransform_float_3_3
Parameters: 1 0.000391921 0.000304058 -0.000391977 1 9.18809e-05 -0.000303985 -9.21192e-05 1 -0.0200118 0.097228 -0.057839
FixedParameters: 0 0 0

#Transform 20
Transform: AffineTransform_float_3_3
Parameters: 1 0.000162195 0.000308128 -0.000162361 1 0.00026895 -0.00030804 -0.00026905 1 -0.0145449 0.113879 -0.0639912
FixedParameters: 0 0 0

#Transform 21
Transform: AffineTransform_float_3_3
Parameters: 1 9.91085e-05 0.00052062 -9.91048e-05 1 0.000371948 -0.000519626 -0.000372051 1 -0.0190426 0.111221 -0.0706587
FixedParameters: 0 0 0

#Transform 22
Transform: AffineTransform_float_3_3
Parameters: 1 0.000247469 0.000306698 -0.000247534 1 0.000104924 -0.000306646 -0.000105076 1 -0.0228141 0.117841 -0.0565286
FixedParameters: 0 0 0

#Transform 23
Transform: AffineTransform_float_3_3
Parameters: 1 0.000339663 0.000157842 -0.000339677 1 4.49464e-05 -0.000157811 -4.50537e-05 1 -0.00389509 0.121859 -0.0689819
FixedParameters: 0 0 0

#Transform 24
Transform: AffineTransform_float_3_3
Parameters: 1 0.000107001 0.000600892 -0.000107591 0.999999 0.000491088 -0.000600787 -0.000491911 1 -0.033201 0.109903 -0.0878349
FixedParameters: 0 0 0

#Transform 25
Transform: AffineTransform_float_3_3
Parameters: 1 -4.9925e-05 0.000274236 4.96688e-05 1 0.000467014 -0.000274283 -0.000466986 1 -0.0175391 0.109146 -0.0744871
FixedParameters: 0 0 0

#Transform 26
Transform: AffineTransform_float_3_3
Parameters: 1 -3.6972e-05 0.000297009 3.67807e-05 1 0.000322011 -0.000297032 -0.000321989 1 -0.0159954 0.115086 -0.0782414
FixedParameters: 0 0 0

#Transform 27
Transform: AffineTransform_float_3_3
Parameters: 0.999999 0.00016214 0.000809988 -0.000162614 1 0.000292021 -0.000809893 -0.000292979 1 -0.0394219 0.117541 -0.0581237
FixedParameters: 0 0 0

#Transform 28
Transform: AffineTransform_float_3_3
Parameters: 1 0.000134437 0.000475258 -0.000134337 1 -0.000105064 -0.000475287 0.000104936 1 0.00456601 0.126631 -0.0429014
FixedParameters: 0 0 0

#Transform 29
Transform: AffineTransform_float_3_3
Parameters: 0.999999 0.000232066 0.00081617 -0.000232619 1 0.00033881 -0.000816012 -0.000339189 0.999999 -0.0160907 0.127778 -0.0498483
FixedParameters: 0 0 0

#Transform 30
Transform: AffineTransform_float_3_3
Parameters: 1 7.84601e-05 0.000207868 -7.84555e-05 1 -1.10163e-05 -0.000207869 1.09837e-05 1 -0.00639191 0.126216 -0.0529926
FixedParameters: 0 0 0

#Transform 31
Transform: AffineTransform_float_3_3
Parameters: 1 0.000208775 0.000596871 -0.000208847 1 5.98754e-05 -0.000596846 -6.01246e-05 1 -0.0104154 0.122088 -0.0536086
FixedParameters: 0 0 0

#Transform 32
Transform: AffineTransform_float_3_3
Parameters: 1 0.000177669 0.000288547 -0.000178012 1 0.000594948 -0.000288336 -0.000595051 1 -0.00307538 0.104201 -0.0301783
FixedParameters: 0 0 0

#Transform 33
Transform: AffineTransform_float_3_3
Parameters: 0.999999 0.000234399 0.000718534 -0.000234377 1 -1.51684e-05 -0.000718541 1.48316e-05 0.999999 -0.00559285 0.117683 -0.0342611
FixedParameters: 0 0 0

#Transform 34
Transform: AffineTransform_float_3_3
Parameters: 1 8.85144e-05 0.000579495 -8.93306e-05 1 -9.00518e-05 -0.00057912 8.99487e-05 1 -0.00361262 0.104889 -0.0371864
FixedParameters: 0 0 0

#Transform 35
Transform: AffineTransform_float_3_3
Parameters: 0.999999 0.00023648 0.000965256 -0.000237413 1 0.000483284 -0.000965027 -0.000483716 1 -0.00676858 0.115239 -0.0242376
FixedParameters: 0 0 0

#Transform 36
Transform: AffineTransform_float_3_3
Parameters: 0.999999 0.000257488 0.000954272 -0.000257186 1 -0.000158245 -0.000954353 0.000157754 0.999999 -8.4868e-05 0.102846 -0.0297428
FixedParameters: 0 0 0

#Transform 37
Transform: AffineTransform_float_3_3
Parameters: 0.999999 0.000184214 0.000812631 -0.000184116 1 -6.01496e-05 -0.000812653 5.98503e-05 0.999999 0.00650972 0.123714 -0.0389051
FixedParameters: 0 0 0

#Transform 38
Transform: AffineTransform_float_3_3
Parameters: 1 0.00013053 0.00048888 -0.000130271 1 -0.000265064 -0.000488949 0.000264936 1 0.00361009 0.13137 -0.0520295
FixedParameters: 0 0 0

#Transform 39
Transform: AffineTransform_float_3_3
Parameters: 0.999999 4.65179e-05 0.000854717 -4.68256e-05 1 0.00017996 -0.0008547 -0.00018004 0.999999 -0.0137373 0.104075 -0.0422942
FixedParameters: 0 0 0

#Transform 40
Transform: AffineTransform_float_3_3
Parameters: 0.999999 0.000113684 0.000881709 -0.000113406 1 -0.0001581 -0.000881745 0.0001579 0.999999 -0.0196974 0.118843 -0.0377615
FixedParameters: 0 0 0

#Transform 41
Transform: AffineTransform_float_3_3
Parameters: 1 -0.000108064 0.000590104 0.000107956 1 9.20637e-05 -0.000590124 -9.19362e-05 1 -0.0128277 0.129503 -0.0571251
FixedParameters: 0 0 0

#Transform 42
Transform: AffineTransform_float_3_3
Parameters: 1 4.81983e-05 0.000987494 -4.92154e-05 1 0.000515311 -0.000987443 -0.000514688 1 -0.0201833 0.11049 -0.0670481
FixedParameters: 0 0 0

#Transform 43
Transform: AffineTransform_float_3_3
Parameters: 1 -8.13688e-05 0.000578775 8.12623e-05 1 9.2047e-05 -0.00057879 -9.19529e-05 1 -0.0222518 0.0983738 -0.0380243
FixedParameters: 0 0 0

#Transform 44
Transform: AffineTransform_float_3_3
Parameters: 0.999999 -0.000117035 0.000712319 0.000116903 1 9.22359e-05 -0.000712341 -9.27639e-05 1 -0.014836 0.115857 -0.0519629
FixedParameters: 0 0 0

#Transform 45
Transform: AffineTransform_float_3_3
Parameters: 1 -3.81034e-05 0.000560415 3.80002e-05 1 9.20213e-05 -0.000560422 -9.19786e-05 1 -0.01282 0.141212 -0.0620898
FixedParameters: 0 0 0

#Transform 46
Transform: AffineTransform_float_3_3
Parameters: 1 -0.000169741 0.000616277 0.000169627 1 9.21045e-05 -0.000616309 -9.18953e-05 1 -0.0211306 0.136568 -0.0601244
FixedParameters: 0 0 0

#Transform 47
Transform: AffineTransform_float_3_3
Parameters: 1 -1.11007e-05 0.00108994 1.0899e-05 1 9.21645e-05 -0.00108994 -9.28352e-05 0.999999 -0.0246035 0.135524 -0.0632175
FixedParameters: 0 0 0

#Transform 48
Transform: AffineTransform_float_3_3
Parameters: 1 -0.000155933 0.000610418 0.00015582 1 9.20951e-05 -0.000610446 -9.19048e-05 1 -0.0162737 0.124226 -0.0548857
FixedParameters: 0 0 0

#Transform 49
Transform: AffineTransform_float_3_3
Parameters: 1 -2.72107e-05 0.00120767 2.73797e-05 1 -6.96074e-05 -0.00120767 7.03927e-05 0.999999 -0.00871915 0.110264 -0.0439217
FixedParameters: 0 0 0

#Transform 50
Transform: AffineTransform_float_3_3
Parameters: 0.999999 -6.3366e-05 0.00127532 6.41745e-05 1 -0.000316559 -0.00127528 0.000317441 0.999999 -0.0136368 0.116257 -0.0314068
FixedParameters: 0 0 0

#Transform 51
Transform: AffineTransform_float_3_3
Parameters: 0.999999 -9.99673e-05 0.00125378 0.000100169 1 -8.03622e-05 -0.00125376 8.06378e-05 1 -0.0301925 0.110663 -0.0539626
FixedParameters: 0 0 0

#Transform 52
Transform: AffineTransform_float_3_3
Parameters: 0.999999 -7.89464e-06 0.001333 7.64801e-06 1 9.25226e-05 -0.00133301 -9.24772e-05 0.999999 -0.00940887 0.127461 -0.0540294
FixedParameters: 0 0 0

#Transform 53
Transform: AffineTransform_float_3_3
Parameters: 1 -0.000232142 0.0011196 0.000231781 1 0.000161412 -0.00111968 -0.000161587 0.999999 -0.0065394 0.132098 -0.0735136
FixedParameters: 0 0 0

#Transform 54
Transform: AffineTransform_float_3_3
Parameters: 0.999999 -4.32726e-05 0.00138592 4.38037e-05 1 0.000281573 -0.00138541 -0.000281428 0.999999 -0.00941657 0.125853 -0.0523018
FixedParameters: 0 0 0

#Transform 55
Transform: AffineTransform_float_3_3
Parameters: 1 -6.52383e-05 0.00117484 6.59414e-05 1 9.25898e-05 -0.00117524 -9.2411e-05 1 -0.00827523 0.121717 -0.0503975
FixedParameters: 0 0 0

#Transform 56
Transform: AffineTransform_float_3_3
Parameters: 1 -0.000127065 0.0010957 0.000127783 1 9.22926e-05 -0.00109612 -9.2708e-05 0.999999 -0.00738958 0.124012 -0.0454338
FixedParameters: 0 0 0

#Transform 57
Transform: AffineTransform_float_3_3
Parameters: 1 -0.000135981 0.00120269 0.000135758 1 9.26756e-05 -0.00120271 -9.23241e-05 1 -0.0076994 0.129089 -0.047788
FixedParameters: 0 0 0

#Transform 58
Transform: AffineTransform_float_3_3
Parameters: 0.999999 -0.000229481 0.0012618 0.000228861 1 0.000245801 -0.00126191 -0.000245198 1 -0.0072434 0.130555 -0.0533002
FixedParameters: 0 0 0

#Transform 59
Transform: AffineTransform_float_3_3
Parameters: 1 -0.000258196 0.00119371 0.000257975 1 9.24605e-05 -0.00119376 -9.2539e-05 0.999999 -0.0112348 0.12429 -0.0551029
FixedParameters: 0 0 0

#Transform 60
Transform: AffineTransform_float_3_3
Parameters: 0.999999 -0.000215604 0.00140159 0.000215345 1 9.28142e-05 -0.00140163 -9.21855e-05 0.999999 -0.014069 0.125764 -0.0430624
FixedParameters: 0 0 0

#Transform 61
Transform: AffineTransform_float_3_3
Parameters: 1 -0.000140645 0.00114818 0.000141354 1 9.23149e-05 -0.00114859 -9.26857e-05 0.999999 -0.00751953 0.121274 -0.0498369
FixedParameters: 0 0 0

#Transform 62
Transform: AffineTransform_float_3_3
Parameters: 0.999999 -0.000211095 0.0013333 0.000210451 1 0.000241793 -0.0013334 -0.000241206 0.999999 -0.00768957 0.12776 -0.0526159
FixedParameters: 0 0 0

#Transform 63
Transform: AffineTransform_float_3_3
Parameters: 0.999999 -0.000356682 0.00134305 0.000357354 1 9.29923e-05 -0.00134351 -9.20084e-05 0.999999 -0.00658833 0.140266 -0.0456893
FixedParameters: 0 0 0

#Transform 64
Transform: AffineTransform_float_3_3
Parameters: 0.999999 -0.000266253 0.00129888 0.000265748 0.999999 0.000548858 -0.00129956 -0.000548142 0.999999 0.0141936 0.120196 -0.0471489
FixedParameters: 0 0 0

#Transform 65
Transform: AffineTransform_float_3_3
Parameters: 0.999999 0.000145879 0.00182387 -0.000145325 1 0.000207247 -0.00182328 -0.000207754 0.999998 0.0103953 0.13428 -0.0399116
FixedParameters: 0 0 0

#Transform 66
Transform: AffineTransform_float_3_3
Parameters: 0.999999 0.000164583 0.00178654 -0.000164827 1 0.000326425 -0.00178682 -0.000325575 0.999998 0.00382981 0.126402 -0.0355891
FixedParameters: 0 0 0

#Transform 67
Transform: AffineTransform_float_3_3
Parameters: 0.999999 -2.95473e-05 0.00155076 2.92604e-05 1 9.25577e-05 -0.00155077 -9.24419e-05 0.999999 0.00662186 0.143486 -0.0423344
FixedParameters: 0 0 0

#Transform 68
Transform: AffineTransform_float_3_3
Parameters: 0.999999 2.69684e-05 0.00175632 -2.57232e-05 1 -0.000354533 -0.00175633 0.000354465 0.999998 0.00519206 0.137777 -0.0394189
FixedParameters: 0 0 0

#Transform 69
Transform: AffineTransform_float_3_3
Parameters: 0.999999 -0.000178245 0.00181971 0.00017708 1 0.000680836 -0.00181942 -0.000680165 0.999998 -0.00134233 0.137304 -0.0302333
FixedParameters: 0 0 0

#Transform 70
Transform: AffineTransform_float_3_3
Parameters: 0.999999 -0.000255241 0.00139467 0.000255494 1 -9.01315e-05 -0.00139463 9.08685e-05 0.999999 -0.00769012 0.130833 -0.0296553
FixedParameters: 0 0 0

#Transform 71
Transform: AffineTransform_float_3_3
Parameters: 0.999998 -0.000111074 0.00164918 0.000110581 1 0.000428695 -0.00164967 -0.000428305 0.999998 -0.00986563 0.131302 -0.0284692
FixedParameters: 0 0 0

#Transform 72
Transform: AffineTransform_float_3_3
Parameters: 0.999999 -0.000278236 0.0015371 0.000278919 0.999999 -0.000221907 -0.00153697 0.000222093 0.999999 0.0011393 0.136127 -0.0396207
FixedParameters: 0 0 0

#Transform 73
Transform: AffineTransform_float_3_3
Parameters: 0.999999 -0.00025798 0.00139133 0.000258643 1 9.28722e-05 -0.00139177 -9.21286e-05 0.999999 0.000984264 0.142448 -0.0551597
FixedParameters: 0 0 0

#Transform 74
Transform: AffineTransform_float_3_3
Parameters: 0.999999 -6.77983e-05 0.00178317 6.74666e-05 0.999999 9.27853e-05 -0.00178319 -9.32141e-05 0.999998 -0.00212676 0.149045 -0.0390218
FixedParameters: 0 0 0

#Transform 75
Transform: AffineTransform_float_3_3
Parameters: 0.999999 -0.000417219 0.00147336 0.000416945 1 -0.000219234 -0.00147278 0.000219768 0.999999 -0.0193564 0.12898 -0.0401483
FixedParameters: 0 0 0

#Transform 76
Transform: AffineTransform_float_3_3
Parameters: 0.999999 -0.000202535 0.00178733 0.000202067 1 -0.000126127 -0.00178689 0.000126874 0.999998 -0.008819 0.144399 -0.0228331
FixedParameters: 0 0 0

#Transform 77
Transform: AffineTransform_float_3_3
Parameters: 0.999999 -0.000347795 0.00119567 0.000346967 1 0.000346775 -0.00119591 -0.000345225 0.999999 0.00620393 0.142603 -0.0362409
FixedParameters: 0 0 0

#Transform 78
Transform: AffineTransform_float_3_3
Parameters: 0.999999 -0.000213387 0.00181128 0.00021305 0.999999 9.30509e-05 -0.00181132 -9.29485e-05 0.999998 -0.00880499 0.154776 -0.036535
FixedParameters: 0 0 0

#Transform 79
Transform: AffineTransform_float_3_3
Parameters: 0.999998 -0.00045526 0.00154573 0.000455173 1 2.80088e-05 -0.00154576 -2.79908e-05 0.999999 -0.00216338 0.145408 -0.0442645
FixedParameters: 0 0 0

#Transform 80
Transform: AffineTransform_float_3_3
Parameters: 0.999999 -0.000596356 0.00145593 0.000596814 1 -0.000156826 -0.00145574 0.000157174 1 -0.0138231 0.161931 -0.0280732
FixedParameters: 0 0 0

#Transform 81
Transform: AffineTransform_float_3_3
Parameters: 0.999998 -0.000633545 0.00196811 0.000630671 0.999999 0.00139655 -0.00196882 -0.00139545 0.999997 0.0419776 0.222644 -0.0563631
FixedParameters: 0 0 0

#Transform 82
Transform: AffineTransform_float_3_3
Parameters: 0.999997 -0.000150573 0.00220905 0.00014797 0.999999 0.001391 -0.0022088 -0.00139101 0.999997 -0.00192136 0.200629 -0.00385226
FixedParameters: 0 0 0

#Transform 83
Transform: AffineTransform_float_3_3
Parameters: 0.999998 -0.000286324 0.00188054 0.000284504 1 0.000833049 -0.00188049 -0.000831951 0.999998 0.00736094 0.199867 -0.0262927
FixedParameters: 0 0 0

#Transform 84
Transform: AffineTransform_float_3_3
Parameters: 0.999998 -5.43901e-05 0.00228504 5.24448e-05 1 0.000914147 -0.002285 -0.000913854 0.999997 -0.0112294 0.192256 -0.0253043
FixedParameters: 0 0 0

#Transform 85
Transform: AffineTransform_float_3_3
Parameters: 0.999997 4.4199e-05 0.00252062 -4.45584e-05 0.999999 0.000514273 -0.00252044 -0.000513728 0.999997 -0.0013808 0.197802 -0.0113449
FixedParameters: 0 0 0

#Transform 86
Transform: AffineTransform_float_3_3
Parameters: 0.999998 -0.000253746 0.00186694 0.000252258 1 0.000644777 -0.00186766 -0.000645222 0.999998 0.00702741 0.189061 -0.0294325
FixedParameters: 0 0 0

#Transform 87
Transform: AffineTransform_float_3_3
Parameters: 0.999998 -0.000237561 0.00226544 0.000236929 1 0.000429203 -0.00226512 -0.000428798 0.999997 -0.00943304 0.180362 -0.0280211
FixedParameters: 0 0 0

#Transform 88
Transform: AffineTransform_float_3_3
Parameters: 0.999998 -3.82959e-05 0.00222998 3.83473e-05 1 0.000282958 -0.00222947 -0.000282043 0.999997 0.00365536 0.184462 -0.00443546
FixedParameters: 0 0 0

#Transform 89
Transform: AffineTransform_float_3_3
Parameters: 0.999998 -0.000325304 0.00201172 0.000324169 1 0.000282318 -0.00201191 -0.000281681 0.999998 0.00411925 0.18002 -0.0285837
FixedParameters: 0 0 0

#Transform 90
Transform: AffineTransform_float_3_3
Parameters: 0.999998 -0.000332888 0.0019005 0.000331442 1 0.000622783 -0.0019013 -0.000622215 0.999997 0.0077412 0.175465 -0.00517539
FixedParameters: 0 0 0

#Transform 91
Transform: AffineTransform_float_3_3
Parameters: 0.999998 -0.000157268 0.00225614 0.000155651 1 0.000649018 -0.00225581 -0.000648982 0.999997 0.00458754 0.195252 0.00385945
FixedParameters: 0 0 0

#Transform 92
Transform: AffineTransform_float_3_3
Parameters: 0.999998 -0.00042933 0.00220572 0.000427113 0.999999 0.00109761 -0.0022056 -0.00109639 0.999996 -0.00923905 0.189831 -0.00429996
FixedParameters: 0 0 0

#Transform 93
Transform: AffineTransform_float_3_3
Parameters: 0.999998 -0.000437833 0.00194498 0.000436372 1 0.000612155 -0.00194591 -0.000611843 0.999998 0.00833673 0.190629 0.000539819
FixedParameters: 0 0 0

#Transform 94
Transform: AffineTransform_float_3_3
Parameters: 0.999998 5.98136e-05 0.00207492 -6.24934e-05 1 0.000867385 -0.0020752 -0.000867614 0.999997 0.00352613 0.18336 -0.0077409
FixedParameters: 0 0 0

#Transform 95
Transform: AffineTransform_float_3_3
Parameters: 0.999998 -0.000380194 0.00230169 0.000378043 1 0.000667537 -0.00230259 -0.000666461 0.999997 0.00623715 0.192301 -0.000575056
FixedParameters: 0 0 0

#Transform 96
Transform: AffineTransform_float_3_3
Parameters: 0.999998 -0.000280608 0.00232628 0.000278606 0.999999 0.00110783 -0.00232715 -0.00110717 0.999997 0.00520609 0.180078 0.00474098
FixedParameters: 0 0 0

#Transform 97
Transform: AffineTransform_float_3_3
Parameters: 0.999996 -0.000162832 0.00259186 0.000161474 1 0.000692598 -0.00259194 -0.000692403 0.999997 0.00303625 0.189172 0.00692216
FixedParameters: 0 0 0

#Transform 98
Transform: AffineTransform_float_3_3
Parameters: 0.999998 -0.000433108 0.00194246 0.000431361 0.999999 0.0010245 -0.00194321 -0.0010235 0.999998 0.00825934 0.186047 -0.0215962
FixedParameters: 0 0 0

#Transform 99
Transform: AffineTransform_float_3_3
Parameters: 0.999996 -0.000212673 0.00256318 0.000212016 1 0.000563723 -0.00256328 -0.000563279 0.999997 -0.0136612 0.209934 -0.0125002
FixedParameters: 0 0 0

#Transform 100
Transform: AffineTransform_float_3_3
Parameters: 0.999997 -0.000276889 0.00271996 0.000274418 1 0.00110557 -0.0027199 -0.00110543 0.999995 -0.0055457 0.196593 -0.00414325
FixedParameters: 0 0 0

#Transform 101
Transform: AffineTransform_float_3_3
Parameters: 0.999997 -0.000365175 0.00251457 0.000362627 1 0.000768092 -0.0025146 -0.000766907 0.999997 0.00513617 0.208014 0.00275545
FixedParameters: 0 0 0

#Transform 102
Transform: AffineTransform_float_3_3
Parameters: 0.999997 -0.000462588 0.00249272 0.000460579 0.999999 0.000851328 -0.00249336 -0.000849672 0.999997 0.00601998 0.187165 0.000209409
FixedParameters: 0 0 0

#Transform 103
Transform: AffineTransform_float_3_3
Parameters: 0.999996 -0.000608711 0.0025276 0.000605152 0.999999 0.00140535 -0.00252864 -0.00140365 0.999996 0.00711698 0.186709 0.00427435
FixedParameters: 0 0 0

#Transform 104
Transform: AffineTransform_float_3_3
Parameters: 0.999997 -0.000428425 0.00244556 0.000426139 0.999999 0.000923862 -0.00244621 -0.000923136 0.999996 0.00606655 0.19026 0.0309801
FixedParameters: 0 0 0

#Transform 105
Transform: AffineTransform_float_3_3
Parameters: 0.999995 -0.000133297 0.00298855 0.000128895 0.999998 0.00163708 -0.00298909 -0.00163692 0.999994 -0.0150907 0.190596 0.0579093
FixedParameters: 0 0 0

#Transform 106
Transform: AffineTransform_float_3_3
Parameters: 0.999997 -0.000369865 0.00263653 0.000366008 1 0.00115479 -0.00263724 -0.00115421 0.999996 0.0158081 0.198426 0.0332377
FixedParameters: 0 0 0

#Transform 107
Transform: AffineTransform_float_3_3
Parameters: 0.999996 -0.000311672 0.00300763 0.000306889 0.999999 0.00153762 -0.0030083 -0.00153638 0.999995 -0.0073487 0.215734 0.0613444
FixedParameters: 0 0 0

#Transform 108
Transform: AffineTransform_float_3_3
Parameters: 0.999996 -7.17245e-05 0.00287322 6.89948e-05 0.999999 0.00102374 -0.00287361 -0.00102326 0.999995 0.0105164 0.205761 0.0190185
FixedParameters: 0 0 0

#Transform 109
Transform: AffineTransform_float_3_3
Parameters: 0.999997 -0.000378218 0.0026835 0.000375183 1 0.00115283 -0.00268462 -0.00115217 0.999995 0.0129604 0.202236 0.0154285
FixedParameters: 0 0 0

#Transform 110
Transform: AffineTransform_float_3_3
Parameters: 0.999994 -0.00020055 0.00326208 0.000196946 0.999999 0.00109549 -0.00326185 -0.00109551 0.999994 0.000431994 0.2107 0.067225
FixedParameters: 0 0 0

#Transform 111
Transform: AffineTransform_float_3_3
Parameters: 0.999996 6.76589e-05 0.0028879 -7.02838e-05 0.999999 0.00115934 -0.00288838 -0.00115966 0.999995 0.0172539 0.196834 0.0440824
FixedParameters: 0 0 0

#Transform 112
Transform: AffineTransform_float_3_3
Parameters: 0.999996 -0.000328801 0.00287303 0.000324934 0.999999 0.00129012 -0.0028732 -0.00128888 0.999995 0.0208487 0.221262 0.0835729
FixedParameters: 0 0 0

#Transform 113
Transform: AffineTransform_float_3_3
Parameters: 0.999997 0.000588035 0.00262787 -0.000589172 1 0.000566045 -0.00262798 -0.000566956 0.999997 0.0834277 0.198634 0.0441568
FixedParameters: 0 0 0

#Transform 114
Transform: AffineTransform_float_3_3
Parameters: 0.999996 -0.000211486 0.00275815 0.000207072 0.999999 0.00137175 -0.00275898 -0.00137124 0.999995 0.0233978 0.187726 0.0581048
FixedParameters: 0 0 0

#Transform 115
Transform: AffineTransform_float_3_3
Parameters: 0.999995 -0.000250203 0.00320919 0.000246066 0.999999 0.00113564 -0.00321001 -0.00113536 0.999995 0.0104448 0.195677 0.0686789
FixedParameters: 0 0 0

#Transform 116
Transform: AffineTransform_float_3_3
Parameters: 0.999994 -0.000263861 0.00345165 0.000260348 0.999999 0.00115575 -0.00345198 -0.00115525 0.999993 0.00995575 0.195764 0.0672309
FixedParameters: 0 0 0

#Transform 117
Transform: AffineTransform_float_3_3
Parameters: 0.999995 3.4118e-05 0.0031211 -3.85242e-05 0.999999 0.00142058 -0.00312071 -0.00142142 0.999994 0.00993217 0.207641 0.0653512
FixedParameters: 0 0 0

#Transform 118
Transform: AffineTransform_float_3_3
Parameters: 0.999995 -0.000141136 0.00323359 0.000136805 1 0.00115714 -0.00323416 -0.00115686 0.999994 0.0203907 0.206812 0.0460437
FixedParameters: 0 0 0

#Transform 119
Transform: AffineTransform_float_3_3
Parameters: 0.999994 -0.000123 0.00342697 0.000119381 1 0.0010451 -0.00342656 -0.00104489 0.999993 0.00613933 0.197263 0.00604856
FixedParameters: 0 0 0

#Transform 120
Transform: AffineTransform_float_3_3
Parameters: 0.999993 -6.67457e-05 0.00357258 6.38533e-05 1 0.00102944 -0.00357244 -0.00102957 0.999993 -0.00299508 0.211188 0.0529751
FixedParameters: 0 0 0

#Transform 121
Transform: AffineTransform_float_3_3
Parameters: 0.999994 -0.000235854 0.00331093 0.000232757 1 0.000943619 -0.00331163 -0.000943382 0.999994 -0.000711817 0.200424 0.0398207
FixedParameters: 0 0 0

#Transform 122
Transform: AffineTransform_float_3_3
Parameters: 0.999995 -0.000302374 0.00319783 0.000299124 1 0.00100129 -0.00319868 -0.00100071 0.999994 0.0111428 0.203648 0.0126617
FixedParameters: 0 0 0

#Transform 123
Transform: AffineTransform_float_3_3
Parameters: 0.999994 -0.000284199 0.00325054 0.000282601 1 0.000589611 -0.00325074 -0.000588389 0.999994 0.0149498 0.219712 0.0215004
FixedParameters: 0 0 0

#Transform 124
Transform: AffineTransform_float_3_3
Parameters: 0.999995 -0.000520907 0.00289494 0.000518237 0.999999 0.00107384 -0.00289539 -0.00107217 0.999996 -0.01361 0.204256 0.0239733
FixedParameters: 0 0 0

#Transform 125
Transform: AffineTransform_float_3_3
Parameters: 0.999994 -0.000284092 0.0032671 0.00028033 1 0.00105861 -0.00326794 -0.00105739 0.999994 0.010651 0.204784 0.0204321
FixedParameters: 0 0 0

#Transform 126
Transform: AffineTransform_float_3_3
Parameters: 0.999994 -0.000217284 0.00326909 0.000213876 1 0.0011444 -0.00327022 -0.00114361 0.999994 0.00512428 0.222192 0.0560674
FixedParameters: 0 0 0

#Transform 127
Transform: AffineTransform_float_3_3
Parameters: 0.999994 -0.000283806 0.00330339 0.000279293 0.999999 0.00135877 -0.00330387 -0.00135823 0.999994 0.000219578 0.235161 0.076981
FixedParameters: 0 0 0

#Transform 128
Transform: AffineTransform_float_3_3
Parameters: 0.999996 -0.000127356 0.00287421 0.000122355 0.999999 0.0016469 -0.00287434 -0.0016461 0.999995 0.00757626 0.202347 0.0560972
FixedParameters: 0 0 0

#Transform 129
Transform: AffineTransform_float_3_3
Parameters: 0.999994 -0.000259338 0.00346134 0.000254431 0.999999 0.00135409 -0.00346176 -0.00135291 0.999993 0.00441751 0.220269 0.0408551
FixedParameters: 0 0 0

#Transform 130
Transform: AffineTransform_float_3_3
Parameters: 0.999995 -0.000420141 0.00296855 0.000417171 1 0.00103157 -0.00296967 -0.00103043 0.999995 0.000140384 0.214758 0.0327106
FixedParameters: 0 0 0

#Transform 131
Transform: AffineTransform_float_3_3
Parameters: 0.999996 -0.000645252 0.0028027 0.000641423 0.999999 0.00131613 -0.00280373 -0.00131387 0.999996 -0.00699192 0.217438 0.0418394
FixedParameters: 0 0 0

#Transform 132
Transform: AffineTransform_float_3_3
Parameters: 0.999996 -0.000213736 0.00303539 0.000208845 0.999999 0.00175697 -0.00303532 -0.00175703 0.999994 0.00652104 0.225988 0.0719546
FixedParameters: 0 0 0

#Transform 133
Transform: AffineTransform_float_3_3
Parameters: 0.999996 -0.000609117 0.0029324 0.000606765 0.999999 0.00100575 -0.00293295 -0.00100425 0.999995 0.0167108 0.207354 0.0418025
FixedParameters: 0 0 0

#Transform 134
Transform: AffineTransform_float_3_3
Parameters: 0.999995 -0.000465437 0.00331116 0.000461566 0.999999 0.00112038 -0.00331153 -0.00111862 0.999994 0.000250209 0.200585 0.0351135
FixedParameters: 0 0 0

#Transform 135
Transform: AffineTransform_float_3_3
Parameters: 0.999994 -0.000673715 0.00332581 0.000670948 0.999999 0.000949719 -0.00332641 -0.000947281 0.999994 0.00202133 0.22668 0.0607052
FixedParameters: 0 0 0

#Transform 136
Transform: AffineTransform_float_3_3
Parameters: 0.999995 -0.000674349 0.00295951 0.000671712 0.999998 0.00126648 -0.00296001 -0.00126453 0.999995 0.0169149 0.213796 0.0472794
FixedParameters: 0 0 0

#Transform 137
Transform: AffineTransform_float_3_3
Parameters: 0.999995 -0.000535399 0.0033411 0.000530212 0.999999 0.00150326 -0.0033415 -0.00150174 0.999993 0.0095535 0.21419 0.0698457
FixedParameters: 0 0 0

#Transform 138
Transform: AffineTransform_float_3_3
Parameters: 0.999994 -0.00048387 0.00363 0.000480669 0.999999 0.000875745 -0.0036311 -0.000874253 0.999993 0.00413517 0.22589 0.0585546
FixedParameters: 0 0 0

#Transform 139
Transform: AffineTransform_float_3_3
Parameters: 0.999995 -0.000612664 0.00310364 0.000607556 0.999998 0.00139437 -0.00310467 -0.00139262 0.999994 0.0128166 0.213818 0.041702
FixedParameters: 0 0 0

#Transform 140
Transform: AffineTransform_float_3_3
Parameters: 0.999996 -0.000428034 0.00285345 0.000421348 0.999997 0.00241354 -0.00285416 -0.00241246 0.999993 0.0173711 0.249905 0.097555
FixedParameters: 0 0 0

#Transform 141
Transform: AffineTransform_float_3_3
Parameters: 0.999994 -0.000608952 0.00344594 0.000605107 0.999999 0.00101609 -0.00344742 -0.00101391 0.999994 0.0159687 0.222944 0.0360482
FixedParameters: 0 0 0

#Transform 142
Transform: AffineTransform_float_3_3
Parameters: 0.999995 -0.000639283 0.00332331 0.000634721 0.999999 0.0014176 -0.00332391 -0.0014154 0.999993 0.0105266 0.229191 0.0478707
FixedParameters: 0 0 0

#Transform 143
Transform: AffineTransform_float_3_3
Parameters: 0.999994 -0.000366067 0.00338188 0.000360529 0.999998 0.00180907 -0.00338278 -0.00180793 0.999993 -0.000836798 0.241764 0.088333
FixedParameters: 0 0 0

#Transform 144
Transform: AffineTransform_float_3_3
Parameters: 0.999994 -0.00104188 0.00311493 0.00103782 0.999999 0.00128536 -0.00311601 -0.00128164 0.999994 0.0271594 0.230249 0.0489847
FixedParameters: 0 0 0

#Transform 145
Transform: AffineTransform_float_3_3
Parameters: 0.999996 -0.00154323 0.00239066 0.00153832 0.999996 0.00228794 -0.00239374 -0.00228406 0.999995 0.0281144 0.221037 0.0656886
FixedParameters: 0 0 0

#Transform 146
Transform: AffineTransform_float_3_3
Parameters: 0.999994 -0.000416382 0.00324655 0.000411168 0.999999 0.00134918 -0.003247 -0.00134781 0.999994 2.71162e-05 0.252613 0.0787333
FixedParameters: 0 0 0

#Transform 147
Transform: AffineTransform_float_3_3
Parameters: 0.999994 -0.00081503 0.00341463 0.000809147 0.999998 0.00157341 -0.00341599 -0.00157059 0.999993 0.00262941 0.226181 0.0564936
FixedParameters: 0 0 0

#Transform 148
Transform: AffineTransform_float_3_3
Parameters: 0.999994 -0.000638548 0.00334038 0.000633606 0.999999 0.00140861 -0.0033419 -0.00140639 0.999993 0.00149048 0.249491 0.0618776
FixedParameters: 0 0 0

#Transform 149
Transform: AffineTransform_float_3_3
Parameters: 0.999996 -0.00129012 0.00279067 0.00128604 0.999998 0.001437 -0.00279278 -0.001434 0.999995 0.0310555 0.238014 0.0784213
FixedParameters: 0 0 0

#Transform 150
Transform: AffineTransform_float_3_3
Parameters: 0.999993 -0.000780699 0.00361912 0.000776617 0.999999 0.00123561 -0.00361984 -0.00123339 0.999993 0.00133902 0.222619 0.0406136
FixedParameters: 0 0 0

#Transform 151
Transform: AffineTransform_float_3_3
Parameters: 0.999993 -0.000581311 0.0036909 0.000576277 0.999999 0.00134028 -0.00369125 -0.00133872 0.999993 -0.000469403 0.238647 0.0892804
FixedParameters: 0 0 0

#Transform 152
Transform: AffineTransform_float_3_3
Parameters: 0.999994 -0.00102059 0.00332343 0.00101658 0.999999 0.00113766 -0.00332508 -0.00113434 0.999994 0.019673 0.23654 0.0469475
FixedParameters: 0 0 0

#Transform 153
Transform: AffineTransform_float_3_3
Parameters: 0.999993 -0.000549839 0.00366522 0.000545854 0.999999 0.001028 -0.00366567 -0.001026 0.999992 0.0169919 0.228193 0.0529742
FixedParameters: 0 0 0

#Transform 154
Transform: AffineTransform_float_3_3
Parameters: 0.999993 -0.000757343 0.00364388 0.00075248 0.999999 0.0012809 -0.00364553 -0.0012781 0.999993 0.0212269 0.225145 0.112499
FixedParameters: 0 0 0

#Transform 155
Transform: AffineTransform_float_3_3
Parameters: 0.999993 -0.000904907 0.00367174 0.00090002 0.999999 0.00120295 -0.00367232 -0.00119905 0.999992 0.0593433 0.221222 0.0696207
FixedParameters: 0 0 0

#Transform 156
Transform: AffineTransform_float_3_3
Parameters: 0.999994 -0.000609117 0.00357578 0.000604924 0.999999 0.00126581 -0.00357612 -0.00126419 0.999992 0.0329279 0.239506 0.0951127
FixedParameters: 0 0 0

#Transform 157
Transform: AffineTransform_float_3_3
Parameters: 0.999994 -0.000686181 0.00340643 0.000682416 0.999999 0.00126597 -0.00340696 -0.00126403 0.999994 0.0406191 0.216558 0.0888521
FixedParameters: 0 0 0

#Transform 158
Transform: AffineTransform_float_3_3
Parameters: 0.999991 -0.000429849 0.00417373 0.000424089 0.999998 0.0014928 -0.00417459 -0.0014912 0.99999 0.0418187 0.222224 0.111962
FixedParameters: 0 0 0

#Transform 159
Transform: AffineTransform_float_3_3
Parameters: 0.999992 -0.000451306 0.00391306 0.000448094 0.999999 0.000696266 -0.00391354 -0.000694731 0.999992 0.0403069 0.236015 0.140009
FixedParameters: 0 0 0

#Transform 160
Transform: AffineTransform_float_3_3
Parameters: 0.999992 -0.000465899 0.00391832 0.000461506 1 0.00113117 -0.00391909 -0.00112883 0.999992 0.049375 0.225826 0.103871
FixedParameters: 0 0 0

#Transform 161
Transform: AffineTransform_float_3_3
Parameters: 0.999992 -0.000384587 0.00400861 0.000379704 0.999999 0.00121504 -0.00400833 -0.00121396 0.999991 0.0392468 0.237445 0.138814
FixedParameters: 0 0 0

#Transform 162
Transform: AffineTransform_float_3_3
Parameters: 0.999992 -0.000454081 0.00391274 0.000448861 0.999999 0.00140612 -0.0039132 -0.00140388 0.999991 0.0401742 0.213465 0.1306
FixedParameters: 0 0 0

#Transform 163
Transform: AffineTransform_float_3_3
Parameters: 0.999993 -0.000331273 0.00386191 0.000328266 1 0.000848628 -0.0038618 -0.000847372 0.999992 0.0394796 0.226359 0.117471
FixedParameters: 0 0 0

#Transform 164
Transform: AffineTransform_float_3_3
Parameters: 0.999992 -0.000569367 0.00396244 0.000565155 1 0.000979395 -0.00396288 -0.000977604 0.999991 0.0459564 0.239425 0.114354
FixedParameters: 0 0 0

#Transform 165
Transform: AffineTransform_float_3_3
Parameters: 0.999992 -0.000604337 0.00397673 0.00060053 0.999999 0.00120591 -0.00397737 -0.0012031 0.999992 0.0389008 0.230118 0.118313
FixedParameters: 0 0 0

#Transform 166
Transform: AffineTransform_float_3_3
Parameters: 0.999992 -0.000584331 0.00396864 0.000579646 1 0.00103746 -0.00396918 -0.00103554 0.999991 0.0485189 0.232121 0.149212
FixedParameters: 0 0 0

#Transform 167
Transform: AffineTransform_float_3_3
Parameters: 0.999992 -0.000566789 0.00401095 0.00056255 0.999999 0.00113477 -0.00401103 -0.00113223 0.999992 0.062003 0.230213 0.134681
FixedParameters: 0 0 0

#Transform 168
Transform: AffineTransform_float_3_3
Parameters: 0.99999 -0.000476161 0.00429995 0.000472798 1 0.000911062 -0.00430054 -0.000908942 0.999991 0.052381 0.255789 0.156311
FixedParameters: 0 0 0

#Transform 169
Transform: AffineTransform_float_3_3
Parameters: 0.999993 -0.000606917 0.00388733 0.000602059 0.999999 0.00136886 -0.00388818 -0.00136614 0.999992 0.050027 0.230362 0.124869
FixedParameters: 0 0 0

#Transform 170
Transform: AffineTransform_float_3_3
Parameters: 0.999991 -0.000508037 0.00403707 0.000503178 1 0.00115555 -0.00403796 -0.00115345 0.999991 0.052879 0.248126 0.141404
FixedParameters: 0 0 0

#Transform 171
Transform: AffineTransform_float_3_3
Parameters: 0.999992 -0.000570383 0.0039448 0.000565063 0.999999 0.00129075 -0.00394506 -0.00128825 0.999992 0.0605239 0.230917 0.119619
FixedParameters: 0 0 0

#Transform 172
Transform: AffineTransform_float_3_3
Parameters: 0.999992 -0.000540526 0.00394226 0.00053542 0.999999 0.00114763 -0.0039419 -0.00114537 0.999992 0.0601441 0.228944 0.140764
FixedParameters: 0 0 0

#Transform 173
Transform: AffineTransform_float_3_3
Parameters: 0.99999 -0.000579048 0.00427819 0.000574205 0.999999 0.000981125 -0.00427865 -0.000978871 0.99999 0.0475484 0.251174 0.128846
FixedParameters: 0 0 0

#Transform 174
Transform: AffineTransform_float_3_3
Parameters: 0.999991 -0.000498803 0.00407178 0.000495183 0.999999 0.00088089 -0.00407199 -0.000878109 0.999991 0.0536353 0.243545 0.124932
FixedParameters: 0 0 0

#Transform 175
Transform: AffineTransform_float_3_3
Parameters: 0.999991 -0.00054624 0.00425823 0.000541351 0.999999 0.00125334 -0.00425879 -0.00125067 0.99999 0.0577453 0.241915 0.113975
FixedParameters: 0 0 0

#Transform 176
Transform: AffineTransform_float_3_3
Parameters: 0.999991 -0.000612914 0.00434893 0.000607012 0.999999 0.00144931 -0.00435028 -0.00144669 0.999989 0.048541 0.242212 0.136496
FixedParameters: 0 0 0

#Transform 177
Transform: AffineTransform_float_3_3
Parameters: 0.999991 -0.000432355 0.00436012 0.000429959 0.999999 0.00068226 -0.00436003 -0.000679742 0.99999 0.0564308 0.247822 0.137531
FixedParameters: 0 0 0

#Transform 178
Transform: AffineTransform_float_3_3
Parameters: 0.999991 -0.00050934 0.00415309 0.000505039 1 0.000992614 -0.00415251 -0.000990386 0.999991 0.0579721 0.233385 0.110055
FixedParameters: 0 0 0

#Transform 179
Transform: AffineTransform_float_3_3
Parameters: 0.999991 -0.000734916 0.00431245 0.000728727 0.999999 0.00149497 -0.00431422 -0.00149203 0.99999 0.045198 0.248384 0.132203
FixedParameters: 0 0 0
