#Insight Transform File V1.0
#Transform 0
Transform: AffineTransform_float_3_3
Parameters: 1 -0.000176878 0.000601949 0.000176834 1 3.71064e-05 -0.000601962 -3.68935e-05 1 0.066323 -0.198355 -0.317539
FixedParameters: 0 0 0

#Transform 1
Transform: AffineTransform_float_3_3
Parameters: 0.999999 0.000683374 -0.000209755 -0.000683412 1 -9.08565e-05 0.00020963 9.11431e-05 1 -0.00395118 0.0892887 -0.0379341
FixedParameters: 0 0 0

#Transform 2
Transform: AffineTransform_float_3_3
Parameters: 1 0.00104237 -0.000277832 -0.00104261 1 -0.00042907 0.000276937 0.000428929 1 -0.0153787 0.116614 -0.0570268
FixedParameters: 0 0 0

#Transform 3
Transform: AffineTransform_float_3_3
Parameters: 1 0.000585927 -8.35289e-05 -0.000585912 1 9.00491e-05 8.36343e-05 -8.99511e-05 1 -0.0063447 0.112788 -0.0519208
FixedParameters: 0 0 0

#Transform 4
Transform: AffineTransform_float_3_3
Parameters: 0.999999 0.000690218 0.000154812 -0.000690324 0.999999 0.000339893 -0.000154343 -0.000340107 1 -0.0158885 0.118062 -0.0548546
FixedParameters: 0 0 0

#Transform 5
Transform: AffineTransform_float_3_3
Parameters: 1 0.00062164 2.63951e-05 -0.000621657 0.999999 0.000339984 -2.59724e-05 -0.000340016 1 -0.0154884 0.11771 -0.0573836
FixedParameters: 0 0 0

#Transform 6
Transform: AffineTransform_float_3_3
Parameters: 0.999999 0.000721354 0.000375927 -0.000721206 0.999999 -0.000197271 -0.000376211 0.000196728 1 -0.0204214 0.123617 -0.0559281
FixedParameters: 0 0 0

#Transform 7
Transform: AffineTransform_float_3_3
Parameters: 0.999999 0.000661425 0.000401503 -0.000661469 1 5.47345e-05 -0.00040143 -5.52656e-05 1 -0.0245052 0.110258 -0.0498905
FixedParameters: 0 0 0

#Transform 8
Transform: AffineTransform_float_3_3
Parameters: 0.999999 0.000661615 0.00040119 -0.000661279 0.999999 -0.000418265 -0.000401743 0.000417734 1 -0.0248257 0.103846 -0.050644
FixedParameters: 0 0 0

#Transform 9
Transform: AffineTransform_float_3_3
Parameters: 1 0.00012794 0.000365037 -0.000127679 1 -0.000357047 -0.000365129 0.000356953 1 -0.0156401 0.122624 -0.0497312
FixedParameters: 0 0 0

#Transform 10
Transform: AffineTransform_float_3_3
Parameters: 0.999995 -0.0011293 0.00290762 0.00113711 0.999995 -0.00285558 -0.00290393 0.00285942 0.999992 0.000866822 0.149889 -0.122843
FixedParameters: 0 0 0

#Transform 11
Transform: AffineTransform_float_3_3
Parameters: 0.999996 -0.00141749 0.00245709 0.00143797 0.999965 -0.0083174 -0.00244535 0.0083216 0.999962 0.0524058 0.152194 -0.144325
FixedParameters: 0 0 0

#Transform 12
Transform: AffineTransform_float_3_3
Parameters: 0.999998 -0.00140504 0.00143573 0.00140582 0.999999 -0.000861191 -0.00143475 0.000863811 0.999999 0.0393377 0.0925712 -0.0448808
FixedParameters: 0 0 0

#Transform 13
Transform: AffineTransform_float_3_3
Parameters: 0.999999 -0.000665987 0.000564333 0.000665315 0.999998 0.00210102 -0.00056568 -0.00210098 0.999997 0.0336017 0.069924 -0.0224904
FixedParameters: 0 0 0

#Transform 14
Transform: AffineTransform_float_3_3
Parameters: 0.999999 -0.000726226 0.00042157 0.000725282 0.999997 0.00204331 -0.000422694 -0.00204269 0.999998 0.0214454 0.083171 -0.0450106
FixedParameters: 0 0 0

#Transform 15
Transform: AffineTransform_float_3_3
Parameters: 0.999999 -0.000632323 0.00064379 0.000631773 0.999999 0.00174841 -0.000644549 -0.00174759 0.999999 0.0266407 0.0805473 -0.0266194
FixedParameters: 0 0 0

#Transform 16
Transform: AffineTransform_float_3_3
Parameters: 0.999997 -0.000356755 0.00266795 0.000360555 0.999999 -0.00179423 -0.00266747 0.00179478 0.999995 -0.0067162 0.12941 -0.0319968
FixedParameters: 0 0 0

#Transform 17
Transform: AffineTransform_float_3_3
Parameters: 0.999992 -0.00042787 0.00396433 0.000436163 0.999998 -0.00205493 -0.0039635 0.00205707 0.99999 -0.0325493 0.113996 -0.050086
FixedParameters: 0 0 0

#Transform 18
Transform: AffineTransform_float_3_3
Parameters: 0.999996 -0.000493068 0.0027003 0.000500207 0.999997 -0.00263384 -0.00269902 0.00263516 0.999993 -0.0160853 0.115903 -0.069004
FixedParameters: 0 0 0

#Transform 19
Transform: AffineTransform_float_3_3
Parameters: 0.999995 -0.00110413 0.00271963 0.00110807 0.999998 -0.00144823 -0.00271801 0.00145077 0.999995 0.00290716 0.102667 -0.0585319
FixedParameters: 0 0 0

#Transform 20
Transform: AffineTransform_float_3_3
Parameters: 0.999993 -0.00165752 0.00329012 0.00166739 0.999995 -0.00281298 -0.00328578 0.00281902 0.999991 0.0251079 0.131913 -0.0749072
FixedParameters: 0 0 0

#Transform 21
Transform: AffineTransform_float_3_3
Parameters: 0.999993 -0.00193691 0.00325909 0.00195121 0.999989 -0.00430632 -0.0032517 0.00431268 0.999986 0.0388582 0.142844 -0.103581
FixedParameters: 0 0 0

#Transform 22
Transform: AffineTransform_float_3_3
Parameters: 0.99999 -0.00213836 0.00379838 0.00215949 0.999983 -0.00545955 -0.00378691 0.00546744 0.999977 0.0393419 0.154934 -0.105349
FixedParameters: 0 0 0

#Transform 23
Transform: AffineTransform_float_3_3
Parameters: 0.999991 -0.002513 0.00339294 0.00253387 0.999978 -0.00611567 -0.00337723 0.00612432 0.999976 0.0410437 0.134249 -0.109481
FixedParameters: 0 0 0

#Transform 24
Transform: AffineTransform_float_3_3
Parameters: 0.999989 -0.00234638 0.00393181 0.0023681 0.999982 -0.0055163 -0.00391833 0.0055257 0.999977 0.0595112 0.146118 -0.124236
FixedParameters: 0 0 0

#Transform 25
Transform: AffineTransform_float_3_3
Parameters: 0.999993 -0.00175629 0.00352009 0.00177267 0.999987 -0.00467393 -0.00351179 0.00468006 0.999983 0.0388119 0.140821 -0.106847
FixedParameters: 0 0 0

#Transform 26
Transform: AffineTransform_float_3_3
Parameters: 0.999996 -0.0021762 -0.00206212 0.00218589 0.999987 0.00456298 0.00205149 -0.00456701 0.999987 0.217473 0.00409989 -0.694375
FixedParameters: 0 0 0

#Transform 27
Transform: AffineTransform_float_3_3
Parameters: 0.999997 -0.00215378 3.11482e-05 0.00215288 0.999987 -0.00457646 -2.18158e-05 0.00457654 0.99999 0.162395 0.110041 -0.0924907
FixedParameters: 0 0 0

#Transform 28
Transform: AffineTransform_float_3_3
Parameters: 0.999995 -0.00306945 0.00143036 0.00307822 0.999976 -0.0062968 -0.00141057 0.00630121 0.999979 0.149189 0.0922627 -0.132577
FixedParameters: 0 0 0

#Transform 29
Transform: AffineTransform_float_3_3
Parameters: 0.999983 -0.00381555 0.00423924 0.00387124 0.999906 -0.0131829 -0.00418925 0.0131991 0.999904 0.10193 0.158346 -0.223496
FixedParameters: 0 0 0

#Transform 30
Transform: AffineTransform_float_3_3
Parameters: 0.999985 -0.00307927 0.00453075 0.00312503 0.999942 -0.010255 -0.00449823 0.010269 0.999937 0.0265207 0.160876 -0.150465
FixedParameters: 0 0 0

#Transform 31
Transform: AffineTransform_float_3_3
Parameters: 0.999979 -0.00322698 0.00552235 0.00329013 0.999928 -0.0115362 -0.00548514 0.0115538 0.999919 0.0378903 0.171487 -0.125766
FixedParameters: 0 0 0

#Transform 32
Transform: AffineTransform_float_3_3
Parameters: 0.999979 -0.00291563 0.00567973 0.00297533 0.99994 -0.0105487 -0.0056486 0.0105653 0.999928 0.0237289 0.142945 -0.183105
FixedParameters: 0 0 0

#Transform 33
Transform: AffineTransform_float_3_3
Parameters: 0.999976 -0.00256294 0.00641037 0.00264069 0.999923 -0.0121198 -0.00637851 0.0121371 0.999905 -0.0122604 0.141063 -0.198312
FixedParameters: 0 0 0

#Transform 34
Transform: AffineTransform_float_3_3
Parameters: 0.999977 -0.00289792 0.00625152 0.00298174 0.999905 -0.0134581 -0.00621162 0.0134759 0.99989 0.0254849 0.166788 -0.212376
FixedParameters: 0 0 0

#Transform 35
Transform: AffineTransform_float_3_3
Parameters: 0.999979 -0.00316273 0.00564682 0.00323993 0.999899 -0.0138201 -0.00560214 0.0138379 0.999888 0.0240524 0.12853 -0.176419
FixedParameters: 0 0 0

#Transform 36
Transform: AffineTransform_float_3_3
Parameters: 0.999982 -0.00320026 0.00502856 0.00326404 0.999914 -0.0126377 -0.00498747 0.0126533 0.999907 0.0537192 0.144092 -0.190552
FixedParameters: 0 0 0

#Transform 37
Transform: AffineTransform_float_3_3
Parameters: 0.99999 -0.00256393 0.00381492 0.00259262 0.999966 -0.0077251 -0.00379486 0.0077349 0.999963 0.0347414 0.123737 -0.112725
FixedParameters: 0 0 0

#Transform 38
Transform: AffineTransform_float_3_3
Parameters: 0.999992 -0.00143594 0.00356327 0.00144625 0.999995 -0.0029188 -0.00355909 0.0029242 0.999989 -0.010671 0.0952631 -0.0993988
FixedParameters: 0 0 0

#Transform 39
Transform: AffineTransform_float_3_3
Parameters: 0.999999 -0.000605984 0.000406674 0.000598741 0.999823 0.0187732 -0.000417578 -0.0187727 0.999823 0.0211031 0.0025401 -0.0247528
FixedParameters: 0 0 0

#Transform 40
Transform: AffineTransform_float_3_3
Parameters: 0.999922 -0.012346 0.00216713 0.0122799 0.99953 0.028103 -0.00251306 -0.028075 0.999603 0.494742 -0.130362 -0.446948
FixedParameters: 0 0 0

#Transform 41
Transform: AffineTransform_float_3_3
Parameters: 0.999912 -0.00687657 0.0113285 0.00705345 0.999854 -0.0155906 -0.0112198 0.0156684 0.999814 0.309638 0.147521 0.0812726
FixedParameters: 0 0 0

#Transform 42
Transform: AffineTransform_float_3_3
Parameters: 0.999922 -0.00643674 0.0107578 0.00647488 0.999973 -0.00356881 -0.0107348 0.0036382 0.999936 0.215018 0.0311668 0.18584
FixedParameters: 0 0 0

#Transform 43
Transform: AffineTransform_float_3_3
Parameters: 0.999917 -0.00671896 0.0110491 0.00676152 0.99997 -0.00380826 -0.0110228 0.00388274 0.999932 0.192886 0.052275 0.121488
FixedParameters: 0 0 0

#Transform 44
Transform: AffineTransform_float_3_3
Parameters: 0.99991 -0.00619266 0.0119177 0.00626092 0.999964 -0.00571058 -0.0118822 0.00578543 0.999913 0.147608 0.0770169 0.0954355
FixedParameters: 0 0 0

#Transform 45
Transform: AffineTransform_float_3_3
Parameters: 0.999893 -0.0068258 0.0129219 0.00688455 0.999966 -0.00450141 -0.0128901 0.0045896 0.999907 0.213275 0.061251 0.204373
FixedParameters: 0 0 0

#Transform 46
Transform: AffineTransform_float_3_3
Parameters: 0.999909 -0.00697393 0.0114898 0.00703137 0.999963 -0.00494711 -0.0114544 0.00502788 0.999922 0.187412 0.0683324 0.133914
FixedParameters: 0 0 0

#Transform 47
Transform: AffineTransform_float_3_3
Parameters: 0.999934 -0.00682618 0.00930227 0.00689355 0.99995 -0.00726902 -0.00925249 0.007333 0.99993 0.186613 0.104276 -0.020151
FixedParameters: 0 0 0

#Transform 48
Transform: AffineTransform_float_3_3
Parameters: 0.999927 -0.00702153 0.0098332 0.00709226 0.999949 -0.0072241 -0.00978181 0.00729291 0.999926 0.182085 0.114424 0.0210033
FixedParameters: 0 0 0

#Transform 49
Transform: AffineTransform_float_3_3
Parameters: 0.999932 -0.00651496 0.00973539 0.00658499 0.999952 -0.00718183 -0.00968827 0.00724516 0.999927 0.180399 0.120585 -0.0150726
FixedParameters: 0 0 0

#Transform 50
Transform: AffineTransform_float_3_3
Parameters: 0.999923 -0.00686935 0.0103252 0.00693863 0.999954 -0.00664533 -0.0102789 0.00671666 0.999924 0.175122 0.0928989 0.0540356
FixedParameters: 0 0 0

#Transform 51
Transform: AffineTransform_float_3_3
Parameters: 0.999924 -0.00791158 0.0094473 0.00799456 0.999929 -0.00877986 -0.00937719 0.00885414 0.999917 0.205866 0.117164 -0.0132371
FixedParameters: 0 0 0

#Transform 52
Transform: AffineTransform_float_3_3
Parameters: 0.99991 -0.00459286 0.0125565 0.00466497 0.999973 -0.00572555 -0.0125301 0.00578346 0.999905 0.203473 0.118792 0.0154834
FixedParameters: 0 0 0

#Transform 53
Transform: AffineTransform_float_3_3
Parameters: 0.996424 0.0791877 0.0294727 -0.0816657 0.992079 0.0954439 -0.0216812 -0.09751 0.994998 -1.47628 -0.158492 0.871837
FixedParameters: 0 0 0

#Transform 54
Transform: AffineTransform_float_3_3
Parameters: 0.99913 0.0354912 0.0219078 -0.0359752 0.999109 0.022092 -0.0211043 -0.0228611 0.999516 -0.869199 -0.0422494 0.299806
FixedParameters: 0 0 0

#Transform 55
Transform: AffineTransform_float_3_3
Parameters: 0.999934 0.00713758 0.00900652 -0.0070999 0.999966 -0.00418576 -0.00903572 0.00412124 0.999951 -0.15015 0.111373 -0.13123
FixedParameters: 0 0 0

#Transform 56
Transform: AffineTransform_float_3_3
Parameters: 0.999939 0.00705066 0.00847811 -0.00703784 0.999974 -0.00159246 -0.00848888 0.00153254 0.999963 -0.1582 0.10881 -0.0634202
FixedParameters: 0 0 0

#Transform 57
Transform: AffineTransform_float_3_3
Parameters: 0.999939 0.00659091 0.00880151 -0.00657448 0.999976 -0.00189583 -0.00881368 0.00183817 0.99996 -0.128942 0.0996143 -0.0464543
FixedParameters: 0 0 0

#Transform 58
Transform: AffineTransform_float_3_3
Parameters: 0.999944 0.00642299 0.00841513 -0.00640934 0.999978 -0.00161952 -0.00842564 0.00156547 0.999963 -0.129952 0.107247 -0.0202564
FixedParameters: 0 0 0

#Transform 59
Transform: AffineTransform_float_3_3
Parameters: 0.999954 0.00599488 0.00747842 -0.00600442 0.999981 0.00124952 -0.00747152 -0.00129449 0.999971 -0.0965752 0.0917938 0.0308908
FixedParameters: 0 0 0

#Transform 60
Transform: AffineTransform_float_3_3
Parameters: 0.999951 0.00639787 0.00754581 -0.0064205 0.999975 0.00295381 -0.00752686 -0.00300219 0.999967 -0.115837 0.0555817 0.102885
FixedParameters: 0 0 0

#Transform 61
Transform: AffineTransform_float_3_3
Parameters: 0.999965 0.00630889 0.00559258 -0.00631959 0.999978 0.00193088 -0.00558027 -0.00196613 0.999983 -0.105277 0.0695494 0.0507768
FixedParameters: 0 0 0

#Transform 62
Transform: AffineTransform_float_3_3
Parameters: 0.999966 0.00581032 0.00585749 -0.0058222 0.999981 0.00197793 -0.00584566 -0.00201207 0.99998 -0.0987065 0.0748177 0.0632686
FixedParameters: 0 0 0

#Transform 63
Transform: AffineTransform_float_3_3
Parameters: 0.999981 0.00495071 0.00372253 -0.00496654 0.999979 0.00416624 -0.00370168 -0.00418477 0.999984 -0.00273997 0.0553323 0.0258116
FixedParameters: 0 0 0

#Transform 64
Transform: AffineTransform_float_3_3
Parameters: 0.999967 0.00550939 0.00594711 -0.00550663 0.999985 -0.000369974 -0.0059493 0.000337019 0.999982 -0.0970028 0.113359 -0.0919759
FixedParameters: 0 0 0

#Transform 65
Transform: AffineTransform_float_3_3
Parameters: 0.999974 0.00485143 0.00521776 -0.00483987 0.999987 -0.00225307 -0.00522901 0.00222793 0.999984 -0.0635466 0.123736 0.00216838
FixedParameters: 0 0 0

#Transform 66
Transform: AffineTransform_float_3_3
Parameters: 0.99997 0.00497465 0.00604898 -0.00496603 0.999986 -0.00143417 -0.0060551 0.00140383 0.999981 -0.0948188 0.103182 0.038845
FixedParameters: 0 0 0

#Transform 67
Transform: AffineTransform_float_3_3
Parameters: 0.999971 0.00523744 0.00548563 -0.00522236 0.999983 -0.00264656 -0.00549968 0.00261744 0.999982 -0.0659869 0.124815 -0.008741
FixedParameters: 0 0 0

#Transform 68
Transform: AffineTransform_float_3_3
Parameters: 0.999965 0.00524102 0.00655704 -0.00522515 0.999983 -0.00240894 -0.00657005 0.00237505 0.999976 -0.0786641 0.126246 -0.0208078
FixedParameters: 0 0 0

#Transform 69
Transform: AffineTransform_float_3_3
Parameters: 0.99997 0.00465434 0.00608146 -0.00464033 0.999986 -0.00232207 -0.00609259 0.00229392 0.999979 -0.0797723 0.114295 -0.0155084
FixedParameters: 0 0 0

#Transform 70
Transform: AffineTransform_float_3_3
Parameters: 0.99997 0.00489797 0.0060197 -0.00487862 0.999983 -0.00330192 -0.00603562 0.00327208 0.999976 -0.0693056 0.128777 -0.0103974
FixedParameters: 0 0 0

#Transform 71
Transform: AffineTransform_float_3_3
Parameters: 0.999973 0.00438471 0.00577669 -0.00437082 0.999988 -0.00243187 -0.00578755 0.00240613 0.999981 -0.048721 0.120352 -0.0496663
FixedParameters: 0 0 0

#Transform 72
Transform: AffineTransform_float_3_3
Parameters: 0.999964 0.00443677 0.00720675 -0.00439837 0.999977 -0.00529134 -0.00722972 0.00525966 0.99996 -0.0649228 0.105307 -0.0808837
FixedParameters: 0 0 0

#Transform 73
Transform: AffineTransform_float_3_3
Parameters: 0.99996 0.00433056 0.00789716 -0.00430812 0.999986 -0.00287697 -0.00790895 0.00284303 0.999964 -0.095153 0.110667 0.00643984
FixedParameters: 0 0 0

#Transform 74
Transform: AffineTransform_float_3_3
Parameters: 0.999966 0.00399273 0.00713896 -0.00397247 0.999988 -0.00283165 -0.00714965 0.00280335 0.99997 -0.0334533 0.127964 -0.00626333
FixedParameters: 0 0 0

#Transform 75
Transform: AffineTransform_float_3_3
Parameters: 0.999965 0.00422601 0.0072854 -0.00420853 0.999988 -0.00245974 -0.00729505 0.00242827 0.999971 -0.0762785 0.105265 0.0344818
FixedParameters: 0 0 0

#Transform 76
Transform: AffineTransform_float_3_3
Parameters: 0.999969 0.00441537 0.0066207 -0.00439484 0.999985 -0.00301308 -0.00663353 0.00298391 0.999974 -0.0525388 0.113543 0.0316921
FixedParameters: 0 0 0

#Transform 77
Transform: AffineTransform_float_3_3
Parameters: 0.99996 0.00463415 0.00757735 -0.00463207 0.99999 -0.000250273 -0.00757781 0.000215727 0.999971 -0.0807154 0.121374 0.0459858
FixedParameters: 0 0 0

#Transform 78
Transform: AffineTransform_float_3_3
Parameters: 0.999957 0.00475822 0.00794633 -0.00481228 0.999966 0.00673297 -0.00791291 -0.00677103 0.999946 -0.0882446 0.00838916 0.231377
FixedParameters: 0 0 0

#Transform 79
Transform: AffineTransform_float_3_3
Parameters: 0.99992 0.00337644 0.0121485 -0.00336141 0.999994 -0.00123919 -0.0121527 0.00119881 0.999925 -0.00557428 0.0672264 -0.0647873
FixedParameters: 0 0 0

#Transform 80
Transform: AffineTransform_float_3_3
Parameters: 0.999975 0.00240235 0.00674299 -0.00240837 0.999996 0.000876592 -0.00674016 -0.000892406 0.999977 0.111832 0.0299973 0.07777
FixedParameters: 0 0 0

#Transform 81
Transform: AffineTransform_float_3_3
Parameters: 0.999974 0.00367426 0.00630413 -0.00367149 0.999993 -0.000418873 -0.00630503 0.000396126 0.99998 -0.00972272 0.077647 0.104856
FixedParameters: 0 0 0

#Transform 82
Transform: AffineTransform_float_3_3
Parameters: 0.999975 0.00333847 0.00632451 -0.00331906 0.99999 -0.00308169 -0.00633452 0.00306031 0.999975 -0.0148108 0.129982 0.0548012
FixedParameters: 0 0 0

#Transform 83
Transform: AffineTransform_float_3_3
Parameters: 0.999968 0.00354751 0.00715112 -0.00352775 0.99999 -0.00268962 -0.00716001 0.00266338 0.999971 -0.0422121 0.125868 0.0406212
FixedParameters: 0 0 0

#Transform 84
Transform: AffineTransform_float_3_3
Parameters: 0.999968 0.00360205 0.00712807 -0.00358552 0.999991 -0.00221409 -0.0071354 0.00218791 0.999972 -0.0423917 0.112285 0.00650455
FixedParameters: 0 0 0

#Transform 85
Transform: AffineTransform_float_3_3
Parameters: 0.999972 0.00382511 0.00643221 -0.00380924 0.99999 -0.00254293 -0.00644227 0.00251807 0.999977 0.0654255 0.140959 -0.216036
FixedParameters: 0 0 0

#Transform 86
Transform: AffineTransform_float_3_3
Parameters: 0.999931 0.00293594 0.0113552 -0.00291897 0.999995 -0.00154482 -0.0113599 0.00151118 0.999934 0.0138066 0.125335 -0.592102
FixedParameters: 0 0 0

#Transform 87
Transform: AffineTransform_float_3_3
Parameters: 0.999937 0.000820686 0.01114 -0.000842317 0.999998 0.00191552 -0.0111382 -0.00192448 0.999936 0.0675952 0.0874565 -0.603356
FixedParameters: 0 0 0

#Transform 88
Transform: AffineTransform_float_3_3
Parameters: 0.999941 0.00295867 0.0103807 -0.00287851 0.999966 -0.0077099 -0.0104037 0.0076791 0.999917 0.00728663 0.188122 -0.576029
FixedParameters: 0 0 0

#Transform 89
Transform: AffineTransform_float_3_3
Parameters: 0.998534 0.0533161 0.00939646 -0.0535907 0.998053 0.0319129 -0.00767705 -0.0323692 0.999447 -1.26939 0.252847 0.115449
FixedParameters: 0 0 0

#Transform 90
Transform: AffineTransform_float_3_3
Parameters: 0.998818 0.0460916 0.015399 -0.046491 0.998564 0.0266284 -0.01415 -0.0273126 0.999526 -1.21824 0.130501 0.376086
FixedParameters: 0 0 0

#Transform 91
Transform: AffineTransform_float_3_3
Parameters: 0.999846 0.0132229 0.0114749 -0.0130893 0.999847 -0.0116211 -0.0116266 0.0114689 0.999867 -0.416425 0.2536 -0.368906
FixedParameters: 0 0 0

#Transform 92
Transform: AffineTransform_float_3_3
Parameters: 0.999874 0.0114157 0.0110888 -0.0113648 0.999924 -0.00466034 -0.0111403 0.00453366 0.999927 -0.353316 0.180306 -0.211976
FixedParameters: 0 0 0

#Transform 93
Transform: AffineTransform_float_3_3
Parameters: 0.999898 0.00999149 0.0102535 -0.00994235 0.999939 -0.00483264 -0.0103008 0.00473037 0.999936 -0.337592 0.183579 -0.210871
FixedParameters: 0 0 0

#Transform 94
Transform: AffineTransform_float_3_3
Parameters: 0.999909 0.00970289 0.00943003 -0.00963835 0.99993 -0.00684642 -0.00949522 0.00675458 0.999932 -0.33355 0.209495 -0.219003
FixedParameters: 0 0 0

#Transform 95
Transform: AffineTransform_float_3_3
Parameters: 0.999918 0.009344 0.0086753 -0.00927906 0.999929 -0.00745999 -0.00874489 0.00737899 0.999934 -0.303025 0.215891 -0.202568
FixedParameters: 0 0 0

#Transform 96
Transform: AffineTransform_float_3_3
Parameters: 0.999934 0.00870069 0.00750522 -0.00864303 0.999932 -0.00773057 -0.00757158 0.00766543 0.999942 -0.256828 0.211138 -0.179254
FixedParameters: 0 0 0

#Transform 97
Transform: AffineTransform_float_3_3
Parameters: 0.999938 0.00887165 0.00672971 -0.00882148 0.999934 -0.00745442 -0.00679521 0.0073946 0.99995 -0.21869 0.215928 -0.1877
FixedParameters: 0 0 0

#Transform 98
Transform: AffineTransform_float_3_3
Parameters: 0.999942 0.00853021 0.00658477 -0.0084802 0.999935 -0.00759276 -0.00664982 0.00753723 0.999949 -0.20891 0.206015 -0.197502
FixedParameters: 0 0 0

#Transform 99
Transform: AffineTransform_float_3_3
Parameters: 0.999942 0.00845448 0.00667716 -0.00840521 0.999937 -0.00746473 -0.00673981 0.00740727 0.99995 -0.213193 0.198351 -0.168163
FixedParameters: 0 0 0

#Transform 100
Transform: AffineTransform_float_3_3
Parameters: 0.99995 0.00807344 0.00591027 -0.00804148 0.999952 -0.00551889 -0.0059543 0.00547111 0.999967 -0.178318 0.198259 -0.149289
FixedParameters: 0 0 0

#Transform 101
Transform: AffineTransform_float_3_3
Parameters: 0.999947 0.00812659 0.00634505 -0.00808653 0.999948 -0.00626544 -0.0063958 0.00621355 0.99996 -0.205882 0.201192 -0.140171
FixedParameters: 0 0 0

#Transform 102
Transform: AffineTransform_float_3_3
Parameters: 0.999946 0.00816786 0.00631661 -0.00812567 0.999945 -0.00661563 -0.00637056 0.00656436 0.999958 -0.208697 0.208009 -0.173658
FixedParameters: 0 0 0

#Transform 103
Transform: AffineTransform_float_3_3
Parameters: 0.999949 0.00796341 0.00624435 -0.00792215 0.999948 -0.00650181 -0.00629552 0.00645219 0.999959 -0.212683 0.201696 -0.180491
FixedParameters: 0 0 0

#Transform 104
Transform: AffineTransform_float_3_3
Parameters: 0.999946 0.00784716 0.0067295 -0.00779496 0.999939 -0.00777756 -0.0067904 0.00772543 0.999947 -0.210586 0.193929 -0.143604
FixedParameters: 0 0 0

#Transform 105
Transform: AffineTransform_float_3_3
Parameters: 0.999953 0.00716963 0.0064343 -0.00711829 0.999944 -0.00787087 -0.00649041 0.00782512 0.999948 -0.178289 0.202923 -0.225668
FixedParameters: 0 0 0

#Transform 106
Transform: AffineTransform_float_3_3
Parameters: 0.999955 0.00718881 0.00630691 -0.00714202 0.999947 -0.00744145 -0.00636061 0.00739655 0.999952 -0.190352 0.210285 -0.171809
FixedParameters: 0 0 0

#Transform 107
Transform: AffineTransform_float_3_3
Parameters: 0.999948 0.00791962 0.00641973 -0.00786949 0.999938 -0.00785606 -0.00648157 0.00780494 0.999948 -0.207562 0.237307 -0.122194
FixedParameters: 0 0 0

#Transform 108
Transform: AffineTransform_float_3_3
Parameters: 0.999965 0.0072739 0.0039816 -0.00725061 0.999957 -0.00582838 -0.00402359 0.00579962 0.999975 -0.141775 0.179449 -0.05248
FixedParameters: 0 0 0

#Transform 109
Transform: AffineTransform_float_3_3
Parameters: 0.999987 0.00466482 0.00198975 -0.00465411 0.999977 -0.00506195 -0.00201328 0.00505305 0.999986 -0.0812674 0.179412 -0.0851371
FixedParameters: 0 0 0

#Transform 110
Transform: AffineTransform_float_3_3
Parameters: 0.999976 0.00570367 0.00377227 -0.00568527 0.999973 -0.00479453 -0.00379963 0.00477247 0.999982 -0.116447 0.182416 -0.0711322
FixedParameters: 0 0 0

#Transform 111
Transform: AffineTransform_float_3_3
Parameters: 0.999978 0.00532828 0.00391116 -0.00530811 0.999973 -0.00501781 -0.00393783 0.00499718 0.99998 -0.105014 0.190142 -0.0828142
FixedParameters: 0 0 0

#Transform 112
Transform: AffineTransform_float_3_3
Parameters: 0.999978 0.00521789 0.00409616 -0.00519795 0.999974 -0.00492498 -0.0041213 0.00490402 0.999979 -0.14591 0.169479 -0.0843224
FixedParameters: 0 0 0

#Transform 113
Transform: AffineTransform_float_3_3
Parameters: 0.999979 0.00456393 0.0044569 -0.00453935 0.999975 -0.00538323 -0.00448174 0.00536376 0.999975 -0.121829 0.178008 -0.10083
FixedParameters: 0 0 0

#Transform 114
Transform: AffineTransform_float_3_3
Parameters: 0.999962 0.00443331 0.00741435 -0.00439619 0.999978 -0.00502336 -0.00743623 0.00499064 0.99996 -0.18283 0.172563 -0.105379
FixedParameters: 0 0 0

#Transform 115
Transform: AffineTransform_float_3_3
Parameters: 0.999968 0.00499681 0.00633727 -0.00496689 0.999976 -0.00481901 -0.00636107 0.004787 0.999969 -0.174033 0.170282 -0.0595657
FixedParameters: 0 0 0

#Transform 116
Transform: AffineTransform_float_3_3
Parameters: 0.999963 0.00508736 0.00700447 -0.00506003 0.99998 -0.00393616 -0.0070249 0.00389983 0.999968 -0.0721261 0.162189 -0.210547
FixedParameters: 0 0 0

#Transform 117
Transform: AffineTransform_float_3_3
Parameters: 0.999987 0.00498711 0.00110482 -0.00499281 0.999973 0.00542313 -0.00107717 -0.00542786 0.999984 0.0594434 -0.0444742 0.131277
FixedParameters: 0 0 0

#Transform 118
Transform: AffineTransform_float_3_3
Parameters: 0.999988 0.00457707 0.00159664 -0.00458028 0.999988 0.00142166 -0.00159067 -0.00142934 0.999998 0.0223918 -0.00468025 0.107076
FixedParameters: 0 0 0

#Transform 119
Transform: AffineTransform_float_3_3
Parameters: 0.999979 0.00319316 0.00564805 -0.00319071 0.999995 -0.000388239 -0.00564969 0.000370757 0.999984 -0.048067 0.0420429 0.0942957
FixedParameters: 0 0 0

#Transform 120
Transform: AffineTransform_float_3_3
Parameters: 0.99997 0.00412149 0.00652334 -0.00409575 0.999985 -0.00394829 -0.00653935 0.00392171 0.999971 -0.0834768 0.138896 0.0700877
FixedParameters: 0 0 0

#Transform 121
Transform: AffineTransform_float_3_3
Parameters: 0.999977 0.00347039 0.00585856 -0.00345679 0.999991 -0.00243795 -0.0058669 0.00241805 0.99998 -0.037667 0.136221 -0.0196794
FixedParameters: 0 0 0

#Transform 122
Transform: AffineTransform_float_3_3
Parameters: 0.99998 0.00315473 0.00552247 -0.00314044 0.999992 -0.00256332 -0.00553046 0.00254567 0.999981 -0.0262617 0.130346 0.0196519
FixedParameters: 0 0 0

#Transform 123
Transform: AffineTransform_float_3_3
Parameters: 0.999977 0.00379712 0.00565487 -0.00378406 0.999991 -0.00236227 -0.00566369 0.00234073 0.999981 -0.037568 0.186634 -0.013236
FixedParameters: 0 0 0

#Transform 124
Transform: AffineTransform_float_3_3
Parameters: 0.999972 0.00391045 0.00634325 -0.00388707 0.999985 -0.00368727 -0.00635768 0.00366273 0.999973 -0.0677633 0.187331 -0.122376
FixedParameters: 0 0 0

#Transform 125
Transform: AffineTransform_float_3_3
Parameters: 0.999978 0.00322666 0.00567931 -0.00320791 0.99999 -0.00325586 -0.00568924 0.00323714 0.999978 -0.0381605 0.155099 0.0119451
FixedParameters: 0 0 0

#Transform 126
Transform: AffineTransform_float_3_3
Parameters: 0.999977 0.00361408 0.00582022 -0.00359593 0.999989 -0.00320516 -0.0058319 0.00318384 0.999978 -0.0597771 0.151099 0.00680304
FixedParameters: 0 0 0

#Transform 127
Transform: AffineTransform_float_3_3
Parameters: 0.99998 0.00352439 0.00528648 -0.00350799 0.999989 -0.00315136 -0.00529708 0.00313265 0.99998 -0.0160725 0.134393 0.0222849
FixedParameters: 0 0 0

#Transform 128
Transform: AffineTransform_float_3_3
Parameters: 0.999976 0.00318918 0.00603833 -0.00316134 0.999985 -0.00460754 -0.00605357 0.00458846 0.999971 -0.0126715 0.157482 -0.0101667
FixedParameters: 0 0 0

#Transform 129
Transform: AffineTransform_float_3_3
Parameters: 0.999975 0.00276566 0.00642613 -0.00273276 0.999983 -0.00514085 -0.00644028 0.00512415 0.999966 0.00510893 0.162992 0.0329058
FixedParameters: 0 0 0

#Transform 130
Transform: AffineTransform_float_3_3
Parameters: 0.999972 0.00323583 0.00671489 -0.00320429 0.999984 -0.00469488 -0.00672954 0.00467312 0.999967 -0.0388409 0.171724 0.000197933
FixedParameters: 0 0 0

#Transform 131
Transform: AffineTransform_float_3_3
Parameters: 0.999971 0.00256485 0.00706553 -0.00253049 0.999985 -0.00483649 -0.0070779 0.00481851 0.999963 -0.0197258 0.177904 -0.016585
FixedParameters: 0 0 0

#Transform 132
Transform: AffineTransform_float_3_3
Parameters: 0.999978 0.00269084 0.00615027 -0.00266466 0.999987 -0.00430321 -0.00616194 0.00428679 0.999972 -0.0424877 0.190549 -0.0294638
FixedParameters: 0 0 0

#Transform 133
Transform: AffineTransform_float_3_3
Parameters: 0.999974 0.00320676 0.00636913 -0.00317509 0.999983 -0.00495761 -0.00638519 0.00493839 0.999967 -0.0328977 0.200214 -0.0252963
FixedParameters: 0 0 0

#Transform 134
Transform: AffineTransform_float_3_3
Parameters: 0.999977 0.00253058 0.00631274 -0.00250091 0.999986 -0.00454146 -0.00632383 0.00452552 0.999969 -0.00155862 0.1874 0.00952547
FixedParameters: 0 0 0

#Transform 135
Transform: AffineTransform_float_3_3
Parameters: 0.999969 0.00303396 0.00735234 -0.00295456 0.999937 -0.0108224 -0.00738533 0.0108006 0.999914 -0.0622685 0.190463 -0.0782297
FixedParameters: 0 0 0

#Transform 136
Transform: AffineTransform_float_3_3
Parameters: 0.999947 0.00412345 0.0094601 -0.00371393 0.999074 -0.0428692 -0.009628 0.0428318 0.999036 -0.130254 0.35131 -0.56595
FixedParameters: 0 0 0

#Transform 137
Transform: AffineTransform_float_3_3
Parameters: 0.999946 0.00346958 0.0098556 -0.00299034 0.998832 -0.0482165 -0.0100106 0.0481835 0.998788 -0.104089 0.351502 -0.649728
FixedParameters: 0 0 0

#Transform 138
Transform: AffineTransform_float_3_3
Parameters: 0.999944 0.00462582 0.00951181 -0.00476616 0.999881 0.0147012 -0.00944328 -0.0147458 0.999846 -0.0939986 0.112034 0.661132
FixedParameters: 0 0 0

#Transform 139
Transform: AffineTransform_float_3_3
Parameters: 0.999985 0.00255275 0.00481323 -0.00256312 0.999994 0.00217963 -0.00480766 -0.00219137 0.999986 -0.0155962 0.00155995 0.34639
FixedParameters: 0 0 0

#Transform 140
Transform: AffineTransform_float_3_3
Parameters: 0.999981 0.0026417 0.00545627 -0.00263552 0.999997 -0.000959229 -0.00545842 0.000944767 0.999985 -0.00975511 0.0405446 0.242579
FixedParameters: 0 0 0

#Transform 141
Transform: AffineTransform_float_3_3
Parameters: 0.999979 0.00270322 0.00577216 -0.00269129 0.999994 -0.00204253 -0.00577714 0.00202646 0.999981 -0.0135101 0.0514055 0.228396
FixedParameters: 0 0 0

#Transform 142
Transform: AffineTransform_float_3_3
Parameters: 0.999981 0.00238821 0.00565333 -0.00237081 0.999992 -0.00317163 -0.00566058 0.00315837 0.999979 -0.0134258 0.0496189 0.207875
FixedParameters: 0 0 0

#Transform 143
Transform: AffineTransform_float_3_3
Parameters: 0.999978 0.00246822 0.00627307 -0.00244236 0.999989 -0.00415135 -0.0062834 0.00413565 0.999971 -0.021772 0.0574037 0.214991
FixedParameters: 0 0 0

#Transform 144
Transform: AffineTransform_float_3_3
Parameters: 0.999974 0.00180234 0.00690845 -0.00176555 0.999985 -0.00520563 -0.00691754 0.00519336 0.999962 -0.0342972 0.0764239 0.227635
FixedParameters: 0 0 0

#Transform 145
Transform: AffineTransform_float_3_3
Parameters: 0.999975 0.00177231 0.00675892 -0.00173898 0.999986 -0.00499653 -0.00676738 0.00498447 0.999964 -0.00280668 0.079643 0.210602
FixedParameters: 0 0 0

#Transform 146
Transform: AffineTransform_float_3_3
Parameters: 0.999972 0.00162495 0.00727799 -0.00159137 0.999988 -0.00464784 -0.00728608 0.00463617 0.999963 -0.0247761 0.0749477 0.215154
FixedParameters: 0 0 0

#Transform 147
Transform: AffineTransform_float_3_3
Parameters: 0.999973 0.00184654 0.00712314 -0.00179968 0.999976 -0.00667543 -0.00713568 0.00666258 0.999953 -0.0229047 0.0950539 0.193623
FixedParameters: 0 0 0

#Transform 148
Transform: AffineTransform_float_3_3
Parameters: 0.999971 0.00192468 0.00728148 -0.00186751 0.999967 -0.00786874 -0.00729561 0.00785427 0.999943 -0.0299417 0.102323 0.177537
FixedParameters: 0 0 0

#Transform 149
Transform: AffineTransform_float_3_3
Parameters: 0.999971 0.00193251 0.00729475 -0.00187364 0.999966 -0.00812297 -0.00731009 0.00810904 0.999941 -0.0315131 0.101229 0.167061
FixedParameters: 0 0 0

#Transform 150
Transform: AffineTransform_float_3_3
Parameters: 0.999971 0.0022058 0.00727585 -0.00214328 0.99996 -0.00868286 -0.00729516 0.00866714 0.999936 -0.0404357 0.109048 0.16528
FixedParameters: 0 0 0

#Transform 151
Transform: AffineTransform_float_3_3
Parameters: 0.99997 0.0020622 0.00749073 -0.00199902 0.999962 -0.00850458 -0.00750774 0.00848943 0.999936 -0.0386302 0.105408 0.171498
FixedParameters: 0 0 0

#Transform 152
Transform: AffineTransform_float_3_3
Parameters: 0.999967 0.0022597 0.00779652 -0.00219214 0.99996 -0.00866365 -0.00781506 0.00864636 0.999932 -0.033934 0.113464 0.172913
FixedParameters: 0 0 0

#Transform 153
Transform: AffineTransform_float_3_3
Parameters: 0.99997 0.00207523 0.00748258 -0.00199983 0.999947 -0.0100906 -0.0075024 0.0100754 0.999921 -0.0301511 0.115865 0.140366
FixedParameters: 0 0 0

#Transform 154
Transform: AffineTransform_float_3_3
Parameters: 0.99997 0.00178025 0.00746092 -0.00170893 0.999954 -0.00946979 -0.00747724 0.0094562 0.999927 -0.0318835 0.107237 0.14232
FixedParameters: 0 0 0

#Transform 155
Transform: AffineTransform_float_3_3
Parameters: 0.999968 0.00175577 0.00781059 -0.00168267 0.999954 -0.00932781 -0.00782701 0.00931417 0.999926 -0.0505531 0.135522 0.193157
FixedParameters: 0 0 0

#Transform 156
Transform: AffineTransform_float_3_3
Parameters: 0.999968 0.00167372 0.00790685 -0.00159731 0.999953 -0.00962333 -0.00792242 0.00961068 0.999923 -0.039693 0.13859 0.183719
FixedParameters: 0 0 0

#Transform 157
Transform: AffineTransform_float_3_3
Parameters: 0.999967 0.00175259 0.00785498 -0.00167268 0.999946 -0.0102599 -0.00787187 0.0102462 0.999917 -0.0400447 0.135225 0.187892
FixedParameters: 0 0 0

#Transform 158
Transform: AffineTransform_float_3_3
Parameters: 0.999961 0.00128689 0.00880138 -0.0011809 0.999928 -0.0119496 -0.00881586 0.0119384 0.99989 -0.0151911 0.147245 0.175419
FixedParameters: 0 0 0

#Transform 159
Transform: AffineTransform_float_3_3
Parameters: 0.99998 0.00175441 0.00616292 -0.00171268 0.999976 -0.00675474 -0.00617412 0.00674426 0.999958 -0.00542096 0.0944905 0.231008
FixedParameters: 0 0 0

#Transform 160
Transform: AffineTransform_float_3_3
Parameters: 0.999979 0.00178093 0.00621618 -0.00173633 0.999973 -0.00725399 -0.00622884 0.00724302 0.999954 -0.0174241 0.109528 0.217121
FixedParameters: 0 0 0

#Transform 161
Transform: AffineTransform_float_3_3
Parameters: 0.999978 0.00119103 0.0064947 -0.00113889 0.999967 -0.008028 -0.0065032 0.008021 0.999947 -0.0124783 0.110746 0.203407
FixedParameters: 0 0 0

#Transform 162
Transform: AffineTransform_float_3_3
Parameters: 0.999974 0.00147726 0.00695429 -0.0014134 0.999958 -0.00912227 -0.00696799 0.00911174 0.999935 -0.0073631 0.125265 0.198528
FixedParameters: 0 0 0

#Transform 163
Transform: AffineTransform_float_3_3
Parameters: 0.999976 0.00201922 0.00671914 -0.00195201 0.999949 -0.00995197 -0.00673904 0.00993904 0.999928 -0.00340927 0.114042 0.176042
FixedParameters: 0 0 0

#Transform 164
Transform: AffineTransform_float_3_3
Parameters: 0.999976 0.00196583 0.0067424 -0.00189901 0.999949 -0.00991786 -0.00676203 0.00990414 0.999928 0.0409607 0.115111 0.228132
FixedParameters: 0 0 0

#Transform 165
Transform: AffineTransform_float_3_3
Parameters: 0.999971 0.00228411 0.00733627 -0.00221465 0.999953 -0.00943219 -0.00735698 0.00941583 0.999929 0.0114448 0.108668 0.296855
FixedParameters: 0 0 0

#Transform 166
Transform: AffineTransform_float_3_3
Parameters: 0.999966 0.00176154 0.00799876 -0.00168295 0.999951 -0.00984482 -0.00801651 0.0098312 0.99992 -0.00569965 0.106783 0.289449
FixedParameters: 0 0 0

#Transform 167
Transform: AffineTransform_float_3_3
Parameters: 0.999966 0.00170204 0.00799026 -0.00161173 0.999934 -0.0113261 -0.00800879 0.0113129 0.999904 0.024054 0.137442 0.18347
FixedParameters: 0 0 0

#Transform 168
Transform: AffineTransform_float_3_3
Parameters: 0.999969 0.00162583 0.00769959 -0.00153776 0.999933 -0.0114279 -0.00771791 0.0114161 0.999905 0.00967535 0.137164 0.178604
FixedParameters: 0 0 0

#Transform 169
Transform: AffineTransform_float_3_3
Parameters: 0.999971 0.00137685 0.00757081 -0.00128947 0.999933 -0.0115078 -0.00758629 0.0114972 0.999905 0.00243037 0.131302 0.207038
FixedParameters: 0 0 0

#Transform 170
Transform: AffineTransform_float_3_3
Parameters: 0.999971 0.00144955 0.00756527 -0.00135755 0.999925 -0.0121491 -0.00758313 0.0121389 0.999897 -0.014115 0.134716 0.232491
FixedParameters: 0 0 0

#Transform 171
Transform: AffineTransform_float_3_3
Parameters: 0.999969 0.00152136 0.00771727 -0.0014227 0.999918 -0.0127583 -0.00773585 0.0127467 0.999889 -0.0216519 0.148511 0.230178
FixedParameters: 0 0 0

#Transform 172
Transform: AffineTransform_float_3_3
Parameters: 0.999968 0.00157958 0.00783907 -0.00147511 0.999911 -0.0133056 -0.00785931 0.0132934 0.999881 -0.0233795 0.136687 0.212838
FixedParameters: 0 0 0

#Transform 173
Transform: AffineTransform_float_3_3
Parameters: 0.99997 0.00147268 0.00758563 -0.00136672 0.999903 -0.0138732 -0.00760555 0.0138628 0.999875 -0.0205599 0.124793 0.166153
FixedParameters: 0 0 0

#Transform 174
Transform: AffineTransform_float_3_3
Parameters: 0.999969 0.00143328 0.00765244 -0.0013257 0.999901 -0.0140035 -0.00767174 0.0139935 0.999873 -0.00667756 0.141612 0.15168
FixedParameters: 0 0 0

#Transform 175
Transform: AffineTransform_float_3_3
Parameters: 0.999972 0.00140597 0.00741783 -0.00129658 0.99989 -0.0147792 -0.00743819 0.0147688 0.999863 -0.0022063 0.127077 0.143439
FixedParameters: 0 0 0

#Transform 176
Transform: AffineTransform_float_3_3
Parameters: 0.999974 0.00190759 0.00696168 -0.00184084 0.999952 -0.00963001 -0.00697999 0.009617 0.999929 -0.0421713 0.141159 0.222129
FixedParameters: 0 0 0

#Transform 177
Transform: AffineTransform_float_3_3
Parameters: 0.999976 0.00133593 0.00670373 -0.00130321 0.999988 -0.00484292 -0.00671044 0.00483408 0.999966 0.00689942 0.0505947 0.354413
FixedParameters: 0 0 0

#Transform 178
Transform: AffineTransform_float_3_3
Parameters: 0.999969 0.000311949 0.0079593 -0.000221402 0.999936 -0.0113293 -0.00796198 0.0113277 0.999904 0.00500598 0.102972 0.201815
FixedParameters: 0 0 0

#Transform 179
Transform: AffineTransform_float_3_3
Parameters: 0.999969 0.000663936 0.00782307 -0.000567183 0.999925 -0.0122833 -0.00783025 0.0122777 0.999894 0.0155726 0.132979 0.19453
FixedParameters: 0 0 0
