# transform file /out/sourcedata/freesurfer/sub-v1s10x0051082_ses-1/mri/transforms/cc_up.lta
# created by oesteban on Thu Mar 12 08:10:38 2026

type      = 0 # LINEAR_VOX_TO_VOX
nxforms   = 1
mean      = 125.0000 132.0000 119.0000
sigma     = 10000.0000
1 4 4
9.993093609809875e-01 3.369119390845299e-02 -1.567340828478336e-02 -5.442322492599487e-01 
-3.368705138564110e-02 9.994322657585144e-01 5.283558275550604e-04 1.523309993743896e+01 
1.568231172859669e-02 0.000000000000000e+00 9.998769760131836e-01 1.504663753509521e+01 
0.000000000000000e+00 0.000000000000000e+00 0.000000000000000e+00 1.000000000000000e+00 
src volume info
valid = 1  # volume info valid
filename = /out/sourcedata/freesurfer/sub-v1s10x0051082_ses-1/mri/norm.mgz
volume = 256 256 256
voxelsize = 1.000000000000000e+00 1.000000000000000e+00 1.000000000000000e+00
xras   = -1.000000000000000e+00 0.000000000000000e+00 0.000000000000000e+00
yras   = 0.000000000000000e+00 0.000000000000000e+00 -1.000000000000000e+00
zras   = 0.000000000000000e+00 1.000000000000000e+00 0.000000000000000e+00
cras   = 2.110412597656250e+00 -1.891571044921875e+00 1.000000000000000e+00
dst volume info
valid = 1  # volume info valid
filename = /out/sourcedata/freesurfer/sub-v1s10x0051082_ses-1/mri/norm.mgz
volume = 256 256 256
voxelsize = 1.000000000000000e+00 1.000000000000000e+00 1.000000000000000e+00
xras   = -1.000000000000000e+00 0.000000000000000e+00 0.000000000000000e+00
yras   = 0.000000000000000e+00 0.000000000000000e+00 -1.000000000000000e+00
zras   = 0.000000000000000e+00 1.000000000000000e+00 0.000000000000000e+00
cras   = 2.110412597656250e+00 -1.891571044921875e+00 1.000000000000000e+00
