# transform file transforms/talairach.lta
# created by oesteban on Thu Mar 12 06:44:12 2026

type      = 0 # LINEAR_VOX_TO_VOX
nxforms   = 1
mean      = 125.0000 134.0000 119.0000
sigma     = 10000.0000
1 4 4
1.101429343223572e+00 4.829732328653336e-02 -2.432851120829582e-03 -1.806521606445312e+01 
-3.273153305053711e-02 1.112987875938416e+00 4.626851975917816e-01 -7.487484741210938e+01 
2.411004528403282e-02 -4.618468880653381e-01 8.442121148109436e-01 6.931533813476562e+01 
0.000000000000000e+00 0.000000000000000e+00 0.000000000000000e+00 1.000000000000000e+00 
src volume info
valid = 1  # volume info valid
filename = nu.mgz
volume = 256 256 256
voxelsize = 1.000000000000000e+00 1.000000000000000e+00 1.000000000000000e+00
xras   = -1.000000000000000e+00 0.000000000000000e+00 0.000000000000000e+00
yras   = 0.000000000000000e+00 0.000000000000000e+00 -1.000000000000000e+00
zras   = 0.000000000000000e+00 1.000000000000000e+00 0.000000000000000e+00
cras   = 2.110412597656250e+00 -1.891571044921875e+00 1.000000000000000e+00
dst volume info
valid = 1  # volume info valid
filename = /opt/freesurfer/average/RB_all_2020-01-02.gca
volume = 256 256 256
voxelsize = 1.000000000000000e+00 1.000000000000000e+00 1.000000000000000e+00
xras   = -1.000000000000000e+00 0.000000000000000e+00 0.000000000000000e+00
yras   = 0.000000000000000e+00 0.000000000000000e+00 -1.000000000000000e+00
zras   = 0.000000000000000e+00 1.000000000000000e+00 0.000000000000000e+00
cras   = 0.000000000000000e+00 0.000000000000000e+00 0.000000000000000e+00
