# transform file /out/sourcedata/freesurfer/sub-v1s10x0051057_ses-1/mri/transforms/cc_up.lta
# created by oesteban on Thu Mar 12 07:04:55 2026

type      = 0 # LINEAR_VOX_TO_VOX
nxforms   = 1
mean      = 125.0000 140.0000 118.0000
sigma     = 10000.0000
1 4 4
9.980301856994629e-01 -4.749950021505356e-02 -4.098185896873474e-02 1.346522617340088e+01 
4.745950549840927e-02 9.988712072372437e-01 -1.948817516677082e-03 4.632028341293335e-01 
4.102816805243492e-02 0.000000000000000e+00 9.991579651832581e-01 1.500344181060791e+01 
0.000000000000000e+00 0.000000000000000e+00 0.000000000000000e+00 1.000000000000000e+00 
src volume info
valid = 1  # volume info valid
filename = /out/sourcedata/freesurfer/sub-v1s10x0051057_ses-1/mri/norm.mgz
volume = 256 256 256
voxelsize = 1.000000000000000e+00 1.000000000000000e+00 1.000000000000000e+00
xras   = -1.000000000000000e+00 0.000000000000000e+00 0.000000000000000e+00
yras   = 0.000000000000000e+00 0.000000000000000e+00 -1.000000000000000e+00
zras   = 0.000000000000000e+00 1.000000000000000e+00 0.000000000000000e+00
cras   = -2.949821472167969e+00 1.000000000000000e+00 2.445785522460938e+00
dst volume info
valid = 1  # volume info valid
filename = /out/sourcedata/freesurfer/sub-v1s10x0051057_ses-1/mri/norm.mgz
volume = 256 256 256
voxelsize = 1.000000000000000e+00 1.000000000000000e+00 1.000000000000000e+00
xras   = -1.000000000000000e+00 0.000000000000000e+00 0.000000000000000e+00
yras   = 0.000000000000000e+00 0.000000000000000e+00 -1.000000000000000e+00
zras   = 0.000000000000000e+00 1.000000000000000e+00 0.000000000000000e+00
cras   = -2.949821472167969e+00 1.000000000000000e+00 2.445785522460938e+00
