#Insight Transform File V1.0
#Transform 0
Transform: AffineTransform_float_3_3
Parameters: 1 -0.000576046 -0.000248549 0.000576816 1 -0.000301296 0.000248506 0.000301704 0.999999 0.0492811 0.0678631 0.338859
FixedParameters: 0 0 0

#Transform 1
Transform: AffineTransform_float_3_3
Parameters: 1 0.000155205 -0.000525304 -0.000154907 1 0.000284081 0.000525392 -0.000283918 1 0.0257165 0.0703541 -0.0648598
FixedParameters: 0 0 0

#Transform 2
Transform: AffineTransform_float_3_3
Parameters: 1 0.000183462 -0.000551265 -0.000183687 0.999999 0.000630254 0.000551888 -0.000630746 1 0.0145224 0.0952984 -0.111156
FixedParameters: 0 0 0

#Transform 3
Transform: AffineTransform_float_3_3
Parameters: 0.999999 0.000344117 -0.00067465 -0.000343096 0.999999 0.000756384 0.000675169 -0.000756615 0.999999 0.0113789 0.109035 -0.113733
FixedParameters: 0 0 0

#Transform 4
Transform: AffineTransform_float_3_3
Parameters: 1 0.000317425 -0.000501626 -0.000317244 1 0.000570159 0.000501068 -0.000569841 0.999999 0.0186186 0.11561 -0.109048
FixedParameters: 0 0 0

#Transform 5
Transform: AffineTransform_float_3_3
Parameters: 0.999999 0.000113412 -0.000906964 -0.000112945 1 0.000980256 0.000906656 -0.000980746 1 0.0232254 0.109097 -0.135334
FixedParameters: 0 0 0

#Transform 6
Transform: AffineTransform_float_3_3
Parameters: 1 0.000328678 -0.000554997 -0.000327505 0.999999 0.00105534 0.000555689 -0.00105567 1 0.0289539 0.114817 -0.128063
FixedParameters: 0 0 0

#Transform 7
Transform: AffineTransform_float_3_3
Parameters: 1 -4.87169e-05 -0.00102836 4.98576e-05 0.999999 0.00100231 0.00102865 -0.00100169 0.999999 0.0363697 0.119276 -0.139132
FixedParameters: 0 0 0

#Transform 8
Transform: AffineTransform_float_3_3
Parameters: 0.999999 -0.000111735 -0.000769304 0.000113246 0.999999 0.000982273 0.000769083 -0.000981726 0.999999 0.0570354 0.0962185 -0.118536
FixedParameters: 0 0 0

#Transform 9
Transform: AffineTransform_float_3_3
Parameters: 0.999999 5.75983e-05 -0.000723632 -5.67974e-05 1 0.00118904 0.000724159 -0.00118896 0.999999 0.0301689 0.0998065 -0.127663
FixedParameters: 0 0 0

#Transform 10
Transform: AffineTransform_float_3_3
Parameters: 1 0.000233161 -0.000567764 -0.000232319 1 0.00108613 0.000567349 -0.00108587 0.999999 0.0337251 0.116719 -0.113168
FixedParameters: 0 0 0

#Transform 11
Transform: AffineTransform_float_3_3
Parameters: 0.999999 0.000116541 -0.0007768 -0.000116004 1 0.00119009 0.000776547 -0.00118991 0.999999 0.0246667 0.108779 -0.119372
FixedParameters: 0 0 0

#Transform 12
Transform: AffineTransform_float_3_3
Parameters: 0.999999 7.12305e-05 -0.000968334 -7.00724e-05 1 0.00107307 0.000968876 -0.00107293 0.999999 0.034572 0.116762 -0.118677
FixedParameters: 0 0 0

#Transform 13
Transform: AffineTransform_float_3_3
Parameters: 0.999999 0.000104545 -0.000799969 -0.000103609 1 0.00116008 0.000800601 -0.00115992 0.999999 0.0347817 0.118479 -0.113363
FixedParameters: 0 0 0

#Transform 14
Transform: AffineTransform_float_3_3
Parameters: 0.999999 8.30284e-05 -0.000797294 -8.17746e-05 0.999999 0.00136307 0.00079791 -0.00136293 0.999999 0.0351764 0.121553 -0.122309
FixedParameters: 0 0 0

#Transform 15
Transform: AffineTransform_float_3_3
Parameters: 0.999999 -0.000251042 -0.000865585 0.000251379 0.999999 0.00125778 0.000865735 -0.00125822 0.999999 0.0636933 0.107406 -0.119352
FixedParameters: 0 0 0

#Transform 16
Transform: AffineTransform_float_3_3
Parameters: 0.999999 -0.000260186 -0.000888785 0.000261772 0.999998 0.00192792 0.00088856 -0.00192908 0.999998 0.0449126 0.118609 -0.140235
FixedParameters: 0 0 0

#Transform 17
Transform: AffineTransform_float_3_3
Parameters: 0.999999 5.79421e-05 -0.000736599 -5.66729e-05 0.999999 0.00175204 0.00073627 -0.00175196 0.999998 0.0297268 0.118284 -0.13235
FixedParameters: 0 0 0

#Transform 18
Transform: AffineTransform_float_3_3
Parameters: 0.999999 -0.000138427 -0.000816439 0.000140328 0.999998 0.00196889 0.000815361 -0.00196911 0.999997 0.037819 0.12385 -0.125419
FixedParameters: 0 0 0

#Transform 19
Transform: AffineTransform_float_3_3
Parameters: 0.999999 -5.88418e-05 -0.000952046 6.04841e-05 0.999998 0.00203494 0.000951664 -0.00203506 0.999997 0.0306214 0.116323 -0.13555
FixedParameters: 0 0 0

#Transform 20
Transform: AffineTransform_float_3_3
Parameters: 1 9.05313e-05 -0.00107374 -8.85299e-05 0.999998 0.0019711 0.00107396 -0.0019709 0.999997 0.0278551 0.104606 -0.1327
FixedParameters: 0 0 0

#Transform 21
Transform: AffineTransform_float_3_3
Parameters: 0.999999 -0.000180696 -0.000933094 0.000182994 0.999997 0.00242883 0.000932071 -0.00242917 0.999996 0.0389848 0.150042 -0.132742
FixedParameters: 0 0 0

#Transform 22
Transform: AffineTransform_float_3_3
Parameters: 1 1.44778e-05 -0.000479464 -1.39256e-05 0.999999 0.00153501 0.000479899 -0.00153499 0.999998 0.0198055 0.122995 -0.132558
FixedParameters: 0 0 0

#Transform 23
Transform: AffineTransform_float_3_3
Parameters: 0.999999 8.48883e-05 -0.00123409 -8.18908e-05 0.999997 0.00211861 0.0012343 -0.00211838 0.999997 0.0408989 0.141829 -0.14363
FixedParameters: 0 0 0

#Transform 24
Transform: AffineTransform_float_3_3
Parameters: 0.999999 -0.000171063 -0.000840582 0.000173177 0.999997 0.00235286 0.000840554 -0.00235314 0.999997 0.0377311 0.122286 -0.155997
FixedParameters: 0 0 0

#Transform 25
Transform: AffineTransform_float_3_3
Parameters: 1 -0.00012318 -0.00120809 0.000125547 0.999997 0.002284 0.00120777 -0.002285 0.999997 0.0484405 0.117611 -0.137169
FixedParameters: 0 0 0

#Transform 26
Transform: AffineTransform_float_3_3
Parameters: 1 -0.000291702 -0.001137 0.000294322 0.999997 0.00236667 0.00113678 -0.00236733 0.999996 0.0455632 0.119621 -0.14297
FixedParameters: 0 0 0

#Transform 27
Transform: AffineTransform_float_3_3
Parameters: 0.999999 -0.00021838 -0.000790263 0.000219963 0.999997 0.00216719 0.000790094 -0.00216681 0.999998 0.0274875 0.149044 -0.137302
FixedParameters: 0 0 0

#Transform 28
Transform: AffineTransform_float_3_3
Parameters: 0.999999 -0.000217238 -0.000787492 0.000218761 0.999998 0.00213619 0.000787342 -0.00213581 0.999998 0.027574 0.119803 -0.125301
FixedParameters: 0 0 0

#Transform 29
Transform: AffineTransform_float_3_3
Parameters: 0.999999 -6.56521e-06 -0.000985903 9.44848e-06 0.999997 0.00239499 0.000986646 -0.00239501 0.999996 0.0340713 0.13491 -0.127952
FixedParameters: 0 0 0

#Transform 30
Transform: AffineTransform_float_3_3
Parameters: 0.999999 -3.96626e-05 -0.000989373 4.18506e-05 0.999998 0.00223396 0.000989052 -0.00223404 0.999997 0.0170966 0.133589 -0.143449
FixedParameters: 0 0 0

#Transform 31
Transform: AffineTransform_float_3_3
Parameters: 1 1.20749e-05 -0.0011263 -9.51776e-06 0.999998 0.00212637 0.0011262 -0.00212563 0.999997 0.0332296 0.125495 -0.143882
FixedParameters: 0 0 0

#Transform 32
Transform: AffineTransform_float_3_3
Parameters: 1 -0.000221446 -0.00111133 0.000223468 0.999997 0.00215211 0.00111154 -0.00215189 0.999997 0.0370849 0.140756 -0.146803
FixedParameters: 0 0 0

#Transform 33
Transform: AffineTransform_float_3_3
Parameters: 1 -0.00013276 -0.00107382 0.000135413 0.999998 0.00227486 0.00107307 -0.00227514 0.999997 0.0208296 0.117533 -0.129045
FixedParameters: 0 0 0

#Transform 34
Transform: AffineTransform_float_3_3
Parameters: 1 1.32333e-05 -0.0010953 -1.07707e-05 0.999998 0.00214337 0.00109521 -0.00214263 0.999997 0.02719 0.129553 -0.138107
FixedParameters: 0 0 0

#Transform 35
Transform: AffineTransform_float_3_3
Parameters: 1 -0.000161577 -0.000655758 0.000162673 0.999998 0.0022389 0.000655813 -0.00223911 0.999998 0.0060681 0.135638 -0.131556
FixedParameters: 0 0 0

#Transform 36
Transform: AffineTransform_float_3_3
Parameters: 0.999999 -0.000265078 -0.00090081 0.00026704 0.999998 0.00211112 0.000900468 -0.00211088 0.999998 0.00924407 0.135009 -0.130082
FixedParameters: 0 0 0

#Transform 37
Transform: AffineTransform_float_3_3
Parameters: 0.999999 -9.17432e-05 -0.000780749 9.28488e-05 0.999998 0.00213829 0.000780215 -0.00213771 0.999998 0.0189237 0.133417 -0.145727
FixedParameters: 0 0 0

#Transform 38
Transform: AffineTransform_float_3_3
Parameters: 1 -0.000359821 -0.00112565 0.000362054 0.999997 0.00221895 0.00112522 -0.00221905 0.999997 0.0175444 0.145039 -0.146517
FixedParameters: 0 0 0

#Transform 39
Transform: AffineTransform_float_3_3
Parameters: 0.999999 -0.0002096 -0.000771082 0.000211019 0.999995 0.0029662 0.000770086 -0.0029658 0.999995 0.0164008 0.146481 -0.160789
FixedParameters: 0 0 0

#Transform 40
Transform: AffineTransform_float_3_3
Parameters: 0.999999 -4.84223e-05 -0.000852922 5.09758e-05 0.999995 0.00334496 0.000852841 -0.00334504 0.999994 0.0247614 0.172744 -0.140628
FixedParameters: 0 0 0

#Transform 41
Transform: AffineTransform_float_3_3
Parameters: 1 -4.48664e-05 -0.00089698 4.76606e-05 0.999996 0.00258332 0.000897522 -0.00258268 0.999996 0.0245451 0.148698 -0.168418
FixedParameters: 0 0 0

#Transform 42
Transform: AffineTransform_float_3_3
Parameters: 0.999999 4.90206e-05 -0.000869373 -4.7213e-05 0.999998 0.00232304 0.000869457 -0.00232296 0.999997 0.0231356 0.147855 -0.155213
FixedParameters: 0 0 0

#Transform 43
Transform: AffineTransform_float_3_3
Parameters: 0.999999 -0.000157774 -0.00091555 0.000159686 0.999996 0.00276685 0.000914923 -0.00276715 0.999996 0.0286005 0.150624 -0.152892
FixedParameters: 0 0 0

#Transform 44
Transform: AffineTransform_float_3_3
Parameters: 0.999999 -0.000230023 -0.000885176 0.000232347 0.999997 0.0023528 0.00088487 -0.0023532 0.999997 0.0273702 0.161141 -0.14562
FixedParameters: 0 0 0

#Transform 45
Transform: AffineTransform_float_3_3
Parameters: 0.999999 -0.00050781 -0.000900433 0.000510149 0.999997 0.00232254 0.00089885 -0.00232346 0.999997 0.0428789 0.123261 -0.147885
FixedParameters: 0 0 0

#Transform 46
Transform: AffineTransform_float_3_3
Parameters: 1 -0.000132693 -0.00065486 0.000134313 0.999997 0.00264291 0.000654936 -0.00264309 0.999997 0.0202421 0.154318 -0.154286
FixedParameters: 0 0 0

#Transform 47
Transform: AffineTransform_float_3_3
Parameters: 1 -0.000305364 -0.00113005 0.000308416 0.999995 0.00298001 0.00112978 -0.00297999 0.999995 0.0414522 0.134333 -0.147177
FixedParameters: 0 0 0

#Transform 48
Transform: AffineTransform_float_3_3
Parameters: 1 -0.000577203 -0.00106659 0.000580894 0.999996 0.00284274 0.00106539 -0.00284326 0.999996 0.0421081 0.150949 -0.167563
FixedParameters: 0 0 0

#Transform 49
Transform: AffineTransform_float_3_3
Parameters: 0.999999 -0.000587222 -0.00108946 0.000590018 0.999996 0.00255272 0.00108763 -0.00255328 0.999996 0.0421174 0.151235 -0.142869
FixedParameters: 0 0 0

#Transform 50
Transform: AffineTransform_float_3_3
Parameters: 0.999999 -0.000431501 -0.00118219 0.000434817 0.999995 0.00296085 0.00118119 -0.00296115 0.999995 0.039367 0.140299 -0.156721
FixedParameters: 0 0 0

#Transform 51
Transform: AffineTransform_float_3_3
Parameters: 0.999999 -0.000355914 -0.00118683 0.000360155 0.999995 0.00333858 0.00118601 -0.00333942 0.999993 0.0380705 0.153799 -0.157677
FixedParameters: 0 0 0

#Transform 52
Transform: AffineTransform_float_3_3
Parameters: 0.999999 -0.000413931 -0.0013241 0.000418577 0.999995 0.00314581 0.00132305 -0.00314619 0.999994 0.0546031 0.142155 -0.159844
FixedParameters: 0 0 0

#Transform 53
Transform: AffineTransform_float_3_3
Parameters: 0.999999 -0.000262617 -0.00138773 0.000266653 0.999994 0.00325399 0.00138705 -0.00325401 0.999993 0.0420459 0.142045 -0.162238
FixedParameters: 0 0 0

#Transform 54
Transform: AffineTransform_float_3_3
Parameters: 1 -0.00049628 -0.000875004 0.000499274 0.999996 0.00306741 0.000874043 -0.00306759 0.999994 0.0187989 0.155596 -0.145679
FixedParameters: 0 0 0

#Transform 55
Transform: AffineTransform_float_3_3
Parameters: 1 -0.000516695 -0.000921657 0.000519239 0.999997 0.00238052 0.000919971 -0.00238148 0.999996 0.0385679 0.151043 -0.149188
FixedParameters: 0 0 0

#Transform 56
Transform: AffineTransform_float_3_3
Parameters: 0.999999 -0.000489018 -0.000856287 0.000491432 0.999997 0.00248694 0.00085463 -0.00248706 0.999997 0.0275232 0.158683 -0.14599
FixedParameters: 0 0 0

#Transform 57
Transform: AffineTransform_float_3_3
Parameters: 0.999999 -0.000531172 -0.000955692 0.000533675 0.999998 0.00227449 0.000954051 -0.00227551 0.999997 0.0347011 0.150529 -0.146722
FixedParameters: 0 0 0

#Transform 58
Transform: AffineTransform_float_3_3
Parameters: 1 -0.000345706 -0.000887365 0.000348148 0.999993 0.00367469 0.000885458 -0.00367531 0.999993 0.0222321 0.178404 -0.134625
FixedParameters: 0 0 0

#Transform 59
Transform: AffineTransform_float_3_3
Parameters: 1 -0.000577683 -0.00106972 0.000581444 0.999994 0.00348274 0.00106725 -0.00348326 0.999994 0.0374363 0.158395 -0.145076
FixedParameters: 0 0 0

#Transform 60
Transform: AffineTransform_float_3_3
Parameters: 0.999999 -0.000647379 -0.00123456 0.000651629 0.999994 0.00321556 0.00123195 -0.00321644 0.999994 0.0452033 0.141228 -0.158864
FixedParameters: 0 0 0

#Transform 61
Transform: AffineTransform_float_3_3
Parameters: 0.999999 -0.000601786 -0.00112797 0.000605655 0.999993 0.00375953 0.00112538 -0.00375947 0.999992 0.032647 0.17215 -0.134117
FixedParameters: 0 0 0

#Transform 62
Transform: AffineTransform_float_3_3
Parameters: 0.999999 -0.000379442 -0.0012431 0.000384297 0.999994 0.00343489 0.00124204 -0.00343512 0.999994 0.0409525 0.149926 -0.148029
FixedParameters: 0 0 0

#Transform 63
Transform: AffineTransform_float_3_3
Parameters: 1 -0.000327716 -0.00111848 0.000331446 0.999996 0.00290299 0.00111774 -0.00290301 0.999995 0.0311123 0.175854 -0.135877
FixedParameters: 0 0 0

#Transform 64
Transform: AffineTransform_float_3_3
Parameters: 0.999999 -0.000672271 -0.00129464 0.000677006 0.999994 0.00345749 0.00129285 -0.00345851 0.999993 0.0369572 0.148893 -0.136273
FixedParameters: 0 0 0

#Transform 65
Transform: AffineTransform_float_3_3
Parameters: 0.999999 -0.000374235 -0.00122461 0.000378865 0.999993 0.0039319 0.00122268 -0.0039321 0.999992 0.0229022 0.17506 -0.119387
FixedParameters: 0 0 0

#Transform 66
Transform: AffineTransform_float_3_3
Parameters: 0.999999 -0.000483082 -0.00149023 0.000489167 0.999993 0.00358715 0.00148869 -0.00358785 0.999993 0.0414908 0.148076 -0.146738
FixedParameters: 0 0 0

#Transform 67
Transform: AffineTransform_float_3_3
Parameters: 1 -0.000564882 -0.00104044 0.000569238 0.999993 0.00386741 0.00103762 -0.00386859 0.999992 0.0276099 0.152946 -0.15769
FixedParameters: 0 0 0

#Transform 68
Transform: AffineTransform_float_3_3
Parameters: 0.999999 -0.000699803 -0.00136232 0.000705206 0.999992 0.0040144 0.00135903 -0.00401559 0.999991 0.0421084 0.162641 -0.13447
FixedParameters: 0 0 0

#Transform 69
Transform: AffineTransform_float_3_3
Parameters: 0.999998 -0.000743792 -0.00146751 0.000749383 0.999991 0.00410462 0.00146411 -0.00410537 0.999991 0.0489295 0.160073 -0.146624
FixedParameters: 0 0 0

#Transform 70
Transform: AffineTransform_float_3_3
Parameters: 0.999999 -0.000648422 -0.00123964 0.000653573 0.999992 0.00393856 0.00123647 -0.00393945 0.999992 0.0368454 0.157668 -0.146403
FixedParameters: 0 0 0

#Transform 71
Transform: AffineTransform_float_3_3
Parameters: 0.999999 -0.000668467 -0.00128988 0.000674282 0.999989 0.0046045 0.00128735 -0.00460551 0.999989 0.0382396 0.185132 -0.134596
FixedParameters: 0 0 0

#Transform 72
Transform: AffineTransform_float_3_3
Parameters: 0.999998 -0.000735197 -0.00144838 0.000741961 0.99999 0.00442829 0.00144549 -0.00442971 0.999989 0.0408151 0.157494 -0.154997
FixedParameters: 0 0 0

#Transform 73
Transform: AffineTransform_float_3_3
Parameters: 0.999999 -0.000703567 -0.00137384 0.000710294 0.999989 0.00465539 0.00137091 -0.00465661 0.999988 0.0319393 0.166687 -0.138102
FixedParameters: 0 0 0

#Transform 74
Transform: AffineTransform_float_3_3
Parameters: 0.999999 -0.000661066 -0.00120845 0.000666753 0.999988 0.00486256 0.00120564 -0.00486344 0.999988 0.0488414 0.170074 -0.127862
FixedParameters: 0 0 0

#Transform 75
Transform: AffineTransform_float_3_3
Parameters: 0.999999 -0.00107469 -0.00112699 0.00107936 0.999991 0.004184 0.00112216 -0.004185 0.999991 0.0381825 0.153138 -0.156371
FixedParameters: 0 0 0

#Transform 76
Transform: AffineTransform_float_3_3
Parameters: 0.999999 -0.00113815 -0.00127947 0.00114432 0.999989 0.00447875 0.00127475 -0.00448025 0.999989 0.0360391 0.156003 -0.141397
FixedParameters: 0 0 0

#Transform 77
Transform: AffineTransform_float_3_3
Parameters: 0.999999 -0.00107418 -0.00137241 0.00108066 0.99999 0.00443073 0.00136743 -0.00443227 0.999989 0.0653511 0.169649 -0.146367
FixedParameters: 0 0 0

#Transform 78
Transform: AffineTransform_float_3_3
Parameters: 0.999999 -0.000728685 -0.0013677 0.000735247 0.999987 0.00495336 0.00136449 -0.00495464 0.999986 0.0380563 0.176651 -0.125945
FixedParameters: 0 0 0

#Transform 79
Transform: AffineTransform_float_3_3
Parameters: 0.999998 -0.0010568 -0.00131364 0.00106274 0.999989 0.00462182 0.00130973 -0.00462318 0.999988 0.0395062 0.164632 -0.132431
FixedParameters: 0 0 0

#Transform 80
Transform: AffineTransform_float_3_3
Parameters: 0.999999 -0.00078491 -0.00136576 0.000791303 0.999989 0.00456164 0.00136223 -0.00456236 0.999989 0.02917 0.17804 -0.15068
FixedParameters: 0 0 0

#Transform 81
Transform: AffineTransform_float_3_3
Parameters: 0.999999 -0.000707942 -0.00140236 0.000714517 0.999989 0.00464736 0.00139849 -0.00464864 0.999988 0.0346496 0.182725 -0.140369
FixedParameters: 0 0 0

#Transform 82
Transform: AffineTransform_float_3_3
Parameters: 0.999999 -0.000766445 -0.0012478 0.000772507 0.999988 0.0048614 0.00124397 -0.0048626 0.999988 0.0429067 0.182257 -0.127931
FixedParameters: 0 0 0

#Transform 83
Transform: AffineTransform_float_3_3
Parameters: 0.999999 -0.00116109 -0.00133503 0.00116695 0.999988 0.00466765 0.00132913 -0.00466934 0.999988 0.0532165 0.178221 -0.135061
FixedParameters: 0 0 0

#Transform 84
Transform: AffineTransform_float_3_3
Parameters: 0.999999 -0.000622243 -0.00110015 0.000628198 0.999984 0.00564567 0.00109583 -0.00564633 0.999984 0.0106306 0.201539 -0.109412
FixedParameters: 0 0 0

#Transform 85
Transform: AffineTransform_float_3_3
Parameters: 0.999999 -0.000571929 -0.00130325 0.000579674 0.999985 0.00545061 0.0012997 -0.00545139 0.999984 0.0221713 0.194231 -0.11426
FixedParameters: 0 0 0

#Transform 86
Transform: AffineTransform_float_3_3
Parameters: 0.999999 -0.000368912 -0.00126026 0.000376196 0.999987 0.00524089 0.00125778 -0.00524111 0.999986 0.016547 0.191016 -0.115387
FixedParameters: 0 0 0

#Transform 87
Transform: AffineTransform_float_3_3
Parameters: 0.999999 -0.000436852 -0.00142366 0.000445129 0.999984 0.00549588 0.00142194 -0.00549711 0.999984 0.0251569 0.189455 -0.0923075
FixedParameters: 0 0 0

#Transform 88
Transform: AffineTransform_float_3_3
Parameters: 0.999998 -0.000473126 -0.00151142 0.000481778 0.999983 0.00573715 0.00150854 -0.00573785 0.999983 0.0186541 0.204942 -0.103221
FixedParameters: 0 0 0

#Transform 89
Transform: AffineTransform_float_3_3
Parameters: 0.999999 -0.0006825 -0.00140554 0.000690702 0.999983 0.00573276 0.0014021 -0.00573324 0.999983 0.00552696 0.196136 -0.0757532
FixedParameters: 0 0 0

#Transform 90
Transform: AffineTransform_float_3_3
Parameters: 0.999998 -0.000424341 -0.00164461 0.000433262 0.999985 0.00535301 0.00164262 -0.00535298 0.999984 0.000803338 0.192272 -0.0911238
FixedParameters: 0 0 0

#Transform 91
Transform: AffineTransform_float_3_3
Parameters: 0.999999 -0.000304903 -0.00143402 0.00031413 0.999977 0.00670428 0.00143194 -0.00670372 0.999977 0.00458739 0.231229 -0.0689154
FixedParameters: 0 0 0

#Transform 92
Transform: AffineTransform_float_3_3
Parameters: 0.999998 -0.000547841 -0.0016915 0.000558528 0.999982 0.00600179 0.00168785 -0.00600222 0.999981 0.0268462 0.183024 -0.0841874
FixedParameters: 0 0 0

#Transform 93
Transform: AffineTransform_float_3_3
Parameters: 0.999998 -0.00066441 -0.00164285 0.0006734 0.999983 0.00582363 0.00163935 -0.00582438 0.999982 0.0311407 0.195449 -0.0733884
FixedParameters: 0 0 0

#Transform 94
Transform: AffineTransform_float_3_3
Parameters: 0.999998 -0.000871198 -0.00168345 0.00088245 0.999976 0.00679125 0.00167753 -0.00679275 0.999976 0.0351019 0.215233 -0.0532538
FixedParameters: 0 0 0

#Transform 95
Transform: AffineTransform_float_3_3
Parameters: 0.999998 -0.00120911 -0.00150123 0.00121888 0.99998 0.00625239 0.00149311 -0.00625461 0.999979 0.0529267 0.207143 -0.0681976
FixedParameters: 0 0 0

#Transform 96
Transform: AffineTransform_float_3_3
Parameters: 0.999999 -0.00117234 -0.00141124 0.00118078 0.999982 0.00585091 0.00140414 -0.00585209 0.999982 0.0527555 0.201407 -0.077365
FixedParameters: 0 0 0

#Transform 97
Transform: AffineTransform_float_3_3
Parameters: 0.999997 -0.00131992 -0.00176829 0.00133116 0.999978 0.00650522 0.00175927 -0.00650777 0.999977 0.0534095 0.192553 -0.0517509
FixedParameters: 0 0 0

#Transform 98
Transform: AffineTransform_float_3_3
Parameters: 0.999997 -0.00130668 -0.0017346 0.00131719 0.99998 0.00615429 0.00172629 -0.0061567 0.999979 0.0641708 0.191583 -0.0705333
FixedParameters: 0 0 0

#Transform 99
Transform: AffineTransform_float_3_3
Parameters: 0.999998 -0.00112417 -0.00157144 0.00113461 0.999978 0.00647495 0.00156426 -0.00647705 0.999978 0.0520218 0.192969 -0.0789152
FixedParameters: 0 0 0

#Transform 100
Transform: AffineTransform_float_3_3
Parameters: 0.999998 -0.00121597 -0.0015216 0.00122699 0.999974 0.00705971 0.00151311 -0.00706129 0.999974 0.0511891 0.196058 -0.0491711
FixedParameters: 0 0 0

#Transform 101
Transform: AffineTransform_float_3_3
Parameters: 0.999998 -0.00150291 -0.00170199 0.00151407 0.999976 0.00678085 0.00169199 -0.00678314 0.999975 0.0771637 0.194444 -0.0491788
FixedParameters: 0 0 0

#Transform 102
Transform: AffineTransform_float_3_3
Parameters: 0.999998 -0.00110509 -0.00175301 0.00111764 0.999974 0.00719962 0.00174563 -0.00720138 0.999972 0.0418319 0.215014 -0.018677
FixedParameters: 0 0 0

#Transform 103
Transform: AffineTransform_float_3_3
Parameters: 0.999997 -0.000838153 -0.00197887 0.000853179 0.999969 0.00776204 0.00197238 -0.00776395 0.999968 0.0370543 0.208601 -0.0068962
FixedParameters: 0 0 0

#Transform 104
Transform: AffineTransform_float_3_3
Parameters: 0.999997 -0.00132115 -0.00177826 0.00133551 0.999969 0.00776121 0.00176757 -0.00776378 0.999968 0.0385915 0.219239 -0.0291908
FixedParameters: 0 0 0

#Transform 105
Transform: AffineTransform_float_3_3
Parameters: 0.999997 -0.00132165 -0.00177789 0.00133501 0.999971 0.00747921 0.00176795 -0.00748178 0.99997 0.0483338 0.215904 -0.0149609
FixedParameters: 0 0 0

#Transform 106
Transform: AffineTransform_float_3_3
Parameters: 0.999997 -0.00132125 -0.00177818 0.00133541 0.99997 0.00770321 0.00176765 -0.00770579 0.999969 0.0551818 0.208453 -0.0251337
FixedParameters: 0 0 0

#Transform 107
Transform: AffineTransform_float_3_3
Parameters: 0.999997 -0.00132201 -0.00177762 0.00133557 0.999973 0.00727821 0.00176782 -0.00728079 0.999972 0.0417596 0.21383 -0.0432427
FixedParameters: 0 0 0

#Transform 108
Transform: AffineTransform_float_3_3
Parameters: 0.999997 -0.00102597 -0.00190082 0.00104039 0.999971 0.00757876 0.00189232 -0.00758124 0.99997 0.0458362 0.208429 -0.0457402
FixedParameters: 0 0 0

#Transform 109
Transform: AffineTransform_float_3_3
Parameters: 0.999997 -0.000995751 -0.00191364 0.00101262 0.99996 0.00889581 0.00190412 -0.0088982 0.999959 0.0431298 0.234959 -0.0416825
FixedParameters: 0 0 0

#Transform 110
Transform: AffineTransform_float_3_3
Parameters: 0.999997 -0.00101298 -0.00192924 0.00103061 0.99996 0.0089206 0.00192028 -0.0089224 0.999958 0.0388194 0.236877 -0.0247353
FixedParameters: 0 0 0

#Transform 111
Transform: AffineTransform_float_3_3
Parameters: 0.999997 -0.00140937 -0.00199306 0.00142583 0.999965 0.00814711 0.00198106 -0.00814989 0.999965 0.0512796 0.219543 -0.054969
FixedParameters: 0 0 0

#Transform 112
Transform: AffineTransform_float_3_3
Parameters: 0.999998 -0.00135505 -0.00186424 0.00137074 0.999963 0.00850739 0.00185215 -0.00850961 0.999962 0.0246474 0.23259 -0.0388621
FixedParameters: 0 0 0

#Transform 113
Transform: AffineTransform_float_3_3
Parameters: 0.999996 -0.00137298 -0.00239175 0.00139419 0.999958 0.00902078 0.00237931 -0.00902522 0.999956 0.046076 0.227184 -0.037044
FixedParameters: 0 0 0

#Transform 114
Transform: AffineTransform_float_3_3
Parameters: 0.999996 -0.00132213 -0.00223829 0.00134133 0.999964 0.00836395 0.00222698 -0.00836704 0.999962 0.0551663 0.217935 -0.0525989
FixedParameters: 0 0 0

#Transform 115
Transform: AffineTransform_float_3_3
Parameters: 0.999997 -0.00135375 -0.00207495 0.00137268 0.999959 0.0088671 0.00206266 -0.00886989 0.999958 0.0462835 0.238833 -0.0389987
FixedParameters: 0 0 0

#Transform 116
Transform: AffineTransform_float_3_3
Parameters: 0.999997 -0.00130425 -0.00234878 0.00132575 0.999958 0.00905236 0.00233711 -0.00905565 0.999957 0.0554215 0.218442 -0.0462583
FixedParameters: 0 0 0

#Transform 117
Transform: AffineTransform_float_3_3
Parameters: 0.999997 -0.00145752 -0.00203218 0.00147551 0.999957 0.0091828 0.00201883 -0.00918519 0.999955 0.0696252 0.230089 -0.0597016
FixedParameters: 0 0 0

#Transform 118
Transform: AffineTransform_float_3_3
Parameters: 0.999997 -0.00143501 -0.00231646 0.00145679 0.999955 0.00935658 0.00230284 -0.00936041 0.999953 0.0626413 0.231815 -0.0228998
FixedParameters: 0 0 0

#Transform 119
Transform: AffineTransform_float_3_3
Parameters: 0.999996 -0.00130918 -0.00224841 0.00133111 0.999954 0.00946597 0.00223647 -0.00946903 0.999953 0.0813175 0.236824 -0.0414264
FixedParameters: 0 0 0

#Transform 120
Transform: AffineTransform_float_3_3
Parameters: 0.999996 -0.0011594 -0.00231901 0.00118166 0.999953 0.00961473 0.0023081 -0.00961727 0.999952 0.0474795 0.239557 -0.0268802
FixedParameters: 0 0 0

#Transform 121
Transform: AffineTransform_float_3_3
Parameters: 0.999997 -0.0012124 -0.00222158 0.00123544 0.999946 0.0103356 0.0022092 -0.0103374 0.999944 0.0486345 0.256893 0.00780557
FixedParameters: 0 0 0

#Transform 122
Transform: AffineTransform_float_3_3
Parameters: 0.999998 -0.00145727 -0.00145166 0.00146769 0.999973 0.00724694 0.00144146 -0.00724906 0.999973 0.00702376 0.225538 -0.0430582
FixedParameters: 0 0 0

#Transform 123
Transform: AffineTransform_float_3_3
Parameters: 0.999998 -0.0015402 -0.00165112 0.00155263 0.999973 0.00725987 0.00164005 -0.00726214 0.999973 0.0353699 0.205659 -0.0807969
FixedParameters: 0 0 0

#Transform 124
Transform: AffineTransform_float_3_3
Parameters: 0.999997 -0.00143914 -0.00186977 0.00145259 0.999972 0.00738408 0.00185874 -0.00738592 0.999971 0.0232938 0.224287 -0.0548553
FixedParameters: 0 0 0

#Transform 125
Transform: AffineTransform_float_3_3
Parameters: 0.999997 -0.00113419 -0.00212676 0.00115187 0.999965 0.00831629 0.0021174 -0.00831971 0.999963 0.0367186 0.227216 -0.0629253
FixedParameters: 0 0 0

#Transform 126
Transform: AffineTransform_float_3_3
Parameters: 0.999997 -0.00144144 -0.00199974 0.00145885 0.999958 0.00895503 0.00198696 -0.00895796 0.999958 0.0368598 0.235152 -0.0774906
FixedParameters: 0 0 0

#Transform 127
Transform: AffineTransform_float_3_3
Parameters: 0.999997 -0.00125052 -0.00207871 0.00126882 0.999961 0.00879247 0.00206752 -0.00879554 0.99996 0.0551306 0.243668 -0.0359857
FixedParameters: 0 0 0

#Transform 128
Transform: AffineTransform_float_3_3
Parameters: 0.999997 -0.00164724 -0.00191383 0.00166254 0.999965 0.00811677 0.00190122 -0.00812023 0.999966 0.0807581 0.207745 -0.065157
FixedParameters: 0 0 0

#Transform 129
Transform: AffineTransform_float_3_3
Parameters: 0.999995 -0.00181243 -0.00231192 0.001831 0.999965 0.00811293 0.00229686 -0.00811706 0.999965 0.0815874 0.201602 -0.0695247
FixedParameters: 0 0 0

#Transform 130
Transform: AffineTransform_float_3_3
Parameters: 0.999995 -0.00181214 -0.00231214 0.00183129 0.999964 0.00823693 0.00229663 -0.00824106 0.999963 0.0968407 0.212451 -0.0674051
FixedParameters: 0 0 0

#Transform 131
Transform: AffineTransform_float_3_3
Parameters: 0.999996 -0.0017656 -0.00220052 0.00178327 0.999964 0.00831888 0.0021855 -0.00832312 0.999963 0.0795594 0.219093 -0.0696853
FixedParameters: 0 0 0

#Transform 132
Transform: AffineTransform_float_3_3
Parameters: 0.999995 -0.00181071 -0.00231326 0.00183127 0.999959 0.00885593 0.00229721 -0.00886006 0.999958 0.0919298 0.219234 -0.0354226
FixedParameters: 0 0 0

#Transform 133
Transform: AffineTransform_float_3_3
Parameters: 0.999996 -0.00151446 -0.00243586 0.0015363 0.999961 0.00872058 0.00242231 -0.00872442 0.999959 0.0847606 0.199162 -0.0639822
FixedParameters: 0 0 0

#Transform 134
Transform: AffineTransform_float_3_3
Parameters: 0.999995 -0.00150816 -0.00249632 0.00153247 0.999952 0.00974451 0.00248131 -0.0097485 0.99995 0.0813105 0.225785 -0.0249345
FixedParameters: 0 0 0

#Transform 135
Transform: AffineTransform_float_3_3
Parameters: 0.999995 -0.00180869 -0.00231484 0.00183053 0.999952 0.00973043 0.00229681 -0.00973457 0.999949 0.104962 0.224075 -0.0481833
FixedParameters: 0 0 0

#Transform 136
Transform: AffineTransform_float_3_3
Parameters: 0.999995 -0.00180859 -0.00231492 0.00183103 0.99995 0.00977294 0.00229765 -0.00977707 0.99995 0.10075 0.235178 -0.0461618
FixedParameters: 0 0 0

#Transform 137
Transform: AffineTransform_float_3_3
Parameters: 0.999995 -0.00180819 -0.00231523 0.00183142 0.999949 0.00994442 0.00229733 -0.00994857 0.999947 0.0933027 0.214494 -0.0315639
FixedParameters: 0 0 0

#Transform 138
Transform: AffineTransform_float_3_3
Parameters: 0.999995 -0.00180685 -0.00231628 0.00183092 0.999943 0.0105236 0.00229707 -0.0105284 0.999942 0.102405 0.225607 -0.0368585
FixedParameters: 0 0 0

#Transform 139
Transform: AffineTransform_float_3_3
Parameters: 0.999996 -0.0017872 -0.00226808 0.00181086 0.999944 0.0104531 0.00224915 -0.0104569 0.999943 0.0891171 0.228357 -0.0369973
FixedParameters: 0 0 0

#Transform 140
Transform: AffineTransform_float_3_3
Parameters: 0.999996 -0.00168106 -0.00222134 0.001705 0.999938 0.0109425 0.00220337 -0.0109465 0.999938 0.080807 0.231659 -0.00530726
FixedParameters: 0 0 0

#Transform 141
Transform: AffineTransform_float_3_3
Parameters: 0.999995 -0.00188283 -0.00250257 0.00190926 0.99994 0.0107666 0.002482 -0.0107704 0.999939 0.102182 0.226295 -0.0358516
FixedParameters: 0 0 0

#Transform 142
Transform: AffineTransform_float_3_3
Parameters: 0.999997 -0.00143713 -0.00208085 0.0014609 0.999934 0.0113839 0.00206432 -0.0113871 0.999933 0.074072 0.256906 -0.00982078
FixedParameters: 0 0 0

#Transform 143
Transform: AffineTransform_float_3_3
Parameters: 0.999995 -0.00180704 -0.00231613 0.00183073 0.999944 0.0104418 0.00229722 -0.0104452 0.999943 0.0948246 0.230176 -0.0105172
FixedParameters: 0 0 0

#Transform 144
Transform: AffineTransform_float_3_3
Parameters: 0.999996 -0.00142792 -0.00236821 0.0014563 0.999927 0.0120345 0.00235099 -0.0120385 0.999925 0.0681429 0.255146 -0.00973465
FixedParameters: 0 0 0

#Transform 145
Transform: AffineTransform_float_3_3
Parameters: 0.999995 -0.00151408 -0.00275401 0.00154473 0.999939 0.0109941 0.00273734 -0.0109989 0.999936 0.0589109 0.225714 -0.0159852
FixedParameters: 0 0 0

#Transform 146
Transform: AffineTransform_float_3_3
Parameters: 0.999997 -0.00120598 -0.00244616 0.00123322 0.999936 0.011271 0.00243261 -0.0112741 0.999933 0.0563006 0.243122 -0.0307951
FixedParameters: 0 0 0

#Transform 147
Transform: AffineTransform_float_3_3
Parameters: 0.999997 -0.00104408 -0.00225 0.00106952 0.999935 0.0113227 0.00223792 -0.0113253 0.999933 0.0353002 0.252386 -0.0402713
FixedParameters: 0 0 0

#Transform 148
Transform: AffineTransform_float_3_3
Parameters: 0.999997 -0.000907921 -0.00230593 0.000937426 0.99992 0.012614 0.00229477 -0.0126161 0.999918 0.0183331 0.269806 -0.00424293
FixedParameters: 0 0 0

#Transform 149
Transform: AffineTransform_float_3_3
Parameters: 0.999997 -0.000713855 -0.00238546 0.000743702 0.999921 0.0125045 0.00237658 -0.0125065 0.999919 0.0240575 0.278553 -0.0311746
FixedParameters: 0 0 0

#Transform 150
Transform: AffineTransform_float_3_3
Parameters: 0.999997 -0.000927314 -0.00229799 0.000955774 0.99992 0.0126309 0.0022867 -0.0126331 0.999918 0.020405 0.292355 -0.0130232
FixedParameters: 0 0 0

#Transform 151
Transform: AffineTransform_float_3_3
Parameters: 0.999997 -0.000953537 -0.00252719 0.000983494 0.999926 0.01212 0.00251477 -0.012122 0.999923 0.0330446 0.279123 -0.00331021
FixedParameters: 0 0 0

#Transform 152
Transform: AffineTransform_float_3_3
Parameters: 0.999997 -0.00109948 -0.0025052 0.00113171 0.999919 0.0127167 0.00249011 -0.0127194 0.999916 0.0147618 0.284822 -0.0122289
FixedParameters: 0 0 0

#Transform 153
Transform: AffineTransform_float_3_3
Parameters: 0.999996 -0.000954604 -0.00268013 0.000988464 0.999916 0.012844 0.00266779 -0.012847 0.999914 0.0244282 0.28393 -0.0251263
FixedParameters: 0 0 0

#Transform 154
Transform: AffineTransform_float_3_3
Parameters: 0.999997 -0.000762289 -0.00250924 0.000794604 0.999916 0.0129323 0.00249962 -0.0129347 0.999913 0.0438128 0.28157 -0.0389515
FixedParameters: 0 0 0

#Transform 155
Transform: AffineTransform_float_3_3
Parameters: 0.999996 -0.00114298 -0.00260838 0.00117521 0.999924 0.0123094 0.00259443 -0.0123126 0.999921 0.0524167 0.271848 -0.00437637
FixedParameters: 0 0 0

#Transform 156
Transform: AffineTransform_float_3_3
Parameters: 0.999996 -0.00115354 -0.00263322 0.00118575 0.999925 0.0121884 0.0026193 -0.0121916 0.999922 0.0529458 0.280087 -0.0368759
FixedParameters: 0 0 0

#Transform 157
Transform: AffineTransform_float_3_3
Parameters: 0.999996 -0.00111481 -0.00254432 0.00114776 0.999916 0.0129446 0.00253001 -0.0129474 0.999913 0.0441085 0.28097 -0.0258316
FixedParameters: 0 0 0

#Transform 158
Transform: AffineTransform_float_3_3
Parameters: 0.999996 -0.00106675 -0.00267202 0.00110289 0.999907 0.0135895 0.00265685 -0.0135924 0.999904 0.0499286 0.298322 -0.00173836
FixedParameters: 0 0 0

#Transform 159
Transform: AffineTransform_float_3_3
Parameters: 0.999996 -0.000790824 -0.00270712 0.000826149 0.999913 0.0131274 0.00269666 -0.0131296 0.99991 0.0274528 0.284509 -0.033154
FixedParameters: 0 0 0

#Transform 160
Transform: AffineTransform_float_3_3
Parameters: 0.999995 -0.00103746 -0.00277253 0.00107568 0.999902 0.0139667 0.0027585 -0.0139703 0.999899 0.036416 0.309718 0.0140497
FixedParameters: 0 0 0

#Transform 161
Transform: AffineTransform_float_3_3
Parameters: 0.999995 -0.0009854 -0.00283066 0.00102228 0.999915 0.0130216 0.00281791 -0.0130244 0.999911 0.0267832 0.287692 -0.0302315
FixedParameters: 0 0 0

#Transform 162
Transform: AffineTransform_float_3_3
Parameters: 0.999994 -0.00100129 -0.00314173 0.00104297 0.99991 0.0133561 0.00312793 -0.0133589 0.999906 0.0285862 0.30733 -0.016308
FixedParameters: 0 0 0

#Transform 163
Transform: AffineTransform_float_3_3
Parameters: 0.999996 -0.000946719 -0.00290469 0.000986388 0.999907 0.013625 0.00289069 -0.013627 0.999903 0.0395972 0.300948 -0.028269
FixedParameters: 0 0 0

#Transform 164
Transform: AffineTransform_float_3_3
Parameters: 0.999996 -0.000912851 -0.00293571 0.000953603 0.999902 0.0139769 0.00292273 -0.0139801 0.999898 0.0234833 0.312549 -0.0309131
FixedParameters: 0 0 0

#Transform 165
Transform: AffineTransform_float_3_3
Parameters: 0.999994 -0.000672167 -0.0031991 0.000717244 0.9999 0.0140899 0.00318882 -0.0140921 0.999895 0.0327402 0.312974 -0.0100432
FixedParameters: 0 0 0

#Transform 166
Transform: AffineTransform_float_3_3
Parameters: 0.999995 -0.00074831 -0.00288653 0.000786264 0.999913 0.0132214 0.00287595 -0.0132236 0.999909 0.0299546 0.311448 -0.0270879
FixedParameters: 0 0 0

#Transform 167
Transform: AffineTransform_float_3_3
Parameters: 0.999995 -0.000714057 -0.00314396 0.000759781 0.999894 0.0145258 0.00313316 -0.0145282 0.99989 -0.0117646 0.326535 0.0146123
FixedParameters: 0 0 0

#Transform 168
Transform: AffineTransform_float_3_3
Parameters: 0.999995 -0.00061578 -0.00293539 0.000659915 0.999887 0.0149709 0.00292611 -0.0149731 0.999883 0.00441454 0.335854 0.0200972
FixedParameters: 0 0 0

#Transform 169
Transform: AffineTransform_float_3_3
Parameters: 0.999996 -0.000485646 -0.00303865 0.000528808 0.9999 0.0141214 0.00303152 -0.0141236 0.999896 -0.0403782 0.319142 0.0123035
FixedParameters: 0 0 0

#Transform 170
Transform: AffineTransform_float_3_3
Parameters: 0.999994 -0.000488515 -0.00349321 0.00054196 0.999882 0.0153008 0.00348487 -0.0153022 0.999877 -0.028253 0.34514 0.018464
FixedParameters: 0 0 0

#Transform 171
Transform: AffineTransform_float_3_3
Parameters: 0.999995 -0.00051769 -0.00332465 0.000565562 0.999899 0.0142285 0.00331708 -0.0142306 0.999894 -0.0436863 0.339909 0.00302995
FixedParameters: 0 0 0

#Transform 172
Transform: AffineTransform_float_3_3
Parameters: 0.999994 -0.000762164 -0.00331563 0.000809498 0.999898 0.0142947 0.00330455 -0.0142963 0.999892 -0.0171439 0.327737 0.0122017
FixedParameters: 0 0 0

#Transform 173
Transform: AffineTransform_float_3_3
Parameters: 0.999994 -0.000610223 -0.00318944 0.000657543 0.999893 0.0146261 0.00318058 -0.0146279 0.999888 -0.00499214 0.31966 0.0195838
FixedParameters: 0 0 0

#Transform 174
Transform: AffineTransform_float_3_3
Parameters: 0.999993 -0.000770696 -0.00348897 0.000821956 0.999891 0.0147317 0.00347754 -0.0147343 0.999886 -0.0322312 0.337634 0.0157284
FixedParameters: 0 0 0

#Transform 175
Transform: AffineTransform_float_3_3
Parameters: 0.999995 -0.000448472 -0.00330367 0.000497571 0.999888 0.0149017 0.00329636 -0.0149033 0.999883 -0.0240057 0.335546 0.0321299
FixedParameters: 0 0 0

#Transform 176
Transform: AffineTransform_float_3_3
Parameters: 0.999994 -0.00041348 -0.00323589 0.00046212 0.99989 0.0148575 0.00322889 -0.0148595 0.999884 -0.0291722 0.349703 0.0165986
FixedParameters: 0 0 0

#Transform 177
Transform: AffineTransform_float_3_3
Parameters: 0.999994 -0.000463499 -0.0036418 0.000518412 0.999887 0.0150568 0.00363392 -0.0150582 0.99988 -0.0363748 0.343177 0.0307067
FixedParameters: 0 0 0

#Transform 178
Transform: AffineTransform_float_3_3
Parameters: 0.999993 -0.000576115 -0.0035366 0.000630022 0.999886 0.0150685 0.0035277 -0.0150705 0.999881 -0.000788133 0.331054 -0.00170929
FixedParameters: 0 0 0

#Transform 179
Transform: AffineTransform_float_3_3
Parameters: 0.99999 -0.000605103 -0.00438896 0.000665508 0.999905 0.0137472 0.00438073 -0.0137498 0.999896 0.0301235 0.30007 -0.0846265
FixedParameters: 0 0 0
