#Insight Transform File V1.0
#Transform 0
Transform: AffineTransform_float_3_3
Parameters: 1 -0.00011343 0.000523888 0.000114082 1 0.00025606 -0.000524337 -0.00025594 1 0.0923984 -0.204799 -0.286312
FixedParameters: 0 0 0

#Transform 1
Transform: AffineTransform_float_3_3
Parameters: 0.999999 0.000807176 -0.000383873 -0.000807539 0.999999 3.63102e-05 0.000383011 -3.5691e-05 1 0.00404584 0.0519585 -0.0214192
FixedParameters: 0 0 0

#Transform 2
Transform: AffineTransform_float_3_3
Parameters: 0.999999 0.000800149 -0.000400431 -0.000800109 0.999999 5.03206e-05 0.000400511 -4.96797e-05 1 -0.00871927 0.0993764 -0.0413251
FixedParameters: 0 0 0

#Transform 3
Transform: AffineTransform_float_3_3
Parameters: 1 0.000534686 -0.000217073 -0.000534609 1 0.000177116 0.000217262 -0.000176884 1 -0.0198428 0.102951 -0.0414551
FixedParameters: 0 0 0

#Transform 4
Transform: AffineTransform_float_3_3
Parameters: 1 0.00105718 -0.000434732 -0.00105725 1 -8.68999e-05 0.000434548 8.70996e-05 1 0.0165194 0.116684 -0.050329
FixedParameters: 0 0 0

#Transform 5
Transform: AffineTransform_float_3_3
Parameters: 1 0.000502517 -7.5297e-05 -0.000502505 1 7.70379e-05 7.53744e-05 -7.69622e-05 1 -0.0185257 0.105888 -0.0439958
FixedParameters: 0 0 0

#Transform 6
Transform: AffineTransform_float_3_3
Parameters: 0.999999 0.000729669 -0.000118668 -0.000729712 0.999999 -0.000180913 0.000118404 0.000181086 1 0.0187489 0.133411 -0.0648703
FixedParameters: 0 0 0

#Transform 7
Transform: AffineTransform_float_3_3
Parameters: 1 0.000462236 0.000111134 -0.000463104 1 -0.000236051 -0.000110962 0.000235949 1 0.00180355 0.130198 -0.0636045
FixedParameters: 0 0 0

#Transform 8
Transform: AffineTransform_float_3_3
Parameters: 0.999999 0.000743356 -8.64071e-05 -0.000743377 1 -0.000119088 8.62294e-05 0.000119911 1 0.0160629 0.118522 -0.051678
FixedParameters: 0 0 0

#Transform 9
Transform: AffineTransform_float_3_3
Parameters: 0.999999 0.000690339 0.00117772 -0.000689018 0.999999 -0.000951604 -0.00117864 0.000951393 0.999998 -0.0593009 0.10436 0.0426768
FixedParameters: 0 0 0

#Transform 10
Transform: AffineTransform_float_3_3
Parameters: 0.999998 0.000605219 0.00213421 -0.000604822 1 -9.35716e-05 -0.00213432 9.24278e-05 0.999997 -0.0265828 0.102862 0.00662095
FixedParameters: 0 0 0

#Transform 11
Transform: AffineTransform_float_3_3
Parameters: 0.999999 0.000371052 0.00139908 -0.000372297 0.999999 0.000773839 -0.00139889 -0.00077416 0.999998 -0.00527991 0.108654 -0.0544176
FixedParameters: 0 0 0

#Transform 12
Transform: AffineTransform_float_3_3
Parameters: 0.999998 0.000198049 0.00168871 -0.000198215 1 0.000321178 -0.00168897 -0.000321822 0.999998 -0.00784069 0.100948 -0.0648039
FixedParameters: 0 0 0

#Transform 13
Transform: AffineTransform_float_3_3
Parameters: 0.999999 0.000764885 0.000605566 -0.000764718 1 0.000622744 -0.000605005 -0.000622256 1 0.0163944 0.104784 -0.0539182
FixedParameters: 0 0 0

#Transform 14
Transform: AffineTransform_float_3_3
Parameters: 0.999999 0.000544455 0.000696652 -0.000544505 1 3.54681e-05 -0.000696614 -3.5532e-05 0.999999 -0.00282657 0.110141 -0.0509707
FixedParameters: 0 0 0

#Transform 15
Transform: AffineTransform_float_3_3
Parameters: 1 0.000716318 0.000782436 -0.000716863 1 0.000348647 -0.000781937 -0.000348354 1 0.00322894 0.10997 -0.0582153
FixedParameters: 0 0 0

#Transform 16
Transform: AffineTransform_float_3_3
Parameters: 0.999999 0.000288672 0.00119957 -0.000288644 1 -1.19866e-05 -0.00119958 1.20134e-05 0.999999 0.0165267 0.128281 -0.0890345
FixedParameters: 0 0 0

#Transform 17
Transform: AffineTransform_float_3_3
Parameters: 0.999999 0.000342674 0.000676923 -0.000342785 1 8.1768e-05 -0.000676866 -8.2232e-05 1 0.0604667 0.151186 -0.08575
FixedParameters: 0 0 0

#Transform 18
Transform: AffineTransform_float_3_3
Parameters: 0.999999 0.000301645 0.00148848 -0.000301504 1 -4.79365e-05 -0.00148851 4.70634e-05 0.999999 0.0356832 0.125937 -0.0643101
FixedParameters: 0 0 0

#Transform 19
Transform: AffineTransform_float_3_3
Parameters: 0.999999 0.000543465 0.000617808 -0.000543678 1 0.000172664 -0.00061762 -0.000173336 1 0.0315298 0.111948 -0.0459654
FixedParameters: 0 0 0

#Transform 20
Transform: AffineTransform_float_3_3
Parameters: 0.999999 0.000220429 0.00150006 -0.00022087 1 0.000147028 -0.0015 -0.000146971 0.999999 0.0335862 0.125131 -0.0968207
FixedParameters: 0 0 0

#Transform 21
Transform: AffineTransform_float_3_3
Parameters: 0.999998 0.000184862 0.00158985 -0.000186089 0.999999 0.000675217 -0.00158999 -0.000675782 0.999998 0.0134056 0.102966 -0.0550635
FixedParameters: 0 0 0

#Transform 22
Transform: AffineTransform_float_3_3
Parameters: 0.999999 0.00015959 0.00175681 -0.000161883 1 0.00091423 -0.00175691 -0.00091477 0.999998 0.00281466 0.093653 -0.0524439
FixedParameters: 0 0 0

#Transform 23
Transform: AffineTransform_float_3_3
Parameters: 0.999999 0.00016996 0.0015539 -0.000170516 1 0.000475095 -0.00155413 -0.000474905 0.999998 0.0501076 0.138412 -0.0967271
FixedParameters: 0 0 0

#Transform 24
Transform: AffineTransform_float_3_3
Parameters: 0.999999 9.15311e-05 0.0013679 -9.20086e-05 1 0.000174387 -0.00136787 -0.000174613 0.999999 0.0279431 0.128765 -0.0780085
FixedParameters: 0 0 0

#Transform 25
Transform: AffineTransform_float_3_3
Parameters: 0.999999 0.000429302 0.00115614 -0.000430363 1 0.000458863 -0.00115575 -0.000459137 0.999999 0.0100426 0.127717 -0.053197
FixedParameters: 0 0 0

#Transform 26
Transform: AffineTransform_float_3_3
Parameters: 0.999999 0.00032037 0.0012349 -0.000320647 1 0.000484964 -0.00123498 -0.000485036 0.999999 0.025037 0.137476 -0.0638449
FixedParameters: 0 0 0

#Transform 27
Transform: AffineTransform_float_3_3
Parameters: 0.999999 0.000122226 0.00144159 -0.00012291 0.999999 0.000556336 -0.00144185 -0.000556664 0.999999 0.00683736 0.125983 -0.0552109
FixedParameters: 0 0 0

#Transform 28
Transform: AffineTransform_float_3_3
Parameters: 0.999999 0.000452516 0.000938834 -0.000453036 1 0.000276935 -0.000938583 -0.000277065 1 0.0336594 0.142217 -0.0523095
FixedParameters: 0 0 0

#Transform 29
Transform: AffineTransform_float_3_3
Parameters: 1 0.000244225 0.000998738 -0.000245194 0.999999 0.00140712 -0.000998831 -0.00140689 0.999999 0.014587 0.108891 -0.0177034
FixedParameters: 0 0 0

#Transform 30
Transform: AffineTransform_float_3_3
Parameters: 0.999999 0.000432934 0.00130873 -0.000434601 0.999999 0.00133995 -0.00130835 -0.00134106 0.999999 -0.00437622 0.105602 -0.0230968
FixedParameters: 0 0 0

#Transform 31
Transform: AffineTransform_float_3_3
Parameters: 1 0.000712753 0.000976467 -0.000714617 0.999999 0.0012253 -0.000976028 -0.0012267 0.999999 0.0382077 0.105278 0.00621158
FixedParameters: 0 0 0

#Transform 32
Transform: AffineTransform_float_3_3
Parameters: 1 0.000270051 0.00103785 -0.000270963 0.999999 0.000883079 -0.00103776 -0.000882921 0.999999 -0.00943464 0.133777 -0.066027
FixedParameters: 0 0 0

#Transform 33
Transform: AffineTransform_float_3_3
Parameters: 0.999999 9.45731e-05 0.000721175 -9.51558e-05 1 0.00104193 -0.000721368 -0.00104207 0.999999 0.0483568 0.126173 -0.0606029
FixedParameters: 0 0 0

#Transform 34
Transform: AffineTransform_float_3_3
Parameters: 0.999999 0.000238731 0.00139972 -0.00023924 0.999999 0.000839178 -0.0014001 -0.000839822 0.999999 -0.0237457 0.117833 -0.0736532
FixedParameters: 0 0 0

#Transform 35
Transform: AffineTransform_float_3_3
Parameters: 0.999999 0.000317914 0.000940482 -0.000318579 0.999999 0.00084306 -0.000940336 -0.00084294 0.999999 0.0244051 0.117606 -0.114075
FixedParameters: 0 0 0

#Transform 36
Transform: AffineTransform_float_3_3
Parameters: 0.999999 0.000321943 0.000952804 -0.000323787 0.999998 0.00193369 -0.000952337 -0.00193431 0.999997 -0.0233081 0.0945651 -0.0965109
FixedParameters: 0 0 0

#Transform 37
Transform: AffineTransform_float_3_3
Parameters: 0.999999 0.000238643 0.000755676 -0.000240774 0.999998 0.00201982 -0.000755098 -0.00202018 0.999997 0.0137365 0.103726 -0.141123
FixedParameters: 0 0 0

#Transform 38
Transform: AffineTransform_float_3_3
Parameters: 1 0.000163814 0.000543011 -0.000164629 0.999997 0.00244491 -0.000542989 -0.00244509 0.999997 -0.00941513 0.0876748 -0.144352
FixedParameters: 0 0 0

#Transform 39
Transform: AffineTransform_float_3_3
Parameters: 0.999999 0.000627993 0.000667282 -0.000628723 0.999998 0.00192843 -0.00066564 -0.00192857 0.999997 0.016664 0.103775 -0.164938
FixedParameters: 0 0 0

#Transform 40
Transform: AffineTransform_float_3_3
Parameters: 0.999999 0.000505075 0.000715964 -0.000506676 0.999997 0.002132 -0.000715509 -0.002132 0.999998 0.0321873 0.0911185 -0.122827
FixedParameters: 0 0 0

#Transform 41
Transform: AffineTransform_float_3_3
Parameters: 0.999999 0.000112172 0.000845796 -0.000114904 0.999997 0.0027029 -0.000845964 -0.0027031 0.999996 0.00859913 0.0754017 -0.172763
FixedParameters: 0 0 0

#Transform 42
Transform: AffineTransform_float_3_3
Parameters: 0.999999 0.000323657 0.00147535 -0.000325934 0.999999 0.00170704 -0.00147541 -0.00170797 0.999998 0.0130583 0.108187 -0.200418
FixedParameters: 0 0 0

#Transform 43
Transform: AffineTransform_float_3_3
Parameters: 1 0.000202955 0.00119177 -0.000205555 0.999997 0.00241412 -0.00119104 -0.00241388 0.999997 -0.0157279 0.0870261 -0.170506
FixedParameters: 0 0 0

#Transform 44
Transform: AffineTransform_float_3_3
Parameters: 0.999998 0.000374894 0.00160001 -0.000378356 0.999997 0.00251976 -0.00160006 -0.00252024 0.999995 -0.0345147 0.0877734 -0.173621
FixedParameters: 0 0 0

#Transform 45
Transform: AffineTransform_float_3_3
Parameters: 0.999999 0.000423628 0.00171515 -0.000426913 0.999997 0.00241363 -0.00171413 -0.00241437 0.999995 0.00227412 0.0962372 -0.150045
FixedParameters: 0 0 0

#Transform 46
Transform: AffineTransform_float_3_3
Parameters: 0.999999 0.000386714 0.00182298 -0.000391252 0.999997 0.0023618 -0.00182178 -0.0023632 0.999995 -0.0212593 0.0932806 -0.125712
FixedParameters: 0 0 0

#Transform 47
Transform: AffineTransform_float_3_3
Parameters: 0.999998 0.000347642 0.00208456 -0.000352878 0.999997 0.00267414 -0.00208411 -0.00267486 0.999995 -0.042593 0.0802036 -0.140828
FixedParameters: 0 0 0

#Transform 48
Transform: AffineTransform_float_3_3
Parameters: 0.999997 0.000211779 0.00240046 -0.000216847 0.999998 0.00217736 -0.00239964 -0.00217764 0.999995 0.013213 0.10695 -0.146417
FixedParameters: 0 0 0

#Transform 49
Transform: AffineTransform_float_3_3
Parameters: 0.999997 0.000215094 0.00240686 -0.000220314 0.999998 0.00193035 -0.00240666 -0.00193065 0.999995 -0.0319318 0.0920154 -0.0909902
FixedParameters: 0 0 0

#Transform 50
Transform: AffineTransform_float_3_3
Parameters: 0.999997 5.30875e-05 0.00271825 -5.89813e-05 0.999998 0.00207402 -0.00271813 -0.00207497 0.999994 -0.00291734 0.110282 -0.14453
FixedParameters: 0 0 0

#Transform 51
Transform: AffineTransform_float_3_3
Parameters: 0.999997 -0.000156892 0.00271459 0.000150935 0.999998 0.00208859 -0.00271534 -0.0020884 0.999994 0.00468163 0.100131 -0.132683
FixedParameters: 0 0 0

#Transform 52
Transform: AffineTransform_float_3_3
Parameters: 0.999996 8.6149e-05 0.00286846 -9.46067e-05 0.999996 0.00280212 -0.00286792 -0.00280187 0.999991 0.00103239 0.0924705 -0.0937939
FixedParameters: 0 0 0

#Transform 53
Transform: AffineTransform_float_3_3
Parameters: 0.999998 -8.87284e-05 0.00227176 8.32762e-05 0.999997 0.00258722 -0.00227271 -0.00258678 0.999995 0.0332392 0.0994925 -0.0877168
FixedParameters: 0 0 0

#Transform 54
Transform: AffineTransform_float_3_3
Parameters: 0.999997 -0.000164068 0.00236591 0.000157229 0.999995 0.0030544 -0.00236687 -0.00305359 0.999992 0.0268524 0.0918181 -0.0772743
FixedParameters: 0 0 0

#Transform 55
Transform: AffineTransform_float_3_3
Parameters: 0.999998 -0.000357114 0.00224097 0.000352777 0.999997 0.00225561 -0.00224176 -0.00225539 0.999995 0.0218101 0.0928928 -0.0537522
FixedParameters: 0 0 0

#Transform 56
Transform: AffineTransform_float_3_3
Parameters: 0.999998 -0.000366683 0.00221625 0.000363386 0.999998 0.00183947 -0.00221639 -0.00183853 0.999995 0.096508 0.0985963 -0.0648583
FixedParameters: 0 0 0

#Transform 57
Transform: AffineTransform_float_3_3
Parameters: 0.999998 -0.000344474 0.00227135 0.000339626 0.999997 0.0023388 -0.00227214 -0.0023372 0.999995 0.0733938 0.116138 -0.0627881
FixedParameters: 0 0 0

#Transform 58
Transform: AffineTransform_float_3_3
Parameters: 0.999997 -0.00018743 0.00264271 0.000181743 0.999997 0.00216866 -0.0026427 -0.00216833 0.999994 0.0279308 0.0966176 -0.0693627
FixedParameters: 0 0 0

#Transform 59
Transform: AffineTransform_float_3_3
Parameters: 0.999997 -0.000259857 0.00246868 0.000255698 0.999998 0.00174666 -0.00246931 -0.00174534 0.999995 0.0137191 0.114671 -0.0814959
FixedParameters: 0 0 0

#Transform 60
Transform: AffineTransform_float_3_3
Parameters: 0.999997 -0.000439042 0.00248792 0.000432886 0.999997 0.00247675 -0.00248835 -0.00247525 0.999993 0.0177414 0.0942881 -0.113821
FixedParameters: 0 0 0

#Transform 61
Transform: AffineTransform_float_3_3
Parameters: 0.999997 -0.000153405 0.00273098 0.000144818 0.999994 0.00337494 -0.00273182 -0.00337406 0.999991 0.000520022 0.0700767 -0.0570667
FixedParameters: 0 0 0

#Transform 62
Transform: AffineTransform_float_3_3
Parameters: 0.999996 -0.000212737 0.00303721 0.000201194 0.999993 0.00388796 -0.00303852 -0.00388804 0.999988 0.0168984 0.0858742 -0.0580903
FixedParameters: 0 0 0

#Transform 63
Transform: AffineTransform_float_3_3
Parameters: 0.999994 -0.000131258 0.00330345 0.000118672 0.999992 0.00387246 -0.0033045 -0.00387154 0.999987 0.0218744 0.0861378 -0.0587523
FixedParameters: 0 0 0

#Transform 64
Transform: AffineTransform_float_3_3
Parameters: 0.999996 -0.000128537 0.00279902 0.00011501 0.999989 0.00473752 -0.00280026 -0.00473748 0.999984 0.0135315 0.0744939 -0.0261227
FixedParameters: 0 0 0

#Transform 65
Transform: AffineTransform_float_3_3
Parameters: 0.999994 -0.00052792 0.00321399 0.000514756 0.999992 0.00390516 -0.00321553 -0.00390384 0.999987 0.0465469 0.108883 -0.0352893
FixedParameters: 0 0 0

#Transform 66
Transform: AffineTransform_float_3_3
Parameters: 0.999996 -0.000106716 0.00284977 9.38493e-05 0.99999 0.00453782 -0.00285077 -0.00453718 0.999986 0.0304179 0.0728288 -0.0652846
FixedParameters: 0 0 0

#Transform 67
Transform: AffineTransform_float_3_3
Parameters: 0.999995 -0.000150082 0.00319338 0.00013362 0.999986 0.0051675 -0.00319426 -0.0051665 0.999982 0.00760962 0.0588197 -0.0253147
FixedParameters: 0 0 0

#Transform 68
Transform: AffineTransform_float_3_3
Parameters: 0.999997 -0.000276217 0.00244492 0.000265967 0.99999 0.00445748 -0.00244572 -0.00445752 0.999987 0.0331516 0.0632604 -0.10973
FixedParameters: 0 0 0

#Transform 69
Transform: AffineTransform_float_3_3
Parameters: 0.999994 -0.000321498 0.00338808 0.000307318 0.999991 0.00426227 -0.0033894 -0.00426073 0.999986 -0.0160392 0.0841757 -0.0626356
FixedParameters: 0 0 0

#Transform 70
Transform: AffineTransform_float_3_3
Parameters: 0.999993 -0.000344418 0.00358551 0.000327396 0.999989 0.0047342 -0.00358718 -0.0047338 0.999982 0.0387195 0.0605407 -0.0862337
FixedParameters: 0 0 0

#Transform 71
Transform: AffineTransform_float_3_3
Parameters: 0.999993 -0.00138864 0.00367646 0.00137868 0.999995 0.00272867 -0.00368068 -0.00272333 0.99999 -0.00604334 0.0793983 -0.098558
FixedParameters: 0 0 0

#Transform 72
Transform: AffineTransform_float_3_3
Parameters: 0.999993 -0.00243542 0.00305686 0.00241818 0.999982 0.00546707 -0.00307071 -0.00545994 0.999981 0.0350687 0.0659878 -0.0761558
FixedParameters: 0 0 0

#Transform 73
Transform: AffineTransform_float_3_3
Parameters: 0.999988 -0.00207736 0.0043089 0.00206297 0.999992 0.00343625 -0.00431544 -0.00342675 0.999985 0.00491767 0.09607 -0.127531
FixedParameters: 0 0 0

#Transform 74
Transform: AffineTransform_float_3_3
Parameters: 0.999981 -0.0016373 0.00584115 0.00162116 0.999996 0.00263171 -0.00584611 -0.00262229 0.99998 0.0189327 0.103352 -0.209147
FixedParameters: 0 0 0

#Transform 75
Transform: AffineTransform_float_3_3
Parameters: 0.999983 -0.00206334 0.00549445 0.00204765 0.999994 0.00286325 -0.00549984 -0.00285174 0.999981 0.0888637 0.115904 -0.236433
FixedParameters: 0 0 0

#Transform 76
Transform: AffineTransform_float_3_3
Parameters: 0.999983 -0.00183062 0.00542831 0.00181286 0.999993 0.00329421 -0.0054338 -0.00328479 0.99998 0.0600337 0.104841 -0.176927
FixedParameters: 0 0 0

#Transform 77
Transform: AffineTransform_float_3_3
Parameters: 0.99998 -0.00183144 0.00604311 0.00181512 0.999995 0.00270015 -0.00604789 -0.00268984 0.999978 0.105597 0.131169 -0.23509
FixedParameters: 0 0 0

#Transform 78
Transform: AffineTransform_float_3_3
Parameters: 0.999982 -0.00178305 0.00585775 0.00176387 0.999993 0.00321937 -0.00586397 -0.00320962 0.999978 0.0850724 0.097522 -0.222468
FixedParameters: 0 0 0

#Transform 79
Transform: AffineTransform_float_3_3
Parameters: 0.99998 -0.00187959 0.00592723 0.00186411 0.999995 0.00257108 -0.00593232 -0.00255992 0.999979 0.0695355 0.115883 -0.234225
FixedParameters: 0 0 0

#Transform 80
Transform: AffineTransform_float_3_3
Parameters: 0.999979 -0.00175964 0.00621115 0.00174337 0.999995 0.00251873 -0.00621544 -0.00250726 0.999978 0.110818 0.131111 -0.262074
FixedParameters: 0 0 0

#Transform 81
Transform: AffineTransform_float_3_3
Parameters: 0.999975 -0.0019388 0.00681975 0.00192939 0.999998 0.00134065 -0.00682213 -0.00132734 0.999976 0.0253701 0.131364 -0.21544
FixedParameters: 0 0 0

#Transform 82
Transform: AffineTransform_float_3_3
Parameters: 0.999976 -0.00219872 0.00645864 0.0022036 0.999998 -0.000675554 -0.00645723 0.000689445 0.999979 0.0339079 0.17057 -0.297557
FixedParameters: 0 0 0

#Transform 83
Transform: AffineTransform_float_3_3
Parameters: 0.999985 -0.00171086 0.00521898 0.00169415 0.999994 0.0031619 -0.00522469 -0.0031531 0.999982 0.107815 0.131978 -0.224592
FixedParameters: 0 0 0

#Transform 84
Transform: AffineTransform_float_3_3
Parameters: 0.999982 -0.0017034 0.00566517 0.00169078 0.999996 0.00232229 -0.00566905 -0.00231271 0.999981 0.0700064 0.130996 -0.191468
FixedParameters: 0 0 0

#Transform 85
Transform: AffineTransform_float_3_3
Parameters: 0.999972 -0.00122046 0.00728535 0.00120605 0.999997 0.00193861 -0.00728829 -0.00193038 0.999971 0.171424 0.121079 -0.387283
FixedParameters: 0 0 0

#Transform 86
Transform: AffineTransform_float_3_3
Parameters: 0.99996 -0.00111798 0.00893202 0.00110631 0.999999 0.00130447 -0.00893329 -0.00129453 0.999959 0.0940751 0.121987 -0.426917
FixedParameters: 0 0 0

#Transform 87
Transform: AffineTransform_float_3_3
Parameters: 0.999961 -0.00138636 0.00865308 0.00138735 0.999999 -0.000104902 -0.00865238 0.000116099 0.999962 0.132324 0.131347 -0.511214
FixedParameters: 0 0 0

#Transform 88
Transform: AffineTransform_float_3_3
Parameters: 0.999966 -0.00153031 0.00817378 0.00153184 0.999999 -0.000223926 -0.00817321 0.000236078 0.999967 0.152368 0.142226 -0.530543
FixedParameters: 0 0 0

#Transform 89
Transform: AffineTransform_float_3_3
Parameters: 0.999956 -0.00165305 0.00921126 0.0016571 0.999998 -0.000404174 -0.00921057 0.000419826 0.999958 0.139831 0.125726 -0.555948
FixedParameters: 0 0 0

#Transform 90
Transform: AffineTransform_float_3_3
Parameters: 0.999952 -0.0013382 0.00973099 0.00135066 0.999998 -0.00129423 -0.00972964 0.00130777 0.999951 0.118243 0.133532 -0.631159
FixedParameters: 0 0 0

#Transform 91
Transform: AffineTransform_float_3_3
Parameters: 0.999958 -0.00164065 0.00908543 0.00165026 0.999998 -0.00100498 -0.00908488 0.00102002 0.999958 0.222231 0.116221 -0.711343
FixedParameters: 0 0 0

#Transform 92
Transform: AffineTransform_float_3_3
Parameters: 0.99995 -0.00138331 0.00992732 0.00139188 0.999999 -0.000894085 -0.0099263 0.00090692 0.99995 0.132776 0.129203 -0.676419
FixedParameters: 0 0 0

#Transform 93
Transform: AffineTransform_float_3_3
Parameters: 0.999944 -0.000874271 0.0106116 0.000892356 0.999998 -0.00168894 -0.0106097 0.00169806 0.999943 0.131498 0.128158 -0.727844
FixedParameters: 0 0 0

#Transform 94
Transform: AffineTransform_float_3_3
Parameters: 0.999951 -0.00133365 0.00982757 0.00134039 0.999999 -0.000630021 -0.00982667 0.000642975 0.999951 0.184503 0.125063 -0.673549
FixedParameters: 0 0 0

#Transform 95
Transform: AffineTransform_float_3_3
Parameters: 0.999939 -0.0017631 0.0108969 0.00175544 0.999999 0.000728769 -0.0108985 -0.000709232 0.99994 0.141988 0.118799 -0.5723
FixedParameters: 0 0 0

#Transform 96
Transform: AffineTransform_float_3_3
Parameters: 0.999934 -0.00173078 0.0113706 0.00173549 0.999998 -0.000393495 -0.0113695 0.000413504 0.999935 0.203733 0.142454 -0.640633
FixedParameters: 0 0 0

#Transform 97
Transform: AffineTransform_float_3_3
Parameters: 0.999941 -0.00223816 0.0106307 0.00224179 0.999997 -0.000325238 -0.0106299 0.000349763 0.999943 0.124009 0.143456 -0.548348
FixedParameters: 0 0 0

#Transform 98
Transform: AffineTransform_float_3_3
Parameters: 0.999942 -0.00211711 0.0106232 0.00210939 0.999998 0.000751249 -0.0106254 -0.000728749 0.999943 0.154666 0.113843 -0.645641
FixedParameters: 0 0 0

#Transform 99
Transform: AffineTransform_float_3_3
Parameters: 0.999937 -0.00161731 0.0111287 0.00160215 0.999998 0.0013679 -0.0111308 -0.0013501 0.999937 0.122639 0.11815 -0.569971
FixedParameters: 0 0 0

#Transform 100
Transform: AffineTransform_float_3_3
Parameters: 0.999931 -0.00159201 0.0116349 0.00158249 0.999998 0.000858499 -0.0116365 -0.000839502 0.999931 0.174085 0.111916 -0.628175
FixedParameters: 0 0 0

#Transform 101
Transform: AffineTransform_float_3_3
Parameters: 0.999938 -0.00140567 0.0111123 0.00138523 0.999998 0.00184806 -0.0111152 -0.00183294 0.999937 0.11513 0.11457 -0.526541
FixedParameters: 0 0 0

#Transform 102
Transform: AffineTransform_float_3_3
Parameters: 0.999936 -0.001752 0.0111208 0.00173934 0.999997 0.00115719 -0.0111226 -0.00113781 0.999937 0.163387 0.0962772 -0.621401
FixedParameters: 0 0 0

#Transform 103
Transform: AffineTransform_float_3_3
Parameters: 0.999934 -0.00168604 0.011317 0.00166092 0.999996 0.00225474 -0.0113203 -0.00223626 0.999933 0.110052 0.123113 -0.541671
FixedParameters: 0 0 0

#Transform 104
Transform: AffineTransform_float_3_3
Parameters: 0.999936 -0.00189027 0.0111617 0.00187775 0.999997 0.0011886 -0.0111644 -0.0011674 0.999937 0.145895 0.128563 -0.521086
FixedParameters: 0 0 0

#Transform 105
Transform: AffineTransform_float_3_3
Parameters: 0.999933 -0.00146494 0.0114234 0.00144892 0.999998 0.00141001 -0.0114255 -0.00139399 0.999933 0.14545 0.133008 -0.563585
FixedParameters: 0 0 0

#Transform 106
Transform: AffineTransform_float_3_3
Parameters: 0.999931 -0.00176615 0.0115698 0.00175338 0.999997 0.00115783 -0.0115721 -0.00113718 0.999932 0.133863 0.144753 -0.54012
FixedParameters: 0 0 0

#Transform 107
Transform: AffineTransform_float_3_3
Parameters: 0.999941 -0.00149016 0.0107062 0.00148215 0.999999 0.000755562 -0.0107075 -0.000740437 0.999942 0.157672 0.126806 -0.622161
FixedParameters: 0 0 0

#Transform 108
Transform: AffineTransform_float_3_3
Parameters: 0.999933 -0.00158986 0.0114247 0.00157953 0.999998 0.000966266 -0.0114262 -0.000948739 0.999934 0.0916983 0.160265 -0.518471
FixedParameters: 0 0 0

#Transform 109
Transform: AffineTransform_float_3_3
Parameters: 0.999934 -0.00191162 0.0113406 0.00189888 0.999998 0.00112184 -0.0113436 -0.00110016 0.999935 0.0901636 0.151109 -0.532161
FixedParameters: 0 0 0

#Transform 110
Transform: AffineTransform_float_3_3
Parameters: 0.999943 -0.00184962 0.0105021 0.00183138 0.999996 0.00180891 -0.0105062 -0.0017891 0.999943 0.143906 0.16317 -0.508821
FixedParameters: 0 0 0

#Transform 111
Transform: AffineTransform_float_3_3
Parameters: 0.999935 -0.0017399 0.011267 0.00173551 0.999998 0.000419866 -0.0112673 -0.000400136 0.999936 0.124563 0.140058 -0.638137
FixedParameters: 0 0 0

#Transform 112
Transform: AffineTransform_float_3_3
Parameters: 0.999949 -0.00209531 0.00994946 0.00208359 0.999998 0.0012456 -0.00995248 -0.00122441 0.99995 0.0783697 0.183653 -0.419276
FixedParameters: 0 0 0

#Transform 113
Transform: AffineTransform_float_3_3
Parameters: 0.999969 -0.00131151 0.00775487 0.00129093 0.999995 0.00261704 -0.00775819 -0.00260695 0.999966 0.101081 0.147667 -0.455332
FixedParameters: 0 0 0

#Transform 114
Transform: AffineTransform_float_3_3
Parameters: 0.999964 -0.00165484 0.00834261 0.00163697 0.999997 0.00213945 -0.00834628 -0.00212555 0.999963 0.108444 0.169779 -0.472061
FixedParameters: 0 0 0

#Transform 115
Transform: AffineTransform_float_3_3
Parameters: 0.99997 -0.00220212 0.00739502 0.00216486 0.999985 0.00496274 -0.00740589 -0.00494625 0.99996 0.102991 0.200559 -0.427944
FixedParameters: 0 0 0

#Transform 116
Transform: AffineTransform_float_3_3
Parameters: 0.999959 -0.000854184 0.00900458 0.000804031 0.999984 0.00560757 -0.00900936 -0.00560043 0.999943 0.0482826 0.192933 -0.372982
FixedParameters: 0 0 0

#Transform 117
Transform: AffineTransform_float_3_3
Parameters: 0.999969 -0.00164752 0.0076789 0.00159783 0.999977 0.00651785 -0.00768882 -0.00650515 0.999949 0.0647601 0.156535 -0.193003
FixedParameters: 0 0 0

#Transform 118
Transform: AffineTransform_float_3_3
Parameters: 0.999967 -0.00175725 0.00792269 0.00168951 0.999963 0.00848835 -0.00793791 -0.00847464 0.999933 0.110831 0.193827 -0.219959
FixedParameters: 0 0 0

#Transform 119
Transform: AffineTransform_float_3_3
Parameters: 0.999977 -0.00147738 0.00652272 0.00141621 0.999956 0.00929017 -0.00653599 -0.00928083 0.999936 0.0563509 0.159116 -0.152286
FixedParameters: 0 0 0

#Transform 120
Transform: AffineTransform_float_3_3
Parameters: 0.999977 -0.00189684 0.00660808 0.00185463 0.999979 0.00636072 -0.00662035 -0.00634829 0.999958 0.107981 0.137722 -0.299383
FixedParameters: 0 0 0

#Transform 121
Transform: AffineTransform_float_3_3
Parameters: 0.999974 -0.0018979 0.0068832 0.00185114 0.999976 0.00669389 -0.00689604 -0.00668111 0.999954 0.0902955 0.133604 -0.265019
FixedParameters: 0 0 0

#Transform 122
Transform: AffineTransform_float_3_3
Parameters: 0.99998 -0.00203582 0.00590563 0.00199782 0.999976 0.0065577 -0.00591839 -0.0065463 0.999961 0.107028 0.145969 -0.184765
FixedParameters: 0 0 0

#Transform 123
Transform: AffineTransform_float_3_3
Parameters: 0.99998 -0.00218363 0.00591615 0.00213923 0.99997 0.00752722 -0.00593288 -0.00751478 0.999954 0.113579 0.144659 -0.195409
FixedParameters: 0 0 0

#Transform 124
Transform: AffineTransform_float_3_3
Parameters: 0.999976 -0.00241509 0.00647373 0.00237017 0.999974 0.00688153 -0.00648953 -0.00686647 0.999955 0.107852 0.164659 -0.144076
FixedParameters: 0 0 0

#Transform 125
Transform: AffineTransform_float_3_3
Parameters: 0.999979 -0.00203565 0.00626454 0.00199261 0.999974 0.00694091 -0.00627854 -0.00692808 0.999956 0.112116 0.136973 -0.22302
FixedParameters: 0 0 0

#Transform 126
Transform: AffineTransform_float_3_3
Parameters: 0.999979 -0.00215269 0.00615048 0.002111 0.999975 0.00677821 -0.00616555 -0.0067658 0.999959 0.0901153 0.136147 -0.171808
FixedParameters: 0 0 0

#Transform 127
Transform: AffineTransform_float_3_3
Parameters: 0.99998 -0.00215801 0.005967 0.00211819 0.999976 0.00664254 -0.00598171 -0.00662945 0.99996 0.125659 0.135354 -0.321645
FixedParameters: 0 0 0

#Transform 128
Transform: AffineTransform_float_3_3
Parameters: 0.999979 -0.0020224 0.00615298 0.00197935 0.999974 0.00691761 -0.00616592 -0.00690539 0.999957 0.0766373 0.139365 -0.215109
FixedParameters: 0 0 0

#Transform 129
Transform: AffineTransform_float_3_3
Parameters: 0.999981 -0.00207742 0.00583178 0.00204198 0.999979 0.00611864 -0.00584396 -0.00610635 0.999964 0.113474 0.1169 -0.391469
FixedParameters: 0 0 0

#Transform 130
Transform: AffineTransform_float_3_3
Parameters: 0.999979 -0.00217587 0.00620898 0.00213405 0.999976 0.00675633 -0.00622335 -0.00674268 0.999958 0.108434 0.119122 -0.377253
FixedParameters: 0 0 0

#Transform 131
Transform: AffineTransform_float_3_3
Parameters: 0.99998 -0.00221586 0.00582847 0.00217663 0.999975 0.00667022 -0.00584369 -0.00665776 0.999961 0.0963272 0.123491 -0.313107
FixedParameters: 0 0 0

#Transform 132
Transform: AffineTransform_float_3_3
Parameters: 0.999983 -0.00198593 0.00559888 0.00194947 0.999976 0.00654549 -0.00561202 -0.0065345 0.999963 0.121157 0.139239 -0.388091
FixedParameters: 0 0 0

#Transform 133
Transform: AffineTransform_float_3_3
Parameters: 0.99998 -0.00195123 0.00592213 0.00191196 0.999976 0.00661358 -0.00593492 -0.00660241 0.999961 0.0690255 0.120881 -0.335129
FixedParameters: 0 0 0

#Transform 134
Transform: AffineTransform_float_3_3
Parameters: 0.999977 -0.00191084 0.0064921 0.00187002 0.999979 0.00622544 -0.00650326 -0.00621255 0.999959 0.0878613 0.133964 -0.452613
FixedParameters: 0 0 0

#Transform 135
Transform: AffineTransform_float_3_3
Parameters: 0.999978 -0.00185391 0.00633181 0.00180938 0.999974 0.0069534 -0.00634424 -0.00694259 0.999956 0.118149 0.10219 -0.471388
FixedParameters: 0 0 0

#Transform 136
Transform: AffineTransform_float_3_3
Parameters: 0.999978 -0.00163748 0.00644483 0.00159222 0.999974 0.00707178 -0.00645673 -0.00706122 0.999954 0.0739162 0.106066 -0.359299
FixedParameters: 0 0 0

#Transform 137
Transform: AffineTransform_float_3_3
Parameters: 0.999975 -0.00200655 0.00674733 0.00196307 0.999977 0.00651787 -0.00676054 -0.00650413 0.999956 0.124491 0.122229 -0.456661
FixedParameters: 0 0 0

#Transform 138
Transform: AffineTransform_float_3_3
Parameters: 0.999973 -0.00180163 0.0070263 0.00174883 0.99997 0.00758382 -0.0070391 -0.00757118 0.999946 0.107455 0.0834284 -0.425082
FixedParameters: 0 0 0

#Transform 139
Transform: AffineTransform_float_3_3
Parameters: 0.999974 -0.00175023 0.00696015 0.00169879 0.999971 0.00743635 -0.00697312 -0.00742465 0.999948 0.09065 0.116628 -0.338603
FixedParameters: 0 0 0

#Transform 140
Transform: AffineTransform_float_3_3
Parameters: 0.999975 -0.0015445 0.00682022 0.00149359 0.999971 0.00749175 -0.00683215 -0.00748124 0.999948 0.123857 0.103922 -0.474489
FixedParameters: 0 0 0

#Transform 141
Transform: AffineTransform_float_3_3
Parameters: 0.999977 -0.00212278 0.00654074 0.00207704 0.999973 0.00705434 -0.00655534 -0.00704066 0.999953 0.119842 0.110544 -0.389567
FixedParameters: 0 0 0

#Transform 142
Transform: AffineTransform_float_3_3
Parameters: 0.999975 -0.00203801 0.00667331 0.00198704 0.999968 0.00773755 -0.00668862 -0.00772445 0.999948 0.0999903 0.109333 -0.355831
FixedParameters: 0 0 0

#Transform 143
Transform: AffineTransform_float_3_3
Parameters: 0.999973 -0.00193185 0.00706622 0.00188084 0.999973 0.00716361 -0.00708007 -0.00715039 0.999949 0.136778 0.116288 -0.435722
FixedParameters: 0 0 0

#Transform 144
Transform: AffineTransform_float_3_3
Parameters: 0.999974 -0.0020781 0.00697953 0.00202458 0.999969 0.0076481 -0.00699546 -0.0076339 0.999946 0.113835 0.099501 -0.379029
FixedParameters: 0 0 0

#Transform 145
Transform: AffineTransform_float_3_3
Parameters: 0.999974 -0.0021084 0.00698858 0.00206026 0.999974 0.0068415 -0.00700247 -0.00682749 0.999952 0.154653 0.111031 -0.459383
FixedParameters: 0 0 0

#Transform 146
Transform: AffineTransform_float_3_3
Parameters: 0.999976 -0.00215906 0.00655176 0.00211253 0.999973 0.00700275 -0.00656718 -0.00698925 0.999954 0.118769 0.0992181 -0.319836
FixedParameters: 0 0 0

#Transform 147
Transform: AffineTransform_float_3_3
Parameters: 0.999976 -0.00215837 0.00655199 0.00211323 0.999974 0.00689675 -0.00656695 -0.00688324 0.999955 0.128088 0.124259 -0.362003
FixedParameters: 0 0 0

#Transform 148
Transform: AffineTransform_float_3_3
Parameters: 0.999974 -0.00214896 0.00686048 0.0020993 0.999971 0.007241 -0.00687647 -0.007227 0.99995 0.147005 0.0846074 -0.445778
FixedParameters: 0 0 0

#Transform 149
Transform: AffineTransform_float_3_3
Parameters: 0.999975 -0.00222503 0.00668499 0.0021805 0.999976 0.00664564 -0.00669938 -0.00663136 0.999956 0.135471 0.129537 -0.304957
FixedParameters: 0 0 0

#Transform 150
Transform: AffineTransform_float_3_3
Parameters: 0.999979 -0.00233666 0.00612677 0.00229296 0.999972 0.00713792 -0.00614361 -0.00712408 0.999956 0.153719 0.0992122 -0.390452
FixedParameters: 0 0 0

#Transform 151
Transform: AffineTransform_float_3_3
Parameters: 0.999976 -0.00185998 0.00668727 0.00181314 0.999974 0.00699276 -0.00670017 -0.00698124 0.999953 0.121214 0.100691 -0.444748
FixedParameters: 0 0 0

#Transform 152
Transform: AffineTransform_float_3_3
Parameters: 0.999975 -0.002247 0.00659573 0.00220255 0.999974 0.00682944 -0.0066107 -0.00681457 0.999955 0.119411 0.107824 -0.363908
FixedParameters: 0 0 0

#Transform 153
Transform: AffineTransform_float_3_3
Parameters: 0.999977 -0.00219887 0.00645403 0.00215726 0.999977 0.00645466 -0.00646831 -0.00644034 0.999958 0.152731 0.119972 -0.43483
FixedParameters: 0 0 0

#Transform 154
Transform: AffineTransform_float_3_3
Parameters: 0.999974 -0.00180642 0.00689841 0.00176256 0.999978 0.00641251 -0.00691088 -0.0063995 0.999956 0.111893 0.107657 -0.366568
FixedParameters: 0 0 0

#Transform 155
Transform: AffineTransform_float_3_3
Parameters: 0.999979 -0.00195897 0.00606512 0.00191715 0.999975 0.0068519 -0.00607878 -0.0068401 0.999958 0.13802 0.101168 -0.398379
FixedParameters: 0 0 0

#Transform 156
Transform: AffineTransform_float_3_3
Parameters: 0.999979 -0.00164038 0.00637104 0.00159538 0.999973 0.00713368 -0.00638318 -0.00712332 0.999954 0.128756 0.107834 -0.413625
FixedParameters: 0 0 0

#Transform 157
Transform: AffineTransform_float_3_3
Parameters: 0.999979 -0.00195134 0.00607389 0.0019062 0.999971 0.00733022 -0.0060882 -0.00731778 0.999955 0.139749 0.0782523 -0.371794
FixedParameters: 0 0 0

#Transform 158
Transform: AffineTransform_float_3_3
Parameters: 0.999979 -0.00197842 0.0060515 0.00193018 0.999967 0.00782897 -0.00606708 -0.00781702 0.999951 0.168879 0.0963346 -0.444103
FixedParameters: 0 0 0

#Transform 159
Transform: AffineTransform_float_3_3
Parameters: 0.999979 -0.00217621 0.00613352 0.00212715 0.999967 0.00785413 -0.00615045 -0.00784085 0.99995 0.146533 0.107009 -0.361097
FixedParameters: 0 0 0

#Transform 160
Transform: AffineTransform_float_3_3
Parameters: 0.999978 -0.00241765 0.00608348 0.00237069 0.999967 0.00780979 -0.00610216 -0.0077952 0.999951 0.163499 0.100017 -0.454267
FixedParameters: 0 0 0

#Transform 161
Transform: AffineTransform_float_3_3
Parameters: 0.999975 -0.00204191 0.00674597 0.00198956 0.999968 0.00782472 -0.00676207 -0.00781128 0.999946 0.134996 0.102686 -0.386462
FixedParameters: 0 0 0

#Transform 162
Transform: AffineTransform_float_3_3
Parameters: 0.99998 -0.00215774 0.00593377 0.0021122 0.999968 0.00771194 -0.00595036 -0.00769905 0.999952 0.175979 0.0858956 -0.427311
FixedParameters: 0 0 0

#Transform 163
Transform: AffineTransform_float_3_3
Parameters: 0.999976 -0.00196873 0.00674549 0.00191698 0.999968 0.00768358 -0.00676043 -0.00767041 0.999947 0.153291 0.107727 -0.442537
FixedParameters: 0 0 0

#Transform 164
Transform: AffineTransform_float_3_3
Parameters: 0.999979 -0.0019284 0.0062007 0.00188 0.999967 0.00783346 -0.00621538 -0.00782153 0.99995 0.142036 0.0966813 -0.356225
FixedParameters: 0 0 0

#Transform 165
Transform: AffineTransform_float_3_3
Parameters: 0.99998 -0.00236592 0.00585467 0.00232037 0.999967 0.00769215 -0.00587268 -0.00767784 0.999954 0.172945 0.103826 -0.374609
FixedParameters: 0 0 0

#Transform 166
Transform: AffineTransform_float_3_3
Parameters: 0.999975 -0.00215513 0.00676658 0.00210207 0.999967 0.00791068 -0.00678297 -0.00789633 0.999946 0.104952 0.108086 -0.313689
FixedParameters: 0 0 0

#Transform 167
Transform: AffineTransform_float_3_3
Parameters: 0.999977 -0.00230744 0.00636003 0.00225853 0.999968 0.00766677 -0.00637763 -0.00765223 0.999951 0.132574 0.079192 -0.405115
FixedParameters: 0 0 0

#Transform 168
Transform: AffineTransform_float_3_3
Parameters: 0.999975 -0.00217632 0.00681844 0.00212102 0.999964 0.00817792 -0.00683615 -0.00816307 0.999943 0.111685 0.0970834 -0.370927
FixedParameters: 0 0 0

#Transform 169
Transform: AffineTransform_float_3_3
Parameters: 0.999976 -0.00217869 0.00654728 0.00212611 0.999966 0.00803786 -0.00656512 -0.00802415 0.999947 0.140729 0.102196 -0.377855
FixedParameters: 0 0 0

#Transform 170
Transform: AffineTransform_float_3_3
Parameters: 0.999972 -0.0022662 0.00704024 0.00220404 0.999959 0.00871467 -0.00705926 -0.00869832 0.999937 0.141516 0.0886896 -0.432566
FixedParameters: 0 0 0

#Transform 171
Transform: AffineTransform_float_3_3
Parameters: 0.999971 -0.00212085 0.00731358 0.00206031 0.999964 0.00826175 -0.00733134 -0.00824626 0.999939 0.113029 0.0865444 -0.46087
FixedParameters: 0 0 0

#Transform 172
Transform: AffineTransform_float_3_3
Parameters: 0.999974 -0.002464 0.00678837 0.00240604 0.99996 0.00859125 -0.00680948 -0.00857476 0.99994 0.176368 0.0756904 -0.507189
FixedParameters: 0 0 0

#Transform 173
Transform: AffineTransform_float_3_3
Parameters: 0.999969 -0.00242145 0.00755779 0.00235361 0.999957 0.0089616 -0.0075793 -0.00894339 0.999931 0.131637 0.0763415 -0.506928
FixedParameters: 0 0 0

#Transform 174
Transform: AffineTransform_float_3_3
Parameters: 0.999973 -0.00250449 0.00694308 0.00244357 0.999959 0.0087074 -0.0069649 -0.00868959 0.999938 0.159871 0.0963949 -0.507406
FixedParameters: 0 0 0

#Transform 175
Transform: AffineTransform_float_3_3
Parameters: 0.999968 -0.00221943 0.00766338 0.00214708 0.999954 0.00939764 -0.00768378 -0.00938135 0.999926 0.146286 0.0812624 -0.53337
FixedParameters: 0 0 0

#Transform 176
Transform: AffineTransform_float_3_3
Parameters: 0.999972 -0.00245971 0.00706295 0.0023936 0.999954 0.00933352 -0.00708618 -0.00931648 0.999932 0.141559 0.0869005 -0.466186
FixedParameters: 0 0 0

#Transform 177
Transform: AffineTransform_float_3_3
Parameters: 0.999971 -0.00243464 0.00718597 0.00236634 0.999952 0.00948214 -0.00720929 -0.00946485 0.999929 0.148852 0.100768 -0.438531
FixedParameters: 0 0 0

#Transform 178
Transform: AffineTransform_float_3_3
Parameters: 0.999973 -0.00231487 0.00705617 0.002252 0.999958 0.00890169 -0.00707675 -0.0088853 0.999935 0.113953 0.106468 -0.336737
FixedParameters: 0 0 0

#Transform 179
Transform: AffineTransform_float_3_3
Parameters: 0.999974 -0.00247566 0.00676987 0.00241501 0.999958 0.00890912 -0.00679218 -0.00889189 0.999937 0.149357 0.105321 -0.514655
FixedParameters: 0 0 0
