#Insight Transform File V1.0
#Transform 0
Transform: AffineTransform_float_3_3
Parameters: 1 -0.000325309 -0.000189744 0.00032584 1 -0.00102706 0.000190022 0.00102694 1 -0.0593742 0.093212 0.396277
FixedParameters: 0 0 0

#Transform 1
Transform: AffineTransform_float_3_3
Parameters: 1 7.25442e-06 -8.50718e-06 -7.24821e-06 1 0.000365 8.51247e-06 -0.000365 1 0.00317291 -0.0733505 -0.204607
FixedParameters: 0 0 0

#Transform 2
Transform: AffineTransform_float_3_3
Parameters: 1 -0.000115214 -0.000315023 0.000115279 1 0.000103964 0.000314999 -0.000104036 1 0.00465594 -0.0692143 -0.273255
FixedParameters: 0 0 0

#Transform 3
Transform: AffineTransform_float_3_3
Parameters: 1 0.000278009 -1.05856e-05 -0.000278018 1 -0.000450997 1.03348e-05 0.000451003 1 -0.0190774 -0.0841309 -0.362419
FixedParameters: 0 0 0

#Transform 4
Transform: AffineTransform_float_3_3
Parameters: 1 -1.26539e-05 -0.000577931 1.20953e-05 1 0.000312993 0.000578314 -0.000313007 1 0.0133615 -0.0715184 -0.330919
FixedParameters: 0 0 0

#Transform 5
Transform: AffineTransform_float_3_3
Parameters: 1 8.58227e-05 -5.62098e-05 -8.60533e-05 0.999998 -0.00205799 5.5856e-05 0.002058 0.999998 -0.00618961 -0.121011 -0.47582
FixedParameters: 0 0 0

#Transform 6
Transform: AffineTransform_float_3_3
Parameters: 0.999999 0.000774986 -0.0003496 -0.000775415 0.999999 -0.00117273 0.000348702 0.00117327 1 -0.0562179 -0.0795623 -0.366963
FixedParameters: 0 0 0

#Transform 7
Transform: AffineTransform_float_3_3
Parameters: 1 0.000382306 -0.000271305 -0.00038234 0.999999 -0.000782896 0.000271627 0.000783103 0.999999 -0.0254385 -0.0993413 -0.413447
FixedParameters: 0 0 0

#Transform 8
Transform: AffineTransform_float_3_3
Parameters: 1 0.000115058 -0.000462916 -0.000115185 1 -0.000558946 0.000463708 0.000559053 0.999999 -0.0019448 -0.0919081 -0.361884
FixedParameters: 0 0 0

#Transform 9
Transform: AffineTransform_float_3_3
Parameters: 1 0.000253383 -0.000127319 -0.000253557 0.999999 -0.000683967 0.000126973 0.000684032 1 -0.013145 -0.0925027 -0.391004
FixedParameters: 0 0 0

#Transform 10
Transform: AffineTransform_float_3_3
Parameters: 1 0.000184471 -9.7767e-05 -0.000184392 1 0.000402018 9.79153e-05 -0.000401982 1 -0.00874323 -0.0995776 -0.461964
FixedParameters: 0 0 0

#Transform 11
Transform: AffineTransform_float_3_3
Parameters: 1 0.00027621 -0.000522112 -0.000275877 0.999999 0.000693296 0.000521574 -0.000693703 1 -0.00774063 -0.0909972 -0.410176
FixedParameters: 0 0 0

#Transform 12
Transform: AffineTransform_float_3_3
Parameters: 0.999999 0.00156421 -0.000221333 -0.00156428 0.999998 0.00160463 0.000224513 -0.00160537 0.999999 -0.0739899 -0.0707575 -0.3855
FixedParameters: 0 0 0

#Transform 13
Transform: AffineTransform_float_3_3
Parameters: 0.999999 0.00173392 0.000405764 -0.00173491 0.999998 0.00139299 -0.000403163 -0.00139301 0.999999 -0.0895451 -0.0838043 -0.378188
FixedParameters: 0 0 0

#Transform 14
Transform: AffineTransform_float_3_3
Parameters: 0.999999 0.00136228 0.000274177 -0.00136294 0.999998 0.00145412 -0.000272445 -0.00145489 0.999999 -0.0793067 -0.0823179 -0.391375
FixedParameters: 0 0 0

#Transform 15
Transform: AffineTransform_float_3_3
Parameters: 0.999999 0.00152891 0.000106622 -0.00152955 0.999997 0.00185833 -0.00010409 -0.00185867 0.999998 -0.0757802 -0.0771889 -0.355637
FixedParameters: 0 0 0

#Transform 16
Transform: AffineTransform_float_3_3
Parameters: 0.999999 0.00150278 0.000469432 -0.00150327 0.999998 0.00108199 -0.000467491 -0.00108201 0.999999 -0.0941984 -0.0777237 -0.360567
FixedParameters: 0 0 0

#Transform 17
Transform: AffineTransform_float_3_3
Parameters: 0.999999 0.00120364 0.000366106 -0.0012041 0.999998 0.00135041 -0.000364166 -0.00135059 0.999999 -0.0700931 -0.0697072 -0.356038
FixedParameters: 0 0 0

#Transform 18
Transform: AffineTransform_float_3_3
Parameters: 0.999999 0.000911755 0.00032756 -0.000911935 0.999999 0.00108455 -0.000326893 -0.00108445 0.999999 -0.0727328 -0.0845251 -0.387542
FixedParameters: 0 0 0

#Transform 19
Transform: AffineTransform_float_3_3
Parameters: 1 0.00111391 0.00044624 -0.00111443 0.999999 0.00118135 -0.000444918 -0.00118165 0.999999 -0.0646517 -0.0642554 -0.303413
FixedParameters: 0 0 0

#Transform 20
Transform: AffineTransform_float_3_3
Parameters: 0.999999 0.00119279 0.00046244 -0.00119354 0.999999 0.000805297 -0.000460517 -0.000805703 1 -0.0848075 -0.0614963 -0.31671
FixedParameters: 0 0 0

#Transform 21
Transform: AffineTransform_float_3_3
Parameters: 0.999999 0.000840767 0.000429287 -0.000840801 0.999999 0.00111264 -0.000427806 -0.00111336 1 -0.0497437 -0.0769954 -0.366176
FixedParameters: 0 0 0

#Transform 22
Transform: AffineTransform_float_3_3
Parameters: 0.999999 0.000850976 3.51468e-05 -0.000851444 0.999999 0.00111182 -3.41751e-05 -0.00111118 0.999999 -0.0448826 -0.0736215 -0.284164
FixedParameters: 0 0 0

#Transform 23
Transform: AffineTransform_float_3_3
Parameters: 0.999999 0.00112788 0.000686662 -0.00112873 0.999999 0.00100523 -0.000685703 -0.00100677 1 -0.0753791 -0.0637982 -0.339692
FixedParameters: 0 0 0

#Transform 24
Transform: AffineTransform_float_3_3
Parameters: 1 0.000850407 0.000804296 -0.000851145 0.999999 0.00136068 -0.000803682 -0.00136133 0.999999 -0.0616206 -0.0714948 -0.387161
FixedParameters: 0 0 0

#Transform 25
Transform: AffineTransform_float_3_3
Parameters: 1 0.00046696 0.000423506 -0.000466984 1 0.0011158 -0.000422855 -0.0011162 1 -0.0374277 -0.0597107 -0.349729
FixedParameters: 0 0 0

#Transform 26
Transform: AffineTransform_float_3_3
Parameters: 1 0.000820423 0.000816737 -0.000820906 0.999999 0.000859537 -0.000815717 -0.000859463 0.999999 -0.060187 -0.0697442 -0.368439
FixedParameters: 0 0 0

#Transform 27
Transform: AffineTransform_float_3_3
Parameters: 0.999999 0.000550349 0.000492508 -0.000550664 0.999999 0.00125473 -0.000491517 -0.00125527 0.999999 -0.0368843 -0.085505 -0.368131
FixedParameters: 0 0 0

#Transform 28
Transform: AffineTransform_float_3_3
Parameters: 1 0.000768856 0.000838574 -0.000769376 0.999999 0.000859562 -0.000837643 -0.000859437 0.999999 -0.0587375 -0.072184 -0.347996
FixedParameters: 0 0 0

#Transform 29
Transform: AffineTransform_float_3_3
Parameters: 0.999999 0.000896834 0.00126749 -0.000897098 0.999999 0.00046707 -0.00126704 -0.00046793 0.999999 -0.0685038 -0.0883156 -0.412157
FixedParameters: 0 0 0

#Transform 30
Transform: AffineTransform_float_3_3
Parameters: 1 0.000459264 0.000527626 -0.000459907 0.999999 0.000608757 -0.000527067 -0.000609242 0.999999 -0.0306436 -0.0777821 -0.395527
FixedParameters: 0 0 0

#Transform 31
Transform: AffineTransform_float_3_3
Parameters: 0.999999 0.000479973 0.000960884 -0.000480182 1 0.000587899 -0.00096071 -0.000588102 1 -0.0529008 -0.0686711 -0.367318
FixedParameters: 0 0 0

#Transform 32
Transform: AffineTransform_float_3_3
Parameters: 0.999999 0.00071373 0.00106596 -0.000714596 0.999999 0.000405598 -0.00106538 -0.000406401 1 -0.0540577 -0.0761411 -0.39608
FixedParameters: 0 0 0

#Transform 33
Transform: AffineTransform_float_3_3
Parameters: 0.999998 0.000745409 0.00141204 -0.000746434 0.999999 0.000362306 -0.0014115 -0.000363693 0.999999 -0.0617839 -0.0835793 -0.43932
FixedParameters: 0 0 0

#Transform 34
Transform: AffineTransform_float_3_3
Parameters: 0.999999 0.000518055 0.00120323 -0.000518548 1 0.000204736 -0.00120302 -0.000205264 0.999999 -0.0499647 -0.0851355 -0.367256
FixedParameters: 0 0 0

#Transform 35
Transform: AffineTransform_float_3_3
Parameters: 0.999999 0.00074969 0.00137874 -0.000750787 0.999999 0.000397325 -0.00137814 -0.000398674 0.999999 -0.0543851 -0.077515 -0.417459
FixedParameters: 0 0 0

#Transform 36
Transform: AffineTransform_float_3_3
Parameters: 0.999998 0.000788861 0.00172271 -0.000788803 1 -1.76395e-05 -0.00172274 1.63603e-05 0.999999 -0.0635469 -0.0733396 -0.39561
FixedParameters: 0 0 0

#Transform 37
Transform: AffineTransform_float_3_3
Parameters: 0.999999 0.000876602 0.00164424 -0.000876639 0.999999 0.000290279 -0.00164412 -0.000291723 0.999999 -0.0701378 -0.0947397 -0.417474
FixedParameters: 0 0 0

#Transform 38
Transform: AffineTransform_float_3_3
Parameters: 0.999998 0.00109769 0.00179823 -0.00109791 0.999999 0.000573593 -0.00179775 -0.000575408 0.999998 -0.0813 -0.0845967 -0.371127
FixedParameters: 0 0 0

#Transform 39
Transform: AffineTransform_float_3_3
Parameters: 0.999999 0.00100033 0.00156792 -0.00100082 0.999999 0.000447998 -0.00156741 -0.000449002 0.999999 -0.0717102 -0.0799186 -0.395084
FixedParameters: 0 0 0

#Transform 40
Transform: AffineTransform_float_3_3
Parameters: 0.999999 0.00069963 0.00130007 -0.000700417 0.999999 0.00065645 -0.00129954 -0.00065755 0.999999 -0.0535447 -0.0861967 -0.356049
FixedParameters: 0 0 0

#Transform 41
Transform: AffineTransform_float_3_3
Parameters: 0.999998 0.000679375 0.00158451 -0.000679833 1 0.000434643 -0.00158431 -0.000435358 0.999999 -0.0746272 -0.0987471 -0.412987
FixedParameters: 0 0 0

#Transform 42
Transform: AffineTransform_float_3_3
Parameters: 0.999998 0.000788243 0.00148842 -0.000789076 0.999999 0.000588546 -0.00148788 -0.000589455 0.999999 -0.0443123 -0.102869 -0.438446
FixedParameters: 0 0 0

#Transform 43
Transform: AffineTransform_float_3_3
Parameters: 1 0.000464773 0.000960808 -0.000464919 1 0.000554913 -0.000960683 -0.000555087 1 -0.0368301 -0.0942016 -0.367739
FixedParameters: 0 0 0

#Transform 44
Transform: AffineTransform_float_3_3
Parameters: 0.999998 0.000738187 0.00152696 -0.000738413 1 7.32323e-05 -0.00152685 -7.47676e-05 0.999999 -0.079803 -0.0940646 -0.405203
FixedParameters: 0 0 0

#Transform 45
Transform: AffineTransform_float_3_3
Parameters: 0.999999 0.000990475 0.0015438 -0.000990361 0.999999 0.000260191 -0.00154367 -0.00026181 0.999999 -0.0757672 -0.0920934 -0.436884
FixedParameters: 0 0 0

#Transform 46
Transform: AffineTransform_float_3_3
Parameters: 0.999998 0.00109797 0.00179806 -0.00109855 0.999999 0.000418592 -0.00179753 -0.000420408 0.999998 -0.0911264 -0.109051 -0.370287
FixedParameters: 0 0 0

#Transform 47
Transform: AffineTransform_float_3_3
Parameters: 0.999997 0.0012299 0.00210924 -0.00123075 0.999999 0.000418332 -0.0021086 -0.000420668 0.999998 -0.101592 -0.103512 -0.376497
FixedParameters: 0 0 0

#Transform 48
Transform: AffineTransform_float_3_3
Parameters: 0.999998 0.00102445 0.00162622 -0.00102541 0.999999 0.0007399 -0.0016264 -0.000741101 0.999998 -0.0754951 -0.0792016 -0.344369
FixedParameters: 0 0 0

#Transform 49
Transform: AffineTransform_float_3_3
Parameters: 0.999998 0.00109715 0.00179856 -0.00109845 0.999998 0.000873105 -0.00179742 -0.000874895 0.999999 -0.0841847 -0.0915878 -0.333282
FixedParameters: 0 0 0

#Transform 50
Transform: AffineTransform_float_3_3
Parameters: 0.999998 0.000713824 0.00196091 -0.000714603 1 0.000532319 -0.00195962 -0.00053368 0.999998 -0.0653019 -0.0809747 -0.368123
FixedParameters: 0 0 0

#Transform 51
Transform: AffineTransform_float_3_3
Parameters: 0.999997 0.000967615 0.00195545 -0.000968218 0.999999 0.000624187 -0.00195502 -0.000625814 0.999998 -0.0958417 -0.0859077 -0.380272
FixedParameters: 0 0 0

#Transform 52
Transform: AffineTransform_float_3_3
Parameters: 0.999998 0.00109755 0.00179831 -0.00109805 0.999999 0.000648593 -0.00179766 -0.000650408 0.999998 -0.087275 -0.071352 -0.351386
FixedParameters: 0 0 0

#Transform 53
Transform: AffineTransform_float_3_3
Parameters: 0.999998 0.000913107 0.00172657 -0.000914147 0.999999 0.000567142 -0.00172592 -0.000568858 0.999998 -0.0851163 -0.0927865 -0.392427
FixedParameters: 0 0 0

#Transform 54
Transform: AffineTransform_float_3_3
Parameters: 0.999998 0.000805089 0.00176366 -0.000806038 0.999999 0.000529299 -0.00176319 -0.000530701 0.999998 -0.0727486 -0.0791306 -0.333724
FixedParameters: 0 0 0

#Transform 55
Transform: AffineTransform_float_3_3
Parameters: 0.999998 0.000802017 0.00217553 -0.0008035 1 0.000340332 -0.00217499 -0.000341666 0.999998 -0.0899516 -0.0999171 -0.375126
FixedParameters: 0 0 0

#Transform 56
Transform: AffineTransform_float_3_3
Parameters: 0.999998 0.000690338 0.00178189 -0.000690875 1 0.000408489 -0.00178172 -0.000409511 0.999998 -0.0613971 -0.107591 -0.389312
FixedParameters: 0 0 0

#Transform 57
Transform: AffineTransform_float_3_3
Parameters: 0.999998 0.000589864 0.00180717 -0.000590143 1 7.6653e-05 -0.00180708 -7.73468e-05 0.999998 -0.0640125 -0.0890081 -0.316025
FixedParameters: 0 0 0

#Transform 58
Transform: AffineTransform_float_3_3
Parameters: 0.999997 0.000860037 0.00222262 -0.000861491 1 0.000326165 -0.00222206 -0.000327833 0.999997 -0.0795427 -0.0927929 -0.354896
FixedParameters: 0 0 0

#Transform 59
Transform: AffineTransform_float_3_3
Parameters: 0.999998 0.000609664 0.00146852 -0.000609848 1 0.000375464 -0.00146845 -0.000376536 0.999999 -0.0613405 -0.0993799 -0.315891
FixedParameters: 0 0 0

#Transform 60
Transform: AffineTransform_float_3_3
Parameters: 0.999997 0.000927304 0.00219409 -0.000926777 1 -0.000120955 -0.00219432 0.000119044 0.999998 -0.0799927 -0.0759302 -0.26476
FixedParameters: 0 0 0

#Transform 61
Transform: AffineTransform_float_3_3
Parameters: 0.999999 0.000590383 0.00126927 -0.000592564 1 0.00106761 -0.00126932 -0.00106839 0.999999 -0.0686319 -0.0566357 -0.175485
FixedParameters: 0 0 0

#Transform 62
Transform: AffineTransform_float_3_3
Parameters: 1 0.00050823 0.00104668 -0.000508449 0.999999 0.000983828 -0.00104646 -0.000984172 0.999999 -0.0455359 -0.0477315 -0.196379
FixedParameters: 0 0 0

#Transform 63
Transform: AffineTransform_float_3_3
Parameters: 0.999998 0.000549519 0.00156781 -0.000550999 1 0.0010585 -0.00156742 -0.0010595 0.999998 -0.0572068 -0.033983 -0.202043
FixedParameters: 0 0 0

#Transform 64
Transform: AffineTransform_float_3_3
Parameters: 0.999999 0.000338664 0.00118897 -0.000339966 0.999999 0.00148696 -0.00118782 -0.00148704 0.999998 -0.0373159 -0.032482 -0.226565
FixedParameters: 0 0 0

#Transform 65
Transform: AffineTransform_float_3_3
Parameters: 0.999999 0.000480623 0.00147094 -0.000482828 0.999999 0.00150865 -0.00146935 -0.00150935 0.999997 -0.0514663 -0.0454761 -0.275483
FixedParameters: 0 0 0

#Transform 66
Transform: AffineTransform_float_3_3
Parameters: 0.999999 0.000363737 0.00130214 -0.00036571 0.999999 0.00146488 -0.00130185 -0.00146512 0.999998 -0.0336134 -0.0594296 -0.26569
FixedParameters: 0 0 0

#Transform 67
Transform: AffineTransform_float_3_3
Parameters: 0.999999 0.000545029 0.0017836 -0.000547429 0.999999 0.00118839 -0.00178308 -0.00118961 0.999997 -0.0575077 -0.0453485 -0.230129
FixedParameters: 0 0 0

#Transform 68
Transform: AffineTransform_float_3_3
Parameters: 0.999998 0.000465309 0.00189111 -0.000468573 0.999999 0.00134984 -0.00189063 -0.00135016 0.999997 -0.0614458 -0.0430748 -0.22642
FixedParameters: 0 0 0

#Transform 69
Transform: AffineTransform_float_3_3
Parameters: 0.999999 0.000356641 0.00134204 -0.000358874 0.999999 0.00151788 -0.00134173 -0.00151812 0.999998 -0.0385516 -0.0458065 -0.201606
FixedParameters: 0 0 0

#Transform 70
Transform: AffineTransform_float_3_3
Parameters: 0.999999 0.00044223 0.00171627 -0.00044441 0.999999 0.00143911 -0.00171616 -0.00143989 0.999998 -0.0542975 -0.0510455 -0.202551
FixedParameters: 0 0 0

#Transform 71
Transform: AffineTransform_float_3_3
Parameters: 0.999999 0.000508184 0.00144084 -0.00051049 0.999998 0.00143878 -0.00144016 -0.00144022 0.999998 -0.0501167 -0.0551166 -0.240676
FixedParameters: 0 0 0

#Transform 72
Transform: AffineTransform_float_3_3
Parameters: 0.999998 0.000604219 0.00183235 -0.000606732 0.999999 0.00143876 -0.00183178 -0.00144024 0.999998 -0.0845492 -0.0438613 -0.251086
FixedParameters: 0 0 0

#Transform 73
Transform: AffineTransform_float_3_3
Parameters: 0.999998 0.000607631 0.00183088 -0.000610686 0.999998 0.0015886 -0.00183012 -0.0015894 0.999997 -0.0589044 -0.0606922 -0.269972
FixedParameters: 0 0 0

#Transform 74
Transform: AffineTransform_float_3_3
Parameters: 0.999998 0.000599718 0.00183435 -0.000601109 0.999999 0.000880618 -0.00183407 -0.000881382 0.999998 -0.061199 -0.0468222 -0.231279
FixedParameters: 0 0 0

#Transform 75
Transform: AffineTransform_float_3_3
Parameters: 0.999998 0.000465055 0.00189133 -0.000466983 1 0.000995631 -0.00189118 -0.000997369 0.999998 -0.0749351 -0.0501962 -0.239899
FixedParameters: 0 0 0

#Transform 76
Transform: AffineTransform_float_3_3
Parameters: 0.999999 0.000350428 0.00143818 -0.000351288 0.999999 0.000938855 -0.0014383 -0.000939144 0.999998 -0.0398098 -0.0507442 -0.196979
FixedParameters: 0 0 0

#Transform 77
Transform: AffineTransform_float_3_3
Parameters: 0.999998 0.000507189 0.0018736 -0.000508616 0.999999 0.00062592 -0.00187336 -0.000627079 0.999998 -0.0831702 -0.0549882 -0.237362
FixedParameters: 0 0 0

#Transform 78
Transform: AffineTransform_float_3_3
Parameters: 0.999998 0.000508841 0.00187287 -0.000510646 0.999999 0.000726917 -0.00187252 -0.000728082 0.999998 -0.0600546 -0.0593115 -0.290271
FixedParameters: 0 0 0

#Transform 79
Transform: AffineTransform_float_3_3
Parameters: 0.999998 0.000714153 0.00212804 -0.000715345 0.999999 0.000495711 -0.00212772 -0.000497289 0.999998 -0.0756304 -0.0410253 -0.222998
FixedParameters: 0 0 0

#Transform 80
Transform: AffineTransform_float_3_3
Parameters: 0.999997 0.000635707 0.00208521 -0.000637833 0.999999 0.000729904 -0.00208467 -0.000731095 0.999998 -0.0636518 -0.0549619 -0.269534
FixedParameters: 0 0 0

#Transform 81
Transform: AffineTransform_float_3_3
Parameters: 0.999997 0.000461574 0.00215292 -0.000460246 1 -0.000309119 -0.00215321 0.000307879 0.999997 -0.0601978 -0.008439 -0.197038
FixedParameters: 0 0 0

#Transform 82
Transform: AffineTransform_float_3_3
Parameters: 0.999998 0.000656809 0.00214794 -0.000658185 0.999999 0.000748667 -0.00214774 -0.000749334 0.999997 -0.0802602 -0.0575695 -0.255412
FixedParameters: 0 0 0

#Transform 83
Transform: AffineTransform_float_3_3
Parameters: 0.999998 0.000514851 0.00187026 -0.000516602 1 0.000959548 -0.00187005 -0.000961452 0.999998 -0.0633959 -0.046553 -0.196502
FixedParameters: 0 0 0

#Transform 84
Transform: AffineTransform_float_3_3
Parameters: 0.999997 0.000777239 0.00242594 -0.000778746 1 0.000959346 -0.00242469 -0.000961657 0.999997 -0.088678 -0.0636389 -0.258115
FixedParameters: 0 0 0

#Transform 85
Transform: AffineTransform_float_3_3
Parameters: 0.999998 0.000682413 0.00199259 -0.00068421 1 0.00114336 -0.0019922 -0.00114464 0.999997 -0.0846 -0.0557556 -0.197336
FixedParameters: 0 0 0

#Transform 86
Transform: AffineTransform_float_3_3
Parameters: 0.999997 0.00070754 0.00229358 -0.000709918 1 0.00120546 -0.00229212 -0.00120655 0.999997 -0.0880425 -0.0520506 -0.239532
FixedParameters: 0 0 0

#Transform 87
Transform: AffineTransform_float_3_3
Parameters: 0.999997 0.000813032 0.00220007 -0.000816346 0.999999 0.00138029 -0.00219899 -0.00138171 0.999997 -0.0998239 -0.0423075 -0.23544
FixedParameters: 0 0 0

#Transform 88
Transform: AffineTransform_float_3_3
Parameters: 0.999996 0.000762545 0.00245925 -0.000765501 0.999999 0.00116135 -0.00245864 -0.00116365 0.999997 -0.0864799 -0.0498361 -0.244462
FixedParameters: 0 0 0

#Transform 89
Transform: AffineTransform_float_3_3
Parameters: 0.999996 0.000899572 0.00240131 -0.000901866 0.999999 0.000860276 -0.00240054 -0.000861724 0.999997 -0.0951999 -0.0712631 -0.302736
FixedParameters: 0 0 0

#Transform 90
Transform: AffineTransform_float_3_3
Parameters: 0.999997 0.000390752 0.00261688 -0.000392606 0.999999 0.000705359 -0.00261711 -0.00070664 0.999996 -0.0826076 -0.0806541 -0.303203
FixedParameters: 0 0 0

#Transform 91
Transform: AffineTransform_float_3_3
Parameters: 0.999996 0.000510889 0.00256608 -0.000512722 1 0.000535917 -0.00256593 -0.000537081 0.999996 -0.0786744 -0.0652753 -0.336937
FixedParameters: 0 0 0

#Transform 92
Transform: AffineTransform_float_3_3
Parameters: 1 0.000213336 0.000339705 -0.000213027 0.999999 0.000899927 -0.000339712 -0.000900072 0.999999 -0.0114783 -0.100139 -0.527998
FixedParameters: 0 0 0

#Transform 93
Transform: AffineTransform_float_3_3
Parameters: 1 -1.62273e-05 7.42742e-05 1.63261e-05 1 -0.000664999 -7.42526e-05 0.000665001 1 0.000111116 -0.149011 -0.642621
FixedParameters: 0 0 0

#Transform 94
Transform: AffineTransform_float_3_3
Parameters: 0.999998 0.000687162 0.00188348 -0.000683102 0.999998 -0.00229957 -0.00188467 0.00229843 0.999996 -0.0842966 -0.169451 -0.671568
FixedParameters: 0 0 0

#Transform 95
Transform: AffineTransform_float_3_3
Parameters: 0.999999 0.000516082 0.00148563 -0.000513967 0.999998 -0.00164105 -0.00148614 0.00164095 0.999998 -0.0654237 -0.119023 -0.541228
FixedParameters: 0 0 0

#Transform 96
Transform: AffineTransform_float_3_3
Parameters: 0.999998 0.000832565 0.0017214 -0.000830323 0.999999 -0.00145371 -0.00172264 0.00145229 0.999998 -0.0931507 -0.115645 -0.520351
FixedParameters: 0 0 0

#Transform 97
Transform: AffineTransform_float_3_3
Parameters: 0.999998 0.000641687 0.00155816 -0.000640099 1 -0.00110064 -0.00155879 0.00109936 0.999998 -0.0647855 -0.112694 -0.530454
FixedParameters: 0 0 0

#Transform 98
Transform: AffineTransform_float_3_3
Parameters: 1 0.000402365 0.00109485 -0.000402182 1 -0.000504081 -0.00109486 0.000503919 0.999999 -0.050751 -0.0727178 -0.475203
FixedParameters: 0 0 0

#Transform 99
Transform: AffineTransform_float_3_3
Parameters: 0.999999 0.000377069 0.00175104 -0.000376184 1 -0.000515788 -0.00175104 0.000515213 0.999999 -0.0605884 -0.0822687 -0.514215
FixedParameters: 0 0 0

#Transform 100
Transform: AffineTransform_float_3_3
Parameters: 1 0.000382742 0.00104231 -0.000383566 1 -4.60401e-05 -0.00104196 4.59609e-05 1 -0.0399508 -0.0613126 -0.488505
FixedParameters: 0 0 0

#Transform 101
Transform: AffineTransform_float_3_3
Parameters: 0.999999 9.4477e-05 0.00151677 -9.38081e-05 1 -0.00022063 -0.00151681 0.000220369 0.999999 -0.0441957 -0.0559622 -0.467124
FixedParameters: 0 0 0

#Transform 102
Transform: AffineTransform_float_3_3
Parameters: 0.999998 0.000209871 0.00161028 -0.000208735 0.999999 -0.000638824 -0.00161016 0.000638175 0.999998 -0.0618917 -0.0673922 -0.494739
FixedParameters: 0 0 0

#Transform 103
Transform: AffineTransform_float_3_3
Parameters: 0.999999 0.000248475 0.0012167 -0.000248226 1 -0.00026279 -0.00121775 0.00026221 1 -0.0345183 -0.0755469 -0.450792
FixedParameters: 0 0 0

#Transform 104
Transform: AffineTransform_float_3_3
Parameters: 0.999999 0.000185107 0.00183247 -0.000184295 1 -0.000221466 -0.00183255 0.000221533 0.999999 -0.0581062 -0.0818609 -0.422116
FixedParameters: 0 0 0

#Transform 105
Transform: AffineTransform_float_3_3
Parameters: 0.999999 0.000260928 0.00127981 -0.000260682 1 -9.59741e-05 -0.00127986 9.60258e-05 0.999999 -0.0339407 -0.0744571 -0.449734
FixedParameters: 0 0 0

#Transform 106
Transform: AffineTransform_float_3_3
Parameters: 0.999999 0.000228808 0.00151495 -0.000229459 1 0.000215012 -0.00151485 -0.000214987 0.999999 -0.0477124 -0.0630789 -0.393548
FixedParameters: 0 0 0

#Transform 107
Transform: AffineTransform_float_3_3
Parameters: 0.999998 0.000260659 0.00198283 -0.00026028 1 -9.56443e-05 -0.00198288 9.53554e-05 0.999998 -0.0657782 -0.0558401 -0.407722
FixedParameters: 0 0 0

#Transform 108
Transform: AffineTransform_float_3_3
Parameters: 0.999998 0.000335783 0.00156532 -0.00033485 1 -0.000298165 -0.00156552 0.000297834 0.999998 -0.0486735 -0.0437819 -0.40318
FixedParameters: 0 0 0

#Transform 109
Transform: AffineTransform_float_3_3
Parameters: 0.999998 0.000392115 0.0019444 -0.000391706 1 -0.000105043 -0.00194448 0.000104957 0.999998 -0.0727729 -0.0470111 -0.405418
FixedParameters: 0 0 0

#Transform 110
Transform: AffineTransform_float_3_3
Parameters: 0.999999 0.00063643 0.00164075 -0.000636909 1 0.000145675 -0.00164057 -0.000146325 0.999999 -0.0788757 -0.040181 -0.40685
FixedParameters: 0 0 0

#Transform 111
Transform: AffineTransform_float_3_3
Parameters: 0.999997 0.000618592 0.00237838 -0.000618383 1 -4.43918e-05 -0.00237844 4.36078e-05 0.999997 -0.103215 -0.0494066 -0.376265
FixedParameters: 0 0 0

#Transform 112
Transform: AffineTransform_float_3_3
Parameters: 0.999997 0.000604816 0.00227888 -0.000604221 1 -0.000131146 -0.00227904 0.000129854 0.999998 -0.0822761 -0.0570206 -0.441437
FixedParameters: 0 0 0

#Transform 113
Transform: AffineTransform_float_3_3
Parameters: 0.999998 0.000429832 0.00225444 -0.000429181 1 -0.000348737 -0.00225435 0.000348264 0.999998 -0.0797008 -0.0527594 -0.37549
FixedParameters: 0 0 0

#Transform 114
Transform: AffineTransform_float_3_3
Parameters: 0.999997 0.000444692 0.00263833 -0.000442649 1 -0.000561579 -0.00263844 0.00056142 0.999996 -0.0980229 -0.0487087 -0.415486
FixedParameters: 0 0 0

#Transform 115
Transform: AffineTransform_float_3_3
Parameters: 0.999998 0.000492857 0.00222756 -0.000493183 1 -0.000134227 -0.0022273 0.000132775 0.999997 -0.081419 -0.0415369 -0.382762
FixedParameters: 0 0 0

#Transform 116
Transform: AffineTransform_float_3_3
Parameters: 0.999997 0.000545057 0.00266738 -0.000544293 1 -0.000561863 -0.00266813 0.000561139 0.999996 -0.102658 -0.0682994 -0.397938
FixedParameters: 0 0 0

#Transform 117
Transform: AffineTransform_float_3_3
Parameters: 0.999998 0.000441889 0.00224934 -0.000441057 1 -0.000389762 -0.00224929 0.000389239 0.999998 -0.0800982 -0.0634286 -0.413466
FixedParameters: 0 0 0

#Transform 118
Transform: AffineTransform_float_3_3
Parameters: 0.999998 0.000824216 0.0020868 -0.00082643 0.999999 0.000750356 -0.00208595 -0.000751642 0.999998 -0.108819 -0.0178887 -0.2463
FixedParameters: 0 0 0

#Transform 119
Transform: AffineTransform_float_3_3
Parameters: 0.999997 0.000762507 0.00260376 -0.000765459 0.999999 0.000919601 -0.00260314 -0.000921396 0.999996 -0.116968 -0.0276931 -0.334984
FixedParameters: 0 0 0

#Transform 120
Transform: AffineTransform_float_3_3
Parameters: 0.999997 0.00058116 0.00238943 -0.000583256 0.999999 0.00109748 -0.00238841 -0.00109952 0.999996 -0.0948035 -0.012249 -0.286504
FixedParameters: 0 0 0

#Transform 121
Transform: AffineTransform_float_3_3
Parameters: 0.999995 0.000870443 0.00284699 -0.000871444 0.999999 0.000728473 -0.00284597 -0.00073053 0.999996 -0.138273 -0.0168477 -0.313653
FixedParameters: 0 0 0

#Transform 122
Transform: AffineTransform_float_3_3
Parameters: 0.999995 0.00110297 0.00274845 -0.00110692 0.999999 0.00121955 -0.00274693 -0.00122344 0.999996 -0.148918 -0.0105737 -0.333656
FixedParameters: 0 0 0

#Transform 123
Transform: AffineTransform_float_3_3
Parameters: 0.999996 0.000820679 0.0025301 -0.000824922 0.999998 0.00156551 -0.00252909 -0.00156749 0.999996 -0.116463 -0.00475322 -0.262709
FixedParameters: 0 0 0

#Transform 124
Transform: AffineTransform_float_3_3
Parameters: 0.999994 0.0010591 0.00335219 -0.00106388 0.999998 0.00139875 -0.00335117 -0.00140225 0.999993 -0.160873 -0.0113614 -0.282652
FixedParameters: 0 0 0

#Transform 125
Transform: AffineTransform_float_3_3
Parameters: 0.999996 0.00102954 0.00257861 -0.00103486 0.999998 0.00174442 -0.00257657 -0.00174758 0.999995 -0.127025 0.00854729 -0.273048
FixedParameters: 0 0 0

#Transform 126
Transform: AffineTransform_float_3_3
Parameters: 0.999995 0.000954516 0.00308583 -0.000959305 0.999998 0.001584 -0.00308383 -0.001587 0.999994 -0.147139 0.00280588 -0.2558
FixedParameters: 0 0 0

#Transform 127
Transform: AffineTransform_float_3_3
Parameters: 0.999994 0.00106137 0.00336097 -0.00106642 0.999998 0.00149274 -0.00335882 -0.00149626 0.999993 -0.15228 -0.0178705 -0.311085
FixedParameters: 0 0 0

#Transform 128
Transform: AffineTransform_float_3_3
Parameters: 0.999995 0.00119866 0.00297616 -0.00120334 0.999998 0.00140322 -0.00297434 -0.00140677 0.999994 -0.153734 -0.02235 -0.261659
FixedParameters: 0 0 0

#Transform 129
Transform: AffineTransform_float_3_3
Parameters: 0.999994 0.00116845 0.00331691 -0.00117091 0.999999 0.000982434 -0.00331525 -0.00098657 0.999994 -0.159749 -0.0356528 -0.320291
FixedParameters: 0 0 0

#Transform 130
Transform: AffineTransform_float_3_3
Parameters: 0.999994 0.00135984 0.00335533 -0.00136412 0.999999 0.00118359 -0.00335367 -0.00118841 0.999993 -0.182376 -0.0262616 -0.262027
FixedParameters: 0 0 0

#Transform 131
Transform: AffineTransform_float_3_3
Parameters: 0.999992 0.00156813 0.00384056 -0.00157028 0.999999 0.000516211 -0.00383971 -0.000521789 0.999993 -0.206271 -0.0201264 -0.301117
FixedParameters: 0 0 0

#Transform 132
Transform: AffineTransform_float_3_3
Parameters: 0.999993 0.0013351 0.00328984 -0.00133692 0.999999 0.000413762 -0.00328911 -0.000418236 0.999994 -0.170447 -0.0282552 -0.325324
FixedParameters: 0 0 0

#Transform 133
Transform: AffineTransform_float_3_3
Parameters: 0.999991 0.00153456 0.00376138 -0.00153664 0.999999 0.000518102 -0.00376056 -0.000523898 0.999992 -0.208973 -0.0200073 -0.306929
FixedParameters: 0 0 0

#Transform 134
Transform: AffineTransform_float_3_3
Parameters: 0.999993 0.00112871 0.00337733 -0.00113 0.999999 0.000460497 -0.00337706 -0.000464504 0.999994 -0.164504 -0.0137498 -0.31913
FixedParameters: 0 0 0

#Transform 135
Transform: AffineTransform_float_3_3
Parameters: 0.999993 0.00133893 0.00328828 -0.00133677 0.999999 -0.000750883 -0.00328911 0.000747118 0.999995 -0.183778 -0.0731313 -0.571403
FixedParameters: 0 0 0

#Transform 136
Transform: AffineTransform_float_3_3
Parameters: 0.999994 0.00123318 0.00304417 -0.00123281 0.999999 -0.000212955 -0.00304429 0.000209045 0.999995 -0.164762 -0.0771127 -0.561289
FixedParameters: 0 0 0

#Transform 137
Transform: AffineTransform_float_3_3
Parameters: 0.999992 0.00117846 0.00385318 -0.00117634 0.999998 -0.000806356 -0.00385444 0.000801646 0.999992 -0.185653 -0.0893997 -0.588377
FixedParameters: 0 0 0

#Transform 138
Transform: AffineTransform_float_3_3
Parameters: 0.99999 0.00164465 0.00400371 -0.00164086 0.999998 -0.00105219 -0.0040052 0.00104481 0.999992 -0.212369 -0.0731237 -0.578832
FixedParameters: 0 0 0

#Transform 139
Transform: AffineTransform_float_3_3
Parameters: 0.999991 0.00146143 0.00414265 -0.00145638 0.999998 -0.00127866 -0.00414402 0.00127235 0.99999 -0.212945 -0.0260327 -0.577773
FixedParameters: 0 0 0

#Transform 140
Transform: AffineTransform_float_3_3
Parameters: 0.999993 0.00157729 0.00318722 -0.00157931 0.999998 0.000686336 -0.00318714 -0.000690667 0.999995 -0.201401 -0.023249 -0.49738
FixedParameters: 0 0 0

#Transform 141
Transform: AffineTransform_float_3_3
Parameters: 0.99999 0.00220457 0.0040587 -0.00220891 0.999997 0.000984337 -0.00405589 -0.000993661 0.999991 -0.262202 -0.0557879 -0.482114
FixedParameters: 0 0 0

#Transform 142
Transform: AffineTransform_float_3_3
Parameters: 0.99999 0.00215773 0.00388111 -0.00216362 0.999997 0.00141591 -0.00387824 -0.00142409 0.999992 -0.238514 -0.0504614 -0.498061
FixedParameters: 0 0 0

#Transform 143
Transform: AffineTransform_float_3_3
Parameters: 0.999992 0.00166797 0.00357467 -0.00167398 0.999997 0.00160975 -0.00357162 -0.00161524 0.999992 -0.208744 -0.0346546 -0.492638
FixedParameters: 0 0 0

#Transform 144
Transform: AffineTransform_float_3_3
Parameters: 0.99999 0.00203408 0.00398331 -0.0020393 0.999997 0.00134533 -0.00398015 -0.00135367 0.999991 -0.230673 -0.0655792 -0.575718
FixedParameters: 0 0 0

#Transform 145
Transform: AffineTransform_float_3_3
Parameters: 0.999991 0.00196325 0.00392417 -0.00196821 0.999998 0.00116422 -0.00392245 -0.00117178 0.999991 -0.228478 -0.0375475 -0.516629
FixedParameters: 0 0 0

#Transform 146
Transform: AffineTransform_float_3_3
Parameters: 0.99999 0.00184112 0.0042136 -0.00184226 0.999998 0.000350198 -0.00421308 -0.000357804 0.999991 -0.252664 -0.0465832 -0.531394
FixedParameters: 0 0 0

#Transform 147
Transform: AffineTransform_float_3_3
Parameters: 0.999989 0.00205326 0.00406838 -0.00205643 0.999998 0.000790293 -0.0040676 -0.000797709 0.999991 -0.249814 -0.0440369 -0.503452
FixedParameters: 0 0 0

#Transform 148
Transform: AffineTransform_float_3_3
Parameters: 0.99999 0.00196442 0.00407453 -0.00196757 0.999997 0.000834796 -0.0040728 -0.000842206 0.999992 -0.269105 -0.05411 -0.543301
FixedParameters: 0 0 0

#Transform 149
Transform: AffineTransform_float_3_3
Parameters: 0.99999 0.00194661 0.00400493 -0.00195015 0.999998 0.00066864 -0.00400309 -0.000676355 0.999992 -0.258722 -0.0448728 -0.529769
FixedParameters: 0 0 0

#Transform 150
Transform: AffineTransform_float_3_3
Parameters: 0.999989 0.00190526 0.00429399 -0.00190979 0.999998 0.00105877 -0.00429189 -0.00106723 0.999991 -0.246514 -0.0692807 -0.641462
FixedParameters: 0 0 0

#Transform 151
Transform: AffineTransform_float_3_3
Parameters: 0.999992 0.00200526 0.00352526 -0.00200867 0.999998 0.0011335 -0.00352265 -0.0011405 0.999993 -0.212227 -0.0622968 -0.574495
FixedParameters: 0 0 0

#Transform 152
Transform: AffineTransform_float_3_3
Parameters: 0.999992 0.00230468 0.00320385 -0.0023109 0.999995 0.00191267 -0.00319866 -0.00192033 0.999993 -0.24087 -0.0553199 -0.502773
FixedParameters: 0 0 0

#Transform 153
Transform: AffineTransform_float_3_3
Parameters: 0.999988 0.00209825 0.00438923 -0.00210231 0.999997 0.000728944 -0.00438824 -0.000738053 0.99999 -0.258393 -0.0880201 -0.58855
FixedParameters: 0 0 0

#Transform 154
Transform: AffineTransform_float_3_3
Parameters: 0.999989 0.00221324 0.0041635 -0.0022167 0.999997 0.00074243 -0.00416136 -0.000751567 0.999991 -0.242808 -0.0834423 -0.616434
FixedParameters: 0 0 0

#Transform 155
Transform: AffineTransform_float_3_3
Parameters: 0.999988 0.00248505 0.00438391 -0.00248737 0.999997 0.000678963 -0.00438207 -0.000690041 0.99999 -0.270911 -0.0699831 -0.612003
FixedParameters: 0 0 0

#Transform 156
Transform: AffineTransform_float_3_3
Parameters: 0.999986 0.00255088 0.00460377 -0.00255592 0.999997 0.000899464 -0.00460163 -0.000911534 0.999989 -0.287474 -0.065655 -0.665044
FixedParameters: 0 0 0

#Transform 157
Transform: AffineTransform_float_3_3
Parameters: 0.999988 0.00257249 0.00434403 -0.00257839 0.999996 0.00126467 -0.00434075 -0.00127632 0.99999 -0.285908 -0.0433137 -0.663087
FixedParameters: 0 0 0

#Transform 158
Transform: AffineTransform_float_3_3
Parameters: 0.999984 0.00276704 0.00480238 -0.00277263 0.999996 0.00115149 -0.00479831 -0.00116451 0.999988 -0.303689 -0.0949329 -0.72644
FixedParameters: 0 0 0

#Transform 159
Transform: AffineTransform_float_3_3
Parameters: 0.999987 0.00253534 0.00425201 -0.00254002 0.999996 0.00093271 -0.00424973 -0.000944288 0.99999 -0.289223 -0.0684466 -0.656113
FixedParameters: 0 0 0

#Transform 160
Transform: AffineTransform_float_3_3
Parameters: 0.999985 0.00252472 0.00490474 -0.00252891 0.999996 0.000796698 -0.00490225 -0.000809299 0.999987 -0.309995 -0.0921548 -0.680845
FixedParameters: 0 0 0

#Transform 161
Transform: AffineTransform_float_3_3
Parameters: 0.999984 0.00277014 0.00480058 -0.00277321 0.999996 0.000504479 -0.00479853 -0.000517516 0.999988 -0.298914 -0.0897981 -0.69782
FixedParameters: 0 0 0

#Transform 162
Transform: AffineTransform_float_3_3
Parameters: 0.999987 0.00254667 0.00427293 -0.0025489 0.999996 0.000470973 -0.00427129 -0.000482026 0.999991 -0.298834 -0.0704673 -0.618131
FixedParameters: 0 0 0

#Transform 163
Transform: AffineTransform_float_3_3
Parameters: 0.999982 0.00290773 0.00511084 -0.00290553 0.999995 -0.000454353 -0.00511135 0.000439648 0.999987 -0.31655 -0.0769416 -0.704042
FixedParameters: 0 0 0

#Transform 164
Transform: AffineTransform_float_3_3
Parameters: 0.999984 0.00277436 0.00479815 -0.00277227 0.999996 -0.000375523 -0.00479849 0.000362477 0.999988 -0.303103 -0.0926038 -0.671299
FixedParameters: 0 0 0

#Transform 165
Transform: AffineTransform_float_3_3
Parameters: 0.999983 0.00292399 0.00515302 -0.0029239 0.999995 -0.000194566 -0.00515333 0.000179438 0.999986 -0.323142 -0.100617 -0.710533
FixedParameters: 0 0 0

#Transform 166
Transform: AffineTransform_float_3_3
Parameters: 0.999984 0.0026392 0.00485567 -0.00263773 0.999996 -0.000212874 -0.00485545 0.000200125 0.999988 -0.303187 -0.0768391 -0.635698
FixedParameters: 0 0 0

#Transform 167
Transform: AffineTransform_float_3_3
Parameters: 0.999984 0.00277439 0.00479813 -0.00277224 0.999996 -0.00038237 -0.00479851 0.000368629 0.999988 -0.317944 -0.0883662 -0.678355
FixedParameters: 0 0 0

#Transform 168
Transform: AffineTransform_float_3_3
Parameters: 0.999985 0.0027451 0.00473368 -0.00274553 0.999996 -5.80599e-05 -0.00473357 4.49433e-05 0.999989 -0.312373 -0.0745853 -0.631516
FixedParameters: 0 0 0

#Transform 169
Transform: AffineTransform_float_3_3
Parameters: 0.999983 0.00292421 0.00516089 -0.00292679 0.999995 0.000293404 -0.00516044 -0.000308592 0.999986 -0.3412 -0.0895481 -0.669953
FixedParameters: 0 0 0

#Transform 170
Transform: AffineTransform_float_3_3
Parameters: 0.999983 0.00274681 0.00525666 -0.00274676 0.999996 7.62192e-05 -0.00525659 -9.07843e-05 0.999986 -0.315102 -0.0792966 -0.644342
FixedParameters: 0 0 0

#Transform 171
Transform: AffineTransform_float_3_3
Parameters: 0.999983 0.00299515 0.00512749 -0.00299579 0.999995 0.000233994 -0.00512683 -0.000249009 0.999986 -0.333939 -0.0901918 -0.703737
FixedParameters: 0 0 0

#Transform 172
Transform: AffineTransform_float_3_3
Parameters: 0.99998 0.00289307 0.0056367 -0.00289278 0.999996 4.7431e-05 -0.00563677 -6.35738e-05 0.999984 -0.340288 -0.0384121 -0.484345
FixedParameters: 0 0 0

#Transform 173
Transform: AffineTransform_float_3_3
Parameters: 0.999983 0.00364646 0.00469718 -0.00363846 0.999992 -0.00161574 -0.00470262 0.00159926 0.999988 -0.43367 -0.165457 -0.817596
FixedParameters: 0 0 0

#Transform 174
Transform: AffineTransform_float_3_3
Parameters: 0.999979 0.00374346 0.00524453 -0.00373633 0.999993 -0.00122952 -0.00524907 0.00120947 0.999985 -0.485631 -0.0546497 -0.49024
FixedParameters: 0 0 0

#Transform 175
Transform: AffineTransform_float_3_3
Parameters: 0.999975 0.00387044 0.00594953 -0.00386011 0.999991 -0.00174075 -0.00595637 0.00171825 0.999981 -0.450964 -0.104865 -0.666479
FixedParameters: 0 0 0

#Transform 176
Transform: AffineTransform_float_3_3
Parameters: 0.999978 0.003645 0.00542289 -0.00363593 0.999992 -0.00162178 -0.00542888 0.00160222 0.999984 -0.417104 -0.0832245 -0.671995
FixedParameters: 0 0 0

#Transform 177
Transform: AffineTransform_float_3_3
Parameters: 0.99998 0.00334732 0.00547617 -0.00333921 0.999993 -0.00135004 -0.00548017 0.00133196 0.999984 -0.453728 -0.0793232 -0.665806
FixedParameters: 0 0 0

#Transform 178
Transform: AffineTransform_float_3_3
Parameters: 0.999975 0.00386063 0.00592771 -0.00385117 0.999991 -0.00167361 -0.005934 0.00165139 0.999981 -0.431181 -0.110983 -0.779667
FixedParameters: 0 0 0

#Transform 179
Transform: AffineTransform_float_3_3
Parameters: 0.999974 0.00389669 0.00617072 -0.00389025 0.999992 -0.00109806 -0.00617513 0.00107494 0.999981 -0.443491 -0.0733906 -0.70538
FixedParameters: 0 0 0
