#Insight Transform File V1.0
#Transform 0
Transform: AffineTransform_float_3_3
Parameters: 0.999999 -9.24066e-05 0.000843453 9.1559e-05 1 0.00105408 -0.000844012 -0.00105392 0.999999 0.0878899 -0.0699411 -0.319873
FixedParameters: 0 0 0

#Transform 1
Transform: AffineTransform_float_3_3
Parameters: 0.999999 0.000726556 8.91939e-05 -0.000726597 0.999999 0.000229935 -8.88597e-05 -0.000230064 1 -0.0446763 0.0213659 -0.00438067
FixedParameters: 0 0 0

#Transform 2
Transform: AffineTransform_float_3_3
Parameters: 0.999999 0.00075713 0.000153345 -0.000757146 0.999999 4.98838e-05 -0.000153269 -5.0116e-05 1 -0.0662555 0.0356945 -0.0151923
FixedParameters: 0 0 0

#Transform 3
Transform: AffineTransform_float_3_3
Parameters: 0.999999 0.000756361 0.00054891 -0.000756458 1 8.84516e-05 -0.000548776 -8.85481e-05 0.999999 -0.0668383 0.0504622 -0.0506579
FixedParameters: 0 0 0

#Transform 4
Transform: AffineTransform_float_3_3
Parameters: 0.999999 0.000614945 0.000676338 -0.000615312 1 0.000271451 -0.000676004 -0.000271549 0.999999 -0.0630284 0.058628 -0.127039
FixedParameters: 0 0 0

#Transform 5
Transform: AffineTransform_float_3_3
Parameters: 1 0.000653162 0.000214761 -0.000653753 0.999999 0.000525859 -0.000215005 -0.00052614 1 -0.0585376 0.0507441 -0.1481
FixedParameters: 0 0 0

#Transform 6
Transform: AffineTransform_float_3_3
Parameters: 1 0.0010628 0.000333812 -0.00106382 0.999998 0.00182851 -0.000332151 -0.00182849 0.999998 -0.0903603 0.0111491 -0.0747999
FixedParameters: 0 0 0

#Transform 7
Transform: AffineTransform_float_3_3
Parameters: 0.999999 0.000595424 -0.00040521 -0.000594653 0.999999 0.00140024 0.000405945 -0.00139976 0.999999 -0.0899705 0.0280961 -0.0628482
FixedParameters: 0 0 0

#Transform 8
Transform: AffineTransform_float_3_3
Parameters: 1 0.00102262 0.000511664 -0.00102368 0.999999 0.000676477 -0.000511209 -0.000677524 1 -0.112412 -0.00390583 -0.11128
FixedParameters: 0 0 0

#Transform 9
Transform: AffineTransform_float_3_3
Parameters: 1 0.000186085 0.000126875 -0.000186137 1 0.000203976 -0.000126799 -0.000204024 1 -0.0662331 0.0341012 -0.14001
FixedParameters: 0 0 0

#Transform 10
Transform: AffineTransform_float_3_3
Parameters: 1 0.000664036 -0.000229566 -0.000663964 0.999999 -0.000637847 0.00022965 0.000638152 1 -0.0970546 0.0265875 -0.185376
FixedParameters: 0 0 0

#Transform 11
Transform: AffineTransform_float_3_3
Parameters: 1 0.000423653 0.000367596 -0.000423183 0.999999 -0.000638155 -0.000368137 0.000637844 0.999999 -0.0850446 0.0451759 -0.168123
FixedParameters: 0 0 0

#Transform 12
Transform: AffineTransform_float_3_3
Parameters: 0.999999 0.000718135 5.31615e-05 -0.000718057 0.999999 -0.000728171 -5.42078e-05 0.000728828 0.999999 -0.108184 0.0488157 -0.168494
FixedParameters: 0 0 0

#Transform 13
Transform: AffineTransform_float_3_3
Parameters: 1 0.000507532 0.000334544 -0.000506894 1 -0.000953171 -0.000335511 0.000952831 1 -0.0979614 0.0290964 -0.121417
FixedParameters: 0 0 0

#Transform 14
Transform: AffineTransform_float_3_3
Parameters: 0.999999 0.00068935 0.000531615 -0.000687774 0.999999 -0.00113837 -0.000532251 0.00113763 0.999999 -0.110083 0.0497436 -0.166906
FixedParameters: 0 0 0

#Transform 15
Transform: AffineTransform_float_3_3
Parameters: 0.999999 0.000564259 0.00048946 -0.000563695 0.999999 -0.00115528 -0.000489467 0.00115472 0.999999 -0.122034 0.041029 -0.123929
FixedParameters: 0 0 0

#Transform 16
Transform: AffineTransform_float_3_3
Parameters: 1 0.000220358 1.11587e-05 -0.000220334 1 -0.001031 -1.16131e-05 0.001031 1 -0.0970655 0.0375841 -0.13743
FixedParameters: 0 0 0

#Transform 17
Transform: AffineTransform_float_3_3
Parameters: 1 0.000479294 -0.000240286 -0.00047968 0.999998 -0.00156588 0.000239715 0.00156611 0.999998 -0.0887451 0.0475491 -0.16698
FixedParameters: 0 0 0

#Transform 18
Transform: AffineTransform_float_3_3
Parameters: 1 0.000326017 0.000280203 -0.000325209 0.999999 -0.000790091 -0.000279787 0.000789908 0.999999 -0.0984975 0.0668836 -0.145358
FixedParameters: 0 0 0

#Transform 19
Transform: AffineTransform_float_3_3
Parameters: 1 0.00024202 0.000262595 -0.000242131 0.999999 -0.00156006 -0.000262986 0.00155994 0.999998 -0.120447 0.0427514 -0.130657
FixedParameters: 0 0 0

#Transform 20
Transform: AffineTransform_float_3_3
Parameters: 1 0.000166566 0.000166576 -0.00016703 0.999999 -0.00140103 -0.000166679 0.00140097 0.999999 -0.0906273 0.0347929 -0.126198
FixedParameters: 0 0 0

#Transform 21
Transform: AffineTransform_float_3_3
Parameters: 1 -0.000115284 -6.2066e-06 0.000115265 0.999999 -0.001492 6.55058e-06 0.001492 0.999999 -0.114437 0.0547814 -0.119781
FixedParameters: 0 0 0

#Transform 22
Transform: AffineTransform_float_3_3
Parameters: 0.999999 -0.000406174 0.00069387 0.000407629 0.999999 -0.00131158 -0.000693734 0.00131142 0.999999 -0.102304 0.0425409 -0.0879371
FixedParameters: 0 0 0

#Transform 23
Transform: AffineTransform_float_3_3
Parameters: 0.999999 -0.000340858 0.000860358 0.000342684 0.999999 -0.00106157 -0.000859633 0.00106143 0.999999 -0.103126 0.0285566 -0.0731346
FixedParameters: 0 0 0

#Transform 24
Transform: AffineTransform_float_3_3
Parameters: 0.999999 -0.00023487 0.000692086 0.000236481 0.999999 -0.00142684 -0.000692345 0.00142716 0.999998 -0.0999345 0.0265779 -0.133767
FixedParameters: 0 0 0

#Transform 25
Transform: AffineTransform_float_3_3
Parameters: 0.999999 -0.000410216 0.000683624 0.000411614 0.999999 -0.00128872 -0.000683496 0.00128928 0.999999 -0.114227 0.0318267 -0.0966069
FixedParameters: 0 0 0

#Transform 26
Transform: AffineTransform_float_3_3
Parameters: 1 0.000168116 0.000604431 -0.000167143 0.999998 -0.0015751 -0.000604595 0.0015749 0.999998 -0.130774 0.0256319 -0.118912
FixedParameters: 0 0 0

#Transform 27
Transform: AffineTransform_float_3_3
Parameters: 0.999999 0.000147429 0.000785678 -0.000146111 0.999998 -0.00202411 -0.000785542 0.00202388 0.999997 -0.11623 0.0151932 -0.132965
FixedParameters: 0 0 0

#Transform 28
Transform: AffineTransform_float_3_3
Parameters: 1 -0.000112772 0.000600164 0.000113837 0.999998 -0.00196593 -0.000600284 0.00196607 0.999998 -0.0969627 0.0240745 -0.18206
FixedParameters: 0 0 0

#Transform 29
Transform: AffineTransform_float_3_3
Parameters: 0.999999 4.32583e-05 0.000996495 -4.19381e-05 0.999998 -0.00177991 -0.000996848 0.00177909 0.999998 -0.116292 0.0246646 -0.134808
FixedParameters: 0 0 0

#Transform 30
Transform: AffineTransform_float_3_3
Parameters: 1 3.39031e-05 0.000377883 -3.34123e-05 0.999998 -0.00188201 -0.000377645 0.00188199 0.999998 -0.0845155 0.0302979 -0.181429
FixedParameters: 0 0 0

#Transform 31
Transform: AffineTransform_float_3_3
Parameters: 1 0.000259009 0.000494509 -0.00025773 0.999999 -0.00129313 -0.000495177 0.00129287 0.999999 -0.0826403 0.0379594 -0.108075
FixedParameters: 0 0 0

#Transform 32
Transform: AffineTransform_float_3_3
Parameters: 1 0.000431101 0.000932968 -0.000430284 0.999999 -0.000937062 -0.00093341 0.000936937 0.999999 -0.11546 0.0544117 -0.0928877
FixedParameters: 0 0 0

#Transform 33
Transform: AffineTransform_float_3_3
Parameters: 1 0.000244372 0.000457283 -0.000243177 0.999999 -0.00130511 -0.000457919 0.00130489 0.999999 -0.113155 0.0390742 -0.13771
FixedParameters: 0 0 0

#Transform 34
Transform: AffineTransform_float_3_3
Parameters: 1 -9.80187e-05 0.000163246 9.85089e-05 0.999999 -0.00150298 -0.000162951 0.00150302 0.999999 -0.101259 0.0493957 -0.15162
FixedParameters: 0 0 0

#Transform 35
Transform: AffineTransform_float_3_3
Parameters: 0.999999 0.000417971 0.000841401 -0.00041684 0.999999 -0.00122535 -0.000842059 0.00122465 0.999999 -0.111635 0.0484358 -0.168932
FixedParameters: 0 0 0

#Transform 36
Transform: AffineTransform_float_3_3
Parameters: 1 0.000179346 0.000630107 -0.000178209 0.999998 -0.00163977 -0.000630329 0.00164023 0.999999 -0.109913 0.0313665 -0.191218
FixedParameters: 0 0 0

#Transform 37
Transform: AffineTransform_float_3_3
Parameters: 0.999999 7.62758e-05 0.00132503 -7.43246e-05 1 -0.00122476 -0.00132578 0.00122524 0.999999 -0.10501 0.0120926 -0.0676061
FixedParameters: 0 0 0

#Transform 38
Transform: AffineTransform_float_3_3
Parameters: 1 -3.81903e-05 0.00116394 4.07034e-05 0.999998 -0.00163561 -0.00116437 0.00163638 0.999998 -0.105562 0.0178048 -0.0890472
FixedParameters: 0 0 0

#Transform 39
Transform: AffineTransform_float_3_3
Parameters: 1 -9.89682e-05 0.00119446 0.00010124 0.999998 -0.00188375 -0.00119428 0.00188325 0.999997 -0.103757 0.0315339 -0.142315
FixedParameters: 0 0 0

#Transform 40
Transform: AffineTransform_float_3_3
Parameters: 0.999999 0.000152436 0.00134347 -0.000151109 0.999999 -0.00132273 -0.00134407 0.00132227 0.999999 -0.109826 0.0230969 -0.0820503
FixedParameters: 0 0 0

#Transform 41
Transform: AffineTransform_float_3_3
Parameters: 1 3.24116e-05 0.00119532 -3.03157e-05 0.999999 -0.00180804 -0.00119563 0.00180796 0.999997 -0.104685 0.0384723 -0.126314
FixedParameters: 0 0 0

#Transform 42
Transform: AffineTransform_float_3_3
Parameters: 0.999999 -9.23351e-05 0.00148327 9.50248e-05 0.999998 -0.00209352 -0.00148364 0.00209448 0.999996 -0.107897 0.0256767 -0.130586
FixedParameters: 0 0 0

#Transform 43
Transform: AffineTransform_float_3_3
Parameters: 0.999999 -0.000290131 0.00120481 0.000291835 0.999999 -0.00124465 -0.00120465 0.00124535 0.999998 -0.112162 0.0200152 -0.0646833
FixedParameters: 0 0 0

#Transform 44
Transform: AffineTransform_float_3_3
Parameters: 1 9.72053e-05 0.00105252 -9.54667e-05 0.999999 -0.00144076 -0.00105337 0.00144124 0.999999 -0.108155 0.036762 -0.0948076
FixedParameters: 0 0 0

#Transform 45
Transform: AffineTransform_float_3_3
Parameters: 1 -0.00032418 0.00116059 0.000326055 0.999999 -0.00176762 -0.00115964 0.00176838 0.999998 -0.0956344 0.0380297 -0.129573
FixedParameters: 0 0 0

#Transform 46
Transform: AffineTransform_float_3_3
Parameters: 0.999999 -0.000457205 0.000822858 0.000458861 0.999999 -0.00179462 -0.00082178 0.00179538 0.999998 -0.093929 0.032435 -0.147372
FixedParameters: 0 0 0

#Transform 47
Transform: AffineTransform_float_3_3
Parameters: 0.999999 -0.000416227 0.00126243 0.00041817 0.999998 -0.00179634 -0.00126207 0.00179666 0.999998 -0.118457 0.0235703 -0.12122
FixedParameters: 0 0 0

#Transform 48
Transform: AffineTransform_float_3_3
Parameters: 1 -0.000372836 0.00103767 0.000374658 0.999999 -0.00150261 -0.00103711 0.00150339 0.999998 -0.119439 0.0230568 -0.0932296
FixedParameters: 0 0 0

#Transform 49
Transform: AffineTransform_float_3_3
Parameters: 1 -7.64548e-05 0.000198846 7.58231e-05 0.999998 -0.00166898 -0.000199158 0.00166901 0.999998 -0.113928 0.0440008 -0.162318
FixedParameters: 0 0 0

#Transform 50
Transform: AffineTransform_float_3_3
Parameters: 1 0.00052751 0.000434624 -0.000525807 0.999996 -0.00260589 -0.000436073 0.00260611 0.999997 -0.167384 0.0659777 -0.195705
FixedParameters: 0 0 0

#Transform 51
Transform: AffineTransform_float_3_3
Parameters: 0.999999 -0.000282221 0.000753973 0.000283769 0.999998 -0.00188579 -0.000753472 0.00188621 0.999998 -0.143074 0.0405665 -0.117789
FixedParameters: 0 0 0

#Transform 52
Transform: AffineTransform_float_3_3
Parameters: 0.999999 -0.000359423 0.000784413 0.000361122 0.999998 -0.00191058 -0.000783602 0.00191042 0.999998 -0.1177 0.0308573 -0.136391
FixedParameters: 0 0 0

#Transform 53
Transform: AffineTransform_float_3_3
Parameters: 1 -0.000708147 0.000922032 0.000710327 0.999998 -0.00208455 -0.000920572 0.00208445 0.999997 -0.130138 0.0355398 -0.124008
FixedParameters: 0 0 0

#Transform 54
Transform: AffineTransform_float_3_3
Parameters: 1 -0.000708439 0.000921807 0.000710397 0.999998 -0.00176635 -0.000919866 0.00176765 0.999998 -0.127862 0.0295306 -0.107299
FixedParameters: 0 0 0

#Transform 55
Transform: AffineTransform_float_3_3
Parameters: 0.999999 -0.00052758 0.000685098 0.0005288 0.999998 -0.00183751 -0.000683723 0.00183749 0.999998 -0.122818 0.0138513 -0.142342
FixedParameters: 0 0 0

#Transform 56
Transform: AffineTransform_float_3_3
Parameters: 1 -0.000736898 0.000849347 0.000738495 0.999998 -0.00191837 -0.000848013 0.00191963 0.999998 -0.114155 0.0215199 -0.157936
FixedParameters: 0 0 0

#Transform 57
Transform: AffineTransform_float_3_3
Parameters: 1 -0.000708509 0.000921753 0.000710327 0.999999 -0.00169035 -0.00091992 0.00169165 0.999998 -0.130095 0.0258677 -0.0959797
FixedParameters: 0 0 0

#Transform 58
Transform: AffineTransform_float_3_3
Parameters: 0.999999 -0.000324941 0.00132671 0.000328 0.999998 -0.00212957 -0.00132645 0.00213043 0.999997 -0.129845 0.0236239 -0.135077
FixedParameters: 0 0 0

#Transform 59
Transform: AffineTransform_float_3_3
Parameters: 1 -0.000708448 0.000921801 0.000710389 0.999998 -0.00175721 -0.000919873 0.00175779 0.999998 -0.124933 0.0257165 -0.0936993
FixedParameters: 0 0 0

#Transform 60
Transform: AffineTransform_float_3_3
Parameters: 0.999999 -0.000614339 0.00116235 0.000615492 0.999999 -0.00105315 -0.00116162 0.00105385 0.999999 -0.135487 0.0276728 -0.0529683
FixedParameters: 0 0 0

#Transform 61
Transform: AffineTransform_float_3_3
Parameters: 0.999999 -0.000651677 0.0010667 0.000653318 0.999998 -0.00137717 -0.00106547 0.00137783 0.999998 -0.121409 0.0197932 -0.0825718
FixedParameters: 0 0 0

#Transform 62
Transform: AffineTransform_float_3_3
Parameters: 1 -0.000768556 0.000769213 0.000770892 0.999998 -0.00175728 -0.000767438 0.00175772 0.999999 -0.123359 0.0305863 -0.158672
FixedParameters: 0 0 0

#Transform 63
Transform: AffineTransform_float_3_3
Parameters: 0.999999 -0.000580168 0.00124744 0.000583255 0.999998 -0.00175714 -0.00124597 0.00175786 0.999998 -0.135566 0.0348288 -0.12465
FixedParameters: 0 0 0

#Transform 64
Transform: AffineTransform_float_3_3
Parameters: 0.999998 -0.00043594 0.00161398 0.000438666 0.999999 -0.00164716 -0.00161367 0.00164784 0.999997 -0.141633 0.0332529 -0.112173
FixedParameters: 0 0 0

#Transform 65
Transform: AffineTransform_float_3_3
Parameters: 0.999999 -0.000497306 0.00146014 0.000499004 0.999999 -0.00102514 -0.00145969 0.00102586 0.999998 -0.146549 0.0298919 -0.0865502
FixedParameters: 0 0 0

#Transform 66
Transform: AffineTransform_float_3_3
Parameters: 0.999999 -0.000567823 0.00110633 0.00056967 0.999997 -0.00200724 -0.00110518 0.00200776 0.999997 -0.136203 0.0385353 -0.137694
FixedParameters: 0 0 0

#Transform 67
Transform: AffineTransform_float_3_3
Parameters: 0.999999 -0.000445289 0.00134156 0.000447412 0.999998 -0.00175727 -0.00134112 0.00175773 0.999997 -0.138023 0.0337979 -0.166053
FixedParameters: 0 0 0

#Transform 68
Transform: AffineTransform_float_3_3
Parameters: 0.999999 -0.000503806 0.000962153 0.000504836 0.999999 -0.00120851 -0.0009615 0.00120948 0.999999 -0.157605 0.0203647 -0.112977
FixedParameters: 0 0 0

#Transform 69
Transform: AffineTransform_float_3_3
Parameters: 1 -0.000529707 0.000952491 0.000530974 0.999998 -0.0018355 -0.000950745 0.0018365 0.999998 -0.152182 0.0291516 -0.144974
FixedParameters: 0 0 0

#Transform 70
Transform: AffineTransform_float_3_3
Parameters: 0.999999 -0.000467391 0.00114151 0.000468553 1 -0.00148447 -0.00114032 0.00148554 0.999998 -0.145627 0.0222077 -0.150799
FixedParameters: 0 0 0

#Transform 71
Transform: AffineTransform_float_3_3
Parameters: 0.999999 -0.000766073 0.00116278 0.000767747 0.999998 -0.00183498 -0.0011611 0.00183602 0.999998 -0.150826 0.0274717 -0.13038
FixedParameters: 0 0 0

#Transform 72
Transform: AffineTransform_float_3_3
Parameters: 0.999999 -0.000343875 0.000785772 0.000345492 0.999998 -0.00185373 -0.00078506 0.00185427 0.999998 -0.138501 0.0274948 -0.144506
FixedParameters: 0 0 0

#Transform 73
Transform: AffineTransform_float_3_3
Parameters: 0.999999 -0.000782167 0.000309026 0.000782774 0.999999 -0.0015771 -0.000307489 0.0015769 0.999999 -0.125005 0.0209387 -0.156352
FixedParameters: 0 0 0

#Transform 74
Transform: AffineTransform_float_3_3
Parameters: 0.999999 -0.000976998 0.000826644 0.000978291 0.999998 -0.00178806 -0.000824644 0.00178894 0.999998 -0.141904 0.0260596 -0.121742
FixedParameters: 0 0 0

#Transform 75
Transform: AffineTransform_float_3_3
Parameters: 0.999999 -0.00105025 0.000855912 0.00105179 0.999997 -0.00208544 -0.000853956 0.00208656 0.999997 -0.132112 0.0244032 -0.121906
FixedParameters: 0 0 0

#Transform 76
Transform: AffineTransform_float_3_3
Parameters: 0.999999 -0.00117118 0.000903598 0.00117292 0.999997 -0.00208528 -0.000901137 0.00208672 0.999997 -0.120189 0.0344904 -0.131091
FixedParameters: 0 0 0

#Transform 77
Transform: AffineTransform_float_3_3
Parameters: 0.999999 -0.00109561 0.00109694 0.00109635 0.999999 -0.00109401 -0.00109604 0.001095 0.999999 -0.155008 0.0374048 -0.102239
FixedParameters: 0 0 0

#Transform 78
Transform: AffineTransform_float_3_3
Parameters: 0.999999 -0.000442724 0.00116461 0.000443598 1 -0.000931351 -0.00116435 0.00093165 0.999999 -0.155275 0.0589888 -0.136243
FixedParameters: 0 0 0

#Transform 79
Transform: AffineTransform_float_3_3
Parameters: 1 -0.00032795 0.00106413 0.000329104 0.999999 -0.00158831 -0.00106329 0.00158969 0.999998 -0.16441 0.0580878 -0.178259
FixedParameters: 0 0 0

#Transform 80
Transform: AffineTransform_float_3_3
Parameters: 1 -0.00015307 0.00116133 0.000153818 1 -0.000722482 -0.00116074 0.000723518 0.999999 -0.163768 0.054936 -0.150647
FixedParameters: 0 0 0

#Transform 81
Transform: AffineTransform_float_3_3
Parameters: 0.999999 9.47068e-05 0.00155396 -9.3175e-05 0.999999 -0.000792672 -0.00155374 0.000792326 0.999998 -0.187553 0.0687855 -0.149423
FixedParameters: 0 0 0

#Transform 82
Transform: AffineTransform_float_3_3
Parameters: 0.999999 0.000437256 0.00147975 -0.000433921 0.999998 -0.0020703 -0.00148046 0.00206969 0.999996 -0.170115 0.0453735 -0.218584
FixedParameters: 0 0 0

#Transform 83
Transform: AffineTransform_float_3_3
Parameters: 0.999999 0.000389607 0.0012061 -0.000387354 0.999999 -0.00132 -0.00120676 0.001319 0.999999 -0.161222 0.0629431 -0.237133
FixedParameters: 0 0 0

#Transform 84
Transform: AffineTransform_float_3_3
Parameters: 0.999999 0.000437589 0.00126355 -0.000434945 0.999998 -0.00178308 -0.00126437 0.00178192 0.999998 -0.167039 0.0598536 -0.173631
FixedParameters: 0 0 0

#Transform 85
Transform: AffineTransform_float_3_3
Parameters: 1 0.000394018 0.00115819 -0.000392532 0.999999 -0.00184712 -0.00115855 0.00184689 0.999998 -0.170133 0.0458926 -0.191023
FixedParameters: 0 0 0

#Transform 86
Transform: AffineTransform_float_3_3
Parameters: 0.999999 0.000427556 0.00122023 -0.000424973 0.999997 -0.00220218 -0.00122101 0.00220182 0.999997 -0.161204 0.0497326 -0.260226
FixedParameters: 0 0 0

#Transform 87
Transform: AffineTransform_float_3_3
Parameters: 0.999999 0.000668223 0.00132521 -0.00066546 0.999997 -0.00244654 -0.00132701 0.00244546 0.999996 -0.176736 0.060336 -0.327231
FixedParameters: 0 0 0

#Transform 88
Transform: AffineTransform_float_3_3
Parameters: 0.999999 0.000332785 0.000807187 -0.000330358 0.999997 -0.00265527 -0.000808218 0.00265473 0.999996 -0.149723 0.053304 -0.212397
FixedParameters: 0 0 0

#Transform 89
Transform: AffineTransform_float_3_3
Parameters: 0.999999 0.000614387 0.00127771 -0.000612074 0.999998 -0.00199744 -0.00127906 0.00199656 0.999997 -0.173288 0.0494014 -0.201689
FixedParameters: 0 0 0

#Transform 90
Transform: AffineTransform_float_3_3
Parameters: 0.999999 0.000487178 0.00145035 -0.000484502 0.999998 -0.00156436 -0.00145114 0.00156363 0.999997 -0.18261 0.0512852 -0.137352
FixedParameters: 0 0 0

#Transform 91
Transform: AffineTransform_float_3_3
Parameters: 0.999998 0.000343248 0.00158237 -0.000340043 0.999998 -0.0020102 -0.00158358 0.0020098 0.999996 -0.185862 0.0549274 -0.163702
FixedParameters: 0 0 0

#Transform 92
Transform: AffineTransform_float_3_3
Parameters: 0.999999 0.000706354 0.00108442 -0.000703689 0.999997 -0.00234743 -0.00108571 0.00234658 0.999997 -0.185492 0.0454428 -0.306736
FixedParameters: 0 0 0

#Transform 93
Transform: AffineTransform_float_3_3
Parameters: 0.999999 0.000548559 0.00146167 -0.000545896 0.999997 -0.00218412 -0.0014626 0.00218388 0.999997 -0.191758 0.04968 -0.238575
FixedParameters: 0 0 0

#Transform 94
Transform: AffineTransform_float_3_3
Parameters: 0.999999 0.000278709 0.00132736 -0.000276499 0.999997 -0.00237203 -0.00132815 0.00237197 0.999996 -0.178906 0.0619743 -0.228162
FixedParameters: 0 0 0

#Transform 95
Transform: AffineTransform_float_3_3
Parameters: 0.999999 0.000654573 0.00161765 -0.000650502 0.999997 -0.00240872 -0.00161933 0.00240728 0.999995 -0.171606 0.0475177 -0.276559
FixedParameters: 0 0 0

#Transform 96
Transform: AffineTransform_float_3_3
Parameters: 0.999998 0.000182578 0.00186813 -0.000178795 0.999998 -0.00185786 -0.00186864 0.00185713 0.999996 -0.173611 0.0507794 -0.217852
FixedParameters: 0 0 0

#Transform 97
Transform: AffineTransform_float_3_3
Parameters: 0.999999 0.000271404 0.00150643 -0.00026848 0.999998 -0.00201807 -0.00150736 0.00201793 0.999997 -0.173243 0.0555696 -0.212346
FixedParameters: 0 0 0

#Transform 98
Transform: AffineTransform_float_3_3
Parameters: 0.999999 0.000484427 0.00171811 -0.000480523 0.999997 -0.00232549 -0.00171983 0.00232451 0.999996 -0.175491 0.0482965 -0.267629
FixedParameters: 0 0 0

#Transform 99
Transform: AffineTransform_float_3_3
Parameters: 0.999998 0.0002135 0.00188927 -0.000210532 0.999998 -0.00186793 -0.00188954 0.00186707 0.999996 -0.168583 0.0341146 -0.219151
FixedParameters: 0 0 0

#Transform 100
Transform: AffineTransform_float_3_3
Parameters: 0.999998 -9.1238e-05 0.00169439 9.4245e-05 0.999998 -0.00181937 -0.00169389 0.00181963 0.999997 -0.175633 0.0401219 -0.175303
FixedParameters: 0 0 0

#Transform 101
Transform: AffineTransform_float_3_3
Parameters: 0.999999 -0.000411049 0.00145655 0.000414362 0.999997 -0.00234726 -0.00145538 0.00234773 0.999996 -0.158088 0.0294909 -0.167294
FixedParameters: 0 0 0

#Transform 102
Transform: AffineTransform_float_3_3
Parameters: 0.999999 -0.000583116 0.00167411 0.000585537 0.999999 -0.00166689 -0.001672 0.00166811 0.999997 -0.152358 0.023188 -0.100671
FixedParameters: 0 0 0

#Transform 103
Transform: AffineTransform_float_3_3
Parameters: 0.999998 -0.000470018 0.00162992 0.000472956 0.999999 -0.0019821 -0.00162882 0.0019829 0.999997 -0.155013 0.0267755 -0.182064
FixedParameters: 0 0 0

#Transform 104
Transform: AffineTransform_float_3_3
Parameters: 0.999998 -0.000865104 0.00178593 0.000868902 0.999997 -0.00215218 -0.00178389 0.00215381 0.999996 -0.143877 0.0359314 -0.157693
FixedParameters: 0 0 0

#Transform 105
Transform: AffineTransform_float_3_3
Parameters: 0.999999 -0.000627933 0.00123749 0.000630245 0.999998 -0.00198243 -0.00123613 0.00198257 0.999997 -0.146388 0.0333911 -0.189415
FixedParameters: 0 0 0

#Transform 106
Transform: AffineTransform_float_3_3
Parameters: 0.999998 -0.000665167 0.00151274 0.000667066 0.999999 -0.00148473 -0.00151189 0.00148527 0.999998 -0.1461 0.0352969 -0.244697
FixedParameters: 0 0 0

#Transform 107
Transform: AffineTransform_float_3_3
Parameters: 0.999999 -0.000120016 0.00149161 0.000122237 0.999999 -0.00149048 -0.00149145 0.00149152 0.999997 -0.165238 0.0492658 -0.178444
FixedParameters: 0 0 0

#Transform 108
Transform: AffineTransform_float_3_3
Parameters: 0.999999 -1.60158e-05 0.00145096 1.95436e-05 0.999998 -0.00198263 -0.00145109 0.00198337 0.999997 -0.168567 0.0630509 -0.173533
FixedParameters: 0 0 0

#Transform 109
Transform: AffineTransform_float_3_3
Parameters: 0.999998 -6.8568e-05 0.00190432 7.13932e-05 0.999999 -0.00132639 -0.00190433 0.00132661 0.999997 -0.183086 0.0619731 -0.223386
FixedParameters: 0 0 0

#Transform 110
Transform: AffineTransform_float_3_3
Parameters: 0.999998 -0.000452893 0.00198204 0.000456762 0.999998 -0.00186449 -0.00198111 0.00186551 0.999996 -0.186339 0.0709995 -0.182821
FixedParameters: 0 0 0

#Transform 111
Transform: AffineTransform_float_3_3
Parameters: 0.999999 -0.000117318 0.00178322 0.00012067 0.999998 -0.00192731 -0.00178353 0.00192768 0.999996 -0.181948 0.0710215 -0.17805
FixedParameters: 0 0 0

#Transform 112
Transform: AffineTransform_float_3_3
Parameters: 0.999997 0.000278216 0.0021183 -0.000275008 0.999999 -0.00150277 -0.00211897 0.00150223 0.999996 -0.183182 0.0701881 -0.158023
FixedParameters: 0 0 0

#Transform 113
Transform: AffineTransform_float_3_3
Parameters: 0.999998 0.000231775 0.00210776 -0.000228193 0.999999 -0.00181967 -0.00210807 0.00181933 0.999996 -0.169775 0.0563004 -0.169926
FixedParameters: 0 0 0

#Transform 114
Transform: AffineTransform_float_3_3
Parameters: 0.999998 0.000190971 0.00231073 -0.000187418 0.999999 -0.00165363 -0.00231083 0.00165338 0.999996 -0.189107 0.0636682 -0.102736
FixedParameters: 0 0 0

#Transform 115
Transform: AffineTransform_float_3_3
Parameters: 0.999999 0.00018594 0.00177547 -0.000182303 0.999998 -0.00191385 -0.00177602 0.00191315 0.999996 -0.184409 0.0615299 -0.189218
FixedParameters: 0 0 0

#Transform 116
Transform: AffineTransform_float_3_3
Parameters: 0.999998 1.23543e-05 0.00159669 -9.28386e-06 0.999998 -0.00195054 -0.00159657 0.00195046 0.999997 -0.165881 0.0502433 -0.250499
FixedParameters: 0 0 0

#Transform 117
Transform: AffineTransform_float_3_3
Parameters: 0.999998 -0.000215095 0.00192586 0.000218753 0.999998 -0.00176998 -0.00192493 0.00177002 0.999997 -0.169932 0.0580643 -0.228613
FixedParameters: 0 0 0

#Transform 118
Transform: AffineTransform_float_3_3
Parameters: 0.999999 -0.000286716 0.0016879 0.000289574 0.999998 -0.00216638 -0.00168706 0.00216662 0.999996 -0.167478 0.0614181 -0.217756
FixedParameters: 0 0 0

#Transform 119
Transform: AffineTransform_float_3_3
Parameters: 0.999999 -9.14479e-05 0.00171369 9.48674e-05 0.999999 -0.00164771 -0.00171358 0.00164729 0.999997 -0.149312 0.0723557 -0.222339
FixedParameters: 0 0 0

#Transform 120
Transform: AffineTransform_float_3_3
Parameters: 0.999998 -8.54523e-05 0.00205003 8.94251e-05 0.999998 -0.00182821 -0.00205048 0.00182778 0.999996 -0.161894 0.0547331 -0.203914
FixedParameters: 0 0 0

#Transform 121
Transform: AffineTransform_float_3_3
Parameters: 0.999999 -0.000293892 0.00178511 0.000297319 0.999998 -0.00194687 -0.00178473 0.00194713 0.999997 -0.164888 0.0370549 -0.203149
FixedParameters: 0 0 0

#Transform 122
Transform: AffineTransform_float_3_3
Parameters: 0.999999 -0.000245918 0.00147511 0.000249205 0.999998 -0.0021855 -0.00147386 0.0021855 0.999996 -0.158133 0.0291413 -0.285271
FixedParameters: 0 0 0

#Transform 123
Transform: AffineTransform_float_3_3
Parameters: 0.999999 -0.000133397 0.00174409 0.000135604 0.999998 -0.00153829 -0.00174351 0.00153871 0.999997 -0.170606 0.0366558 -0.217524
FixedParameters: 0 0 0

#Transform 124
Transform: AffineTransform_float_3_3
Parameters: 0.999998 -0.000225111 0.00225855 0.000229005 0.999999 -0.00164188 -0.00225857 0.00164212 0.999996 -0.178634 0.0493022 -0.159948
FixedParameters: 0 0 0

#Transform 125
Transform: AffineTransform_float_3_3
Parameters: 0.999998 -0.00030107 0.00206593 0.000304468 0.999999 -0.00158677 -0.00206481 0.00158723 0.999997 -0.172558 0.0452892 -0.143353
FixedParameters: 0 0 0

#Transform 126
Transform: AffineTransform_float_3_3
Parameters: 0.999997 -0.000359135 0.00214526 0.000363215 0.999998 -0.00207362 -0.0021451 0.00207438 0.999996 -0.157327 0.0527464 -0.240066
FixedParameters: 0 0 0

#Transform 127
Transform: AffineTransform_float_3_3
Parameters: 0.999999 -0.000628056 0.00173397 0.000631879 0.999998 -0.00184943 -0.00173277 0.00185156 0.999997 -0.165022 0.0611862 -0.193733
FixedParameters: 0 0 0

#Transform 128
Transform: AffineTransform_float_3_3
Parameters: 0.999998 -0.000401751 0.00155783 0.000404282 0.999998 -0.0019429 -0.00155703 0.0019441 0.999997 -0.171304 0.0552553 -0.220159
FixedParameters: 0 0 0

#Transform 129
Transform: AffineTransform_float_3_3
Parameters: 0.999999 -0.00042268 0.001801 0.000424647 0.999999 -0.0015241 -0.00180047 0.0015249 0.999997 -0.160603 0.0675667 -0.264589
FixedParameters: 0 0 0

#Transform 130
Transform: AffineTransform_float_3_3
Parameters: 0.999998 -0.000559086 0.00186739 0.000561959 0.999999 -0.00136569 -0.00186606 0.00136631 0.999997 -0.168338 0.0708674 -0.200824
FixedParameters: 0 0 0

#Transform 131
Transform: AffineTransform_float_3_3
Parameters: 0.999999 -3.36665e-05 0.00182077 3.64158e-05 0.999999 -0.00136646 -0.00182087 0.00136654 0.999997 -0.182696 0.0810657 -0.200557
FixedParameters: 0 0 0

#Transform 132
Transform: AffineTransform_float_3_3
Parameters: 0.999998 -0.000121301 0.00204868 0.000124673 0.999999 -0.00136593 -0.00204855 0.00136706 0.999997 -0.179958 0.0807233 -0.262962
FixedParameters: 0 0 0

#Transform 133
Transform: AffineTransform_float_3_3
Parameters: 0.999997 -0.000357667 0.0021422 0.000361851 0.999998 -0.00179862 -0.00214168 0.00179938 0.999996 -0.177318 0.0801581 -0.193142
FixedParameters: 0 0 0

#Transform 134
Transform: AffineTransform_float_3_3
Parameters: 0.999998 -0.000849589 0.00188902 0.000853744 0.999998 -0.00188213 -0.00188788 0.00188387 0.999997 -0.161069 0.0663947 -0.121777
FixedParameters: 0 0 0

#Transform 135
Transform: AffineTransform_float_3_3
Parameters: 0.999997 -0.000670063 0.00201959 0.000672987 0.999999 -0.00136538 -0.00201889 0.00136662 0.999997 -0.175951 0.0708252 -0.113444
FixedParameters: 0 0 0

#Transform 136
Transform: AffineTransform_float_3_3
Parameters: 0.999998 -0.000621942 0.00224567 0.000625484 0.999999 -0.00136499 -0.0022451 0.00136701 0.999997 -0.15574 0.0649407 -0.0842658
FixedParameters: 0 0 0

#Transform 137
Transform: AffineTransform_float_3_3
Parameters: 0.999998 -0.000621942 0.00224567 0.000625484 0.999999 -0.00136499 -0.0022451 0.00136701 0.999997 -0.170841 0.0593933 -0.0920258
FixedParameters: 0 0 0

#Transform 138
Transform: AffineTransform_float_3_3
Parameters: 0.999997 -0.000243289 0.00238175 0.000247464 0.999999 -0.00161547 -0.00238173 0.00161653 0.999996 -0.160807 0.0415418 -0.231046
FixedParameters: 0 0 0

#Transform 139
Transform: AffineTransform_float_3_3
Parameters: 0.999998 -0.000159455 0.00206369 0.000161934 0.999999 -0.00136572 -0.00206309 0.00136628 0.999997 -0.172787 0.0549971 -0.198414
FixedParameters: 0 0 0

#Transform 140
Transform: AffineTransform_float_3_3
Parameters: 0.999998 -0.000256105 0.00210179 0.000258945 0.999999 -0.00142685 -0.00210089 0.00142715 0.999997 -0.164884 0.0810656 -0.193202
FixedParameters: 0 0 0

#Transform 141
Transform: AffineTransform_float_3_3
Parameters: 0.999998 -0.000311021 0.00204743 0.000311906 1 -0.000759757 -0.00204716 0.000760244 0.999998 -0.151805 0.0895075 -0.201069
FixedParameters: 0 0 0

#Transform 142
Transform: AffineTransform_float_3_3
Parameters: 0.999997 -0.000295542 0.00219747 0.000297919 0.999999 -0.00104761 -0.00219705 0.00104739 0.999997 -0.166969 0.0945129 -0.180189
FixedParameters: 0 0 0

#Transform 143
Transform: AffineTransform_float_3_3
Parameters: 0.999996 -9.75377e-05 0.00259679 0.000100219 0.999999 -0.00112433 -0.00259641 0.00112468 0.999997 -0.178958 0.0772394 -0.222667
FixedParameters: 0 0 0

#Transform 144
Transform: AffineTransform_float_3_3
Parameters: 0.999998 -0.000609157 0.00195064 0.000610553 1 -0.000689205 -0.00195036 0.000690796 0.999998 -0.178812 0.0504835 -0.180873
FixedParameters: 0 0 0

#Transform 145
Transform: AffineTransform_float_3_3
Parameters: 0.999998 -0.000538583 0.00215929 0.000541431 0.999999 -0.0014751 -0.00215847 0.00147591 0.999997 -0.148685 0.060676 -0.268926
FixedParameters: 0 0 0

#Transform 146
Transform: AffineTransform_float_3_3
Parameters: 0.999998 -0.000650337 0.00187627 0.000652453 0.999999 -0.00125451 -0.00187577 0.00125549 0.999998 -0.166773 0.0675683 -0.267181
FixedParameters: 0 0 0

#Transform 147
Transform: AffineTransform_float_3_3
Parameters: 0.999998 -0.000700469 0.00190227 0.000702585 1 -0.0011414 -0.00190087 0.0011426 0.999998 -0.171273 0.0560263 -0.246986
FixedParameters: 0 0 0

#Transform 148
Transform: AffineTransform_float_3_3
Parameters: 0.999998 -0.000833101 0.00141112 0.000834564 0.999999 -0.00143669 -0.00140986 0.00143831 0.999998 -0.155687 0.0365865 -0.25226
FixedParameters: 0 0 0

#Transform 149
Transform: AffineTransform_float_3_3
Parameters: 0.999998 -0.000833882 0.00141066 0.000835078 0.999999 -0.00088269 -0.00140975 0.00088431 0.999999 -0.148344 0.0421107 -0.259668
FixedParameters: 0 0 0

#Transform 150
Transform: AffineTransform_float_3_3
Parameters: 0.999998 -0.000597806 0.00201187 0.000599733 0.999999 -0.000800189 -0.00201147 0.00080181 0.999998 -0.163172 0.06143 -0.241787
FixedParameters: 0 0 0

#Transform 151
Transform: AffineTransform_float_3_3
Parameters: 0.999998 -0.000680365 0.00180075 0.000681533 0.999999 -0.00104317 -0.00180046 0.00104483 0.999998 -0.151782 0.0406618 -0.276025
FixedParameters: 0 0 0

#Transform 152
Transform: AffineTransform_float_3_3
Parameters: 0.999998 -0.000669307 0.00182949 0.000671265 0.999999 -0.00088864 -0.00182887 0.000890358 0.999997 -0.129873 0.0564426 -0.272211
FixedParameters: 0 0 0

#Transform 153
Transform: AffineTransform_float_3_3
Parameters: 0.999997 -0.00106769 0.00222591 0.0010697 0.999999 -0.00103122 -0.00222483 0.00103378 0.999997 -0.128433 0.0679538 -0.233449
FixedParameters: 0 0 0

#Transform 154
Transform: AffineTransform_float_3_3
Parameters: 0.999997 -0.000592756 0.00204005 0.000595888 0.999998 -0.00163105 -0.00203888 0.00163195 0.999997 -0.162206 0.0857118 -0.206484
FixedParameters: 0 0 0

#Transform 155
Transform: AffineTransform_float_3_3
Parameters: 0.999998 -0.000500363 0.00227284 0.000504548 0.999998 -0.00198025 -0.00227218 0.00198175 0.999995 -0.153812 0.0860222 -0.240804
FixedParameters: 0 0 0

#Transform 156
Transform: AffineTransform_float_3_3
Parameters: 0.999997 -0.000593451 0.00203985 0.000596127 0.999999 -0.00129139 -0.00203944 0.00129161 0.999997 -0.161987 0.0888693 -0.334448
FixedParameters: 0 0 0

#Transform 157
Transform: AffineTransform_float_3_3
Parameters: 0.999998 -0.000213771 0.00189002 0.000215497 1 -0.000799122 -0.00189024 0.000799879 0.999998 -0.172784 0.0804678 -0.290366
FixedParameters: 0 0 0

#Transform 158
Transform: AffineTransform_float_3_3
Parameters: 0.999998 0.000122159 0.00206773 -0.000120545 0.999999 -0.00115431 -0.00206784 0.0011537 0.999998 -0.175114 0.0930207 -0.360585
FixedParameters: 0 0 0

#Transform 159
Transform: AffineTransform_float_3_3
Parameters: 0.999997 6.27888e-05 0.0024195 -6.05906e-05 1 -0.000722203 -0.00242015 0.000721796 0.999997 -0.190248 0.0822082 -0.335871
FixedParameters: 0 0 0

#Transform 160
Transform: AffineTransform_float_3_3
Parameters: 0.999998 -5.93273e-05 0.00207892 6.1911e-05 0.999999 -0.00115693 -0.00207898 0.00115707 0.999998 -0.194542 0.0909374 -0.307201
FixedParameters: 0 0 0

#Transform 161
Transform: AffineTransform_float_3_3
Parameters: 0.999998 2.03104e-05 0.00208328 -1.75376e-05 0.999999 -0.00142323 -0.00208317 0.00142377 0.999997 -0.19107 0.0786848 -0.311998
FixedParameters: 0 0 0

#Transform 162
Transform: AffineTransform_float_3_3
Parameters: 0.999998 -0.000311155 0.00209016 0.000314604 0.999999 -0.00144474 -0.00209039 0.00144526 0.999997 -0.177917 0.0644463 -0.234621
FixedParameters: 0 0 0

#Transform 163
Transform: AffineTransform_float_3_3
Parameters: 0.999996 -0.000637206 0.00250118 0.000641093 0.999999 -0.00148066 -0.00250005 0.00148234 0.999995 -0.161986 0.0638393 -0.227458
FixedParameters: 0 0 0

#Transform 164
Transform: AffineTransform_float_3_3
Parameters: 0.999998 -0.000727937 0.00214635 0.000730539 0.999999 -0.00120917 -0.00214572 0.00121083 0.999997 -0.164775 0.0624729 -0.228239
FixedParameters: 0 0 0

#Transform 165
Transform: AffineTransform_float_3_3
Parameters: 0.999997 -0.000169406 0.00240089 0.000173421 0.999999 -0.00149364 -0.00240021 0.00149436 0.999996 -0.157774 0.0531393 -0.293787
FixedParameters: 0 0 0

#Transform 166
Transform: AffineTransform_float_3_3
Parameters: 0.999998 -0.000268916 0.00159906 0.000270659 1 -0.000836435 -0.00159825 0.000836564 0.999998 -0.163871 0.0615274 -0.265939
FixedParameters: 0 0 0

#Transform 167
Transform: AffineTransform_float_3_3
Parameters: 0.999998 -0.000107979 0.00205211 0.000110379 0.999998 -0.00144283 -0.00205256 0.00144317 0.999997 -0.176124 0.0801491 -0.263212
FixedParameters: 0 0 0

#Transform 168
Transform: AffineTransform_float_3_3
Parameters: 0.999998 -3.8153e-05 0.00194201 4.124e-05 0.999999 -0.00160832 -0.00194172 0.00160768 0.999997 -0.155179 0.0687944 -0.344921
FixedParameters: 0 0 0

#Transform 169
Transform: AffineTransform_float_3_3
Parameters: 0.999998 -0.000219795 0.00189891 0.000221854 1 -0.000883108 -0.00189909 0.000883892 0.999998 -0.172924 0.0871891 -0.269909
FixedParameters: 0 0 0

#Transform 170
Transform: AffineTransform_float_3_3
Parameters: 0.999999 -0.00030435 0.00181101 0.000306348 0.999999 -0.00116597 -0.0018105 0.00116703 0.999998 -0.17268 0.106133 -0.265184
FixedParameters: 0 0 0

#Transform 171
Transform: AffineTransform_float_3_3
Parameters: 0.999998 -0.000348235 0.00196868 0.000349354 1 -0.000849708 -0.00196829 0.000850293 0.999998 -0.178961 0.107386 -0.309218
FixedParameters: 0 0 0

#Transform 172
Transform: AffineTransform_float_3_3
Parameters: 0.999998 -0.000440807 0.00221538 0.000442777 1 -0.000654415 -0.00221443 0.000655584 0.999997 -0.18859 0.0930227 -0.23613
FixedParameters: 0 0 0

#Transform 173
Transform: AffineTransform_float_3_3
Parameters: 0.999999 -0.0006294 0.00171959 0.000630712 0.999999 -0.00113431 -0.00171929 0.00113569 0.999998 -0.181616 0.100204 -0.276115
FixedParameters: 0 0 0

#Transform 174
Transform: AffineTransform_float_3_3
Parameters: 0.999998 -0.00072415 0.00199222 0.000727155 0.999999 -0.00117029 -0.00199202 0.00117171 0.999997 -0.160677 0.116 -0.303046
FixedParameters: 0 0 0

#Transform 175
Transform: AffineTransform_float_3_3
Parameters: 0.999997 -0.000706025 0.00254302 0.000709166 0.999999 -0.00130946 -0.00254193 0.00131154 0.999996 -0.177889 0.122801 -0.224456
FixedParameters: 0 0 0

#Transform 176
Transform: AffineTransform_float_3_3
Parameters: 0.999998 -0.000664908 0.00196869 0.00066722 0.999999 -0.00100808 -0.00196884 0.00100992 0.999998 -0.177005 0.106841 -0.258531
FixedParameters: 0 0 0

#Transform 177
Transform: AffineTransform_float_3_3
Parameters: 0.999998 -0.000341341 0.00222702 0.000343715 1 -0.00082363 -0.00222702 0.000824368 0.999997 -0.169197 0.107603 -0.281582
FixedParameters: 0 0 0

#Transform 178
Transform: AffineTransform_float_3_3
Parameters: 0.999997 -0.000479517 0.00236051 0.000481131 1 -0.000616127 -0.00236049 0.000616873 0.999997 -0.192428 0.123341 -0.238081
FixedParameters: 0 0 0

#Transform 179
Transform: AffineTransform_float_3_3
Parameters: 0.999997 -0.000609044 0.00207475 0.000611471 1 -0.00112147 -0.00207359 0.00112253 0.999997 -0.17167 0.118767 -0.262206
FixedParameters: 0 0 0
