#Insight Transform File V1.0
#Transform 0
Transform: AffineTransform_float_3_3
Parameters: 1 0.000389391 -0.000282842 -0.000389644 1 -0.00044789 0.000282493 0.00044811 1 -0.0691589 0.0879718 0.327936
FixedParameters: 0 0 0

#Transform 1
Transform: AffineTransform_float_3_3
Parameters: 0.999999 0.00064342 -0.000293634 -0.000643716 1 0.000160189 0.000292919 -0.000159812 1 -0.00877035 0.0454044 -0.0865978
FixedParameters: 0 0 0

#Transform 2
Transform: AffineTransform_float_3_3
Parameters: 1 0.000187237 -0.00037048 -0.000186931 1 0.000412069 0.000370634 -0.000411931 1 0.00722251 0.0823873 -0.134759
FixedParameters: 0 0 0

#Transform 3
Transform: AffineTransform_float_3_3
Parameters: 1 0.000253385 -0.000513836 -0.000253345 1 3.91302e-05 0.000513856 -3.88699e-05 1 0.00199876 0.0922338 -0.148495
FixedParameters: 0 0 0

#Transform 4
Transform: AffineTransform_float_3_3
Parameters: 1 6.2393e-05 -0.000216555 -6.22743e-05 1 0.000274013 0.000216589 -0.000273986 1 -0.000303957 0.0932253 -0.156563
FixedParameters: 0 0 0

#Transform 5
Transform: AffineTransform_float_3_3
Parameters: 1 0.000297359 -5.43935e-05 -0.000297315 1 0.000400016 5.46313e-05 -0.000399984 1 0.00555149 0.0901351 -0.12787
FixedParameters: 0 0 0

#Transform 6
Transform: AffineTransform_float_3_3
Parameters: 1 0.000492205 -0.000353134 -0.000491896 1 0.000437174 0.000353564 -0.000436826 1 0.0121091 0.0847272 -0.151434
FixedParameters: 0 0 0

#Transform 7
Transform: AffineTransform_float_3_3
Parameters: 1 0.000242184 -4.61719e-05 -0.000242135 1 0.000528858 4.64279e-05 -0.000528141 0.999999 0.00671353 0.0821418 -0.166219
FixedParameters: 0 0 0

#Transform 8
Transform: AffineTransform_float_3_3
Parameters: 1 0.000184144 -0.000193267 -0.000184068 1 0.000196036 0.000193339 -0.000195964 1 0.00451787 0.0898466 -0.212432
FixedParameters: 0 0 0

#Transform 9
Transform: AffineTransform_float_3_3
Parameters: 1 0.000177582 -0.000277569 -0.000177821 1 -0.000430951 0.000277416 0.000431049 1 0.00971134 0.0856758 -0.209118
FixedParameters: 0 0 0

#Transform 10
Transform: AffineTransform_float_3_3
Parameters: 1 -6.2644e-06 -0.000249497 5.6616e-06 1 -0.001208 0.000249512 0.001208 0.999999 0.00371495 0.0757622 -0.250038
FixedParameters: 0 0 0

#Transform 11
Transform: AffineTransform_float_3_3
Parameters: 1 -1.97397e-06 -0.000239377 1.3559e-06 0.999999 -0.001291 0.000239381 0.001291 0.999999 0.00211489 0.0637356 -0.201256
FixedParameters: 0 0 0

#Transform 12
Transform: AffineTransform_float_3_3
Parameters: 1 -7.41153e-05 -0.000408651 7.30035e-05 0.999999 -0.00136003 0.000408851 0.00135997 0.999999 -0.0011808 0.0685604 -0.213028
FixedParameters: 0 0 0

#Transform 13
Transform: AffineTransform_float_3_3
Parameters: 1 -0.000132525 -0.000545726 0.000131032 0.999999 -0.00136707 0.000546086 0.00136693 0.999999 0.00710055 0.0616477 -0.207532
FixedParameters: 0 0 0

#Transform 14
Transform: AffineTransform_float_3_3
Parameters: 1 -0.000377958 -0.000287995 0.000377422 0.999999 -0.000929108 0.000288697 0.00092889 0.999999 0.00350144 0.0613836 -0.171975
FixedParameters: 0 0 0

#Transform 15
Transform: AffineTransform_float_3_3
Parameters: 1 -0.000559012 -0.000334548 0.000558844 0.999998 -0.00162419 0.000335973 0.00162381 0.999998 0.0116105 0.0599771 -0.206271
FixedParameters: 0 0 0

#Transform 16
Transform: AffineTransform_float_3_3
Parameters: 1 -0.000560407 -0.000391647 0.000560206 0.999999 -0.00143022 0.000392859 0.00142978 0.999999 0.0107905 0.0448859 -0.205653
FixedParameters: 0 0 0

#Transform 17
Transform: AffineTransform_float_3_3
Parameters: 0.999999 -0.00076954 -0.000150359 0.000769647 0.999998 -0.00140212 0.000151205 0.00140188 0.999999 -0.00242448 0.0620557 -0.178792
FixedParameters: 0 0 0

#Transform 18
Transform: AffineTransform_float_3_3
Parameters: 0.999999 -0.000896408 -0.000401474 0.000895508 0.999998 -0.00177651 0.000403346 0.00177649 0.999998 0.0119243 0.0577097 -0.215483
FixedParameters: 0 0 0

#Transform 19
Transform: AffineTransform_float_3_3
Parameters: 0.999999 -0.000962837 -0.000801381 0.000961161 0.999998 -0.00194857 0.000803428 0.00194844 0.999998 -0.00143475 0.0632676 -0.170004
FixedParameters: 0 0 0

#Transform 20
Transform: AffineTransform_float_3_3
Parameters: 1 -0.00087321 -0.000806058 0.000870997 0.999999 -0.00169986 0.000807711 0.00169914 0.999998 -0.00922043 0.0608345 -0.17476
FixedParameters: 0 0 0

#Transform 21
Transform: AffineTransform_float_3_3
Parameters: 1 -0.00106585 -0.000546771 0.00106554 0.999999 -0.00160874 0.000548498 0.00160827 0.999999 -0.0263785 0.0727365 -0.167129
FixedParameters: 0 0 0

#Transform 22
Transform: AffineTransform_float_3_3
Parameters: 0.999999 -0.00113595 -0.00051655 0.00113497 0.999997 -0.00197259 0.000518406 0.00197141 0.999998 -0.0244622 0.0692284 -0.162602
FixedParameters: 0 0 0

#Transform 23
Transform: AffineTransform_float_3_3
Parameters: 0.999999 -0.00121792 -0.000339032 0.00121757 0.999997 -0.00206593 0.00034144 0.00206507 0.999997 -0.0214399 0.0862534 -0.203265
FixedParameters: 0 0 0

#Transform 24
Transform: AffineTransform_float_3_3
Parameters: 0.999999 -0.00122849 -0.000363963 0.0012281 0.999997 -0.00198545 0.000366216 0.00198455 0.999998 -0.0323612 0.0761771 -0.176141
FixedParameters: 0 0 0

#Transform 25
Transform: AffineTransform_float_3_3
Parameters: 0.999999 -0.000900684 -0.000231139 0.000900287 0.999995 -0.00313036 0.000234154 0.00313064 0.999995 -0.0144822 0.0497308 -0.222443
FixedParameters: 0 0 0

#Transform 26
Transform: AffineTransform_float_3_3
Parameters: 1 -0.00115791 -0.000393487 0.00115692 0.999996 -0.00259261 0.000396865 0.00259239 0.999997 -0.0233795 0.0501048 -0.195846
FixedParameters: 0 0 0

#Transform 27
Transform: AffineTransform_float_3_3
Parameters: 1 -0.0010568 -0.000436661 0.00105553 0.999996 -0.00265762 0.000439652 0.00265739 0.999996 -0.0243711 0.0503042 -0.178824
FixedParameters: 0 0 0

#Transform 28
Transform: AffineTransform_float_3_3
Parameters: 0.999999 -0.00138138 -0.000655169 0.00137886 0.999994 -0.0031227 0.000659854 0.0031223 0.999995 -0.00801819 0.0325381 -0.226213
FixedParameters: 0 0 0

#Transform 29
Transform: AffineTransform_float_3_3
Parameters: 1 -0.00103936 -0.00033949 0.00103844 0.999996 -0.00290051 0.000342894 0.0029005 0.999996 -0.0229931 0.0372198 -0.189597
FixedParameters: 0 0 0

#Transform 30
Transform: AffineTransform_float_3_3
Parameters: 0.999999 -0.00140305 -0.000416603 0.0014018 0.999995 -0.00292774 0.00041996 0.00292726 0.999996 -0.0228283 0.0327406 -0.177332
FixedParameters: 0 0 0

#Transform 31
Transform: AffineTransform_float_3_3
Parameters: 0.999998 -0.00151929 -0.000769162 0.00151709 0.999994 -0.00305447 0.00077411 0.00305352 0.999994 -0.0274006 0.0528813 -0.176236
FixedParameters: 0 0 0

#Transform 32
Transform: AffineTransform_float_3_3
Parameters: 0.999999 -0.00168785 -0.000753418 0.00168518 0.999994 -0.00316658 0.000758852 0.00316542 0.999995 -0.0357327 0.0409087 -0.154644
FixedParameters: 0 0 0

#Transform 33
Transform: AffineTransform_float_3_3
Parameters: 0.999997 -0.00202333 -0.000756436 0.00202053 0.999995 -0.00263299 0.000762228 0.00263201 0.999996 -0.0515573 0.0582743 -0.117261
FixedParameters: 0 0 0

#Transform 34
Transform: AffineTransform_float_3_3
Parameters: 0.999998 -0.00174982 -0.000923895 0.00174624 0.999993 -0.00307856 0.000929411 0.00307743 0.999995 -0.0327141 0.0530365 -0.148059
FixedParameters: 0 0 0

#Transform 35
Transform: AffineTransform_float_3_3
Parameters: 0.999997 -0.00207961 -0.000671081 0.00207789 0.999993 -0.00284771 0.000677672 0.00284629 0.999996 -0.0110719 0.0473492 -0.151769
FixedParameters: 0 0 0

#Transform 36
Transform: AffineTransform_float_3_3
Parameters: 0.999997 -0.00209793 -0.000663432 0.00209639 0.999994 -0.00274386 0.000669694 0.00274314 0.999996 -0.0278897 0.0600467 -0.136616
FixedParameters: 0 0 0

#Transform 37
Transform: AffineTransform_float_3_3
Parameters: 0.999998 -0.0020933 -0.000846036 0.0020903 0.999992 -0.00332808 0.000853398 0.00332592 0.999994 -0.0302599 0.0495688 -0.149471
FixedParameters: 0 0 0

#Transform 38
Transform: AffineTransform_float_3_3
Parameters: 0.999997 -0.00218083 -0.000962244 0.00217739 0.999992 -0.00315156 0.000969419 0.00314943 0.999994 -0.0316213 0.0622674 -0.154456
FixedParameters: 0 0 0

#Transform 39
Transform: AffineTransform_float_3_3
Parameters: 0.999997 -0.00211144 -0.000644628 0.0021094 0.999993 -0.00332083 0.000651167 0.00332018 0.999994 -0.0275326 0.0614211 -0.151629
FixedParameters: 0 0 0

#Transform 40
Transform: AffineTransform_float_3_3
Parameters: 0.999997 -0.00219374 -0.000888155 0.00219112 0.99999 -0.00376706 0.000896413 0.00376595 0.999993 -0.0305866 0.0468635 -0.154568
FixedParameters: 0 0 0

#Transform 41
Transform: AffineTransform_float_3_3
Parameters: 0.999997 -0.00236113 -0.000770283 0.00235833 0.99999 -0.00395065 0.000778823 0.00394836 0.999992 -0.0283622 0.0386256 -0.178455
FixedParameters: 0 0 0

#Transform 42
Transform: AffineTransform_float_3_3
Parameters: 0.999997 -0.00228197 -0.000865543 0.00227913 0.999991 -0.00376745 0.000873544 0.00376556 0.999993 -0.0447469 0.0522837 -0.151099
FixedParameters: 0 0 0

#Transform 43
Transform: AffineTransform_float_3_3
Parameters: 0.999995 -0.00263861 -0.00124593 0.00263403 0.99999 -0.00368191 0.00125576 0.00367809 0.999992 -0.0585796 0.0500854 -0.128064
FixedParameters: 0 0 0

#Transform 44
Transform: AffineTransform_float_3_3
Parameters: 0.999996 -0.00283227 -0.00094993 0.00282847 0.999989 -0.00400283 0.000961171 0.00400018 0.999991 -0.0447042 0.0621028 -0.164264
FixedParameters: 0 0 0

#Transform 45
Transform: AffineTransform_float_3_3
Parameters: 0.999995 -0.00267769 -0.00123382 0.00267263 0.99999 -0.00354272 0.00124359 0.00354028 0.999993 -0.0554256 0.0641347 -0.15902
FixedParameters: 0 0 0

#Transform 46
Transform: AffineTransform_float_3_3
Parameters: 0.999995 -0.00291175 -0.00121993 0.00290703 0.999986 -0.00424597 0.00123244 0.00424303 0.999991 -0.0529417 0.0573956 -0.170693
FixedParameters: 0 0 0

#Transform 47
Transform: AffineTransform_float_3_3
Parameters: 0.999995 -0.00267479 -0.00130235 0.00267006 0.999987 -0.00413575 0.00131317 0.00413225 0.999991 -0.0488475 0.047937 -0.181868
FixedParameters: 0 0 0

#Transform 48
Transform: AffineTransform_float_3_3
Parameters: 0.999995 -0.0029094 -0.00128111 0.00290358 0.999987 -0.0041155 0.00129322 0.0041115 0.999991 -0.0596061 0.0565293 -0.164511
FixedParameters: 0 0 0

#Transform 49
Transform: AffineTransform_float_3_3
Parameters: 0.999995 -0.00287811 -0.00129283 0.00287241 0.999986 -0.0043845 0.00130584 0.0043805 0.999989 -0.0437847 0.0485384 -0.175286
FixedParameters: 0 0 0

#Transform 50
Transform: AffineTransform_float_3_3
Parameters: 0.999995 -0.00290025 -0.00134616 0.00289336 0.999985 -0.00450732 0.00135915 0.00450368 0.999989 -0.0605789 0.0510704 -0.165685
FixedParameters: 0 0 0

#Transform 51
Transform: AffineTransform_float_3_3
Parameters: 0.999993 -0.00317964 -0.00193995 0.0031708 0.999985 -0.00457653 0.00195431 0.00457047 0.999987 -0.0679171 0.0490405 -0.153157
FixedParameters: 0 0 0

#Transform 52
Transform: AffineTransform_float_3_3
Parameters: 0.999995 -0.00291081 -0.00165585 0.00290338 0.999985 -0.00466124 0.00166865 0.00465576 0.999988 -0.0789329 0.0552632 -0.14968
FixedParameters: 0 0 0

#Transform 53
Transform: AffineTransform_float_3_3
Parameters: 0.999994 -0.00293203 -0.00170564 0.00292436 0.999985 -0.00459742 0.00171827 0.00459159 0.999988 -0.0850548 0.0520503 -0.147425
FixedParameters: 0 0 0

#Transform 54
Transform: AffineTransform_float_3_3
Parameters: 0.999994 -0.00304567 -0.00162898 0.00303786 0.999984 -0.00485053 0.00164419 0.00484546 0.999987 -0.0828408 0.0557618 -0.142495
FixedParameters: 0 0 0

#Transform 55
Transform: AffineTransform_float_3_3
Parameters: 0.999994 -0.00287858 -0.00157858 0.00287074 0.999984 -0.00501397 0.00159311 0.00500904 0.999986 -0.0632971 0.0415855 -0.167202
FixedParameters: 0 0 0

#Transform 56
Transform: AffineTransform_float_3_3
Parameters: 0.999995 -0.00304325 -0.00138856 0.00303579 0.999984 -0.004764 0.00140308 0.00475899 0.999988 -0.0850414 0.0606457 -0.134432
FixedParameters: 0 0 0

#Transform 57
Transform: AffineTransform_float_3_3
Parameters: 0.999995 -0.00307866 -0.00134549 0.00307342 0.999984 -0.00457992 0.00135976 0.00457507 0.999988 -0.0681437 0.045178 -0.125831
FixedParameters: 0 0 0

#Transform 58
Transform: AffineTransform_float_3_3
Parameters: 0.999994 -0.00308348 -0.00157996 0.00307564 0.999983 -0.00488909 0.00159486 0.00488492 0.999987 -0.0876506 0.0397231 -0.128457
FixedParameters: 0 0 0

#Transform 59
Transform: AffineTransform_float_3_3
Parameters: 0.999993 -0.00320263 -0.00154615 0.00319558 0.999986 -0.00444704 0.00155977 0.00444196 0.999988 -0.0795142 0.0361434 -0.1066
FixedParameters: 0 0 0

#Transform 60
Transform: AffineTransform_float_3_3
Parameters: 0.999993 -0.00329808 -0.00176936 0.0032895 0.999982 -0.00498021 0.00178524 0.0049748 0.999986 -0.0894924 0.0366344 -0.108619
FixedParameters: 0 0 0

#Transform 61
Transform: AffineTransform_float_3_3
Parameters: 0.999992 -0.00343105 -0.00176959 0.00342268 0.999983 -0.0046628 0.00178501 0.0046562 0.999987 -0.0756803 0.0300727 -0.134968
FixedParameters: 0 0 0

#Transform 62
Transform: AffineTransform_float_3_3
Parameters: 0.999992 -0.00359448 -0.00175489 0.00358631 0.999983 -0.00464519 0.0017717 0.00463881 0.999987 -0.0809802 0.0434035 -0.103871
FixedParameters: 0 0 0

#Transform 63
Transform: AffineTransform_float_3_3
Parameters: 0.999991 -0.00372082 -0.00203969 0.00371114 0.999981 -0.00481811 0.00205817 0.00480988 0.999986 -0.091694 0.041056 -0.087521
FixedParameters: 0 0 0

#Transform 64
Transform: AffineTransform_float_3_3
Parameters: 0.999992 -0.00346936 -0.00209459 0.0034584 0.99998 -0.00521343 0.002113 0.00520657 0.999984 -0.0746702 0.0401314 -0.101437
FixedParameters: 0 0 0

#Transform 65
Transform: AffineTransform_float_3_3
Parameters: 0.999991 -0.00363744 -0.00194545 0.00362749 0.999981 -0.0050176 0.00196366 0.0050104 0.999986 -0.0906313 0.0238994 -0.11149
FixedParameters: 0 0 0

#Transform 66
Transform: AffineTransform_float_3_3
Parameters: 0.999992 -0.00341592 -0.00214227 0.0034057 0.999982 -0.00492848 0.00215818 0.00492153 0.999986 -0.094314 0.0396263 -0.103941
FixedParameters: 0 0 0

#Transform 67
Transform: AffineTransform_float_3_3
Parameters: 0.99999 -0.00380549 -0.00231536 0.00379277 0.999979 -0.00532529 0.00233548 0.00531672 0.999983 -0.0951088 0.0305476 -0.136708
FixedParameters: 0 0 0

#Transform 68
Transform: AffineTransform_float_3_3
Parameters: 0.999991 -0.00357587 -0.00223455 0.00356429 0.999979 -0.00535015 0.00225333 0.00534185 0.999983 -0.0949473 0.0351563 -0.120425
FixedParameters: 0 0 0

#Transform 69
Transform: AffineTransform_float_3_3
Parameters: 0.999991 -0.00374664 -0.00206007 0.00373507 0.999977 -0.00560825 0.00208076 0.00559975 0.999982 -0.0888749 0.0346158 -0.123363
FixedParameters: 0 0 0

#Transform 70
Transform: AffineTransform_float_3_3
Parameters: 0.999991 -0.0037246 -0.00206957 0.00371292 0.999977 -0.00560824 0.00209002 0.00559976 0.999982 -0.0754925 0.0308316 -0.15396
FixedParameters: 0 0 0

#Transform 71
Transform: AffineTransform_float_3_3
Parameters: 0.999991 -0.00374281 -0.00206195 0.00373193 0.999978 -0.0055294 0.00208294 0.0055216 0.999983 -0.0920046 0.0543215 -0.116199
FixedParameters: 0 0 0

#Transform 72
Transform: AffineTransform_float_3_3
Parameters: 0.99999 -0.00380476 -0.00203596 0.00379332 0.999979 -0.00528643 0.00205656 0.00527857 0.999984 -0.0912732 0.041624 -0.123155
FixedParameters: 0 0 0

#Transform 73
Transform: AffineTransform_float_3_3
Parameters: 0.99999 -0.00389421 -0.00189771 0.00388275 0.999975 -0.00584644 0.00192008 0.00583856 0.999981 -0.0729017 0.0307272 -0.134682
FixedParameters: 0 0 0

#Transform 74
Transform: AffineTransform_float_3_3
Parameters: 0.999989 -0.00398101 -0.00219504 0.00396919 0.999979 -0.00499121 0.00221516 0.00498278 0.999985 -0.092916 0.052329 -0.10322
FixedParameters: 0 0 0

#Transform 75
Transform: AffineTransform_float_3_3
Parameters: 0.99999 -0.0039854 -0.00226936 0.00397243 0.999976 -0.00571452 0.00229187 0.00570548 0.999981 -0.0939036 0.0468633 -0.109554
FixedParameters: 0 0 0

#Transform 76
Transform: AffineTransform_float_3_3
Parameters: 0.999989 -0.00413788 -0.00248929 0.00412265 0.999974 -0.00595193 0.00251378 0.00594107 0.999979 -0.0881314 0.0233287 -0.130148
FixedParameters: 0 0 0

#Transform 77
Transform: AffineTransform_float_3_3
Parameters: 0.99999 -0.00387917 -0.00186084 0.00386784 0.999976 -0.00578242 0.00188384 0.00577558 0.999981 -0.074025 0.0434464 -0.118184
FixedParameters: 0 0 0

#Transform 78
Transform: AffineTransform_float_3_3
Parameters: 0.999989 -0.00420951 -0.00215703 0.00419737 0.999976 -0.00551708 0.00217991 0.00550793 0.999983 -0.0754926 0.0366669 -0.124585
FixedParameters: 0 0 0

#Transform 79
Transform: AffineTransform_float_3_3
Parameters: 0.99999 -0.0041271 -0.00185144 0.0041171 0.999975 -0.00559784 0.00187448 0.00559015 0.999982 -0.083943 0.0441602 -0.126734
FixedParameters: 0 0 0

#Transform 80
Transform: AffineTransform_float_3_3
Parameters: 0.999989 -0.00421359 -0.00208554 0.00420219 0.999976 -0.00552779 0.00210856 0.00551922 0.999983 -0.0905121 0.0350896 -0.128377
FixedParameters: 0 0 0

#Transform 81
Transform: AffineTransform_float_3_3
Parameters: 0.999989 -0.00418342 -0.00209834 0.00417161 0.999976 -0.00559077 0.00212155 0.00558223 0.999982 -0.0909028 0.0510632 -0.0880616
FixedParameters: 0 0 0

#Transform 82
Transform: AffineTransform_float_3_3
Parameters: 0.999989 -0.00397483 -0.00218844 0.00396306 0.999977 -0.00553118 0.00221069 0.00552282 0.999983 -0.0928692 0.0376452 -0.119004
FixedParameters: 0 0 0

#Transform 83
Transform: AffineTransform_float_3_3
Parameters: 0.999989 -0.00427277 -0.00205937 0.00426044 0.999975 -0.00572495 0.0020838 0.00571705 0.999981 -0.10026 0.0565352 -0.0917503
FixedParameters: 0 0 0

#Transform 84
Transform: AffineTransform_float_3_3
Parameters: 0.999989 -0.00419783 -0.00209257 0.00418704 0.999976 -0.00545578 0.00211574 0.00544722 0.999983 -0.089295 0.0572307 -0.106745
FixedParameters: 0 0 0

#Transform 85
Transform: AffineTransform_float_3_3
Parameters: 0.999989 -0.00433659 -0.00203107 0.00432419 0.999973 -0.00595017 0.00205687 0.00594083 0.99998 -0.0868691 0.037076 -0.119145
FixedParameters: 0 0 0

#Transform 86
Transform: AffineTransform_float_3_3
Parameters: 0.999988 -0.0041217 -0.0023505 0.00410974 0.999979 -0.00519532 0.00237161 0.00518569 0.999984 -0.110311 0.0561784 -0.0853478
FixedParameters: 0 0 0

#Transform 87
Transform: AffineTransform_float_3_3
Parameters: 0.999988 -0.00446061 -0.00224162 0.00444727 0.999973 -0.00580715 0.00226722 0.00579685 0.999981 -0.0864766 0.0491032 -0.0889147
FixedParameters: 0 0 0

#Transform 88
Transform: AffineTransform_float_3_3
Parameters: 0.999989 -0.00426067 -0.00206484 0.00424899 0.999975 -0.00564916 0.00208941 0.00563984 0.999982 -0.0975296 0.0466137 -0.0977928
FixedParameters: 0 0 0

#Transform 89
Transform: AffineTransform_float_3_3
Parameters: 0.999988 -0.00431611 -0.00232337 0.00430299 0.999976 -0.00553182 0.00234716 0.00552219 0.999982 -0.10092 0.0697453 -0.0937373
FixedParameters: 0 0 0

#Transform 90
Transform: AffineTransform_float_3_3
Parameters: 0.999987 -0.00444252 -0.0024326 0.00442859 0.999974 -0.00574375 0.00245795 0.00573324 0.99998 -0.0935106 0.065408 -0.117445
FixedParameters: 0 0 0

#Transform 91
Transform: AffineTransform_float_3_3
Parameters: 0.999988 -0.0043609 -0.00218628 0.00434778 0.999973 -0.00590369 0.00221157 0.00589431 0.99998 -0.0975978 0.0507848 -0.104077
FixedParameters: 0 0 0

#Transform 92
Transform: AffineTransform_float_3_3
Parameters: 0.999988 -0.00449641 -0.00196369 0.00448509 0.999975 -0.00551435 0.00198919 0.00550565 0.999983 -0.0949289 0.0478151 -0.0940109
FixedParameters: 0 0 0

#Transform 93
Transform: AffineTransform_float_3_3
Parameters: 0.999987 -0.00459853 -0.0022697 0.00458581 0.999974 -0.00568375 0.00229669 0.00567325 0.999982 -0.107417 0.0666718 -0.0799552
FixedParameters: 0 0 0

#Transform 94
Transform: AffineTransform_float_3_3
Parameters: 0.999986 -0.00462079 -0.00231527 0.00460762 0.999972 -0.00578501 0.00234213 0.00577399 0.99998 -0.0986903 0.0498359 -0.102866
FixedParameters: 0 0 0

#Transform 95
Transform: AffineTransform_float_3_3
Parameters: 0.999987 -0.00443578 -0.00222915 0.00442439 0.999975 -0.00558205 0.00225432 0.00557196 0.999982 -0.107467 0.055377 -0.0719454
FixedParameters: 0 0 0

#Transform 96
Transform: AffineTransform_float_3_3
Parameters: 0.999987 -0.00463855 -0.00244548 0.00462375 0.99997 -0.00621181 0.00247348 0.00620019 0.999977 -0.109687 0.0431387 -0.0838872
FixedParameters: 0 0 0

#Transform 97
Transform: AffineTransform_float_3_3
Parameters: 0.999985 -0.00491642 -0.00231485 0.00490142 0.999967 -0.00642901 0.00234658 0.00641799 0.999977 -0.106716 0.0421679 -0.0940718
FixedParameters: 0 0 0

#Transform 98
Transform: AffineTransform_float_3_3
Parameters: 0.999986 -0.004825 -0.0021847 0.0048111 0.999968 -0.00635202 0.00221493 0.00634198 0.999978 -0.109774 0.0553517 -0.0828339
FixedParameters: 0 0 0

#Transform 99
Transform: AffineTransform_float_3_3
Parameters: 0.999984 -0.00504138 -0.00280705 0.00502384 0.999967 -0.00631821 0.00283899 0.00630379 0.999976 -0.113164 0.0448058 -0.0796545
FixedParameters: 0 0 0

#Transform 100
Transform: AffineTransform_float_3_3
Parameters: 0.999983 -0.00513139 -0.0024985 0.00511361 0.999963 -0.00700562 0.00253455 0.00699239 0.999973 -0.0978428 0.0365238 -0.0885336
FixedParameters: 0 0 0

#Transform 101
Transform: AffineTransform_float_3_3
Parameters: 0.999983 -0.00520653 -0.00258663 0.00518979 0.999965 -0.00654605 0.0026212 0.00653294 0.999975 -0.109432 0.0369928 -0.0948106
FixedParameters: 0 0 0

#Transform 102
Transform: AffineTransform_float_3_3
Parameters: 0.999986 -0.00492816 -0.00203776 0.00491576 0.999968 -0.00634724 0.00206833 0.00633676 0.999978 -0.0933986 0.0473332 -0.0754881
FixedParameters: 0 0 0

#Transform 103
Transform: AffineTransform_float_3_3
Parameters: 0.999983 -0.00532717 -0.00237246 0.00531185 0.999965 -0.00647795 0.00240644 0.00646506 0.999976 -0.083563 0.0420018 -0.135763
FixedParameters: 0 0 0

#Transform 104
Transform: AffineTransform_float_3_3
Parameters: 0.999984 -0.00515666 -0.00242431 0.00514125 0.999967 -0.00622428 0.00245701 0.0062117 0.999977 -0.107592 0.0631064 -0.0574641
FixedParameters: 0 0 0

#Transform 105
Transform: AffineTransform_float_3_3
Parameters: 0.999981 -0.00539811 -0.00282157 0.00537881 0.999962 -0.00689477 0.00285805 0.00688024 0.999972 -0.101449 0.0356903 -0.0852633
FixedParameters: 0 0 0

#Transform 106
Transform: AffineTransform_float_3_3
Parameters: 0.999983 -0.00540961 -0.00249671 0.00539254 0.999963 -0.00679162 0.00253343 0.00677839 0.999974 -0.0821812 0.0443017 -0.112448
FixedParameters: 0 0 0

#Transform 107
Transform: AffineTransform_float_3_3
Parameters: 0.999982 -0.0055087 -0.00229077 0.00549289 0.999961 -0.00695446 0.0023288 0.00694155 0.999973 -0.0829653 0.0549273 -0.0723103
FixedParameters: 0 0 0

#Transform 108
Transform: AffineTransform_float_3_3
Parameters: 0.999982 -0.00549102 -0.00267192 0.00547101 0.999958 -0.00726142 0.00271185 0.00724657 0.99997 -0.0903892 0.0171059 -0.120621
FixedParameters: 0 0 0

#Transform 109
Transform: AffineTransform_float_3_3
Parameters: 0.999982 -0.00542263 -0.00255846 0.00540389 0.999958 -0.00733584 0.00259821 0.00732117 0.99997 -0.0890471 0.0505197 -0.10833
FixedParameters: 0 0 0

#Transform 110
Transform: AffineTransform_float_3_3
Parameters: 0.999981 -0.00556705 -0.00263112 0.0055489 0.999962 -0.00682492 0.00266994 0.00681009 0.999973 -0.108686 0.0347808 -0.107268
FixedParameters: 0 0 0

#Transform 111
Transform: AffineTransform_float_3_3
Parameters: 0.99998 -0.00551455 -0.00288699 0.00549379 0.99996 -0.00708047 0.00292579 0.00706455 0.999971 -0.112725 0.0416208 -0.0812436
FixedParameters: 0 0 0

#Transform 112
Transform: AffineTransform_float_3_3
Parameters: 0.999981 -0.00562778 -0.00276589 0.00560897 0.999961 -0.00687463 0.00280438 0.00685938 0.999972 -0.10724 0.0401843 -0.110649
FixedParameters: 0 0 0

#Transform 113
Transform: AffineTransform_float_3_3
Parameters: 0.99998 -0.00569526 -0.00266446 0.00567783 0.999961 -0.00670459 0.00270235 0.0066894 0.999973 -0.104066 0.0703156 -0.0691847
FixedParameters: 0 0 0

#Transform 114
Transform: AffineTransform_float_3_3
Parameters: 0.99998 -0.00572777 -0.00267078 0.00570895 0.999961 -0.00677557 0.0027103 0.00675943 0.999974 -0.104666 0.0526243 -0.0674749
FixedParameters: 0 0 0

#Transform 115
Transform: AffineTransform_float_3_3
Parameters: 0.999981 -0.00580309 -0.00232518 0.00578637 0.999959 -0.00707165 0.00236642 0.00705836 0.999972 -0.0935842 0.0694543 -0.0848381
FixedParameters: 0 0 0

#Transform 116
Transform: AffineTransform_float_3_3
Parameters: 0.999982 -0.0056067 -0.0024102 0.00558919 0.99996 -0.00706915 0.00244955 0.00705586 0.999972 -0.0894184 0.0509755 -0.0802793
FixedParameters: 0 0 0

#Transform 117
Transform: AffineTransform_float_3_3
Parameters: 0.99998 -0.00579062 -0.00233167 0.00577436 0.99996 -0.0068425 0.00237139 0.0068285 0.999974 -0.103975 0.0586764 -0.0709159
FixedParameters: 0 0 0

#Transform 118
Transform: AffineTransform_float_3_3
Parameters: 0.99998 -0.00594778 -0.00226322 0.00593124 0.999958 -0.00693662 0.00230437 0.00692338 0.999974 -0.0843867 0.0575726 -0.0733113
FixedParameters: 0 0 0

#Transform 119
Transform: AffineTransform_float_3_3
Parameters: 0.999981 -0.00552294 -0.00253343 0.00550517 0.99996 -0.00711262 0.00257351 0.00709838 0.999971 -0.091086 0.0525736 -0.0736806
FixedParameters: 0 0 0

#Transform 120
Transform: AffineTransform_float_3_3
Parameters: 0.99998 -0.00585276 -0.00230345 0.00583665 0.999957 -0.00711964 0.00234464 0.00710636 0.999972 -0.103298 0.0410803 -0.0552387
FixedParameters: 0 0 0

#Transform 121
Transform: AffineTransform_float_3_3
Parameters: 0.999981 -0.0058006 -0.00238721 0.00578384 0.999959 -0.007088 0.0024282 0.007074 0.999972 -0.104701 0.0626354 -0.0515808
FixedParameters: 0 0 0

#Transform 122
Transform: AffineTransform_float_3_3
Parameters: 0.999977 -0.00622304 -0.00261112 0.00620388 0.999955 -0.00723952 0.00265601 0.00722348 0.99997 -0.0889388 0.0552247 -0.0688923
FixedParameters: 0 0 0

#Transform 123
Transform: AffineTransform_float_3_3
Parameters: 0.99998 -0.00578807 -0.00233425 0.00577271 0.999962 -0.00653466 0.00237169 0.00652135 0.999976 -0.104184 0.0855318 -0.0515515
FixedParameters: 0 0 0

#Transform 124
Transform: AffineTransform_float_3_3
Parameters: 0.999977 -0.00628375 -0.00256344 0.00626455 0.999952 -0.00758174 0.00261088 0.00756525 0.999968 -0.0954895 0.0571607 -0.0550769
FixedParameters: 0 0 0

#Transform 125
Transform: AffineTransform_float_3_3
Parameters: 0.999979 -0.00613824 -0.00217747 0.00612214 0.999952 -0.00758041 0.0022239 0.00756658 0.999969 -0.0805424 0.0467621 -0.0804818
FixedParameters: 0 0 0

#Transform 126
Transform: AffineTransform_float_3_3
Parameters: 0.999979 -0.00608084 -0.00220358 0.00606396 0.999955 -0.00734208 0.00224794 0.00732892 0.999971 -0.0944366 0.0464554 -0.054061
FixedParameters: 0 0 0

#Transform 127
Transform: AffineTransform_float_3_3
Parameters: 0.999977 -0.00639002 -0.00256772 0.00637112 0.999953 -0.0073362 0.00261404 0.00731981 0.99997 -0.104968 0.0443459 -0.0464248
FixedParameters: 0 0 0

#Transform 128
Transform: AffineTransform_float_3_3
Parameters: 0.999976 -0.00639578 -0.00261662 0.00637615 0.999952 -0.00751053 0.00266484 0.00749347 0.999968 -0.0867063 0.031714 -0.0831746
FixedParameters: 0 0 0

#Transform 129
Transform: AffineTransform_float_3_3
Parameters: 0.999977 -0.0063807 -0.0025644 0.00636009 0.99995 -0.00769915 0.00261295 0.00768284 0.999967 -0.0879392 0.0248619 -0.0825873
FixedParameters: 0 0 0

#Transform 130
Transform: AffineTransform_float_3_3
Parameters: 0.999973 -0.00665725 -0.00292283 0.00663424 0.999948 -0.00772785 0.0029735 0.00770816 0.999966 -0.108962 0.0401095 -0.0707141
FixedParameters: 0 0 0

#Transform 131
Transform: AffineTransform_float_3_3
Parameters: 0.999973 -0.00663396 -0.00292421 0.00661063 0.999947 -0.00793115 0.00297681 0.00791085 0.999964 -0.0921623 0.0367061 -0.0922933
FixedParameters: 0 0 0

#Transform 132
Transform: AffineTransform_float_3_3
Parameters: 0.999977 -0.00627575 -0.00260879 0.00625517 0.99995 -0.00791402 0.00265764 0.007897 0.999965 -0.106035 0.043635 -0.0734748
FixedParameters: 0 0 0

#Transform 133
Transform: AffineTransform_float_3_3
Parameters: 0.999973 -0.00671164 -0.0029216 0.00668937 0.99995 -0.00742615 0.0029717 0.00740685 0.999968 -0.0920784 0.0408494 -0.0850554
FixedParameters: 0 0 0

#Transform 134
Transform: AffineTransform_float_3_3
Parameters: 0.999978 -0.00617268 -0.00250972 0.00615381 0.999951 -0.00767861 0.00255669 0.00766339 0.999968 -0.0743853 0.0365855 -0.0972028
FixedParameters: 0 0 0

#Transform 135
Transform: AffineTransform_float_3_3
Parameters: 0.999975 -0.00648632 -0.00264719 0.00646647 0.999953 -0.00729512 0.00269437 0.00727789 0.99997 -0.105962 0.0661245 -0.0399223
FixedParameters: 0 0 0

#Transform 136
Transform: AffineTransform_float_3_3
Parameters: 0.999975 -0.00643412 -0.00269675 0.00641235 0.999947 -0.00797179 0.00274752 0.00795421 0.999964 -0.0807302 0.0476136 -0.0641912
FixedParameters: 0 0 0

#Transform 137
Transform: AffineTransform_float_3_3
Parameters: 0.999976 -0.00644695 -0.00259494 0.00642572 0.999949 -0.00782653 0.00264484 0.00780948 0.999966 -0.0951513 0.058396 -0.0425579
FixedParameters: 0 0 0

#Transform 138
Transform: AffineTransform_float_3_3
Parameters: 0.999973 -0.00673773 -0.0028498 0.00671709 0.999951 -0.00732895 0.00289898 0.00730906 0.99997 -0.0997259 0.0690724 -0.0429362
FixedParameters: 0 0 0

#Transform 139
Transform: AffineTransform_float_3_3
Parameters: 0.999974 -0.00678978 -0.00270285 0.00676767 0.999944 -0.00813363 0.00275793 0.00811536 0.999963 -0.0882571 0.0547173 -0.0893076
FixedParameters: 0 0 0

#Transform 140
Transform: AffineTransform_float_3_3
Parameters: 0.999971 -0.00691068 -0.00296084 0.00688751 0.999945 -0.00798233 0.00301591 0.00796268 0.999964 -0.108579 0.0626179 -0.0850731
FixedParameters: 0 0 0

#Transform 141
Transform: AffineTransform_float_3_3
Parameters: 0.99997 -0.00692804 -0.00328313 0.00690021 0.999942 -0.00826704 0.00334027 0.00824496 0.99996 -0.112948 0.0585237 -0.0942349
FixedParameters: 0 0 0

#Transform 142
Transform: AffineTransform_float_3_3
Parameters: 0.999974 -0.00666088 -0.00274444 0.00663789 0.999945 -0.00817104 0.00279791 0.00815297 0.999963 -0.106421 0.064217 -0.096819
FixedParameters: 0 0 0

#Transform 143
Transform: AffineTransform_float_3_3
Parameters: 0.999974 -0.00678123 -0.00270138 0.0067614 0.999949 -0.00750358 0.00275266 0.00748541 0.999968 -0.11905 0.0771106 -0.0727912
FixedParameters: 0 0 0

#Transform 144
Transform: AffineTransform_float_3_3
Parameters: 0.999974 -0.00674932 -0.00280163 0.00672536 0.999941 -0.00843067 0.00285833 0.00841132 0.999961 -0.117058 0.0579977 -0.0591742
FixedParameters: 0 0 0

#Transform 145
Transform: AffineTransform_float_3_3
Parameters: 0.999972 -0.00697478 -0.00272527 0.00695306 0.999943 -0.00809081 0.00278144 0.00807119 0.999963 -0.103153 0.065 -0.0664163
FixedParameters: 0 0 0

#Transform 146
Transform: AffineTransform_float_3_3
Parameters: 0.99997 -0.00720722 -0.00277194 0.00718433 0.999941 -0.00802558 0.00282908 0.00800542 0.999964 -0.129904 0.0616566 -0.0270029
FixedParameters: 0 0 0

#Transform 147
Transform: AffineTransform_float_3_3
Parameters: 0.99997 -0.00712742 -0.00280463 0.00710357 0.99994 -0.00835496 0.00286345 0.00833405 0.999961 -0.107982 0.0682791 -0.045676
FixedParameters: 0 0 0

#Transform 148
Transform: AffineTransform_float_3_3
Parameters: 0.999969 -0.00741142 -0.00268422 0.00738938 0.999942 -0.00788354 0.002742 0.00786348 0.999966 -0.0887331 0.0562243 -0.0676731
FixedParameters: 0 0 0

#Transform 149
Transform: AffineTransform_float_3_3
Parameters: 0.999967 -0.00748745 -0.00310594 0.0074622 0.999939 -0.00821513 0.00316748 0.00819188 0.999962 -0.113982 0.0657486 -0.0242141
FixedParameters: 0 0 0

#Transform 150
Transform: AffineTransform_float_3_3
Parameters: 0.999968 -0.00748711 -0.00281201 0.00746378 0.999939 -0.0081695 0.00287315 0.00814851 0.999963 -0.102612 0.057872 -0.0460073
FixedParameters: 0 0 0

#Transform 151
Transform: AffineTransform_float_3_3
Parameters: 0.999972 -0.00706406 -0.00238537 0.00704405 0.999942 -0.00813538 0.00244298 0.00811861 0.999964 -0.0839778 0.0618466 -0.0812163
FixedParameters: 0 0 0

#Transform 152
Transform: AffineTransform_float_3_3
Parameters: 0.99997 -0.00720831 -0.00262859 0.00718711 0.999942 -0.00803743 0.00268725 0.00801857 0.999964 -0.0911782 0.0494547 -0.0627639
FixedParameters: 0 0 0

#Transform 153
Transform: AffineTransform_float_3_3
Parameters: 0.999967 -0.00755911 -0.00275274 0.00753623 0.999937 -0.00828761 0.00281461 0.00826638 0.999962 -0.0927315 0.0489276 -0.0601712
FixedParameters: 0 0 0

#Transform 154
Transform: AffineTransform_float_3_3
Parameters: 0.999967 -0.00763144 -0.00282368 0.00760679 0.999935 -0.00847916 0.00288834 0.00845784 0.99996 -0.0800787 0.0425943 -0.0700983
FixedParameters: 0 0 0

#Transform 155
Transform: AffineTransform_float_3_3
Parameters: 0.999968 -0.00753724 -0.00275831 0.00751592 0.999941 -0.00787559 0.00281717 0.00785442 0.999965 -0.0832188 0.0699024 -0.056781
FixedParameters: 0 0 0

#Transform 156
Transform: AffineTransform_float_3_3
Parameters: 0.999965 -0.00769017 -0.00310266 0.00766536 0.999938 -0.00808926 0.00316467 0.00806475 0.999963 -0.0989666 0.0605734 -0.0707657
FixedParameters: 0 0 0

#Transform 157
Transform: AffineTransform_float_3_3
Parameters: 0.999966 -0.00743563 -0.00353225 0.00740574 0.999937 -0.00832668 0.00359429 0.00830032 0.99996 -0.123094 0.0670875 -0.0554692
FixedParameters: 0 0 0

#Transform 158
Transform: AffineTransform_float_3_3
Parameters: 0.999966 -0.00758909 -0.00326448 0.00756166 0.999938 -0.00823144 0.0033266 0.00820657 0.999961 -0.0981098 0.0643036 -0.0682609
FixedParameters: 0 0 0

#Transform 159
Transform: AffineTransform_float_3_3
Parameters: 0.999966 -0.00772062 -0.00287132 0.00769678 0.999936 -0.00827129 0.00293521 0.00824871 0.999961 -0.112974 0.0853319 -0.0308646
FixedParameters: 0 0 0

#Transform 160
Transform: AffineTransform_float_3_3
Parameters: 0.999965 -0.00774666 -0.00319829 0.00772113 0.999939 -0.00788096 0.0032593 0.00785604 0.999964 -0.134384 0.0776732 -0.01672
FixedParameters: 0 0 0

#Transform 161
Transform: AffineTransform_float_3_3
Parameters: 0.999964 -0.00780545 -0.00335392 0.00777667 0.999935 -0.00836716 0.00341907 0.00834084 0.999959 -0.119324 0.076021 -0.0584822
FixedParameters: 0 0 0

#Transform 162
Transform: AffineTransform_float_3_3
Parameters: 0.999964 -0.00779841 -0.00317506 0.00777299 0.999937 -0.00800295 0.00323746 0.00797805 0.999963 -0.116833 0.0846817 -0.0551843
FixedParameters: 0 0 0

#Transform 163
Transform: AffineTransform_float_3_3
Parameters: 0.999964 -0.00785193 -0.00314935 0.00782603 0.999934 -0.00838745 0.0032147 0.00836256 0.99996 -0.100444 0.0645901 -0.0137841
FixedParameters: 0 0 0

#Transform 164
Transform: AffineTransform_float_3_3
Parameters: 0.999964 -0.00797434 -0.0030933 0.00794691 0.999929 -0.00882055 0.00316313 0.00879645 0.999956 -0.0939275 0.0723622 -0.0632048
FixedParameters: 0 0 0

#Transform 165
Transform: AffineTransform_float_3_3
Parameters: 0.999963 -0.00813024 -0.00302961 0.00810514 0.999933 -0.00821788 0.00309674 0.00819312 0.999962 -0.0976533 0.0703244 -0.0316447
FixedParameters: 0 0 0

#Transform 166
Transform: AffineTransform_float_3_3
Parameters: 0.999964 -0.00785307 -0.00314649 0.00782594 0.999931 -0.00875143 0.00321494 0.00872657 0.999957 -0.116226 0.0633566 -0.033826
FixedParameters: 0 0 0

#Transform 167
Transform: AffineTransform_float_3_3
Parameters: 0.999963 -0.00812361 -0.00277214 0.00809831 0.999928 -0.00881586 0.00284389 0.00879313 0.999957 -0.109636 0.0477825 -0.0743993
FixedParameters: 0 0 0

#Transform 168
Transform: AffineTransform_float_3_3
Parameters: 0.999963 -0.00808576 -0.0030034 0.00805906 0.99993 -0.00865905 0.00307338 0.00863495 0.999958 -0.104937 0.0583969 -0.0439963
FixedParameters: 0 0 0

#Transform 169
Transform: AffineTransform_float_3_3
Parameters: 0.999959 -0.00843513 -0.00330687 0.00840759 0.999929 -0.00841341 0.00337754 0.0083856 0.99996 -0.11618 0.0519235 -0.0427069
FixedParameters: 0 0 0

#Transform 170
Transform: AffineTransform_float_3_3
Parameters: 0.999964 -0.00792063 -0.00306367 0.00789262 0.999928 -0.00908337 0.00313539 0.00905864 0.999954 -0.0957295 0.0467962 -0.0650377
FixedParameters: 0 0 0

#Transform 171
Transform: AffineTransform_float_3_3
Parameters: 0.999961 -0.00815289 -0.00319757 0.00812397 0.999927 -0.00884812 0.00326965 0.00882188 0.999956 -0.0942116 0.052439 -0.0609023
FixedParameters: 0 0 0

#Transform 172
Transform: AffineTransform_float_3_3
Parameters: 0.999961 -0.0082482 -0.00315628 0.00822068 0.999927 -0.00882461 0.00322837 0.00879841 0.999956 -0.097286 0.0630495 -0.0202015
FixedParameters: 0 0 0

#Transform 173
Transform: AffineTransform_float_3_3
Parameters: 0.999961 -0.00830197 -0.00321271 0.00827314 0.999926 -0.0089534 0.00328654 0.0089266 0.999954 -0.0950727 0.0486765 -0.0496921
FixedParameters: 0 0 0

#Transform 174
Transform: AffineTransform_float_3_3
Parameters: 0.999961 -0.00819156 -0.00308409 0.00816464 0.999931 -0.00847303 0.00315283 0.00844698 0.999959 -0.0940382 0.0736246 -0.0285498
FixedParameters: 0 0 0

#Transform 175
Transform: AffineTransform_float_3_3
Parameters: 0.99996 -0.00841369 -0.00308752 0.00838734 0.99993 -0.00837006 0.0031583 0.00834394 0.99996 -0.099897 0.0776971 -0.0175905
FixedParameters: 0 0 0

#Transform 176
Transform: AffineTransform_float_3_3
Parameters: 0.999958 -0.00866494 -0.00297175 0.00863702 0.99992 -0.00927091 0.00305167 0.0092451 0.999953 -0.0904412 0.0587372 -0.0627859
FixedParameters: 0 0 0

#Transform 177
Transform: AffineTransform_float_3_3
Parameters: 0.999959 -0.00855873 -0.00302203 0.00853254 0.999926 -0.00871349 0.00309625 0.00868752 0.999958 -0.111872 0.0709748 -0.0317195
FixedParameters: 0 0 0

#Transform 178
Transform: AffineTransform_float_3_3
Parameters: 0.999958 -0.00858743 -0.0030089 0.00856052 0.999924 -0.00880347 0.00308423 0.00877754 0.999957 -0.0962415 0.0683456 -0.00278029
FixedParameters: 0 0 0

#Transform 179
Transform: AffineTransform_float_3_3
Parameters: 0.99996 -0.00846439 -0.00308193 0.00843607 0.999924 -0.00897155 0.00315753 0.00894445 0.999955 -0.0921709 0.0588272 -0.0505932
FixedParameters: 0 0 0
