#Insight Transform File V1.0
#Transform 0
Transform: AffineTransform_float_3_3
Parameters: 1 0.000123801 0.000399366 -0.000123045 1 0.000205951 -0.000399706 -0.000206049 1 -0.0684106 -0.176409 -0.318364
FixedParameters: 0 0 0

#Transform 1
Transform: AffineTransform_float_3_3
Parameters: 1 0.000356346 -0.000150952 -0.000356124 0.999999 0.000732053 0.000151474 -0.000731946 0.999999 -0.00929892 -0.018531 -0.00557926
FixedParameters: 0 0 0

#Transform 2
Transform: AffineTransform_float_3_3
Parameters: 1 0.000400813 -4.5972e-05 -0.000400743 0.999999 0.000757018 4.65788e-05 -0.000756981 0.999999 -0.0149204 -0.0162483 -0.017364
FixedParameters: 0 0 0

#Transform 3
Transform: AffineTransform_float_3_3
Parameters: 1 0.000356415 -0.000150789 -0.000356055 0.999999 0.00118905 0.000151636 -0.00118895 1 -0.00899387 -0.0096924 -0.0380028
FixedParameters: 0 0 0

#Transform 4
Transform: AffineTransform_float_3_3
Parameters: 1 0.000356368 -0.000150899 -0.000356102 0.999999 0.000881053 0.000151527 -0.000880945 0.999999 -0.0162324 -0.0202388 -0.0261632
FixedParameters: 0 0 0

#Transform 5
Transform: AffineTransform_float_3_3
Parameters: 1 0.000315394 -0.000247629 -0.000315414 0.999999 0.000750078 0.000247182 -0.000749922 0.999999 -0.0153936 -0.00870416 -0.0346113
FixedParameters: 0 0 0

#Transform 6
Transform: AffineTransform_float_3_3
Parameters: 1 0.000310751 -0.000258634 -0.000310679 0.999999 0.00089508 0.00025827 -0.000894919 0.999999 -0.0139079 -0.0055057 -0.0325843
FixedParameters: 0 0 0

#Transform 7
Transform: AffineTransform_float_3_3
Parameters: 1 0.000383663 -8.64358e-05 -0.000383509 0.999999 0.000891033 8.71194e-05 -0.000890966 0.999999 -0.0282968 0.000202311 -0.0205536
FixedParameters: 0 0 0

#Transform 8
Transform: AffineTransform_float_3_3
Parameters: 1 0.000139742 -0.000424033 -0.000138943 0.999999 0.000942058 0.000424295 -0.00094194 0.999999 -0.0153577 0.000968988 -0.0340175
FixedParameters: 0 0 0

#Transform 9
Transform: AffineTransform_float_3_3
Parameters: 1 9.30139e-05 -3.93621e-05 -9.29276e-05 1 0.001094 3.95655e-05 -0.001094 1 -0.0122162 -0.00878743 -0.0249611
FixedParameters: 0 0 0

#Transform 10
Transform: AffineTransform_float_3_3
Parameters: 1 -5.71093e-05 2.41364e-05 5.70338e-05 0.999999 0.001559 -2.43143e-05 -0.001559 0.999999 -0.0160364 0.0133255 0.0109843
FixedParameters: 0 0 0

#Transform 11
Transform: AffineTransform_float_3_3
Parameters: 1 0.000351382 -0.000162692 -0.000350929 0.999999 0.00138906 0.000163667 -0.00138894 0.999999 -0.0164504 -0.000143342 -0.0126071
FixedParameters: 0 0 0

#Transform 12
Transform: AffineTransform_float_3_3
Parameters: 1 -0.00011364 -0.000297205 0.000113695 0.999998 0.00164097 0.000297223 -0.00164103 0.999998 -0.00237204 0.0002803 -0.00780811
FixedParameters: 0 0 0

#Transform 13
Transform: AffineTransform_float_3_3
Parameters: 1 -0.000100094 0.000179168 9.96852e-05 1 0.00114102 -0.000179396 -0.00114098 1 -0.00678647 -0.0141235 -0.0123939
FixedParameters: 0 0 0

#Transform 14
Transform: AffineTransform_float_3_3
Parameters: 1 -8.54019e-05 -1.70752e-05 8.54429e-05 1 0.001208 1.68688e-05 -0.001208 1 0.000324417 -0.00423163 -0.015484
FixedParameters: 0 0 0

#Transform 15
Transform: AffineTransform_float_3_3
Parameters: 1 -0.000181535 7.13805e-05 0.00018137 1 0.00115501 -7.17997e-05 -0.00115499 1 0.000134821 -0.0141853 -0.0123736
FixedParameters: 0 0 0

#Transform 16
Transform: AffineTransform_float_3_3
Parameters: 1 -9.60357e-06 0.000375362 8.49321e-06 0.999999 0.001479 -0.000375389 -0.001479 0.999999 -0.000742271 -0.0069865 0.00568802
FixedParameters: 0 0 0

#Transform 17
Transform: AffineTransform_float_3_3
Parameters: 1 -0.000141788 0.000504901 0.000141135 0.999998 0.00194507 -0.000504922 -0.00194493 0.999998 0.00442203 -0.000174347 0.0249756
FixedParameters: 0 0 0

#Transform 18
Transform: AffineTransform_float_3_3
Parameters: 1 -0.000228441 0.000253045 0.0002279 1 0.00106806 -0.000253532 -0.00106794 1 0.00688819 -0.0135575 -0.0104424
FixedParameters: 0 0 0

#Transform 19
Transform: AffineTransform_float_3_3
Parameters: 0.999999 -0.000452309 0.000635934 0.000450113 0.999998 0.00203229 -0.000636848 -0.00203171 0.999997 0.00791323 -0.000529839 0.0270442
FixedParameters: 0 0 0

#Transform 20
Transform: AffineTransform_float_3_3
Parameters: 1 -0.000354659 0.0001729 0.00035468 1 0.00106806 -0.000172737 -0.00106794 1 0.00595751 -0.00715416 0.00543345
FixedParameters: 0 0 0

#Transform 21
Transform: AffineTransform_float_3_3
Parameters: 1 -0.000374757 0.000156196 0.000374647 0.999998 0.00160106 -0.000156475 -0.00160094 0.999998 0.0149988 -0.0145144 -0.00969053
FixedParameters: 0 0 0

#Transform 22
Transform: AffineTransform_float_3_3
Parameters: 1 -0.000387616 0.000110249 0.000387471 0.999997 0.00242204 -0.000111206 -0.00242196 0.999997 -0.00159475 -0.0117379 0.0225794
FixedParameters: 0 0 0

#Transform 23
Transform: AffineTransform_float_3_3
Parameters: 1 -0.000385866 0.000127365 0.000385923 0.999999 0.00130805 -0.000127454 -0.00130795 0.999999 0.0062758 -0.00320958 0.00893434
FixedParameters: 0 0 0

#Transform 24
Transform: AffineTransform_float_3_3
Parameters: 1 -0.00041679 0.000241599 0.000416716 1 0.000962102 -0.00024148 -0.0009619 1 0.00130891 -0.00211243 -0.00822929
FixedParameters: 0 0 0

#Transform 25
Transform: AffineTransform_float_3_3
Parameters: 1 -0.000463877 0.000263748 0.000463408 1 0.000886763 -0.00026457 -0.000887237 0.999999 -0.00360666 -0.0131567 0.003183
FixedParameters: 0 0 0

#Transform 26
Transform: AffineTransform_float_3_3
Parameters: 1 -0.000411009 0.000327525 0.000411279 0.999998 0.00218478 -0.000327871 -0.00218523 0.999997 0.00693482 -0.00527502 0.00659359
FixedParameters: 0 0 0

#Transform 27
Transform: AffineTransform_float_3_3
Parameters: 1 -0.000559596 0.000101262 0.000559849 0.999997 0.0025947 -0.000102326 -0.0025953 0.999996 0.0105078 -0.00772834 0.0164912
FixedParameters: 0 0 0

#Transform 28
Transform: AffineTransform_float_3_3
Parameters: 1 -0.000569346 0.00025062 0.00056912 0.999999 0.00122914 -0.000251099 -0.00122886 0.999999 0.00210746 -0.0163909 0.00601139
FixedParameters: 0 0 0

#Transform 29
Transform: AffineTransform_float_3_3
Parameters: 1 -0.000475235 0.000285721 0.000474525 0.999999 0.00124114 -0.0002869 -0.00124086 0.999999 0.0118051 -0.0169577 -0.0119335
FixedParameters: 0 0 0

#Transform 30
Transform: AffineTransform_float_3_3
Parameters: 0.999999 -0.000520146 0.000664975 0.00051943 0.999998 0.00152334 -0.000666028 -0.00152265 0.999998 0.00690692 -0.0130926 0.00144514
FixedParameters: 0 0 0

#Transform 31
Transform: AffineTransform_float_3_3
Parameters: 0.999999 -0.000468382 0.000643306 0.000467178 0.999999 0.0012393 -0.000643544 -0.0012387 0.999999 0.00878522 -0.0167678 0.00102296
FixedParameters: 0 0 0

#Transform 32
Transform: AffineTransform_float_3_3
Parameters: 1 -0.000477549 0.000390752 0.000476745 0.999998 0.00152719 -0.000391289 -0.00152681 0.999999 0.016847 -0.00784721 -0.00931192
FixedParameters: 0 0 0

#Transform 33
Transform: AffineTransform_float_3_3
Parameters: 0.999999 -0.000386338 0.000607707 0.000384844 0.999997 0.00262824 -0.000608283 -0.00262777 0.999997 0.00797299 0.00519662 0.0378878
FixedParameters: 0 0 0

#Transform 34
Transform: AffineTransform_float_3_3
Parameters: 0.999999 -0.000488797 0.000650681 0.000486735 0.999995 0.00288932 -0.000652049 -0.00288868 0.999995 0.0124305 0.00538978 0.0599357
FixedParameters: 0 0 0

#Transform 35
Transform: AffineTransform_float_3_3
Parameters: 0.999999 -0.000642666 0.000715527 0.000641626 0.999996 0.00282946 -0.000717181 -0.00282854 0.999995 0.0455415 0.00593786 0.0484315
FixedParameters: 0 0 0

#Transform 36
Transform: AffineTransform_float_3_3
Parameters: 0.999999 -0.00036922 0.00124526 0.000365806 0.999997 0.00242346 -0.00124598 -0.00242254 0.999996 0.0398948 0.0215884 0.0483474
FixedParameters: 0 0 0

#Transform 37
Transform: AffineTransform_float_3_3
Parameters: 1 -0.000688938 0.000838394 0.000687727 0.999999 0.00150237 -0.000839932 -0.00150263 0.999999 0.03045 0.00719831 0.0309754
FixedParameters: 0 0 0

#Transform 38
Transform: AffineTransform_float_3_3
Parameters: 1 -0.000616522 0.00103795 0.000615644 0.999999 0.00149728 -0.00103966 -0.00149672 0.999998 0.0455225 0.00840738 0.0236729
FixedParameters: 0 0 0

#Transform 39
Transform: AffineTransform_float_3_3
Parameters: 0.999999 -0.000763022 0.00104526 0.000760436 0.999996 0.00267595 -0.00104736 -0.00267505 0.999996 0.0362213 0.0151751 0.068288
FixedParameters: 0 0 0

#Transform 40
Transform: AffineTransform_float_3_3
Parameters: 0.999999 -0.000797055 4.50812e-05 0.000796679 0.999997 0.00257668 -4.69565e-05 -0.00257732 0.999997 0.0202163 -0.0211844 0.0819853
FixedParameters: 0 0 0

#Transform 41
Transform: AffineTransform_float_3_3
Parameters: 0.999999 0.000763323 -0.00135897 -0.000769242 0.999989 -0.00459681 0.00135457 0.00459819 0.999988 -0.0703972 -0.0732188 -0.0810358
FixedParameters: 0 0 0

#Transform 42
Transform: AffineTransform_float_3_3
Parameters: 0.999999 -0.000742453 4.65243e-05 0.000742818 0.999997 -0.00246112 -4.51e-05 0.00246188 0.999997 0.0116374 -0.0766319 -0.0417048
FixedParameters: 0 0 0

#Transform 43
Transform: AffineTransform_float_3_3
Parameters: 1 -0.000954553 0.000180818 0.00095564 0.999999 -0.00154919 -0.000179171 0.00154881 0.999999 0.0213473 -0.061782 -0.0230715
FixedParameters: 0 0 0

#Transform 44
Transform: AffineTransform_float_3_3
Parameters: 1 -0.00101575 0.000429959 0.00101606 0.999999 -0.000809923 -0.000429233 0.000810077 0.999999 0.0222482 -0.0548118 0.00272847
FixedParameters: 0 0 0

#Transform 45
Transform: AffineTransform_float_3_3
Parameters: 0.999999 -0.00118115 0.00037328 0.00118142 0.999999 -0.000886919 -0.000372105 0.00088708 0.999999 0.0255934 -0.0505162 -0.0025436
FixedParameters: 0 0 0

#Transform 46
Transform: AffineTransform_float_3_3
Parameters: 1 -0.00108743 0.000427562 0.00108788 0.999999 -0.0014379 -0.000426275 0.00143811 0.999999 0.021822 -0.0615558 -0.0164917
FixedParameters: 0 0 0

#Transform 47
Transform: AffineTransform_float_3_3
Parameters: 1 -0.000843275 0.000534798 0.000843662 0.999998 0.0012286 -0.00053542 -0.0012284 1 0.0196865 -0.0248949 0.0545026
FixedParameters: 0 0 0

#Transform 48
Transform: AffineTransform_float_3_3
Parameters: 1 -0.000882508 0.000788355 0.000881295 0.999999 0.0010177 -0.000789228 -0.0010163 0.999999 0.0341151 -0.0197277 0.0468298
FixedParameters: 0 0 0

#Transform 49
Transform: AffineTransform_float_3_3
Parameters: 0.999999 -0.000793102 0.00110123 0.000790617 0.999997 0.00190002 -0.00110279 -0.00189897 0.999998 0.0385481 -0.00501968 0.0873118
FixedParameters: 0 0 0

#Transform 50
Transform: AffineTransform_float_3_3
Parameters: 0.999999 -0.00100105 0.000796277 0.00100034 0.999998 0.00175795 -0.000797424 -0.00175705 0.999999 0.0348597 0.00345919 0.0882601
FixedParameters: 0 0 0

#Transform 51
Transform: AffineTransform_float_3_3
Parameters: 0.999999 -0.000903878 0.00120594 0.00090208 0.999998 0.00161324 -0.00120648 -0.00161176 0.999998 0.0468629 0.00890927 0.0736917
FixedParameters: 0 0 0

#Transform 52
Transform: AffineTransform_float_3_3
Parameters: 0.999998 -0.000865036 0.00139404 0.000860951 0.999997 0.00207451 -0.00139617 -0.00207349 0.999997 0.0515955 0.0268968 0.111723
FixedParameters: 0 0 0

#Transform 53
Transform: AffineTransform_float_3_3
Parameters: 0.999999 -0.000924115 0.00152883 0.000921246 0.999998 0.0019232 -0.0015304 -0.00192179 0.999996 0.0699366 0.0293648 0.105139
FixedParameters: 0 0 0

#Transform 54
Transform: AffineTransform_float_3_3
Parameters: 0.999998 -0.00111056 0.00177897 0.00110695 0.999997 0.00197428 -0.00178044 -0.00197172 0.999997 0.0856686 0.0315894 0.102598
FixedParameters: 0 0 0

#Transform 55
Transform: AffineTransform_float_3_3
Parameters: 0.999997 -0.00101223 0.00224409 0.00100826 0.999998 0.00155873 -0.00224526 -0.00155627 0.999997 0.0874546 0.0310669 0.112525
FixedParameters: 0 0 0

#Transform 56
Transform: AffineTransform_float_3_3
Parameters: 0.999997 -0.00101323 0.0022208 0.00101064 0.999999 0.00146835 -0.00222218 -0.00146665 0.999996 0.0965499 0.0271929 0.114171
FixedParameters: 0 0 0

#Transform 57
Transform: AffineTransform_float_3_3
Parameters: 0.999995 -0.00107887 0.00276651 0.00107353 0.999998 0.00191259 -0.0027685 -0.00190941 0.999994 0.114663 0.0332525 0.138566
FixedParameters: 0 0 0

#Transform 58
Transform: AffineTransform_float_3_3
Parameters: 0.999996 -0.00144171 0.0023517 0.00143606 0.999996 0.00248213 -0.00235488 -0.00247888 0.999994 0.118997 0.0353013 0.141362
FixedParameters: 0 0 0

#Transform 59
Transform: AffineTransform_float_3_3
Parameters: 0.999997 -0.00157176 0.00197461 0.0015694 0.999998 0.00112884 -0.00197578 -0.00112616 0.999997 0.125539 -0.00427739 0.098692
FixedParameters: 0 0 0

#Transform 60
Transform: AffineTransform_float_3_3
Parameters: 0.999997 -0.00132391 0.00201931 0.00132149 0.999998 0.00125077 -0.00202156 -0.00124823 0.999998 0.110362 0.0151795 0.101981
FixedParameters: 0 0 0

#Transform 61
Transform: AffineTransform_float_3_3
Parameters: 0.999997 -0.00139968 0.00205008 0.00139616 0.999998 0.00181781 -0.00205356 -0.00181419 0.999996 0.0950302 0.00689692 0.130405
FixedParameters: 0 0 0

#Transform 62
Transform: AffineTransform_float_3_3
Parameters: 0.999998 -0.00124535 0.00198348 0.00123975 0.999996 0.00249956 -0.00198718 -0.00249743 0.999995 0.0895674 0.0276452 0.138217
FixedParameters: 0 0 0

#Transform 63
Transform: AffineTransform_float_3_3
Parameters: 0.999996 -0.00139037 0.00248905 0.00138658 0.999998 0.00136771 -0.00249086 -0.00136429 0.999996 0.109099 0.00498351 0.0876669
FixedParameters: 0 0 0

#Transform 64
Transform: AffineTransform_float_3_3
Parameters: 0.999995 -0.00134961 0.00263755 0.00134551 0.999998 0.00152581 -0.00264006 -0.00152219 0.999995 0.100945 0.00378473 0.0991647
FixedParameters: 0 0 0

#Transform 65
Transform: AffineTransform_float_3_3
Parameters: 0.999996 -0.00128886 0.00247972 0.00128397 0.999997 0.00185944 -0.00248199 -0.00185656 0.999995 0.0954068 0.00342665 0.105698
FixedParameters: 0 0 0

#Transform 66
Transform: AffineTransform_float_3_3
Parameters: 0.999997 -0.00143062 0.00224431 0.00142657 0.999997 0.00186731 -0.00224713 -0.00186369 0.999996 0.110515 0.0164204 0.0953516
FixedParameters: 0 0 0

#Transform 67
Transform: AffineTransform_float_3_3
Parameters: 0.999995 -0.00125503 0.00287355 0.00125081 0.999997 0.00187637 -0.00287559 -0.00187264 0.999994 0.106376 0.0126905 0.100983
FixedParameters: 0 0 0

#Transform 68
Transform: AffineTransform_float_3_3
Parameters: 0.999996 -0.00146034 0.00250154 0.00145536 0.999997 0.0021229 -0.00250468 -0.0021191 0.999995 0.104411 0.0233908 0.11819
FixedParameters: 0 0 0

#Transform 69
Transform: AffineTransform_float_3_3
Parameters: 0.999996 -0.00149435 0.00232624 0.00148828 0.999995 0.00288121 -0.00233034 -0.00287779 0.999993 0.116856 0.0340959 0.145356
FixedParameters: 0 0 0

#Transform 70
Transform: AffineTransform_float_3_3
Parameters: 0.999995 -0.00142881 0.002737 0.00142129 0.999995 0.00288231 -0.00274111 -0.00287869 0.999992 0.113486 0.0417691 0.159025
FixedParameters: 0 0 0

#Transform 71
Transform: AffineTransform_float_3_3
Parameters: 0.999995 -0.00155498 0.00250201 0.001546 0.999993 0.00351914 -0.0025079 -0.00351487 0.999991 0.1052 0.0462856 0.180149
FixedParameters: 0 0 0

#Transform 72
Transform: AffineTransform_float_3_3
Parameters: 0.999996 -0.00153791 0.00255847 0.00153535 0.999998 0.000757182 -0.00256026 -0.000752814 0.999996 0.113003 0.000346179 0.0680603
FixedParameters: 0 0 0

#Transform 73
Transform: AffineTransform_float_3_3
Parameters: 0.999996 -0.00200183 0.00209431 0.00200533 0.999996 -0.00174143 -0.00209114 0.00174557 0.999996 0.125418 -0.0493021 -0.0029548
FixedParameters: 0 0 0

#Transform 74
Transform: AffineTransform_float_3_3
Parameters: 0.999996 -0.00155966 0.00232937 0.0015615 0.999999 -0.000758627 -0.00232844 0.000762373 0.999996 0.112104 -0.0111311 0.0411741
FixedParameters: 0 0 0

#Transform 75
Transform: AffineTransform_float_3_3
Parameters: 0.999996 -0.00170258 0.00226808 0.0016997 0.999998 0.00101175 -0.00227006 -0.00100825 0.999998 0.121146 0.00451118 0.0774669
FixedParameters: 0 0 0

#Transform 76
Transform: AffineTransform_float_3_3
Parameters: 0.999995 -0.00210353 0.00207956 0.00210025 0.999996 0.00170075 -0.00208288 -0.00169625 0.999996 0.127242 0.00542165 0.105028
FixedParameters: 0 0 0

#Transform 77
Transform: AffineTransform_float_3_3
Parameters: 0.999996 -0.00205597 0.00220496 0.00205231 0.999996 0.00169191 -0.00220808 -0.00168709 0.999996 0.140857 0.000671058 0.0929096
FixedParameters: 0 0 0

#Transform 78
Transform: AffineTransform_float_3_3
Parameters: 0.999995 -0.002078 0.00260863 0.00207299 0.999996 0.00194195 -0.00261233 -0.00193605 0.999994 0.12942 0.0070938 0.0995567
FixedParameters: 0 0 0

#Transform 79
Transform: AffineTransform_float_3_3
Parameters: 0.999994 -0.00191196 0.00291625 0.00190856 0.999997 0.00126077 -0.00291946 -0.00125523 0.999995 0.144659 0.0105439 0.078123
FixedParameters: 0 0 0

#Transform 80
Transform: AffineTransform_float_3_3
Parameters: 0.999994 -0.00219629 0.0025875 0.00218842 0.999993 0.00308821 -0.0025947 -0.00308179 0.999992 0.142892 0.0409559 0.166649
FixedParameters: 0 0 0

#Transform 81
Transform: AffineTransform_float_3_3
Parameters: 0.999994 -0.00218756 0.00290299 0.00217991 0.999994 0.00271567 -0.0029085 -0.00270933 0.999992 0.157197 0.0512246 0.160103
FixedParameters: 0 0 0

#Transform 82
Transform: AffineTransform_float_3_3
Parameters: 0.999993 -0.00216817 0.00323297 0.00215891 0.999993 0.00283199 -0.00323927 -0.00282501 0.999991 0.177341 0.04652 0.162068
FixedParameters: 0 0 0

#Transform 83
Transform: AffineTransform_float_3_3
Parameters: 0.999992 -0.00238235 0.00299524 0.00237403 0.999993 0.00289861 -0.00300307 -0.00289139 0.999991 0.178409 0.0392874 0.171576
FixedParameters: 0 0 0

#Transform 84
Transform: AffineTransform_float_3_3
Parameters: 0.999993 -0.00229911 0.00294462 0.00229134 0.999994 0.00269924 -0.00295066 -0.00269276 0.999992 0.178325 0.049169 0.133742
FixedParameters: 0 0 0

#Transform 85
Transform: AffineTransform_float_3_3
Parameters: 0.999993 -0.00240525 0.00289612 0.00239614 0.999992 0.00326744 -0.00290402 -0.00326056 0.999991 0.169104 0.0513655 0.159988
FixedParameters: 0 0 0

#Transform 86
Transform: AffineTransform_float_3_3
Parameters: 0.999994 -0.00223228 0.00289031 0.00222072 0.99999 0.00399128 -0.00289883 -0.00398472 0.999988 0.165441 0.0609989 0.187339
FixedParameters: 0 0 0

#Transform 87
Transform: AffineTransform_float_3_3
Parameters: 0.999993 -0.00214756 0.0030909 0.00213547 0.99999 0.00375462 -0.00309865 -0.00374838 0.999988 0.153456 0.0472819 0.188117
FixedParameters: 0 0 0

#Transform 88
Transform: AffineTransform_float_3_3
Parameters: 0.999994 -0.00224412 0.00286556 0.00223011 0.999986 0.00474626 -0.0028761 -0.00473974 0.999985 0.163443 0.071939 0.220057
FixedParameters: 0 0 0

#Transform 89
Transform: AffineTransform_float_3_3
Parameters: 0.999994 -0.00219559 0.00261236 0.00218262 0.999985 0.00500542 -0.00262358 -0.00499958 0.999984 0.156904 0.0706005 0.223516
FixedParameters: 0 0 0

#Transform 90
Transform: AffineTransform_float_3_3
Parameters: 0.999993 -0.00212148 0.00314973 0.00210629 0.999988 0.00459166 -0.00315976 -0.00458534 0.999985 0.170769 0.0737407 0.189734
FixedParameters: 0 0 0

#Transform 91
Transform: AffineTransform_float_3_3
Parameters: 0.999993 -0.00208258 0.00289512 0.00206609 0.999983 0.00550786 -0.00290714 -0.00550214 0.999981 0.165436 0.0914465 0.213246
FixedParameters: 0 0 0

#Transform 92
Transform: AffineTransform_float_3_3
Parameters: 0.999993 -0.00210532 0.00329462 0.00208985 0.999987 0.00463091 -0.00330413 -0.00462409 0.999984 0.173898 0.0963911 0.205132
FixedParameters: 0 0 0

#Transform 93
Transform: AffineTransform_float_3_3
Parameters: 0.999992 -0.00227426 0.00305579 0.00225829 0.999983 0.00541378 -0.00306804 -0.00540623 0.999981 0.168482 0.104716 0.257183
FixedParameters: 0 0 0

#Transform 94
Transform: AffineTransform_float_3_3
Parameters: 0.999992 -0.00230773 0.0030546 0.00229099 0.999985 0.00511252 -0.00306688 -0.00510548 0.999982 0.176492 0.0975734 0.22422
FixedParameters: 0 0 0

#Transform 95
Transform: AffineTransform_float_3_3
Parameters: 0.99999 -0.00218046 0.00373956 0.0021617 0.999984 0.00511442 -0.00375157 -0.00510657 0.99998 0.171006 0.115197 0.26702
FixedParameters: 0 0 0

#Transform 96
Transform: AffineTransform_float_3_3
Parameters: 0.999991 -0.00227741 0.00375527 0.00226103 0.999988 0.00453483 -0.00376487 -0.00452618 0.999983 0.174385 0.121027 0.279525
FixedParameters: 0 0 0

#Transform 97
Transform: AffineTransform_float_3_3
Parameters: 0.99999 -0.00237942 0.00382873 0.00236096 0.999986 0.00471802 -0.00384011 -0.00470897 0.999981 0.201999 0.115413 0.264431
FixedParameters: 0 0 0

#Transform 98
Transform: AffineTransform_float_3_3
Parameters: 0.999989 -0.00265132 0.00387224 0.0026314 0.999984 0.00495397 -0.00388559 -0.00494402 0.99998 0.199159 0.118212 0.307419
FixedParameters: 0 0 0

#Transform 99
Transform: AffineTransform_float_3_3
Parameters: 0.999991 -0.00247184 0.00341971 0.00245426 0.999983 0.00526522 -0.00343282 -0.00525677 0.99998 0.201134 0.11786 0.266405
FixedParameters: 0 0 0

#Transform 100
Transform: AffineTransform_float_3_3
Parameters: 0.99999 -0.00249895 0.00366312 0.00248032 0.999984 0.00523808 -0.00367585 -0.00522893 0.99998 0.204552 0.102171 0.25834
FixedParameters: 0 0 0

#Transform 101
Transform: AffineTransform_float_3_3
Parameters: 0.99999 -0.00241051 0.00364064 0.0023912 0.999984 0.00513054 -0.00365337 -0.00512146 0.99998 0.198323 0.118412 0.268085
FixedParameters: 0 0 0

#Transform 102
Transform: AffineTransform_float_3_3
Parameters: 0.99999 -0.00256413 0.00366048 0.00254655 0.999985 0.00486631 -0.00367344 -0.0048567 0.999982 0.204068 0.119435 0.270608
FixedParameters: 0 0 0

#Transform 103
Transform: AffineTransform_float_3_3
Parameters: 0.999989 -0.00268634 0.00403045 0.00266537 0.999984 0.00510189 -0.00404347 -0.00509011 0.999979 0.219865 0.118991 0.272469
FixedParameters: 0 0 0

#Transform 104
Transform: AffineTransform_float_3_3
Parameters: 0.999988 -0.00265686 0.00421976 0.00263773 0.999987 0.00436158 -0.00423187 -0.00435042 0.999982 0.215729 0.124163 0.271091
FixedParameters: 0 0 0

#Transform 105
Transform: AffineTransform_float_3_3
Parameters: 0.99999 -0.002604 0.00377885 0.00258589 0.999985 0.00466391 -0.00379076 -0.00465409 0.999982 0.211878 0.118301 0.262373
FixedParameters: 0 0 0

#Transform 106
Transform: AffineTransform_float_3_3
Parameters: 0.999991 -0.0027131 0.00346403 0.00269404 0.999981 0.00557981 -0.00347862 -0.00557019 0.999979 0.206122 0.123646 0.274389
FixedParameters: 0 0 0

#Transform 107
Transform: AffineTransform_float_3_3
Parameters: 0.99999 -0.00269972 0.00358248 0.00267962 0.99998 0.00572223 -0.00359714 -0.00571277 0.999977 0.209869 0.110289 0.26873
FixedParameters: 0 0 0

#Transform 108
Transform: AffineTransform_float_3_3
Parameters: 0.99999 -0.00254883 0.00374114 0.00252592 0.999979 0.00610045 -0.00375677 -0.00609055 0.999975 0.196498 0.12177 0.304052
FixedParameters: 0 0 0

#Transform 109
Transform: AffineTransform_float_3_3
Parameters: 0.99999 -0.00261646 0.00377113 0.00259506 0.999981 0.00567942 -0.00378592 -0.00566958 0.999977 0.206267 0.117221 0.262075
FixedParameters: 0 0 0

#Transform 110
Transform: AffineTransform_float_3_3
Parameters: 0.999988 -0.00269643 0.00410566 0.00267458 0.999983 0.00522592 -0.00411984 -0.00521507 0.999978 0.21598 0.116881 0.259277
FixedParameters: 0 0 0

#Transform 111
Transform: AffineTransform_float_3_3
Parameters: 0.999988 -0.00285477 0.00379499 0.00283172 0.999977 0.00613354 -0.00381268 -0.00612246 0.999974 0.210999 0.110842 0.282867
FixedParameters: 0 0 0

#Transform 112
Transform: AffineTransform_float_3_3
Parameters: 0.99999 -0.00244307 0.00357299 0.00242199 0.999979 0.00594949 -0.00358713 -0.0059405 0.999975 0.198818 0.123056 0.260375
FixedParameters: 0 0 0

#Transform 113
Transform: AffineTransform_float_3_3
Parameters: 0.999987 -0.00259399 0.00436227 0.00256583 0.999977 0.00638967 -0.0043787 -0.00637833 0.99997 0.190932 0.15428 0.363836
FixedParameters: 0 0 0

#Transform 114
Transform: AffineTransform_float_3_3
Parameters: 0.999988 -0.00243709 0.00427224 0.00240945 0.999975 0.00657112 -0.00428795 -0.00656087 0.999969 0.196217 0.157046 0.348623
FixedParameters: 0 0 0

#Transform 115
Transform: AffineTransform_float_3_3
Parameters: 0.999985 -0.00244344 0.00476667 0.00241139 0.999975 0.00658801 -0.00478236 -0.00657599 0.999967 0.206918 0.167976 0.365675
FixedParameters: 0 0 0

#Transform 116
Transform: AffineTransform_float_3_3
Parameters: 0.999986 -0.00258427 0.00476412 0.00255522 0.999979 0.00600247 -0.00477974 -0.00599053 0.999971 0.213178 0.167212 0.367256
FixedParameters: 0 0 0

#Transform 117
Transform: AffineTransform_float_3_3
Parameters: 0.999985 -0.00266592 0.00464504 0.00263884 0.99998 0.00584588 -0.00466043 -0.00583311 0.999972 0.224835 0.154487 0.342119
FixedParameters: 0 0 0

#Transform 118
Transform: AffineTransform_float_3_3
Parameters: 0.999984 -0.00226176 0.00508704 0.00223182 0.99998 0.00594338 -0.00510061 -0.00593163 0.999969 0.206158 0.17699 0.392756
FixedParameters: 0 0 0

#Transform 119
Transform: AffineTransform_float_3_3
Parameters: 0.999985 -0.00250628 0.00475496 0.00247872 0.99998 0.00585893 -0.00476894 -0.00584707 0.999972 0.198452 0.191468 0.392148
FixedParameters: 0 0 0

#Transform 120
Transform: AffineTransform_float_3_3
Parameters: 0.999985 -0.00254262 0.00484315 0.0025135 0.999979 0.00600647 -0.00485869 -0.00599452 0.99997 0.217021 0.194217 0.402235
FixedParameters: 0 0 0

#Transform 121
Transform: AffineTransform_float_3_3
Parameters: 0.999983 -0.00258107 0.00521781 0.00254739 0.999976 0.00647677 -0.00523498 -0.00646323 0.999965 0.208327 0.206232 0.451426
FixedParameters: 0 0 0

#Transform 122
Transform: AffineTransform_float_3_3
Parameters: 0.999983 -0.00273807 0.00511259 0.0027044 0.999975 0.00659494 -0.00513021 -0.00658106 0.999965 0.244143 0.189028 0.412493
FixedParameters: 0 0 0

#Transform 123
Transform: AffineTransform_float_3_3
Parameters: 0.999984 -0.00269973 0.00509205 0.00266973 0.999979 0.0059677 -0.0051078 -0.0059543 0.999969 0.23629 0.171361 0.391689
FixedParameters: 0 0 0

#Transform 124
Transform: AffineTransform_float_3_3
Parameters: 0.999983 -0.00269458 0.00526172 0.00265637 0.999971 0.00717462 -0.00528117 -0.00716038 0.99996 0.231021 0.199237 0.45569
FixedParameters: 0 0 0

#Transform 125
Transform: AffineTransform_float_3_3
Parameters: 0.999983 -0.002845 0.00495183 0.00281446 0.999976 0.00626805 -0.00496917 -0.00625396 0.999969 0.236349 0.153672 0.371106
FixedParameters: 0 0 0

#Transform 126
Transform: AffineTransform_float_3_3
Parameters: 0.999983 -0.00270075 0.00526799 0.00266743 0.999976 0.00641784 -0.00528548 -0.00640417 0.999966 0.230195 0.175069 0.406585
FixedParameters: 0 0 0

#Transform 127
Transform: AffineTransform_float_3_3
Parameters: 0.999982 -0.0026226 0.00540632 0.00258673 0.999975 0.00669578 -0.0054241 -0.00668223 0.999963 0.223131 0.190543 0.468618
FixedParameters: 0 0 0

#Transform 128
Transform: AffineTransform_float_3_3
Parameters: 0.999982 -0.00297251 0.00516527 0.00293858 0.999974 0.00650245 -0.00518411 -0.00648655 0.999966 0.251717 0.172939 0.391285
FixedParameters: 0 0 0

#Transform 129
Transform: AffineTransform_float_3_3
Parameters: 0.999983 -0.00273459 0.00512968 0.00269711 0.99997 0.00723732 -0.00514873 -0.00722268 0.999961 0.229192 0.197597 0.436613
FixedParameters: 0 0 0

#Transform 130
Transform: AffineTransform_float_3_3
Parameters: 0.999982 -0.00262187 0.00548746 0.00258199 0.99997 0.00731849 -0.00550686 -0.00730451 0.999958 0.223313 0.204812 0.466679
FixedParameters: 0 0 0

#Transform 131
Transform: AffineTransform_float_3_3
Parameters: 0.999981 -0.00257002 0.00573305 0.00253037 0.999973 0.00695298 -0.00575074 -0.00693902 0.999959 0.225294 0.192829 0.484222
FixedParameters: 0 0 0

#Transform 132
Transform: AffineTransform_float_3_3
Parameters: 0.999978 -0.00251945 0.00603456 0.00247732 0.999972 0.0069973 -0.00605162 -0.00698169 0.999957 0.23047 0.203045 0.48181
FixedParameters: 0 0 0

#Transform 133
Transform: AffineTransform_float_3_3
Parameters: 0.99998 -0.00288098 0.00573555 0.0028396 0.99997 0.00720257 -0.00575621 -0.00718644 0.999958 0.243892 0.1975 0.487855
FixedParameters: 0 0 0

#Transform 134
Transform: AffineTransform_float_3_3
Parameters: 0.999982 -0.00291504 0.00533975 0.00287633 0.999969 0.0073118 -0.00536077 -0.0072962 0.999959 0.244284 0.192533 0.471396
FixedParameters: 0 0 0

#Transform 135
Transform: AffineTransform_float_3_3
Parameters: 0.99998 -0.00290062 0.00553296 0.00285927 0.999967 0.00753158 -0.00555396 -0.00751642 0.999956 0.233951 0.200679 0.482668
FixedParameters: 0 0 0

#Transform 136
Transform: AffineTransform_float_3_3
Parameters: 0.999979 -0.00279082 0.00594846 0.00274439 0.999966 0.00777598 -0.00596976 -0.00775902 0.999952 0.227239 0.216257 0.543099
FixedParameters: 0 0 0

#Transform 137
Transform: AffineTransform_float_3_3
Parameters: 0.999976 -0.0025397 0.00634366 0.00249165 0.999969 0.0075045 -0.0063623 -0.00748851 0.999952 0.238545 0.216907 0.557887
FixedParameters: 0 0 0

#Transform 138
Transform: AffineTransform_float_3_3
Parameters: 0.999977 -0.00259078 0.00623767 0.00254476 0.99997 0.00739556 -0.00625615 -0.00737945 0.999954 0.244226 0.218712 0.492578
FixedParameters: 0 0 0

#Transform 139
Transform: AffineTransform_float_3_3
Parameters: 0.999976 -0.00256806 0.00635491 0.00251944 0.999969 0.00760771 -0.00637489 -0.0075913 0.999951 0.237736 0.234396 0.529395
FixedParameters: 0 0 0

#Transform 140
Transform: AffineTransform_float_3_3
Parameters: 0.999978 -0.00239409 0.0062829 0.00234691 0.999969 0.00755063 -0.00630091 -0.00753536 0.999951 0.236788 0.246152 0.540825
FixedParameters: 0 0 0

#Transform 141
Transform: AffineTransform_float_3_3
Parameters: 0.999977 -0.0024712 0.00631533 0.00242353 0.999969 0.00747735 -0.00633374 -0.00746165 0.999952 0.247953 0.252517 0.522561
FixedParameters: 0 0 0

#Transform 142
Transform: AffineTransform_float_3_3
Parameters: 0.999977 -0.00251459 0.00633186 0.00246468 0.999966 0.00776865 -0.0063509 -0.00775233 0.99995 0.237295 0.24718 0.57829
FixedParameters: 0 0 0

#Transform 143
Transform: AffineTransform_float_3_3
Parameters: 0.999977 -0.00263083 0.00622038 0.00258547 0.99997 0.0072574 -0.00623927 -0.0072416 0.999954 0.254393 0.237221 0.550157
FixedParameters: 0 0 0

#Transform 144
Transform: AffineTransform_float_3_3
Parameters: 0.999977 -0.00261832 0.00626838 0.00257257 0.999971 0.00723344 -0.00628695 -0.00721755 0.999954 0.256057 0.227387 0.540283
FixedParameters: 0 0 0

#Transform 145
Transform: AffineTransform_float_3_3
Parameters: 0.999977 -0.00278 0.00629039 0.00273276 0.999969 0.00738831 -0.00631031 -0.00737169 0.999953 0.250366 0.237666 0.56507
FixedParameters: 0 0 0

#Transform 146
Transform: AffineTransform_float_3_3
Parameters: 0.999977 -0.00271653 0.00623555 0.00267241 0.999972 0.00703598 -0.00625502 -0.00701902 0.999956 0.253839 0.242477 0.563309
FixedParameters: 0 0 0

#Transform 147
Transform: AffineTransform_float_3_3
Parameters: 0.999976 -0.00275645 0.00643553 0.00271029 0.99997 0.00718028 -0.00645527 -0.00716172 0.999954 0.253509 0.241048 0.568027
FixedParameters: 0 0 0

#Transform 148
Transform: AffineTransform_float_3_3
Parameters: 0.999972 -0.00263294 0.00689659 0.00257859 0.999965 0.00793999 -0.00691791 -0.00792201 0.999945 0.26635 0.264784 0.602567
FixedParameters: 0 0 0

#Transform 149
Transform: AffineTransform_float_3_3
Parameters: 0.999974 -0.00273954 0.00674616 0.00269023 0.99997 0.00731646 -0.00676663 -0.00729853 0.999951 0.27604 0.26065 0.583256
FixedParameters: 0 0 0

#Transform 150
Transform: AffineTransform_float_3_3
Parameters: 0.999973 -0.00278801 0.00670932 0.00273316 0.999964 0.00802151 -0.00673144 -0.00800247 0.999945 0.280785 0.266856 0.585324
FixedParameters: 0 0 0

#Transform 151
Transform: AffineTransform_float_3_3
Parameters: 0.999975 -0.00287707 0.00655997 0.00282232 0.999961 0.00842419 -0.00658384 -0.00840482 0.999943 0.26227 0.236293 0.575988
FixedParameters: 0 0 0

#Transform 152
Transform: AffineTransform_float_3_3
Parameters: 0.999976 -0.00263052 0.00631991 0.00257375 0.999957 0.00890298 -0.00634211 -0.00888601 0.99994 0.25276 0.248978 0.597584
FixedParameters: 0 0 0

#Transform 153
Transform: AffineTransform_float_3_3
Parameters: 0.999977 -0.00268457 0.00614065 0.00263269 0.99996 0.00855135 -0.00616305 -0.00853464 0.999944 0.252954 0.23532 0.567379
FixedParameters: 0 0 0

#Transform 154
Transform: AffineTransform_float_3_3
Parameters: 0.999974 -0.0025687 0.00672596 0.00250917 0.999957 0.0089428 -0.00674827 -0.00892521 0.999938 0.255967 0.241848 0.578487
FixedParameters: 0 0 0

#Transform 155
Transform: AffineTransform_float_3_3
Parameters: 0.999977 -0.00274894 0.00616521 0.00269337 0.999956 0.00895196 -0.0061894 -0.00893504 0.999941 0.245925 0.258455 0.594873
FixedParameters: 0 0 0

#Transform 156
Transform: AffineTransform_float_3_3
Parameters: 0.999975 -0.00262962 0.00648026 0.00257182 0.999958 0.0088027 -0.00650322 -0.0087863 0.999941 0.251473 0.243685 0.570542
FixedParameters: 0 0 0

#Transform 157
Transform: AffineTransform_float_3_3
Parameters: 0.999975 -0.0027249 0.00651503 0.0026677 0.999959 0.00866941 -0.00653765 -0.00865158 0.999941 0.249184 0.256108 0.605182
FixedParameters: 0 0 0

#Transform 158
Transform: AffineTransform_float_3_3
Parameters: 0.999973 -0.00268942 0.00687022 0.00263355 0.999963 0.00813779 -0.00689163 -0.0081192 0.999943 0.251792 0.267113 0.597285
FixedParameters: 0 0 0

#Transform 159
Transform: AffineTransform_float_3_3
Parameters: 0.999972 -0.0027937 0.0068669 0.00273513 0.99996 0.00852714 -0.00689107 -0.00850786 0.99994 0.255428 0.280903 0.614469
FixedParameters: 0 0 0

#Transform 160
Transform: AffineTransform_float_3_3
Parameters: 0.999975 -0.00268316 0.00661039 0.00262593 0.999959 0.00865555 -0.00663391 -0.00863845 0.999941 0.24849 0.280448 0.62236
FixedParameters: 0 0 0

#Transform 161
Transform: AffineTransform_float_3_3
Parameters: 0.999973 -0.00261104 0.00686975 0.002555 0.999963 0.00821761 -0.00689068 -0.00819938 0.999943 0.252138 0.268204 0.565228
FixedParameters: 0 0 0

#Transform 162
Transform: AffineTransform_float_3_3
Parameters: 0.999971 -0.00259725 0.00724512 0.00253583 0.999961 0.00840792 -0.0072661 -0.00839007 0.999938 0.248883 0.288311 0.638941
FixedParameters: 0 0 0

#Transform 163
Transform: AffineTransform_float_3_3
Parameters: 0.999971 -0.00268308 0.0070949 0.00262137 0.999959 0.00872464 -0.00711754 -0.00870637 0.999937 0.274433 0.284587 0.635745
FixedParameters: 0 0 0

#Transform 164
Transform: AffineTransform_float_3_3
Parameters: 0.999974 -0.0027468 0.00675474 0.00268477 0.999954 0.0092425 -0.00677946 -0.0092245 0.999935 0.275071 0.28303 0.618982
FixedParameters: 0 0 0

#Transform 165
Transform: AffineTransform_float_3_3
Parameters: 0.999973 -0.00262964 0.00688216 0.00256684 0.999955 0.0091374 -0.0069064 -0.00911961 0.999935 0.262329 0.294281 0.641845
FixedParameters: 0 0 0

#Transform 166
Transform: AffineTransform_float_3_3
Parameters: 0.999972 -0.00240533 0.007164 0.00234257 0.999959 0.00869674 -0.00718482 -0.00867925 0.999937 0.268073 0.276711 0.61442
FixedParameters: 0 0 0

#Transform 167
Transform: AffineTransform_float_3_3
Parameters: 0.999969 -0.00256023 0.00742223 0.00249239 0.999956 0.00902779 -0.00744485 -0.0090082 0.999932 0.254831 0.300931 0.644758
FixedParameters: 0 0 0

#Transform 168
Transform: AffineTransform_float_3_3
Parameters: 0.999968 -0.00265461 0.00754461 0.00258625 0.999956 0.00902876 -0.00756749 -0.00900923 0.999931 0.260716 0.322585 0.699229
FixedParameters: 0 0 0

#Transform 169
Transform: AffineTransform_float_3_3
Parameters: 0.999971 -0.00260919 0.00724941 0.00254689 0.99996 0.00852601 -0.00727158 -0.00850798 0.999937 0.261606 0.287145 0.64387
FixedParameters: 0 0 0

#Transform 170
Transform: AffineTransform_float_3_3
Parameters: 0.999969 -0.00257793 0.0075256 0.0025144 0.999961 0.00850536 -0.00754737 -0.00848564 0.999936 0.259724 0.295774 0.659355
FixedParameters: 0 0 0

#Transform 171
Transform: AffineTransform_float_3_3
Parameters: 0.99997 -0.00266481 0.00727303 0.00260357 0.999961 0.00842548 -0.00729562 -0.0084065 0.999938 0.269741 0.292878 0.65728
FixedParameters: 0 0 0

#Transform 172
Transform: AffineTransform_float_3_3
Parameters: 0.999969 -0.00260676 0.00752994 0.00253998 0.999957 0.00888838 -0.00755309 -0.00886963 0.999932 0.287318 0.295798 0.637434
FixedParameters: 0 0 0

#Transform 173
Transform: AffineTransform_float_3_3
Parameters: 0.999966 -0.0027064 0.00776372 0.00263275 0.999952 0.00945903 -0.00778989 -0.00943896 0.999925 0.281618 0.322552 0.664374
FixedParameters: 0 0 0

#Transform 174
Transform: AffineTransform_float_3_3
Parameters: 0.999968 -0.00261616 0.0074828 0.00254365 0.99995 0.0096753 -0.007508 -0.0096567 0.999925 0.284854 0.294267 0.656972
FixedParameters: 0 0 0

#Transform 175
Transform: AffineTransform_float_3_3
Parameters: 0.99997 -0.00265442 0.0072685 0.00258571 0.999952 0.00942037 -0.0072925 -0.00940162 0.999929 0.296517 0.281404 0.623285
FixedParameters: 0 0 0

#Transform 176
Transform: AffineTransform_float_3_3
Parameters: 0.999969 -0.00267141 0.00738722 0.00259752 0.999948 0.0099458 -0.00741306 -0.00992621 0.999923 0.277044 0.285572 0.648556
FixedParameters: 0 0 0

#Transform 177
Transform: AffineTransform_float_3_3
Parameters: 0.999968 -0.00275334 0.00741522 0.00267913 0.999947 0.0100176 -0.00744254 -0.00999737 0.999922 0.27606 0.288923 0.676363
FixedParameters: 0 0 0

#Transform 178
Transform: AffineTransform_float_3_3
Parameters: 0.999968 -0.00262537 0.00755213 0.00255684 0.999957 0.00900441 -0.00757527 -0.00898459 0.999931 0.280309 0.283465 0.654423
FixedParameters: 0 0 0

#Transform 179
Transform: AffineTransform_float_3_3
Parameters: 0.999967 -0.00289114 0.00760348 0.00282191 0.999955 0.00904051 -0.00762975 -0.00901848 0.99993 0.26937 0.290301 0.702075
FixedParameters: 0 0 0
