# transform file /out/sourcedata/freesurfer/sub-v1s10x0050957_ses-1/mri/transforms/cc_up.lta
# created by oesteban on Thu Mar 12 00:21:17 2026

type      = 0 # LINEAR_VOX_TO_VOX
nxforms   = 1
mean      = 129.0000 134.0000 122.0000
sigma     = 10000.0000
1 4 4
9.987332820892334e-01 4.478652030229568e-02 2.293661236763000e-02 -8.937251091003418e+00 
-4.477471858263016e-02 9.989966154098511e-01 -1.028282917104661e-03 1.702157974243164e+01 
-2.295965142548084e-02 -1.164153357047226e-10 9.997363686561584e-01 1.199617767333984e+01 
0.000000000000000e+00 0.000000000000000e+00 0.000000000000000e+00 1.000000000000000e+00 
src volume info
valid = 1  # volume info valid
filename = /out/sourcedata/freesurfer/sub-v1s10x0050957_ses-1/mri/norm.mgz
volume = 256 256 256
voxelsize = 1.000000000000000e+00 1.000000000000000e+00 1.000000000000000e+00
xras   = -1.000000000000000e+00 0.000000000000000e+00 0.000000000000000e+00
yras   = 0.000000000000000e+00 0.000000000000000e+00 -1.000000000000000e+00
zras   = 0.000000000000000e+00 1.000000000000000e+00 0.000000000000000e+00
cras   = -8.009574890136719e+00 -3.337341308593750e+00 1.000000000000000e+00
dst volume info
valid = 1  # volume info valid
filename = /out/sourcedata/freesurfer/sub-v1s10x0050957_ses-1/mri/norm.mgz
volume = 256 256 256
voxelsize = 1.000000000000000e+00 1.000000000000000e+00 1.000000000000000e+00
xras   = -1.000000000000000e+00 0.000000000000000e+00 0.000000000000000e+00
yras   = 0.000000000000000e+00 0.000000000000000e+00 -1.000000000000000e+00
zras   = 0.000000000000000e+00 1.000000000000000e+00 0.000000000000000e+00
cras   = -8.009574890136719e+00 -3.337341308593750e+00 1.000000000000000e+00
