#Insight Transform File V1.0
#Transform 0
Transform: AffineTransform_float_3_3
Parameters: 1 0.000817893 -0.0007392 -0.000819113 0.999999 -0.000825754 0.000737847 0.000826244 0.999999 0.0060962 0.127642 0.333453
FixedParameters: 0 0 0

#Transform 1
Transform: AffineTransform_float_3_3
Parameters: 1 0.00015034 -0.000236728 -0.00014937 0.999999 -0.000720964 0.000237041 0.000721035 0.999999 -0.0276765 0.00767316 -0.128692
FixedParameters: 0 0 0

#Transform 2
Transform: AffineTransform_float_3_3
Parameters: 0.999999 0.000977983 -0.000183577 -0.000977928 0.999999 0.00014918 0.000183869 -0.00014882 1 -0.0767734 0.0847324 -0.0707398
FixedParameters: 0 0 0

#Transform 3
Transform: AffineTransform_float_3_3
Parameters: 1 0.000697309 -8.71736e-05 -0.000697253 0.999999 0.000321061 8.76212e-05 -0.000320939 1 -0.0298214 0.0935568 -0.0966158
FixedParameters: 0 0 0

#Transform 4
Transform: AffineTransform_float_3_3
Parameters: 0.999999 0.000802084 -2.28009e-05 -0.00080265 1 -0.000788494 2.28468e-05 0.000788506 0.999999 -0.0448186 0.0869252 -0.135366
FixedParameters: 0 0 0

#Transform 5
Transform: AffineTransform_float_3_3
Parameters: 0.999999 0.000794771 -0.000129335 -0.000794939 1 -0.000654257 0.000128295 0.000653742 1 -0.0617416 0.0751831 -0.181511
FixedParameters: 0 0 0

#Transform 6
Transform: AffineTransform_float_3_3
Parameters: 1 0.000336295 0.000213462 -0.000336093 1 -0.000471072 -0.000213779 0.000470928 1 -0.0249031 0.0691586 -0.174045
FixedParameters: 0 0 0

#Transform 7
Transform: AffineTransform_float_3_3
Parameters: 1 -0.00029372 9.12449e-05 0.000293854 0.999999 -0.000737973 -9.08112e-05 0.000738026 0.999999 -0.0277497 0.0518844 -0.148044
FixedParameters: 0 0 0

#Transform 8
Transform: AffineTransform_float_3_3
Parameters: 1 0.000888795 0.00076905 -0.000888232 0.999998 -0.00156048 -0.000771042 0.00156052 0.999998 -0.107923 0.0997397 -0.166976
FixedParameters: 0 0 0

#Transform 9
Transform: AffineTransform_float_3_3
Parameters: 1 0.000896202 0.000785211 -0.000894501 0.999997 -0.00200434 -0.000787097 0.00200366 0.999998 -0.0998216 0.0959873 -0.158303
FixedParameters: 0 0 0

#Transform 10
Transform: AffineTransform_float_3_3
Parameters: 0.999998 0.00153093 0.00172442 -0.0015301 0.999999 -0.000661227 -0.00172474 0.000658776 0.999999 -0.12686 0.102452 -0.132551
FixedParameters: 0 0 0

#Transform 11
Transform: AffineTransform_float_3_3
Parameters: 0.999997 0.00147566 0.00223177 -0.00147602 0.999999 -0.000127368 -0.00223175 0.000123633 0.999997 -0.140359 0.113189 -0.129615
FixedParameters: 0 0 0

#Transform 12
Transform: AffineTransform_float_3_3
Parameters: 0.999997 0.00132847 0.00176552 -0.00132916 0.999999 0.000456221 -0.00176469 -0.000458779 0.999998 -0.10258 0.118 -0.123763
FixedParameters: 0 0 0

#Transform 13
Transform: AffineTransform_float_3_3
Parameters: 0.999997 0.00142492 0.00225334 -0.0014255 0.999999 -7.62858e-05 -0.00225316 7.27158e-05 0.999997 -0.104555 0.126843 -0.139519
FixedParameters: 0 0 0

#Transform 14
Transform: AffineTransform_float_3_3
Parameters: 0.999998 0.00125302 0.0019276 -0.00125261 0.999999 -0.000107488 -0.00192787 0.000105511 0.999998 -0.0952562 0.11809 -0.131766
FixedParameters: 0 0 0

#Transform 15
Transform: AffineTransform_float_3_3
Parameters: 0.999997 0.000920624 0.00255985 -0.000919233 0.999999 -0.000452763 -0.00256029 0.000450236 0.999997 -0.0524761 0.103623 -0.164171
FixedParameters: 0 0 0

#Transform 16
Transform: AffineTransform_float_3_3
Parameters: 0.999996 0.00069549 0.00275876 -0.000695231 1 -0.000452328 -0.00275952 0.000450674 0.999996 -0.0671593 0.11959 -0.12375
FixedParameters: 0 0 0

#Transform 17
Transform: AffineTransform_float_3_3
Parameters: 0.999995 0.000811332 0.00307696 -0.000809075 0.999999 -0.000816542 -0.00307711 0.000814458 0.999994 -0.0432091 0.108105 -0.156725
FixedParameters: 0 0 0

#Transform 18
Transform: AffineTransform_float_3_3
Parameters: 0.999994 0.000560204 0.00357747 -0.000555531 0.999999 -0.00109438 -0.00357844 0.00109262 0.999993 -0.041859 0.0926447 -0.132621
FixedParameters: 0 0 0

#Transform 19
Transform: AffineTransform_float_3_3
Parameters: 0.999994 0.000148922 0.00325104 -0.000144074 0.999999 -0.00157358 -0.00325139 0.00157342 0.999993 -0.0388454 0.0883892 -0.132098
FixedParameters: 0 0 0

#Transform 20
Transform: AffineTransform_float_3_3
Parameters: 0.999992 0.000901824 0.00373686 -0.000894814 0.999998 -0.00185353 -0.00373838 0.00185047 0.999991 -0.0676568 0.0850791 -0.152259
FixedParameters: 0 0 0

#Transform 21
Transform: AffineTransform_float_3_3
Parameters: 0.999994 0.000717076 0.00336033 -0.000710176 0.999997 -0.00210193 -0.00336243 0.00210006 0.999992 -0.102419 0.0961232 -0.123935
FixedParameters: 0 0 0

#Transform 22
Transform: AffineTransform_float_3_3
Parameters: 0.999995 8.05632e-05 0.00336941 -7.26904e-05 0.999997 -0.00243521 -0.00336942 0.00243479 0.999992 -0.0748862 0.067789 -0.12832
FixedParameters: 0 0 0

#Transform 23
Transform: AffineTransform_float_3_3
Parameters: 0.999996 2.14917e-05 0.00282246 -1.48844e-05 0.999997 -0.00228751 -0.00282204 0.00228749 0.999993 -0.0451914 0.0851329 -0.0856005
FixedParameters: 0 0 0

#Transform 24
Transform: AffineTransform_float_3_3
Parameters: 0.999995 -0.000953474 0.00294316 0.000959452 0.999997 -0.00228542 -0.00294105 0.00228758 0.999993 0.0188418 0.0505498 -0.157261
FixedParameters: 0 0 0

#Transform 25
Transform: AffineTransform_float_3_3
Parameters: 0.999997 -0.000497437 0.00229385 0.000504313 0.999995 -0.00304439 -0.00229213 0.00304461 0.999993 -0.0369375 0.0387909 -0.173909
FixedParameters: 0 0 0

#Transform 26
Transform: AffineTransform_float_3_3
Parameters: 0.999995 -0.000359647 0.00306546 0.000362387 1 -0.000810564 -0.00306501 0.000811437 0.999995 -0.028987 0.0747845 -0.0992006
FixedParameters: 0 0 0

#Transform 27
Transform: AffineTransform_float_3_3
Parameters: 0.999995 -2.43798e-05 0.00311141 3.07997e-05 0.999998 -0.00204522 -0.00311079 0.00204478 0.999993 -0.0849348 0.0946517 -0.108286
FixedParameters: 0 0 0

#Transform 28
Transform: AffineTransform_float_3_3
Parameters: 0.999996 -4.1482e-05 0.00261591 4.3883e-05 1 -0.00070971 -0.00261638 0.000709288 0.999996 -0.0841857 0.102626 -0.0967426
FixedParameters: 0 0 0

#Transform 29
Transform: AffineTransform_float_3_3
Parameters: 0.999994 -2.07639e-05 0.00361273 2.47573e-05 0.999999 -0.000988508 -0.00361243 0.00098949 0.999993 -0.0856613 0.10436 -0.0883525
FixedParameters: 0 0 0

#Transform 30
Transform: AffineTransform_float_3_3
Parameters: 0.999994 0.000756019 0.0035858 -0.000750299 0.999999 -0.00162324 -0.00358682 0.00162076 0.999992 -0.162141 0.129665 -0.0679848
FixedParameters: 0 0 0

#Transform 31
Transform: AffineTransform_float_3_3
Parameters: 0.999993 0.000338946 0.00370864 -0.000334822 0.999999 -0.00110548 -0.00370874 0.00110452 0.999993 -0.150931 0.120871 -0.0786197
FixedParameters: 0 0 0

#Transform 32
Transform: AffineTransform_float_3_3
Parameters: 0.999995 0.000252093 0.00309162 -0.000247636 0.999999 -0.00137987 -0.00309166 0.00137912 0.999994 -0.151917 0.13154 -0.0692409
FixedParameters: 0 0 0

#Transform 33
Transform: AffineTransform_float_3_3
Parameters: 0.999995 0.00117661 0.00317481 -0.00117266 0.999999 -0.00105878 -0.00317612 0.00105422 0.999994 -0.23517 0.179194 -0.0884639
FixedParameters: 0 0 0

#Transform 34
Transform: AffineTransform_float_3_3
Parameters: 0.999994 0.000907656 0.00340899 -0.000902938 0.999999 -0.00129062 -0.00341068 0.00128738 0.999994 -0.214443 0.156705 -0.0703875
FixedParameters: 0 0 0

#Transform 35
Transform: AffineTransform_float_3_3
Parameters: 0.999992 0.00125465 0.00393519 -0.00124941 0.999998 -0.00153554 -0.00393722 0.00153146 0.999991 -0.211267 0.158533 -0.076751
FixedParameters: 0 0 0

#Transform 36
Transform: AffineTransform_float_3_3
Parameters: 0.999991 0.000554393 0.00423364 -0.000548126 0.999999 -0.00148569 -0.00423477 0.00148331 0.99999 -0.154322 0.152652 -0.0693252
FixedParameters: 0 0 0

#Transform 37
Transform: AffineTransform_float_3_3
Parameters: 0.999989 0.000373267 0.00464147 -0.000368878 0.999999 -0.000912416 -0.0046415 0.000910583 0.999989 -0.102192 0.126366 -0.0442379
FixedParameters: 0 0 0

#Transform 38
Transform: AffineTransform_float_3_3
Parameters: 0.99999 -2.86323e-05 0.00448263 3.65802e-05 0.999998 -0.00173611 -0.00448254 0.00173588 0.999989 -0.118443 0.0984144 -0.0510016
FixedParameters: 0 0 0

#Transform 39
Transform: AffineTransform_float_3_3
Parameters: 0.999992 -0.000150347 0.00395424 0.000155037 0.999999 -0.00127368 -0.00395373 0.00127432 0.999991 -0.0672181 0.108676 -0.0535949
FixedParameters: 0 0 0

#Transform 40
Transform: AffineTransform_float_3_3
Parameters: 0.999988 0.000275849 0.00487967 -0.000270836 1 -0.000931875 -0.00487954 0.000930124 0.999988 -0.0976786 0.132709 -0.044956
FixedParameters: 0 0 0

#Transform 41
Transform: AffineTransform_float_3_3
Parameters: 0.999988 -0.000189382 0.00476198 0.000192506 1 -0.000698993 -0.00476238 0.000701009 0.999988 -0.0843545 0.0959111 -0.0093268
FixedParameters: 0 0 0

#Transform 42
Transform: AffineTransform_float_3_3
Parameters: 0.999989 6.37976e-05 0.00483527 -5.95981e-05 0.999999 -0.000991201 -0.00483528 0.000990801 0.999987 -0.0597238 0.0839698 -0.00596671
FixedParameters: 0 0 0

#Transform 43
Transform: AffineTransform_float_3_3
Parameters: 0.999988 -0.0010225 0.004901 0.00102205 0.999999 4.86397e-05 -0.0049011 -4.33584e-05 0.999989 -0.0150089 0.102546 0.0089301
FixedParameters: 0 0 0

#Transform 44
Transform: AffineTransform_float_3_3
Parameters: 0.999986 -0.000825529 0.00525055 0.000818595 0.999999 0.00121231 -0.00525174 -0.00120769 0.999985 0.0279905 0.152617 0.0399046
FixedParameters: 0 0 0

#Transform 45
Transform: AffineTransform_float_3_3
Parameters: 0.999978 -0.00162263 0.00632801 0.00160768 0.999995 0.00254359 -0.00633155 -0.00253342 0.999977 0.0658871 0.143521 0.071138
FixedParameters: 0 0 0

#Transform 46
Transform: AffineTransform_float_3_3
Parameters: 0.999977 -0.00150304 0.00658685 0.00149901 0.999998 0.000778767 -0.00658744 -0.000769239 0.999978 0.0814435 0.133609 0.0671529
FixedParameters: 0 0 0

#Transform 47
Transform: AffineTransform_float_3_3
Parameters: 0.999971 -0.000904733 0.00753745 0.000900204 0.999999 0.000600014 -0.00753825 -0.000592985 0.999972 0.0627708 0.136908 0.071222
FixedParameters: 0 0 0

#Transform 48
Transform: AffineTransform_float_3_3
Parameters: 0.999963 -0.00109163 0.00852391 0.00107784 0.999998 0.00167561 -0.00852617 -0.00166639 0.999962 0.0819383 0.158737 0.101953
FixedParameters: 0 0 0

#Transform 49
Transform: AffineTransform_float_3_3
Parameters: 0.999965 -0.000874609 0.00840106 0.000859635 0.999998 0.0018477 -0.00840236 -0.0018403 0.999963 0.086663 0.17237 0.0888321
FixedParameters: 0 0 0

#Transform 50
Transform: AffineTransform_float_3_3
Parameters: 0.999956 -0.000906259 0.0093632 0.000882979 0.999996 0.00250866 -0.00936576 -0.00250034 0.999953 0.104251 0.187335 0.139246
FixedParameters: 0 0 0

#Transform 51
Transform: AffineTransform_float_3_3
Parameters: 0.999958 -0.000684541 0.00907736 0.000665723 0.999998 0.00209495 -0.00907854 -0.00208905 0.999957 0.10826 0.179158 0.12002
FixedParameters: 0 0 0

#Transform 52
Transform: AffineTransform_float_3_3
Parameters: 0.999953 -0.00078314 0.00971952 0.000764992 0.999998 0.00180819 -0.00972081 -0.00180081 0.999951 0.142117 0.171139 0.110651
FixedParameters: 0 0 0

#Transform 53
Transform: AffineTransform_float_3_3
Parameters: 0.999955 -0.000586114 0.0095269 0.000571479 0.999999 0.00152208 -0.00952821 -0.00151592 0.999954 0.0969157 0.167718 0.129992
FixedParameters: 0 0 0

#Transform 54
Transform: AffineTransform_float_3_3
Parameters: 0.999952 -0.000312067 0.00980211 0.000295026 0.999999 0.00171462 -0.00980257 -0.00171138 0.99995 0.132395 0.156291 0.0976031
FixedParameters: 0 0 0

#Transform 55
Transform: AffineTransform_float_3_3
Parameters: 0.999946 -0.000417013 0.0103668 0.00039752 0.999999 0.00186671 -0.0103667 -0.00186229 0.999945 0.122909 0.163625 0.123151
FixedParameters: 0 0 0

#Transform 56
Transform: AffineTransform_float_3_3
Parameters: 0.999942 -9.83823e-05 0.010751 8.0269e-05 0.999998 0.00165491 -0.0107511 -0.00165408 0.999941 0.0897686 0.183133 0.166454
FixedParameters: 0 0 0

#Transform 57
Transform: AffineTransform_float_3_3
Parameters: 0.999939 -0.000668249 0.0110054 0.000648904 0.999998 0.00175268 -0.0110061 -0.00174632 0.999938 0.165729 0.183566 0.183853
FixedParameters: 0 0 0

#Transform 58
Transform: AffineTransform_float_3_3
Parameters: 0.999933 -0.000631922 0.0116163 0.000611732 0.999998 0.00177622 -0.0116176 -0.00176979 0.999931 0.170661 0.177883 0.175945
FixedParameters: 0 0 0

#Transform 59
Transform: AffineTransform_float_3_3
Parameters: 0.999926 -0.000798286 0.0120802 0.000773821 0.999998 0.00203333 -0.0120819 -0.00202367 0.999925 0.217099 0.166156 0.18002
FixedParameters: 0 0 0

#Transform 60
Transform: AffineTransform_float_3_3
Parameters: 0.999929 -0.000961479 0.0119344 0.000941961 0.999999 0.00162611 -0.0119359 -0.00161489 0.999928 0.218336 0.161416 0.179584
FixedParameters: 0 0 0

#Transform 61
Transform: AffineTransform_float_3_3
Parameters: 0.999922 -0.000892691 0.0124004 0.000872546 0.999998 0.00162796 -0.012402 -0.00161604 0.999922 0.199638 0.167472 0.202776
FixedParameters: 0 0 0

#Transform 62
Transform: AffineTransform_float_3_3
Parameters: 0.999924 -0.000940063 0.0122867 0.000917626 0.999998 0.00184271 -0.0122878 -0.0018313 0.999923 0.221406 0.163699 0.196696
FixedParameters: 0 0 0

#Transform 63
Transform: AffineTransform_float_3_3
Parameters: 0.999914 -0.000783676 0.0130764 0.00076067 0.999998 0.00177318 -0.0130782 -0.00176282 0.999912 0.192489 0.152 0.207216
FixedParameters: 0 0 0

#Transform 64
Transform: AffineTransform_float_3_3
Parameters: 0.999925 -0.00130079 0.0121949 0.00128658 0.999998 0.00115578 -0.0121961 -0.00113921 0.999925 0.236477 0.143726 0.2011
FixedParameters: 0 0 0

#Transform 65
Transform: AffineTransform_float_3_3
Parameters: 0.999915 -0.00111415 0.0129905 0.00109967 0.999998 0.00107948 -0.012992 -0.00106551 0.999915 0.226023 0.139787 0.219928
FixedParameters: 0 0 0

#Transform 66
Transform: AffineTransform_float_3_3
Parameters: 0.999912 -0.000760532 0.0132446 0.000745596 0.999999 0.00110872 -0.0132458 -0.00109927 0.999911 0.193362 0.149777 0.19737
FixedParameters: 0 0 0

#Transform 67
Transform: AffineTransform_float_3_3
Parameters: 0.999908 -0.00113932 0.013475 0.00111921 0.999998 0.00149937 -0.0134771 -0.00148363 0.999908 0.269533 0.135088 0.211255
FixedParameters: 0 0 0

#Transform 68
Transform: AffineTransform_float_3_3
Parameters: 0.999894 -0.00120628 0.0145216 0.00118622 0.999999 0.00135923 -0.0145232 -0.00134176 0.999893 0.266693 0.146567 0.204409
FixedParameters: 0 0 0

#Transform 69
Transform: AffineTransform_float_3_3
Parameters: 0.999906 -0.00163933 0.0136293 0.00161626 0.999997 0.00172361 -0.013633 -0.00170239 0.999906 0.284832 0.136093 0.226702
FixedParameters: 0 0 0

#Transform 70
Transform: AffineTransform_float_3_3
Parameters: 0.999894 -0.00174807 0.0144144 0.00171911 0.999996 0.0020181 -0.0144173 -0.0019939 0.999894 0.291004 0.13713 0.238508
FixedParameters: 0 0 0

#Transform 71
Transform: AffineTransform_float_3_3
Parameters: 0.999897 -0.00172816 0.0142636 0.0017054 0.999997 0.00161978 -0.0142659 -0.00159522 0.999897 0.288926 0.139442 0.218593
FixedParameters: 0 0 0

#Transform 72
Transform: AffineTransform_float_3_3
Parameters: 0.999905 -0.00166085 0.0136889 0.00163795 0.999997 0.00164336 -0.0136916 -0.00162063 0.999905 0.314002 0.138265 0.214054
FixedParameters: 0 0 0

#Transform 73
Transform: AffineTransform_float_3_3
Parameters: 0.999897 -0.00164808 0.0143094 0.00163165 0.999998 0.00114512 -0.0143113 -0.00112188 0.999897 0.3288 0.177482 0.195409
FixedParameters: 0 0 0

#Transform 74
Transform: AffineTransform_float_3_3
Parameters: 0.999887 -0.00147523 0.014946 0.00144518 0.999997 0.00204327 -0.0149486 -0.00202173 0.999886 0.322032 0.185886 0.241857
FixedParameters: 0 0 0

#Transform 75
Transform: AffineTransform_float_3_3
Parameters: 0.999905 -0.00242161 0.0135517 0.00240018 0.999995 0.00159099 -0.0135552 -0.00155801 0.999907 0.352122 0.141285 0.199958
FixedParameters: 0 0 0

#Transform 76
Transform: AffineTransform_float_3_3
Parameters: 0.999926 -0.00223604 0.0119723 0.00222224 0.999996 0.00121966 -0.0119754 -0.00119334 0.999928 0.271074 0.165947 0.17222
FixedParameters: 0 0 0

#Transform 77
Transform: AffineTransform_float_3_3
Parameters: 0.999924 -0.00177748 0.0122123 0.00176029 0.999997 0.00142393 -0.0122149 -0.00140206 0.999925 0.275984 0.179361 0.192956
FixedParameters: 0 0 0

#Transform 78
Transform: AffineTransform_float_3_3
Parameters: 0.999914 -0.0018359 0.0129821 0.00181752 0.999998 0.0013867 -0.0129847 -0.00136329 0.999915 0.30027 0.152146 0.183872
FixedParameters: 0 0 0

#Transform 79
Transform: AffineTransform_float_3_3
Parameters: 0.999909 -0.00206855 0.0133322 0.00205145 0.999997 0.00127058 -0.0133345 -0.00124242 0.999911 0.349339 0.136285 0.18568
FixedParameters: 0 0 0

#Transform 80
Transform: AffineTransform_float_3_3
Parameters: 0.999902 -0.00236537 0.0138412 0.0023358 0.999995 0.00217403 -0.0138468 -0.00214197 0.999902 0.386218 0.134406 0.163335
FixedParameters: 0 0 0

#Transform 81
Transform: AffineTransform_float_3_3
Parameters: 0.999881 -0.0024797 0.0151774 0.00244266 0.999994 0.00246604 -0.0151835 -0.00242896 0.999882 0.395581 0.153712 0.222012
FixedParameters: 0 0 0

#Transform 82
Transform: AffineTransform_float_3_3
Parameters: 0.999873 -0.00288995 0.0156288 0.00286462 0.999995 0.00159631 -0.0156328 -0.00155168 0.999876 0.5125 0.136244 0.216373
FixedParameters: 0 0 0

#Transform 83
Transform: AffineTransform_float_3_3
Parameters: 0.999842 -0.00187737 0.0177054 0.00181235 0.999992 0.00368634 -0.0177118 -0.00365366 0.999836 0.484431 0.222679 0.307313
FixedParameters: 0 0 0

#Transform 84
Transform: AffineTransform_float_3_3
Parameters: 0.999845 -0.00175805 0.0175602 0.0016855 0.99999 0.00412081 -0.0175667 -0.00409018 0.999838 0.526869 0.222764 0.330835
FixedParameters: 0 0 0

#Transform 85
Transform: AffineTransform_float_3_3
Parameters: 0.999841 -0.00286374 0.0176106 0.00280163 0.99999 0.00353855 -0.0176208 -0.00348844 0.999838 0.543796 0.190193 0.275555
FixedParameters: 0 0 0

#Transform 86
Transform: AffineTransform_float_3_3
Parameters: 0.999873 -0.00324977 0.0156389 0.00321156 0.999992 0.00246289 -0.0156469 -0.0024121 0.999874 0.502867 0.144883 0.273651
FixedParameters: 0 0 0

#Transform 87
Transform: AffineTransform_float_3_3
Parameters: 0.999863 -0.00381339 0.016094 0.00377077 0.999989 0.00262964 -0.016104 -0.00256834 0.999867 0.563204 0.14962 0.22799
FixedParameters: 0 0 0

#Transform 88
Transform: AffineTransform_float_3_3
Parameters: 0.999837 -0.00248099 0.0179221 0.00241747 0.99999 0.00359095 -0.0179311 -0.00354705 0.999833 0.514696 0.192851 0.308795
FixedParameters: 0 0 0

#Transform 89
Transform: AffineTransform_float_3_3
Parameters: 0.999848 -0.00308408 0.0171507 0.00302847 0.99999 0.00326095 -0.0171603 -0.00320804 0.999848 0.560931 0.153218 0.242047
FixedParameters: 0 0 0

#Transform 90
Transform: AffineTransform_float_3_3
Parameters: 0.999834 -0.00280551 0.0180048 0.00274271 0.99999 0.00354233 -0.0180145 -0.00349267 0.999832 0.544586 0.1973 0.298259
FixedParameters: 0 0 0

#Transform 91
Transform: AffineTransform_float_3_3
Parameters: 0.999841 -0.00307474 0.017574 0.00301044 0.999989 0.00369501 -0.0175846 -0.003642 0.999839 0.565912 0.185235 0.310742
FixedParameters: 0 0 0

#Transform 92
Transform: AffineTransform_float_3_3
Parameters: 0.999829 -0.00258934 0.018343 0.00253 0.999992 0.00327516 -0.0183514 -0.00322785 0.999827 0.510865 0.196861 0.32823
FixedParameters: 0 0 0

#Transform 93
Transform: AffineTransform_float_3_3
Parameters: 0.999838 -0.00268758 0.0177657 0.00262119 0.99999 0.00371541 -0.0177759 -0.00366858 0.999835 0.522508 0.194782 0.308964
FixedParameters: 0 0 0

#Transform 94
Transform: AffineTransform_float_3_3
Parameters: 0.999824 -0.00253363 0.0185805 0.00245277 0.999987 0.00437343 -0.0185908 -0.00432657 0.999818 0.505376 0.214329 0.362228
FixedParameters: 0 0 0

#Transform 95
Transform: AffineTransform_float_3_3
Parameters: 0.999833 -0.00264444 0.0180772 0.00256918 0.999988 0.00415479 -0.0180879 -0.0041072 0.999828 0.528449 0.226839 0.351211
FixedParameters: 0 0 0

#Transform 96
Transform: AffineTransform_float_3_3
Parameters: 0.999829 -0.00285203 0.0182417 0.00278975 0.99999 0.00339716 -0.0182507 -0.00334582 0.999828 0.521943 0.220305 0.346906
FixedParameters: 0 0 0

#Transform 97
Transform: AffineTransform_float_3_3
Parameters: 0.999841 -0.00279869 0.0176167 0.00275208 0.999992 0.00270592 -0.0176236 -0.00265709 0.999841 0.510337 0.17718 0.34017
FixedParameters: 0 0 0

#Transform 98
Transform: AffineTransform_float_3_3
Parameters: 0.999843 -0.00210129 0.0175873 0.00204025 0.999991 0.00353561 -0.0175948 -0.0035004 0.999839 0.500876 0.249912 0.30339
FixedParameters: 0 0 0

#Transform 99
Transform: AffineTransform_float_3_3
Parameters: 0.999863 -0.0022454 0.0163992 0.00218858 0.999992 0.00343006 -0.0164073 -0.00339393 0.99986 0.453802 0.256559 0.319465
FixedParameters: 0 0 0

#Transform 100
Transform: AffineTransform_float_3_3
Parameters: 0.999857 -0.00277188 0.0166828 0.00271912 0.999991 0.00317245 -0.0166919 -0.00312654 0.999856 0.508834 0.204455 0.309819
FixedParameters: 0 0 0

#Transform 101
Transform: AffineTransform_float_3_3
Parameters: 0.999825 -0.00349304 0.0183746 0.00343977 0.99999 0.00291554 -0.0183855 -0.00285244 0.999827 0.549868 0.201148 0.356514
FixedParameters: 0 0 0

#Transform 102
Transform: AffineTransform_float_3_3
Parameters: 0.999822 -0.00353633 0.0185273 0.00348222 0.999989 0.00292568 -0.0185376 -0.0028613 0.999824 0.611063 0.193268 0.335041
FixedParameters: 0 0 0

#Transform 103
Transform: AffineTransform_float_3_3
Parameters: 0.99987 -0.008029 0.0140303 0.00830052 0.999777 -0.0194363 -0.0138701 0.0195507 0.999713 0.603566 -0.195888 -0.124621
FixedParameters: 0 0 0

#Transform 104
Transform: AffineTransform_float_3_3
Parameters: 0.999843 -0.00652342 0.0164612 0.00664298 0.999952 -0.00721145 -0.0164137 0.00731955 0.999838 0.678269 0.045239 0.0424533
FixedParameters: 0 0 0

#Transform 105
Transform: AffineTransform_float_3_3
Parameters: 0.999814 -0.00774456 0.0176515 0.00784655 0.999953 -0.00570548 -0.0176063 0.00584253 0.999829 0.752504 0.0262396 0.148603
FixedParameters: 0 0 0

#Transform 106
Transform: AffineTransform_float_3_3
Parameters: 0.999819 -0.00733031 0.0175554 0.00740851 0.999963 -0.0043809 -0.017522 0.0045101 0.999836 0.750444 0.0309514 0.222104
FixedParameters: 0 0 0

#Transform 107
Transform: AffineTransform_float_3_3
Parameters: 0.999825 -0.00579597 0.0177845 0.00585365 0.999978 -0.00320126 -0.0177654 0.00330475 0.999837 0.674883 0.0754952 0.251554
FixedParameters: 0 0 0

#Transform 108
Transform: AffineTransform_float_3_3
Parameters: 0.999786 -0.00761912 0.0192041 0.00768016 0.999966 -0.00312194 -0.0191801 0.00326908 0.999811 0.876804 0.032778 0.289749
FixedParameters: 0 0 0

#Transform 109
Transform: AffineTransform_float_3_3
Parameters: 0.999789 -0.00689927 0.0193389 0.0069668 0.99997 -0.00343682 -0.0193148 0.00357119 0.999807 0.824573 0.0425065 0.297636
FixedParameters: 0 0 0

#Transform 110
Transform: AffineTransform_float_3_3
Parameters: 0.999763 -0.006108 0.0209062 0.00617082 0.999976 -0.00295458 -0.0208879 0.00308243 0.999777 0.9087 0.110665 0.338469
FixedParameters: 0 0 0

#Transform 111
Transform: AffineTransform_float_3_3
Parameters: 0.999765 -0.00900652 0.0197303 0.00905677 0.999956 -0.00245492 -0.0197077 0.00263209 0.999803 0.962852 0.0638366 0.270748
FixedParameters: 0 0 0

#Transform 112
Transform: AffineTransform_float_3_3
Parameters: 0.999749 -0.00948518 0.0202656 0.00952026 0.999953 -0.00160717 -0.0202492 0.00179982 0.999793 1.02613 0.0562674 0.338015
FixedParameters: 0 0 0

#Transform 113
Transform: AffineTransform_float_3_3
Parameters: 0.999766 -0.00930337 0.0194911 0.00933552 0.999955 -0.00154877 -0.0194764 0.00172923 0.999809 0.992231 0.068081 0.329107
FixedParameters: 0 0 0

#Transform 114
Transform: AffineTransform_float_3_3
Parameters: 0.999761 -0.00824978 0.0202166 0.00829396 0.999964 -0.00211222 -0.0201983 0.0022798 0.999794 0.945775 0.0656189 0.338036
FixedParameters: 0 0 0

#Transform 115
Transform: AffineTransform_float_3_3
Parameters: 0.99971 -0.0094329 0.0221825 0.00949443 0.999952 -0.00268121 -0.0221556 0.00289079 0.99975 1.10097 0.0190339 0.329465
FixedParameters: 0 0 0

#Transform 116
Transform: AffineTransform_float_3_3
Parameters: 0.999722 -0.00830183 0.0220603 0.0083507 0.999963 -0.00210725 -0.0220423 0.00229075 0.999755 0.994947 0.0576827 0.352138
FixedParameters: 0 0 0

#Transform 117
Transform: AffineTransform_float_3_3
Parameters: 0.999735 -0.00836662 0.0214528 0.00841758 0.999961 -0.00229041 -0.0214335 0.0024706 0.999767 1.02895 0.047485 0.322363
FixedParameters: 0 0 0

#Transform 118
Transform: AffineTransform_float_3_3
Parameters: 0.999706 -0.00807403 0.0228649 0.00812489 0.999965 -0.00213313 -0.0228463 0.00231787 0.999736 0.99706 0.0601745 0.334068
FixedParameters: 0 0 0

#Transform 119
Transform: AffineTransform_float_3_3
Parameters: 0.999705 -0.00892662 0.0225554 0.00897226 0.999958 -0.00191987 -0.0225369 0.00212213 0.999744 1.06763 0.0523614 0.371778
FixedParameters: 0 0 0

#Transform 120
Transform: AffineTransform_float_3_3
Parameters: 0.999705 -0.00866649 0.0226682 0.00871412 0.99996 -0.00203423 -0.0226494 0.00223179 0.999741 1.05816 0.0546101 0.346162
FixedParameters: 0 0 0

#Transform 121
Transform: AffineTransform_float_3_3
Parameters: 0.999689 -0.00839394 0.0235121 0.0084488 0.999962 -0.00221457 -0.0234926 0.00241242 0.999721 1.10656 0.0460879 0.360904
FixedParameters: 0 0 0

#Transform 122
Transform: AffineTransform_float_3_3
Parameters: 0.999676 -0.00845166 0.02401 0.00850731 0.999961 -0.00222672 -0.0239902 0.00243029 0.999709 1.08528 0.0486436 0.355115
FixedParameters: 0 0 0

#Transform 123
Transform: AffineTransform_float_3_3
Parameters: 0.999671 -0.00890386 0.0240508 0.00896995 0.999956 -0.00260642 -0.024026 0.00282056 0.999707 1.11884 0.0378759 0.344014
FixedParameters: 0 0 0

#Transform 124
Transform: AffineTransform_float_3_3
Parameters: 0.999672 -0.00895251 0.0239691 0.00900504 0.999957 -0.00208616 -0.0239487 0.00230083 0.99971 1.10431 0.0491617 0.346949
FixedParameters: 0 0 0

#Transform 125
Transform: AffineTransform_float_3_3
Parameters: 0.999666 -0.0079201 0.0246011 0.00794068 0.999968 -0.000776266 -0.024594 0.000971759 0.999696 1.07014 0.103492 0.435446
FixedParameters: 0 0 0

#Transform 126
Transform: AffineTransform_float_3_3
Parameters: 0.999678 -0.00884491 0.0237865 0.00890731 0.999957 -0.00250566 -0.0237628 0.00271633 0.999714 1.08765 0.0913248 0.358467
FixedParameters: 0 0 0

#Transform 127
Transform: AffineTransform_float_3_3
Parameters: 0.999721 -0.0085462 0.0219964 0.00859563 0.999961 -0.00212356 -0.0219771 0.00231243 0.999756 0.995363 0.115747 0.333085
FixedParameters: 0 0 0

#Transform 128
Transform: AffineTransform_float_3_3
Parameters: 0.999715 -0.00791471 0.022524 0.00795477 0.999967 -0.00170561 -0.0225097 0.00188441 0.999745 0.9781 0.132307 0.359375
FixedParameters: 0 0 0

#Transform 129
Transform: AffineTransform_float_3_3
Parameters: 0.999679 -0.00778093 0.0240843 0.00780657 0.999969 -0.000958712 -0.0240757 0.00114628 0.999709 1.02066 0.141975 0.416627
FixedParameters: 0 0 0

#Transform 130
Transform: AffineTransform_float_3_3
Parameters: 0.999678 -0.00840492 0.0239502 0.00844875 0.999963 -0.00172077 -0.0239347 0.00192223 0.999711 1.04354 0.127677 0.406604
FixedParameters: 0 0 0

#Transform 131
Transform: AffineTransform_float_3_3
Parameters: 0.9997 -0.00787114 0.0232235 0.00793713 0.999965 -0.00277599 -0.0232008 0.00295903 0.999726 0.961151 0.128834 0.35449
FixedParameters: 0 0 0

#Transform 132
Transform: AffineTransform_float_3_3
Parameters: 0.999717 -0.00754196 0.0225622 0.00758706 0.999969 -0.00192588 -0.0225472 0.00209713 0.999744 0.928284 0.154026 0.396422
FixedParameters: 0 0 0

#Transform 133
Transform: AffineTransform_float_3_3
Parameters: 0.999673 -0.00797564 0.0243055 0.0080098 0.999967 -0.00132882 -0.0242939 0.00152319 0.999703 1.03195 0.165027 0.419843
FixedParameters: 0 0 0

#Transform 134
Transform: AffineTransform_float_3_3
Parameters: 0.99966 -0.00761991 0.0249365 0.00764812 0.99997 -0.00102527 -0.0249282 0.00121573 0.999688 1.012 0.18384 0.462352
FixedParameters: 0 0 0

#Transform 135
Transform: AffineTransform_float_3_3
Parameters: 0.999697 -0.00790849 0.023312 0.00796566 0.999966 -0.00233019 -0.0232923 0.00251479 0.999725 0.993237 0.119893 0.35889
FixedParameters: 0 0 0

#Transform 136
Transform: AffineTransform_float_3_3
Parameters: 0.999689 -0.00702299 0.0239249 0.00705912 0.999974 -0.0014242 -0.0239144 0.0015938 0.999713 0.953604 0.161148 0.395536
FixedParameters: 0 0 0

#Transform 137
Transform: AffineTransform_float_3_3
Parameters: 0.999652 -0.00743738 0.0253025 0.00746765 0.999971 -0.00110312 -0.0252946 0.00129089 0.999679 1.07781 0.174652 0.404208
FixedParameters: 0 0 0

#Transform 138
Transform: AffineTransform_float_3_3
Parameters: 0.99966 -0.00712827 0.0250824 0.00715124 0.999974 -0.000841334 -0.0250764 0.00102068 0.999684 1.00202 0.198121 0.404871
FixedParameters: 0 0 0

#Transform 139
Transform: AffineTransform_float_3_3
Parameters: 0.999671 -0.00710916 0.0246666 0.00715616 0.999973 -0.00181967 -0.024653 0.00199533 0.999694 1.00759 0.171162 0.401093
FixedParameters: 0 0 0

#Transform 140
Transform: AffineTransform_float_3_3
Parameters: 0.99965 -0.00752813 0.0253528 0.00758071 0.999969 -0.0019734 -0.0253373 0.00216561 0.999677 1.0446 0.138296 0.401996
FixedParameters: 0 0 0

#Transform 141
Transform: AffineTransform_float_3_3
Parameters: 0.99966 -0.00714092 0.0250548 0.00718052 0.999973 -0.00149102 -0.0250436 0.00167099 0.999685 0.980475 0.166649 0.426234
FixedParameters: 0 0 0

#Transform 142
Transform: AffineTransform_float_3_3
Parameters: 0.999691 -0.00758561 0.0236435 0.00765266 0.999967 -0.00274052 -0.023622 0.00292048 0.999716 0.966461 0.104122 0.372102
FixedParameters: 0 0 0

#Transform 143
Transform: AffineTransform_float_3_3
Parameters: 0.999689 -0.00713439 0.0239203 0.00720242 0.99997 -0.00274384 -0.0239001 0.00291515 0.999711 0.916281 0.138445 0.391272
FixedParameters: 0 0 0

#Transform 144
Transform: AffineTransform_float_3_3
Parameters: 0.999654 -0.00674535 0.0253975 0.00677437 0.999976 -0.00108461 -0.0253894 0.00125641 0.999677 0.962887 0.201904 0.448246
FixedParameters: 0 0 0

#Transform 145
Transform: AffineTransform_float_3_3
Parameters: 0.999645 -0.00687289 0.0257152 0.00690193 0.999976 -0.00104244 -0.0257068 0.00121957 0.999669 0.944551 0.191142 0.450954
FixedParameters: 0 0 0

#Transform 146
Transform: AffineTransform_float_3_3
Parameters: 0.999641 -0.00672724 0.0259296 0.00675572 0.999977 -0.000998121 -0.0259216 0.00117287 0.999663 0.96694 0.18582 0.479847
FixedParameters: 0 0 0

#Transform 147
Transform: AffineTransform_float_3_3
Parameters: 0.999629 -0.00719747 0.0262456 0.00722548 0.999973 -0.000969037 -0.026237 0.00115796 0.999655 1.01513 0.204656 0.477239
FixedParameters: 0 0 0

#Transform 148
Transform: AffineTransform_float_3_3
Parameters: 0.999603 -0.00674518 0.0273648 0.00673004 0.999977 0.000634867 -0.0273685 -0.000450121 0.999626 1.00603 0.224318 0.529071
FixedParameters: 0 0 0

#Transform 149
Transform: AffineTransform_float_3_3
Parameters: 0.99959 -0.00754033 0.0276461 0.00756228 0.999971 -0.000691134 -0.0276399 0.00089987 0.999617 1.09119 0.179245 0.503613
FixedParameters: 0 0 0

#Transform 150
Transform: AffineTransform_float_3_3
Parameters: 0.999584 -0.00780182 0.0277476 0.00782067 0.99997 -0.000581037 -0.0277417 0.000797972 0.999615 1.09715 0.182961 0.502981
FixedParameters: 0 0 0

#Transform 151
Transform: AffineTransform_float_3_3
Parameters: 0.999624 -0.00762081 0.0263196 0.00761627 0.999971 0.000236061 -0.0263206 -3.59086e-05 0.999654 1.0294 0.207512 0.537387
FixedParameters: 0 0 0

#Transform 152
Transform: AffineTransform_float_3_3
Parameters: 0.999627 -0.00614951 0.0266156 0.00614033 0.999981 0.000454003 -0.0266182 -0.000290009 0.999645 0.99591 0.251628 0.533775
FixedParameters: 0 0 0

#Transform 153
Transform: AffineTransform_float_3_3
Parameters: 0.99964 -0.00680139 0.0259253 0.00680381 0.999976 -2.67613e-05 -0.0259244 0.000203257 0.999664 1.0054 0.232235 0.484677
FixedParameters: 0 0 0

#Transform 154
Transform: AffineTransform_float_3_3
Parameters: 0.999629 -0.00704436 0.026301 0.00705167 0.999975 -0.000188635 -0.0262993 0.000373375 0.999654 1.03263 0.220023 0.494894
FixedParameters: 0 0 0

#Transform 155
Transform: AffineTransform_float_3_3
Parameters: 0.999568 -0.00780517 0.0283545 0.00781956 0.999969 -0.000422584 -0.0283503 0.000644442 0.999598 1.16225 0.189065 0.500299
FixedParameters: 0 0 0

#Transform 156
Transform: AffineTransform_float_3_3
Parameters: 0.999544 -0.0113037 0.0279955 0.0113419 0.999935 -0.00121042 -0.0279807 0.0015276 0.999608 1.26475 0.0814414 0.488394
FixedParameters: 0 0 0

#Transform 157
Transform: AffineTransform_float_3_3
Parameters: 0.999605 -0.010968 0.0258982 0.0110454 0.999935 -0.00286181 -0.0258651 0.0031472 0.99966 1.2831 0.0846951 0.411471
FixedParameters: 0 0 0

#Transform 158
Transform: AffineTransform_float_3_3
Parameters: 0.999634 -0.0105323 0.0249104 0.0106098 0.999939 -0.00299475 -0.0248774 0.00325826 0.999685 1.27589 0.083871 0.380662
FixedParameters: 0 0 0

#Transform 159
Transform: AffineTransform_float_3_3
Parameters: 0.999631 -0.0109065 0.0248867 0.0109762 0.999936 -0.00268577 -0.0248558 0.00295725 0.999687 1.30712 0.066704 0.392133
FixedParameters: 0 0 0

#Transform 160
Transform: AffineTransform_float_3_3
Parameters: 0.999611 -0.011095 0.0255861 0.011173 0.999933 -0.00291807 -0.0255519 0.00320294 0.999669 1.28899 0.0595754 0.393514
FixedParameters: 0 0 0

#Transform 161
Transform: AffineTransform_float_3_3
Parameters: 0.999606 -0.00984712 0.0263059 0.00987463 0.999951 -0.000909255 -0.0262956 0.00116875 0.999654 1.24963 0.132576 0.474269
FixedParameters: 0 0 0

#Transform 162
Transform: AffineTransform_float_3_3
Parameters: 0.999584 -0.0101997 0.0270005 0.0102427 0.999946 -0.00145255 -0.0269846 0.00172846 0.999635 1.29076 0.120671 0.455631
FixedParameters: 0 0 0

#Transform 163
Transform: AffineTransform_float_3_3
Parameters: 0.999566 -0.0103486 0.027563 0.0103754 0.999946 -0.000859741 -0.0275529 0.00114529 0.99962 1.34564 0.135224 0.483696
FixedParameters: 0 0 0

#Transform 164
Transform: AffineTransform_float_3_3
Parameters: 0.999528 -0.0105347 0.0288533 0.0105242 0.999944 0.000515317 -0.0288568 -0.000211681 0.999584 1.38753 0.15626 0.520571
FixedParameters: 0 0 0

#Transform 165
Transform: AffineTransform_float_3_3
Parameters: 0.999575 -0.0113677 0.0268452 0.0113937 0.999935 -0.000820635 -0.0268336 0.00112637 0.99964 1.36412 0.13603 0.45328
FixedParameters: 0 0 0

#Transform 166
Transform: AffineTransform_float_3_3
Parameters: 0.999608 -0.0116462 0.0254534 0.0117183 0.999928 -0.00267319 -0.0254201 0.00297081 0.999673 1.40795 0.0884604 0.352213
FixedParameters: 0 0 0

#Transform 167
Transform: AffineTransform_float_3_3
Parameters: 0.999569 -0.012218 0.0266983 0.012281 0.999922 -0.0021828 -0.0266698 0.0025092 0.999641 1.42756 0.106864 0.398974
FixedParameters: 0 0 0

#Transform 168
Transform: AffineTransform_float_3_3
Parameters: 0.999578 -0.0110111 0.0268791 0.0110341 0.999939 -0.000719091 -0.0268695 0.00101492 0.999638 1.37575 0.155743 0.463021
FixedParameters: 0 0 0

#Transform 169
Transform: AffineTransform_float_3_3
Parameters: 0.999544 -0.0106251 0.028263 0.0106424 0.999943 -0.000458046 -0.0282569 0.00075896 0.9996 1.39738 0.16148 0.472722
FixedParameters: 0 0 0

#Transform 170
Transform: AffineTransform_float_3_3
Parameters: 0.999538 -0.0104934 0.0285486 0.0104933 0.999945 0.0001516 -0.0285486 0.000147608 0.999593 1.3978 0.201317 0.479731
FixedParameters: 0 0 0

#Transform 171
Transform: AffineTransform_float_3_3
Parameters: 0.999544 -0.0109763 0.0281062 0.0109812 0.999939 -4.19603e-05 -0.0281037 0.000351059 0.999605 1.43407 0.206466 0.443385
FixedParameters: 0 0 0

#Transform 172
Transform: AffineTransform_float_3_3
Parameters: 0.999541 -0.0125288 0.0275608 0.0125751 0.99992 -0.00150573 -0.0275404 0.00185128 0.999619 1.44874 0.168374 0.387248
FixedParameters: 0 0 0

#Transform 173
Transform: AffineTransform_float_3_3
Parameters: 0.999574 -0.0130514 0.0261282 0.0131715 0.999904 -0.00443465 -0.0260682 0.00477637 0.999649 1.46793 0.0621421 0.315171
FixedParameters: 0 0 0

#Transform 174
Transform: AffineTransform_float_3_3
Parameters: 0.999556 -0.0115443 0.0274482 0.0116265 0.999928 -0.00281053 -0.0274135 0.00312846 0.999619 1.40807 0.117154 0.354109
FixedParameters: 0 0 0

#Transform 175
Transform: AffineTransform_float_3_3
Parameters: 0.999572 -0.0114932 0.0268991 0.0115798 0.999928 -0.00306211 -0.026862 0.00337289 0.999633 1.4112 0.12488 0.307443
FixedParameters: 0 0 0

#Transform 176
Transform: AffineTransform_float_3_3
Parameters: 0.999536 -0.0110269 0.0283968 0.0111657 0.999927 -0.00471569 -0.028342 0.0050303 0.999586 1.40358 0.107452 0.294994
FixedParameters: 0 0 0

#Transform 177
Transform: AffineTransform_float_3_3
Parameters: 0.999582 -0.00952834 0.0272925 0.00961782 0.999949 -0.00314829 -0.0272613 0.00340972 0.999623 1.34816 0.161731 0.317496
FixedParameters: 0 0 0

#Transform 178
Transform: AffineTransform_float_3_3
Parameters: 0.999558 -0.00963892 0.0281489 0.00977693 0.999941 -0.00478055 -0.0281011 0.00505346 0.999592 1.35836 0.137702 0.272511
FixedParameters: 0 0 0

#Transform 179
Transform: AffineTransform_float_3_3
Parameters: 0.999561 -0.00943903 0.0281046 0.00960029 0.999938 -0.00560495 -0.0280497 0.00587204 0.999589 1.36485 0.109214 0.29152
FixedParameters: 0 0 0
