#Insight Transform File V1.0
#Transform 0
Transform: AffineTransform_float_3_3
Parameters: 0.999999 0.000151202 -0.00133939 -0.000153263 0.999999 -0.00125864 0.00133954 0.00125836 0.999998 0.0301185 0.156756 0.279673
FixedParameters: 0 0 0

#Transform 1
Transform: AffineTransform_float_3_3
Parameters: 1 0.000588427 -0.00038991 -0.000588424 0.999999 4.38223e-06 0.000389915 -4.61802e-06 1 0.0129352 0.0854754 -0.0352477
FixedParameters: 0 0 0

#Transform 2
Transform: AffineTransform_float_3_3
Parameters: 0.999999 0.00149308 -0.000490395 -0.00149309 0.999999 -1.06272e-05 0.000490362 1.13722e-05 1 -0.0381484 0.151492 -0.0641361
FixedParameters: 0 0 0

#Transform 3
Transform: AffineTransform_float_3_3
Parameters: 0.999998 0.00154384 -0.000370866 -0.00154392 0.999998 -9.87869e-05 0.00037056 9.92122e-05 1 -0.0341394 0.153976 -0.0625356
FixedParameters: 0 0 0

#Transform 4
Transform: AffineTransform_float_3_3
Parameters: 0.999999 0.00137248 -0.000618383 -0.00137245 0.999999 3.24894e-05 0.000618471 -3.15112e-05 1 -0.0183717 0.15697 -0.0708627
FixedParameters: 0 0 0

#Transform 5
Transform: AffineTransform_float_3_3
Parameters: 1 0.00102022 -0.000214657 -0.00102021 1 3.87069e-05 0.000214736 -3.82935e-05 1 -0.0365781 0.139285 -0.0564967
FixedParameters: 0 0 0

#Transform 6
Transform: AffineTransform_float_3_3
Parameters: 0.999998 0.00155649 -0.000712164 -0.00155636 0.999999 0.00036139 0.000712367 -0.000360612 1 0.00934349 0.184358 -0.0951967
FixedParameters: 0 0 0

#Transform 7
Transform: AffineTransform_float_3_3
Parameters: 0.999998 0.00156578 -0.000738915 -0.00156525 0.999999 0.000361438 0.000740045 -0.000360562 1 -0.0375334 0.178633 -0.0847391
FixedParameters: 0 0 0

#Transform 8
Transform: AffineTransform_float_3_3
Parameters: 0.999999 0.00172274 -0.000512204 -0.00172277 0.999999 0.000361011 0.000512525 -0.00035999 1 -0.0509418 0.17128 -0.0702214
FixedParameters: 0 0 0

#Transform 9
Transform: AffineTransform_float_3_3
Parameters: 0.999998 0.00165738 -0.000484485 -0.00165742 0.999999 0.000360932 0.000484759 -0.00036007 1 -0.0434544 0.178683 -0.0861122
FixedParameters: 0 0 0

#Transform 10
Transform: AffineTransform_float_3_3
Parameters: 0.999999 0.00143739 -0.000557578 -0.00143751 0.999999 0.000247442 0.000557367 -0.000246559 1 -0.0456535 0.170547 -0.080727
FixedParameters: 0 0 0

#Transform 11
Transform: AffineTransform_float_3_3
Parameters: 0.999999 0.00157467 -0.000784469 -0.00157453 0.999999 9.55164e-05 0.000784768 -9.44841e-05 1 -0.0255215 0.20142 -0.0973621
FixedParameters: 0 0 0

#Transform 12
Transform: AffineTransform_float_3_3
Parameters: 0.999998 0.00162699 -0.000471601 -0.00162705 0.999998 0.000361256 0.000471854 -0.000359745 0.999999 -0.0544082 0.177582 -0.0806179
FixedParameters: 0 0 0

#Transform 13
Transform: AffineTransform_float_3_3
Parameters: 0.999998 0.00143839 -0.000874729 -0.00143923 0.999999 -0.000700461 0.000873632 0.000701538 0.999999 -0.0267112 0.180711 -0.120931
FixedParameters: 0 0 0

#Transform 14
Transform: AffineTransform_float_3_3
Parameters: 0.999999 0.00175983 -0.000625089 -0.0017609 0.999997 -0.00148962 0.000621684 0.00149038 0.999999 -0.0526907 0.181097 -0.143971
FixedParameters: 0 0 0

#Transform 15
Transform: AffineTransform_float_3_3
Parameters: 0.999998 0.00168911 -0.000857861 -0.0016892 0.999999 0.00017073 0.000857515 -0.000169272 1 -0.0502074 0.18839 -0.0762247
FixedParameters: 0 0 0

#Transform 16
Transform: AffineTransform_float_3_3
Parameters: 0.999998 0.00168752 -0.00094861 -0.00168735 0.999998 8.70345e-05 0.000948902 -8.59659e-05 1 -0.0424151 0.199629 -0.0930069
FixedParameters: 0 0 0

#Transform 17
Transform: AffineTransform_float_3_3
Parameters: 0.999998 0.00168132 -0.000282381 -0.00168131 0.999998 6.96278e-06 0.000282403 -6.03788e-06 1 -0.0540918 0.215636 -0.0691937
FixedParameters: 0 0 0

#Transform 18
Transform: AffineTransform_float_3_3
Parameters: 0.999998 0.00167422 -0.000498714 -0.00167416 0.999998 5.8323e-05 0.000498906 -5.66775e-05 1 -0.0355066 0.209248 -0.0849393
FixedParameters: 0 0 0

#Transform 19
Transform: AffineTransform_float_3_3
Parameters: 0.999998 0.0018603 -0.00134781 -0.00186005 0.999998 9.69409e-05 0.00134816 -9.40593e-05 0.999999 -0.0784731 0.217067 -0.091756
FixedParameters: 0 0 0

#Transform 20
Transform: AffineTransform_float_3_3
Parameters: 0.999996 0.00187625 -0.00179036 -0.00187631 0.999998 -0.000379415 0.00178946 0.000382584 0.999998 -0.0578981 0.233139 -0.127578
FixedParameters: 0 0 0

#Transform 21
Transform: AffineTransform_float_3_3
Parameters: 0.999998 0.00165098 -0.00121497 -0.00165207 0.999998 -0.00115056 0.00121262 0.00115244 0.999999 -0.080797 0.191066 -0.118719
FixedParameters: 0 0 0

#Transform 22
Transform: AffineTransform_float_3_3
Parameters: 0.999996 0.0020868 -0.00147129 -0.00208754 0.999998 -0.000379856 0.00147062 0.000383143 0.999999 -0.0692786 0.224091 -0.104551
FixedParameters: 0 0 0

#Transform 23
Transform: AffineTransform_float_3_3
Parameters: 0.999997 0.00203623 -0.00120202 -0.00203646 0.999998 6.75222e-05 0.00120137 -6.54807e-05 0.999999 -0.086992 0.226709 -0.100205
FixedParameters: 0 0 0

#Transform 24
Transform: AffineTransform_float_3_3
Parameters: 0.999997 0.0020763 -0.00114583 -0.00207675 0.999998 -0.0001957 0.00114501 0.000198299 0.999999 -0.0833094 0.219362 -0.0966586
FixedParameters: 0 0 0

#Transform 25
Transform: AffineTransform_float_3_3
Parameters: 0.999998 0.0016921 -0.000968395 -0.00169236 0.999999 -0.00013108 0.000967948 0.000132918 0.999999 -0.0631821 0.220565 -0.0973317
FixedParameters: 0 0 0

#Transform 26
Transform: AffineTransform_float_3_3
Parameters: 0.999998 0.00187662 -0.000984087 -0.00187679 0.999998 -0.00028472 0.000983936 0.00028628 1 -0.0882321 0.22211 -0.0836284
FixedParameters: 0 0 0

#Transform 27
Transform: AffineTransform_float_3_3
Parameters: 0.999998 0.00149654 -0.00163096 -0.00149859 0.999998 -0.00127097 0.00162952 0.00127303 0.999998 -0.0537545 0.213514 -0.144628
FixedParameters: 0 0 0

#Transform 28
Transform: AffineTransform_float_3_3
Parameters: 0.999998 0.00175529 -0.000940023 -0.00175477 0.999999 0.000278931 0.000940999 -0.000277069 0.999999 -0.0872535 0.189782 -0.0779753
FixedParameters: 0 0 0

#Transform 29
Transform: AffineTransform_float_3_3
Parameters: 0.999999 0.00133978 -0.000577689 -0.00134 0.999999 -0.000184585 0.000577193 0.000185414 1 -0.0526456 0.208341 -0.0860357
FixedParameters: 0 0 0

#Transform 30
Transform: AffineTransform_float_3_3
Parameters: 0.999999 0.00142356 -0.000413817 -0.00142395 0.999999 -0.00046977 0.000412479 0.000470228 1 -0.0679745 0.216066 -0.0848467
FixedParameters: 0 0 0

#Transform 31
Transform: AffineTransform_float_3_3
Parameters: 0.999999 0.00114748 -0.000495815 -0.00114792 0.999999 -0.000833791 0.000494821 0.000834208 0.999999 -0.0424432 0.214478 -0.072164
FixedParameters: 0 0 0

#Transform 32
Transform: AffineTransform_float_3_3
Parameters: 1 0.000902385 -0.000699429 -0.000902686 1 -0.000214728 0.00069904 0.000215271 1 -0.0479029 0.217885 -0.0947107
FixedParameters: 0 0 0

#Transform 33
Transform: AffineTransform_float_3_3
Parameters: 0.999999 0.000748799 -0.000633994 -0.00074882 0.999999 -1.55251e-05 0.00063397 1.64745e-05 1 -0.0497903 0.195886 -0.0762958
FixedParameters: 0 0 0

#Transform 34
Transform: AffineTransform_float_3_3
Parameters: 1 0.000615283 -0.00102736 -0.000615494 1 -0.000292575 0.00102792 0.000292426 0.999999 -0.0280441 0.203207 -0.0926541
FixedParameters: 0 0 0

#Transform 35
Transform: AffineTransform_float_3_3
Parameters: 1 0.00109811 -0.000509843 -0.00109786 0.999999 0.000622201 0.000510288 -0.0006218 1 -0.0664802 0.190883 -0.0615151
FixedParameters: 0 0 0

#Transform 36
Transform: AffineTransform_float_3_3
Parameters: 0.999998 0.000724739 -0.0015787 -0.000724805 1 -2.05502e-05 0.00157867 2.14493e-05 0.999999 -0.0418028 0.219346 -0.113809
FixedParameters: 0 0 0

#Transform 37
Transform: AffineTransform_float_3_3
Parameters: 1 0.000804434 -0.000735827 -0.000804455 1 -1.37676e-05 0.000735804 1.42321e-05 1 -0.0579239 0.214479 -0.0945002
FixedParameters: 0 0 0

#Transform 38
Transform: AffineTransform_float_3_3
Parameters: 1 0.000591166 -0.000967578 -0.000590479 0.999999 0.000354724 0.000967997 -0.000354275 0.999999 -0.0611565 0.1887 -0.0719284
FixedParameters: 0 0 0

#Transform 39
Transform: AffineTransform_float_3_3
Parameters: 0.999999 0.000527758 -0.00074177 -0.000528889 1 -0.000762968 0.000740964 0.000763032 0.999999 -0.0536227 0.19329 -0.10865
FixedParameters: 0 0 0

#Transform 40
Transform: AffineTransform_float_3_3
Parameters: 1 0.00103009 -0.000485789 -0.00102982 1 0.000278141 0.000486362 -0.000277859 1 -0.0779572 0.185918 -0.0681427
FixedParameters: 0 0 0

#Transform 41
Transform: AffineTransform_float_3_3
Parameters: 0.999999 0.000661635 -0.000695933 -0.000661774 1 -9.95393e-05 0.0006958 0.00010046 1 -0.0472714 0.206095 -0.0862487
FixedParameters: 0 0 0

#Transform 42
Transform: AffineTransform_float_3_3
Parameters: 1 0.000284078 -0.000223888 -0.000284196 1 -0.000262936 0.000223738 0.000263063 1 -0.0586833 0.200475 -0.0763688
FixedParameters: 0 0 0

#Transform 43
Transform: AffineTransform_float_3_3
Parameters: 0.999999 0.000446846 -0.000784258 -0.000447538 1 -0.000440649 0.000783863 0.00044135 0.999999 -0.0514497 0.215703 -0.0850979
FixedParameters: 0 0 0

#Transform 44
Transform: AffineTransform_float_3_3
Parameters: 1 0.000266138 -0.000296737 -0.000266399 1 -0.000440921 0.000296502 0.000441079 1 -0.0744026 0.187594 -0.0680294
FixedParameters: 0 0 0

#Transform 45
Transform: AffineTransform_float_3_3
Parameters: 1 9.41912e-05 -0.000599495 -9.43195e-05 1 -0.000106943 0.000599474 0.000107056 1 -0.0173572 0.185888 -0.0830356
FixedParameters: 0 0 0

#Transform 46
Transform: AffineTransform_float_3_3
Parameters: 0.999999 -0.000447061 -0.000915123 0.000447101 1 0.00102759 0.000914985 -0.00102841 0.999999 -0.0353001 0.159935 -0.0332996
FixedParameters: 0 0 0

#Transform 47
Transform: AffineTransform_float_3_3
Parameters: 1 0.00047128 -0.00106261 -0.000471256 0.999999 1.16536e-05 0.00106262 -1.13467e-05 0.999999 -0.0474218 0.188831 -0.0662458
FixedParameters: 0 0 0

#Transform 48
Transform: AffineTransform_float_3_3
Parameters: 0.999999 0.000707533 -0.00115027 -0.000708316 1 -0.000340392 0.00114979 0.000340607 0.999999 -0.065636 0.21697 -0.0731161
FixedParameters: 0 0 0

#Transform 49
Transform: AffineTransform_float_3_3
Parameters: 0.999999 0.000678269 -0.000761091 -0.000679205 1 -0.000614843 0.000760256 0.000615156 0.999999 -0.0730104 0.203179 -0.0879672
FixedParameters: 0 0 0

#Transform 50
Transform: AffineTransform_float_3_3
Parameters: 1 -3.03224e-05 -0.000644423 3.09969e-05 1 -0.00019102 0.000644044 0.00019098 1 -0.0575405 0.19491 -0.0918543
FixedParameters: 0 0 0

#Transform 51
Transform: AffineTransform_float_3_3
Parameters: 0.999999 0.000465343 -0.000855365 -0.000466563 1 -0.000713808 0.0008547 0.000713191 0.999999 -0.0787733 0.209313 -0.0727127
FixedParameters: 0 0 0

#Transform 52
Transform: AffineTransform_float_3_3
Parameters: 0.999999 0.000667315 -0.00106586 -0.000666803 1 -0.000374496 0.00106589 0.000374504 0.999999 -0.078311 0.221562 -0.101627
FixedParameters: 0 0 0

#Transform 53
Transform: AffineTransform_float_3_3
Parameters: 1 0.000525446 -0.00103549 -0.000527069 0.999999 -0.000972302 0.00103539 0.000972698 0.999999 -0.0765192 0.225115 -0.0611891
FixedParameters: 0 0 0

#Transform 54
Transform: AffineTransform_float_3_3
Parameters: 1 0.000576649 -0.00090177 -0.000576177 1 0.00026252 0.000902072 -0.00026148 0.999999 -0.0613803 0.191444 -0.0755867
FixedParameters: 0 0 0

#Transform 55
Transform: AffineTransform_float_3_3
Parameters: 0.999999 0.00095589 -0.000972811 -0.000955859 1 1.57231e-05 0.00097284 -1.52773e-05 1 -0.103917 0.223641 -0.0823577
FixedParameters: 0 0 0

#Transform 56
Transform: AffineTransform_float_3_3
Parameters: 0.999999 0.000689271 -0.00068471 -0.00068921 1 4.54721e-05 0.000684772 -4.45282e-05 1 -0.0688063 0.209358 -0.0798426
FixedParameters: 0 0 0

#Transform 57
Transform: AffineTransform_float_3_3
Parameters: 1 0.000571754 -0.000900004 -0.000571867 0.999999 -6.23325e-05 0.000899932 6.26671e-05 1 -0.0713049 0.20992 -0.0708478
FixedParameters: 0 0 0

#Transform 58
Transform: AffineTransform_float_3_3
Parameters: 0.999999 0.000616526 -0.000584062 -0.000617605 1 -0.000924999 0.00058292 0.000925 0.999999 -0.0372665 0.214359 -0.0204621
FixedParameters: 0 0 0

#Transform 59
Transform: AffineTransform_float_3_3
Parameters: 1 0.000125038 -0.000488674 -0.000124944 1 9.60611e-05 0.000488698 -9.59389e-05 1 -0.0584765 0.17468 -0.060643
FixedParameters: 0 0 0

#Transform 60
Transform: AffineTransform_float_3_3
Parameters: 0.999999 0.00023271 -0.000806565 -0.000232982 1 -0.000980813 0.000806638 0.000981189 0.999999 -0.0360214 0.224123 -0.0361829
FixedParameters: 0 0 0

#Transform 61
Transform: AffineTransform_float_3_3
Parameters: 1 5.00696e-05 -0.00047993 -5.00288e-05 0.999999 -0.000916975 0.000479447 0.000917023 0.999999 -0.0578983 0.226649 -0.0412199
FixedParameters: 0 0 0

#Transform 62
Transform: AffineTransform_float_3_3
Parameters: 0.999999 0.000264009 -0.000839669 -0.000264939 0.999999 -0.00133478 0.000839492 0.00133522 0.999999 -0.0462634 0.239968 -0.0331401
FixedParameters: 0 0 0

#Transform 63
Transform: AffineTransform_float_3_3
Parameters: 1 0.000339237 -0.000467067 -0.000339578 0.999999 -0.000782841 0.000467456 0.000783158 0.999999 -0.0539348 0.227974 -0.0461101
FixedParameters: 0 0 0

#Transform 64
Transform: AffineTransform_float_3_3
Parameters: 1 0.000159656 -0.000378591 -0.000159553 1 -0.000379939 0.00037939 0.00038006 1 -0.0589672 0.226257 0.00853226
FixedParameters: 0 0 0

#Transform 65
Transform: AffineTransform_float_3_3
Parameters: 1 1.35718e-05 -0.000440501 -1.3509e-05 0.999999 -0.000973634 0.000440084 0.000974366 1 -0.0553455 0.230158 -0.0504244
FixedParameters: 0 0 0

#Transform 66
Transform: AffineTransform_float_3_3
Parameters: 1 1.43699e-05 4.93001e-05 -1.44383e-05 1 0.000693999 -4.92801e-05 -0.000694 1 -0.0674275 0.180157 -0.0373146
FixedParameters: 0 0 0

#Transform 67
Transform: AffineTransform_float_3_3
Parameters: 1 0.00019278 0.000470038 -0.000193156 1 0.000399909 -0.000469883 -0.000400091 1 -0.0510986 0.17183 -0.0299325
FixedParameters: 0 0 0

#Transform 68
Transform: AffineTransform_float_3_3
Parameters: 1 0.0003594 0.000509054 -0.000359523 1 0.000120817 -0.000508967 -0.000121183 1 -0.0608761 0.227244 0.0554642
FixedParameters: 0 0 0

#Transform 69
Transform: AffineTransform_float_3_3
Parameters: 1 0.000171186 7.0846e-05 -0.000171689 0.999999 0.000784987 -7.14973e-05 -0.000785012 0.999999 -0.060577 0.212916 -0.0460929
FixedParameters: 0 0 0

#Transform 70
Transform: AffineTransform_float_3_3
Parameters: 1 -9.20496e-06 3.90751e-06 9.20513e-06 1 -2.1e-05 -3.90712e-06 2.1e-05 1 -0.0565319 0.235691 0.00823402
FixedParameters: 0 0 0

#Transform 71
Transform: AffineTransform_float_3_3
Parameters: 1 0.000143555 -9.85147e-06 -0.000143551 1 0.000169001 9.89999e-06 -0.000168999 1 -0.0587534 0.231161 -0.0304334
FixedParameters: 0 0 0

#Transform 72
Transform: AffineTransform_float_3_3
Parameters: 1 -0.000151086 0.000125564 0.0001514 0.999997 0.00240202 -0.000126681 -0.00240198 0.999997 -0.0726773 0.18271 0.0557487
FixedParameters: 0 0 0

#Transform 73
Transform: AffineTransform_float_3_3
Parameters: 1 -8.7146e-05 0.000235539 8.78123e-05 0.999999 0.00137002 -0.000235249 -0.00136998 0.999999 -0.0660324 0.193913 0.00208218
FixedParameters: 0 0 0

#Transform 74
Transform: AffineTransform_float_3_3
Parameters: 1 0.000159478 0.000163782 -0.000159777 0.999999 0.000911973 -0.000163491 -0.000912025 0.999999 -0.107129 0.243564 0.0628325
FixedParameters: 0 0 0

#Transform 75
Transform: AffineTransform_float_3_3
Parameters: 1 0.000292521 -0.000572755 -0.000292743 1 0.000148168 0.000571922 -0.000147833 1 -0.0681824 0.255696 -0.0613511
FixedParameters: 0 0 0

#Transform 76
Transform: AffineTransform_float_3_3
Parameters: 1 0.000264531 -0.000252759 -0.000263895 0.999998 0.00203107 0.000252912 -0.00203093 0.999998 -0.0922049 0.222955 0.0193457
FixedParameters: 0 0 0

#Transform 77
Transform: AffineTransform_float_3_3
Parameters: 1 0.000277632 -8.02826e-05 -0.000277306 0.999998 0.00201802 8.14024e-05 -0.00201798 0.999998 -0.0736902 0.228472 0.0438774
FixedParameters: 0 0 0

#Transform 78
Transform: AffineTransform_float_3_3
Parameters: 1 1.8211e-05 -0.000300873 -1.78807e-05 1 0.00120001 0.000299995 -0.0012 0.999999 -0.0797896 0.235572 -0.0215608
FixedParameters: 0 0 0

#Transform 79
Transform: AffineTransform_float_3_3
Parameters: 1 0.000116316 0.000115839 -0.000116609 0.999999 0.00126599 -0.000115544 -0.00126601 0.999999 -0.0792143 0.2604 0.0636055
FixedParameters: 0 0 0

#Transform 80
Transform: AffineTransform_float_3_3
Parameters: 1 0.000178808 -0.000113726 -0.000178611 0.999999 0.00086402 0.000114035 -0.000863979 0.999999 -0.070512 0.251534 -0.00161381
FixedParameters: 0 0 0

#Transform 81
Transform: AffineTransform_float_3_3
Parameters: 1 6.57774e-05 0.000137209 -6.58918e-05 1 0.000416991 -0.000137154 -0.000417009 1 -0.0853775 0.264187 0.020647
FixedParameters: 0 0 0

#Transform 82
Transform: AffineTransform_float_3_3
Parameters: 1 0.000112063 -9.42921e-05 -0.000112076 1 -7.09894e-05 9.42761e-05 7.10105e-05 1 -0.06727 0.287096 -0.000183171
FixedParameters: 0 0 0

#Transform 83
Transform: AffineTransform_float_3_3
Parameters: 1 0.000121645 -8.19911e-05 -0.00012158 1 0.00039701 8.20877e-05 -0.00039699 1 -0.0886091 0.268668 -0.0202674
FixedParameters: 0 0 0

#Transform 84
Transform: AffineTransform_float_3_3
Parameters: 1 -0.000144982 -0.000253584 0.000145157 0.999997 0.00216096 0.000253348 -0.00216104 0.999997 -0.0814016 0.219262 0.0356928
FixedParameters: 0 0 0

#Transform 85
Transform: AffineTransform_float_3_3
Parameters: 1 7.41739e-05 -0.00017136 -7.39452e-05 0.999999 0.00181101 0.000170708 -0.00181099 0.999999 -0.0863057 0.22349 -0.0177748
FixedParameters: 0 0 0

#Transform 86
Transform: AffineTransform_float_3_3
Parameters: 1 -0.000212709 4.63789e-05 0.000212525 0.999998 0.00196301 -4.72137e-05 -0.00196299 0.999998 -0.0949186 0.221688 0.0281264
FixedParameters: 0 0 0

#Transform 87
Transform: AffineTransform_float_3_3
Parameters: 1 -0.0002062 -0.000433961 0.000207563 0.999998 0.00157091 0.000433311 -0.00157109 0.999998 -0.0821612 0.234628 0.0269199
FixedParameters: 0 0 0

#Transform 88
Transform: AffineTransform_float_3_3
Parameters: 0.999999 -0.000348408 -0.000930774 0.000350263 0.999998 0.00198567 0.000930168 -0.00198632 0.999997 -0.0702753 0.249183 -0.0146149
FixedParameters: 0 0 0

#Transform 89
Transform: AffineTransform_float_3_3
Parameters: 0.999999 5.33355e-05 -0.000760205 -5.30405e-05 1 0.00019404 0.000760226 -0.000193959 0.999999 -0.0915077 0.288516 0.00180197
FixedParameters: 0 0 0

#Transform 90
Transform: AffineTransform_float_3_3
Parameters: 0.999999 0.000214265 -0.00086238 -0.000212684 0.999999 0.00167719 0.000862567 -0.00167682 0.999998 -0.0819062 0.268195 -0.0464724
FixedParameters: 0 0 0

#Transform 91
Transform: AffineTransform_float_3_3
Parameters: 1 -0.00011523 -0.000472447 0.000115354 1 0.00110495 0.000472583 -0.00110506 1 -0.109638 0.264076 0.0152567
FixedParameters: 0 0 0

#Transform 92
Transform: AffineTransform_float_3_3
Parameters: 0.999999 -0.000428513 -0.000855641 0.000429165 0.999999 0.000918993 0.000855244 -0.000919007 0.999999 -0.073672 0.267562 -0.0442943
FixedParameters: 0 0 0

#Transform 93
Transform: AffineTransform_float_3_3
Parameters: 1 -0.000117427 -6.97999e-05 0.000116736 0.999998 0.00164899 6.98045e-05 -0.00164901 0.999998 -0.10991 0.254233 -0.0234437
FixedParameters: 0 0 0

#Transform 94
Transform: AffineTransform_float_3_3
Parameters: 1 -0.000703466 -0.000739433 0.000704674 0.999998 0.00144048 0.000737795 -0.00144152 0.999998 -0.0774311 0.255512 -0.00583817
FixedParameters: 0 0 0

#Transform 95
Transform: AffineTransform_float_3_3
Parameters: 0.999999 0.000114909 -0.000814094 -0.000114218 0.999999 0.00123009 0.000813846 -0.00122991 0.999999 -0.0947029 0.279881 -0.0655258
FixedParameters: 0 0 0

#Transform 96
Transform: AffineTransform_float_3_3
Parameters: 0.999999 5.27383e-05 -0.000724837 -5.23408e-05 1 0.00117904 0.000724431 -0.00117896 0.999999 -0.116453 0.284086 0.0277099
FixedParameters: 0 0 0

#Transform 97
Transform: AffineTransform_float_3_3
Parameters: 0.999999 -5.24238e-05 -0.00179852 5.49928e-05 0.999999 0.00148178 0.00179954 -0.00148123 0.999998 -0.0812929 0.278728 -0.0708259
FixedParameters: 0 0 0

#Transform 98
Transform: AffineTransform_float_3_3
Parameters: 0.999999 -0.000491002 -0.00128196 0.000493718 0.999997 0.00213673 0.00128103 -0.00213727 0.999997 -0.0926805 0.266231 0.00237931
FixedParameters: 0 0 0

#Transform 99
Transform: AffineTransform_float_3_3
Parameters: 0.999999 -0.000473533 -0.00170831 0.000477768 0.999998 0.00204806 0.00170753 -0.00204894 0.999997 -0.0935644 0.259665 -0.00217111
FixedParameters: 0 0 0

#Transform 100
Transform: AffineTransform_float_3_3
Parameters: 0.999998 -0.000164187 -0.00232708 0.000170013 0.999998 0.00232448 0.00232734 -0.00232452 0.999994 -0.117368 0.277045 -0.0389893
FixedParameters: 0 0 0

#Transform 101
Transform: AffineTransform_float_3_3
Parameters: 0.999997 0.000131884 -0.00236621 -0.000126647 0.999997 0.00232733 0.002366 -0.00232667 0.999994 -0.138828 0.274068 -0.00102672
FixedParameters: 0 0 0

#Transform 102
Transform: AffineTransform_float_3_3
Parameters: 0.999997 0.000193298 -0.00269029 -0.000188547 0.999998 0.00171269 0.00269067 -0.00171231 0.999995 -0.0906326 0.303908 -0.0965374
FixedParameters: 0 0 0

#Transform 103
Transform: AffineTransform_float_3_3
Parameters: 0.999997 -7.34869e-05 -0.00219766 8.01422e-05 0.999996 0.00294834 0.00219772 -0.00294866 0.999993 -0.104645 0.273399 -0.0299272
FixedParameters: 0 0 0

#Transform 104
Transform: AffineTransform_float_3_3
Parameters: 0.999997 0.000174567 -0.00252074 -0.00016868 0.999997 0.00249561 0.00252118 -0.00249539 0.999994 -0.0930166 0.289891 -0.042454
FixedParameters: 0 0 0

#Transform 105
Transform: AffineTransform_float_3_3
Parameters: 0.999997 -7.64091e-05 -0.00253877 8.31295e-05 0.999997 0.00238418 0.00253851 -0.00238382 0.999994 -0.0884058 0.29025 -0.0857496
FixedParameters: 0 0 0

#Transform 106
Transform: AffineTransform_float_3_3
Parameters: 0.999995 -3.56628e-05 -0.00319866 4.52429e-05 0.999995 0.00303692 0.00319825 -0.00303708 0.99999 -0.106366 0.291241 -0.00709937
FixedParameters: 0 0 0

#Transform 107
Transform: AffineTransform_float_3_3
Parameters: 0.999994 0.000155428 -0.00353034 -0.000146496 0.999997 0.00265974 0.00353098 -0.00265927 0.999991 -0.0944214 0.299115 -0.104995
FixedParameters: 0 0 0

#Transform 108
Transform: AffineTransform_float_3_3
Parameters: 0.999995 -3.77681e-05 -0.0030922 4.8734e-05 0.999994 0.00330192 0.00309267 -0.00330208 0.99999 -0.128421 0.300201 -0.0184588
FixedParameters: 0 0 0

#Transform 109
Transform: AffineTransform_float_3_3
Parameters: 0.999993 0.000365283 -0.00358528 -0.000355764 0.999997 0.00257229 0.00358658 -0.00257171 0.99999 -0.111008 0.30539 -0.0514129
FixedParameters: 0 0 0

#Transform 110
Transform: AffineTransform_float_3_3
Parameters: 0.999996 0.000327511 -0.00279149 -0.000323299 0.999999 0.00171873 0.00279272 -0.00171827 0.999994 -0.106625 0.31317 -0.088403
FixedParameters: 0 0 0

#Transform 111
Transform: AffineTransform_float_3_3
Parameters: 0.999995 0.000194256 -0.00299809 -0.000189197 0.999998 0.00158826 0.00299843 -0.00158774 0.999994 -0.0884427 0.284576 -0.105636
FixedParameters: 0 0 0

#Transform 112
Transform: AffineTransform_float_3_3
Parameters: 0.999998 0.000134366 -0.00233018 -0.000130876 0.999999 0.00150897 0.00232991 -0.00150903 0.999996 -0.115674 0.279565 -0.0522477
FixedParameters: 0 0 0

#Transform 113
Transform: AffineTransform_float_3_3
Parameters: 0.999997 0.000268615 -0.00220379 -0.000265847 0.999999 0.00122361 0.00220339 -0.00122239 0.999997 -0.103981 0.304134 -0.105377
FixedParameters: 0 0 0

#Transform 114
Transform: AffineTransform_float_3_3
Parameters: 0.999998 9.76003e-05 -0.00222948 -9.32793e-05 0.999998 0.00197024 0.00222958 -0.00196976 0.999996 -0.111435 0.287889 -0.0523143
FixedParameters: 0 0 0

#Transform 115
Transform: AffineTransform_float_3_3
Parameters: 0.999998 0.000605722 -0.00184366 -0.000600908 0.999998 0.00201642 0.00184504 -0.00201558 0.999996 -0.112362 0.294768 -0.0930691
FixedParameters: 0 0 0

#Transform 116
Transform: AffineTransform_float_3_3
Parameters: 0.999999 4.05388e-07 -0.00181902 3.5535e-06 0.999997 0.00246002 0.00182004 -0.00245998 0.999996 -0.122167 0.307017 -0.00243402
FixedParameters: 0 0 0

#Transform 117
Transform: AffineTransform_float_3_3
Parameters: 0.999995 -0.000324309 -0.00310461 0.000326595 1 0.000515886 0.00310467 -0.000517113 0.999996 -0.0768873 0.304076 -0.126593
FixedParameters: 0 0 0

#Transform 118
Transform: AffineTransform_float_3_3
Parameters: 0.999998 0.000122752 -0.00201634 -0.00011773 0.999998 0.00212391 0.00201619 -0.00212409 0.999996 -0.121102 0.276588 -0.0569254
FixedParameters: 0 0 0

#Transform 119
Transform: AffineTransform_float_3_3
Parameters: 0.999997 0.000323601 -0.00235486 -0.000319847 0.999999 0.00146642 0.00235605 -0.00146558 0.999996 -0.109389 0.310465 -0.0945671
FixedParameters: 0 0 0

#Transform 120
Transform: AffineTransform_float_3_3
Parameters: 0.999996 1.27713e-05 -0.0028484 -7.88929e-06 0.999998 0.00180241 0.00284855 -0.00180159 0.999994 -0.120573 0.316747 -0.0887097
FixedParameters: 0 0 0

#Transform 121
Transform: AffineTransform_float_3_3
Parameters: 0.999996 7.3832e-05 -0.00288972 -6.93634e-05 0.999999 0.00154574 0.00288966 -0.00154526 0.999995 -0.121012 0.303342 -0.0930014
FixedParameters: 0 0 0

#Transform 122
Transform: AffineTransform_float_3_3
Parameters: 0.999995 0.000296772 -0.00296252 -0.000295081 0.999999 0.000662567 0.00296277 -0.000661434 0.999996 -0.103419 0.320441 -0.139036
FixedParameters: 0 0 0

#Transform 123
Transform: AffineTransform_float_3_3
Parameters: 0.999997 0.00030511 -0.00238743 -0.000301139 0.999999 0.00129975 0.00238808 -0.00129825 0.999996 -0.133544 0.301796 -0.0773699
FixedParameters: 0 0 0

#Transform 124
Transform: AffineTransform_float_3_3
Parameters: 0.999994 0.000290094 -0.00344332 -0.00028776 1 0.000473196 0.00344398 -0.000471802 0.999994 -0.101172 0.34891 -0.145831
FixedParameters: 0 0 0

#Transform 125
Transform: AffineTransform_float_3_3
Parameters: 0.999995 0.000156371 -0.00316947 -0.00014988 0.999998 0.00187318 0.00317016 -0.00187283 0.999993 -0.119538 0.337497 -0.0828636
FixedParameters: 0 0 0

#Transform 126
Transform: AffineTransform_float_3_3
Parameters: 0.999995 0.000311712 -0.00319947 -0.000307914 1 0.00108668 0.0032004 -0.00108532 0.999995 -0.103681 0.338489 -0.108373
FixedParameters: 0 0 0

#Transform 127
Transform: AffineTransform_float_3_3
Parameters: 0.999995 0.000515839 -0.00332222 -0.000511171 0.999999 0.00137434 0.00332336 -0.00137366 0.999994 -0.120466 0.347455 -0.105679
FixedParameters: 0 0 0

#Transform 128
Transform: AffineTransform_float_3_3
Parameters: 0.999997 -4.61889e-05 -0.00271634 5.0007e-05 0.999999 0.00152405 0.00271591 -0.00152495 0.999995 -0.103454 0.311082 -0.0457991
FixedParameters: 0 0 0

#Transform 129
Transform: AffineTransform_float_3_3
Parameters: 0.999997 0.000218653 -0.00271917 -0.000215651 0.999999 0.00113213 0.00271991 -0.00113087 0.999996 -0.109799 0.311311 -0.103672
FixedParameters: 0 0 0

#Transform 130
Transform: AffineTransform_float_3_3
Parameters: 0.999996 -0.000130105 -0.00259809 0.000134068 0.999998 0.00179904 0.00259773 -0.00179896 0.999995 -0.111646 0.29702 -0.0545137
FixedParameters: 0 0 0

#Transform 131
Transform: AffineTransform_float_3_3
Parameters: 0.999995 -0.000204539 -0.00320671 0.000208255 0.999999 0.00121423 0.00320685 -0.00121476 0.999994 -0.111091 0.314483 -0.0574338
FixedParameters: 0 0 0

#Transform 132
Transform: AffineTransform_float_3_3
Parameters: 0.999997 0.000232327 -0.00267707 -0.000228997 0.999999 0.00121115 0.00267788 -0.00120985 0.999996 -0.120365 0.334775 -0.103814
FixedParameters: 0 0 0

#Transform 133
Transform: AffineTransform_float_3_3
Parameters: 0.999998 0.000152892 -0.00232855 -0.000147137 0.999998 0.00219401 0.00232893 -0.00219398 0.999994 -0.132225 0.298564 -0.0391351
FixedParameters: 0 0 0

#Transform 134
Transform: AffineTransform_float_3_3
Parameters: 0.999995 0.000328345 -0.00316565 -0.000323348 0.999999 0.00149472 0.00316635 -0.00149328 0.999994 -0.120255 0.322805 -0.098245
FixedParameters: 0 0 0

#Transform 135
Transform: AffineTransform_float_3_3
Parameters: 0.999994 0.000705541 -0.0033321 -0.00069865 0.999998 0.00229483 0.00333345 -0.00229218 0.999992 -0.158307 0.332684 -0.0574793
FixedParameters: 0 0 0

#Transform 136
Transform: AffineTransform_float_3_3
Parameters: 0.999991 0.000833752 -0.00402482 -0.00082525 0.999997 0.00210064 0.00402644 -0.00209736 0.99999 -0.146435 0.34557 -0.0972495
FixedParameters: 0 0 0

#Transform 137
Transform: AffineTransform_float_3_3
Parameters: 0.999993 0.000224047 -0.00369661 -0.000217294 0.999999 0.00169502 0.00369655 -0.00169398 0.999992 -0.147601 0.332971 -0.0696949
FixedParameters: 0 0 0

#Transform 138
Transform: AffineTransform_float_3_3
Parameters: 0.999995 0.000108269 -0.00319949 -0.000100891 0.999998 0.00234303 0.00319996 -0.00234298 0.999992 -0.150178 0.320453 -0.0276009
FixedParameters: 0 0 0

#Transform 139
Transform: AffineTransform_float_3_3
Parameters: 0.999995 0.000571245 -0.00333179 -0.000564024 0.999997 0.00234473 0.00333258 -0.00234227 0.999992 -0.155055 0.335283 -0.0549361
FixedParameters: 0 0 0

#Transform 140
Transform: AffineTransform_float_3_3
Parameters: 0.999991 0.000895754 -0.00413041 -0.000885309 0.999997 0.00244098 0.00413236 -0.00243702 0.999988 -0.168232 0.366744 -0.0211849
FixedParameters: 0 0 0

#Transform 141
Transform: AffineTransform_float_3_3
Parameters: 0.999991 0.000904441 -0.00430358 -0.000895943 0.999998 0.00196433 0.00430525 -0.00196067 0.999988 -0.160784 0.359138 -0.0639179
FixedParameters: 0 0 0

#Transform 142
Transform: AffineTransform_float_3_3
Parameters: 0.99999 0.000653406 -0.00454532 -0.000642068 0.999996 0.00266312 0.00454663 -0.00265988 0.999986 -0.167158 0.351393 -0.0589452
FixedParameters: 0 0 0

#Transform 143
Transform: AffineTransform_float_3_3
Parameters: 0.999989 0.000984226 -0.00446677 -0.000974071 0.999997 0.00222498 0.00446872 -0.00222102 0.999987 -0.178967 0.369116 -0.0754947
FixedParameters: 0 0 0

#Transform 144
Transform: AffineTransform_float_3_3
Parameters: 0.999988 0.000971237 -0.00482306 -0.000960641 0.999997 0.00210678 0.00482473 -0.00210222 0.999986 -0.168657 0.372314 -0.114295
FixedParameters: 0 0 0

#Transform 145
Transform: AffineTransform_float_3_3
Parameters: 0.999991 0.000457937 -0.00437382 -0.000446496 0.999996 0.002734 0.00437507 -0.002732 0.999987 -0.165969 0.355108 -0.0506292
FixedParameters: 0 0 0

#Transform 146
Transform: AffineTransform_float_3_3
Parameters: 0.999989 0.000914639 -0.00465089 -0.000904434 0.999997 0.0023402 0.00465353 -0.0023358 0.999986 -0.168175 0.361845 -0.112308
FixedParameters: 0 0 0

#Transform 147
Transform: AffineTransform_float_3_3
Parameters: 0.999989 0.000887064 -0.0047087 -0.000872929 0.999994 0.00310462 0.00471188 -0.00310038 0.999984 -0.186236 0.371476 -0.0119703
FixedParameters: 0 0 0

#Transform 148
Transform: AffineTransform_float_3_3
Parameters: 0.999987 0.00129988 -0.00495468 -0.00128748 0.999996 0.00259168 0.00495831 -0.00258432 0.999984 -0.168819 0.37215 -0.142241
FixedParameters: 0 0 0

#Transform 149
Transform: AffineTransform_float_3_3
Parameters: 0.999986 0.00101392 -0.0051461 -0.000999505 0.999996 0.00277981 0.00514902 -0.00277419 0.999982 -0.220258 0.393293 -0.0367139
FixedParameters: 0 0 0

#Transform 150
Transform: AffineTransform_float_3_3
Parameters: 0.99998 0.00133422 -0.00608821 -0.00132218 0.999997 0.00197335 0.00609091 -0.00196465 0.999979 -0.168893 0.390559 -0.171425
FixedParameters: 0 0 0

#Transform 151
Transform: AffineTransform_float_3_3
Parameters: 0.999983 0.00144183 -0.00562712 -0.00142477 0.999994 0.0030101 0.005632 -0.0030029 0.99998 -0.21943 0.389771 -0.045206
FixedParameters: 0 0 0

#Transform 152
Transform: AffineTransform_float_3_3
Parameters: 0.999979 0.00111571 -0.00646527 -0.00110684 0.999998 0.00130847 0.00646723 -0.00130152 0.999978 -0.175384 0.386639 -0.158585
FixedParameters: 0 0 0

#Transform 153
Transform: AffineTransform_float_3_3
Parameters: 0.999981 0.00115059 -0.00606142 -0.00113415 0.999996 0.0026364 0.00606423 -0.0026286 0.999978 -0.201304 0.398768 -0.0946855
FixedParameters: 0 0 0

#Transform 154
Transform: AffineTransform_float_3_3
Parameters: 0.999983 0.00140406 -0.00561986 -0.00138986 0.999996 0.00244609 0.00562362 -0.0024379 0.999981 -0.217008 0.393104 -0.0768282
FixedParameters: 0 0 0

#Transform 155
Transform: AffineTransform_float_3_3
Parameters: 0.999979 0.00132 -0.00624637 -0.00130152 0.999995 0.00300561 0.00625037 -0.00299739 0.999976 -0.210026 0.409592 -0.0982949
FixedParameters: 0 0 0

#Transform 156
Transform: AffineTransform_float_3_3
Parameters: 0.999981 0.00144326 -0.0059558 -0.00142443 0.999994 0.00318109 0.00596103 -0.00317291 0.999977 -0.232773 0.394096 -0.00130706
FixedParameters: 0 0 0

#Transform 157
Transform: AffineTransform_float_3_3
Parameters: 0.999977 0.00190644 -0.00651058 -0.00188621 0.999994 0.00300915 0.00651586 -0.00299685 0.999974 -0.207059 0.427775 -0.13685
FixedParameters: 0 0 0

#Transform 158
Transform: AffineTransform_float_3_3
Parameters: 0.999979 0.00129469 -0.00631052 -0.00127437 0.999993 0.00329668 0.00631496 -0.00328932 0.999974 -0.22516 0.406303 -0.0394322
FixedParameters: 0 0 0

#Transform 159
Transform: AffineTransform_float_3_3
Parameters: 0.999982 0.00145261 -0.00592788 -0.00143707 0.999995 0.00273048 0.00593202 -0.00272153 0.999979 -0.20365 0.408955 -0.137067
FixedParameters: 0 0 0

#Transform 160
Transform: AffineTransform_float_3_3
Parameters: 0.999981 0.00137579 -0.00611034 -0.00135916 0.999995 0.00273862 0.00611408 -0.00272938 0.999978 -0.235066 0.428495 -0.0878701
FixedParameters: 0 0 0

#Transform 161
Transform: AffineTransform_float_3_3
Parameters: 0.999978 0.00176367 -0.00637281 -0.00174874 0.999995 0.00242135 0.00637717 -0.00241065 0.999977 -0.237803 0.435969 -0.0888133
FixedParameters: 0 0 0

#Transform 162
Transform: AffineTransform_float_3_3
Parameters: 0.999977 0.00180808 -0.00653441 -0.00179041 0.999995 0.00274192 0.00653999 -0.00273008 0.999975 -0.245857 0.440491 -0.092791
FixedParameters: 0 0 0

#Transform 163
Transform: AffineTransform_float_3_3
Parameters: 0.999978 0.00166545 -0.00639979 -0.00165044 0.999996 0.00241698 0.00640366 -0.00240602 0.999977 -0.238655 0.437429 -0.0893164
FixedParameters: 0 0 0

#Transform 164
Transform: AffineTransform_float_3_3
Parameters: 0.999981 0.00156807 -0.00596606 -0.00155442 0.999996 0.00236887 0.00596984 -0.00235914 0.99998 -0.254322 0.434026 -0.0865385
FixedParameters: 0 0 0

#Transform 165
Transform: AffineTransform_float_3_3
Parameters: 0.999977 0.00109448 -0.00667744 -0.0010828 0.999998 0.00167407 0.00667907 -0.00166693 0.999977 -0.220064 0.42464 -0.186017
FixedParameters: 0 0 0

#Transform 166
Transform: AffineTransform_float_3_3
Parameters: 0.99998 0.00109143 -0.00620799 -0.00107669 0.999997 0.00233136 0.00621036 -0.00232464 0.999978 -0.265393 0.427087 -0.073534
FixedParameters: 0 0 0

#Transform 167
Transform: AffineTransform_float_3_3
Parameters: 0.999976 0.00103513 -0.00694533 -0.00102491 0.999999 0.00143847 0.00694588 -0.00143153 0.999975 -0.213064 0.434023 -0.171176
FixedParameters: 0 0 0

#Transform 168
Transform: AffineTransform_float_3_3
Parameters: 0.999981 0.00087515 -0.00621243 -0.000858895 0.999997 0.00259922 0.00621504 -0.00259378 0.999977 -0.258271 0.43922 -0.068208
FixedParameters: 0 0 0

#Transform 169
Transform: AffineTransform_float_3_3
Parameters: 0.999975 0.00117967 -0.00706154 -0.00116874 0.999999 0.0015024 0.00706397 -0.0014946 0.999974 -0.224893 0.438936 -0.196457
FixedParameters: 0 0 0

#Transform 170
Transform: AffineTransform_float_3_3
Parameters: 0.99998 0.00121333 -0.00610137 -0.00119828 0.999996 0.00250562 0.0061042 -0.00249838 0.999978 -0.255502 0.453141 -0.107987
FixedParameters: 0 0 0

#Transform 171
Transform: AffineTransform_float_3_3
Parameters: 0.999971 0.0013342 -0.00746829 -0.00132559 0.999998 0.00114322 0.00746945 -0.00113278 0.999971 -0.229418 0.453564 -0.181706
FixedParameters: 0 0 0

#Transform 172
Transform: AffineTransform_float_3_3
Parameters: 0.999977 0.00161231 -0.00648601 -0.00159428 0.999994 0.00289092 0.00649047 -0.00288108 0.999975 -0.262698 0.44677 -0.0973502
FixedParameters: 0 0 0

#Transform 173
Transform: AffineTransform_float_3_3
Parameters: 0.999976 0.00171853 -0.00681756 -0.00169966 0.999995 0.00281284 0.00682236 -0.00280116 0.999973 -0.253196 0.44116 -0.0833752
FixedParameters: 0 0 0

#Transform 174
Transform: AffineTransform_float_3_3
Parameters: 0.999974 0.00165566 -0.00711463 -0.00163774 0.999995 0.00253677 0.0071187 -0.00252423 0.999972 -0.249231 0.461757 -0.133276
FixedParameters: 0 0 0

#Transform 175
Transform: AffineTransform_float_3_3
Parameters: 0.999977 0.00132143 -0.00674795 -0.00130212 0.999995 0.0028153 0.00675237 -0.0028057 0.999973 -0.285169 0.448981 -0.0203299
FixedParameters: 0 0 0

#Transform 176
Transform: AffineTransform_float_3_3
Parameters: 0.999967 0.0016941 -0.0080364 -0.0016783 0.999996 0.00200976 0.00804034 -0.00199625 0.999966 -0.226441 0.452728 -0.231398
FixedParameters: 0 0 0

#Transform 177
Transform: AffineTransform_float_3_3
Parameters: 0.999976 0.00201865 -0.00651621 -0.00199701 0.999992 0.00331604 0.00652233 -0.00330296 0.999973 -0.290004 0.446226 -0.053448
FixedParameters: 0 0 0

#Transform 178
Transform: AffineTransform_float_3_3
Parameters: 0.999968 0.0019895 -0.00775521 -0.00196503 0.999993 0.00323295 0.00776144 -0.00321805 0.999964 -0.243812 0.45648 -0.163862
FixedParameters: 0 0 0

#Transform 179
Transform: AffineTransform_float_3_3
Parameters: 0.999969 0.00159959 -0.00767981 -0.00157076 0.999992 0.00375256 0.00768542 -0.00374044 0.999964 -0.277974 0.452061 -0.019562
FixedParameters: 0 0 0
