# transform file /out/sourcedata/freesurfer/sub-v1s10x0050977_ses-1/mri/transforms/cc_up.lta
# created by oesteban on Thu Mar 12 02:32:42 2026

type      = 0 # LINEAR_VOX_TO_VOX
nxforms   = 1
mean      = 130.0000 117.0000 118.0000
sigma     = 10000.0000
1 4 4
9.817825555801392e-01 1.846868246793747e-01 -4.465439543128014e-02 -1.585741996765137e+01 
-1.844960898160934e-01 9.827975630760193e-01 8.391431532800198e-03 5.226575469970703e+01 
4.543601348996162e-02 0.000000000000000e+00 9.989674091339111e-01 1.609608840942383e+01 
0.000000000000000e+00 0.000000000000000e+00 0.000000000000000e+00 1.000000000000000e+00 
src volume info
valid = 1  # volume info valid
filename = /out/sourcedata/freesurfer/sub-v1s10x0050977_ses-1/mri/norm.mgz
volume = 256 256 256
voxelsize = 1.000000000000000e+00 1.000000000000000e+00 1.000000000000000e+00
xras   = -1.000000000000000e+00 0.000000000000000e+00 0.000000000000000e+00
yras   = 0.000000000000000e+00 0.000000000000000e+00 -1.000000000000000e+00
zras   = 0.000000000000000e+00 1.000000000000000e+00 0.000000000000000e+00
cras   = 6.447753906250000e+00 1.000000000000000e+00 1.722885131835938e+00
dst volume info
valid = 1  # volume info valid
filename = /out/sourcedata/freesurfer/sub-v1s10x0050977_ses-1/mri/norm.mgz
volume = 256 256 256
voxelsize = 1.000000000000000e+00 1.000000000000000e+00 1.000000000000000e+00
xras   = -1.000000000000000e+00 0.000000000000000e+00 0.000000000000000e+00
yras   = 0.000000000000000e+00 0.000000000000000e+00 -1.000000000000000e+00
zras   = 0.000000000000000e+00 1.000000000000000e+00 0.000000000000000e+00
cras   = 6.447753906250000e+00 1.000000000000000e+00 1.722885131835938e+00
