# transform file /out/sourcedata/freesurfer/sub-v1s10x0051087_ses-1/mri/transforms/cc_up.lta
# created by oesteban on Thu Mar 12 08:20:38 2026

type      = 0 # LINEAR_VOX_TO_VOX
nxforms   = 1
mean      = 129.0000 118.0000 133.0000
sigma     = 10000.0000
1 4 4
9.982362985610962e-01 5.032655969262123e-02 -3.149342164397240e-02 -2.909088373184204e+00 
-5.030153319239616e-02 9.987329840660095e-01 1.586966332979500e-03 3.747349929809570e+01 
3.153337910771370e-02 0.000000000000000e+00 9.995028376579285e-01 -2.043780803680420e+00 
0.000000000000000e+00 0.000000000000000e+00 0.000000000000000e+00 1.000000000000000e+00 
src volume info
valid = 1  # volume info valid
filename = /out/sourcedata/freesurfer/sub-v1s10x0051087_ses-1/mri/norm.mgz
volume = 256 256 256
voxelsize = 1.000000000000000e+00 1.000000000000000e+00 1.000000000000000e+00
xras   = -1.000000000000000e+00 0.000000000000000e+00 0.000000000000000e+00
yras   = 0.000000000000000e+00 0.000000000000000e+00 -1.000000000000000e+00
zras   = 0.000000000000000e+00 1.000000000000000e+00 0.000000000000000e+00
cras   = 7.894035339355469e+00 -1.490362548828125e+01 1.000000000000000e+00
dst volume info
valid = 1  # volume info valid
filename = /out/sourcedata/freesurfer/sub-v1s10x0051087_ses-1/mri/norm.mgz
volume = 256 256 256
voxelsize = 1.000000000000000e+00 1.000000000000000e+00 1.000000000000000e+00
xras   = -1.000000000000000e+00 0.000000000000000e+00 0.000000000000000e+00
yras   = 0.000000000000000e+00 0.000000000000000e+00 -1.000000000000000e+00
zras   = 0.000000000000000e+00 1.000000000000000e+00 0.000000000000000e+00
cras   = 7.894035339355469e+00 -1.490362548828125e+01 1.000000000000000e+00
