#Insight Transform File V1.0
#Transform 0
Transform: AffineTransform_float_3_3
Parameters: 0.999999 -0.000804799 0.00127129 0.000791548 0.99995 0.00992133 -0.0012792 -0.00992068 0.999951 0.113153 -0.0427932 -0.156973
FixedParameters: 0 0 0

#Transform 1
Transform: AffineTransform_float_3_3
Parameters: 0.999999 0.00139895 -0.00121869 -0.00139716 0.999998 0.00158914 0.00122076 -0.00158786 0.999998 -0.0282188 -0.0165515 -0.151613
FixedParameters: 0 0 0

#Transform 2
Transform: AffineTransform_float_3_3
Parameters: 0.999999 0.00143973 -0.000929273 -0.00143814 0.999998 0.00127298 0.000931092 -0.00127102 0.999999 -0.0415398 -0.0031123 -0.232851
FixedParameters: 0 0 0

#Transform 3
Transform: AffineTransform_float_3_3
Parameters: 0.999997 0.00174644 -0.00158925 -0.00174384 0.999996 0.00201136 0.00159244 -0.00200864 0.999996 -0.0373205 -0.0199159 -0.302692
FixedParameters: 0 0 0

#Transform 4
Transform: AffineTransform_float_3_3
Parameters: 0.999998 0.00180034 -0.00138869 -0.00179845 0.999997 0.00143293 0.00139147 -0.00143006 0.999998 -0.046645 -0.0469491 -0.395764
FixedParameters: 0 0 0

#Transform 5
Transform: AffineTransform_float_3_3
Parameters: 0.999996 0.00231034 -0.00203741 -0.00230716 0.999996 0.00180773 0.00204101 -0.00180327 0.999996 -0.0506271 -0.0261368 -0.413707
FixedParameters: 0 0 0

#Transform 6
Transform: AffineTransform_float_3_3
Parameters: 0.999996 0.00212235 -0.00152382 -0.00211973 0.999996 0.00180146 0.00152724 -0.00179854 0.999998 -0.065335 -0.0124275 -0.35897
FixedParameters: 0 0 0

#Transform 7
Transform: AffineTransform_float_3_3
Parameters: 0.999995 0.00233086 -0.00182204 -0.00232704 0.999995 0.00194312 0.00182595 -0.00193889 0.999996 -0.0544637 -0.0429013 -0.486002
FixedParameters: 0 0 0

#Transform 8
Transform: AffineTransform_float_3_3
Parameters: 0.999996 0.00240486 -0.00183902 -0.00240259 0.999996 0.00164945 0.00184312 -0.00164556 0.999998 -0.0762201 -0.0485735 -0.447663
FixedParameters: 0 0 0

#Transform 9
Transform: AffineTransform_float_3_3
Parameters: 0.999995 0.0025805 -0.00172027 -0.00257854 0.999996 0.000910308 0.00172219 -0.000905694 0.999999 -0.0575564 -0.0519967 -0.518655
FixedParameters: 0 0 0

#Transform 10
Transform: AffineTransform_float_3_3
Parameters: 0.999995 0.00228228 -0.00186378 -0.00227782 0.999994 0.00252664 0.00186871 -0.00252237 0.999996 -0.0734276 -0.0258463 -0.441591
FixedParameters: 0 0 0

#Transform 11
Transform: AffineTransform_float_3_3
Parameters: 0.999995 0.00248914 -0.00223873 -0.00248508 0.999996 0.00184123 0.00224314 -0.00183577 0.999995 -0.0670975 -0.0509585 -0.514427
FixedParameters: 0 0 0

#Transform 12
Transform: AffineTransform_float_3_3
Parameters: 0.999995 0.0024569 -0.00166657 -0.00245491 0.999996 0.00134181 0.00166986 -0.00133719 0.999997 -0.0802468 -0.0455795 -0.478547
FixedParameters: 0 0 0

#Transform 13
Transform: AffineTransform_float_3_3
Parameters: 0.999995 0.0025452 -0.00214961 -0.00254159 0.999995 0.00181513 0.00215409 -0.00180987 0.999996 -0.0630484 -0.0355557 -0.52768
FixedParameters: 0 0 0

#Transform 14
Transform: AffineTransform_float_3_3
Parameters: 0.999996 0.00253962 -0.00170012 -0.00253644 0.999995 0.00178004 0.00170494 -0.00177497 0.999997 -0.0880544 -0.0310773 -0.431832
FixedParameters: 0 0 0

#Transform 15
Transform: AffineTransform_float_3_3
Parameters: 0.999995 0.0026036 -0.00211806 -0.00259813 0.999994 0.00236918 0.0021247 -0.00236382 0.999995 -0.0809349 -0.0323445 -0.565103
FixedParameters: 0 0 0

#Transform 16
Transform: AffineTransform_float_3_3
Parameters: 0.999995 0.00255076 -0.00220408 -0.00254599 0.999994 0.00212064 0.00220921 -0.00211436 0.999995 -0.0733542 -0.0289701 -0.506287
FixedParameters: 0 0 0

#Transform 17
Transform: AffineTransform_float_3_3
Parameters: 0.999994 0.00260293 -0.00194566 -0.00259956 0.999995 0.00160593 0.00194979 -0.00160007 0.999997 -0.0938462 -0.0392905 -0.535699
FixedParameters: 0 0 0

#Transform 18
Transform: AffineTransform_float_3_3
Parameters: 0.999994 0.00247853 -0.00218709 -0.00247614 0.999996 0.00102659 0.0021898 -0.00102141 0.999997 -0.0778854 -0.0368371 -0.536293
FixedParameters: 0 0 0

#Transform 19
Transform: AffineTransform_float_3_3
Parameters: 0.999995 0.00258882 -0.00172196 -0.00258627 0.999996 0.00146097 0.00172622 -0.00145703 0.999997 -0.0906189 -0.0517226 -0.511928
FixedParameters: 0 0 0

#Transform 20
Transform: AffineTransform_float_3_3
Parameters: 0.999994 0.00252459 -0.00246927 -0.00251754 0.999993 0.0028832 0.00247707 -0.0028778 0.999993 -0.0647086 -0.0342069 -0.536871
FixedParameters: 0 0 0

#Transform 21
Transform: AffineTransform_float_3_3
Parameters: 0.999995 0.00215717 -0.00230897 -0.00215233 0.999996 0.002239 0.00231334 -0.002234 0.999994 -0.085882 -0.0494351 -0.447833
FixedParameters: 0 0 0

#Transform 22
Transform: AffineTransform_float_3_3
Parameters: 0.999993 0.00233823 -0.00269265 -0.00233358 0.999996 0.00157098 0.00269615 -0.00156402 0.999996 -0.060368 -0.0381315 -0.546444
FixedParameters: 0 0 0

#Transform 23
Transform: AffineTransform_float_3_3
Parameters: 0.999994 0.00230631 -0.00267875 -0.00230198 0.999996 0.00169186 0.0026831 -0.00168514 0.999995 -0.0916281 -0.0455815 -0.475182
FixedParameters: 0 0 0

#Transform 24
Transform: AffineTransform_float_3_3
Parameters: 0.999991 0.00290469 -0.00292948 -0.00289775 0.999994 0.00219227 0.00293599 -0.00218373 0.999994 -0.0945915 -0.0451376 -0.588192
FixedParameters: 0 0 0

#Transform 25
Transform: AffineTransform_float_3_3
Parameters: 0.999992 0.00292016 -0.00293629 -0.00291358 0.999994 0.00212397 0.00294247 -0.00211603 0.999993 -0.109986 -0.0309458 -0.591732
FixedParameters: 0 0 0

#Transform 26
Transform: AffineTransform_float_3_3
Parameters: 0.999993 0.00282567 -0.00272027 -0.00282195 0.999995 0.00138529 0.00272425 -0.00137771 0.999995 -0.110755 -0.0500851 -0.639643
FixedParameters: 0 0 0

#Transform 27
Transform: AffineTransform_float_3_3
Parameters: 0.999993 0.00271161 -0.00285001 -0.00270621 0.999995 0.00168469 0.00285437 -0.00167631 0.999995 -0.0995171 -0.029086 -0.602024
FixedParameters: 0 0 0

#Transform 28
Transform: AffineTransform_float_3_3
Parameters: 0.999992 0.00290181 -0.00293235 -0.00289815 0.999995 0.00120727 0.00293642 -0.00119873 0.999995 -0.118543 -0.0378601 -0.607362
FixedParameters: 0 0 0

#Transform 29
Transform: AffineTransform_float_3_3
Parameters: 0.999991 0.00313879 -0.00303218 -0.0031347 0.999994 0.00130307 0.0030365 -0.00129393 0.999995 -0.108208 -0.0314728 -0.629958
FixedParameters: 0 0 0

#Transform 30
Transform: AffineTransform_float_3_3
Parameters: 0.999992 0.00292945 -0.00280576 -0.00292504 0.999995 0.00129998 0.00280913 -0.00129202 0.999996 -0.12428 -0.026404 -0.5629
FixedParameters: 0 0 0

#Transform 31
Transform: AffineTransform_float_3_3
Parameters: 0.99999 0.00318806 -0.00291542 -0.00318467 0.999994 0.0012357 0.00291945 -0.00122631 0.999995 -0.112445 -0.0530255 -0.668193
FixedParameters: 0 0 0

#Transform 32
Transform: AffineTransform_float_3_3
Parameters: 0.999992 0.00288823 -0.00273764 -0.00288555 0.999995 0.000946512 0.00273979 -0.000938489 0.999995 -0.135486 -0.0287861 -0.56126
FixedParameters: 0 0 0

#Transform 33
Transform: AffineTransform_float_3_3
Parameters: 0.999991 0.00325053 -0.00276514 -0.00324984 0.999994 0.000437237 0.0027665 -0.000427766 0.999996 -0.120473 -0.0360182 -0.685343
FixedParameters: 0 0 0

#Transform 34
Transform: AffineTransform_float_3_3
Parameters: 0.999991 0.00336454 -0.00249664 -0.00336323 0.999994 0.000608496 0.00249926 -0.000599504 0.999997 -0.128096 -0.0285212 -0.677499
FixedParameters: 0 0 0

#Transform 35
Transform: AffineTransform_float_3_3
Parameters: 0.999992 0.0034444 -0.00230808 -0.00344304 0.999994 0.000552533 0.0023091 -0.000544471 0.999997 -0.135277 -0.015661 -0.606734
FixedParameters: 0 0 0

#Transform 36
Transform: AffineTransform_float_3_3
Parameters: 0.999991 0.00325289 -0.00275729 -0.00325397 0.999994 -0.000262784 0.00275647 0.000272214 0.999996 -0.10986 -0.0442852 -0.730082
FixedParameters: 0 0 0

#Transform 37
Transform: AffineTransform_float_3_3
Parameters: 0.999992 0.00343887 -0.00232073 -0.00343802 0.999994 0.000355563 0.00232131 -0.00034744 0.999997 -0.126581 -0.018995 -0.626381
FixedParameters: 0 0 0

#Transform 38
Transform: AffineTransform_float_3_3
Parameters: 0.999992 0.00337512 -0.00246826 -0.00337661 0.999994 -0.000800939 0.00246611 0.000809064 0.999997 -0.131652 -0.0166224 -0.704372
FixedParameters: 0 0 0

#Transform 39
Transform: AffineTransform_float_3_3
Parameters: 0.999992 0.00343749 -0.00232277 -0.00343823 0.999994 -0.000238434 0.00232203 0.000246564 0.999997 -0.139524 -0.0136645 -0.677514
FixedParameters: 0 0 0

#Transform 40
Transform: AffineTransform_float_3_3
Parameters: 0.999991 0.00356701 -0.00201587 -0.00357075 0.999992 -0.00193139 0.00200903 0.00193861 0.999996 -0.14112 -0.014149 -0.695616
FixedParameters: 0 0 0

#Transform 41
Transform: AffineTransform_float_3_3
Parameters: 0.999992 0.00343622 -0.00232466 -0.00343781 0.999994 -0.000788434 0.00232159 0.000796565 0.999997 -0.139445 -0.0222377 -0.72413
FixedParameters: 0 0 0

#Transform 42
Transform: AffineTransform_float_3_3
Parameters: 0.999992 0.00349415 -0.00218877 -0.00349567 0.999994 -0.000610132 0.00218724 0.000616868 0.999997 -0.154255 0.00025521 -0.634023
FixedParameters: 0 0 0

#Transform 43
Transform: AffineTransform_float_3_3
Parameters: 0.999991 0.00365775 -0.00241936 -0.00365957 0.999993 -0.000884933 0.00241614 0.000894067 0.999997 -0.131565 -0.0336386 -0.772369
FixedParameters: 0 0 0

#Transform 44
Transform: AffineTransform_float_3_3
Parameters: 0.999992 0.00343703 -0.00232345 -0.00343869 0.999994 -0.000436432 0.00232134 0.000444562 0.999997 -0.139451 -0.00351987 -0.693791
FixedParameters: 0 0 0

#Transform 45
Transform: AffineTransform_float_3_3
Parameters: 0.999991 0.00359558 -0.00195026 -0.00359702 0.999993 -0.000565713 0.001948 0.000573283 0.999997 -0.124028 -0.0374746 -0.694781
FixedParameters: 0 0 0

#Transform 46
Transform: AffineTransform_float_3_3
Parameters: 0.999991 0.00359303 -0.00227649 -0.00359369 0.999994 -0.000140598 0.00227545 0.000148397 0.999997 -0.131723 0.00143514 -0.617616
FixedParameters: 0 0 0

#Transform 47
Transform: AffineTransform_float_3_3
Parameters: 0.999991 0.00353158 -0.00236235 -0.00353232 0.999994 -0.000152435 0.00236124 0.000160561 0.999997 -0.12624 -0.00407 -0.670658
FixedParameters: 0 0 0

#Transform 48
Transform: AffineTransform_float_3_3
Parameters: 0.99999 0.00358251 -0.00264024 -0.00358153 0.999993 0.000339194 0.00264079 -0.00032881 0.999997 -0.124162 0.022395 -0.682025
FixedParameters: 0 0 0

#Transform 49
Transform: AffineTransform_float_3_3
Parameters: 0.99999 0.0035958 -0.00265329 -0.00359709 0.999994 -0.000312085 0.00265193 0.000321912 0.999997 -0.133415 0.00674766 -0.708651
FixedParameters: 0 0 0

#Transform 50
Transform: AffineTransform_float_3_3
Parameters: 0.999991 0.00365467 -0.00242044 -0.00365818 0.999992 -0.00139578 0.00241534 0.00140421 0.999996 -0.138639 -0.0152967 -0.737645
FixedParameters: 0 0 0

#Transform 51
Transform: AffineTransform_float_3_3
Parameters: 0.999988 0.00383153 -0.00300715 -0.00383323 0.999993 -0.000844523 0.00300353 0.000855477 0.999995 -0.13943 0.0300439 -0.698137
FixedParameters: 0 0 0

#Transform 52
Transform: AffineTransform_float_3_3
Parameters: 0.999988 0.00381723 -0.00303967 -0.00382056 0.999992 -0.00116808 0.00303453 0.00117992 0.999995 -0.129607 0.0284653 -0.767745
FixedParameters: 0 0 0

#Transform 53
Transform: AffineTransform_float_3_3
Parameters: 0.99999 0.00332045 -0.00275137 -0.00332553 0.999992 -0.00199062 0.0027443 0.00200038 0.999994 -0.143631 0.00111449 -0.705043
FixedParameters: 0 0 0

#Transform 54
Transform: AffineTransform_float_3_3
Parameters: 0.999989 0.00382922 -0.00294742 -0.00383249 0.999992 -0.0012594 0.00294247 0.0012706 0.999995 -0.149636 -0.0082984 -0.751105
FixedParameters: 0 0 0

#Transform 55
Transform: AffineTransform_float_3_3
Parameters: 0.999988 0.0039218 -0.00298905 -0.00392691 0.999991 -0.00168247 0.00298238 0.00169452 0.999994 -0.150859 0.0051447 -0.763405
FixedParameters: 0 0 0

#Transform 56
Transform: AffineTransform_float_3_3
Parameters: 0.999988 0.00350385 -0.00339086 -0.00350966 0.999993 -0.00158413 0.00338629 0.00159587 0.999993 -0.145454 0.00140269 -0.774168
FixedParameters: 0 0 0

#Transform 57
Transform: AffineTransform_float_3_3
Parameters: 0.999986 0.00363949 -0.00365121 -0.00364565 0.999992 -0.00164478 0.00364537 0.00165722 0.999992 -0.147419 0.024723 -0.785313
FixedParameters: 0 0 0

#Transform 58
Transform: AffineTransform_float_3_3
Parameters: 0.999988 0.00377424 -0.00333546 -0.00378025 0.999992 -0.00158179 0.00332912 0.00159421 0.999994 -0.168009 0.0146012 -0.721463
FixedParameters: 0 0 0

#Transform 59
Transform: AffineTransform_float_3_3
Parameters: 0.999987 0.00371172 -0.00348089 -0.00371838 0.999991 -0.00185445 0.00347417 0.00186754 0.999992 -0.143431 -0.0187357 -0.828258
FixedParameters: 0 0 0

#Transform 60
Transform: AffineTransform_float_3_3
Parameters: 0.99999 0.00345419 -0.00291 -0.00346102 0.999991 -0.00254328 0.00290094 0.00255273 0.999993 -0.157537 -0.0313065 -0.772817
FixedParameters: 0 0 0

#Transform 61
Transform: AffineTransform_float_3_3
Parameters: 0.999988 0.00363257 -0.00329888 -0.00363948 0.999991 -0.00199539 0.00329144 0.0020066 0.999993 -0.160016 -0.00976501 -0.781376
FixedParameters: 0 0 0

#Transform 62
Transform: AffineTransform_float_3_3
Parameters: 0.999989 0.00343587 -0.00335907 -0.00343889 0.999994 -0.00100848 0.00335592 0.00101953 0.999994 -0.157419 0.0403939 -0.744259
FixedParameters: 0 0 0

#Transform 63
Transform: AffineTransform_float_3_3
Parameters: 0.999988 0.0040224 -0.0030121 -0.00402895 0.99999 -0.00203793 0.00300407 0.00205007 0.999994 -0.16494 0.0153238 -0.814189
FixedParameters: 0 0 0

#Transform 64
Transform: AffineTransform_float_3_3
Parameters: 0.999987 0.00378647 -0.00356632 -0.00379234 0.999991 -0.00169772 0.00356051 0.00171128 0.999992 -0.154635 -0.00547528 -0.79422
FixedParameters: 0 0 0

#Transform 65
Transform: AffineTransform_float_3_3
Parameters: 0.99999 0.00339492 -0.00293573 -0.00339916 0.999993 -0.001364 0.00293025 0.001374 0.999995 -0.161218 -0.00583436 -0.698373
FixedParameters: 0 0 0

#Transform 66
Transform: AffineTransform_float_3_3
Parameters: 0.999988 0.00368908 -0.00306445 -0.00369624 0.999991 -0.00204038 0.00305684 0.00205162 0.999993 -0.145795 -0.030557 -0.841532
FixedParameters: 0 0 0

#Transform 67
Transform: AffineTransform_float_3_3
Parameters: 0.999989 0.00368869 -0.00306492 -0.00369532 0.999991 -0.00216823 0.0030569 0.00217877 0.999993 -0.153367 -0.0101219 -0.727548
FixedParameters: 0 0 0

#Transform 68
Transform: AffineTransform_float_3_3
Parameters: 0.999989 0.0036895 -0.00306394 -0.00369621 0.999991 -0.00190202 0.00305643 0.00191398 0.999994 -0.160895 -0.00987446 -0.717532
FixedParameters: 0 0 0

#Transform 69
Transform: AffineTransform_float_3_3
Parameters: 0.999988 0.00368961 -0.0030638 -0.0036961 0.999991 -0.00186602 0.00305656 0.00187798 0.999994 -0.149361 -0.0286904 -0.799707
FixedParameters: 0 0 0

#Transform 70
Transform: AffineTransform_float_3_3
Parameters: 0.999989 0.00346105 -0.00296407 -0.00346518 0.999993 -0.0013977 0.00295909 0.00140829 0.999995 -0.164427 -0.0392383 -0.685128
FixedParameters: 0 0 0

#Transform 71
Transform: AffineTransform_float_3_3
Parameters: 0.999989 0.00363973 -0.00288404 -0.00364808 0.999989 -0.00303434 0.00287321 0.00304466 0.999991 -0.156603 -0.0286319 -0.858005
FixedParameters: 0 0 0

#Transform 72
Transform: AffineTransform_float_3_3
Parameters: 0.999989 0.00354365 -0.00288136 -0.00354877 0.999992 -0.00174611 0.00287552 0.00175589 0.999994 -0.157496 -0.0308696 -0.755453
FixedParameters: 0 0 0

#Transform 73
Transform: AffineTransform_float_3_3
Parameters: 0.999988 0.00368383 -0.00324866 -0.00368911 0.999992 -0.0017132 0.00324217 0.0017258 0.999993 -0.168528 -0.0107389 -0.775526
FixedParameters: 0 0 0

#Transform 74
Transform: AffineTransform_float_3_3
Parameters: 0.999988 0.00358542 -0.00316709 -0.00359013 0.999992 -0.00140081 0.00316173 0.00141218 0.999994 -0.1699 -0.0237752 -0.802474
FixedParameters: 0 0 0

#Transform 75
Transform: AffineTransform_float_3_3
Parameters: 0.999988 0.00346981 -0.00325987 -0.00347659 0.999992 -0.0020007 0.00325305 0.00201129 0.999993 -0.150479 -0.0378531 -0.823722
FixedParameters: 0 0 0

#Transform 76
Transform: AffineTransform_float_3_3
Parameters: 0.99999 0.0035188 -0.00282173 -0.00352488 0.999992 -0.00195319 0.00281451 0.00196381 0.999994 -0.173494 -0.00596974 -0.735457
FixedParameters: 0 0 0

#Transform 77
Transform: AffineTransform_float_3_3
Parameters: 0.999989 0.00339276 -0.00322396 -0.00339742 0.999994 -0.00136723 0.00321938 0.00137777 0.999994 -0.153941 -0.0230896 -0.780227
FixedParameters: 0 0 0

#Transform 78
Transform: AffineTransform_float_3_3
Parameters: 0.999989 0.00359097 -0.00321666 -0.003594 0.999993 -0.00105562 0.00321285 0.00106738 0.999994 -0.172058 -0.00721198 -0.775217
FixedParameters: 0 0 0

#Transform 79
Transform: AffineTransform_float_3_3
Parameters: 0.99999 0.00359759 -0.00285603 -0.00360062 0.999992 -0.00119169 0.00285124 0.00120231 0.999996 -0.173964 -0.013488 -0.71672
FixedParameters: 0 0 0

#Transform 80
Transform: AffineTransform_float_3_3
Parameters: 0.999989 0.00358612 -0.00322544 -0.00359128 0.999992 -0.00170745 0.00321933 0.00171855 0.999994 -0.159863 -0.0398029 -0.839409
FixedParameters: 0 0 0

#Transform 81
Transform: AffineTransform_float_3_3
Parameters: 0.999988 0.0034704 -0.00349624 -0.00347724 0.999992 -0.00181588 0.00348977 0.00182812 0.999992 -0.149048 -0.0375054 -0.878138
FixedParameters: 0 0 0

#Transform 82
Transform: AffineTransform_float_3_3
Parameters: 0.999988 0.0036846 -0.00299761 -0.00368688 0.999993 -0.000788637 0.00299505 0.000799363 0.999995 -0.166233 -0.00621711 -0.709859
FixedParameters: 0 0 0

#Transform 83
Transform: AffineTransform_float_3_3
Parameters: 0.999989 0.00374401 -0.00285623 -0.00374767 0.999992 -0.00136778 0.00285068 0.00137921 0.999995 -0.166648 0.0113033 -0.780449
FixedParameters: 0 0 0

#Transform 84
Transform: AffineTransform_float_3_3
Parameters: 0.99999 0.00332128 -0.00318905 -0.00332318 0.999994 -0.000415214 0.0031881 0.000425783 0.999994 -0.161351 0.0143847 -0.714637
FixedParameters: 0 0 0

#Transform 85
Transform: AffineTransform_float_3_3
Parameters: 0.999989 0.00361161 -0.0031685 -0.0036153 0.999993 -0.000968877 0.00316474 0.00098112 0.999995 -0.173439 0.0301284 -0.736845
FixedParameters: 0 0 0

#Transform 86
Transform: AffineTransform_float_3_3
Parameters: 0.999988 0.00355594 -0.00329574 -0.00356207 0.999992 -0.00181845 0.00328894 0.00183055 0.999993 -0.164346 0.0141282 -0.808946
FixedParameters: 0 0 0

#Transform 87
Transform: AffineTransform_float_3_3
Parameters: 0.99999 0.00320249 -0.00314398 -0.00320712 0.999994 -0.00160738 0.00313892 0.00161762 0.999994 -0.159803 0.0259169 -0.719758
FixedParameters: 0 0 0

#Transform 88
Transform: AffineTransform_float_3_3
Parameters: 0.999988 0.00350754 -0.00341004 -0.00351278 0.999993 -0.00162706 0.00340477 0.00163895 0.999993 -0.143477 0.0158748 -0.798802
FixedParameters: 0 0 0

#Transform 89
Transform: AffineTransform_float_3_3
Parameters: 0.999989 0.00342342 -0.00323248 -0.00342538 0.999994 -0.000419947 0.00323141 0.000430051 0.999995 -0.161002 0.0261762 -0.730868
FixedParameters: 0 0 0

#Transform 90
Transform: AffineTransform_float_3_3
Parameters: 0.99999 0.00305454 -0.00342098 -0.00305854 0.999995 -0.00132569 0.0034172 0.00133531 0.999994 -0.178007 0.0334384 -0.645075
FixedParameters: 0 0 0

#Transform 91
Transform: AffineTransform_float_3_3
Parameters: 0.999988 0.00355306 -0.00329884 -0.00356246 0.99999 -0.00269229 0.00328913 0.0027037 0.999991 -0.150601 -0.00144283 -0.779149
FixedParameters: 0 0 0

#Transform 92
Transform: AffineTransform_float_3_3
Parameters: 0.999987 0.00342316 -0.00361334 -0.00342513 0.999994 -0.000555493 0.00361187 0.000567507 0.999993 -0.188038 0.0598245 -0.697866
FixedParameters: 0 0 0

#Transform 93
Transform: AffineTransform_float_3_3
Parameters: 0.999985 0.0038138 -0.00378406 -0.00381903 0.999992 -0.00141079 0.00377851 0.00142621 0.999991 -0.183695 0.0357384 -0.815198
FixedParameters: 0 0 0

#Transform 94
Transform: AffineTransform_float_3_3
Parameters: 0.999988 0.00365749 -0.00333289 -0.00365946 0.999993 -0.000602979 0.0033308 0.000616021 0.999994 -0.192974 0.041591 -0.736841
FixedParameters: 0 0 0

#Transform 95
Transform: AffineTransform_float_3_3
Parameters: 0.999988 0.00357773 -0.00330962 -0.0035875 0.99999 -0.00273833 0.00329944 0.00275067 0.99999 -0.177316 -0.00678209 -0.859558
FixedParameters: 0 0 0

#Transform 96
Transform: AffineTransform_float_3_3
Parameters: 0.999986 0.00363438 -0.0039102 -0.00364086 0.999992 -0.0016935 0.00390362 0.0017085 0.999991 -0.181489 0.0368835 -0.779414
FixedParameters: 0 0 0

#Transform 97
Transform: AffineTransform_float_3_3
Parameters: 0.999989 0.00339517 -0.00342496 -0.00339941 0.999993 -0.00135903 0.00342004 0.00137097 0.999994 -0.186269 0.0648351 -0.668029
FixedParameters: 0 0 0

#Transform 98
Transform: AffineTransform_float_3_3
Parameters: 0.999987 0.00345881 -0.00375206 -0.00346815 0.999991 -0.00242688 0.00374337 0.00244012 0.99999 -0.15292 0.0341023 -0.83519
FixedParameters: 0 0 0

#Transform 99
Transform: AffineTransform_float_3_3
Parameters: 0.999988 0.00346535 -0.00362929 -0.00347494 0.999991 -0.00254328 0.00361977 0.00255571 0.99999 -0.18719 0.0329331 -0.786752
FixedParameters: 0 0 0

#Transform 100
Transform: AffineTransform_float_3_3
Parameters: 0.999988 0.00348995 -0.00327299 -0.00349542 0.999992 -0.00159023 0.00326842 0.00160177 0.999994 -0.197535 0.038453 -0.711687
FixedParameters: 0 0 0

#Transform 101
Transform: AffineTransform_float_3_3
Parameters: 0.999986 0.00385166 -0.00376326 -0.00386034 0.999989 -0.00261009 0.00375361 0.00262491 0.999989 -0.176532 0.0277228 -0.832228
FixedParameters: 0 0 0

#Transform 102
Transform: AffineTransform_float_3_3
Parameters: 0.999988 0.00352074 -0.00355043 -0.00352813 0.999992 -0.00205136 0.00354265 0.00206364 0.999992 -0.190927 0.0497271 -0.74668
FixedParameters: 0 0 0

#Transform 103
Transform: AffineTransform_float_3_3
Parameters: 0.999988 0.00366907 -0.00319632 -0.00368077 0.999986 -0.00379681 0.00318259 0.00380819 0.999987 -0.192625 0.0255697 -0.812557
FixedParameters: 0 0 0

#Transform 104
Transform: AffineTransform_float_3_3
Parameters: 0.999986 0.00364135 -0.00381871 -0.00365438 0.999987 -0.0033668 0.00380609 0.00338119 0.999987 -0.183737 0.0259773 -0.847924
FixedParameters: 0 0 0

#Transform 105
Transform: AffineTransform_float_3_3
Parameters: 0.999988 0.00367011 -0.00319512 -0.00368143 0.999987 -0.00347081 0.00318234 0.00348219 0.999989 -0.199763 0.0525795 -0.760291
FixedParameters: 0 0 0

#Transform 106
Transform: AffineTransform_float_3_3
Parameters: 0.999989 0.00373185 -0.00304703 -0.00374616 0.999982 -0.00467332 0.00302995 0.00468468 0.999985 -0.191896 0.0597997 -0.847962
FixedParameters: 0 0 0

#Transform 107
Transform: AffineTransform_float_3_3
Parameters: 0.999988 0.00367177 -0.00319088 -0.00368329 0.999987 -0.00356846 0.00317829 0.00358054 0.999989 -0.19904 0.0380835 -0.845871
FixedParameters: 0 0 0

#Transform 108
Transform: AffineTransform_float_3_3
Parameters: 0.999988 0.00382573 -0.00283359 -0.00383399 0.999989 -0.00291 0.00282297 0.002921 0.999992 -0.2202 0.0465047 -0.740741
FixedParameters: 0 0 0

#Transform 109
Transform: AffineTransform_float_3_3
Parameters: 0.999988 0.00359156 -0.0033792 -0.00360238 0.999988 -0.00328488 0.00336699 0.00329712 0.999989 -0.177062 0.0359638 -0.888107
FixedParameters: 0 0 0

#Transform 110
Transform: AffineTransform_float_3_3
Parameters: 0.999989 0.00339107 -0.00320716 -0.00340407 0.999986 -0.00392593 0.00319375 0.00393706 0.999987 -0.174351 0.0324135 -0.866908
FixedParameters: 0 0 0

#Transform 111
Transform: AffineTransform_float_3_3
Parameters: 0.99999 0.00344564 -0.00279094 -0.00345627 0.999986 -0.00392386 0.00277752 0.00393313 0.999988 -0.192666 0.0359213 -0.784475
FixedParameters: 0 0 0

#Transform 112
Transform: AffineTransform_float_3_3
Parameters: 0.999987 0.00355915 -0.0034506 -0.00357317 0.999985 -0.00423374 0.00343564 0.00424627 0.999985 -0.170797 -0.0072632 -0.960399
FixedParameters: 0 0 0

#Transform 113
Transform: AffineTransform_float_3_3
Parameters: 0.999989 0.00374105 -0.00302964 -0.00375077 0.999987 -0.00346236 0.00301736 0.00347365 0.99999 -0.198582 0.0133652 -0.799842
FixedParameters: 0 0 0

#Transform 114
Transform: AffineTransform_float_3_3
Parameters: 0.999989 0.00375817 -0.00298946 -0.00376803 0.999987 -0.00353246 0.00297653 0.00354355 0.999989 -0.183254 0.0223804 -0.881069
FixedParameters: 0 0 0

#Transform 115
Transform: AffineTransform_float_3_3
Parameters: 0.999988 0.00372979 -0.00324697 -0.0037403 0.999988 -0.00329027 0.00323512 0.00330173 0.99999 -0.191982 0.0237141 -0.877467
FixedParameters: 0 0 0

#Transform 116
Transform: AffineTransform_float_3_3
Parameters: 0.999988 0.003728 -0.00331563 -0.00374019 0.999986 -0.00367417 0.00330145 0.00368682 0.999988 -0.182989 0.00673298 -0.951074
FixedParameters: 0 0 0

#Transform 117
Transform: AffineTransform_float_3_3
Parameters: 0.999989 0.00355385 -0.00308606 -0.00356583 0.999985 -0.00404221 0.00307239 0.00405279 0.999987 -0.191691 0.0380238 -0.844728
FixedParameters: 0 0 0

#Transform 118
Transform: AffineTransform_float_3_3
Parameters: 0.999989 0.00365416 -0.00297841 -0.00366503 0.999987 -0.00349359 0.00296596 0.0035054 0.999989 -0.192834 0.0134436 -0.863189
FixedParameters: 0 0 0

#Transform 119
Transform: AffineTransform_float_3_3
Parameters: 0.999987 0.00359239 -0.00356514 -0.00360625 0.999986 -0.00383505 0.00355132 0.00384794 0.999986 -0.169388 -0.0046142 -0.923206
FixedParameters: 0 0 0

#Transform 120
Transform: AffineTransform_float_3_3
Parameters: 0.999989 0.0034339 -0.00321722 -0.00344418 0.99999 -0.00310212 0.00320586 0.00311287 0.99999 -0.190275 0.0451485 -0.755813
FixedParameters: 0 0 0

#Transform 121
Transform: AffineTransform_float_3_3
Parameters: 0.999989 0.00349153 -0.00308045 -0.00350338 0.999988 -0.00368757 0.0030674 0.00369843 0.999988 -0.188834 0.0132252 -0.872616
FixedParameters: 0 0 0

#Transform 122
Transform: AffineTransform_float_3_3
Parameters: 0.999988 0.00353858 -0.0033792 -0.00355136 0.999987 -0.00369206 0.00336629 0.00370394 0.999987 -0.186246 -0.00791941 -0.935795
FixedParameters: 0 0 0

#Transform 123
Transform: AffineTransform_float_3_3
Parameters: 0.999989 0.00346216 -0.00315014 -0.00347296 0.999988 -0.0033749 0.00313855 0.00338609 0.999989 -0.191163 0.0301279 -0.830086
FixedParameters: 0 0 0

#Transform 124
Transform: AffineTransform_float_3_3
Parameters: 0.999987 0.00367107 -0.00347302 -0.00368294 0.999988 -0.00327047 0.0034617 0.00328253 0.999989 -0.177552 0.0439816 -0.913634
FixedParameters: 0 0 0

#Transform 125
Transform: AffineTransform_float_3_3
Parameters: 0.999988 0.00343546 -0.0036217 -0.00344399 0.999991 -0.00227491 0.00361457 0.0022871 0.999992 -0.197642 0.0738393 -0.80578
FixedParameters: 0 0 0

#Transform 126
Transform: AffineTransform_float_3_3
Parameters: 0.999986 0.00402073 -0.00338549 -0.00402951 0.999988 -0.00264613 0.00337546 0.00265987 0.999991 -0.205494 0.0677809 -0.804722
FixedParameters: 0 0 0

#Transform 127
Transform: AffineTransform_float_3_3
Parameters: 0.999989 0.00357426 -0.00320108 -0.00358574 0.999986 -0.00396173 0.00318742 0.00397327 0.999987 -0.191813 0.025745 -0.935696
FixedParameters: 0 0 0

#Transform 128
Transform: AffineTransform_float_3_3
Parameters: 0.999988 0.00365741 -0.0032289 -0.0036655 0.999991 -0.00240272 0.00322114 0.00241428 0.999992 -0.215047 0.0664738 -0.774332
FixedParameters: 0 0 0

#Transform 129
Transform: AffineTransform_float_3_3
Parameters: 0.999988 0.00365593 -0.00323057 -0.00366528 0.999989 -0.00286072 0.00322091 0.00287228 0.99999 -0.205691 0.0467001 -0.865734
FixedParameters: 0 0 0

#Transform 130
Transform: AffineTransform_float_3_3
Parameters: 0.999988 0.00365637 -0.00323008 -0.00366523 0.999989 -0.00272536 0.00322048 0.00273764 0.999991 -0.213855 0.040519 -0.827481
FixedParameters: 0 0 0

#Transform 131
Transform: AffineTransform_float_3_3
Parameters: 0.999988 0.00365656 -0.00322986 -0.00366503 0.99999 -0.00266436 0.00322071 0.00267664 0.999991 -0.205725 0.0524318 -0.846619
FixedParameters: 0 0 0

#Transform 132
Transform: AffineTransform_float_3_3
Parameters: 0.999988 0.00371102 -0.00325426 -0.00372064 0.999988 -0.0028823 0.00324412 0.0028937 0.999991 -0.204104 0.0334861 -0.827635
FixedParameters: 0 0 0

#Transform 133
Transform: AffineTransform_float_3_3
Parameters: 0.999988 0.00377631 -0.00328508 -0.00378766 0.999987 -0.00344013 0.00327271 0.00345287 0.999988 -0.206722 0.045563 -0.820406
FixedParameters: 0 0 0

#Transform 134
Transform: AffineTransform_float_3_3
Parameters: 0.999988 0.0036421 -0.00349211 -0.00365674 0.999986 -0.0038955 0.00347786 0.00390749 0.999986 -0.183468 0.0348936 -0.928272
FixedParameters: 0 0 0

#Transform 135
Transform: AffineTransform_float_3_3
Parameters: 0.999988 0.00349146 -0.00342915 -0.0035018 0.99999 -0.00291804 0.00341871 0.00292996 0.99999 -0.191966 0.0635287 -0.755248
FixedParameters: 0 0 0

#Transform 136
Transform: AffineTransform_float_3_3
Parameters: 0.999989 0.00343558 -0.00314284 -0.0034492 0.999986 -0.00422953 0.00312882 0.00424047 0.999986 -0.189361 0.0224568 -0.894351
FixedParameters: 0 0 0

#Transform 137
Transform: AffineTransform_float_3_3
Parameters: 0.999987 0.00388351 -0.00333156 -0.00389454 0.999986 -0.00354096 0.00331819 0.00355404 0.999988 -0.190703 0.0203432 -0.932489
FixedParameters: 0 0 0

#Transform 138
Transform: AffineTransform_float_3_3
Parameters: 0.999987 0.00374542 -0.00326982 -0.00375489 0.999989 -0.00304729 0.00325877 0.00305972 0.99999 -0.218847 0.0461721 -0.876789
FixedParameters: 0 0 0

#Transform 139
Transform: AffineTransform_float_3_3
Parameters: 0.999986 0.00382814 -0.00365251 -0.00383817 0.999989 -0.0026946 0.00364182 0.0027084 0.999989 -0.217025 0.0676582 -0.895471
FixedParameters: 0 0 0

#Transform 140
Transform: AffineTransform_float_3_3
Parameters: 0.999986 0.00395246 -0.00335962 -0.00396314 0.999987 -0.00326347 0.00334743 0.00327654 0.99999 -0.203578 0.0445848 -0.967804
FixedParameters: 0 0 0

#Transform 141
Transform: AffineTransform_float_3_3
Parameters: 0.999988 0.00340548 -0.00350431 -0.00342034 0.999985 -0.00423257 0.00348975 0.00424443 0.999985 -0.198226 0.0369007 -0.915558
FixedParameters: 0 0 0

#Transform 142
Transform: AffineTransform_float_3_3
Parameters: 0.999988 0.00367748 -0.00323917 -0.00368554 0.99999 -0.00273662 0.00322899 0.00274838 0.999991 -0.218119 0.0637117 -0.751882
FixedParameters: 0 0 0

#Transform 143
Transform: AffineTransform_float_3_3
Parameters: 0.999988 0.00371433 -0.00326058 -0.00372643 0.999985 -0.00384206 0.00324709 0.00385494 0.999987 -0.201767 0.0192925 -0.93516
FixedParameters: 0 0 0

#Transform 144
Transform: AffineTransform_float_3_3
Parameters: 0.999988 0.00368781 -0.00324468 -0.0036969 0.999989 -0.00295121 0.00323377 0.00296379 0.999991 -0.211409 0.0377252 -0.85413
FixedParameters: 0 0 0

#Transform 145
Transform: AffineTransform_float_3_3
Parameters: 0.999988 0.00380085 -0.00288361 -0.00381036 0.999987 -0.00307772 0.00287186 0.00308827 0.999991 -0.212791 0.0673967 -0.848639
FixedParameters: 0 0 0

#Transform 146
Transform: AffineTransform_float_3_3
Parameters: 0.999989 0.00360293 -0.00321168 -0.00361493 0.999987 -0.0036196 0.0031992 0.0036314 0.999988 -0.195467 0.0352462 -0.928354
FixedParameters: 0 0 0

#Transform 147
Transform: AffineTransform_float_3_3
Parameters: 0.999989 0.00344314 -0.00313876 -0.00345173 0.99999 -0.002701 0.00312958 0.002712 0.999992 -0.202605 0.0757581 -0.760444
FixedParameters: 0 0 0

#Transform 148
Transform: AffineTransform_float_3_3
Parameters: 0.999988 0.00365815 -0.00323237 -0.00366727 0.999988 -0.0030282 0.003222 0.00303981 0.999991 -0.189398 0.0464202 -0.909728
FixedParameters: 0 0 0

#Transform 149
Transform: AffineTransform_float_3_3
Parameters: 0.999988 0.00367623 -0.0032449 -0.00368905 0.999986 -0.0039746 0.00323073 0.0039864 0.999987 -0.179332 0.0457972 -0.959429
FixedParameters: 0 0 0

#Transform 150
Transform: AffineTransform_float_3_3
Parameters: 0.999988 0.00367928 -0.00324143 -0.00368847 0.999988 -0.00303025 0.00323091 0.00304275 0.99999 -0.201972 0.0549615 -0.871684
FixedParameters: 0 0 0

#Transform 151
Transform: AffineTransform_float_3_3
Parameters: 0.999988 0.00357507 -0.00348189 -0.00358767 0.999987 -0.00368978 0.00346833 0.00370122 0.999987 -0.182242 0.0530737 -0.953949
FixedParameters: 0 0 0

#Transform 152
Transform: AffineTransform_float_3_3
Parameters: 0.999988 0.00368028 -0.0032403 -0.00368918 0.99999 -0.00272345 0.00323059 0.00273455 0.999991 -0.20161 0.0799111 -0.823638
FixedParameters: 0 0 0

#Transform 153
Transform: AffineTransform_float_3_3
Parameters: 0.999989 0.00377669 -0.00301282 -0.00378604 0.999987 -0.00335531 0.00300018 0.00336669 0.999989 -0.184605 0.0694754 -0.93033
FixedParameters: 0 0 0

#Transform 154
Transform: AffineTransform_float_3_3
Parameters: 0.999988 0.00367809 -0.00324279 -0.00368928 0.999987 -0.00339945 0.00323047 0.00341055 0.999989 -0.200672 0.0636943 -0.903087
FixedParameters: 0 0 0

#Transform 155
Transform: AffineTransform_float_3_3
Parameters: 0.999988 0.00371756 -0.00315031 -0.00372834 0.999987 -0.00349682 0.00313793 0.00350818 0.999989 -0.20054 0.0721996 -0.86088
FixedParameters: 0 0 0

#Transform 156
Transform: AffineTransform_float_3_3
Parameters: 0.999988 0.00367847 -0.00324235 -0.0036889 0.999988 -0.00328225 0.0032309 0.00329476 0.99999 -0.191132 0.0780637 -0.912062
FixedParameters: 0 0 0

#Transform 157
Transform: AffineTransform_float_3_3
Parameters: 0.999989 0.00378852 -0.0029886 -0.00379521 0.99999 -0.00229872 0.00298008 0.00230928 0.999993 -0.207672 0.0949412 -0.779366
FixedParameters: 0 0 0

#Transform 158
Transform: AffineTransform_float_3_3
Parameters: 0.999988 0.00368001 -0.00324061 -0.00368814 0.999989 -0.00280761 0.00323081 0.00281939 0.999991 -0.174668 0.0677172 -0.922563
FixedParameters: 0 0 0

#Transform 159
Transform: AffineTransform_float_3_3
Parameters: 0.999989 0.00347859 -0.00314891 -0.0034832 0.999993 -0.00166201 0.00314349 0.00167399 0.999994 -0.199248 0.0907336 -0.825274
FixedParameters: 0 0 0

#Transform 160
Transform: AffineTransform_float_3_3
Parameters: 0.999988 0.00368086 -0.00323964 -0.00368899 0.99999 -0.00254561 0.00323032 0.00255739 0.999991 -0.184737 0.0648689 -0.941128
FixedParameters: 0 0 0

#Transform 161
Transform: AffineTransform_float_3_3
Parameters: 0.99999 0.00354337 -0.00270093 -0.00355147 0.99999 -0.00270706 0.00269195 0.00271694 0.999992 -0.192413 0.0851298 -0.786844
FixedParameters: 0 0 0

#Transform 162
Transform: AffineTransform_float_3_3
Parameters: 0.999989 0.00351562 -0.00316716 -0.00352178 0.999991 -0.00216668 0.00315952 0.00217832 0.999993 -0.192267 0.0747781 -0.846234
FixedParameters: 0 0 0

#Transform 163
Transform: AffineTransform_float_3_3
Parameters: 0.999988 0.00368342 -0.00323673 -0.00368852 0.999991 -0.0017541 0.00323087 0.00176591 0.999994 -0.192228 0.0842382 -0.852135
FixedParameters: 0 0 0

#Transform 164
Transform: AffineTransform_float_3_3
Parameters: 0.999991 0.00347918 -0.00247826 -0.00348203 0.999993 -0.00115265 0.00247442 0.00116135 0.999996 -0.191039 0.102692 -0.695805
FixedParameters: 0 0 0

#Transform 165
Transform: AffineTransform_float_3_3
Parameters: 0.999988 0.00353518 -0.00317656 -0.00354326 0.999991 -0.00237994 0.00316862 0.00239106 0.999992 -0.170154 0.084212 -0.879334
FixedParameters: 0 0 0

#Transform 166
Transform: AffineTransform_float_3_3
Parameters: 0.999991 0.00337713 -0.00283075 -0.00337985 0.999993 -0.000984402 0.00282828 0.000993598 0.999995 -0.175996 0.0891929 -0.826472
FixedParameters: 0 0 0

#Transform 167
Transform: AffineTransform_float_3_3
Parameters: 0.999989 0.00348721 -0.00315348 -0.0034926 0.999993 -0.00184618 0.00314767 0.00185683 0.999994 -0.172838 0.0623575 -0.91827
FixedParameters: 0 0 0

#Transform 168
Transform: AffineTransform_float_3_3
Parameters: 0.999991 0.00336738 -0.00260392 -0.00337188 0.999993 -0.0017405 0.00259783 0.0017495 0.999995 -0.183361 0.0877772 -0.799474
FixedParameters: 0 0 0

#Transform 169
Transform: AffineTransform_float_3_3
Parameters: 0.99999 0.00348379 -0.00256105 -0.00348771 0.999993 -0.00147535 0.00255678 0.00148465 0.999996 -0.186635 0.099053 -0.789479
FixedParameters: 0 0 0

#Transform 170
Transform: AffineTransform_float_3_3
Parameters: 0.999989 0.003516 -0.00316534 -0.0035222 0.999993 -0.00176004 0.0031595 0.00177096 0.999994 -0.169874 0.0683842 -0.958499
FixedParameters: 0 0 0

#Transform 171
Transform: AffineTransform_float_3_3
Parameters: 0.99999 0.00326492 -0.00305406 -0.00326763 0.999994 -0.000845836 0.0030518 0.000855162 0.999995 -0.182596 0.0843165 -0.822573
FixedParameters: 0 0 0

#Transform 172
Transform: AffineTransform_float_3_3
Parameters: 0.999989 0.00351534 -0.00316607 -0.00352154 0.999992 -0.00196704 0.0031593 0.00197796 0.999993 -0.156364 0.0674269 -0.922115
FixedParameters: 0 0 0

#Transform 173
Transform: AffineTransform_float_3_3
Parameters: 0.999989 0.00351845 -0.0031626 -0.00352182 0.999993 -0.000981681 0.00315986 0.000993319 0.999995 -0.180903 0.0925151 -0.787013
FixedParameters: 0 0 0

#Transform 174
Transform: AffineTransform_float_3_3
Parameters: 0.999989 0.00354649 -0.00309184 -0.00355408 0.999992 -0.00230236 0.00308348 0.00231364 0.999993 -0.156829 0.0652674 -0.90332
FixedParameters: 0 0 0

#Transform 175
Transform: AffineTransform_float_3_3
Parameters: 0.99999 0.00323453 -0.00287454 -0.00324214 0.999992 -0.00248182 0.00286647 0.00249118 0.999993 -0.165876 0.0752017 -0.821467
FixedParameters: 0 0 0

#Transform 176
Transform: AffineTransform_float_3_3
Parameters: 0.999991 0.00324693 -0.00298649 -0.00325101 0.999994 -0.00153527 0.00298083 0.00154473 0.999994 -0.176273 0.0918484 -0.816538
FixedParameters: 0 0 0

#Transform 177
Transform: AffineTransform_float_3_3
Parameters: 0.999989 0.00354775 -0.00306088 -0.00355485 0.999991 -0.00231047 0.00305338 0.00232154 0.999993 -0.173882 0.0708944 -0.897528
FixedParameters: 0 0 0

#Transform 178
Transform: AffineTransform_float_3_3
Parameters: 0.99999 0.00329448 -0.00287122 -0.00329759 0.999994 -0.0011293 0.00286664 0.0011397 0.999995 -0.181653 0.107472 -0.728144
FixedParameters: 0 0 0

#Transform 179
Transform: AffineTransform_float_3_3
Parameters: 0.999988 0.00344268 -0.00350383 -0.00344817 0.999993 -0.0015638 0.00349828 0.0015752 0.999993 -0.164803 0.0902406 -0.904153
FixedParameters: 0 0 0
