#Insight Transform File V1.0
#Transform 0
Transform: AffineTransform_float_3_3
Parameters: 1 1.87134e-05 -0.00039807 -1.92364e-05 1 -0.000656992 0.000398045 0.000657007 0.999999 -0.0800666 0.120791 0.398125
FixedParameters: 0 0 0

#Transform 1
Transform: AffineTransform_float_3_3
Parameters: 1 0.000175101 0.000611215 -0.000175324 1 -0.000571107 -0.000611025 0.000570893 0.999999 -0.0303301 0.0362827 -0.00798032
FixedParameters: 0 0 0

#Transform 2
Transform: AffineTransform_float_3_3
Parameters: 1 -5.17998e-05 1.87292e-05 5.18001e-05 1 -9.99904e-06 -1.87282e-05 1.0001e-05 1 -0.00144766 0.0480231 -0.0213553
FixedParameters: 0 0 0

#Transform 3
Transform: AffineTransform_float_3_3
Parameters: 1 0.000118248 0.000628817 -0.000118869 1 -0.000238075 -0.000628483 0.000237926 1 -0.042317 0.0661749 -0.0355301
FixedParameters: 0 0 0

#Transform 4
Transform: AffineTransform_float_3_3
Parameters: 0.999999 0.000459884 0.00133657 -0.000459718 1 -6.22548e-05 -0.00133662 6.1745e-05 0.999999 -0.103266 0.0703687 -0.0255175
FixedParameters: 0 0 0

#Transform 5
Transform: AffineTransform_float_3_3
Parameters: 0.999999 0.0003603 0.00179918 -0.000360974 1 0.000187223 -0.00179904 -0.000187777 0.999999 -0.126661 0.05104 -0.00873386
FixedParameters: 0 0 0

#Transform 6
Transform: AffineTransform_float_3_3
Parameters: 0.999998 0.000392662 0.00160962 -0.000391639 1 -0.000318271 -0.00160986 0.000317728 0.999998 -0.139369 0.0563941 0.0131472
FixedParameters: 0 0 0

#Transform 7
Transform: AffineTransform_float_3_3
Parameters: 0.999998 0.000636807 0.00198712 -0.00063728 1 0.000118453 -0.00198697 -0.000119546 0.999998 -0.135861 0.0691166 -0.0102358
FixedParameters: 0 0 0

#Transform 8
Transform: AffineTransform_float_3_3
Parameters: 0.999999 0.000467789 0.00122564 -0.00046834 1 0.000224786 -0.00122543 -0.000225214 0.999999 -0.120845 0.0890667 -0.0524355
FixedParameters: 0 0 0

#Transform 9
Transform: AffineTransform_float_3_3
Parameters: 0.999998 0.000274744 0.00201472 -0.000274466 1 0.000159319 -0.00201503 -0.000159682 0.999998 -0.13379 0.0878445 -0.00884217
FixedParameters: 0 0 0

#Transform 10
Transform: AffineTransform_float_3_3
Parameters: 0.999999 -0.000180147 0.00150559 0.000181272 1 -0.000679576 -0.00150495 0.000679425 0.999999 -0.0582318 0.0642379 0.0327847
FixedParameters: 0 0 0

#Transform 11
Transform: AffineTransform_float_3_3
Parameters: 0.999994 -0.000169254 0.00364667 0.0001709 1 -0.000405177 -0.00364706 0.000405822 0.999993 -0.14871 0.065442 0.0936255
FixedParameters: 0 0 0

#Transform 12
Transform: AffineTransform_float_3_3
Parameters: 0.999999 0.000310389 0.00150009 -0.000310144 1 -0.000388953 -0.00149994 0.000388047 0.999999 -0.135246 0.0466692 0.0049986
FixedParameters: 0 0 0

#Transform 13
Transform: AffineTransform_float_3_3
Parameters: 0.999997 0.000483202 0.0024697 -0.000481594 1 -0.000325959 -0.00247001 0.000325039 0.999997 -0.176406 0.0706848 0.0375086
FixedParameters: 0 0 0

#Transform 14
Transform: AffineTransform_float_3_3
Parameters: 0.999998 -9.15834e-05 0.00201337 9.03171e-05 1 0.000542848 -0.00201385 -0.000543152 0.999998 -0.0787584 0.0705106 0.0166994
FixedParameters: 0 0 0

#Transform 15
Transform: AffineTransform_float_3_3
Parameters: 0.999999 0.000215997 0.00150394 -0.00021674 1 0.000553034 -0.0015041 -0.000552966 0.999998 -0.161157 0.102785 -0.0414127
FixedParameters: 0 0 0

#Transform 16
Transform: AffineTransform_float_3_3
Parameters: 0.999999 0.000411725 0.00172509 -0.000412878 1 0.000601008 -0.00172498 -0.000600992 0.999998 -0.156333 0.105252 -0.0238694
FixedParameters: 0 0 0

#Transform 17
Transform: AffineTransform_float_3_3
Parameters: 0.999997 0.000557804 0.00209881 -0.00055807 1 0.000281701 -0.00209888 -0.000283299 0.999998 -0.171833 0.0989114 -0.0113065
FixedParameters: 0 0 0

#Transform 18
Transform: AffineTransform_float_3_3
Parameters: 1 0.000124827 0.00116668 -0.000125892 0.999999 0.000851213 -0.00116686 -0.000850786 0.999999 -0.0912648 0.122188 -0.0675838
FixedParameters: 0 0 0

#Transform 19
Transform: AffineTransform_float_3_3
Parameters: 0.999998 -0.000319079 0.00157651 0.000318318 0.999999 0.000533167 -0.00157725 -0.000532832 0.999999 -0.137236 0.114065 -0.0313889
FixedParameters: 0 0 0

#Transform 20
Transform: AffineTransform_float_3_3
Parameters: 1 0.000618211 0.000957586 -0.000618369 1 8.17677e-05 -0.000957484 -8.22324e-05 1 -0.161355 0.109418 -0.0456789
FixedParameters: 0 0 0

#Transform 21
Transform: AffineTransform_float_3_3
Parameters: 1 0.000623449 0.000955428 -0.000624177 1 0.000380764 -0.000954953 -0.000381236 1 -0.104473 0.155637 -0.155723
FixedParameters: 0 0 0

#Transform 22
Transform: AffineTransform_float_3_3
Parameters: 0.999999 0.000962225 0.000811797 -0.000961971 0.999999 0.000410579 -0.000811397 -0.000411422 1 -0.193709 0.137508 -0.0993845
FixedParameters: 0 0 0

#Transform 23
Transform: AffineTransform_float_3_3
Parameters: 1 0.00110698 0.000274902 -0.00110641 0.999999 0.000635337 -0.000273885 -0.000636663 1 -0.159681 0.158339 -0.105619
FixedParameters: 0 0 0

#Transform 24
Transform: AffineTransform_float_3_3
Parameters: 0.999999 0.000644332 0.000307879 -0.000644547 0.999999 0.000349802 -0.000307428 -0.000350198 1 -0.155216 0.131492 -0.0750527
FixedParameters: 0 0 0

#Transform 25
Transform: AffineTransform_float_3_3
Parameters: 0.999999 0.000765903 0.000312808 -0.000766122 0.999999 0.00034976 -0.000312272 -0.000350239 1 -0.186912 0.118162 -0.052089
FixedParameters: 0 0 0

#Transform 26
Transform: AffineTransform_float_3_3
Parameters: 1 0.000556212 0.000276817 -0.000556406 1 0.000349846 -0.000276428 -0.000350154 1 -0.151594 0.13881 -0.0780822
FixedParameters: 0 0 0

#Transform 27
Transform: AffineTransform_float_3_3
Parameters: 1 0.000217054 0.00041411 -0.000217066 1 1.39101e-05 -0.000414104 -1.40899e-05 1 -0.138227 0.151523 -0.0828336
FixedParameters: 0 0 0

#Transform 28
Transform: AffineTransform_float_3_3
Parameters: 1 -0.000378914 0.00048677 0.000378951 1 -3.78156e-05 -0.000486741 3.81845e-05 1 -0.0657355 0.157425 -0.085918
FixedParameters: 0 0 0

#Transform 29
Transform: AffineTransform_float_3_3
Parameters: 0.999998 0.00165356 0.00123693 -0.00165338 0.999999 0.000671011 -0.00123549 -0.000672991 0.999999 -0.27475 0.135209 -0.0527016
FixedParameters: 0 0 0

#Transform 30
Transform: AffineTransform_float_3_3
Parameters: 0.999999 0.000707435 0.000517827 -0.000707618 0.999999 0.000176634 -0.000517576 -0.000177366 1 -0.171865 0.149829 -0.0765881
FixedParameters: 0 0 0

#Transform 31
Transform: AffineTransform_float_3_3
Parameters: 0.999998 0.00176236 0.000759039 -0.0017631 0.999999 0.000231357 -0.000759142 -0.000232644 1 -0.266745 0.143223 -0.0601403
FixedParameters: 0 0 0

#Transform 32
Transform: AffineTransform_float_3_3
Parameters: 0.999999 0.00139351 0.000209023 -0.00139348 0.999999 -8.68034e-05 -0.000209264 8.61959e-05 1 -0.196395 0.158292 -0.0684093
FixedParameters: 0 0 0

#Transform 33
Transform: AffineTransform_float_3_3
Parameters: 0.999999 0.00113301 0.000587516 -0.00113322 1 0.000630183 -0.000587398 -0.000630819 1 -0.214924 0.171821 -0.0769208
FixedParameters: 0 0 0

#Transform 34
Transform: AffineTransform_float_3_3
Parameters: 1 0.00102246 0.000113963 -0.00102292 0.999996 0.00268573 -0.000110702 -0.00268527 0.999996 -0.159108 0.206793 -0.265856
FixedParameters: 0 0 0

#Transform 35
Transform: AffineTransform_float_3_3
Parameters: 0.999998 0.00224714 -0.00040237 -0.00224612 0.999994 0.00253568 0.000408769 -0.00253532 0.999997 -0.218599 0.186672 -0.212382
FixedParameters: 0 0 0

#Transform 36
Transform: AffineTransform_float_3_3
Parameters: 0.999999 0.00161411 -0.000753344 -0.00161209 0.999995 0.00237601 0.000757326 -0.00237499 0.999997 -0.150312 0.201696 -0.218644
FixedParameters: 0 0 0

#Transform 37
Transform: AffineTransform_float_3_3
Parameters: 0.999998 0.0021595 -0.000610599 -0.00215754 0.999995 0.00212224 0.000615687 -0.00212176 0.999998 -0.20872 0.168702 -0.121126
FixedParameters: 0 0 0

#Transform 38
Transform: AffineTransform_float_3_3
Parameters: 0.999998 0.00175686 -0.000980956 -0.00175441 0.999996 0.00224365 0.000984229 -0.00224235 0.999996 -0.155465 0.18884 -0.189155
FixedParameters: 0 0 0

#Transform 39
Transform: AffineTransform_float_3_3
Parameters: 0.999999 0.00178147 -0.000284205 -0.00178065 0.999995 0.00254864 0.000289211 -0.00254836 0.999996 -0.191316 0.178343 -0.156767
FixedParameters: 0 0 0

#Transform 40
Transform: AffineTransform_float_3_3
Parameters: 0.999999 0.0011457 -0.000466674 -0.00114491 0.999998 0.00168718 0.000468698 -0.00168682 0.999998 -0.149625 0.173897 -0.150466
FixedParameters: 0 0 0

#Transform 41
Transform: AffineTransform_float_3_3
Parameters: 1 0.00109314 -0.000362244 -0.00109262 0.999996 0.0023334 0.000364582 -0.0023326 0.999997 -0.17216 0.185243 -0.119611
FixedParameters: 0 0 0

#Transform 42
Transform: AffineTransform_float_3_3
Parameters: 0.999999 0.00120201 -0.000407687 -0.00120099 0.999995 0.00267449 0.000411351 -0.00267351 0.999997 -0.186076 0.192823 -0.13796
FixedParameters: 0 0 0

#Transform 43
Transform: AffineTransform_float_3_3
Parameters: 0.999999 0.00130432 -0.000450725 -0.0013025 0.999996 0.00272023 0.000453743 -0.00271977 0.999997 -0.199652 0.199456 -0.165147
FixedParameters: 0 0 0

#Transform 44
Transform: AffineTransform_float_3_3
Parameters: 0.999999 0.00169238 -0.000613962 -0.00169083 0.999995 0.00284232 0.000618975 -0.00284168 0.999996 -0.235184 0.179361 -0.13204
FixedParameters: 0 0 0

#Transform 45
Transform: AffineTransform_float_3_3
Parameters: 0.999999 0.0013474 -0.000698621 -0.00134583 0.999997 0.00224022 0.000700971 -0.00223978 0.999997 -0.203508 0.182939 -0.109027
FixedParameters: 0 0 0

#Transform 46
Transform: AffineTransform_float_3_3
Parameters: 0.999999 0.00172863 -0.000528085 -0.00172803 0.999996 0.0024062 0.000531799 -0.00240581 0.999997 -0.248513 0.174219 -0.0669765
FixedParameters: 0 0 0

#Transform 47
Transform: AffineTransform_float_3_3
Parameters: 0.999998 0.00129988 -0.000952922 -0.00129782 0.999996 0.00238203 0.000955817 -0.00238097 0.999997 -0.174293 0.191471 -0.113399
FixedParameters: 0 0 0

#Transform 48
Transform: AffineTransform_float_3_3
Parameters: 0.999999 0.0017318 -0.000520145 -0.00173072 0.999993 0.00326619 0.000525931 -0.00326581 0.999994 -0.250487 0.183774 -0.0543569
FixedParameters: 0 0 0

#Transform 49
Transform: AffineTransform_float_3_3
Parameters: 0.999999 0.00152874 -0.00100233 -0.00152639 0.999995 0.00259997 0.00100606 -0.00259903 0.999996 -0.164001 0.191116 -0.114805
FixedParameters: 0 0 0

#Transform 50
Transform: AffineTransform_float_3_3
Parameters: 0.999998 0.00163323 -0.000548378 -0.00163199 0.999996 0.00254418 0.000553003 -0.00254382 0.999997 -0.184905 0.176679 -0.0742014
FixedParameters: 0 0 0

#Transform 51
Transform: AffineTransform_float_3_3
Parameters: 0.999999 0.000722425 -0.00112595 -0.000719654 0.999997 0.00256697 0.00112767 -0.00256604 0.999997 -0.125313 0.211374 -0.162496
FixedParameters: 0 0 0

#Transform 52
Transform: AffineTransform_float_3_3
Parameters: 0.999997 0.00219431 -2.73342e-07 -0.00219426 0.999991 0.0035305 8.15152e-06 -0.0035305 0.999994 -0.263539 0.223232 -0.268596
FixedParameters: 0 0 0

#Transform 53
Transform: AffineTransform_float_3_3
Parameters: 0.999998 0.00180389 -0.000929401 -0.00180026 0.99999 0.00411196 0.000937244 -0.00411003 0.999991 -0.18081 0.243694 -0.348803
FixedParameters: 0 0 0

#Transform 54
Transform: AffineTransform_float_3_3
Parameters: 0.999999 0.00172384 0.000503016 -0.00172502 0.999993 0.00329498 -0.000496895 -0.00329601 0.999995 -0.242884 0.240367 -0.313655
FixedParameters: 0 0 0

#Transform 55
Transform: AffineTransform_float_3_3
Parameters: 1 0.000568834 0.000281161 -0.000569755 0.999996 0.00258684 -0.000279527 -0.00258716 0.999996 -0.152369 0.223446 -0.217837
FixedParameters: 0 0 0

#Transform 56
Transform: AffineTransform_float_3_3
Parameters: 1 -5.97272e-05 0.000311616 5.92977e-05 0.999996 0.00279402 -0.000311419 -0.00279398 0.999996 -0.130829 0.220046 -0.187119
FixedParameters: 0 0 0

#Transform 57
Transform: AffineTransform_float_3_3
Parameters: 0.999999 -0.000857344 0.0001279 0.000856589 0.999992 0.00388111 -0.0001314 -0.00388089 0.999993 -0.0282231 0.227326 -0.303037
FixedParameters: 0 0 0

#Transform 58
Transform: AffineTransform_float_3_3
Parameters: 0.999997 -0.0026362 0.000622979 0.00263216 0.999975 0.00658528 -0.000639925 -0.00658272 0.999978 0.0584003 0.250467 0.0532491
FixedParameters: 0 0 0

#Transform 59
Transform: AffineTransform_float_3_3
Parameters: 0.99999 -0.000404357 0.004479 0.000262397 0.999501 0.0315859 -0.00448946 -0.0315841 0.999491 -0.00589855 0.550355 0.705817
FixedParameters: 0 0 0

#Transform 60
Transform: AffineTransform_float_3_3
Parameters: 0.999999 0.000226781 0.00131559 -0.000245749 0.999891 0.0148151 -0.00131272 -0.014815 0.99989 -0.0593196 0.328381 0.0272972
FixedParameters: 0 0 0

#Transform 61
Transform: AffineTransform_float_3_3
Parameters: 0.999998 0.00134536 0.000913385 -0.00135565 0.999942 0.0106316 -0.000899341 -0.0106334 0.999943 -0.132566 0.300207 -0.191592
FixedParameters: 0 0 0

#Transform 62
Transform: AffineTransform_float_3_3
Parameters: 0.999999 0.000281692 0.000849973 -0.000287808 0.999971 0.00762912 -0.000847443 -0.00762889 0.999971 -0.101803 0.26655 -0.294448
FixedParameters: 0 0 0

#Transform 63
Transform: AffineTransform_float_3_3
Parameters: 0.999999 0.000561393 0.000657564 -0.000564482 0.99998 0.00626863 -0.000653771 -0.00626937 0.99998 -0.110352 0.275745 -0.378267
FixedParameters: 0 0 0

#Transform 64
Transform: AffineTransform_float_3_3
Parameters: 0.999999 0.000561921 0.000657112 -0.000564874 0.999985 0.00546463 -0.000653828 -0.00546537 0.999985 -0.100778 0.24994 -0.282067
FixedParameters: 0 0 0

#Transform 65
Transform: AffineTransform_float_3_3
Parameters: 1 0.00101423 0.000392991 -0.00101569 0.999992 0.00389345 -0.000389021 -0.00389355 0.999992 -0.13643 0.245075 -0.259276
FixedParameters: 0 0 0

#Transform 66
Transform: AffineTransform_float_3_3
Parameters: 0.999999 0.00119555 0.000728894 -0.00119761 0.999992 0.00377634 -0.000724571 -0.00377666 0.999993 -0.215387 0.262984 -0.207456
FixedParameters: 0 0 0

#Transform 67
Transform: AffineTransform_float_3_3
Parameters: 0.999999 0.000714492 0.000238757 -0.000715375 0.999986 0.00521683 -0.000235231 -0.00521717 0.999987 -0.117543 0.271817 -0.367539
FixedParameters: 0 0 0

#Transform 68
Transform: AffineTransform_float_3_3
Parameters: 0.999999 0.00180797 0.000430672 -0.00181001 0.999988 0.00458057 -0.000422496 -0.00458144 0.999989 -0.216886 0.262411 -0.385918
FixedParameters: 0 0 0

#Transform 69
Transform: AffineTransform_float_3_3
Parameters: 0.999998 0.00190117 2.44627e-05 -0.00190109 0.99998 0.00594745 -1.39278e-05 -0.00594755 0.999982 -0.177324 0.262244 -0.492206
FixedParameters: 0 0 0

#Transform 70
Transform: AffineTransform_float_3_3
Parameters: 0.999997 0.0024118 0.00128951 -0.00242008 0.999979 0.00601465 -0.00127433 -0.00601734 0.999981 -0.303776 0.278102 -0.465185
FixedParameters: 0 0 0

#Transform 71
Transform: AffineTransform_float_3_3
Parameters: 1 -0.000591196 0.000211287 0.000590083 0.999974 0.00719097 -0.000215178 -0.00719003 0.999974 -0.0682026 0.303871 -0.546024
FixedParameters: 0 0 0

#Transform 72
Transform: AffineTransform_float_3_3
Parameters: 0.999997 -0.00124228 0.00230359 0.00122825 0.999982 0.0058531 -0.00231052 -0.00585089 0.99998 -0.115391 0.310575 -0.510697
FixedParameters: 0 0 0

#Transform 73
Transform: AffineTransform_float_3_3
Parameters: 0.999994 -0.000365525 0.00326576 0.000347139 0.999985 0.00540601 -0.00326811 -0.00540499 0.99998 -0.142493 0.300965 -0.591729
FixedParameters: 0 0 0

#Transform 74
Transform: AffineTransform_float_3_3
Parameters: 0.999993 0.000280437 0.0037203 -0.000298319 0.999988 0.0049457 -0.00371895 -0.00494631 0.999981 -0.150647 0.337322 -0.570183
FixedParameters: 0 0 0

#Transform 75
Transform: AffineTransform_float_3_3
Parameters: 0.999995 0.0010751 0.00291162 -0.001091 0.999984 0.00548865 -0.00290545 -0.00549135 0.999981 -0.226351 0.313633 -0.52638
FixedParameters: 0 0 0

#Transform 76
Transform: AffineTransform_float_3_3
Parameters: 0.999997 0.00146868 0.00187613 -0.00148037 0.99998 0.00614602 -0.00186716 -0.00614799 0.99998 -0.194634 0.333972 -0.583436
FixedParameters: 0 0 0

#Transform 77
Transform: AffineTransform_float_3_3
Parameters: 0.999997 0.000797019 0.00241086 -0.000813573 0.999976 0.00684865 -0.00240463 -0.00685035 0.999974 -0.156177 0.30249 -0.675602
FixedParameters: 0 0 0

#Transform 78
Transform: AffineTransform_float_3_3
Parameters: 0.999998 0.0014873 0.00172275 -0.00149458 0.99999 0.004183 -0.00171655 -0.004186 0.99999 -0.222996 0.283613 -0.386943
FixedParameters: 0 0 0

#Transform 79
Transform: AffineTransform_float_3_3
Parameters: 0.999997 0.00111254 0.00188004 -0.00112111 0.99999 0.00438462 -0.00187468 -0.00438738 0.999989 -0.163048 0.278524 -0.521652
FixedParameters: 0 0 0

#Transform 80
Transform: AffineTransform_float_3_3
Parameters: 0.999997 0.000764902 0.00202573 -0.000774826 0.999986 0.00527716 -0.00202137 -0.00527884 0.999984 -0.177048 0.275198 -0.574825
FixedParameters: 0 0 0

#Transform 81
Transform: AffineTransform_float_3_3
Parameters: 0.999998 0.00103041 0.00183249 -0.00104207 0.999981 0.00599082 -0.0018266 -0.00599318 0.99998 -0.180723 0.304676 -0.594697
FixedParameters: 0 0 0

#Transform 82
Transform: AffineTransform_float_3_3
Parameters: 0.999997 0.00057534 0.00210482 -0.00058751 0.999983 0.00592365 -0.00210117 -0.00592535 0.999981 -0.187075 0.308449 -0.544862
FixedParameters: 0 0 0

#Transform 83
Transform: AffineTransform_float_3_3
Parameters: 0.999997 0.00111016 0.00188144 -0.00112112 0.999983 0.00564662 -0.00187537 -0.00564937 0.999982 -0.163115 0.307346 -0.578284
FixedParameters: 0 0 0

#Transform 84
Transform: AffineTransform_float_3_3
Parameters: 0.999997 0.00095129 0.00194784 -0.00096203 0.999983 0.00573506 -0.00194286 -0.00573593 0.999982 -0.200576 0.302491 -0.532748
FixedParameters: 0 0 0

#Transform 85
Transform: AffineTransform_float_3_3
Parameters: 0.999999 0.00015362 0.00171616 -0.000164463 0.999981 0.00618445 -0.00171534 -0.00618355 0.99998 -0.120382 0.313578 -0.571479
FixedParameters: 0 0 0

#Transform 86
Transform: AffineTransform_float_3_3
Parameters: 0.999998 0.000586425 0.0015356 -0.000596262 0.99998 0.00620681 -0.00153216 -0.00620719 0.99998 -0.181946 0.306668 -0.564178
FixedParameters: 0 0 0

#Transform 87
Transform: AffineTransform_float_3_3
Parameters: 0.999998 0.00116644 0.0014722 -0.00117509 0.999982 0.00581348 -0.00146433 -0.00581551 0.999982 -0.221827 0.307537 -0.521967
FixedParameters: 0 0 0

#Transform 88
Transform: AffineTransform_float_3_3
Parameters: 0.999999 0.00085729 0.00149198 -0.000867744 0.99998 0.00633728 -0.00148679 -0.00633772 0.999979 -0.185988 0.312938 -0.567623
FixedParameters: 0 0 0

#Transform 89
Transform: AffineTransform_float_3_3
Parameters: 0.999999 0.00109748 0.00132288 -0.00110669 0.999974 0.0070829 -0.00131563 -0.00708509 0.999974 -0.212839 0.30846 -0.544297
FixedParameters: 0 0 0

#Transform 90
Transform: AffineTransform_float_3_3
Parameters: 1 0.000836936 0.000532562 -0.000839595 0.999983 0.00574256 -0.000527649 -0.00574345 0.999984 -0.174129 0.315791 -0.452259
FixedParameters: 0 0 0

#Transform 91
Transform: AffineTransform_float_3_3
Parameters: 0.999999 0.000996007 0.0011131 -0.00100254 0.999984 0.00572874 -0.00110753 -0.00573026 0.999983 -0.219174 0.306548 -0.398761
FixedParameters: 0 0 0

#Transform 92
Transform: AffineTransform_float_3_3
Parameters: 0.999999 0.000956077 0.000926643 -0.000960376 0.999987 0.00489148 -0.000921453 -0.00489253 0.999988 -0.217056 0.304347 -0.385398
FixedParameters: 0 0 0

#Transform 93
Transform: AffineTransform_float_3_3
Parameters: 1 0.000983722 0.000450635 -0.000985801 0.999983 0.00571556 -0.000445013 -0.00571645 0.999984 -0.181501 0.318488 -0.489853
FixedParameters: 0 0 0

#Transform 94
Transform: AffineTransform_float_3_3
Parameters: 0.999998 0.00127405 0.001144 -0.00128036 0.999985 0.00530875 -0.00113725 -0.00531025 0.999985 -0.228617 0.319628 -0.427758
FixedParameters: 0 0 0

#Transform 95
Transform: AffineTransform_float_3_3
Parameters: 0.999999 -0.00051137 0.000585964 0.000507706 0.999988 0.0049013 -0.000588588 -0.0049007 0.999988 -0.082825 0.331021 -0.490234
FixedParameters: 0 0 0

#Transform 96
Transform: AffineTransform_float_3_3
Parameters: 0.999999 0.000382188 0.00121449 -0.000389231 0.999981 0.00609768 -0.00121199 -0.00609932 0.999981 -0.188387 0.325645 -0.492118
FixedParameters: 0 0 0

#Transform 97
Transform: AffineTransform_float_3_3
Parameters: 0.999999 0.00019134 0.000755682 -0.000195375 0.999985 0.00536921 -0.000754248 -0.00536879 0.999985 -0.120158 0.334178 -0.536047
FixedParameters: 0 0 0

#Transform 98
Transform: AffineTransform_float_3_3
Parameters: 0.999999 0.00061843 0.000577137 -0.000621846 0.999985 0.00548849 -0.000573734 -0.00548851 0.999984 -0.20428 0.339088 -0.52931
FixedParameters: 0 0 0

#Transform 99
Transform: AffineTransform_float_3_3
Parameters: 0.999999 0.000851357 0.00109628 -0.000857505 0.999987 0.00497627 -0.00109196 -0.00497672 0.999987 -0.224934 0.32758 -0.510948
FixedParameters: 0 0 0

#Transform 100
Transform: AffineTransform_float_3_3
Parameters: 0.999999 0.000583719 0.000818168 -0.000587525 0.999985 0.00547252 -0.000815023 -0.00547348 0.999984 -0.20447 0.3307 -0.490266
FixedParameters: 0 0 0

#Transform 101
Transform: AffineTransform_float_3_3
Parameters: 0.999999 0.0011685 0.00137262 -0.00117595 0.999983 0.0056506 -0.00136604 -0.0056524 0.999983 -0.242119 0.343678 -0.489171
FixedParameters: 0 0 0

#Transform 102
Transform: AffineTransform_float_3_3
Parameters: 0.999999 0.000750317 0.000371278 -0.000751771 0.999985 0.00536493 -0.000367545 -0.00536407 0.999986 -0.163932 0.346675 -0.498313
FixedParameters: 0 0 0

#Transform 103
Transform: AffineTransform_float_3_3
Parameters: 1 0.000872197 0.000459916 -0.000874298 0.999987 0.00503745 -0.000455442 -0.00503755 0.999987 -0.198739 0.338432 -0.44751
FixedParameters: 0 0 0

#Transform 104
Transform: AffineTransform_float_3_3
Parameters: 1 0.000395503 0.00046322 -0.000397801 0.999987 0.00504982 -0.000461307 -0.00505018 0.999987 -0.149161 0.346452 -0.476412
FixedParameters: 0 0 0

#Transform 105
Transform: AffineTransform_float_3_3
Parameters: 0.999999 0.000707679 0.00138518 -0.000714636 0.999987 0.00503338 -0.00138206 -0.00503463 0.999987 -0.198993 0.339744 -0.39991
FixedParameters: 0 0 0

#Transform 106
Transform: AffineTransform_float_3_3
Parameters: 0.999999 0.000680347 0.00139986 -0.000687242 0.999987 0.00495825 -0.00139713 -0.00495875 0.999986 -0.199433 0.343921 -0.441752
FixedParameters: 0 0 0

#Transform 107
Transform: AffineTransform_float_3_3
Parameters: 0.999998 0.000909471 0.00165749 -0.000918145 0.999984 0.00556105 -0.00165254 -0.00556194 0.999983 -0.256028 0.338596 -0.409081
FixedParameters: 0 0 0

#Transform 108
Transform: AffineTransform_float_3_3
Parameters: 0.999999 0.000565244 0.0009092 -0.00056952 0.999989 0.00467348 -0.000906771 -0.00467451 0.999988 -0.16258 0.337021 -0.443515
FixedParameters: 0 0 0

#Transform 109
Transform: AffineTransform_float_3_3
Parameters: 0.999999 0.000856933 0.00114812 -0.000862469 0.999988 0.00488422 -0.0011443 -0.00488478 0.999987 -0.210814 0.332731 -0.410788
FixedParameters: 0 0 0

#Transform 110
Transform: AffineTransform_float_3_3
Parameters: 0.999999 0.000780229 0.000441952 -0.000782032 0.999987 0.00489665 -0.000438626 -0.00489734 0.999988 -0.175088 0.338916 -0.430051
FixedParameters: 0 0 0

#Transform 111
Transform: AffineTransform_float_3_3
Parameters: 0.999999 0.000981217 0.000922775 -0.000986344 0.999987 0.00514895 -0.000917748 -0.00515006 0.999986 -0.24089 0.331565 -0.380583
FixedParameters: 0 0 0

#Transform 112
Transform: AffineTransform_float_3_3
Parameters: 0.999999 0.000751598 0.000373798 -0.000753754 0.999987 0.00503472 -0.000370152 -0.00503528 0.999988 -0.179078 0.335659 -0.409131
FixedParameters: 0 0 0

#Transform 113
Transform: AffineTransform_float_3_3
Parameters: 1 0.000914338 0.000763304 -0.00091803 0.999985 0.0052833 -0.000758728 -0.00528469 0.999986 -0.224237 0.325896 -0.378492
FixedParameters: 0 0 0

#Transform 114
Transform: AffineTransform_float_3_3
Parameters: 0.999999 0.000604779 0.0005231 -0.000608165 0.999986 0.00514504 -0.000519873 -0.00514496 0.999987 -0.165615 0.333443 -0.415608
FixedParameters: 0 0 0

#Transform 115
Transform: AffineTransform_float_3_3
Parameters: 0.999999 0.000712532 0.000280807 -0.000713496 0.999986 0.0052838 -0.000276285 -0.0052842 0.999986 -0.195785 0.346978 -0.394912
FixedParameters: 0 0 0

#Transform 116
Transform: AffineTransform_float_3_3
Parameters: 0.999999 0.000744478 0.00035582 -0.000745634 0.99999 0.00442874 -0.000352234 -0.00442926 0.99999 -0.198408 0.338248 -0.345534
FixedParameters: 0 0 0

#Transform 117
Transform: AffineTransform_float_3_3
Parameters: 1 0.000169475 9.37127e-05 -0.000170224 0.999992 0.00402898 -9.2344e-05 -0.00402901 0.999992 -0.140464 0.350179 -0.348835
FixedParameters: 0 0 0

#Transform 118
Transform: AffineTransform_float_3_3
Parameters: 0.999999 0.000399154 0.000692477 -0.000401882 0.999992 0.00396872 -0.000690469 -0.00396928 0.999992 -0.182501 0.345434 -0.311902
FixedParameters: 0 0 0

#Transform 119
Transform: AffineTransform_float_3_3
Parameters: 1 0.000157481 9.87554e-05 -0.000158285 0.999991 0.00410198 -9.74601e-05 -0.00410201 0.999991 -0.138169 0.351427 -0.360702
FixedParameters: 0 0 0

#Transform 120
Transform: AffineTransform_float_3_3
Parameters: 1 -1.52105e-05 0.00024057 1.39018e-05 0.99999 0.00462801 -0.000241095 -0.004628 0.99999 -0.15763 0.342512 -0.364813
FixedParameters: 0 0 0

#Transform 121
Transform: AffineTransform_float_3_3
Parameters: 0.999999 -0.00124059 0.000685068 0.00123827 0.999989 0.00434949 -0.000689796 -0.0043485 0.99999 -0.0387928 0.3725 -0.343321
FixedParameters: 0 0 0

#Transform 122
Transform: AffineTransform_float_3_3
Parameters: 0.999999 -0.000195495 0.000714507 0.000193404 0.999993 0.00366529 -0.000716184 -0.00366571 0.999993 -0.169022 0.347626 -0.311269
FixedParameters: 0 0 0

#Transform 123
Transform: AffineTransform_float_3_3
Parameters: 1 -0.000261377 0.000462989 0.000259714 0.99999 0.00462212 -0.000464338 -0.00462188 0.999989 -0.101579 0.353283 -0.397211
FixedParameters: 0 0 0

#Transform 124
Transform: AffineTransform_float_3_3
Parameters: 1 -0.000494399 0.00010099 0.00049466 0.99999 0.00447805 -0.000102657 -0.00447795 0.99999 -0.118072 0.341263 -0.366123
FixedParameters: 0 0 0

#Transform 125
Transform: AffineTransform_float_3_3
Parameters: 1 -0.000683465 -5.54547e-07 0.000683712 0.999991 0.00407 -1.85763e-06 -0.00407 0.999991 -0.0845167 0.352303 -0.342303
FixedParameters: 0 0 0

#Transform 126
Transform: AffineTransform_float_3_3
Parameters: 0.999999 -0.00110825 0.000630593 0.00110564 0.999992 0.00360449 -0.00063397 -0.0036045 0.999993 -0.102456 0.336686 -0.256776
FixedParameters: 0 0 0

#Transform 127
Transform: AffineTransform_float_3_3
Parameters: 1 -0.000666077 0.000945378 0.000661701 0.999992 0.00410963 -0.000947933 -0.00410837 0.999991 -0.10585 0.346596 -0.355182
FixedParameters: 0 0 0

#Transform 128
Transform: AffineTransform_float_3_3
Parameters: 1 -0.000668639 -3.48219e-05 0.000668756 0.999993 0.00383762 3.19208e-05 -0.00383838 0.999992 -0.0927616 0.34413 -0.371361
FixedParameters: 0 0 0

#Transform 129
Transform: AffineTransform_float_3_3
Parameters: 0.999999 -1.0216e-05 0.000852256 5.9351e-06 0.999991 0.00436001 -0.000852578 -0.00436 0.99999 -0.143873 0.339154 -0.429817
FixedParameters: 0 0 0

#Transform 130
Transform: AffineTransform_float_3_3
Parameters: 0.999999 -0.00124869 0.000515787 0.00124633 0.999989 0.00452729 -0.000521559 -0.00452671 0.999989 -0.0643466 0.358147 -0.46983
FixedParameters: 0 0 0

#Transform 131
Transform: AffineTransform_float_3_3
Parameters: 0.999999 -0.00108379 0.000955037 0.00108049 0.999992 0.00390783 -0.000958752 -0.00390717 0.999992 -0.112611 0.354199 -0.371038
FixedParameters: 0 0 0

#Transform 132
Transform: AffineTransform_float_3_3
Parameters: 0.999998 -0.00106315 0.00158991 0.00105446 0.999984 0.00556548 -0.00159575 -0.00556352 0.999983 -0.0767739 0.377849 -0.512089
FixedParameters: 0 0 0

#Transform 133
Transform: AffineTransform_float_3_3
Parameters: 0.999998 -0.00138403 0.00146595 0.00137901 0.999994 0.00345046 -0.00147113 -0.00344854 0.999993 -0.107992 0.345017 -0.326016
FixedParameters: 0 0 0

#Transform 134
Transform: AffineTransform_float_3_3
Parameters: 0.999999 -0.00138685 0.000324003 0.00138534 0.999993 0.00330609 -0.000329095 -0.0033059 0.999994 -0.0607938 0.364584 -0.352026
FixedParameters: 0 0 0

#Transform 135
Transform: AffineTransform_float_3_3
Parameters: 1 -1.91636e-05 0.000648146 1.72382e-05 0.999995 0.00320701 -0.000648124 -0.00320699 0.999994 -0.173762 0.339041 -0.312475
FixedParameters: 0 0 0

#Transform 136
Transform: AffineTransform_float_3_3
Parameters: 1 -0.000299117 0.000214789 0.000298511 0.999994 0.00322906 -0.000214878 -0.00322893 0.999995 -0.126802 0.356925 -0.308348
FixedParameters: 0 0 0

#Transform 137
Transform: AffineTransform_float_3_3
Parameters: 0.999999 -0.000377116 0.000615159 0.000374424 0.999994 0.00356787 -0.00061639 -0.00356813 0.999993 -0.177298 0.345056 -0.291822
FixedParameters: 0 0 0

#Transform 138
Transform: AffineTransform_float_3_3
Parameters: 0.999999 -0.000665429 0.000316319 0.000663765 0.999993 0.00384585 -0.00031959 -0.00384615 0.999992 -0.137934 0.351835 -0.324476
FixedParameters: 0 0 0

#Transform 139
Transform: AffineTransform_float_3_3
Parameters: 1 -0.000497415 0.000486543 0.00049576 0.999993 0.00384588 -0.000487992 -0.00384612 0.999992 -0.14498 0.35623 -0.248469
FixedParameters: 0 0 0

#Transform 140
Transform: AffineTransform_float_3_3
Parameters: 1 -0.000429702 0.000211247 0.000428811 0.999996 0.00302109 -0.00021292 -0.00302091 0.999996 -0.145378 0.349773 -0.238563
FixedParameters: 0 0 0

#Transform 141
Transform: AffineTransform_float_3_3
Parameters: 1 -0.000272551 -0.000144437 0.000273215 0.999998 0.00230596 0.000143178 -0.00230604 0.999998 -0.125901 0.356019 -0.267506
FixedParameters: 0 0 0

#Transform 142
Transform: AffineTransform_float_3_3
Parameters: 1 0.000150529 -0.000322735 -0.000149119 0.999996 0.00279005 0.00032265 -0.00278995 0.999996 -0.167889 0.337043 -0.198348
FixedParameters: 0 0 0

#Transform 143
Transform: AffineTransform_float_3_3
Parameters: 0.999999 -0.000348643 -0.000776562 0.000351361 0.999995 0.00293809 0.000775287 -0.00293791 0.999996 -0.102903 0.346368 -0.247356
FixedParameters: 0 0 0

#Transform 144
Transform: AffineTransform_float_3_3
Parameters: 1 -0.00012514 -0.000684018 0.00012709 0.999996 0.00305892 0.000683108 -0.00305909 0.999995 -0.158464 0.356032 -0.181595
FixedParameters: 0 0 0

#Transform 145
Transform: AffineTransform_float_3_3
Parameters: 0.999999 -0.000795646 -0.000451966 0.00079569 0.999999 0.00165449 0.000451035 -0.00165451 0.999999 -0.118762 0.343394 -0.151643
FixedParameters: 0 0 0

#Transform 146
Transform: AffineTransform_float_3_3
Parameters: 1 -0.000612759 -0.000949379 0.000615477 0.999999 0.00171042 0.000948589 -0.00171158 0.999998 -0.0835076 0.359801 -0.187781
FixedParameters: 0 0 0

#Transform 147
Transform: AffineTransform_float_3_3
Parameters: 0.999999 -0.00104813 -0.000782345 0.00105014 0.999997 0.00255403 0.000779998 -0.00255497 0.999997 -0.0858312 0.366948 -0.228534
FixedParameters: 0 0 0

#Transform 148
Transform: AffineTransform_float_3_3
Parameters: 0.999999 -0.000691338 -0.00113779 0.000694083 0.999997 0.00242157 0.00113561 -0.00242243 0.999997 -0.092667 0.395059 -0.264298
FixedParameters: 0 0 0

#Transform 149
Transform: AffineTransform_float_3_3
Parameters: 1 -0.000677657 -0.000131661 0.000677575 0.999998 0.00170555 0.00013066 -0.00170645 0.999998 -0.177771 0.337611 -0.105306
FixedParameters: 0 0 0

#Transform 150
Transform: AffineTransform_float_3_3
Parameters: 1 -0.000700316 -0.000752741 0.000701693 0.999999 0.00152768 0.000750991 -0.00152732 0.999999 -0.0956251 0.352138 -0.163563
FixedParameters: 0 0 0

#Transform 151
Transform: AffineTransform_float_3_3
Parameters: 0.999998 -0.0016283 -0.0016864 0.00163167 0.999997 0.00186067 0.00168374 -0.00186333 0.999997 -0.0768177 0.282498 0.0177291
FixedParameters: 0 0 0

#Transform 152
Transform: AffineTransform_float_3_3
Parameters: 0.999995 -0.00187968 -0.00262712 0.00188272 0.999998 0.00102719 0.00262534 -0.00103281 0.999996 -0.0322547 0.285088 -0.0428365
FixedParameters: 0 0 0

#Transform 153
Transform: AffineTransform_float_3_3
Parameters: 0.999998 -0.00180582 -0.000952494 0.00180772 0.999996 0.00183234 0.000949804 -0.00183366 0.999998 -0.0406838 0.294325 -0.0853226
FixedParameters: 0 0 0

#Transform 154
Transform: AffineTransform_float_3_3
Parameters: 0.999997 -0.00147817 -0.00170515 0.00148058 0.999998 0.00167405 0.00170268 -0.00167696 0.999998 -0.0116597 0.335443 -0.196915
FixedParameters: 0 0 0

#Transform 155
Transform: AffineTransform_float_3_3
Parameters: 0.999998 -0.00176828 -0.000614425 0.00176908 0.999998 0.0010834 0.0006119 -0.0010856 0.999999 -0.0678645 0.312757 -0.121824
FixedParameters: 0 0 0

#Transform 156
Transform: AffineTransform_float_3_3
Parameters: 0.999992 -0.00271361 -0.00291724 0.00271253 0.999996 -0.000280521 0.00291743 0.00027248 0.999996 -0.0384595 0.31361 -0.589457
FixedParameters: 0 0 0

#Transform 157
Transform: AffineTransform_float_3_3
Parameters: 0.999993 -0.0033471 -0.00171742 0.003352 0.999991 0.00277855 0.00170836 -0.00278445 0.999995 -0.0833668 0.341587 -0.0659569
FixedParameters: 0 0 0

#Transform 158
Transform: AffineTransform_float_3_3
Parameters: 0.999999 -0.000580892 0.000655895 0.000576028 0.999968 0.00787553 -0.000659735 -0.00787546 0.999969 -0.445819 0.432633 0.712065
FixedParameters: 0 0 0

#Transform 159
Transform: AffineTransform_float_3_3
Parameters: 0.999976 -0.000599854 -0.00681954 0.000698677 0.999893 0.0146204 0.00680953 -0.0146246 0.99987 -0.538851 0.49967 1.06491
FixedParameters: 0 0 0

#Transform 160
Transform: AffineTransform_float_3_3
Parameters: 0.999999 -0.000104178 -0.0014246 0.00011351 0.999979 0.00645636 0.00142487 -0.00645664 0.999978 -0.526105 0.327291 0.544684
FixedParameters: 0 0 0

#Transform 161
Transform: AffineTransform_float_3_3
Parameters: 0.999998 -0.000374004 0.00163142 0.000367904 0.999994 0.00347676 -0.00163188 -0.00347624 0.999993 -0.387026 0.312437 0.0434367
FixedParameters: 0 0 0

#Transform 162
Transform: AffineTransform_float_3_3
Parameters: 0.999998 6.32149e-05 0.0016178 -6.63317e-05 0.999998 0.00193741 -0.0016178 -0.00193759 0.999997 -0.370082 0.348292 -0.199647
FixedParameters: 0 0 0

#Transform 163
Transform: AffineTransform_float_3_3
Parameters: 0.999999 0.00056377 0.000736472 -0.000564568 0.999999 0.000900944 -0.000736766 -0.000901056 0.999999 -0.428377 0.285157 -0.0855416
FixedParameters: 0 0 0

#Transform 164
Transform: AffineTransform_float_3_3
Parameters: 0.999999 -0.000400055 0.00124384 0.000401003 1 -0.00075135 -0.00124284 0.000751651 0.999999 -0.322726 0.284435 -0.105482
FixedParameters: 0 0 0

#Transform 165
Transform: AffineTransform_float_3_3
Parameters: 0.999999 -0.000323391 0.000872964 0.000322652 1 -0.000327718 -0.000873282 0.000328282 0.999999 -0.392465 0.304375 -0.147815
FixedParameters: 0 0 0

#Transform 166
Transform: AffineTransform_float_3_3
Parameters: 0.999999 -0.000921593 0.00119711 0.00092133 1 0.000110743 -0.00119732 -0.000109256 0.999999 -0.303864 0.354289 -0.171647
FixedParameters: 0 0 0

#Transform 167
Transform: AffineTransform_float_3_3
Parameters: 0.999999 -0.000369225 0.00145306 0.000370125 1 -0.00030895 -0.00145283 0.000310049 0.999999 -0.391314 0.327321 -0.151985
FixedParameters: 0 0 0

#Transform 168
Transform: AffineTransform_float_3_3
Parameters: 1 -0.000575305 0.000888709 0.000575853 0.999999 -0.000308336 -0.000888353 0.000308664 0.999999 -0.304203 0.349918 -0.160981
FixedParameters: 0 0 0

#Transform 169
Transform: AffineTransform_float_3_3
Parameters: 0.999998 -6.22102e-05 0.0020908 6.52022e-05 0.999999 -0.00146899 -0.00209036 0.00147 0.999997 -0.334729 0.327526 -0.144514
FixedParameters: 0 0 0

#Transform 170
Transform: AffineTransform_float_3_3
Parameters: 0.999998 0.000555602 0.00159266 -0.000553405 0.999999 -0.00126837 -0.00159328 0.00126663 0.999998 -0.300307 0.340834 -0.304236
FixedParameters: 0 0 0

#Transform 171
Transform: AffineTransform_float_3_3
Parameters: 0.999998 0.000537609 0.00224384 -0.000534192 0.999999 -0.00137733 -0.00224414 0.00137567 0.999996 -0.368011 0.359007 -0.331485
FixedParameters: 0 0 0

#Transform 172
Transform: AffineTransform_float_3_3
Parameters: 1 -0.000507258 0.000984392 0.000511019 0.999994 -0.0034425 -0.000982867 0.0034435 0.999993 -0.305371 0.345344 -0.498196
FixedParameters: 0 0 0

#Transform 173
Transform: AffineTransform_float_3_3
Parameters: 1 -0.000916731 0.000560277 0.000917574 0.999999 -0.00145085 -0.000559457 0.00145115 0.999999 -0.259817 0.354354 -0.462251
FixedParameters: 0 0 0

#Transform 174
Transform: AffineTransform_float_3_3
Parameters: 0.999999 5.56397e-05 0.00134518 -5.32136e-05 0.999997 -0.00207356 -0.00134516 0.00207344 0.999997 -0.34025 0.359151 -0.373475
FixedParameters: 0 0 0

#Transform 175
Transform: AffineTransform_float_3_3
Parameters: 1 -5.03484e-05 0.000675714 5.04539e-05 1 -0.00104797 -0.000676139 0.00104804 0.999999 -0.256917 0.361607 -0.547602
FixedParameters: 0 0 0

#Transform 176
Transform: AffineTransform_float_3_3
Parameters: 1 -7.60344e-05 0.00108859 7.66027e-05 1 -0.000683557 -0.00108809 0.000684443 0.999999 -0.271107 0.377763 -0.502511
FixedParameters: 0 0 0

#Transform 177
Transform: AffineTransform_float_3_3
Parameters: 0.999999 -0.000278414 0.00131948 0.000279859 0.999999 -0.00104448 -0.00131943 0.00104452 0.999999 -0.296058 0.382571 -0.320009
FixedParameters: 0 0 0

#Transform 178
Transform: AffineTransform_float_3_3
Parameters: 0.999999 -0.000395623 0.000686804 0.000396978 1 -0.000986728 -0.000686022 0.000987273 1 -0.268165 0.377327 -0.453369
FixedParameters: 0 0 0

#Transform 179
Transform: AffineTransform_float_3_3
Parameters: 1 -0.00019392 0.000593478 0.000195057 0.999999 -0.00128588 -0.000593898 0.00128612 0.999999 -0.287116 0.379356 -0.437082
FixedParameters: 0 0 0
