#Insight Transform File V1.0
#Transform 0
Transform: AffineTransform_float_3_3
Parameters: 0.999999 -0.000471959 -0.000610936 0.000471285 0.999999 -0.00129945 0.000611757 0.00129955 0.999999 -0.0663281 0.101435 0.345541
FixedParameters: 0 0 0

#Transform 1
Transform: AffineTransform_float_3_3
Parameters: 0.999999 0.000922778 -0.000123759 -0.000922986 0.999999 0.000792744 0.000124308 -0.000793256 1 -0.00352785 0.0346109 -0.0584185
FixedParameters: 0 0 0

#Transform 2
Transform: AffineTransform_float_3_3
Parameters: 0.999999 0.000983496 -0.000161123 -0.000983583 0.999997 0.002227 0.000163674 -0.00222601 0.999998 -0.012486 0.0854659 -0.168669
FixedParameters: 0 0 0

#Transform 3
Transform: AffineTransform_float_3_3
Parameters: 0.999999 0.000788623 -0.000459486 -0.00078891 0.999999 0.00156199 0.000460527 -0.00156201 0.999999 -0.00345656 0.131962 -0.155606
FixedParameters: 0 0 0

#Transform 4
Transform: AffineTransform_float_3_3
Parameters: 1 0.000502573 -2.24714e-05 -0.000502873 0.999998 0.00228001 2.38495e-05 -0.00227999 0.999998 -0.00148623 0.120243 -0.21285
FixedParameters: 0 0 0

#Transform 5
Transform: AffineTransform_float_3_3
Parameters: 1 0.000421575 3.16948e-05 -0.000420789 0.999998 0.00207799 -3.03495e-05 -0.00207801 0.999998 -0.00202073 0.118084 -0.178519
FixedParameters: 0 0 0

#Transform 6
Transform: AffineTransform_float_3_3
Parameters: 1 0.000511384 1.70633e-05 -0.000511439 0.999999 0.00169962 -1.53245e-05 -0.00170038 0.999998 -0.00333849 0.140558 -0.174798
FixedParameters: 0 0 0

#Transform 7
Transform: AffineTransform_float_3_3
Parameters: 1 0.000510447 5.48193e-05 -0.000510163 0.999997 0.00207297 -5.40229e-05 -0.00207303 0.999998 -0.00630134 0.129757 -0.185345
FixedParameters: 0 0 0

#Transform 8
Transform: AffineTransform_float_3_3
Parameters: 1 0.000498191 0.00019775 -0.000498347 0.999998 0.0016829 -0.000197393 -0.0016831 0.999998 -0.005232 0.13254 -0.162307
FixedParameters: 0 0 0

#Transform 9
Transform: AffineTransform_float_3_3
Parameters: 1 0.000539168 9.02562e-05 -0.000539035 0.999997 0.00209495 -8.93167e-05 -0.00209505 0.999998 -0.00921559 0.137612 -0.193822
FixedParameters: 0 0 0

#Transform 10
Transform: AffineTransform_float_3_3
Parameters: 1 0.000417438 9.89452e-05 -0.00041818 0.999998 0.00170496 -9.84347e-05 -0.00170504 0.999998 -0.00549619 0.135636 -0.175497
FixedParameters: 0 0 0

#Transform 11
Transform: AffineTransform_float_3_3
Parameters: 1 0.00038851 0.000103232 -0.000388107 0.999997 0.0024918 -0.000101702 -0.0024912 0.999996 -0.00294734 0.134526 -0.22301
FixedParameters: 0 0 0

#Transform 12
Transform: AffineTransform_float_3_3
Parameters: 1 0.000450443 0.000146854 -0.000450561 0.999997 0.00214093 -0.000146244 -0.00214106 0.999997 -0.00430456 0.133309 -0.191144
FixedParameters: 0 0 0

#Transform 13
Transform: AffineTransform_float_3_3
Parameters: 1 0.00037964 -0.00010069 -0.00037874 0.999998 0.00193704 0.00010084 -0.00193696 0.999998 -0.000814833 0.129465 -0.222636
FixedParameters: 0 0 0

#Transform 14
Transform: AffineTransform_float_3_3
Parameters: 1 0.000366499 -0.000132949 -0.000366263 0.999997 0.00240305 0.000133796 -0.00240295 0.999997 0.00104166 0.134956 -0.22216
FixedParameters: 0 0 0

#Transform 15
Transform: AffineTransform_float_3_3
Parameters: 1 9.29828e-05 -0.000133792 -9.32184e-05 0.999997 0.00252801 0.000134667 -0.00252799 0.999997 0.00556849 0.137264 -0.215831
FixedParameters: 0 0 0

#Transform 16
Transform: AffineTransform_float_3_3
Parameters: 1 0.00024728 0.000216743 -0.000248346 0.999997 0.00246595 -0.000215521 -0.00246605 0.999997 -0.00219994 0.136004 -0.223773
FixedParameters: 0 0 0

#Transform 17
Transform: AffineTransform_float_3_3
Parameters: 1 8.72605e-05 -0.000146655 -8.80041e-05 0.999998 0.00196401 0.00014649 -0.00196399 0.999998 0.00330303 0.140317 -0.20082
FixedParameters: 0 0 0

#Transform 18
Transform: AffineTransform_float_3_3
Parameters: 1 0.000247433 0.000216569 -0.000248194 0.999999 0.00176095 -0.000215696 -0.00176105 0.999999 -0.00149479 0.137581 -0.21098
FixedParameters: 0 0 0

#Transform 19
Transform: AffineTransform_float_3_3
Parameters: 1 -2.81478e-05 -0.000155861 2.89809e-05 0.999997 0.002674 0.000155708 -0.00267401 0.999997 0.00783924 0.141595 -0.221743
FixedParameters: 0 0 0

#Transform 20
Transform: AffineTransform_float_3_3
Parameters: 1 1.51433e-05 -0.000310444 -1.46738e-05 0.999998 0.00222701 0.000310916 -0.002227 0.999998 0.00825979 0.138942 -0.20154
FixedParameters: 0 0 0

#Transform 21
Transform: AffineTransform_float_3_3
Parameters: 1 -3.33455e-05 -0.000224609 3.34826e-05 0.999998 0.00233899 0.000224858 -0.00233901 0.999997 0.00590408 0.135105 -0.21864
FixedParameters: 0 0 0

#Transform 22
Transform: AffineTransform_float_3_3
Parameters: 1 1.51902e-05 -0.000310442 -1.46269e-05 0.999997 0.00237801 0.000310918 -0.002378 0.999997 0.0079422 0.152246 -0.211899
FixedParameters: 0 0 0

#Transform 23
Transform: AffineTransform_float_3_3
Parameters: 1 3.69405e-05 -0.000261022 -3.70391e-05 0.999998 0.00234001 0.000260686 -0.00233999 0.999997 0.00253329 0.161915 -0.211077
FixedParameters: 0 0 0

#Transform 24
Transform: AffineTransform_float_3_3
Parameters: 1 1.50968e-05 -0.000310447 -1.47204e-05 0.999998 0.002077 0.000310914 -0.00207699 0.999998 0.00665581 0.150024 -0.191413
FixedParameters: 0 0 0

#Transform 25
Transform: AffineTransform_float_3_3
Parameters: 1 1.51682e-05 -0.000310443 -1.46489e-05 0.999998 0.00230701 0.000310917 -0.002307 0.999998 0.00796836 0.153047 -0.222019
FixedParameters: 0 0 0

#Transform 26
Transform: AffineTransform_float_3_3
Parameters: 1 6.07999e-05 -0.000207001 -6.05786e-05 0.999996 0.00273801 0.000207738 -0.00273799 0.999996 0.00371179 0.145245 -0.238211
FixedParameters: 0 0 0

#Transform 27
Transform: AffineTransform_float_3_3
Parameters: 1 3.90829e-05 -0.000256426 -3.85404e-05 0.999996 0.00283701 0.000257052 -0.00283699 0.999996 0.00626616 0.139431 -0.226852
FixedParameters: 0 0 0

#Transform 28
Transform: AffineTransform_float_3_3
Parameters: 1 4.47948e-05 -0.000243597 -4.45803e-05 0.999995 0.00315001 0.000243369 -0.00314999 0.999995 0.00665337 0.160089 -0.263431
FixedParameters: 0 0 0

#Transform 29
Transform: AffineTransform_float_3_3
Parameters: 1 -7.44708e-05 -0.00023161 7.59044e-05 0.999995 0.00309798 0.000231144 -0.00309802 0.999995 0.00685183 0.157219 -0.235231
FixedParameters: 0 0 0

#Transform 30
Transform: AffineTransform_float_3_3
Parameters: 1 -0.00010265 -0.000186462 0.000102958 0.999994 0.00327898 0.000186193 -0.00327902 0.999994 0.00782388 0.158075 -0.249528
FixedParameters: 0 0 0

#Transform 31
Transform: AffineTransform_float_3_3
Parameters: 1 -0.000355873 -2.17718e-06 0.000356287 0.999994 0.00360063 5.26938e-07 -0.00360137 0.999993 0.0127078 0.163541 -0.272915
FixedParameters: 0 0 0

#Transform 32
Transform: AffineTransform_float_3_3
Parameters: 1 -5.81531e-05 -0.000160123 5.85679e-05 0.999992 0.00415099 0.000160043 -0.00415101 0.999992 0.00790245 0.16563 -0.298957
FixedParameters: 0 0 0

#Transform 33
Transform: AffineTransform_float_3_3
Parameters: 1 -0.000156074 -0.000189277 0.000156747 0.999991 0.00420297 0.000188367 -0.00420303 0.999991 0.0131255 0.172468 -0.310617
FixedParameters: 0 0 0

#Transform 34
Transform: AffineTransform_float_3_3
Parameters: 1 -0.000293614 8.48521e-05 0.000293238 0.999989 0.00455202 -8.66092e-05 -0.00455197 0.999989 0.00975826 0.171644 -0.320024
FixedParameters: 0 0 0

#Transform 35
Transform: AffineTransform_float_3_3
Parameters: 1 -0.000237912 -0.000154605 0.000238864 0.999988 0.00473896 0.000153665 -0.00473903 0.999989 0.0131396 0.163523 -0.301125
FixedParameters: 0 0 0

#Transform 36
Transform: AffineTransform_float_3_3
Parameters: 1 -0.000336855 -0.000111326 0.000337807 0.999988 0.00476296 0.000110347 -0.00476303 0.999988 0.0165379 0.164267 -0.299083
FixedParameters: 0 0 0

#Transform 37
Transform: AffineTransform_float_3_3
Parameters: 1 -0.00015182 -0.00019226 0.000153079 0.99999 0.00459797 0.000192177 -0.00459803 0.99999 0.0114237 0.169841 -0.347364
FixedParameters: 0 0 0

#Transform 38
Transform: AffineTransform_float_3_3
Parameters: 1 -0.000542019 0.000195664 0.00054138 0.999989 0.00470911 -0.000198023 -0.00470889 0.999989 0.0305447 0.191131 -0.338862
FixedParameters: 0 0 0

#Transform 39
Transform: AffineTransform_float_3_3
Parameters: 1 -0.000262658 -0.000143766 0.000263487 0.999989 0.00467096 0.000142627 -0.00467104 0.999989 0.0158925 0.192143 -0.343127
FixedParameters: 0 0 0

#Transform 40
Transform: AffineTransform_float_3_3
Parameters: 1 -0.000378142 -9.30516e-05 0.000378803 0.999992 0.00412897 9.21598e-05 -0.00412904 0.999992 0.0251278 0.197792 -0.347733
FixedParameters: 0 0 0

#Transform 41
Transform: AffineTransform_float_3_3
Parameters: 1 -0.000334109 -6.01337e-05 0.000334573 0.999988 0.00475598 5.91871e-05 -0.00475602 0.999988 0.0161065 0.19365 -0.356523
FixedParameters: 0 0 0

#Transform 42
Transform: AffineTransform_float_3_3
Parameters: 1 -0.00037563 -2.76939e-05 0.000375771 0.999989 0.00451799 2.65327e-05 -0.00451801 0.99999 0.0231475 0.195479 -0.349172
FixedParameters: 0 0 0

#Transform 43
Transform: AffineTransform_float_3_3
Parameters: 1 -0.00037933 -0.000163818 0.000380912 0.999986 0.00517093 0.000162121 -0.00517106 0.999986 0.0247196 0.190562 -0.365225
FixedParameters: 0 0 0

#Transform 44
Transform: AffineTransform_float_3_3
Parameters: 1 -0.00058169 0.000189733 0.000580892 0.999986 0.00526011 -0.000193106 -0.00525989 0.999986 0.0240293 0.202362 -0.37532
FixedParameters: 0 0 0

#Transform 45
Transform: AffineTransform_float_3_3
Parameters: 1 -0.000418676 0.0001282 0.000418046 0.999985 0.00555568 -0.00013102 -0.00555632 0.999984 0.0200132 0.212367 -0.393343
FixedParameters: 0 0 0

#Transform 46
Transform: AffineTransform_float_3_3
Parameters: 1 -0.000437316 0.000125522 0.000435853 0.999985 0.00535805 -0.000127967 -0.00535794 0.999985 0.0170244 0.217583 -0.378653
FixedParameters: 0 0 0

#Transform 47
Transform: AffineTransform_float_3_3
Parameters: 1 -0.000471668 5.44604e-05 0.000471409 0.999987 0.00507403 -5.60977e-05 -0.00507397 0.999987 0.0194376 0.209461 -0.385109
FixedParameters: 0 0 0

#Transform 48
Transform: AffineTransform_float_3_3
Parameters: 0.999999 -0.000611179 0.000382185 0.000608278 0.999983 0.00588786 -0.000385708 -0.00588814 0.999982 0.0239016 0.210956 -0.417554
FixedParameters: 0 0 0

#Transform 49
Transform: AffineTransform_float_3_3
Parameters: 1 -0.000550188 0.00015935 0.000548666 0.999984 0.00566709 -0.00016243 -0.00566691 0.999984 0.0273603 0.213669 -0.394429
FixedParameters: 0 0 0

#Transform 50
Transform: AffineTransform_float_3_3
Parameters: 1 -0.000662419 0.000207187 0.000660731 0.999984 0.00572877 -0.000210705 -0.00572923 0.999983 0.0233698 0.210541 -0.412558
FixedParameters: 0 0 0

#Transform 51
Transform: AffineTransform_float_3_3
Parameters: 1 -0.000588595 7.1277e-05 0.000588046 0.999983 0.00581288 -7.49684e-05 -0.00581212 0.999983 0.0235505 0.223802 -0.415379
FixedParameters: 0 0 0

#Transform 52
Transform: AffineTransform_float_3_3
Parameters: 0.999999 -0.000826063 0.000289782 0.000824006 0.999985 0.00542924 -0.000293763 -0.00542876 0.999985 0.0338486 0.217944 -0.42393
FixedParameters: 0 0 0

#Transform 53
Transform: AffineTransform_float_3_3
Parameters: 0.999999 -0.000769895 0.000451102 0.000767209 0.999981 0.00619898 -0.000456465 -0.00619902 0.999981 0.0371771 0.226756 -0.43303
FixedParameters: 0 0 0

#Transform 54
Transform: AffineTransform_float_3_3
Parameters: 0.999999 -0.000842827 0.000318853 0.000840406 0.999985 0.0055029 -0.000323139 -0.0055031 0.999985 0.0384521 0.24172 -0.410269
FixedParameters: 0 0 0

#Transform 55
Transform: AffineTransform_float_3_3
Parameters: 1 -0.000992967 0.000369792 0.000990109 0.999982 0.005869 -0.00037554 -0.005869 0.999983 0.0424773 0.227311 -0.423033
FixedParameters: 0 0 0

#Transform 56
Transform: AffineTransform_float_3_3
Parameters: 0.999999 -0.000838591 0.000268443 0.000836408 0.999982 0.00607869 -0.000273648 -0.00607831 0.999981 0.0380735 0.224812 -0.414334
FixedParameters: 0 0 0

#Transform 57
Transform: AffineTransform_float_3_3
Parameters: 1 -0.00106547 0.000248525 0.00106396 0.999982 0.0059969 -0.000255405 -0.0059971 0.999982 0.0436704 0.223755 -0.429138
FixedParameters: 0 0 0

#Transform 58
Transform: AffineTransform_float_3_3
Parameters: 1 -0.00113231 0.000460492 0.00112968 0.999979 0.00633516 -0.000467507 -0.00633485 0.99998 0.0462818 0.231713 -0.425371
FixedParameters: 0 0 0

#Transform 59
Transform: AffineTransform_float_3_3
Parameters: 0.999999 -0.00116655 0.000381964 0.00116471 0.999981 0.00606308 -0.000389699 -0.00606292 0.999981 0.0467129 0.2229 -0.409082
FixedParameters: 0 0 0

#Transform 60
Transform: AffineTransform_float_3_3
Parameters: 0.999999 -0.00088764 0.000231038 0.000886377 0.999982 0.00595521 -0.000235712 -0.00595479 0.999982 0.03249 0.214422 -0.409316
FixedParameters: 0 0 0

#Transform 61
Transform: AffineTransform_float_3_3
Parameters: 0.999999 -0.00117182 0.000369818 0.00117039 0.999979 0.00625844 -0.000377162 -0.00625756 0.999981 0.046804 0.227964 -0.415973
FixedParameters: 0 0 0

#Transform 62
Transform: AffineTransform_float_3_3
Parameters: 0.999999 -0.0012229 0.000252667 0.00122169 0.99998 0.00609831 -0.00026077 -0.00609769 0.999982 0.0474851 0.245922 -0.409685
FixedParameters: 0 0 0

#Transform 63
Transform: AffineTransform_float_3_3
Parameters: 0.999999 -0.00115201 0.000415224 0.00114968 0.999978 0.00663411 -0.00042318 -0.00663389 0.999978 0.0465046 0.231194 -0.438527
FixedParameters: 0 0 0

#Transform 64
Transform: AffineTransform_float_3_3
Parameters: 1 -0.00110619 0.000194892 0.00110466 0.999979 0.00639885 -0.000201829 -0.00639915 0.999979 0.0476226 0.244907 -0.423715
FixedParameters: 0 0 0

#Transform 65
Transform: AffineTransform_float_3_3
Parameters: 0.999999 -0.00118229 0.000345687 0.00118007 0.999978 0.00650804 -0.000353342 -0.00650796 0.999979 0.0469287 0.226733 -0.439167
FixedParameters: 0 0 0

#Transform 66
Transform: AffineTransform_float_3_3
Parameters: 0.999999 -0.00117178 0.000369931 0.00117001 0.99998 0.00616207 -0.000377962 -0.00616193 0.999981 0.0467682 0.239131 -0.409811
FixedParameters: 0 0 0

#Transform 67
Transform: AffineTransform_float_3_3
Parameters: 0.999999 -0.0013038 0.000459956 0.00130026 0.99998 0.00631407 -0.000468678 -0.00631293 0.99998 0.0504727 0.243367 -0.425641
FixedParameters: 0 0 0

#Transform 68
Transform: AffineTransform_float_3_3
Parameters: 1 -0.00113023 0.000465274 0.00112729 0.999981 0.00616016 -0.00047278 -0.00615984 0.999981 0.0394551 0.250372 -0.415987
FixedParameters: 0 0 0

#Transform 69
Transform: AffineTransform_float_3_3
Parameters: 0.999999 -0.00120511 0.000293886 0.00120384 0.999985 0.00536498 -0.000300005 -0.00536501 0.999985 0.0472516 0.252973 -0.4075
FixedParameters: 0 0 0

#Transform 70
Transform: AffineTransform_float_3_3
Parameters: 0.999999 -0.00116071 0.000395262 0.0011588 0.999979 0.0064531 -0.000402916 -0.00645291 0.999979 0.046625 0.255578 -0.438259
FixedParameters: 0 0 0

#Transform 71
Transform: AffineTransform_float_3_3
Parameters: 0.999999 -0.00129741 0.00060734 0.00129396 0.999977 0.00654542 -0.000616477 -0.00654457 0.999978 0.0509451 0.264862 -0.441442
FixedParameters: 0 0 0

#Transform 72
Transform: AffineTransform_float_3_3
Parameters: 0.999998 -0.0014378 0.000740923 0.00143198 0.999975 0.0068887 -0.000750634 -0.0068873 0.999976 0.0550993 0.250011 -0.479191
FixedParameters: 0 0 0

#Transform 73
Transform: AffineTransform_float_3_3
Parameters: 0.999999 -0.00140205 0.000725331 0.00139641 0.999975 0.00691565 -0.000734626 -0.00691435 0.999976 0.0541297 0.256873 -0.47427
FixedParameters: 0 0 0

#Transform 74
Transform: AffineTransform_float_3_3
Parameters: 0.999999 -0.00140274 0.000473094 0.00139954 0.999977 0.0066333 -0.000482134 -0.0066327 0.999978 0.0529966 0.256876 -0.44297
FixedParameters: 0 0 0

#Transform 75
Transform: AffineTransform_float_3_3
Parameters: 0.999999 -0.00122268 0.000468265 0.00121964 0.999975 0.00707104 -0.000477305 -0.00706996 0.999975 0.0484362 0.262188 -0.478932
FixedParameters: 0 0 0

#Transform 76
Transform: AffineTransform_float_3_3
Parameters: 0.999999 -0.00146308 0.00055242 0.00145899 0.999976 0.00685307 -0.000561984 -0.00685293 0.999976 0.0572261 0.258947 -0.464254
FixedParameters: 0 0 0

#Transform 77
Transform: AffineTransform_float_3_3
Parameters: 0.999998 -0.00142314 0.000734519 0.0014183 0.999975 0.00690468 -0.000744485 -0.00690332 0.999976 0.0546615 0.261452 -0.471443
FixedParameters: 0 0 0

#Transform 78
Transform: AffineTransform_float_3_3
Parameters: 0.999998 -0.00157377 0.00056115 0.00156986 0.999975 0.00694135 -0.000571592 -0.00693964 0.999975 0.0575316 0.253452 -0.478793
FixedParameters: 0 0 0

#Transform 79
Transform: AffineTransform_float_3_3
Parameters: 0.999998 -0.00155444 0.00051296 0.00155071 0.999977 0.00662243 -0.000523975 -0.00662156 0.999978 0.0567702 0.268601 -0.479087
FixedParameters: 0 0 0

#Transform 80
Transform: AffineTransform_float_3_3
Parameters: 0.999999 -0.00130946 0.00050692 0.00130526 0.999974 0.0071743 -0.000516131 -0.00717371 0.999974 0.0508046 0.26201 -0.497849
FixedParameters: 0 0 0

#Transform 81
Transform: AffineTransform_float_3_3
Parameters: 0.999998 -0.00149255 0.00064511 0.00148698 0.999972 0.0073196 -0.000655542 -0.0073184 0.999973 0.0559431 0.257962 -0.509213
FixedParameters: 0 0 0

#Transform 82
Transform: AffineTransform_float_3_3
Parameters: 0.999998 -0.00183163 0.000574985 0.00182782 0.999973 0.00701669 -0.00058837 -0.00701531 0.999976 0.0639345 0.266679 -0.502788
FixedParameters: 0 0 0

#Transform 83
Transform: AffineTransform_float_3_3
Parameters: 0.999998 -0.00152494 0.000565566 0.00152112 0.999972 0.00723349 -0.000577542 -0.00723249 0.999974 0.0462518 0.261447 -0.505109
FixedParameters: 0 0 0

#Transform 84
Transform: AffineTransform_float_3_3
Parameters: 0.999999 -0.001479 0.000362784 0.00147605 0.999974 0.00701818 -0.00037357 -0.00701783 0.999976 0.0542554 0.27619 -0.468813
FixedParameters: 0 0 0

#Transform 85
Transform: AffineTransform_float_3_3
Parameters: 0.999998 -0.00154789 0.000485162 0.00154481 0.999973 0.00716623 -0.000495947 -0.00716478 0.999974 0.0565833 0.253786 -0.477971
FixedParameters: 0 0 0

#Transform 86
Transform: AffineTransform_float_3_3
Parameters: 0.999998 -0.00152504 0.000680774 0.00151966 0.999971 0.00745867 -0.00069251 -0.00745732 0.999972 0.0476816 0.25684 -0.49393
FixedParameters: 0 0 0

#Transform 87
Transform: AffineTransform_float_3_3
Parameters: 0.999998 -0.00188839 0.000705264 0.00188305 0.999973 0.0070926 -0.000718807 -0.0070914 0.999975 0.0599966 0.271213 -0.470847
FixedParameters: 0 0 0

#Transform 88
Transform: AffineTransform_float_3_3
Parameters: 0.999998 -0.00219844 0.000706868 0.00219287 0.999972 0.00714967 -0.000722821 -0.00714734 0.999974 0.076129 0.264012 -0.486855
FixedParameters: 0 0 0

#Transform 89
Transform: AffineTransform_float_3_3
Parameters: 0.999998 -0.00188742 0.000674775 0.0018812 0.999971 0.00738154 -0.000688982 -0.00738045 0.999972 0.0638269 0.261618 -0.48045
FixedParameters: 0 0 0

#Transform 90
Transform: AffineTransform_float_3_3
Parameters: 0.999998 -0.00188842 0.00040402 0.0018854 0.999972 0.00724403 -0.000417343 -0.00724396 0.999974 0.0617309 0.262683 -0.461953
FixedParameters: 0 0 0

#Transform 91
Transform: AffineTransform_float_3_3
Parameters: 0.999998 -0.00208687 0.0010214 0.00207942 0.999969 0.00761004 -0.00103705 -0.00760797 0.999971 0.064894 0.261968 -0.506393
FixedParameters: 0 0 0

#Transform 92
Transform: AffineTransform_float_3_3
Parameters: 0.999997 -0.00219043 0.00106658 0.00218247 0.999969 0.00752223 -0.00108342 -0.00751976 0.999971 0.0692291 0.265671 -0.491807
FixedParameters: 0 0 0

#Transform 93
Transform: AffineTransform_float_3_3
Parameters: 0.999997 -0.00238519 0.000793818 0.00237915 0.99997 0.00742764 -0.00081102 -0.00742537 0.999972 0.0751605 0.271098 -0.499543
FixedParameters: 0 0 0

#Transform 94
Transform: AffineTransform_float_3_3
Parameters: 0.999997 -0.00260623 0.000831819 0.00259875 0.999966 0.00786571 -0.000852342 -0.00786429 0.999969 0.0879714 0.275267 -0.517264
FixedParameters: 0 0 0

#Transform 95
Transform: AffineTransform_float_3_3
Parameters: 0.999996 -0.00258172 0.00102157 0.00257463 0.999968 0.00756455 -0.00104137 -0.00756145 0.999971 0.0916721 0.292755 -0.511169
FixedParameters: 0 0 0

#Transform 96
Transform: AffineTransform_float_3_3
Parameters: 0.999996 -0.00280421 0.00101591 0.00279594 0.99996 0.00850386 -0.00104026 -0.00850114 0.999963 0.102751 0.283566 -0.550464
FixedParameters: 0 0 0

#Transform 97
Transform: AffineTransform_float_3_3
Parameters: 0.999996 -0.00256484 0.00108554 0.00255541 0.999964 0.00813932 -0.00110578 -0.00813668 0.999966 0.0941795 0.284464 -0.528965
FixedParameters: 0 0 0

#Transform 98
Transform: AffineTransform_float_3_3
Parameters: 0.999996 -0.00259633 0.00103302 0.00258847 0.999964 0.00803522 -0.00105457 -0.00803277 0.999967 0.097177 0.283837 -0.530954
FixedParameters: 0 0 0

#Transform 99
Transform: AffineTransform_float_3_3
Parameters: 0.999997 -0.00256476 0.000854361 0.00255772 0.999963 0.00816957 -0.00087528 -0.00816743 0.999966 0.0857529 0.291344 -0.529308
FixedParameters: 0 0 0

#Transform 100
Transform: AffineTransform_float_3_3
Parameters: 0.999996 -0.00257449 0.00123173 0.00256385 0.999964 0.0080377 -0.00125199 -0.00803429 0.999967 0.0935075 0.292705 -0.530752
FixedParameters: 0 0 0

#Transform 101
Transform: AffineTransform_float_3_3
Parameters: 0.999996 -0.00260718 0.000970315 0.00259952 0.999965 0.00798108 -0.000991346 -0.00797893 0.999968 0.0926398 0.298982 -0.525538
FixedParameters: 0 0 0

#Transform 102
Transform: AffineTransform_float_3_3
Parameters: 0.999996 -0.00268019 0.000801721 0.00267429 0.999963 0.00824153 -0.000824007 -0.00823947 0.999966 0.0981302 0.300627 -0.538942
FixedParameters: 0 0 0

#Transform 103
Transform: AffineTransform_float_3_3
Parameters: 0.999997 -0.00240601 0.00115783 0.00239639 0.999962 0.00832869 -0.00117812 -0.00832531 0.999965 0.0817546 0.2964 -0.539032
FixedParameters: 0 0 0

#Transform 104
Transform: AffineTransform_float_3_3
Parameters: 0.999996 -0.0027068 0.000830904 0.00270053 0.999963 0.00817162 -0.000853247 -0.00816936 0.999966 0.0972104 0.298465 -0.522985
FixedParameters: 0 0 0

#Transform 105
Transform: AffineTransform_float_3_3
Parameters: 0.999996 -0.00253433 0.00114593 0.00252401 0.999959 0.00866498 -0.00116781 -0.00866202 0.999962 0.0895108 0.297177 -0.549831
FixedParameters: 0 0 0

#Transform 106
Transform: AffineTransform_float_3_3
Parameters: 0.999996 -0.00286626 0.00112671 0.00285618 0.999957 0.00882141 -0.00115209 -0.0088186 0.999961 0.0884654 0.307114 -0.564535
FixedParameters: 0 0 0

#Transform 107
Transform: AffineTransform_float_3_3
Parameters: 0.999995 -0.00279851 0.000958536 0.00279046 0.999959 0.00863286 -0.0009822 -0.00863114 0.999962 0.096963 0.315431 -0.572119
FixedParameters: 0 0 0

#Transform 108
Transform: AffineTransform_float_3_3
Parameters: 0.999994 -0.00300667 0.00141429 0.00299247 0.999951 0.00936759 -0.00144213 -0.0093634 0.999955 0.104229 0.320089 -0.607134
FixedParameters: 0 0 0

#Transform 109
Transform: AffineTransform_float_3_3
Parameters: 0.999994 -0.00303887 0.00123896 0.00302762 0.999955 0.00897858 -0.00126558 -0.00897543 0.999959 0.0983713 0.328882 -0.586302
FixedParameters: 0 0 0

#Transform 110
Transform: AffineTransform_float_3_3
Parameters: 0.999994 -0.00323059 0.00130192 0.003218 0.999951 0.00935503 -0.00133257 -0.00935098 0.999956 0.102859 0.331323 -0.60908
FixedParameters: 0 0 0

#Transform 111
Transform: AffineTransform_float_3_3
Parameters: 0.999994 -0.00309158 0.00145215 0.00307853 0.999954 0.00904947 -0.00148004 -0.00904554 0.999958 0.10796 0.331532 -0.594364
FixedParameters: 0 0 0

#Transform 112
Transform: AffineTransform_float_3_3
Parameters: 0.999995 -0.00286199 0.00135319 0.00284977 0.999955 0.00896221 -0.00137918 -0.00895878 0.999959 0.103082 0.326776 -0.594595
FixedParameters: 0 0 0

#Transform 113
Transform: AffineTransform_float_3_3
Parameters: 0.999994 -0.00309233 0.00145057 0.0030786 0.99995 0.00956231 -0.0014798 -0.00955771 0.999953 0.0973468 0.328269 -0.616428
FixedParameters: 0 0 0

#Transform 114
Transform: AffineTransform_float_3_3
Parameters: 0.999994 -0.0030913 0.00145275 0.0030784 0.999956 0.0088563 -0.00148036 -0.0088517 0.999959 0.112336 0.331263 -0.580711
FixedParameters: 0 0 0

#Transform 115
Transform: AffineTransform_float_3_3
Parameters: 0.999994 -0.00309129 0.00145277 0.00307841 0.999956 0.00884946 -0.00148034 -0.00884553 0.99996 0.100571 0.318001 -0.572628
FixedParameters: 0 0 0

#Transform 116
Transform: AffineTransform_float_3_3
Parameters: 0.999994 -0.00322443 0.00130872 0.00321261 0.999955 0.00887003 -0.00133706 -0.00886596 0.99996 0.106629 0.323072 -0.562588
FixedParameters: 0 0 0

#Transform 117
Transform: AffineTransform_float_3_3
Parameters: 0.999995 -0.0030326 0.00142725 0.00302008 0.999956 0.0088853 -0.001454 -0.00888169 0.999959 0.117758 0.314059 -0.570043
FixedParameters: 0 0 0

#Transform 118
Transform: AffineTransform_float_3_3
Parameters: 0.999994 -0.00328614 0.001534 0.00327141 0.999948 0.00962565 -0.00156551 -0.00962135 0.999953 0.110183 0.319846 -0.620172
FixedParameters: 0 0 0

#Transform 119
Transform: AffineTransform_float_3_3
Parameters: 0.999993 -0.00337301 0.00121931 0.00336163 0.99995 0.00944278 -0.001251 -0.00943823 0.999955 0.126957 0.331098 -0.600231
FixedParameters: 0 0 0

#Transform 120
Transform: AffineTransform_float_3_3
Parameters: 0.999993 -0.00357403 0.00153321 0.00355973 0.999947 0.00957993 -0.00156679 -0.00957406 0.999953 0.125187 0.330831 -0.62236
FixedParameters: 0 0 0

#Transform 121
Transform: AffineTransform_float_3_3
Parameters: 0.999993 -0.003345 0.00155916 0.00332998 0.999948 0.00968767 -0.0015913 -0.00968234 0.999952 0.12814 0.334909 -0.622535
FixedParameters: 0 0 0

#Transform 122
Transform: AffineTransform_float_3_3
Parameters: 0.999994 -0.00332733 0.0015521 0.0033125 0.999949 0.00954615 -0.00158387 -0.00954085 0.999954 0.121045 0.343732 -0.63025
FixedParameters: 0 0 0

#Transform 123
Transform: AffineTransform_float_3_3
Parameters: 0.999993 -0.00325645 0.00142111 0.00324226 0.999946 0.00987145 -0.00145325 -0.00986656 0.999951 0.119255 0.339623 -0.640276
FixedParameters: 0 0 0

#Transform 124
Transform: AffineTransform_float_3_3
Parameters: 0.999994 -0.0033585 0.00148998 0.00334404 0.999951 0.00937946 -0.00152174 -0.00937455 0.999955 0.116378 0.343066 -0.618066
FixedParameters: 0 0 0

#Transform 125
Transform: AffineTransform_float_3_3
Parameters: 0.999993 -0.00324704 0.00140253 0.00323376 0.99995 0.00940137 -0.00143327 -0.00939662 0.999955 0.119215 0.325358 -0.609085
FixedParameters: 0 0 0

#Transform 126
Transform: AffineTransform_float_3_3
Parameters: 0.999992 -0.00350306 0.0015109 0.00348891 0.99995 0.00941038 -0.00154377 -0.00940563 0.999954 0.129079 0.345156 -0.617788
FixedParameters: 0 0 0

#Transform 127
Transform: AffineTransform_float_3_3
Parameters: 0.999993 -0.00368746 0.00134622 0.00367516 0.999949 0.0094869 -0.0013805 -0.00948211 0.999954 0.123265 0.341236 -0.618259
FixedParameters: 0 0 0

#Transform 128
Transform: AffineTransform_float_3_3
Parameters: 0.999992 -0.00374082 0.00149509 0.0037261 0.99995 0.00935752 -0.00152939 -0.00935149 0.999955 0.125329 0.348672 -0.619688
FixedParameters: 0 0 0

#Transform 129
Transform: AffineTransform_float_3_3
Parameters: 0.999993 -0.00355037 0.00160836 0.00353238 0.999939 0.0105118 -0.00164622 -0.0105062 0.999943 0.131524 0.333393 -0.664002
FixedParameters: 0 0 0

#Transform 130
Transform: AffineTransform_float_3_3
Parameters: 0.999993 -0.00353329 0.00124878 0.00352034 0.999943 0.0101097 -0.00128412 -0.0101053 0.999948 0.125467 0.339837 -0.655107
FixedParameters: 0 0 0

#Transform 131
Transform: AffineTransform_float_3_3
Parameters: 0.999993 -0.00344539 0.00142485 0.00342993 0.999938 0.0105174 -0.00146108 -0.0105126 0.999943 0.136196 0.332084 -0.711917
FixedParameters: 0 0 0

#Transform 132
Transform: AffineTransform_float_3_3
Parameters: 0.999993 -0.00365957 0.00128616 0.00364536 0.999932 0.0110576 -0.00132639 -0.0110534 0.999938 0.133025 0.360273 -0.708144
FixedParameters: 0 0 0

#Transform 133
Transform: AffineTransform_float_3_3
Parameters: 0.999993 -0.00353536 0.00129421 0.00352081 0.999937 0.0106689 -0.00133169 -0.0106641 0.999942 0.126857 0.358499 -0.681296
FixedParameters: 0 0 0

#Transform 134
Transform: AffineTransform_float_3_3
Parameters: 0.999993 -0.00345943 0.00146048 0.00344257 0.999934 0.0110031 -0.00149852 -0.0109989 0.999938 0.125219 0.355448 -0.702669
FixedParameters: 0 0 0

#Transform 135
Transform: AffineTransform_float_3_3
Parameters: 0.999993 -0.0035528 0.00125367 0.00353902 0.999936 0.0107037 -0.00129178 -0.0106992 0.999942 0.129543 0.36407 -0.674617
FixedParameters: 0 0 0

#Transform 136
Transform: AffineTransform_float_3_3
Parameters: 0.999993 -0.00337737 0.00124397 0.00336333 0.999938 0.0105809 -0.00127932 -0.0105761 0.999943 0.116733 0.362879 -0.665006
FixedParameters: 0 0 0

#Transform 137
Transform: AffineTransform_float_3_3
Parameters: 0.999993 -0.00344054 0.00137284 0.00342593 0.999937 0.0107482 -0.00140965 -0.0107438 0.999942 0.127056 0.348093 -0.694238
FixedParameters: 0 0 0

#Transform 138
Transform: AffineTransform_float_3_3
Parameters: 0.999992 -0.00358092 0.00136276 0.00356587 0.999934 0.0109432 -0.00140174 -0.0109378 0.999939 0.129552 0.359575 -0.693746
FixedParameters: 0 0 0

#Transform 139
Transform: AffineTransform_float_3_3
Parameters: 0.999993 -0.00358408 0.00102677 0.00357304 0.999937 0.0106452 -0.00106526 -0.0106408 0.999943 0.137945 0.364443 -0.673665
FixedParameters: 0 0 0

#Transform 140
Transform: AffineTransform_float_3_3
Parameters: 0.999992 -0.00387694 0.0013706 0.00386173 0.999934 0.0108837 -0.00141337 -0.0108783 0.999939 0.137401 0.367554 -0.688709
FixedParameters: 0 0 0

#Transform 141
Transform: AffineTransform_float_3_3
Parameters: 0.999991 -0.00400744 0.00137034 0.00399104 0.999926 0.0115511 -0.00141721 -0.0115459 0.999933 0.146148 0.366101 -0.709145
FixedParameters: 0 0 0

#Transform 142
Transform: AffineTransform_float_3_3
Parameters: 0.999994 -0.0033826 0.0013103 0.00336962 0.99994 0.0103449 -0.00134499 -0.0103411 0.999945 0.123403 0.362112 -0.676053
FixedParameters: 0 0 0

#Transform 143
Transform: AffineTransform_float_3_3
Parameters: 0.999993 -0.00355751 0.00106156 0.00354395 0.999919 0.0121475 -0.00110424 -0.0121435 0.999926 0.12674 0.371878 -0.751928
FixedParameters: 0 0 0

#Transform 144
Transform: AffineTransform_float_3_3
Parameters: 0.999994 -0.0033619 0.00107411 0.00334928 0.999925 0.0116903 -0.00111345 -0.0116867 0.999931 0.136425 0.371608 -0.742032
FixedParameters: 0 0 0

#Transform 145
Transform: AffineTransform_float_3_3
Parameters: 0.999994 -0.00332086 0.0015477 0.00330152 0.999918 0.0124046 -0.00158819 -0.0123994 0.999922 0.12343 0.370466 -0.780571
FixedParameters: 0 0 0

#Transform 146
Transform: AffineTransform_float_3_3
Parameters: 0.999994 -0.00327778 0.00127002 0.00326315 0.999924 0.0119148 -0.00130914 -0.0119102 0.999928 0.116612 0.377588 -0.729715
FixedParameters: 0 0 0

#Transform 147
Transform: AffineTransform_float_3_3
Parameters: 0.999992 -0.00376363 0.00144356 0.00374562 0.999916 0.0124244 -0.00149032 -0.0124186 0.999921 0.13089 0.352878 -0.72221
FixedParameters: 0 0 0

#Transform 148
Transform: AffineTransform_float_3_3
Parameters: 0.999992 -0.0038715 0.00147614 0.00385308 0.999914 0.0125507 -0.00152472 -0.0125443 0.99992 0.12993 0.373592 -0.734394
FixedParameters: 0 0 0

#Transform 149
Transform: AffineTransform_float_3_3
Parameters: 0.999993 -0.00356857 0.0012135 0.00355424 0.999921 0.0120705 -0.0012571 -0.0120655 0.999926 0.129716 0.389208 -0.725281
FixedParameters: 0 0 0

#Transform 150
Transform: AffineTransform_float_3_3
Parameters: 0.999993 -0.00356098 0.00153316 0.0035406 0.999913 0.0126419 -0.00157772 -0.0126361 0.999919 0.125311 0.389196 -0.760315
FixedParameters: 0 0 0

#Transform 151
Transform: AffineTransform_float_3_3
Parameters: 0.999992 -0.00372619 0.00139141 0.00370832 0.999919 0.0122221 -0.00143716 -0.0122169 0.999925 0.132475 0.391363 -0.766054
FixedParameters: 0 0 0

#Transform 152
Transform: AffineTransform_float_3_3
Parameters: 0.999992 -0.00377567 0.00147619 0.00375599 0.999907 0.0131025 -0.00152559 -0.0130965 0.999913 0.143647 0.376764 -0.801761
FixedParameters: 0 0 0

#Transform 153
Transform: AffineTransform_float_3_3
Parameters: 0.999992 -0.003698 0.00166298 0.00367598 0.999905 0.0132793 -0.00171191 -0.0132727 0.99991 0.139795 0.382044 -0.80185
FixedParameters: 0 0 0

#Transform 154
Transform: AffineTransform_float_3_3
Parameters: 0.999992 -0.00383597 0.00162769 0.00381502 0.999909 0.01296 -0.00167746 -0.012954 0.999915 0.151062 0.383651 -0.794575
FixedParameters: 0 0 0

#Transform 155
Transform: AffineTransform_float_3_3
Parameters: 0.99999 -0.00429194 0.00172869 0.00426823 0.9999 0.0134905 -0.00178574 -0.0134836 0.999908 0.157668 0.396951 -0.815613
FixedParameters: 0 0 0

#Transform 156
Transform: AffineTransform_float_3_3
Parameters: 0.999992 -0.00395765 0.0012923 0.00394066 0.999908 0.0130129 -0.00134366 -0.0130071 0.999915 0.150631 0.406016 -0.800105
FixedParameters: 0 0 0

#Transform 157
Transform: AffineTransform_float_3_3
Parameters: 0.999989 -0.00429866 0.00147815 0.0042773 0.99989 0.0141614 -0.00153904 -0.0141546 0.999898 0.157943 0.399664 -0.840233
FixedParameters: 0 0 0

#Transform 158
Transform: AffineTransform_float_3_3
Parameters: 0.999991 -0.00410805 0.00154564 0.00408669 0.9999 0.0135146 -0.00160122 -0.0135084 0.999907 0.158201 0.409852 -0.824567
FixedParameters: 0 0 0

#Transform 159
Transform: AffineTransform_float_3_3
Parameters: 0.99999 -0.00411498 0.00174328 0.00409056 0.999897 0.0137326 -0.00179885 -0.0137254 0.999904 0.157388 0.401241 -0.863551
FixedParameters: 0 0 0

#Transform 160
Transform: AffineTransform_float_3_3
Parameters: 0.99999 -0.00421253 0.00160384 0.00418967 0.999895 0.013851 -0.0016623 -0.013844 0.999903 0.156553 0.40604 -0.861957
FixedParameters: 0 0 0

#Transform 161
Transform: AffineTransform_float_3_3
Parameters: 0.99999 -0.0041364 0.00162934 0.00411326 0.999893 0.0140011 -0.00168733 -0.0139949 0.999901 0.158011 0.38948 -0.850762
FixedParameters: 0 0 0

#Transform 162
Transform: AffineTransform_float_3_3
Parameters: 0.999989 -0.00414227 0.0019904 0.00411283 0.99989 0.0142618 -0.00204949 -0.0142532 0.999897 0.16017 0.4029 -0.899281
FixedParameters: 0 0 0

#Transform 163
Transform: AffineTransform_float_3_3
Parameters: 0.999989 -0.00422273 0.0016972 0.00419887 0.999898 0.0136612 -0.00175473 -0.0136548 0.999905 0.174334 0.423096 -0.85027
FixedParameters: 0 0 0

#Transform 164
Transform: AffineTransform_float_3_3
Parameters: 0.999988 -0.00428077 0.00210659 0.00425067 0.999891 0.0141382 -0.00216622 -0.0141288 0.999898 0.177626 0.41708 -0.880605
FixedParameters: 0 0 0

#Transform 165
Transform: AffineTransform_float_3_3
Parameters: 0.99999 -0.00418776 0.00190928 0.00415928 0.999885 0.0145782 -0.00197009 -0.0145708 0.999892 0.158882 0.422537 -0.876826
FixedParameters: 0 0 0

#Transform 166
Transform: AffineTransform_float_3_3
Parameters: 0.999989 -0.00432738 0.00186722 0.0043009 0.999892 0.0140271 -0.00192788 -0.0140189 0.9999 0.169792 0.423224 -0.864549
FixedParameters: 0 0 0

#Transform 167
Transform: AffineTransform_float_3_3
Parameters: 0.999988 -0.0044602 0.00200457 0.00443045 0.999884 0.0145906 -0.00206975 -0.0145814 0.999891 0.170037 0.431457 -0.893201
FixedParameters: 0 0 0

#Transform 168
Transform: AffineTransform_float_3_3
Parameters: 0.999988 -0.00444958 0.00170316 0.00442538 0.999895 0.0137835 -0.00176482 -0.0137755 0.999904 0.173694 0.430024 -0.861258
FixedParameters: 0 0 0

#Transform 169
Transform: AffineTransform_float_3_3
Parameters: 0.999988 -0.00452343 0.00175156 0.00449766 0.999888 0.0142924 -0.00181617 -0.0142846 0.999896 0.174919 0.43533 -0.871028
FixedParameters: 0 0 0

#Transform 170
Transform: AffineTransform_float_3_3
Parameters: 0.999988 -0.00447596 0.00170249 0.00445221 0.999895 0.0137775 -0.00176391 -0.0137695 0.999904 0.173163 0.432778 -0.852886
FixedParameters: 0 0 0

#Transform 171
Transform: AffineTransform_float_3_3
Parameters: 0.999989 -0.00445913 0.00179271 0.00443371 0.999885 0.0144879 -0.00185712 -0.0144791 0.999893 0.172272 0.427602 -0.892496
FixedParameters: 0 0 0

#Transform 172
Transform: AffineTransform_float_3_3
Parameters: 0.999989 -0.00433729 0.00184144 0.00431145 0.99989 0.014154 -0.00190257 -0.014146 0.999898 0.166653 0.43589 -0.866817
FixedParameters: 0 0 0

#Transform 173
Transform: AffineTransform_float_3_3
Parameters: 0.99999 -0.00385075 0.00199922 0.00381995 0.999878 0.0150918 -0.00205624 -0.0150842 0.999884 0.149471 0.392238 -0.880536
FixedParameters: 0 0 0

#Transform 174
Transform: AffineTransform_float_3_3
Parameters: 0.99999 -0.00411351 0.00174161 0.00408845 0.999888 0.0143949 -0.00180114 -0.0143871 0.999895 0.155266 0.425952 -0.85858
FixedParameters: 0 0 0

#Transform 175
Transform: AffineTransform_float_3_3
Parameters: 0.999988 -0.0044588 0.0019875 0.00442897 0.99988 0.0148295 -0.00205384 -0.0148205 0.999888 0.169385 0.424968 -0.89152
FixedParameters: 0 0 0

#Transform 176
Transform: AffineTransform_float_3_3
Parameters: 0.999988 -0.00450615 0.00195797 0.00447609 0.999878 0.0149735 -0.00202569 -0.0149645 0.999886 0.1696 0.44905 -0.882763
FixedParameters: 0 0 0

#Transform 177
Transform: AffineTransform_float_3_3
Parameters: 0.999987 -0.00481928 0.00195265 0.00479155 0.999887 0.0142932 -0.00202192 -0.0142838 0.999896 0.184013 0.461371 -0.875791
FixedParameters: 0 0 0

#Transform 178
Transform: AffineTransform_float_3_3
Parameters: 0.999988 -0.00457164 0.0020494 0.00453925 0.99987 0.0154721 -0.00212034 -0.0154619 0.999878 0.180592 0.439576 -0.918651
FixedParameters: 0 0 0

#Transform 179
Transform: AffineTransform_float_3_3
Parameters: 0.999987 -0.00468613 0.00199469 0.00465592 0.999884 0.0145137 -0.0020631 -0.0145043 0.999892 0.177247 0.456581 -0.874168
FixedParameters: 0 0 0
