#Insight Transform File V1.0
#Transform 0
Transform: AffineTransform_float_3_3
Parameters: 1 0.000491625 0.00013649 -0.000491442 0.999999 -0.000668067 -0.000137147 0.000667932 1 -0.0927946 -0.2057 -0.367931
FixedParameters: 0 0 0

#Transform 1
Transform: AffineTransform_float_3_3
Parameters: 0.999999 7.6416e-05 0.000791824 -8.07847e-05 0.999986 0.00533093 -0.000791628 -0.00533106 0.999985 -6.82748e-05 0.024002 0.263643
FixedParameters: 0 0 0

#Transform 2
Transform: AffineTransform_float_3_3
Parameters: 0.999998 0.000537908 0.00180532 -0.00054705 0.999987 0.00493789 -0.00180256 -0.00493911 0.999986 -0.0251085 0.0563697 0.182816
FixedParameters: 0 0 0

#Transform 3
Transform: AffineTransform_float_3_3
Parameters: 0.999999 0.000912614 0.000951462 -0.000915424 0.999995 0.00300398 -0.000949374 -0.00300502 0.999995 -0.017307 0.0738141 0.0954037
FixedParameters: 0 0 0

#Transform 4
Transform: AffineTransform_float_3_3
Parameters: 1 0.000686337 0.000985682 -0.000687531 0.999998 0.00200768 -0.000984095 -0.00200832 0.999998 -0.00912419 0.105876 0.036743
FixedParameters: 0 0 0

#Transform 5
Transform: AffineTransform_float_3_3
Parameters: 0.999999 0.00109458 0.00110086 -0.00109706 0.999998 0.00178616 -0.00109865 -0.00178785 0.999998 -0.0116178 0.105772 0.0320141
FixedParameters: 0 0 0

#Transform 6
Transform: AffineTransform_float_3_3
Parameters: 0.999997 0.00163928 0.00137014 -0.00164127 0.999997 0.00178496 -0.00136769 -0.00178804 0.999997 -0.0411598 0.104095 0.0321704
FixedParameters: 0 0 0

#Transform 7
Transform: AffineTransform_float_3_3
Parameters: 0.999997 0.001615 0.00194959 -0.001617 0.999998 0.000883417 -0.00194843 -0.000887583 0.999998 -0.0315437 0.111983 -0.0176296
FixedParameters: 0 0 0

#Transform 8
Transform: AffineTransform_float_3_3
Parameters: 0.999997 0.00193193 0.00142565 -0.00193412 0.999996 0.00178466 -0.00142215 -0.00178734 0.999998 -0.0350118 0.110694 0.0223389
FixedParameters: 0 0 0

#Transform 9
Transform: AffineTransform_float_3_3
Parameters: 0.999998 0.00184603 0.00136767 -0.0018475 0.999997 0.00106789 -0.00136542 -0.00107011 0.999999 -0.0366192 0.108062 -0.00910274
FixedParameters: 0 0 0

#Transform 10
Transform: AffineTransform_float_3_3
Parameters: 0.999998 0.0014011 0.00129302 -0.00140281 0.999999 0.000866395 -0.0012919 -0.000868605 0.999999 -0.0272972 0.120881 -0.0230263
FixedParameters: 0 0 0

#Transform 11
Transform: AffineTransform_float_3_3
Parameters: 0.999998 0.00174272 0.00108633 -0.00174292 0.999998 0.000763163 -0.00108537 -0.000764839 0.999999 -0.0293255 0.119989 -0.0209178
FixedParameters: 0 0 0

#Transform 12
Transform: AffineTransform_float_3_3
Parameters: 0.999999 0.00108048 0.00110725 -0.00108157 0.999999 0.00072901 -0.00110699 -0.00072999 0.999999 -0.0191607 0.120437 -0.0205847
FixedParameters: 0 0 0

#Transform 13
Transform: AffineTransform_float_3_3
Parameters: 0.999997 0.00175227 0.00124036 -0.00175358 0.999999 0.000369881 -0.00123998 -0.00037212 0.999999 -0.0254719 0.137331 -0.040704
FixedParameters: 0 0 0

#Transform 14
Transform: AffineTransform_float_3_3
Parameters: 0.999998 0.00175063 0.00102138 -0.00175122 0.999998 0.000995268 -0.00101959 -0.000996733 0.999999 -0.00858151 0.122389 -0.0233306
FixedParameters: 0 0 0

#Transform 15
Transform: AffineTransform_float_3_3
Parameters: 0.999997 0.00185746 0.00153328 -0.00185789 0.999998 0.000139206 -0.00153275 -0.000142793 0.999999 -0.0177744 0.143186 -0.057731
FixedParameters: 0 0 0

#Transform 16
Transform: AffineTransform_float_3_3
Parameters: 0.999997 0.00245621 0.0011427 -0.00245529 0.999997 -0.000233417 -0.00114292 0.000230583 0.999999 -0.0281578 0.151722 -0.071594
FixedParameters: 0 0 0

#Transform 17
Transform: AffineTransform_float_3_3
Parameters: 0.999997 0.00223734 0.00153097 -0.00223777 0.999997 0.000311837 -0.00153087 -0.000315165 0.999999 -0.020238 0.13283 -0.11045
FixedParameters: 0 0 0

#Transform 18
Transform: AffineTransform_float_3_3
Parameters: 0.999996 0.00229686 0.00177125 -0.0022966 0.999997 -7.59591e-05 -0.00177159 7.20395e-05 0.999998 -0.0320586 0.147111 -0.086458
FixedParameters: 0 0 0

#Transform 19
Transform: AffineTransform_float_3_3
Parameters: 0.999995 0.00254392 0.00198323 -0.00254335 0.999996 -0.000279577 -0.00198333 0.000274424 0.999998 -0.0389949 0.152744 -0.0937464
FixedParameters: 0 0 0

#Transform 20
Transform: AffineTransform_float_3_3
Parameters: 0.999997 0.00207135 0.00144219 -0.00207111 0.999998 -8.60852e-05 -0.00144254 8.29135e-05 0.999999 -0.0240806 0.149626 -0.0824531
FixedParameters: 0 0 0

#Transform 21
Transform: AffineTransform_float_3_3
Parameters: 0.999996 0.00189796 0.00178713 -0.00189677 0.999999 -0.000334129 -0.00178839 0.000330868 0.999998 -0.00736652 0.148445 -0.105625
FixedParameters: 0 0 0

#Transform 22
Transform: AffineTransform_float_3_3
Parameters: 0.999997 0.00204605 0.00145247 -0.00204578 0.999998 -0.000411071 -0.00145375 0.000407928 0.999998 -0.0117898 0.158322 -0.0910783
FixedParameters: 0 0 0

#Transform 23
Transform: AffineTransform_float_3_3
Parameters: 0.999996 0.00233124 0.00109287 -0.00233257 0.999996 0.001092 -0.00109039 -0.001095 0.999999 -0.0447495 0.138044 -0.00958562
FixedParameters: 0 0 0

#Transform 24
Transform: AffineTransform_float_3_3
Parameters: 0.999997 0.00200186 0.00147384 -0.00200422 0.999997 0.00147195 -0.00147095 -0.00147505 0.999997 -0.0400275 0.111397 0.0100191
FixedParameters: 0 0 0

#Transform 25
Transform: AffineTransform_float_3_3
Parameters: 0.999998 0.00170782 0.000778583 -0.00170919 0.999997 0.00156437 -0.000775857 -0.00156563 0.999998 -0.0347888 0.135875 -0.00689005
FixedParameters: 0 0 0

#Transform 26
Transform: AffineTransform_float_3_3
Parameters: 0.999997 0.00201563 0.00138151 -0.00201525 0.999998 0.000196118 -0.00138111 -0.000198883 0.999999 -0.0348017 0.163753 -0.046387
FixedParameters: 0 0 0

#Transform 27
Transform: AffineTransform_float_3_3
Parameters: 0.999996 0.00220439 0.00138514 -0.00220371 0.999997 -0.000439152 -0.00138575 0.000435848 0.999999 -0.0247589 0.16796 -0.0908797
FixedParameters: 0 0 0

#Transform 28
Transform: AffineTransform_float_3_3
Parameters: 0.999996 0.00254855 0.00135584 -0.00254833 0.999997 -8.27061e-05 -0.00135625 7.92925e-05 1 -0.0355619 0.171856 -0.0701159
FixedParameters: 0 0 0

#Transform 29
Transform: AffineTransform_float_3_3
Parameters: 0.999996 0.00210668 0.00195516 -0.00210681 0.999998 -0.000103498 -0.00195428 9.95041e-05 0.999999 -0.0148359 0.166676 -0.101068
FixedParameters: 0 0 0

#Transform 30
Transform: AffineTransform_float_3_3
Parameters: 0.999996 0.00216283 0.00137265 -0.00216302 0.999997 -0.000265068 -0.0013734 0.000261932 0.999999 -0.0207089 0.169649 -0.0773202
FixedParameters: 0 0 0

#Transform 31
Transform: AffineTransform_float_3_3
Parameters: 0.999995 0.00237374 0.00232248 -0.00237281 0.999997 -0.000515685 -0.00232321 0.000510316 0.999997 -0.0483458 0.172213 -0.12198
FixedParameters: 0 0 0

#Transform 32
Transform: AffineTransform_float_3_3
Parameters: 0.999996 0.00251823 0.00168181 -0.00251835 0.999997 3.47212e-05 -0.00168162 -3.82793e-05 0.999998 -0.0491149 0.16314 -0.150272
FixedParameters: 0 0 0

#Transform 33
Transform: AffineTransform_float_3_3
Parameters: 0.999995 0.00241961 0.00203125 -0.00241877 0.999997 -0.000565447 -0.00203227 0.000560553 0.999998 -0.0461211 0.187308 -0.118655
FixedParameters: 0 0 0

#Transform 34
Transform: AffineTransform_float_3_3
Parameters: 0.999998 0.00219285 0.000788299 -0.00219326 0.999998 -0.000324547 -0.000789327 0.000322452 0.999999 -0.0444402 0.191127 -0.101092
FixedParameters: 0 0 0

#Transform 35
Transform: AffineTransform_float_3_3
Parameters: 0.999996 0.00221126 0.00131907 -0.00221042 0.999997 -0.000518015 -0.00132004 0.000514984 0.999999 -0.0444192 0.194612 -0.116388
FixedParameters: 0 0 0

#Transform 36
Transform: AffineTransform_float_3_3
Parameters: 0.999996 0.00224386 0.00125363 -0.00224327 0.999998 -0.000814914 -0.00125558 0.000812087 1 -0.0442397 0.184964 -0.118637
FixedParameters: 0 0 0

#Transform 37
Transform: AffineTransform_float_3_3
Parameters: 0.999996 0.00245545 0.000887567 -0.00245452 0.999996 -0.000820639 -0.000890279 0.000818358 0.999999 -0.0444706 0.181946 -0.122751
FixedParameters: 0 0 0

#Transform 38
Transform: AffineTransform_float_3_3
Parameters: 0.999996 0.00255398 0.00111976 -0.00255293 0.999996 -0.000702471 -0.00112202 0.000699526 0.999999 -0.0520921 0.200914 -0.121606
FixedParameters: 0 0 0

#Transform 39
Transform: AffineTransform_float_3_3
Parameters: 0.999997 0.00211855 0.00133036 -0.0021166 0.999997 -0.00112992 -0.00133252 0.00112708 0.999999 -0.0428345 0.188966 -0.153998
FixedParameters: 0 0 0

#Transform 40
Transform: AffineTransform_float_3_3
Parameters: 0.999998 0.00211292 -0.000124259 -0.0021125 0.999995 0.00210776 0.00012778 -0.00210725 0.999998 -0.0494255 0.223381 -0.0430833
FixedParameters: 0 0 0

#Transform 41
Transform: AffineTransform_float_3_3
Parameters: 0.999995 0.00255807 0.0014478 -0.00255734 0.999997 -0.000434955 -0.00144871 0.000431045 0.999999 -0.0716238 0.197075 -0.119368
FixedParameters: 0 0 0

#Transform 42
Transform: AffineTransform_float_3_3
Parameters: 0.999995 0.00280909 0.00139642 -0.00280826 0.999996 -0.000487327 -0.00139783 0.000483671 0.999999 -0.0816061 0.197799 -0.124857
FixedParameters: 0 0 0

#Transform 43
Transform: AffineTransform_float_3_3
Parameters: 0.999994 0.00279215 0.0017456 -0.00279008 0.999995 -0.00116092 -0.00174905 0.00115608 0.999998 -0.0851285 0.195142 -0.14764
FixedParameters: 0 0 0

#Transform 44
Transform: AffineTransform_float_3_3
Parameters: 0.999994 0.00294529 0.00183337 -0.00294518 0.999996 -0.000283597 -0.00183463 0.000278401 0.999998 -0.0967409 0.18224 -0.151541
FixedParameters: 0 0 0

#Transform 45
Transform: AffineTransform_float_3_3
Parameters: 0.999994 0.00291651 0.00144592 -0.00291466 0.999996 -0.000687981 -0.00144768 0.000683018 0.999999 -0.0901265 0.199652 -0.128504
FixedParameters: 0 0 0

#Transform 46
Transform: AffineTransform_float_3_3
Parameters: 0.999994 0.00302465 0.00133106 -0.00302279 0.999994 -0.00129659 -0.00133496 0.00129341 0.999998 -0.0851615 0.189487 -0.159433
FixedParameters: 0 0 0

#Transform 47
Transform: AffineTransform_float_3_3
Parameters: 0.999993 0.00349085 0.00115549 -0.0034889 0.999992 -0.00159032 -0.00116041 0.00158568 0.999998 -0.0831531 0.193556 -0.198479
FixedParameters: 0 0 0

#Transform 48
Transform: AffineTransform_float_3_3
Parameters: 0.999994 0.00319857 0.00172291 -0.00319701 0.999994 -0.00144723 -0.00172743 0.00144178 0.999997 -0.0807705 0.18142 -0.195076
FixedParameters: 0 0 0

#Transform 49
Transform: AffineTransform_float_3_3
Parameters: 0.999991 0.00370547 0.00178094 -0.00370418 0.999993 -0.000663464 -0.00178321 0.000656536 0.999998 -0.0915615 0.145701 -0.243819
FixedParameters: 0 0 0

#Transform 50
Transform: AffineTransform_float_3_3
Parameters: 0.999995 0.0027325 0.00104939 -0.00273073 0.999994 -0.00159748 -0.00105418 0.00159451 0.999998 -0.0453477 0.143579 -0.388988
FixedParameters: 0 0 0

#Transform 51
Transform: AffineTransform_float_3_3
Parameters: 0.999994 0.0031411 0.00182025 -0.00313799 0.999994 -0.00143892 -0.00182402 0.00143308 0.999997 -0.0680211 0.161679 -0.330085
FixedParameters: 0 0 0

#Transform 52
Transform: AffineTransform_float_3_3
Parameters: 0.999992 0.00345675 0.0016344 -0.00345389 0.999993 -0.00152452 -0.00163967 0.00151948 0.999997 -0.0612317 0.154968 -0.367133
FixedParameters: 0 0 0

#Transform 53
Transform: AffineTransform_float_3_3
Parameters: 0.999993 0.00322235 0.00219085 -0.00321684 0.999991 -0.00249205 -0.00219914 0.00248494 0.999994 -0.0576307 0.165902 -0.376426
FixedParameters: 0 0 0

#Transform 54
Transform: AffineTransform_float_3_3
Parameters: 0.999994 0.00319074 0.00114917 -0.00318793 0.999993 -0.00220095 -0.00115572 0.00219705 0.999997 -0.0515855 0.153945 -0.398652
FixedParameters: 0 0 0

#Transform 55
Transform: AffineTransform_float_3_3
Parameters: 0.999994 0.0031198 0.00149868 -0.0031162 0.999992 -0.00238924 -0.00150662 0.00238476 0.999996 -0.0617224 0.195326 -0.256175
FixedParameters: 0 0 0

#Transform 56
Transform: AffineTransform_float_3_3
Parameters: 0.999993 0.00306244 0.00182283 -0.00305891 0.999994 -0.00165714 -0.00182863 0.00165085 0.999997 -0.0762119 0.208316 -0.176549
FixedParameters: 0 0 0

#Transform 57
Transform: AffineTransform_float_3_3
Parameters: 0.999994 0.000665458 0.00323808 -0.000682822 0.999986 0.00513792 -0.00323464 -0.00514007 0.999981 -0.117234 0.149622 0.127918
FixedParameters: 0 0 0

#Transform 58
Transform: AffineTransform_float_3_3
Parameters: 0.999992 0.00106429 0.00398073 -0.00108416 0.999987 0.00507191 -0.00397527 -0.00507609 0.999979 -0.179787 0.152974 0.0376895
FixedParameters: 0 0 0

#Transform 59
Transform: AffineTransform_float_3_3
Parameters: 0.999993 0.00204413 0.00305678 -0.00205026 0.999996 0.00214245 -0.00305204 -0.00214855 0.999993 -0.188713 0.181514 -0.0350255
FixedParameters: 0 0 0

#Transform 60
Transform: AffineTransform_float_3_3
Parameters: 0.999991 0.0034525 0.00251722 -0.00345785 0.999991 0.00231953 -0.00250928 -0.00232847 0.999994 -0.222076 0.180852 -0.0347691
FixedParameters: 0 0 0

#Transform 61
Transform: AffineTransform_float_3_3
Parameters: 0.999991 0.00309414 0.00266694 -0.00309835 0.999994 0.00160363 -0.00266209 -0.00161237 0.999995 -0.229147 0.219409 -0.0825469
FixedParameters: 0 0 0

#Transform 62
Transform: AffineTransform_float_3_3
Parameters: 0.999988 0.00360727 0.00309838 -0.00360983 0.999994 0.000727608 -0.0030961 -0.000739394 0.999995 -0.203538 0.21547 -0.179853
FixedParameters: 0 0 0

#Transform 63
Transform: AffineTransform_float_3_3
Parameters: 0.999985 0.00365075 0.00421042 -0.00365411 0.999993 0.000673568 -0.00420753 -0.00068943 0.999991 -0.193058 0.196426 -0.22349
FixedParameters: 0 0 0

#Transform 64
Transform: AffineTransform_float_3_3
Parameters: 0.999985 0.00399094 0.00390359 -0.00399188 0.999992 0.000298699 -0.00390285 -0.000314304 0.999992 -0.21601 0.20347 -0.242722
FixedParameters: 0 0 0

#Transform 65
Transform: AffineTransform_float_3_3
Parameters: 0.999988 0.0036142 0.00324121 -0.00361504 0.999993 0.000346791 -0.00324036 -0.000358213 0.999995 -0.210037 0.22071 -0.229954
FixedParameters: 0 0 0

#Transform 66
Transform: AffineTransform_float_3_3
Parameters: 0.999986 0.00365931 0.00364041 -0.00366092 0.999993 0.000413902 -0.00363903 -0.0004271 0.999994 -0.218467 0.217855 -0.21555
FixedParameters: 0 0 0

#Transform 67
Transform: AffineTransform_float_3_3
Parameters: 0.999988 0.00370758 0.00296426 -0.00370898 0.999993 0.000564797 -0.00296304 -0.000576209 0.999996 -0.214772 0.214883 -0.239367
FixedParameters: 0 0 0

#Transform 68
Transform: AffineTransform_float_3_3
Parameters: 0.999986 0.00365513 0.00363722 -0.00365553 0.999994 0.000122417 -0.00363759 -0.000135588 0.999993 -0.21028 0.229021 -0.248088
FixedParameters: 0 0 0

#Transform 69
Transform: AffineTransform_float_3_3
Parameters: 0.999988 0.00383134 0.00325399 -0.00383178 0.999992 0.000142884 -0.00325416 -0.00015512 0.999995 -0.220578 0.223409 -0.252114
FixedParameters: 0 0 0

#Transform 70
Transform: AffineTransform_float_3_3
Parameters: 0.999987 0.00381733 0.00356709 -0.00381656 0.999992 -0.00044655 -0.00356835 0.000433454 0.999994 -0.217869 0.22967 -0.267936
FixedParameters: 0 0 0

#Transform 71
Transform: AffineTransform_float_3_3
Parameters: 0.999987 0.00361702 0.00342427 -0.00361619 0.999993 -0.000338524 -0.00342497 0.000326478 0.999995 -0.2223 0.236444 -0.240734
FixedParameters: 0 0 0

#Transform 72
Transform: AffineTransform_float_3_3
Parameters: 0.999989 0.00375488 0.00282514 -0.0037547 0.999993 -0.000131337 -0.00282477 0.000120666 0.999996 -0.210622 0.22811 -0.251342
FixedParameters: 0 0 0

#Transform 73
Transform: AffineTransform_float_3_3
Parameters: 0.999986 0.00385818 0.00343978 -0.00385657 0.999993 -0.000528074 -0.00344079 0.000514929 0.999994 -0.217913 0.2216 -0.284187
FixedParameters: 0 0 0

#Transform 74
Transform: AffineTransform_float_3_3
Parameters: 0.99999 0.00372633 0.00275796 -0.00372658 0.999993 -0.000126854 -0.00275848 0.000116146 0.999996 -0.220898 0.233009 -0.259403
FixedParameters: 0 0 0

#Transform 75
Transform: AffineTransform_float_3_3
Parameters: 0.999988 0.00347227 0.00342279 -0.00346933 0.999994 -0.000859022 -0.00342531 0.000847979 0.999994 -0.22575 0.220245 -0.293671
FixedParameters: 0 0 0

#Transform 76
Transform: AffineTransform_float_3_3
Parameters: 0.99999 0.00357322 0.0029018 -0.00357276 0.999993 -0.000333586 -0.00290245 0.000323416 0.999995 -0.214983 0.232727 -0.28226
FixedParameters: 0 0 0

#Transform 77
Transform: AffineTransform_float_3_3
Parameters: 0.999989 0.0034698 0.00295773 -0.00346686 0.999993 -0.00130133 -0.00296253 0.00129067 0.999995 -0.212573 0.232449 -0.317549
FixedParameters: 0 0 0

#Transform 78
Transform: AffineTransform_float_3_3
Parameters: 0.99999 0.00344074 0.00277101 -0.00343775 0.999994 -0.000901958 -0.00277417 0.00089204 0.999996 -0.202832 0.243712 -0.274429
FixedParameters: 0 0 0

#Transform 79
Transform: AffineTransform_float_3_3
Parameters: 0.99999 0.00329962 0.00276707 -0.00329512 0.999993 -0.00186541 -0.00277253 0.0018556 0.999995 -0.197516 0.248821 -0.327121
FixedParameters: 0 0 0

#Transform 80
Transform: AffineTransform_float_3_3
Parameters: 0.999991 0.00321688 0.00249091 -0.00321434 0.999995 -0.00109465 -0.00249452 0.00108635 0.999996 -0.198782 0.231829 -0.309681
FixedParameters: 0 0 0

#Transform 81
Transform: AffineTransform_float_3_3
Parameters: 0.99999 0.00323762 0.00286358 -0.00323264 0.999994 -0.00163134 -0.002869 0.00162266 0.999994 -0.201523 0.240854 -0.315046
FixedParameters: 0 0 0

#Transform 82
Transform: AffineTransform_float_3_3
Parameters: 0.99999 0.00324592 0.00288282 -0.00324074 0.999993 -0.00165527 -0.00288842 0.00164573 0.999995 -0.188299 0.247558 -0.313109
FixedParameters: 0 0 0

#Transform 83
Transform: AffineTransform_float_3_3
Parameters: 0.99999 0.0034217 0.00283267 -0.0034167 0.999993 -0.00174712 -0.00283816 0.00173688 0.999994 -0.197445 0.24957 -0.296628
FixedParameters: 0 0 0

#Transform 84
Transform: AffineTransform_float_3_3
Parameters: 0.999987 0.00374551 0.00341654 -0.00373881 0.999992 -0.00169944 -0.0034228 0.00168655 0.999993 -0.199269 0.234299 -0.333072
FixedParameters: 0 0 0

#Transform 85
Transform: AffineTransform_float_3_3
Parameters: 0.99999 0.00351077 0.00274161 -0.00350604 0.999993 -0.00165905 -0.00274811 0.00164895 0.999995 -0.198754 0.225186 -0.323503
FixedParameters: 0 0 0

#Transform 86
Transform: AffineTransform_float_3_3
Parameters: 0.999989 0.00338239 0.00319896 -0.00337572 0.999992 -0.00201352 -0.00320665 0.00200247 0.999993 -0.197325 0.237976 -0.3183
FixedParameters: 0 0 0

#Transform 87
Transform: AffineTransform_float_3_3
Parameters: 0.999989 0.0034157 0.00306639 -0.00340964 0.999992 -0.00193654 -0.00307276 0.00192546 0.999993 -0.201786 0.250408 -0.306639
FixedParameters: 0 0 0

#Transform 88
Transform: AffineTransform_float_3_3
Parameters: 0.999988 0.00340697 0.00353084 -0.00339901 0.999992 -0.00208301 -0.00353778 0.00207099 0.999992 -0.200146 0.240697 -0.332662
FixedParameters: 0 0 0

#Transform 89
Transform: AffineTransform_float_3_3
Parameters: 0.999991 0.00312468 0.00259724 -0.00311973 0.999993 -0.00179139 -0.00260329 0.00178361 0.999995 -0.189914 0.228074 -0.373973
FixedParameters: 0 0 0

#Transform 90
Transform: AffineTransform_float_3_3
Parameters: 0.999989 0.0033366 0.00308044 -0.00332725 0.999989 -0.00307998 -0.00309033 0.00307001 0.99999 -0.199443 0.238279 -0.391406
FixedParameters: 0 0 0

#Transform 91
Transform: AffineTransform_float_3_3
Parameters: 0.999989 0.00339177 0.00321708 -0.00338381 0.999992 -0.00236746 -0.00322457 0.00235554 0.999992 -0.195932 0.230608 -0.392417
FixedParameters: 0 0 0

#Transform 92
Transform: AffineTransform_float_3_3
Parameters: 0.999989 0.00321621 0.00326791 -0.00320842 0.999992 -0.00250406 -0.00327598 0.00249294 0.999991 -0.190502 0.232517 -0.355804
FixedParameters: 0 0 0

#Transform 93
Transform: AffineTransform_float_3_3
Parameters: 0.99999 0.00284343 0.00324353 -0.00283647 0.999993 -0.00245562 -0.00325039 0.00244638 0.999991 -0.179046 0.240971 -0.376198
FixedParameters: 0 0 0

#Transform 94
Transform: AffineTransform_float_3_3
Parameters: 0.999993 0.00291766 0.00253083 -0.00291294 0.999994 -0.0019755 -0.00253683 0.00196849 0.999995 -0.186723 0.228032 -0.371099
FixedParameters: 0 0 0

#Transform 95
Transform: AffineTransform_float_3_3
Parameters: 0.99999 0.00308803 0.00315864 -0.00308291 0.999994 -0.00179331 -0.00316379 0.0017837 0.999993 -0.187634 0.221581 -0.400655
FixedParameters: 0 0 0

#Transform 96
Transform: AffineTransform_float_3_3
Parameters: 0.999991 0.0032309 0.00270223 -0.00322721 0.999993 -0.001661 -0.00270743 0.001652 0.999995 -0.199602 0.220365 -0.376774
FixedParameters: 0 0 0

#Transform 97
Transform: AffineTransform_float_3_3
Parameters: 0.999989 0.00327143 0.00356184 -0.00326502 0.999993 -0.00190164 -0.00356795 0.00189036 0.999991 -0.206062 0.238015 -0.395134
FixedParameters: 0 0 0

#Transform 98
Transform: AffineTransform_float_3_3
Parameters: 0.999991 0.00312964 0.00307729 -0.00312299 0.999992 -0.00208918 -0.00308444 0.00207981 0.999993 -0.199816 0.216217 -0.388304
FixedParameters: 0 0 0

#Transform 99
Transform: AffineTransform_float_3_3
Parameters: 0.999993 0.00278588 0.00244554 -0.00278257 0.999995 -0.00146093 -0.00244986 0.00145507 0.999996 -0.180534 0.183594 -0.46486
FixedParameters: 0 0 0

#Transform 100
Transform: AffineTransform_float_3_3
Parameters: 0.999993 0.00304947 0.00242949 -0.00304564 0.999994 -0.00168604 -0.00243464 0.00167896 0.999995 -0.20477 0.230914 -0.351179
FixedParameters: 0 0 0

#Transform 101
Transform: AffineTransform_float_3_3
Parameters: 0.999985 0.00271592 0.00479228 -0.00272008 0.999997 0.000812402 -0.00478939 -0.000825596 0.999988 -0.304358 0.257079 -0.0355022
FixedParameters: 0 0 0

#Transform 102
Transform: AffineTransform_float_3_3
Parameters: 0.999982 0.003264 0.0050077 -0.00325823 0.999994 -0.00100414 -0.00501132 0.000987859 0.999987 -0.270005 0.225098 -0.21277
FixedParameters: 0 0 0

#Transform 103
Transform: AffineTransform_float_3_3
Parameters: 0.999986 0.00322191 0.00415507 -0.00322076 0.999995 -0.000256138 -0.00415629 0.000242859 0.999991 -0.248589 0.226481 -0.27391
FixedParameters: 0 0 0

#Transform 104
Transform: AffineTransform_float_3_3
Parameters: 0.999984 0.00373373 0.00423507 -0.00373179 0.999993 -0.000408021 -0.00423635 0.000391978 0.99999 -0.278294 0.230457 -0.2647
FixedParameters: 0 0 0

#Transform 105
Transform: AffineTransform_float_3_3
Parameters: 0.999986 0.00377856 0.00374122 -0.00377573 0.999992 -0.000894708 -0.00374413 0.000881294 0.999993 -0.271953 0.255833 -0.285766
FixedParameters: 0 0 0

#Transform 106
Transform: AffineTransform_float_3_3
Parameters: 0.999987 0.00355198 0.0038359 -0.00354535 0.999992 -0.00179789 -0.00384234 0.00178411 0.999991 -0.263199 0.252742 -0.383034
FixedParameters: 0 0 0

#Transform 107
Transform: AffineTransform_float_3_3
Parameters: 0.999987 0.00394997 0.00323654 -0.00394382 0.999991 -0.0018518 -0.0032443 0.0018382 0.999993 -0.279007 0.253042 -0.414329
FixedParameters: 0 0 0

#Transform 108
Transform: AffineTransform_float_3_3
Parameters: 0.999986 0.00384932 0.00347835 -0.00383938 0.999988 -0.00281368 -0.00348933 0.00280031 0.99999 -0.266222 0.23548 -0.47723
FixedParameters: 0 0 0

#Transform 109
Transform: AffineTransform_float_3_3
Parameters: 0.999988 0.00405815 0.00271339 -0.00404775 0.999984 -0.00400227 -0.00272902 0.00399073 0.999988 -0.270804 0.216062 -0.672446
FixedParameters: 0 0 0

#Transform 110
Transform: AffineTransform_float_3_3
Parameters: 0.999989 0.00356876 0.00280414 -0.00355907 0.999988 -0.00337023 -0.00281661 0.00336077 0.999991 -0.250485 0.202486 -0.631179
FixedParameters: 0 0 0

#Transform 111
Transform: AffineTransform_float_3_3
Parameters: 0.99999 0.00371427 0.00268208 -0.00370526 0.999987 -0.00332655 -0.00269428 0.00331645 0.999991 -0.270966 0.227321 -0.600094
FixedParameters: 0 0 0

#Transform 112
Transform: AffineTransform_float_3_3
Parameters: 0.999988 0.00391849 0.00317101 -0.0039064 0.999985 -0.0038166 -0.0031859 0.0038044 0.999987 -0.277293 0.236374 -0.625179
FixedParameters: 0 0 0

#Transform 113
Transform: AffineTransform_float_3_3
Parameters: 0.99999 0.00410344 0.00214513 -0.00409676 0.999987 -0.00309278 -0.00215787 0.00308422 0.999993 -0.280668 0.234314 -0.597622
FixedParameters: 0 0 0

#Transform 114
Transform: AffineTransform_float_3_3
Parameters: 0.999986 0.0040118 0.0035067 -0.00399932 0.999986 -0.00369488 -0.00352184 0.00368012 0.999987 -0.282521 0.23796 -0.598005
FixedParameters: 0 0 0

#Transform 115
Transform: AffineTransform_float_3_3
Parameters: 0.999987 0.00414201 0.00296683 -0.00413285 0.999988 -0.00287882 -0.00297855 0.00286618 0.999992 -0.29134 0.249365 -0.556128
FixedParameters: 0 0 0

#Transform 116
Transform: AffineTransform_float_3_3
Parameters: 0.999987 0.00394494 0.00305063 -0.00393502 0.999988 -0.00307441 -0.00306237 0.00306159 0.999991 -0.288257 0.239136 -0.584499
FixedParameters: 0 0 0

#Transform 117
Transform: AffineTransform_float_3_3
Parameters: 0.999988 0.00375165 0.0031917 -0.0037405 0.999986 -0.00370663 -0.00320543 0.00369537 0.999988 -0.290381 0.241884 -0.596865
FixedParameters: 0 0 0

#Transform 118
Transform: AffineTransform_float_3_3
Parameters: 0.999989 0.00373528 0.00302752 -0.00372309 0.999986 -0.00386168 -0.00304174 0.00385031 0.999987 -0.280173 0.247221 -0.60739
FixedParameters: 0 0 0

#Transform 119
Transform: AffineTransform_float_3_3
Parameters: 0.999989 0.00372231 0.00303396 -0.00371304 0.999988 -0.00305016 -0.00304508 0.00303884 0.999991 -0.282087 0.233401 -0.612229
FixedParameters: 0 0 0

#Transform 120
Transform: AffineTransform_float_3_3
Parameters: 0.999987 0.00389789 0.00305463 -0.00388538 0.999983 -0.00426629 -0.00307116 0.00425371 0.999986 -0.295884 0.2492 -0.617641
FixedParameters: 0 0 0

#Transform 121
Transform: AffineTransform_float_3_3
Parameters: 0.999989 0.00369144 0.00309807 -0.00367924 0.999985 -0.00407131 -0.00311271 0.0040597 0.999988 -0.287815 0.240219 -0.655391
FixedParameters: 0 0 0

#Transform 122
Transform: AffineTransform_float_3_3
Parameters: 0.99999 0.0037394 0.00273612 -0.00372635 0.999982 -0.00478297 -0.00275424 0.00477302 0.999984 -0.28117 0.238552 -0.644143
FixedParameters: 0 0 0

#Transform 123
Transform: AffineTransform_float_3_3
Parameters: 0.999987 0.00380195 0.0032091 -0.00378868 0.999984 -0.00424022 -0.00322553 0.00422778 0.999986 -0.291856 0.235884 -0.658256
FixedParameters: 0 0 0

#Transform 124
Transform: AffineTransform_float_3_3
Parameters: 0.99999 0.00336308 0.00271132 -0.00335152 0.999986 -0.00402355 -0.00272416 0.00401445 0.999988 -0.27684 0.233884 -0.636336
FixedParameters: 0 0 0

#Transform 125
Transform: AffineTransform_float_3_3
Parameters: 0.999988 0.0038184 0.00313422 -0.00380584 0.999985 -0.00393598 -0.00314925 0.00392401 0.999987 -0.295926 0.248996 -0.665349
FixedParameters: 0 0 0

#Transform 126
Transform: AffineTransform_float_3_3
Parameters: 0.99999 0.00385832 0.00254866 -0.00384495 0.999981 -0.00486594 -0.00256711 0.00485606 0.999985 -0.294791 0.258588 -0.663901
FixedParameters: 0 0 0

#Transform 127
Transform: AffineTransform_float_3_3
Parameters: 0.999987 0.00393481 0.00326662 -0.00391908 0.99998 -0.00498067 -0.00328658 0.00496833 0.999982 -0.309647 0.254415 -0.655491
FixedParameters: 0 0 0

#Transform 128
Transform: AffineTransform_float_3_3
Parameters: 0.999993 0.00365715 0.00128888 -0.0036532 0.999988 -0.00336816 -0.00130168 0.00336284 0.999994 -0.270375 0.204572 -0.659808
FixedParameters: 0 0 0

#Transform 129
Transform: AffineTransform_float_3_3
Parameters: 0.999994 0.00313543 0.00147721 -0.00313091 0.99999 -0.0030872 -0.00148697 0.0030828 0.999994 -0.234598 0.199401 -0.718716
FixedParameters: 0 0 0

#Transform 130
Transform: AffineTransform_float_3_3
Parameters: 0.999992 0.00349226 0.00164203 -0.00348645 0.999988 -0.00349261 -0.0016542 0.00348738 0.999992 -0.257152 0.20494 -0.690723
FixedParameters: 0 0 0

#Transform 131
Transform: AffineTransform_float_3_3
Parameters: 0.999993 0.00327798 0.00187313 -0.00327094 0.999989 -0.00349535 -0.00188473 0.00348865 0.999993 -0.247282 0.201191 -0.720094
FixedParameters: 0 0 0

#Transform 132
Transform: AffineTransform_float_3_3
Parameters: 0.999993 0.00338585 0.00166249 -0.00338105 0.999988 -0.00354035 -0.00167477 0.00353464 0.999992 -0.259412 0.209336 -0.6931
FixedParameters: 0 0 0

#Transform 133
Transform: AffineTransform_float_3_3
Parameters: 0.999992 0.00367924 0.00198456 -0.00367067 0.999985 -0.00407798 -0.0019993 0.00407103 0.99999 -0.258581 0.209829 -0.750065
FixedParameters: 0 0 0

#Transform 134
Transform: AffineTransform_float_3_3
Parameters: 0.999992 0.00360469 0.0018069 -0.00359754 0.999986 -0.00394339 -0.00182139 0.0039366 0.99999 -0.265382 0.190999 -0.731375
FixedParameters: 0 0 0

#Transform 135
Transform: AffineTransform_float_3_3
Parameters: 0.999992 0.00336928 0.00207875 -0.00335994 0.999984 -0.00439501 -0.00209362 0.00438799 0.999988 -0.25602 0.203556 -0.742545
FixedParameters: 0 0 0

#Transform 136
Transform: AffineTransform_float_3_3
Parameters: 0.999992 0.00330717 0.00194109 -0.0033005 0.999989 -0.00351278 -0.00195262 0.00350622 0.999992 -0.260272 0.203325 -0.717126
FixedParameters: 0 0 0

#Transform 137
Transform: AffineTransform_float_3_3
Parameters: 0.999991 0.00362936 0.00229333 -0.00361926 0.999983 -0.00446548 -0.00230929 0.00445652 0.999987 -0.262648 0.199314 -0.713778
FixedParameters: 0 0 0

#Transform 138
Transform: AffineTransform_float_3_3
Parameters: 0.999992 0.00343604 0.00223701 -0.0034272 0.999986 -0.00406084 -0.0022511 0.00405316 0.999989 -0.266425 0.216187 -0.704415
FixedParameters: 0 0 0

#Transform 139
Transform: AffineTransform_float_3_3
Parameters: 0.999992 0.00355252 0.0020994 -0.00354435 0.999986 -0.00385661 -0.00211246 0.00384938 0.99999 -0.269509 0.227566 -0.667976
FixedParameters: 0 0 0

#Transform 140
Transform: AffineTransform_float_3_3
Parameters: 0.999991 0.0034885 0.00235923 -0.00347867 0.999986 -0.00405938 -0.00237372 0.00405061 0.999989 -0.263243 0.217559 -0.707329
FixedParameters: 0 0 0

#Transform 141
Transform: AffineTransform_float_3_3
Parameters: 0.999991 0.00350718 0.00240371 -0.00349751 0.999986 -0.00395338 -0.00241762 0.00394562 0.999989 -0.271466 0.227462 -0.695287
FixedParameters: 0 0 0

#Transform 142
Transform: AffineTransform_float_3_3
Parameters: 0.99999 0.00386651 0.00249843 -0.00385562 0.999983 -0.00443977 -0.00251591 0.00443023 0.999987 -0.276053 0.21594 -0.705024
FixedParameters: 0 0 0

#Transform 143
Transform: AffineTransform_float_3_3
Parameters: 0.99999 0.00383478 0.00251361 -0.00382515 0.999986 -0.00387875 -0.00252822 0.00386926 0.999989 -0.278612 0.199564 -0.688493
FixedParameters: 0 0 0

#Transform 144
Transform: AffineTransform_float_3_3
Parameters: 0.999992 0.00333855 0.00226436 -0.0033266 0.999982 -0.00512857 -0.00228175 0.00512044 0.999985 -0.258622 0.189406 -0.756817
FixedParameters: 0 0 0

#Transform 145
Transform: AffineTransform_float_3_3
Parameters: 0.999992 0.00339556 0.00214212 -0.0033868 0.999985 -0.00413028 -0.00215543 0.00412272 0.999989 -0.259399 0.204619 -0.701727
FixedParameters: 0 0 0

#Transform 146
Transform: AffineTransform_float_3_3
Parameters: 0.999992 0.00331361 0.00218715 -0.00330496 0.999986 -0.00411025 -0.00220057 0.00410275 0.999989 -0.252484 0.191823 -0.749724
FixedParameters: 0 0 0

#Transform 147
Transform: AffineTransform_float_3_3
Parameters: 0.999993 0.00327536 0.00186485 -0.00326823 0.999988 -0.00377947 -0.0018779 0.00377353 0.999991 -0.255027 0.180236 -0.725089
FixedParameters: 0 0 0

#Transform 148
Transform: AffineTransform_float_3_3
Parameters: 0.999991 0.00344878 0.00267846 -0.0034374 0.999985 -0.00421067 -0.00269289 0.00420133 0.999987 -0.272715 0.189702 -0.719103
FixedParameters: 0 0 0

#Transform 149
Transform: AffineTransform_float_3_3
Parameters: 0.999991 0.00338165 0.00234586 -0.00337264 0.999988 -0.00379909 -0.00235904 0.00379091 0.99999 -0.257415 0.185716 -0.759565
FixedParameters: 0 0 0

#Transform 150
Transform: AffineTransform_float_3_3
Parameters: 0.999994 0.00321704 0.00173477 -0.00320967 0.999987 -0.0040163 -0.00174798 0.00401069 0.99999 -0.257128 0.188788 -0.72491
FixedParameters: 0 0 0

#Transform 151
Transform: AffineTransform_float_3_3
Parameters: 0.99999 0.00363291 0.00259904 -0.003622 0.999984 -0.00434903 -0.00261471 0.00433997 0.999987 -0.268263 0.197167 -0.719255
FixedParameters: 0 0 0

#Transform 152
Transform: AffineTransform_float_3_3
Parameters: 0.999991 0.00343549 0.00268453 -0.00342438 0.999985 -0.00405365 -0.00269908 0.00404434 0.999988 -0.276104 0.2109 -0.706105
FixedParameters: 0 0 0

#Transform 153
Transform: AffineTransform_float_3_3
Parameters: 0.99999 0.00366499 0.00258624 -0.00365474 0.999986 -0.00396343 -0.00260107 0.00395357 0.999989 -0.273085 0.187556 -0.728348
FixedParameters: 0 0 0

#Transform 154
Transform: AffineTransform_float_3_3
Parameters: 0.999991 0.00351925 0.00237961 -0.00350858 0.999986 -0.00411932 -0.00239386 0.00411168 0.999989 -0.268232 0.183068 -0.734485
FixedParameters: 0 0 0

#Transform 155
Transform: AffineTransform_float_3_3
Parameters: 0.99999 0.00383032 0.00234679 -0.00382224 0.999987 -0.00351645 -0.00236031 0.00350755 0.999991 -0.278442 0.20075 -0.68864
FixedParameters: 0 0 0

#Transform 156
Transform: AffineTransform_float_3_3
Parameters: 0.99999 0.00340912 0.00262432 -0.00339918 0.999987 -0.00392338 -0.00263778 0.00391462 0.999989 -0.261835 0.19435 -0.714519
FixedParameters: 0 0 0

#Transform 157
Transform: AffineTransform_float_3_3
Parameters: 0.999991 0.00364779 0.00226464 -0.00363951 0.999987 -0.00368757 -0.00227811 0.00367943 0.999991 -0.27426 0.201173 -0.688296
FixedParameters: 0 0 0

#Transform 158
Transform: AffineTransform_float_3_3
Parameters: 0.999991 0.0033058 0.00238355 -0.00329683 0.999987 -0.00392252 -0.00239659 0.00391448 0.99999 -0.268146 0.182971 -0.721719
FixedParameters: 0 0 0

#Transform 159
Transform: AffineTransform_float_3_3
Parameters: 0.999991 0.00353549 0.0023719 -0.00352707 0.999987 -0.00355018 -0.00238358 0.00354182 0.999991 -0.272975 0.193052 -0.7284
FixedParameters: 0 0 0

#Transform 160
Transform: AffineTransform_float_3_3
Parameters: 0.99999 0.00376663 0.00210539 -0.00375812 0.999984 -0.00426661 -0.00212147 0.0042584 0.999989 -0.28677 0.190532 -0.729466
FixedParameters: 0 0 0

#Transform 161
Transform: AffineTransform_float_3_3
Parameters: 0.999991 0.00377648 0.00227643 -0.00376784 0.999986 -0.00386091 -0.00229085 0.00385209 0.99999 -0.275075 0.193835 -0.764285
FixedParameters: 0 0 0

#Transform 162
Transform: AffineTransform_float_3_3
Parameters: 0.99999 0.00374509 0.00213845 -0.00373571 0.999984 -0.00431268 -0.00215378 0.00430432 0.999988 -0.280652 0.20416 -0.746938
FixedParameters: 0 0 0

#Transform 163
Transform: AffineTransform_float_3_3
Parameters: 0.99999 0.00372663 0.00255877 -0.00371606 0.999983 -0.00435013 -0.00257527 0.00434087 0.999988 -0.28537 0.210615 -0.759409
FixedParameters: 0 0 0

#Transform 164
Transform: AffineTransform_float_3_3
Parameters: 0.99999 0.00369987 0.00227811 -0.00369093 0.999985 -0.00412474 -0.0022935 0.00411626 0.999989 -0.284248 0.204752 -0.754776
FixedParameters: 0 0 0

#Transform 165
Transform: AffineTransform_float_3_3
Parameters: 0.999992 0.00300563 0.00287691 -0.00300629 0.999995 0.000362596 -0.00287641 -0.000371407 0.999996 -0.294492 0.197585 -0.484852
FixedParameters: 0 0 0

#Transform 166
Transform: AffineTransform_float_3_3
Parameters: 0.999993 0.00260356 0.00247415 -0.00260163 0.999996 -0.000872407 -0.00247658 0.000866592 0.999997 -0.241842 0.180539 -0.631745
FixedParameters: 0 0 0

#Transform 167
Transform: AffineTransform_float_3_3
Parameters: 0.999991 0.00283963 0.00294151 -0.00282936 0.99999 -0.00328975 -0.00295085 0.00328225 0.99999 -0.251728 0.187309 -0.704726
FixedParameters: 0 0 0

#Transform 168
Transform: AffineTransform_float_3_3
Parameters: 0.999991 0.0033142 0.00268406 -0.00330579 0.99999 -0.00318432 -0.0026949 0.00317567 0.999991 -0.252106 0.206116 -0.701007
FixedParameters: 0 0 0

#Transform 169
Transform: AffineTransform_float_3_3
Parameters: 0.99999 0.00333242 0.0027318 -0.00332519 0.999992 -0.00265153 -0.00274091 0.00264247 0.999993 -0.272445 0.187648 -0.701831
FixedParameters: 0 0 0

#Transform 170
Transform: AffineTransform_float_3_3
Parameters: 0.999993 0.00316046 0.00232875 -0.00315449 0.999991 -0.00275436 -0.00233669 0.00274665 0.999993 -0.260692 0.179787 -0.729223
FixedParameters: 0 0 0

#Transform 171
Transform: AffineTransform_float_3_3
Parameters: 0.999992 0.00311768 0.0022284 -0.00311154 0.999991 -0.00279579 -0.00223767 0.00278821 0.999994 -0.264251 0.195834 -0.716174
FixedParameters: 0 0 0

#Transform 172
Transform: AffineTransform_float_3_3
Parameters: 0.999992 0.0032865 0.00218654 -0.00327943 0.99999 -0.00330134 -0.00219745 0.00329466 0.999992 -0.263889 0.196269 -0.727678
FixedParameters: 0 0 0

#Transform 173
Transform: AffineTransform_float_3_3
Parameters: 0.999993 0.00304932 0.00206533 -0.00304291 0.99999 -0.00320814 -0.00207542 0.00320186 0.999993 -0.252775 0.202956 -0.719287
FixedParameters: 0 0 0

#Transform 174
Transform: AffineTransform_float_3_3
Parameters: 0.999994 0.00302486 0.00201294 -0.00301981 0.999992 -0.00259593 -0.00202089 0.00259007 0.999995 -0.258748 0.235297 -0.604363
FixedParameters: 0 0 0

#Transform 175
Transform: AffineTransform_float_3_3
Parameters: 0.999994 0.00224167 0.00264604 -0.00223764 0.999997 -0.00138495 -0.00264974 0.00137805 0.999995 -0.244739 0.208778 -0.583997
FixedParameters: 0 0 0

#Transform 176
Transform: AffineTransform_float_3_3
Parameters: 0.999994 0.00253859 0.00243303 -0.00253254 0.999993 -0.00251735 -0.00243989 0.00251065 0.999994 -0.225013 0.186229 -0.700348
FixedParameters: 0 0 0

#Transform 177
Transform: AffineTransform_float_3_3
Parameters: 0.999994 0.00276637 0.00202321 -0.00276087 0.999992 -0.00269429 -0.00203036 0.00268871 0.999994 -0.218883 0.20251 -0.673797
FixedParameters: 0 0 0

#Transform 178
Transform: AffineTransform_float_3_3
Parameters: 0.999993 0.00284473 0.00239559 -0.00283816 0.999993 -0.00258014 -0.00240343 0.00257286 0.999994 -0.232574 0.211213 -0.645735
FixedParameters: 0 0 0

#Transform 179
Transform: AffineTransform_float_3_3
Parameters: 0.999992 0.00299052 0.00272524 -0.00298093 0.99999 -0.00352227 -0.00273564 0.00351373 0.99999 -0.236071 0.212456 -0.693258
FixedParameters: 0 0 0
