#Insight Transform File V1.0
#Transform 0
Transform: AffineTransform_float_3_3
Parameters: 1 -0.000442476 0.000540696 0.000443914 0.999999 -0.00133161 -0.000539516 0.00133139 0.999999 0.0896649 -0.334461 -0.48426
FixedParameters: 0 0 0

#Transform 1
Transform: AffineTransform_float_3_3
Parameters: 1 0.000587622 -0.000155978 -0.000587872 0.999999 0.00170073 0.000156137 -0.00170127 0.999998 0.00203041 0.0917714 -0.0224638
FixedParameters: 0 0 0

#Transform 2
Transform: AffineTransform_float_3_3
Parameters: 1 0.000331099 -0.000608193 -0.000329917 1 0.000971202 0.000608835 -0.0009708 1 0.0100567 0.093918 0.010808
FixedParameters: 0 0 0

#Transform 3
Transform: AffineTransform_float_3_3
Parameters: 1 0.000497282 -0.00045976 -0.000496095 0.999999 0.00171523 0.000460543 -0.00171477 0.999999 0.00791969 0.10856 0.0171945
FixedParameters: 0 0 0

#Transform 4
Transform: AffineTransform_float_3_3
Parameters: 1 0.000493382 -3.46026e-05 -0.000493634 0.999998 0.00198402 3.56404e-05 -0.00198398 0.999998 -0.00717231 0.125601 0.00350406
FixedParameters: 0 0 0

#Transform 5
Transform: AffineTransform_float_3_3
Parameters: 0.999999 0.000367098 -0.000872818 -0.000364558 0.999996 0.00295547 0.000873921 -0.00295553 0.999996 0.01324 0.135599 0.00477398
FixedParameters: 0 0 0

#Transform 6
Transform: AffineTransform_float_3_3
Parameters: 0.999999 0.00078119 -0.000554283 -0.000778781 0.999994 0.00322423 0.000556551 -0.00322477 0.999995 -0.00874006 0.151169 0.0427001
FixedParameters: 0 0 0

#Transform 7
Transform: AffineTransform_float_3_3
Parameters: 0.999999 0.000469214 -0.00116335 -0.000465751 0.999996 0.0027827 0.00116398 -0.0027823 0.999995 -0.0163822 0.149864 0.0297716
FixedParameters: 0 0 0

#Transform 8
Transform: AffineTransform_float_3_3
Parameters: 0.999999 0.000431887 -0.00125185 -0.000427664 0.999996 0.00273269 0.00125314 -0.00273231 0.999995 0.000240269 0.146649 0.0492517
FixedParameters: 0 0 0

#Transform 9
Transform: AffineTransform_float_3_3
Parameters: 1 0.000127164 -0.000293311 -0.000125798 0.999995 0.00299519 0.000293148 -0.00299581 0.999995 0.0156567 0.150997 0.0997916
FixedParameters: 0 0 0

#Transform 10
Transform: AffineTransform_float_3_3
Parameters: 1 0.000392309 -0.000405879 -0.000390472 0.999994 0.00322416 0.000406561 -0.00322384 0.999994 0.0271224 0.162441 0.0842493
FixedParameters: 0 0 0

#Transform 11
Transform: AffineTransform_float_3_3
Parameters: 0.999999 0.000429588 -0.0013208 -0.000424664 0.999994 0.00335172 0.00132208 -0.00335128 0.999993 -0.0232056 0.176556 0.00737464
FixedParameters: 0 0 0

#Transform 12
Transform: AffineTransform_float_3_3
Parameters: 0.999999 -6.15577e-05 -0.000749794 6.41597e-05 0.999994 0.0032241 0.00074925 -0.00322489 0.999994 -0.0282645 0.173598 -0.0374307
FixedParameters: 0 0 0

#Transform 13
Transform: AffineTransform_float_3_3
Parameters: 0.999999 0.000236196 -0.00140881 -0.000230651 0.999994 0.00322484 0.00140965 -0.00322416 0.999994 -0.0376588 0.164554 -0.057869
FixedParameters: 0 0 0

#Transform 14
Transform: AffineTransform_float_3_3
Parameters: 0.999999 6.37562e-05 -0.00126684 -5.87365e-05 0.999994 0.00322459 0.00126749 -0.00322441 0.999994 -0.0328816 0.155683 -0.0292016
FixedParameters: 0 0 0

#Transform 15
Transform: AffineTransform_float_3_3
Parameters: 0.999999 0.000232383 -0.0012127 -0.000227066 0.999993 0.00365143 0.00121371 -0.00365157 0.999993 -0.0312852 0.16813 -0.0482035
FixedParameters: 0 0 0

#Transform 16
Transform: AffineTransform_float_3_3
Parameters: 1 0.000550417 -0.000951479 -0.000547347 0.999993 0.00367652 0.000953925 -0.00367548 0.999993 -0.0317661 0.171516 -0.0549325
FixedParameters: 0 0 0

#Transform 17
Transform: AffineTransform_float_3_3
Parameters: 1 0.000233816 -0.00110368 -0.000229078 0.999993 0.00374941 0.00110475 -0.00374959 0.999992 -0.0338355 0.176635 -0.055601
FixedParameters: 0 0 0

#Transform 18
Transform: AffineTransform_float_3_3
Parameters: 0.999999 0.000383733 -0.00122811 -0.000378355 0.999991 0.00416262 0.00123008 -0.00416238 0.999991 -0.0580124 0.209716 -0.0626242
FixedParameters: 0 0 0

#Transform 19
Transform: AffineTransform_float_3_3
Parameters: 0.999999 9.95869e-05 -0.000972652 -9.33478e-05 0.999985 0.00549961 0.000973435 -0.00549939 0.999985 -0.0355821 0.234939 -0.0453356
FixedParameters: 0 0 0

#Transform 20
Transform: AffineTransform_float_3_3
Parameters: 1 -0.000346737 -0.000992105 0.000350595 0.999991 0.00426602 0.000991084 -0.00426599 0.999991 -0.0391086 0.192008 -0.0578361
FixedParameters: 0 0 0

#Transform 21
Transform: AffineTransform_float_3_3
Parameters: 1 -0.000782623 -0.000548149 0.000785209 0.999989 0.00466057 0.000545165 -0.00466143 0.999989 -0.014974 0.208719 -0.05466
FixedParameters: 0 0 0

#Transform 22
Transform: AffineTransform_float_3_3
Parameters: 0.999999 -0.00122985 -0.000413305 0.00123142 0.999986 0.0051305 0.000407232 -0.00513151 0.999988 -0.0182037 0.218657 -0.00761504
FixedParameters: 0 0 0

#Transform 23
Transform: AffineTransform_float_3_3
Parameters: 0.999998 -0.00109921 -0.00130594 0.00110613 0.999986 0.00518213 0.00129948 -0.00518287 0.999986 -0.0334564 0.206086 -0.0503009
FixedParameters: 0 0 0

#Transform 24
Transform: AffineTransform_float_3_3
Parameters: 0.999999 -0.000434932 -0.000860756 0.000438342 0.999992 0.00412363 0.000858718 -0.00412438 0.999991 -0.0261595 0.188248 -0.112872
FixedParameters: 0 0 0

#Transform 25
Transform: AffineTransform_float_3_3
Parameters: 0.999999 -0.00058252 -0.00112846 0.000587624 0.999993 0.0037227 0.00112659 -0.0037233 0.999993 -0.0298748 0.175718 -0.159584
FixedParameters: 0 0 0

#Transform 26
Transform: AffineTransform_float_3_3
Parameters: 0.999997 -0.0017883 -0.00125324 0.00179442 0.999987 0.00461381 0.00124443 -0.00461618 0.999988 0.00851693 0.190892 -0.144506
FixedParameters: 0 0 0

#Transform 27
Transform: AffineTransform_float_3_3
Parameters: 0.999999 -0.00121744 -0.000562993 0.0012202 0.99999 0.00435316 0.000557626 -0.00435384 0.99999 -0.00666383 0.193057 -0.0963898
FixedParameters: 0 0 0

#Transform 28
Transform: AffineTransform_float_3_3
Parameters: 1 -0.00106768 -0.000473451 0.00106962 0.999992 0.00374134 0.000469388 -0.00374165 0.999992 -0.0210686 0.182248 -0.0937851
FixedParameters: 0 0 0

#Transform 29
Transform: AffineTransform_float_3_3
Parameters: 1 -0.00096987 0.000699242 0.00096757 0.999992 0.00369268 -0.000702183 -0.00369132 0.999993 -0.0029982 0.185713 -0.0579143
FixedParameters: 0 0 0

#Transform 30
Transform: AffineTransform_float_3_3
Parameters: 1 -0.000646345 0.000599694 0.000643715 0.99999 0.00425554 -0.000601893 -0.00425546 0.999991 -0.0208498 0.208561 -0.0147115
FixedParameters: 0 0 0

#Transform 31
Transform: AffineTransform_float_3_3
Parameters: 0.999999 -0.000673309 -0.000343115 0.000674949 0.999992 0.00394777 0.000340414 -0.00394823 0.999992 -0.0795903 0.183356 0.0127582
FixedParameters: 0 0 0

#Transform 32
Transform: AffineTransform_float_3_3
Parameters: 0.999998 -0.00112154 -0.00131419 0.00112654 0.999992 0.00370973 0.00131003 -0.00371127 0.999992 -0.0650918 0.179216 -0.0489743
FixedParameters: 0 0 0

#Transform 33
Transform: AffineTransform_float_3_3
Parameters: 0.999998 -0.000432157 -0.00162314 0.000438854 0.99999 0.00445365 0.00162146 -0.00445435 0.999988 -0.0856575 0.203193 -0.0454596
FixedParameters: 0 0 0

#Transform 34
Transform: AffineTransform_float_3_3
Parameters: 0.999998 -0.000489237 -0.00199802 0.000499585 0.999987 0.00509188 0.00199505 -0.00509311 0.999985 -0.0539125 0.211695 -0.0450475
FixedParameters: 0 0 0

#Transform 35
Transform: AffineTransform_float_3_3
Parameters: 0.999997 -0.000453257 -0.00209989 0.000463689 0.999988 0.00486391 0.0020975 -0.00486509 0.999986 -0.0678525 0.202908 -0.0735524
FixedParameters: 0 0 0

#Transform 36
Transform: AffineTransform_float_3_3
Parameters: 0.999998 -0.000522722 -0.00226998 0.000535257 0.999985 0.00557152 0.00226733 -0.00557248 0.999982 -0.071 0.224755 -0.0680487
FixedParameters: 0 0 0

#Transform 37
Transform: AffineTransform_float_3_3
Parameters: 0.999996 -0.000274299 -0.00281733 0.000289314 0.999985 0.0053001 0.00281521 -0.0053009 0.999982 -0.052509 0.210511 -0.0965102
FixedParameters: 0 0 0

#Transform 38
Transform: AffineTransform_float_3_3
Parameters: 0.999996 -0.000172057 -0.00284558 0.000185861 0.999989 0.00464102 0.00284493 -0.00464197 0.999985 -0.0803064 0.199101 -0.103078
FixedParameters: 0 0 0

#Transform 39
Transform: AffineTransform_float_3_3
Parameters: 0.999996 -0.000196906 -0.00290745 0.00021114 0.999988 0.00500079 0.00290628 -0.00500121 0.999983 -0.086244 0.198856 -0.0889251
FixedParameters: 0 0 0

#Transform 40
Transform: AffineTransform_float_3_3
Parameters: 0.999996 -0.000458414 -0.00253218 0.000472348 0.999985 0.00534841 0.00252952 -0.00534859 0.999983 -0.0755895 0.217228 -0.0831095
FixedParameters: 0 0 0

#Transform 41
Transform: AffineTransform_float_3_3
Parameters: 0.999996 -0.00013744 -0.00277104 0.000153635 0.999983 0.00583762 0.00276968 -0.00583838 0.999979 -0.0910366 0.235325 -0.069075
FixedParameters: 0 0 0

#Transform 42
Transform: AffineTransform_float_3_3
Parameters: 0.999998 -0.000263195 -0.00201317 0.000271063 0.999993 0.00374933 0.00201206 -0.00374966 0.999991 -0.0620743 0.195961 -0.0840299
FixedParameters: 0 0 0

#Transform 43
Transform: AffineTransform_float_3_3
Parameters: 0.999999 -0.000654647 -0.00171973 0.000660038 0.999995 0.00290659 0.00171786 -0.00290741 0.999994 -0.0475015 0.170541 -0.086442
FixedParameters: 0 0 0

#Transform 44
Transform: AffineTransform_float_3_3
Parameters: 0.999998 -0.000354455 -0.0018862 0.000360573 0.999995 0.00304984 0.00188413 -0.00305116 0.999993 -0.0358339 0.176289 -0.0715014
FixedParameters: 0 0 0

#Transform 45
Transform: AffineTransform_float_3_3
Parameters: 0.999997 -0.00105513 -0.00227699 0.00106219 0.999995 0.00296603 0.00227345 -0.00296797 0.999993 -0.0355157 0.159625 -0.0542507
FixedParameters: 0 0 0

#Transform 46
Transform: AffineTransform_float_3_3
Parameters: 0.999996 -0.000748945 -0.00271044 0.000759119 0.999992 0.00381755 0.00270806 -0.00381945 0.999989 -0.0670304 0.176686 -0.0658733
FixedParameters: 0 0 0

#Transform 47
Transform: AffineTransform_float_3_3
Parameters: 0.999995 -0.000567304 -0.00329617 0.000580595 0.999991 0.00420921 0.00329313 -0.00421079 0.999985 -0.052602 0.179731 -0.0597622
FixedParameters: 0 0 0

#Transform 48
Transform: AffineTransform_float_3_3
Parameters: 0.999996 -0.000987777 -0.00243873 0.000999216 0.999988 0.00480166 0.00243427 -0.00480434 0.999986 -0.0411683 0.190296 -0.0208327
FixedParameters: 0 0 0

#Transform 49
Transform: AffineTransform_float_3_3
Parameters: 0.999996 -0.000563891 -0.00273858 0.00057277 0.999995 0.00327668 0.00273653 -0.00327833 0.999991 -0.0755035 0.169871 -0.103749
FixedParameters: 0 0 0

#Transform 50
Transform: AffineTransform_float_3_3
Parameters: 0.999997 -0.000906011 -0.00253816 0.000916158 0.999992 0.00399513 0.00253517 -0.00399687 0.999989 -0.0548995 0.177953 -0.0634019
FixedParameters: 0 0 0

#Transform 51
Transform: AffineTransform_float_3_3
Parameters: 0.999996 -0.000946456 -0.00263398 0.000956587 0.999992 0.00392109 0.0026299 -0.00392392 0.999989 -0.0775153 0.181255 -0.110478
FixedParameters: 0 0 0

#Transform 52
Transform: AffineTransform_float_3_3
Parameters: 0.999997 -0.00105351 -0.00224416 0.0010626 0.999991 0.00407955 0.00223943 -0.00408144 0.999989 -0.0819019 0.193767 -0.0956741
FixedParameters: 0 0 0

#Transform 53
Transform: AffineTransform_float_3_3
Parameters: 0.999996 -0.000974782 -0.00270763 0.000987237 0.999988 0.00475478 0.00270285 -0.00475721 0.999984 -0.0795463 0.208402 -0.0728062
FixedParameters: 0 0 0

#Transform 54
Transform: AffineTransform_float_3_3
Parameters: 0.999996 -0.00105162 -0.00254968 0.00106408 0.999986 0.00515574 0.00254463 -0.00515825 0.999983 -0.0615651 0.22696 -0.0420747
FixedParameters: 0 0 0

#Transform 55
Transform: AffineTransform_float_3_3
Parameters: 0.999996 -0.000864378 -0.00245016 0.000877909 0.999983 0.0056631 0.00244523 -0.0056659 0.999981 -0.0597205 0.247765 -0.00884314
FixedParameters: 0 0 0

#Transform 56
Transform: AffineTransform_float_3_3
Parameters: 0.999997 -0.00108507 -0.00244138 0.00109795 0.999985 0.00528278 0.00243532 -0.00528523 0.999984 -0.0518577 0.228562 -0.0348905
FixedParameters: 0 0 0

#Transform 57
Transform: AffineTransform_float_3_3
Parameters: 0.999998 -0.0009596 -0.00209827 0.000971325 0.999982 0.00587206 0.0020924 -0.00587394 0.999981 -0.0485126 0.246234 -0.0191996
FixedParameters: 0 0 0

#Transform 58
Transform: AffineTransform_float_3_3
Parameters: 0.999996 -0.00122098 -0.00226425 0.00123284 0.999984 0.00538466 0.00225742 -0.00538733 0.999983 -0.0482385 0.232809 -0.0304358
FixedParameters: 0 0 0

#Transform 59
Transform: AffineTransform_float_3_3
Parameters: 0.999996 -0.00144797 -0.00234915 0.00145998 0.999985 0.00513987 0.00234151 -0.00514312 0.999984 -0.0693018 0.230091 -0.0352385
FixedParameters: 0 0 0

#Transform 60
Transform: AffineTransform_float_3_3
Parameters: 0.999997 -0.00140447 -0.00224367 0.00141532 0.999987 0.00491561 0.00223672 -0.00491838 0.999985 -0.0710894 0.241673 -0.00171324
FixedParameters: 0 0 0

#Transform 61
Transform: AffineTransform_float_3_3
Parameters: 0.999997 -0.00128663 -0.00196354 0.00129691 0.999986 0.00513939 0.00195771 -0.00514161 0.999985 -0.0739759 0.243003 -0.00526544
FixedParameters: 0 0 0

#Transform 62
Transform: AffineTransform_float_3_3
Parameters: 0.999998 -0.00143654 -0.00134242 0.00144505 0.99998 0.00623113 0.00133336 -0.00623287 0.999979 -0.0478492 0.287988 0.0654699
FixedParameters: 0 0 0

#Transform 63
Transform: AffineTransform_float_3_3
Parameters: 0.999998 -0.00114911 -0.00163401 0.0011569 0.999987 0.00496933 0.0016283 -0.00497168 0.999986 -0.0529513 0.251021 0.0338499
FixedParameters: 0 0 0

#Transform 64
Transform: AffineTransform_float_3_3
Parameters: 0.999998 -0.00161038 -0.00130726 0.00161837 0.999983 0.00569695 0.00129829 -0.00569905 0.999983 -0.0628031 0.265028 0.118404
FixedParameters: 0 0 0

#Transform 65
Transform: AffineTransform_float_3_3
Parameters: 0.999998 -0.00138527 -0.00130398 0.00139259 0.999981 0.0059564 0.00129634 -0.0059586 0.999981 -0.0767998 0.283639 0.0776154
FixedParameters: 0 0 0

#Transform 66
Transform: AffineTransform_float_3_3
Parameters: 0.999999 -0.00138754 -0.00101782 0.00139375 0.999983 0.0057298 0.00100961 -0.00573121 0.999984 -0.0411523 0.272124 0.0438445
FixedParameters: 0 0 0

#Transform 67
Transform: AffineTransform_float_3_3
Parameters: 0.999998 -0.00123835 -0.00100116 0.0012438 0.999982 0.00589761 0.000994642 -0.00589939 0.999982 -0.0428338 0.273437 0.0827763
FixedParameters: 0 0 0

#Transform 68
Transform: AffineTransform_float_3_3
Parameters: 0.999999 -0.00108458 -0.00082882 0.00108874 0.999984 0.00547531 0.000823337 -0.00547569 0.999985 -0.0396029 0.266822 0.0395834
FixedParameters: 0 0 0

#Transform 69
Transform: AffineTransform_float_3_3
Parameters: 0.999999 -0.00128301 -0.00130287 0.00128975 0.999985 0.00533289 0.00129543 -0.0053341 0.999985 -0.0500122 0.271277 0.0152856
FixedParameters: 0 0 0

#Transform 70
Transform: AffineTransform_float_3_3
Parameters: 0.999998 -0.00127846 -0.00152645 0.00128604 0.999989 0.00451961 0.00152075 -0.00452138 0.999989 -0.0549302 0.238695 -0.00125217
FixedParameters: 0 0 0

#Transform 71
Transform: AffineTransform_float_3_3
Parameters: 0.999999 -0.00130123 -0.00133836 0.00130502 0.999993 0.00353967 0.00133371 -0.00354033 0.999993 -0.0623988 0.210105 -0.0098712
FixedParameters: 0 0 0

#Transform 72
Transform: AffineTransform_float_3_3
Parameters: 0.999997 -0.00153 -0.00188832 0.00153793 0.999988 0.00447604 0.00188164 -0.00447897 0.999989 -0.0707915 0.235124 -0.0247293
FixedParameters: 0 0 0

#Transform 73
Transform: AffineTransform_float_3_3
Parameters: 0.999998 -0.00145498 -0.00170567 0.00146084 0.999992 0.00380709 0.00170084 -0.00380992 0.999992 -0.0618558 0.22006 -0.039208
FixedParameters: 0 0 0

#Transform 74
Transform: AffineTransform_float_3_3
Parameters: 0.999996 -0.00168331 -0.00224974 0.00169174 0.999991 0.00386598 0.00224374 -0.00387002 0.99999 -0.0845613 0.204562 -0.0771323
FixedParameters: 0 0 0

#Transform 75
Transform: AffineTransform_float_3_3
Parameters: 0.999998 -0.00138473 -0.00153639 0.00138953 0.999993 0.00341044 0.0015315 -0.00341256 0.999993 -0.0720457 0.198578 -0.0496699
FixedParameters: 0 0 0

#Transform 76
Transform: AffineTransform_float_3_3
Parameters: 0.999998 -0.00118192 -0.00105439 0.00118588 0.999993 0.00350996 0.00105079 -0.00351104 0.999993 -0.0597253 0.188959 -0.0131505
FixedParameters: 0 0 0

#Transform 77
Transform: AffineTransform_float_3_3
Parameters: 0.999998 -0.00164271 -0.00122491 0.00164726 0.99999 0.00423669 0.00121778 -0.00423931 0.99999 -0.0639736 0.213535 0.0082811
FixedParameters: 0 0 0

#Transform 78
Transform: AffineTransform_float_3_3
Parameters: 0.999998 -0.00116899 -0.00124188 0.00117228 0.999994 0.00323775 0.00123848 -0.00323924 0.999993 -0.0557101 0.192967 -0.0588491
FixedParameters: 0 0 0

#Transform 79
Transform: AffineTransform_float_3_3
Parameters: 0.999999 -0.00107938 -0.00107439 0.00108291 0.999995 0.00299469 0.00107131 -0.00299631 0.999995 -0.0571301 0.196648 -0.0560103
FixedParameters: 0 0 0

#Transform 80
Transform: AffineTransform_float_3_3
Parameters: 0.999998 -0.00168124 -0.000852777 0.00168457 0.999993 0.00320442 0.000847233 -0.00320658 0.999995 -0.0765427 0.197678 -0.0469853
FixedParameters: 0 0 0

#Transform 81
Transform: AffineTransform_float_3_3
Parameters: 0.999998 -0.00129041 -0.00101862 0.00129429 0.999993 0.00359353 0.00101404 -0.00359546 0.999993 -0.064189 0.19878 -0.0202187
FixedParameters: 0 0 0

#Transform 82
Transform: AffineTransform_float_3_3
Parameters: 0.999998 -0.00157662 -0.00115206 0.0015807 0.999993 0.00349703 0.00114704 -0.00349997 0.999993 -0.0586634 0.210401 0.01157
FixedParameters: 0 0 0

#Transform 83
Transform: AffineTransform_float_3_3
Parameters: 0.999999 -0.00132177 -0.000799504 0.00132564 0.999992 0.00375415 0.000794809 -0.00375485 0.999993 -0.0579748 0.213637 0.0277473
FixedParameters: 0 0 0

#Transform 84
Transform: AffineTransform_float_3_3
Parameters: 0.999999 -0.00142009 -0.00118751 0.00142409 0.999992 0.00352288 0.0011826 -0.00352412 0.999994 -0.0416894 0.210459 -0.00524965
FixedParameters: 0 0 0

#Transform 85
Transform: AffineTransform_float_3_3
Parameters: 0.999997 -0.00123167 -0.00209009 0.00123924 0.999993 0.00370235 0.00208538 -0.00370465 0.999991 -0.0331297 0.203705 -0.00974307
FixedParameters: 0 0 0

#Transform 86
Transform: AffineTransform_float_3_3
Parameters: 0.999998 -0.0018932 -0.00135573 0.00189745 0.999993 0.00303385 0.00135025 -0.00303615 0.999995 -0.0508088 0.17689 -0.0328427
FixedParameters: 0 0 0

#Transform 87
Transform: AffineTransform_float_3_3
Parameters: 0.999997 -0.0017538 -0.0016068 0.00176108 0.999989 0.0043676 0.00159864 -0.0043704 0.999989 -0.00809518 0.220431 -0.0362978
FixedParameters: 0 0 0

#Transform 88
Transform: AffineTransform_float_3_3
Parameters: 0.999994 -0.00154703 -0.00289926 0.00155932 0.99999 0.00420815 0.00289349 -0.00421285 0.999987 -0.0698187 0.20627 -0.0782231
FixedParameters: 0 0 0

#Transform 89
Transform: AffineTransform_float_3_3
Parameters: 0.999994 -0.00177859 -0.00313842 0.00179278 0.999988 0.00448462 0.00313049 -0.00448939 0.999985 -0.0836658 0.220498 -0.0600841
FixedParameters: 0 0 0

#Transform 90
Transform: AffineTransform_float_3_3
Parameters: 0.999994 -0.00177987 -0.0031377 0.00179242 0.99999 0.00407677 0.00313082 -0.00408223 0.999987 -0.0969602 0.207733 -0.0616139
FixedParameters: 0 0 0

#Transform 91
Transform: AffineTransform_float_3_3
Parameters: 0.999994 -0.00178172 -0.00313665 0.00179241 0.999992 0.00348861 0.00313109 -0.00349339 0.999989 -0.0801745 0.197223 -0.0401177
FixedParameters: 0 0 0

#Transform 92
Transform: AffineTransform_float_3_3
Parameters: 0.999994 -0.00178235 -0.00313629 0.00179271 0.999994 0.00328825 0.00313105 -0.00329375 0.99999 -0.0700712 0.182423 -0.0253418
FixedParameters: 0 0 0

#Transform 93
Transform: AffineTransform_float_3_3
Parameters: 0.999993 -0.00178038 -0.0031374 0.00179283 0.999991 0.00391441 0.00313072 -0.00392059 0.999988 -0.0823738 0.21193 -0.0126335
FixedParameters: 0 0 0

#Transform 94
Transform: AffineTransform_float_3_3
Parameters: 0.999996 -0.00133304 -0.00249316 0.00134122 0.999993 0.00322411 0.00248897 -0.00322789 0.999992 -0.0613018 0.182664 -0.00861403
FixedParameters: 0 0 0

#Transform 95
Transform: AffineTransform_float_3_3
Parameters: 0.999995 -0.00149508 -0.00276977 0.00150225 0.999995 0.0025525 0.00276616 -0.0025565 0.999993 -0.0879252 0.169299 -0.0577026
FixedParameters: 0 0 0

#Transform 96
Transform: AffineTransform_float_3_3
Parameters: 0.999995 -0.00152658 -0.00294775 0.00153649 0.999993 0.00348913 0.00294267 -0.00349386 0.999989 -0.057903 0.199781 -0.0572435
FixedParameters: 0 0 0

#Transform 97
Transform: AffineTransform_float_3_3
Parameters: 0.999994 -0.00188153 -0.00270922 0.00188924 0.999994 0.00297924 0.00270373 -0.00298376 0.999992 -0.0797091 0.175529 -0.084993
FixedParameters: 0 0 0

#Transform 98
Transform: AffineTransform_float_3_3
Parameters: 0.999997 -0.00145123 -0.0020224 0.00145741 0.999995 0.00302784 0.00201724 -0.00303017 0.999994 -0.0596829 0.198173 -0.0473205
FixedParameters: 0 0 0

#Transform 99
Transform: AffineTransform_float_3_3
Parameters: 0.999996 -0.00157032 -0.00232407 0.0015781 0.999993 0.00348948 0.00231883 -0.00349252 0.999991 -0.0549817 0.191161 -0.0353779
FixedParameters: 0 0 0

#Transform 100
Transform: AffineTransform_float_3_3
Parameters: 0.999995 -0.00173689 -0.00241622 0.00174743 0.999989 0.00422993 0.00240892 -0.00423407 0.999988 -0.0523028 0.215916 -0.0444034
FixedParameters: 0 0 0

#Transform 101
Transform: AffineTransform_float_3_3
Parameters: 0.999996 -0.00175593 -0.00221652 0.0017626 0.999993 0.00319924 0.00221062 -0.00320276 0.999993 -0.0516659 0.190697 -0.0718408
FixedParameters: 0 0 0

#Transform 102
Transform: AffineTransform_float_3_3
Parameters: 0.999995 -0.00185868 -0.00234894 0.001866 0.999993 0.00307476 0.00234376 -0.00307924 0.999993 -0.0445815 0.183032 -0.085952
FixedParameters: 0 0 0

#Transform 103
Transform: AffineTransform_float_3_3
Parameters: 0.999994 -0.00198658 -0.00305091 0.00199941 0.99999 0.00402414 0.00304309 -0.00402986 0.999988 -0.0259002 0.205273 -0.062974
FixedParameters: 0 0 0

#Transform 104
Transform: AffineTransform_float_3_3
Parameters: 0.999995 -0.00174292 -0.00283725 0.00175253 0.999992 0.00341069 0.00283053 -0.00341631 0.99999 -0.0575232 0.193244 -0.0478058
FixedParameters: 0 0 0

#Transform 105
Transform: AffineTransform_float_3_3
Parameters: 0.999991 -0.00201165 -0.00357488 0.00202466 0.999991 0.00369736 0.00356672 -0.00370463 0.999987 -0.0745761 0.190446 -0.0663409
FixedParameters: 0 0 0

#Transform 106
Transform: AffineTransform_float_3_3
Parameters: 0.999991 -0.00227787 -0.00360538 0.0022924 0.999989 0.00402255 0.00359638 -0.00403045 0.999985 -0.0813917 0.194663 -0.025168
FixedParameters: 0 0 0

#Transform 107
Transform: AffineTransform_float_3_3
Parameters: 0.999991 -0.00214184 -0.003803 0.00216156 0.999984 0.00515612 0.00379123 -0.00516388 0.99998 -0.0856276 0.224468 -0.0051816
FixedParameters: 0 0 0

#Transform 108
Transform: AffineTransform_float_3_3
Parameters: 0.999991 -0.0018807 -0.00379594 0.00189593 0.99999 0.00401592 0.00378832 -0.00402308 0.999985 -0.0934706 0.201451 -0.0210854
FixedParameters: 0 0 0

#Transform 109
Transform: AffineTransform_float_3_3
Parameters: 0.99999 -0.00183885 -0.00420937 0.00185626 0.99999 0.00414483 0.00420146 -0.00415317 0.999983 -0.0962939 0.209954 -0.0340726
FixedParameters: 0 0 0

#Transform 110
Transform: AffineTransform_float_3_3
Parameters: 0.999988 -0.00202045 -0.00448021 0.00203888 0.999989 0.00421323 0.00447129 -0.00422277 0.999981 -0.0823954 0.210758 -0.0546633
FixedParameters: 0 0 0

#Transform 111
Transform: AffineTransform_float_3_3
Parameters: 0.999993 -0.00174006 -0.00349716 0.00175568 0.999989 0.00428462 0.00348934 -0.00429038 0.999985 -0.0773575 0.221027 -0.0144144
FixedParameters: 0 0 0

#Transform 112
Transform: AffineTransform_float_3_3
Parameters: 0.999993 -0.00221534 -0.0030682 0.00222643 0.999992 0.00341725 0.00306046 -0.00342374 0.99999 -0.0628383 0.210206 -0.0334128
FixedParameters: 0 0 0

#Transform 113
Transform: AffineTransform_float_3_3
Parameters: 0.999993 -0.00175723 -0.00307088 0.00176772 0.999993 0.00322859 0.00306563 -0.0032344 0.99999 -0.0801513 0.199011 -0.032104
FixedParameters: 0 0 0

#Transform 114
Transform: AffineTransform_float_3_3
Parameters: 0.999993 -0.00175771 -0.00326912 0.00177691 0.999982 0.00577945 0.00325873 -0.00578456 0.999978 -0.0681586 0.274064 0.0444788
FixedParameters: 0 0 0

#Transform 115
Transform: AffineTransform_float_3_3
Parameters: 0.999994 -0.00202436 -0.00299977 0.00203801 0.999987 0.00469261 0.0029901 -0.00469838 0.999984 -0.102945 0.237622 0.160501
FixedParameters: 0 0 0

#Transform 116
Transform: AffineTransform_float_3_3
Parameters: 0.999992 -0.00190853 -0.00346899 0.00192461 0.999987 0.00472793 0.00346012 -0.00473407 0.999983 -0.07761 0.243055 0.0161651
FixedParameters: 0 0 0

#Transform 117
Transform: AffineTransform_float_3_3
Parameters: 0.999993 -0.00219595 -0.00303054 0.00220892 0.999988 0.00431604 0.00302145 -0.00432297 0.999986 -0.0890685 0.219581 0.0449503
FixedParameters: 0 0 0

#Transform 118
Transform: AffineTransform_float_3_3
Parameters: 0.999991 -0.00224149 -0.00376048 0.0022622 0.999983 0.00553933 0.00374765 -0.00554768 0.999978 -0.108362 0.243561 0.142089
FixedParameters: 0 0 0

#Transform 119
Transform: AffineTransform_float_3_3
Parameters: 0.999992 -0.00170571 -0.00346417 0.00172435 0.999984 0.00556044 0.00345461 -0.00556657 0.999979 -0.114692 0.237536 0.0828067
FixedParameters: 0 0 0

#Transform 120
Transform: AffineTransform_float_3_3
Parameters: 0.999994 -0.00147269 -0.00292035 0.0014933 0.999973 0.00718632 0.00291025 -0.00719068 0.99997 -0.113624 0.28283 0.138204
FixedParameters: 0 0 0

#Transform 121
Transform: AffineTransform_float_3_3
Parameters: 0.999994 -0.00179403 -0.00303655 0.00181403 0.999976 0.00659554 0.00302449 -0.00660146 0.999974 -0.11039 0.268157 0.121691
FixedParameters: 0 0 0

#Transform 122
Transform: AffineTransform_float_3_3
Parameters: 0.999991 -0.00178349 -0.0038859 0.00180832 0.99998 0.00623012 0.00387459 -0.00623689 0.999973 -0.0822594 0.270057 0.0700115
FixedParameters: 0 0 0

#Transform 123
Transform: AffineTransform_float_3_3
Parameters: 0.999993 -0.00193246 -0.00296822 0.00195262 0.999975 0.0068661 0.00295459 -0.0068719 0.999972 -0.101444 0.271604 0.034813
FixedParameters: 0 0 0

#Transform 124
Transform: AffineTransform_float_3_3
Parameters: 0.999994 -0.00177292 -0.00314505 0.00179434 0.999976 0.00665777 0.00313212 -0.00666323 0.999973 -0.114712 0.276103 0.0520679
FixedParameters: 0 0 0

#Transform 125
Transform: AffineTransform_float_3_3
Parameters: 0.999995 -0.00177681 -0.00264134 0.00179591 0.99997 0.00751878 0.00262753 -0.00752321 0.999968 -0.0993096 0.313497 0.0682701
FixedParameters: 0 0 0

#Transform 126
Transform: AffineTransform_float_3_3
Parameters: 0.999996 -0.00189292 -0.00240062 0.00190916 0.999976 0.00663542 0.00238741 -0.00663956 0.999975 -0.0913832 0.305096 0.0572051
FixedParameters: 0 0 0

#Transform 127
Transform: AffineTransform_float_3_3
Parameters: 0.999995 -0.00151187 -0.00269426 0.00152566 0.999985 0.0052272 0.00268555 -0.0052318 0.999982 -0.119384 0.260088 0.110963
FixedParameters: 0 0 0

#Transform 128
Transform: AffineTransform_float_3_3
Parameters: 0.999995 -0.00216691 -0.00235096 0.00217939 0.999984 0.00529789 0.00233969 -0.00530312 0.999984 -0.114434 0.249355 0.160673
FixedParameters: 0 0 0

#Transform 129
Transform: AffineTransform_float_3_3
Parameters: 0.999994 -0.00228353 -0.00262948 0.00229784 0.999983 0.00526017 0.00261754 -0.00526582 0.999982 -0.0689186 0.253857 0.131188
FixedParameters: 0 0 0

#Transform 130
Transform: AffineTransform_float_3_3
Parameters: 0.999994 -0.00209261 -0.00283855 0.00210823 0.999982 0.00549575 0.00282747 -0.00550125 0.999981 -0.0651513 0.248444 0.137847
FixedParameters: 0 0 0

#Transform 131
Transform: AffineTransform_float_3_3
Parameters: 0.999994 -0.00241844 -0.00255366 0.00243186 0.999983 0.00534501 0.0025412 -0.00535099 0.999983 -0.0925589 0.231633 0.0808142
FixedParameters: 0 0 0

#Transform 132
Transform: AffineTransform_float_3_3
Parameters: 0.999993 -0.00213996 -0.00327146 0.00215702 0.999985 0.00504604 0.00326087 -0.00505296 0.999982 -0.0968721 0.225471 0.0227095
FixedParameters: 0 0 0

#Transform 133
Transform: AffineTransform_float_3_3
Parameters: 0.999994 -0.00206439 -0.00285632 0.00207816 0.999986 0.00488279 0.0028464 -0.00488821 0.999984 -0.0965457 0.219284 0.0284779
FixedParameters: 0 0 0

#Transform 134
Transform: AffineTransform_float_3_3
Parameters: 0.99999 -0.00260037 -0.00343438 0.00261791 0.999983 0.00508968 0.00342061 -0.00509831 0.999981 -0.0785845 0.227318 -0.0241908
FixedParameters: 0 0 0

#Transform 135
Transform: AffineTransform_float_3_3
Parameters: 0.999995 -0.00201323 -0.00267687 0.00202525 0.999988 0.0045381 0.00266807 -0.00454391 0.999987 -0.0917405 0.214813 0.0835045
FixedParameters: 0 0 0

#Transform 136
Transform: AffineTransform_float_3_3
Parameters: 0.999995 -0.00213411 -0.00228299 0.0021449 0.999985 0.00496711 0.00227219 -0.00497189 0.999985 -0.0848851 0.230461 0.0596827
FixedParameters: 0 0 0

#Transform 137
Transform: AffineTransform_float_3_3
Parameters: 0.999994 -0.00243445 -0.00247234 0.00244991 0.999977 0.00623417 0.00245705 -0.00623983 0.999978 -0.0750395 0.2809 0.113802
FixedParameters: 0 0 0

#Transform 138
Transform: AffineTransform_float_3_3
Parameters: 0.999993 -0.00260841 -0.00289209 0.00262745 0.999975 0.00651784 0.00287561 -0.00652515 0.999974 -0.0979994 0.264672 0.194157
FixedParameters: 0 0 0

#Transform 139
Transform: AffineTransform_float_3_3
Parameters: 0.999992 -0.00228002 -0.00335533 0.0022983 0.999982 0.0055936 0.00334329 -0.0056004 0.999979 -0.0997684 0.273123 0.205845
FixedParameters: 0 0 0

#Transform 140
Transform: AffineTransform_float_3_3
Parameters: 0.999991 -0.00230342 -0.00374679 0.00232616 0.99998 0.00590312 0.00373289 -0.00591188 0.999976 -0.112318 0.277555 0.381336
FixedParameters: 0 0 0

#Transform 141
Transform: AffineTransform_float_3_3
Parameters: 0.999992 -0.00228465 -0.00323205 0.00230279 0.999981 0.00564466 0.00321934 -0.00565234 0.999979 -0.132224 0.281207 0.408562
FixedParameters: 0 0 0

#Transform 142
Transform: AffineTransform_float_3_3
Parameters: 0.999989 -0.00288222 -0.00350579 0.00290416 0.999976 0.00637121 0.0034872 -0.0063808 0.999974 -0.131973 0.303625 0.407376
FixedParameters: 0 0 0

#Transform 143
Transform: AffineTransform_float_3_3
Parameters: 0.99999 -0.00256587 -0.00369679 0.00259127 0.999973 0.00693712 0.00367954 -0.00694689 0.999969 -0.142449 0.317731 0.358965
FixedParameters: 0 0 0

#Transform 144
Transform: AffineTransform_float_3_3
Parameters: 0.999989 -0.00234133 -0.00407281 0.00236872 0.999975 0.00668257 0.00405711 -0.00669244 0.999969 -0.140662 0.293624 0.147511
FixedParameters: 0 0 0

#Transform 145
Transform: AffineTransform_float_3_3
Parameters: 0.999991 -0.00258492 -0.00340119 0.0026063 0.999976 0.00640546 0.0033849 -0.00641454 0.999974 -0.167166 0.294332 0.310761
FixedParameters: 0 0 0

#Transform 146
Transform: AffineTransform_float_3_3
Parameters: 0.999989 -0.00240792 -0.0038786 0.00243058 0.999981 0.00576062 0.00386547 -0.00576938 0.999976 -0.103225 0.275008 0.192663
FixedParameters: 0 0 0

#Transform 147
Transform: AffineTransform_float_3_3
Parameters: 0.99999 -0.0024286 -0.00369364 0.00245189 0.999978 0.00613563 0.00367844 -0.00614436 0.999974 -0.136061 0.284341 0.215169
FixedParameters: 0 0 0

#Transform 148
Transform: AffineTransform_float_3_3
Parameters: 0.999984 -0.00277189 -0.0048985 0.00280235 0.999976 0.00633667 0.00488089 -0.00635033 0.999968 -0.128501 0.285501 0.173318
FixedParameters: 0 0 0

#Transform 149
Transform: AffineTransform_float_3_3
Parameters: 0.999985 -0.00247328 -0.00502327 0.00250829 0.999972 0.00698595 0.00500552 -0.00699804 0.999963 -0.136174 0.306965 0.234247
FixedParameters: 0 0 0

#Transform 150
Transform: AffineTransform_float_3_3
Parameters: 0.999982 -0.00282651 -0.00541764 0.00287258 0.99996 0.00853662 0.00539294 -0.00855239 0.999949 -0.101925 0.340028 0.249768
FixedParameters: 0 0 0

#Transform 151
Transform: AffineTransform_float_3_3
Parameters: 0.999981 -0.00305887 -0.00539532 0.00310783 0.999955 0.00898927 0.00536776 -0.00900673 0.999945 -0.129903 0.356705 0.321284
FixedParameters: 0 0 0

#Transform 152
Transform: AffineTransform_float_3_3
Parameters: 0.999985 -0.0031693 -0.00444543 0.00320343 0.999964 0.007807 0.00442033 -0.00782101 0.99996 -0.139878 0.361112 0.460419
FixedParameters: 0 0 0

#Transform 153
Transform: AffineTransform_float_3_3
Parameters: 0.999984 -0.00324925 -0.00465766 0.00329181 0.999953 0.00916915 0.00462769 -0.00918386 0.999947 -0.181086 0.445081 0.836112
FixedParameters: 0 0 0

#Transform 154
Transform: AffineTransform_float_3_3
Parameters: 0.999982 -0.0027859 -0.00528106 0.00282377 0.99997 0.00722923 0.00526003 -0.00724377 0.99996 -0.176533 0.358173 0.500062
FixedParameters: 0 0 0

#Transform 155
Transform: AffineTransform_float_3_3
Parameters: 0.999988 -0.00221047 -0.00450279 0.00223476 0.999983 0.00531438 0.00449023 -0.00532362 0.999976 -0.17811 0.310554 0.410302
FixedParameters: 0 0 0

#Transform 156
Transform: AffineTransform_float_3_3
Parameters: 0.999991 -0.00246414 -0.00327341 0.00248675 0.999973 0.00698582 0.00325619 -0.00699417 0.99997 -0.156484 0.345093 0.408744
FixedParameters: 0 0 0

#Transform 157
Transform: AffineTransform_float_3_3
Parameters: 0.999992 -0.00259252 -0.00305266 0.00261452 0.999969 0.00741983 0.00303362 -0.00742717 0.999968 -0.158209 0.437252 0.7627
FixedParameters: 0 0 0

#Transform 158
Transform: AffineTransform_float_3_3
Parameters: 0.999987 -0.00291405 -0.00422374 0.00294812 0.999963 0.00814821 0.00419932 -0.00816079 0.999958 -0.157515 0.402452 0.599964
FixedParameters: 0 0 0

#Transform 159
Transform: AffineTransform_float_3_3
Parameters: 0.999988 -0.00272871 -0.00403867 0.00275275 0.999978 0.00611215 0.00402238 -0.00612285 0.999973 -0.163359 0.316351 0.287638
FixedParameters: 0 0 0

#Transform 160
Transform: AffineTransform_float_3_3
Parameters: 0.999988 -0.00256394 -0.00433219 0.00259247 0.999974 0.00673256 0.00431441 -0.00674344 0.999968 -0.181463 0.332605 0.282014
FixedParameters: 0 0 0

#Transform 161
Transform: AffineTransform_float_3_3
Parameters: 0.999989 -0.00187154 -0.00432923 0.0019026 0.999973 0.0071628 0.00431638 -0.00717121 0.999965 -0.139994 0.329479 0.210842
FixedParameters: 0 0 0

#Transform 162
Transform: AffineTransform_float_3_3
Parameters: 0.999988 -0.00231248 -0.00429782 0.00234638 0.999966 0.00794966 0.00427968 -0.00796034 0.999959 -0.176846 0.33963 0.197275
FixedParameters: 0 0 0

#Transform 163
Transform: AffineTransform_float_3_3
Parameters: 0.999986 -0.00232009 -0.00480287 0.00234812 0.99998 0.00580869 0.00478968 -0.00582031 0.999972 -0.181643 0.294367 0.13125
FixedParameters: 0 0 0

#Transform 164
Transform: AffineTransform_float_3_3
Parameters: 0.999988 -0.00233223 -0.00432652 0.00235911 0.999979 0.00606037 0.00431215 -0.00607063 0.999972 -0.172092 0.308031 0.153129
FixedParameters: 0 0 0

#Transform 165
Transform: AffineTransform_float_3_3
Parameters: 0.999987 -0.0027798 -0.00438997 0.00281046 0.999971 0.00711383 0.00437015 -0.00712618 0.999966 -0.169712 0.320205 0.117792
FixedParameters: 0 0 0

#Transform 166
Transform: AffineTransform_float_3_3
Parameters: 0.999986 -0.00282301 -0.00451072 0.00286044 0.999961 0.00835149 0.00448685 -0.00836351 0.999955 -0.15031 0.363676 0.283124
FixedParameters: 0 0 0

#Transform 167
Transform: AffineTransform_float_3_3
Parameters: 0.999986 -0.00290809 -0.00442464 0.0029452 0.99996 0.008434 0.00439979 -0.008447 0.999955 -0.123762 0.380351 0.241599
FixedParameters: 0 0 0

#Transform 168
Transform: AffineTransform_float_3_3
Parameters: 0.999986 -0.00306274 -0.00443123 0.0030858 0.999982 0.00514416 0.00441563 -0.00515784 0.999977 -0.14547 0.292761 0.101125
FixedParameters: 0 0 0

#Transform 169
Transform: AffineTransform_float_3_3
Parameters: 0.99999 -0.00250955 -0.00376233 0.00253077 0.999981 0.00562467 0.00374832 -0.00563433 0.999978 -0.137886 0.306156 0.088175
FixedParameters: 0 0 0

#Transform 170
Transform: AffineTransform_float_3_3
Parameters: 0.999987 -0.00272534 -0.00427443 0.00274816 0.999982 0.00529002 0.00425928 -0.00530197 0.999976 -0.141768 0.27895 0.0848976
FixedParameters: 0 0 0

#Transform 171
Transform: AffineTransform_float_3_3
Parameters: 0.999985 -0.00340956 -0.00434186 0.00343316 0.99998 0.00543663 0.00432331 -0.00545137 0.999976 -0.153773 0.289896 0.148589
FixedParameters: 0 0 0

#Transform 172
Transform: AffineTransform_float_3_3
Parameters: 0.999986 -0.00288219 -0.00453174 0.00290046 0.999988 0.00407583 0.00452041 -0.00408917 0.999981 -0.190955 0.2678 0.151806
FixedParameters: 0 0 0

#Transform 173
Transform: AffineTransform_float_3_3
Parameters: 0.999985 -0.00256875 -0.00487948 0.00258198 0.999993 0.00272653 0.00487218 -0.00273947 0.999985 -0.226123 0.249379 0.196227
FixedParameters: 0 0 0

#Transform 174
Transform: AffineTransform_float_3_3
Parameters: 0.999983 -0.00292473 -0.00508046 0.00296182 0.999968 0.00736158 0.00505848 -0.00737641 0.99996 -0.160771 0.345038 0.102777
FixedParameters: 0 0 0

#Transform 175
Transform: AffineTransform_float_3_3
Parameters: 0.999985 -0.00294545 -0.00449284 0.00298499 0.999958 0.00873948 0.00446723 -0.00875252 0.999951 -0.171087 0.403402 0.324624
FixedParameters: 0 0 0

#Transform 176
Transform: AffineTransform_float_3_3
Parameters: 0.999988 -0.00292464 -0.00375229 0.00295406 0.999965 0.00783333 0.00372948 -0.00784468 0.999962 -0.137224 0.387402 0.24877
FixedParameters: 0 0 0

#Transform 177
Transform: AffineTransform_float_3_3
Parameters: 0.999991 -0.00293212 -0.00307391 0.0029568 0.999963 0.00806922 0.00304991 -0.00807877 0.999962 -0.149629 0.427806 0.525833
FixedParameters: 0 0 0

#Transform 178
Transform: AffineTransform_float_3_3
Parameters: 0.999988 -0.00336372 -0.00358052 0.0033949 0.999955 0.00883713 0.00355057 -0.00884989 0.999955 -0.146599 0.435592 0.55552
FixedParameters: 0 0 0

#Transform 179
Transform: AffineTransform_float_3_3
Parameters: 0.999985 -0.00316499 -0.00461324 0.00321805 0.999928 0.0115234 0.00457622 -0.0115385 0.999923 -0.182586 0.528047 0.612145
FixedParameters: 0 0 0
