#Insight Transform File V1.0
#Transform 0
Transform: AffineTransform_float_3_3
Parameters: 1 7.87311e-05 -0.000481318 -7.88891e-05 1 -0.00112096 0.00048075 0.00112104 1 0.0657364 0.182581 0.312794
FixedParameters: 0 0 0

#Transform 1
Transform: AffineTransform_float_3_3
Parameters: 1 0.000666496 -0.000940303 -0.000666749 0.999999 -0.00013422 0.000940123 0.000134779 0.999999 -0.0140207 0.0644464 -0.110931
FixedParameters: 0 0 0

#Transform 2
Transform: AffineTransform_float_3_3
Parameters: 0.999999 0.000592955 -0.000646413 -0.000593421 0.999998 -0.00167782 0.000645873 0.00167718 0.999998 0.00509374 0.0885284 -0.192139
FixedParameters: 0 0 0

#Transform 3
Transform: AffineTransform_float_3_3
Parameters: 1 0.000532575 -0.00109368 -0.000535176 0.999998 -0.00178926 0.0010923 0.00178974 0.999998 0.0128367 0.106864 -0.176289
FixedParameters: 0 0 0

#Transform 4
Transform: AffineTransform_float_3_3
Parameters: 0.999999 0.000878657 -0.000968769 -0.00087969 0.999999 -0.00121015 0.00096717 0.00121185 0.999999 0.0170519 0.11382 -0.207834
FixedParameters: 0 0 0

#Transform 5
Transform: AffineTransform_float_3_3
Parameters: 0.999998 0.000766373 -0.00140419 -0.000767571 0.999999 -0.00089277 0.00140335 0.000894229 0.999999 -0.000474722 0.127508 -0.206417
FixedParameters: 0 0 0

#Transform 6
Transform: AffineTransform_float_3_3
Parameters: 0.999998 0.000852218 -0.00138269 -0.000853716 0.999999 -0.00134903 0.00138053 0.00134997 0.999998 0.0229145 0.127737 -0.270563
FixedParameters: 0 0 0

#Transform 7
Transform: AffineTransform_float_3_3
Parameters: 0.999998 0.00121297 -0.00159603 -0.00121584 0.999997 -0.00184212 0.00159354 0.00184388 0.999997 0.0247668 0.135016 -0.286829
FixedParameters: 0 0 0

#Transform 8
Transform: AffineTransform_float_3_3
Parameters: 0.999998 0.000630256 -0.00188662 -0.000633128 0.999999 -0.0018035 0.00188593 0.0018045 0.999997 0.0535473 0.123897 -0.282359
FixedParameters: 0 0 0

#Transform 9
Transform: AffineTransform_float_3_3
Parameters: 0.999998 0.000623267 -0.00155944 -0.000625766 0.999999 -0.00164187 0.00155845 0.00164313 0.999997 0.0411586 0.12958 -0.279816
FixedParameters: 0 0 0

#Transform 10
Transform: AffineTransform_float_3_3
Parameters: 0.999998 0.000797209 -0.00141776 -0.000799331 0.999999 -0.00121108 0.00141636 0.00121192 0.999998 0.0155747 0.153353 -0.282938
FixedParameters: 0 0 0

#Transform 11
Transform: AffineTransform_float_3_3
Parameters: 0.999999 0.000607325 -0.00133801 -0.000610496 0.999998 -0.00216603 0.00133643 0.00216697 0.999997 0.0439496 0.147769 -0.305808
FixedParameters: 0 0 0

#Transform 12
Transform: AffineTransform_float_3_3
Parameters: 0.999999 0.000590722 -0.0013462 -0.000594066 0.999997 -0.00221705 0.00134464 0.00221795 0.999997 0.0231206 0.131496 -0.319631
FixedParameters: 0 0 0

#Transform 13
Transform: AffineTransform_float_3_3
Parameters: 0.999999 0.000709873 -0.00123653 -0.000711298 0.999998 -0.00163697 0.00123526 0.00163803 0.999998 0.0176165 0.12686 -0.338861
FixedParameters: 0 0 0

#Transform 14
Transform: AffineTransform_float_3_3
Parameters: 0.999999 0.000629444 -0.00135053 -0.000633369 0.999996 -0.002911 0.00134844 0.00291201 0.999995 0.036076 0.132848 -0.338581
FixedParameters: 0 0 0

#Transform 15
Transform: AffineTransform_float_3_3
Parameters: 0.999998 0.000567705 -0.00155051 -0.000571755 0.999998 -0.00215196 0.00154912 0.00215303 0.999996 0.0440064 0.137157 -0.327994
FixedParameters: 0 0 0

#Transform 16
Transform: AffineTransform_float_3_3
Parameters: 0.999999 0.000509484 -0.00168438 -0.000512733 0.999998 -0.00213199 0.00168379 0.00213301 0.999996 0.0469626 0.12361 -0.315015
FixedParameters: 0 0 0

#Transform 17
Transform: AffineTransform_float_3_3
Parameters: 0.999999 0.000416125 -0.00143233 -0.000418666 0.999998 -0.00198789 0.00143042 0.00198911 0.999997 0.0378604 0.136553 -0.328766
FixedParameters: 0 0 0

#Transform 18
Transform: AffineTransform_float_3_3
Parameters: 0.999999 0.000477763 -0.00136185 -0.0004805 0.999998 -0.00196784 0.00136103 0.00196916 0.999997 0.0342409 0.135317 -0.335648
FixedParameters: 0 0 0

#Transform 19
Transform: AffineTransform_float_3_3
Parameters: 0.999999 0.000386976 -0.000955583 -0.000388057 0.999998 -0.00193763 0.00095514 0.00193837 0.999997 0.0500472 0.15067 -0.359398
FixedParameters: 0 0 0

#Transform 20
Transform: AffineTransform_float_3_3
Parameters: 1 0.000239522 -0.00119982 -0.000242808 0.999996 -0.00268456 0.00119828 0.00268444 0.999996 0.0580742 0.14887 -0.361673
FixedParameters: 0 0 0

#Transform 21
Transform: AffineTransform_float_3_3
Parameters: 0.999999 4.63129e-05 -0.00185782 -5.16532e-05 0.999997 -0.0026384 0.00185784 0.0026386 0.999995 0.0881375 0.155818 -0.358652
FixedParameters: 0 0 0

#Transform 22
Transform: AffineTransform_float_3_3
Parameters: 0.999999 0.000159453 -0.00130758 -0.000161593 0.999998 -0.00202428 0.00130668 0.00202472 0.999997 0.0828049 0.14776 -0.344416
FixedParameters: 0 0 0

#Transform 23
Transform: AffineTransform_float_3_3
Parameters: 1 -0.000101471 -0.00119611 9.94076e-05 0.999999 -0.00179512 0.00119661 0.00179488 0.999997 0.0603486 0.158135 -0.277741
FixedParameters: 0 0 0

#Transform 24
Transform: AffineTransform_float_3_3
Parameters: 0.999999 -0.000125587 -0.00145811 0.000121538 0.999996 -0.00278482 0.00145816 0.00278518 0.999995 0.0878003 0.152803 -0.318487
FixedParameters: 0 0 0

#Transform 25
Transform: AffineTransform_float_3_3
Parameters: 0.999999 -1.77427e-05 -0.0013559 1.44813e-05 0.999998 -0.00202551 0.0013561 0.00202549 0.999997 0.0728314 0.141486 -0.313132
FixedParameters: 0 0 0

#Transform 26
Transform: AffineTransform_float_3_3
Parameters: 0.999998 -0.000169733 -0.00162015 0.000167391 0.999999 -0.00141176 0.00162076 0.00141124 0.999998 0.0779283 0.157344 -0.319746
FixedParameters: 0 0 0

#Transform 27
Transform: AffineTransform_float_3_3
Parameters: 0.999999 -0.000195729 -0.00153743 0.000193837 0.999998 -0.00164043 0.00153782 0.00164057 0.999998 0.0934342 0.174718 -0.330219
FixedParameters: 0 0 0

#Transform 28
Transform: AffineTransform_float_3_3
Parameters: 0.999998 0.000284175 -0.00171712 -0.000286439 0.999998 -0.00169085 0.00171682 0.00169116 0.999998 0.0710049 0.169027 -0.352499
FixedParameters: 0 0 0

#Transform 29
Transform: AffineTransform_float_3_3
Parameters: 0.999999 0.000362992 -0.00144843 -0.000365427 0.999999 -0.00161132 0.00144739 0.00161168 0.999998 0.0444664 0.175194 -0.345108
FixedParameters: 0 0 0

#Transform 30
Transform: AffineTransform_float_3_3
Parameters: 0.999999 -0.000133059 -0.00149938 0.000129923 0.999996 -0.00253368 0.00150033 0.00253331 0.999996 0.0763313 0.161808 -0.361753
FixedParameters: 0 0 0

#Transform 31
Transform: AffineTransform_float_3_3
Parameters: 0.999998 -0.000176312 -0.00193211 0.000172567 0.999997 -0.00236231 0.00193282 0.00236169 0.999996 0.098646 0.179606 -0.394157
FixedParameters: 0 0 0

#Transform 32
Transform: AffineTransform_float_3_3
Parameters: 0.999999 -0.000154308 -0.00176195 0.000151237 0.999997 -0.0021374 0.00176288 0.0021376 0.999996 0.0829194 0.158618 -0.384808
FixedParameters: 0 0 0

#Transform 33
Transform: AffineTransform_float_3_3
Parameters: 0.999998 -4.6132e-05 -0.00211661 4.18784e-05 0.999999 -0.00174958 0.00211651 0.00174942 0.999996 0.0987273 0.163539 -0.397807
FixedParameters: 0 0 0

#Transform 34
Transform: AffineTransform_float_3_3
Parameters: 0.999998 0.000660456 -0.00196601 -0.000662956 0.999999 -0.00120339 0.00196455 0.00120461 0.999997 0.0959433 0.170775 -0.434224
FixedParameters: 0 0 0

#Transform 35
Transform: AffineTransform_float_3_3
Parameters: 0.999998 0.000370575 -0.00224521 -0.000375579 0.999998 -0.0024005 0.00224423 0.0024015 0.999995 0.116534 0.174027 -0.607763
FixedParameters: 0 0 0

#Transform 36
Transform: AffineTransform_float_3_3
Parameters: 0.999995 0.000387144 -0.00317245 -0.000401022 0.99999 -0.00436027 0.00317077 0.00436073 0.999985 0.144609 0.174099 -0.786063
FixedParameters: 0 0 0

#Transform 37
Transform: AffineTransform_float_3_3
Parameters: 0.999995 0.000698388 -0.00327861 -0.000710543 0.999993 -0.00367506 0.00327597 0.00367695 0.999989 0.112828 0.166033 -0.680593
FixedParameters: 0 0 0

#Transform 38
Transform: AffineTransform_float_3_3
Parameters: 0.999994 0.000260972 -0.00339381 -0.000271625 0.999995 -0.00321305 0.0033928 0.00321495 0.999989 0.111916 0.173673 -0.652169
FixedParameters: 0 0 0

#Transform 39
Transform: AffineTransform_float_3_3
Parameters: 0.999995 0.000928416 -0.00302872 -0.000934291 0.999997 -0.00205106 0.00302754 0.00205394 0.999993 0.100483 0.216226 -0.590282
FixedParameters: 0 0 0

#Transform 40
Transform: AffineTransform_float_3_3
Parameters: 0.999995 0.000993106 -0.00305472 -0.00099741 0.999999 -0.00134684 0.00305362 0.00135016 0.999994 0.100515 0.227946 -0.514211
FixedParameters: 0 0 0

#Transform 41
Transform: AffineTransform_float_3_3
Parameters: 0.999994 0.000918661 -0.00317242 -0.000921671 0.999999 -0.00109296 0.003172 0.00109604 0.999994 0.0966829 0.227357 -0.510739
FixedParameters: 0 0 0

#Transform 42
Transform: AffineTransform_float_3_3
Parameters: 0.999996 0.000744813 -0.00275917 -0.000747841 0.999999 -0.00102297 0.0027587 0.00102503 0.999996 0.0916727 0.232826 -0.538254
FixedParameters: 0 0 0

#Transform 43
Transform: AffineTransform_float_3_3
Parameters: 0.999995 0.000968881 -0.00285269 -0.000970468 0.999999 -0.000668111 0.00285153 0.000670889 0.999996 0.0900179 0.228506 -0.514759
FixedParameters: 0 0 0

#Transform 44
Transform: AffineTransform_float_3_3
Parameters: 0.999996 0.000764636 -0.00295035 -0.000766635 1 -0.00055977 0.00295002 0.000562228 0.999995 0.109325 0.218451 -0.520189
FixedParameters: 0 0 0

#Transform 45
Transform: AffineTransform_float_3_3
Parameters: 0.999996 0.000724343 -0.00273183 -0.000725444 0.999999 -0.000369049 0.0027309 0.000370949 0.999996 0.119605 0.240198 -0.523616
FixedParameters: 0 0 0

#Transform 46
Transform: AffineTransform_float_3_3
Parameters: 0.999995 0.000229364 -0.00317742 -0.000231489 0.999999 -0.000830426 0.00317678 0.000830574 0.999995 0.150114 0.229925 -0.522176
FixedParameters: 0 0 0

#Transform 47
Transform: AffineTransform_float_3_3
Parameters: 0.999996 0.000416236 -0.002877 -0.000419383 0.999999 -0.00109447 0.00287583 0.00109553 0.999996 0.146918 0.223263 -0.58027
FixedParameters: 0 0 0

#Transform 48
Transform: AffineTransform_float_3_3
Parameters: 0.999995 0.000378718 -0.00298135 -0.000386589 0.999996 -0.00288217 0.00298062 0.00288383 0.999992 0.145594 0.208043 -0.651621
FixedParameters: 0 0 0

#Transform 49
Transform: AffineTransform_float_3_3
Parameters: 0.999994 0.000318524 -0.00346821 -0.00032555 0.999998 -0.00184504 0.00346783 0.00184596 0.999992 0.170858 0.218886 -0.583433
FixedParameters: 0 0 0

#Transform 50
Transform: AffineTransform_float_3_3
Parameters: 0.999995 0.000133152 -0.00310445 -0.000137587 1 -0.00122189 0.00310387 0.00122211 0.999995 0.16103 0.231434 -0.594481
FixedParameters: 0 0 0

#Transform 51
Transform: AffineTransform_float_3_3
Parameters: 0.999994 0.000317493 -0.00322585 -0.000321875 0.999999 -0.00151328 0.00322477 0.00151472 0.999993 0.164705 0.234779 -0.619359
FixedParameters: 0 0 0

#Transform 52
Transform: AffineTransform_float_3_3
Parameters: 0.99999 6.91107e-05 -0.00430228 -7.66509e-05 0.999998 -0.0018681 0.00430165 0.0018689 0.999989 0.159829 0.220697 -0.653985
FixedParameters: 0 0 0

#Transform 53
Transform: AffineTransform_float_3_3
Parameters: 0.999989 0.000102491 -0.00463678 -0.000110065 0.999998 -0.00163777 0.00463645 0.00163823 0.999988 0.178829 0.229209 -0.687726
FixedParameters: 0 0 0

#Transform 54
Transform: AffineTransform_float_3_3
Parameters: 0.999991 0.000483457 -0.00426867 -0.000490231 0.999999 -0.00162241 0.00426843 0.00162459 0.999989 0.156235 0.240414 -0.638545
FixedParameters: 0 0 0

#Transform 55
Transform: AffineTransform_float_3_3
Parameters: 0.99999 0.000555943 -0.0043002 -0.000564103 0.999998 -0.00187857 0.00429904 0.00188143 0.999989 0.151098 0.221327 -0.624829
FixedParameters: 0 0 0

#Transform 56
Transform: AffineTransform_float_3_3
Parameters: 0.999991 0.000323601 -0.00420041 -0.000331062 0.999999 -0.00157476 0.00420019 0.00157624 0.99999 0.157576 0.238317 -0.638455
FixedParameters: 0 0 0

#Transform 57
Transform: AffineTransform_float_3_3
Parameters: 0.999991 0.000181421 -0.00435601 -0.000187942 0.999999 -0.00151682 0.00435587 0.00151718 0.99999 0.18903 0.238858 -0.56518
FixedParameters: 0 0 0

#Transform 58
Transform: AffineTransform_float_3_3
Parameters: 0.999991 0.000151981 -0.00421718 -0.000155224 1 -0.000867127 0.00421627 0.000867875 0.999991 0.166468 0.254955 -0.553486
FixedParameters: 0 0 0

#Transform 59
Transform: AffineTransform_float_3_3
Parameters: 0.999991 2.66297e-05 -0.0042233 -3.45594e-05 0.999998 -0.00188664 0.00422413 0.00188635 0.999989 0.149023 0.225193 -0.619972
FixedParameters: 0 0 0

#Transform 60
Transform: AffineTransform_float_3_3
Parameters: 0.999992 6.07453e-06 -0.00416412 -1.35982e-05 0.999999 -0.00166073 0.00416358 0.00166027 0.999991 0.142879 0.222187 -0.640169
FixedParameters: 0 0 0

#Transform 61
Transform: AffineTransform_float_3_3
Parameters: 0.999991 0.000186464 -0.00424056 -0.000192205 0.999999 -0.00142033 0.00423952 0.00142067 0.99999 0.121944 0.243246 -0.636717
FixedParameters: 0 0 0

#Transform 62
Transform: AffineTransform_float_3_3
Parameters: 0.999989 0.000313024 -0.00456485 -0.000318033 0.999999 -0.00128118 0.00456446 0.00128282 0.999988 0.131329 0.221119 -0.612572
FixedParameters: 0 0 0

#Transform 63
Transform: AffineTransform_float_3_3
Parameters: 0.999991 0.000490335 -0.00418033 -0.000494685 0.999999 -0.00116343 0.00417907 0.00116557 0.99999 0.120591 0.228997 -0.656335
FixedParameters: 0 0 0

#Transform 64
Transform: AffineTransform_float_3_3
Parameters: 0.999992 0.000203012 -0.00399851 -0.000208252 0.999998 -0.00132831 0.00399785 0.00132869 0.999991 0.107935 0.235281 -0.609354
FixedParameters: 0 0 0

#Transform 65
Transform: AffineTransform_float_3_3
Parameters: 0.999992 6.65944e-05 -0.0039401 -7.128e-05 0.999999 -0.00116101 0.00394022 0.00116099 0.999992 0.114156 0.198361 -0.577376
FixedParameters: 0 0 0

#Transform 66
Transform: AffineTransform_float_3_3
Parameters: 0.999992 0.00028232 -0.00403221 -0.00028819 0.999999 -0.00128098 0.00403175 0.00128201 0.999991 0.103762 0.220603 -0.645887
FixedParameters: 0 0 0

#Transform 67
Transform: AffineTransform_float_3_3
Parameters: 0.999992 0.000275701 -0.00400619 -0.000282153 0.999999 -0.00164017 0.00400569 0.00164183 0.999991 0.103703 0.232826 -0.651888
FixedParameters: 0 0 0

#Transform 68
Transform: AffineTransform_float_3_3
Parameters: 0.999993 0.00054091 -0.00366363 -0.000548203 0.999997 -0.00208786 0.0036623 0.00208914 0.999991 0.0683895 0.193697 -0.610197
FixedParameters: 0 0 0

#Transform 69
Transform: AffineTransform_float_3_3
Parameters: 0.999992 5.63943e-05 -0.00380875 -6.5994e-05 0.999996 -0.00255305 0.00380861 0.00255295 0.999989 0.0754215 0.193523 -0.678316
FixedParameters: 0 0 0

#Transform 70
Transform: AffineTransform_float_3_3
Parameters: 0.999993 4.94903e-05 -0.00380601 -6.00085e-05 0.999997 -0.00267523 0.00380588 0.00267577 0.999989 0.0651751 0.209402 -0.677515
FixedParameters: 0 0 0

#Transform 71
Transform: AffineTransform_float_3_3
Parameters: 0.999994 -8.97272e-05 -0.00366992 7.8512e-05 0.999995 -0.00312075 0.00366983 0.00312025 0.999989 0.075556 0.19436 -0.706348
FixedParameters: 0 0 0

#Transform 72
Transform: AffineTransform_float_3_3
Parameters: 0.999993 9.83909e-05 -0.00361227 -0.000107455 0.999997 -0.00243642 0.0036114 0.00243657 0.99999 0.0655297 0.214267 -0.633327
FixedParameters: 0 0 0

#Transform 73
Transform: AffineTransform_float_3_3
Parameters: 0.999992 7.64286e-05 -0.00381782 -8.69901e-05 0.999996 -0.00284413 0.00381805 0.00284487 0.999988 0.0791101 0.219092 -0.675466
FixedParameters: 0 0 0

#Transform 74
Transform: AffineTransform_float_3_3
Parameters: 0.999995 0.000259882 -0.0033477 -0.000268328 0.999997 -0.00259443 0.00334688 0.00259558 0.999991 0.0629883 0.198282 -0.68521
FixedParameters: 0 0 0

#Transform 75
Transform: AffineTransform_float_3_3
Parameters: 0.999995 0.000331558 -0.00308258 -0.000337019 0.999998 -0.00197128 0.00308168 0.00197272 0.999994 0.0454859 0.226296 -0.640535
FixedParameters: 0 0 0

#Transform 76
Transform: AffineTransform_float_3_3
Parameters: 0.999993 0.000307814 -0.00379469 -0.000320395 0.999995 -0.00324945 0.00379295 0.00325055 0.999988 0.0680779 0.220018 -0.680177
FixedParameters: 0 0 0

#Transform 77
Transform: AffineTransform_float_3_3
Parameters: 0.999993 0.000214139 -0.00355158 -0.000224361 0.999995 -0.00288002 0.0035514 0.00288098 0.999989 0.053644 0.222363 -0.704618
FixedParameters: 0 0 0

#Transform 78
Transform: AffineTransform_float_3_3
Parameters: 0.999994 0.000381555 -0.00338144 -0.000394141 0.999992 -0.00389885 0.00338017 0.00390015 0.999987 0.0458544 0.225549 -0.741955
FixedParameters: 0 0 0

#Transform 79
Transform: AffineTransform_float_3_3
Parameters: 0.999993 0.000184611 -0.00353406 -0.000196122 0.999994 -0.00320712 0.00353354 0.00320787 0.999988 0.0433585 0.21277 -0.659531
FixedParameters: 0 0 0

#Transform 80
Transform: AffineTransform_float_3_3
Parameters: 0.999993 0.000107871 -0.00354758 -0.000119059 0.999996 -0.00296419 0.00354708 0.00296581 0.999989 0.0476782 0.220535 -0.653969
FixedParameters: 0 0 0

#Transform 81
Transform: AffineTransform_float_3_3
Parameters: 0.999994 -7.06021e-05 -0.00343818 6.15625e-05 0.999996 -0.00268982 0.00343778 0.00269018 0.999991 0.066577 0.220088 -0.684701
FixedParameters: 0 0 0

#Transform 82
Transform: AffineTransform_float_3_3
Parameters: 0.999994 2.41619e-05 -0.00348682 -3.25714e-05 0.999998 -0.00229785 0.00348671 0.00229815 0.999991 0.0339733 0.209693 -0.693276
FixedParameters: 0 0 0

#Transform 83
Transform: AffineTransform_float_3_3
Parameters: 0.999994 5.99988e-05 -0.00348914 -6.87082e-05 0.999997 -0.00233957 0.00348887 0.00233943 0.999992 0.0460737 0.225335 -0.722556
FixedParameters: 0 0 0

#Transform 84
Transform: AffineTransform_float_3_3
Parameters: 0.999995 0.000161469 -0.0031439 -0.000170209 0.999996 -0.00280979 0.00314352 0.00281021 0.999991 0.0513851 0.231345 -0.718363
FixedParameters: 0 0 0

#Transform 85
Transform: AffineTransform_float_3_3
Parameters: 0.999994 0.000137385 -0.00328647 -0.000146167 0.999997 -0.00249448 0.00328579 0.00249551 0.999992 0.0334891 0.21908 -0.721248
FixedParameters: 0 0 0

#Transform 86
Transform: AffineTransform_float_3_3
Parameters: 0.999992 -0.000204368 -0.00381018 0.000191894 0.999995 -0.00317119 0.00381082 0.0031698 0.999987 0.0565225 0.21871 -0.709789
FixedParameters: 0 0 0

#Transform 87
Transform: AffineTransform_float_3_3
Parameters: 0.999993 -2.58086e-05 -0.00376916 1.39748e-05 0.999995 -0.00317236 0.00376959 0.00317164 0.999988 0.0747609 0.20663 -0.712067
FixedParameters: 0 0 0

#Transform 88
Transform: AffineTransform_float_3_3
Parameters: 0.999994 0.000178654 -0.00325085 -0.00018699 0.999996 -0.00251356 0.00325087 0.00251343 0.999991 0.060611 0.220726 -0.694029
FixedParameters: 0 0 0

#Transform 89
Transform: AffineTransform_float_3_3
Parameters: 0.999994 -4.27386e-05 -0.00365191 3.13402e-05 0.999996 -0.00308808 0.00365283 0.00308791 0.999988 0.0501346 0.21072 -0.662614
FixedParameters: 0 0 0

#Transform 90
Transform: AffineTransform_float_3_3
Parameters: 0.999993 0.000302961 -0.00352347 -0.000313921 0.999996 -0.00300807 0.0035227 0.00300893 0.999989 0.0551992 0.20148 -0.642948
FixedParameters: 0 0 0

#Transform 91
Transform: AffineTransform_float_3_3
Parameters: 0.999992 0.000436462 -0.00380512 -0.000443145 0.999999 -0.00163597 0.00380449 0.00163803 0.999991 0.0106791 0.247303 -0.614436
FixedParameters: 0 0 0

#Transform 92
Transform: AffineTransform_float_3_3
Parameters: 0.999992 0.000400388 -0.00379132 -0.000409404 0.999997 -0.00241747 0.00379083 0.00241853 0.999989 0.0437273 0.250409 -0.64713
FixedParameters: 0 0 0

#Transform 93
Transform: AffineTransform_float_3_3
Parameters: 0.999992 0.000447991 -0.00381078 -0.000455161 0.999998 -0.00199077 0.00380993 0.00199223 0.999991 0.0450658 0.255886 -0.632214
FixedParameters: 0 0 0

#Transform 94
Transform: AffineTransform_float_3_3
Parameters: 0.999993 0.000304713 -0.00375045 -0.000313611 0.999998 -0.00242764 0.00375043 0.00242936 0.99999 0.0487026 0.226808 -0.665148
FixedParameters: 0 0 0

#Transform 95
Transform: AffineTransform_float_3_3
Parameters: 0.999994 6.57259e-05 -0.00364869 -7.52488e-05 0.999997 -0.00265454 0.00364848 0.00265446 0.99999 0.0602035 0.228536 -0.70155
FixedParameters: 0 0 0

#Transform 96
Transform: AffineTransform_float_3_3
Parameters: 0.999994 0.000293068 -0.00364318 -0.000302453 0.999997 -0.00238656 0.0036427 0.00238744 0.999991 0.0431951 0.249572 -0.653489
FixedParameters: 0 0 0

#Transform 97
Transform: AffineTransform_float_3_3
Parameters: 0.999992 0.000203542 -0.00400964 -0.000213576 0.999997 -0.0024793 0.00400877 0.0024797 0.99999 0.0619422 0.225737 -0.676648
FixedParameters: 0 0 0

#Transform 98
Transform: AffineTransform_float_3_3
Parameters: 0.999993 0.000255342 -0.00356436 -0.000264915 0.999997 -0.00259487 0.00356356 0.00259613 0.999991 0.0551255 0.224512 -0.706087
FixedParameters: 0 0 0

#Transform 99
Transform: AffineTransform_float_3_3
Parameters: 0.999993 0.000311166 -0.00358883 -0.000321394 0.999996 -0.00292587 0.00358675 0.00292613 0.999989 0.0454441 0.225424 -0.697006
FixedParameters: 0 0 0

#Transform 100
Transform: AffineTransform_float_3_3
Parameters: 0.999991 0.000191737 -0.00423792 -0.000203197 0.999996 -0.0027773 0.00423712 0.00277771 0.999987 0.0651978 0.213786 -0.707012
FixedParameters: 0 0 0

#Transform 101
Transform: AffineTransform_float_3_3
Parameters: 0.999993 0.000425625 -0.00369924 -0.00043355 0.999998 -0.00210041 0.00369746 0.00210158 0.999991 0.0531449 0.23005 -0.726259
FixedParameters: 0 0 0

#Transform 102
Transform: AffineTransform_float_3_3
Parameters: 0.999992 0.000276427 -0.00397976 -0.000287936 0.999996 -0.00296316 0.00397839 0.00296484 0.999988 0.0578483 0.220652 -0.750128
FixedParameters: 0 0 0

#Transform 103
Transform: AffineTransform_float_3_3
Parameters: 0.999991 0.000442913 -0.00423551 -0.000454911 0.999996 -0.00277908 0.00423463 0.00278092 0.999987 0.0845728 0.218646 -0.761541
FixedParameters: 0 0 0

#Transform 104
Transform: AffineTransform_float_3_3
Parameters: 0.999991 0.000405328 -0.00427846 -0.000415847 0.999997 -0.00242522 0.00427756 0.00242678 0.999988 0.064832 0.214091 -0.750433
FixedParameters: 0 0 0

#Transform 105
Transform: AffineTransform_float_3_3
Parameters: 0.999991 0.000219488 -0.00434828 -0.000230443 0.999997 -0.00254264 0.00434783 0.00254336 0.999988 0.0899197 0.219841 -0.76365
FixedParameters: 0 0 0

#Transform 106
Transform: AffineTransform_float_3_3
Parameters: 0.999991 0.000363022 -0.00428371 -0.000373625 0.999997 -0.00264741 0.00428206 0.0026486 0.999988 0.0863642 0.231043 -0.770686
FixedParameters: 0 0 0

#Transform 107
Transform: AffineTransform_float_3_3
Parameters: 0.999988 0.000555959 -0.00487435 -0.000570166 0.999997 -0.00273557 0.00487249 0.00273843 0.999984 0.079203 0.216271 -0.737302
FixedParameters: 0 0 0

#Transform 108
Transform: AffineTransform_float_3_3
Parameters: 0.999989 0.000562896 -0.00481037 -0.00057631 0.999995 -0.00292158 0.0048084 0.00292442 0.999984 0.0920942 0.218293 -0.756413
FixedParameters: 0 0 0

#Transform 109
Transform: AffineTransform_float_3_3
Parameters: 0.999991 0.000838138 -0.00431915 -0.000847445 0.999997 -0.00215455 0.00431699 0.00215845 0.999988 0.069702 0.234863 -0.68578
FixedParameters: 0 0 0

#Transform 110
Transform: AffineTransform_float_3_3
Parameters: 0.999987 0.000951974 -0.00497842 -0.000961404 0.999997 -0.00201261 0.00497657 0.00201739 0.999986 0.061494 0.211777 -0.684927
FixedParameters: 0 0 0

#Transform 111
Transform: AffineTransform_float_3_3
Parameters: 0.999987 0.000989307 -0.00511985 -0.000998581 0.999998 -0.00181328 0.00511772 0.00181872 0.999985 0.0609642 0.223943 -0.699729
FixedParameters: 0 0 0

#Transform 112
Transform: AffineTransform_float_3_3
Parameters: 0.99999 0.001147 -0.00436871 -0.0011524 0.999999 -0.00117173 0.0043672 0.00117627 0.99999 0.046056 0.231067 -0.688203
FixedParameters: 0 0 0

#Transform 113
Transform: AffineTransform_float_3_3
Parameters: 0.999986 0.000968232 -0.00534105 -0.000977333 0.999998 -0.00172166 0.00533917 0.00172734 0.999984 0.0688756 0.224338 -0.732491
FixedParameters: 0 0 0

#Transform 114
Transform: AffineTransform_float_3_3
Parameters: 0.999987 0.00110172 -0.0050065 -0.0011082 0.999998 -0.00135184 0.00500484 0.00135816 0.999987 0.0468291 0.211474 -0.724613
FixedParameters: 0 0 0

#Transform 115
Transform: AffineTransform_float_3_3
Parameters: 0.999987 0.00149216 -0.00490799 -0.00149194 0.999999 6.63875e-05 0.00490726 -5.86151e-05 0.999988 -0.00143802 0.238432 -0.665145
FixedParameters: 0 0 0

#Transform 116
Transform: AffineTransform_float_3_3
Parameters: 0.999986 0.00178622 -0.00484474 -0.00178819 0.999998 -0.000469998 0.0048441 0.000479003 0.999988 0.00263156 0.255627 -0.687676
FixedParameters: 0 0 0

#Transform 117
Transform: AffineTransform_float_3_3
Parameters: 0.999987 0.00177422 -0.0047826 -0.00177324 0.999998 0.000243829 0.00478292 -0.000235173 0.999989 0.00448386 0.243529 -0.629931
FixedParameters: 0 0 0

#Transform 118
Transform: AffineTransform_float_3_3
Parameters: 0.999986 0.00167954 -0.00503901 -0.00167851 0.999998 0.000237319 0.00503926 -0.000228683 0.999987 -0.00131074 0.246873 -0.647973
FixedParameters: 0 0 0

#Transform 119
Transform: AffineTransform_float_3_3
Parameters: 0.999985 0.00195969 -0.00515762 -0.00195803 0.999998 0.000292753 0.00515821 -0.000282247 0.999987 0.0196049 0.256958 -0.69456
FixedParameters: 0 0 0

#Transform 120
Transform: AffineTransform_float_3_3
Parameters: 0.999984 0.00171653 -0.00526183 -0.00171765 0.999999 -0.000226956 0.00526157 0.000236044 0.999986 0.0214029 0.270301 -0.685606
FixedParameters: 0 0 0

#Transform 121
Transform: AffineTransform_float_3_3
Parameters: 0.999983 0.00165021 -0.00570157 -0.00164836 0.999999 0.00039744 0.0057018 -0.000387564 0.999984 0.00919769 0.261053 -0.666137
FixedParameters: 0 0 0

#Transform 122
Transform: AffineTransform_float_3_3
Parameters: 0.999984 0.00184715 -0.00531824 -0.00184636 0.999998 7.89833e-05 0.00531851 -6.90155e-05 0.999986 0.0212966 0.259088 -0.694524
FixedParameters: 0 0 0

#Transform 123
Transform: AffineTransform_float_3_3
Parameters: 0.999984 0.00184056 -0.0052249 -0.00183826 0.999998 0.000438414 0.00522635 -0.000429585 0.999986 0.013133 0.273177 -0.678213
FixedParameters: 0 0 0

#Transform 124
Transform: AffineTransform_float_3_3
Parameters: 0.999982 0.00190553 -0.00572423 -0.00190174 0.999998 0.000599365 0.00572451 -0.000588635 0.999983 0.0140478 0.264797 -0.697649
FixedParameters: 0 0 0

#Transform 125
Transform: AffineTransform_float_3_3
Parameters: 0.99998 0.00204756 -0.00595957 -0.00204537 0.999998 0.000299969 0.00596024 -0.00028803 0.999982 0.0218832 0.256095 -0.777084
FixedParameters: 0 0 0

#Transform 126
Transform: AffineTransform_float_3_3
Parameters: 0.99998 0.00209867 -0.00593461 -0.00209166 0.999997 0.00122621 0.00593746 -0.00121379 0.999982 0.0144751 0.267188 -0.756672
FixedParameters: 0 0 0

#Transform 127
Transform: AffineTransform_float_3_3
Parameters: 0.99998 0.00205546 -0.00609223 -0.00205177 0.999998 0.000524644 0.00609329 -0.000511354 0.999981 0.0184151 0.27606 -0.759277
FixedParameters: 0 0 0

#Transform 128
Transform: AffineTransform_float_3_3
Parameters: 0.99998 0.00215608 -0.00593699 -0.00215492 0.999997 0.000104569 0.00593741 -9.14282e-05 0.999983 0.0104248 0.281893 -0.730668
FixedParameters: 0 0 0

#Transform 129
Transform: AffineTransform_float_3_3
Parameters: 0.999983 0.0019866 -0.00558549 -0.00198098 0.999998 0.000943037 0.00558801 -0.000931961 0.999984 -0.0100694 0.29352 -0.702182
FixedParameters: 0 0 0

#Transform 130
Transform: AffineTransform_float_3_3
Parameters: 0.999981 0.00212413 -0.00589873 -0.00212554 0.999998 -0.000191692 0.0058975 0.000204303 0.999983 0.015773 0.272062 -0.765343
FixedParameters: 0 0 0

#Transform 131
Transform: AffineTransform_float_3_3
Parameters: 0.99998 0.00216014 -0.00591248 -0.00215988 0.999997 0.000139546 0.00591253 -0.000126459 0.999983 0.0181873 0.257932 -0.781953
FixedParameters: 0 0 0

#Transform 132
Transform: AffineTransform_float_3_3
Parameters: 0.999983 0.00177931 -0.00558237 -0.00177514 0.999999 0.000695237 0.00558415 -0.000685762 0.999984 -0.00188057 0.25308 -0.802131
FixedParameters: 0 0 0

#Transform 133
Transform: AffineTransform_float_3_3
Parameters: 0.999982 0.00193144 -0.00570207 -0.00193136 0.999998 -2.25196e-05 0.00570288 3.34822e-05 0.999984 0.00548317 0.270358 -0.756823
FixedParameters: 0 0 0

#Transform 134
Transform: AffineTransform_float_3_3
Parameters: 0.999979 0.00191962 -0.00618967 -0.00191833 0.999998 0.000110162 0.00619007 -9.8835e-05 0.999981 0.0222932 0.255645 -0.765084
FixedParameters: 0 0 0

#Transform 135
Transform: AffineTransform_float_3_3
Parameters: 0.999982 0.00205074 -0.00574797 -0.00204414 0.999997 0.00103639 0.00575007 -0.00102461 0.999983 0.00584846 0.275938 -0.721771
FixedParameters: 0 0 0

#Transform 136
Transform: AffineTransform_float_3_3
Parameters: 0.99998 0.00171448 -0.0060631 -0.00171213 0.999998 0.000457883 0.0060649 -0.000448119 0.999982 0.0157796 0.27175 -0.735482
FixedParameters: 0 0 0

#Transform 137
Transform: AffineTransform_float_3_3
Parameters: 0.999982 0.00198598 -0.00567039 -0.00198139 0.999998 0.000838359 0.00567249 -0.000827643 0.999983 0.0103678 0.275603 -0.763712
FixedParameters: 0 0 0

#Transform 138
Transform: AffineTransform_float_3_3
Parameters: 0.999983 0.00189766 -0.00563362 -0.0018935 0.999998 0.000688995 0.00563555 -0.000678003 0.999984 0.00305059 0.279492 -0.750542
FixedParameters: 0 0 0

#Transform 139
Transform: AffineTransform_float_3_3
Parameters: 0.999979 0.00195881 -0.00615891 -0.00195377 0.999998 0.000734334 0.00616017 -0.000722664 0.999981 0.00859219 0.258615 -0.752942
FixedParameters: 0 0 0

#Transform 140
Transform: AffineTransform_float_3_3
Parameters: 0.999982 0.00188549 -0.00565605 -0.00188153 0.999998 0.000587968 0.00565719 -0.000577029 0.999983 0.0120937 0.284967 -0.729652
FixedParameters: 0 0 0

#Transform 141
Transform: AffineTransform_float_3_3
Parameters: 0.99998 0.00193154 -0.00611762 -0.00192442 0.999997 0.00130629 0.00611985 -0.00129371 0.99998 -0.00371836 0.282755 -0.678911
FixedParameters: 0 0 0

#Transform 142
Transform: AffineTransform_float_3_3
Parameters: 0.999979 0.00194162 -0.00620306 -0.00193884 0.999998 0.000410168 0.00620449 -0.00039783 0.99998 0.0118289 0.286873 -0.712341
FixedParameters: 0 0 0

#Transform 143
Transform: AffineTransform_float_3_3
Parameters: 0.999981 0.00228014 -0.00570233 -0.00227112 0.999996 0.00160188 0.00570589 -0.00158912 0.999983 -0.0078719 0.302125 -0.697518
FixedParameters: 0 0 0

#Transform 144
Transform: AffineTransform_float_3_3
Parameters: 0.999978 0.00198649 -0.00633756 -0.00198326 0.999998 0.000571227 0.00633821 -0.000557777 0.999979 0.0256286 0.295494 -0.757828
FixedParameters: 0 0 0

#Transform 145
Transform: AffineTransform_float_3_3
Parameters: 0.999979 0.00201524 -0.00623294 -0.00201052 0.999998 0.000699833 0.00623414 -0.000687168 0.999981 0.0248156 0.278266 -0.738998
FixedParameters: 0 0 0

#Transform 146
Transform: AffineTransform_float_3_3
Parameters: 0.99998 0.00205656 -0.00586319 -0.0020491 0.999997 0.0013133 0.00586538 -0.0013017 0.999982 0.000917063 0.295 -0.717864
FixedParameters: 0 0 0

#Transform 147
Transform: AffineTransform_float_3_3
Parameters: 0.99998 0.00187555 -0.00607029 -0.00187359 0.999998 0.000275871 0.00607077 -0.000264128 0.999982 0.028128 0.29487 -0.754426
FixedParameters: 0 0 0

#Transform 148
Transform: AffineTransform_float_3_3
Parameters: 0.99998 0.00184659 -0.00594339 -0.00184285 0.999998 0.000650945 0.00594418 -0.000640056 0.999982 0.0182207 0.29444 -0.730122
FixedParameters: 0 0 0

#Transform 149
Transform: AffineTransform_float_3_3
Parameters: 0.99998 0.0019044 -0.00604225 -0.00189865 0.999998 0.00102347 0.00604347 -0.00101153 0.999981 0.00437468 0.28031 -0.727295
FixedParameters: 0 0 0

#Transform 150
Transform: AffineTransform_float_3_3
Parameters: 0.999979 0.0017586 -0.00632226 -0.00175451 0.999999 0.000608751 0.00632371 -0.000598248 0.99998 0.00105829 0.282828 -0.755066
FixedParameters: 0 0 0

#Transform 151
Transform: AffineTransform_float_3_3
Parameters: 0.999979 0.00202037 -0.00612427 -0.00201252 0.999997 0.00118228 0.00612637 -0.00117072 0.99998 0.00340494 0.284581 -0.77857
FixedParameters: 0 0 0

#Transform 152
Transform: AffineTransform_float_3_3
Parameters: 0.999981 0.00192821 -0.0058676 -0.00192431 0.999998 0.000562282 0.00586868 -0.000550715 0.999983 -0.000208694 0.296949 -0.746568
FixedParameters: 0 0 0

#Transform 153
Transform: AffineTransform_float_3_3
Parameters: 0.999978 0.00183271 -0.00629219 -0.00182895 0.999998 0.000513165 0.00629299 -0.000501834 0.99998 0.01653 0.3008 -0.779163
FixedParameters: 0 0 0

#Transform 154
Transform: AffineTransform_float_3_3
Parameters: 0.99998 0.0017946 -0.00605481 -0.00178781 0.999998 0.00118334 0.00605677 -0.00117266 0.999982 0.00523386 0.289397 -0.735764
FixedParameters: 0 0 0

#Transform 155
Transform: AffineTransform_float_3_3
Parameters: 0.999982 0.00182612 -0.00559113 -0.00181821 0.999997 0.00126386 0.00559399 -0.00125313 0.999984 -0.00102953 0.307413 -0.710164
FixedParameters: 0 0 0

#Transform 156
Transform: AffineTransform_float_3_3
Parameters: 0.999981 0.00185669 -0.00577675 -0.00185365 0.999998 0.000495545 0.00577751 -0.000484456 0.999983 0.00520999 0.308956 -0.751685
FixedParameters: 0 0 0

#Transform 157
Transform: AffineTransform_float_3_3
Parameters: 0.99998 0.0018665 -0.00593763 -0.00186255 0.999998 0.000669052 0.00593852 -0.000657949 0.999982 0.00840288 0.285932 -0.765169
FixedParameters: 0 0 0

#Transform 158
Transform: AffineTransform_float_3_3
Parameters: 0.999983 0.00170379 -0.00568564 -0.00169775 0.999998 0.00107735 0.00568756 -0.00106765 0.999983 -0.0189822 0.30044 -0.701576
FixedParameters: 0 0 0

#Transform 159
Transform: AffineTransform_float_3_3
Parameters: 0.999984 0.00153485 -0.00554936 -0.00153065 0.999999 0.000702028 0.00555084 -0.000693971 0.999984 -0.0134499 0.299373 -0.683993
FixedParameters: 0 0 0

#Transform 160
Transform: AffineTransform_float_3_3
Parameters: 0.999984 0.00154933 -0.00555957 -0.00154473 0.999999 0.000771123 0.00556035 -0.000762876 0.999984 -0.0077618 0.289242 -0.723144
FixedParameters: 0 0 0

#Transform 161
Transform: AffineTransform_float_3_3
Parameters: 0.999985 0.00169347 -0.00532307 -0.00168533 0.999998 0.00159401 0.00532566 -0.001585 0.999984 -0.0181765 0.300561 -0.709402
FixedParameters: 0 0 0

#Transform 162
Transform: AffineTransform_float_3_3
Parameters: 0.999983 0.00171346 -0.00546638 -0.00170914 0.999998 0.000723877 0.00546818 -0.000714121 0.999985 0.00283044 0.297453 -0.727765
FixedParameters: 0 0 0

#Transform 163
Transform: AffineTransform_float_3_3
Parameters: 0.999983 0.00174028 -0.00559377 -0.00173494 0.999998 0.0010324 0.00559561 -0.00102261 0.999984 -0.000365436 0.294834 -0.721207
FixedParameters: 0 0 0

#Transform 164
Transform: AffineTransform_float_3_3
Parameters: 0.999984 0.00138314 -0.00552861 -0.00137285 0.999997 0.00184686 0.00553037 -0.00183914 0.999983 -0.0259766 0.293003 -0.677112
FixedParameters: 0 0 0

#Transform 165
Transform: AffineTransform_float_3_3
Parameters: 0.999985 0.00126195 -0.0054447 -0.00125816 0.999999 0.00067659 0.00544573 -0.00067041 0.999985 -0.00321601 0.286025 -0.746247
FixedParameters: 0 0 0

#Transform 166
Transform: AffineTransform_float_3_3
Parameters: 0.999985 0.00155825 -0.00522871 -0.00155426 0.999998 0.000812508 0.00523094 -0.000804492 0.999986 -0.0172766 0.271503 -0.73788
FixedParameters: 0 0 0

#Transform 167
Transform: AffineTransform_float_3_3
Parameters: 0.999985 0.00143288 -0.00517506 -0.00142781 0.999998 0.000961619 0.0051766 -0.00095438 0.999986 -0.022502 0.264541 -0.726471
FixedParameters: 0 0 0

#Transform 168
Transform: AffineTransform_float_3_3
Parameters: 0.999987 0.00189736 -0.00478471 -0.00189198 0.999998 0.00111505 0.00478679 -0.00110595 0.999988 -0.0143968 0.283144 -0.773868
FixedParameters: 0 0 0

#Transform 169
Transform: AffineTransform_float_3_3
Parameters: 0.999986 0.00146035 -0.00505086 -0.00145699 0.999999 0.000687586 0.00505219 -0.000680416 0.999988 -0.0107065 0.282954 -0.745855
FixedParameters: 0 0 0

#Transform 170
Transform: AffineTransform_float_3_3
Parameters: 0.999979 0.0014955 -0.00621514 -0.00149201 0.999998 0.000601344 0.00621533 -0.000591658 0.99998 0.0154074 0.283199 -0.779808
FixedParameters: 0 0 0

#Transform 171
Transform: AffineTransform_float_3_3
Parameters: 0.999984 0.00163284 -0.00544893 -0.0016263 0.999998 0.0011704 0.005451 -0.0011616 0.999984 -0.00572282 0.297396 -0.719666
FixedParameters: 0 0 0

#Transform 172
Transform: AffineTransform_float_3_3
Parameters: 0.999982 0.00141965 -0.00573469 -0.00141708 0.999999 0.000537377 0.00573553 -0.000528626 0.999983 0.00301119 0.295505 -0.701368
FixedParameters: 0 0 0

#Transform 173
Transform: AffineTransform_float_3_3
Parameters: 0.999982 0.00144834 -0.00571254 -0.0014443 0.999999 0.000701298 0.00571297 -0.000693704 0.999983 0.00710058 0.286839 -0.731653
FixedParameters: 0 0 0

#Transform 174
Transform: AffineTransform_float_3_3
Parameters: 0.999984 0.00171889 -0.00524997 -0.00171258 0.999998 0.00110502 0.00525163 -0.00109598 0.999985 -0.0072173 0.296171 -0.743193
FixedParameters: 0 0 0

#Transform 175
Transform: AffineTransform_float_3_3
Parameters: 0.999982 0.00152303 -0.00570499 -0.00152148 0.999999 0.000450723 0.00570568 -0.000442284 0.999984 0.010312 0.295611 -0.755355
FixedParameters: 0 0 0

#Transform 176
Transform: AffineTransform_float_3_3
Parameters: 0.999985 0.00150505 -0.00539114 -0.00150301 0.999998 0.000435992 0.00539138 -0.000428012 0.999986 0.00112391 0.27393 -0.774268
FixedParameters: 0 0 0

#Transform 177
Transform: AffineTransform_float_3_3
Parameters: 0.999984 0.00140024 -0.005374 -0.00139866 0.999999 0.000395252 0.00537404 -0.000387753 0.999986 -0.00986555 0.275321 -0.747596
FixedParameters: 0 0 0

#Transform 178
Transform: AffineTransform_float_3_3
Parameters: 0.999985 0.00139615 -0.00530558 -0.00139335 0.999999 0.00051413 0.00530594 -0.000506872 0.999986 0.0172967 0.30047 -0.772454
FixedParameters: 0 0 0

#Transform 179
Transform: AffineTransform_float_3_3
Parameters: 0.999983 0.0014254 -0.0057821 -0.00142085 0.999999 0.000703623 0.00578343 -0.000695376 0.999983 0.00860662 0.281751 -0.745176
FixedParameters: 0 0 0
