#Insight Transform File V1.0
#Transform 0
Transform: AffineTransform_float_3_3
Parameters: 0.999998 -0.00168905 1.99183e-05 0.00168922 0.999999 -0.000876481 -1.91889e-05 0.000876522 1 0.119301 0.177153 0.710169
FixedParameters: 0 0 0

#Transform 1
Transform: AffineTransform_float_3_3
Parameters: 1 0.000301695 0.000296825 -0.0003021 0.999999 0.00068391 -0.000296412 -0.000684089 0.999999 0.032559 -0.00450483 -0.373688
FixedParameters: 0 0 0

#Transform 2
Transform: AffineTransform_float_3_3
Parameters: 1 0.000372706 0.000228784 -0.00037219 0.999999 0.000885914 -0.000228515 -0.000886085 0.999999 0.030336 0.0387757 -0.463954
FixedParameters: 0 0 0

#Transform 3
Transform: AffineTransform_float_3_3
Parameters: 0.999999 0.000166559 0.000866534 -0.000168177 0.999999 0.00146485 -0.000866435 -0.00146514 0.999998 0.0483616 0.0452375 -0.533632
FixedParameters: 0 0 0

#Transform 4
Transform: AffineTransform_float_3_3
Parameters: 1 7.73807e-05 0.000398343 -7.82147e-05 1 0.00104697 -0.00039818 -0.00104703 1 0.0404912 0.0423656 -0.567101
FixedParameters: 0 0 0

#Transform 5
Transform: AffineTransform_float_3_3
Parameters: 1 0.000347009 0.000502558 -0.000347669 0.999998 0.00157382 -0.000501855 -0.00157417 0.999998 0.0433384 0.0545704 -0.587292
FixedParameters: 0 0 0

#Transform 6
Transform: AffineTransform_float_3_3
Parameters: 0.999999 0.000515042 0.000615017 -0.000515528 0.999998 0.00157404 -0.000615097 -0.00157396 0.999999 0.0378119 0.0485854 -0.587327
FixedParameters: 0 0 0

#Transform 7
Transform: AffineTransform_float_3_3
Parameters: 0.999999 0.000568565 0.000703132 -0.000569328 0.999998 0.00157396 -0.000703043 -0.00157404 0.999999 0.0345125 0.0401059 -0.564986
FixedParameters: 0 0 0

#Transform 8
Transform: AffineTransform_float_3_3
Parameters: 0.999999 0.00056408 0.000545294 -0.000564404 0.999999 0.00114169 -0.000544396 -0.00114231 0.999999 0.0475014 0.0210716 -0.631918
FixedParameters: 0 0 0

#Transform 9
Transform: AffineTransform_float_3_3
Parameters: 0.999999 0.00092681 0.000865011 -0.000927556 0.999999 0.000737405 -0.000864955 -0.000737595 0.999999 0.0508507 0.0103004 -0.670548
FixedParameters: 0 0 0

#Transform 10
Transform: AffineTransform_float_3_3
Parameters: 0.999999 0.000827602 0.000975622 -0.000828908 0.999999 0.00114119 -0.000974121 -0.00114281 0.999999 0.0467619 0.00980666 -0.667722
FixedParameters: 0 0 0

#Transform 11
Transform: AffineTransform_float_3_3
Parameters: 1 0.000871395 0.000759098 -0.000872097 1 0.000462546 -0.000758292 -0.000462454 1 0.0518881 0.00467314 -0.691751
FixedParameters: 0 0 0

#Transform 12
Transform: AffineTransform_float_3_3
Parameters: 0.999999 0.00109704 0.000891486 -0.00109775 0.999999 0.000400229 -0.000890607 -0.000400771 1 0.0545457 0.00982972 -0.704375
FixedParameters: 0 0 0

#Transform 13
Transform: AffineTransform_float_3_3
Parameters: 0.999999 0.000801956 0.000968758 -0.000802862 1 0.00026543 -0.000969253 -0.000265571 0.999999 0.0525765 0.00514368 -0.731238
FixedParameters: 0 0 0

#Transform 14
Transform: AffineTransform_float_3_3
Parameters: 0.999999 0.00105449 0.000853168 -0.00105456 0.999999 0.000578308 -0.000852339 -0.000578692 0.999999 0.0427103 0.024977 -0.707109
FixedParameters: 0 0 0

#Transform 15
Transform: AffineTransform_float_3_3
Parameters: 0.999999 0.00109214 0.000949624 -0.00109266 0.999999 -0.000209831 -0.000949691 0.00020917 1 0.050246 -0.00439594 -0.732918
FixedParameters: 0 0 0

#Transform 16
Transform: AffineTransform_float_3_3
Parameters: 0.999999 0.000879665 0.0010474 -0.000878892 0.999999 -0.000369561 -0.00104805 0.000368438 1 0.0582562 0.00826124 -0.751022
FixedParameters: 0 0 0

#Transform 17
Transform: AffineTransform_float_3_3
Parameters: 0.999999 0.000943407 0.00080699 -0.000942739 1 -0.000983914 -0.000808454 0.000983085 0.999999 0.0448417 -0.0615226 -0.870301
FixedParameters: 0 0 0

#Transform 18
Transform: AffineTransform_float_3_3
Parameters: 1 0.000290513 0.000621911 -0.000290676 1 -0.000609181 -0.000621875 0.000608819 0.999999 0.0839654 -0.034112 -0.835247
FixedParameters: 0 0 0

#Transform 19
Transform: AffineTransform_float_3_3
Parameters: 0.999999 0.000492246 0.000511147 -0.00049217 0.999999 -0.000593251 -0.00051042 0.000592748 0.999999 0.0744033 -0.0485289 -0.842814
FixedParameters: 0 0 0

#Transform 20
Transform: AffineTransform_float_3_3
Parameters: 1 0.000402312 0.000949267 -0.000402456 1 -0.000409023 -0.000949206 0.000408978 1 0.0834325 -0.0439043 -0.861366
FixedParameters: 0 0 0

#Transform 21
Transform: AffineTransform_float_3_3
Parameters: 1 0.000644453 0.000845429 -0.000644639 1 0.000109815 -0.000845287 -0.000110185 1 0.0690727 -0.0416329 -0.854318
FixedParameters: 0 0 0

#Transform 22
Transform: AffineTransform_float_3_3
Parameters: 0.999999 0.000368652 0.00120479 -0.000367508 1 -0.000475083 -0.00120514 0.000474916 0.999999 0.088862 -0.0616737 -0.878917
FixedParameters: 0 0 0

#Transform 23
Transform: AffineTransform_float_3_3
Parameters: 1 0.000365044 0.00104439 -0.000365138 1 4.49784e-05 -0.00104435 -4.50216e-05 1 0.080818 -0.0336965 -0.906808
FixedParameters: 0 0 0

#Transform 24
Transform: AffineTransform_float_3_3
Parameters: 0.999999 0.000361257 0.000919981 -0.000362041 1 -7.4333e-05 -0.000919644 7.36677e-05 0.999999 0.0754313 -0.0327394 -0.892849
FixedParameters: 0 0 0

#Transform 25
Transform: AffineTransform_float_3_3
Parameters: 1 0.000534682 0.000925602 -0.000534704 1 -0.000485288 -0.00092573 0.000485712 0.999999 0.0781935 -0.0438138 -0.895908
FixedParameters: 0 0 0

#Transform 26
Transform: AffineTransform_float_3_3
Parameters: 0.999999 0.000401645 0.000740946 -0.000401283 1 -0.000244297 -0.000741142 0.000243702 0.999999 0.0837541 -0.0536115 -0.909503
FixedParameters: 0 0 0

#Transform 27
Transform: AffineTransform_float_3_3
Parameters: 1 0.000314221 0.000947637 -0.000313293 0.999999 -0.000974937 -0.000947858 0.000975062 0.999999 0.0930662 -0.0799069 -0.91219
FixedParameters: 0 0 0

#Transform 28
Transform: AffineTransform_float_3_3
Parameters: 0.999999 0.000138194 0.000964761 -0.000137691 1 -0.000261133 -0.000964833 0.000260867 0.999999 0.102822 -0.0554022 -0.87842
FixedParameters: 0 0 0

#Transform 29
Transform: AffineTransform_float_3_3
Parameters: 1 0.00041363 0.00108678 -0.000413426 1 -9.40897e-05 -0.00108686 9.39102e-05 1 0.0993667 -0.0420031 -0.886493
FixedParameters: 0 0 0

#Transform 30
Transform: AffineTransform_float_3_3
Parameters: 1 0.000328684 0.0010631 -0.000328361 1 -0.000151837 -0.0010632 0.000151163 1 0.0879817 -0.0399474 -0.884976
FixedParameters: 0 0 0

#Transform 31
Transform: AffineTransform_float_3_3
Parameters: 0.999999 0.00026123 0.00089633 -0.000259755 0.999999 -0.00133623 -0.000896635 0.00133577 0.999998 0.0955378 -0.0654954 -0.898801
FixedParameters: 0 0 0

#Transform 32
Transform: AffineTransform_float_3_3
Parameters: 1 0.000482018 0.00103926 -0.000481795 1 -0.000550141 -0.0010394 0.000549859 0.999999 0.104566 -0.0294481 -0.889709
FixedParameters: 0 0 0

#Transform 33
Transform: AffineTransform_float_3_3
Parameters: 0.999999 9.50109e-05 0.000883489 -9.33315e-05 0.999998 -0.00147193 -0.000883375 0.00147107 0.999998 0.0936833 -0.0470149 -0.883391
FixedParameters: 0 0 0

#Transform 34
Transform: AffineTransform_float_3_3
Parameters: 1 1.2898e-05 0.000409827 -1.22323e-05 0.999998 -0.00193601 -0.000409485 0.001936 0.999998 0.131251 -0.0381126 -0.826464
FixedParameters: 0 0 0

#Transform 35
Transform: AffineTransform_float_3_3
Parameters: 1 0.00017475 0.000338595 -0.000174675 0.999999 -0.00147006 -0.000338718 0.00146994 0.999999 0.0935888 -0.0380806 -0.808887
FixedParameters: 0 0 0

#Transform 36
Transform: AffineTransform_float_3_3
Parameters: 0.999999 0.000514393 0.000717849 -0.000513622 0.999999 -0.00117737 -0.000718669 0.00117663 0.999999 0.0697192 -0.0302091 -0.843724
FixedParameters: 0 0 0

#Transform 37
Transform: AffineTransform_float_3_3
Parameters: 0.999999 0.000291571 0.00086381 -0.000290829 0.999999 -0.000961892 -0.000863979 0.000962108 0.999999 0.0899727 -0.0204733 -0.8307
FixedParameters: 0 0 0

#Transform 38
Transform: AffineTransform_float_3_3
Parameters: 0.999999 0.00059454 0.000743604 -0.00059336 1 -0.000793234 -0.000744547 0.000793765 0.999999 0.0871946 -0.0151082 -0.845694
FixedParameters: 0 0 0

#Transform 39
Transform: AffineTransform_float_3_3
Parameters: 1 0.000683456 0.000941512 -0.000682306 0.999999 -0.00109964 -0.000942622 0.00109836 0.999999 0.0869843 -0.0244033 -0.87533
FixedParameters: 0 0 0

#Transform 40
Transform: AffineTransform_float_3_3
Parameters: 0.999999 0.000240374 0.000853012 -0.000239419 1 -0.00109921 -0.000853149 0.0010988 0.999999 0.10705 -0.0433098 -0.900213
FixedParameters: 0 0 0

#Transform 41
Transform: AffineTransform_float_3_3
Parameters: 0.999999 0.00065964 0.00118424 -0.000657567 0.999999 -0.00109978 -0.00118438 0.00109822 0.999998 0.119055 -0.0401005 -0.944942
FixedParameters: 0 0 0

#Transform 42
Transform: AffineTransform_float_3_3
Parameters: 0.999999 0.00030737 0.00140137 -0.000306625 1 -0.00026607 -0.00140154 0.000265929 0.999999 0.130643 0.00934198 -0.934032
FixedParameters: 0 0 0

#Transform 43
Transform: AffineTransform_float_3_3
Parameters: 1 0.000342263 0.001077 -0.000341737 1 -0.00109937 -0.00107697 0.00109863 0.999999 0.126087 -0.00608121 -0.959375
FixedParameters: 0 0 0

#Transform 44
Transform: AffineTransform_float_3_3
Parameters: 0.999999 0.000187176 0.000995293 -0.000186582 0.999999 -0.00141919 -0.000995962 0.00141881 0.999998 0.139862 0.00953258 -0.953261
FixedParameters: 0 0 0

#Transform 45
Transform: AffineTransform_float_3_3
Parameters: 0.999999 0.000429914 0.00115053 -0.000428605 0.999999 -0.000968981 -0.00115097 0.000968018 0.999999 0.126281 0.0321204 -0.913323
FixedParameters: 0 0 0

#Transform 46
Transform: AffineTransform_float_3_3
Parameters: 0.999999 0.000212237 0.000738891 -0.000211885 0.999999 -0.000860797 -0.000738866 0.000861203 1 0.119714 0.0159594 -0.932689
FixedParameters: 0 0 0

#Transform 47
Transform: AffineTransform_float_3_3
Parameters: 0.999999 0.000393059 0.000772794 -0.000391525 0.999999 -0.000991943 -0.000773572 0.000992056 0.999999 0.106355 0.015696 -0.909504
FixedParameters: 0 0 0

#Transform 48
Transform: AffineTransform_float_3_3
Parameters: 1 0.00029306 0.0011251 -0.000291731 0.999999 -0.000999969 -0.0011253 0.00100003 0.999999 0.134634 0.0246658 -0.930189
FixedParameters: 0 0 0

#Transform 49
Transform: AffineTransform_float_3_3
Parameters: 0.999999 0.000402159 0.00117318 -0.000400661 1 -0.000638111 -0.0011737 0.000637888 0.999999 0.132288 0.0465887 -0.889176
FixedParameters: 0 0 0

#Transform 50
Transform: AffineTransform_float_3_3
Parameters: 1 0.000106925 0.00111605 -0.000106198 1 -0.000325759 -0.00111612 0.000326241 0.999999 0.136907 0.0394564 -0.873644
FixedParameters: 0 0 0

#Transform 51
Transform: AffineTransform_float_3_3
Parameters: 1 6.11615e-05 0.00117589 -6.06803e-05 1 -0.000761712 -0.00117651 0.000762288 0.999999 0.143017 0.0342128 -0.89389
FixedParameters: 0 0 0

#Transform 52
Transform: AffineTransform_float_3_3
Parameters: 1 6.68738e-05 0.00119509 -6.56034e-05 1 -0.000531566 -0.00119516 0.000531433 0.999999 0.12764 0.0544449 -0.87346
FixedParameters: 0 0 0

#Transform 53
Transform: AffineTransform_float_3_3
Parameters: 1 -1.29831e-05 0.00119328 1.47205e-05 1 -0.000727623 -0.00119326 0.000728376 0.999999 0.124138 0.0212459 -0.868508
FixedParameters: 0 0 0

#Transform 54
Transform: AffineTransform_float_3_3
Parameters: 1 -0.000161319 0.00119446 0.000162226 0.999999 -0.000765294 -0.00119382 0.000765705 0.999999 0.13784 0.0175666 -0.890346
FixedParameters: 0 0 0

#Transform 55
Transform: AffineTransform_float_3_3
Parameters: 0.999999 0.000342599 0.0012148 -0.000342152 1 -0.000563056 -0.00121479 0.000562944 0.999999 0.134255 0.0232218 -0.871264
FixedParameters: 0 0 0

#Transform 56
Transform: AffineTransform_float_3_3
Parameters: 0.999999 -7.96777e-05 0.000967386 8.11809e-05 1 -0.000776562 -0.000967261 0.000777437 0.999999 0.13073 0.00839333 -0.824816
FixedParameters: 0 0 0

#Transform 57
Transform: AffineTransform_float_3_3
Parameters: 0.999999 -0.000372681 0.00120221 0.000374384 0.999999 -0.00125355 -0.0012018 0.00125445 0.999998 0.165613 -0.0105265 -0.804523
FixedParameters: 0 0 0

#Transform 58
Transform: AffineTransform_float_3_3
Parameters: 0.999999 -0.000722723 0.00110313 0.000723522 0.999999 -0.00095605 -0.00110228 0.000956951 0.999999 0.156347 -0.0115535 -0.801485
FixedParameters: 0 0 0

#Transform 59
Transform: AffineTransform_float_3_3
Parameters: 0.999999 -0.000633179 0.00132287 0.000633522 1 -0.00027701 -0.00132344 0.000277991 1 0.177547 0.0148899 -0.778963
FixedParameters: 0 0 0

#Transform 60
Transform: AffineTransform_float_3_3
Parameters: 0.999999 -0.00057316 0.00112757 0.000574138 0.999999 -0.0010152 -0.00112694 0.0010158 0.999999 0.160504 -0.00825106 -0.826843
FixedParameters: 0 0 0

#Transform 61
Transform: AffineTransform_float_3_3
Parameters: 0.999999 -0.000383681 0.00122831 0.000384577 1 -0.000898376 -0.00122815 0.000898625 0.999999 0.142415 -0.00144058 -0.837806
FixedParameters: 0 0 0

#Transform 62
Transform: AffineTransform_float_3_3
Parameters: 1 -0.000351932 0.00117101 0.000352772 0.999999 -0.000525434 -0.00117156 0.000525565 0.999999 0.144269 0.0115607 -0.834104
FixedParameters: 0 0 0

#Transform 63
Transform: AffineTransform_float_3_3
Parameters: 0.999999 -0.000857237 0.00120492 0.000857583 1 -0.000143174 -0.00120467 0.000143826 0.999999 0.173094 0.0426317 -0.860217
FixedParameters: 0 0 0

#Transform 64
Transform: AffineTransform_float_3_3
Parameters: 0.999999 -9.86136e-05 0.000889604 9.87367e-05 0.999999 -0.000805553 -0.000889975 0.000806448 0.999999 0.133446 0.016214 -0.876098
FixedParameters: 0 0 0

#Transform 65
Transform: AffineTransform_float_3_3
Parameters: 0.999999 -0.000405461 0.00146351 0.000406446 1 -0.000784254 -0.0014634 0.000784747 0.999999 0.161549 0.0242585 -0.815541
FixedParameters: 0 0 0

#Transform 66
Transform: AffineTransform_float_3_3
Parameters: 0.999999 -0.000455659 0.00134648 0.000455884 1 -0.000425234 -0.0013457 0.000425767 0.999999 0.157001 0.0469889 -0.797485
FixedParameters: 0 0 0

#Transform 67
Transform: AffineTransform_float_3_3
Parameters: 0.999999 -0.000210789 0.00149734 0.000210581 1 6.98276e-05 -0.00149737 -6.9172e-05 0.999999 0.146776 0.0726197 -0.758989
FixedParameters: 0 0 0

#Transform 68
Transform: AffineTransform_float_3_3
Parameters: 0.999999 -0.000508411 0.00122301 0.000508377 0.999999 -0.000145226 -0.00122379 0.000145775 0.999999 0.142034 0.0391757 -0.78763
FixedParameters: 0 0 0

#Transform 69
Transform: AffineTransform_float_3_3
Parameters: 0.999999 -0.000611257 0.00129053 0.000610573 1 -9.14193e-05 -0.00129002 9.15818e-05 0.999999 0.160628 0.0546836 -0.799764
FixedParameters: 0 0 0

#Transform 70
Transform: AffineTransform_float_3_3
Parameters: 0.999999 -0.000404247 0.00147163 0.000405089 1 -0.000731252 -0.00147157 0.000731749 0.999999 0.161416 0.0195879 -0.813566
FixedParameters: 0 0 0

#Transform 71
Transform: AffineTransform_float_3_3
Parameters: 0.999999 -0.000406271 0.00148988 0.000407521 1 -0.000728241 -0.00148889 0.000728759 0.999999 0.161881 0.0368891 -0.823319
FixedParameters: 0 0 0

#Transform 72
Transform: AffineTransform_float_3_3
Parameters: 0.999998 -0.000871281 0.00138915 0.000871865 0.999999 -0.000209844 -0.00138878 0.000210156 0.999999 0.174962 0.0828557 -0.801148
FixedParameters: 0 0 0

#Transform 73
Transform: AffineTransform_float_3_3
Parameters: 0.999998 -0.000764318 0.0018182 0.000764358 1 -1.03051e-05 -0.00181818 1.16953e-05 0.999998 0.192464 0.0828494 -0.814551
FixedParameters: 0 0 0

#Transform 74
Transform: AffineTransform_float_3_3
Parameters: 0.999998 -0.000558674 0.00166414 0.00055834 1 0.000377235 -0.00166496 -0.000376765 0.999999 0.175678 0.0782019 -0.829926
FixedParameters: 0 0 0

#Transform 75
Transform: AffineTransform_float_3_3
Parameters: 0.999998 -0.000459122 0.00160742 0.000458955 1 -0.00023375 -0.00160682 0.00023525 0.999999 0.158901 0.0542752 -0.847013
FixedParameters: 0 0 0

#Transform 76
Transform: AffineTransform_float_3_3
Parameters: 0.999998 -0.000237445 0.00164669 0.000237483 1 -1.10967e-05 -0.00164669 1.19035e-05 0.999998 0.172609 0.0830474 -0.807047
FixedParameters: 0 0 0

#Transform 77
Transform: AffineTransform_float_3_3
Parameters: 0.999999 -0.000663805 0.00169179 0.000663622 1 5.4428e-05 -0.00169186 -5.35715e-05 0.999999 0.17582 0.0755137 -0.773874
FixedParameters: 0 0 0

#Transform 78
Transform: AffineTransform_float_3_3
Parameters: 0.999998 -0.00061378 0.00148702 0.000613746 1 1.20652e-05 -0.00148703 -1.09345e-05 0.999999 0.169696 0.0549778 -0.804712
FixedParameters: 0 0 0

#Transform 79
Transform: AffineTransform_float_3_3
Parameters: 0.999997 -0.000465939 0.00215929 0.000464503 1 0.000332821 -0.0021596 -0.000332177 0.999998 0.180037 0.0748401 -0.767721
FixedParameters: 0 0 0

#Transform 80
Transform: AffineTransform_float_3_3
Parameters: 0.999998 -0.000553968 0.00195209 0.000552696 1 0.000426385 -0.00195164 -0.000425614 0.999998 0.185419 0.0763318 -0.782338
FixedParameters: 0 0 0

#Transform 81
Transform: AffineTransform_float_3_3
Parameters: 0.999998 -0.00036042 0.00167651 0.000359343 1 0.000595756 -0.00167733 -0.000595244 0.999998 0.156562 0.0873739 -0.78672
FixedParameters: 0 0 0

#Transform 82
Transform: AffineTransform_float_3_3
Parameters: 0.999999 -0.000659649 0.0017034 0.000657618 0.999999 0.000596426 -0.00170419 -0.000595571 0.999998 0.175364 0.0626437 -0.817109
FixedParameters: 0 0 0

#Transform 83
Transform: AffineTransform_float_3_3
Parameters: 0.999997 -0.00134087 0.00165944 0.00134063 0.999999 -0.000319831 -0.00165911 0.000322172 0.999999 0.212348 0.072801 -0.789591
FixedParameters: 0 0 0

#Transform 84
Transform: AffineTransform_float_3_3
Parameters: 0.999999 -0.000473359 0.00170545 0.000473108 1 7.39595e-05 -0.00170552 -7.304e-05 0.999998 0.16337 0.0579079 -0.780712
FixedParameters: 0 0 0

#Transform 85
Transform: AffineTransform_float_3_3
Parameters: 0.999998 -0.00070977 0.00146807 0.000709857 1 -2.88055e-05 -0.00146803 3.01949e-05 0.999999 0.166492 0.0449089 -0.773751
FixedParameters: 0 0 0

#Transform 86
Transform: AffineTransform_float_3_3
Parameters: 0.999998 -0.000285315 0.00165543 0.000286578 1 -0.000381374 -0.00165521 0.000381626 0.999998 0.148776 0.0441283 -0.809596
FixedParameters: 0 0 0

#Transform 87
Transform: AffineTransform_float_3_3
Parameters: 0.999999 -0.000369785 0.00173516 0.0003689 1 0.000254946 -0.00173535 -0.000255053 0.999999 0.14945 0.0599754 -0.795467
FixedParameters: 0 0 0

#Transform 88
Transform: AffineTransform_float_3_3
Parameters: 0.999998 -0.000638281 0.00150686 0.000637441 1 0.000279114 -0.00150721 -0.000277886 0.999999 0.137605 0.0747509 -0.773102
FixedParameters: 0 0 0

#Transform 89
Transform: AffineTransform_float_3_3
Parameters: 0.999999 -0.000288138 0.00147454 0.00028762 1 0.000308937 -0.0014738 -0.000308063 0.999999 0.146045 0.0645747 -0.807163
FixedParameters: 0 0 0

#Transform 90
Transform: AffineTransform_float_3_3
Parameters: 0.999999 -0.000146306 0.00152645 0.00014606 1 8.07353e-05 -0.00152648 -8.02643e-05 0.999999 0.136231 0.0812685 -0.813447
FixedParameters: 0 0 0

#Transform 91
Transform: AffineTransform_float_3_3
Parameters: 0.999999 -0.000169677 0.00149858 0.00017029 1 -0.000204233 -0.00149851 0.000204767 0.999999 0.127017 0.0760411 -0.817444
FixedParameters: 0 0 0

#Transform 92
Transform: AffineTransform_float_3_3
Parameters: 0.999999 -0.000414584 0.00172985 0.000414793 1 -0.000326131 -0.00172919 0.00032687 0.999998 0.15073 0.0789102 -0.778276
FixedParameters: 0 0 0

#Transform 93
Transform: AffineTransform_float_3_3
Parameters: 0.999998 -0.00079933 0.00139389 0.000799673 1 -0.000592734 -0.00139347 0.000594268 0.999999 0.159143 0.0816368 -0.757736
FixedParameters: 0 0 0

#Transform 94
Transform: AffineTransform_float_3_3
Parameters: 0.999999 -0.000460643 0.00173542 0.000463047 0.999998 -0.00133553 -0.00173432 0.00133647 0.999998 0.157756 0.0460346 -0.749042
FixedParameters: 0 0 0

#Transform 95
Transform: AffineTransform_float_3_3
Parameters: 0.999998 -0.000747429 0.00158633 0.000747862 1 -0.000135661 -0.00158612 0.000137339 0.999999 0.172847 0.0769627 -0.68171
FixedParameters: 0 0 0

#Transform 96
Transform: AffineTransform_float_3_3
Parameters: 0.999998 -0.0003752 0.00183377 0.000373488 1 0.000573838 -0.00183328 -0.00057316 0.999998 0.162502 0.0960369 -0.695283
FixedParameters: 0 0 0

#Transform 97
Transform: AffineTransform_float_3_3
Parameters: 0.999999 -0.000404717 0.00176216 0.000404534 1 5.20182e-05 -0.00176221 -5.19814e-05 0.999999 0.161587 0.0881381 -0.700945
FixedParameters: 0 0 0

#Transform 98
Transform: AffineTransform_float_3_3
Parameters: 0.999998 -0.000838315 0.00181722 0.000837682 0.999999 0.000535828 -0.00181759 -0.000534172 0.999998 0.166842 0.107854 -0.711074
FixedParameters: 0 0 0

#Transform 99
Transform: AffineTransform_float_3_3
Parameters: 0.999998 -0.000848622 0.00179247 0.000847554 0.999999 0.000407825 -0.00179224 -0.000406174 0.999998 0.160438 0.124076 -0.725847
FixedParameters: 0 0 0

#Transform 100
Transform: AffineTransform_float_3_3
Parameters: 0.999997 -0.000674673 0.00202598 0.000675161 1 -0.000216327 -0.0020266 0.000217673 0.999998 0.171487 0.120286 -0.739207
FixedParameters: 0 0 0

#Transform 101
Transform: AffineTransform_float_3_3
Parameters: 0.999998 -0.000840457 0.00191321 0.000838962 0.999999 0.000836064 -0.00191317 -0.000834935 0.999998 0.176465 0.141625 -0.744858
FixedParameters: 0 0 0

#Transform 102
Transform: AffineTransform_float_3_3
Parameters: 0.999996 -0.000654289 0.00246522 0.000653024 1 0.000257428 -0.00246556 -0.00025557 0.999997 0.204445 0.138781 -0.762898
FixedParameters: 0 0 0

#Transform 103
Transform: AffineTransform_float_3_3
Parameters: 0.999997 -0.000459167 0.0021315 0.000459263 1 0.000285645 -0.00213123 -0.000284357 0.999998 0.167512 0.13864 -0.730807
FixedParameters: 0 0 0

#Transform 104
Transform: AffineTransform_float_3_3
Parameters: 0.999997 -0.000456863 0.00219346 0.000456744 1 0.000326668 -0.00219323 -0.000325334 0.999998 0.176232 0.13799 -0.688061
FixedParameters: 0 0 0

#Transform 105
Transform: AffineTransform_float_3_3
Parameters: 0.999998 -0.000606449 0.00184085 0.00060646 1 0.000353422 -0.00184074 -0.000352579 0.999998 0.179693 0.139525 -0.691933
FixedParameters: 0 0 0

#Transform 106
Transform: AffineTransform_float_3_3
Parameters: 0.999998 -0.000401518 0.00194961 0.000400629 1 0.000228087 -0.0019498 -0.000227912 0.999998 0.173871 0.126719 -0.724142
FixedParameters: 0 0 0

#Transform 107
Transform: AffineTransform_float_3_3
Parameters: 0.999998 -0.000764759 0.0021613 0.000762752 1 0.000858956 -0.00216116 -0.000857044 0.999997 0.19158 0.156036 -0.754205
FixedParameters: 0 0 0

#Transform 108
Transform: AffineTransform_float_3_3
Parameters: 0.999996 -0.000857192 0.00244125 0.000854517 0.999999 0.00100555 -0.00244283 -0.00100345 0.999996 0.19713 0.160813 -0.795546
FixedParameters: 0 0 0

#Transform 109
Transform: AffineTransform_float_3_3
Parameters: 0.999997 -0.000341917 0.00242415 0.000339696 0.999999 0.000919004 -0.00242464 -0.000917996 0.999997 0.177288 0.17834 -0.759966
FixedParameters: 0 0 0

#Transform 110
Transform: AffineTransform_float_3_3
Parameters: 0.999998 -0.000692454 0.00193346 0.000691534 0.999999 0.000577643 -0.00193373 -0.000576356 0.999998 0.187094 0.159698 -0.700897
FixedParameters: 0 0 0

#Transform 111
Transform: AffineTransform_float_3_3
Parameters: 0.999998 -0.000607885 0.00186622 0.000607301 1 0.000508439 -0.00186631 -0.000507561 0.999998 0.185086 0.146796 -0.694533
FixedParameters: 0 0 0

#Transform 112
Transform: AffineTransform_float_3_3
Parameters: 0.999998 -0.000324194 0.00196596 0.00032273 0.999999 0.000940301 -0.00196642 -0.000939699 0.999998 0.183748 0.150677 -0.693639
FixedParameters: 0 0 0

#Transform 113
Transform: AffineTransform_float_3_3
Parameters: 0.999998 -0.000252785 0.00186292 0.000251349 1 0.000984982 -0.00186328 -0.000984019 0.999998 0.165235 0.14961 -0.738692
FixedParameters: 0 0 0

#Transform 114
Transform: AffineTransform_float_3_3
Parameters: 0.999997 -0.000495901 0.00211378 0.00049384 0.999999 0.000797863 -0.00211404 -0.000797136 0.999998 0.187949 0.14272 -0.731637
FixedParameters: 0 0 0

#Transform 115
Transform: AffineTransform_float_3_3
Parameters: 0.999998 -0.00053809 0.00188615 0.00053621 0.999999 0.000846678 -0.00188653 -0.000845322 0.999998 0.184523 0.157615 -0.760514
FixedParameters: 0 0 0

#Transform 116
Transform: AffineTransform_float_3_3
Parameters: 0.999998 -0.000142489 0.00187842 0.000140896 1 0.000668931 -0.001879 -0.000669069 0.999999 0.171235 0.143009 -0.797202
FixedParameters: 0 0 0

#Transform 117
Transform: AffineTransform_float_3_3
Parameters: 0.999998 -0.000237995 0.00199972 0.000237019 1 0.00024414 -0.00199983 -0.00024386 0.999999 0.170703 0.135858 -0.772937
FixedParameters: 0 0 0

#Transform 118
Transform: AffineTransform_float_3_3
Parameters: 0.999998 -0.000303636 0.00203224 0.000302254 1 0.000889281 -0.00203264 -0.00088872 0.999998 0.184701 0.167216 -0.718677
FixedParameters: 0 0 0

#Transform 119
Transform: AffineTransform_float_3_3
Parameters: 0.999999 -0.0004833 0.00173608 0.000480061 0.999999 0.00157514 -0.00173746 -0.00157486 0.999997 0.164214 0.233454 -0.557973
FixedParameters: 0 0 0

#Transform 120
Transform: AffineTransform_float_3_3
Parameters: 0.999998 0.000221356 0.00163933 -0.000238149 0.999944 0.0104991 -0.00163654 -0.0104999 0.999943 0.13172 0.553107 -0.0438911
FixedParameters: 0 0 0

#Transform 121
Transform: AffineTransform_float_3_3
Parameters: 0.999999 -0.000259842 0.00144901 0.000247993 0.999964 0.00838288 -0.00145204 -0.00838212 0.999964 0.175165 0.451397 -0.219703
FixedParameters: 0 0 0

#Transform 122
Transform: AffineTransform_float_3_3
Parameters: 0.999999 0.000172456 0.00141371 -0.000183828 0.999964 0.00848726 -0.00141169 -0.00848774 0.999963 0.157331 0.421985 -0.291911
FixedParameters: 0 0 0

#Transform 123
Transform: AffineTransform_float_3_3
Parameters: 0.999999 0.000185702 0.00144509 -0.000197551 0.999966 0.00833109 -0.00144382 -0.00833092 0.999964 0.133057 0.406506 -0.328842
FixedParameters: 0 0 0

#Transform 124
Transform: AffineTransform_float_3_3
Parameters: 1 7.15665e-05 0.00116887 -8.07884e-05 0.999968 0.00799143 -0.00116841 -0.00799158 0.999968 0.136068 0.392113 -0.345373
FixedParameters: 0 0 0

#Transform 125
Transform: AffineTransform_float_3_3
Parameters: 0.999999 0.000116293 0.00127598 -0.000126709 0.999969 0.00779035 -0.00127484 -0.00779064 0.999969 0.127517 0.374024 -0.354734
FixedParameters: 0 0 0

#Transform 126
Transform: AffineTransform_float_3_3
Parameters: 0.999999 0.000159033 0.00138041 -0.000170437 0.999966 0.00822614 -0.00137924 -0.00822587 0.999965 0.121497 0.386534 -0.343312
FixedParameters: 0 0 0

#Transform 127
Transform: AffineTransform_float_3_3
Parameters: 0.999999 6.75521e-05 0.000868597 -7.33602e-05 0.999972 0.00750293 -0.000868434 -0.00750306 0.999971 0.124252 0.375426 -0.345596
FixedParameters: 0 0 0

#Transform 128
Transform: AffineTransform_float_3_3
Parameters: 0.999999 2.09052e-05 0.000873867 -2.79222e-05 0.999971 0.00762113 -0.000873998 -0.00762186 0.999971 0.132584 0.358907 -0.368173
FixedParameters: 0 0 0

#Transform 129
Transform: AffineTransform_float_3_3
Parameters: 0.999999 0.00033355 0.00120637 -0.000342993 0.999972 0.00751695 -0.00120388 -0.00751705 0.999971 0.120515 0.358035 -0.384155
FixedParameters: 0 0 0

#Transform 130
Transform: AffineTransform_float_3_3
Parameters: 1 0.000444323 0.0010358 -0.000452032 0.99997 0.0077329 -0.00103238 -0.00773311 0.99997 0.114091 0.360532 -0.378137
FixedParameters: 0 0 0

#Transform 131
Transform: AffineTransform_float_3_3
Parameters: 0.999999 -6.10044e-05 0.000951076 5.3526e-05 0.999969 0.00793121 -0.000951958 -0.0079318 0.999969 0.134675 0.36478 -0.392719
FixedParameters: 0 0 0

#Transform 132
Transform: AffineTransform_float_3_3
Parameters: 1 0.000463357 0.00108203 -0.000472069 0.999969 0.00786786 -0.00107819 -0.00786815 0.999969 0.13158 0.361654 -0.400761
FixedParameters: 0 0 0

#Transform 133
Transform: AffineTransform_float_3_3
Parameters: 1 0.000187903 0.00109579 -0.000196323 0.999972 0.00756379 -0.00109417 -0.00756421 0.999971 0.134705 0.355746 -0.415823
FixedParameters: 0 0 0

#Transform 134
Transform: AffineTransform_float_3_3
Parameters: 1 -0.0004664 0.000862276 0.000459011 0.999964 0.00852204 -0.000865672 -0.00852196 0.999963 0.14425 0.37709 -0.471183
FixedParameters: 0 0 0

#Transform 135
Transform: AffineTransform_float_3_3
Parameters: 0.999999 0.000129648 0.00133586 -0.00013815 0.999977 0.00672397 -0.00133481 -0.00672503 0.999976 0.159028 0.335272 -0.560876
FixedParameters: 0 0 0

#Transform 136
Transform: AffineTransform_float_3_3
Parameters: 0.999998 0.000391241 0.00164462 -0.000399125 0.99999 0.00447671 -0.0016429 -0.00447729 0.999988 0.150894 0.260897 -0.660648
FixedParameters: 0 0 0

#Transform 137
Transform: AffineTransform_float_3_3
Parameters: 0.999998 0.000139859 0.00189601 -0.000149531 0.999987 0.00504524 -0.00189531 -0.00504576 0.999985 0.163252 0.271362 -0.601793
FixedParameters: 0 0 0

#Transform 138
Transform: AffineTransform_float_3_3
Parameters: 1 -0.000186807 0.000957953 0.000182639 0.999992 0.00402317 -0.00095877 -0.00402282 0.999991 0.153159 0.24103 -0.566673
FixedParameters: 0 0 0

#Transform 139
Transform: AffineTransform_float_3_3
Parameters: 0.999998 -5.55282e-05 0.00161313 4.37656e-05 0.999974 0.00710459 -0.00161314 -0.0071044 0.999973 0.170741 0.335649 -0.490117
FixedParameters: 0 0 0

#Transform 140
Transform: AffineTransform_float_3_3
Parameters: 0.999997 7.45901e-05 0.00225814 -8.85948e-05 0.999979 0.00647484 -0.00225703 -0.00647516 0.999976 0.180417 0.296925 -0.533795
FixedParameters: 0 0 0

#Transform 141
Transform: AffineTransform_float_3_3
Parameters: 0.999998 -0.000513943 0.0018682 0.00050273 0.999982 0.00594646 -0.00187132 -0.00594454 0.99998 0.179772 0.26846 -0.555262
FixedParameters: 0 0 0

#Transform 142
Transform: AffineTransform_float_3_3
Parameters: 0.999996 -0.000411177 0.0025995 0.000395086 0.99998 0.00634823 -0.00260312 -0.00634678 0.999977 0.209619 0.266565 -0.537083
FixedParameters: 0 0 0

#Transform 143
Transform: AffineTransform_float_3_3
Parameters: 0.999997 -0.000840263 0.0023624 0.000828632 0.999987 0.00515043 -0.00236662 -0.00514857 0.999984 0.20973 0.230215 -0.567699
FixedParameters: 0 0 0

#Transform 144
Transform: AffineTransform_float_3_3
Parameters: 0.999996 -0.000712752 0.00250947 0.000699794 0.999986 0.00521859 -0.00251378 -0.00521641 0.999983 0.209578 0.233725 -0.577396
FixedParameters: 0 0 0

#Transform 145
Transform: AffineTransform_float_3_3
Parameters: 0.999997 -0.00137783 0.0020242 0.00136965 0.999991 0.00392588 -0.00202958 -0.00392312 0.999991 0.266169 0.217386 -0.567212
FixedParameters: 0 0 0

#Transform 146
Transform: AffineTransform_float_3_3
Parameters: 0.999997 -0.001055 0.00251587 0.00104263 0.999987 0.00479925 -0.00252116 -0.00479674 0.999985 0.236521 0.215803 -0.62406
FixedParameters: 0 0 0

#Transform 147
Transform: AffineTransform_float_3_3
Parameters: 0.999996 -0.00114927 0.00256752 0.00113937 0.999993 0.0037144 -0.00257231 -0.0037106 0.99999 0.234394 0.186829 -0.639526
FixedParameters: 0 0 0

#Transform 148
Transform: AffineTransform_float_3_3
Parameters: 0.999996 -0.00108941 0.00269889 0.00108065 0.999995 0.00307854 -0.00270239 -0.00307546 0.999992 0.226097 0.177039 -0.667674
FixedParameters: 0 0 0

#Transform 149
Transform: AffineTransform_float_3_3
Parameters: 0.999996 -0.00128217 0.00222601 0.00127354 0.999992 0.00387795 -0.00223089 -0.00387506 0.99999 0.239046 0.192972 -0.640379
FixedParameters: 0 0 0

#Transform 150
Transform: AffineTransform_float_3_3
Parameters: 0.999996 -0.00133073 0.00222608 0.00132268 0.999992 0.00374905 -0.002231 -0.00374594 0.99999 0.241129 0.20205 -0.650729
FixedParameters: 0 0 0

#Transform 151
Transform: AffineTransform_float_3_3
Parameters: 0.999995 -0.00119453 0.00268344 0.00118342 0.999991 0.0040218 -0.00268876 -0.00401819 0.999988 0.249348 0.218838 -0.659246
FixedParameters: 0 0 0

#Transform 152
Transform: AffineTransform_float_3_3
Parameters: 0.999996 -0.00112775 0.00268247 0.00111652 0.999991 0.00404577 -0.00268731 -0.00404322 0.999988 0.24849 0.224032 -0.67098
FixedParameters: 0 0 0

#Transform 153
Transform: AffineTransform_float_3_3
Parameters: 0.999995 -0.0011042 0.00273716 0.00109396 0.999992 0.00378462 -0.00274124 -0.00378138 0.999989 0.254028 0.207698 -0.648838
FixedParameters: 0 0 0

#Transform 154
Transform: AffineTransform_float_3_3
Parameters: 0.999996 -0.00109485 0.00276469 0.00108171 0.999988 0.00474613 -0.00276972 -0.00474287 0.999985 0.249983 0.263047 -0.600654
FixedParameters: 0 0 0

#Transform 155
Transform: AffineTransform_float_3_3
Parameters: 0.999994 -0.00147058 0.002889 0.00145687 0.999988 0.00454663 -0.0028957 -0.00454236 0.999985 0.272436 0.265845 -0.587418
FixedParameters: 0 0 0

#Transform 156
Transform: AffineTransform_float_3_3
Parameters: 0.999995 -0.00143399 0.00282461 0.00142264 0.99999 0.00423444 -0.00283009 -0.00423056 0.999987 0.273481 0.260544 -0.590384
FixedParameters: 0 0 0

#Transform 157
Transform: AffineTransform_float_3_3
Parameters: 0.999994 -0.00159936 0.00282806 0.00158752 0.99999 0.00415292 -0.00283429 -0.00414809 0.999988 0.280654 0.255872 -0.596147
FixedParameters: 0 0 0

#Transform 158
Transform: AffineTransform_float_3_3
Parameters: 0.999994 -0.00152813 0.00287167 0.00151594 0.99999 0.00424278 -0.00287889 -0.00423822 0.999987 0.27517 0.249364 -0.607955
FixedParameters: 0 0 0

#Transform 159
Transform: AffineTransform_float_3_3
Parameters: 0.999995 -0.00150377 0.00293048 0.0014916 0.999989 0.00437795 -0.00293737 -0.00437405 0.999987 0.291082 0.2513 -0.600142
FixedParameters: 0 0 0

#Transform 160
Transform: AffineTransform_float_3_3
Parameters: 0.999995 -0.00135001 0.0030629 0.0013356 0.999988 0.00455403 -0.0030689 -0.00454996 0.999985 0.276684 0.25818 -0.606557
FixedParameters: 0 0 0

#Transform 161
Transform: AffineTransform_float_3_3
Parameters: 0.999993 -0.00113731 0.00358058 0.00111595 0.999981 0.00592782 -0.00358768 -0.00592317 0.999976 0.304105 0.316669 -0.556069
FixedParameters: 0 0 0

#Transform 162
Transform: AffineTransform_float_3_3
Parameters: 0.999995 -0.00128705 0.00289385 0.00127487 0.999989 0.00436847 -0.00289974 -0.00436453 0.999986 0.293755 0.277085 -0.601668
FixedParameters: 0 0 0

#Transform 163
Transform: AffineTransform_float_3_3
Parameters: 0.999995 -0.00127847 0.00282413 0.0012684 0.999993 0.003475 -0.00282835 -0.003472 0.99999 0.286384 0.24164 -0.597571
FixedParameters: 0 0 0

#Transform 164
Transform: AffineTransform_float_3_3
Parameters: 0.999994 -0.0015881 0.00282745 0.00157633 0.999992 0.00383952 -0.00283405 -0.00383547 0.999988 0.289011 0.246277 -0.585284
FixedParameters: 0 0 0

#Transform 165
Transform: AffineTransform_float_3_3
Parameters: 0.999996 -0.00160715 0.00237198 0.00159772 0.999991 0.0039717 -0.00237785 -0.0039683 0.999989 0.270387 0.260875 -0.592478
FixedParameters: 0 0 0

#Transform 166
Transform: AffineTransform_float_3_3
Parameters: 0.999994 -0.00122593 0.00304338 0.00121387 0.999991 0.00413448 -0.00304817 -0.00413052 0.999986 0.27312 0.284134 -0.58365
FixedParameters: 0 0 0

#Transform 167
Transform: AffineTransform_float_3_3
Parameters: 0.999996 -0.00132214 0.00275574 0.0013104 0.99999 0.00433903 -0.00276147 -0.00433596 0.999987 0.277218 0.296079 -0.572293
FixedParameters: 0 0 0

#Transform 168
Transform: AffineTransform_float_3_3
Parameters: 0.999996 -0.00102398 0.0026592 0.00101305 0.999991 0.00419732 -0.0026639 -0.00419468 0.999988 0.270194 0.284952 -0.611156
FixedParameters: 0 0 0

#Transform 169
Transform: AffineTransform_float_3_3
Parameters: 0.999993 -0.00152051 0.00321921 0.00150457 0.999987 0.00483479 -0.00322616 -0.00482921 0.999983 0.281126 0.324596 -0.596847
FixedParameters: 0 0 0

#Transform 170
Transform: AffineTransform_float_3_3
Parameters: 0.999995 -0.00134495 0.00260655 0.00133264 0.999989 0.0045189 -0.00261256 -0.0045161 0.999987 0.245252 0.300509 -0.623077
FixedParameters: 0 0 0

#Transform 171
Transform: AffineTransform_float_3_3
Parameters: 0.999995 -0.00145254 0.00276809 0.00144007 0.999989 0.00435777 -0.00277369 -0.00435323 0.999987 0.265629 0.299634 -0.598519
FixedParameters: 0 0 0

#Transform 172
Transform: AffineTransform_float_3_3
Parameters: 0.999996 -0.00126469 0.00279532 0.00125308 0.99999 0.00402128 -0.00280028 -0.00401771 0.999988 0.265205 0.29084 -0.61503
FixedParameters: 0 0 0

#Transform 173
Transform: AffineTransform_float_3_3
Parameters: 0.999994 -0.00158999 0.00313913 0.00157045 0.999979 0.00621568 -0.00314859 -0.00621132 0.999976 0.284091 0.357833 -0.580924
FixedParameters: 0 0 0

#Transform 174
Transform: AffineTransform_float_3_3
Parameters: 0.999994 -0.00164685 0.00310028 0.00163188 0.999988 0.00465129 -0.00310838 -0.00464671 0.999984 0.300177 0.308077 -0.616082
FixedParameters: 0 0 0

#Transform 175
Transform: AffineTransform_float_3_3
Parameters: 0.999994 -0.00184613 0.00301027 0.00183272 0.999988 0.00466159 -0.00301843 -0.00465541 0.999984 0.307927 0.32576 -0.609707
FixedParameters: 0 0 0

#Transform 176
Transform: AffineTransform_float_3_3
Parameters: 0.999993 -0.00172486 0.003302 0.0017085 0.999986 0.00503402 -0.00331016 -0.00502897 0.999982 0.304483 0.336675 -0.595099
FixedParameters: 0 0 0

#Transform 177
Transform: AffineTransform_float_3_3
Parameters: 0.999993 -0.00169534 0.00338241 0.00167294 0.999977 0.00657842 -0.00339332 -0.00657259 0.999973 0.308635 0.39291 -0.558626
FixedParameters: 0 0 0

#Transform 178
Transform: AffineTransform_float_3_3
Parameters: 0.999993 -0.00167962 0.00341069 0.00166245 0.999985 0.00512741 -0.00341909 -0.00512158 0.999981 0.315273 0.328199 -0.60368
FixedParameters: 0 0 0

#Transform 179
Transform: AffineTransform_float_3_3
Parameters: 0.999992 -0.00144755 0.00356548 0.00142367 0.999978 0.00646835 -0.00357504 -0.00646366 0.999973 0.323082 0.365014 -0.576617
FixedParameters: 0 0 0
