#Insight Transform File V1.0
#Transform 0
Transform: AffineTransform_float_3_3
Parameters: 1 -0.000159567 0.000143692 0.000159455 1 0.000390023 -0.000143816 -0.000389977 1 0.0524146 0.0839897 0.317325
FixedParameters: 0 0 0

#Transform 1
Transform: AffineTransform_float_3_3
Parameters: 0.999999 0.00094141 -0.000172574 -0.000941417 0.999999 -1.78373e-05 0.00017254 1.81622e-05 1 0.0319591 0.10677 -0.0417535
FixedParameters: 0 0 0

#Transform 2
Transform: AffineTransform_float_3_3
Parameters: 0.999999 0.000643331 -0.000414175 -0.000643199 1 0.000159267 0.000414379 -0.000158734 1 0.0368566 0.14982 -0.0744721
FixedParameters: 0 0 0

#Transform 3
Transform: AffineTransform_float_3_3
Parameters: 0.999999 0.000780579 -0.000538718 -0.000780458 0.999999 0.000112421 0.000538893 -0.00011158 1 0.0272946 0.153534 -0.0758819
FixedParameters: 0 0 0

#Transform 4
Transform: AffineTransform_float_3_3
Parameters: 1 0.00101955 -0.000239222 -0.00101947 1 0.000159732 0.000239547 -0.000159268 1 0.0301671 0.188968 -0.0996711
FixedParameters: 0 0 0

#Transform 5
Transform: AffineTransform_float_3_3
Parameters: 0.999999 0.000764159 -0.000531471 -0.000763739 0.999999 0.000394559 0.000532074 -0.000394441 1 0.0435577 0.178055 -0.114505
FixedParameters: 0 0 0

#Transform 6
Transform: AffineTransform_float_3_3
Parameters: 0.999999 0.000778446 -0.000423486 -0.000778117 0.999999 0.00038833 0.00042409 -0.00038767 1 0.0502498 0.180838 -0.112104
FixedParameters: 0 0 0

#Transform 7
Transform: AffineTransform_float_3_3
Parameters: 0.999999 0.000601993 -0.000462936 -0.000601889 0.999999 0.000112431 0.000463072 -0.000112569 1 0.031655 0.180035 -0.112853
FixedParameters: 0 0 0

#Transform 8
Transform: AffineTransform_float_3_3
Parameters: 0.999999 0.000511068 -0.000812438 -0.000511015 1 -0.000207585 0.000813146 0.000208415 0.999999 0.0622453 0.183073 -0.131192
FixedParameters: 0 0 0

#Transform 9
Transform: AffineTransform_float_3_3
Parameters: 0.999999 0.000598802 -0.000462322 -0.000599167 0.999999 -0.00081793 0.000462263 0.00081707 1 0.0468857 0.177829 -0.151463
FixedParameters: 0 0 0

#Transform 10
Transform: AffineTransform_float_3_3
Parameters: 0.999999 0.000420507 -0.00136352 -0.000422347 0.999998 -0.00197391 0.00136252 0.00197509 0.999997 0.0673964 0.172508 -0.138398
FixedParameters: 0 0 0

#Transform 11
Transform: AffineTransform_float_3_3
Parameters: 0.999999 0.000555085 -0.00078359 -0.000557394 0.999999 -0.00172356 0.000782593 0.00172444 0.999998 0.049105 0.172566 -0.136127
FixedParameters: 0 0 0

#Transform 12
Transform: AffineTransform_float_3_3
Parameters: 0.999999 0.000492701 -0.000586046 -0.000493011 0.999999 -0.00138371 0.000585212 0.00138429 0.999999 0.0461448 0.188948 -0.144164
FixedParameters: 0 0 0

#Transform 13
Transform: AffineTransform_float_3_3
Parameters: 0.999999 0.000558214 -0.000717568 -0.000559062 0.999998 -0.00177745 0.000717032 0.00177755 0.999999 0.0485816 0.188114 -0.161347
FixedParameters: 0 0 0

#Transform 14
Transform: AffineTransform_float_3_3
Parameters: 0.999999 0.000365924 -0.000635592 -0.000366972 0.999998 -0.00185762 0.000634761 0.00185739 0.999999 0.040962 0.197401 -0.165766
FixedParameters: 0 0 0

#Transform 15
Transform: AffineTransform_float_3_3
Parameters: 1 0.00013535 -0.0010765 -0.000138142 0.999998 -0.0019057 0.00107651 0.0019053 0.999998 0.0704774 0.18388 -0.184777
FixedParameters: 0 0 0

#Transform 16
Transform: AffineTransform_float_3_3
Parameters: 1 0.000383388 -0.000561515 -0.000384184 0.999998 -0.00187779 0.000560603 0.00187822 0.999998 0.0477637 0.182295 -0.184748
FixedParameters: 0 0 0

#Transform 17
Transform: AffineTransform_float_3_3
Parameters: 0.999999 0.000330118 -0.000650021 -0.00033197 0.999997 -0.00243478 0.000648938 0.00243521 0.999997 0.0388411 0.191593 -0.169857
FixedParameters: 0 0 0

#Transform 18
Transform: AffineTransform_float_3_3
Parameters: 1 0.000406791 -0.000419665 -0.000407591 0.999996 -0.00251983 0.000418142 0.00252017 0.999996 0.0482669 0.184244 -0.191528
FixedParameters: 0 0 0

#Transform 19
Transform: AffineTransform_float_3_3
Parameters: 1 0.000210354 -0.000599013 -0.000212404 0.999996 -0.00280687 0.000598356 0.00280713 0.999996 0.050302 0.168603 -0.18163
FixedParameters: 0 0 0

#Transform 20
Transform: AffineTransform_float_3_3
Parameters: 1 2.83689e-05 -0.000521134 -2.98707e-05 0.999997 -0.00269799 0.000521506 0.00269802 0.999996 0.0649608 0.172618 -0.174277
FixedParameters: 0 0 0

#Transform 21
Transform: AffineTransform_float_3_3
Parameters: 1 7.63014e-05 -0.0011325 -8.00602e-05 0.999994 -0.0032234 0.00113267 0.0032236 0.999995 0.0662416 0.1832 -0.160056
FixedParameters: 0 0 0

#Transform 22
Transform: AffineTransform_float_3_3
Parameters: 0.999999 0.000182284 -0.000985065 -0.000185116 0.999996 -0.00276867 0.000985107 0.00276833 0.999996 0.0807004 0.162989 -0.15952
FixedParameters: 0 0 0

#Transform 23
Transform: AffineTransform_float_3_3
Parameters: 1 8.07879e-05 -0.00119495 -8.37472e-05 0.999997 -0.00255754 0.00119427 0.00255846 0.999996 0.0633251 0.171886 -0.17652
FixedParameters: 0 0 0

#Transform 24
Transform: AffineTransform_float_3_3
Parameters: 0.999999 -7.70843e-05 -0.000956651 7.47688e-05 0.999997 -0.00237607 0.000957151 0.00237593 0.999996 0.0752762 0.173903 -0.176763
FixedParameters: 0 0 0

#Transform 25
Transform: AffineTransform_float_3_3
Parameters: 1 -7.73676e-05 -0.00095663 7.44847e-05 0.999996 -0.00267292 0.000957175 0.00267208 0.999996 0.0753608 0.182949 -0.173601
FixedParameters: 0 0 0

#Transform 26
Transform: AffineTransform_float_3_3
Parameters: 1 0.000365001 -0.00114572 -0.000367359 0.999997 -0.00257643 0.0011445 0.00257657 0.999996 0.0883532 0.167881 -0.162094
FixedParameters: 0 0 0

#Transform 27
Transform: AffineTransform_float_3_3
Parameters: 0.999999 -7.74621e-05 -0.000956621 7.43907e-05 0.999996 -0.00277107 0.000957181 0.00277093 0.999995 0.0752708 0.182093 -0.167555
FixedParameters: 0 0 0

#Transform 28
Transform: AffineTransform_float_3_3
Parameters: 1 -0.000430413 -0.000975318 0.000427479 0.999995 -0.00291806 0.000976649 0.00291794 0.999995 0.0920518 0.171645 -0.182771
FixedParameters: 0 0 0

#Transform 29
Transform: AffineTransform_float_3_3
Parameters: 1 -0.000295497 -0.000496776 0.000294037 0.999994 -0.00331794 0.000497951 0.00331906 0.999994 0.0762708 0.1907 -0.190002
FixedParameters: 0 0 0

#Transform 30
Transform: AffineTransform_float_3_3
Parameters: 0.999999 -0.000380676 -0.000723557 0.00037772 0.999994 -0.00331091 0.000725287 0.00331108 0.999994 0.0941782 0.157816 -0.170566
FixedParameters: 0 0 0

#Transform 31
Transform: AffineTransform_float_3_3
Parameters: 1 -0.000368188 -0.000404681 0.000366819 0.999994 -0.00348015 0.000405537 0.00347985 0.999994 0.0899823 0.156116 -0.166975
FixedParameters: 0 0 0

#Transform 32
Transform: AffineTransform_float_3_3
Parameters: 1 0.000361658 -0.000265281 -0.000363157 0.99999 -0.0043089 0.000263999 0.00430909 0.99999 0.0588612 0.171642 -0.141059
FixedParameters: 0 0 0

#Transform 33
Transform: AffineTransform_float_3_3
Parameters: 1 0.00108586 0.000369657 -0.00108444 0.999991 -0.00404376 -0.000374498 0.00404224 0.999992 0.0177618 0.145887 -0.1491
FixedParameters: 0 0 0

#Transform 34
Transform: AffineTransform_float_3_3
Parameters: 0.999999 0.000801794 -0.000337717 -0.00080301 0.999995 -0.00297009 0.000334791 0.00296991 0.999995 0.0689518 0.128317 -0.119919
FixedParameters: 0 0 0

#Transform 35
Transform: AffineTransform_float_3_3
Parameters: 0.999999 0.000933425 0.000132195 -0.000933235 0.999994 -0.00321727 -0.000134658 0.00321772 0.999994 0.0416534 0.15541 -0.137405
FixedParameters: 0 0 0

#Transform 36
Transform: AffineTransform_float_3_3
Parameters: 1 0.00111558 -7.77354e-05 -0.00111585 0.999994 -0.00346743 7.31501e-05 0.00346757 0.999994 0.0742434 0.147716 -0.152297
FixedParameters: 0 0 0

#Transform 37
Transform: AffineTransform_float_3_3
Parameters: 0.999999 0.000791757 -0.000199142 -0.000793046 0.999987 -0.00489484 0.000195457 0.00489515 0.999988 0.0433297 0.165123 -0.173232
FixedParameters: 0 0 0

#Transform 38
Transform: AffineTransform_float_3_3
Parameters: 0.999999 0.000672584 -0.000476289 -0.000674377 0.999989 -0.00450168 0.000473516 0.00450232 0.99999 0.0765714 0.148808 -0.182913
FixedParameters: 0 0 0

#Transform 39
Transform: AffineTransform_float_3_3
Parameters: 1 0.00107162 0.000369041 -0.00106966 0.99999 -0.00425855 -0.000373305 0.00425845 0.99999 0.0545612 0.152923 -0.182233
FixedParameters: 0 0 0

#Transform 40
Transform: AffineTransform_float_3_3
Parameters: 1 0.000200767 -1.42773e-06 -0.000201307 0.999989 -0.00469 8.53232e-07 0.00469 0.999989 0.0834085 0.146937 -0.156843
FixedParameters: 0 0 0

#Transform 41
Transform: AffineTransform_float_3_3
Parameters: 1 0.000396182 0.000182429 -0.000395116 0.99999 -0.00434871 -0.000184559 0.00434929 0.999991 0.0503076 0.130507 -0.158081
FixedParameters: 0 0 0

#Transform 42
Transform: AffineTransform_float_3_3
Parameters: 1 0.000639786 6.79797e-05 -0.00063932 0.999991 -0.0043444 -7.13044e-05 0.0043436 0.99999 0.0777503 0.126853 -0.146821
FixedParameters: 0 0 0

#Transform 43
Transform: AffineTransform_float_3_3
Parameters: 1 0.000274174 0.000326223 -0.000272947 0.999989 -0.00469009 -0.000328008 0.00468991 0.999989 0.0687941 0.157746 -0.152544
FixedParameters: 0 0 0

#Transform 44
Transform: AffineTransform_float_3_3
Parameters: 1 0.000409282 -9.11957e-05 -0.000409387 0.999988 -0.00491696 8.90112e-05 0.00491704 0.999988 0.0707136 0.143902 -0.160216
FixedParameters: 0 0 0

#Transform 45
Transform: AffineTransform_float_3_3
Parameters: 1 0.000260182 0.000288712 -0.000258441 0.99999 -0.00459408 -0.000290704 0.00459393 0.99999 0.0688377 0.155083 -0.173589
FixedParameters: 0 0 0

#Transform 46
Transform: AffineTransform_float_3_3
Parameters: 1 0.000202125 0.000153662 -0.000201238 0.99999 -0.00459903 -0.000154206 0.00459897 0.99999 0.069423 0.16707 -0.142935
FixedParameters: 0 0 0

#Transform 47
Transform: AffineTransform_float_3_3
Parameters: 1 0.000245637 0.000254654 -0.000243685 0.999988 -0.00486206 -0.000255722 0.00486194 0.999988 0.0590195 0.16369 -0.166288
FixedParameters: 0 0 0

#Transform 48
Transform: AffineTransform_float_3_3
Parameters: 1 0.000145637 2.23392e-05 -0.000145442 0.999991 -0.004249 -2.3576e-05 0.004249 0.999991 0.0741371 0.154741 -0.164861
FixedParameters: 0 0 0

#Transform 49
Transform: AffineTransform_float_3_3
Parameters: 1 0.000145649 2.22636e-05 -0.000145044 0.999988 -0.004768 -2.27291e-05 0.00476799 0.999988 0.0883126 0.14718 -0.180832
FixedParameters: 0 0 0

#Transform 50
Transform: AffineTransform_float_3_3
Parameters: 1 -0.000267662 0.000200164 0.000268931 0.999987 -0.00513494 -0.000199249 0.00513505 0.999987 0.0687795 0.164818 -0.15566
FixedParameters: 0 0 0

#Transform 51
Transform: AffineTransform_float_3_3
Parameters: 1 -2.80105e-05 0.000370189 2.93083e-05 0.999988 -0.00476799 -0.000370055 0.00476801 0.999988 0.0682498 0.156936 -0.179394
FixedParameters: 0 0 0

#Transform 52
Transform: AffineTransform_float_3_3
Parameters: 1 -6.37705e-05 0.000112366 6.35873e-05 0.999988 -0.005022 -0.000112256 0.00502201 0.999988 0.0805092 0.153888 -0.175824
FixedParameters: 0 0 0

#Transform 53
Transform: AffineTransform_float_3_3
Parameters: 1 -5.22321e-05 0.000504999 5.49923e-05 0.999983 -0.00585897 -0.000504119 0.00585902 0.999982 0.0676135 0.155484 -0.188714
FixedParameters: 0 0 0

#Transform 54
Transform: AffineTransform_float_3_3
Parameters: 1 -0.000118973 0.000537071 0.000121754 0.999982 -0.00589058 -0.000536321 0.00589143 0.999983 0.0674047 0.14948 -0.185375
FixedParameters: 0 0 0

#Transform 55
Transform: AffineTransform_float_3_3
Parameters: 1 -0.000504331 0.000302691 0.000505539 0.999981 -0.00612685 -0.000299795 0.00612715 0.999981 0.0981552 0.147097 -0.196369
FixedParameters: 0 0 0

#Transform 56
Transform: AffineTransform_float_3_3
Parameters: 0.999999 -0.000708934 0.000391318 0.000711085 0.999979 -0.00646172 -0.000386353 0.00646228 0.999979 0.0781826 0.166797 -0.142177
FixedParameters: 0 0 0

#Transform 57
Transform: AffineTransform_float_3_3
Parameters: 1 -0.000431102 0.000270634 0.000431877 0.999986 -0.00531988 -0.000268414 0.00532011 0.999986 0.085241 0.146746 -0.162945
FixedParameters: 0 0 0

#Transform 58
Transform: AffineTransform_float_3_3
Parameters: 1 -0.000176663 0.000608538 0.000180504 0.999986 -0.00531389 -0.0006077 0.00531411 0.999985 0.0669956 0.142904 -0.169763
FixedParameters: 0 0 0

#Transform 59
Transform: AffineTransform_float_3_3
Parameters: 0.999999 -0.000249046 0.000835343 0.000254658 0.999978 -0.00650263 -0.000834187 0.00650236 0.999978 0.0820742 0.154369 -0.180835
FixedParameters: 0 0 0

#Transform 60
Transform: AffineTransform_float_3_3
Parameters: 1 -0.000238227 0.0010138 0.000244646 0.999977 -0.00666624 -0.00101192 0.00666676 0.999978 0.0651963 0.139647 -0.224564
FixedParameters: 0 0 0

#Transform 61
Transform: AffineTransform_float_3_3
Parameters: 0.999999 -0.000378291 0.000737715 0.000382874 0.999978 -0.00667493 -0.000734754 0.00667407 0.999977 0.0839863 0.132611 -0.222984
FixedParameters: 0 0 0

#Transform 62
Transform: AffineTransform_float_3_3
Parameters: 1 -0.000221618 0.0011011 0.000228249 0.999981 -0.00623276 -0.00109963 0.00623325 0.99998 0.0604733 0.155718 -0.211298
FixedParameters: 0 0 0

#Transform 63
Transform: AffineTransform_float_3_3
Parameters: 0.999999 -0.000728703 0.00101273 0.000735537 0.999975 -0.00701611 -0.00100695 0.00701689 0.999975 0.0738617 0.155695 -0.211179
FixedParameters: 0 0 0

#Transform 64
Transform: AffineTransform_float_3_3
Parameters: 0.999999 -0.000519394 0.00145913 0.000529211 0.999977 -0.00683308 -0.00145528 0.00683392 0.999976 0.062877 0.151624 -0.219354
FixedParameters: 0 0 0

#Transform 65
Transform: AffineTransform_float_3_3
Parameters: 0.999999 -0.000305315 0.00139176 0.000315165 0.999975 -0.00703141 -0.0013898 0.00703158 0.999974 0.0762306 0.156591 -0.213671
FixedParameters: 0 0 0

#Transform 66
Transform: AffineTransform_float_3_3
Parameters: 0.999999 -0.000241317 0.0014513 0.00025129 0.999974 -0.00710113 -0.00144981 0.00710187 0.999974 0.0630444 0.174796 -0.239488
FixedParameters: 0 0 0

#Transform 67
Transform: AffineTransform_float_3_3
Parameters: 0.999999 -0.000559247 0.00119312 0.000567354 0.999976 -0.00686818 -0.00118948 0.00686882 0.999976 0.0826916 0.160296 -0.227418
FixedParameters: 0 0 0

#Transform 68
Transform: AffineTransform_float_3_3
Parameters: 0.999999 -0.000396787 0.00142088 0.000407315 0.999972 -0.00745527 -0.0014169 0.00745572 0.999971 0.0855757 0.144522 -0.253372
FixedParameters: 0 0 0

#Transform 69
Transform: AffineTransform_float_3_3
Parameters: 0.999999 -0.000562466 0.00135766 0.000572492 0.999971 -0.00756708 -0.00135331 0.00756792 0.99997 0.0750542 0.175573 -0.215231
FixedParameters: 0 0 0

#Transform 70
Transform: AffineTransform_float_3_3
Parameters: 0.999999 -0.000651097 0.00115378 0.000659189 0.999974 -0.00726825 -0.00114927 0.00726976 0.999973 0.10079 0.149965 -0.241749
FixedParameters: 0 0 0

#Transform 71
Transform: AffineTransform_float_3_3
Parameters: 0.999999 -0.000294487 0.00153355 0.000305958 0.999972 -0.00751239 -0.00153065 0.00751262 0.999971 0.0702783 0.156765 -0.258239
FixedParameters: 0 0 0

#Transform 72
Transform: AffineTransform_float_3_3
Parameters: 0.999999 -0.000764233 0.00113282 0.00077319 0.999968 -0.00796498 -0.00112651 0.00796602 0.999968 0.0932033 0.158615 -0.251541
FixedParameters: 0 0 0

#Transform 73
Transform: AffineTransform_float_3_3
Parameters: 0.999999 -0.000677427 0.00109248 0.000685214 0.999971 -0.00754011 -0.00108723 0.0075409 0.999971 0.0821625 0.151935 -0.28111
FixedParameters: 0 0 0

#Transform 74
Transform: AffineTransform_float_3_3
Parameters: 0.999999 -0.000543856 0.00139999 0.000554231 0.99997 -0.00779308 -0.00139528 0.00779392 0.999969 0.0809125 0.161625 -0.251626
FixedParameters: 0 0 0

#Transform 75
Transform: AffineTransform_float_3_3
Parameters: 0.999999 -0.000338597 0.00128037 0.000348596 0.99997 -0.00770441 -0.00127747 0.00770459 0.999969 0.0815938 0.158063 -0.263075
FixedParameters: 0 0 0

#Transform 76
Transform: AffineTransform_float_3_3
Parameters: 1 -0.000566785 0.000917969 0.000573931 0.999973 -0.00740148 -0.000914406 0.00740253 0.999972 0.0830025 0.15019 -0.253024
FixedParameters: 0 0 0

#Transform 77
Transform: AffineTransform_float_3_3
Parameters: 0.999999 -0.000370585 0.00129886 0.000381214 0.999968 -0.00798735 -0.00129618 0.00798763 0.999967 0.0904305 0.16423 -0.268606
FixedParameters: 0 0 0

#Transform 78
Transform: AffineTransform_float_3_3
Parameters: 1 -0.000650256 0.00102649 0.000658491 0.999969 -0.00779318 -0.0010217 0.00779383 0.99997 0.0879285 0.152307 -0.275035
FixedParameters: 0 0 0

#Transform 79
Transform: AffineTransform_float_3_3
Parameters: 0.999998 -0.000455319 0.00160372 0.000467441 0.999968 -0.00792096 -0.00159948 0.00792104 0.999967 0.0970896 0.155364 -0.306208
FixedParameters: 0 0 0

#Transform 80
Transform: AffineTransform_float_3_3
Parameters: 0.999999 -0.000554011 0.0013747 0.000565569 0.999964 -0.00851008 -0.00136994 0.00851093 0.999963 0.0810032 0.182487 -0.266887
FixedParameters: 0 0 0

#Transform 81
Transform: AffineTransform_float_3_3
Parameters: 0.999999 -0.000989184 0.00089292 0.000997216 0.999965 -0.00827047 -0.000884523 0.00827152 0.999965 0.102023 0.149335 -0.295952
FixedParameters: 0 0 0

#Transform 82
Transform: AffineTransform_float_3_3
Parameters: 0.999999 -0.000986734 0.000898969 0.0009942 0.999969 -0.00789447 -0.000891362 0.00789553 0.999968 0.0900695 0.149819 -0.285023
FixedParameters: 0 0 0

#Transform 83
Transform: AffineTransform_float_3_3
Parameters: 0.999999 -0.000631329 0.00119678 0.000640773 0.999964 -0.00851109 -0.00119111 0.00851192 0.999963 0.111138 0.16953 -0.269807
FixedParameters: 0 0 0

#Transform 84
Transform: AffineTransform_float_3_3
Parameters: 0.999999 -0.000487629 0.00120249 0.000497613 0.999968 -0.00798125 -0.00119833 0.00798174 0.999967 0.0923403 0.150092 -0.278415
FixedParameters: 0 0 0

#Transform 85
Transform: AffineTransform_float_3_3
Parameters: 0.999999 -0.000631957 0.00119644 0.000641455 0.999967 -0.00798608 -0.0011909 0.00798691 0.999967 0.0980456 0.148167 -0.291114
FixedParameters: 0 0 0

#Transform 86
Transform: AffineTransform_float_3_3
Parameters: 0.999999 -0.00104092 0.000991973 0.00104964 0.999964 -0.00845418 -0.000982861 0.00845483 0.999964 0.0851807 0.163925 -0.282784
FixedParameters: 0 0 0

#Transform 87
Transform: AffineTransform_float_3_3
Parameters: 0.999998 -0.00104345 0.00131246 0.00105432 0.999965 -0.00841084 -0.00130313 0.00841217 0.999964 0.0970107 0.145256 -0.291656
FixedParameters: 0 0 0

#Transform 88
Transform: AffineTransform_float_3_3
Parameters: 0.999999 -0.000713792 0.00123269 0.000724535 0.999963 -0.00857596 -0.00122683 0.00857703 0.999962 0.0814128 0.13762 -0.293186
FixedParameters: 0 0 0

#Transform 89
Transform: AffineTransform_float_3_3
Parameters: 0.999999 -0.000799734 0.00101489 0.000808569 0.999963 -0.00857203 -0.00100836 0.00857296 0.999963 0.0853051 0.151551 -0.282818
FixedParameters: 0 0 0

#Transform 90
Transform: AffineTransform_float_3_3
Parameters: 0.999998 -0.000579565 0.00151967 0.000593022 0.999958 -0.00918781 -0.00151472 0.0091882 0.999957 0.0831944 0.120409 -0.336749
FixedParameters: 0 0 0

#Transform 91
Transform: AffineTransform_float_3_3
Parameters: 0.999999 -0.00106987 0.00143735 0.00108209 0.999964 -0.00841852 -0.00142938 0.00841949 0.999964 0.0831203 0.128814 -0.303163
FixedParameters: 0 0 0

#Transform 92
Transform: AffineTransform_float_3_3
Parameters: 0.999998 -0.00105334 0.00178623 0.0010703 0.999956 -0.00935481 -0.00177679 0.0093572 0.999955 0.103498 0.131629 -0.309668
FixedParameters: 0 0 0

#Transform 93
Transform: AffineTransform_float_3_3
Parameters: 0.999998 -0.000717207 0.00186976 0.000734592 0.999957 -0.00922198 -0.00186326 0.00922402 0.999956 0.0815648 0.127557 -0.31963
FixedParameters: 0 0 0

#Transform 94
Transform: AffineTransform_float_3_3
Parameters: 0.999999 -0.000589783 0.00164329 0.000605317 0.999956 -0.00941087 -0.00163748 0.00941213 0.999954 0.0978145 0.123217 -0.337317
FixedParameters: 0 0 0

#Transform 95
Transform: AffineTransform_float_3_3
Parameters: 0.999998 -0.000450565 0.0018923 0.000469603 0.999948 -0.0101725 -0.00188773 0.0101735 0.999947 0.0712955 0.136966 -0.345855
FixedParameters: 0 0 0

#Transform 96
Transform: AffineTransform_float_3_3
Parameters: 0.999999 -0.00067849 0.00173302 0.0006962 0.999949 -0.0100467 -0.00172609 0.0100483 0.999947 0.0892835 0.122613 -0.341228
FixedParameters: 0 0 0

#Transform 97
Transform: AffineTransform_float_3_3
Parameters: 0.999998 -0.000215519 0.00210518 0.000237108 0.999947 -0.0103069 -0.00210322 0.0103071 0.999945 0.0664063 0.126749 -0.361779
FixedParameters: 0 0 0

#Transform 98
Transform: AffineTransform_float_3_3
Parameters: 0.999998 -0.000750389 0.00188789 0.000771648 0.999933 -0.0115593 -0.0018793 0.0115607 0.999932 0.0814585 0.14959 -0.365899
FixedParameters: 0 0 0

#Transform 99
Transform: AffineTransform_float_3_3
Parameters: 0.999998 -0.000984767 0.00209388 0.00100902 0.999936 -0.011332 -0.00208213 0.011334 0.999933 0.0601066 0.137687 -0.372563
FixedParameters: 0 0 0

#Transform 100
Transform: AffineTransform_float_3_3
Parameters: 0.999996 -0.00103012 0.00259395 0.0010622 0.999924 -0.0122787 -0.00258097 0.0122813 0.999921 0.0875708 0.113169 -0.392551
FixedParameters: 0 0 0

#Transform 101
Transform: AffineTransform_float_3_3
Parameters: 0.999996 -0.000899703 0.00269155 0.000938166 0.999898 -0.0142679 -0.00267845 0.0142701 0.999895 0.0618869 0.137827 -0.389891
FixedParameters: 0 0 0

#Transform 102
Transform: AffineTransform_float_3_3
Parameters: 0.999995 -0.00138704 0.00289489 0.00142967 0.99989 -0.0147705 -0.0028743 0.0147745 0.999886 0.0944861 0.101934 -0.424075
FixedParameters: 0 0 0

#Transform 103
Transform: AffineTransform_float_3_3
Parameters: 0.999995 -0.00171581 0.00290268 0.0017593 0.999888 -0.0148458 -0.00287657 0.0148502 0.999886 0.0919664 0.0841455 -0.427462
FixedParameters: 0 0 0

#Transform 104
Transform: AffineTransform_float_3_3
Parameters: 0.999994 -0.00157139 0.00305352 0.0016184 0.99988 -0.0153526 -0.00302939 0.0153574 0.999877 0.110105 0.118179 -0.368287
FixedParameters: 0 0 0

#Transform 105
Transform: AffineTransform_float_3_3
Parameters: 0.999993 -0.00124736 0.00336139 0.00129737 0.999889 -0.0148297 -0.00334286 0.0148333 0.999884 0.0925092 0.0938596 -0.418173
FixedParameters: 0 0 0

#Transform 106
Transform: AffineTransform_float_3_3
Parameters: 0.999996 -0.0015979 0.00256978 0.00163515 0.999893 -0.0145258 -0.00254617 0.0145292 0.999891 0.102376 0.0671418 -0.396195
FixedParameters: 0 0 0

#Transform 107
Transform: AffineTransform_float_3_3
Parameters: 0.999994 -0.00129915 0.00324356 0.00134822 0.999888 -0.0149438 -0.00322398 0.0149482 0.999883 0.0974188 0.0956581 -0.421426
FixedParameters: 0 0 0

#Transform 108
Transform: AffineTransform_float_3_3
Parameters: 0.999994 -0.00141961 0.00297466 0.00146266 0.999897 -0.0142873 -0.00295489 0.0142917 0.999893 0.100488 0.0814626 -0.423507
FixedParameters: 0 0 0

#Transform 109
Transform: AffineTransform_float_3_3
Parameters: 0.999992 -0.00122518 0.00383397 0.0012825 0.999889 -0.0148996 -0.00381491 0.0149044 0.999882 0.0967669 0.079117 -0.477114
FixedParameters: 0 0 0

#Transform 110
Transform: AffineTransform_float_3_3
Parameters: 0.999991 -0.00143519 0.00393006 0.00149687 0.999872 -0.0159159 -0.00390658 0.0159211 0.999865 0.0826071 0.109144 -0.460117
FixedParameters: 0 0 0

#Transform 111
Transform: AffineTransform_float_3_3
Parameters: 0.999991 -0.00111399 0.00412412 0.00118207 0.999863 -0.0165112 -0.00410521 0.0165158 0.999855 0.0954367 0.0671319 -0.495614
FixedParameters: 0 0 0

#Transform 112
Transform: AffineTransform_float_3_3
Parameters: 0.99999 -0.00147561 0.00405614 0.0015424 0.999862 -0.0165412 -0.00403099 0.0165478 0.999855 0.0904713 0.0670728 -0.483448
FixedParameters: 0 0 0

#Transform 113
Transform: AffineTransform_float_3_3
Parameters: 0.99999 -0.00166865 0.004188 0.00174273 0.99984 -0.0178274 -0.00415736 0.0178346 0.999832 0.123939 0.0747165 -0.482936
FixedParameters: 0 0 0

#Transform 114
Transform: AffineTransform_float_3_3
Parameters: 0.999988 -0.00170985 0.00463575 0.0017879 0.999859 -0.0167251 -0.00460664 0.0167329 0.999849 0.100187 0.0647306 -0.493579
FixedParameters: 0 0 0

#Transform 115
Transform: AffineTransform_float_3_3
Parameters: 0.999986 -0.00183711 0.00496027 0.00192312 0.999849 -0.0172322 -0.00492804 0.0172418 0.999839 0.10751 0.0973459 -0.490701
FixedParameters: 0 0 0

#Transform 116
Transform: AffineTransform_float_3_3
Parameters: 0.999988 -0.00171826 0.00461355 0.00179771 0.999852 -0.0171027 -0.00458335 0.0171113 0.999843 0.100884 0.0763029 -0.499762
FixedParameters: 0 0 0

#Transform 117
Transform: AffineTransform_float_3_3
Parameters: 0.999988 -0.00138221 0.00456015 0.0014598 0.999854 -0.0170341 -0.00453536 0.0170409 0.999845 0.109768 0.0649633 -0.505364
FixedParameters: 0 0 0

#Transform 118
Transform: AffineTransform_float_3_3
Parameters: 0.999988 -0.00133659 0.00484176 0.00142175 0.999844 -0.0176134 -0.00481683 0.0176206 0.999833 0.108505 0.0761862 -0.522892
FixedParameters: 0 0 0

#Transform 119
Transform: AffineTransform_float_3_3
Parameters: 0.999987 -0.00169002 0.00466452 0.00177088 0.999847 -0.0174068 -0.00463395 0.0174152 0.999837 0.109135 0.0777613 -0.481583
FixedParameters: 0 0 0

#Transform 120
Transform: AffineTransform_float_3_3
Parameters: 0.999987 -0.000875621 0.00488352 0.000959174 0.999852 -0.0171509 -0.00486756 0.0171551 0.999842 0.108571 0.0715451 -0.562484
FixedParameters: 0 0 0

#Transform 121
Transform: AffineTransform_float_3_3
Parameters: 0.999988 -0.000992917 0.00493784 0.00108056 0.999841 -0.0178206 -0.00491891 0.0178254 0.999829 0.0856751 0.0633317 -0.554196
FixedParameters: 0 0 0

#Transform 122
Transform: AffineTransform_float_3_3
Parameters: 0.999986 -0.00120801 0.00503777 0.00130419 0.999818 -0.0189993 -0.00501386 0.0190057 0.999807 0.10781 0.0756977 -0.53563
FixedParameters: 0 0 0

#Transform 123
Transform: AffineTransform_float_3_3
Parameters: 0.999991 -0.00161737 0.00386909 0.00168362 0.999847 -0.0173633 -0.00384061 0.0173697 0.999842 0.122113 0.0528254 -0.52217
FixedParameters: 0 0 0

#Transform 124
Transform: AffineTransform_float_3_3
Parameters: 0.999991 0.000261935 0.00437117 -0.000203182 0.99991 -0.0134006 -0.00437432 0.0133994 0.9999 0.0237702 0.121006 -0.444202
FixedParameters: 0 0 0

#Transform 125
Transform: AffineTransform_float_3_3
Parameters: 0.999993 -0.000141999 0.00355127 0.000193282 0.999893 -0.0145802 -0.00354919 0.0145808 0.999887 0.0797568 0.0816544 -0.474124
FixedParameters: 0 0 0

#Transform 126
Transform: AffineTransform_float_3_3
Parameters: 0.99999 0.000214314 0.00431269 -0.000149719 0.999889 -0.0148844 -0.00431492 0.0148836 0.99988 0.0384737 0.0925988 -0.484936
FixedParameters: 0 0 0

#Transform 127
Transform: AffineTransform_float_3_3
Parameters: 0.99999 0.000715059 0.00436049 -0.000646138 0.999872 -0.015972 -0.00437184 0.015969 0.999863 0.0599582 0.0853883 -0.532241
FixedParameters: 0 0 0

#Transform 128
Transform: AffineTransform_float_3_3
Parameters: 0.99999 0.000790557 0.00443253 -0.000722449 0.99988 -0.0154715 -0.00444502 0.0154685 0.99987 0.0312471 0.0706183 -0.574816
FixedParameters: 0 0 0

#Transform 129
Transform: AffineTransform_float_3_3
Parameters: 0.999989 3.5811e-05 0.0045748 4.66402e-05 0.999839 -0.0179222 -0.00457476 0.0179218 0.999829 0.0430894 0.0791759 -0.611198
FixedParameters: 0 0 0

#Transform 130
Transform: AffineTransform_float_3_3
Parameters: 0.99999 -0.000139844 0.00462744 0.000224159 0.999834 -0.0181934 -0.00462425 0.0181946 0.999823 0.0429334 0.0749393 -0.576618
FixedParameters: 0 0 0

#Transform 131
Transform: AffineTransform_float_3_3
Parameters: 0.999992 -3.52201e-05 0.00394273 0.000105161 0.999842 -0.0177777 -0.00394192 0.0177784 0.999835 0.0691567 0.0685632 -0.550166
FixedParameters: 0 0 0

#Transform 132
Transform: AffineTransform_float_3_3
Parameters: 0.999987 0.000251018 0.00505741 -0.000159434 0.999835 -0.0181471 -0.00506163 0.0181459 0.999823 0.0583317 0.0791056 -0.575724
FixedParameters: 0 0 0

#Transform 133
Transform: AffineTransform_float_3_3
Parameters: 0.999988 0.000470741 0.00485473 -0.000380607 0.999831 -0.0184138 -0.00486205 0.0184112 0.999818 0.0654394 0.111924 -0.551897
FixedParameters: 0 0 0

#Transform 134
Transform: AffineTransform_float_3_3
Parameters: 0.999986 0.000598084 0.00528995 -0.000503135 0.999838 -0.0179964 -0.0052996 0.0179936 0.999824 0.0360847 0.0807044 -0.579807
FixedParameters: 0 0 0

#Transform 135
Transform: AffineTransform_float_3_3
Parameters: 0.999988 -0.00013057 0.00475453 0.000216972 0.999835 -0.0181213 -0.00475089 0.0181217 0.999824 0.0594104 0.0564334 -0.573831
FixedParameters: 0 0 0

#Transform 136
Transform: AffineTransform_float_3_3
Parameters: 0.999988 -0.000460822 0.00490351 0.000553724 0.999824 -0.0187508 -0.00489372 0.0187532 0.999812 0.0605597 0.0541154 -0.586895
FixedParameters: 0 0 0

#Transform 137
Transform: AffineTransform_float_3_3
Parameters: 0.999989 -0.000398635 0.00481094 0.000489743 0.999817 -0.019114 -0.00480242 0.019117 0.999806 0.067513 0.0944541 -0.542878
FixedParameters: 0 0 0

#Transform 138
Transform: AffineTransform_float_3_3
Parameters: 0.999986 -8.55152e-05 0.00529214 0.000188814 0.999808 -0.0196124 -0.00528923 0.0196126 0.999794 0.0683992 0.0807142 -0.603527
FixedParameters: 0 0 0

#Transform 139
Transform: AffineTransform_float_3_3
Parameters: 0.999988 2.9893e-05 0.00493818 6.48978e-05 0.999816 -0.0191697 -0.00493757 0.0191693 0.999804 0.054519 0.0711342 -0.564058
FixedParameters: 0 0 0

#Transform 140
Transform: AffineTransform_float_3_3
Parameters: 0.999987 0.000335894 0.00522707 -0.000239756 0.99983 -0.0184313 -0.0052325 0.0184307 0.999816 0.0635738 0.075401 -0.605723
FixedParameters: 0 0 0

#Transform 141
Transform: AffineTransform_float_3_3
Parameters: 0.999985 0.000152723 0.00537956 -5.77618e-05 0.999842 -0.0177431 -0.00538166 0.0177429 0.999828 0.0590769 0.0630435 -0.617929
FixedParameters: 0 0 0

#Transform 142
Transform: AffineTransform_float_3_3
Parameters: 0.999987 -3.61882e-05 0.00521834 0.000132733 0.999827 -0.0185978 -0.00521725 0.0185982 0.999813 0.0605116 0.0537145 -0.650803
FixedParameters: 0 0 0

#Transform 143
Transform: AffineTransform_float_3_3
Parameters: 0.999985 -0.00015914 0.00537539 0.000264408 0.999808 -0.0195659 -0.00537141 0.019567 0.999794 0.0773885 0.0692025 -0.617627
FixedParameters: 0 0 0

#Transform 144
Transform: AffineTransform_float_3_3
Parameters: 0.999985 -0.000151966 0.00545495 0.000257288 0.999812 -0.0193696 -0.00545093 0.0193714 0.999797 0.0770027 0.0604392 -0.646326
FixedParameters: 0 0 0

#Transform 145
Transform: AffineTransform_float_3_3
Parameters: 0.999986 0.000219439 0.00528796 -0.000119295 0.99982 -0.0190098 -0.00529173 0.0190082 0.999806 0.0692775 0.0643324 -0.622026
FixedParameters: 0 0 0

#Transform 146
Transform: AffineTransform_float_3_3
Parameters: 0.999986 0.000218777 0.00528798 -0.000119588 0.999822 -0.0188839 -0.00529078 0.0188831 0.999807 0.091353 0.0542754 -0.655029
FixedParameters: 0 0 0

#Transform 147
Transform: AffineTransform_float_3_3
Parameters: 0.999987 -0.000412037 0.00504036 0.00050631 0.999826 -0.0186875 -0.00503219 0.0186895 0.999813 0.0784129 0.0574502 -0.668065
FixedParameters: 0 0 0

#Transform 148
Transform: AffineTransform_float_3_3
Parameters: 0.999985 -6.55966e-06 0.00552045 0.000109035 0.999828 -0.0185694 -0.00551932 0.0185696 0.999812 0.0981906 0.0767886 -0.688474
FixedParameters: 0 0 0

#Transform 149
Transform: AffineTransform_float_3_3
Parameters: 0.999984 -9.66397e-05 0.0055456 0.000200331 0.999826 -0.0186677 -0.00554291 0.0186683 0.999811 0.083464 0.102702 -0.652747
FixedParameters: 0 0 0

#Transform 150
Transform: AffineTransform_float_3_3
Parameters: 0.999985 -0.000336547 0.00556564 0.000443339 0.999815 -0.0192288 -0.00555732 0.0192312 0.999799 0.109017 0.0865207 -0.667006
FixedParameters: 0 0 0

#Transform 151
Transform: AffineTransform_float_3_3
Parameters: 0.999981 -8.47083e-05 0.00604384 0.00019865 0.99982 -0.0189748 -0.00604162 0.0189762 0.999801 0.080015 0.0790627 -0.707417
FixedParameters: 0 0 0

#Transform 152
Transform: AffineTransform_float_3_3
Parameters: 0.999984 0.000327264 0.00568973 -0.000219444 0.999821 -0.0189066 -0.00569466 0.0189044 0.999805 0.0875954 0.0753334 -0.696885
FixedParameters: 0 0 0

#Transform 153
Transform: AffineTransform_float_3_3
Parameters: 0.999984 -0.000336883 0.00576125 0.000449491 0.999812 -0.0193871 -0.00575335 0.0193898 0.999795 0.0743622 0.0663699 -0.711478
FixedParameters: 0 0 0

#Transform 154
Transform: AffineTransform_float_3_3
Parameters: 0.999985 -0.000230255 0.00550441 0.00033967 0.999803 -0.0198435 -0.00549899 0.0198455 0.999787 0.094525 0.076102 -0.678191
FixedParameters: 0 0 0

#Transform 155
Transform: AffineTransform_float_3_3
Parameters: 0.99998 0.0004199 0.00634242 -0.000291793 0.999798 -0.0201199 -0.00634943 0.0201171 0.999777 0.0713542 0.112862 -0.739222
FixedParameters: 0 0 0

#Transform 156
Transform: AffineTransform_float_3_3
Parameters: 0.999979 0.000357447 0.00637026 -0.000229458 0.999799 -0.0200555 -0.00637565 0.0200535 0.999779 0.0597049 0.120381 -0.688274
FixedParameters: 0 0 0

#Transform 157
Transform: AffineTransform_float_3_3
Parameters: 0.999982 0.000150307 0.00599875 -2.60957e-05 0.999789 -0.020593 -0.00600018 0.020593 0.99977 0.0803283 0.110527 -0.723736
FixedParameters: 0 0 0

#Transform 158
Transform: AffineTransform_float_3_3
Parameters: 0.999983 -0.000336786 0.00570986 0.000451745 0.999796 -0.0201922 -0.00570247 0.0201948 0.99978 0.0664466 0.0896396 -0.704003
FixedParameters: 0 0 0

#Transform 159
Transform: AffineTransform_float_3_3
Parameters: 0.999984 -0.000326309 0.00575195 0.000443194 0.999791 -0.0204544 -0.00574358 0.0204556 0.999774 0.0700307 0.0802773 -0.790687
FixedParameters: 0 0 0

#Transform 160
Transform: AffineTransform_float_3_3
Parameters: 0.999984 0.000102181 0.00574743 1.63737e-05 0.999788 -0.0206015 -0.00574895 0.0206005 0.999771 0.058737 0.0741127 -0.720439
FixedParameters: 0 0 0

#Transform 161
Transform: AffineTransform_float_3_3
Parameters: 0.999981 0.000437669 0.00622833 -0.000305673 0.999777 -0.0211251 -0.00623608 0.0211229 0.999757 0.0675872 0.0751381 -0.786805
FixedParameters: 0 0 0

#Transform 162
Transform: AffineTransform_float_3_3
Parameters: 0.999982 -0.000229975 0.0058862 0.000364116 0.999742 -0.0227122 -0.00587921 0.0227138 0.999725 0.0685251 0.0742197 -0.821348
FixedParameters: 0 0 0

#Transform 163
Transform: AffineTransform_float_3_3
Parameters: 0.99998 -0.000304728 0.00620588 0.000437972 0.999769 -0.0215031 -0.00619732 0.0215059 0.99975 0.0866959 0.0603651 -0.795974
FixedParameters: 0 0 0

#Transform 164
Transform: AffineTransform_float_3_3
Parameters: 0.999984 1.07495e-05 0.0056758 0.00011167 0.999768 -0.0215519 -0.00567497 0.0215521 0.999752 0.0897551 0.0398015 -0.812047
FixedParameters: 0 0 0

#Transform 165
Transform: AffineTransform_float_3_3
Parameters: 0.999983 0.000204623 0.00583371 -7.96792e-05 0.999772 -0.0213617 -0.00583588 0.0213603 0.999755 0.0818907 0.0440081 -0.787248
FixedParameters: 0 0 0

#Transform 166
Transform: AffineTransform_float_3_3
Parameters: 0.999983 -0.000133031 0.00574827 0.000257267 0.999768 -0.0215781 -0.00574487 0.0215799 0.999751 0.100027 0.0406716 -0.804531
FixedParameters: 0 0 0

#Transform 167
Transform: AffineTransform_float_3_3
Parameters: 0.999983 0.000334009 0.00591747 -0.000208873 0.999777 -0.0211132 -0.00592372 0.0211117 0.999759 0.0778604 0.0425408 -0.818854
FixedParameters: 0 0 0

#Transform 168
Transform: AffineTransform_float_3_3
Parameters: 0.999982 0.000219174 0.00597102 -8.87146e-05 0.99976 -0.0218904 -0.00597428 0.0218896 0.999742 0.0910865 0.0626107 -0.803308
FixedParameters: 0 0 0

#Transform 169
Transform: AffineTransform_float_3_3
Parameters: 0.99998 0.000538143 0.00631295 -0.000400656 0.999762 -0.0217834 -0.00632271 0.0217806 0.999742 0.0751992 0.0623484 -0.858173
FixedParameters: 0 0 0

#Transform 170
Transform: AffineTransform_float_3_3
Parameters: 0.999984 -6.02886e-05 0.00575922 0.00018669 0.999759 -0.0219295 -0.00575674 0.0219305 0.999742 0.100046 0.0544074 -0.837819
FixedParameters: 0 0 0

#Transform 171
Transform: AffineTransform_float_3_3
Parameters: 0.99998 -0.00014546 0.00621271 0.0002856 0.999747 -0.022473 -0.0062081 0.0224739 0.999728 0.0886143 0.0862225 -0.836583
FixedParameters: 0 0 0

#Transform 172
Transform: AffineTransform_float_3_3
Parameters: 0.999984 -0.000566116 0.00551462 0.000687432 0.999758 -0.0219947 -0.00550086 0.0219983 0.999743 0.100738 0.0771255 -0.821353
FixedParameters: 0 0 0

#Transform 173
Transform: AffineTransform_float_3_3
Parameters: 0.999983 -0.000230614 0.0058365 0.000359615 0.999755 -0.0221145 -0.00583059 0.0221155 0.999738 0.0992889 0.0588609 -0.879832
FixedParameters: 0 0 0

#Transform 174
Transform: AffineTransform_float_3_3
Parameters: 0.999983 -0.000274638 0.00585712 0.000406313 0.99975 -0.0223794 -0.00584955 0.0223816 0.999732 0.0963624 0.09891 -0.819365
FixedParameters: 0 0 0

#Transform 175
Transform: AffineTransform_float_3_3
Parameters: 0.99998 6.22171e-05 0.00634627 8.04572e-05 0.999746 -0.0225356 -0.00634583 0.0225354 0.999726 0.0935496 0.0786148 -0.875209
FixedParameters: 0 0 0

#Transform 176
Transform: AffineTransform_float_3_3
Parameters: 0.99998 -4.06501e-05 0.00621276 0.000183078 0.999737 -0.0229183 -0.00621023 0.0229187 0.999718 0.0979326 0.0715812 -0.841885
FixedParameters: 0 0 0

#Transform 177
Transform: AffineTransform_float_3_3
Parameters: 0.999979 -6.97196e-05 0.00637981 0.000219094 0.999727 -0.0233888 -0.00637607 0.0233903 0.999706 0.101636 0.0889395 -0.848203
FixedParameters: 0 0 0

#Transform 178
Transform: AffineTransform_float_3_3
Parameters: 0.999982 -0.000202045 0.0060086 0.000338809 0.999742 -0.0227283 -0.00600255 0.0227297 0.999724 0.0864501 0.0723357 -0.840355
FixedParameters: 0 0 0

#Transform 179
Transform: AffineTransform_float_3_3
Parameters: 0.999978 8.32391e-05 0.00654644 7.04351e-05 0.999728 -0.0233377 -0.00654634 0.0233373 0.999706 0.0919244 0.0699415 -0.884514
FixedParameters: 0 0 0
