#Insight Transform File V1.0
#Transform 0
Transform: AffineTransform_float_3_3
Parameters: 0.999998 -0.000220717 -0.00156853 0.000220107 1 -0.000194833 0.00156861 0.000194166 0.999999 0.023623 0.0965769 0.365246
FixedParameters: 0 0 0

#Transform 1
Transform: AffineTransform_float_3_3
Parameters: 1 0.000389265 -0.000132183 -0.000389383 1 0.00103205 0.000132066 -0.00103195 1 -0.0337748 -0.00925082 -0.00388253
FixedParameters: 0 0 0

#Transform 2
Transform: AffineTransform_float_3_3
Parameters: 0.999999 0.000740157 0.000206903 -0.000741 0.999999 0.00109485 -0.000206201 -0.00109515 1 -0.056239 0.0131285 -0.042386
FixedParameters: 0 0 0

#Transform 3
Transform: AffineTransform_float_3_3
Parameters: 1 0.000626048 -0.000142324 -0.000626166 1 0.00095973 0.000142606 -0.000960271 0.999999 -0.0333771 0.0208451 -0.0448295
FixedParameters: 0 0 0

#Transform 4
Transform: AffineTransform_float_3_3
Parameters: 1 0.000461644 -2.2828e-05 -0.000461605 0.999999 0.00084301 2.36062e-05 -0.000842989 0.999999 -0.0291993 0.0141275 -0.049859
FixedParameters: 0 0 0

#Transform 5
Transform: AffineTransform_float_3_3
Parameters: 1 0.000575784 9.27797e-05 -0.000576318 0.999999 0.000771946 -9.28108e-05 -0.000772053 0.999999 -0.0400174 0.0159982 -0.0226018
FixedParameters: 0 0 0

#Transform 6
Transform: AffineTransform_float_3_3
Parameters: 0.999999 0.000677266 -0.000357358 -0.00067702 1 0.000889883 0.000357643 -0.000890118 0.999999 -0.0568368 0.013287 -0.0337933
FixedParameters: 0 0 0

#Transform 7
Transform: AffineTransform_float_3_3
Parameters: 1 0.000363866 -0.000574327 -0.000362832 1 0.000898849 0.00057498 -0.000899151 0.999999 -0.0285798 0.0114385 -0.0679703
FixedParameters: 0 0 0

#Transform 8
Transform: AffineTransform_float_3_3
Parameters: 1 0.00049491 -0.0002161 -0.000494545 0.999999 0.000844106 0.000216935 -0.000843892 0.999999 -0.0301055 0.0181154 -0.0447016
FixedParameters: 0 0 0

#Transform 9
Transform: AffineTransform_float_3_3
Parameters: 1 0.000610722 5.74434e-05 -0.000610828 1 0.000935605 -5.63e-05 -0.000936394 0.999999 -0.0613697 0.00978102 -0.0358038
FixedParameters: 0 0 0

#Transform 10
Transform: AffineTransform_float_3_3
Parameters: 1 0.000515615 -0.000167181 -0.000515649 1 0.00106709 0.000167361 -0.00106691 1 -0.0337502 0.0117023 -0.0359327
FixedParameters: 0 0 0

#Transform 11
Transform: AffineTransform_float_3_3
Parameters: 1 0.000395073 3.7931e-05 -0.000395526 0.999999 0.000811985 -3.82095e-05 -0.000812015 0.999999 -0.0340409 0.0164013 -0.0426691
FixedParameters: 0 0 0

#Transform 12
Transform: AffineTransform_float_3_3
Parameters: 1 0.000540932 -0.000107407 -0.000540736 1 0.000908699 0.00010839 -0.000909301 0.999999 -0.0340572 0.0219244 -0.0434074
FixedParameters: 0 0 0

#Transform 13
Transform: AffineTransform_float_3_3
Parameters: 1 0.000162306 0.000654398 -0.000163921 0.999998 0.00193689 -0.000654157 -0.00193711 0.999998 -0.032231 0.00947833 -0.00771551
FixedParameters: 0 0 0

#Transform 14
Transform: AffineTransform_float_3_3
Parameters: 1 0.00034877 0.000167319 -0.000348232 1 0.00114594 -0.000166911 -0.00114606 1 -0.0391722 0.00480824 -0.0379049
FixedParameters: 0 0 0

#Transform 15
Transform: AffineTransform_float_3_3
Parameters: 1 0.000143371 0.000269425 -0.0001439 1 0.000982962 -0.000269143 -0.00098304 1 -0.0495849 0.0137381 -0.0362588
FixedParameters: 0 0 0

#Transform 16
Transform: AffineTransform_float_3_3
Parameters: 1 0.000239358 0.000239651 -0.000239829 1 0.000982944 -0.00023918 -0.000983058 1 -0.0518866 0.019137 -0.0383998
FixedParameters: 0 0 0

#Transform 17
Transform: AffineTransform_float_3_3
Parameters: 1 0.000118354 4.87165e-05 -0.000118449 0.999999 0.000982993 -4.84837e-05 -0.000983005 0.999999 -0.0498721 0.00562491 -0.0444278
FixedParameters: 0 0 0

#Transform 18
Transform: AffineTransform_float_3_3
Parameters: 1 0.000475427 -2.09952e-05 -0.000474857 1 0.00098265 2.06181e-05 -0.00098335 0.999999 -0.0418812 0.0278814 -0.0437872
FixedParameters: 0 0 0

#Transform 19
Transform: AffineTransform_float_3_3
Parameters: 1 0.000436294 -0.000175008 -0.000436012 0.999999 0.000805076 0.00017571 -0.000804923 0.999999 -0.0267283 0.0222746 -0.0600529
FixedParameters: 0 0 0

#Transform 20
Transform: AffineTransform_float_3_3
Parameters: 1 0.000360376 -0.000352059 -0.000359658 0.999998 0.00157413 0.000352272 -0.00157387 0.999998 -0.0256283 0.0260817 -0.136538
FixedParameters: 0 0 0

#Transform 21
Transform: AffineTransform_float_3_3
Parameters: 0.999999 0.000337556 0.000774713 -0.000339348 0.999997 0.00234574 -0.000773906 -0.00234626 0.999997 -0.0373443 0.0347695 -0.058167
FixedParameters: 0 0 0

#Transform 22
Transform: AffineTransform_float_3_3
Parameters: 1 0.000133318 0.000197733 -0.000134229 0.999998 0.00230698 -0.000197115 -0.00230703 0.999998 -0.0277336 0.0119067 -0.0469831
FixedParameters: 0 0 0

#Transform 23
Transform: AffineTransform_float_3_3
Parameters: 1 0.000516946 0.000221114 -0.000517538 0.999999 0.00134289 -0.000219724 -0.00134311 0.999999 -0.0586169 0.0207511 -0.0467822
FixedParameters: 0 0 0

#Transform 24
Transform: AffineTransform_float_3_3
Parameters: 1 -0.00010951 0.000672834 0.000109184 1 0.00121707 -0.00067257 -0.00121693 0.999999 -0.0428233 -0.000737768 -0.00647237
FixedParameters: 0 0 0

#Transform 25
Transform: AffineTransform_float_3_3
Parameters: 1 -5.54805e-05 0.000543629 5.56968e-05 1 0.00100718 -0.000543211 -0.00100782 1 -0.0660439 0.000913552 -0.00754982
FixedParameters: 0 0 0

#Transform 26
Transform: AffineTransform_float_3_3
Parameters: 1 0.000265205 0.000262403 -0.000265823 1 0.00117893 -0.000261777 -0.00117907 1 -0.0647246 0.00157879 -0.0291547
FixedParameters: 0 0 0

#Transform 27
Transform: AffineTransform_float_3_3
Parameters: 1 -0.000145465 0.000253886 0.000145171 1 0.000579037 -0.000254054 -0.000578963 1 -0.0480364 0.00167618 -0.0266167
FixedParameters: 0 0 0

#Transform 28
Transform: AffineTransform_float_3_3
Parameters: 0.999999 2.99476e-06 0.000906304 -4.64264e-06 0.999998 0.00163336 -0.000905762 -0.00163264 0.999998 -0.0378406 0.0174195 -0.0266264
FixedParameters: 0 0 0

#Transform 29
Transform: AffineTransform_float_3_3
Parameters: 1 -8.86351e-05 0.0011514 8.62386e-05 0.999999 0.00144046 -0.00115204 -0.00143954 0.999998 -0.0660716 0.0071677 0.0315186
FixedParameters: 0 0 0

#Transform 30
Transform: AffineTransform_float_3_3
Parameters: 1 -0.000438334 0.000496053 0.000437642 1 0.00109122 -0.000496088 -0.00109078 1 -0.00611814 0.0150438 -0.0514763
FixedParameters: 0 0 0

#Transform 31
Transform: AffineTransform_float_3_3
Parameters: 1 -0.000182729 0.00105755 0.000180708 0.999998 0.0015757 -0.0010576 -0.0015753 0.999999 -0.0347909 0.0289339 0.0204126
FixedParameters: 0 0 0

#Transform 32
Transform: AffineTransform_float_3_3
Parameters: 1 -0.000912666 0.000524835 0.000911946 0.999999 0.00143012 -0.000525603 -0.00142988 0.999999 -0.0152179 -0.0120501 0.00543511
FixedParameters: 0 0 0

#Transform 33
Transform: AffineTransform_float_3_3
Parameters: 0.999999 -0.000588191 0.00070153 0.000587672 0.999999 0.00130357 -0.000702533 -0.00130343 0.999999 -0.0148484 0.00441933 -0.00141771
FixedParameters: 0 0 0

#Transform 34
Transform: AffineTransform_float_3_3
Parameters: 1 -0.000642063 0.000773724 0.000641315 1 0.000736137 -0.000773748 -0.000735863 0.999999 -0.020041 0.011698 -0.00695438
FixedParameters: 0 0 0

#Transform 35
Transform: AffineTransform_float_3_3
Parameters: 0.999999 -0.000446381 0.00135804 0.000444236 0.999999 0.00141712 -0.00135785 -0.00141588 0.999998 -0.0243876 0.010623 0.0315155
FixedParameters: 0 0 0

#Transform 36
Transform: AffineTransform_float_3_3
Parameters: 0.999999 -0.000390267 0.00133426 0.000388576 0.999998 0.00147003 -0.00133527 -0.00146897 0.999998 -0.0420667 0.016974 0.0372179
FixedParameters: 0 0 0

#Transform 37
Transform: AffineTransform_float_3_3
Parameters: 0.999999 -0.000629643 0.00143634 0.000628784 1 0.000756057 -0.00143676 -0.000754944 0.999999 -0.0261139 0.0173421 0.00462106
FixedParameters: 0 0 0

#Transform 38
Transform: AffineTransform_float_3_3
Parameters: 0.999999 -0.000883024 0.0015426 0.000881152 0.999998 0.00145667 -0.0015441 -0.00145533 0.999998 -0.013062 0.00974202 0.0389499
FixedParameters: 0 0 0

#Transform 39
Transform: AffineTransform_float_3_3
Parameters: 0.999999 -0.000834351 0.00152277 0.00083278 0.999999 0.000946574 -0.00152382 -0.000945424 0.999999 0.00207817 -0.00734059 0.0384419
FixedParameters: 0 0 0

#Transform 40
Transform: AffineTransform_float_3_3
Parameters: 0.999999 -0.000449886 0.00124823 0.00044864 1 0.000867714 -0.0012494 -0.000867286 0.999999 -0.00164303 -0.00261056 0.0167817
FixedParameters: 0 0 0

#Transform 41
Transform: AffineTransform_float_3_3
Parameters: 0.999999 -0.000162682 0.00125835 0.000161704 1 0.000388716 -0.00125848 -0.000388283 0.999999 -0.0561569 -0.00527278 0.0245604
FixedParameters: 0 0 0

#Transform 42
Transform: AffineTransform_float_3_3
Parameters: 0.999999 -0.000600562 0.00110413 0.000599887 0.999999 0.000305815 -0.0011045 -0.000305184 0.999999 -0.024751 -0.00248398 0.0114695
FixedParameters: 0 0 0

#Transform 43
Transform: AffineTransform_float_3_3
Parameters: 0.999999 -0.000814542 0.00102279 0.000814457 1 0.000682834 -0.00102337 -0.000681167 0.999999 -0.0166063 0.0149406 0.00474374
FixedParameters: 0 0 0

#Transform 44
Transform: AffineTransform_float_3_3
Parameters: 0.999999 -0.000612738 0.00126159 0.00061139 0.999999 0.00105392 -0.00126235 -0.00105307 0.999999 0.00115716 0.0126922 0.00205617
FixedParameters: 0 0 0

#Transform 45
Transform: AffineTransform_float_3_3
Parameters: 1 -0.000654118 0.000963347 0.000653816 1 0.000837631 -0.000963912 -0.00083637 0.999999 0.00472339 -0.00206312 -0.0192979
FixedParameters: 0 0 0

#Transform 46
Transform: AffineTransform_float_3_3
Parameters: 0.999999 -0.000583105 0.000448505 0.000583122 1 -1.87386e-05 -0.000448483 1.92616e-05 1 -0.00750362 0.00771562 -0.00834418
FixedParameters: 0 0 0

#Transform 47
Transform: AffineTransform_float_3_3
Parameters: 0.999999 -0.000816256 0.000546969 0.000815747 1 0.000465087 -0.000547728 -0.000464913 1 0.0144944 0.0106694 -0.0161734
FixedParameters: 0 0 0

#Transform 48
Transform: AffineTransform_float_3_3
Parameters: 1 -0.000635956 0.00102875 0.000635271 1 0.000523294 -0.0010285 -0.000522706 0.999999 -0.0151017 0.0127311 0.0157798
FixedParameters: 0 0 0

#Transform 49
Transform: AffineTransform_float_3_3
Parameters: 1 -0.000823811 0.000833853 0.000823313 1 0.00029848 -0.000834344 -0.00029852 1 -0.000697955 0.0037914 0.0116822
FixedParameters: 0 0 0

#Transform 50
Transform: AffineTransform_float_3_3
Parameters: 1 -0.000635971 0.00102874 0.000636176 1 0.000537448 -0.0010289 -0.000537553 0.999999 -0.0250693 -0.00484874 0.0286037
FixedParameters: 0 0 0

#Transform 51
Transform: AffineTransform_float_3_3
Parameters: 0.999998 -0.00115411 0.00168715 0.00115324 1 0.000531893 -0.00168877 -0.000530106 0.999999 -0.0222231 -0.000230506 0.025046
FixedParameters: 0 0 0

#Transform 52
Transform: AffineTransform_float_3_3
Parameters: 0.999999 -0.000915748 0.00123805 0.000914856 0.999999 0.000890286 -0.00123915 -0.000888713 0.999999 -0.031638 0.00640495 0.0354866
FixedParameters: 0 0 0

#Transform 53
Transform: AffineTransform_float_3_3
Parameters: 0.999999 -0.000393885 0.00152565 0.000392584 1 0.000554752 -0.00152517 -0.000554247 0.999999 -0.0478136 -0.0132199 0.033682
FixedParameters: 0 0 0

#Transform 54
Transform: AffineTransform_float_3_3
Parameters: 1 0.00015341 0.00110307 -0.00015224 1 -0.00112417 -0.00110395 0.00112383 0.999999 -0.0637067 0.0187783 -0.0542388
FixedParameters: 0 0 0

#Transform 55
Transform: AffineTransform_float_3_3
Parameters: 0.999999 -0.000974326 0.00147277 0.000972013 0.999999 0.00136323 -0.00147397 -0.00136177 0.999997 -0.0130739 0.00303422 0.0401077
FixedParameters: 0 0 0

#Transform 56
Transform: AffineTransform_float_3_3
Parameters: 0.999999 -0.000633699 0.00117463 0.000634206 1 0.000342538 -0.00117453 -0.000342463 0.999999 -0.0206209 -0.0032172 0.00267852
FixedParameters: 0 0 0

#Transform 57
Transform: AffineTransform_float_3_3
Parameters: 1 8.16969e-05 0.0010708 -8.19737e-05 0.999999 0.00117107 -0.00107047 -0.00117194 0.999999 -0.0814214 0.0113706 0.036044
FixedParameters: 0 0 0

#Transform 58
Transform: AffineTransform_float_3_3
Parameters: 0.999999 -0.000838014 0.00104451 0.000836699 0.999999 0.000817028 -0.00104496 -0.000815973 1 -0.00677812 0.0149436 -0.0205768
FixedParameters: 0 0 0

#Transform 59
Transform: AffineTransform_float_3_3
Parameters: 0.999998 -0.000972542 0.00132186 0.000971038 0.999999 0.000865437 -0.0013217 -0.000863563 0.999999 0.00157801 0.0117613 0.0160933
FixedParameters: 0 0 0

#Transform 60
Transform: AffineTransform_float_3_3
Parameters: 0.999999 -0.000704818 0.00132578 0.000703847 0.999999 0.000861087 -0.00132647 -0.000859913 0.999999 0.00480176 0.0410736 -0.010359
FixedParameters: 0 0 0

#Transform 61
Transform: AffineTransform_float_3_3
Parameters: 0.999999 -0.00123907 0.00139425 0.00123917 0.999999 0.000436314 -0.0013948 -0.000435686 0.999999 0.0330876 0.00583253 -0.0149641
FixedParameters: 0 0 0

#Transform 62
Transform: AffineTransform_float_3_3
Parameters: 0.999997 -0.00150282 0.0015131 0.0015024 0.999998 0.00070322 -0.00151376 -0.000700781 0.999999 0.0297732 -0.00196504 0.00265454
FixedParameters: 0 0 0

#Transform 63
Transform: AffineTransform_float_3_3
Parameters: 0.999998 -0.0015296 0.00174125 0.00152696 0.999998 0.00135925 -0.00174303 -0.00135675 0.999997 0.0102227 0.0182264 0.0273041
FixedParameters: 0 0 0

#Transform 64
Transform: AffineTransform_float_3_3
Parameters: 0.999997 -0.00147949 0.00157536 0.00147928 0.999999 0.000482124 -0.00157626 -0.000478876 0.999999 0.0242121 0.0130209 0.00231467
FixedParameters: 0 0 0

#Transform 65
Transform: AffineTransform_float_3_3
Parameters: 0.999998 -0.00131786 0.00134755 0.00131723 0.999999 0.00086657 -0.00134838 -0.000864432 0.999999 0.0155705 0.0157576 0.0156262
FixedParameters: 0 0 0

#Transform 66
Transform: AffineTransform_float_3_3
Parameters: 0.999997 -0.00159144 0.00146326 0.00158951 0.999999 0.000926914 -0.00146437 -0.000925086 0.999999 0.00898124 0.0219267 -0.00311812
FixedParameters: 0 0 0

#Transform 67
Transform: AffineTransform_float_3_3
Parameters: 0.999997 -0.00140328 0.00190667 0.00140232 0.999998 0.000594773 -0.0019078 -0.000592226 0.999998 -0.00516733 0.0265108 0.00278482
FixedParameters: 0 0 0

#Transform 68
Transform: AffineTransform_float_3_3
Parameters: 0.999998 -0.00146659 0.00175801 0.00146522 0.999999 0.000877164 -0.00175913 -0.000874837 0.999998 0.00446121 0.0152652 0.0175018
FixedParameters: 0 0 0

#Transform 69
Transform: AffineTransform_float_3_3
Parameters: 0.999997 -0.00150991 0.00165577 0.00150864 0.999999 0.000897086 -0.00165702 -0.000894915 0.999998 -0.00580948 -0.0030797 0.0213049
FixedParameters: 0 0 0

#Transform 70
Transform: AffineTransform_float_3_3
Parameters: 0.999999 -0.000921515 0.0010873 0.000922094 1 0.000157643 -0.00108798 -0.000156357 0.999999 -0.0321835 0.00775442 0.00968328
FixedParameters: 0 0 0

#Transform 71
Transform: AffineTransform_float_3_3
Parameters: 0.999999 -0.00109178 0.0010196 0.00109066 0.999999 0.000742905 -0.0010203 -0.000742093 0.999999 -0.02983 0.00299171 0.018011
FixedParameters: 0 0 0

#Transform 72
Transform: AffineTransform_float_3_3
Parameters: 0.999999 -0.00104829 0.00109615 0.00104775 0.999999 0.000421942 -0.00109611 -0.000421058 0.999999 -0.0308009 0.00233237 0.012249
FixedParameters: 0 0 0

#Transform 73
Transform: AffineTransform_float_3_3
Parameters: 0.999998 -0.00115789 0.00121135 0.00115731 0.999999 0.000238195 -0.0012119 -0.000236804 0.999999 -0.0302638 0.0168455 0.0137568
FixedParameters: 0 0 0

#Transform 74
Transform: AffineTransform_float_3_3
Parameters: 0.999999 -0.00098747 0.00115272 0.000987505 0.999999 0.000553931 -0.00115328 -0.000553068 0.999999 -0.0202804 0.0175046 0.0211435
FixedParameters: 0 0 0

#Transform 75
Transform: AffineTransform_float_3_3
Parameters: 0.999999 -0.00107248 0.00115248 0.00107096 0.999999 0.000828388 -0.00115333 -0.000826611 0.999999 -0.0174717 -0.000356181 0.0349334
FixedParameters: 0 0 0

#Transform 76
Transform: AffineTransform_float_3_3
Parameters: 0.999999 -0.00115268 0.00132686 0.00115138 0.999999 0.000638321 -0.00132741 -0.000636677 0.999998 -0.0173658 -0.00836431 0.0326976
FixedParameters: 0 0 0

#Transform 77
Transform: AffineTransform_float_3_3
Parameters: 0.999999 -0.001543 0.000946368 0.00154259 0.999999 0.000426741 -0.000946762 -0.000425259 0.999999 0.00153208 -0.0171603 0.0202277
FixedParameters: 0 0 0

#Transform 78
Transform: AffineTransform_float_3_3
Parameters: 0.999998 -0.00130709 0.00107234 0.00130665 0.999999 0.000388194 -0.00107243 -0.000386805 0.999999 0.0064335 -0.00412689 0.0160041
FixedParameters: 0 0 0

#Transform 79
Transform: AffineTransform_float_3_3
Parameters: 0.999998 -0.00131114 0.00106296 0.00131003 0.999999 0.000522033 -0.00106432 -0.000519964 0.999999 -0.00148635 0.00857085 0.0174535
FixedParameters: 0 0 0

#Transform 80
Transform: AffineTransform_float_3_3
Parameters: 0.999999 -0.00117868 0.000734974 0.001178 0.999999 0.000729506 -0.000735771 -0.000728493 0.999999 0.00231344 -0.00492738 0.0216629
FixedParameters: 0 0 0

#Transform 81
Transform: AffineTransform_float_3_3
Parameters: 0.999999 -0.00101817 0.00111359 0.00101824 0.999999 0.000556927 -0.0011142 -0.000556073 0.999999 -0.021939 0.00918921 0.0318984
FixedParameters: 0 0 0

#Transform 82
Transform: AffineTransform_float_3_3
Parameters: 0.999999 -0.00103694 0.00106882 0.00103645 0.999999 0.000228901 -0.00106929 -0.000228098 0.999999 -0.0283844 -0.0032829 0.0192466
FixedParameters: 0 0 0

#Transform 83
Transform: AffineTransform_float_3_3
Parameters: 0.999998 -0.0012124 0.0015034 0.00121132 0.999999 0.000490408 -0.00150367 -0.000489592 0.999999 -0.0271764 0.00131018 0.0416252
FixedParameters: 0 0 0

#Transform 84
Transform: AffineTransform_float_3_3
Parameters: 0.999999 -0.000830402 0.00155508 0.000830385 1 6.44377e-06 -0.00155509 -4.55577e-06 0.999999 -0.019322 -0.00206719 0.0190078
FixedParameters: 0 0 0

#Transform 85
Transform: AffineTransform_float_3_3
Parameters: 0.999999 -0.00100684 0.00113858 0.00100755 0.999999 -0.00048406 -0.00113853 0.00048494 0.999999 -0.0271327 0.00767143 -0.00594008
FixedParameters: 0 0 0

#Transform 86
Transform: AffineTransform_float_3_3
Parameters: 0.999999 -0.00100675 0.00113866 0.00100765 1 -0.000567213 -0.00113844 0.000568787 0.999999 -0.015236 0.0139246 -0.0156075
FixedParameters: 0 0 0

#Transform 87
Transform: AffineTransform_float_3_3
Parameters: 0.999998 -0.00095397 0.00126287 0.00095493 0.999999 -0.000534849 -0.00126277 0.000535151 0.999999 -0.0341058 0.0150545 -0.0110674
FixedParameters: 0 0 0

#Transform 88
Transform: AffineTransform_float_3_3
Parameters: 0.999998 -0.00139128 0.00143618 0.00139189 0.999999 -0.000212416 -0.00143558 0.000213584 0.999999 -0.0235032 -0.00902178 0.0115475
FixedParameters: 0 0 0

#Transform 89
Transform: AffineTransform_float_3_3
Parameters: 0.999999 -0.000823383 0.00157092 0.000823728 1 -0.000233401 -0.00157146 0.0002346 0.999999 -0.0383799 0.0149565 0.0148565
FixedParameters: 0 0 0

#Transform 90
Transform: AffineTransform_float_3_3
Parameters: 0.999999 -0.00106806 0.000994299 0.00106902 0.999999 -0.000678145 -0.00099377 0.000678855 0.999999 -0.0325614 -0.00952413 -0.00743114
FixedParameters: 0 0 0

#Transform 91
Transform: AffineTransform_float_3_3
Parameters: 0.999998 -0.000898516 0.00139282 0.000900196 0.999999 -0.000742595 -0.0013924 0.000744405 0.999999 -0.0348544 -0.00219158 -0.00465782
FixedParameters: 0 0 0

#Transform 92
Transform: AffineTransform_float_3_3
Parameters: 0.999999 -0.00102737 0.00109055 0.00102805 0.999999 -0.000312086 -0.00108991 0.000312913 0.999999 -0.0229858 0.00788257 -0.00502122
FixedParameters: 0 0 0

#Transform 93
Transform: AffineTransform_float_3_3
Parameters: 0.999999 -0.000831252 0.00155249 0.000831488 1 -0.000201404 -0.00155307 0.000202597 0.999999 -0.0318472 0.00627223 0.00655528
FixedParameters: 0 0 0

#Transform 94
Transform: AffineTransform_float_3_3
Parameters: 0.999998 -0.00113241 0.00161913 0.00113231 1 2.94191e-05 -0.0016192 -2.85802e-05 0.999998 -0.0233406 -0.00480081 0.0206332
FixedParameters: 0 0 0

#Transform 95
Transform: AffineTransform_float_3_3
Parameters: 0.999998 -0.00112848 0.00169937 0.00112917 0.999999 -0.000200776 -0.00169891 0.000203223 0.999999 -0.0095566 0.011858 0.0043538
FixedParameters: 0 0 0

#Transform 96
Transform: AffineTransform_float_3_3
Parameters: 0.999997 -0.0013152 0.00170654 0.00131568 0.999999 -0.000525811 -0.00170568 0.000528191 0.999999 0.0059781 0.00878216 -0.00278971
FixedParameters: 0 0 0

#Transform 97
Transform: AffineTransform_float_3_3
Parameters: 0.999998 -0.00138402 0.0017566 0.00138481 0.999999 -0.000596624 -0.00175547 0.000599377 0.999998 -0.000659218 -0.00372375 -0.00351458
FixedParameters: 0 0 0

#Transform 98
Transform: AffineTransform_float_3_3
Parameters: 0.999997 -0.00144904 0.00205595 0.00145029 0.999998 -0.000620922 -0.00205468 0.000624078 0.999998 -0.00291058 -0.00187731 0.0114221
FixedParameters: 0 0 0

#Transform 99
Transform: AffineTransform_float_3_3
Parameters: 0.999997 -0.00157141 0.00216271 0.0015725 0.999999 -0.000339862 -0.00216256 0.000343139 0.999998 0.00991641 -0.00601589 0.0161932
FixedParameters: 0 0 0

#Transform 100
Transform: AffineTransform_float_3_3
Parameters: 0.999996 -0.00153055 0.00240787 0.00153141 0.999999 -0.000176422 -0.00240732 0.000179577 0.999997 0.00607764 -0.00774582 0.0324754
FixedParameters: 0 0 0

#Transform 101
Transform: AffineTransform_float_3_3
Parameters: 0.999995 -0.00203487 0.00233608 0.00203661 0.999997 -0.000819715 -0.00233511 0.000824287 0.999997 0.0406268 -0.00923569 0.0161302
FixedParameters: 0 0 0

#Transform 102
Transform: AffineTransform_float_3_3
Parameters: 0.999996 -0.00147613 0.00209754 0.00147772 0.999999 -0.000470164 -0.00209707 0.000472836 0.999998 0.0194547 0.00305015 0.0194891
FixedParameters: 0 0 0

#Transform 103
Transform: AffineTransform_float_3_3
Parameters: 0.999997 -0.00145128 0.00208698 0.00145194 0.999998 -0.000469873 -0.00208614 0.000473128 0.999998 0.0191237 0.004303 0.0215283
FixedParameters: 0 0 0

#Transform 104
Transform: AffineTransform_float_3_3
Parameters: 0.999997 -0.00130378 0.00207101 0.00130442 0.999999 -0.000470202 -0.00207031 0.000472799 0.999998 0.00152795 -0.01003 0.0166865
FixedParameters: 0 0 0

#Transform 105
Transform: AffineTransform_float_3_3
Parameters: 0.999997 -0.00123724 0.00180879 0.00123836 1 -0.000307816 -0.00180802 0.000310184 0.999999 -0.0011438 0.00109525 0.00886814
FixedParameters: 0 0 0

#Transform 106
Transform: AffineTransform_float_3_3
Parameters: 0.999997 -0.00166061 0.00167911 0.00166142 0.999998 -0.000355266 -0.00167885 0.000358735 0.999999 0.0310373 -0.0168042 0.0203851
FixedParameters: 0 0 0

#Transform 107
Transform: AffineTransform_float_3_3
Parameters: 0.999996 -0.00135955 0.00221785 0.00136101 0.999999 -0.000623093 -0.00221668 0.000624908 0.999997 0.0126007 -0.00306543 0.018895
FixedParameters: 0 0 0

#Transform 108
Transform: AffineTransform_float_3_3
Parameters: 0.999997 -0.00141897 0.00192072 0.00141969 0.999999 -0.000287329 -0.00192082 0.000290672 0.999998 -0.00974476 0.0038703 0.0203919
FixedParameters: 0 0 0

#Transform 109
Transform: AffineTransform_float_3_3
Parameters: 0.999998 -0.00119286 0.00153233 0.00119364 0.999999 -0.000253378 -0.00153172 0.000255621 0.999998 0.00800286 0.0092147 0.0101722
FixedParameters: 0 0 0

#Transform 110
Transform: AffineTransform_float_3_3
Parameters: 0.999998 -0.00108883 0.00177922 0.00108876 0.999999 0.000387243 -0.00177953 -0.000384757 0.999998 -0.0338421 0.00326883 0.0357668
FixedParameters: 0 0 0

#Transform 111
Transform: AffineTransform_float_3_3
Parameters: 0.999998 -0.000852353 0.00167969 0.000852628 1 -8.12629e-05 -0.00167955 8.27373e-05 0.999999 -0.0519831 0.00444159 0.0186233
FixedParameters: 0 0 0

#Transform 112
Transform: AffineTransform_float_3_3
Parameters: 0.999998 -0.00117589 0.00157203 0.00117661 1 -0.000355206 -0.00157211 0.000356796 0.999999 -0.0429312 0.00983326 0.00880339
FixedParameters: 0 0 0

#Transform 113
Transform: AffineTransform_float_3_3
Parameters: 0.999998 -0.00114652 0.00164173 0.00114698 0.999999 -0.000136965 -0.00164141 0.000140035 0.999999 -0.0294588 0.0107067 0.0133596
FixedParameters: 0 0 0

#Transform 114
Transform: AffineTransform_float_3_3
Parameters: 0.999998 -0.00101543 0.0013696 0.00101645 0.999999 -0.00133282 -0.00136795 0.00133418 0.999998 -0.0382053 0.009981 -0.0548467
FixedParameters: 0 0 0

#Transform 115
Transform: AffineTransform_float_3_3
Parameters: 0.999999 -0.000664642 0.00135157 0.00066777 0.999998 -0.00212795 -0.00134979 0.00212905 0.999997 -0.0561033 0.0224254 -0.139258
FixedParameters: 0 0 0

#Transform 116
Transform: AffineTransform_float_3_3
Parameters: 0.999999 -0.000761507 0.00100425 0.000765061 0.999996 -0.00262008 -0.0010017 0.00262092 0.999996 -0.0552662 0.0231569 -0.164399
FixedParameters: 0 0 0

#Transform 117
Transform: AffineTransform_float_3_3
Parameters: 0.999998 -0.00133747 0.00107651 0.00133971 0.999996 -0.00262392 -0.00107238 0.00262608 0.999996 -0.0515526 -0.00229294 -0.141371
FixedParameters: 0 0 0

#Transform 118
Transform: AffineTransform_float_3_3
Parameters: 1 -0.000528893 0.00103573 0.000530315 0.999998 -0.0019533 -0.00103472 0.0019537 0.999997 -0.0428598 0.0209817 -0.113555
FixedParameters: 0 0 0

#Transform 119
Transform: AffineTransform_float_3_3
Parameters: 0.999999 -0.000777794 0.000966411 0.000780427 0.999997 -0.00244646 -0.00096497 0.00244655 0.999997 -0.0376194 0.0164292 -0.112414
FixedParameters: 0 0 0

#Transform 120
Transform: AffineTransform_float_3_3
Parameters: 0.999999 -0.00100842 0.000989512 0.00101058 0.999997 -0.00215036 -0.00098754 0.00215164 0.999997 -0.0154608 0.00166047 -0.107325
FixedParameters: 0 0 0

#Transform 121
Transform: AffineTransform_float_3_3
Parameters: 0.999999 -0.000848048 0.00113256 0.000850898 0.999997 -0.00259004 -0.00113014 0.00259196 0.999996 -0.0391815 0.00628407 -0.13544
FixedParameters: 0 0 0

#Transform 122
Transform: AffineTransform_float_3_3
Parameters: 0.999998 -0.00124467 0.0010415 0.00124766 0.999995 -0.00281791 -0.00103869 0.00281909 0.999995 -0.00912897 0.00460027 -0.162814
FixedParameters: 0 0 0

#Transform 123
Transform: AffineTransform_float_3_3
Parameters: 0.999998 -0.00117754 0.00147761 0.00118177 0.999995 -0.00303031 -0.00147388 0.00303169 0.999995 -0.0237611 0.00884402 -0.148812
FixedParameters: 0 0 0

#Transform 124
Transform: AffineTransform_float_3_3
Parameters: 0.999999 -0.00117855 0.00134606 0.00118235 0.999995 -0.00282562 -0.0013432 0.00282738 0.999995 -0.0161441 0.0242899 -0.135634
FixedParameters: 0 0 0

#Transform 125
Transform: AffineTransform_float_3_3
Parameters: 0.999998 -0.00134511 0.00179282 0.00134965 0.999994 -0.00295049 -0.00178883 0.00295251 0.999994 -0.0255156 0.0266032 -0.123045
FixedParameters: 0 0 0

#Transform 126
Transform: AffineTransform_float_3_3
Parameters: 0.999997 -0.00151773 0.00185173 0.00152395 0.999994 -0.0030596 -0.00184677 0.0030624 0.999993 -0.0143143 0.0192344 -0.134192
FixedParameters: 0 0 0

#Transform 127
Transform: AffineTransform_float_3_3
Parameters: 0.999998 -0.00123565 0.00157315 0.00124002 0.999995 -0.00301326 -0.00157004 0.00301574 0.999994 -0.0289013 0.00277765 -0.111756
FixedParameters: 0 0 0

#Transform 128
Transform: AffineTransform_float_3_3
Parameters: 0.999998 -0.000934611 0.00172035 0.000938847 0.999995 -0.00287008 -0.00171801 0.00287192 0.999995 -0.0454037 0.00777238 -0.103374
FixedParameters: 0 0 0

#Transform 129
Transform: AffineTransform_float_3_3
Parameters: 0.999998 -0.0016117 0.00163052 0.00161832 0.999992 -0.00384179 -0.00162429 0.00384422 0.999992 -0.020299 -0.0319596 -0.15385
FixedParameters: 0 0 0

#Transform 130
Transform: AffineTransform_float_3_3
Parameters: 0.999997 -0.000992202 0.00192583 0.000998228 0.999995 -0.00302914 -0.00192284 0.00303086 0.999993 -0.0329786 0.00402525 -0.14435
FixedParameters: 0 0 0

#Transform 131
Transform: AffineTransform_float_3_3
Parameters: 0.999997 -0.00145252 0.00200234 0.00146008 0.999993 -0.0035895 -0.00199768 0.0035925 0.999991 -0.0221161 -0.0139645 -0.163208
FixedParameters: 0 0 0

#Transform 132
Transform: AffineTransform_float_3_3
Parameters: 0.999998 -0.00143406 0.00174442 0.00143919 0.999994 -0.00320055 -0.00173918 0.00320345 0.999994 -0.0212679 0.00481765 -0.12485
FixedParameters: 0 0 0

#Transform 133
Transform: AffineTransform_float_3_3
Parameters: 0.999996 -0.00137225 0.00219044 0.00137961 0.999994 -0.00335689 -0.00218569 0.00336011 0.999992 -0.0209659 0.0133377 -0.127703
FixedParameters: 0 0 0

#Transform 134
Transform: AffineTransform_float_3_3
Parameters: 0.999997 -0.00144805 0.00201255 0.00145595 0.999992 -0.00365699 -0.00200773 0.00366002 0.999992 -0.0112862 -0.00484299 -0.129234
FixedParameters: 0 0 0

#Transform 135
Transform: AffineTransform_float_3_3
Parameters: 0.999997 -0.00143061 0.00187279 0.00143632 0.999994 -0.00288922 -0.00186885 0.00289178 0.999994 -0.0160363 0.00223085 -0.108611
FixedParameters: 0 0 0

#Transform 136
Transform: AffineTransform_float_3_3
Parameters: 0.999997 -0.00140817 0.00210609 0.00141613 0.999992 -0.00350893 -0.00210197 0.00351207 0.999991 -0.00750712 0.000312004 -0.127011
FixedParameters: 0 0 0

#Transform 137
Transform: AffineTransform_float_3_3
Parameters: 0.999997 -0.00127975 0.00240713 0.00128769 0.999994 -0.00317346 -0.00240347 0.00317755 0.999992 -0.00766839 0.0220299 -0.117772
FixedParameters: 0 0 0

#Transform 138
Transform: AffineTransform_float_3_3
Parameters: 0.999996 -0.00179478 0.00241752 0.00180349 0.999992 -0.00348176 -0.00241131 0.00348623 0.999991 0.00896084 0.00950236 -0.139786
FixedParameters: 0 0 0

#Transform 139
Transform: AffineTransform_float_3_3
Parameters: 0.999996 -0.00185752 0.00210958 0.00186506 0.999993 -0.00318534 -0.0021039 0.00318966 0.999993 0.0181533 -0.0103979 -0.124769
FixedParameters: 0 0 0

#Transform 140
Transform: AffineTransform_float_3_3
Parameters: 0.999995 -0.00162602 0.00245737 0.00163401 0.999994 -0.00312011 -0.00245168 0.00312389 0.999992 0.0050328 -0.000116519 -0.101773
FixedParameters: 0 0 0

#Transform 141
Transform: AffineTransform_float_3_3
Parameters: 0.999995 -0.00176958 0.00239847 0.00177708 0.999993 -0.0032575 -0.00239324 0.0032625 0.999992 0.0212562 -0.0128022 -0.118589
FixedParameters: 0 0 0

#Transform 142
Transform: AffineTransform_float_3_3
Parameters: 0.999995 -0.00174776 0.00235542 0.00175501 0.999993 -0.00326399 -0.00235031 0.00326801 0.999992 0.029716 -0.00134019 -0.113213
FixedParameters: 0 0 0

#Transform 143
Transform: AffineTransform_float_3_3
Parameters: 0.999997 -0.0017 0.00189433 0.00170674 0.999992 -0.00368219 -0.0018885 0.00368581 0.999991 0.0122681 0.0114291 -0.150124
FixedParameters: 0 0 0

#Transform 144
Transform: AffineTransform_float_3_3
Parameters: 0.999997 -0.0018413 0.00174022 0.00184735 0.999992 -0.00354621 -0.00173425 0.00354979 0.999992 0.000228554 -0.00733569 -0.145632
FixedParameters: 0 0 0

#Transform 145
Transform: AffineTransform_float_3_3
Parameters: 0.999997 -0.00176114 0.00209274 0.00176805 0.999993 -0.00337493 -0.00208754 0.00337807 0.999992 -0.00156466 -0.0159331 -0.142546
FixedParameters: 0 0 0

#Transform 146
Transform: AffineTransform_float_3_3
Parameters: 0.999996 -0.00148083 0.00249049 0.00148937 0.999993 -0.00337405 -0.00248456 0.00337794 0.999991 -0.0187459 0.00463327 -0.109168
FixedParameters: 0 0 0

#Transform 147
Transform: AffineTransform_float_3_3
Parameters: 0.999995 -0.00207709 0.00237607 0.0020846 0.999992 -0.00337353 -0.00236927 0.00337847 0.999992 0.00786632 -0.00628662 -0.106567
FixedParameters: 0 0 0

#Transform 148
Transform: AffineTransform_float_3_3
Parameters: 0.999995 -0.00200053 0.00245843 0.00200874 0.999992 -0.00332319 -0.00245143 0.00332881 0.999992 0.0139734 0.00694036 -0.113027
FixedParameters: 0 0 0

#Transform 149
Transform: AffineTransform_float_3_3
Parameters: 0.999995 -0.00190549 0.00259099 0.00191418 0.999993 -0.00342353 -0.00258385 0.00342847 0.99999 0.0152144 0.00358871 -0.12305
FixedParameters: 0 0 0

#Transform 150
Transform: AffineTransform_float_3_3
Parameters: 0.999995 -0.00204458 0.0026818 0.00205436 0.999991 -0.00365583 -0.00267459 0.00366117 0.99999 0.0168961 -0.019567 -0.122046
FixedParameters: 0 0 0

#Transform 151
Transform: AffineTransform_float_3_3
Parameters: 0.999993 -0.00227737 0.00317094 0.00228755 0.999992 -0.00329878 -0.00316326 0.00330622 0.99999 0.0323015 -0.0113248 -0.0879118
FixedParameters: 0 0 0

#Transform 152
Transform: AffineTransform_float_3_3
Parameters: 0.999992 -0.00254815 0.00313801 0.00255883 0.999991 -0.00332888 -0.00312969 0.00333712 0.999989 0.0503784 -0.00405069 -0.0931678
FixedParameters: 0 0 0

#Transform 153
Transform: AffineTransform_float_3_3
Parameters: 0.999991 -0.00268492 0.00314882 0.00269747 0.999988 -0.00388727 -0.00313802 0.00389573 0.999987 0.0708274 -0.0164969 -0.130586
FixedParameters: 0 0 0

#Transform 154
Transform: AffineTransform_float_3_3
Parameters: 0.999993 -0.00241538 0.00286605 0.00242645 0.99999 -0.00401375 -0.00285674 0.00402126 0.999988 0.0474513 -0.0111631 -0.136829
FixedParameters: 0 0 0

#Transform 155
Transform: AffineTransform_float_3_3
Parameters: 0.999991 -0.00255744 0.003447 0.00257008 0.99999 -0.00369575 -0.00343779 0.00370425 0.999987 0.0470081 -0.0160586 -0.109303
FixedParameters: 0 0 0

#Transform 156
Transform: AffineTransform_float_3_3
Parameters: 0.999992 -0.00225471 0.0030974 0.00226558 0.99999 -0.00370202 -0.00308857 0.00370898 0.999989 0.0343498 -0.0038952 -0.110258
FixedParameters: 0 0 0

#Transform 157
Transform: AffineTransform_float_3_3
Parameters: 0.99999 -0.00254754 0.00346937 0.00256121 0.999989 -0.00382022 -0.0034596 0.00382879 0.999987 0.0519911 -0.0168268 -0.115225
FixedParameters: 0 0 0

#Transform 158
Transform: AffineTransform_float_3_3
Parameters: 0.999991 -0.00239388 0.00352809 0.00240553 0.999991 -0.0034144 -0.00352052 0.0034236 0.999988 0.0452599 -0.00183521 -0.0833908
FixedParameters: 0 0 0

#Transform 159
Transform: AffineTransform_float_3_3
Parameters: 0.999992 -0.00236066 0.00340609 0.0023733 0.999991 -0.00368332 -0.00339747 0.00369168 0.999987 0.0385518 0.00535741 -0.103433
FixedParameters: 0 0 0

#Transform 160
Transform: AffineTransform_float_3_3
Parameters: 0.999991 -0.00263531 0.00326276 0.00264967 0.999988 -0.00423012 -0.00325106 0.00423888 0.999986 0.0631176 -0.0241696 -0.128209
FixedParameters: 0 0 0

#Transform 161
Transform: AffineTransform_float_3_3
Parameters: 0.999991 -0.00213097 0.00363471 0.00214317 0.999992 -0.00328159 -0.00362766 0.00328942 0.999989 0.0533512 -0.00607097 -0.0901673
FixedParameters: 0 0 0

#Transform 162
Transform: AffineTransform_float_3_3
Parameters: 0.99999 -0.00253151 0.00350442 0.00254663 0.999988 -0.00423454 -0.00349411 0.00424246 0.999985 0.0695213 -0.0266665 -0.117342
FixedParameters: 0 0 0

#Transform 163
Transform: AffineTransform_float_3_3
Parameters: 0.999991 -0.00242549 0.00331656 0.00243836 0.999989 -0.00401532 -0.00330638 0.00402368 0.999986 0.0625032 -0.00141367 -0.100911
FixedParameters: 0 0 0

#Transform 164
Transform: AffineTransform_float_3_3
Parameters: 0.999991 -0.00244465 0.00341357 0.00245691 0.99999 -0.00361986 -0.00340464 0.00362814 0.999988 0.0636196 -0.00455408 -0.0767512
FixedParameters: 0 0 0

#Transform 165
Transform: AffineTransform_float_3_3
Parameters: 0.999991 -0.00263723 0.00326121 0.00264945 0.99999 -0.00364213 -0.00325116 0.00365088 0.999988 0.0574919 -0.0101703 -0.0874841
FixedParameters: 0 0 0

#Transform 166
Transform: AffineTransform_float_3_3
Parameters: 0.999991 -0.00263902 0.00325976 0.00264936 0.999992 -0.00309212 -0.00325116 0.00310088 0.99999 0.0708411 0.00235271 -0.076636
FixedParameters: 0 0 0

#Transform 167
Transform: AffineTransform_float_3_3
Parameters: 0.999991 -0.00263978 0.00325914 0.00264899 0.999993 -0.00285812 -0.00325086 0.00286688 0.99999 0.070889 0.00581236 -0.0572633
FixedParameters: 0 0 0

#Transform 168
Transform: AffineTransform_float_3_3
Parameters: 0.99999 -0.00254205 0.00348474 0.00255434 0.999992 -0.00335971 -0.00347591 0.00336829 0.999988 0.0637503 -0.00686956 -0.0656874
FixedParameters: 0 0 0

#Transform 169
Transform: AffineTransform_float_3_3
Parameters: 0.999991 -0.00263739 0.00326107 0.00264928 0.999989 -0.00359097 -0.0032513 0.00359903 0.999988 0.0708759 -0.00860599 -0.0730277
FixedParameters: 0 0 0

#Transform 170
Transform: AffineTransform_float_3_3
Parameters: 0.999991 -0.002671 0.00347876 0.00268233 0.999991 -0.00328428 -0.00347038 0.00329373 0.999989 0.0548666 -0.0197402 -0.0631406
FixedParameters: 0 0 0

#Transform 171
Transform: AffineTransform_float_3_3
Parameters: 0.999991 -0.00276443 0.0034213 0.00277652 0.999989 -0.00364311 -0.00341085 0.00365289 0.999988 0.0685179 -0.0132949 -0.0804549
FixedParameters: 0 0 0

#Transform 172
Transform: AffineTransform_float_3_3
Parameters: 0.999992 -0.00256372 0.00323789 0.00257495 0.999991 -0.00351342 -0.00322904 0.00352158 0.999988 0.0394039 -0.0180376 -0.0733851
FixedParameters: 0 0 0

#Transform 173
Transform: AffineTransform_float_3_3
Parameters: 0.99999 -0.00258337 0.00365018 0.00259506 0.999991 -0.00330499 -0.00364188 0.00331402 0.999988 0.0504957 -0.0049709 -0.0535293
FixedParameters: 0 0 0

#Transform 174
Transform: AffineTransform_float_3_3
Parameters: 0.99999 -0.0026052 0.00344529 0.0026171 0.999991 -0.0035906 -0.00343628 0.00359941 0.999988 0.0446599 -0.0169984 -0.0665816
FixedParameters: 0 0 0

#Transform 175
Transform: AffineTransform_float_3_3
Parameters: 0.99999 -0.00267221 0.00352401 0.00268313 0.999991 -0.003315 -0.00351507 0.003324 0.999989 0.0546337 0.00110947 -0.0671389
FixedParameters: 0 0 0

#Transform 176
Transform: AffineTransform_float_3_3
Parameters: 0.999991 -0.00268224 0.00324362 0.00269583 0.999989 -0.00393287 -0.0032326 0.00394113 0.999988 0.0806454 -0.00765828 -0.098757
FixedParameters: 0 0 0

#Transform 177
Transform: AffineTransform_float_3_3
Parameters: 0.99999 -0.00260546 0.00364014 0.0026178 0.999991 -0.00358508 -0.00363075 0.00359492 0.999987 0.0652911 -0.000643555 -0.0608999
FixedParameters: 0 0 0

#Transform 178
Transform: AffineTransform_float_3_3
Parameters: 0.999988 -0.00290181 0.00393192 0.00291513 0.99999 -0.00344121 -0.00392124 0.00345279 0.999986 0.0738659 -0.0181702 -0.0508619
FixedParameters: 0 0 0

#Transform 179
Transform: AffineTransform_float_3_3
Parameters: 0.999989 -0.0028551 0.00376933 0.00286814 0.99999 -0.0034315 -0.00375942 0.0034425 0.999987 0.0621265 -0.023933 -0.0441705
FixedParameters: 0 0 0
