#Insight Transform File V1.0
#Transform 0
Transform: AffineTransform_float_3_3
Parameters: 1 0.000240449 -0.000310961 -0.000240586 0.999999 -0.000846925 0.000311474 0.000847074 0.999999 -0.076805 0.180745 0.603709
FixedParameters: 0 0 0

#Transform 1
Transform: AffineTransform_float_3_3
Parameters: 1 0.000232816 -0.000275771 -0.00023261 1 0.000374064 0.000275945 -0.000373936 1 0.00453404 0.0808701 -0.0885207
FixedParameters: 0 0 0

#Transform 2
Transform: AffineTransform_float_3_3
Parameters: 1 0.000450743 -0.000100011 -0.000450718 1 0.000129045 0.000100128 -0.000128955 1 -0.0141839 0.125959 -0.136086
FixedParameters: 0 0 0

#Transform 3
Transform: AffineTransform_float_3_3
Parameters: 1 0.000441497 -9.62917e-05 -0.000441554 1 -0.000292957 9.60329e-05 0.000293042 1 -0.00740824 0.129176 -0.205177
FixedParameters: 0 0 0

#Transform 4
Transform: AffineTransform_float_3_3
Parameters: 1 0.000448882 -9.93209e-05 -0.000448897 1 -7.29553e-05 9.92554e-05 7.30445e-05 1 -0.00836311 0.119413 -0.231386
FixedParameters: 0 0 0

#Transform 5
Transform: AffineTransform_float_3_3
Parameters: 0.999999 0.000641906 -0.000486545 -0.000641974 1 -6.96875e-05 0.000486455 7.03121e-05 1 -0.00355235 0.112394 -0.276783
FixedParameters: 0 0 0

#Transform 6
Transform: AffineTransform_float_3_3
Parameters: 1 0.000564888 -0.000148462 -0.000564858 1 0.000103084 0.000148578 -0.000102916 1 0.000732715 0.119376 -0.243165
FixedParameters: 0 0 0

#Transform 7
Transform: AffineTransform_float_3_3
Parameters: 1 0.000563067 -0.000147605 -0.000562997 1 0.000236931 0.000147872 -0.00023607 1 -0.00713907 0.131965 -0.249036
FixedParameters: 0 0 0

#Transform 8
Transform: AffineTransform_float_3_3
Parameters: 1 0.000620963 -0.000313299 -0.00062114 0.999999 0.000341195 0.000312802 -0.000340806 1 -0.00342869 0.130967 -0.24767
FixedParameters: 0 0 0

#Transform 9
Transform: AffineTransform_float_3_3
Parameters: 1 0.000329956 -0.000336325 -0.000329437 0.999999 0.00077111 0.000336833 -0.000770888 0.999999 0.00612034 0.128086 -0.284523
FixedParameters: 0 0 0

#Transform 10
Transform: AffineTransform_float_3_3
Parameters: 1 0.0004358 -0.000401799 -0.000435191 1 0.000756816 0.000402459 -0.000757185 0.999999 0.000156712 0.119062 -0.321298
FixedParameters: 0 0 0

#Transform 11
Transform: AffineTransform_float_3_3
Parameters: 1 0.000473875 -0.000109269 -0.000472691 0.999999 0.00120105 0.000110015 -0.00120095 1 0.00153613 0.125049 -0.33343
FixedParameters: 0 0 0

#Transform 12
Transform: AffineTransform_float_3_3
Parameters: 0.999999 0.000659837 -0.000257445 -0.000659617 0.999999 0.00118617 0.00025809 -0.00118583 1 -0.000339978 0.11722 -0.310289
FixedParameters: 0 0 0

#Transform 13
Transform: AffineTransform_float_3_3
Parameters: 0.999999 0.000569888 -0.000640098 -0.000567864 0.999998 0.00188536 0.000641322 -0.00188464 0.999998 0.0138753 0.134589 -0.32046
FixedParameters: 0 0 0

#Transform 14
Transform: AffineTransform_float_3_3
Parameters: 0.999999 0.000619997 -0.000659654 -0.000618734 0.999999 0.00125341 0.000660285 -0.00125259 0.999999 0.0131103 0.143915 -0.274127
FixedParameters: 0 0 0

#Transform 15
Transform: AffineTransform_float_3_3
Parameters: 0.999999 0.000447507 -0.000715851 -0.000446931 0.999999 0.00131747 0.0007165 -0.00131753 0.999999 0.0218956 0.14657 -0.245747
FixedParameters: 0 0 0

#Transform 16
Transform: AffineTransform_float_3_3
Parameters: 0.999999 0.000611904 -0.000614789 -0.000610497 0.999998 0.00146138 0.000615654 -0.00146062 0.999998 0.0144115 0.133994 -0.261673
FixedParameters: 0 0 0

#Transform 17
Transform: AffineTransform_float_3_3
Parameters: 1 0.000501574 -0.00106856 -0.000499961 0.999999 0.00155118 0.00106867 -0.00155082 0.999998 0.0328346 0.128015 -0.280157
FixedParameters: 0 0 0

#Transform 18
Transform: AffineTransform_float_3_3
Parameters: 0.999999 0.000632319 -0.000623203 -0.000630584 0.999998 0.00170319 0.000624433 -0.00170381 0.999998 0.0106331 0.131515 -0.254579
FixedParameters: 0 0 0

#Transform 19
Transform: AffineTransform_float_3_3
Parameters: 1 0.000678295 -0.000976953 -0.000676219 0.999999 0.00173266 0.000978769 -0.00173134 0.999998 0.0197761 0.133458 -0.292422
FixedParameters: 0 0 0

#Transform 20
Transform: AffineTransform_float_3_3
Parameters: 0.999998 0.000856606 -0.00140849 -0.000854505 0.999999 0.000885358 0.00140908 -0.000883642 0.999999 0.0330303 0.136604 -0.305831
FixedParameters: 0 0 0

#Transform 21
Transform: AffineTransform_float_3_3
Parameters: 0.999999 0.000732874 -0.00112635 -0.000729428 0.999997 0.00228398 0.00112824 -0.00228302 0.999997 0.0188544 0.136585 -0.263332
FixedParameters: 0 0 0

#Transform 22
Transform: AffineTransform_float_3_3
Parameters: 1 0.000415206 -0.00101967 -0.000412665 0.999997 0.00208057 0.00101994 -0.00208042 0.999997 0.0144002 0.14617 -0.255322
FixedParameters: 0 0 0

#Transform 23
Transform: AffineTransform_float_3_3
Parameters: 0.999999 0.000599732 -0.00112713 -0.000598253 0.999998 0.00181883 0.00112825 -0.00181817 0.999998 0.0179158 0.133454 -0.280616
FixedParameters: 0 0 0

#Transform 24
Transform: AffineTransform_float_3_3
Parameters: 0.999999 0.000599335 -0.00106856 -0.000597586 0.999999 0.00161464 0.00106904 -0.00161336 0.999998 0.0186058 0.135346 -0.303847
FixedParameters: 0 0 0

#Transform 25
Transform: AffineTransform_float_3_3
Parameters: 0.999999 0.0006102 -0.000613873 -0.000608519 0.999999 0.00168601 0.000615007 -0.00168598 0.999998 -0.00964435 0.128054 -0.306453
FixedParameters: 0 0 0

#Transform 26
Transform: AffineTransform_float_3_3
Parameters: 1 0.000324594 -0.00107936 -0.000323013 0.999998 0.0017655 0.00108037 -0.0017655 0.999998 0.00720342 0.126005 -0.307926
FixedParameters: 0 0 0

#Transform 27
Transform: AffineTransform_float_3_3
Parameters: 1 0.000412614 -0.00101996 -0.000410402 0.999998 0.00172657 0.00102085 -0.00172643 0.999998 0.0136911 0.153423 -0.297891
FixedParameters: 0 0 0

#Transform 28
Transform: AffineTransform_float_3_3
Parameters: 0.999999 0.000494086 -0.00114637 -0.000490788 0.999998 0.00200956 0.00114782 -0.00200843 0.999997 0.00655472 0.136906 -0.280947
FixedParameters: 0 0 0

#Transform 29
Transform: AffineTransform_float_3_3
Parameters: 1 0.000344428 -0.000968282 -0.000342194 0.999999 0.00183033 0.000969008 -0.00182967 0.999998 0.00670861 0.143002 -0.266756
FixedParameters: 0 0 0

#Transform 30
Transform: AffineTransform_float_3_3
Parameters: 0.999999 0.000282434 -0.00122856 -0.000279807 0.999998 0.0019765 0.00122953 -0.0019765 0.999997 0.0143505 0.136677 -0.279498
FixedParameters: 0 0 0

#Transform 31
Transform: AffineTransform_float_3_3
Parameters: 0.999999 0.000623252 -0.00118011 -0.000619876 0.999998 0.00215089 0.00118134 -0.00215011 0.999997 0.0175312 0.146782 -0.307823
FixedParameters: 0 0 0

#Transform 32
Transform: AffineTransform_float_3_3
Parameters: 0.999999 0.000615248 -0.00117734 -0.000613153 0.999999 0.00161288 0.00117787 -0.00161213 0.999998 0.0176814 0.15775 -0.283092
FixedParameters: 0 0 0

#Transform 33
Transform: AffineTransform_float_3_3
Parameters: 1 0.000409633 -0.00108988 -0.000407302 0.999997 0.0022716 0.00109067 -0.0022714 0.999997 0.00837942 0.138672 -0.257536
FixedParameters: 0 0 0

#Transform 34
Transform: AffineTransform_float_3_3
Parameters: 0.999999 0.000606558 -0.00117317 -0.000604353 0.999998 0.0020565 0.0011746 -0.0020565 0.999997 0.00151844 0.137168 -0.26917
FixedParameters: 0 0 0

#Transform 35
Transform: AffineTransform_float_3_3
Parameters: 0.999999 0.000707771 -0.00121602 -0.000705651 0.999998 0.00194865 0.00121772 -0.00194835 0.999997 0.0013905 0.137002 -0.2737
FixedParameters: 0 0 0

#Transform 36
Transform: AffineTransform_float_3_3
Parameters: 0.999999 0.000802532 -0.00125519 -0.000799062 0.999996 0.00258116 0.00125734 -0.00257984 0.999996 -0.00449662 0.13802 -0.277217
FixedParameters: 0 0 0

#Transform 37
Transform: AffineTransform_float_3_3
Parameters: 0.999999 0.000615967 -0.00117696 -0.000613352 0.999997 0.00222388 0.00117863 -0.00222312 0.999997 -0.00384873 0.143834 -0.282562
FixedParameters: 0 0 0

#Transform 38
Transform: AffineTransform_float_3_3
Parameters: 0.999999 0.000621596 -0.00117924 -0.000619162 0.999997 0.00230888 0.00118012 -0.00230812 0.999997 -0.00725413 0.129334 -0.282669
FixedParameters: 0 0 0

#Transform 39
Transform: AffineTransform_float_3_3
Parameters: 0.999999 0.000579433 -0.00116125 -0.000576641 0.999997 0.00249846 0.00116216 -0.00249854 0.999996 0.000175714 0.139207 -0.254557
FixedParameters: 0 0 0

#Transform 40
Transform: AffineTransform_float_3_3
Parameters: 0.999999 0.00042459 -0.00123723 -0.000421466 0.999997 0.00232168 0.00123813 -0.00232132 0.999996 0.00667161 0.15652 -0.217505
FixedParameters: 0 0 0

#Transform 41
Transform: AffineTransform_float_3_3
Parameters: 0.999999 0.000155321 -0.000982611 -0.000153104 0.999998 0.00226315 0.00098317 -0.00226285 0.999997 0.00123232 0.151175 -0.197267
FixedParameters: 0 0 0

#Transform 42
Transform: AffineTransform_float_3_3
Parameters: 0.999999 0.00044023 -0.00119727 -0.000437588 0.999998 0.00219768 0.00119814 -0.00219732 0.999997 -0.0100217 0.154597 -0.200604
FixedParameters: 0 0 0

#Transform 43
Transform: AffineTransform_float_3_3
Parameters: 0.999999 0.000496986 -0.00112687 -0.000494845 0.999998 0.00211235 0.00112791 -0.00211265 0.999997 -0.018679 0.150146 -0.216788
FixedParameters: 0 0 0

#Transform 44
Transform: AffineTransform_float_3_3
Parameters: 0.999999 0.000523343 -0.0011375 -0.000520429 0.999997 0.00260475 0.00113824 -0.00260425 0.999996 -0.0149935 0.147891 -0.229776
FixedParameters: 0 0 0

#Transform 45
Transform: AffineTransform_float_3_3
Parameters: 1 0.000485152 -0.00112176 -0.000482745 0.999998 0.00224154 0.00112287 -0.00224046 0.999997 -0.0176108 0.144852 -0.229488
FixedParameters: 0 0 0

#Transform 46
Transform: AffineTransform_float_3_3
Parameters: 0.999999 0.000155036 -0.000982656 -0.000152469 0.999998 0.00197315 0.000982732 -0.00197285 0.999997 -0.00727929 0.14091 -0.238951
FixedParameters: 0 0 0

#Transform 47
Transform: AffineTransform_float_3_3
Parameters: 1 0.00054907 -0.000877472 -0.000546998 0.999998 0.00214927 0.000878378 -0.00214973 0.999997 -0.0108807 0.151442 -0.223102
FixedParameters: 0 0 0

#Transform 48
Transform: AffineTransform_float_3_3
Parameters: 1 0.000460065 -0.00111135 -0.000458124 0.999997 0.00205302 0.00111218 -0.00205198 0.999998 -0.0203202 0.147088 -0.20661
FixedParameters: 0 0 0

#Transform 49
Transform: AffineTransform_float_3_3
Parameters: 1 0.000372871 -0.00113078 -0.00037029 0.999997 0.00230057 0.00113143 -0.00230043 0.999997 -0.0166768 0.160019 -0.204976
FixedParameters: 0 0 0

#Transform 50
Transform: AffineTransform_float_3_3
Parameters: 0.999999 0.00015538 -0.000982601 -0.000153044 0.999998 0.00232415 0.000983179 -0.00232385 0.999997 -0.0205457 0.163805 -0.201378
FixedParameters: 0 0 0

#Transform 51
Transform: AffineTransform_float_3_3
Parameters: 0.999999 0.00015494 -0.000982671 -0.000152564 0.999998 0.00187615 0.000982718 -0.00187585 0.999998 -0.028631 0.141012 -0.206636
FixedParameters: 0 0 0

#Transform 52
Transform: AffineTransform_float_3_3
Parameters: 1 0.000392386 -0.0010824 -0.000389568 0.999997 0.00251278 0.0010833 -0.00251122 0.999996 -0.0198308 0.143546 -0.217747
FixedParameters: 0 0 0

#Transform 53
Transform: AffineTransform_float_3_3
Parameters: 1 0.000450404 -0.00110688 -0.000447534 0.999996 0.00247965 0.00110805 -0.00247935 0.999996 -0.0194371 0.137098 -0.208667
FixedParameters: 0 0 0

#Transform 54
Transform: AffineTransform_float_3_3
Parameters: 0.999999 -1.86006e-05 -0.00139447 2.22879e-05 0.999997 0.00212248 0.00139424 -0.00212251 0.999997 -0.022355 0.138674 -0.224669
FixedParameters: 0 0 0

#Transform 55
Transform: AffineTransform_float_3_3
Parameters: 1 0.000332914 -0.000561549 -0.000331719 0.999998 0.00222934 0.000562501 -0.00222966 0.999998 -0.063568 0.149001 -0.157173
FixedParameters: 0 0 0

#Transform 56
Transform: AffineTransform_float_3_3
Parameters: 0.999999 0.000203945 -0.000717787 -0.000202306 0.999998 0.00205514 0.000718092 -0.00205485 0.999997 -0.0717707 0.143759 -0.159695
FixedParameters: 0 0 0

#Transform 57
Transform: AffineTransform_float_3_3
Parameters: 0.999999 0.000200269 -0.000876594 -0.000198415 0.999997 0.00255353 0.000876552 -0.00255247 0.999997 -0.0654504 0.135265 -0.206753
FixedParameters: 0 0 0

#Transform 58
Transform: AffineTransform_float_3_3
Parameters: 0.999999 0.000517125 -0.000690529 -0.0005158 0.999998 0.00190736 0.000691969 -0.00190664 0.999998 -0.0772451 0.16271 -0.184772
FixedParameters: 0 0 0

#Transform 59
Transform: AffineTransform_float_3_3
Parameters: 1 0.000402034 -0.00106624 -0.0003999 0.999997 0.00204558 0.00106774 -0.00204542 0.999997 -0.0854443 0.153661 -0.177475
FixedParameters: 0 0 0

#Transform 60
Transform: AffineTransform_float_3_3
Parameters: 0.999999 0.000505599 -0.00120962 -0.000502825 0.999997 0.00222976 0.00121081 -0.00222924 0.999997 -0.0873132 0.161415 -0.178551
FixedParameters: 0 0 0

#Transform 61
Transform: AffineTransform_float_3_3
Parameters: 1 0.000904957 -0.000780071 -0.000903175 0.999997 0.0022295 0.000782652 -0.0022295 0.999997 -0.0951106 0.161711 -0.209077
FixedParameters: 0 0 0

#Transform 62
Transform: AffineTransform_float_3_3
Parameters: 0.999998 0.000896102 -0.00132334 -0.000893208 0.999997 0.00223049 0.00132535 -0.00222951 0.999997 -0.0885972 0.158798 -0.19261
FixedParameters: 0 0 0

#Transform 63
Transform: AffineTransform_float_3_3
Parameters: 0.999999 0.000637529 -0.00119263 -0.000634968 0.999998 0.00217191 0.00119433 -0.00217109 0.999997 -0.0734497 0.178044 -0.189631
FixedParameters: 0 0 0

#Transform 64
Transform: AffineTransform_float_3_3
Parameters: 0.999998 0.000405413 -0.00160376 -0.000402085 0.999998 0.0021418 0.00160482 -0.0021412 0.999996 -0.0687787 0.164003 -0.191592
FixedParameters: 0 0 0

#Transform 65
Transform: AffineTransform_float_3_3
Parameters: 0.999999 0.000703136 -0.00140257 -0.000700811 0.999997 0.00223029 0.00140411 -0.00222971 0.999997 -0.0718274 0.155115 -0.18073
FixedParameters: 0 0 0

#Transform 66
Transform: AffineTransform_float_3_3
Parameters: 0.999998 0.00090902 -0.00136832 -0.000905156 0.999995 0.00265455 0.00137024 -0.00265345 0.999996 -0.0670025 0.161415 -0.196607
FixedParameters: 0 0 0

#Transform 67
Transform: AffineTransform_float_3_3
Parameters: 0.999998 0.000914813 -0.00210269 -0.000908922 0.999996 0.00295923 0.00210543 -0.00295678 0.999994 -0.0600063 0.172916 -0.262611
FixedParameters: 0 0 0

#Transform 68
Transform: AffineTransform_float_3_3
Parameters: 0.999997 0.00100932 -0.00188784 -0.0010045 0.999995 0.00276636 0.00189037 -0.00276464 0.999995 -0.0578643 0.170726 -0.263389
FixedParameters: 0 0 0

#Transform 69
Transform: AffineTransform_float_3_3
Parameters: 0.999997 0.00118536 -0.00207409 -0.0011793 0.999995 0.00313555 0.00207793 -0.00313345 0.999993 -0.0566375 0.172111 -0.255333
FixedParameters: 0 0 0

#Transform 70
Transform: AffineTransform_float_3_3
Parameters: 0.999998 0.00102259 -0.00167162 -0.00101718 0.999995 0.00302765 0.00167437 -0.00302635 0.999994 -0.0671518 0.192179 -0.226291
FixedParameters: 0 0 0

#Transform 71
Transform: AffineTransform_float_3_3
Parameters: 0.999997 0.00101734 -0.00186767 -0.00101104 0.999994 0.0031932 0.0018711 -0.0031908 0.999993 -0.0650666 0.179816 -0.211948
FixedParameters: 0 0 0

#Transform 72
Transform: AffineTransform_float_3_3
Parameters: 0.999997 0.000906916 -0.00194706 -0.000901032 0.999994 0.00319307 0.00195018 -0.00319093 0.999993 -0.0763171 0.182579 -0.221426
FixedParameters: 0 0 0

#Transform 73
Transform: AffineTransform_float_3_3
Parameters: 0.999997 0.00130122 -0.00208886 -0.00129556 0.999995 0.00279581 0.00209216 -0.00279319 0.999994 -0.0925759 0.177522 -0.24061
FixedParameters: 0 0 0

#Transform 74
Transform: AffineTransform_float_3_3
Parameters: 0.999996 0.00113641 -0.00258963 -0.00112887 0.999995 0.00305055 0.00259244 -0.00304746 0.999992 -0.0962014 0.156302 -0.240315
FixedParameters: 0 0 0

#Transform 75
Transform: AffineTransform_float_3_3
Parameters: 0.999996 0.00142246 -0.00237242 -0.00141578 0.999995 0.00267762 0.00237606 -0.00267438 0.999994 -0.0948259 0.184715 -0.238048
FixedParameters: 0 0 0

#Transform 76
Transform: AffineTransform_float_3_3
Parameters: 0.999995 0.00146615 -0.00257689 -0.001459 0.999996 0.00248018 0.0025811 -0.00247682 0.999994 -0.101655 0.181794 -0.223247
FixedParameters: 0 0 0

#Transform 77
Transform: AffineTransform_float_3_3
Parameters: 0.999997 0.00131309 -0.00240087 -0.00130647 0.999995 0.0028244 0.00240469 -0.0028216 0.999993 -0.120546 0.173029 -0.217052
FixedParameters: 0 0 0

#Transform 78
Transform: AffineTransform_float_3_3
Parameters: 0.999996 0.00136737 -0.00239417 -0.00136244 0.999996 0.00247988 0.00239736 -0.00247612 0.999995 -0.130011 0.176685 -0.218683
FixedParameters: 0 0 0

#Transform 79
Transform: AffineTransform_float_3_3
Parameters: 0.999996 0.00141901 -0.00221579 -0.00141316 0.999996 0.00267924 0.00221941 -0.00267576 0.999994 -0.131565 0.198752 -0.238634
FixedParameters: 0 0 0

#Transform 80
Transform: AffineTransform_float_3_3
Parameters: 0.999997 0.0014354 -0.00221893 -0.00142989 0.999995 0.00289192 0.00222272 -0.00288908 0.999993 -0.138242 0.185191 -0.204894
FixedParameters: 0 0 0

#Transform 81
Transform: AffineTransform_float_3_3
Parameters: 0.999995 0.00145711 -0.00256989 -0.00145053 0.999996 0.00245299 0.00257305 -0.00244901 0.999994 -0.131008 0.194981 -0.216201
FixedParameters: 0 0 0

#Transform 82
Transform: AffineTransform_float_3_3
Parameters: 0.999996 0.00151753 -0.00242422 -0.00151305 0.999997 0.00189857 0.00242654 -0.00189544 0.999995 -0.166391 0.192344 -0.160991
FixedParameters: 0 0 0

#Transform 83
Transform: AffineTransform_float_3_3
Parameters: 0.999996 0.00173103 -0.0019185 -0.00172764 0.999996 0.00187206 0.00192115 -0.00186894 0.999996 -0.208272 0.196683 -0.152408
FixedParameters: 0 0 0

#Transform 84
Transform: AffineTransform_float_3_3
Parameters: 0.999996 0.00173825 -0.00231842 -0.00173357 0.999997 0.00202577 0.00232202 -0.00202123 0.999995 -0.220586 0.195159 -0.163433
FixedParameters: 0 0 0

#Transform 85
Transform: AffineTransform_float_3_3
Parameters: 0.999995 0.00209193 -0.00234303 -0.00208611 0.999995 0.00233243 0.00234841 -0.00232757 0.999995 -0.236767 0.201593 -0.171703
FixedParameters: 0 0 0

#Transform 86
Transform: AffineTransform_float_3_3
Parameters: 0.999993 0.00222215 -0.00275605 -0.00221651 0.999996 0.00202245 0.00275975 -0.00201656 0.999994 -0.224878 0.215243 -0.202157
FixedParameters: 0 0 0

#Transform 87
Transform: AffineTransform_float_3_3
Parameters: 0.999994 0.00212085 -0.00299767 -0.00211412 0.999995 0.00234819 0.00300311 -0.00234181 0.999993 -0.221358 0.201482 -0.221082
FixedParameters: 0 0 0

#Transform 88
Transform: AffineTransform_float_3_3
Parameters: 0.999993 0.00222976 -0.00304572 -0.00222181 0.999995 0.00236062 0.00305133 -0.00235338 0.999993 -0.221554 0.213833 -0.225132
FixedParameters: 0 0 0

#Transform 89
Transform: AffineTransform_float_3_3
Parameters: 0.999991 0.00258027 -0.00338386 -0.00257128 0.999993 0.00252915 0.00339054 -0.00252085 0.999991 -0.227912 0.229245 -0.230725
FixedParameters: 0 0 0

#Transform 90
Transform: AffineTransform_float_3_3
Parameters: 0.999989 0.0026571 -0.00384709 -0.00264932 0.999995 0.00201994 0.00385237 -0.00201006 0.99999 -0.250125 0.20942 -0.217623
FixedParameters: 0 0 0

#Transform 91
Transform: AffineTransform_float_3_3
Parameters: 0.99999 0.00271897 -0.00373371 -0.00271049 0.999994 0.00240272 0.00373987 -0.00239228 0.99999 -0.256397 0.219409 -0.205868
FixedParameters: 0 0 0

#Transform 92
Transform: AffineTransform_float_3_3
Parameters: 0.999988 0.00275719 -0.00404718 -0.00274719 0.999993 0.00240403 0.00405352 -0.00239297 0.999989 -0.260591 0.218377 -0.227457
FixedParameters: 0 0 0

#Transform 93
Transform: AffineTransform_float_3_3
Parameters: 0.999988 0.00288791 -0.00391166 -0.0028788 0.999993 0.00232402 0.00391908 -0.00231198 0.99999 -0.259155 0.212931 -0.239365
FixedParameters: 0 0 0

#Transform 94
Transform: AffineTransform_float_3_3
Parameters: 0.999989 0.00289405 -0.00371965 -0.00288668 0.999994 0.00190997 0.00372486 -0.00189902 0.999991 -0.270129 0.230741 -0.235493
FixedParameters: 0 0 0

#Transform 95
Transform: AffineTransform_float_3_3
Parameters: 0.999989 0.00294395 -0.00360286 -0.00293656 0.999994 0.00215582 0.00360917 -0.00214518 0.999992 -0.271491 0.238607 -0.211475
FixedParameters: 0 0 0

#Transform 96
Transform: AffineTransform_float_3_3
Parameters: 0.999988 0.00275897 -0.00404072 -0.00275127 0.999994 0.00207503 0.00404618 -0.00206398 0.99999 -0.277449 0.214197 -0.184851
FixedParameters: 0 0 0

#Transform 97
Transform: AffineTransform_float_3_3
Parameters: 0.999988 0.00275853 -0.00404167 -0.00275053 0.999994 0.00206302 0.00404799 -0.00205198 0.99999 -0.299259 0.215909 -0.181753
FixedParameters: 0 0 0

#Transform 98
Transform: AffineTransform_float_3_3
Parameters: 0.999989 0.00303014 -0.00357029 -0.00302282 0.999994 0.00203752 0.00357587 -0.00202648 0.999991 -0.302541 0.240826 -0.189191
FixedParameters: 0 0 0

#Transform 99
Transform: AffineTransform_float_3_3
Parameters: 0.999988 0.00298009 -0.00388306 -0.00297417 0.999995 0.00142494 0.00388716 -0.00141306 0.999991 -0.292521 0.214879 -0.221748
FixedParameters: 0 0 0

#Transform 100
Transform: AffineTransform_float_3_3
Parameters: 0.999988 0.00287324 -0.00377627 -0.00286613 0.999994 0.00184706 0.00378104 -0.00183594 0.99999 -0.316256 0.231234 -0.193862
FixedParameters: 0 0 0

#Transform 101
Transform: AffineTransform_float_3_3
Parameters: 0.999988 0.00275841 -0.00405937 -0.00275012 0.999994 0.00197707 0.00406482 -0.00196593 0.999989 -0.303346 0.234898 -0.203895
FixedParameters: 0 0 0

#Transform 102
Transform: AffineTransform_float_3_3
Parameters: 0.999987 0.0027861 -0.00412552 -0.00277856 0.999995 0.00169637 0.00413004 -0.00168463 0.99999 -0.309268 0.229989 -0.195017
FixedParameters: 0 0 0

#Transform 103
Transform: AffineTransform_float_3_3
Parameters: 0.999985 0.00309718 -0.00455291 -0.00308811 0.999994 0.00199407 0.00455926 -0.00197993 0.999988 -0.335221 0.230971 -0.195567
FixedParameters: 0 0 0

#Transform 104
Transform: AffineTransform_float_3_3
Parameters: 0.999984 0.003108 -0.00458735 -0.00310116 0.999994 0.00145123 0.00459143 -0.00143677 0.999989 -0.351599 0.222749 -0.194571
FixedParameters: 0 0 0

#Transform 105
Transform: AffineTransform_float_3_3
Parameters: 0.999981 0.00345195 -0.00513229 -0.00344484 0.999994 0.00145443 0.00513685 -0.00143658 0.999986 -0.355874 0.20889 -0.194317
FixedParameters: 0 0 0

#Transform 106
Transform: AffineTransform_float_3_3
Parameters: 0.999981 0.00346802 -0.00498525 -0.00346281 0.999994 0.00100385 0.00498872 -0.000986153 0.999987 -0.387533 0.222221 -0.175079
FixedParameters: 0 0 0

#Transform 107
Transform: AffineTransform_float_3_3
Parameters: 0.999981 0.00357199 -0.00501835 -0.00356509 0.999993 0.00120527 0.00502254 -0.00118773 0.999987 -0.358773 0.228696 -0.221885
FixedParameters: 0 0 0

#Transform 108
Transform: AffineTransform_float_3_3
Parameters: 0.999978 0.00395287 -0.00520555 -0.00394342 0.999991 0.00173436 0.00521191 -0.00171364 0.999985 -0.366213 0.220363 -0.240092
FixedParameters: 0 0 0

#Transform 109
Transform: AffineTransform_float_3_3
Parameters: 0.999976 0.00402591 -0.005742 -0.00401355 0.999989 0.0022835 0.0057509 -0.0022605 0.99998 -0.355703 0.260464 -0.277397
FixedParameters: 0 0 0

#Transform 110
Transform: AffineTransform_float_3_3
Parameters: 0.999974 0.00413409 -0.00588558 -0.00412001 0.999989 0.00240751 0.00589506 -0.0023835 0.99998 -0.357523 0.235117 -0.264955
FixedParameters: 0 0 0

#Transform 111
Transform: AffineTransform_float_3_3
Parameters: 0.99997 0.00411335 -0.00646299 -0.00409931 0.999989 0.00223324 0.00647224 -0.00220676 0.999977 -0.359884 0.239057 -0.296976
FixedParameters: 0 0 0

#Transform 112
Transform: AffineTransform_float_3_3
Parameters: 0.99997 0.00425362 -0.00647208 -0.00423762 0.999988 0.00241146 0.00648254 -0.00238454 0.999976 -0.366635 0.242191 -0.287988
FixedParameters: 0 0 0

#Transform 113
Transform: AffineTransform_float_3_3
Parameters: 0.999968 0.00417449 -0.00672151 -0.00415657 0.999988 0.00263185 0.00673328 -0.00260314 0.999974 -0.370763 0.228504 -0.253932
FixedParameters: 0 0 0

#Transform 114
Transform: AffineTransform_float_3_3
Parameters: 0.999971 0.00406725 -0.00643535 -0.00404977 0.999988 0.00264167 0.00644625 -0.00261533 0.999976 -0.38253 0.218897 -0.233181
FixedParameters: 0 0 0

#Transform 115
Transform: AffineTransform_float_3_3
Parameters: 0.999971 0.00410384 -0.00634933 -0.00408624 0.999988 0.0027174 0.00636012 -0.0026906 0.999976 -0.376707 0.251154 -0.251452
FixedParameters: 0 0 0

#Transform 116
Transform: AffineTransform_float_3_3
Parameters: 0.999973 0.0042012 -0.00612005 -0.00418308 0.999987 0.00289218 0.00613193 -0.00286682 0.999977 -0.385048 0.249552 -0.277671
FixedParameters: 0 0 0

#Transform 117
Transform: AffineTransform_float_3_3
Parameters: 0.999969 0.00424933 -0.00665915 -0.00422903 0.999987 0.00302037 0.00667131 -0.00299263 0.999973 -0.38732 0.255363 -0.281328
FixedParameters: 0 0 0

#Transform 118
Transform: AffineTransform_float_3_3
Parameters: 0.99997 0.00403693 -0.00650997 -0.00401863 0.999988 0.00287493 0.00652154 -0.00284908 0.999975 -0.396665 0.24084 -0.20841
FixedParameters: 0 0 0

#Transform 119
Transform: AffineTransform_float_3_3
Parameters: 0.999971 0.0041176 -0.00631496 -0.00410179 0.999989 0.00255999 0.00632546 -0.00253401 0.999977 -0.39179 0.236417 -0.164558
FixedParameters: 0 0 0

#Transform 120
Transform: AffineTransform_float_3_3
Parameters: 0.999973 0.00369735 -0.00626387 -0.00368131 0.99999 0.00253543 0.0062739 -0.00251157 0.999977 -0.398249 0.241201 -0.147432
FixedParameters: 0 0 0

#Transform 121
Transform: AffineTransform_float_3_3
Parameters: 0.99997 0.00385732 -0.00662763 -0.00383914 0.999988 0.00268707 0.00663818 -0.00266192 0.999975 -0.426703 0.255648 -0.144064
FixedParameters: 0 0 0

#Transform 122
Transform: AffineTransform_float_3_3
Parameters: 0.999971 0.0038831 -0.00652623 -0.00386911 0.999991 0.0021072 0.00653402 -0.0020818 0.999976 -0.418312 0.233694 -0.109168
FixedParameters: 0 0 0

#Transform 123
Transform: AffineTransform_float_3_3
Parameters: 0.999972 0.00394827 -0.00626223 -0.00393552 0.99999 0.00220008 0.0062705 -0.00217593 0.999978 -0.421259 0.234496 -0.0970898
FixedParameters: 0 0 0

#Transform 124
Transform: AffineTransform_float_3_3
Parameters: 0.999974 0.00399111 -0.00612799 -0.00397121 0.999988 0.00324649 0.00614041 -0.00322152 0.999976 -0.426412 0.243198 -0.0995074
FixedParameters: 0 0 0

#Transform 125
Transform: AffineTransform_float_3_3
Parameters: 0.999973 0.00411338 -0.00609365 -0.00409424 0.999987 0.00309574 0.00610615 -0.00307026 0.999977 -0.425392 0.256496 -0.147951
FixedParameters: 0 0 0

#Transform 126
Transform: AffineTransform_float_3_3
Parameters: 0.999968 0.00417221 -0.00672958 -0.0041488 0.999985 0.00351186 0.00674376 -0.00348314 0.999971 -0.430859 0.229764 -0.149084
FixedParameters: 0 0 0

#Transform 127
Transform: AffineTransform_float_3_3
Parameters: 0.999972 0.00398054 -0.00630929 -0.00395913 0.999986 0.00337696 0.00632214 -0.00335204 0.999975 -0.429799 0.251804 -0.152528
FixedParameters: 0 0 0

#Transform 128
Transform: AffineTransform_float_3_3
Parameters: 0.999972 0.00437819 -0.00608294 -0.00436299 0.999987 0.00256276 0.00609348 -0.00253625 0.999978 -0.44793 0.255215 -0.166359
FixedParameters: 0 0 0

#Transform 129
Transform: AffineTransform_float_3_3
Parameters: 0.999971 0.00437525 -0.00620284 -0.0043581 0.999987 0.00277641 0.0062147 -0.0027496 0.999977 -0.446597 0.269693 -0.150494
FixedParameters: 0 0 0

#Transform 130
Transform: AffineTransform_float_3_3
Parameters: 0.999967 0.00480757 -0.00665197 -0.00478713 0.999984 0.00319278 0.00666676 -0.00316123 0.999973 -0.470366 0.257569 -0.158428
FixedParameters: 0 0 0

#Transform 131
Transform: AffineTransform_float_3_3
Parameters: 0.99997 0.00435948 -0.00629396 -0.00433917 0.999985 0.00322621 0.00630765 -0.00319879 0.999976 -0.461387 0.244125 -0.123101
FixedParameters: 0 0 0

#Transform 132
Transform: AffineTransform_float_3_3
Parameters: 0.999967 0.00447986 -0.00668588 -0.00445682 0.999985 0.00343882 0.00670117 -0.00340919 0.999972 -0.465062 0.244463 -0.149459
FixedParameters: 0 0 0

#Transform 133
Transform: AffineTransform_float_3_3
Parameters: 0.999965 0.00419963 -0.00723443 -0.00417662 0.999986 0.00309692 0.00724769 -0.00306708 0.999969 -0.502771 0.254735 -0.107763
FixedParameters: 0 0 0

#Transform 134
Transform: AffineTransform_float_3_3
Parameters: 0.999969 0.00447911 -0.00658937 -0.0044632 0.999987 0.00249188 0.00660018 -0.00246312 0.999975 -0.510679 0.279159 -0.0986496
FixedParameters: 0 0 0

#Transform 135
Transform: AffineTransform_float_3_3
Parameters: 0.999966 0.0040811 -0.00723095 -0.00405943 0.999987 0.00297926 0.00724346 -0.00294974 0.999969 -0.527653 0.272522 -0.132638
FixedParameters: 0 0 0

#Transform 136
Transform: AffineTransform_float_3_3
Parameters: 0.999966 0.00473995 -0.00673321 -0.00471664 0.999983 0.00346406 0.00674959 -0.00343194 0.999971 -0.521969 0.273815 -0.0816597
FixedParameters: 0 0 0

#Transform 137
Transform: AffineTransform_float_3_3
Parameters: 0.999959 0.00468205 -0.00773037 -0.00465803 0.999985 0.00310242 0.00774426 -0.00306659 0.999966 -0.538163 0.279404 -0.1035
FixedParameters: 0 0 0

#Transform 138
Transform: AffineTransform_float_3_3
Parameters: 0.999958 0.00481382 -0.00773713 -0.00479403 0.999985 0.00254827 0.00774903 -0.00251173 0.999967 -0.561958 0.285137 -0.112738
FixedParameters: 0 0 0

#Transform 139
Transform: AffineTransform_float_3_3
Parameters: 0.999945 0.00600857 -0.00857174 -0.00598175 0.999977 0.00311529 0.00859057 -0.0030637 0.999958 -0.612539 0.297894 -0.169883
FixedParameters: 0 0 0

#Transform 140
Transform: AffineTransform_float_3_3
Parameters: 0.999939 0.00634217 -0.0089854 -0.00631148 0.999974 0.00345281 0.00900709 -0.00339519 0.999954 -0.638756 0.294422 -0.220148
FixedParameters: 0 0 0

#Transform 141
Transform: AffineTransform_float_3_3
Parameters: 0.999938 0.00645516 -0.0091239 -0.00641811 0.999971 0.00409965 0.00914977 -0.00404035 0.99995 -0.661634 0.337583 -0.147157
FixedParameters: 0 0 0

#Transform 142
Transform: AffineTransform_float_3_3
Parameters: 0.999934 0.00675105 -0.00927436 -0.00671152 0.999968 0.00428159 0.00930268 -0.00421841 0.999948 -0.669029 0.302601 -0.151346
FixedParameters: 0 0 0

#Transform 143
Transform: AffineTransform_float_3_3
Parameters: 0.999933 0.00670829 -0.00936112 -0.00667688 0.999973 0.00330658 0.00938293 -0.00324442 0.99995 -0.726417 0.337418 -0.136625
FixedParameters: 0 0 0

#Transform 144
Transform: AffineTransform_float_3_3
Parameters: 0.999926 0.00694597 -0.00999384 -0.00690593 0.999968 0.00398503 0.0100206 -0.00391597 0.999942 -0.731974 0.320881 -0.114154
FixedParameters: 0 0 0

#Transform 145
Transform: AffineTransform_float_3_3
Parameters: 0.999923 0.00716473 -0.0101411 -0.00712624 0.999968 0.00378851 0.0101673 -0.0037165 0.999941 -0.74719 0.314795 -0.170655
FixedParameters: 0 0 0

#Transform 146
Transform: AffineTransform_float_3_3
Parameters: 0.999925 0.00699443 -0.0100757 -0.00694906 0.999966 0.00449587 0.0101069 -0.00442613 0.999939 -0.784811 0.315653 -0.158262
FixedParameters: 0 0 0

#Transform 147
Transform: AffineTransform_float_3_3
Parameters: 0.999924 0.00768445 -0.009581 -0.0076494 0.999964 0.00366444 0.00960893 -0.00359056 0.999948 -0.799002 0.319727 -0.156414
FixedParameters: 0 0 0

#Transform 148
Transform: AffineTransform_float_3_3
Parameters: 0.999915 0.00816316 -0.0101126 -0.0081248 0.99996 0.00387427 0.0101439 -0.00379173 0.999941 -0.815491 0.3434 -0.154651
FixedParameters: 0 0 0

#Transform 149
Transform: AffineTransform_float_3_3
Parameters: 0.999915 0.0084849 -0.00989943 -0.00843283 0.999951 0.00525897 0.00994326 -0.00517504 0.999938 -0.820293 0.342108 -0.120986
FixedParameters: 0 0 0

#Transform 150
Transform: AffineTransform_float_3_3
Parameters: 0.99991 0.00893892 -0.0100634 -0.00889121 0.999949 0.0047661 0.0101047 -0.00467592 0.999938 -0.844292 0.365604 -0.152086
FixedParameters: 0 0 0

#Transform 151
Transform: AffineTransform_float_3_3
Parameters: 0.999895 0.00894039 -0.0114167 -0.00889278 0.999951 0.00424578 0.0114544 -0.00414323 0.999926 -0.906354 0.358122 -0.191145
FixedParameters: 0 0 0

#Transform 152
Transform: AffineTransform_float_3_3
Parameters: 0.999878 0.0106633 -0.0114708 -0.0105956 0.999926 0.00591418 0.0115324 -0.00579183 0.999917 -1.05233 0.396456 -0.171322
FixedParameters: 0 0 0

#Transform 153
Transform: AffineTransform_float_3_3
Parameters: 0.999897 0.0102297 -0.0100121 -0.0101614 0.999925 0.00680551 0.0100806 -0.00670249 0.999927 -0.965609 0.421742 -0.157142
FixedParameters: 0 0 0

#Transform 154
Transform: AffineTransform_float_3_3
Parameters: 0.999895 0.0106562 -0.00976725 -0.0105762 0.999911 0.00812946 0.00985365 -0.00802454 0.999919 -0.910208 0.452396 -0.27661
FixedParameters: 0 0 0

#Transform 155
Transform: AffineTransform_float_3_3
Parameters: 0.999874 0.0107081 -0.0117181 -0.0106056 0.999905 0.00883492 0.0118113 -0.0087091 0.999893 -0.97295 0.474266 -0.345597
FixedParameters: 0 0 0

#Transform 156
Transform: AffineTransform_float_3_3
Parameters: 0.999874 0.0112256 -0.0112838 -0.0111245 0.999898 0.00898988 0.011383 -0.00886312 0.999896 -1.11702 0.513055 -0.294071
FixedParameters: 0 0 0

#Transform 157
Transform: AffineTransform_float_3_3
Parameters: 0.99984 0.0145016 -0.0104717 -0.0144436 0.99988 0.00564041 0.0105524 -0.0054876 0.99993 -1.45305 0.523303 -0.165045
FixedParameters: 0 0 0

#Transform 158
Transform: AffineTransform_float_3_3
Parameters: 0.999844 0.0135966 -0.0112892 -0.0135158 0.999883 0.00722624 0.0113861 -0.00707278 0.99991 -1.33702 0.527702 -0.191617
FixedParameters: 0 0 0

#Transform 159
Transform: AffineTransform_float_3_3
Parameters: 0.999836 0.0137356 -0.0118231 -0.0136533 0.999882 0.00696239 0.0119179 -0.0067996 0.999906 -1.32566 0.502158 -0.173896
FixedParameters: 0 0 0

#Transform 160
Transform: AffineTransform_float_3_3
Parameters: 0.999843 0.0132614 -0.0117563 -0.0131764 0.999887 0.00722495 0.0118504 -0.00706805 0.999905 -1.28868 0.497786 -0.154196
FixedParameters: 0 0 0

#Transform 161
Transform: AffineTransform_float_3_3
Parameters: 0.999839 0.0134981 -0.0118301 -0.0134148 0.999885 0.00703824 0.011924 -0.00687874 0.999905 -1.27347 0.491115 -0.173312
FixedParameters: 0 0 0

#Transform 162
Transform: AffineTransform_float_3_3
Parameters: 0.999821 0.0132443 -0.0135037 -0.0131524 0.999889 0.00689443 0.0135934 -0.00671558 0.999885 -1.26564 0.495967 -0.150333
FixedParameters: 0 0 0

#Transform 163
Transform: AffineTransform_float_3_3
Parameters: 0.999813 0.0140743 -0.0132205 -0.0139755 0.999873 0.00753808 0.0133246 -0.00735192 0.999884 -1.28063 0.516702 -0.177747
FixedParameters: 0 0 0

#Transform 164
Transform: AffineTransform_float_3_3
Parameters: 0.99983 0.0137193 -0.0123769 -0.0136242 0.999877 0.00774129 0.0124822 -0.0075707 0.999893 -1.25728 0.528581 -0.133999
FixedParameters: 0 0 0

#Transform 165
Transform: AffineTransform_float_3_3
Parameters: 0.999824 0.013364 -0.0132234 -0.0132683 0.999885 0.00728433 0.0133186 -0.00710768 0.999885 -1.24227 0.522263 -0.133431
FixedParameters: 0 0 0

#Transform 166
Transform: AffineTransform_float_3_3
Parameters: 0.999826 0.0135048 -0.0128785 -0.0134163 0.999886 0.00691194 0.0129703 -0.00673806 0.999893 -1.25356 0.519791 -0.0473653
FixedParameters: 0 0 0

#Transform 167
Transform: AffineTransform_float_3_3
Parameters: 0.999813 0.0137668 -0.0135369 -0.0136667 0.999879 0.00747239 0.0136386 -0.00728562 0.999881 -1.27444 0.520026 -0.0762313
FixedParameters: 0 0 0

#Transform 168
Transform: AffineTransform_float_3_3
Parameters: 0.999808 0.0140842 -0.013569 -0.0139885 0.999877 0.00710264 0.013667 -0.00691136 0.999882 -1.271 0.526029 -0.115561
FixedParameters: 0 0 0

#Transform 169
Transform: AffineTransform_float_3_3
Parameters: 0.999811 0.0142556 -0.0132245 -0.0141653 0.999875 0.00692948 0.0133217 -0.00674054 0.999889 -1.2854 0.523403 -0.0555162
FixedParameters: 0 0 0

#Transform 170
Transform: AffineTransform_float_3_3
Parameters: 0.999808 0.0139645 -0.0137292 -0.0138683 0.999878 0.00710493 0.0138264 -0.00691309 0.999881 -1.25016 0.518227 -0.0620826
FixedParameters: 0 0 0

#Transform 171
Transform: AffineTransform_float_3_3
Parameters: 0.999904 0.00991273 -0.00965606 -0.00987221 0.999942 0.00414247 0.00969702 -0.00404652 0.999945 -1.00472 0.406835 0.0692973
FixedParameters: 0 0 0

#Transform 172
Transform: AffineTransform_float_3_3
Parameters: 0.999892 0.010201 -0.0106323 -0.0101434 0.999934 0.00543152 0.0106866 -0.00532348 0.999928 -1.0388 0.457437 0.17078
FixedParameters: 0 0 0

#Transform 173
Transform: AffineTransform_float_3_3
Parameters: 0.999889 0.0101803 -0.0109459 -0.0101216 0.999934 0.0054136 0.0110003 -0.0053024 0.999925 -1.05006 0.443485 0.12782
FixedParameters: 0 0 0

#Transform 174
Transform: AffineTransform_float_3_3
Parameters: 0.999877 0.0112011 -0.0109275 -0.0111407 0.999923 0.00554272 0.0109884 -0.00542028 0.999924 -1.08651 0.469335 0.131335
FixedParameters: 0 0 0

#Transform 175
Transform: AffineTransform_float_3_3
Parameters: 0.999892 0.0110051 -0.00972411 -0.0109331 0.999912 0.00745426 0.00980535 -0.00734774 0.999925 -1.03779 0.500636 0.190941
FixedParameters: 0 0 0

#Transform 176
Transform: AffineTransform_float_3_3
Parameters: 0.999883 0.0116176 -0.00992798 -0.0115314 0.999896 0.00868871 0.0100274 -0.00857329 0.999913 -1.02957 0.559279 0.124594
FixedParameters: 0 0 0

#Transform 177
Transform: AffineTransform_float_3_3
Parameters: 0.999855 0.0128873 -0.0111875 -0.0127974 0.999885 0.00816941 0.0112912 -0.00802461 0.999904 -1.09611 0.573351 0.114278
FixedParameters: 0 0 0

#Transform 178
Transform: AffineTransform_float_3_3
Parameters: 0.99991 0.0105794 -0.00824104 -0.0105046 0.999905 0.0089882 0.00833589 -0.0089008 0.999925 -1.02834 0.532624 0.20749
FixedParameters: 0 0 0

#Transform 179
Transform: AffineTransform_float_3_3
Parameters: 0.999902 0.0100242 -0.00976464 -0.00993046 0.999906 0.00952409 0.00985925 -0.00942592 0.999907 -0.980694 0.538017 0.238801
FixedParameters: 0 0 0
