#Insight Transform File V1.0
#Transform 0
Transform: AffineTransform_float_3_3
Parameters: 1 -0.000419103 0.000246263 0.000419031 1 0.000147103 -0.000246386 -0.000146897 1 0.0846549 -0.189695 -0.286511
FixedParameters: 0 0 0

#Transform 1
Transform: AffineTransform_float_3_3
Parameters: 1 0.000527122 -0.000332216 -0.000526952 0.999999 0.000255328 0.000332485 -0.000255672 1 0.0166758 0.0276683 -0.0160263
FixedParameters: 0 0 0

#Transform 2
Transform: AffineTransform_float_3_3
Parameters: 1 0.000413352 -0.00017533 -0.000413261 1 0.000261073 0.000175546 -0.000260928 1 0.0091765 0.0864893 -0.0512995
FixedParameters: 0 0 0

#Transform 3
Transform: AffineTransform_float_3_3
Parameters: 1 0.000566235 -0.000240005 -0.000565985 0.999999 0.000520136 0.000240594 -0.000519864 1 0.00895575 0.0784471 -0.0610317
FixedParameters: 0 0 0

#Transform 4
Transform: AffineTransform_float_3_3
Parameters: 1 0.000528735 -0.000328451 -0.000528856 1 0.000410174 0.000327964 -0.000409827 1 0.026663 0.0893802 -0.0419351
FixedParameters: 0 0 0

#Transform 5
Transform: AffineTransform_float_3_3
Parameters: 1 0.000468625 -0.000470228 -0.000468229 1 0.00042122 0.000470623 -0.000420779 1 0.013636 0.0857312 -0.050248
FixedParameters: 0 0 0

#Transform 6
Transform: AffineTransform_float_3_3
Parameters: 1 0.000566247 -0.000239976 -0.000565973 0.999999 0.000571136 0.000240623 -0.000570864 1 -0.00383269 0.0845486 -0.0489491
FixedParameters: 0 0 0

#Transform 7
Transform: AffineTransform_float_3_3
Parameters: 1 0.000566349 -0.000239736 -0.000566263 1 0.000994776 0.000239943 -0.000995224 0.999999 0.00616447 0.0742391 -0.0614546
FixedParameters: 0 0 0

#Transform 8
Transform: AffineTransform_float_3_3
Parameters: 1 0.000516569 -0.000218809 -0.000516236 0.999999 0.000758113 0.000219591 -0.000757886 0.999999 0.00711704 0.0807363 -0.0533895
FixedParameters: 0 0 0

#Transform 9
Transform: AffineTransform_float_3_3
Parameters: 1 0.000631802 -8.52942e-05 -0.000632095 0.999999 0.000571054 8.50953e-05 -0.000570946 1 0.00434471 0.0687891 -0.0456014
FixedParameters: 0 0 0

#Transform 10
Transform: AffineTransform_float_3_3
Parameters: 1 0.000545076 -3.88618e-05 -0.000545045 1 0.000398021 3.92957e-05 -0.000397979 1 0.00934719 0.0892954 -0.0435092
FixedParameters: 0 0 0

#Transform 11
Transform: AffineTransform_float_3_3
Parameters: 1 0.000452976 7.99787e-06 -0.000452989 0.999999 0.000855996 -7.22237e-06 -0.000856003 0.999999 -0.0109089 0.0723081 -0.0472596
FixedParameters: 0 0 0

#Transform 12
Transform: AffineTransform_float_3_3
Parameters: 1 0.000566247 -0.000239976 -0.000565973 0.999999 0.000571136 0.000240623 -0.000570864 1 -0.0126726 0.0815162 -0.04795
FixedParameters: 0 0 0

#Transform 13
Transform: AffineTransform_float_3_3
Parameters: 1 0.000174058 -7.36523e-05 -0.000173892 1 0.00112601 7.40441e-05 -0.00112599 1 0.00572027 0.0815052 -0.0605783
FixedParameters: 0 0 0

#Transform 14
Transform: AffineTransform_float_3_3
Parameters: 1 0.000182304 -7.72607e-05 -0.000182216 1 0.000571014 7.74688e-05 -0.000570986 1 0.00497467 0.0871975 -0.0429068
FixedParameters: 0 0 0

#Transform 15
Transform: AffineTransform_float_3_3
Parameters: 1 -3.22311e-05 1.36443e-05 3.22045e-05 0.999999 0.000973 -1.3707e-05 -0.000972999 0.999999 -0.00075831 0.0755602 -0.0523399
FixedParameters: 0 0 0

#Transform 16
Transform: AffineTransform_float_3_3
Parameters: 1 3.65465e-05 -0.000231606 -3.62273e-05 1 0.000689008 0.000231656 -0.000688991 0.999999 0.0195075 0.0829004 -0.0407287
FixedParameters: 0 0 0

#Transform 17
Transform: AffineTransform_float_3_3
Parameters: 1 -3.22314e-05 1.36437e-05 3.22043e-05 0.999999 0.000989999 -1.37075e-05 -0.000989999 0.999999 0.0156087 0.0687279 -0.0679142
FixedParameters: 0 0 0

#Transform 18
Transform: AffineTransform_float_3_3
Parameters: 1 -8.01126e-05 3.39263e-05 8.00554e-05 0.999999 0.000841002 -3.4061e-05 -0.000840997 0.999999 0.0058357 0.0830414 -0.0547178
FixedParameters: 0 0 0

#Transform 19
Transform: AffineTransform_float_3_3
Parameters: 1 -0.000226547 9.58783e-05 0.000226342 1 0.00106666 -9.63616e-05 -0.00106734 0.999999 0.0111196 0.076186 -0.0506214
FixedParameters: 0 0 0

#Transform 20
Transform: AffineTransform_float_3_3
Parameters: 1 -3.22283e-05 1.36508e-05 3.22073e-05 0.999999 0.00077 -1.37004e-05 -0.000769999 0.999999 0.0225138 0.103603 -0.0533466
FixedParameters: 0 0 0

#Transform 21
Transform: AffineTransform_float_3_3
Parameters: 1 -0.000422697 0.00017891 0.000422327 1 0.00103208 -0.000179782 -0.00103192 1 0.0147894 0.0762465 -0.0479523
FixedParameters: 0 0 0

#Transform 22
Transform: AffineTransform_float_3_3
Parameters: 1 -0.000356459 0.000335437 0.000356107 1 0.00110712 -0.000335306 -0.00110688 1 0.0111727 0.0799804 -0.0425268
FixedParameters: 0 0 0

#Transform 23
Transform: AffineTransform_float_3_3
Parameters: 1 -0.000569206 0.000240684 0.000568929 0.999999 0.00138514 -0.00024134 -0.00138486 0.999999 0.0215763 0.0730709 -0.0532212
FixedParameters: 0 0 0

#Transform 24
Transform: AffineTransform_float_3_3
Parameters: 1 -0.000391921 0.000251634 0.000391758 1 0.0011011 -0.000251577 -0.0011009 1 0.0204678 0.0843748 -0.0525754
FixedParameters: 0 0 0

#Transform 25
Transform: AffineTransform_float_3_3
Parameters: 1 -0.00026615 0.000112628 0.000265902 1 0.00110103 -0.000113214 -0.00110097 1 0.0300226 0.0924595 -0.050982
FixedParameters: 0 0 0

#Transform 26
Transform: AffineTransform_float_3_3
Parameters: 1 -0.000422709 0.00017888 0.000422706 1 0.00110108 -0.000178891 -0.00110093 1 0.0235155 0.0723538 -0.0507594
FixedParameters: 0 0 0

#Transform 27
Transform: AffineTransform_float_3_3
Parameters: 1 -0.000232043 9.82864e-05 0.000231892 0.999999 0.000767022 -9.86422e-05 -0.000766977 0.999999 0.034015 0.081572 -0.0460257
FixedParameters: 0 0 0

#Transform 28
Transform: AffineTransform_float_3_3
Parameters: 1 -0.000392318 0.00016602 0.000391952 1 0.00110107 -0.000166883 -0.00110094 1 0.0243705 0.0813532 -0.0392984
FixedParameters: 0 0 0

#Transform 29
Transform: AffineTransform_float_3_3
Parameters: 1 -0.000366504 0.000155174 0.000366218 0.999999 0.000920056 -0.000155848 -0.000919942 0.999999 0.0177091 0.0855217 -0.0464475
FixedParameters: 0 0 0

#Transform 30
Transform: AffineTransform_float_3_3
Parameters: 1 -0.000336206 0.000142094 0.000336154 0.999998 0.00155505 -0.000142219 -0.00155495 0.999999 0.0170456 0.0791781 -0.0505684
FixedParameters: 0 0 0

#Transform 31
Transform: AffineTransform_float_3_3
Parameters: 1 -0.000294707 0.000124692 0.000294416 1 0.00116204 -0.000125376 -0.00116196 1 0.0102641 0.0685425 -0.050242
FixedParameters: 0 0 0

#Transform 32
Transform: AffineTransform_float_3_3
Parameters: 1 -0.000374842 0.000158566 0.000374841 0.999999 0.00123306 -0.00015857 -0.00123294 0.999999 0.0216047 0.0777641 -0.0562892
FixedParameters: 0 0 0

#Transform 33
Transform: AffineTransform_float_3_3
Parameters: 0.999999 -0.00066573 0.000690002 0.000664601 0.999999 0.00110146 -0.000690546 -0.00110054 0.999999 0.0224318 0.0852717 -0.0343495
FixedParameters: 0 0 0

#Transform 34
Transform: AffineTransform_float_3_3
Parameters: 0.999999 -0.000812088 0.000344148 0.000812074 1 0.00058792 -0.000344182 -0.00058808 1 0.026482 0.0791563 -0.0477111
FixedParameters: 0 0 0

#Transform 35
Transform: AffineTransform_float_3_3
Parameters: 1 -0.000486297 0.000205668 0.000486148 0.999999 0.0013121 -0.000206024 -0.0013119 0.999999 0.0200742 0.0908814 -0.0278614
FixedParameters: 0 0 0

#Transform 36
Transform: AffineTransform_float_3_3
Parameters: 0.999999 -0.000652184 0.000275537 0.000651642 0.999999 0.00168782 -0.000276818 -0.00168818 0.999998 0.0232647 0.0822633 -0.0180257
FixedParameters: 0 0 0

#Transform 37
Transform: AffineTransform_float_3_3
Parameters: 0.999999 -0.000771345 0.000440665 0.000770372 0.999997 0.00198934 -0.00044189 -0.00198866 0.999998 0.0311109 0.0786102 -0.0107835
FixedParameters: 0 0 0

#Transform 38
Transform: AffineTransform_float_3_3
Parameters: 0.999999 -0.00074317 0.000507254 0.000742283 0.999999 0.00164402 -0.000507855 -0.00164398 0.999998 0.0246032 0.0720591 0.0146971
FixedParameters: 0 0 0

#Transform 39
Transform: AffineTransform_float_3_3
Parameters: 0.999999 -0.000722224 0.00030504 0.000721518 0.999998 0.00179222 -0.000306706 -0.00179178 0.999999 0.0246555 0.0802581 -0.0110587
FixedParameters: 0 0 0

#Transform 40
Transform: AffineTransform_float_3_3
Parameters: 0.999999 -0.000735418 0.000525631 0.000734013 0.999998 0.00170603 -0.000527217 -0.00170597 0.999998 0.0243825 0.0701167 0.00607787
FixedParameters: 0 0 0

#Transform 41
Transform: AffineTransform_float_3_3
Parameters: 0.999999 -0.000812504 0.000343163 0.000812048 0.999998 0.00180028 -0.000344246 -0.00179972 0.999999 0.0475734 0.0793034 -0.02025
FixedParameters: 0 0 0

#Transform 42
Transform: AffineTransform_float_3_3
Parameters: 1 -0.000450438 0.000367922 0.000449077 0.999997 0.00237617 -0.000369138 -0.00237583 0.999997 0.0244203 0.0752523 0.020506
FixedParameters: 0 0 0

#Transform 43
Transform: AffineTransform_float_3_3
Parameters: 1 -0.000193926 0.000983706 0.000191717 0.999998 0.00225634 -0.000984437 -0.00225666 0.999997 0.0046208 0.0883931 0.0234241
FixedParameters: 0 0 0

#Transform 44
Transform: AffineTransform_float_3_3
Parameters: 0.999999 -0.000526486 0.000671361 0.000525085 0.999997 0.00230951 -0.000672339 -0.00230949 0.999998 0.032486 0.0742094 0.0318608
FixedParameters: 0 0 0

#Transform 45
Transform: AffineTransform_float_3_3
Parameters: 1 -0.000179284 0.00038051 0.000177361 0.999996 0.00252422 -0.00038141 -0.00252478 0.999997 0.00101974 0.0858842 0.0261241
FixedParameters: 0 0 0

#Transform 46
Transform: AffineTransform_float_3_3
Parameters: 1 -7.37152e-06 3.10932e-06 7.35741e-06 0.999998 0.002256 -3.14255e-06 -0.002256 0.999998 0.0276786 0.081295 -0.0552407
FixedParameters: 0 0 0

#Transform 47
Transform: AffineTransform_float_3_3
Parameters: 0.999999 -0.000121001 0.000864678 0.000118066 0.999996 0.00298626 -0.000865253 -0.00298675 0.999996 0.000401046 0.0920799 -0.0150716
FixedParameters: 0 0 0

#Transform 48
Transform: AffineTransform_float_3_3
Parameters: 1 0.000216216 0.00023224 -0.000216801 0.999997 0.00239895 -0.000232513 -0.00239905 0.999997 0.00973547 0.0884059 -0.0334268
FixedParameters: 0 0 0

#Transform 49
Transform: AffineTransform_float_3_3
Parameters: 1 2.42663e-06 0.000575149 -3.4337e-06 0.999996 0.002816 -0.000574993 -0.002816 0.999996 -0.00520125 0.0957031 -0.0260361
FixedParameters: 0 0 0

#Transform 50
Transform: AffineTransform_float_3_3
Parameters: 1 4.25239e-06 0.000321601 -5.86034e-06 0.999997 0.0025 -0.000321575 -0.0025 0.999997 0.0106341 0.0901126 -0.0292733
FixedParameters: 0 0 0

#Transform 51
Transform: AffineTransform_float_3_3
Parameters: 1 -0.000161527 0.000551901 0.00015954 0.999996 0.00298624 -0.00055233 -0.00298676 0.999996 0.00340972 0.0906548 -0.026229
FixedParameters: 0 0 0

#Transform 52
Transform: AffineTransform_float_3_3
Parameters: 0.999999 -0.000112355 0.000725415 0.000110252 0.999996 0.00298624 -0.000725941 -0.00298677 0.999996 -0.00705937 0.0973079 -0.0021793
FixedParameters: 0 0 0

#Transform 53
Transform: AffineTransform_float_3_3
Parameters: 1 -0.00014659 0.000442675 0.000145619 0.999996 0.00257706 -0.000442899 -0.00257693 0.999996 0.00572163 0.0943362 -0.0415483
FixedParameters: 0 0 0

#Transform 54
Transform: AffineTransform_float_3_3
Parameters: 0.999999 -8.6018e-05 0.000754473 8.37422e-05 0.999996 0.00298622 -0.000754841 -0.00298679 0.999996 -0.00759628 0.106016 0.0181854
FixedParameters: 0 0 0

#Transform 55
Transform: AffineTransform_float_3_3
Parameters: 1 -5.89766e-05 0.000604317 5.70868e-05 0.999996 0.00264939 -0.000604095 -0.0026486 0.999996 0.00227193 0.0940973 -0.0181092
FixedParameters: 0 0 0

#Transform 56
Transform: AffineTransform_float_3_3
Parameters: 1 -6.12226e-05 0.00102409 5.8276e-05 0.999997 0.00272006 -0.00102336 -0.00271994 0.999996 -0.00873733 0.0940797 0.0213788
FixedParameters: 0 0 0

#Transform 57
Transform: AffineTransform_float_3_3
Parameters: 1 -7.8871e-05 0.000412999 7.74921e-05 0.999996 0.00278103 -0.000413825 -0.00278097 0.999996 0.0103782 0.0990168 -0.00887855
FixedParameters: 0 0 0

#Transform 58
Transform: AffineTransform_float_3_3
Parameters: 0.999999 -0.000218843 0.000711782 0.00021665 0.999996 0.00273631 -0.000711523 -0.00273669 0.999996 -0.0102244 0.0964568 0.0275474
FixedParameters: 0 0 0

#Transform 59
Transform: AffineTransform_float_3_3
Parameters: 1 -2.98831e-05 0.000335969 2.90407e-05 0.999996 0.00262152 -0.000336514 -0.00262148 0.999997 -0.00153546 0.107883 0.0094553
FixedParameters: 0 0 0

#Transform 60
Transform: AffineTransform_float_3_3
Parameters: 1 -0.000118392 0.000373234 0.000117268 0.999997 0.00273605 -0.000374269 -0.00273596 0.999996 -0.0024251 0.0994471 -0.0222006
FixedParameters: 0 0 0

#Transform 61
Transform: AffineTransform_float_3_3
Parameters: 0.999999 2.60693e-05 0.000904757 -2.92408e-05 0.999996 0.00298613 -0.000904453 -0.00298687 0.999996 -0.0124225 0.110668 -0.016878
FixedParameters: 0 0 0

#Transform 62
Transform: AffineTransform_float_3_3
Parameters: 0.999999 -0.000170291 0.00127463 0.000165109 0.999994 0.00342221 -0.00127511 -0.00342178 0.999993 -0.00615853 0.103859 0.0189679
FixedParameters: 0 0 0

#Transform 63
Transform: AffineTransform_float_3_3
Parameters: 0.999999 -0.000219217 0.00177248 0.000204726 0.999968 0.00797189 -0.0017741 -0.00797111 0.999967 -0.00536189 0.120238 0.305819
FixedParameters: 0 0 0

#Transform 64
Transform: AffineTransform_float_3_3
Parameters: 0.999998 -0.000119095 0.00161633 0.000106541 0.99997 0.00773969 -0.00161685 -0.0077393 0.999969 -0.00450804 0.110725 0.248238
FixedParameters: 0 0 0

#Transform 65
Transform: AffineTransform_float_3_3
Parameters: 0.999997 3.20315e-05 0.00237371 -4.94697e-05 0.999974 0.00726893 -0.00237385 -0.00726907 0.999971 -0.0147775 0.0931231 0.210856
FixedParameters: 0 0 0

#Transform 66
Transform: AffineTransform_float_3_3
Parameters: 0.999997 3.25158e-05 0.00237371 -4.99031e-05 0.999975 0.00706492 -0.00237346 -0.00706507 0.999972 -0.0264381 0.106838 0.20023
FixedParameters: 0 0 0

#Transform 67
Transform: AffineTransform_float_3_3
Parameters: 0.999998 0.000345813 0.00224341 -0.000361489 0.999976 0.00692344 -0.00224069 -0.00692356 0.999974 -0.020101 0.0958595 0.168953
FixedParameters: 0 0 0

#Transform 68
Transform: AffineTransform_float_3_3
Parameters: 0.999997 0.000183979 0.00246415 -0.000202712 0.999972 0.00745439 -0.00246239 -0.0074546 0.999968 -0.0272893 0.108338 0.211649
FixedParameters: 0 0 0

#Transform 69
Transform: AffineTransform_float_3_3
Parameters: 0.999996 -0.000151527 0.00263887 0.000132538 0.999975 0.00697955 -0.00263974 -0.00697945 0.999972 -0.0227788 0.0994399 0.197076
FixedParameters: 0 0 0

#Transform 70
Transform: AffineTransform_float_3_3
Parameters: 0.999995 6.74433e-05 0.00309472 -8.91584e-05 0.999976 0.00698866 -0.00309407 -0.00698835 0.999971 -0.0341985 0.108642 0.19647
FixedParameters: 0 0 0

#Transform 71
Transform: AffineTransform_float_3_3
Parameters: 0.999995 -0.000212048 0.0029673 0.000189584 0.99997 0.00776529 -0.0029685 -0.00776472 0.999966 -0.0314934 0.109478 0.21536
FixedParameters: 0 0 0

#Transform 72
Transform: AffineTransform_float_3_3
Parameters: 0.999996 4.3373e-05 0.0028618 -6.42863e-05 0.999974 0.00725638 -0.00286108 -0.00725662 0.99997 -0.0254164 0.101731 0.20933
FixedParameters: 0 0 0

#Transform 73
Transform: AffineTransform_float_3_3
Parameters: 0.999996 0.00012758 0.0028265 -0.000148529 0.999972 0.00751715 -0.00282487 -0.00751786 0.999968 -0.0251389 0.0942031 0.19613
FixedParameters: 0 0 0

#Transform 74
Transform: AffineTransform_float_3_3
Parameters: 0.999995 9.43257e-05 0.00322643 -0.000119794 0.999968 0.00791571 -0.00322583 -0.0079163 0.999964 -0.0344444 0.110485 0.212126
FixedParameters: 0 0 0

#Transform 75
Transform: AffineTransform_float_3_3
Parameters: 0.999996 0.00026852 0.00276752 -0.000290576 0.999968 0.00797461 -0.00276482 -0.00797538 0.999964 -0.0168926 0.113711 0.219129
FixedParameters: 0 0 0

#Transform 76
Transform: AffineTransform_float_3_3
Parameters: 0.999996 0.00032829 0.00274236 -0.000350473 0.999965 0.00840746 -0.00273919 -0.00840855 0.999961 -0.0245655 0.106826 0.248601
FixedParameters: 0 0 0

#Transform 77
Transform: AffineTransform_float_3_3
Parameters: 0.999997 0.000618219 0.0026223 -0.000638873 0.999967 0.00810458 -0.00261702 -0.00810641 0.999963 -0.0407143 0.105127 0.240197
FixedParameters: 0 0 0

#Transform 78
Transform: AffineTransform_float_3_3
Parameters: 0.999997 0.000444344 0.00269462 -0.000465328 0.999969 0.00784716 -0.00269108 -0.00784884 0.999965 -0.0425576 0.110317 0.228845
FixedParameters: 0 0 0

#Transform 79
Transform: AffineTransform_float_3_3
Parameters: 0.999995 0.000615329 0.00314053 -0.000638563 0.999973 0.00723913 -0.00313544 -0.00724086 0.999969 -0.0528161 0.129313 0.234177
FixedParameters: 0 0 0

#Transform 80
Transform: AffineTransform_float_3_3
Parameters: 0.999997 0.000492258 0.00267534 -0.000510778 0.999977 0.00685389 -0.00267182 -0.00685511 0.999973 -0.0278621 0.120051 0.258752
FixedParameters: 0 0 0

#Transform 81
Transform: AffineTransform_float_3_3
Parameters: 0.999996 0.000448958 0.00255998 -0.000467161 0.999974 0.00710021 -0.00255682 -0.00710178 0.999971 -0.0369304 0.119927 0.26281
FixedParameters: 0 0 0

#Transform 82
Transform: AffineTransform_float_3_3
Parameters: 0.999998 0.000529528 0.00155275 -0.000539458 0.999976 0.00688753 -0.00154915 -0.00688847 0.999975 -0.0190196 0.111923 0.196086
FixedParameters: 0 0 0

#Transform 83
Transform: AffineTransform_float_3_3
Parameters: 0.999997 0.00041399 0.00262754 -0.000433249 0.999974 0.00719412 -0.00262388 -0.00719488 0.99997 -0.0363393 0.119465 0.24657
FixedParameters: 0 0 0

#Transform 84
Transform: AffineTransform_float_3_3
Parameters: 0.999997 0.000452308 0.00213213 -0.000466512 0.99998 0.0064169 -0.00212855 -0.00641811 0.999977 -0.0280468 0.11716 0.183157
FixedParameters: 0 0 0

#Transform 85
Transform: AffineTransform_float_3_3
Parameters: 0.999997 0.00035263 0.0024001 -0.000368291 0.999979 0.00646752 -0.00239761 -0.00646848 0.999977 -0.0269981 0.11507 0.18651
FixedParameters: 0 0 0

#Transform 86
Transform: AffineTransform_float_3_3
Parameters: 0.999996 0.000452604 0.0025687 -0.000469101 0.99998 0.0063082 -0.00256637 -0.0063098 0.999977 -0.0371686 0.111052 0.203702
FixedParameters: 0 0 0

#Transform 87
Transform: AffineTransform_float_3_3
Parameters: 0.999998 0.000256828 0.00192423 -0.000269249 0.999978 0.00664337 -0.00192306 -0.00664363 0.999976 -0.024488 0.120843 0.20568
FixedParameters: 0 0 0

#Transform 88
Transform: AffineTransform_float_3_3
Parameters: 0.999998 0.000372566 0.00187609 -0.000384551 0.999979 0.00645517 -0.00187313 -0.00645584 0.999978 -0.0162454 0.12465 0.19752
FixedParameters: 0 0 0

#Transform 89
Transform: AffineTransform_float_3_3
Parameters: 0.999998 0.000249987 0.00192724 -0.000262281 0.999979 0.00636138 -0.00192591 -0.00636162 0.999978 -0.0209263 0.109428 0.19246
FixedParameters: 0 0 0

#Transform 90
Transform: AffineTransform_float_3_3
Parameters: 0.999997 0.000239815 0.00234749 -0.000254571 0.999979 0.00641745 -0.00234649 -0.00641856 0.999977 -0.0321196 0.113415 0.210982
FixedParameters: 0 0 0

#Transform 91
Transform: AffineTransform_float_3_3
Parameters: 0.999998 0.000175313 0.00195841 -0.000187439 0.99998 0.00631667 -0.00195712 -0.00631733 0.999979 -0.0269141 0.11702 0.184502
FixedParameters: 0 0 0

#Transform 92
Transform: AffineTransform_float_3_3
Parameters: 0.999998 0.000240802 0.00193108 -0.000253975 0.99998 0.00633839 -0.00192948 -0.0063386 0.999978 -0.0153971 0.113321 0.192724
FixedParameters: 0 0 0

#Transform 93
Transform: AffineTransform_float_3_3
Parameters: 0.999998 4.56526e-05 0.00190385 -5.81417e-05 0.999978 0.00669457 -0.00190324 -0.00669544 0.999976 -0.0142359 0.121973 0.170183
FixedParameters: 0 0 0

#Transform 94
Transform: AffineTransform_float_3_3
Parameters: 0.999999 -6.8773e-05 0.00153015 5.8306e-05 0.999978 0.00663661 -0.00153083 -0.00663639 0.999977 -0.0234065 0.121852 0.192946
FixedParameters: 0 0 0

#Transform 95
Transform: AffineTransform_float_3_3
Parameters: 0.999998 -0.000101175 0.00162161 8.97004e-05 0.999978 0.00669431 -0.0016218 -0.00669469 0.999976 0.000102519 0.135408 0.183531
FixedParameters: 0 0 0

#Transform 96
Transform: AffineTransform_float_3_3
Parameters: 0.999999 -0.00039653 0.00147395 0.000387232 0.999978 0.00657588 -0.00147578 -0.00657611 0.999977 -0.0163564 0.114447 0.184528
FixedParameters: 0 0 0

#Transform 97
Transform: AffineTransform_float_3_3
Parameters: 0.999999 2.62876e-05 0.00175054 -3.78671e-05 0.999978 0.00664545 -0.00175073 -0.00664554 0.999976 -0.0260322 0.120876 0.173814
FixedParameters: 0 0 0

#Transform 98
Transform: AffineTransform_float_3_3
Parameters: 0.999999 -0.000158967 0.00137513 0.00015087 0.99998 0.00633157 -0.00137561 -0.00633043 0.999979 -0.00407714 0.105088 0.142951
FixedParameters: 0 0 0

#Transform 99
Transform: AffineTransform_float_3_3
Parameters: 0.999998 -7.89847e-05 0.00190782 6.51563e-05 0.999975 0.0070288 -0.00190892 -0.0070292 0.999974 -0.0241918 0.118151 0.181207
FixedParameters: 0 0 0

#Transform 100
Transform: AffineTransform_float_3_3
Parameters: 0.999998 -0.000301432 0.00170452 0.00028972 0.999974 0.00720401 -0.00170663 -0.00720298 0.999972 -0.0190435 0.122913 0.195212
FixedParameters: 0 0 0

#Transform 101
Transform: AffineTransform_float_3_3
Parameters: 0.999999 -0.00030102 0.00170459 0.000289216 0.999976 0.00696166 -0.00170617 -0.00696134 0.999974 -0.0145011 0.126034 0.196266
FixedParameters: 0 0 0

#Transform 102
Transform: AffineTransform_float_3_3
Parameters: 0.999998 -0.00030097 0.0017046 0.000289264 0.999976 0.00693301 -0.00170616 -0.00693198 0.999974 -0.0208715 0.12078 0.183126
FixedParameters: 0 0 0

#Transform 103
Transform: AffineTransform_float_3_3
Parameters: 0.999999 -0.000268016 0.00178485 0.000254753 0.999974 0.00720398 -0.00178739 -0.00720302 0.999972 -0.0249224 0.128954 0.209339
FixedParameters: 0 0 0

#Transform 104
Transform: AffineTransform_float_3_3
Parameters: 0.999998 -0.000679985 0.001862 0.000666237 0.999974 0.00720456 -0.0018664 -0.00720344 0.999972 -0.0289963 0.128933 0.204677
FixedParameters: 0 0 0

#Transform 105
Transform: AffineTransform_float_3_3
Parameters: 0.999999 -0.000400468 0.00147478 0.000389732 0.999972 0.00736909 -0.00147768 -0.0073679 0.999972 -0.0168187 0.126091 0.206857
FixedParameters: 0 0 0

#Transform 106
Transform: AffineTransform_float_3_3
Parameters: 0.999997 -0.000384086 0.00209502 0.000368261 0.999973 0.00737346 -0.00209829 -0.00737255 0.999971 -0.0233179 0.143146 0.244206
FixedParameters: 0 0 0

#Transform 107
Transform: AffineTransform_float_3_3
Parameters: 0.999999 -0.000415178 0.00175172 0.00040281 0.999973 0.00730723 -0.00175463 -0.00730577 0.999972 -0.0178926 0.131099 0.241596
FixedParameters: 0 0 0

#Transform 108
Transform: AffineTransform_float_3_3
Parameters: 0.999999 -0.000451399 0.00176665 0.000438783 0.999972 0.00742645 -0.00176927 -0.00742555 0.999971 -0.0222737 0.138249 0.246165
FixedParameters: 0 0 0

#Transform 109
Transform: AffineTransform_float_3_3
Parameters: 0.999999 -0.000478495 0.00177832 0.000466522 0.999975 0.00708515 -0.00178195 -0.00708485 0.999973 -0.028835 0.126626 0.236836
FixedParameters: 0 0 0

#Transform 110
Transform: AffineTransform_float_3_3
Parameters: 0.999998 -0.000309114 0.00170754 0.00029585 0.999973 0.00737582 -0.00170947 -0.00737618 0.999971 -0.0234584 0.141724 0.249361
FixedParameters: 0 0 0

#Transform 111
Transform: AffineTransform_float_3_3
Parameters: 0.999997 -0.000566014 0.00213701 0.000550088 0.999972 0.00743385 -0.00214118 -0.00743214 0.99997 -0.0320956 0.131657 0.264578
FixedParameters: 0 0 0

#Transform 112
Transform: AffineTransform_float_3_3
Parameters: 0.999999 -0.000228453 0.00140288 0.000218007 0.99997 0.00783431 -0.00140476 -0.00783368 0.999968 -0.0282414 0.131705 0.306295
FixedParameters: 0 0 0

#Transform 113
Transform: AffineTransform_float_3_3
Parameters: 0.999998 -0.000448781 0.00155886 0.000437069 0.999973 0.00728299 -0.00156239 -0.007283 0.999972 -0.0329298 0.133026 0.306595
FixedParameters: 0 0 0

#Transform 114
Transform: AffineTransform_float_3_3
Parameters: 0.999998 -0.000363599 0.0016276 0.000352023 0.999975 0.00709674 -0.00163106 -0.00709627 0.999973 -0.0349451 0.12382 0.290596
FixedParameters: 0 0 0

#Transform 115
Transform: AffineTransform_float_3_3
Parameters: 0.999999 -0.00055776 0.00138693 0.000548677 0.999976 0.00690492 -0.00139125 -0.00690407 0.999975 -0.0302223 0.119529 0.275189
FixedParameters: 0 0 0

#Transform 116
Transform: AffineTransform_float_3_3
Parameters: 0.999998 -0.000474362 0.00162464 0.000463547 0.999979 0.00643143 -0.00162735 -0.00643057 0.999979 -0.0326012 0.132975 0.268685
FixedParameters: 0 0 0

#Transform 117
Transform: AffineTransform_float_3_3
Parameters: 0.999999 -0.000540232 0.00142014 0.000530455 0.999979 0.00652692 -0.00142434 -0.00652609 0.999978 -0.0332911 0.129441 0.252371
FixedParameters: 0 0 0

#Transform 118
Transform: AffineTransform_float_3_3
Parameters: 0.999998 -0.000841406 0.00147275 0.000831437 0.999977 0.00675318 -0.00147849 -0.00675282 0.999976 -0.0244501 0.154465 0.291163
FixedParameters: 0 0 0

#Transform 119
Transform: AffineTransform_float_3_3
Parameters: 0.999998 -0.000841273 0.00147282 0.000831569 0.999977 0.00666354 -0.00147842 -0.00666246 0.999977 -0.0244167 0.135759 0.296502
FixedParameters: 0 0 0

#Transform 120
Transform: AffineTransform_float_3_3
Parameters: 0.999998 -0.00079433 0.00145314 0.000784624 0.999977 0.00675509 -0.00145825 -0.0067549 0.999976 -0.025416 0.13442 0.292217
FixedParameters: 0 0 0

#Transform 121
Transform: AffineTransform_float_3_3
Parameters: 0.999998 -0.000841477 0.00147271 0.000831364 0.999977 0.00680239 -0.00147853 -0.00680061 0.999976 -0.0101625 0.138569 0.257584
FixedParameters: 0 0 0

#Transform 122
Transform: AffineTransform_float_3_3
Parameters: 0.999998 -0.000840865 0.00147305 0.000831977 0.999979 0.00638739 -0.00147819 -0.00638561 0.999978 -0.0201887 0.124065 0.198572
FixedParameters: 0 0 0

#Transform 123
Transform: AffineTransform_float_3_3
Parameters: 0.999998 -0.000891154 0.00149357 0.000881496 0.999977 0.00668748 -0.00149895 -0.00668552 0.999976 -0.0235619 0.131531 0.201506
FixedParameters: 0 0 0

#Transform 124
Transform: AffineTransform_float_3_3
Parameters: 0.999998 -0.000730917 0.0017385 0.000719102 0.999976 0.00689657 -0.00174281 -0.00689544 0.999975 -0.0275333 0.129767 0.207455
FixedParameters: 0 0 0

#Transform 125
Transform: AffineTransform_float_3_3
Parameters: 0.999999 -0.000987234 0.00153352 0.00097688 0.999977 0.00673645 -0.00154028 -0.00673554 0.999976 -0.021535 0.127432 0.193766
FixedParameters: 0 0 0

#Transform 126
Transform: AffineTransform_float_3_3
Parameters: 0.999998 -0.00105703 0.00156298 0.00104647 0.999978 0.0065088 -0.00156889 -0.0065062 0.999978 -0.00895166 0.133598 0.192814
FixedParameters: 0 0 0

#Transform 127
Transform: AffineTransform_float_3_3
Parameters: 0.999998 -0.000806152 0.00184518 0.000793899 0.999978 0.00650878 -0.00185082 -0.00650721 0.999977 -0.000928049 0.126415 0.179699
FixedParameters: 0 0 0

#Transform 128
Transform: AffineTransform_float_3_3
Parameters: 0.999998 -0.000807434 0.00172231 0.000797018 0.99998 0.00644054 -0.00172788 -0.00643847 0.999978 0.0250796 0.128939 0.13988
FixedParameters: 0 0 0

#Transform 129
Transform: AffineTransform_float_3_3
Parameters: 0.999996 -0.000920791 0.00244186 0.000904653 0.999977 0.00670684 -0.00244813 -0.00670516 0.999974 0.0208389 0.131321 0.136798
FixedParameters: 0 0 0

#Transform 130
Transform: AffineTransform_float_3_3
Parameters: 0.999996 -0.000706346 0.00245071 0.000689516 0.999976 0.00693353 -0.00245573 -0.00693147 0.999973 0.00108197 0.139942 0.213639
FixedParameters: 0 0 0

#Transform 131
Transform: AffineTransform_float_3_3
Parameters: 0.999998 -0.00067899 0.00223709 0.000664708 0.999977 0.00673296 -0.00224201 -0.00673204 0.999975 -0.00257372 0.141598 0.196082
FixedParameters: 0 0 0

#Transform 132
Transform: AffineTransform_float_3_3
Parameters: 0.999997 -0.000958965 0.00235273 0.000941891 0.999974 0.0072417 -0.0023596 -0.0072393 0.999971 0.0158967 0.14001 0.193021
FixedParameters: 0 0 0

#Transform 133
Transform: AffineTransform_float_3_3
Parameters: 0.999997 -0.000958804 0.00235279 0.000941654 0.999974 0.00717369 -0.00236046 -0.0071713 0.999971 0.00665636 0.149406 0.207672
FixedParameters: 0 0 0

#Transform 134
Transform: AffineTransform_float_3_3
Parameters: 0.999997 -0.000958529 0.0023529 0.00094193 0.999974 0.00705669 -0.00236035 -0.00705429 0.999972 -0.00201605 0.156626 0.216324
FixedParameters: 0 0 0

#Transform 135
Transform: AffineTransform_float_3_3
Parameters: 0.999997 -0.00100003 0.00225319 0.00098431 0.999975 0.00705634 -0.00225992 -0.00705466 0.999972 0.00310744 0.139439 0.213527
FixedParameters: 0 0 0

#Transform 136
Transform: AffineTransform_float_3_3
Parameters: 0.999998 -0.00103631 0.00200885 0.00102289 0.999977 0.00678617 -0.00201568 -0.00678483 0.999975 0.0171941 0.168353 0.208652
FixedParameters: 0 0 0

#Transform 137
Transform: AffineTransform_float_3_3
Parameters: 0.999997 -0.000968305 0.00235729 0.000952405 0.999975 0.00689572 -0.00236456 -0.00689327 0.999973 -0.00514568 0.158446 0.218447
FixedParameters: 0 0 0

#Transform 138
Transform: AffineTransform_float_3_3
Parameters: 0.999997 -0.00103657 0.00231159 0.00102091 0.999978 0.00658384 -0.00231839 -0.00658116 0.999975 -0.00350231 0.135875 0.191624
FixedParameters: 0 0 0

#Transform 139
Transform: AffineTransform_float_3_3
Parameters: 0.999997 -0.000974177 0.00194203 0.000961908 0.999982 0.00605283 -0.00194767 -0.00605117 0.999979 -0.0122385 0.137093 0.182954
FixedParameters: 0 0 0

#Transform 140
Transform: AffineTransform_float_3_3
Parameters: 0.999998 -0.00152622 0.0013604 0.00151867 0.999985 0.00521302 -0.00136824 -0.00521098 0.999986 0.0094119 0.144012 0.167112
FixedParameters: 0 0 0

#Transform 141
Transform: AffineTransform_float_3_3
Parameters: 0.999999 -0.00126058 0.00122907 0.00125396 0.999984 0.00560434 -0.00123644 -0.00560266 0.999984 -0.00864749 0.148244 0.196494
FixedParameters: 0 0 0

#Transform 142
Transform: AffineTransform_float_3_3
Parameters: 0.999999 -0.00111411 0.00134525 0.00110697 0.999986 0.00517345 -0.00135094 -0.00517256 0.999986 -0.00322305 0.151014 0.170248
FixedParameters: 0 0 0

#Transform 143
Transform: AffineTransform_float_3_3
Parameters: 0.999998 -0.00114685 0.00154554 0.00113734 0.999984 0.00569357 -0.00155222 -0.00569144 0.999983 -0.00841139 0.139618 0.164411
FixedParameters: 0 0 0

#Transform 144
Transform: AffineTransform_float_3_3
Parameters: 0.999998 -0.00115835 0.0016082 0.00114978 0.999984 0.0054658 -0.00161488 -0.00546419 0.999983 -0.00586365 0.149494 0.159991
FixedParameters: 0 0 0

#Transform 145
Transform: AffineTransform_float_3_3
Parameters: 0.999997 -0.0012245 0.00183167 0.00121451 0.999984 0.00565019 -0.00183806 -0.00564782 0.999983 -0.0116631 0.142174 0.181339
FixedParameters: 0 0 0

#Transform 146
Transform: AffineTransform_float_3_3
Parameters: 0.999998 -0.00112485 0.00117248 0.00111867 0.999984 0.00552611 -0.00117907 -0.00552488 0.999984 0.0276757 0.143254 0.122878
FixedParameters: 0 0 0

#Transform 147
Transform: AffineTransform_float_3_3
Parameters: 0.999998 -0.00110789 0.00127446 0.00109958 0.999979 0.00642621 -0.00128232 -0.0064248 0.999979 -0.0152364 0.155098 0.21186
FixedParameters: 0 0 0

#Transform 148
Transform: AffineTransform_float_3_3
Parameters: 0.999999 -0.00101371 0.00112537 0.00100705 0.999982 0.00596793 -0.00113163 -0.00596707 0.999982 -0.00958108 0.147111 0.193838
FixedParameters: 0 0 0

#Transform 149
Transform: AffineTransform_float_3_3
Parameters: 0.999999 -0.000732342 0.00125936 0.000725641 0.999982 0.00592907 -0.00126391 -0.00592793 0.999982 -0.0182839 0.137491 0.170201
FixedParameters: 0 0 0

#Transform 150
Transform: AffineTransform_float_3_3
Parameters: 0.999998 -0.00106751 0.00136589 0.00106022 0.999986 0.00515061 -0.00137105 -0.00514839 0.999986 -0.0114308 0.14816 0.123414
FixedParameters: 0 0 0

#Transform 151
Transform: AffineTransform_float_3_3
Parameters: 0.999998 -0.00108819 0.00174739 0.00107948 0.999989 0.00458384 -0.00175283 -0.00458216 0.999988 -0.0159608 0.141501 0.0938061
FixedParameters: 0 0 0

#Transform 152
Transform: AffineTransform_float_3_3
Parameters: 0.999998 -0.0011561 0.00118571 0.0011491 0.999985 0.00542016 -0.00119201 -0.00541884 0.999985 -0.0033789 0.144115 0.101276
FixedParameters: 0 0 0

#Transform 153
Transform: AffineTransform_float_3_3
Parameters: 0.999998 -0.00100894 0.00167861 0.000998722 0.999983 0.00572663 -0.00168417 -0.00572537 0.999982 -0.00556305 0.155951 0.134796
FixedParameters: 0 0 0

#Transform 154
Transform: AffineTransform_float_3_3
Parameters: 0.999999 -0.00097113 0.00157047 0.000963428 0.999987 0.00519832 -0.00157551 -0.00519669 0.999985 -0.0131977 0.151298 0.117184
FixedParameters: 0 0 0

#Transform 155
Transform: AffineTransform_float_3_3
Parameters: 0.999998 -0.000892874 0.00180202 0.000883618 0.999985 0.00532691 -0.00180593 -0.00532509 0.999984 -0.030787 0.163835 0.137874
FixedParameters: 0 0 0

#Transform 156
Transform: AffineTransform_float_3_3
Parameters: 0.999997 -0.000858898 0.0021851 0.000848421 0.999988 0.00500417 -0.00218979 -0.00500183 0.999985 -0.0325555 0.146782 0.130672
FixedParameters: 0 0 0

#Transform 157
Transform: AffineTransform_float_3_3
Parameters: 0.999998 -0.000866733 0.00180592 0.000858705 0.999988 0.00486787 -0.00180969 -0.00486614 0.999987 -0.0236029 0.142935 0.127059
FixedParameters: 0 0 0

#Transform 158
Transform: AffineTransform_float_3_3
Parameters: 0.999997 -0.00098094 0.00192952 0.000971467 0.999988 0.00492883 -0.00193452 -0.00492717 0.999986 -0.0314962 0.150797 0.120151
FixedParameters: 0 0 0

#Transform 159
Transform: AffineTransform_float_3_3
Parameters: 0.999997 -0.00093042 0.00191813 0.000921062 0.999987 0.00492908 -0.00192262 -0.00492691 0.999986 -0.0342586 0.15963 0.143343
FixedParameters: 0 0 0

#Transform 160
Transform: AffineTransform_float_3_3
Parameters: 0.999998 -0.000802825 0.00186418 0.00079276 0.999986 0.0052618 -0.00186795 -0.00526021 0.999985 -0.0308697 0.152278 0.152967
FixedParameters: 0 0 0

#Transform 161
Transform: AffineTransform_float_3_3
Parameters: 0.999998 -0.000923208 0.00152904 0.000915205 0.999988 0.0050092 -0.00153376 -0.0050078 0.999986 -0.0304579 0.143195 0.14971
FixedParameters: 0 0 0

#Transform 162
Transform: AffineTransform_float_3_3
Parameters: 0.999998 -0.000976368 0.00176336 0.00096832 0.999989 0.00461803 -0.00176824 -0.00461598 0.999988 -0.0231091 0.13696 0.122664
FixedParameters: 0 0 0

#Transform 163
Transform: AffineTransform_float_3_3
Parameters: 0.999998 -0.00106182 0.00162142 0.0010543 0.999989 0.00457466 -0.00162661 -0.00457334 0.999988 -0.0266662 0.143745 0.129283
FixedParameters: 0 0 0

#Transform 164
Transform: AffineTransform_float_3_3
Parameters: 0.999997 -0.000956247 0.00192894 0.000946258 0.999987 0.00492914 -0.00193238 -0.00492685 0.999986 -0.0243686 0.152003 0.136105
FixedParameters: 0 0 0

#Transform 165
Transform: AffineTransform_float_3_3
Parameters: 0.999997 -0.00100303 0.00194877 0.000994288 0.999988 0.00479426 -0.0019528 -0.00479175 0.999987 -0.0244299 0.149361 0.131431
FixedParameters: 0 0 0

#Transform 166
Transform: AffineTransform_float_3_3
Parameters: 0.999999 -0.000936963 0.00144331 0.000930139 0.999989 0.0045813 -0.00144699 -0.00458071 0.999989 -0.0158042 0.170567 0.133254
FixedParameters: 0 0 0

#Transform 167
Transform: AffineTransform_float_3_3
Parameters: 0.999998 -0.0010933 0.00159553 0.00108632 0.999989 0.00460153 -0.00160015 -0.00459947 0.999988 -0.0166774 0.159883 0.124935
FixedParameters: 0 0 0

#Transform 168
Transform: AffineTransform_float_3_3
Parameters: 0.999998 -0.00095238 0.00207801 0.000942363 0.999988 0.00492892 -0.00208311 -0.00492708 0.999985 -0.0359397 0.167992 0.1385
FixedParameters: 0 0 0

#Transform 169
Transform: AffineTransform_float_3_3
Parameters: 0.999998 -0.00104284 0.00176355 0.00103408 0.999988 0.00492878 -0.00176877 -0.00492722 0.999986 -0.0289007 0.160446 0.153795
FixedParameters: 0 0 0

#Transform 170
Transform: AffineTransform_float_3_3
Parameters: 0.999999 -0.000939272 0.0016089 0.000932389 0.999989 0.00469966 -0.00161359 -0.00469734 0.999988 -0.0230513 0.14972 0.138823
FixedParameters: 0 0 0

#Transform 171
Transform: AffineTransform_float_3_3
Parameters: 0.999997 -0.00092321 0.00195089 0.000914448 0.999987 0.0049291 -0.0019557 -0.0049269 0.999986 -0.0334613 0.15684 0.144804
FixedParameters: 0 0 0

#Transform 172
Transform: AffineTransform_float_3_3
Parameters: 0.999998 -0.00115884 0.00153567 0.0011518 0.999988 0.00492857 -0.00154073 -0.00492643 0.999987 -0.00316308 0.144719 0.106404
FixedParameters: 0 0 0

#Transform 173
Transform: AffineTransform_float_3_3
Parameters: 0.999997 -0.00104747 0.00215902 0.00103705 0.999988 0.0049292 -0.00216413 -0.0049268 0.999985 -0.0359021 0.168422 0.146528
FixedParameters: 0 0 0

#Transform 174
Transform: AffineTransform_float_3_3
Parameters: 0.999999 -0.00105872 0.00149328 0.00105087 0.999986 0.00520652 -0.00149886 -0.00520548 0.999986 -0.0231711 0.158458 0.143237
FixedParameters: 0 0 0

#Transform 175
Transform: AffineTransform_float_3_3
Parameters: 0.999997 -0.00110175 0.00217958 0.0010902 0.999987 0.00492949 -0.00218483 -0.00492751 0.999985 -0.0297202 0.171161 0.143942
FixedParameters: 0 0 0

#Transform 176
Transform: AffineTransform_float_3_3
Parameters: 0.999998 -0.0011189 0.00201899 0.00110948 0.999988 0.0047952 -0.00202412 -0.0047928 0.999986 -0.0246013 0.165785 0.131528
FixedParameters: 0 0 0

#Transform 177
Transform: AffineTransform_float_3_3
Parameters: 0.999998 -0.00101338 0.00179707 0.00100494 0.999988 0.00475012 -0.00180163 -0.00474788 0.999987 -0.0356897 0.172802 0.153323
FixedParameters: 0 0 0

#Transform 178
Transform: AffineTransform_float_3_3
Parameters: 0.999998 -0.00100206 0.00208364 0.00099107 0.999988 0.00492902 -0.00208883 -0.00492697 0.999985 -0.0271966 0.161459 0.147509
FixedParameters: 0 0 0

#Transform 179
Transform: AffineTransform_float_3_3
Parameters: 0.999996 -0.00110504 0.00266804 0.0010874 0.999977 0.00673754 -0.00267539 -0.00673446 0.999974 -0.0208065 0.154894 0.156604
FixedParameters: 0 0 0
