#Insight Transform File V1.0
#Transform 0
Transform: AffineTransform_float_3_3
Parameters: 0.999999 -0.000415482 0.000623694 0.000415027 0.999999 0.000364411 -0.000623997 -0.000364588 1 0.101605 -0.34729 -0.50551
FixedParameters: 0 0 0

#Transform 1
Transform: AffineTransform_float_3_3
Parameters: 1 0.000365524 -2.69339e-05 -0.000365519 1 8.30099e-05 2.69945e-05 -8.29902e-05 1 0.00258197 0.0833353 0.041028
FixedParameters: 0 0 0

#Transform 2
Transform: AffineTransform_float_3_3
Parameters: 1 0.000944747 -0.000617881 -0.000944324 1 0.000342224 0.000618527 -0.000341776 1 0.0106581 0.0609539 0.0319887
FixedParameters: 0 0 0

#Transform 3
Transform: AffineTransform_float_3_3
Parameters: 0.999998 0.00179891 -0.000596359 -0.00179871 0.999998 0.000498355 0.00059723 -0.000497646 1 -0.0183376 0.0487336 0.0879016
FixedParameters: 0 0 0

#Transform 4
Transform: AffineTransform_float_3_3
Parameters: 0.999998 0.00190146 -0.0012286 -0.00190093 0.999998 0.000909412 0.00123061 -0.000907589 0.999998 -0.0202464 0.0490545 0.0274406
FixedParameters: 0 0 0

#Transform 5
Transform: AffineTransform_float_3_3
Parameters: 0.999997 0.00191933 -0.00123541 -0.00191841 0.999997 0.00121981 0.00123772 -0.00121719 0.999999 -0.0295142 0.0521201 0.0119768
FixedParameters: 0 0 0

#Transform 6
Transform: AffineTransform_float_3_3
Parameters: 0.999998 0.00158797 -0.00109488 -0.00158702 0.999998 0.00139202 0.00109693 -0.00138998 0.999998 -0.0258316 0.0510727 0.0924738
FixedParameters: 0 0 0

#Transform 7
Transform: AffineTransform_float_3_3
Parameters: 0.999998 0.00189583 -0.000366242 -0.00189559 0.999996 0.00192498 0.000370779 -0.00192502 0.999998 -0.0361114 0.0597807 0.101007
FixedParameters: 0 0 0

#Transform 8
Transform: AffineTransform_float_3_3
Parameters: 0.999997 0.00213271 -0.00126763 -0.00213071 0.999997 0.00140578 0.00126994 -0.00140322 0.999998 -0.0573664 0.0522866 0.0775021
FixedParameters: 0 0 0

#Transform 9
Transform: AffineTransform_float_3_3
Parameters: 0.999998 0.00220198 -0.000702975 -0.0022013 0.999995 0.00186483 0.00070658 -0.00186317 0.999998 -0.0582375 0.0682261 0.0422252
FixedParameters: 0 0 0

#Transform 10
Transform: AffineTransform_float_3_3
Parameters: 0.999998 0.00193894 -0.000608501 -0.00193727 0.999996 0.00221467 0.000612087 -0.00221233 0.999998 -0.0585433 0.0705886 -0.00426351
FixedParameters: 0 0 0

#Transform 11
Transform: AffineTransform_float_3_3
Parameters: 0.999998 0.00155592 -0.00117137 -0.00155342 0.999997 0.00195926 0.00117508 -0.00195774 0.999997 -0.0531731 0.059326 -0.0239994
FixedParameters: 0 0 0

#Transform 12
Transform: AffineTransform_float_3_3
Parameters: 0.999998 0.00158672 -0.000674163 -0.00158522 0.999996 0.00197971 0.000677679 -0.00197829 0.999998 -0.0429278 0.0730478 0.0613695
FixedParameters: 0 0 0

#Transform 13
Transform: AffineTransform_float_3_3
Parameters: 0.999997 0.00177837 -0.00126451 -0.00177505 0.999996 0.00229068 0.00126935 -0.00228832 0.999997 -0.0553523 0.0833232 0.0139509
FixedParameters: 0 0 0

#Transform 14
Transform: AffineTransform_float_3_3
Parameters: 0.999999 0.001393 -0.000595672 -0.00139183 0.999997 0.00196047 0.000598369 -0.00195953 0.999998 -0.0342782 0.074262 -0.0188582
FixedParameters: 0 0 0

#Transform 15
Transform: AffineTransform_float_3_3
Parameters: 1 0.00106245 -0.000198096 -0.00106125 0.999996 0.0026367 0.000201463 -0.0026363 0.999996 -0.0340652 0.0778325 -0.00604537
FixedParameters: 0 0 0

#Transform 16
Transform: AffineTransform_float_3_3
Parameters: 1 0.000835928 -0.000735026 -0.000834804 0.999997 0.00192077 0.000736785 -0.00192023 0.999998 -0.0329192 0.0715688 -0.0190063
FixedParameters: 0 0 0

#Transform 17
Transform: AffineTransform_float_3_3
Parameters: 0.999999 0.000921633 -0.00053212 -0.0009201 0.999997 0.00217013 0.000534275 -0.00216987 0.999997 -0.032227 0.0795944 -0.00467348
FixedParameters: 0 0 0

#Transform 18
Transform: AffineTransform_float_3_3
Parameters: 1 0.000994527 -0.000359273 -0.000993731 0.999996 0.00272836 0.000361935 -0.00272764 0.999996 -0.0451646 0.0805087 0.0322604
FixedParameters: 0 0 0

#Transform 19
Transform: AffineTransform_float_3_3
Parameters: 1 0.000789455 -0.000846506 -0.000786329 0.999995 0.00307882 0.000848986 -0.00307818 0.999995 -0.0500598 0.076107 0.075845
FixedParameters: 0 0 0

#Transform 20
Transform: AffineTransform_float_3_3
Parameters: 0.999999 0.0011291 -0.000988729 -0.00112496 0.999993 0.00354091 0.000992498 -0.00354009 0.999993 -0.0785553 0.0740834 0.0817781
FixedParameters: 0 0 0

#Transform 21
Transform: AffineTransform_float_3_3
Parameters: 0.999998 0.00101177 -0.00140812 -0.00100726 0.999995 0.00280537 0.00141088 -0.00280463 0.999995 -0.0716326 0.0797824 0.0379228
FixedParameters: 0 0 0

#Transform 22
Transform: AffineTransform_float_3_3
Parameters: 0.999999 0.000792978 -0.00115912 -0.000790356 0.999997 0.00242871 0.00116098 -0.00242829 0.999996 -0.064795 0.0658208 0.0334875
FixedParameters: 0 0 0

#Transform 23
Transform: AffineTransform_float_3_3
Parameters: 0.999999 0.00039093 -0.00139898 -0.000387442 0.999998 0.0021837 0.00139962 -0.0021833 0.999997 -0.0661265 0.0755143 0.0478128
FixedParameters: 0 0 0

#Transform 24
Transform: AffineTransform_float_3_3
Parameters: 1 0.000538487 -0.000741191 -0.000536153 0.999996 0.0027204 0.000742664 -0.0027196 0.999996 -0.0708859 0.0714148 0.0625537
FixedParameters: 0 0 0

#Transform 25
Transform: AffineTransform_float_3_3
Parameters: 0.999999 0.000585567 -0.000629583 -0.000584021 0.999995 0.00288737 0.000630589 -0.00288663 0.999995 -0.0661118 0.082033 0.0486321
FixedParameters: 0 0 0

#Transform 26
Transform: AffineTransform_float_3_3
Parameters: 0.999999 0.000538642 -0.000741077 -0.000535997 0.999996 0.00292904 0.000742775 -0.00292896 0.999995 -0.0713307 0.0789482 0.0523587
FixedParameters: 0 0 0

#Transform 27
Transform: AffineTransform_float_3_3
Parameters: 1 0.000677835 -0.00079965 -0.000674796 0.999996 0.00296018 0.000802204 -0.00295982 0.999995 -0.0663771 0.0922109 0.0553717
FixedParameters: 0 0 0

#Transform 28
Transform: AffineTransform_float_3_3
Parameters: 0.999999 0.000903233 -0.000918645 -0.000900608 0.999996 0.00277762 0.000920364 -0.00277738 0.999996 -0.0655951 0.0944772 0.0392909
FixedParameters: 0 0 0

#Transform 29
Transform: AffineTransform_float_3_3
Parameters: 0.999999 0.000964751 -0.00124403 -0.000961228 0.999996 0.00278199 0.00124649 -0.00278101 0.999995 -0.0653685 0.0859549 0.0496758
FixedParameters: 0 0 0

#Transform 30
Transform: AffineTransform_float_3_3
Parameters: 1 0.000530054 -0.00085682 -0.000526742 0.999996 0.00292346 0.000858459 -0.00292255 0.999996 -0.0618877 0.0811785 0.0508163
FixedParameters: 0 0 0

#Transform 31
Transform: AffineTransform_float_3_3
Parameters: 0.999999 0.000810398 -0.000974646 -0.000807373 0.999994 0.00309294 0.000977669 -0.00309206 0.999995 -0.0641775 0.0910722 0.0689752
FixedParameters: 0 0 0

#Transform 32
Transform: AffineTransform_float_3_3
Parameters: 0.999999 0.000483417 -0.000684162 -0.000481973 0.999996 0.00296833 0.000685967 -0.00296767 0.999996 -0.0662566 0.0820591 0.0622314
FixedParameters: 0 0 0

#Transform 33
Transform: AffineTransform_float_3_3
Parameters: 1 0.000381706 -0.000564557 -0.000380115 0.999997 0.00256686 0.000565983 -0.00256714 0.999996 -0.0762617 0.0839086 0.144935
FixedParameters: 0 0 0

#Transform 34
Transform: AffineTransform_float_3_3
Parameters: 1 0.000127959 -0.000687682 -0.000125766 0.999996 0.00254709 0.000687799 -0.00254691 0.999996 -0.0685419 0.0823023 0.144077
FixedParameters: 0 0 0

#Transform 35
Transform: AffineTransform_float_3_3
Parameters: 0.999999 0.000370098 -0.000789108 -0.000367281 0.999994 0.00344329 0.000790587 -0.00344271 0.999994 -0.0607157 0.0794228 0.133385
FixedParameters: 0 0 0

#Transform 36
Transform: AffineTransform_float_3_3
Parameters: 0.999999 0.000365622 -0.000787109 -0.000362552 0.999993 0.00361244 0.00078868 -0.00361256 0.999994 -0.0692847 0.0805037 0.114895
FixedParameters: 0 0 0

#Transform 37
Transform: AffineTransform_float_3_3
Parameters: 0.999999 0.000365409 -0.000787207 -0.000362765 0.999995 0.00334229 0.000788581 -0.00334171 0.999994 -0.0583551 0.0877864 0.0857867
FixedParameters: 0 0 0

#Transform 38
Transform: AffineTransform_float_3_3
Parameters: 0.999999 0.000365409 -0.000787207 -0.000362765 0.999995 0.00334229 0.000788581 -0.00334171 0.999994 -0.0559084 0.0884484 0.0990904
FixedParameters: 0 0 0

#Transform 39
Transform: AffineTransform_float_3_3
Parameters: 0.999999 0.000206053 -0.00072011 -0.000203234 0.999994 0.00350415 0.000721405 -0.00350385 0.999993 -0.0584449 0.0893894 0.0899943
FixedParameters: 0 0 0

#Transform 40
Transform: AffineTransform_float_3_3
Parameters: 1 -5.21099e-05 -0.000986783 5.62084e-05 0.999993 0.00387395 0.000985695 -0.00387406 0.999992 -0.0680135 0.088033 0.0954196
FixedParameters: 0 0 0

#Transform 41
Transform: AffineTransform_float_3_3
Parameters: 0.999999 -0.000351538 -0.000737374 0.000354646 0.999995 0.00309174 0.000736893 -0.00309226 0.999995 -0.066787 0.0881393 0.133436
FixedParameters: 0 0 0

#Transform 42
Transform: AffineTransform_float_3_3
Parameters: 1 -0.00022891 -0.00108958 0.000231256 0.999996 0.00276575 0.00108987 -0.00276625 0.999995 -0.0572757 0.0813049 0.0909647
FixedParameters: 0 0 0

#Transform 43
Transform: AffineTransform_float_3_3
Parameters: 1 -2.95874e-05 -0.000617762 3.09981e-05 0.999993 0.00369298 0.000617789 -0.00369302 0.999993 -0.0615939 0.100687 0.0636106
FixedParameters: 0 0 0

#Transform 44
Transform: AffineTransform_float_3_3
Parameters: 0.999999 -0.000156632 -0.000761864 0.000159399 0.999994 0.00328324 0.000760687 -0.00328276 0.999994 -0.0586303 0.100251 0.0709683
FixedParameters: 0 0 0

#Transform 45
Transform: AffineTransform_float_3_3
Parameters: 0.999999 6.77272e-05 -0.0014853 -6.27136e-05 0.999994 0.00349961 0.00148587 -0.00349939 0.999993 -0.0629102 0.0995869 0.102177
FixedParameters: 0 0 0

#Transform 46
Transform: AffineTransform_float_3_3
Parameters: 1 -4.90923e-05 -0.00100985 5.31581e-05 0.999993 0.00357431 0.00100974 -0.00357369 0.999993 -0.0746029 0.0982281 0.0855326
FixedParameters: 0 0 0

#Transform 47
Transform: AffineTransform_float_3_3
Parameters: 1 -0.00011911 -0.0011355 0.000123424 0.999993 0.00369301 0.00113525 -0.00369398 0.999992 -0.0793853 0.0989165 0.0615249
FixedParameters: 0 0 0

#Transform 48
Transform: AffineTransform_float_3_3
Parameters: 0.999999 -0.000166652 -0.00124794 0.000171221 0.999994 0.00346315 0.00124741 -0.00346285 0.999993 -0.0655689 0.0992401 0.0427674
FixedParameters: 0 0 0

#Transform 49
Transform: AffineTransform_float_3_3
Parameters: 1 -0.00011911 -0.0011355 0.000123424 0.999993 0.00369301 0.00113525 -0.00369398 0.999992 -0.0611808 0.1005 0.0644605
FixedParameters: 0 0 0

#Transform 50
Transform: AffineTransform_float_3_3
Parameters: 1 -0.000118868 -0.00113553 0.000123667 0.999993 0.00390686 0.00113522 -0.00390714 0.999991 -0.0709671 0.109576 0.034641
FixedParameters: 0 0 0

#Transform 51
Transform: AffineTransform_float_3_3
Parameters: 0.999999 -0.000172233 -0.00126277 0.000177224 0.999992 0.00395329 0.00126243 -0.00395371 0.999992 -0.0756847 0.120045 0.0271954
FixedParameters: 0 0 0

#Transform 52
Transform: AffineTransform_float_3_3
Parameters: 1 -0.000118843 -0.00113553 0.000123692 0.999993 0.00392886 0.00113522 -0.00392914 0.999991 -0.0628942 0.113512 0.0149278
FixedParameters: 0 0 0

#Transform 53
Transform: AffineTransform_float_3_3
Parameters: 0.999999 -0.000193477 -0.00131251 0.000198178 0.999993 0.00369326 0.0013121 -0.00369375 0.999993 -0.0563907 0.105144 0.0122989
FixedParameters: 0 0 0

#Transform 54
Transform: AffineTransform_float_3_3
Parameters: 0.999999 -0.000217149 -0.00136973 0.000222956 0.999992 0.00394321 0.00136903 -0.00394379 0.999992 -0.0671568 0.115682 0.00865593
FixedParameters: 0 0 0

#Transform 55
Transform: AffineTransform_float_3_3
Parameters: 0.999998 -0.000259689 -0.00161986 0.000266264 0.999993 0.00369309 0.00161803 -0.00369391 0.999992 -0.0693677 0.115575 -0.00258676
FixedParameters: 0 0 0

#Transform 56
Transform: AffineTransform_float_3_3
Parameters: 0.999998 -1.32278e-05 -0.0016592 1.97858e-05 0.999992 0.00399448 0.00165865 -0.00399451 0.99999 -0.0635402 0.111328 0.00834328
FixedParameters: 0 0 0

#Transform 57
Transform: AffineTransform_float_3_3
Parameters: 0.999999 -0.000290454 -0.00154297 0.000295252 0.999994 0.00359906 0.00154137 -0.00359994 0.999993 -0.0684164 0.106627 -0.0149316
FixedParameters: 0 0 0

#Transform 58
Transform: AffineTransform_float_3_3
Parameters: 0.999998 -0.000165177 -0.00207391 0.000173273 0.999993 0.00369367 0.00207355 -0.00369433 0.999991 -0.0715904 0.105493 -0.0242247
FixedParameters: 0 0 0

#Transform 59
Transform: AffineTransform_float_3_3
Parameters: 0.999997 -0.000521457 -0.0020924 0.000528555 0.999993 0.00355013 0.00209088 -0.00355087 0.999992 -0.0563085 0.0948484 -0.0119443
FixedParameters: 0 0 0

#Transform 60
Transform: AffineTransform_float_3_3
Parameters: 0.999999 -0.000357479 -0.00170146 0.000363033 0.999995 0.00337075 0.00170045 -0.00337125 0.999993 -0.0627015 0.106292 -0.0327733
FixedParameters: 0 0 0

#Transform 61
Transform: AffineTransform_float_3_3
Parameters: 0.999998 -0.000447418 -0.0019143 0.000453611 0.999995 0.00316301 0.00191288 -0.00316399 0.999993 -0.0658269 0.117522 -0.0224863
FixedParameters: 0 0 0

#Transform 62
Transform: AffineTransform_float_3_3
Parameters: 0.999998 -0.00045266 -0.00192827 0.000459171 0.999994 0.00346099 0.00192692 -0.00346201 0.999992 -0.0562869 0.116729 -0.0205427
FixedParameters: 0 0 0

#Transform 63
Transform: AffineTransform_float_3_3
Parameters: 0.999999 -0.000380191 -0.00175689 0.000386289 0.999993 0.00368084 0.00175588 -0.00368216 0.999992 -0.062472 0.115739 -0.0441007
FixedParameters: 0 0 0

#Transform 64
Transform: AffineTransform_float_3_3
Parameters: 0.999998 -0.000447975 -0.0019162 0.000453697 0.999994 0.00327701 0.00191506 -0.00327799 0.999993 -0.0697454 0.114071 -0.0326434
FixedParameters: 0 0 0

#Transform 65
Transform: AffineTransform_float_3_3
Parameters: 0.999998 -0.0004576 -0.00193825 0.000463747 0.999995 0.00311198 0.0019368 -0.00311302 0.999994 -0.0533741 0.114374 -0.0310526
FixedParameters: 0 0 0

#Transform 66
Transform: AffineTransform_float_3_3
Parameters: 0.999998 -0.000429284 -0.00187298 0.000435659 0.999993 0.00352706 0.00187175 -0.00352794 0.999992 -0.050893 0.121271 -0.0217577
FixedParameters: 0 0 0

#Transform 67
Transform: AffineTransform_float_3_3
Parameters: 0.999999 -0.000230856 -0.0014 0.000235038 0.999994 0.00327718 0.00139951 -0.00327781 0.999994 -0.0425881 0.114661 -0.000856227
FixedParameters: 0 0 0

#Transform 68
Transform: AffineTransform_float_3_3
Parameters: 0.999998 -0.000503855 -0.00157159 0.000508927 0.999994 0.00320371 0.00156938 -0.00320528 0.999993 -0.0587531 0.110867 -0.0172308
FixedParameters: 0 0 0

#Transform 69
Transform: AffineTransform_float_3_3
Parameters: 0.999999 -0.000582543 -0.00174675 0.000588568 0.999994 0.0034197 0.00174417 -0.0034203 0.999993 -0.0337154 0.107723 -0.000338222
FixedParameters: 0 0 0

#Transform 70
Transform: AffineTransform_float_3_3
Parameters: 0.999999 -0.00054443 -0.00142431 0.000549868 0.999993 0.00352658 0.00142241 -0.00352742 0.999992 -0.0575837 0.103121 -0.0160413
FixedParameters: 0 0 0

#Transform 71
Transform: AffineTransform_float_3_3
Parameters: 0.999998 -0.000575089 -0.0014917 0.000579799 0.999994 0.0034315 0.00149008 -0.0034325 0.999993 -0.0482325 0.112674 -0.0163772
FixedParameters: 0 0 0

#Transform 72
Transform: AffineTransform_float_3_3
Parameters: 0.999999 -0.00077114 -0.00136911 0.000775895 0.999994 0.00327666 0.00136692 -0.00327734 0.999994 -0.0478387 0.106013 -0.0316649
FixedParameters: 0 0 0

#Transform 73
Transform: AffineTransform_float_3_3
Parameters: 0.999999 -0.000758787 -0.00134301 0.000763747 0.999991 0.0041037 0.00134041 -0.0041043 0.999991 -0.0384828 0.121195 -0.0882497
FixedParameters: 0 0 0

#Transform 74
Transform: AffineTransform_float_3_3
Parameters: 0.999998 -0.000887689 -0.00164891 0.000893894 0.999992 0.00383925 0.0016448 -0.00384075 0.999991 -0.0320339 0.108848 -0.0736744
FixedParameters: 0 0 0

#Transform 75
Transform: AffineTransform_float_3_3
Parameters: 0.999999 -0.000840249 -0.00153427 0.000845355 0.999994 0.00346743 0.00153077 -0.00346857 0.999993 -0.0378741 0.109776 -0.0970977
FixedParameters: 0 0 0

#Transform 76
Transform: AffineTransform_float_3_3
Parameters: 0.999998 -0.000778507 -0.00138662 0.000782982 0.999994 0.00327664 0.00138346 -0.00327736 0.999994 -0.025019 0.122595 -0.0865447
FixedParameters: 0 0 0

#Transform 77
Transform: AffineTransform_float_3_3
Parameters: 0.999998 -0.000840297 -0.00153538 0.000845562 0.999993 0.00368791 0.00153281 -0.00368909 0.999992 -0.0322617 0.111176 -0.0737466
FixedParameters: 0 0 0

#Transform 78
Transform: AffineTransform_float_3_3
Parameters: 0.999998 -0.000986988 -0.00137495 0.000992273 0.999994 0.00345785 0.00137098 -0.00345915 0.999993 -0.0324206 0.112505 -0.0981461
FixedParameters: 0 0 0

#Transform 79
Transform: AffineTransform_float_3_3
Parameters: 0.999998 -0.000942322 -0.00177551 0.000947498 0.999994 0.00316304 0.00177319 -0.00316496 0.999994 -0.032823 0.117969 -0.0814948
FixedParameters: 0 0 0

#Transform 80
Transform: AffineTransform_float_3_3
Parameters: 0.999998 -0.00090341 -0.00168454 0.000908652 0.999993 0.0034712 0.00168098 -0.00347281 0.999993 -0.0250347 0.10926 -0.0790441
FixedParameters: 0 0 0

#Transform 81
Transform: AffineTransform_float_3_3
Parameters: 0.999998 -0.00081373 -0.00176889 0.00082022 0.999993 0.00365828 0.00176565 -0.00365973 0.999992 -0.0201828 0.10825 -0.0832811
FixedParameters: 0 0 0

#Transform 82
Transform: AffineTransform_float_3_3
Parameters: 0.999998 -0.00104445 -0.00171196 0.0010496 0.999993 0.00327593 0.00170876 -0.00327807 0.999993 -0.032837 0.101858 -0.0956761
FixedParameters: 0 0 0

#Transform 83
Transform: AffineTransform_float_3_3
Parameters: 0.999998 -0.000859221 -0.00142002 0.000864335 0.999993 0.00361134 0.00141706 -0.00361165 0.999992 -0.0426224 0.113156 -0.110462
FixedParameters: 0 0 0

#Transform 84
Transform: AffineTransform_float_3_3
Parameters: 0.999998 -0.000957429 -0.00181484 0.000964291 0.999992 0.00381397 0.00181156 -0.00381602 0.999991 -0.0268859 0.10647 -0.138843
FixedParameters: 0 0 0

#Transform 85
Transform: AffineTransform_float_3_3
Parameters: 0.999998 -0.000937036 -0.00176591 0.000943268 0.999992 0.00374106 0.00176292 -0.00374294 0.999992 -0.0302929 0.122098 -0.125145
FixedParameters: 0 0 0

#Transform 86
Transform: AffineTransform_float_3_3
Parameters: 0.999998 -0.000911289 -0.00170403 0.000917576 0.999993 0.0036228 0.00170106 -0.0036252 0.999992 -0.0343198 0.111534 -0.111904
FixedParameters: 0 0 0

#Transform 87
Transform: AffineTransform_float_3_3
Parameters: 0.999998 -0.000923998 -0.00173675 0.000931299 0.999991 0.00411295 0.00173317 -0.00411404 0.999989 -0.0301957 0.117624 -0.132855
FixedParameters: 0 0 0

#Transform 88
Transform: AffineTransform_float_3_3
Parameters: 0.999999 -0.000864236 -0.00159598 0.000871499 0.99999 0.00446518 0.00159227 -0.00446582 0.999989 -0.0345965 0.115765 -0.140438
FixedParameters: 0 0 0

#Transform 89
Transform: AffineTransform_float_3_3
Parameters: 0.999999 -0.000953178 -0.00158465 0.000959635 0.99999 0.00424221 0.00158058 -0.0042438 0.99999 -0.0325462 0.113135 -0.138273
FixedParameters: 0 0 0

#Transform 90
Transform: AffineTransform_float_3_3
Parameters: 0.999998 -0.000965162 -0.00183329 0.000972188 0.999992 0.00382079 0.00182993 -0.0038222 0.99999 -0.015314 0.114172 -0.143228
FixedParameters: 0 0 0

#Transform 91
Transform: AffineTransform_float_3_3
Parameters: 0.999998 -0.00102687 -0.00198318 0.00103523 0.99999 0.00433404 0.00197907 -0.00433596 0.999989 -0.0295994 0.115371 -0.143404
FixedParameters: 0 0 0

#Transform 92
Transform: AffineTransform_float_3_3
Parameters: 0.999998 -0.000950751 -0.00180147 0.000957932 0.99999 0.004297 0.00179679 -0.004299 0.999989 -0.0329425 0.11801 -0.182534
FixedParameters: 0 0 0

#Transform 93
Transform: AffineTransform_float_3_3
Parameters: 0.999998 -0.000978309 -0.00203067 0.000987352 0.99999 0.00439973 0.00202684 -0.00440227 0.999988 -0.0332587 0.126975 -0.169991
FixedParameters: 0 0 0

#Transform 94
Transform: AffineTransform_float_3_3
Parameters: 0.999997 -0.000872067 -0.00197221 0.00088128 0.999989 0.00457335 0.00196901 -0.00457465 0.999988 -0.0177819 0.134548 -0.164458
FixedParameters: 0 0 0

#Transform 95
Transform: AffineTransform_float_3_3
Parameters: 0.999998 -0.000908429 -0.00170105 0.000915079 0.999991 0.00439502 0.00169655 -0.00439599 0.999989 -0.0291669 0.128086 -0.168156
FixedParameters: 0 0 0

#Transform 96
Transform: AffineTransform_float_3_3
Parameters: 0.999997 -0.000918034 -0.00216004 0.000928947 0.999989 0.00466109 0.00215534 -0.00466291 0.999987 -0.034686 0.128394 -0.163286
FixedParameters: 0 0 0

#Transform 97
Transform: AffineTransform_float_3_3
Parameters: 0.999997 -0.000629963 -0.00236078 0.000642596 0.999987 0.00518337 0.00235703 -0.00518563 0.999984 -0.0391278 0.130886 -0.161585
FixedParameters: 0 0 0

#Transform 98
Transform: AffineTransform_float_3_3
Parameters: 0.999998 -0.000739303 -0.0021687 0.000750726 0.999986 0.00518346 0.00216566 -0.00518453 0.999984 -0.0398533 0.136355 -0.147832
FixedParameters: 0 0 0

#Transform 99
Transform: AffineTransform_float_3_3
Parameters: 0.999996 -0.000846251 -0.00242211 0.00085828 0.999988 0.00484717 0.00241761 -0.00484983 0.999986 -0.0395673 0.120903 -0.164595
FixedParameters: 0 0 0

#Transform 100
Transform: AffineTransform_float_3_3
Parameters: 0.999997 -0.000783735 -0.00227266 0.0007942 0.999988 0.00482108 0.00226882 -0.00482392 0.999986 -0.0452738 0.137404 -0.163482
FixedParameters: 0 0 0

#Transform 101
Transform: AffineTransform_float_3_3
Parameters: 0.999997 -0.000811983 -0.00234315 0.000824819 0.999985 0.00529531 0.00233956 -0.00529768 0.999983 -0.0399751 0.140922 -0.15052
FixedParameters: 0 0 0

#Transform 102
Transform: AffineTransform_float_3_3
Parameters: 0.999998 -0.000995748 -0.00205919 0.00100543 0.999988 0.00481551 0.00205385 -0.00481749 0.999986 -0.0385445 0.133899 -0.188541
FixedParameters: 0 0 0

#Transform 103
Transform: AffineTransform_float_3_3
Parameters: 0.999995 -0.00080281 -0.00282739 0.000815794 0.999988 0.0047153 0.00282338 -0.00471769 0.999985 -0.0139979 0.135932 -0.176909
FixedParameters: 0 0 0

#Transform 104
Transform: AffineTransform_float_3_3
Parameters: 0.999997 -0.00086312 -0.00221775 0.000873557 0.999989 0.00463916 0.00221398 -0.00464085 0.999987 -0.0319858 0.140436 -0.188246
FixedParameters: 0 0 0

#Transform 105
Transform: AffineTransform_float_3_3
Parameters: 0.999997 -0.00109394 -0.00212325 0.00110402 0.999987 0.00488575 0.00211811 -0.00488825 0.999986 -0.0429656 0.137233 -0.191969
FixedParameters: 0 0 0

#Transform 106
Transform: AffineTransform_float_3_3
Parameters: 0.999997 -0.00112611 -0.00219975 0.00113671 0.999988 0.00483744 0.00219441 -0.00483956 0.999986 -0.019184 0.135323 -0.17149
FixedParameters: 0 0 0

#Transform 107
Transform: AffineTransform_float_3_3
Parameters: 0.999998 -0.00105297 -0.00202437 0.00106191 0.999988 0.00471479 0.00201869 -0.00471621 0.999987 -0.0141943 0.140754 -0.173614
FixedParameters: 0 0 0

#Transform 108
Transform: AffineTransform_float_3_3
Parameters: 0.999997 -0.00126378 -0.00212904 0.00127318 0.999988 0.00471423 0.00212269 -0.00471677 0.999986 -0.0133978 0.140488 -0.193496
FixedParameters: 0 0 0

#Transform 109
Transform: AffineTransform_float_3_3
Parameters: 0.999997 -0.00120366 -0.00238408 0.00121454 0.999988 0.00471441 0.00237868 -0.00471659 0.999986 -0.0140955 0.126139 -0.169453
FixedParameters: 0 0 0

#Transform 110
Transform: AffineTransform_float_3_3
Parameters: 0.999998 -0.00140011 -0.00185157 0.00140756 0.999989 0.00429133 0.00184527 -0.00429367 0.999989 0.0173134 0.109403 -0.140713
FixedParameters: 0 0 0

#Transform 111
Transform: AffineTransform_float_3_3
Parameters: 0.999998 -0.00145063 -0.00182289 0.00145874 0.999989 0.00443292 0.00181666 -0.00443608 0.999988 -0.000402284 0.103827 -0.142263
FixedParameters: 0 0 0

#Transform 112
Transform: AffineTransform_float_3_3
Parameters: 0.999996 -0.00156489 -0.00209601 0.00157395 0.999988 0.00452449 0.00208925 -0.00452751 0.999987 0.00436063 0.0908245 -0.153614
FixedParameters: 0 0 0

#Transform 113
Transform: AffineTransform_float_3_3
Parameters: 0.999997 -0.00149951 -0.00188476 0.00150791 0.99999 0.00436658 0.00187829 -0.00436941 0.999988 0.0176598 0.101454 -0.128397
FixedParameters: 0 0 0

#Transform 114
Transform: AffineTransform_float_3_3
Parameters: 0.999997 -0.00167646 -0.00205013 0.00168501 0.999989 0.00427433 0.00204281 -0.00427766 0.999988 -0.00540178 0.107004 -0.147273
FixedParameters: 0 0 0

#Transform 115
Transform: AffineTransform_float_3_3
Parameters: 0.999997 -0.00153114 -0.00196712 0.00154045 0.999988 0.00464776 0.0019599 -0.00465024 0.999987 -0.00732582 0.0986531 -0.151475
FixedParameters: 0 0 0

#Transform 116
Transform: AffineTransform_float_3_3
Parameters: 0.999996 -0.00156055 -0.00203719 0.00157043 0.999988 0.00462974 0.00202974 -0.00463326 0.999988 0.00645345 0.105963 -0.15467
FixedParameters: 0 0 0

#Transform 117
Transform: AffineTransform_float_3_3
Parameters: 0.999998 -0.00143693 -0.00173952 0.00144426 0.99999 0.00415407 0.00173383 -0.00415694 0.99999 0.00691166 0.110255 -0.150782
FixedParameters: 0 0 0

#Transform 118
Transform: AffineTransform_float_3_3
Parameters: 0.999998 -0.0015536 -0.00169033 0.00155955 0.999992 0.00386879 0.00168456 -0.00387121 0.999991 -0.00129829 0.119475 -0.157416
FixedParameters: 0 0 0

#Transform 119
Transform: AffineTransform_float_3_3
Parameters: 0.999997 -0.0017137 -0.00205619 0.0017223 0.999989 0.00427424 0.00204856 -0.00427775 0.999988 -0.00781842 0.107995 -0.160614
FixedParameters: 0 0 0

#Transform 120
Transform: AffineTransform_float_3_3
Parameters: 0.999997 -0.00156985 -0.0018518 0.00157698 0.999991 0.00409851 0.00184556 -0.0041015 0.99999 -0.00315124 0.107744 -0.161998
FixedParameters: 0 0 0

#Transform 121
Transform: AffineTransform_float_3_3
Parameters: 0.999997 -0.0018844 -0.00167925 0.00189115 0.999992 0.0037441 0.00167192 -0.0037469 0.999992 -0.00329368 0.105361 -0.160353
FixedParameters: 0 0 0

#Transform 122
Transform: AffineTransform_float_3_3
Parameters: 0.999997 -0.0015828 -0.00190478 0.00159058 0.999991 0.00391239 0.00189863 -0.0039156 0.99999 -0.00784967 0.110521 -0.162057
FixedParameters: 0 0 0

#Transform 123
Transform: AffineTransform_float_3_3
Parameters: 0.999998 -0.00154514 -0.00174062 0.00155191 0.999991 0.00399508 0.00173452 -0.00399692 0.999991 -0.00785068 0.106444 -0.177535
FixedParameters: 0 0 0

#Transform 124
Transform: AffineTransform_float_3_3
Parameters: 0.999997 -0.00181818 -0.0015216 0.00182467 0.999992 0.00374414 0.00151437 -0.00374686 0.999991 -0.0037584 0.0997053 -0.157829
FixedParameters: 0 0 0

#Transform 125
Transform: AffineTransform_float_3_3
Parameters: 0.999997 -0.00163837 -0.0020907 0.00164626 0.999992 0.00381299 0.00208483 -0.00381701 0.99999 0.007271 0.101789 -0.161022
FixedParameters: 0 0 0

#Transform 126
Transform: AffineTransform_float_3_3
Parameters: 0.999997 -0.00165605 -0.00211684 0.00166477 0.999991 0.00374426 0.00211068 -0.00374773 0.99999 0.0135953 0.100628 -0.167084
FixedParameters: 0 0 0

#Transform 127
Transform: AffineTransform_float_3_3
Parameters: 0.999996 -0.0016041 -0.00207363 0.00161144 0.999992 0.00380609 0.00206713 -0.00380991 0.99999 0.0204169 0.110886 -0.179264
FixedParameters: 0 0 0

#Transform 128
Transform: AffineTransform_float_3_3
Parameters: 0.999997 -0.00161068 -0.00191693 0.00161764 0.999991 0.00391369 0.00191096 -0.00391632 0.999991 -0.00188984 0.119697 -0.166929
FixedParameters: 0 0 0

#Transform 129
Transform: AffineTransform_float_3_3
Parameters: 0.999997 -0.00162998 -0.00190761 0.00163714 0.999991 0.00374466 0.00190165 -0.00374734 0.999991 0.00860772 0.115026 -0.15547
FixedParameters: 0 0 0

#Transform 130
Transform: AffineTransform_float_3_3
Parameters: 0.999996 -0.00167618 -0.00196931 0.00168321 0.999992 0.00346047 0.00196264 -0.00346353 0.999992 0.0236926 0.104073 -0.167132
FixedParameters: 0 0 0

#Transform 131
Transform: AffineTransform_float_3_3
Parameters: 0.999997 -0.00182274 -0.00159937 0.00182823 0.999994 0.00324635 0.00159393 -0.00324865 0.999994 0.0251547 0.11198 -0.16564
FixedParameters: 0 0 0

#Transform 132
Transform: AffineTransform_float_3_3
Parameters: 0.999997 -0.00179369 -0.00204671 0.00180021 0.999993 0.0033341 0.002041 -0.0033379 0.999993 0.00379146 0.11279 -0.186032
FixedParameters: 0 0 0

#Transform 133
Transform: AffineTransform_float_3_3
Parameters: 0.999995 -0.00204946 -0.00250035 0.0020593 0.999991 0.00368421 0.00249319 -0.00368879 0.99999 0.0162788 0.104739 -0.17181
FixedParameters: 0 0 0

#Transform 134
Transform: AffineTransform_float_3_3
Parameters: 0.999996 -0.00146566 -0.00240411 0.00147434 0.999991 0.00402576 0.00239788 -0.00402924 0.999989 0.00550592 0.117538 -0.222288
FixedParameters: 0 0 0

#Transform 135
Transform: AffineTransform_float_3_3
Parameters: 0.999995 -0.00168585 -0.00249547 0.00169813 0.999987 0.00481107 0.00248741 -0.00481593 0.999986 -0.00600701 0.140935 -0.181873
FixedParameters: 0 0 0

#Transform 136
Transform: AffineTransform_float_3_3
Parameters: 0.999993 -0.00186576 -0.00306238 0.0018763 0.999991 0.00369713 0.00305585 -0.00370287 0.999988 0.00553303 0.122204 -0.164542
FixedParameters: 0 0 0

#Transform 137
Transform: AffineTransform_float_3_3
Parameters: 0.999995 -0.00180596 -0.00229543 0.00181339 0.999993 0.00337199 0.00228989 -0.00337602 0.999992 -0.0132741 0.127308 -0.192704
FixedParameters: 0 0 0

#Transform 138
Transform: AffineTransform_float_3_3
Parameters: 0.999994 -0.00171339 -0.00279578 0.00172497 0.99999 0.00407505 0.00278868 -0.00407895 0.999988 0.00158763 0.120446 -0.169585
FixedParameters: 0 0 0

#Transform 139
Transform: AffineTransform_float_3_3
Parameters: 0.999995 -0.00170856 -0.00262858 0.00171927 0.999991 0.00399299 0.00262141 -0.00399701 0.999989 -0.00470191 0.118729 -0.172476
FixedParameters: 0 0 0

#Transform 140
Transform: AffineTransform_float_3_3
Parameters: 0.999996 -0.00153666 -0.00265715 0.00154602 0.999992 0.00352055 0.00265243 -0.00352445 0.99999 -0.0168673 0.110341 -0.166891
FixedParameters: 0 0 0

#Transform 141
Transform: AffineTransform_float_3_3
Parameters: 0.999994 -0.00169455 -0.0029554 0.00170594 0.999991 0.00381998 0.00294932 -0.00382501 0.999988 -0.00893245 0.106163 -0.138204
FixedParameters: 0 0 0

#Transform 142
Transform: AffineTransform_float_3_3
Parameters: 0.999996 -0.00197437 -0.00234244 0.00198383 0.99999 0.00404651 0.00233479 -0.0040515 0.99999 0.00466151 0.110854 -0.138767
FixedParameters: 0 0 0

#Transform 143
Transform: AffineTransform_float_3_3
Parameters: 0.999996 -0.00196391 -0.0023163 0.00197241 0.999991 0.00388443 0.00230938 -0.00388857 0.99999 -0.000252469 0.109345 -0.147159
FixedParameters: 0 0 0

#Transform 144
Transform: AffineTransform_float_3_3
Parameters: 0.999995 -0.00201096 -0.00242771 0.00201953 0.999991 0.0038031 0.00241982 -0.00380791 0.99999 -0.0165326 0.110063 -0.141949
FixedParameters: 0 0 0

#Transform 145
Transform: AffineTransform_float_3_3
Parameters: 0.999995 -0.00201443 -0.00243353 0.00202284 0.999992 0.00348843 0.00242741 -0.00349257 0.999991 -0.0165229 0.113148 -0.135688
FixedParameters: 0 0 0

#Transform 146
Transform: AffineTransform_float_3_3
Parameters: 0.999995 -0.00207842 -0.0025856 0.0020874 0.999991 0.00346996 0.00257819 -0.00347504 0.99999 0.0027062 0.119448 -0.0973087
FixedParameters: 0 0 0

#Transform 147
Transform: AffineTransform_float_3_3
Parameters: 0.999995 -0.0020187 -0.00244615 0.00202742 0.999991 0.00380404 0.0024382 -0.00380896 0.99999 -0.0210876 0.10281 -0.135722
FixedParameters: 0 0 0

#Transform 148
Transform: AffineTransform_float_3_3
Parameters: 0.999995 -0.00209462 -0.00262683 0.00210413 0.999991 0.00379147 0.00261966 -0.00379753 0.999989 0.00288146 0.121069 -0.171124
FixedParameters: 0 0 0

#Transform 149
Transform: AffineTransform_float_3_3
Parameters: 0.999995 -0.00199785 -0.00239133 0.00200478 0.999993 0.00313035 0.00238545 -0.00313565 0.999992 -0.0130536 0.12108 -0.13949
FixedParameters: 0 0 0

#Transform 150
Transform: AffineTransform_float_3_3
Parameters: 0.999994 -0.00212015 -0.00268402 0.00212928 0.999992 0.00336964 0.00267675 -0.00337535 0.999991 -0.0125477 0.101786 -0.138447
FixedParameters: 0 0 0

#Transform 151
Transform: AffineTransform_float_3_3
Parameters: 0.999994 -0.00190687 -0.00286285 0.00191746 0.999992 0.00364502 0.00285543 -0.00365097 0.999989 -0.0043494 0.107478 -0.144318
FixedParameters: 0 0 0

#Transform 152
Transform: AffineTransform_float_3_3
Parameters: 0.999993 -0.00217807 -0.00282124 0.00218688 0.999992 0.00331119 0.00281423 -0.00331781 0.99999 -0.0126149 0.118669 -0.160446
FixedParameters: 0 0 0

#Transform 153
Transform: AffineTransform_float_3_3
Parameters: 0.999993 -0.00188712 -0.00323226 0.00189828 0.999992 0.0034581 0.00322608 -0.0034639 0.999989 -0.03339 0.121904 -0.171693
FixedParameters: 0 0 0

#Transform 154
Transform: AffineTransform_float_3_3
Parameters: 0.999994 -0.00179393 -0.00301211 0.00180469 0.999993 0.00333759 0.00300623 -0.00334341 0.999991 -0.0308672 0.128958 -0.151118
FixedParameters: 0 0 0

#Transform 155
Transform: AffineTransform_float_3_3
Parameters: 0.999993 -0.00165766 -0.00354674 0.00166913 0.999993 0.00330398 0.00354081 -0.00331002 0.999988 -0.0383084 0.121695 -0.13271
FixedParameters: 0 0 0

#Transform 156
Transform: AffineTransform_float_3_3
Parameters: 0.999992 -0.00202829 -0.00341673 0.00203879 0.999993 0.00303827 0.00341089 -0.00304573 0.999989 -0.0405149 0.120845 -0.153413
FixedParameters: 0 0 0

#Transform 157
Transform: AffineTransform_float_3_3
Parameters: 0.999992 -0.00207034 -0.0032027 0.00207991 0.999993 0.00309642 0.00319637 -0.00310258 0.99999 -0.0389136 0.110073 -0.144378
FixedParameters: 0 0 0

#Transform 158
Transform: AffineTransform_float_3_3
Parameters: 0.999993 -0.00213581 -0.00314481 0.00214574 0.999992 0.00314849 0.00313877 -0.00315551 0.99999 -0.0227623 0.121904 -0.157035
FixedParameters: 0 0 0

#Transform 159
Transform: AffineTransform_float_3_3
Parameters: 0.999993 -0.00246094 -0.00254246 0.00246847 0.999993 0.00306257 0.00253402 -0.00306943 0.999992 -0.0211145 0.118867 -0.145922
FixedParameters: 0 0 0

#Transform 160
Transform: AffineTransform_float_3_3
Parameters: 0.999993 -0.00255629 -0.00290472 0.00256585 0.999992 0.00296112 0.00289712 -0.00296888 0.999991 -0.0197912 0.107976 -0.147895
FixedParameters: 0 0 0

#Transform 161
Transform: AffineTransform_float_3_3
Parameters: 0.999993 -0.00249128 -0.002751 0.00249997 0.999992 0.00304169 0.00274247 -0.0030483 0.999992 -0.00954904 0.101687 -0.125787
FixedParameters: 0 0 0

#Transform 162
Transform: AffineTransform_float_3_3
Parameters: 0.999993 -0.00256335 -0.00250138 0.00257144 0.999992 0.00296162 0.00249335 -0.00296737 0.999992 0.00453005 0.10496 -0.122974
FixedParameters: 0 0 0

#Transform 163
Transform: AffineTransform_float_3_3
Parameters: 0.999994 -0.00273685 -0.00222556 0.0027452 0.99999 0.00363023 0.00221547 -0.00363677 0.999991 0.00968482 0.0887796 -0.110983
FixedParameters: 0 0 0

#Transform 164
Transform: AffineTransform_float_3_3
Parameters: 0.999994 -0.00280041 -0.00237534 0.00280901 0.99999 0.00345202 0.00236578 -0.00345897 0.999991 0.00608742 0.0996898 -0.117763
FixedParameters: 0 0 0

#Transform 165
Transform: AffineTransform_float_3_3
Parameters: 0.999994 -0.00301126 -0.00181926 0.00301748 0.999989 0.00349733 0.00180851 -0.00350266 0.999992 -0.00531758 0.105157 -0.103703
FixedParameters: 0 0 0

#Transform 166
Transform: AffineTransform_float_3_3
Parameters: 0.999993 -0.00258602 -0.00247752 0.00259437 0.99999 0.00352478 0.00246853 -0.00353122 0.999991 0.00910295 0.115853 -0.136573
FixedParameters: 0 0 0

#Transform 167
Transform: AffineTransform_float_3_3
Parameters: 0.999993 -0.00249833 -0.00279024 0.00250722 0.999992 0.00296157 0.00278298 -0.00296843 0.999992 -0.00976774 0.115965 -0.136911
FixedParameters: 0 0 0

#Transform 168
Transform: AffineTransform_float_3_3
Parameters: 0.999992 -0.00254806 -0.00291572 0.00255891 0.99999 0.00373812 0.00290668 -0.00374589 0.999989 -0.00465113 0.109486 -0.155551
FixedParameters: 0 0 0

#Transform 169
Transform: AffineTransform_float_3_3
Parameters: 0.999993 -0.00251002 -0.00282165 0.00251987 0.999991 0.00335846 0.00281403 -0.00336554 0.99999 0.00432183 0.113161 -0.141846
FixedParameters: 0 0 0

#Transform 170
Transform: AffineTransform_float_3_3
Parameters: 0.999993 -0.00255492 -0.0029341 0.00256453 0.999991 0.00341205 0.00292537 -0.00341995 0.99999 0.0164146 0.113018 -0.1475
FixedParameters: 0 0 0

#Transform 171
Transform: AffineTransform_float_3_3
Parameters: 0.999992 -0.0024713 -0.00290015 0.00248215 0.99999 0.00366737 0.00289073 -0.00367462 0.999989 -0.00333925 0.119469 -0.165602
FixedParameters: 0 0 0

#Transform 172
Transform: AffineTransform_float_3_3
Parameters: 0.999992 -0.00258647 -0.00282445 0.00259729 0.99999 0.00352724 0.00281543 -0.00353476 0.99999 -0.00247108 0.114383 -0.151607
FixedParameters: 0 0 0

#Transform 173
Transform: AffineTransform_float_3_3
Parameters: 0.999992 -0.00258882 -0.00282867 0.00259845 0.999991 0.00337986 0.00281949 -0.00338814 0.99999 0.00368421 0.117461 -0.166452
FixedParameters: 0 0 0

#Transform 174
Transform: AffineTransform_float_3_3
Parameters: 0.999993 -0.00255321 -0.00274511 0.00256296 0.99999 0.00350518 0.00273553 -0.00351282 0.99999 0.00579462 0.11524 -0.175509
FixedParameters: 0 0 0

#Transform 175
Transform: AffineTransform_float_3_3
Parameters: 0.999992 -0.00248437 -0.0030897 0.0024956 0.999991 0.00350186 0.003081 -0.00351013 0.999989 -0.0150176 0.114867 -0.147749
FixedParameters: 0 0 0

#Transform 176
Transform: AffineTransform_float_3_3
Parameters: 0.999993 -0.00231432 -0.00299739 0.00232451 0.999992 0.00350161 0.00298897 -0.0035084 0.999989 0.00828279 0.118623 -0.157803
FixedParameters: 0 0 0

#Transform 177
Transform: AffineTransform_float_3_3
Parameters: 0.999994 -0.00241644 -0.00242646 0.00242527 0.99999 0.00369797 0.00241783 -0.00370404 0.99999 0.00188328 0.118937 -0.173199
FixedParameters: 0 0 0

#Transform 178
Transform: AffineTransform_float_3_3
Parameters: 0.999992 -0.00260985 -0.00278547 0.00261962 0.999989 0.00362427 0.00277526 -0.00363172 0.99999 -0.00224409 0.11847 -0.164277
FixedParameters: 0 0 0

#Transform 179
Transform: AffineTransform_float_3_3
Parameters: 0.999993 -0.00269525 -0.00254737 0.00270408 0.999991 0.00333881 0.00253822 -0.00334619 0.999991 0.00477749 0.131328 -0.147636
FixedParameters: 0 0 0
