#Insight Transform File V1.0
#Transform 0
Transform: AffineTransform_float_3_3
Parameters: 1 1.34257e-05 -0.000595063 -1.46004e-05 0.999998 -0.00208799 0.000595534 0.00208801 0.999997 0.0979592 0.196232 0.603516
FixedParameters: 0 0 0

#Transform 1
Transform: AffineTransform_float_3_3
Parameters: 1 0.00116311 0.000252838 -0.00116322 1 0.000208194 -0.000252353 -0.000208806 1 -0.0511018 -0.0203584 -0.126873
FixedParameters: 0 0 0

#Transform 2
Transform: AffineTransform_float_3_3
Parameters: 1 0.000879775 0.000523733 -0.000879524 0.999999 -0.00024046 -0.000524156 0.000239539 1 -0.0306321 -0.0110381 -0.123253
FixedParameters: 0 0 0

#Transform 3
Transform: AffineTransform_float_3_3
Parameters: 1 0.00114479 0.000411324 -0.00114472 0.999999 -7.86233e-05 -0.000411504 7.8376e-05 0.999999 -0.0414369 -0.0271111 -0.152612
FixedParameters: 0 0 0

#Transform 4
Transform: AffineTransform_float_3_3
Parameters: 1 0.00102675 9.0197e-05 -0.00102718 0.999999 0.000231908 -9.0641e-05 -0.000232093 1 0.0105813 -0.00491709 -0.131911
FixedParameters: 0 0 0

#Transform 5
Transform: AffineTransform_float_3_3
Parameters: 0.999999 0.00152203 0.00025203 -0.00152177 0.999999 0.000536105 -0.000251708 -0.000536896 0.999999 -0.0511008 -0.0216721 -0.200148
FixedParameters: 0 0 0

#Transform 6
Transform: AffineTransform_float_3_3
Parameters: 0.999999 0.00116859 0.000401525 -0.00116878 0.999999 0.000231378 -0.000400984 -0.000231621 0.999999 -0.0171722 -0.0149364 -0.184836
FixedParameters: 0 0 0

#Transform 7
Transform: AffineTransform_float_3_3
Parameters: 0.999999 0.00116856 0.000401636 -0.00116882 0.999999 0.000325531 -0.000400874 -0.000326469 1 -0.0281306 -0.0125304 -0.177947
FixedParameters: 0 0 0

#Transform 8
Transform: AffineTransform_float_3_3
Parameters: 1 0.00104896 0.000452205 -0.00104817 0.999999 0.000147526 -0.000452285 -0.000148475 1 -0.0101038 -0.00156678 -0.186472
FixedParameters: 0 0 0

#Transform 9
Transform: AffineTransform_float_3_3
Parameters: 0.999999 0.00116843 0.00040202 -0.00116934 0.999999 0.000654531 -0.00040141 -0.00065547 1 -0.0339065 -0.00272597 -0.221054
FixedParameters: 0 0 0

#Transform 10
Transform: AffineTransform_float_3_3
Parameters: 1 0.000943112 0.000497082 -0.000942295 0.999999 0.000103532 -0.000497277 -0.000104469 1 -0.0187452 0.00189498 -0.229693
FixedParameters: 0 0 0

#Transform 11
Transform: AffineTransform_float_3_3
Parameters: 0.999999 0.000799477 0.000558064 -0.000799653 0.999999 0.000157554 -0.000557811 -0.000158446 1 -0.0104918 0.0147814 -0.214739
FixedParameters: 0 0 0

#Transform 12
Transform: AffineTransform_float_3_3
Parameters: 0.999999 0.000819781 0.000549394 -0.000819851 1 6.3397e-05 -0.000549289 -6.36031e-05 0.999999 -0.0225697 -0.00472161 -0.248016
FixedParameters: 0 0 0

#Transform 13
Transform: AffineTransform_float_3_3
Parameters: 0.999999 0.000817882 0.000550262 -0.000818069 1 0.000169397 -0.000549984 -0.000169603 0.999999 -0.0225431 -0.00671893 -0.249656
FixedParameters: 0 0 0

#Transform 14
Transform: AffineTransform_float_3_3
Parameters: 1 0.000871365 0.00052746 -0.000871364 0.999999 -1.45946e-06 -0.000527462 5.40238e-07 1 -0.0276883 -0.0167776 -0.277592
FixedParameters: 0 0 0

#Transform 15
Transform: AffineTransform_float_3_3
Parameters: 1 0.00094308 0.000497144 -0.000943249 0.999999 0.000169379 -0.000496824 -0.000169621 0.999999 -0.0244946 -0.0119919 -0.260425
FixedParameters: 0 0 0

#Transform 16
Transform: AffineTransform_float_3_3
Parameters: 0.999999 0.00104187 0.000881052 -0.00104217 0.999999 0.000169289 -0.000880699 -0.000169711 1 -0.028113 -0.0145183 -0.268416
FixedParameters: 0 0 0

#Transform 17
Transform: AffineTransform_float_3_3
Parameters: 0.999999 0.00108112 0.000883952 -0.0010805 0.999999 0.000169252 -0.000883976 -0.000169749 1 -0.0424258 -0.00523375 -0.232636
FixedParameters: 0 0 0

#Transform 18
Transform: AffineTransform_float_3_3
Parameters: 0.999999 0.00106873 0.000788184 -0.00106939 0.999999 0.000169364 -0.000788742 -0.000169636 1 -0.0357083 0.00699455 -0.233285
FixedParameters: 0 0 0

#Transform 19
Transform: AffineTransform_float_3_3
Parameters: 1 0.000755149 0.00072244 -0.000755393 1 0.000169302 -0.000722184 -0.000169698 0.999999 -0.022001 0.00792189 -0.243333
FixedParameters: 0 0 0

#Transform 20
Transform: AffineTransform_float_3_3
Parameters: 1 0.000814626 0.000796058 -0.000815287 1 0.000169558 -0.000796702 -0.000169442 1 -0.0234919 0.00642446 -0.256095
FixedParameters: 0 0 0

#Transform 21
Transform: AffineTransform_float_3_3
Parameters: 0.999999 0.00068716 0.000605724 -0.000687366 0.999999 0.000169584 -0.00060549 -0.000170416 1 -0.0203706 -0.0111383 -0.288076
FixedParameters: 0 0 0

#Transform 22
Transform: AffineTransform_float_3_3
Parameters: 1 0.000457976 0.000518223 -0.000457845 1 -0.00012639 -0.000518339 0.00012661 0.999999 0.000667483 0.00246406 -0.252412
FixedParameters: 0 0 0

#Transform 23
Transform: AffineTransform_float_3_3
Parameters: 0.999998 0.00101577 0.0012343 -0.00101527 0.999999 0.000168954 -0.00123435 -0.000170047 0.999999 -0.0440687 0.0086436 -0.276367
FixedParameters: 0 0 0

#Transform 24
Transform: AffineTransform_float_3_3
Parameters: 0.999999 0.000939218 0.00105387 -0.000938655 1 0.000169218 -0.00105395 -0.000169783 0.999999 -0.0270263 0.00529266 -0.26841
FixedParameters: 0 0 0

#Transform 25
Transform: AffineTransform_float_3_3
Parameters: 0.999999 0.000923986 0.00101797 -0.00092341 1 0.000169267 -0.00101805 -0.000169734 0.999999 -0.0265719 0.000801993 -0.275476
FixedParameters: 0 0 0

#Transform 26
Transform: AffineTransform_float_3_3
Parameters: 0.999999 0.000803854 0.00117328 -0.000804668 0.999999 0.000346416 -0.00117272 -0.000347583 0.999999 -0.0249643 -0.00833531 -0.278566
FixedParameters: 0 0 0

#Transform 27
Transform: AffineTransform_float_3_3
Parameters: 0.999999 0.000878211 0.000910338 -0.000878144 0.999999 0.000253561 -0.000911204 -0.000254441 1 -0.0252569 -0.000459056 -0.282333
FixedParameters: 0 0 0

#Transform 28
Transform: AffineTransform_float_3_3
Parameters: 1 0.0010013 0.000404061 -0.00100057 0.999999 0.000234443 -0.000403983 -0.000234557 0.999999 -0.0377829 -0.0105138 -0.281488
FixedParameters: 0 0 0

#Transform 29
Transform: AffineTransform_float_3_3
Parameters: 1 0.000511495 0.000887716 -0.000511539 1 2.49057e-05 -0.000887691 -2.50945e-05 1 -0.00182706 0.00676984 -0.266464
FixedParameters: 0 0 0

#Transform 30
Transform: AffineTransform_float_3_3
Parameters: 1 0.000643962 0.00094785 -0.000644028 1 0.000520597 -0.00094757 -0.000520404 0.999999 -0.0210504 0.00232253 -0.243438
FixedParameters: 0 0 0

#Transform 31
Transform: AffineTransform_float_3_3
Parameters: 0.999999 0.000513392 0.00082396 -0.000513102 1 0.000382937 -0.000823958 -0.000383064 1 -0.0181514 0.00534082 -0.238314
FixedParameters: 0 0 0

#Transform 32
Transform: AffineTransform_float_3_3
Parameters: 1 0.000602526 0.00104584 -0.000603766 0.999999 0.000845729 -0.00104613 -0.000846271 0.999999 -0.00387697 0.0158887 -0.210706
FixedParameters: 0 0 0

#Transform 33
Transform: AffineTransform_float_3_3
Parameters: 1 0.000361874 0.0011673 -0.000362861 0.999999 0.000816936 -0.0011671 -0.000817063 0.999999 0.000100411 0.0248351 -0.253002
FixedParameters: 0 0 0

#Transform 34
Transform: AffineTransform_float_3_3
Parameters: 0.999999 4.40139e-05 0.000878375 -4.45694e-05 0.999999 0.000840321 -0.000878691 -0.000839679 0.999999 0.0070145 0.00257936 -0.271951
FixedParameters: 0 0 0

#Transform 35
Transform: AffineTransform_float_3_3
Parameters: 0.999999 8.57627e-05 0.00131379 -8.6206e-05 1 0.000317399 -0.00131282 -0.0003176 0.999999 0.0270098 0.00268787 -0.279009
FixedParameters: 0 0 0

#Transform 36
Transform: AffineTransform_float_3_3
Parameters: 0.999999 5.22163e-05 0.00137449 -5.302e-05 0.999999 0.00076944 -0.00137388 -0.00076956 0.999999 0.0136999 0.00423895 -0.288498
FixedParameters: 0 0 0

#Transform 37
Transform: AffineTransform_float_3_3
Parameters: 0.999998 -0.000184375 0.00170682 0.000182906 0.999999 0.00108398 -0.00170708 -0.00108402 0.999998 0.0203296 -0.0112799 -0.291309
FixedParameters: 0 0 0

#Transform 38
Transform: AffineTransform_float_3_3
Parameters: 0.999998 -0.000400731 0.00156949 0.000399306 1 0.00087178 -0.00156966 -0.000871219 0.999998 0.0720006 0.0197504 -0.274185
FixedParameters: 0 0 0

#Transform 39
Transform: AffineTransform_float_3_3
Parameters: 0.999998 -0.000256002 0.00168927 0.000253362 0.999999 0.00116994 -0.00168934 -0.00116906 0.999998 0.0147044 0.00691833 -0.293605
FixedParameters: 0 0 0

#Transform 40
Transform: AffineTransform_float_3_3
Parameters: 0.999998 -0.000436337 0.00226537 0.000434701 0.999999 0.000940652 -0.00226513 -0.000939348 0.999997 0.0488713 0.0119105 -0.283711
FixedParameters: 0 0 0

#Transform 41
Transform: AffineTransform_float_3_3
Parameters: 0.999998 -0.000760564 0.00220961 0.000757302 0.999999 0.00142134 -0.00220979 -0.00141866 0.999997 0.0839826 0.0108491 -0.296699
FixedParameters: 0 0 0

#Transform 42
Transform: AffineTransform_float_3_3
Parameters: 0.999997 -0.000930352 0.00229487 0.000926618 0.999998 0.00175659 -0.00229562 -0.00175441 0.999996 0.0645795 -0.00565376 -0.310604
FixedParameters: 0 0 0

#Transform 43
Transform: AffineTransform_float_3_3
Parameters: 0.999997 -0.000985456 0.00249687 0.000981375 0.999999 0.00142191 -0.00249768 -0.00141909 0.999996 0.106049 0.0149876 -0.285241
FixedParameters: 0 0 0

#Transform 44
Transform: AffineTransform_float_3_3
Parameters: 0.999997 -0.00150208 0.00221247 0.00149854 0.999998 0.00148006 -0.00221492 -0.00147694 0.999996 0.130177 0.0147775 -0.271194
FixedParameters: 0 0 0

#Transform 45
Transform: AffineTransform_float_3_3
Parameters: 0.999996 -0.00141789 0.00217628 0.00141466 0.999998 0.00173618 -0.00217869 -0.00173282 0.999996 0.118621 0.00439996 -0.283884
FixedParameters: 0 0 0

#Transform 46
Transform: AffineTransform_float_3_3
Parameters: 0.999996 -0.00147035 0.00208657 0.00146663 0.999998 0.00130016 -0.00208893 -0.00129683 0.999997 0.168712 0.0306103 -0.265253
FixedParameters: 0 0 0

#Transform 47
Transform: AffineTransform_float_3_3
Parameters: 0.999997 -0.00149021 0.00220734 0.00148648 0.999998 0.00152718 -0.0022099 -0.00152482 0.999997 0.134906 -0.00112419 -0.300055
FixedParameters: 0 0 0

#Transform 48
Transform: AffineTransform_float_3_3
Parameters: 0.999994 -0.00141567 0.00297713 0.00141219 0.999999 0.00109161 -0.00297823 -0.00108739 0.999995 0.174502 0.0389369 -0.228655
FixedParameters: 0 0 0

#Transform 49
Transform: AffineTransform_float_3_3
Parameters: 0.999993 -0.00202697 0.00293912 0.0020231 0.999997 0.00117379 -0.00294188 -0.00116821 0.999995 0.201161 0.0473339 -0.203915
FixedParameters: 0 0 0

#Transform 50
Transform: AffineTransform_float_3_3
Parameters: 0.999993 -0.00207959 0.00288611 0.00207503 0.999996 0.00160784 -0.00288935 -0.00160216 0.999995 0.20303 0.0288545 -0.216032
FixedParameters: 0 0 0

#Transform 51
Transform: AffineTransform_float_3_3
Parameters: 0.999994 -0.00219089 0.0026168 0.00218784 0.999997 0.00141006 -0.00262045 -0.00140494 0.999996 0.209799 0.0405655 -0.211695
FixedParameters: 0 0 0

#Transform 52
Transform: AffineTransform_float_3_3
Parameters: 0.999994 -0.00217181 0.00271483 0.00216886 0.999997 0.00117358 -0.00271701 -0.00116742 0.999996 0.208966 0.0297416 -0.250241
FixedParameters: 0 0 0

#Transform 53
Transform: AffineTransform_float_3_3
Parameters: 0.999993 -0.00220111 0.00310633 0.00219598 0.999996 0.00143982 -0.00310883 -0.00143318 0.999994 0.208089 0.0228681 -0.269148
FixedParameters: 0 0 0

#Transform 54
Transform: AffineTransform_float_3_3
Parameters: 0.999993 -0.00248007 0.00256859 0.00247778 0.999996 0.00111134 -0.00257119 -0.00110566 0.999996 0.246423 0.0335105 -0.21647
FixedParameters: 0 0 0

#Transform 55
Transform: AffineTransform_float_3_3
Parameters: 0.999993 -0.00264182 0.00273493 0.00263666 0.999996 0.00163883 -0.00273974 -0.00163217 0.999995 0.24675 0.0350192 -0.227163
FixedParameters: 0 0 0

#Transform 56
Transform: AffineTransform_float_3_3
Parameters: 0.999994 -0.00257814 0.00260816 0.00257381 0.999995 0.00163554 -0.00261183 -0.00162846 0.999995 0.265363 0.0460818 -0.206506
FixedParameters: 0 0 0

#Transform 57
Transform: AffineTransform_float_3_3
Parameters: 0.999994 -0.00258659 0.00234147 0.00258189 0.999996 0.00161887 -0.00234561 -0.00161313 0.999996 0.276681 0.039434 -0.220058
FixedParameters: 0 0 0

#Transform 58
Transform: AffineTransform_float_3_3
Parameters: 0.999993 -0.0027853 0.00242106 0.00278068 0.999995 0.0016302 -0.00242498 -0.0016238 0.999996 0.279211 0.0354795 -0.221564
FixedParameters: 0 0 0

#Transform 59
Transform: AffineTransform_float_3_3
Parameters: 0.999994 -0.00282867 0.00227984 0.00282417 0.999995 0.00161811 -0.00228476 -0.00161089 0.999996 0.311927 0.0489656 -0.18191
FixedParameters: 0 0 0

#Transform 60
Transform: AffineTransform_float_3_3
Parameters: 0.999993 -0.00278003 0.00257021 0.00277595 0.999994 0.00178675 -0.00257577 -0.00178025 0.999995 0.270436 0.0440786 -0.199271
FixedParameters: 0 0 0

#Transform 61
Transform: AffineTransform_float_3_3
Parameters: 0.999993 -0.00286524 0.0021937 0.00286067 0.999994 0.00178574 -0.00219877 -0.00178026 0.999996 0.292277 0.0402064 -0.178007
FixedParameters: 0 0 0

#Transform 62
Transform: AffineTransform_float_3_3
Parameters: 0.999993 -0.00272233 0.00253341 0.00271614 0.999994 0.0022035 -0.00253879 -0.0021975 0.999994 0.279032 0.0307961 -0.2212
FixedParameters: 0 0 0

#Transform 63
Transform: AffineTransform_float_3_3
Parameters: 0.999993 -0.00279267 0.00253673 0.00278606 0.999993 0.00228069 -0.00254285 -0.00227431 0.999994 0.288349 0.0264738 -0.230098
FixedParameters: 0 0 0

#Transform 64
Transform: AffineTransform_float_3_3
Parameters: 0.999993 -0.0028416 0.00270994 0.00283615 0.999994 0.00185366 -0.00271478 -0.00184533 0.999995 0.291242 0.0337765 -0.220979
FixedParameters: 0 0 0

#Transform 65
Transform: AffineTransform_float_3_3
Parameters: 0.999993 -0.00277549 0.00277043 0.00276914 0.999993 0.00228181 -0.00277595 -0.00227419 0.999994 0.267162 0.0404492 -0.204908
FixedParameters: 0 0 0

#Transform 66
Transform: AffineTransform_float_3_3
Parameters: 0.999992 -0.00300535 0.00270191 0.00299865 0.999993 0.00240173 -0.00270919 -0.00239327 0.999994 0.275302 0.0351543 -0.217111
FixedParameters: 0 0 0

#Transform 67
Transform: AffineTransform_float_3_3
Parameters: 0.999994 -0.00266323 0.00249624 0.00265773 0.999993 0.00228061 -0.00250217 -0.00227438 0.999994 0.251794 0.0450818 -0.213493
FixedParameters: 0 0 0

#Transform 68
Transform: AffineTransform_float_3_3
Parameters: 0.999993 -0.00265651 0.00269031 0.00264964 0.999993 0.00244611 -0.00269616 -0.00243889 0.999993 0.252434 0.0422227 -0.224998
FixedParameters: 0 0 0

#Transform 69
Transform: AffineTransform_float_3_3
Parameters: 0.999993 -0.00295826 0.00239225 0.00295168 0.999992 0.00268453 -0.00240099 -0.00267746 0.999993 0.266343 0.0446799 -0.211144
FixedParameters: 0 0 0

#Transform 70
Transform: AffineTransform_float_3_3
Parameters: 0.999992 -0.00288343 0.00295417 0.0028773 0.999994 0.00219028 -0.00296096 -0.00218172 0.999994 0.258967 0.0430048 -0.23671
FixedParameters: 0 0 0

#Transform 71
Transform: AffineTransform_float_3_3
Parameters: 0.999992 -0.00310482 0.00255323 0.00309839 0.999993 0.00231002 -0.00256003 -0.00230198 0.999994 0.286976 0.0373506 -0.201484
FixedParameters: 0 0 0

#Transform 72
Transform: AffineTransform_float_3_3
Parameters: 0.999991 -0.00299091 0.00300816 0.00298449 0.999993 0.00219991 -0.00301547 -0.00219109 0.999994 0.262985 0.0391692 -0.195641
FixedParameters: 0 0 0

#Transform 73
Transform: AffineTransform_float_3_3
Parameters: 0.999992 -0.00308135 0.00259909 0.00307478 0.999992 0.00247262 -0.00260718 -0.00246438 0.999994 0.27548 0.0471299 -0.203229
FixedParameters: 0 0 0

#Transform 74
Transform: AffineTransform_float_3_3
Parameters: 0.999992 -0.00291652 0.00282694 0.0029103 0.999993 0.00221164 -0.00283269 -0.00220436 0.999993 0.263358 0.0497025 -0.210033
FixedParameters: 0 0 0

#Transform 75
Transform: AffineTransform_float_3_3
Parameters: 0.999991 -0.00315094 0.0026708 0.00314447 0.999992 0.00246067 -0.00267824 -0.00245234 0.999994 0.276324 0.0447457 -0.202531
FixedParameters: 0 0 0

#Transform 76
Transform: AffineTransform_float_3_3
Parameters: 0.999992 -0.00301536 0.00286877 0.00300766 0.999993 0.00243805 -0.00287632 -0.00242995 0.999993 0.2638 0.0456479 -0.197198
FixedParameters: 0 0 0

#Transform 77
Transform: AffineTransform_float_3_3
Parameters: 0.999993 -0.00277278 0.00241373 0.00276689 0.999993 0.0021685 -0.00242006 -0.00216149 0.999995 0.249163 0.0538983 -0.171994
FixedParameters: 0 0 0

#Transform 78
Transform: AffineTransform_float_3_3
Parameters: 0.999992 -0.00275114 0.00287667 0.00274539 0.999994 0.00218403 -0.00288285 -0.00217597 0.999994 0.239369 0.0484583 -0.210503
FixedParameters: 0 0 0

#Transform 79
Transform: AffineTransform_float_3_3
Parameters: 0.999992 -0.00311371 0.00255751 0.00310844 0.999993 0.00218321 -0.00256488 -0.00217579 0.999995 0.268539 0.0499044 -0.16487
FixedParameters: 0 0 0

#Transform 80
Transform: AffineTransform_float_3_3
Parameters: 0.999993 -0.00271912 0.00254139 0.00271323 0.999994 0.00231772 -0.00254777 -0.00231028 0.999994 0.228872 0.0382986 -0.192662
FixedParameters: 0 0 0

#Transform 81
Transform: AffineTransform_float_3_3
Parameters: 0.999992 -0.0029638 0.00249532 0.0029588 0.999994 0.00191949 -0.00250101 -0.00191251 0.999995 0.277939 0.0588276 -0.135772
FixedParameters: 0 0 0

#Transform 82
Transform: AffineTransform_float_3_3
Parameters: 0.999992 -0.00356296 0.00169325 0.00355922 0.999992 0.00191032 -0.00170039 -0.00190468 0.999997 0.368469 0.0482768 0.0943134
FixedParameters: 0 0 0

#Transform 83
Transform: AffineTransform_float_3_3
Parameters: 0.99999 -0.00402034 0.00225016 0.00401593 0.99999 0.00188076 -0.00225826 -0.00187123 0.999996 0.337295 0.0756651 0.0596312
FixedParameters: 0 0 0

#Transform 84
Transform: AffineTransform_float_3_3
Parameters: 0.999987 -0.00407255 0.0031055 0.00406707 0.99999 0.0017484 -0.00311218 -0.00173659 0.999994 0.29449 0.0716931 0.00188238
FixedParameters: 0 0 0

#Transform 85
Transform: AffineTransform_float_3_3
Parameters: 0.999985 -0.00419859 0.00334428 0.00419309 0.99999 0.00176595 -0.00335193 -0.00175205 0.999993 0.256328 0.0775441 -0.0431743
FixedParameters: 0 0 0

#Transform 86
Transform: AffineTransform_float_3_3
Parameters: 0.999985 -0.00391042 0.00379144 0.00390045 0.999989 0.00254439 -0.00380216 -0.0025296 0.999989 0.199648 0.0818281 -0.011877
FixedParameters: 0 0 0

#Transform 87
Transform: AffineTransform_float_3_3
Parameters: 0.999985 -0.00387673 0.00386672 0.00387109 0.999991 0.00166556 -0.00387285 -0.00165044 0.999991 0.238862 0.0711421 -0.0348588
FixedParameters: 0 0 0

#Transform 88
Transform: AffineTransform_float_3_3
Parameters: 0.999986 -0.00393234 0.00373556 0.00392553 0.999991 0.00175711 -0.0037422 -0.00174189 0.999991 0.223411 0.0748451 -0.0713135
FixedParameters: 0 0 0

#Transform 89
Transform: AffineTransform_float_3_3
Parameters: 0.999985 -0.00387644 0.00386701 0.00387007 0.999991 0.00159156 -0.00387309 -0.00157644 0.999991 0.21821 0.0775526 -0.0941212
FixedParameters: 0 0 0

#Transform 90
Transform: AffineTransform_float_3_3
Parameters: 0.999983 -0.00402503 0.00419361 0.00401893 0.999991 0.0015934 -0.00419964 -0.00157661 0.99999 0.22165 0.0743943 -0.0672249
FixedParameters: 0 0 0

#Transform 91
Transform: AffineTransform_float_3_3
Parameters: 0.999982 -0.00418744 0.00444021 0.00418164 0.999991 0.0014289 -0.00444629 -0.0014101 0.999989 0.236598 0.0800408 -0.0490992
FixedParameters: 0 0 0

#Transform 92
Transform: AffineTransform_float_3_3
Parameters: 0.999983 -0.00433921 0.00408212 0.00433346 0.99999 0.00159336 -0.00408914 -0.00157564 0.99999 0.232185 0.0755318 -0.0592043
FixedParameters: 0 0 0

#Transform 93
Transform: AffineTransform_float_3_3
Parameters: 0.999983 -0.0040104 0.00436438 0.00400336 0.999991 0.00159417 -0.00437129 -0.00157683 0.999989 0.203691 0.0755941 -0.0615833
FixedParameters: 0 0 0

#Transform 94
Transform: AffineTransform_float_3_3
Parameters: 0.99998 -0.00441017 0.00453332 0.00440297 0.999989 0.00159609 -0.00454058 -0.0015759 0.999988 0.233837 0.0903697 -0.0740375
FixedParameters: 0 0 0

#Transform 95
Transform: AffineTransform_float_3_3
Parameters: 0.999979 -0.00456901 0.00460117 0.00456262 0.999988 0.00148592 -0.00460793 -0.00146508 0.999988 0.229845 0.0880709 -0.0846425
FixedParameters: 0 0 0

#Transform 96
Transform: AffineTransform_float_3_3
Parameters: 0.99998 -0.00440556 0.00453138 0.00439838 0.999989 0.00159606 -0.00453862 -0.00157593 0.999988 0.243723 0.0795085 -0.0783865
FixedParameters: 0 0 0

#Transform 97
Transform: AffineTransform_float_3_3
Parameters: 0.999982 -0.00418818 0.00443951 0.00418129 0.99999 0.0015949 -0.00444606 -0.0015761 0.999988 0.205475 0.0739523 -0.108844
FixedParameters: 0 0 0

#Transform 98
Transform: AffineTransform_float_3_3
Parameters: 0.999982 -0.00418818 0.00443951 0.00418129 0.99999 0.0015949 -0.00444606 -0.0015761 0.999988 0.241941 0.0876876 -0.0839399
FixedParameters: 0 0 0

#Transform 99
Transform: AffineTransform_float_3_3
Parameters: 0.999981 -0.00413018 0.00457676 0.00412338 0.999991 0.00159572 -0.00458444 -0.00157627 0.999988 0.212544 0.0828155 -0.0883224
FixedParameters: 0 0 0

#Transform 100
Transform: AffineTransform_float_3_3
Parameters: 0.999982 -0.00430788 0.00429827 0.00430037 0.999989 0.00171882 -0.00430627 -0.00170017 0.999989 0.237219 0.0837721 -0.0834947
FixedParameters: 0 0 0

#Transform 101
Transform: AffineTransform_float_3_3
Parameters: 0.999981 -0.00427994 0.00443632 0.00427242 0.99999 0.00171093 -0.00444323 -0.00169207 0.999988 0.231048 0.0756796 -0.116183
FixedParameters: 0 0 0

#Transform 102
Transform: AffineTransform_float_3_3
Parameters: 0.999981 -0.00423089 0.00433991 0.00422349 0.999989 0.00184082 -0.00434815 -0.00182317 0.999989 0.230491 0.065717 -0.121585
FixedParameters: 0 0 0

#Transform 103
Transform: AffineTransform_float_3_3
Parameters: 0.99998 -0.00429476 0.00475202 0.00428748 0.99999 0.00153302 -0.00475836 -0.00151198 0.999987 0.229928 0.0832444 -0.155646
FixedParameters: 0 0 0

#Transform 104
Transform: AffineTransform_float_3_3
Parameters: 0.99998 -0.00449307 0.00445512 0.00448852 0.999989 0.00113676 -0.00445997 -0.00111724 0.999989 0.259541 0.0840929 -0.125521
FixedParameters: 0 0 0

#Transform 105
Transform: AffineTransform_float_3_3
Parameters: 0.999979 -0.00462259 0.00458507 0.00461713 0.999989 0.00110509 -0.00458952 -0.00108391 0.999989 0.239491 0.0792753 -0.152946
FixedParameters: 0 0 0

#Transform 106
Transform: AffineTransform_float_3_3
Parameters: 0.999978 -0.00494279 0.00436984 0.0049378 0.999987 0.00110462 -0.00437499 -0.00108337 0.99999 0.280552 0.0977858 -0.140607
FixedParameters: 0 0 0

#Transform 107
Transform: AffineTransform_float_3_3
Parameters: 0.999977 -0.00496794 0.00473121 0.00496307 0.999987 0.00110683 -0.00473682 -0.00108316 0.999989 0.261028 0.0937224 -0.140669
FixedParameters: 0 0 0

#Transform 108
Transform: AffineTransform_float_3_3
Parameters: 0.999978 -0.00487328 0.00438609 0.00486823 0.999987 0.00125625 -0.00439203 -0.00123475 0.999989 0.278982 0.101479 -0.15496
FixedParameters: 0 0 0

#Transform 109
Transform: AffineTransform_float_3_3
Parameters: 0.999975 -0.00507559 0.00477965 0.0050728 0.999987 0.000700871 -0.00478282 -0.000677131 0.999988 0.287114 0.101832 -0.150838
FixedParameters: 0 0 0

#Transform 110
Transform: AffineTransform_float_3_3
Parameters: 0.999977 -0.00504748 0.00457201 0.00504249 0.999986 0.00120074 -0.00457782 -0.00117726 0.999988 0.281332 0.0890125 -0.136223
FixedParameters: 0 0 0

#Transform 111
Transform: AffineTransform_float_3_3
Parameters: 0.999976 -0.00502639 0.0046213 0.00502124 0.999986 0.00110604 -0.00462572 -0.00108296 0.999989 0.306855 0.0968307 -0.124714
FixedParameters: 0 0 0

#Transform 112
Transform: AffineTransform_float_3_3
Parameters: 0.999975 -0.00531868 0.00479277 0.00531368 0.999985 0.00110774 -0.00479914 -0.00108225 0.999988 0.313666 0.092537 -0.143403
FixedParameters: 0 0 0

#Transform 113
Transform: AffineTransform_float_3_3
Parameters: 0.999976 -0.00503651 0.00475961 0.00503113 0.999987 0.00119494 -0.00476533 -0.00117106 0.999988 0.287282 0.0931169 -0.155156
FixedParameters: 0 0 0

#Transform 114
Transform: AffineTransform_float_3_3
Parameters: 0.999973 -0.00554445 0.00497518 0.0055385 0.999983 0.00110978 -0.00498074 -0.00108222 0.999988 0.33797 0.094562 -0.15415
FixedParameters: 0 0 0

#Transform 115
Transform: AffineTransform_float_3_3
Parameters: 0.999972 -0.00569996 0.00483206 0.00569373 0.999983 0.00130672 -0.00483967 -0.00127928 0.999987 0.346666 0.0991069 -0.127424
FixedParameters: 0 0 0

#Transform 116
Transform: AffineTransform_float_3_3
Parameters: 0.99997 -0.00568764 0.00514799 0.00568171 0.999983 0.00119976 -0.00515435 -0.00117024 0.999986 0.348539 0.092362 -0.133581
FixedParameters: 0 0 0

#Transform 117
Transform: AffineTransform_float_3_3
Parameters: 0.999972 -0.00555983 0.00489072 0.00555392 0.999983 0.00121788 -0.00489792 -0.00119112 0.999987 0.321303 0.0936982 -0.123079
FixedParameters: 0 0 0

#Transform 118
Transform: AffineTransform_float_3_3
Parameters: 0.999971 -0.00534781 0.00550711 0.00534086 0.999985 0.0011791 -0.00551336 -0.0011499 0.999984 0.306409 0.09524 -0.155449
FixedParameters: 0 0 0

#Transform 119
Transform: AffineTransform_float_3_3
Parameters: 0.999973 -0.005431 0.00492602 0.00542499 0.999985 0.00126065 -0.00493245 -0.00123335 0.999987 0.315877 0.0875922 -0.139544
FixedParameters: 0 0 0

#Transform 120
Transform: AffineTransform_float_3_3
Parameters: 0.999971 -0.00543827 0.0052277 0.00543279 0.999985 0.000975622 -0.00523249 -0.000946375 0.999985 0.311649 0.0965773 -0.128995
FixedParameters: 0 0 0

#Transform 121
Transform: AffineTransform_float_3_3
Parameters: 0.999973 -0.00532738 0.00516997 0.00532192 0.999985 0.00110989 -0.00517546 -0.00108311 0.999986 0.3097 0.0914097 -0.113589
FixedParameters: 0 0 0

#Transform 122
Transform: AffineTransform_float_3_3
Parameters: 0.999972 -0.00534384 0.00513427 0.00533566 0.999984 0.00158614 -0.0051425 -0.00155885 0.999986 0.326882 0.079138 -0.121913
FixedParameters: 0 0 0

#Transform 123
Transform: AffineTransform_float_3_3
Parameters: 0.99997 -0.00546072 0.00535778 0.00545485 0.999985 0.00111176 -0.00536357 -0.00108224 0.999985 0.336949 0.0970244 -0.102662
FixedParameters: 0 0 0

#Transform 124
Transform: AffineTransform_float_3_3
Parameters: 0.999968 -0.00543927 0.00578266 0.00543459 0.999985 0.000748047 -0.00578681 -0.000716947 0.999983 0.301668 0.103556 -0.129049
FixedParameters: 0 0 0

#Transform 125
Transform: AffineTransform_float_3_3
Parameters: 0.999966 -0.00565224 0.00608815 0.00564604 0.999983 0.00111711 -0.00609385 -0.00108289 0.999981 0.297645 0.0901449 -0.121194
FixedParameters: 0 0 0

#Transform 126
Transform: AffineTransform_float_3_3
Parameters: 0.999967 -0.00556185 0.00582188 0.00555586 0.999984 0.00111513 -0.0058283 -0.00108287 0.999983 0.310586 0.0943279 -0.127179
FixedParameters: 0 0 0

#Transform 127
Transform: AffineTransform_float_3_3
Parameters: 0.999968 -0.00552757 0.00590292 0.00552178 0.999984 0.00111553 -0.00590835 -0.00108347 0.999982 0.307868 0.0928037 -0.128739
FixedParameters: 0 0 0

#Transform 128
Transform: AffineTransform_float_3_3
Parameters: 0.999967 -0.0055677 0.00580807 0.00556173 0.999984 0.00111509 -0.0058145 -0.00108291 0.999983 0.297699 0.0969063 -0.139324
FixedParameters: 0 0 0

#Transform 129
Transform: AffineTransform_float_3_3
Parameters: 0.999968 -0.00526077 0.0060484 0.00525254 0.999985 0.00139844 -0.00605569 -0.00136656 0.999981 0.285813 0.0848941 -0.137589
FixedParameters: 0 0 0

#Transform 130
Transform: AffineTransform_float_3_3
Parameters: 0.999965 -0.00553015 0.00618053 0.00551994 0.999983 0.00156222 -0.00618943 -0.00152776 0.999979 0.308663 0.0965306 -0.117373
FixedParameters: 0 0 0

#Transform 131
Transform: AffineTransform_float_3_3
Parameters: 0.999965 -0.00554852 0.00627603 0.00553901 0.999983 0.00158718 -0.00628474 -0.00155282 0.99998 0.299408 0.0802674 -0.109163
FixedParameters: 0 0 0

#Transform 132
Transform: AffineTransform_float_3_3
Parameters: 0.999964 -0.00548148 0.00643807 0.00546956 0.999983 0.00193815 -0.00644934 -0.00190284 0.999977 0.296868 0.0868936 -0.119938
FixedParameters: 0 0 0

#Transform 133
Transform: AffineTransform_float_3_3
Parameters: 0.999963 -0.00542581 0.00656565 0.00541594 0.999984 0.00151664 -0.00657412 -0.00148136 0.999978 0.293002 0.0960756 -0.110182
FixedParameters: 0 0 0

#Transform 134
Transform: AffineTransform_float_3_3
Parameters: 0.999964 -0.0053877 0.0066571 0.00537723 0.999984 0.00163903 -0.00666624 -0.00160396 0.999976 0.275572 0.0968928 -0.130375
FixedParameters: 0 0 0

#Transform 135
Transform: AffineTransform_float_3_3
Parameters: 0.999966 -0.00528733 0.00633281 0.00527679 0.999984 0.00172692 -0.00634256 -0.00169308 0.999979 0.2831 0.091395 -0.126985
FixedParameters: 0 0 0

#Transform 136
Transform: AffineTransform_float_3_3
Parameters: 0.999965 -0.00526994 0.00651826 0.00526027 0.999984 0.00151109 -0.00652621 -0.00147691 0.999978 0.273955 0.0989041 -0.144589
FixedParameters: 0 0 0

#Transform 137
Transform: AffineTransform_float_3_3
Parameters: 0.999964 -0.00540163 0.00657106 0.00539066 0.999984 0.00172851 -0.00658029 -0.00169349 0.999977 0.26519 0.103861 -0.152104
FixedParameters: 0 0 0

#Transform 138
Transform: AffineTransform_float_3_3
Parameters: 0.999965 -0.00551913 0.00629347 0.00550746 0.999983 0.00178493 -0.00630334 -0.00175006 0.999978 0.291906 0.104957 -0.148343
FixedParameters: 0 0 0

#Transform 139
Transform: AffineTransform_float_3_3
Parameters: 0.999963 -0.00533003 0.00674055 0.00531847 0.999985 0.00172945 -0.00674955 -0.00169355 0.999976 0.286472 0.106798 -0.145522
FixedParameters: 0 0 0

#Transform 140
Transform: AffineTransform_float_3_3
Parameters: 0.999961 -0.00536722 0.00692235 0.00535633 0.999984 0.00173099 -0.00693095 -0.00169402 0.999975 0.270044 0.105281 -0.150202
FixedParameters: 0 0 0

#Transform 141
Transform: AffineTransform_float_3_3
Parameters: 0.999964 -0.00530122 0.00661929 0.00528958 0.999984 0.00179582 -0.00662797 -0.00176018 0.999977 0.263598 0.105731 -0.145028
FixedParameters: 0 0 0

#Transform 142
Transform: AffineTransform_float_3_3
Parameters: 0.999964 -0.0053653 0.00665138 0.00535794 0.999985 0.00118107 -0.00665752 -0.00114493 0.999977 0.281363 0.116319 -0.124941
FixedParameters: 0 0 0

#Transform 143
Transform: AffineTransform_float_3_3
Parameters: 0.999965 -0.00548484 0.00619986 0.00547531 0.999984 0.00150221 -0.00620797 -0.00146879 0.999979 0.269003 0.110151 -0.122008
FixedParameters: 0 0 0

#Transform 144
Transform: AffineTransform_float_3_3
Parameters: 0.999967 -0.0054619 0.00605528 0.00545116 0.999984 0.00166897 -0.00606423 -0.00163603 0.99998 0.269312 0.105383 -0.106808
FixedParameters: 0 0 0

#Transform 145
Transform: AffineTransform_float_3_3
Parameters: 0.999966 -0.005647 0.00598943 0.00563695 0.999983 0.00163036 -0.00599855 -0.00159664 0.999981 0.296486 0.106697 -0.083325
FixedParameters: 0 0 0

#Transform 146
Transform: AffineTransform_float_3_3
Parameters: 0.999968 -0.00541727 0.00589161 0.00540734 0.999984 0.00172418 -0.0059014 -0.00169282 0.999982 0.282637 0.105416 -0.100012
FixedParameters: 0 0 0

#Transform 147
Transform: AffineTransform_float_3_3
Parameters: 0.999971 -0.00494495 0.00577414 0.00493304 0.999985 0.00207494 -0.00578434 -0.00204606 0.999981 0.24687 0.104 -0.0818765
FixedParameters: 0 0 0

#Transform 148
Transform: AffineTransform_float_3_3
Parameters: 0.999977 -0.00461127 0.00494972 0.00460289 0.999988 0.00171566 -0.00495817 -0.00169333 0.999986 0.219699 0.110237 -0.0680434
FixedParameters: 0 0 0

#Transform 149
Transform: AffineTransform_float_3_3
Parameters: 0.99998 -0.00450218 0.00445701 0.00449414 0.999989 0.0016138 -0.00446433 -0.00159419 0.999989 0.222837 0.108565 -0.0733909
FixedParameters: 0 0 0

#Transform 150
Transform: AffineTransform_float_3_3
Parameters: 0.999979 -0.00447187 0.00452934 0.00446402 0.999988 0.00171315 -0.00453692 -0.00169385 0.999988 0.221999 0.100427 -0.0748523
FixedParameters: 0 0 0

#Transform 151
Transform: AffineTransform_float_3_3
Parameters: 0.99998 -0.00448627 0.00449526 0.00447854 0.999989 0.00171291 -0.00450288 -0.00169309 0.999988 0.228946 0.099516 -0.0807548
FixedParameters: 0 0 0

#Transform 152
Transform: AffineTransform_float_3_3
Parameters: 0.999979 -0.00445514 0.00456895 0.00444715 0.999989 0.00171325 -0.00457647 -0.00169375 0.999988 0.222747 0.110653 -0.0945655
FixedParameters: 0 0 0

#Transform 153
Transform: AffineTransform_float_3_3
Parameters: 0.99998 -0.00451118 0.0044363 0.00450364 0.999988 0.00171276 -0.00444401 -0.00169324 0.999989 0.228184 0.104137 -0.0838395
FixedParameters: 0 0 0

#Transform 154
Transform: AffineTransform_float_3_3
Parameters: 0.999979 -0.00434229 0.00483608 0.00433338 0.999989 0.00171455 -0.00484323 -0.00169444 0.999987 0.212052 0.111238 -0.112468
FixedParameters: 0 0 0

#Transform 155
Transform: AffineTransform_float_3_3
Parameters: 0.999979 -0.00434445 0.00483414 0.00433423 0.999988 0.00216256 -0.0048432 -0.00214244 0.999986 0.222703 0.102322 -0.120762
FixedParameters: 0 0 0

#Transform 156
Transform: AffineTransform_float_3_3
Parameters: 0.99998 -0.00401306 0.00503238 0.00400297 0.99999 0.00207798 -0.00504157 -0.00205802 0.999986 0.198109 0.105356 -0.169364
FixedParameters: 0 0 0

#Transform 157
Transform: AffineTransform_float_3_3
Parameters: 0.999981 -0.00433809 0.00432953 0.00433053 0.99999 0.00171173 -0.00433756 -0.00169327 0.999989 0.241133 0.107385 -0.142289
FixedParameters: 0 0 0

#Transform 158
Transform: AffineTransform_float_3_3
Parameters: 0.999981 -0.00439262 0.0043552 0.00438489 0.999989 0.00181208 -0.00436246 -0.00179292 0.999989 0.241988 0.111583 -0.153519
FixedParameters: 0 0 0

#Transform 159
Transform: AffineTransform_float_3_3
Parameters: 0.999981 -0.00436612 0.00430304 0.00435838 0.999988 0.00194174 -0.00431173 -0.00192326 0.999989 0.241775 0.100101 -0.14087
FixedParameters: 0 0 0

#Transform 160
Transform: AffineTransform_float_3_3
Parameters: 0.999981 -0.0044754 0.00435787 0.00446654 0.999988 0.00194009 -0.00436657 -0.0019209 0.999988 0.259735 0.104559 -0.136813
FixedParameters: 0 0 0

#Transform 161
Transform: AffineTransform_float_3_3
Parameters: 0.999982 -0.00443849 0.00417728 0.00442906 0.999988 0.00229334 -0.00418752 -0.00227466 0.999989 0.242405 0.103584 -0.140313
FixedParameters: 0 0 0

#Transform 162
Transform: AffineTransform_float_3_3
Parameters: 0.999982 -0.00456443 0.00407126 0.00455684 0.999988 0.00171102 -0.00407967 -0.00169297 0.99999 0.259742 0.11171 -0.126543
FixedParameters: 0 0 0

#Transform 163
Transform: AffineTransform_float_3_3
Parameters: 0.99998 -0.00464183 0.00441226 0.00463438 0.999987 0.00171322 -0.00442041 -0.00169277 0.999989 0.250613 0.109984 -0.147443
FixedParameters: 0 0 0

#Transform 164
Transform: AffineTransform_float_3_3
Parameters: 0.999982 -0.00428907 0.0041449 0.00428214 0.999989 0.00171094 -0.00415277 -0.00169306 0.99999 0.241152 0.107416 -0.140445
FixedParameters: 0 0 0

#Transform 165
Transform: AffineTransform_float_3_3
Parameters: 0.999979 -0.00470355 0.00443697 0.00469496 0.999987 0.00192025 -0.00444543 -0.00189975 0.999988 0.266618 0.110837 -0.150325
FixedParameters: 0 0 0

#Transform 166
Transform: AffineTransform_float_3_3
Parameters: 0.999976 -0.00467884 0.00497071 0.00466965 0.999987 0.00186909 -0.00497899 -0.0018459 0.999985 0.26375 0.112457 -0.152169
FixedParameters: 0 0 0

#Transform 167
Transform: AffineTransform_float_3_3
Parameters: 0.999976 -0.00476621 0.00515087 0.00475753 0.999987 0.00171769 -0.00515894 -0.00169331 0.999986 0.276946 0.102781 -0.180645
FixedParameters: 0 0 0

#Transform 168
Transform: AffineTransform_float_3_3
Parameters: 0.999976 -0.00487268 0.00496546 0.00486196 0.999986 0.00206467 -0.00497542 -0.00204032 0.999986 0.285135 0.108091 -0.158808
FixedParameters: 0 0 0

#Transform 169
Transform: AffineTransform_float_3_3
Parameters: 0.999975 -0.00485578 0.00500308 0.0048476 0.999986 0.00171693 -0.00501145 -0.00169307 0.999986 0.283776 0.126838 -0.142812
FixedParameters: 0 0 0

#Transform 170
Transform: AffineTransform_float_3_3
Parameters: 0.999975 -0.00493412 0.0050966 0.00492433 0.999986 0.00192178 -0.00510541 -0.00189622 0.999985 0.288897 0.138333 -0.152265
FixedParameters: 0 0 0

#Transform 171
Transform: AffineTransform_float_3_3
Parameters: 0.999976 -0.00488519 0.00493484 0.00487603 0.999987 0.00191923 -0.00494345 -0.00189577 0.999986 0.288872 0.120582 -0.139317
FixedParameters: 0 0 0

#Transform 172
Transform: AffineTransform_float_3_3
Parameters: 0.999975 -0.00476451 0.00522222 0.00475303 0.999987 0.00212502 -0.0052327 -0.00209998 0.999984 0.276629 0.11996 -0.152758
FixedParameters: 0 0 0

#Transform 173
Transform: AffineTransform_float_3_3
Parameters: 0.999974 -0.00484422 0.00529463 0.00483205 0.999985 0.00232058 -0.00530589 -0.00229542 0.999983 0.268087 0.113148 -0.166705
FixedParameters: 0 0 0

#Transform 174
Transform: AffineTransform_float_3_3
Parameters: 0.999976 -0.0048915 0.00492108 0.00488065 0.999986 0.00209555 -0.00493143 -0.00207145 0.999986 0.296874 0.14138 -0.137155
FixedParameters: 0 0 0

#Transform 175
Transform: AffineTransform_float_3_3
Parameters: 0.999974 -0.00498725 0.00522992 0.00497572 0.999985 0.00220187 -0.00524026 -0.00217513 0.999984 0.290904 0.132097 -0.132806
FixedParameters: 0 0 0

#Transform 176
Transform: AffineTransform_float_3_3
Parameters: 0.999973 -0.00528726 0.00524687 0.00527565 0.999983 0.00220245 -0.00525852 -0.00217455 0.999984 0.299188 0.148196 -0.115982
FixedParameters: 0 0 0

#Transform 177
Transform: AffineTransform_float_3_3
Parameters: 0.999973 -0.00526087 0.00517821 0.00524957 0.999984 0.00220195 -0.00518975 -0.00217505 0.999984 0.308976 0.157645 -0.119722
FixedParameters: 0 0 0

#Transform 178
Transform: AffineTransform_float_3_3
Parameters: 0.999972 -0.00521354 0.00523638 0.00520198 0.999984 0.00220201 -0.00524772 -0.00217499 0.999984 0.296662 0.149882 -0.137284
FixedParameters: 0 0 0

#Transform 179
Transform: AffineTransform_float_3_3
Parameters: 0.999972 -0.00501019 0.00552466 0.00499896 0.999985 0.00210641 -0.00553545 -0.00207859 0.999982 0.294807 0.141268 -0.150142
FixedParameters: 0 0 0
