#Insight Transform File V1.0
#Transform 0
Transform: AffineTransform_float_3_3
Parameters: 1 9.43397e-05 0.00060755 -9.38098e-05 0.999999 -0.000757057 -0.000608613 0.000756942 0.999999 0.0516252 -0.213141 -0.308978
FixedParameters: 0 0 0

#Transform 1
Transform: AffineTransform_float_3_3
Parameters: 1 0.000470637 0.000148885 -0.000470591 1 -0.00015507 -0.000149031 0.00015493 1 0.0214942 0.0361285 -0.105352
FixedParameters: 0 0 0

#Transform 2
Transform: AffineTransform_float_3_3
Parameters: 1 8.99438e-05 3.78698e-05 -8.99473e-05 1 4.68439e-05 -3.78614e-05 -4.61561e-05 1 0.0551186 0.0467362 -0.155119
FixedParameters: 0 0 0

#Transform 3
Transform: AffineTransform_float_3_3
Parameters: 1 2.62779e-05 3.12165e-05 -2.62912e-05 1 0.000213999 -3.12053e-05 -0.000214001 1 0.05053 0.0593524 -0.19676
FixedParameters: 0 0 0

#Transform 4
Transform: AffineTransform_float_3_3
Parameters: 1 5.04874e-05 8.82951e-05 -5.05324e-05 1 0.000254996 -8.82693e-05 -0.000255004 1 0.060116 0.0490416 -0.189077
FixedParameters: 0 0 0

#Transform 5
Transform: AffineTransform_float_3_3
Parameters: 1 0.000176267 0.000120645 -0.000177034 1 -0.000636021 -0.000120479 0.000635978 1 0.0685169 0.0214565 -0.259897
FixedParameters: 0 0 0

#Transform 6
Transform: AffineTransform_float_3_3
Parameters: 1 8.39174e-05 0.0004 -8.40094e-05 1 0.000114966 -0.00039998 -0.000115034 1 0.0343215 0.049571 -0.217524
FixedParameters: 0 0 0

#Transform 7
Transform: AffineTransform_float_3_3
Parameters: 1 0.000230678 0.000218169 -0.000230536 1 -0.00032405 -0.000218319 0.00032395 1 0.0461452 0.0555173 -0.240551
FixedParameters: 0 0 0

#Transform 8
Transform: AffineTransform_float_3_3
Parameters: 1 0.000259714 0.000110335 -0.000259761 1 0.000214971 -0.000110223 -0.000215029 1 0.0422565 0.0578269 -0.225824
FixedParameters: 0 0 0

#Transform 9
Transform: AffineTransform_float_3_3
Parameters: 1 0.000255365 0.000100341 -0.000254592 0.999999 0.000734974 -0.000100357 -0.000735025 0.999999 0.0523112 0.0399599 -0.234994
FixedParameters: 0 0 0

#Transform 10
Transform: AffineTransform_float_3_3
Parameters: 1 0.000192157 -4.89048e-05 -0.000192125 1 0.000330009 4.90316e-05 -0.000329991 1 0.0555584 0.048177 -0.277501
FixedParameters: 0 0 0

#Transform 11
Transform: AffineTransform_float_3_3
Parameters: 1 0.000303816 0.0002144 -0.000303963 1 0.000342935 -0.000214192 -0.000343065 1 0.0473643 0.0487914 -0.276458
FixedParameters: 0 0 0

#Transform 12
Transform: AffineTransform_float_3_3
Parameters: 1 0.000255402 0.000100248 -0.000255476 1 0.000370974 -0.000100059 -0.000371026 1 0.0532603 0.0591098 -0.262811
FixedParameters: 0 0 0

#Transform 13
Transform: AffineTransform_float_3_3
Parameters: 1 0.000549871 0.00079553 -0.000550092 0.999999 0.000717922 -0.000795131 -0.000718078 1 0.0599902 0.0447312 -0.294714
FixedParameters: 0 0 0

#Transform 14
Transform: AffineTransform_float_3_3
Parameters: 0.999999 0.000482567 0.000636098 -0.000482203 1 0.000437541 -0.000636067 -0.00043746 0.999999 0.062357 0.0376247 -0.327433
FixedParameters: 0 0 0

#Transform 15
Transform: AffineTransform_float_3_3
Parameters: 0.999999 0.000510222 0.000701507 -0.00051003 0.999999 0.000518642 -0.000701369 -0.000519358 0.999999 0.0589546 0.049872 -0.332498
FixedParameters: 0 0 0

#Transform 16
Transform: AffineTransform_float_3_3
Parameters: 1 0.000199018 0.000418522 -0.000198699 0.999999 0.000717917 -0.000418627 -0.000718083 0.999999 0.0583503 0.0494463 -0.304589
FixedParameters: 0 0 0

#Transform 17
Transform: AffineTransform_float_3_3
Parameters: 1 0.000393245 0.000426486 -0.000393742 0.999999 0.00120283 -0.00042685 -0.00120317 0.999999 0.0844409 0.0665151 -0.275504
FixedParameters: 0 0 0

#Transform 18
Transform: AffineTransform_float_3_3
Parameters: 1 0.000426886 0.000505577 -0.000426915 0.999999 0.000939144 -0.000505166 -0.000938856 1 0.0642551 0.0596228 -0.322652
FixedParameters: 0 0 0

#Transform 19
Transform: AffineTransform_float_3_3
Parameters: 1 0.000352485 0.000329623 -0.000352057 0.999999 0.000746884 -0.000329487 -0.000747116 0.999999 0.0789529 0.0587007 -0.335146
FixedParameters: 0 0 0

#Transform 20
Transform: AffineTransform_float_3_3
Parameters: 1 0.000335596 0.000290164 -0.000335343 1 0.0011509 -0.000289783 -0.0011511 1 0.0793864 0.0739161 -0.321907
FixedParameters: 0 0 0

#Transform 21
Transform: AffineTransform_float_3_3
Parameters: 1 0.00026925 0.000531057 -0.000269499 1 0.00110086 -0.000530854 -0.00110114 1 0.0563181 0.0584909 -0.300108
FixedParameters: 0 0 0

#Transform 22
Transform: AffineTransform_float_3_3
Parameters: 1 0.000300253 0.000206187 -0.000299573 1 0.000582938 -0.000206228 -0.000583062 1 0.071963 0.0672144 -0.268456
FixedParameters: 0 0 0

#Transform 23
Transform: AffineTransform_float_3_3
Parameters: 1 0.00042872 0.000509029 -0.000428207 1 0.000399782 -0.000509077 -0.000400218 1 0.0691962 0.0688603 -0.285871
FixedParameters: 0 0 0

#Transform 24
Transform: AffineTransform_float_3_3
Parameters: 1 0.000325635 0.000552733 -0.000325099 1 0.00034782 -0.000552897 -0.00034818 1 0.0558331 0.0835441 -0.254188
FixedParameters: 0 0 0

#Transform 25
Transform: AffineTransform_float_3_3
Parameters: 0.999998 0.00147464 0.00082954 -0.00147429 0.999999 -0.000211376 -0.000830161 0.000209623 1 0.0632588 0.0450589 -0.342
FixedParameters: 0 0 0

#Transform 26
Transform: AffineTransform_float_3_3
Parameters: 0.999999 0.000785143 0.000987814 -0.000785536 0.999999 0.000198584 -0.000987502 -0.000199416 1 0.0842115 0.0489633 -0.332553
FixedParameters: 0 0 0

#Transform 27
Transform: AffineTransform_float_3_3
Parameters: 0.999999 0.000809274 0.00107624 -0.000809116 1 -0.000319664 -0.00107545 0.000319337 0.999999 0.0774995 0.0528919 -0.331271
FixedParameters: 0 0 0

#Transform 28
Transform: AffineTransform_float_3_3
Parameters: 0.999998 0.000899545 0.00132926 -0.000900131 1 0.000220011 -0.00132886 -0.000220989 0.999999 0.0738987 0.0685541 -0.323855
FixedParameters: 0 0 0

#Transform 29
Transform: AffineTransform_float_3_3
Parameters: 0.999999 0.000924836 0.00119018 -0.000924385 1 -0.000189893 -0.00119053 0.000189106 0.999999 0.0999148 0.070637 -0.373784
FixedParameters: 0 0 0

#Transform 30
Transform: AffineTransform_float_3_3
Parameters: 0.999999 0.000864631 0.0011159 -0.000864828 0.999999 8.73948e-05 -0.00111575 -8.86053e-05 1 0.0909295 0.0615778 -0.343437
FixedParameters: 0 0 0

#Transform 31
Transform: AffineTransform_float_3_3
Parameters: 0.999998 0.000853118 0.00142286 -0.000854647 0.999999 0.000399144 -0.0014231 -0.000400855 0.999999 0.0801728 0.0622187 -0.365349
FixedParameters: 0 0 0

#Transform 32
Transform: AffineTransform_float_3_3
Parameters: 0.999999 0.000764142 0.00121293 -0.000765059 0.999999 0.000377432 -0.00121236 -0.000378567 0.999999 0.121233 0.0360562 -0.42723
FixedParameters: 0 0 0

#Transform 33
Transform: AffineTransform_float_3_3
Parameters: 0.999998 0.000788571 0.0014144 -0.000788999 1 0.000476092 -0.00141404 -0.000476909 0.999998 0.110385 0.0512577 -0.416215
FixedParameters: 0 0 0

#Transform 34
Transform: AffineTransform_float_3_3
Parameters: 0.999999 0.000442159 0.00130377 -0.000443926 0.999999 0.00103078 -0.00130325 -0.00103122 0.999998 0.0888582 0.0668855 -0.382002
FixedParameters: 0 0 0

#Transform 35
Transform: AffineTransform_float_3_3
Parameters: 0.999998 0.000954314 0.00166355 -0.000956103 0.999999 0.000813977 -0.00166239 -0.000815021 0.999998 0.103449 0.0521602 -0.381874
FixedParameters: 0 0 0

#Transform 36
Transform: AffineTransform_float_3_3
Parameters: 0.999999 0.000579073 0.00138047 -0.000580651 0.999999 0.000904919 -0.00137982 -0.000905081 0.999999 0.087432 0.0420371 -0.40466
FixedParameters: 0 0 0

#Transform 37
Transform: AffineTransform_float_3_3
Parameters: 0.999999 0.000327338 0.00120365 -0.00032834 0.999999 0.000798965 -0.00120352 -0.000799035 0.999999 0.10183 0.0464732 -0.410787
FixedParameters: 0 0 0

#Transform 38
Transform: AffineTransform_float_3_3
Parameters: 0.999999 0.000412428 0.00131966 -0.000413016 0.999999 0.000719815 -0.00131854 -0.000720184 0.999999 0.0932159 0.0576217 -0.412546
FixedParameters: 0 0 0

#Transform 39
Transform: AffineTransform_float_3_3
Parameters: 0.999998 0.000483301 0.00159365 -0.000484941 0.999999 0.00109174 -0.00159338 -0.00109326 0.999998 0.0892127 0.0552259 -0.392535
FixedParameters: 0 0 0

#Transform 40
Transform: AffineTransform_float_3_3
Parameters: 0.999999 0.000402471 0.00140422 -0.00040387 0.999999 0.000825793 -0.00140395 -0.000826206 0.999998 0.0977238 0.0436676 -0.415506
FixedParameters: 0 0 0

#Transform 41
Transform: AffineTransform_float_3_3
Parameters: 0.999998 0.000522926 0.00152366 -0.00052485 0.999999 0.00123556 -0.00152315 -0.00123644 0.999998 0.102081 0.0465553 -0.440866
FixedParameters: 0 0 0

#Transform 42
Transform: AffineTransform_float_3_3
Parameters: 0.999999 0.000692828 0.00137146 -0.000694777 0.999999 0.00138141 -0.00137032 -0.00138259 0.999998 0.0832297 0.0459891 -0.418777
FixedParameters: 0 0 0

#Transform 43
Transform: AffineTransform_float_3_3
Parameters: 0.999999 0.000446175 0.00150735 -0.000447299 0.999999 0.000807686 -0.0015061 -0.000808313 0.999998 0.112805 0.0438873 -0.493815
FixedParameters: 0 0 0

#Transform 44
Transform: AffineTransform_float_3_3
Parameters: 0.999999 0.000179848 0.00156555 -0.000182082 0.999999 0.00142623 -0.00156489 -0.00142677 0.999998 0.103785 0.0537252 -0.456868
FixedParameters: 0 0 0

#Transform 45
Transform: AffineTransform_float_3_3
Parameters: 0.999999 -3.87682e-05 0.00122492 3.6823e-05 0.999999 0.0011692 -0.0012254 -0.0011698 0.999998 0.113804 0.0570251 -0.466545
FixedParameters: 0 0 0

#Transform 46
Transform: AffineTransform_float_3_3
Parameters: 1 0.000125644 0.00118789 -0.000127817 0.999999 0.00130185 -0.00118795 -0.00130215 0.999998 0.118796 0.0408809 -0.514944
FixedParameters: 0 0 0

#Transform 47
Transform: AffineTransform_float_3_3
Parameters: 0.999999 0.000547869 0.0017498 -0.00055021 0.999999 0.00130676 -0.00174823 -0.00130724 0.999998 0.0984306 0.0482401 -0.498582
FixedParameters: 0 0 0

#Transform 48
Transform: AffineTransform_float_3_3
Parameters: 0.999999 5.82892e-05 0.00124011 -6.00898e-05 0.999999 0.00162629 -0.00123978 -0.00162571 0.999998 0.123281 0.0512361 -0.471688
FixedParameters: 0 0 0

#Transform 49
Transform: AffineTransform_float_3_3
Parameters: 0.999999 0.000311114 0.0011898 -0.000311834 0.999999 0.00124063 -0.00118889 -0.00124137 0.999998 0.120605 0.0413719 -0.504524
FixedParameters: 0 0 0

#Transform 50
Transform: AffineTransform_float_3_3
Parameters: 0.999999 0.000310305 0.00118797 -0.000311472 0.999999 0.00126563 -0.00118796 -0.00126637 0.999998 0.102195 0.0574836 -0.493581
FixedParameters: 0 0 0

#Transform 51
Transform: AffineTransform_float_3_3
Parameters: 0.999999 0.00016883 0.00141384 -0.000171171 0.999999 0.00147827 -0.00141412 -0.00147873 0.999998 0.102718 0.0625424 -0.463527
FixedParameters: 0 0 0

#Transform 52
Transform: AffineTransform_float_3_3
Parameters: 0.999999 0.000201606 0.000931009 -0.000203063 0.999999 0.00127681 -0.000930883 -0.00127719 0.999999 0.103588 0.0524902 -0.489825
FixedParameters: 0 0 0

#Transform 53
Transform: AffineTransform_float_3_3
Parameters: 0.999999 0.000416434 0.00144153 -0.000419325 0.999998 0.00196076 -0.00144106 -0.00196124 0.999997 0.100482 0.0621955 -0.471457
FixedParameters: 0 0 0

#Transform 54
Transform: AffineTransform_float_3_3
Parameters: 0.999998 0.000282672 0.00167394 -0.000285315 0.999999 0.00173104 -0.00167321 -0.00173196 0.999997 0.100938 0.0598228 -0.471274
FixedParameters: 0 0 0

#Transform 55
Transform: AffineTransform_float_3_3
Parameters: 1 0.000140307 0.00115122 -0.000141902 0.999999 0.0014922 -0.00115158 -0.0014918 0.999998 0.103711 0.0603532 -0.464983
FixedParameters: 0 0 0

#Transform 56
Transform: AffineTransform_float_3_3
Parameters: 0.999999 -7.70867e-05 0.00149943 7.52504e-05 0.999999 0.00135663 -0.0014995 -0.00135637 0.999998 0.106673 0.0635934 -0.520886
FixedParameters: 0 0 0

#Transform 57
Transform: AffineTransform_float_3_3
Parameters: 0.999999 0.000210811 0.00154819 -0.000212822 1 0.00124403 -0.00154845 -0.00124397 0.999998 0.101945 0.0551036 -0.480679
FixedParameters: 0 0 0

#Transform 58
Transform: AffineTransform_float_3_3
Parameters: 0.999999 -0.000164887 0.00125632 0.000162372 0.999999 0.00152356 -0.00125629 -0.00152243 0.999998 0.109417 0.0650098 -0.46966
FixedParameters: 0 0 0

#Transform 59
Transform: AffineTransform_float_3_3
Parameters: 0.999999 -0.000242547 0.00142166 0.000240671 0.999999 0.00144486 -0.00142222 -0.00144414 0.999998 0.133189 0.054001 -0.499396
FixedParameters: 0 0 0

#Transform 60
Transform: AffineTransform_float_3_3
Parameters: 0.999999 -0.000307487 0.00126704 0.000306097 1 0.00106639 -0.00126716 -0.00106561 0.999998 0.11356 0.0474516 -0.519937
FixedParameters: 0 0 0

#Transform 61
Transform: AffineTransform_float_3_3
Parameters: 0.999999 -0.000318054 0.00124381 0.000315988 0.999999 0.00172739 -0.00124476 -0.00172661 0.999997 0.127168 0.0591778 -0.496094
FixedParameters: 0 0 0

#Transform 62
Transform: AffineTransform_float_3_3
Parameters: 0.999998 -0.00012418 0.00170256 0.000120693 0.999999 0.00167972 -0.00170283 -0.00167928 0.999997 0.135732 0.0469985 -0.539746
FixedParameters: 0 0 0

#Transform 63
Transform: AffineTransform_float_3_3
Parameters: 0.999998 6.58758e-06 0.0020093 -8.76612e-06 1 0.0010975 -0.00200915 -0.0010975 0.999997 0.119532 0.0484486 -0.525554
FixedParameters: 0 0 0

#Transform 64
Transform: AffineTransform_float_3_3
Parameters: 0.999998 -6.01956e-05 0.00171513 5.89713e-05 1 0.00100762 -0.00171512 -0.00100739 0.999998 0.130549 0.0482091 -0.510934
FixedParameters: 0 0 0

#Transform 65
Transform: AffineTransform_float_3_3
Parameters: 0.999998 -5.40625e-05 0.00158424 5.14596e-05 0.999999 0.0012356 -0.00158384 -0.0012354 0.999998 0.0992219 0.045723 -0.516598
FixedParameters: 0 0 0

#Transform 66
Transform: AffineTransform_float_3_3
Parameters: 0.999999 -0.000137813 0.00124732 0.000136337 0.999999 0.00111732 -0.00124709 -0.00111768 0.999999 0.129192 0.0463853 -0.532493
FixedParameters: 0 0 0

#Transform 67
Transform: AffineTransform_float_3_3
Parameters: 1 7.10449e-06 0.00110236 -8.36444e-06 0.999999 0.00116614 -0.00110181 -0.00116686 0.999999 0.122999 0.0473038 -0.528991
FixedParameters: 0 0 0

#Transform 68
Transform: AffineTransform_float_3_3
Parameters: 0.999999 7.85296e-05 0.0013851 -7.95485e-05 1 0.00070025 -0.00138538 -0.000699749 0.999998 0.127157 0.0269552 -0.570974
FixedParameters: 0 0 0

#Transform 69
Transform: AffineTransform_float_3_3
Parameters: 0.999999 -0.000159212 0.000824309 0.000157701 1 0.000916131 -0.000824599 -0.00091587 0.999999 0.110452 0.03374 -0.534213
FixedParameters: 0 0 0

#Transform 70
Transform: AffineTransform_float_3_3
Parameters: 0.999999 -0.00026232 0.000926714 0.000262242 0.999999 0.000749756 -0.000926577 -0.000749245 1 0.118922 0.0426966 -0.533316
FixedParameters: 0 0 0

#Transform 71
Transform: AffineTransform_float_3_3
Parameters: 0.999999 -0.000740112 0.00101336 0.000739395 1 0.000353542 -0.00101388 -0.000353457 0.999999 0.126404 0.0307102 -0.578452
FixedParameters: 0 0 0

#Transform 72
Transform: AffineTransform_float_3_3
Parameters: 0.999999 -0.000628143 0.00127828 0.000627612 1 0.000720956 -0.00127865 -0.000720045 0.999999 0.126238 0.0205853 -0.564777
FixedParameters: 0 0 0

#Transform 73
Transform: AffineTransform_float_3_3
Parameters: 0.999999 -0.000752115 0.00098552 0.000750835 1 0.000649533 -0.000986496 -0.000649465 0.999999 0.126987 0.024826 -0.555694
FixedParameters: 0 0 0

#Transform 74
Transform: AffineTransform_float_3_3
Parameters: 0.999998 -0.00105759 0.00138681 0.00105675 0.999999 0.000443619 -0.00138682 -0.000441381 0.999999 0.134123 0.00432495 -0.58448
FixedParameters: 0 0 0

#Transform 75
Transform: AffineTransform_float_3_3
Parameters: 0.999998 -0.000295491 0.00185171 0.000294179 0.999999 0.000957212 -0.00185213 -0.00095679 0.999998 0.123982 0.0329045 -0.530729
FixedParameters: 0 0 0

#Transform 76
Transform: AffineTransform_float_3_3
Parameters: 0.999999 -0.000493816 0.00129148 0.000492984 0.999999 0.00118579 -0.00129251 -0.00118521 0.999998 0.12367 0.0319576 -0.528905
FixedParameters: 0 0 0

#Transform 77
Transform: AffineTransform_float_3_3
Parameters: 0.999999 -0.00056307 0.00112833 0.000562443 0.999999 0.00143943 -0.00112889 -0.00143957 0.999998 0.131007 0.0500549 -0.523
FixedParameters: 0 0 0

#Transform 78
Transform: AffineTransform_float_3_3
Parameters: 0.999998 -0.000342559 0.00164967 0.000340645 0.999998 0.00137523 -0.00164955 -0.00137477 0.999998 0.12324 0.0679163 -0.477965
FixedParameters: 0 0 0

#Transform 79
Transform: AffineTransform_float_3_3
Parameters: 0.999998 -0.000367273 0.0015916 0.000364771 0.999999 0.00148674 -0.00159255 -0.00148626 0.999998 0.120345 0.0391481 -0.48115
FixedParameters: 0 0 0

#Transform 80
Transform: AffineTransform_float_3_3
Parameters: 0.999998 -0.000498101 0.00180785 0.000496084 0.999999 0.00128356 -0.00180806 -0.00128244 0.999998 0.132643 0.0491469 -0.527363
FixedParameters: 0 0 0

#Transform 81
Transform: AffineTransform_float_3_3
Parameters: 0.999999 -0.000543015 0.00136767 0.000542006 0.999999 0.00118489 -0.00136882 -0.0011841 0.999998 0.127536 0.0592494 -0.4723
FixedParameters: 0 0 0

#Transform 82
Transform: AffineTransform_float_3_3
Parameters: 0.999999 -0.000534873 0.0014282 0.000532577 0.999999 0.00126291 -0.00142902 -0.00126208 0.999998 0.128406 0.0473697 -0.475017
FixedParameters: 0 0 0

#Transform 83
Transform: AffineTransform_float_3_3
Parameters: 0.999998 -0.000752868 0.00189455 0.000748245 0.999998 0.00225773 -0.00189634 -0.00225627 0.999996 0.151981 0.0602533 -0.476657
FixedParameters: 0 0 0

#Transform 84
Transform: AffineTransform_float_3_3
Parameters: 0.999998 -0.000797542 0.0017886 0.000793833 0.999997 0.00224537 -0.00178966 -0.00224463 0.999996 0.128256 0.0586463 -0.446156
FixedParameters: 0 0 0

#Transform 85
Transform: AffineTransform_float_3_3
Parameters: 0.999998 -0.00122126 0.00188503 0.00121746 0.999997 0.00215325 -0.00188777 -0.00215075 0.999996 0.130976 0.0563212 -0.391479
FixedParameters: 0 0 0

#Transform 86
Transform: AffineTransform_float_3_3
Parameters: 0.999998 -0.00113494 0.00164989 0.00113105 0.999997 0.00220782 -0.00165199 -0.00220618 0.999996 0.148766 0.0422378 -0.437255
FixedParameters: 0 0 0

#Transform 87
Transform: AffineTransform_float_3_3
Parameters: 0.999998 -0.000723383 0.00196455 0.000718339 0.999998 0.00228472 -0.00196625 -0.00228328 0.999996 0.138188 0.0554249 -0.468562
FixedParameters: 0 0 0

#Transform 88
Transform: AffineTransform_float_3_3
Parameters: 0.999998 -0.00135159 0.00149209 0.00134781 0.999996 0.00253496 -0.00149511 -0.00253304 0.999996 0.142434 0.0612379 -0.416633
FixedParameters: 0 0 0

#Transform 89
Transform: AffineTransform_float_3_3
Parameters: 0.999998 -0.00120888 0.0014583 0.00120495 0.999995 0.00296171 -0.00146202 -0.00296029 0.999995 0.143597 0.0559925 -0.437023
FixedParameters: 0 0 0

#Transform 90
Transform: AffineTransform_float_3_3
Parameters: 0.999997 -0.00127166 0.00175368 0.00126765 0.999996 0.00248618 -0.00175656 -0.00248383 0.999996 0.144818 0.0477653 -0.444617
FixedParameters: 0 0 0

#Transform 91
Transform: AffineTransform_float_3_3
Parameters: 0.999998 -0.00126657 0.00184543 0.00126051 0.999994 0.00327028 -0.00184973 -0.00326772 0.999993 0.13996 0.0744971 -0.408125
FixedParameters: 0 0 0

#Transform 92
Transform: AffineTransform_float_3_3
Parameters: 0.999998 -0.000951477 0.00142504 0.000946871 0.999995 0.0028083 -0.00142747 -0.0028077 0.999995 0.155879 0.0578177 -0.465069
FixedParameters: 0 0 0

#Transform 93
Transform: AffineTransform_float_3_3
Parameters: 0.999998 -0.000932685 0.00146938 0.000928154 0.999996 0.00269831 -0.0014715 -0.00269769 0.999995 0.131215 0.0753402 -0.450147
FixedParameters: 0 0 0

#Transform 94
Transform: AffineTransform_float_3_3
Parameters: 0.999998 -0.000947167 0.00169715 0.000942956 0.999996 0.00251391 -0.00169939 -0.00251209 0.999996 0.163121 0.0636184 -0.512741
FixedParameters: 0 0 0

#Transform 95
Transform: AffineTransform_float_3_3
Parameters: 0.999999 -0.000852814 0.00165916 0.000847964 0.999996 0.00276372 -0.00166135 -0.00276228 0.999995 0.129836 0.0418906 -0.544967
FixedParameters: 0 0 0

#Transform 96
Transform: AffineTransform_float_3_3
Parameters: 0.999998 -0.00100618 0.00129511 0.00100235 0.999996 0.00279009 -0.00129781 -0.0027889 0.999995 0.151631 0.0644097 -0.552782
FixedParameters: 0 0 0

#Transform 97
Transform: AffineTransform_float_3_3
Parameters: 0.999999 -0.00114186 0.00138968 0.00113835 0.999996 0.00248589 -0.00139244 -0.00248411 0.999997 0.14981 0.0585425 -0.560093
FixedParameters: 0 0 0

#Transform 98
Transform: AffineTransform_float_3_3
Parameters: 0.999997 -0.00123322 0.00187082 0.00122929 0.999996 0.00255425 -0.00187406 -0.00255175 0.999995 0.150488 0.0772318 -0.469869
FixedParameters: 0 0 0

#Transform 99
Transform: AffineTransform_float_3_3
Parameters: 0.999999 -0.00112165 0.00130866 0.00111848 0.999996 0.00235841 -0.00131196 -0.00235759 0.999997 0.153304 0.0897322 -0.400386
FixedParameters: 0 0 0

#Transform 100
Transform: AffineTransform_float_3_3
Parameters: 0.999998 -0.00108028 0.0016338 0.00107622 0.999996 0.00256271 -0.00163681 -0.00256129 0.999996 0.152515 0.0811583 -0.46452
FixedParameters: 0 0 0

#Transform 101
Transform: AffineTransform_float_3_3
Parameters: 0.999998 -0.000959892 0.00140485 0.000955649 0.999996 0.00272014 -0.00140715 -0.00271886 0.999995 0.13178 0.0799977 -0.443258
FixedParameters: 0 0 0

#Transform 102
Transform: AffineTransform_float_3_3
Parameters: 0.999998 -0.00128974 0.0014691 0.00128672 0.999996 0.00263084 -0.00147245 -0.00262916 0.999996 0.134541 0.0820809 -0.405839
FixedParameters: 0 0 0

#Transform 103
Transform: AffineTransform_float_3_3
Parameters: 0.999998 -0.00101037 0.00128504 0.00100676 0.999996 0.00272724 -0.00128764 -0.00272676 0.999996 0.137785 0.0701363 -0.447741
FixedParameters: 0 0 0

#Transform 104
Transform: AffineTransform_float_3_3
Parameters: 0.999997 -0.000575842 0.0023196 0.000567781 0.999995 0.00334863 -0.00232117 -0.00334737 0.999991 0.137795 0.0828271 -0.458342
FixedParameters: 0 0 0

#Transform 105
Transform: AffineTransform_float_3_3
Parameters: 0.999998 -0.00104368 0.00176032 0.0010403 0.999997 0.00207614 -0.00176305 -0.00207386 0.999996 0.168677 0.0887236 -0.436796
FixedParameters: 0 0 0

#Transform 106
Transform: AffineTransform_float_3_3
Parameters: 0.999998 -0.00105234 0.00182288 0.00104704 0.999995 0.00310722 -0.00182544 -0.00310478 0.999994 0.152726 0.105353 -0.41437
FixedParameters: 0 0 0

#Transform 107
Transform: AffineTransform_float_3_3
Parameters: 0.999997 -0.00123682 0.00199649 0.00123064 0.999994 0.00338441 -0.00200035 -0.00338159 0.999992 0.149657 0.0911721 -0.379878
FixedParameters: 0 0 0

#Transform 108
Transform: AffineTransform_float_3_3
Parameters: 0.999998 -0.000971983 0.00168986 0.000966546 0.999994 0.00338958 -0.00169247 -0.00338841 0.999993 0.148334 0.0959497 -0.376029
FixedParameters: 0 0 0

#Transform 109
Transform: AffineTransform_float_3_3
Parameters: 0.999998 -0.00104222 0.00183691 0.00103612 0.999994 0.00319321 -0.0018405 -0.00319078 0.999993 0.163617 0.0932688 -0.432592
FixedParameters: 0 0 0

#Transform 110
Transform: AffineTransform_float_3_3
Parameters: 0.999997 -0.000984912 0.0023299 0.00097696 0.999993 0.00339374 -0.00233337 -0.00339125 0.999991 0.150273 0.0954203 -0.436024
FixedParameters: 0 0 0

#Transform 111
Transform: AffineTransform_float_3_3
Parameters: 0.999997 -0.00104065 0.00211921 0.00103256 0.999992 0.00385566 -0.0021231 -0.00385334 0.999991 0.159656 0.0937127 -0.432553
FixedParameters: 0 0 0

#Transform 112
Transform: AffineTransform_float_3_3
Parameters: 0.999996 -0.0010709 0.00233216 0.00106116 0.999991 0.00405295 -0.00233709 -0.00405005 0.999989 0.166468 0.0874541 -0.446508
FixedParameters: 0 0 0

#Transform 113
Transform: AffineTransform_float_3_3
Parameters: 0.999997 -0.00134013 0.00209378 0.00133179 0.999991 0.00405274 -0.00209958 -0.00404925 0.999989 0.181579 0.105599 -0.407436
FixedParameters: 0 0 0

#Transform 114
Transform: AffineTransform_float_3_3
Parameters: 0.999998 -0.000476259 0.00229499 0.000469834 0.999996 0.00265775 -0.00229669 -0.00265625 0.999993 0.1608 0.0814066 -0.498149
FixedParameters: 0 0 0

#Transform 115
Transform: AffineTransform_float_3_3
Parameters: 0.999997 -0.00138463 0.00168407 0.00137874 0.999993 0.00353428 -0.00168987 -0.00353172 0.999993 0.206718 0.109733 -0.450849
FixedParameters: 0 0 0

#Transform 116
Transform: AffineTransform_float_3_3
Parameters: 0.999997 -0.00144162 0.00206648 0.0014343 0.999994 0.00332071 -0.00207115 -0.00331828 0.999992 0.215932 0.0998416 -0.466558
FixedParameters: 0 0 0

#Transform 117
Transform: AffineTransform_float_3_3
Parameters: 0.999996 -0.00149408 0.00208461 0.00148675 0.999992 0.00360785 -0.00208995 -0.00360515 0.999991 0.215956 0.100507 -0.461948
FixedParameters: 0 0 0

#Transform 118
Transform: AffineTransform_float_3_3
Parameters: 0.999997 -0.00153769 0.00218214 0.0015297 0.999992 0.00359909 -0.00218777 -0.00359591 0.999991 0.204858 0.0813033 -0.5084
FixedParameters: 0 0 0

#Transform 119
Transform: AffineTransform_float_3_3
Parameters: 0.999996 -0.00158175 0.00244836 0.00157256 0.999993 0.00345276 -0.00245383 -0.00344924 0.999991 0.223015 0.0884949 -0.551789
FixedParameters: 0 0 0

#Transform 120
Transform: AffineTransform_float_3_3
Parameters: 0.999995 -0.00151545 0.00275801 0.00150537 0.999994 0.00339342 -0.00276323 -0.00338858 0.99999 0.215079 0.0911246 -0.538703
FixedParameters: 0 0 0

#Transform 121
Transform: AffineTransform_float_3_3
Parameters: 0.999995 -0.00166151 0.00267396 0.0016522 0.999993 0.00343084 -0.00267938 -0.00342616 0.999991 0.215061 0.0814969 -0.547292
FixedParameters: 0 0 0

#Transform 122
Transform: AffineTransform_float_3_3
Parameters: 0.999995 -0.00144759 0.00279619 0.00143641 0.999991 0.00401344 -0.00280168 -0.00400956 0.999988 0.217353 0.0957315 -0.524787
FixedParameters: 0 0 0

#Transform 123
Transform: AffineTransform_float_3_3
Parameters: 0.999994 -0.00152997 0.00303154 0.00151914 0.999993 0.00357918 -0.00303729 -0.00357482 0.999989 0.205789 0.0840388 -0.544581
FixedParameters: 0 0 0

#Transform 124
Transform: AffineTransform_float_3_3
Parameters: 0.999994 -0.00102838 0.00324003 0.0010178 0.999994 0.00333244 -0.00324392 -0.00332856 0.999989 0.211652 0.0998192 -0.513544
FixedParameters: 0 0 0

#Transform 125
Transform: AffineTransform_float_3_3
Parameters: 0.999994 -0.000998308 0.00312176 0.00098652 0.999994 0.00350486 -0.00312539 -0.00350214 0.999989 0.216562 0.110884 -0.511439
FixedParameters: 0 0 0

#Transform 126
Transform: AffineTransform_float_3_3
Parameters: 0.999993 -0.00126719 0.00331599 0.00125498 0.999993 0.00356246 -0.00332112 -0.00355754 0.999988 0.208766 0.102879 -0.522602
FixedParameters: 0 0 0

#Transform 127
Transform: AffineTransform_float_3_3
Parameters: 0.999994 -0.0015447 0.00305995 0.00153389 0.999993 0.00339427 -0.00306484 -0.00338973 0.999989 0.22002 0.108955 -0.506052
FixedParameters: 0 0 0

#Transform 128
Transform: AffineTransform_float_3_3
Parameters: 0.999994 -0.00161976 0.00287978 0.00161068 0.999994 0.00307806 -0.0028847 -0.00307294 0.999991 0.23531 0.112023 -0.547852
FixedParameters: 0 0 0

#Transform 129
Transform: AffineTransform_float_3_3
Parameters: 0.999994 -0.00154061 0.00307 0.0015303 0.999992 0.00345127 -0.00307543 -0.00344672 0.999989 0.229209 0.112933 -0.502407
FixedParameters: 0 0 0

#Transform 130
Transform: AffineTransform_float_3_3
Parameters: 0.999995 -0.00176943 0.0025273 0.00175954 0.999992 0.00381936 -0.00253391 -0.00381465 0.99999 0.245998 0.114651 -0.532256
FixedParameters: 0 0 0

#Transform 131
Transform: AffineTransform_float_3_3
Parameters: 0.999995 -0.00165499 0.00293011 0.00164501 0.999992 0.00355704 -0.00293669 -0.00355296 0.999989 0.23567 0.108518 -0.551641
FixedParameters: 0 0 0

#Transform 132
Transform: AffineTransform_float_3_3
Parameters: 0.999995 -0.00150837 0.0028159 0.00149815 0.999994 0.00334964 -0.00282094 -0.00334536 0.999991 0.236821 0.108427 -0.527723
FixedParameters: 0 0 0

#Transform 133
Transform: AffineTransform_float_3_3
Parameters: 0.999994 -0.00165973 0.00278829 0.001649 0.999992 0.00377866 -0.00279432 -0.00377434 0.999989 0.240729 0.111107 -0.53388
FixedParameters: 0 0 0

#Transform 134
Transform: AffineTransform_float_3_3
Parameters: 0.999994 -0.00156189 0.00302221 0.00154927 0.999991 0.00395026 -0.00302841 -0.00394573 0.999988 0.245367 0.128623 -0.512474
FixedParameters: 0 0 0

#Transform 135
Transform: AffineTransform_float_3_3
Parameters: 0.999994 -0.00153692 0.00307985 0.00152578 0.999992 0.00363812 -0.00308491 -0.00363288 0.999988 0.245742 0.118787 -0.540053
FixedParameters: 0 0 0

#Transform 136
Transform: AffineTransform_float_3_3
Parameters: 0.999994 -0.00151394 0.00313578 0.00150201 0.999992 0.00384529 -0.00314168 -0.00384071 0.999988 0.251245 0.119768 -0.534654
FixedParameters: 0 0 0

#Transform 137
Transform: AffineTransform_float_3_3
Parameters: 0.999994 -0.00173208 0.002767 0.00172146 0.999991 0.00402383 -0.00277389 -0.00401917 0.999988 0.24563 0.112479 -0.550062
FixedParameters: 0 0 0

#Transform 138
Transform: AffineTransform_float_3_3
Parameters: 0.999995 -0.00182431 0.00284193 0.00181463 0.999992 0.00352322 -0.00284827 -0.00351778 0.99999 0.262609 0.125571 -0.5295
FixedParameters: 0 0 0

#Transform 139
Transform: AffineTransform_float_3_3
Parameters: 0.999994 -0.001814 0.00286973 0.00180334 0.999992 0.0036594 -0.00287648 -0.00365461 0.99999 0.269877 0.107592 -0.569057
FixedParameters: 0 0 0

#Transform 140
Transform: AffineTransform_float_3_3
Parameters: 0.999994 -0.00218632 0.00293445 0.00217494 0.99999 0.00383424 -0.00294285 -0.00382775 0.999988 0.268272 0.123216 -0.537538
FixedParameters: 0 0 0

#Transform 141
Transform: AffineTransform_float_3_3
Parameters: 0.999995 -0.00200974 0.00262111 0.00199836 0.999989 0.00436495 -0.00262937 -0.00436006 0.999987 0.267037 0.120465 -0.530509
FixedParameters: 0 0 0

#Transform 142
Transform: AffineTransform_float_3_3
Parameters: 0.999994 -0.00212217 0.0027567 0.00211115 0.99999 0.00384853 -0.00276428 -0.00384247 0.999989 0.285328 0.117894 -0.547234
FixedParameters: 0 0 0

#Transform 143
Transform: AffineTransform_float_3_3
Parameters: 0.999993 -0.00210515 0.00286871 0.00209336 0.99999 0.00422072 -0.00287758 -0.00421429 0.999987 0.262757 0.126766 -0.521529
FixedParameters: 0 0 0

#Transform 144
Transform: AffineTransform_float_3_3
Parameters: 0.999994 -0.00204501 0.00298814 0.0020326 0.99999 0.00409094 -0.00299689 -0.00408506 0.999987 0.267045 0.116076 -0.547992
FixedParameters: 0 0 0

#Transform 145
Transform: AffineTransform_float_3_3
Parameters: 0.999993 -0.00212462 0.00290016 0.00211362 0.999991 0.00374499 -0.00290863 -0.00373901 0.999989 0.293418 0.114456 -0.557879
FixedParameters: 0 0 0

#Transform 146
Transform: AffineTransform_float_3_3
Parameters: 0.999993 -0.00233063 0.00270913 0.00232069 0.99999 0.00371663 -0.0027177 -0.00371036 0.999989 0.284424 0.11659 -0.555678
FixedParameters: 0 0 0

#Transform 147
Transform: AffineTransform_float_3_3
Parameters: 0.999993 -0.00201891 0.00315319 0.00200575 0.99999 0.00399519 -0.00316134 -0.00398881 0.999987 0.276598 0.121253 -0.578095
FixedParameters: 0 0 0

#Transform 148
Transform: AffineTransform_float_3_3
Parameters: 0.999993 -0.00188911 0.0030243 0.00187703 0.999989 0.0042049 -0.00303167 -0.0041991 0.999987 0.265087 0.11937 -0.536373
FixedParameters: 0 0 0

#Transform 149
Transform: AffineTransform_float_3_3
Parameters: 0.999994 -0.00156254 0.00284083 0.00155025 0.99999 0.00414483 -0.00284764 -0.00414017 0.999988 0.270467 0.139439 -0.540564
FixedParameters: 0 0 0

#Transform 150
Transform: AffineTransform_float_3_3
Parameters: 0.999993 -0.00213829 0.00285869 0.0021296 0.999994 0.00294079 -0.0028649 -0.00293421 0.999991 0.277438 0.118201 -0.601576
FixedParameters: 0 0 0

#Transform 151
Transform: AffineTransform_float_3_3
Parameters: 0.999994 -0.00208583 0.00273142 0.00207404 0.999989 0.00426438 -0.00273992 -0.00425863 0.999988 0.269791 0.123748 -0.558171
FixedParameters: 0 0 0

#Transform 152
Transform: AffineTransform_float_3_3
Parameters: 0.999995 -0.00195715 0.00246351 0.00194534 0.999987 0.00472835 -0.00247272 -0.00472365 0.999985 0.267001 0.150596 -0.525322
FixedParameters: 0 0 0

#Transform 153
Transform: AffineTransform_float_3_3
Parameters: 0.999994 -0.00201281 0.00282012 0.00199995 0.999989 0.00424971 -0.00282885 -0.00424329 0.999987 0.273501 0.132265 -0.585189
FixedParameters: 0 0 0

#Transform 154
Transform: AffineTransform_float_3_3
Parameters: 0.999994 -0.00187085 0.00284173 0.00185608 0.999986 0.00501399 -0.00285104 -0.00500901 0.999983 0.272027 0.143397 -0.558595
FixedParameters: 0 0 0

#Transform 155
Transform: AffineTransform_float_3_3
Parameters: 0.999994 -0.00174968 0.00280066 0.0017364 0.999988 0.00468194 -0.00280944 -0.00467707 0.999985 0.265541 0.152188 -0.540848
FixedParameters: 0 0 0

#Transform 156
Transform: AffineTransform_float_3_3
Parameters: 0.999994 -0.00201972 0.0027976 0.00200812 0.99999 0.00406133 -0.00280563 -0.00405567 0.999988 0.288661 0.141956 -0.613201
FixedParameters: 0 0 0

#Transform 157
Transform: AffineTransform_float_3_3
Parameters: 0.999994 -0.0018732 0.00314836 0.00185913 0.999989 0.00435408 -0.00315615 -0.00434792 0.999986 0.273132 0.154822 -0.536379
FixedParameters: 0 0 0

#Transform 158
Transform: AffineTransform_float_3_3
Parameters: 0.999993 -0.00185535 0.00319082 0.00184196 0.999989 0.00433326 -0.00319878 -0.00432775 0.999986 0.306372 0.155651 -0.529554
FixedParameters: 0 0 0

#Transform 159
Transform: AffineTransform_float_3_3
Parameters: 0.999994 -0.00187541 0.00314014 0.00186304 0.999991 0.00382523 -0.00314743 -0.00381978 0.999988 0.293995 0.159138 -0.542059
FixedParameters: 0 0 0

#Transform 160
Transform: AffineTransform_float_3_3
Parameters: 0.999993 -0.00195045 0.00296198 0.00193921 0.99999 0.00392997 -0.00296934 -0.00392404 0.999988 0.294599 0.152745 -0.527054
FixedParameters: 0 0 0

#Transform 161
Transform: AffineTransform_float_3_3
Parameters: 0.999992 -0.00163631 0.0037151 0.0016195 0.999988 0.00460691 -0.00372228 -0.00460108 0.999982 0.279994 0.147115 -0.5588
FixedParameters: 0 0 0

#Transform 162
Transform: AffineTransform_float_3_3
Parameters: 0.999992 -0.00236737 0.00326512 0.00235164 0.999986 0.00477171 -0.0032768 -0.00476329 0.999984 0.335761 0.121583 -0.56383
FixedParameters: 0 0 0

#Transform 163
Transform: AffineTransform_float_3_3
Parameters: 0.999991 -0.00224091 0.00356477 0.00222543 0.999988 0.00441112 -0.00357495 -0.00440289 0.999984 0.308261 0.133395 -0.603332
FixedParameters: 0 0 0

#Transform 164
Transform: AffineTransform_float_3_3
Parameters: 0.999992 -0.00200789 0.00352797 0.00199271 0.999989 0.00436057 -0.00353681 -0.00435344 0.999985 0.313347 0.136927 -0.570481
FixedParameters: 0 0 0

#Transform 165
Transform: AffineTransform_float_3_3
Parameters: 0.999992 -0.00237007 0.0032561 0.00235622 0.999988 0.00429533 -0.00326609 -0.00428766 0.999985 0.32306 0.131066 -0.610748
FixedParameters: 0 0 0

#Transform 166
Transform: AffineTransform_float_3_3
Parameters: 0.999991 -0.0023389 0.00332873 0.00232605 0.999989 0.00399556 -0.00333798 -0.00398844 0.999986 0.311702 0.123978 -0.631313
FixedParameters: 0 0 0

#Transform 167
Transform: AffineTransform_float_3_3
Parameters: 0.999992 -0.00240653 0.00316808 0.00239347 0.999989 0.00408509 -0.0031779 -0.0040769 0.999986 0.316553 0.12018 -0.609109
FixedParameters: 0 0 0

#Transform 168
Transform: AffineTransform_float_3_3
Parameters: 0.999991 -0.00231769 0.00337808 0.00230545 0.99999 0.00378896 -0.00338713 -0.00378104 0.999988 0.335214 0.110991 -0.665011
FixedParameters: 0 0 0

#Transform 169
Transform: AffineTransform_float_3_3
Parameters: 0.999993 -0.00247632 0.00300019 0.00246538 0.99999 0.0037419 -0.00300943 -0.0037341 0.999989 0.3258 0.107729 -0.673062
FixedParameters: 0 0 0

#Transform 170
Transform: AffineTransform_float_3_3
Parameters: 0.999992 -0.00243819 0.00309191 0.00242667 0.999989 0.00393617 -0.00310128 -0.00392884 0.999988 0.322797 0.144576 -0.623772
FixedParameters: 0 0 0

#Transform 171
Transform: AffineTransform_float_3_3
Parameters: 0.999992 -0.00243504 0.00309686 0.002425 0.999991 0.00341817 -0.00310514 -0.00341084 0.99999 0.333327 0.125654 -0.661785
FixedParameters: 0 0 0

#Transform 172
Transform: AffineTransform_float_3_3
Parameters: 0.999993 -0.00248975 0.00296743 0.00247917 0.99999 0.00356786 -0.00297552 -0.00356014 0.999989 0.334617 0.109222 -0.74716
FixedParameters: 0 0 0

#Transform 173
Transform: AffineTransform_float_3_3
Parameters: 0.99999 -0.00289582 0.00319695 0.00288211 0.999987 0.00426917 -0.00320999 -0.00425983 0.999986 0.346314 0.110385 -0.769197
FixedParameters: 0 0 0

#Transform 174
Transform: AffineTransform_float_3_3
Parameters: 0.999991 -0.00293887 0.00309392 0.00292605 0.999987 0.004182 -0.00310551 -0.004173 0.999986 0.363224 0.119983 -0.768416
FixedParameters: 0 0 0

#Transform 175
Transform: AffineTransform_float_3_3
Parameters: 0.99999 -0.00274057 0.00356684 0.00272531 0.999988 0.00422983 -0.0035778 -0.00422017 0.999984 0.353284 0.116619 -0.758561
FixedParameters: 0 0 0

#Transform 176
Transform: AffineTransform_float_3_3
Parameters: 0.999991 -0.00253977 0.00357578 0.00252226 0.999985 0.00478984 -0.00358865 -0.00478015 0.999982 0.333157 0.147102 -0.69559
FixedParameters: 0 0 0

#Transform 177
Transform: AffineTransform_float_3_3
Parameters: 0.999991 -0.00250879 0.00362366 0.00249147 0.999985 0.00475501 -0.00363514 -0.00474599 0.999982 0.377728 0.150014 -0.730169
FixedParameters: 0 0 0

#Transform 178
Transform: AffineTransform_float_3_3
Parameters: 0.999991 -0.00227373 0.00376714 0.00225469 0.999985 0.00499199 -0.00377916 -0.00498401 0.999981 0.348571 0.151673 -0.73375
FixedParameters: 0 0 0

#Transform 179
Transform: AffineTransform_float_3_3
Parameters: 0.99999 -0.00264076 0.00374948 0.0026243 0.999987 0.00448062 -0.00376078 -0.00447139 0.999983 0.367647 0.145375 -0.751263
FixedParameters: 0 0 0
