#Insight Transform File V1.0
#Transform 0
Transform: AffineTransform_float_3_3
Parameters: 1 0.000401644 0.000355385 -0.000401857 1 0.000298857 -0.000355145 -0.000299143 1 0.0277856 -0.17655 -0.275056
FixedParameters: 0 0 0

#Transform 1
Transform: AffineTransform_float_3_3
Parameters: 1 0.000497445 -0.000297095 -0.000497559 1 -0.000191852 0.000296904 0.000192148 1 -0.00696883 0.0603765 -0.0306923
FixedParameters: 0 0 0

#Transform 2
Transform: AffineTransform_float_3_3
Parameters: 1 0.000358724 -7.62692e-05 -0.000358742 1 -0.000114973 7.61867e-05 0.000115027 1 -0.0137622 0.0827225 -0.0370219
FixedParameters: 0 0 0

#Transform 3
Transform: AffineTransform_float_3_3
Parameters: 1 0.000207652 -0.000565107 -0.000207782 1 -0.000114883 0.000565059 0.000115117 1 0.00813261 0.0978273 -0.0669265
FixedParameters: 0 0 0

#Transform 4
Transform: AffineTransform_float_3_3
Parameters: 0.999999 0.000580958 -0.00109146 -0.000580276 1 0.000312427 0.00109183 -0.000312573 0.999999 0.0113845 0.10113 -0.122605
FixedParameters: 0 0 0

#Transform 5
Transform: AffineTransform_float_3_3
Parameters: 1 0.000575402 -0.00101744 -0.000574813 1 0.000289378 0.00101777 -0.000289622 0.999999 -0.00609606 0.0995339 -0.128864
FixedParameters: 0 0 0

#Transform 6
Transform: AffineTransform_float_3_3
Parameters: 0.999997 -0.000933474 -0.00217083 0.000934295 1 -2.39494e-05 0.00217049 2.20531e-05 0.999998 0.0670778 0.114823 -0.137749
FixedParameters: 0 0 0

#Transform 7
Transform: AffineTransform_float_3_3
Parameters: 0.999992 -0.00114028 -0.00368007 0.00113983 0.999999 -0.000188373 0.00368011 0.000183628 0.999993 0.0445776 0.110825 -0.148495
FixedParameters: 0 0 0

#Transform 8
Transform: AffineTransform_float_3_3
Parameters: 0.999991 -0.00127583 -0.0041729 0.00127898 0.999999 0.000705572 0.00417226 -0.000710428 0.999991 0.0395766 0.0925166 -0.17359
FixedParameters: 0 0 0

#Transform 9
Transform: AffineTransform_float_3_3
Parameters: 0.999996 -0.000995332 -0.00269318 0.000995523 0.999999 3.39103e-05 0.00269311 -3.70893e-05 0.999996 0.0480634 0.107066 -0.146782
FixedParameters: 0 0 0

#Transform 10
Transform: AffineTransform_float_3_3
Parameters: 0.999995 -0.001489 -0.00253136 0.00148897 0.999999 -0.000189484 0.00253153 0.000185517 0.999997 0.0886192 0.112925 -0.109912
FixedParameters: 0 0 0

#Transform 11
Transform: AffineTransform_float_3_3
Parameters: 0.999998 -0.000545426 -0.0019356 0.000546896 0.999999 0.000616814 0.00193532 -0.000618185 0.999998 0.0973009 0.0846361 -0.0391241
FixedParameters: 0 0 0

#Transform 12
Transform: AffineTransform_float_3_3
Parameters: 1 -0.000137561 -0.000683495 0.000138437 1 0.000640905 0.000683318 -0.000641094 0.999999 0.0116845 0.0753755 -0.0308697
FixedParameters: 0 0 0

#Transform 13
Transform: AffineTransform_float_3_3
Parameters: 0.999998 -0.000954364 -0.00204919 0.000959162 0.999997 0.00229376 0.00204675 -0.00229624 0.999995 0.079602 0.0703804 0.0452406
FixedParameters: 0 0 0

#Transform 14
Transform: AffineTransform_float_3_3
Parameters: 0.999998 2.52425e-06 -0.00189687 1.84962e-06 0.999997 0.00257167 0.00189699 -0.00257234 0.999995 0.0144815 0.0656656 0.0325882
FixedParameters: 0 0 0

#Transform 15
Transform: AffineTransform_float_3_3
Parameters: 0.999999 -0.00101882 -0.0014661 0.00102113 0.999998 0.00172887 0.00146374 -0.00173113 0.999998 0.0589166 0.0733044 -0.0122949
FixedParameters: 0 0 0

#Transform 16
Transform: AffineTransform_float_3_3
Parameters: 0.999995 -0.00156744 -0.00290509 0.0015734 0.999997 0.00190808 0.00290235 -0.00191291 0.999994 0.0594291 0.0629519 0.006003
FixedParameters: 0 0 0

#Transform 17
Transform: AffineTransform_float_3_3
Parameters: 0.999989 -0.00313386 -0.00347994 0.00314217 0.999992 0.00247741 0.00347142 -0.00248858 0.999991 0.14653 0.082853 0.0384826
FixedParameters: 0 0 0

#Transform 18
Transform: AffineTransform_float_3_3
Parameters: 0.999982 -0.00382494 -0.0047762 0.00384252 0.999986 0.00361494 0.00476214 -0.00363305 0.999982 0.147329 0.0941967 -0.00302591
FixedParameters: 0 0 0

#Transform 19
Transform: AffineTransform_float_3_3
Parameters: 0.999969 -0.0045875 -0.00642909 0.00462308 0.999975 0.00546554 0.00640423 -0.00549547 0.999965 0.16709 0.0973424 0.0265209
FixedParameters: 0 0 0

#Transform 20
Transform: AffineTransform_float_3_3
Parameters: 0.999976 -0.00442662 -0.0054619 0.00446057 0.999971 0.006269 0.00543484 -0.006294 0.999965 0.156974 0.118183 0.0767652
FixedParameters: 0 0 0

#Transform 21
Transform: AffineTransform_float_3_3
Parameters: 0.999978 -0.00419404 -0.00504755 0.00422541 0.999972 0.00629645 0.00502112 -0.00631756 0.999968 0.16998 0.1185 0.0376033
FixedParameters: 0 0 0

#Transform 22
Transform: AffineTransform_float_3_3
Parameters: 0.999978 -0.00451204 -0.00473041 0.00454503 0.999965 0.00702311 0.00469824 -0.00704388 0.999963 0.147635 0.109375 0.123662
FixedParameters: 0 0 0

#Transform 23
Transform: AffineTransform_float_3_3
Parameters: 0.99998 -0.00469801 -0.00437175 0.00473541 0.999951 0.00864822 0.00433117 -0.00866878 0.999954 0.201431 0.14049 0.129733
FixedParameters: 0 0 0

#Transform 24
Transform: AffineTransform_float_3_3
Parameters: 0.999977 -0.00485721 -0.00475477 0.00489775 0.999951 0.00857006 0.00471333 -0.00859293 0.999951 0.200079 0.127316 0.136831
FixedParameters: 0 0 0

#Transform 25
Transform: AffineTransform_float_3_3
Parameters: 0.999979 -0.00353419 -0.00531977 0.00358608 0.999946 0.0097729 0.00528407 -0.00979212 0.999939 0.178836 0.123273 0.215286
FixedParameters: 0 0 0

#Transform 26
Transform: AffineTransform_float_3_3
Parameters: 0.999982 -0.00383687 -0.00446026 0.00387091 0.999963 0.00765637 0.00443087 -0.00767362 0.999961 0.15259 0.095505 0.181566
FixedParameters: 0 0 0

#Transform 27
Transform: AffineTransform_float_3_3
Parameters: 0.999982 -0.00324442 -0.00502853 0.00328935 0.999953 0.00903881 0.00499972 -0.00905518 0.999946 0.132411 0.128656 0.259575
FixedParameters: 0 0 0

#Transform 28
Transform: AffineTransform_float_3_3
Parameters: 0.999981 -0.0041793 -0.00468182 0.00423332 0.999925 0.0115022 0.00463364 -0.0115208 0.999923 0.20311 0.146407 0.333144
FixedParameters: 0 0 0

#Transform 29
Transform: AffineTransform_float_3_3
Parameters: 0.999989 -0.00312269 -0.003564 0.00316244 0.999933 0.01115 0.00352907 -0.011161 0.999931 0.175442 0.109388 0.31604
FixedParameters: 0 0 0

#Transform 30
Transform: AffineTransform_float_3_3
Parameters: 0.999988 -0.0038458 -0.0028365 0.00387788 0.999929 0.0112714 0.00279314 -0.0112826 0.999933 0.157356 0.0968223 0.358746
FixedParameters: 0 0 0

#Transform 31
Transform: AffineTransform_float_3_3
Parameters: 0.999986 -0.00336054 -0.0039239 0.0034032 0.999937 0.0107315 0.00388723 -0.0107445 0.999935 0.150286 0.101428 0.354061
FixedParameters: 0 0 0

#Transform 32
Transform: AffineTransform_float_3_3
Parameters: 0.999981 -0.00417793 -0.00450528 0.00423843 0.999901 0.0134422 0.00444792 -0.0134608 0.999899 0.177009 0.159351 0.421584
FixedParameters: 0 0 0

#Transform 33
Transform: AffineTransform_float_3_3
Parameters: 0.999977 -0.00442425 -0.0050983 0.00449474 0.999892 0.0139609 0.00503645 -0.0139841 0.99989 0.18126 0.164844 0.473032
FixedParameters: 0 0 0

#Transform 34
Transform: AffineTransform_float_3_3
Parameters: 0.999978 -0.00405161 -0.00525356 0.00413348 0.999869 0.0156318 0.00518944 -0.0156532 0.999864 0.166749 0.170257 0.427171
FixedParameters: 0 0 0

#Transform 35
Transform: AffineTransform_float_3_3
Parameters: 0.999981 -0.00308972 -0.00535158 0.00317243 0.999875 0.0154834 0.00530365 -0.0154996 0.999866 0.0854193 0.156938 0.435681
FixedParameters: 0 0 0

#Transform 36
Transform: AffineTransform_float_3_3
Parameters: 0.999976 -0.00292585 -0.00616517 0.00302155 0.999873 0.0156401 0.0061185 -0.0156579 0.999859 0.0759125 0.171071 0.395341
FixedParameters: 0 0 0

#Transform 37
Transform: AffineTransform_float_3_3
Parameters: 0.99999 -0.00104794 -0.00417685 0.00109168 0.999945 0.0104239 0.00416529 -0.0104291 0.999937 0.0605426 0.14921 0.224157
FixedParameters: 0 0 0

#Transform 38
Transform: AffineTransform_float_3_3
Parameters: 0.999988 -0.00180388 -0.00442549 0.00185618 0.999928 0.0118602 0.00440434 -0.0118678 0.99992 0.0864491 0.155089 0.349615
FixedParameters: 0 0 0

#Transform 39
Transform: AffineTransform_float_3_3
Parameters: 0.999993 -0.00230679 -0.00316113 0.00235502 0.999878 0.0154364 0.00312508 -0.0154446 0.999876 0.130151 0.159883 0.430817
FixedParameters: 0 0 0

#Transform 40
Transform: AffineTransform_float_3_3
Parameters: 0.999993 -0.00260567 -0.00270733 0.00264756 0.999876 0.015515 0.00266623 -0.015522 0.999875 0.122453 0.156018 0.426615
FixedParameters: 0 0 0

#Transform 41
Transform: AffineTransform_float_3_3
Parameters: 0.99999 -0.00301734 -0.00333458 0.00306522 0.999894 0.0142579 0.00329151 -0.0142681 0.999893 0.160296 0.148079 0.394886
FixedParameters: 0 0 0

#Transform 42
Transform: AffineTransform_float_3_3
Parameters: 0.999992 -0.00269615 -0.00301766 0.00273876 0.999892 0.0144603 0.00297842 -0.0144688 0.999891 0.129754 0.156959 0.427437
FixedParameters: 0 0 0

#Transform 43
Transform: AffineTransform_float_3_3
Parameters: 0.999975 -0.00507918 -0.0048864 0.00514162 0.999907 0.0126496 0.00482176 -0.0126744 0.999908 0.191689 0.157675 0.374665
FixedParameters: 0 0 0

#Transform 44
Transform: AffineTransform_float_3_3
Parameters: 0.999973 -0.00482498 -0.00540886 0.00490692 0.999873 0.0151768 0.00533572 -0.0152022 0.99987 0.213494 0.169161 0.417899
FixedParameters: 0 0 0

#Transform 45
Transform: AffineTransform_float_3_3
Parameters: 0.999973 -0.00479859 -0.00544026 0.00488253 0.999865 0.0156539 0.00536391 -0.01568 0.999862 0.211479 0.177603 0.449507
FixedParameters: 0 0 0

#Transform 46
Transform: AffineTransform_float_3_3
Parameters: 0.999967 -0.00520833 -0.00620545 0.00530342 0.999868 0.0152985 0.00612553 -0.0153314 0.999864 0.193011 0.198564 0.441493
FixedParameters: 0 0 0

#Transform 47
Transform: AffineTransform_float_3_3
Parameters: 0.999974 -0.00387985 -0.00604527 0.00396871 0.999883 0.014788 0.00598762 -0.014811 0.999873 0.159997 0.198881 0.394007
FixedParameters: 0 0 0

#Transform 48
Transform: AffineTransform_float_3_3
Parameters: 0.999976 -0.0046108 -0.00529988 0.00468193 0.999897 0.0135752 0.00523678 -0.0136008 0.999894 0.188334 0.143967 0.402808
FixedParameters: 0 0 0

#Transform 49
Transform: AffineTransform_float_3_3
Parameters: 0.999973 -0.00483361 -0.00565459 0.00490929 0.999898 0.0134161 0.00558939 -0.0134439 0.999894 0.194416 0.134675 0.372984
FixedParameters: 0 0 0

#Transform 50
Transform: AffineTransform_float_3_3
Parameters: 0.99997 -0.00441939 -0.00625123 0.00449012 0.999925 0.0114276 0.00620038 -0.0114554 0.999915 0.216908 0.176221 0.319054
FixedParameters: 0 0 0

#Transform 51
Transform: AffineTransform_float_3_3
Parameters: 0.999968 -0.00499194 -0.00616399 0.00506398 0.999917 0.0118559 0.0061041 -0.0118871 0.99991 0.180622 0.153992 0.349407
FixedParameters: 0 0 0

#Transform 52
Transform: AffineTransform_float_3_3
Parameters: 0.999975 -0.00273129 -0.00661651 0.00276578 0.999982 0.00531619 0.00660247 -0.00533382 0.999964 0.104945 0.0953635 0.146192
FixedParameters: 0 0 0

#Transform 53
Transform: AffineTransform_float_3_3
Parameters: 0.99998 -0.000197302 -0.00633858 0.000214666 0.999996 0.00271607 0.00633819 -0.00271692 0.999976 0.0185465 0.110432 0.206914
FixedParameters: 0 0 0

#Transform 54
Transform: AffineTransform_float_3_3
Parameters: 0.999974 -0.00261102 -0.00670265 0.00264449 0.999984 0.00492506 0.00668947 -0.00494294 0.999966 0.0766172 0.112126 0.221059
FixedParameters: 0 0 0

#Transform 55
Transform: AffineTransform_float_3_3
Parameters: 0.999964 -0.00309562 -0.00787652 0.0031367 0.999982 0.00519637 0.00786032 -0.00522163 0.999955 0.125289 0.115864 0.241454
FixedParameters: 0 0 0

#Transform 56
Transform: AffineTransform_float_3_3
Parameters: 0.999951 -0.00401029 -0.00906582 0.00406563 0.999973 0.00601575 0.00904106 -0.00605223 0.99994 0.145582 0.128039 0.242756
FixedParameters: 0 0 0

#Transform 57
Transform: AffineTransform_float_3_3
Parameters: 0.999959 -0.00387639 -0.00816287 0.00392847 0.999972 0.00632548 0.0081384 -0.00635752 0.999947 0.108066 0.128439 0.236308
FixedParameters: 0 0 0

#Transform 58
Transform: AffineTransform_float_3_3
Parameters: 0.999946 -0.00434128 -0.00946013 0.00440778 0.999966 0.0070155 0.00942893 -0.00705651 0.999931 0.145475 0.147235 0.272486
FixedParameters: 0 0 0

#Transform 59
Transform: AffineTransform_float_3_3
Parameters: 0.999945 -0.00443444 -0.00950669 0.00449734 0.999969 0.00652726 0.00947753 -0.00656973 0.999933 0.130958 0.125574 0.250396
FixedParameters: 0 0 0

#Transform 60
Transform: AffineTransform_float_3_3
Parameters: 0.999939 -0.00484069 -0.00990385 0.00490336 0.999968 0.00632369 0.00987303 -0.00637131 0.999931 0.117747 0.1273 0.293169
FixedParameters: 0 0 0

#Transform 61
Transform: AffineTransform_float_3_3
Parameters: 0.999961 -0.00333232 -0.00809842 0.00336551 0.999986 0.00408508 0.00808503 -0.00411192 0.999959 0.132473 0.144427 0.226261
FixedParameters: 0 0 0

#Transform 62
Transform: AffineTransform_float_3_3
Parameters: 0.999976 -0.00166378 -0.00664552 0.0016432 0.999994 -0.00309465 0.00665029 0.00308435 0.999973 0.0559125 0.144033 -0.0246604
FixedParameters: 0 0 0

#Transform 63
Transform: AffineTransform_float_3_3
Parameters: 0.999971 -0.00177718 -0.00738231 0.00173792 0.999983 -0.00540339 0.00739171 0.00539062 0.999959 0.0607898 0.196866 -0.0246175
FixedParameters: 0 0 0

#Transform 64
Transform: AffineTransform_float_3_3
Parameters: 0.999964 -0.00343716 -0.00774743 0.00340811 0.999987 -0.00376074 0.00775966 0.00373426 0.999963 0.123578 0.158157 0.0761188
FixedParameters: 0 0 0

#Transform 65
Transform: AffineTransform_float_3_3
Parameters: 0.99997 -0.00310153 -0.00700235 0.00307253 0.999987 -0.00418136 0.0070156 0.00415964 0.999967 0.0873882 0.126929 0.0890494
FixedParameters: 0 0 0

#Transform 66
Transform: AffineTransform_float_3_3
Parameters: 0.999983 -0.001839 -0.00557611 0.00181205 0.999987 -0.00479997 0.00558452 0.00478902 0.999973 0.107155 0.131 0.0768619
FixedParameters: 0 0 0

#Transform 67
Transform: AffineTransform_float_3_3
Parameters: 0.99997 -0.00282891 -0.00719724 0.00278429 0.999977 -0.00619913 0.00721415 0.00617887 0.999955 0.117696 0.122577 0.0449292
FixedParameters: 0 0 0

#Transform 68
Transform: AffineTransform_float_3_3
Parameters: 0.999964 -0.00319647 -0.00792876 0.00313712 0.999966 -0.00754153 0.00795197 0.00751647 0.99994 0.194098 0.12461 -0.0340732
FixedParameters: 0 0 0

#Transform 69
Transform: AffineTransform_float_3_3
Parameters: 0.999976 -0.00193046 -0.00673754 0.00189072 0.99998 -0.00596434 0.00674849 0.00595167 0.99996 0.104667 0.140279 -0.048947
FixedParameters: 0 0 0

#Transform 70
Transform: AffineTransform_float_3_3
Parameters: 0.99998 -0.00125332 -0.00620041 0.00122359 0.999988 -0.00484599 0.00620712 0.00483802 0.999969 0.0970474 0.125663 0.000987299
FixedParameters: 0 0 0

#Transform 71
Transform: AffineTransform_float_3_3
Parameters: 0.999992 -0.00136728 -0.00369277 0.00134077 0.999973 -0.00730149 0.00370304 0.00729651 0.999966 0.146365 0.143245 0.168973
FixedParameters: 0 0 0

#Transform 72
Transform: AffineTransform_float_3_3
Parameters: 0.999997 -0.00194977 -0.00183637 0.00194083 0.999983 -0.00539932 0.00184729 0.00539568 0.999983 0.200957 0.101959 0.178787
FixedParameters: 0 0 0

#Transform 73
Transform: AffineTransform_float_3_3
Parameters: 0.999995 -0.00183498 -0.00257407 0.00182085 0.999984 -0.00529422 0.00258348 0.00528978 0.999983 0.21896 0.116612 0.0844444
FixedParameters: 0 0 0

#Transform 74
Transform: AffineTransform_float_3_3
Parameters: 0.999992 -0.00240281 -0.00318841 0.0023889 0.999987 -0.00438759 0.00319909 0.00437941 0.999985 0.21736 0.119283 0.114982
FixedParameters: 0 0 0

#Transform 75
Transform: AffineTransform_float_3_3
Parameters: 0.999985 -0.00313303 -0.00435788 0.0031053 0.999975 -0.00634487 0.00437808 0.00633114 0.999971 0.202595 0.118349 -0.0134839
FixedParameters: 0 0 0

#Transform 76
Transform: AffineTransform_float_3_3
Parameters: 0.999986 -0.00250116 -0.00454887 0.00246045 0.999958 -0.0088981 0.00457041 0.00888691 0.99995 0.221411 0.13239 -0.0769244
FixedParameters: 0 0 0

#Transform 77
Transform: AffineTransform_float_3_3
Parameters: 0.999985 -0.00276897 -0.00459304 0.0027245 0.999947 -0.00983122 0.00461987 0.00981876 0.999941 0.230251 0.134894 -0.0507246
FixedParameters: 0 0 0

#Transform 78
Transform: AffineTransform_float_3_3
Parameters: 0.999982 -0.00323412 -0.00508846 0.00318873 0.999957 -0.00871083 0.00511615 0.00869517 0.999949 0.234686 0.12582 -0.00545448
FixedParameters: 0 0 0

#Transform 79
Transform: AffineTransform_float_3_3
Parameters: 0.999972 -0.00364502 -0.00663937 0.00357879 0.999944 -0.00996589 0.00667553 0.00994211 0.999928 0.272129 0.12748 -0.0928136
FixedParameters: 0 0 0

#Transform 80
Transform: AffineTransform_float_3_3
Parameters: 0.999969 -0.0041282 -0.00662601 0.00406171 0.999941 -0.0099948 0.00666663 0.0099682 0.999928 0.242447 0.157878 -0.0960411
FixedParameters: 0 0 0

#Transform 81
Transform: AffineTransform_float_3_3
Parameters: 0.999968 -0.00288465 -0.00748581 0.00281474 0.999953 -0.0092914 0.00751255 0.00926959 0.999929 0.203592 0.143633 -0.0236589
FixedParameters: 0 0 0

#Transform 82
Transform: AffineTransform_float_3_3
Parameters: 0.99997 -0.00270249 -0.00728833 0.00263128 0.999949 -0.00978323 0.00731445 0.00976378 0.999926 0.197101 0.158267 -0.0664269
FixedParameters: 0 0 0

#Transform 83
Transform: AffineTransform_float_3_3
Parameters: 0.999963 -0.00358431 -0.00774277 0.00350973 0.999947 -0.00963152 0.00777712 0.00960448 0.999924 0.196984 0.162364 0.0160626
FixedParameters: 0 0 0

#Transform 84
Transform: AffineTransform_float_3_3
Parameters: 0.999967 -0.00349331 -0.00740628 0.00342779 0.999955 -0.00890128 0.00743744 0.00887573 0.999933 0.223186 0.169186 0.0818091
FixedParameters: 0 0 0

#Transform 85
Transform: AffineTransform_float_3_3
Parameters: 0.999968 -0.00325612 -0.00739935 0.00319562 0.999962 -0.00819056 0.00742633 0.00816645 0.999939 0.225649 0.149538 0.0247089
FixedParameters: 0 0 0

#Transform 86
Transform: AffineTransform_float_3_3
Parameters: 0.99997 -0.00308655 -0.0070009 0.00302551 0.999959 -0.00859916 0.00702708 0.00857784 0.999938 0.174292 0.159763 0.0436175
FixedParameters: 0 0 0

#Transform 87
Transform: AffineTransform_float_3_3
Parameters: 0.999972 -0.00280938 -0.00702723 0.00276035 0.999972 -0.00705337 0.00704628 0.00703363 0.99995 0.197777 0.155994 0.0698151
FixedParameters: 0 0 0

#Transform 88
Transform: AffineTransform_float_3_3
Parameters: 0.999958 -0.00440758 -0.00796492 0.00435464 0.999968 -0.00664843 0.00799406 0.00661356 0.999946 0.200746 0.173515 0.0911197
FixedParameters: 0 0 0

#Transform 89
Transform: AffineTransform_float_3_3
Parameters: 0.999957 -0.00440944 -0.00817639 0.0043546 0.999968 -0.00684202 0.00820659 0.00680599 0.999943 0.194222 0.156581 0.0597873
FixedParameters: 0 0 0

#Transform 90
Transform: AffineTransform_float_3_3
Parameters: 0.999956 -0.00377072 -0.00864987 0.00370625 0.999965 -0.00745557 0.00867814 0.00742243 0.999935 0.209258 0.140628 0.105138
FixedParameters: 0 0 0

#Transform 91
Transform: AffineTransform_float_3_3
Parameters: 0.999959 -0.00361763 -0.00830425 0.00355842 0.999968 -0.00711609 0.0083302 0.0070859 0.99994 0.173828 0.144671 0.0671007
FixedParameters: 0 0 0

#Transform 92
Transform: AffineTransform_float_3_3
Parameters: 0.999963 -0.00342195 -0.00786266 0.00336931 0.999973 -0.00662858 0.00788571 0.00660242 0.999947 0.113835 0.161299 0.130177
FixedParameters: 0 0 0

#Transform 93
Transform: AffineTransform_float_3_3
Parameters: 0.999956 -0.00371659 -0.008548 0.0036613 0.999972 -0.00647111 0.00857218 0.00643889 0.999942 0.164172 0.16357 0.0922886
FixedParameters: 0 0 0

#Transform 94
Transform: AffineTransform_float_3_3
Parameters: 0.999953 -0.0038484 -0.0088429 0.00378743 0.999969 -0.00688927 0.00886959 0.00685473 0.999937 0.172907 0.172178 0.13174
FixedParameters: 0 0 0

#Transform 95
Transform: AffineTransform_float_3_3
Parameters: 0.999961 -0.00391389 -0.00800039 0.0038541 0.999964 -0.00751936 0.00802974 0.00748865 0.99994 0.179719 0.169416 0.126183
FixedParameters: 0 0 0

#Transform 96
Transform: AffineTransform_float_3_3
Parameters: 0.999965 -0.0042362 -0.00711118 0.00415633 0.99993 -0.0110893 0.00715791 0.0110587 0.999914 0.232043 0.196113 0.0948639
FixedParameters: 0 0 0

#Transform 97
Transform: AffineTransform_float_3_3
Parameters: 0.999967 -0.00422311 -0.00686127 0.00415752 0.999946 -0.0094837 0.0069012 0.0094553 0.999932 0.152573 0.176884 0.117469
FixedParameters: 0 0 0

#Transform 98
Transform: AffineTransform_float_3_3
Parameters: 0.999968 -0.00384309 -0.00704649 0.00378694 0.999961 -0.00805971 0.00707696 0.0080323 0.999942 0.160223 0.17173 0.118337
FixedParameters: 0 0 0

#Transform 99
Transform: AffineTransform_float_3_3
Parameters: 0.999973 -0.00378831 -0.0063334 0.0037374 0.999961 -0.0080094 0.00636449 0.0079866 0.999948 0.175818 0.152935 0.0688845
FixedParameters: 0 0 0

#Transform 100
Transform: AffineTransform_float_3_3
Parameters: 0.999975 -0.00367894 -0.00601533 0.00362877 0.999958 -0.00833747 0.00604615 0.00831553 0.999947 0.167099 0.166551 0.0926292
FixedParameters: 0 0 0

#Transform 101
Transform: AffineTransform_float_3_3
Parameters: 0.999969 -0.00459642 -0.00627575 0.00454186 0.999952 -0.00870684 0.00631559 0.00867917 0.999942 0.244475 0.161019 0.0740896
FixedParameters: 0 0 0

#Transform 102
Transform: AffineTransform_float_3_3
Parameters: 0.999963 -0.0050356 -0.00706619 0.00498156 0.999958 -0.00760234 0.00710428 0.00756766 0.999946 0.23722 0.168748 0.124924
FixedParameters: 0 0 0

#Transform 103
Transform: AffineTransform_float_3_3
Parameters: 0.999964 -0.00533011 -0.00649586 0.00527714 0.999953 -0.00810167 0.00653873 0.00806732 0.999946 0.238269 0.166527 0.109198
FixedParameters: 0 0 0

#Transform 104
Transform: AffineTransform_float_3_3
Parameters: 0.999968 -0.00480767 -0.00635872 0.00475348 0.999952 -0.00853456 0.00639966 0.00850343 0.999943 0.244891 0.170071 0.129857
FixedParameters: 0 0 0

#Transform 105
Transform: AffineTransform_float_3_3
Parameters: 0.999969 -0.00460968 -0.00628448 0.00455663 0.999953 -0.00853317 0.00632428 0.00850383 0.999944 0.259269 0.173024 0.108346
FixedParameters: 0 0 0

#Transform 106
Transform: AffineTransform_float_3_3
Parameters: 0.999969 -0.00468368 -0.00624391 0.00462827 0.999949 -0.00893324 0.00628567 0.00890476 0.999941 0.239901 0.188658 0.135008
FixedParameters: 0 0 0

#Transform 107
Transform: AffineTransform_float_3_3
Parameters: 0.99997 -0.00461934 -0.00614496 0.00456619 0.999952 -0.00859574 0.00618406 0.00856826 0.999944 0.253237 0.180728 0.177416
FixedParameters: 0 0 0

#Transform 108
Transform: AffineTransform_float_3_3
Parameters: 0.999967 -0.00485512 -0.00660088 0.00479864 0.999952 -0.00853531 0.00664183 0.00850269 0.999942 0.277465 0.15949 0.113332
FixedParameters: 0 0 0

#Transform 109
Transform: AffineTransform_float_3_3
Parameters: 0.999968 -0.00474847 -0.00643812 0.00469397 0.999954 -0.0084132 0.00647821 0.0083828 0.999944 0.235405 0.176067 0.13892
FixedParameters: 0 0 0

#Transform 110
Transform: AffineTransform_float_3_3
Parameters: 0.999968 -0.00419936 -0.00681062 0.0041412 0.999955 -0.00853071 0.00684719 0.0085023 0.999941 0.248756 0.172411 0.114588
FixedParameters: 0 0 0

#Transform 111
Transform: AffineTransform_float_3_3
Parameters: 0.999968 -0.00454331 -0.00668792 0.00448405 0.999951 -0.00882832 0.00672725 0.00879768 0.999938 0.258751 0.176873 0.0973658
FixedParameters: 0 0 0

#Transform 112
Transform: AffineTransform_float_3_3
Parameters: 0.999968 -0.00470733 -0.00639089 0.00465125 0.99995 -0.00881171 0.00643284 0.00878229 0.999941 0.245237 0.189435 0.131618
FixedParameters: 0 0 0

#Transform 113
Transform: AffineTransform_float_3_3
Parameters: 0.999966 -0.00497676 -0.00665758 0.00492177 0.999954 -0.00828335 0.00669851 0.00825066 0.999944 0.287175 0.175314 0.095193
FixedParameters: 0 0 0

#Transform 114
Transform: AffineTransform_float_3_3
Parameters: 0.999962 -0.00485828 -0.00714153 0.00479804 0.999953 -0.00846713 0.00718211 0.00843288 0.999939 0.265853 0.183949 0.111731
FixedParameters: 0 0 0

#Transform 115
Transform: AffineTransform_float_3_3
Parameters: 0.999963 -0.00495826 -0.00703914 0.0049027 0.999957 -0.00793387 0.00707814 0.00789914 0.999944 0.264721 0.183967 0.105813
FixedParameters: 0 0 0

#Transform 116
Transform: AffineTransform_float_3_3
Parameters: 0.999963 -0.00492619 -0.00702175 0.0048674 0.999953 -0.00834955 0.0070622 0.00831545 0.99994 0.276139 0.180853 0.0796759
FixedParameters: 0 0 0

#Transform 117
Transform: AffineTransform_float_3_3
Parameters: 0.999961 -0.00546877 -0.00703025 0.00541289 0.999954 -0.00792104 0.00707309 0.00788196 0.999944 0.273567 0.192381 0.130146
FixedParameters: 0 0 0

#Transform 118
Transform: AffineTransform_float_3_3
Parameters: 0.999961 -0.00513478 -0.00715816 0.00507632 0.999953 -0.00823315 0.0072005 0.00819685 0.999941 0.287238 0.175669 0.101307
FixedParameters: 0 0 0

#Transform 119
Transform: AffineTransform_float_3_3
Parameters: 0.999966 -0.00494769 -0.00670805 0.00489073 0.999952 -0.00843539 0.00674958 0.0084026 0.999941 0.321109 0.188183 0.138378
FixedParameters: 0 0 0

#Transform 120
Transform: AffineTransform_float_3_3
Parameters: 0.999968 -0.00508956 -0.00616123 0.00503786 0.999952 -0.00843535 0.00620362 0.00840466 0.999945 0.292401 0.182127 0.121163
FixedParameters: 0 0 0

#Transform 121
Transform: AffineTransform_float_3_3
Parameters: 0.999968 -0.00514298 -0.00614808 0.00509142 0.999952 -0.00833561 0.00618982 0.00830439 0.999946 0.306275 0.188474 0.170241
FixedParameters: 0 0 0

#Transform 122
Transform: AffineTransform_float_3_3
Parameters: 0.999967 -0.00532633 -0.00622898 0.00527752 0.999955 -0.00781996 0.00627041 0.00778703 0.99995 0.325706 0.184871 0.14342
FixedParameters: 0 0 0

#Transform 123
Transform: AffineTransform_float_3_3
Parameters: 0.999961 -0.00595406 -0.00662899 0.00590453 0.999954 -0.00755459 0.00667401 0.0075154 0.999949 0.327385 0.199662 0.241955
FixedParameters: 0 0 0

#Transform 124
Transform: AffineTransform_float_3_3
Parameters: 0.999949 -0.00667647 -0.00759157 0.00663458 0.999963 -0.00548564 0.00762829 0.00543536 0.999956 0.365502 0.178886 0.313376
FixedParameters: 0 0 0

#Transform 125
Transform: AffineTransform_float_3_3
Parameters: 0.999963 -0.00666299 -0.00544895 0.00669534 0.999959 0.00599771 0.00540865 -0.00603429 0.999967 0.363734 0.225481 0.843705
FixedParameters: 0 0 0

#Transform 126
Transform: AffineTransform_float_3_3
Parameters: 0.999986 -0.00499795 -0.00202371 0.0050503 0.999626 0.02685 0.00188809 -0.02686 0.999638 0.198723 0.262729 1.41826
FixedParameters: 0 0 0

#Transform 127
Transform: AffineTransform_float_3_3
Parameters: 0.999991 -0.00409678 -0.00123327 0.00411858 0.999823 0.018393 0.00115782 -0.018398 0.99983 0.235166 0.308149 1.20762
FixedParameters: 0 0 0

#Transform 128
Transform: AffineTransform_float_3_3
Parameters: 1 -0.000174255 0.000402292 0.000165103 0.999768 0.0215501 -0.000405507 -0.0215499 0.999767 0.00409097 0.287712 1.52007
FixedParameters: 0 0 0

#Transform 129
Transform: AffineTransform_float_3_3
Parameters: 0.999996 -0.00240745 0.00182814 0.00238204 0.999904 0.0136253 -0.00186048 -0.0136207 0.999905 0.106676 0.283193 1.27874
FixedParameters: 0 0 0

#Transform 130
Transform: AffineTransform_float_3_3
Parameters: 0.999998 -0.00177421 0.00152205 0.00176382 0.999976 0.00682614 -0.00153434 -0.00682287 0.999976 0.126949 0.213947 0.953756
FixedParameters: 0 0 0

#Transform 131
Transform: AffineTransform_float_3_3
Parameters: 0.999994 -0.00249404 0.00208366 0.00249666 0.999996 -0.00112878 -0.00208039 0.00113421 0.999997 0.186725 0.198234 0.607386
FixedParameters: 0 0 0

#Transform 132
Transform: AffineTransform_float_3_3
Parameters: 0.999995 -0.00116605 0.00294093 0.00116652 0.999999 -0.000235448 -0.00293998 0.000239553 0.999996 0.170575 0.190038 0.533512
FixedParameters: 0 0 0

#Transform 133
Transform: AffineTransform_float_3_3
Parameters: 0.999993 -0.00264382 0.00239829 0.00264687 0.999996 -0.00106985 -0.00239499 0.00107615 0.999996 0.245038 0.198002 0.505842
FixedParameters: 0 0 0

#Transform 134
Transform: AffineTransform_float_3_3
Parameters: 0.999992 -0.00364981 0.00157974 0.00365586 0.999986 -0.00378413 -0.00156588 0.00378987 0.999991 0.235334 0.187189 0.431491
FixedParameters: 0 0 0

#Transform 135
Transform: AffineTransform_float_3_3
Parameters: 0.999992 -0.00385988 0.000882417 0.0038648 0.999978 -0.00541261 -0.000861485 0.00541639 0.999985 0.251645 0.186225 0.3584
FixedParameters: 0 0 0

#Transform 136
Transform: AffineTransform_float_3_3
Parameters: 0.999993 -0.00353278 0.000707941 0.00353483 0.999988 -0.00348413 -0.000695135 0.00348686 0.999993 0.291127 0.212641 0.499025
FixedParameters: 0 0 0

#Transform 137
Transform: AffineTransform_float_3_3
Parameters: 0.999989 -0.00453821 -0.000468934 0.00453978 0.999989 0.00171936 0.000460931 -0.00172164 0.999999 0.279557 0.200739 0.613835
FixedParameters: 0 0 0

#Transform 138
Transform: AffineTransform_float_3_3
Parameters: 0.999991 -0.00405254 -0.001319 0.00405457 0.999991 0.00142693 0.00131358 -0.00143207 0.999998 0.27435 0.215223 0.590088
FixedParameters: 0 0 0

#Transform 139
Transform: AffineTransform_float_3_3
Parameters: 0.999991 -0.00382873 -0.00172728 0.00383345 0.99999 0.00244239 0.00171772 -0.00244861 0.999996 0.241942 0.209764 0.567256
FixedParameters: 0 0 0

#Transform 140
Transform: AffineTransform_float_3_3
Parameters: 0.999991 -0.00395251 -0.00166736 0.00395179 0.999992 5.63964e-05 0.00166728 -6.26041e-05 0.999999 0.23394 0.210762 0.530099
FixedParameters: 0 0 0

#Transform 141
Transform: AffineTransform_float_3_3
Parameters: 0.999987 -0.0043682 -0.00237406 0.0043704 0.99999 0.000681879 0.00237068 -0.000692117 0.999997 0.240196 0.200521 0.524009
FixedParameters: 0 0 0

#Transform 142
Transform: AffineTransform_float_3_3
Parameters: 0.999986 -0.00491352 -0.00196349 0.00491329 0.999988 -0.000199788 0.00196409 0.000190216 0.999998 0.278229 0.202295 0.55647
FixedParameters: 0 0 0

#Transform 143
Transform: AffineTransform_float_3_3
Parameters: 0.999984 -0.00498366 -0.00238117 0.00498232 0.999988 -0.000510443 0.00238358 0.000498559 0.999997 0.270143 0.202048 0.542023
FixedParameters: 0 0 0

#Transform 144
Transform: AffineTransform_float_3_3
Parameters: 0.999985 -0.00486755 -0.00254298 0.00486528 0.999987 -0.000944598 0.00254779 0.000932401 0.999996 0.267522 0.195414 0.526137
FixedParameters: 0 0 0

#Transform 145
Transform: AffineTransform_float_3_3
Parameters: 0.999985 -0.00484899 -0.0022681 0.00484529 0.999986 -0.00183844 0.0022763 0.00182757 0.999996 0.300712 0.197531 0.480914
FixedParameters: 0 0 0

#Transform 146
Transform: AffineTransform_float_3_3
Parameters: 0.999985 -0.00494739 -0.00231994 0.00493994 0.999984 -0.00285843 0.00233372 0.00284657 0.999993 0.278763 0.198865 0.433989
FixedParameters: 0 0 0

#Transform 147
Transform: AffineTransform_float_3_3
Parameters: 0.999982 -0.00561436 -0.00238742 0.00560722 0.999979 -0.00323784 0.00240493 0.00322417 0.999992 0.310355 0.207764 0.485073
FixedParameters: 0 0 0

#Transform 148
Transform: AffineTransform_float_3_3
Parameters: 0.99998 -0.00557671 -0.00303162 0.00556939 0.999982 -0.00238755 0.00304425 0.00237046 0.999992 0.31614 0.186607 0.414466
FixedParameters: 0 0 0

#Transform 149
Transform: AffineTransform_float_3_3
Parameters: 0.999976 -0.00626881 -0.00296756 0.00625852 0.999975 -0.0034686 0.00298914 0.0034494 0.999989 0.33159 0.210506 0.408041
FixedParameters: 0 0 0

#Transform 150
Transform: AffineTransform_float_3_3
Parameters: 0.999977 -0.00627451 -0.00280903 0.00626298 0.999973 -0.00399964 0.00283376 0.00398237 0.999988 0.303668 0.206383 0.397711
FixedParameters: 0 0 0

#Transform 151
Transform: AffineTransform_float_3_3
Parameters: 0.999974 -0.00632004 -0.003278 0.00630689 0.999973 -0.00379779 0.00330236 0.0037772 0.999987 0.331961 0.218128 0.429891
FixedParameters: 0 0 0

#Transform 152
Transform: AffineTransform_float_3_3
Parameters: 0.999975 -0.00634112 -0.00326856 0.00632619 0.99997 -0.00454017 0.00329684 0.00451883 0.999984 0.344199 0.211913 0.394812
FixedParameters: 0 0 0

#Transform 153
Transform: AffineTransform_float_3_3
Parameters: 0.999996 -0.00283726 0.00108638 0.00284856 0.999949 -0.00968775 -0.00105877 0.00969026 0.999953 0.230082 0.203183 0.268185
FixedParameters: 0 0 0

#Transform 154
Transform: AffineTransform_float_3_3
Parameters: 0.999988 -0.00476799 0.000994816 0.00477691 0.999948 -0.00894856 -0.000952476 0.00895344 0.99996 0.364306 0.197489 0.237283
FixedParameters: 0 0 0

#Transform 155
Transform: AffineTransform_float_3_3
Parameters: 0.999985 -0.00469412 -0.0025774 0.00467003 0.999947 -0.00921823 0.00261989 0.00920577 0.999954 0.39573 0.21529 0.37563
FixedParameters: 0 0 0

#Transform 156
Transform: AffineTransform_float_3_3
Parameters: 0.999982 -0.00475815 -0.00358712 0.00472716 0.999951 -0.00876417 0.00362827 0.00874684 0.999956 0.422034 0.196971 0.366201
FixedParameters: 0 0 0

#Transform 157
Transform: AffineTransform_float_3_3
Parameters: 0.999986 -0.00486677 -0.0023104 0.0048451 0.999946 -0.00918689 0.00235473 0.0091761 0.999955 0.309357 0.201019 0.175306
FixedParameters: 0 0 0

#Transform 158
Transform: AffineTransform_float_3_3
Parameters: 0.999983 -0.00512637 -0.00272464 0.00510444 0.999952 -0.00823605 0.00276637 0.00822195 0.999962 0.339374 0.216512 0.286724
FixedParameters: 0 0 0

#Transform 159
Transform: AffineTransform_float_3_3
Parameters: 0.999982 -0.00519291 -0.00298568 0.00516752 0.999952 -0.00825137 0.00302824 0.00823562 0.999961 0.339154 0.210336 0.268313
FixedParameters: 0 0 0

#Transform 160
Transform: AffineTransform_float_3_3
Parameters: 0.999979 -0.0055553 -0.00327818 0.00552607 0.999947 -0.00861483 0.00332598 0.00859717 0.999958 0.34775 0.215056 0.317598
FixedParameters: 0 0 0

#Transform 161
Transform: AffineTransform_float_3_3
Parameters: 0.99998 -0.0052939 -0.00339285 0.00526526 0.999952 -0.00833841 0.00343731 0.00832058 0.999959 0.340516 0.217684 0.287721
FixedParameters: 0 0 0

#Transform 162
Transform: AffineTransform_float_3_3
Parameters: 0.999979 -0.00557457 -0.00327095 0.00554769 0.99995 -0.00833921 0.00331695 0.00832079 0.99996 0.326963 0.204562 0.279861
FixedParameters: 0 0 0

#Transform 163
Transform: AffineTransform_float_3_3
Parameters: 0.999979 -0.00548742 -0.00347654 0.00545626 0.999945 -0.00892818 0.00352501 0.00890882 0.999954 0.36581 0.214523 0.312856
FixedParameters: 0 0 0

#Transform 164
Transform: AffineTransform_float_3_3
Parameters: 0.999973 -0.00609689 -0.00407232 0.00605353 0.999926 -0.0105838 0.00413671 0.0105592 0.999936 0.405048 0.245907 0.117821
FixedParameters: 0 0 0

#Transform 165
Transform: AffineTransform_float_3_3
Parameters: 0.999962 -0.00681107 -0.00542996 0.00673681 0.999886 -0.0135433 0.00552101 0.0135057 0.999894 0.435466 0.233235 0.0325834
FixedParameters: 0 0 0

#Transform 166
Transform: AffineTransform_float_3_3
Parameters: 0.999976 -0.00615956 -0.00316661 0.00612728 0.999932 -0.00985635 0.00322678 0.00983665 0.999947 0.394722 0.22357 0.46189
FixedParameters: 0 0 0

#Transform 167
Transform: AffineTransform_float_3_3
Parameters: 0.999981 -0.00550679 -0.00249685 0.00547845 0.999924 -0.0110581 0.00255769 0.0110449 0.999935 0.343342 0.205263 0.484055
FixedParameters: 0 0 0

#Transform 168
Transform: AffineTransform_float_3_3
Parameters: 0.999982 -0.00552221 -0.00236422 0.00548684 0.999879 -0.0145456 0.00244445 0.0145324 0.999891 0.376808 0.210173 0.117929
FixedParameters: 0 0 0

#Transform 169
Transform: AffineTransform_float_3_3
Parameters: 0.999986 -0.00508733 -0.00159195 0.00506404 0.999885 -0.0143311 0.00166447 0.0143229 0.999896 0.384979 0.229722 0.176149
FixedParameters: 0 0 0

#Transform 170
Transform: AffineTransform_float_3_3
Parameters: 0.999984 -0.0056473 -0.000345969 0.00563877 0.999771 -0.0206389 0.000462471 0.0206361 0.999787 0.403807 0.210974 0.392481
FixedParameters: 0 0 0

#Transform 171
Transform: AffineTransform_float_3_3
Parameters: 0.99998 -0.00545282 0.00315406 0.00554494 0.99954 -0.0298053 -0.00298949 0.0298227 0.999551 0.426578 0.251426 0.55326
FixedParameters: 0 0 0

#Transform 172
Transform: AffineTransform_float_3_3
Parameters: 0.999981 -0.00522105 0.00347475 0.00531302 0.999614 -0.0272578 -0.00333131 0.0272752 0.999622 0.437277 0.266626 0.470204
FixedParameters: 0 0 0

#Transform 173
Transform: AffineTransform_float_3_3
Parameters: 0.999977 -0.00557346 0.00382148 0.00566761 0.999672 -0.0249822 -0.00368118 0.0250037 0.99968 0.372004 0.275101 0.494416
FixedParameters: 0 0 0

#Transform 174
Transform: AffineTransform_float_3_3
Parameters: 0.999976 -0.00585326 0.003878 0.00593764 0.999736 -0.0222028 -0.00374726 0.0222242 0.999746 0.414584 0.25533 0.572515
FixedParameters: 0 0 0

#Transform 175
Transform: AffineTransform_float_3_3
Parameters: 0.999977 -0.00478096 0.00483896 0.00489053 0.999728 -0.0228025 -0.00472856 0.0228254 0.999728 0.406224 0.223884 0.510521
FixedParameters: 0 0 0

#Transform 176
Transform: AffineTransform_float_3_3
Parameters: 0.999983 -0.0029584 0.00503758 0.00304399 0.999851 -0.0169742 -0.00498662 0.0169888 0.999843 0.302277 0.251608 0.776516
FixedParameters: 0 0 0

#Transform 177
Transform: AffineTransform_float_3_3
Parameters: 0.999976 -0.00455187 0.00509569 0.00467429 0.999694 -0.0242858 -0.00498352 0.0243083 0.999692 0.421088 0.253078 0.243697
FixedParameters: 0 0 0

#Transform 178
Transform: AffineTransform_float_3_3
Parameters: 0.999967 -0.00412985 0.00689486 0.00427388 0.999768 -0.0210834 -0.00680589 0.0211116 0.999754 0.433045 0.272539 0.293987
FixedParameters: 0 0 0

#Transform 179
Transform: AffineTransform_float_3_3
Parameters: 0.999964 -0.0022407 0.00813671 0.00238701 0.999836 -0.0179815 -0.00809479 0.0180005 0.999805 0.331448 0.255274 0.459817
FixedParameters: 0 0 0
