#Insight Transform File V1.0
#Transform 0
Transform: AffineTransform_float_3_3
Parameters: 1 -0.000481993 -0.000472887 0.00048115 0.999999 -0.00145123 0.000472974 0.00145077 0.999999 -0.0335921 0.0748806 0.323517
FixedParameters: 0 0 0

#Transform 1
Transform: AffineTransform_float_3_3
Parameters: 0.999999 0.00066167 -0.000268531 -0.000661406 0.999999 0.000492178 0.000269182 -0.000491822 1 0.0097525 -0.00660789 -0.0235195
FixedParameters: 0 0 0

#Transform 2
Transform: AffineTransform_float_3_3
Parameters: 1 0.000436926 -0.000481378 -0.00043593 1 0.00103385 0.00048228 -0.00103415 0.999999 0.0177239 -0.0111109 -0.0612514
FixedParameters: 0 0 0

#Transform 3
Transform: AffineTransform_float_3_3
Parameters: 1 0.000359401 -0.000192447 -0.000359134 0.999999 0.000692069 0.000192944 -0.00069193 0.999999 0.00827575 -0.0295722 -0.121894
FixedParameters: 0 0 0

#Transform 4
Transform: AffineTransform_float_3_3
Parameters: 1 0.000868726 -0.000600223 -0.000868036 0.999999 0.000900162 0.000600865 -0.000899838 0.999999 0.0323472 0.0045299 -0.0705486
FixedParameters: 0 0 0

#Transform 5
Transform: AffineTransform_float_3_3
Parameters: 1 0.00014605 -0.000294051 -0.000145127 0.999999 0.00156804 0.000294508 -0.00156796 0.999998 0.0254051 -0.0118754 -0.0975075
FixedParameters: 0 0 0

#Transform 6
Transform: AffineTransform_float_3_3
Parameters: 1 0.000741735 -0.000546298 -0.000740968 0.999999 0.00105941 0.000546948 -0.0010586 1 0.0406425 -0.0210266 -0.0914479
FixedParameters: 0 0 0

#Transform 7
Transform: AffineTransform_float_3_3
Parameters: 0.999999 0.000709619 -0.000532501 -0.000708647 0.999999 0.00127838 0.000533393 -0.00127762 0.999999 0.0262014 -0.0158522 -0.0988521
FixedParameters: 0 0 0

#Transform 8
Transform: AffineTransform_float_3_3
Parameters: 0.999999 0.000678704 -0.000605418 -0.000677435 0.999999 0.00104656 0.000606837 -0.00104644 1 0.0374342 -0.0100568 -0.059391
FixedParameters: 0 0 0

#Transform 9
Transform: AffineTransform_float_3_3
Parameters: 0.999999 0.000748779 -0.000439795 -0.000748416 1 0.00085697 0.000440158 -0.00085703 0.999999 0.00651487 -0.0131615 -0.0530546
FixedParameters: 0 0 0

#Transform 10
Transform: AffineTransform_float_3_3
Parameters: 0.999999 0.000709066 -0.000341269 -0.000708662 0.999999 0.00116324 0.000341998 -0.00116276 1 0.0181711 -0.0106095 -0.0644934
FixedParameters: 0 0 0

#Transform 11
Transform: AffineTransform_float_3_3
Parameters: 1 0.00044004 -0.000445787 -0.000440054 1 0.00101484 0.000447071 -0.00101516 0.999999 0.0470812 -0.00356421 -0.0438167
FixedParameters: 0 0 0

#Transform 12
Transform: AffineTransform_float_3_3
Parameters: 1 0.000380914 -0.000372753 -0.000380231 0.999999 0.00144014 0.000372928 -0.00143986 0.999999 0.0175133 -0.0166218 -0.0665198
FixedParameters: 0 0 0

#Transform 13
Transform: AffineTransform_float_3_3
Parameters: 1 0.000143313 -0.000616432 -0.000142745 0.999999 0.00152409 0.000616339 -0.00152391 0.999998 0.0432701 -0.0135045 -0.0572249
FixedParameters: 0 0 0

#Transform 14
Transform: AffineTransform_float_3_3
Parameters: 1 0.00056901 -0.000251418 -0.000568281 0.999999 0.00144414 0.000253061 -0.00144386 0.999999 0.015376 -0.0154471 -0.0638698
FixedParameters: 0 0 0

#Transform 15
Transform: AffineTransform_float_3_3
Parameters: 1 0.00051492 -0.000379396 -0.000513747 0.999998 0.00154319 0.000380983 -0.0015428 0.999998 0.028581 -0.00496873 -0.0542167
FixedParameters: 0 0 0

#Transform 16
Transform: AffineTransform_float_3_3
Parameters: 1 0.000356268 -0.000112615 -0.000355938 0.999999 0.00145904 0.000113654 -0.00145896 0.999999 0.0155197 -0.0205358 -0.0748154
FixedParameters: 0 0 0

#Transform 17
Transform: AffineTransform_float_3_3
Parameters: 1 0.000286861 -0.000276665 -0.000286244 1 0.00111408 0.000277303 -0.00111392 1 0.0341772 -0.00712208 -0.0499379
FixedParameters: 0 0 0

#Transform 18
Transform: AffineTransform_float_3_3
Parameters: 1 0.000287044 -0.000276476 -0.000286061 0.999999 0.00177308 0.000277492 -0.00177292 0.999999 -0.000200364 -0.0260404 -0.0818581
FixedParameters: 0 0 0

#Transform 19
Transform: AffineTransform_float_3_3
Parameters: 1 0.000286905 -0.000276619 -0.0002862 0.999999 0.00127323 0.000277349 -0.00127377 1 0.0133624 -0.0125958 -0.0597077
FixedParameters: 0 0 0

#Transform 20
Transform: AffineTransform_float_3_3
Parameters: 1 -0.00010919 3.96175e-05 0.000109448 0.999998 0.001689 -3.90663e-05 -0.00168899 0.999998 0.0264163 -0.0185438 -0.0753551
FixedParameters: 0 0 0

#Transform 21
Transform: AffineTransform_float_3_3
Parameters: 1 0.000282791 -4.24132e-05 -0.000283043 0.999998 0.00163901 4.24201e-05 -0.00163899 0.999998 0.0113526 -0.02108 -0.0726057
FixedParameters: 0 0 0

#Transform 22
Transform: AffineTransform_float_3_3
Parameters: 1 -0.000166396 -9.57989e-05 0.000166725 0.999998 0.00172198 9.52253e-05 -0.00172201 0.999998 0.0495986 -0.0127095 -0.0505035
FixedParameters: 0 0 0

#Transform 23
Transform: AffineTransform_float_3_3
Parameters: 1 -0.000164847 -9.21006e-05 0.000165148 0.999998 0.00163898 9.15597e-05 -0.00163901 0.999998 0.0168915 -0.0140295 -0.0552641
FixedParameters: 0 0 0

#Transform 24
Transform: AffineTransform_float_3_3
Parameters: 1 0.00033131 -3.03843e-05 -0.000330296 0.999999 0.00152901 3.10051e-05 -0.00152899 0.999999 0.00573528 -0.0046342 -0.0362941
FixedParameters: 0 0 0

#Transform 25
Transform: AffineTransform_float_3_3
Parameters: 1 0.000189284 -0.000227676 -0.000188622 0.999999 0.00145304 0.000228225 -0.00145296 0.999999 0.0220662 -0.00907141 -0.0327073
FixedParameters: 0 0 0

#Transform 26
Transform: AffineTransform_float_3_3
Parameters: 1 0.000406997 -0.000121021 -0.000407028 0.999999 0.0014849 0.000121308 -0.0014841 0.999998 0.0136558 -0.0122622 -0.0413094
FixedParameters: 0 0 0

#Transform 27
Transform: AffineTransform_float_3_3
Parameters: 1 0.00066353 -0.000166518 -0.000663436 0.999998 0.00145211 0.000167524 -0.00145189 0.999999 0.0247367 0.000884026 -0.0120656
FixedParameters: 0 0 0

#Transform 28
Transform: AffineTransform_float_3_3
Parameters: 1 -3.83365e-05 0.000130197 3.79372e-05 0.999999 0.001533 -0.000130314 -0.00153299 0.999999 -0.00168077 -0.00503434 -0.0360667
FixedParameters: 0 0 0

#Transform 29
Transform: AffineTransform_float_3_3
Parameters: 1 -0.00010927 0.000160169 0.000108761 0.999998 0.00158902 -0.000160515 -0.00158898 0.999998 0.0312939 -0.00489449 -0.00845458
FixedParameters: 0 0 0

#Transform 30
Transform: AffineTransform_float_3_3
Parameters: 1 3.59296e-06 0.000427295 -4.07974e-06 0.999998 0.001646 -0.000427673 -0.001646 0.999998 -0.00570346 -0.00998846 0.00493163
FixedParameters: 0 0 0

#Transform 31
Transform: AffineTransform_float_3_3
Parameters: 1 -0.000175446 3.59523e-06 0.000175826 0.999999 0.001489 -3.19776e-06 -0.001489 0.999999 0.0106246 -0.00645027 -0.00235284
FixedParameters: 0 0 0

#Transform 32
Transform: AffineTransform_float_3_3
Parameters: 1 0.000500494 -9.76293e-05 -0.000499694 0.999999 0.00138405 9.77023e-05 -0.00138395 0.999999 -0.0107516 -0.00327153 0.0130779
FixedParameters: 0 0 0

#Transform 33
Transform: AffineTransform_float_3_3
Parameters: 1 1.32128e-05 0.000668559 -1.45847e-05 0.999999 0.00171399 -0.000668902 -0.00171401 0.999999 -0.0208429 -0.00990269 0.0096578
FixedParameters: 0 0 0

#Transform 34
Transform: AffineTransform_float_3_3
Parameters: 1 8.56528e-07 0.000428463 -2.21304e-06 0.999998 0.001583 -0.000428458 -0.001583 0.999998 -0.00871488 -0.00433046 0.00780262
FixedParameters: 0 0 0

#Transform 35
Transform: AffineTransform_float_3_3
Parameters: 1 -0.000133009 0.000641259 0.000131558 0.999999 0.00184809 -0.000642139 -0.00184792 0.999998 -0.0161226 -0.0128537 0.00055199
FixedParameters: 0 0 0

#Transform 36
Transform: AffineTransform_float_3_3
Parameters: 1 -7.8642e-05 0.000586955 7.69565e-05 0.999999 0.0014352 -0.000587179 -0.0014358 0.999999 -0.00668747 -0.00332008 0.00775577
FixedParameters: 0 0 0

#Transform 37
Transform: AffineTransform_float_3_3
Parameters: 1 0.000111811 6.67254e-05 -0.00011108 0.999999 0.00141799 -6.68e-05 -0.00141801 0.999999 0.0185545 0.00246125 0.0199152
FixedParameters: 0 0 0

#Transform 38
Transform: AffineTransform_float_3_3
Parameters: 1 -8.36639e-05 0.000693286 8.25202e-05 0.999999 0.00148806 -0.000693924 -0.00148794 0.999998 -0.00958657 0.00248077 0.0148839
FixedParameters: 0 0 0

#Transform 39
Transform: AffineTransform_float_3_3
Parameters: 1 -0.000185952 0.000512896 0.000185789 0.999999 0.0014371 -0.000512901 -0.0014369 0.999999 0.00361087 0.000324744 0.0164152
FixedParameters: 0 0 0

#Transform 40
Transform: AffineTransform_float_3_3
Parameters: 0.999999 -0.000527256 0.000624773 0.00052609 0.999999 0.00124633 -0.000625165 -0.00124567 0.999999 0.030777 0.00631659 0.0275775
FixedParameters: 0 0 0

#Transform 41
Transform: AffineTransform_float_3_3
Parameters: 0.999999 -0.000211945 0.000705314 0.00021116 0.999999 0.00120815 -0.000706216 -0.00120785 0.999999 0.0065352 0.00518472 0.0236595
FixedParameters: 0 0 0

#Transform 42
Transform: AffineTransform_float_3_3
Parameters: 1 -0.000100914 0.00051609 9.96254e-05 0.999999 0.00124805 -0.00051634 -0.00124795 0.999999 0.00378201 0.00284651 0.0187169
FixedParameters: 0 0 0

#Transform 43
Transform: AffineTransform_float_3_3
Parameters: 0.999999 -0.000177546 0.000897892 0.000175854 0.999998 0.00167252 -0.000897953 -0.00167148 0.999998 0.0095302 0.00695596 0.0365036
FixedParameters: 0 0 0

#Transform 44
Transform: AffineTransform_float_3_3
Parameters: 1 -0.000510954 0.000106168 0.000510043 0.999998 0.00179169 -0.000106687 -0.0017923 0.999998 0.0360564 0.00585412 0.0366472
FixedParameters: 0 0 0

#Transform 45
Transform: AffineTransform_float_3_3
Parameters: 0.999999 -0.000461089 0.000781305 0.000460328 0.999999 0.00132636 -0.000781997 -0.00132564 0.999999 0.0289193 0.00299742 0.0210301
FixedParameters: 0 0 0

#Transform 46
Transform: AffineTransform_float_3_3
Parameters: 1 -0.000540757 0.000390235 0.000539853 0.999999 0.00165785 -0.000391106 -0.00165815 0.999998 0.0275804 0.00644777 0.0356879
FixedParameters: 0 0 0

#Transform 47
Transform: AffineTransform_float_3_3
Parameters: 1 -0.000229766 0.000617214 0.000228442 0.999999 0.00138914 -0.00061693 -0.00138886 0.999999 0.00701413 0.00505995 0.0266998
FixedParameters: 0 0 0

#Transform 48
Transform: AffineTransform_float_3_3
Parameters: 0.999999 -0.000255883 0.000779081 0.000254788 0.999999 0.0015442 -0.00077934 -0.0015438 0.999998 0.00785285 0.00657111 0.0333907
FixedParameters: 0 0 0

#Transform 49
Transform: AffineTransform_float_3_3
Parameters: 1 -0.000649546 0.000893258 0.000647927 0.999999 0.00163873 -0.000894854 -0.00163827 0.999999 0.0312561 0.00297912 0.0371475
FixedParameters: 0 0 0

#Transform 50
Transform: AffineTransform_float_3_3
Parameters: 0.999999 -0.000738725 0.000474036 0.0007377 0.999998 0.00149235 -0.000475318 -0.00149165 0.999999 0.0379875 0.00796636 0.0363147
FixedParameters: 0 0 0

#Transform 51
Transform: AffineTransform_float_3_3
Parameters: 0.999999 -0.000405224 0.000770342 0.000403719 0.999998 0.00182731 -0.00077129 -0.00182669 0.999998 0.00802781 0.00676483 0.0397831
FixedParameters: 0 0 0

#Transform 52
Transform: AffineTransform_float_3_3
Parameters: 0.999999 -0.000634172 0.000716354 0.000632266 0.999999 0.00160209 -0.000717462 -0.00160191 0.999998 0.0179181 0.00363517 0.035752
FixedParameters: 0 0 0

#Transform 53
Transform: AffineTransform_float_3_3
Parameters: 0.999999 -0.000814511 0.000983455 0.000812774 0.999998 0.00174795 -0.000984848 -0.00174705 0.999998 0.025474 -0.00275357 0.0421319
FixedParameters: 0 0 0

#Transform 54
Transform: AffineTransform_float_3_3
Parameters: 0.999999 -0.000845296 0.000910639 0.000843724 0.999998 0.00179677 -0.000912222 -0.00179523 0.999998 0.025602 0.00455502 0.0345142
FixedParameters: 0 0 0

#Transform 55
Transform: AffineTransform_float_3_3
Parameters: 1 -0.000729667 0.00076296 0.000728541 0.999998 0.00185256 -0.000764211 -0.00185144 0.999998 0.025736 0.00469806 0.0357679
FixedParameters: 0 0 0

#Transform 56
Transform: AffineTransform_float_3_3
Parameters: 1 -0.000582742 0.00100277 0.000580897 0.999999 0.00176858 -0.00100338 -0.00176742 0.999998 0.0151901 0.00943498 0.0362348
FixedParameters: 0 0 0

#Transform 57
Transform: AffineTransform_float_3_3
Parameters: 1 -0.000644133 0.000985532 0.000642817 0.999999 0.00153043 -0.000986051 -0.00153057 0.999998 0.0152315 0.00425585 0.0287504
FixedParameters: 0 0 0

#Transform 58
Transform: AffineTransform_float_3_3
Parameters: 0.999999 -0.000731121 0.00118066 0.00072893 0.999999 0.00164886 -0.00118162 -0.00164714 0.999998 0.0096265 0.0092272 0.0336692
FixedParameters: 0 0 0

#Transform 59
Transform: AffineTransform_float_3_3
Parameters: 0.999999 -0.000777612 0.00107092 0.000775434 0.999998 0.00181098 -0.00107228 -0.00181001 0.999998 0.0275777 0.00502628 0.0359952
FixedParameters: 0 0 0

#Transform 60
Transform: AffineTransform_float_3_3
Parameters: 1 -0.000740282 0.000945713 0.000738888 0.999999 0.0016367 -0.000946682 -0.0016353 0.999998 0.0266784 0.00593209 0.0346114
FixedParameters: 0 0 0

#Transform 61
Transform: AffineTransform_float_3_3
Parameters: 0.999999 -0.000756517 0.00112138 0.000753549 0.999998 0.00208064 -0.00112307 -0.00208036 0.999997 0.0215315 0.00213155 0.0408793
FixedParameters: 0 0 0

#Transform 62
Transform: AffineTransform_float_3_3
Parameters: 1 -0.000972148 0.00061061 0.000970321 0.999997 0.00245224 -0.000612612 -0.00245177 0.999997 0.0395281 0.00435222 0.0467933
FixedParameters: 0 0 0

#Transform 63
Transform: AffineTransform_float_3_3
Parameters: 1 -0.00100777 0.000526068 0.0010062 0.999997 0.00222217 -0.000528702 -0.00222183 0.999997 0.0551648 0.00715724 0.0488429
FixedParameters: 0 0 0

#Transform 64
Transform: AffineTransform_float_3_3
Parameters: 1 -0.000727502 0.0009308 0.00072478 0.999997 0.00237468 -0.000932798 -0.00237332 0.999996 0.023813 0.00619364 0.0592153
FixedParameters: 0 0 0

#Transform 65
Transform: AffineTransform_float_3_3
Parameters: 1 -0.000653947 0.000992018 0.000651827 0.999997 0.0023878 -0.000994076 -0.0023872 0.999997 0.0208503 0.00572995 0.057118
FixedParameters: 0 0 0

#Transform 66
Transform: AffineTransform_float_3_3
Parameters: 1 -0.000525644 0.000982373 0.000523488 0.999996 0.00243067 -0.000983863 -0.00243033 0.999996 0.0136144 0.0112691 0.0619144
FixedParameters: 0 0 0

#Transform 67
Transform: AffineTransform_float_3_3
Parameters: 0.999999 -0.000791961 0.00103812 0.000788436 0.999997 0.00251461 -0.00104064 -0.00251438 0.999996 0.0332908 0.00949651 0.0694264
FixedParameters: 0 0 0

#Transform 68
Transform: AffineTransform_float_3_3
Parameters: 0.999999 -0.000809207 0.000997446 0.000805966 0.999996 0.00267196 -0.00099939 -0.00267104 0.999996 0.0451424 0.019274 0.0858439
FixedParameters: 0 0 0

#Transform 69
Transform: AffineTransform_float_3_3
Parameters: 0.999999 -0.000698492 0.00126083 0.000694496 0.999996 0.00293403 -0.00126201 -0.00293297 0.999995 0.0226744 0.0202595 0.0935114
FixedParameters: 0 0 0

#Transform 70
Transform: AffineTransform_float_3_3
Parameters: 0.999999 -0.000737685 0.00116774 0.000733837 0.999995 0.00293501 -0.00117008 -0.00293399 0.999995 0.0374476 0.0204588 0.0937229
FixedParameters: 0 0 0

#Transform 71
Transform: AffineTransform_float_3_3
Parameters: 0.999999 -0.000809249 0.000997412 0.000805924 0.999996 0.00271381 -0.000999423 -0.00271219 0.999996 0.051613 0.028494 0.0838997
FixedParameters: 0 0 0

#Transform 72
Transform: AffineTransform_float_3_3
Parameters: 0.999999 -0.00112258 0.00146749 0.0011176 0.999995 0.00298844 -0.00147036 -0.00298656 0.999994 0.0653663 0.0201092 0.080224
FixedParameters: 0 0 0

#Transform 73
Transform: AffineTransform_float_3_3
Parameters: 0.999998 -0.00102067 0.00121792 0.00101687 0.999994 0.00332904 -0.00122219 -0.00332797 0.999994 0.0418756 0.0268598 0.117149
FixedParameters: 0 0 0

#Transform 74
Transform: AffineTransform_float_3_3
Parameters: 0.999998 -0.000931119 0.00178961 0.000923148 0.999991 0.0041636 -0.00179376 -0.00416239 0.999989 0.0710068 0.0263726 0.174889
FixedParameters: 0 0 0

#Transform 75
Transform: AffineTransform_float_3_3
Parameters: 0.999999 -0.00130079 0.00115891 0.00129677 0.999991 0.0039273 -0.00116476 -0.0039257 0.999992 0.11785 0.0286797 0.175725
FixedParameters: 0 0 0

#Transform 76
Transform: AffineTransform_float_3_3
Parameters: 0.999999 -0.000968871 0.0011068 0.000965615 0.999993 0.00359607 -0.00111032 -0.00359393 0.999993 0.0773909 0.0260871 0.143074
FixedParameters: 0 0 0

#Transform 77
Transform: AffineTransform_float_3_3
Parameters: 0.999999 -0.000594274 0.00170903 0.000584515 0.999983 0.00580432 -0.00171256 -0.00580369 0.999982 0.0596919 0.0781479 0.204965
FixedParameters: 0 0 0

#Transform 78
Transform: AffineTransform_float_3_3
Parameters: 0.999998 -0.0012861 0.00146981 0.00127856 0.999987 0.00486783 -0.0014765 -0.00486616 0.999987 0.0812533 0.0510706 0.191647
FixedParameters: 0 0 0

#Transform 79
Transform: AffineTransform_float_3_3
Parameters: 0.999998 -0.00141559 0.00128945 0.00140978 0.999989 0.00452326 -0.00129604 -0.00452174 0.999989 0.0765106 0.0517924 0.186922
FixedParameters: 0 0 0

#Transform 80
Transform: AffineTransform_float_3_3
Parameters: 0.999999 -0.00142774 0.00063967 0.00142517 0.999985 0.00514255 -0.000647367 -0.00514144 0.999986 0.119805 0.0708337 0.207657
FixedParameters: 0 0 0

#Transform 81
Transform: AffineTransform_float_3_3
Parameters: 0.999998 -0.00128875 0.000999766 0.00128408 0.999989 0.00461008 -0.00100596 -0.00460892 0.999989 0.0827131 0.054717 0.194919
FixedParameters: 0 0 0

#Transform 82
Transform: AffineTransform_float_3_3
Parameters: 0.999998 -0.00119486 0.0012805 0.00119017 0.999989 0.00448432 -0.00128539 -0.00448267 0.999989 0.061147 0.0593896 0.173224
FixedParameters: 0 0 0

#Transform 83
Transform: AffineTransform_float_3_3
Parameters: 0.999998 -0.00144118 0.00122896 0.00143538 0.999987 0.00490421 -0.00123595 -0.00490279 0.999987 0.0839508 0.060935 0.19353
FixedParameters: 0 0 0

#Transform 84
Transform: AffineTransform_float_3_3
Parameters: 0.999998 -0.00143882 0.00123407 0.00143291 0.999989 0.00455757 -0.00123965 -0.00455543 0.999989 0.0950964 0.0456761 0.173491
FixedParameters: 0 0 0

#Transform 85
Transform: AffineTransform_float_3_3
Parameters: 0.999998 -0.00136267 0.00141577 0.00135564 0.999989 0.00455288 -0.00142195 -0.00455113 0.999989 0.0938594 0.055648 0.154733
FixedParameters: 0 0 0

#Transform 86
Transform: AffineTransform_float_3_3
Parameters: 0.999997 -0.00162187 0.00144461 0.00161453 0.999987 0.00483678 -0.00145223 -0.00483422 0.999987 0.099284 0.058084 0.177869
FixedParameters: 0 0 0

#Transform 87
Transform: AffineTransform_float_3_3
Parameters: 0.999998 -0.0013695 0.00140038 0.00136263 0.999987 0.00501271 -0.00140735 -0.00501029 0.999986 0.0736745 0.0572161 0.185045
FixedParameters: 0 0 0

#Transform 88
Transform: AffineTransform_float_3_3
Parameters: 0.999997 -0.00153567 0.00187633 0.00152645 0.999986 0.00506746 -0.00188407 -0.00506453 0.999985 0.084609 0.0526382 0.181695
FixedParameters: 0 0 0

#Transform 89
Transform: AffineTransform_float_3_3
Parameters: 0.999998 -0.00177436 0.00136773 0.00176798 0.999987 0.00475466 -0.00137653 -0.00475334 0.999988 0.0895441 0.0436179 0.173105
FixedParameters: 0 0 0

#Transform 90
Transform: AffineTransform_float_3_3
Parameters: 0.999997 -0.00175772 0.00169523 0.0017488 0.999986 0.00497457 -0.00170411 -0.00497143 0.999986 0.102729 0.0553973 0.192282
FixedParameters: 0 0 0

#Transform 91
Transform: AffineTransform_float_3_3
Parameters: 0.999998 -0.00158768 0.00165978 0.00157878 0.999984 0.00546722 -0.001668 -0.00546478 0.999983 0.0880237 0.0593075 0.222836
FixedParameters: 0 0 0

#Transform 92
Transform: AffineTransform_float_3_3
Parameters: 0.999997 -0.00128573 0.00175039 0.00127668 0.999988 0.00489619 -0.00175661 -0.00489381 0.999987 0.0726332 0.0707118 0.197727
FixedParameters: 0 0 0

#Transform 93
Transform: AffineTransform_float_3_3
Parameters: 0.999998 -0.00145179 0.00150238 0.0014432 0.999984 0.00537113 -0.00151028 -0.00536887 0.999985 0.0829075 0.0605061 0.223697
FixedParameters: 0 0 0

#Transform 94
Transform: AffineTransform_float_3_3
Parameters: 0.999998 -0.00143627 0.00182334 0.00142617 0.999982 0.0058102 -0.00183166 -0.0058078 0.999981 0.0776608 0.0835912 0.285845
FixedParameters: 0 0 0

#Transform 95
Transform: AffineTransform_float_3_3
Parameters: 0.999997 -0.00106702 0.00221264 0.00105294 0.999978 0.00661045 -0.00221899 -0.00660856 0.999976 0.0402085 0.106878 0.355297
FixedParameters: 0 0 0

#Transform 96
Transform: AffineTransform_float_3_3
Parameters: 0.999998 -0.00118836 0.00165045 0.00117797 0.999979 0.00638975 -0.00165817 -0.00638725 0.999978 0.0506837 0.0968735 0.327468
FixedParameters: 0 0 0

#Transform 97
Transform: AffineTransform_float_3_3
Parameters: 0.999998 -0.00141332 0.00155673 0.0014038 0.999982 0.00590399 -0.00156518 -0.00590101 0.999981 0.0502079 0.0933798 0.293335
FixedParameters: 0 0 0

#Transform 98
Transform: AffineTransform_float_3_3
Parameters: 0.999998 -0.00100783 0.00186541 0.00099535 0.999978 0.00646133 -0.00187135 -0.00645967 0.999978 0.0326411 0.100889 0.338203
FixedParameters: 0 0 0

#Transform 99
Transform: AffineTransform_float_3_3
Parameters: 0.999998 -0.00118406 0.00165961 0.00117223 0.999975 0.0069029 -0.00166756 -0.00690109 0.999974 0.0389793 0.109993 0.367738
FixedParameters: 0 0 0

#Transform 100
Transform: AffineTransform_float_3_3
Parameters: 0.999997 -0.00180043 0.00120893 0.00179307 0.999978 0.00642062 -0.00122028 -0.00641839 0.999979 0.0623832 0.108858 0.356736
FixedParameters: 0 0 0

#Transform 101
Transform: AffineTransform_float_3_3
Parameters: 0.999999 -0.00123946 0.00134515 0.00122915 0.999973 0.00726362 -0.00135398 -0.00726239 0.999973 0.0629343 0.125093 0.409476
FixedParameters: 0 0 0

#Transform 102
Transform: AffineTransform_float_3_3
Parameters: 0.999998 -0.00140877 0.00138029 0.00139899 0.999974 0.00702774 -0.00139001 -0.00702526 0.999974 0.0552805 0.115614 0.383277
FixedParameters: 0 0 0

#Transform 103
Transform: AffineTransform_float_3_3
Parameters: 0.999999 -0.00138005 0.00110068 0.00137181 0.999974 0.00709296 -0.00111032 -0.00709205 0.999974 0.0501951 0.11742 0.38861
FixedParameters: 0 0 0

#Transform 104
Transform: AffineTransform_float_3_3
Parameters: 0.999998 -0.00148926 0.00138993 0.00147929 0.999975 0.00704251 -0.00140082 -0.0070405 0.999974 0.0863914 0.120122 0.394222
FixedParameters: 0 0 0

#Transform 105
Transform: AffineTransform_float_3_3
Parameters: 0.999998 -0.00152572 0.00129456 0.00151741 0.999974 0.00707256 -0.00130515 -0.00707144 0.999974 0.0606621 0.109276 0.381987
FixedParameters: 0 0 0

#Transform 106
Transform: AffineTransform_float_3_3
Parameters: 0.999998 -0.00161382 0.00132483 0.00160429 0.999974 0.00702458 -0.00133611 -0.00702243 0.999975 0.0716439 0.113829 0.384981
FixedParameters: 0 0 0

#Transform 107
Transform: AffineTransform_float_3_3
Parameters: 0.999999 -0.00132533 0.00131582 0.00131535 0.999973 0.00729554 -0.00132599 -0.00729346 0.999973 0.0558288 0.117635 0.392853
FixedParameters: 0 0 0

#Transform 108
Transform: AffineTransform_float_3_3
Parameters: 0.999998 -0.00112366 0.00153282 0.0011124 0.999972 0.00741351 -0.00154016 -0.00741149 0.999971 0.0603915 0.120118 0.400632
FixedParameters: 0 0 0

#Transform 109
Transform: AffineTransform_float_3_3
Parameters: 0.999998 -0.00141613 0.00152227 0.00140444 0.999971 0.00742594 -0.00153266 -0.00742305 0.999971 0.0628242 0.114314 0.394342
FixedParameters: 0 0 0

#Transform 110
Transform: AffineTransform_float_3_3
Parameters: 0.999997 -0.00137099 0.00164706 0.00135852 0.99997 0.0076592 -0.0016582 -0.0076568 0.999969 0.0956458 0.124641 0.415678
FixedParameters: 0 0 0

#Transform 111
Transform: AffineTransform_float_3_3
Parameters: 0.999998 -0.00147862 0.00138828 0.00146694 0.999968 0.007803 -0.00140032 -0.007801 0.999969 0.0946184 0.126855 0.423789
FixedParameters: 0 0 0

#Transform 112
Transform: AffineTransform_float_3_3
Parameters: 0.999997 -0.00175609 0.00170533 0.00174252 0.99997 0.00763359 -0.0017178 -0.00763043 0.99997 0.0939139 0.115672 0.395802
FixedParameters: 0 0 0

#Transform 113
Transform: AffineTransform_float_3_3
Parameters: 0.999996 -0.00196815 0.00163826 0.00195556 0.999968 0.00775745 -0.00165354 -0.00775454 0.999968 0.0943189 0.112887 0.403419
FixedParameters: 0 0 0

#Transform 114
Transform: AffineTransform_float_3_3
Parameters: 0.999996 -0.00163403 0.00199781 0.00161909 0.999973 0.007226 -0.00200879 -0.00722301 0.999972 0.0848159 0.113057 0.382227
FixedParameters: 0 0 0

#Transform 115
Transform: AffineTransform_float_3_3
Parameters: 0.999997 -0.00134119 0.00204455 0.00132661 0.999975 0.00691583 -0.00205363 -0.00691317 0.999974 0.0411271 0.11449 0.379176
FixedParameters: 0 0 0

#Transform 116
Transform: AffineTransform_float_3_3
Parameters: 0.999997 -0.00160046 0.00175433 0.0015882 0.999976 0.00671939 -0.00176429 -0.00671661 0.999976 0.0544307 0.112288 0.370606
FixedParameters: 0 0 0

#Transform 117
Transform: AffineTransform_float_3_3
Parameters: 0.999997 -0.00153969 0.00222352 0.00152379 0.999975 0.00694731 -0.0022349 -0.00694469 0.999974 0.0732025 0.112789 0.376057
FixedParameters: 0 0 0

#Transform 118
Transform: AffineTransform_float_3_3
Parameters: 0.999997 -0.00153568 0.00223156 0.00152064 0.999978 0.00652515 -0.0022412 -0.00652184 0.999976 0.0625296 0.121136 0.362581
FixedParameters: 0 0 0

#Transform 119
Transform: AffineTransform_float_3_3
Parameters: 0.999997 -0.00138437 0.00212642 0.00137157 0.999978 0.00644704 -0.0021352 -0.00644397 0.999977 0.0407488 0.119381 0.361609
FixedParameters: 0 0 0

#Transform 120
Transform: AffineTransform_float_3_3
Parameters: 0.999997 -0.00128234 0.00203077 0.00126902 0.999978 0.0064597 -0.00203971 -0.00645731 0.999977 0.0283918 0.124384 0.359693
FixedParameters: 0 0 0

#Transform 121
Transform: AffineTransform_float_3_3
Parameters: 0.999997 -0.00128474 0.00210849 0.00127043 0.999977 0.00655116 -0.00211678 -0.00654784 0.999977 0.0284672 0.125768 0.37908
FixedParameters: 0 0 0

#Transform 122
Transform: AffineTransform_float_3_3
Parameters: 0.999997 -0.00150688 0.00203075 0.00149303 0.999977 0.0066518 -0.00204002 -0.00664921 0.999976 0.0448022 0.131173 0.375941
FixedParameters: 0 0 0

#Transform 123
Transform: AffineTransform_float_3_3
Parameters: 0.999997 -0.00149482 0.00192131 0.0014803 0.999972 0.0073036 -0.00193143 -0.00730139 0.999971 0.0393404 0.126015 0.427195
FixedParameters: 0 0 0

#Transform 124
Transform: AffineTransform_float_3_3
Parameters: 0.999997 -0.00160071 0.00149745 0.00158918 0.999972 0.00731683 -0.00150893 -0.00731417 0.999972 0.0600303 0.14218 0.439318
FixedParameters: 0 0 0

#Transform 125
Transform: AffineTransform_float_3_3
Parameters: 0.999998 -0.00143797 0.00183859 0.0014251 0.999974 0.00707959 -0.00184818 -0.00707642 0.999973 0.022664 0.136957 0.415676
FixedParameters: 0 0 0

#Transform 126
Transform: AffineTransform_float_3_3
Parameters: 0.999998 -0.00154003 0.00171782 0.00152547 0.999967 0.00790459 -0.00173005 -0.00790141 0.999967 0.0543549 0.15288 0.479504
FixedParameters: 0 0 0

#Transform 127
Transform: AffineTransform_float_3_3
Parameters: 0.999997 -0.00222034 0.00107802 0.00221212 0.999968 0.00780497 -0.00109459 -0.00780303 0.999969 0.10176 0.149977 0.467279
FixedParameters: 0 0 0

#Transform 128
Transform: AffineTransform_float_3_3
Parameters: 0.999997 -0.00235485 0.00137483 0.00234412 0.999965 0.00798232 -0.00139325 -0.00797867 0.999967 0.116261 0.141644 0.444325
FixedParameters: 0 0 0

#Transform 129
Transform: AffineTransform_float_3_3
Parameters: 0.999997 -0.00239879 0.0012687 0.00238912 0.999968 0.00756213 -0.00128727 -0.00755887 0.999971 0.100787 0.13067 0.411093
FixedParameters: 0 0 0

#Transform 130
Transform: AffineTransform_float_3_3
Parameters: 0.999998 -0.00225265 0.000507192 0.002249 0.999965 0.00805329 -0.00052478 -0.00805171 0.999968 0.111447 0.138334 0.437344
FixedParameters: 0 0 0

#Transform 131
Transform: AffineTransform_float_3_3
Parameters: 0.999997 -0.00223484 0.000944042 0.00222676 0.999963 0.00833905 -0.000962833 -0.00833696 0.999965 0.110747 0.145579 0.459522
FixedParameters: 0 0 0

#Transform 132
Transform: AffineTransform_float_3_3
Parameters: 0.999996 -0.00235984 0.000981979 0.00235164 0.999963 0.00827525 -0.00100163 -0.00827274 0.999965 0.100857 0.138104 0.441191
FixedParameters: 0 0 0

#Transform 133
Transform: AffineTransform_float_3_3
Parameters: 0.999997 -0.00237413 0.000811872 0.00236809 0.999964 0.00811572 -0.000830632 -0.00811328 0.999967 0.131741 0.148124 0.461105
FixedParameters: 0 0 0

#Transform 134
Transform: AffineTransform_float_3_3
Parameters: 0.999997 -0.00247731 0.00107984 0.00246819 0.999964 0.00813041 -0.00109979 -0.00812859 0.999967 0.105078 0.14473 0.454655
FixedParameters: 0 0 0

#Transform 135
Transform: AffineTransform_float_3_3
Parameters: 0.999997 -0.00221339 0.00102968 0.00220416 0.999964 0.00820422 -0.00104751 -0.00820179 0.999966 0.128469 0.141916 0.458047
FixedParameters: 0 0 0

#Transform 136
Transform: AffineTransform_float_3_3
Parameters: 0.999997 -0.00248069 0.00107171 0.00247145 0.999961 0.00842624 -0.00109227 -0.00842375 0.999963 0.117878 0.155958 0.467592
FixedParameters: 0 0 0

#Transform 137
Transform: AffineTransform_float_3_3
Parameters: 0.999997 -0.00246593 0.00110729 0.00245704 0.999964 0.00823432 -0.00112796 -0.00823169 0.999966 0.125436 0.152982 0.451595
FixedParameters: 0 0 0

#Transform 138
Transform: AffineTransform_float_3_3
Parameters: 0.999996 -0.00252928 0.00130942 0.00251878 0.999965 0.0080829 -0.00132982 -0.00807911 0.999967 0.108271 0.14804 0.443061
FixedParameters: 0 0 0

#Transform 139
Transform: AffineTransform_float_3_3
Parameters: 0.999996 -0.00250642 0.0011637 0.00249704 0.999962 0.0083835 -0.00118394 -0.0083805 0.999964 0.106858 0.152963 0.442217
FixedParameters: 0 0 0

#Transform 140
Transform: AffineTransform_float_3_3
Parameters: 0.999995 -0.00292807 0.00121201 0.00291821 0.999961 0.00834078 -0.00123591 -0.00833722 0.999965 0.173112 0.147006 0.484698
FixedParameters: 0 0 0

#Transform 141
Transform: AffineTransform_float_3_3
Parameters: 0.999995 -0.00275363 0.00108962 0.00274449 0.999958 0.00875923 -0.00111384 -0.00875677 0.999961 0.143656 0.160499 0.496543
FixedParameters: 0 0 0

#Transform 142
Transform: AffineTransform_float_3_3
Parameters: 0.999997 -0.00230135 0.00108649 0.00229229 0.999963 0.00829608 -0.00110565 -0.00829392 0.999965 0.12324 0.161693 0.470289
FixedParameters: 0 0 0

#Transform 143
Transform: AffineTransform_float_3_3
Parameters: 0.999995 -0.00271099 0.00129709 0.00270006 0.999958 0.00875974 -0.00132133 -0.00875625 0.99996 0.113958 0.165361 0.496263
FixedParameters: 0 0 0

#Transform 144
Transform: AffineTransform_float_3_3
Parameters: 0.999996 -0.00258355 0.000959371 0.00257515 0.999961 0.00848807 -0.000981592 -0.00848594 0.999964 0.115391 0.163023 0.482187
FixedParameters: 0 0 0

#Transform 145
Transform: AffineTransform_float_3_3
Parameters: 0.999995 -0.0026579 0.00123981 0.00264653 0.999956 0.00896687 -0.00126382 -0.00896311 0.999959 0.114486 0.171059 0.503974
FixedParameters: 0 0 0

#Transform 146
Transform: AffineTransform_float_3_3
Parameters: 0.999996 -0.00261051 0.0012653 0.0025993 0.999958 0.00873404 -0.00128725 -0.00873096 0.999961 0.115432 0.166532 0.490214
FixedParameters: 0 0 0

#Transform 147
Transform: AffineTransform_float_3_3
Parameters: 0.999995 -0.00279114 0.00102773 0.00278218 0.999956 0.00894046 -0.0010523 -0.00893754 0.99996 0.13573 0.17645 0.528565
FixedParameters: 0 0 0

#Transform 148
Transform: AffineTransform_float_3_3
Parameters: 0.999996 -0.00254939 0.00128219 0.00253841 0.999958 0.008734 -0.00130439 -0.00873099 0.999961 0.110371 0.160049 0.487757
FixedParameters: 0 0 0

#Transform 149
Transform: AffineTransform_float_3_3
Parameters: 0.999996 -0.00242716 0.000845676 0.00241981 0.999961 0.00854463 -0.000867368 -0.00854336 0.999963 0.0987542 0.174061 0.493743
FixedParameters: 0 0 0

#Transform 150
Transform: AffineTransform_float_3_3
Parameters: 0.999996 -0.0025028 0.00139725 0.00249086 0.999959 0.00868923 -0.00141879 -0.00868577 0.999962 0.0974958 0.172295 0.495502
FixedParameters: 0 0 0

#Transform 151
Transform: AffineTransform_float_3_3
Parameters: 0.999996 -0.00281939 0.0010798 0.00280932 0.999957 0.00883628 -0.00110521 -0.00883373 0.999961 0.135799 0.182784 0.529601
FixedParameters: 0 0 0

#Transform 152
Transform: AffineTransform_float_3_3
Parameters: 0.999995 -0.00263131 0.00133008 0.00261978 0.999958 0.00876924 -0.00135297 -0.00876577 0.999961 0.118268 0.169281 0.505069
FixedParameters: 0 0 0

#Transform 153
Transform: AffineTransform_float_3_3
Parameters: 0.999996 -0.00254017 0.00117119 0.00252979 0.999959 0.00874256 -0.00119381 -0.00873944 0.999961 0.108349 0.167488 0.497899
FixedParameters: 0 0 0

#Transform 154
Transform: AffineTransform_float_3_3
Parameters: 0.999995 -0.00262797 0.00138515 0.00261562 0.999958 0.00871837 -0.0014077 -0.00871462 0.999961 0.104157 0.177984 0.482946
FixedParameters: 0 0 0

#Transform 155
Transform: AffineTransform_float_3_3
Parameters: 0.999995 -0.00273071 0.00125478 0.00271853 0.999956 0.00897165 -0.00127881 -0.00896835 0.999959 0.130506 0.17582 0.533873
FixedParameters: 0 0 0

#Transform 156
Transform: AffineTransform_float_3_3
Parameters: 0.999995 -0.00311858 0.000796194 0.00311166 0.999955 0.00899178 -0.000823948 -0.00898822 0.999959 0.152077 0.184862 0.532074
FixedParameters: 0 0 0

#Transform 157
Transform: AffineTransform_float_3_3
Parameters: 0.999996 -0.00264095 0.00116068 0.00262827 0.999944 0.0102256 -0.00118786 -0.0102223 0.999947 0.126124 0.240101 0.533765
FixedParameters: 0 0 0

#Transform 158
Transform: AffineTransform_float_3_3
Parameters: 0.999996 -0.0024708 0.000883541 0.00246127 0.999947 0.00996813 -0.000907986 -0.00996587 0.99995 0.119832 0.240593 0.530031
FixedParameters: 0 0 0

#Transform 159
Transform: AffineTransform_float_3_3
Parameters: 0.999995 -0.00295289 0.00104233 0.00294316 0.999958 0.00873916 -0.00106821 -0.00873584 0.999961 0.131169 0.186498 0.507966
FixedParameters: 0 0 0

#Transform 160
Transform: AffineTransform_float_3_3
Parameters: 0.999994 -0.00338578 0.000945415 0.00337716 0.999953 0.00908193 -0.000975808 -0.00907906 0.999958 0.171861 0.202034 0.527631
FixedParameters: 0 0 0

#Transform 161
Transform: AffineTransform_float_3_3
Parameters: 0.999995 -0.00318439 0.000913551 0.00317588 0.999947 0.00982249 -0.000945388 -0.00981951 0.999951 0.144628 0.205632 0.576373
FixedParameters: 0 0 0

#Transform 162
Transform: AffineTransform_float_3_3
Parameters: 0.999994 -0.00311569 0.000906682 0.00310614 0.999943 0.0101719 -0.000938023 -0.0101691 0.999948 0.140542 0.215118 0.578913
FixedParameters: 0 0 0

#Transform 163
Transform: AffineTransform_float_3_3
Parameters: 0.999994 -0.00318809 0.000754046 0.00317935 0.999938 0.0107011 -0.000788541 -0.0106999 0.999942 0.170296 0.218103 0.623466
FixedParameters: 0 0 0

#Transform 164
Transform: AffineTransform_float_3_3
Parameters: 0.999993 -0.00344574 0.000797792 0.00343635 0.999934 0.0108957 -0.000835053 -0.0108923 0.999941 0.159602 0.220255 0.624917
FixedParameters: 0 0 0

#Transform 165
Transform: AffineTransform_float_3_3
Parameters: 0.999994 -0.00319385 0.000818678 0.00318521 0.999936 0.0108336 -0.000852686 -0.0108304 0.999941 0.153877 0.220972 0.619959
FixedParameters: 0 0 0

#Transform 166
Transform: AffineTransform_float_3_3
Parameters: 0.999995 -0.00309285 0.000632277 0.0030856 0.99993 0.0114483 -0.000667131 -0.0114457 0.999934 0.161091 0.22113 0.676133
FixedParameters: 0 0 0

#Transform 167
Transform: AffineTransform_float_3_3
Parameters: 0.999996 -0.00300298 0.000691179 0.00299532 0.999936 0.0109075 -0.00072296 -0.0109055 0.999941 0.158942 0.209229 0.633362
FixedParameters: 0 0 0

#Transform 168
Transform: AffineTransform_float_3_3
Parameters: 0.999995 -0.00300939 0.00073316 0.00300141 0.999934 0.0111095 -0.000766679 -0.0111065 0.999938 0.155948 0.213699 0.650619
FixedParameters: 0 0 0

#Transform 169
Transform: AffineTransform_float_3_3
Parameters: 0.999996 -0.0028038 -0.000143027 0.00280517 0.99993 0.0115271 0.000110532 -0.0115279 0.999933 0.170362 0.21964 0.688345
FixedParameters: 0 0 0

#Transform 170
Transform: AffineTransform_float_3_3
Parameters: 0.999996 -0.00277036 0.00049907 0.0027648 0.999932 0.0113048 -0.000529453 -0.0113042 0.999936 0.136483 0.228315 0.664568
FixedParameters: 0 0 0

#Transform 171
Transform: AffineTransform_float_3_3
Parameters: 0.999996 -0.00279298 0.000443396 0.00278736 0.999928 0.0117009 -0.000476107 -0.0116991 0.999932 0.162333 0.231777 0.700904
FixedParameters: 0 0 0

#Transform 172
Transform: AffineTransform_float_3_3
Parameters: 0.999995 -0.00317138 0.000598426 0.00316388 0.999925 0.0118159 -0.000636095 -0.0118141 0.99993 0.176889 0.249036 0.727541
FixedParameters: 0 0 0

#Transform 173
Transform: AffineTransform_float_3_3
Parameters: 0.999994 -0.0033453 0.000669771 0.00333725 0.999925 0.0118347 -0.000708906 -0.0118323 0.999929 0.173583 0.232465 0.721154
FixedParameters: 0 0 0

#Transform 174
Transform: AffineTransform_float_3_3
Parameters: 0.999995 -0.00314442 0.000740807 0.00313588 0.999928 0.0115193 -0.000776743 -0.0115167 0.999933 0.158477 0.241951 0.728699
FixedParameters: 0 0 0

#Transform 175
Transform: AffineTransform_float_3_3
Parameters: 0.999995 -0.00308897 0.000565038 0.00308205 0.999927 0.0116807 -0.000600854 -0.0116793 0.999931 0.140642 0.242481 0.709925
FixedParameters: 0 0 0

#Transform 176
Transform: AffineTransform_float_3_3
Parameters: 0.999995 -0.00311486 0.000575721 0.00310771 0.999927 0.0116667 -0.000612052 -0.0116653 0.999932 0.157592 0.233305 0.705837
FixedParameters: 0 0 0

#Transform 177
Transform: AffineTransform_float_3_3
Parameters: 0.999995 -0.00308485 0.000870069 0.00307489 0.99993 0.0114548 -0.00090592 -0.0114522 0.999934 0.145782 0.239148 0.717937
FixedParameters: 0 0 0

#Transform 178
Transform: AffineTransform_float_3_3
Parameters: 0.999995 -0.0028691 0.000544981 0.00286242 0.999927 0.0116849 -0.000578839 -0.0116831 0.999931 0.156765 0.242107 0.741793
FixedParameters: 0 0 0

#Transform 179
Transform: AffineTransform_float_3_3
Parameters: 0.999996 -0.00296206 0.000644389 0.00295451 0.999922 0.0121432 -0.000680748 -0.0121408 0.999926 0.128417 0.254715 0.749184
FixedParameters: 0 0 0
