#Insight Transform File V1.0
#Transform 0
Transform: AffineTransform_float_3_3
Parameters: 0.999998 -0.000497202 -0.00186791 0.00049277 0.999997 -0.00252221 0.00186937 0.00252179 0.999995 0.0697284 0.264334 0.552686
FixedParameters: 0 0 0

#Transform 1
Transform: AffineTransform_float_3_3
Parameters: 1 0.000257806 -0.000121993 -0.000258286 0.999998 -0.00197497 0.000120974 0.00197503 0.999998 0.0122273 0.0317254 -0.198691
FixedParameters: 0 0 0

#Transform 2
Transform: AffineTransform_float_3_3
Parameters: 1 0.000287315 -0.000548229 -0.000287805 0.999999 -0.000803689 0.000548688 0.00080331 0.999999 0.0194675 0.0436596 -0.225433
FixedParameters: 0 0 0

#Transform 3
Transform: AffineTransform_float_3_3
Parameters: 1 0.000401273 -0.000579285 -0.000401748 0.999999 -0.000746614 0.000579606 0.000746385 0.999999 0.0282774 0.0359982 -0.302485
FixedParameters: 0 0 0

#Transform 4
Transform: AffineTransform_float_3_3
Parameters: 1 0.000858776 -0.00064086 -0.000859225 1 -0.000349809 0.000640259 0.00035019 1 0.000267922 0.0458361 -0.29821
FixedParameters: 0 0 0

#Transform 5
Transform: AffineTransform_float_3_3
Parameters: 1 0.000780348 -0.00064608 -0.00078104 1 -0.000837855 0.000645692 0.000838144 0.999999 0.00398636 0.0473608 -0.33643
FixedParameters: 0 0 0

#Transform 6
Transform: AffineTransform_float_3_3
Parameters: 1 0.000878646 -0.000750197 -0.00087898 1 -0.0002227 0.000749805 0.000223299 1 -0.00472163 0.0511783 -0.318593
FixedParameters: 0 0 0

#Transform 7
Transform: AffineTransform_float_3_3
Parameters: 1 0.000767175 -0.000766488 -0.000767078 1 -0.000791772 0.000765803 0.000792228 0.999999 -0.00262281 0.0516902 -0.337018
FixedParameters: 0 0 0

#Transform 8
Transform: AffineTransform_float_3_3
Parameters: 0.999999 0.000855187 -0.00115022 -0.000855052 0.999999 -0.000511224 0.00114987 0.000511777 0.999999 -0.00727351 0.0500498 -0.353198
FixedParameters: 0 0 0

#Transform 9
Transform: AffineTransform_float_3_3
Parameters: 0.999999 0.000756496 -0.00110851 -0.000756755 1 -0.000708009 0.00110797 0.000708992 1 -0.00521097 0.0464881 -0.384057
FixedParameters: 0 0 0

#Transform 10
Transform: AffineTransform_float_3_3
Parameters: 0.999999 0.000900336 -0.00116934 -0.000900113 0.999999 -0.000465155 0.00116904 0.000465846 0.999999 -0.00805654 0.0447696 -0.405065
FixedParameters: 0 0 0

#Transform 11
Transform: AffineTransform_float_3_3
Parameters: 0.999999 0.000935697 -0.00118502 -0.00093708 0.999999 -0.000912738 0.00118515 0.000914262 0.999999 -0.0173537 0.0431245 -0.412922
FixedParameters: 0 0 0

#Transform 12
Transform: AffineTransform_float_3_3
Parameters: 0.999999 0.00119542 -0.00129522 -0.00119652 0.999999 -0.000727018 0.00129532 0.000727983 0.999998 -0.0443153 0.0500377 -0.408805
FixedParameters: 0 0 0

#Transform 13
Transform: AffineTransform_float_3_3
Parameters: 0.999998 0.00157744 -0.00135771 -0.00157808 0.999998 -0.000717425 0.00135597 0.000719573 0.999998 -0.053585 0.0484654 -0.360485
FixedParameters: 0 0 0

#Transform 14
Transform: AffineTransform_float_3_3
Parameters: 0.999998 0.0015018 -0.00142562 -0.00150228 0.999999 -0.000765067 0.00142476 0.000767934 0.999999 -0.0505299 0.0522137 -0.414239
FixedParameters: 0 0 0

#Transform 15
Transform: AffineTransform_float_3_3
Parameters: 0.999998 0.0013977 -0.00146658 -0.00139776 0.999999 -0.000467365 0.0014658 0.000468635 0.999999 -0.0546054 0.0468838 -0.365733
FixedParameters: 0 0 0

#Transform 16
Transform: AffineTransform_float_3_3
Parameters: 0.999998 0.00117245 -0.00192962 -0.00117347 0.999999 -0.000602791 0.00192873 0.000605208 0.999998 -0.034953 0.0366359 -0.42677
FixedParameters: 0 0 0

#Transform 17
Transform: AffineTransform_float_3_3
Parameters: 0.999997 0.00130097 -0.0023482 -0.00130232 0.999999 -0.000563486 0.00234726 0.000567513 0.999997 -0.048577 0.0565223 -0.418798
FixedParameters: 0 0 0

#Transform 18
Transform: AffineTransform_float_3_3
Parameters: 0.999996 0.00115065 -0.00228458 -0.00115164 0.999999 -0.000703913 0.0022831 0.000707087 0.999997 -0.0506509 0.0471854 -0.406729
FixedParameters: 0 0 0

#Transform 19
Transform: AffineTransform_float_3_3
Parameters: 0.999996 0.00189661 -0.00220591 -0.00189612 0.999998 -0.000184926 0.00220573 0.000189075 0.999998 -0.091151 0.0471254 -0.429727
FixedParameters: 0 0 0

#Transform 20
Transform: AffineTransform_float_3_3
Parameters: 0.999995 0.00155017 -0.00269452 -0.00155199 0.999998 -0.000651417 0.00269395 0.000655582 0.999996 -0.0753045 0.0484653 -0.427641
FixedParameters: 0 0 0

#Transform 21
Transform: AffineTransform_float_3_3
Parameters: 0.999995 0.00160426 -0.00250345 -0.00160583 0.999998 -0.000651731 0.0025028 0.000656269 0.999997 -0.0794497 0.0580568 -0.425152
FixedParameters: 0 0 0

#Transform 22
Transform: AffineTransform_float_3_3
Parameters: 0.999996 0.00159667 -0.00260494 -0.00159822 0.999998 -0.000798589 0.00260345 0.000803411 0.999996 -0.0739054 0.0480619 -0.424587
FixedParameters: 0 0 0

#Transform 23
Transform: AffineTransform_float_3_3
Parameters: 0.999994 0.00144563 -0.00290455 -0.0014496 0.999998 -0.00113424 0.00290232 0.00113776 0.999996 -0.0697271 0.0615412 -0.438318
FixedParameters: 0 0 0

#Transform 24
Transform: AffineTransform_float_3_3
Parameters: 0.999993 0.00160048 -0.00320344 -0.00160263 0.999998 -0.000887315 0.00320126 0.000892685 0.999994 -0.0832799 0.060641 -0.429915
FixedParameters: 0 0 0

#Transform 25
Transform: AffineTransform_float_3_3
Parameters: 0.999995 0.0015058 -0.00300221 -0.00150829 0.999999 -0.00084992 0.0030007 0.00085408 0.999996 -0.069857 0.0693831 -0.437794
FixedParameters: 0 0 0

#Transform 26
Transform: AffineTransform_float_3_3
Parameters: 0.999994 0.00189007 -0.0030928 -0.00189345 0.999998 -0.000819953 0.00309114 0.000826045 0.999995 -0.0949816 0.0720722 -0.440849
FixedParameters: 0 0 0

#Transform 27
Transform: AffineTransform_float_3_3
Parameters: 0.999993 0.00176701 -0.00327432 -0.00176986 0.999998 -0.000891862 0.00327314 0.000897139 0.999994 -0.0894836 0.0726198 -0.388705
FixedParameters: 0 0 0

#Transform 28
Transform: AffineTransform_float_3_3
Parameters: 0.999992 0.00234305 -0.00328523 -0.00234624 0.999997 -0.000741155 0.00328319 0.000748841 0.999995 -0.117231 0.0683869 -0.447098
FixedParameters: 0 0 0

#Transform 29
Transform: AffineTransform_float_3_3
Parameters: 0.999991 0.00230715 -0.00356121 -0.00230987 0.999998 -0.000746998 0.00355881 0.000755 0.999993 -0.116765 0.0662254 -0.443379
FixedParameters: 0 0 0

#Transform 30
Transform: AffineTransform_float_3_3
Parameters: 0.999992 0.00238972 -0.00339694 -0.0023924 0.999997 -0.000890251 0.00339556 0.000898752 0.999994 -0.120876 0.065388 -0.511261
FixedParameters: 0 0 0

#Transform 31
Transform: AffineTransform_float_3_3
Parameters: 0.999989 0.00224868 -0.00427397 -0.00225156 0.999997 -0.000685271 0.00427285 0.000694728 0.999991 -0.116336 0.0628823 -0.497347
FixedParameters: 0 0 0

#Transform 32
Transform: AffineTransform_float_3_3
Parameters: 0.999987 0.00235244 -0.00454496 -0.00235713 0.999996 -0.00113104 0.00454264 0.00114197 0.999989 -0.116683 0.0575606 -0.538859
FixedParameters: 0 0 0

#Transform 33
Transform: AffineTransform_float_3_3
Parameters: 0.999986 0.00226157 -0.00475914 -0.00226593 0.999997 -0.00104545 0.00475742 0.00105655 0.999988 -0.125189 0.0670369 -0.543768
FixedParameters: 0 0 0

#Transform 34
Transform: AffineTransform_float_3_3
Parameters: 0.999985 0.00221689 -0.00486329 -0.00222269 0.999997 -0.00113043 0.00486037 0.00114157 0.999987 -0.136723 0.0589931 -0.533805
FixedParameters: 0 0 0

#Transform 35
Transform: AffineTransform_float_3_3
Parameters: 0.999984 0.00238059 -0.00509794 -0.00238928 0.999995 -0.00178576 0.00509402 0.00179824 0.999986 -0.141841 0.0739808 -0.615597
FixedParameters: 0 0 0

#Transform 36
Transform: AffineTransform_float_3_3
Parameters: 0.999983 0.00269835 -0.00519712 -0.00270575 0.999995 -0.00146245 0.00519235 0.00147655 0.999985 -0.155643 0.0789715 -0.601517
FixedParameters: 0 0 0

#Transform 37
Transform: AffineTransform_float_3_3
Parameters: 0.999983 0.00266979 -0.0053071 -0.00267902 0.999995 -0.0017653 0.00530224 0.0017797 0.999984 -0.16504 0.0773204 -0.569824
FixedParameters: 0 0 0

#Transform 38
Transform: AffineTransform_float_3_3
Parameters: 0.999982 0.0027492 -0.00534154 -0.00275977 0.999994 -0.00187877 0.00533578 0.00189422 0.999984 -0.154608 0.0795225 -0.564852
FixedParameters: 0 0 0

#Transform 39
Transform: AffineTransform_float_3_3
Parameters: 0.999983 0.00301855 -0.00498304 -0.00302565 0.999994 -0.0015733 0.00497851 0.0015887 0.999986 -0.177161 0.0725725 -0.584771
FixedParameters: 0 0 0

#Transform 40
Transform: AffineTransform_float_3_3
Parameters: 0.999983 0.00293426 -0.00504011 -0.00294357 0.999994 -0.0019054 0.00503442 0.0019196 0.999986 -0.176312 0.0826885 -0.565719
FixedParameters: 0 0 0

#Transform 41
Transform: AffineTransform_float_3_3
Parameters: 0.99998 0.0030904 -0.00538368 -0.00310219 0.999993 -0.00204923 0.00537741 0.00206576 0.999983 -0.19165 0.0797687 -0.586183
FixedParameters: 0 0 0

#Transform 42
Transform: AffineTransform_float_3_3
Parameters: 0.999981 0.00310749 -0.0053447 -0.00311791 0.999993 -0.00193542 0.00533907 0.00195258 0.999984 -0.210794 0.087536 -0.565731
FixedParameters: 0 0 0

#Transform 43
Transform: AffineTransform_float_3_3
Parameters: 0.99998 0.00323596 -0.0055509 -0.0032485 0.999993 -0.00217212 0.00554376 0.00218988 0.999983 -0.208151 0.0885143 -0.567782
FixedParameters: 0 0 0

#Transform 44
Transform: AffineTransform_float_3_3
Parameters: 0.999978 0.00343605 -0.0056358 -0.00344791 0.999992 -0.00207828 0.00562843 0.00209671 0.999982 -0.226746 0.0868114 -0.548215
FixedParameters: 0 0 0

#Transform 45
Transform: AffineTransform_float_3_3
Parameters: 0.999978 0.00359204 -0.00570181 -0.00360397 0.999991 -0.00197916 0.00569488 0.00199983 0.999981 -0.240502 0.089007 -0.545167
FixedParameters: 0 0 0

#Transform 46
Transform: AffineTransform_float_3_3
Parameters: 0.999976 0.00386577 -0.00574583 -0.00388084 0.999989 -0.0025 0.00573574 0.00252199 0.99998 -0.253236 0.0852646 -0.57544
FixedParameters: 0 0 0

#Transform 47
Transform: AffineTransform_float_3_3
Parameters: 0.999976 0.00383893 -0.00580975 -0.00385298 0.99999 -0.00238476 0.00580069 0.00240624 0.99998 -0.251801 0.0862308 -0.546248
FixedParameters: 0 0 0

#Transform 48
Transform: AffineTransform_float_3_3
Parameters: 0.999976 0.00379746 -0.00591045 -0.0038098 0.999991 -0.00202126 0.00590198 0.00204374 0.999981 -0.280905 0.0861646 -0.546698
FixedParameters: 0 0 0

#Transform 49
Transform: AffineTransform_float_3_3
Parameters: 0.999974 0.00376912 -0.00618482 -0.00378187 0.999991 -0.00210108 0.00617732 0.00212392 0.999979 -0.270273 0.0870403 -0.561243
FixedParameters: 0 0 0

#Transform 50
Transform: AffineTransform_float_3_3
Parameters: 0.999972 0.00388284 -0.0064127 -0.00389637 0.99999 -0.00208619 0.00640482 0.00211081 0.999978 -0.276162 0.0899718 -0.543744
FixedParameters: 0 0 0

#Transform 51
Transform: AffineTransform_float_3_3
Parameters: 0.999973 0.00401225 -0.0062488 -0.00402908 0.999988 -0.00264752 0.00623784 0.00267247 0.999977 -0.290599 0.108514 -0.545718
FixedParameters: 0 0 0

#Transform 52
Transform: AffineTransform_float_3_3
Parameters: 0.999971 0.0040033 -0.00646511 -0.00401761 0.999989 -0.00223041 0.00645609 0.00225559 0.999977 -0.289801 0.0946155 -0.547806
FixedParameters: 0 0 0

#Transform 53
Transform: AffineTransform_float_3_3
Parameters: 0.999971 0.00410942 -0.00651394 -0.00412756 0.999988 -0.00273887 0.00650223 0.00276512 0.999975 -0.293121 0.104816 -0.544913
FixedParameters: 0 0 0

#Transform 54
Transform: AffineTransform_float_3_3
Parameters: 0.999966 0.00418314 -0.00703659 -0.00420228 0.999987 -0.00266923 0.00702465 0.00269876 0.999971 -0.298417 0.0994049 -0.55156
FixedParameters: 0 0 0

#Transform 55
Transform: AffineTransform_float_3_3
Parameters: 0.999964 0.0045992 -0.00713317 -0.0046199 0.999985 -0.00298064 0.00711901 0.00301336 0.99997 -0.327279 0.105534 -0.565251
FixedParameters: 0 0 0

#Transform 56
Transform: AffineTransform_float_3_3
Parameters: 0.99996 0.00509207 -0.00729195 -0.0051124 0.999982 -0.00285145 0.00727745 0.00288855 0.999969 -0.352355 0.0987137 -0.566516
FixedParameters: 0 0 0

#Transform 57
Transform: AffineTransform_float_3_3
Parameters: 0.99996 0.0048307 -0.00760609 -0.00485153 0.999985 -0.00280081 0.00759226 0.0028372 0.999967 -0.341869 0.0979935 -0.553773
FixedParameters: 0 0 0

#Transform 58
Transform: AffineTransform_float_3_3
Parameters: 0.99996 0.00466674 -0.00753529 -0.00468725 0.999985 -0.00271881 0.00752264 0.00275419 0.999968 -0.34157 0.0989746 -0.505763
FixedParameters: 0 0 0

#Transform 59
Transform: AffineTransform_float_3_3
Parameters: 0.999963 0.00481656 -0.00713929 -0.00483709 0.999985 -0.00271677 0.00712569 0.00275122 0.999971 -0.345205 0.104658 -0.494694
FixedParameters: 0 0 0

#Transform 60
Transform: AffineTransform_float_3_3
Parameters: 0.999962 0.00474404 -0.00740267 -0.00476241 0.999986 -0.00253538 0.00739081 0.00257062 0.99997 -0.337752 0.100315 -0.578818
FixedParameters: 0 0 0

#Transform 61
Transform: AffineTransform_float_3_3
Parameters: 0.999958 0.00478953 -0.00774537 -0.00480844 0.999986 -0.00243094 0.00773334 0.00246806 0.999967 -0.33996 0.0866003 -0.591213
FixedParameters: 0 0 0

#Transform 62
Transform: AffineTransform_float_3_3
Parameters: 0.999963 0.00483636 -0.00720382 -0.00485372 0.999985 -0.00237933 0.00719286 0.00241467 0.999971 -0.341873 0.0904074 -0.607966
FixedParameters: 0 0 0

#Transform 63
Transform: AffineTransform_float_3_3
Parameters: 0.999958 0.00467217 -0.00782021 -0.00468879 0.999986 -0.00215163 0.00780993 0.00218837 0.999967 -0.340119 0.0877445 -0.625655
FixedParameters: 0 0 0

#Transform 64
Transform: AffineTransform_float_3_3
Parameters: 0.999958 0.00488963 -0.00773836 -0.00490396 0.999986 -0.00179657 0.00772995 0.00183443 0.999968 -0.349297 0.0802028 -0.618313
FixedParameters: 0 0 0

#Transform 65
Transform: AffineTransform_float_3_3
Parameters: 0.999951 0.00479909 -0.00857535 -0.00481687 0.999987 -0.00210245 0.00856551 0.00214356 0.999961 -0.345317 0.0899503 -0.630204
FixedParameters: 0 0 0

#Transform 66
Transform: AffineTransform_float_3_3
Parameters: 0.999957 0.00490711 -0.00788362 -0.00492371 0.999985 -0.00215705 0.00787319 0.00219595 0.999967 -0.348258 0.0939803 -0.623971
FixedParameters: 0 0 0

#Transform 67
Transform: AffineTransform_float_3_3
Parameters: 0.999955 0.00507205 -0.00792323 -0.00508904 0.999985 -0.00211163 0.00791292 0.00215137 0.999966 -0.341747 0.0898017 -0.647774
FixedParameters: 0 0 0

#Transform 68
Transform: AffineTransform_float_3_3
Parameters: 0.999955 0.00489454 -0.00819086 -0.00491098 0.999986 -0.00196033 0.00818095 0.00200066 0.999965 -0.354213 0.0938937 -0.635639
FixedParameters: 0 0 0

#Transform 69
Transform: AffineTransform_float_3_3
Parameters: 0.999956 0.00500069 -0.0079984 -0.00501739 0.999985 -0.0021311 0.00798781 0.0021719 0.999966 -0.357028 0.0784799 -0.614929
FixedParameters: 0 0 0

#Transform 70
Transform: AffineTransform_float_3_3
Parameters: 0.999953 0.0052914 -0.0080588 -0.00531036 0.999983 -0.00230222 0.00804697 0.00234478 0.999965 -0.369046 0.0988645 -0.619756
FixedParameters: 0 0 0

#Transform 71
Transform: AffineTransform_float_3_3
Parameters: 0.999953 0.00517846 -0.00821951 -0.00519515 0.999984 -0.00207143 0.00820876 0.00211457 0.999964 -0.364527 0.0995058 -0.585811
FixedParameters: 0 0 0

#Transform 72
Transform: AffineTransform_float_3_3
Parameters: 0.999951 0.00577572 -0.00806132 -0.00579496 0.999981 -0.00242311 0.00804726 0.00246989 0.999964 -0.416565 0.109005 -0.54292
FixedParameters: 0 0 0

#Transform 73
Transform: AffineTransform_float_3_3
Parameters: 0.99995 0.00570211 -0.00813533 -0.00572229 0.999981 -0.00253977 0.00812082 0.00258624 0.999964 -0.42022 0.109451 -0.538314
FixedParameters: 0 0 0

#Transform 74
Transform: AffineTransform_float_3_3
Parameters: 0.99995 0.0053893 -0.00844874 -0.00540975 0.999982 -0.00243687 0.00843604 0.00248314 0.999961 -0.410921 0.111003 -0.526949
FixedParameters: 0 0 0

#Transform 75
Transform: AffineTransform_float_3_3
Parameters: 0.99995 0.0054827 -0.00827377 -0.00550763 0.99998 -0.00296775 0.00825767 0.00301225 0.999961 -0.421573 0.107425 -0.547016
FixedParameters: 0 0 0

#Transform 76
Transform: AffineTransform_float_3_3
Parameters: 0.999946 0.00591226 -0.00852813 -0.00593517 0.999979 -0.00260247 0.0085127 0.00265353 0.99996 -0.462104 0.121092 -0.525728
FixedParameters: 0 0 0

#Transform 77
Transform: AffineTransform_float_3_3
Parameters: 0.999945 0.00597957 -0.0085567 -0.00600226 0.999979 -0.00258093 0.00854117 0.00263207 0.99996 -0.463387 0.125834 -0.534549
FixedParameters: 0 0 0

#Transform 78
Transform: AffineTransform_float_3_3
Parameters: 0.999946 0.00601519 -0.00838867 -0.00603756 0.999979 -0.00263731 0.0083732 0.00268769 0.999961 -0.466664 0.126358 -0.533164
FixedParameters: 0 0 0

#Transform 79
Transform: AffineTransform_float_3_3
Parameters: 0.999945 0.00616281 -0.00847217 -0.00618569 0.999977 -0.00271776 0.00845544 0.00277024 0.99996 -0.480913 0.126537 -0.552142
FixedParameters: 0 0 0

#Transform 80
Transform: AffineTransform_float_3_3
Parameters: 0.999941 0.00656513 -0.0086699 -0.00658937 0.999974 -0.00277668 0.00865199 0.00283432 0.999959 -0.491265 0.140674 -0.578603
FixedParameters: 0 0 0

#Transform 81
Transform: AffineTransform_float_3_3
Parameters: 0.999939 0.00646653 -0.00889996 -0.0064917 0.999975 -0.00280858 0.0088818 0.00286542 0.999957 -0.497202 0.133033 -0.58439
FixedParameters: 0 0 0

#Transform 82
Transform: AffineTransform_float_3_3
Parameters: 0.99994 0.00644925 -0.00893913 -0.00647524 0.999975 -0.00289312 0.00891957 0.00295088 0.999956 -0.496252 0.123665 -0.580268
FixedParameters: 0 0 0

#Transform 83
Transform: AffineTransform_float_3_3
Parameters: 0.999935 0.00617313 -0.00959441 -0.00620088 0.999977 -0.00290101 0.0095765 0.00295999 0.99995 -0.493432 0.117795 -0.572597
FixedParameters: 0 0 0

#Transform 84
Transform: AffineTransform_float_3_3
Parameters: 0.999937 0.00610558 -0.00943911 -0.00613169 0.999977 -0.00277256 0.00942173 0.00283044 0.999952 -0.499673 0.11846 -0.526261
FixedParameters: 0 0 0

#Transform 85
Transform: AffineTransform_float_3_3
Parameters: 0.999939 0.006169 -0.00914757 -0.00619377 0.999978 -0.0026671 0.00913101 0.0027239 0.999955 -0.498336 0.116824 -0.576958
FixedParameters: 0 0 0

#Transform 86
Transform: AffineTransform_float_3_3
Parameters: 0.999937 0.0063435 -0.00933301 -0.00636681 0.999977 -0.00244223 0.0093169 0.00250176 0.999954 -0.487867 0.113991 -0.583733
FixedParameters: 0 0 0

#Transform 87
Transform: AffineTransform_float_3_3
Parameters: 0.999934 0.00636932 -0.00949803 -0.00639333 0.999976 -0.00250463 0.00948152 0.00256537 0.999952 -0.501528 0.106769 -0.584713
FixedParameters: 0 0 0

#Transform 88
Transform: AffineTransform_float_3_3
Parameters: 0.999932 0.00674833 -0.00943927 -0.00677314 0.999974 -0.00260323 0.00942132 0.00266677 0.999952 -0.536453 0.118486 -0.582066
FixedParameters: 0 0 0

#Transform 89
Transform: AffineTransform_float_3_3
Parameters: 0.999927 0.00707031 -0.00980048 -0.00709731 0.999971 -0.0027491 0.00977978 0.00281889 0.999948 -0.561302 0.12684 -0.585533
FixedParameters: 0 0 0

#Transform 90
Transform: AffineTransform_float_3_3
Parameters: 0.999923 0.0074353 -0.00995664 -0.00746336 0.999969 -0.0027497 0.0099361 0.0028233 0.999946 -0.586929 0.144933 -0.601732
FixedParameters: 0 0 0

#Transform 91
Transform: AffineTransform_float_3_3
Parameters: 0.999926 0.00687605 -0.00998453 -0.00689986 0.999973 -0.0023212 0.00996831 0.0023898 0.999948 -0.566329 0.124983 -0.590217
FixedParameters: 0 0 0

#Transform 92
Transform: AffineTransform_float_3_3
Parameters: 0.999924 0.00683072 -0.0102786 -0.00685545 0.999974 -0.00234197 0.0102619 0.00241302 0.999944 -0.55658 0.131781 -0.60061
FixedParameters: 0 0 0

#Transform 93
Transform: AffineTransform_float_3_3
Parameters: 0.999923 0.00718308 -0.0101211 -0.00720713 0.999972 -0.00231829 0.0101044 0.00239071 0.999946 -0.572072 0.134365 -0.613951
FixedParameters: 0 0 0

#Transform 94
Transform: AffineTransform_float_3_3
Parameters: 0.999918 0.00750079 -0.010384 -0.00752609 0.999969 -0.00239857 0.010366 0.00247643 0.999943 -0.609018 0.15012 -0.612138
FixedParameters: 0 0 0

#Transform 95
Transform: AffineTransform_float_3_3
Parameters: 0.999915 0.00755862 -0.0106908 -0.00758528 0.999968 -0.00243318 0.0106716 0.00251481 0.99994 -0.620529 0.15623 -0.603882
FixedParameters: 0 0 0

#Transform 96
Transform: AffineTransform_float_3_3
Parameters: 0.999916 0.00747644 -0.0106561 -0.00750361 0.999969 -0.00246595 0.0106368 0.00254603 0.99994 -0.604366 0.161397 -0.610638
FixedParameters: 0 0 0

#Transform 97
Transform: AffineTransform_float_3_3
Parameters: 0.999908 0.00810258 -0.0109259 -0.00813148 0.999963 -0.00263521 0.0109036 0.00272378 0.999937 -0.644017 0.173957 -0.632589
FixedParameters: 0 0 0

#Transform 98
Transform: AffineTransform_float_3_3
Parameters: 0.999913 0.00757519 -0.0108152 -0.00760176 0.999968 -0.00241896 0.010797 0.00250004 0.999939 -0.636183 0.150139 -0.623359
FixedParameters: 0 0 0

#Transform 99
Transform: AffineTransform_float_3_3
Parameters: 0.999909 0.00778427 -0.0110853 -0.00781551 0.999965 -0.00278033 0.0110638 0.00286667 0.999935 -0.637743 0.14645 -0.65036
FixedParameters: 0 0 0

#Transform 100
Transform: AffineTransform_float_3_3
Parameters: 0.999904 0.00788492 -0.0114365 -0.00791412 0.999965 -0.0025512 0.0114153 0.0026418 0.999931 -0.639794 0.135776 -0.67438
FixedParameters: 0 0 0

#Transform 101
Transform: AffineTransform_float_3_3
Parameters: 0.999902 0.00782195 -0.0115928 -0.00784583 0.999967 -0.00208204 0.0115759 0.00217296 0.99993 -0.646281 0.141799 -0.660703
FixedParameters: 0 0 0

#Transform 102
Transform: AffineTransform_float_3_3
Parameters: 0.999901 0.00774733 -0.0117669 -0.00777274 0.999968 -0.00211552 0.0117497 0.00220747 0.999929 -0.63948 0.135347 -0.6776
FixedParameters: 0 0 0

#Transform 103
Transform: AffineTransform_float_3_3
Parameters: 0.999901 0.00774418 -0.011769 -0.0077725 0.999967 -0.00238389 0.0117506 0.00247511 0.999927 -0.661067 0.138325 -0.702877
FixedParameters: 0 0 0

#Transform 104
Transform: AffineTransform_float_3_3
Parameters: 0.999893 0.00780845 -0.0123693 -0.00783124 0.999968 -0.00177972 0.0123551 0.00187627 0.999922 -0.652314 0.135115 -0.681528
FixedParameters: 0 0 0

#Transform 105
Transform: AffineTransform_float_3_3
Parameters: 0.99989 0.00789741 -0.0125464 -0.00792156 0.999967 -0.00185876 0.0125311 0.00195824 0.99992 -0.664622 0.15607 -0.675269
FixedParameters: 0 0 0

#Transform 106
Transform: AffineTransform_float_3_3
Parameters: 0.999894 0.00820375 -0.0119866 -0.0082265 0.999964 -0.00185211 0.0119707 0.00194988 0.999926 -0.702015 0.147997 -0.665306
FixedParameters: 0 0 0

#Transform 107
Transform: AffineTransform_float_3_3
Parameters: 0.999895 0.00811223 -0.012017 -0.00813415 0.999966 -0.0017574 0.0120024 0.0018556 0.999926 -0.696512 0.15553 -0.645518
FixedParameters: 0 0 0

#Transform 108
Transform: AffineTransform_float_3_3
Parameters: 0.999894 0.00815026 -0.0120571 -0.00817454 0.999965 -0.00192066 0.0120412 0.00201833 0.999926 -0.713267 0.151865 -0.654006
FixedParameters: 0 0 0

#Transform 109
Transform: AffineTransform_float_3_3
Parameters: 0.999893 0.00810903 -0.0121809 -0.00813518 0.999965 -0.00208427 0.0121635 0.00218372 0.999924 -0.720811 0.150535 -0.639213
FixedParameters: 0 0 0

#Transform 110
Transform: AffineTransform_float_3_3
Parameters: 0.999888 0.00860685 -0.0121966 -0.00863318 0.999961 -0.00208065 0.0121794 0.00218535 0.999923 -0.752877 0.156944 -0.65135
FixedParameters: 0 0 0

#Transform 111
Transform: AffineTransform_float_3_3
Parameters: 0.999893 0.00870229 -0.0118095 -0.00873292 0.999959 -0.00251749 0.0117868 0.0026205 0.999927 -0.7636 0.160302 -0.647977
FixedParameters: 0 0 0

#Transform 112
Transform: AffineTransform_float_3_3
Parameters: 0.999888 0.00888541 -0.0120942 -0.0089138 0.999957 -0.00234576 0.0120726 0.00245324 0.999924 -0.792226 0.167185 -0.636591
FixedParameters: 0 0 0

#Transform 113
Transform: AffineTransform_float_3_3
Parameters: 0.999882 0.00934536 -0.0121782 -0.00937137 0.999954 -0.00208264 0.0121586 0.00219636 0.999924 -0.816012 0.16421 -0.639074
FixedParameters: 0 0 0

#Transform 114
Transform: AffineTransform_float_3_3
Parameters: 0.999874 0.00975297 -0.0125158 -0.00978556 0.999949 -0.00254076 0.0124903 0.00266324 0.999918 -0.846316 0.171231 -0.630721
FixedParameters: 0 0 0

#Transform 115
Transform: AffineTransform_float_3_3
Parameters: 0.999862 0.0101344 -0.0131566 -0.0101656 0.999946 -0.00234246 0.0131321 0.00247554 0.999911 -0.893491 0.170356 -0.6166
FixedParameters: 0 0 0

#Transform 116
Transform: AffineTransform_float_3_3
Parameters: 0.999866 0.00999944 -0.01291 -0.0100353 0.999946 -0.00271594 0.0128825 0.00284406 0.999913 -0.878094 0.170173 -0.590635
FixedParameters: 0 0 0

#Transform 117
Transform: AffineTransform_float_3_3
Parameters: 0.999864 0.0101714 -0.0129836 -0.0102076 0.999944 -0.00271318 0.0129551 0.00284582 0.999912 -0.905228 0.173861 -0.601002
FixedParameters: 0 0 0

#Transform 118
Transform: AffineTransform_float_3_3
Parameters: 0.999859 0.0104833 -0.0131145 -0.0105174 0.999942 -0.00255347 0.0130871 0.00269053 0.999911 -0.934339 0.173863 -0.589292
FixedParameters: 0 0 0

#Transform 119
Transform: AffineTransform_float_3_3
Parameters: 0.999857 0.0105925 -0.0131637 -0.0106289 0.99994 -0.00270772 0.0131348 0.00284729 0.99991 -0.934891 0.201867 -0.598765
FixedParameters: 0 0 0

#Transform 120
Transform: AffineTransform_float_3_3
Parameters: 0.999852 0.0108462 -0.0134031 -0.0108814 0.999937 -0.0025326 0.0133742 0.00267838 0.999907 -0.959202 0.188647 -0.597191
FixedParameters: 0 0 0

#Transform 121
Transform: AffineTransform_float_3_3
Parameters: 0.999848 0.0106551 -0.0138082 -0.010694 0.999939 -0.00269867 0.0137786 0.00284532 0.999901 -0.944068 0.187851 -0.588503
FixedParameters: 0 0 0

#Transform 122
Transform: AffineTransform_float_3_3
Parameters: 0.99985 0.01106 -0.0133677 -0.0111002 0.999934 -0.00294472 0.0133347 0.00309328 0.999906 -0.978069 0.198544 -0.601459
FixedParameters: 0 0 0

#Transform 123
Transform: AffineTransform_float_3_3
Parameters: 0.999843 0.0112112 -0.0137139 -0.0112485 0.999933 -0.00267147 0.0136827 0.00282553 0.999903 -0.989202 0.19375 -0.599372
FixedParameters: 0 0 0

#Transform 124
Transform: AffineTransform_float_3_3
Parameters: 0.999835 0.0117254 -0.013879 -0.0117621 0.999927 -0.00257812 0.0138475 0.00274087 0.999901 -1.01579 0.204197 -0.598632
FixedParameters: 0 0 0

#Transform 125
Transform: AffineTransform_float_3_3
Parameters: 0.999837 0.0113695 -0.0140263 -0.0114087 0.999931 -0.00273254 0.0139943 0.00289246 0.999898 -1.0183 0.180547 -0.613538
FixedParameters: 0 0 0

#Transform 126
Transform: AffineTransform_float_3_3
Parameters: 0.999833 0.012013 -0.0137629 -0.0120442 0.999925 -0.00222616 0.0137349 0.00239183 0.999902 -1.06018 0.212248 -0.601384
FixedParameters: 0 0 0

#Transform 127
Transform: AffineTransform_float_3_3
Parameters: 0.999832 0.0121045 -0.0138051 -0.0121384 0.999923 -0.00239544 0.0137749 0.00256255 0.999902 -1.07304 0.200186 -0.609866
FixedParameters: 0 0 0

#Transform 128
Transform: AffineTransform_float_3_3
Parameters: 0.99983 0.01222 -0.0138572 -0.0122573 0.999921 -0.00254776 0.0138255 0.00271723 0.999901 -1.09316 0.19854 -0.656041
FixedParameters: 0 0 0

#Transform 129
Transform: AffineTransform_float_3_3
Parameters: 0.999826 0.0124567 -0.0138986 -0.0124881 0.99992 -0.00218964 0.0138706 0.00236237 0.999901 -1.12637 0.203327 -0.653111
FixedParameters: 0 0 0

#Transform 130
Transform: AffineTransform_float_3_3
Parameters: 0.999839 0.0123432 -0.0130136 -0.0123771 0.99992 -0.00260805 0.0129808 0.00276897 0.999912 -1.10903 0.191172 -0.749032
FixedParameters: 0 0 0

#Transform 131
Transform: AffineTransform_float_3_3
Parameters: 0.999841 0.0127596 -0.0124688 -0.0127879 0.999916 -0.00220749 0.0124395 0.0023665 0.99992 -1.11089 0.184679 -0.719406
FixedParameters: 0 0 0

#Transform 132
Transform: AffineTransform_float_3_3
Parameters: 0.999841 0.0125345 -0.0126318 -0.0125692 0.999918 -0.00264885 0.0125977 0.00280714 0.999916 -1.12122 0.19138 -0.733174
FixedParameters: 0 0 0

#Transform 133
Transform: AffineTransform_float_3_3
Parameters: 0.999836 0.0127924 -0.0128129 -0.0128229 0.999916 -0.00229526 0.0127825 0.00245973 0.999915 -1.13552 0.191731 -0.653659
FixedParameters: 0 0 0

#Transform 134
Transform: AffineTransform_float_3_3
Parameters: 0.999842 0.0123606 -0.0127559 -0.0123826 0.999922 -0.00164662 0.0127343 0.00180437 0.999917 -1.09196 0.20304 -0.685919
FixedParameters: 0 0 0

#Transform 135
Transform: AffineTransform_float_3_3
Parameters: 0.999856 0.0110027 -0.0128775 -0.0110137 0.999939 -0.000766806 0.0128687 0.00090919 0.999917 -0.973534 0.195382 -0.738292
FixedParameters: 0 0 0

#Transform 136
Transform: AffineTransform_float_3_3
Parameters: 0.999859 0.0110496 -0.0126635 -0.0110733 0.999937 -0.00180452 0.0126423 0.00194547 0.999918 -0.981842 0.184284 -0.84518
FixedParameters: 0 0 0

#Transform 137
Transform: AffineTransform_float_3_3
Parameters: 0.999874 0.0104893 -0.0118987 -0.0105025 0.999944 -0.00100761 0.0118873 0.00113238 0.999929 -0.930052 0.164867 -0.822554
FixedParameters: 0 0 0

#Transform 138
Transform: AffineTransform_float_3_3
Parameters: 0.999875 0.0104634 -0.0118469 -0.0104792 0.999944 -0.00132462 0.0118324 0.00144838 0.999929 -0.941349 0.17044 -0.842213
FixedParameters: 0 0 0

#Transform 139
Transform: AffineTransform_float_3_3
Parameters: 0.999877 0.0100451 -0.0121062 -0.0100589 0.999948 -0.00107347 0.012095 0.00119552 0.999926 -0.882626 0.183654 -0.866155
FixedParameters: 0 0 0

#Transform 140
Transform: AffineTransform_float_3_3
Parameters: 0.999883 0.00949693 -0.0119889 -0.00951682 0.999953 -0.001664 0.0119732 0.00177701 0.999927 -0.882999 0.182161 -0.884532
FixedParameters: 0 0 0

#Transform 141
Transform: AffineTransform_float_3_3
Parameters: 0.99985 0.0100623 -0.014088 -0.0100953 0.999946 -0.00226047 0.0140641 0.00240151 0.999898 -0.917524 0.185954 -0.924613
FixedParameters: 0 0 0

#Transform 142
Transform: AffineTransform_float_3_3
Parameters: 0.999851 0.0105987 -0.0136294 -0.0106159 0.999943 -0.00116851 0.0136167 0.00131249 0.999907 -0.973633 0.186275 -0.87489
FixedParameters: 0 0 0

#Transform 143
Transform: AffineTransform_float_3_3
Parameters: 0.999843 0.0108225 -0.0140162 -0.0108476 0.99994 -0.00168726 0.0139969 0.00183873 0.9999 -1.00454 0.171791 -0.87936
FixedParameters: 0 0 0

#Transform 144
Transform: AffineTransform_float_3_3
Parameters: 0.999826 0.0110517 -0.0150681 -0.0110642 0.999938 -0.00078776 0.0150582 0.00095424 0.999886 -1.03389 0.184957 -0.865431
FixedParameters: 0 0 0

#Transform 145
Transform: AffineTransform_float_3_3
Parameters: 0.999824 0.0118884 -0.0144763 -0.0119126 0.999928 -0.0015598 0.0144565 0.00173218 0.999894 -1.08107 0.197535 -0.887652
FixedParameters: 0 0 0

#Transform 146
Transform: AffineTransform_float_3_3
Parameters: 0.999814 0.0123118 -0.0148533 -0.0123258 0.999923 -0.000839352 0.014842 0.00102264 0.99989 -1.12687 0.205931 -0.896601
FixedParameters: 0 0 0

#Transform 147
Transform: AffineTransform_float_3_3
Parameters: 0.999817 0.0126387 -0.0143184 -0.0126587 0.999919 -0.0012893 0.0143012 0.00147069 0.999897 -1.15154 0.2185 -0.916144
FixedParameters: 0 0 0

#Transform 148
Transform: AffineTransform_float_3_3
Parameters: 0.999843 0.0114607 -0.0135289 -0.0114733 0.999934 -0.000827479 0.0135183 0.000982508 0.999908 -1.00777 0.210583 -0.898547
FixedParameters: 0 0 0

#Transform 149
Transform: AffineTransform_float_3_3
Parameters: 0.999884 0.00957081 -0.0118036 -0.00957561 0.999954 -0.000362888 0.0117999 0.000476112 0.99993 -0.875642 0.18505 -0.966332
FixedParameters: 0 0 0

#Transform 150
Transform: AffineTransform_float_3_3
Parameters: 0.999863 0.0103724 -0.0129172 -0.0103771 0.999947 -0.000310928 0.0129137 0.000445075 0.999917 -0.942457 0.189013 -0.922337
FixedParameters: 0 0 0

#Transform 151
Transform: AffineTransform_float_3_3
Parameters: 0.999854 0.0104255 -0.0135014 -0.0104411 0.999945 -0.00110923 0.0134895 0.00125077 0.999909 -0.96201 0.202418 -0.923228
FixedParameters: 0 0 0

#Transform 152
Transform: AffineTransform_float_3_3
Parameters: 0.999857 0.00930587 -0.0141633 -0.00932221 0.999956 -0.0010896 0.0141522 0.0012214 0.999899 -0.854519 0.189011 -0.880807
FixedParameters: 0 0 0

#Transform 153
Transform: AffineTransform_float_3_3
Parameters: 0.999821 0.0107129 -0.0156405 -0.0107364 0.999941 -0.00143878 0.0156237 0.00160621 0.999877 -0.994062 0.203456 -0.865946
FixedParameters: 0 0 0

#Transform 154
Transform: AffineTransform_float_3_3
Parameters: 0.999863 0.0100204 -0.01322 -0.0100257 0.99995 -0.000264503 0.0132162 0.000396475 0.999913 -0.889384 0.186447 -0.904544
FixedParameters: 0 0 0

#Transform 155
Transform: AffineTransform_float_3_3
Parameters: 0.999911 0.0073305 -0.0111387 -0.0073335 0.999973 -0.000229402 0.0111367 0.000310594 0.999938 -0.665297 0.18722 -0.937919
FixedParameters: 0 0 0

#Transform 156
Transform: AffineTransform_float_3_3
Parameters: 0.999908 0.00546926 -0.0124629 -0.00547531 0.999985 -0.000382396 0.0124608 0.000450592 0.999923 -0.549637 0.164336 -0.956864
FixedParameters: 0 0 0

#Transform 157
Transform: AffineTransform_float_3_3
Parameters: 0.999922 0.00710248 -0.0102778 -0.00710555 0.999975 -0.000304534 0.0102745 0.00037746 0.999947 -0.675149 0.178057 -0.982524
FixedParameters: 0 0 0

#Transform 158
Transform: AffineTransform_float_3_3
Parameters: 0.999902 0.00780937 -0.0116004 -0.00781793 0.999969 -0.000713175 0.0115945 0.000803823 0.999932 -0.72898 0.194163 -0.999975
FixedParameters: 0 0 0

#Transform 159
Transform: AffineTransform_float_3_3
Parameters: 0.999915 0.00669189 -0.0111315 -0.00669981 0.999977 -0.000707824 0.0111265 0.000781177 0.999938 -0.611784 0.185965 -0.946364
FixedParameters: 0 0 0

#Transform 160
Transform: AffineTransform_float_3_3
Parameters: 0.999895 0.00672032 -0.012887 -0.00672885 0.999977 -0.00055681 0.0128825 0.000644173 0.999917 -0.638823 0.189092 -1.03885
FixedParameters: 0 0 0

#Transform 161
Transform: AffineTransform_float_3_3
Parameters: 0.999889 0.00764783 -0.012775 -0.00765371 0.999971 -0.000468472 0.0127716 0.000566538 0.999919 -0.712789 0.199934 -0.990135
FixedParameters: 0 0 0

#Transform 162
Transform: AffineTransform_float_3_3
Parameters: 0.999885 0.00801601 -0.0128545 -0.0080231 0.999968 -0.000473611 0.0128509 0.000577386 0.999917 -0.716159 0.196768 -1.02595
FixedParameters: 0 0 0

#Transform 163
Transform: AffineTransform_float_3_3
Parameters: 0.999877 0.00814143 -0.0134086 -0.00814563 0.999967 -0.000228969 0.0134069 0.000338026 0.99991 -0.746435 0.182358 -0.960167
FixedParameters: 0 0 0

#Transform 164
Transform: AffineTransform_float_3_3
Parameters: 0.999882 0.00839346 -0.0129163 -0.00839639 0.999965 -0.00017596 0.0129144 0.000284037 0.999917 -0.769682 0.210161 -0.963689
FixedParameters: 0 0 0

#Transform 165
Transform: AffineTransform_float_3_3
Parameters: 0.999886 0.00851285 -0.012524 -0.00851797 0.999964 -0.000354386 0.0125214 0.000461617 0.999922 -0.786581 0.212888 -0.894688
FixedParameters: 0 0 0

#Transform 166
Transform: AffineTransform_float_3_3
Parameters: 0.999884 0.00865895 -0.0125272 -0.00867033 0.999962 -0.000881437 0.0125189 0.000989559 0.999921 -0.821379 0.211224 -0.900425
FixedParameters: 0 0 0

#Transform 167
Transform: AffineTransform_float_3_3
Parameters: 0.99988 0.00908197 -0.0125422 -0.00909211 0.999958 -0.000739009 0.0125355 0.000852989 0.999921 -0.85151 0.205768 -0.857099
FixedParameters: 0 0 0

#Transform 168
Transform: AffineTransform_float_3_3
Parameters: 0.99988 0.00934257 -0.0124085 -0.00934651 0.999956 -0.000290758 0.0124055 0.000407243 0.999923 -0.880385 0.186357 -0.863748
FixedParameters: 0 0 0

#Transform 169
Transform: AffineTransform_float_3_3
Parameters: 0.999881 0.00951559 -0.012126 -0.00952172 0.999954 -0.000459831 0.012121 0.000575165 0.999927 -0.891625 0.187566 -0.871065
FixedParameters: 0 0 0

#Transform 170
Transform: AffineTransform_float_3_3
Parameters: 0.999875 0.00960792 -0.0125627 -0.00961075 0.999954 -0.000223972 0.0125597 0.000345031 0.999921 -0.91538 0.18338 -0.846718
FixedParameters: 0 0 0

#Transform 171
Transform: AffineTransform_float_3_3
Parameters: 0.999875 0.00985601 -0.012405 -0.00986903 0.999951 -0.000928116 0.0123947 0.00105086 0.999922 -0.927085 0.192139 -0.874579
FixedParameters: 0 0 0

#Transform 172
Transform: AffineTransform_float_3_3
Parameters: 0.999864 0.0103098 -0.012859 -0.0103115 0.999947 -0.000102138 0.0128566 0.000234856 0.999917 -0.96453 0.200324 -0.847334
FixedParameters: 0 0 0

#Transform 173
Transform: AffineTransform_float_3_3
Parameters: 0.999851 0.0111196 -0.013216 -0.0111328 0.999938 -0.000874327 0.0132051 0.00102165 0.999912 -1.01421 0.232804 -0.893582
FixedParameters: 0 0 0

#Transform 174
Transform: AffineTransform_float_3_3
Parameters: 0.999851 0.0114252 -0.012983 -0.0114326 0.999935 -0.000488587 0.0129769 0.000636409 0.999916 -1.04416 0.240979 -0.839692
FixedParameters: 0 0 0

#Transform 175
Transform: AffineTransform_float_3_3
Parameters: 0.999859 0.0115964 -0.012203 -0.0116084 0.999933 -0.00088863 0.0121922 0.00103037 0.999925 -1.06016 0.240276 -0.816438
FixedParameters: 0 0 0

#Transform 176
Transform: AffineTransform_float_3_3
Parameters: 0.999852 0.0119164 -0.0124552 -0.0119189 0.999929 -0.000109759 0.0124531 0.000258235 0.999922 -1.07206 0.250926 -0.790262
FixedParameters: 0 0 0

#Transform 177
Transform: AffineTransform_float_3_3
Parameters: 0.999853 0.0120577 -0.0121302 -0.0120674 0.999927 -0.000722763 0.0121211 0.000868237 0.999926 -1.07446 0.278373 -0.844405
FixedParameters: 0 0 0

#Transform 178
Transform: AffineTransform_float_3_3
Parameters: 0.999847 0.0119112 -0.012754 -0.0119139 0.999929 -0.000113499 0.0127518 0.000265492 0.999919 -1.05288 0.264294 -0.824444
FixedParameters: 0 0 0

#Transform 179
Transform: AffineTransform_float_3_3
Parameters: 0.99986 0.011664 -0.0120109 -0.011669 0.999932 -0.000423881 0.0120052 0.000564124 0.999927 -1.04489 0.249737 -0.883495
FixedParameters: 0 0 0
