# transform file /out/sourcedata/freesurfer/sub-v1s10x0051147_ses-1/mri/transforms/cc_up.lta
# created by oesteban on Thu Mar 12 10:56:06 2026

type      = 0 # LINEAR_VOX_TO_VOX
nxforms   = 1
mean      = 130.0000 119.0000 119.0000
sigma     = 10000.0000
1 4 4
9.993606209754944e-01 2.278758771717548e-02 -2.755115181207657e-02 -5.929280519485474e-01 
-2.277893386781216e-02 9.997403025627136e-01 6.279873778112233e-04 2.588101959228516e+01 
2.755830809473991e-02 0.000000000000000e+00 9.996201992034912e-01 1.350531005859375e+01 
0.000000000000000e+00 0.000000000000000e+00 0.000000000000000e+00 1.000000000000000e+00 
src volume info
valid = 1  # volume info valid
filename = /out/sourcedata/freesurfer/sub-v1s10x0051147_ses-1/mri/norm.mgz
volume = 256 256 256
voxelsize = 1.000000000000000e+00 1.000000000000000e+00 1.000000000000000e+00
xras   = -1.000000000000000e+00 0.000000000000000e+00 0.000000000000000e+00
yras   = 0.000000000000000e+00 0.000000000000000e+00 -1.000000000000000e+00
zras   = 0.000000000000000e+00 1.000000000000000e+00 0.000000000000000e+00
cras   = 5.725364685058594e+00 3.168670654296875e+00 1.000000000000000e+00
dst volume info
valid = 1  # volume info valid
filename = /out/sourcedata/freesurfer/sub-v1s10x0051147_ses-1/mri/norm.mgz
volume = 256 256 256
voxelsize = 1.000000000000000e+00 1.000000000000000e+00 1.000000000000000e+00
xras   = -1.000000000000000e+00 0.000000000000000e+00 0.000000000000000e+00
yras   = 0.000000000000000e+00 0.000000000000000e+00 -1.000000000000000e+00
zras   = 0.000000000000000e+00 1.000000000000000e+00 0.000000000000000e+00
cras   = 5.725364685058594e+00 3.168670654296875e+00 1.000000000000000e+00
