#Insight Transform File V1.0
#Transform 0
Transform: AffineTransform_float_3_3
Parameters: 1 0.000294531 0.000550701 -0.000294635 1 9.48378e-05 -0.000550645 -9.51622e-05 1 -0.0581214 -0.189471 -0.299548
FixedParameters: 0 0 0

#Transform 1
Transform: AffineTransform_float_3_3
Parameters: 0.999999 0.000719899 -0.000361752 -0.000720026 0.999999 0.000364261 0.000361356 -0.00036374 1 -0.0200709 0.0340543 -0.0884503
FixedParameters: 0 0 0

#Transform 2
Transform: AffineTransform_float_3_3
Parameters: 0.999999 0.000754535 -0.00107095 -0.000754519 1 7.60125e-06 0.00107096 -7.39912e-06 0.999999 0.0127749 0.0750714 -0.110074
FixedParameters: 0 0 0

#Transform 3
Transform: AffineTransform_float_3_3
Parameters: 0.999999 0.00123984 -0.000401024 -0.00124005 0.999999 0.000232138 0.000400679 -0.000231863 1 -0.0229151 0.0707331 -0.21369
FixedParameters: 0 0 0

#Transform 4
Transform: AffineTransform_float_3_3
Parameters: 0.999999 0.00125911 -0.00015537 -0.00125795 0.999999 0.000783836 0.000156952 -0.000784163 1 -0.0308554 0.0638097 -0.285279
FixedParameters: 0 0 0

#Transform 5
Transform: AffineTransform_float_3_3
Parameters: 0.999999 0.0012824 -0.000461959 -0.00128222 0.999999 0.000615233 0.000462616 -0.000614767 1 -0.0225351 0.0520801 -0.291635
FixedParameters: 0 0 0

#Transform 6
Transform: AffineTransform_float_3_3
Parameters: 0.999999 0.00134085 -0.000349508 -0.00133971 0.999998 0.000868109 0.000350523 -0.00086789 0.999999 -0.0498695 0.0741835 -0.304864
FixedParameters: 0 0 0

#Transform 7
Transform: AffineTransform_float_3_3
Parameters: 0.999999 0.00135229 -0.000156228 -0.00135254 0.999999 0.0004387 0.000156494 -0.000438301 1 -0.0625215 0.0668356 -0.323522
FixedParameters: 0 0 0

#Transform 8
Transform: AffineTransform_float_3_3
Parameters: 0.999999 0.00129172 -0.000298475 -0.0012916 0.999998 0.00150603 0.000300525 -0.00150597 0.999999 -0.0524936 0.0860792 -0.332918
FixedParameters: 0 0 0

#Transform 9
Transform: AffineTransform_float_3_3
Parameters: 1 0.000690591 -0.000814628 -0.000688536 0.999998 0.00206336 0.000816944 -0.00206364 0.999998 -0.0252811 0.100711 -0.285003
FixedParameters: 0 0 0

#Transform 10
Transform: AffineTransform_float_3_3
Parameters: 0.999999 0.00111538 -0.000715982 -0.00111446 0.999997 0.00210659 0.000718308 -0.00210641 0.999998 -0.046038 0.0910081 -0.380919
FixedParameters: 0 0 0

#Transform 11
Transform: AffineTransform_float_3_3
Parameters: 0.999999 0.000911841 -0.00119799 -0.000909823 0.999998 0.00193489 0.00120046 -0.00193412 0.999997 -0.0370288 0.123088 -0.368926
FixedParameters: 0 0 0

#Transform 12
Transform: AffineTransform_float_3_3
Parameters: 0.999999 0.0011268 -0.000689315 -0.00112531 0.999995 0.00287842 0.000692505 -0.00287758 0.999995 -0.058826 0.115679 -0.414074
FixedParameters: 0 0 0

#Transform 13
Transform: AffineTransform_float_3_3
Parameters: 0.999999 0.000843767 -0.00118274 -0.0008411 0.999997 0.00239979 0.0011848 -0.00239921 0.999996 -0.0340375 0.124066 -0.360192
FixedParameters: 0 0 0

#Transform 14
Transform: AffineTransform_float_3_3
Parameters: 0.999999 0.00112689 -0.000689174 -0.00112522 0.999995 0.00300378 0.000692646 -0.00300222 0.999996 -0.0588628 0.102698 -0.396544
FixedParameters: 0 0 0

#Transform 15
Transform: AffineTransform_float_3_3
Parameters: 0.999999 0.00065004 -0.00104314 -0.000647289 0.999996 0.00276168 0.00104474 -0.00276032 0.999995 -0.0295453 0.124031 -0.333425
FixedParameters: 0 0 0

#Transform 16
Transform: AffineTransform_float_3_3
Parameters: 1 0.00101773 -0.000642179 -0.00101569 0.999992 0.00381645 0.000645728 -0.00381655 0.999993 -0.0708732 0.13896 -0.381638
FixedParameters: 0 0 0

#Transform 17
Transform: AffineTransform_float_3_3
Parameters: 0.999999 0.000707796 -0.00115229 -0.000703085 0.999994 0.00351882 0.00115435 -0.00351719 0.999993 -0.036803 0.131796 -0.357034
FixedParameters: 0 0 0

#Transform 18
Transform: AffineTransform_float_3_3
Parameters: 1 0.000897231 -0.000706819 -0.000894639 0.999993 0.00358227 0.000709946 -0.00358172 0.999993 -0.065415 0.121247 -0.39926
FixedParameters: 0 0 0

#Transform 19
Transform: AffineTransform_float_3_3
Parameters: 1 0.00067837 -0.000981842 -0.000674999 0.999995 0.0032473 0.000984256 -0.00324669 0.999994 -0.0442883 0.124103 -0.366847
FixedParameters: 0 0 0

#Transform 20
Transform: AffineTransform_float_3_3
Parameters: 0.999999 0.000756783 -0.000532633 -0.000755244 0.999993 0.00376805 0.000535039 -0.00376796 0.999993 -0.0633185 0.144076 -0.414863
FixedParameters: 0 0 0

#Transform 21
Transform: AffineTransform_float_3_3
Parameters: 0.999999 0.00113756 -0.000692572 -0.00113428 0.999992 0.00376843 0.000696529 -0.00376757 0.999992 -0.0663997 0.133368 -0.43509
FixedParameters: 0 0 0

#Transform 22
Transform: AffineTransform_float_3_3
Parameters: 0.999999 0.000631758 -0.00123597 -0.000627386 0.999993 0.00388678 0.00123875 -0.00388522 0.999991 -0.0350866 0.131312 -0.403951
FixedParameters: 0 0 0

#Transform 23
Transform: AffineTransform_float_3_3
Parameters: 0.999999 0.000913715 -0.00104804 -0.000909017 0.999991 0.0042326 0.00105102 -0.0042314 0.99999 -0.0733441 0.13276 -0.446454
FixedParameters: 0 0 0

#Transform 24
Transform: AffineTransform_float_3_3
Parameters: 0.999999 0.000557665 -0.00146559 -0.000552591 0.999994 0.00351897 0.00146738 -0.00351803 0.999993 -0.0301166 0.123645 -0.393553
FixedParameters: 0 0 0

#Transform 25
Transform: AffineTransform_float_3_3
Parameters: 1 0.000605039 -0.000894004 -0.000601576 0.999993 0.00383754 0.000895733 -0.00383646 0.999992 -0.0509766 0.129149 -0.40358
FixedParameters: 0 0 0

#Transform 26
Transform: AffineTransform_float_3_3
Parameters: 0.999998 0.000328861 -0.00155057 -0.0003228 0.999994 0.00351866 0.00155166 -0.00351834 0.999993 -0.0276056 0.130903 -0.38591
FixedParameters: 0 0 0

#Transform 27
Transform: AffineTransform_float_3_3
Parameters: 0.999999 0.000635827 -0.00141383 -0.000630195 0.999994 0.00351905 0.00141578 -0.00351795 0.999993 -0.0447568 0.133099 -0.393252
FixedParameters: 0 0 0

#Transform 28
Transform: AffineTransform_float_3_3
Parameters: 0.999998 0.000721971 -0.00144736 -0.000716298 0.999992 0.00390335 0.00144994 -0.00390265 0.999991 -0.056001 0.125868 -0.409019
FixedParameters: 0 0 0

#Transform 29
Transform: AffineTransform_float_3_3
Parameters: 0.999999 0.000531256 -0.00170169 -0.000525092 0.999993 0.00362141 0.00170378 -0.00361959 0.999992 -0.0572757 0.135407 -0.438717
FixedParameters: 0 0 0

#Transform 30
Transform: AffineTransform_float_3_3
Parameters: 0.999999 0.000588899 -0.00157583 -0.000582653 0.999992 0.00393544 0.00157871 -0.00393356 0.999991 -0.0696824 0.138518 -0.445702
FixedParameters: 0 0 0

#Transform 31
Transform: AffineTransform_float_3_3
Parameters: 0.999998 0.000550695 -0.00188011 -0.00054405 0.999993 0.00364969 0.00188277 -0.0036483 0.999992 -0.0613374 0.142437 -0.430173
FixedParameters: 0 0 0

#Transform 32
Transform: AffineTransform_float_3_3
Parameters: 0.999998 0.000839412 -0.00136585 -0.000833857 0.999993 0.00361245 0.00136939 -0.00361155 0.999993 -0.0868935 0.132591 -0.440631
FixedParameters: 0 0 0

#Transform 33
Transform: AffineTransform_float_3_3
Parameters: 0.999998 0.000557293 -0.00180713 -0.000550734 0.999994 0.00351915 0.0018093 -0.00351784 0.999992 -0.062347 0.12677 -0.453624
FixedParameters: 0 0 0

#Transform 34
Transform: AffineTransform_float_3_3
Parameters: 0.999998 0.000442619 -0.00183341 -0.00043567 0.999993 0.00382632 0.00183543 -0.00382468 0.999991 -0.0613998 0.122681 -0.487597
FixedParameters: 0 0 0

#Transform 35
Transform: AffineTransform_float_3_3
Parameters: 0.999998 0.000402528 -0.00192021 -0.000394693 0.999991 0.00422507 0.00192171 -0.00422493 0.999989 -0.0601991 0.139902 -0.46224
FixedParameters: 0 0 0

#Transform 36
Transform: AffineTransform_float_3_3
Parameters: 0.999998 0.000194897 -0.00187041 -0.000187831 0.999993 0.00378303 0.00187052 -0.00378298 0.999992 -0.055645 0.125842 -0.463876
FixedParameters: 0 0 0

#Transform 37
Transform: AffineTransform_float_3_3
Parameters: 0.999998 0.000330084 -0.00196272 -0.000322333 0.999992 0.00401279 0.00196439 -0.00401221 0.999989 -0.0630142 0.142623 -0.442249
FixedParameters: 0 0 0

#Transform 38
Transform: AffineTransform_float_3_3
Parameters: 0.999997 6.30453e-05 -0.00218389 -5.45096e-05 0.999993 0.003698 0.00218429 -0.003697 0.999991 -0.0405665 0.156566 -0.422976
FixedParameters: 0 0 0

#Transform 39
Transform: AffineTransform_float_3_3
Parameters: 0.999998 0.000183327 -0.00189895 -0.000175698 0.999992 0.00401285 0.00190036 -0.00401214 0.999989 -0.0570119 0.167505 -0.401703
FixedParameters: 0 0 0

#Transform 40
Transform: AffineTransform_float_3_3
Parameters: 0.999998 9.10767e-05 -0.00211841 -8.23571e-05 0.999992 0.00394821 0.00211814 -0.00394779 0.99999 -0.0459935 0.162347 -0.413217
FixedParameters: 0 0 0

#Transform 41
Transform: AffineTransform_float_3_3
Parameters: 0.999998 1.43257e-05 -0.00230005 -6.08218e-06 0.999993 0.00373269 0.00229957 -0.00373331 0.99999 -0.0607043 0.141526 -0.415366
FixedParameters: 0 0 0

#Transform 42
Transform: AffineTransform_float_3_3
Parameters: 0.999998 8.08055e-06 -0.00231388 7.09271e-07 0.999994 0.00354504 0.00231388 -0.00354497 0.999991 -0.0492094 0.136623 -0.402953
FixedParameters: 0 0 0

#Transform 43
Transform: AffineTransform_float_3_3
Parameters: 0.999998 0.000255753 -0.00229483 -0.00024665 0.999992 0.00401324 0.00229537 -0.00401276 0.999989 -0.0698107 0.146484 -0.424747
FixedParameters: 0 0 0

#Transform 44
Transform: AffineTransform_float_3_3
Parameters: 0.999996 -0.000131045 -0.00264672 0.000141456 0.999993 0.00382766 0.00264551 -0.00382833 0.999989 -0.0519527 0.137383 -0.408652
FixedParameters: 0 0 0

#Transform 45
Transform: AffineTransform_float_3_3
Parameters: 0.999997 0.000202573 -0.00215899 -0.000194627 0.999993 0.00369445 0.00215951 -0.00369355 0.999991 -0.0669362 0.13267 -0.421929
FixedParameters: 0 0 0

#Transform 46
Transform: AffineTransform_float_3_3
Parameters: 0.999996 -0.000101489 -0.00257665 0.000111622 0.999993 0.00387775 0.00257566 -0.00387825 0.999989 -0.0716325 0.15671 -0.385107
FixedParameters: 0 0 0

#Transform 47
Transform: AffineTransform_float_3_3
Parameters: 0.999998 1.47237e-05 -0.00229913 -6.06985e-06 0.999993 0.00373805 0.00229957 -0.00373795 0.99999 -0.0639142 0.148269 -0.394113
FixedParameters: 0 0 0

#Transform 48
Transform: AffineTransform_float_3_3
Parameters: 0.999997 -9.79232e-06 -0.00235629 1.78643e-05 0.999994 0.003524 0.00235656 -0.00352401 0.999991 -0.0804643 0.142545 -0.417272
FixedParameters: 0 0 0

#Transform 49
Transform: AffineTransform_float_3_3
Parameters: 0.999997 -6.8868e-05 -0.00249641 7.75716e-05 0.999994 0.0034532 0.00249627 -0.0034528 0.999991 -0.0633373 0.152913 -0.406872
FixedParameters: 0 0 0

#Transform 50
Transform: AffineTransform_float_3_3
Parameters: 0.999998 4.49345e-05 -0.00222539 -3.74567e-05 0.999994 0.00339112 0.00222564 -0.00339088 0.999992 -0.050436 0.138686 -0.45946
FixedParameters: 0 0 0

#Transform 51
Transform: AffineTransform_float_3_3
Parameters: 0.999997 -8.92581e-06 -0.00235999 1.923e-05 0.99999 0.00454799 0.00235916 -0.00454801 0.999987 -0.0766708 0.161677 -0.472123
FixedParameters: 0 0 0

#Transform 52
Transform: AffineTransform_float_3_3
Parameters: 0.999995 -0.000414944 -0.00332835 0.000430457 0.99999 0.00450149 0.00332634 -0.00450351 0.999984 -0.0495311 0.15137 -0.45757
FixedParameters: 0 0 0

#Transform 53
Transform: AffineTransform_float_3_3
Parameters: 0.999996 -0.000286882 -0.00302406 0.000301561 0.999989 0.00466485 0.00302271 -0.00466514 0.999984 -0.0520116 0.155794 -0.497685
FixedParameters: 0 0 0

#Transform 54
Transform: AffineTransform_float_3_3
Parameters: 0.999994 -0.000462595 -0.00344178 0.00047801 0.99999 0.004473 0.00343975 -0.004474 0.999984 -0.0399707 0.178909 -0.466572
FixedParameters: 0 0 0

#Transform 55
Transform: AffineTransform_float_3_3
Parameters: 0.999994 -4.26233e-05 -0.00328469 5.84342e-05 0.99999 0.00466537 0.00328508 -0.00466563 0.999983 -0.080151 0.160723 -0.49671
FixedParameters: 0 0 0

#Transform 56
Transform: AffineTransform_float_3_3
Parameters: 0.999994 -0.000533669 -0.00361148 0.000549803 0.99999 0.0044893 0.00360918 -0.0044917 0.999983 -0.04915 0.148619 -0.544167
FixedParameters: 0 0 0

#Transform 57
Transform: AffineTransform_float_3_3
Parameters: 0.999995 -0.000409955 -0.00331733 0.000425153 0.999989 0.00460787 0.00331566 -0.00460913 0.999984 -0.0541867 0.136019 -0.573011
FixedParameters: 0 0 0

#Transform 58
Transform: AffineTransform_float_3_3
Parameters: 0.999993 -0.000516614 -0.00356699 0.000531183 0.999991 0.00406754 0.00356452 -0.00407046 0.999985 -0.0514859 0.133398 -0.566013
FixedParameters: 0 0 0

#Transform 59
Transform: AffineTransform_float_3_3
Parameters: 0.999993 -0.000575702 -0.00370907 0.000591524 0.999991 0.00420545 0.00370634 -0.00420754 0.999984 -0.0636029 0.130401 -0.578368
FixedParameters: 0 0 0

#Transform 60
Transform: AffineTransform_float_3_3
Parameters: 0.999994 -0.00052956 -0.00360327 0.000546485 0.999989 0.00466468 0.0035999 -0.00466632 0.999982 -0.047668 0.140806 -0.583816
FixedParameters: 0 0 0

#Transform 61
Transform: AffineTransform_float_3_3
Parameters: 0.999994 -0.000460451 -0.00344401 0.000478563 0.999986 0.00531964 0.00344145 -0.00532136 0.99998 -0.0594212 0.145312 -0.611628
FixedParameters: 0 0 0

#Transform 62
Transform: AffineTransform_float_3_3
Parameters: 0.999989 -0.000757661 -0.00446538 0.000776448 0.99999 0.00438358 0.00446187 -0.00438742 0.99998 -0.0219696 0.146866 -0.598125
FixedParameters: 0 0 0

#Transform 63
Transform: AffineTransform_float_3_3
Parameters: 0.999989 -0.000750147 -0.00478553 0.000773213 0.999987 0.00496323 0.00478182 -0.00496678 0.999977 -0.0649368 0.133897 -0.676608
FixedParameters: 0 0 0

#Transform 64
Transform: AffineTransform_float_3_3
Parameters: 0.99999 -0.000864463 -0.00440195 0.00088504 0.999989 0.004606 0.00439802 -0.00461 0.999979 -0.0340057 0.121802 -0.701353
FixedParameters: 0 0 0

#Transform 65
Transform: AffineTransform_float_3_3
Parameters: 0.999988 -0.00096872 -0.00480405 0.000995578 0.999985 0.00549001 0.00479882 -0.005495 0.999974 -0.0378599 0.143709 -0.667325
FixedParameters: 0 0 0

#Transform 66
Transform: AffineTransform_float_3_3
Parameters: 0.999989 -0.000870463 -0.00465688 0.000903018 0.999973 0.0071946 0.00465003 -0.00719841 0.999964 -0.0728824 0.168824 -0.759335
FixedParameters: 0 0 0

#Transform 67
Transform: AffineTransform_float_3_3
Parameters: 0.999987 -0.000814097 -0.00502879 0.000847556 0.999978 0.00656805 0.00502302 -0.00657194 0.999966 -0.0400257 0.133101 -0.821781
FixedParameters: 0 0 0

#Transform 68
Transform: AffineTransform_float_3_3
Parameters: 0.999985 -0.00125546 -0.00536168 0.00129061 0.999978 0.00650298 0.00535327 -0.00651002 0.999965 -0.014133 0.13998 -0.776968
FixedParameters: 0 0 0

#Transform 69
Transform: AffineTransform_float_3_3
Parameters: 0.999986 -0.00072479 -0.00522857 0.000770831 0.999961 0.00877784 0.00522289 -0.00878116 0.999948 -0.0661452 0.166618 -0.919705
FixedParameters: 0 0 0

#Transform 70
Transform: AffineTransform_float_3_3
Parameters: 0.999984 -0.000896239 -0.00569395 0.00094478 0.999965 0.00836123 0.0056864 -0.00836578 0.999949 -0.0461592 0.166003 -0.891189
FixedParameters: 0 0 0

#Transform 71
Transform: AffineTransform_float_3_3
Parameters: 0.999985 -0.000767597 -0.00545615 0.000813097 0.999965 0.00831359 0.00544915 -0.00831842 0.999951 -0.0505141 0.182425 -0.858302
FixedParameters: 0 0 0

#Transform 72
Transform: AffineTransform_float_3_3
Parameters: 0.999987 -0.000518662 -0.00506147 0.000560412 0.999966 0.00826629 0.00505621 -0.0082687 0.999953 -0.0724127 0.1849 -0.83469
FixedParameters: 0 0 0

#Transform 73
Transform: AffineTransform_float_3_3
Parameters: 0.999986 -0.000783826 -0.00532622 0.00082325 0.999972 0.00740246 0.00532128 -0.00740653 0.999958 -0.0511366 0.158471 -0.868549
FixedParameters: 0 0 0

#Transform 74
Transform: AffineTransform_float_3_3
Parameters: 0.999987 -0.000762976 -0.00516134 0.000806506 0.999965 0.00838218 0.00515447 -0.00838582 0.999951 -0.0559496 0.160537 -0.905485
FixedParameters: 0 0 0

#Transform 75
Transform: AffineTransform_float_3_3
Parameters: 0.999989 -0.000591912 -0.00470385 0.00062804 0.99997 0.00768264 0.00469895 -0.00768535 0.999959 -0.0530913 0.148809 -0.897218
FixedParameters: 0 0 0

#Transform 76
Transform: AffineTransform_float_3_3
Parameters: 0.999986 -0.000575684 -0.00516123 0.000615094 0.999971 0.00757395 0.00515562 -0.00757705 0.999958 -0.0388916 0.136445 -0.964037
FixedParameters: 0 0 0

#Transform 77
Transform: AffineTransform_float_3_3
Parameters: 0.999987 -0.000755159 -0.00516128 0.000799087 0.999964 0.00842037 0.00515448 -0.00842462 0.999951 -0.0364467 0.157352 -0.939872
FixedParameters: 0 0 0

#Transform 78
Transform: AffineTransform_float_3_3
Parameters: 0.999985 -0.000801809 -0.00543461 0.000845215 0.999966 0.00815427 0.00542732 -0.00815873 0.999952 -0.018123 0.154546 -0.958351
FixedParameters: 0 0 0

#Transform 79
Transform: AffineTransform_float_3_3
Parameters: 0.999988 -0.000551148 -0.00500435 0.000593719 0.999964 0.00849516 0.00499959 -0.00849784 0.999952 -0.0406328 0.180081 -0.939894
FixedParameters: 0 0 0

#Transform 80
Transform: AffineTransform_float_3_3
Parameters: 0.999987 -0.000502724 -0.00512117 0.00054101 0.999971 0.00757351 0.00511798 -0.0075765 0.999959 -0.0205052 0.170085 -0.9401
FixedParameters: 0 0 0

#Transform 81
Transform: AffineTransform_float_3_3
Parameters: 0.999988 -0.000484036 -0.00474554 0.000520938 0.999971 0.00759877 0.00474198 -0.00760123 0.99996 -0.0316259 0.164806 -0.955662
FixedParameters: 0 0 0

#Transform 82
Transform: AffineTransform_float_3_3
Parameters: 0.999988 -0.00047968 -0.00473213 0.000512647 0.999976 0.0069128 0.00472818 -0.00691519 0.999965 -0.0267047 0.166427 -0.911792
FixedParameters: 0 0 0

#Transform 83
Transform: AffineTransform_float_3_3
Parameters: 0.999991 -0.000455879 -0.0040617 0.000484635 0.999976 0.00698622 0.00405831 -0.00698778 0.999967 -0.022875 0.156 -0.89271
FixedParameters: 0 0 0

#Transform 84
Transform: AffineTransform_float_3_3
Parameters: 0.999991 -8.61132e-05 -0.0042 0.000114696 0.999978 0.00660765 0.00419923 -0.00660834 0.999969 -0.0398832 0.174128 -0.914504
FixedParameters: 0 0 0

#Transform 85
Transform: AffineTransform_float_3_3
Parameters: 0.99999 -0.000285765 -0.00441622 0.000314302 0.99998 0.00633947 0.00441429 -0.00634053 0.99997 -0.0303086 0.153056 -0.96965
FixedParameters: 0 0 0

#Transform 86
Transform: AffineTransform_float_3_3
Parameters: 0.99999 -0.000423687 -0.00445877 0.000454333 0.999977 0.00682605 0.00445583 -0.00682696 0.999967 -0.0410512 0.17044 -0.948787
FixedParameters: 0 0 0

#Transform 87
Transform: AffineTransform_float_3_3
Parameters: 0.999988 -0.000391864 -0.00472932 0.000422426 0.999979 0.00646738 0.00472618 -0.00646962 0.999968 -0.0242029 0.154049 -0.975274
FixedParameters: 0 0 0

#Transform 88
Transform: AffineTransform_float_3_3
Parameters: 0.999989 -0.000496181 -0.00468555 0.000527458 0.999978 0.00666075 0.00468217 -0.00666324 0.999966 -0.0421396 0.169327 -0.957405
FixedParameters: 0 0 0

#Transform 89
Transform: AffineTransform_float_3_3
Parameters: 0.999986 -0.000686696 -0.00537726 0.000719505 0.999981 0.00611676 0.00537288 -0.00612124 0.999967 -0.0218635 0.165186 -0.969363
FixedParameters: 0 0 0

#Transform 90
Transform: AffineTransform_float_3_3
Parameters: 0.999988 -0.000507683 -0.00488138 0.000543098 0.999974 0.00723495 0.00487786 -0.00723705 0.999961 -0.0396022 0.163279 -1.00412
FixedParameters: 0 0 0

#Transform 91
Transform: AffineTransform_float_3_3
Parameters: 0.999985 -0.00070227 -0.00531494 0.000739955 0.999974 0.00720455 0.00531019 -0.00720845 0.99996 -0.0147833 0.168487 -0.96465
FixedParameters: 0 0 0

#Transform 92
Transform: AffineTransform_float_3_3
Parameters: 0.999987 -0.000650614 -0.00517523 0.000691208 0.99997 0.00780756 0.00516986 -0.00781145 0.999956 -0.0417481 0.178645 -1.0223
FixedParameters: 0 0 0

#Transform 93
Transform: AffineTransform_float_3_3
Parameters: 0.999985 -0.000494263 -0.00547824 0.000540031 0.999964 0.00849487 0.00547323 -0.00849815 0.999949 -0.0133993 0.210876 -0.973881
FixedParameters: 0 0 0

#Transform 94
Transform: AffineTransform_float_3_3
Parameters: 0.999986 -0.000462792 -0.00538768 0.000514232 0.999955 0.00954291 0.00538277 -0.0095451 0.99994 -0.0403467 0.200108 -1.08283
FixedParameters: 0 0 0

#Transform 95
Transform: AffineTransform_float_3_3
Parameters: 0.999981 -0.00076279 -0.00619802 0.0008196 0.999957 0.00924874 0.00619053 -0.00925326 0.999938 -0.0118595 0.207681 -1.05016
FixedParameters: 0 0 0

#Transform 96
Transform: AffineTransform_float_3_3
Parameters: 0.999983 -0.000446444 -0.00584184 0.000504453 0.999952 0.00982379 0.00583703 -0.00982622 0.999935 -0.0422173 0.21511 -1.08941
FixedParameters: 0 0 0

#Transform 97
Transform: AffineTransform_float_3_3
Parameters: 0.99998 -0.000788004 -0.00618634 0.000849221 0.99995 0.00995259 0.00617784 -0.00995743 0.999932 0.0148393 0.197607 -1.24034
FixedParameters: 0 0 0

#Transform 98
Transform: AffineTransform_float_3_3
Parameters: 0.999981 -0.00104448 -0.00607836 0.00111322 0.999934 0.0114018 0.00606598 -0.0114082 0.999916 0.0653459 0.236266 -1.10502
FixedParameters: 0 0 0

#Transform 99
Transform: AffineTransform_float_3_3
Parameters: 0.999979 -0.00099164 -0.00651601 0.00106717 0.999933 0.0115997 0.00650355 -0.0116063 0.999912 -0.0500374 0.22422 -1.22969
FixedParameters: 0 0 0

#Transform 100
Transform: AffineTransform_float_3_3
Parameters: 0.999985 -0.000485809 -0.00542255 0.000554656 0.99992 0.0126279 0.00541547 -0.0126311 0.999906 -0.0991474 0.25403 -1.22482
FixedParameters: 0 0 0

#Transform 101
Transform: AffineTransform_float_3_3
Parameters: 0.999979 -0.00102919 -0.00630991 0.00112141 0.999892 0.0146414 0.00629372 -0.0146476 0.999873 -0.00588983 0.300975 -1.17589
FixedParameters: 0 0 0

#Transform 102
Transform: AffineTransform_float_3_3
Parameters: 0.999983 -0.000542535 -0.00579759 0.00063099 0.999883 0.0152612 0.00578896 -0.0152648 0.999867 -0.0287731 0.337641 -1.23471
FixedParameters: 0 0 0

#Transform 103
Transform: AffineTransform_float_3_3
Parameters: 0.999985 -0.000134021 -0.00550048 0.000223491 0.999866 0.016337 0.00549709 -0.016338 0.999852 0.00600673 0.327366 -1.33775
FixedParameters: 0 0 0

#Transform 104
Transform: AffineTransform_float_3_3
Parameters: 0.999982 1.31728e-05 -0.00596649 8.84269e-05 0.999856 0.0169653 0.00596565 -0.0169647 0.999838 0.0321887 0.359567 -1.32005
FixedParameters: 0 0 0

#Transform 105
Transform: AffineTransform_float_3_3
Parameters: 0.999984 3.16514e-05 -0.00556468 6.68808e-05 0.999845 0.0176305 0.00556424 -0.0176305 0.999829 -0.00734768 0.336412 -1.41517
FixedParameters: 0 0 0

#Transform 106
Transform: AffineTransform_float_3_3
Parameters: 0.999981 -0.000240522 -0.00625443 0.000346681 0.999857 0.0169326 0.00624911 -0.0169345 0.999838 0.0322028 0.341745 -1.34797
FixedParameters: 0 0 0

#Transform 107
Transform: AffineTransform_float_3_3
Parameters: 0.999984 0.000388715 -0.00563259 -0.000287966 0.999839 0.0179295 0.00563885 -0.0179275 0.999824 0.00789201 0.354941 -1.41093
FixedParameters: 0 0 0

#Transform 108
Transform: AffineTransform_float_3_3
Parameters: 0.999982 -0.000130597 -0.00610482 0.00023403 0.999857 0.0168949 0.00610211 -0.0168961 0.999839 0.0352102 0.333151 -1.4053
FixedParameters: 0 0 0

#Transform 109
Transform: AffineTransform_float_3_3
Parameters: 0.999979 -7.9624e-05 -0.00645371 0.000182379 0.999874 0.0159187 0.00645076 -0.0159193 0.999853 0.0531426 0.334277 -1.37593
FixedParameters: 0 0 0

#Transform 110
Transform: AffineTransform_float_3_3
Parameters: 0.99998 0.000289 -0.00620051 -0.000177839 0.999839 0.0179344 0.00620509 -0.0179326 0.99982 0.00883374 0.34611 -1.50064
FixedParameters: 0 0 0

#Transform 111
Transform: AffineTransform_float_3_3
Parameters: 0.999981 0.000440672 -0.00606809 -0.000329763 0.999836 0.0181384 0.00607526 -0.0181356 0.999817 0.0112289 0.348922 -1.48634
FixedParameters: 0 0 0

#Transform 112
Transform: AffineTransform_float_3_3
Parameters: 0.99998 6.7491e-05 -0.00640834 3.79057e-05 0.999864 0.0164694 0.00640807 -0.0164696 0.999844 0.0390724 0.350825 -1.46539
FixedParameters: 0 0 0

#Transform 113
Transform: AffineTransform_float_3_3
Parameters: 0.99998 0.000421723 -0.00632895 -0.000306797 0.999835 0.0181344 0.00633547 -0.0181316 0.999816 -0.00324168 0.357978 -1.52033
FixedParameters: 0 0 0

#Transform 114
Transform: AffineTransform_float_3_3
Parameters: 0.999978 0.000290849 -0.00666358 -0.000166472 0.999824 0.0187532 0.00666791 -0.0187518 0.999802 -0.0151795 0.371138 -1.58636
FixedParameters: 0 0 0

#Transform 115
Transform: AffineTransform_float_3_3
Parameters: 0.999976 0.000652105 -0.00698912 -0.000516958 0.999812 0.0193452 0.00699971 -0.0193408 0.999788 0.0356621 0.37519 -1.58436
FixedParameters: 0 0 0

#Transform 116
Transform: AffineTransform_float_3_3
Parameters: 0.999979 0.000688188 -0.00634337 -0.000555576 0.999782 0.0208915 0.00635616 -0.0208875 0.999762 0.0228571 0.38882 -1.64583
FixedParameters: 0 0 0

#Transform 117
Transform: AffineTransform_float_3_3
Parameters: 0.999977 0.000757772 -0.00682134 -0.000615097 0.999781 0.0209134 0.00683577 -0.0209086 0.999758 0.0533644 0.414188 -1.69843
FixedParameters: 0 0 0

#Transform 118
Transform: AffineTransform_float_3_3
Parameters: 0.999975 0.000311542 -0.00714738 -0.000142957 0.999724 0.0234828 0.00715301 -0.0234812 0.999699 0.0445167 0.454883 -1.75713
FixedParameters: 0 0 0

#Transform 119
Transform: AffineTransform_float_3_3
Parameters: 0.999971 0.000620792 -0.00757563 -0.00042036 0.99965 0.0264836 0.00758978 -0.0264794 0.999621 0.00638659 0.467913 -1.91004
FixedParameters: 0 0 0

#Transform 120
Transform: AffineTransform_float_3_3
Parameters: 0.999972 0.00100889 -0.007498 -0.000819361 0.999681 0.0252301 0.00752023 -0.0252229 0.999654 0.024706 0.450172 -1.94007
FixedParameters: 0 0 0

#Transform 121
Transform: AffineTransform_float_3_3
Parameters: 0.999968 0.000971647 -0.00792441 -0.000766326 0.999663 0.0259451 0.00794633 -0.0259379 0.999632 0.0166865 0.470212 -1.89309
FixedParameters: 0 0 0

#Transform 122
Transform: AffineTransform_float_3_3
Parameters: 0.999973 0.00100587 -0.00737032 -0.000810586 0.999648 0.0265064 0.00739415 -0.0264996 0.999621 -0.00735454 0.467655 -1.95295
FixedParameters: 0 0 0

#Transform 123
Transform: AffineTransform_float_3_3
Parameters: 0.999969 0.000801432 -0.00782096 -0.000601223 0.999672 0.0256164 0.007839 -0.0256106 0.999641 0.0183104 0.471433 -1.98326
FixedParameters: 0 0 0

#Transform 124
Transform: AffineTransform_float_3_3
Parameters: 0.99997 0.000839466 -0.00776815 -0.000635563 0.999657 0.0261937 0.00778783 -0.0261873 0.999627 -0.00349827 0.47333 -1.97585
FixedParameters: 0 0 0

#Transform 125
Transform: AffineTransform_float_3_3
Parameters: 0.999968 0.000834849 -0.00794864 -0.000629487 0.999669 0.0257499 0.00796779 -0.0257441 0.999636 0.0216716 0.453917 -2.01566
FixedParameters: 0 0 0

#Transform 126
Transform: AffineTransform_float_3_3
Parameters: 0.999962 0.000785629 -0.00865919 -0.000560591 0.999662 0.0259955 0.00867699 -0.0259895 0.999625 0.0357355 0.469895 -2.00823
FixedParameters: 0 0 0

#Transform 127
Transform: AffineTransform_float_3_3
Parameters: 0.999964 0.00093114 -0.00849445 -0.000704002 0.999644 0.0266537 0.00851676 -0.0266462 0.999608 0.0109432 0.466176 -2.00549
FixedParameters: 0 0 0

#Transform 128
Transform: AffineTransform_float_3_3
Parameters: 0.999965 0.00103789 -0.00836897 -0.000810314 0.999632 0.0271133 0.00839374 -0.0271057 0.999598 -0.00648631 0.480474 -2.04636
FixedParameters: 0 0 0

#Transform 129
Transform: AffineTransform_float_3_3
Parameters: 0.999968 0.00111329 -0.00792654 -0.000895047 0.999622 0.02746 0.00795467 -0.027452 0.999592 0.00589889 0.474397 -2.07811
FixedParameters: 0 0 0

#Transform 130
Transform: AffineTransform_float_3_3
Parameters: 0.999962 0.00084645 -0.00859088 -0.000616414 0.999643 0.0267174 0.00861118 -0.0267106 0.999606 0.00905736 0.463336 -2.08564
FixedParameters: 0 0 0

#Transform 131
Transform: AffineTransform_float_3_3
Parameters: 0.999965 0.00100184 -0.00829812 -0.000776545 0.999633 0.0270504 0.00832195 -0.0270435 0.999599 -0.0154535 0.461961 -2.13793
FixedParameters: 0 0 0

#Transform 132
Transform: AffineTransform_float_3_3
Parameters: 0.999964 0.00105571 -0.00835634 -0.000821933 0.99961 0.0279213 0.00838301 -0.0279127 0.999575 -0.0177898 0.471764 -2.11578
FixedParameters: 0 0 0

#Transform 133
Transform: AffineTransform_float_3_3
Parameters: 0.999965 0.00103372 -0.00830787 -0.000809987 0.999636 0.0269481 0.00833236 -0.0269399 0.999603 0.00703292 0.463118 -2.13858
FixedParameters: 0 0 0

#Transform 134
Transform: AffineTransform_float_3_3
Parameters: 0.999965 0.00124821 -0.00820162 -0.00101957 0.999614 0.0277498 0.00823291 -0.0277412 0.999581 -0.0164354 0.487242 -2.10676
FixedParameters: 0 0 0

#Transform 135
Transform: AffineTransform_float_3_3
Parameters: 0.999965 0.00142391 -0.00818626 -0.00118557 0.999579 0.0290139 0.00822386 -0.0290032 0.999546 -0.0466631 0.501381 -2.10912
FixedParameters: 0 0 0

#Transform 136
Transform: AffineTransform_float_3_3
Parameters: 0.999964 0.00118529 -0.00833283 -0.000949987 0.999602 0.0282028 0.0083627 -0.0281942 0.999568 -0.0231425 0.493123 -2.11435
FixedParameters: 0 0 0

#Transform 137
Transform: AffineTransform_float_3_3
Parameters: 0.999959 0.00102821 -0.00900625 -0.00077175 0.999598 0.0283614 0.009032 -0.0283536 0.999558 -0.00133893 0.503046 -2.08323
FixedParameters: 0 0 0

#Transform 138
Transform: AffineTransform_float_3_3
Parameters: 0.999963 0.00117139 -0.00846278 -0.000928122 0.999589 0.0286651 0.0084935 -0.0286559 0.999553 -0.0244005 0.506738 -2.08862
FixedParameters: 0 0 0

#Transform 139
Transform: AffineTransform_float_3_3
Parameters: 0.999963 0.00108298 -0.00851258 -0.000837522 0.999586 0.0287689 0.00854046 -0.0287611 0.99955 -0.0169286 0.508493 -2.05621
FixedParameters: 0 0 0

#Transform 140
Transform: AffineTransform_float_3_3
Parameters: 0.999961 0.00102157 -0.00874607 -0.000777764 0.999612 0.0278451 0.00877156 -0.0278379 0.999574 -0.0120742 0.46844 -2.12477
FixedParameters: 0 0 0

#Transform 141
Transform: AffineTransform_float_3_3
Parameters: 0.99996 0.000935899 -0.00888173 -0.000685267 0.999602 0.0281921 0.00890464 -0.0281848 0.999563 -0.00239098 0.497298 -2.08697
FixedParameters: 0 0 0

#Transform 142
Transform: AffineTransform_float_3_3
Parameters: 0.999959 0.000824358 -0.00902343 -0.000574958 0.99962 0.0275501 0.00904247 -0.0275439 0.99958 0.00409529 0.477869 -2.0783
FixedParameters: 0 0 0

#Transform 143
Transform: AffineTransform_float_3_3
Parameters: 0.999961 0.000786655 -0.00879648 -0.000534653 0.999588 0.0286896 0.00881592 -0.0286844 0.999549 -0.00510896 0.514607 -2.02042
FixedParameters: 0 0 0

#Transform 144
Transform: AffineTransform_float_3_3
Parameters: 0.999957 0.000625445 -0.00919988 -0.000368946 0.999612 0.0278221 0.0092134 -0.0278179 0.99957 0.0282516 0.498797 -2.04478
FixedParameters: 0 0 0

#Transform 145
Transform: AffineTransform_float_3_3
Parameters: 0.999958 0.000303031 -0.00924073 -5.20032e-05 0.999633 0.0270834 0.00924554 -0.0270815 0.99959 0.0260744 0.501592 -2.00378
FixedParameters: 0 0 0

#Transform 146
Transform: AffineTransform_float_3_3
Parameters: 0.999959 0.000139768 -0.0090443 0.000111497 0.999616 0.027706 0.00904474 -0.027705 0.999575 0.0116049 0.513788 -2.00224
FixedParameters: 0 0 0

#Transform 147
Transform: AffineTransform_float_3_3
Parameters: 0.999958 0.000236944 -0.00909316 1.68883e-05 0.999608 0.0279816 0.00909686 -0.0279803 0.999567 0.0220203 0.520206 -2.02823
FixedParameters: 0 0 0

#Transform 148
Transform: AffineTransform_float_3_3
Parameters: 0.999962 0.000315425 -0.00864413 -6.65885e-05 0.999586 0.0287699 0.00864993 -0.0287681 0.999549 0.025654 0.511941 -2.09392
FixedParameters: 0 0 0

#Transform 149
Transform: AffineTransform_float_3_3
Parameters: 0.999958 0.000413593 -0.0090759 -0.000158141 0.999605 0.0281241 0.00908414 -0.028121 0.999564 0.0446682 0.506244 -2.10558
FixedParameters: 0 0 0

#Transform 150
Transform: AffineTransform_float_3_3
Parameters: 0.999961 0.00067016 -0.0087838 -0.000414984 0.999578 0.0290528 0.00879895 -0.0290482 0.999539 0.00417974 0.518857 -2.1156
FixedParameters: 0 0 0

#Transform 151
Transform: AffineTransform_float_3_3
Parameters: 0.999962 0.000480461 -0.00878905 -0.000224148 0.999577 0.0290787 0.00879947 -0.0290753 0.999539 0.013061 0.500308 -2.1625
FixedParameters: 0 0 0

#Transform 152
Transform: AffineTransform_float_3_3
Parameters: 0.99996 0.000395375 -0.00895435 -0.00013744 0.999584 0.0288203 0.00896211 -0.0288177 0.999544 0.0367914 0.511173 -2.16044
FixedParameters: 0 0 0

#Transform 153
Transform: AffineTransform_float_3_3
Parameters: 0.999961 0.000414431 -0.008738 -0.000161398 0.999581 0.0289427 0.00874697 -0.0289413 0.999543 0.0100789 0.482569 -2.24206
FixedParameters: 0 0 0

#Transform 154
Transform: AffineTransform_float_3_3
Parameters: 0.999957 0.000422197 -0.00924992 -0.000159142 0.999596 0.0284166 0.00925857 -0.0284133 0.999553 0.0266572 0.481741 -2.24131
FixedParameters: 0 0 0

#Transform 155
Transform: AffineTransform_float_3_3
Parameters: 0.999962 0.000115095 -0.00878609 0.000140088 0.999578 0.0290269 0.00878606 -0.0290271 0.99954 0.0158082 0.468828 -2.30867
FixedParameters: 0 0 0

#Transform 156
Transform: AffineTransform_float_3_3
Parameters: 0.999965 0.000633812 -0.00841945 -0.000382611 0.999553 0.0299171 0.00843454 -0.0299129 0.999517 0.000547778 0.517247 -2.29482
FixedParameters: 0 0 0

#Transform 157
Transform: AffineTransform_float_3_3
Parameters: 0.999961 0.000617867 -0.00880664 -0.000357616 0.999565 0.0295037 0.00882192 -0.0294993 0.999526 0.0172962 0.530118 -2.23756
FixedParameters: 0 0 0

#Transform 158
Transform: AffineTransform_float_3_3
Parameters: 0.999964 0.000750162 -0.00844687 -0.000497965 0.999555 0.0298339 0.00846524 -0.0298291 0.999519 0.0135364 0.530794 -2.25948
FixedParameters: 0 0 0

#Transform 159
Transform: AffineTransform_float_3_3
Parameters: 0.999962 0.000566652 -0.00877193 -0.000303566 0.999551 0.029965 0.00878476 -0.0299609 0.999512 0.0130782 0.524116 -2.22087
FixedParameters: 0 0 0

#Transform 160
Transform: AffineTransform_float_3_3
Parameters: 0.999962 0.000662141 -0.00861563 -0.000414599 0.999588 0.0287121 0.00863112 -0.0287079 0.999551 0.0677223 0.489854 -2.31267
FixedParameters: 0 0 0

#Transform 161
Transform: AffineTransform_float_3_3
Parameters: 0.99997 0.0010321 -0.00767266 -0.000792755 0.999516 0.0311012 0.00770154 -0.0310938 0.999486 0.0411571 0.523974 -2.29578
FixedParameters: 0 0 0

#Transform 162
Transform: AffineTransform_float_3_3
Parameters: 0.99997 0.000901918 -0.00769712 -0.00066849 0.999541 0.0302976 0.00772118 -0.0302914 0.999511 0.0617799 0.474265 -2.40741
FixedParameters: 0 0 0

#Transform 163
Transform: AffineTransform_float_3_3
Parameters: 0.999966 0.0007659 -0.00813058 -0.000521264 0.999552 0.0299472 0.00814952 -0.0299418 0.999519 0.107446 0.482165 -2.43826
FixedParameters: 0 0 0

#Transform 164
Transform: AffineTransform_float_3_3
Parameters: 0.999972 0.00109871 -0.00731588 -0.000867345 0.999501 0.0315635 0.00734694 -0.0315564 0.999475 0.0685588 0.478259 -2.48906
FixedParameters: 0 0 0

#Transform 165
Transform: AffineTransform_float_3_3
Parameters: 0.999972 0.00126499 -0.00734746 -0.00103863 0.999529 0.0306975 0.0073826 -0.0306885 0.999501 0.0964098 0.497248 -2.45432
FixedParameters: 0 0 0

#Transform 166
Transform: AffineTransform_float_3_3
Parameters: 0.999971 0.00105676 -0.00746295 -0.000817334 0.999487 0.0320277 0.00749326 -0.0320203 0.999459 0.0791638 0.515026 -2.39884
FixedParameters: 0 0 0

#Transform 167
Transform: AffineTransform_float_3_3
Parameters: 0.999973 0.00107096 -0.00726552 -0.000833693 0.999467 0.0326471 0.00729629 -0.0326399 0.99944 0.0795427 0.519893 -2.32663
FixedParameters: 0 0 0

#Transform 168
Transform: AffineTransform_float_3_3
Parameters: 0.999969 0.00110111 -0.00770193 -0.00084725 0.99946 0.0328589 0.00773449 -0.0328511 0.999431 0.089999 0.544263 -2.25202
FixedParameters: 0 0 0

#Transform 169
Transform: AffineTransform_float_3_3
Parameters: 0.999975 0.00139278 -0.00694807 -0.00116349 0.999456 0.032941 0.00698974 -0.032932 0.999433 0.0499903 0.510736 -2.32766
FixedParameters: 0 0 0

#Transform 170
Transform: AffineTransform_float_3_3
Parameters: 0.999976 0.00130744 -0.00681489 -0.0010882 0.999488 0.0319922 0.00685375 -0.0319839 0.999465 0.0608401 0.487509 -2.42324
FixedParameters: 0 0 0

#Transform 171
Transform: AffineTransform_float_3_3
Parameters: 0.999978 0.00125462 -0.00661713 -0.0010459 0.999503 0.0315251 0.00665375 -0.0315179 0.999481 0.0527239 0.479361 -2.45244
FixedParameters: 0 0 0

#Transform 172
Transform: AffineTransform_float_3_3
Parameters: 0.999982 0.00165261 -0.00578214 -0.00146994 0.999507 0.0313593 0.00583112 -0.0313508 0.999492 0.0417079 0.464353 -2.5211
FixedParameters: 0 0 0

#Transform 173
Transform: AffineTransform_float_3_3
Parameters: 0.999976 0.00137746 -0.00669954 -0.00116606 0.999506 0.03141 0.00673853 -0.031401 0.999483 0.0546188 0.493896 -2.45227
FixedParameters: 0 0 0

#Transform 174
Transform: AffineTransform_float_3_3
Parameters: 0.999975 0.00131303 -0.00695539 -0.0010991 0.99953 0.0306533 0.00699183 -0.0306446 0.999505 0.0583968 0.486445 -2.42537
FixedParameters: 0 0 0

#Transform 175
Transform: AffineTransform_float_3_3
Parameters: 0.999974 0.00146474 -0.00704127 -0.00124344 0.999506 0.0314008 0.00708379 -0.0313912 0.999482 0.0552778 0.492923 -2.42976
FixedParameters: 0 0 0

#Transform 176
Transform: AffineTransform_float_3_3
Parameters: 0.999973 0.00122801 -0.00732491 -0.00100284 0.999531 0.0305963 0.00735905 -0.0305887 0.999505 0.0579229 0.483938 -2.3955
FixedParameters: 0 0 0

#Transform 177
Transform: AffineTransform_float_3_3
Parameters: 0.999974 0.00151383 -0.00701989 -0.00129084 0.999501 0.0315738 0.00706462 -0.0315642 0.999477 0.0421127 0.514045 -2.25125
FixedParameters: 0 0 0

#Transform 178
Transform: AffineTransform_float_3_3
Parameters: 0.999968 0.00114129 -0.0079154 -0.000895897 0.999522 0.0309067 0.00794653 -0.0308992 0.999491 0.0904342 0.523077 -2.25092
FixedParameters: 0 0 0

#Transform 179
Transform: AffineTransform_float_3_3
Parameters: 0.999971 0.0013748 -0.00746216 -0.00113564 0.99949 0.0319207 0.00750235 -0.0319113 0.999463 0.0500658 0.539877 -2.23488
FixedParameters: 0 0 0
