# transform file /out/sourcedata/freesurfer/sub-v1s10x0051101_ses-1/mri/transforms/cc_up.lta
# created by oesteban on Thu Mar 12 08:49:21 2026

type      = 0 # LINEAR_VOX_TO_VOX
nxforms   = 1
mean      = 131.0000 137.0000 120.0000
sigma     = 10000.0000
1 4 4
9.909586310386658e-01 -2.139401994645596e-02 1.324504315853119e-01 -1.402442932128906e+01 
2.120544202625751e-02 9.997710585594177e-01 2.834296086803079e-03 7.955444812774658e+00 
-1.324807554483414e-01 -2.328306158982940e-10 9.911854863166809e-01 3.015655708312988e+01 
0.000000000000000e+00 0.000000000000000e+00 0.000000000000000e+00 1.000000000000000e+00 
src volume info
valid = 1  # volume info valid
filename = /out/sourcedata/freesurfer/sub-v1s10x0051101_ses-1/mri/norm.mgz
volume = 256 256 256
voxelsize = 1.000000000000000e+00 1.000000000000000e+00 1.000000000000000e+00
xras   = -1.000000000000000e+00 0.000000000000000e+00 0.000000000000000e+00
yras   = 0.000000000000000e+00 0.000000000000000e+00 -1.000000000000000e+00
zras   = 0.000000000000000e+00 1.000000000000000e+00 0.000000000000000e+00
cras   = -8.009574890136719e+00 1.000000000000000e+00 -3.337341308593750e+00
dst volume info
valid = 1  # volume info valid
filename = /out/sourcedata/freesurfer/sub-v1s10x0051101_ses-1/mri/norm.mgz
volume = 256 256 256
voxelsize = 1.000000000000000e+00 1.000000000000000e+00 1.000000000000000e+00
xras   = -1.000000000000000e+00 0.000000000000000e+00 0.000000000000000e+00
yras   = 0.000000000000000e+00 0.000000000000000e+00 -1.000000000000000e+00
zras   = 0.000000000000000e+00 1.000000000000000e+00 0.000000000000000e+00
cras   = -8.009574890136719e+00 1.000000000000000e+00 -3.337341308593750e+00
