# transform file /out/sourcedata/freesurfer/sub-v1s10x0051040_ses-1/mri/transforms/cc_up.lta
# created by oesteban on Thu Mar 12 05:18:40 2026

type      = 0 # LINEAR_VOX_TO_VOX
nxforms   = 1
mean      = 127.0000 131.0000 125.0000
sigma     = 10000.0000
1 4 4
9.951759576797485e-01 -5.740557983517647e-02 -7.955853641033173e-02 1.983433723449707e+01 
5.722301453351974e-02 9.983509778976440e-01 -4.574647638946772e-03 7.592123031616211e+00 
7.968994975090027e-02 4.656613428188905e-10 9.968197345733643e-01 4.379904866218567e-01 
0.000000000000000e+00 0.000000000000000e+00 0.000000000000000e+00 1.000000000000000e+00 
src volume info
valid = 1  # volume info valid
filename = /out/sourcedata/freesurfer/sub-v1s10x0051040_ses-1/mri/norm.mgz
volume = 256 256 256
voxelsize = 1.000000000000000e+00 1.000000000000000e+00 1.000000000000000e+00
xras   = -1.000000000000000e+00 0.000000000000000e+00 0.000000000000000e+00
yras   = 0.000000000000000e+00 0.000000000000000e+00 -1.000000000000000e+00
zras   = 0.000000000000000e+00 1.000000000000000e+00 0.000000000000000e+00
cras   = -4.395118713378906e+00 -6.951812744140625e+00 -6.228912353515625e+00
dst volume info
valid = 1  # volume info valid
filename = /out/sourcedata/freesurfer/sub-v1s10x0051040_ses-1/mri/norm.mgz
volume = 256 256 256
voxelsize = 1.000000000000000e+00 1.000000000000000e+00 1.000000000000000e+00
xras   = -1.000000000000000e+00 0.000000000000000e+00 0.000000000000000e+00
yras   = 0.000000000000000e+00 0.000000000000000e+00 -1.000000000000000e+00
zras   = 0.000000000000000e+00 1.000000000000000e+00 0.000000000000000e+00
cras   = -4.395118713378906e+00 -6.951812744140625e+00 -6.228912353515625e+00
