# transform file /out/sourcedata/freesurfer/sub-v1s10x0050997_ses-1/mri/transforms/cc_up.lta
# created by oesteban on Thu Mar 12 03:26:47 2026

type      = 0 # LINEAR_VOX_TO_VOX
nxforms   = 1
mean      = 130.0000 124.0000 115.0000
sigma     = 10000.0000
1 4 4
9.996994137763977e-01 -1.494278479367495e-02 1.944175362586975e-02 -8.999999761581421e-01 
1.493996009230614e-02 9.998884201049805e-01 2.905463625211269e-04 2.304721832275391e+01 
-1.944392547011375e-02 0.000000000000000e+00 9.998110532760620e-01 2.453642845153809e+01 
0.000000000000000e+00 0.000000000000000e+00 0.000000000000000e+00 1.000000000000000e+00 
src volume info
valid = 1  # volume info valid
filename = /out/sourcedata/freesurfer/sub-v1s10x0050997_ses-1/mri/norm.mgz
volume = 256 256 256
voxelsize = 1.000000000000000e+00 1.000000000000000e+00 1.000000000000000e+00
xras   = -1.000000000000000e+00 0.000000000000000e+00 0.000000000000000e+00
yras   = 0.000000000000000e+00 0.000000000000000e+00 -1.000000000000000e+00
zras   = 0.000000000000000e+00 1.000000000000000e+00 0.000000000000000e+00
cras   = 6.447776794433594e+00 -2.614456176757812e+00 -9.843383789062500e+00
dst volume info
valid = 1  # volume info valid
filename = /out/sourcedata/freesurfer/sub-v1s10x0050997_ses-1/mri/norm.mgz
volume = 256 256 256
voxelsize = 1.000000000000000e+00 1.000000000000000e+00 1.000000000000000e+00
xras   = -1.000000000000000e+00 0.000000000000000e+00 0.000000000000000e+00
yras   = 0.000000000000000e+00 0.000000000000000e+00 -1.000000000000000e+00
zras   = 0.000000000000000e+00 1.000000000000000e+00 0.000000000000000e+00
cras   = 6.447776794433594e+00 -2.614456176757812e+00 -9.843383789062500e+00
