#Insight Transform File V1.0
#Transform 0
Transform: AffineTransform_float_3_3
Parameters: 1 -0.000474241 -0.000325271 0.00047325 0.999999 -0.000922794 0.000325225 0.000923206 1 0.0734409 0.219022 0.374175
FixedParameters: 0 0 0

#Transform 1
Transform: AffineTransform_float_3_3
Parameters: 1 0.000911928 -0.000454448 -0.00091193 1 -2.94505e-06 0.000454443 3.05455e-06 1 -0.00116711 0.0227205 -0.0114989
FixedParameters: 0 0 0

#Transform 2
Transform: AffineTransform_float_3_3
Parameters: 1 0.000865428 -0.00069729 -0.000865048 1 0.000272397 0.000697762 -0.000272604 1 0.00571747 0.0239062 -0.0972702
FixedParameters: 0 0 0

#Transform 3
Transform: AffineTransform_float_3_3
Parameters: 1 0.000854118 -0.000723971 -0.000853695 1 0.000292412 0.00072447 -0.000292589 1 -0.00374822 0.0342491 -0.119822
FixedParameters: 0 0 0

#Transform 4
Transform: AffineTransform_float_3_3
Parameters: 0.999999 0.00062786 -0.000607135 -0.000628495 1 0.000557022 0.000607305 -0.000556979 0.999999 4.54287e-05 0.0376828 -0.127611
FixedParameters: 0 0 0

#Transform 5
Transform: AffineTransform_float_3_3
Parameters: 0.999999 0.000517207 -0.000719769 -0.000517103 1 0.000710166 0.000720895 -0.000710835 0.999999 0.0132433 0.0395368 -0.160329
FixedParameters: 0 0 0

#Transform 6
Transform: AffineTransform_float_3_3
Parameters: 0.999999 0.000662143 -0.000690717 -0.000662021 0.999999 0.00103746 0.00069156 -0.00103654 0.999999 0.0041487 0.0246158 -0.17138
FixedParameters: 0 0 0

#Transform 7
Transform: AffineTransform_float_3_3
Parameters: 1 0.000454497 -0.000883952 -0.000452793 0.999999 0.0011854 0.000884106 -0.0011846 0.999999 0.00442226 0.032303 -0.163184
FixedParameters: 0 0 0

#Transform 8
Transform: AffineTransform_float_3_3
Parameters: 0.999999 0.000463638 -0.000587959 -0.000462346 0.999999 0.00143027 0.000588363 -0.00142973 0.999999 -0.00356263 0.0274797 -0.159528
FixedParameters: 0 0 0

#Transform 9
Transform: AffineTransform_float_3_3
Parameters: 0.999999 0.000486406 -0.000585563 -0.000484994 0.999998 0.00153928 0.000586137 -0.00153871 0.999998 -0.000375571 0.0207912 -0.15186
FixedParameters: 0 0 0

#Transform 10
Transform: AffineTransform_float_3_3
Parameters: 0.999999 0.000586179 -0.000529141 -0.000585205 0.999999 0.00128931 0.00052973 -0.00128869 0.999999 0.00222934 0.0121023 -0.185285
FixedParameters: 0 0 0

#Transform 11
Transform: AffineTransform_float_3_3
Parameters: 0.999999 0.000613739 -0.000566752 -0.00061253 0.999999 0.00141135 0.000567562 -0.00141065 0.999999 -0.00494824 0.0232782 -0.208814
FixedParameters: 0 0 0

#Transform 12
Transform: AffineTransform_float_3_3
Parameters: 0.999999 0.000432296 -0.000712909 -0.000431264 1 0.000998309 0.000712851 -0.000997693 0.999999 0.00153333 0.0230455 -0.194417
FixedParameters: 0 0 0

#Transform 13
Transform: AffineTransform_float_3_3
Parameters: 1 0.000261347 -0.000625003 -0.000260599 0.999998 0.00164731 0.000625333 -0.00164768 0.999998 0.00239231 0.0201641 -0.192063
FixedParameters: 0 0 0

#Transform 14
Transform: AffineTransform_float_3_3
Parameters: 0.999999 0.000474816 -0.000623113 -0.000473471 0.999999 0.0013923 0.000623512 -0.0013917 0.999999 0.00330641 0.0246061 -0.197339
FixedParameters: 0 0 0

#Transform 15
Transform: AffineTransform_float_3_3
Parameters: 0.999999 0.000331036 -0.000740184 -0.000329844 0.999999 0.00169025 0.000740771 -0.00168976 0.999999 0.00360173 0.0248352 -0.165388
FixedParameters: 0 0 0

#Transform 16
Transform: AffineTransform_float_3_3
Parameters: 1 0.000223349 -0.000661036 -0.000222426 0.999999 0.00169015 0.000661259 -0.00168985 0.999999 -0.000693549 0.0192243 -0.167756
FixedParameters: 0 0 0

#Transform 17
Transform: AffineTransform_float_3_3
Parameters: 0.999999 0.000276941 -0.000868226 -0.000275316 0.999999 0.00169024 0.000868629 -0.00168976 0.999998 0.00532127 0.028611 -0.180884
FixedParameters: 0 0 0

#Transform 18
Transform: AffineTransform_float_3_3
Parameters: 1 0.000220841 -0.00100005 -0.000219276 0.999999 0.00124222 0.00100099 -0.00124178 0.999998 0.0173614 0.0321387 -0.228821
FixedParameters: 0 0 0

#Transform 19
Transform: AffineTransform_float_3_3
Parameters: 0.999999 -5.07829e-05 -0.000868956 5.15224e-05 0.999999 0.000955315 0.000869249 -0.000954685 0.999999 0.0199001 0.0470444 -0.238822
FixedParameters: 0 0 0

#Transform 20
Transform: AffineTransform_float_3_3
Parameters: 0.999999 -0.000164228 -0.00078953 0.000164871 1 0.00040687 0.000789396 -0.00040713 0.999999 0.0264325 0.0479348 -0.219713
FixedParameters: 0 0 0

#Transform 21
Transform: AffineTransform_float_3_3
Parameters: 0.999999 -0.000143791 -0.000762308 0.000144792 1 0.00065725 0.000762118 -0.00065675 1 0.0192126 0.0365908 -0.211757
FixedParameters: 0 0 0

#Transform 22
Transform: AffineTransform_float_3_3
Parameters: 1 -0.000316622 -0.00103007 0.000317675 0.999999 0.000958033 0.00102985 -0.000957966 0.999999 0.0255939 0.0341526 -0.213982
FixedParameters: 0 0 0

#Transform 23
Transform: AffineTransform_float_3_3
Parameters: 1 -0.000251018 -0.00101875 0.00025205 0.999999 0.000958103 0.00101865 -0.000957896 0.999999 0.0242775 0.0342363 -0.211957
FixedParameters: 0 0 0

#Transform 24
Transform: AffineTransform_float_3_3
Parameters: 1 -0.000293917 -0.00111243 0.000295164 0.999999 0.000974184 0.00111225 -0.000974815 0.999999 0.0261834 0.0310688 -0.237724
FixedParameters: 0 0 0

#Transform 25
Transform: AffineTransform_float_3_3
Parameters: 0.999999 -0.000179304 -0.000841691 0.000180556 0.999999 0.00097636 0.000840419 -0.000976638 1 0.0098216 0.029083 -0.246009
FixedParameters: 0 0 0

#Transform 26
Transform: AffineTransform_float_3_3
Parameters: 1 -0.000267097 -0.00104989 0.000268845 0.999999 0.00127072 0.0010496 -0.00127128 0.999998 0.028752 0.0275649 -0.244947
FixedParameters: 0 0 0

#Transform 27
Transform: AffineTransform_float_3_3
Parameters: 1 -0.000268442 -0.00105261 0.000269845 0.999999 0.00110408 0.0010524 -0.00110392 0.999999 0.0258629 0.0336609 -0.253907
FixedParameters: 0 0 0

#Transform 28
Transform: AffineTransform_float_3_3
Parameters: 0.999999 -0.000467634 -0.00116812 0.000468501 0.999999 0.000764813 0.0011678 -0.000765187 0.999999 0.0358683 0.0331522 -0.262743
FixedParameters: 0 0 0

#Transform 29
Transform: AffineTransform_float_3_3
Parameters: 0.999999 -0.000204723 -0.00090153 0.000206324 0.999999 0.000888174 0.000901165 -0.000887825 0.999999 0.0291275 0.0317432 -0.251652
FixedParameters: 0 0 0

#Transform 30
Transform: AffineTransform_float_3_3
Parameters: 1 -0.0003183 -0.00117152 0.000320794 0.999999 0.00145714 0.00117098 -0.00145786 0.999999 0.0246992 0.0290228 -0.253383
FixedParameters: 0 0 0

#Transform 31
Transform: AffineTransform_float_3_3
Parameters: 1 -0.000271896 -0.00105989 0.000272642 0.999999 0.000786071 0.00105985 -0.000785929 0.999999 0.0311197 0.0293467 -0.256143
FixedParameters: 0 0 0

#Transform 32
Transform: AffineTransform_float_3_3
Parameters: 0.999999 -0.000332893 -0.00120349 0.000334474 1 0.000656957 0.00120305 -0.000657041 0.999999 0.039068 0.048273 -0.265561
FixedParameters: 0 0 0

#Transform 33
Transform: AffineTransform_float_3_3
Parameters: 1 -0.000258454 -0.00102965 0.000260296 0.999999 0.00134173 0.00102934 -0.00134227 0.999998 0.0296124 0.0309884 -0.249883
FixedParameters: 0 0 0

#Transform 34
Transform: AffineTransform_float_3_3
Parameters: 1 -0.000319138 -0.00117232 0.000320346 1 0.00107463 0.0011711 -0.00107537 0.999998 0.0302749 0.0463721 -0.259584
FixedParameters: 0 0 0

#Transform 35
Transform: AffineTransform_float_3_3
Parameters: 0.999999 -0.000353253 -0.00125444 0.000355253 0.999998 0.00153107 0.00125414 -0.00153193 0.999998 0.0361957 0.0378666 -0.227619
FixedParameters: 0 0 0

#Transform 36
Transform: AffineTransform_float_3_3
Parameters: 0.999999 -0.000430621 -0.0014357 0.000432753 0.999999 0.00106289 0.00143517 -0.00106411 0.999999 0.0433545 0.0477486 -0.229579
FixedParameters: 0 0 0

#Transform 37
Transform: AffineTransform_float_3_3
Parameters: 0.999998 -0.00051729 -0.00164114 0.000519429 0.999999 0.00121166 0.00164067 -0.00121334 0.999998 0.0383674 0.0373249 -0.223016
FixedParameters: 0 0 0

#Transform 38
Transform: AffineTransform_float_3_3
Parameters: 0.999999 -0.00034952 -0.00124519 0.000352093 0.999999 0.00140292 0.0012446 -0.00140308 0.999998 0.0287104 0.0327147 -0.208397
FixedParameters: 0 0 0

#Transform 39
Transform: AffineTransform_float_3_3
Parameters: 0.999999 -0.000459436 -0.0015049 0.000461628 0.999999 0.00133967 0.00150444 -0.00134033 0.999998 0.0408554 0.0577735 -0.198597
FixedParameters: 0 0 0

#Transform 40
Transform: AffineTransform_float_3_3
Parameters: 0.999998 -0.000494884 -0.00158871 0.0004969 0.999999 0.00133672 0.00158724 -0.00133827 0.999998 0.0422728 0.0499318 -0.211945
FixedParameters: 0 0 0

#Transform 41
Transform: AffineTransform_float_3_3
Parameters: 0.999998 -0.000585617 -0.00180541 0.000589284 0.999999 0.0017803 0.00180449 -0.0017817 0.999996 0.0445844 0.0522609 -0.217968
FixedParameters: 0 0 0

#Transform 42
Transform: AffineTransform_float_3_3
Parameters: 0.999999 -0.000548948 -0.00137366 0.000551213 0.999998 0.0016376 0.00137172 -0.00163839 0.999997 0.0293124 0.045215 -0.217372
FixedParameters: 0 0 0

#Transform 43
Transform: AffineTransform_float_3_3
Parameters: 0.999999 -0.000333149 -0.00120651 0.00033525 0.999999 0.00141496 0.00120503 -0.00141504 0.999998 0.0312143 0.0643168 -0.216277
FixedParameters: 0 0 0

#Transform 44
Transform: AffineTransform_float_3_3
Parameters: 0.999999 -0.000658827 -0.00119582 0.000661061 0.999999 0.00131957 0.00119447 -0.00132043 0.999999 0.0235831 0.06729 -0.211344
FixedParameters: 0 0 0

#Transform 45
Transform: AffineTransform_float_3_3
Parameters: 0.999999 -0.00054207 -0.00111707 0.000542927 0.999999 0.00120739 0.00111655 -0.00120861 0.999998 0.0184588 0.0728202 -0.20396
FixedParameters: 0 0 0

#Transform 46
Transform: AffineTransform_float_3_3
Parameters: 0.999999 -0.000710403 -0.00118491 0.000712112 0.999998 0.00149852 0.00118355 -0.00149948 0.999998 0.025454 0.0628484 -0.198258
FixedParameters: 0 0 0

#Transform 47
Transform: AffineTransform_float_3_3
Parameters: 0.999999 -0.000767819 -0.00110197 0.000769375 0.999999 0.00136351 0.00110157 -0.00136449 0.999999 0.0303397 0.072827 -0.190972
FixedParameters: 0 0 0

#Transform 48
Transform: AffineTransform_float_3_3
Parameters: 0.999998 -0.000733427 -0.00153347 0.000736174 0.999998 0.00179623 0.001532 -0.00179777 0.999997 0.046151 0.0499554 -0.217597
FixedParameters: 0 0 0

#Transform 49
Transform: AffineTransform_float_3_3
Parameters: 0.999998 -0.000801082 -0.0013855 0.000803873 0.999998 0.0018631 0.0013846 -0.0018639 0.999997 0.0279689 0.0572065 -0.217097
FixedParameters: 0 0 0

#Transform 50
Transform: AffineTransform_float_3_3
Parameters: 0.999999 -0.000592502 -0.00145296 0.000594952 0.999999 0.0014765 0.00145199 -0.0014775 0.999998 0.0252655 0.0604337 -0.226432
FixedParameters: 0 0 0

#Transform 51
Transform: AffineTransform_float_3_3
Parameters: 0.999999 -0.000793982 -0.00123313 0.000795877 0.999999 0.00135623 0.00123268 -0.00135677 0.999998 0.0275872 0.0624837 -0.229001
FixedParameters: 0 0 0

#Transform 52
Transform: AffineTransform_float_3_3
Parameters: 0.999999 -0.000761215 -0.0011558 0.000762609 0.999999 0.00140033 0.00115445 -0.00140067 0.999998 0.0308866 0.0602745 -0.22768
FixedParameters: 0 0 0

#Transform 53
Transform: AffineTransform_float_3_3
Parameters: 0.999999 -0.000767821 -0.00117264 0.000770461 0.999999 0.00174446 0.00117166 -0.00174554 0.999998 0.0312146 0.0590013 -0.216419
FixedParameters: 0 0 0

#Transform 54
Transform: AffineTransform_float_3_3
Parameters: 0.999999 -0.000700633 -0.00101319 0.000702064 0.999998 0.00161565 0.0010117 -0.00161635 0.999998 0.0272312 0.0623054 -0.216049
FixedParameters: 0 0 0

#Transform 55
Transform: AffineTransform_float_3_3
Parameters: 0.999999 -0.000727423 -0.00134815 0.000728492 0.999999 0.00142038 0.00134725 -0.00142162 0.999998 0.0415031 0.0608621 -0.214182
FixedParameters: 0 0 0

#Transform 56
Transform: AffineTransform_float_3_3
Parameters: 0.999999 -0.000823611 -0.00130311 0.000825638 0.999999 0.00133413 0.00130261 -0.00133487 0.999998 0.0349937 0.0638174 -0.217457
FixedParameters: 0 0 0

#Transform 57
Transform: AffineTransform_float_3_3
Parameters: 0.999998 -0.000840094 -0.00134405 0.000842228 0.999998 0.00182208 0.00134216 -0.00182292 0.999997 0.0303863 0.0633511 -0.205786
FixedParameters: 0 0 0

#Transform 58
Transform: AffineTransform_float_3_3
Parameters: 0.999999 -0.000818647 -0.00129341 0.000821087 0.999998 0.00186015 0.00129246 -0.00186085 0.999997 0.0270391 0.0521017 -0.207212
FixedParameters: 0 0 0

#Transform 59
Transform: AffineTransform_float_3_3
Parameters: 0.999999 -0.000866264 -0.00122428 0.000868094 0.999999 0.0013393 0.00122365 -0.0013407 0.999999 0.039537 0.0658198 -0.212953
FixedParameters: 0 0 0

#Transform 60
Transform: AffineTransform_float_3_3
Parameters: 0.999999 -0.000940608 -0.00157818 0.000941907 0.999999 0.000993875 0.00157709 -0.000996126 0.999998 0.0426604 0.0710554 -0.219183
FixedParameters: 0 0 0

#Transform 61
Transform: AffineTransform_float_3_3
Parameters: 0.999998 -0.00100313 -0.00129127 0.00100519 0.999998 0.00136006 0.00129023 -0.00136194 0.999998 0.0358164 0.0672304 -0.188196
FixedParameters: 0 0 0

#Transform 62
Transform: AffineTransform_float_3_3
Parameters: 0.999999 -0.000826161 -0.00130967 0.000828167 0.999999 0.00146912 0.00130802 -0.00146987 0.999998 0.0425394 0.0637644 -0.206546
FixedParameters: 0 0 0

#Transform 63
Transform: AffineTransform_float_3_3
Parameters: 0.999998 -0.000886743 -0.00145114 0.00088832 0.999999 0.00104207 0.00145099 -0.00104393 0.999999 0.045877 0.0731306 -0.234774
FixedParameters: 0 0 0

#Transform 64
Transform: AffineTransform_float_3_3
Parameters: 0.999999 -0.00124695 -0.00121731 0.00124787 0.999999 0.00113454 0.00121526 -0.00113546 0.999998 0.0451172 0.073163 -0.21626
FixedParameters: 0 0 0

#Transform 65
Transform: AffineTransform_float_3_3
Parameters: 0.999998 -0.00121182 -0.00113315 0.00121227 0.999999 0.000835475 0.00113282 -0.000837526 0.999999 0.0392696 0.0910269 -0.189915
FixedParameters: 0 0 0

#Transform 66
Transform: AffineTransform_float_3_3
Parameters: 1 -0.000557195 -0.00107265 0.000558835 1 0.0010104 0.00107284 -0.0010116 0.999999 0.0299613 0.0628104 -0.192562
FixedParameters: 0 0 0

#Transform 67
Transform: AffineTransform_float_3_3
Parameters: 0.999999 -0.000733848 -0.00114765 0.000734486 0.999999 0.000678517 0.00114704 -0.000679482 0.999999 0.030784 0.0556395 -0.227163
FixedParameters: 0 0 0

#Transform 68
Transform: AffineTransform_float_3_3
Parameters: 0.999999 -0.00067952 -0.00115647 0.000680161 1 0.000276573 0.0011561 -0.000277426 0.999999 0.0354616 0.0704175 -0.218502
FixedParameters: 0 0 0

#Transform 69
Transform: AffineTransform_float_3_3
Parameters: 1 -0.000611006 -0.000996637 0.000611781 0.999999 0.00085075 0.000995987 -0.000851249 0.999999 0.0238544 0.0707045 -0.211595
FixedParameters: 0 0 0

#Transform 70
Transform: AffineTransform_float_3_3
Parameters: 0.999999 -0.000574589 -0.000911094 0.000575913 1 0.00101732 0.000911234 -0.00101768 0.999999 0.0153635 0.062137 -0.205991
FixedParameters: 0 0 0

#Transform 71
Transform: AffineTransform_float_3_3
Parameters: 1 -0.000622985 -0.00102641 0.000624808 0.999999 0.00133672 0.00102513 -0.00133728 0.999999 0.0158327 0.0606033 -0.220781
FixedParameters: 0 0 0

#Transform 72
Transform: AffineTransform_float_3_3
Parameters: 1 -0.000585313 -0.000936998 0.000586679 1 0.0012203 0.000935959 -0.0012207 0.999998 0.019998 0.0659581 -0.224561
FixedParameters: 0 0 0

#Transform 73
Transform: AffineTransform_float_3_3
Parameters: 0.999999 -0.000674014 -0.00114706 0.00067523 0.999999 0.00133259 0.00114604 -0.00133341 0.999999 0.0289623 0.0616444 -0.219107
FixedParameters: 0 0 0

#Transform 74
Transform: AffineTransform_float_3_3
Parameters: 0.999999 -0.00105494 -0.000922916 0.00105535 0.999999 0.00121987 0.000921122 -0.00122112 0.999998 0.0163602 0.0669645 -0.227402
FixedParameters: 0 0 0

#Transform 75
Transform: AffineTransform_float_3_3
Parameters: 0.999999 -0.00102091 -0.000842945 0.00102177 0.999999 0.00137035 0.000841848 -0.00137065 0.999999 0.00789737 0.0666672 -0.18853
FixedParameters: 0 0 0

#Transform 76
Transform: AffineTransform_float_3_3
Parameters: 0.999999 -0.00102065 -0.00084187 0.00102125 0.999999 0.00121999 0.00084108 -0.00122101 0.999998 0.0239421 0.0770749 -0.186552
FixedParameters: 0 0 0

#Transform 77
Transform: AffineTransform_float_3_3
Parameters: 0.999998 -0.00116286 -0.00117672 0.0011631 0.999999 0.000885993 0.00117544 -0.000888009 1 0.0285698 0.0818763 -0.190472
FixedParameters: 0 0 0

#Transform 78
Transform: AffineTransform_float_3_3
Parameters: 1 -0.000778121 -0.000758798 0.000779051 0.999999 0.00122026 0.000757288 -0.00122074 0.999999 0.014639 0.0674025 -0.187806
FixedParameters: 0 0 0

#Transform 79
Transform: AffineTransform_float_3_3
Parameters: 0.999998 -0.00114075 -0.00112675 0.00114224 0.999998 0.00147892 0.00112415 -0.00148008 0.999998 0.0290776 0.0726029 -0.179111
FixedParameters: 0 0 0

#Transform 80
Transform: AffineTransform_float_3_3
Parameters: 0.999999 -0.00109549 -0.00101866 0.00109646 0.999999 0.00118709 0.00101776 -0.00118791 0.999999 0.0394615 0.0827426 -0.217596
FixedParameters: 0 0 0

#Transform 81
Transform: AffineTransform_float_3_3
Parameters: 0.999999 -0.00111239 -0.00105944 0.00111394 0.999998 0.00141618 0.00105799 -0.00141782 0.999999 0.0402484 0.0655804 -0.207409
FixedParameters: 0 0 0

#Transform 82
Transform: AffineTransform_float_3_3
Parameters: 0.999998 -0.00140691 -0.000990107 0.0014079 0.999998 0.00123281 0.000988337 -0.00123419 0.999999 0.0303019 0.0778264 -0.195483
FixedParameters: 0 0 0

#Transform 83
Transform: AffineTransform_float_3_3
Parameters: 0.999999 -0.00133492 -0.000717807 0.00133589 0.999998 0.00141125 0.000716659 -0.00141175 0.999999 0.0199168 0.085956 -0.173029
FixedParameters: 0 0 0

#Transform 84
Transform: AffineTransform_float_3_3
Parameters: 0.999999 -0.00149148 -0.000913187 0.00149246 0.999998 0.00133569 0.000910903 -0.00133631 0.999999 0.0260283 0.0741003 -0.153389
FixedParameters: 0 0 0

#Transform 85
Transform: AffineTransform_float_3_3
Parameters: 0.999998 -0.00162833 -0.00109109 0.0016292 0.999998 0.00148543 0.00108834 -0.00148757 0.999999 0.0391143 0.0685396 -0.164017
FixedParameters: 0 0 0

#Transform 86
Transform: AffineTransform_float_3_3
Parameters: 0.999998 -0.00131557 -0.00150451 0.00131775 0.999998 0.00151259 0.00150262 -0.00151441 0.999998 0.0492111 0.0680728 -0.190569
FixedParameters: 0 0 0

#Transform 87
Transform: AffineTransform_float_3_3
Parameters: 0.999998 -0.00155951 -0.00107455 0.00156157 0.999998 0.00145302 0.00107263 -0.00145498 0.999998 0.0483962 0.0700619 -0.197265
FixedParameters: 0 0 0

#Transform 88
Transform: AffineTransform_float_3_3
Parameters: 0.999998 -0.00131329 -0.00141765 0.00131564 0.999998 0.00166735 0.00141536 -0.00166966 0.999998 0.0402786 0.063351 -0.203181
FixedParameters: 0 0 0

#Transform 89
Transform: AffineTransform_float_3_3
Parameters: 0.999999 -0.00129138 -0.00134554 0.00129367 0.999998 0.00173547 0.00134314 -0.00173753 0.999998 0.0460565 0.0563485 -0.243655
FixedParameters: 0 0 0

#Transform 90
Transform: AffineTransform_float_3_3
Parameters: 0.999998 -0.00122383 -0.00125379 0.00122661 0.999997 0.00205667 0.00125085 -0.00205833 0.999997 0.0358827 0.0621499 -0.229133
FixedParameters: 0 0 0

#Transform 91
Transform: AffineTransform_float_3_3
Parameters: 0.999998 -0.00117265 -0.00113203 0.00117503 0.999997 0.00192988 0.00113052 -0.00193112 0.999997 0.0371463 0.070868 -0.198997
FixedParameters: 0 0 0

#Transform 92
Transform: AffineTransform_float_3_3
Parameters: 0.999999 -0.00139635 -0.00117942 0.00139889 0.999998 0.00152705 0.00117777 -0.00152895 0.999998 0.0395314 0.0702749 -0.203733
FixedParameters: 0 0 0

#Transform 93
Transform: AffineTransform_float_3_3
Parameters: 0.999997 -0.00179243 -0.00118483 0.00179443 0.999997 0.00167993 0.00118181 -0.00168207 0.999998 0.0384967 0.0652896 -0.199468
FixedParameters: 0 0 0

#Transform 94
Transform: AffineTransform_float_3_3
Parameters: 0.999999 -0.0015572 -0.00101206 0.00155921 0.999997 0.00197512 0.00100892 -0.00197688 0.999997 0.0325952 0.0463668 -0.225273
FixedParameters: 0 0 0

#Transform 95
Transform: AffineTransform_float_3_3
Parameters: 0.999998 -0.0017142 -0.000852828 0.00171555 0.999995 0.00226575 0.000849379 -0.00226725 0.999998 0.0262425 0.0622771 -0.225972
FixedParameters: 0 0 0

#Transform 96
Transform: AffineTransform_float_3_3
Parameters: 0.999997 -0.00180466 -0.00122922 0.00180763 0.999996 0.00223184 0.00122548 -0.00223416 0.999997 0.0354746 0.0630337 -0.213448
FixedParameters: 0 0 0

#Transform 97
Transform: AffineTransform_float_3_3
Parameters: 0.999998 -0.00184311 -0.00131902 0.00184577 0.999997 0.00196163 0.0013161 -0.00196438 0.999998 0.0431838 0.0627713 -0.229133
FixedParameters: 0 0 0

#Transform 98
Transform: AffineTransform_float_3_3
Parameters: 0.999998 -0.00174937 -0.00109854 0.00175195 0.999995 0.00231913 0.00109474 -0.00232086 0.999997 0.0344706 0.0756728 -0.226454
FixedParameters: 0 0 0

#Transform 99
Transform: AffineTransform_float_3_3
Parameters: 0.999999 -0.00161264 -0.000772361 0.00161336 0.999997 0.00174845 0.000769732 -0.00174955 0.999998 0.017912 0.0839478 -0.199302
FixedParameters: 0 0 0

#Transform 100
Transform: AffineTransform_float_3_3
Parameters: 0.999999 -0.00165433 -0.000870824 0.00165528 0.999997 0.00168477 0.000868258 -0.00168623 0.999999 0.0302495 0.0945996 -0.197008
FixedParameters: 0 0 0

#Transform 101
Transform: AffineTransform_float_3_3
Parameters: 0.999998 -0.00171457 -0.00101375 0.00171617 0.999997 0.00177132 0.00101069 -0.00177268 0.999998 0.0397933 0.0677552 -0.206863
FixedParameters: 0 0 0

#Transform 102
Transform: AffineTransform_float_3_3
Parameters: 0.999998 -0.00184274 -0.000904716 0.00184493 0.999996 0.00209203 0.000900931 -0.00209397 0.999997 0.0262675 0.0687029 -0.203103
FixedParameters: 0 0 0

#Transform 103
Transform: AffineTransform_float_3_3
Parameters: 0.999997 -0.00178037 -0.00117087 0.00178268 0.999996 0.00205997 0.00116785 -0.00206203 0.999998 0.0323117 0.0704724 -0.204052
FixedParameters: 0 0 0

#Transform 104
Transform: AffineTransform_float_3_3
Parameters: 0.999998 -0.00175822 -0.00111834 0.0017599 0.999997 0.00205209 0.00111452 -0.00205391 0.999998 0.0344768 0.0748888 -0.222736
FixedParameters: 0 0 0

#Transform 105
Transform: AffineTransform_float_3_3
Parameters: 0.999997 -0.00188475 -0.00107564 0.00188735 0.999996 0.00194967 0.00107222 -0.00195233 0.999997 0.0332952 0.0756 -0.213908
FixedParameters: 0 0 0

#Transform 106
Transform: AffineTransform_float_3_3
Parameters: 0.999998 -0.00190697 -0.000727922 0.00190851 0.999995 0.00215231 0.000723641 -0.00215369 0.999997 0.0330821 0.0871941 -0.195939
FixedParameters: 0 0 0

#Transform 107
Transform: AffineTransform_float_3_3
Parameters: 0.999998 -0.00183444 -0.00104718 0.00183728 0.999996 0.00211514 0.00104335 -0.00211686 0.999998 0.0355992 0.0848715 -0.201379
FixedParameters: 0 0 0

#Transform 108
Transform: AffineTransform_float_3_3
Parameters: 0.999998 -0.00208022 -0.00106797 0.00208232 0.999996 0.00191584 0.001063 -0.00191816 0.999998 0.0417652 0.0826619 -0.212732
FixedParameters: 0 0 0

#Transform 109
Transform: AffineTransform_float_3_3
Parameters: 0.999998 -0.00209059 -0.000925927 0.00209276 0.999996 0.00203161 0.000921358 -0.00203339 0.999997 0.0432032 0.0771176 -0.205733
FixedParameters: 0 0 0

#Transform 110
Transform: AffineTransform_float_3_3
Parameters: 0.999998 -0.00194689 -0.000672894 0.00194802 0.999996 0.00203239 0.000668909 -0.00203361 0.999998 0.0305963 0.0834822 -0.195255
FixedParameters: 0 0 0

#Transform 111
Transform: AffineTransform_float_3_3
Parameters: 0.999997 -0.0020467 -0.000614902 0.00204807 0.999997 0.00165908 0.000611647 -0.00166092 0.999998 0.0382534 0.0820575 -0.193972
FixedParameters: 0 0 0

#Transform 112
Transform: AffineTransform_float_3_3
Parameters: 0.999998 -0.00192531 -0.00112243 0.00192788 0.999997 0.00185538 0.00111921 -0.00185762 0.999997 0.0365168 0.0758735 -0.20675
FixedParameters: 0 0 0

#Transform 113
Transform: AffineTransform_float_3_3
Parameters: 0.999998 -0.00211606 -0.000780616 0.00211767 0.999995 0.00204989 0.000775868 -0.0020511 0.999997 0.0354538 0.0820388 -0.207281
FixedParameters: 0 0 0

#Transform 114
Transform: AffineTransform_float_3_3
Parameters: 0.999998 -0.00199123 -0.00065387 0.00199205 0.999996 0.0018524 0.000650423 -0.0018536 0.999998 0.0343321 0.0955359 -0.195115
FixedParameters: 0 0 0

#Transform 115
Transform: AffineTransform_float_3_3
Parameters: 0.999998 -0.00183811 -0.00096896 0.00183927 0.999997 0.00162528 0.000965993 -0.00162672 0.999999 0.045482 0.0936715 -0.189417
FixedParameters: 0 0 0

#Transform 116
Transform: AffineTransform_float_3_3
Parameters: 0.999998 -0.00184326 -0.000826571 0.0018447 0.999997 0.00151317 0.00082361 -0.00151483 0.999998 0.0422881 0.100111 -0.187096
FixedParameters: 0 0 0

#Transform 117
Transform: AffineTransform_float_3_3
Parameters: 0.999998 -0.0020051 -0.000516182 0.00200606 0.999997 0.0015813 0.00051338 -0.0015827 0.999999 0.0324084 0.103161 -0.180283
FixedParameters: 0 0 0

#Transform 118
Transform: AffineTransform_float_3_3
Parameters: 0.999997 -0.00199909 -0.000715233 0.00199978 0.999997 0.00158991 0.000712804 -0.00159209 0.999998 0.0345317 0.0924114 -0.175379
FixedParameters: 0 0 0

#Transform 119
Transform: AffineTransform_float_3_3
Parameters: 0.999998 -0.00214877 -0.000857906 0.002151 0.999995 0.0020037 0.000854141 -0.0020053 0.999997 0.0397752 0.0907162 -0.201018
FixedParameters: 0 0 0

#Transform 120
Transform: AffineTransform_float_3_3
Parameters: 0.999998 -0.00210491 -0.000753543 0.00210707 0.999996 0.00188111 0.000749159 -0.00188289 0.999998 0.0324805 0.0891311 -0.201987
FixedParameters: 0 0 0

#Transform 121
Transform: AffineTransform_float_3_3
Parameters: 0.999997 -0.0020735 -0.000678619 0.00207518 0.999997 0.00173514 0.000674962 -0.00173586 0.999998 0.0250687 0.0905982 -0.204657
FixedParameters: 0 0 0

#Transform 122
Transform: AffineTransform_float_3_3
Parameters: 0.999998 -0.00195518 -0.000750097 0.00195692 0.999997 0.00160408 0.000747363 -0.00160492 0.999998 0.0273775 0.0920846 -0.18925
FixedParameters: 0 0 0

#Transform 123
Transform: AffineTransform_float_3_3
Parameters: 0.999997 -0.00219419 -0.000964071 0.00219584 0.999996 0.00168243 0.000960614 -0.00168457 0.999998 0.0393615 0.0952686 -0.206835
FixedParameters: 0 0 0

#Transform 124
Transform: AffineTransform_float_3_3
Parameters: 0.999997 -0.00230871 -0.000595566 0.00230919 0.999996 0.00174517 0.000591439 -0.00174583 0.999999 0.0345879 0.0852877 -0.202216
FixedParameters: 0 0 0

#Transform 125
Transform: AffineTransform_float_3_3
Parameters: 0.999997 -0.00242131 -0.000320395 0.00242133 0.999995 0.00190357 0.000316029 -0.00190444 0.999999 0.0269633 0.0909476 -0.193457
FixedParameters: 0 0 0

#Transform 126
Transform: AffineTransform_float_3_3
Parameters: 0.999998 -0.00223178 -0.000581733 0.00223232 0.999997 0.00137504 0.000578213 -0.00137696 0.999999 0.0416732 0.104776 -0.171241
FixedParameters: 0 0 0

#Transform 127
Transform: AffineTransform_float_3_3
Parameters: 0.999997 -0.00235039 -0.000575464 0.00235155 0.999996 0.00159199 0.000571517 -0.00159401 0.999999 0.0367997 0.0974979 -0.181868
FixedParameters: 0 0 0

#Transform 128
Transform: AffineTransform_float_3_3
Parameters: 0.999997 -0.00257409 -0.000489016 0.00257464 0.999995 0.00179693 0.000484615 -0.00179807 0.999999 0.0295753 0.0872392 -0.195242
FixedParameters: 0 0 0

#Transform 129
Transform: AffineTransform_float_3_3
Parameters: 0.999997 -0.00229732 -0.000749665 0.00229824 0.999996 0.00203146 0.000745569 -0.00203354 0.999997 0.0415327 0.0875611 -0.199343
FixedParameters: 0 0 0

#Transform 130
Transform: AffineTransform_float_3_3
Parameters: 0.999996 -0.00240001 -0.000979667 0.00240169 0.999996 0.00193904 0.000975596 -0.00194096 0.999998 0.0523928 0.0840396 -0.20712
FixedParameters: 0 0 0

#Transform 131
Transform: AffineTransform_float_3_3
Parameters: 0.999996 -0.00241543 -0.000840175 0.00241704 0.999996 0.00167036 0.000836954 -0.00167164 0.999998 0.0525055 0.0802375 -0.225294
FixedParameters: 0 0 0

#Transform 132
Transform: AffineTransform_float_3_3
Parameters: 0.999997 -0.00226469 -0.000850549 0.00226675 0.999996 0.00160662 0.000846808 -0.00160838 0.999999 0.0433136 0.0968636 -0.216654
FixedParameters: 0 0 0

#Transform 133
Transform: AffineTransform_float_3_3
Parameters: 0.999996 -0.00250702 -0.000541612 0.00250794 0.999995 0.00196683 0.0005366 -0.00196817 0.999998 0.0401648 0.0848193 -0.192344
FixedParameters: 0 0 0

#Transform 134
Transform: AffineTransform_float_3_3
Parameters: 0.999997 -0.00259565 -0.000538923 0.00259567 0.999996 0.00150443 0.000535041 -0.00150657 0.999999 0.0423164 0.0848961 -0.17781
FixedParameters: 0 0 0

#Transform 135
Transform: AffineTransform_float_3_3
Parameters: 0.999997 -0.00262216 -0.00060401 0.00262294 0.999995 0.00208825 0.000599215 -0.00209076 0.999997 0.048097 0.0628087 -0.179325
FixedParameters: 0 0 0

#Transform 136
Transform: AffineTransform_float_3_3
Parameters: 0.999996 -0.00263337 -0.000764209 0.00263439 0.999994 0.00206538 0.00075857 -0.00206662 0.999998 0.0562645 0.0617039 -0.190644
FixedParameters: 0 0 0

#Transform 137
Transform: AffineTransform_float_3_3
Parameters: 0.999998 -0.0022143 -0.000576538 0.00221557 0.999995 0.00215006 0.000571864 -0.00215194 0.999997 0.0373725 0.0799652 -0.199015
FixedParameters: 0 0 0

#Transform 138
Transform: AffineTransform_float_3_3
Parameters: 0.999996 -0.00246196 -0.000879627 0.00246372 0.999996 0.00138438 0.000876345 -0.00138662 0.999999 0.065548 0.0821997 -0.193835
FixedParameters: 0 0 0

#Transform 139
Transform: AffineTransform_float_3_3
Parameters: 0.999997 -0.00247929 -0.00026299 0.0024789 0.999996 0.00129253 0.000259204 -0.00129246 0.999999 0.0317717 0.0774993 -0.206652
FixedParameters: 0 0 0

#Transform 140
Transform: AffineTransform_float_3_3
Parameters: 0.999996 -0.0027188 -0.00082517 0.00271895 0.999996 0.000409147 0.000824251 -0.000410853 1 0.0718477 0.0886159 -0.226757
FixedParameters: 0 0 0

#Transform 141
Transform: AffineTransform_float_3_3
Parameters: 0.999996 -0.00294325 -0.000704064 0.00294337 0.999996 0.000456806 0.000702682 -0.000458193 1 0.070028 0.0955182 -0.253943
FixedParameters: 0 0 0

#Transform 142
Transform: AffineTransform_float_3_3
Parameters: 0.999997 -0.00161659 -0.00146027 0.00161433 0.999998 -0.00127095 0.00146267 0.00126905 0.999998 0.0447591 0.114944 -0.307577
FixedParameters: 0 0 0

#Transform 143
Transform: AffineTransform_float_3_3
Parameters: 0.999996 -0.00212239 -0.00181399 0.00211965 0.999996 -0.00155559 0.00181718 0.00155141 0.999997 0.0486841 0.107804 -0.347428
FixedParameters: 0 0 0

#Transform 144
Transform: AffineTransform_float_3_3
Parameters: 0.999998 -0.00193934 -0.00114292 0.00193838 0.999998 -0.000880316 0.00114371 0.000878686 0.999999 0.0283514 0.117277 -0.354687
FixedParameters: 0 0 0

#Transform 145
Transform: AffineTransform_float_3_3
Parameters: 0.999996 -0.00198983 -0.00199295 0.00198611 0.999996 -0.00189334 0.00199668 0.00188965 0.999996 0.0489677 0.105026 -0.436933
FixedParameters: 0 0 0

#Transform 146
Transform: AffineTransform_float_3_3
Parameters: 0.999997 -0.00219845 -0.00158728 0.00219734 0.999997 -0.000640229 0.0015897 0.000636769 0.999999 0.0330022 0.114406 -0.342843
FixedParameters: 0 0 0

#Transform 147
Transform: AffineTransform_float_3_3
Parameters: 0.999997 -0.00179189 -0.00166476 0.00179136 0.999999 -0.00043557 0.00166592 0.000432431 0.999999 0.0387841 0.106807 -0.394741
FixedParameters: 0 0 0

#Transform 148
Transform: AffineTransform_float_3_3
Parameters: 0.999995 -0.00227058 -0.00219307 0.00227031 0.999997 -6.53586e-05 0.00219336 5.96415e-05 0.999998 0.066644 0.0911012 -0.458412
FixedParameters: 0 0 0

#Transform 149
Transform: AffineTransform_float_3_3
Parameters: 0.999996 -0.00250448 -0.0017371 0.00250453 0.999996 -0.000253243 0.00173797 0.000248757 0.999998 0.0424323 0.1033 -0.4315
FixedParameters: 0 0 0

#Transform 150
Transform: AffineTransform_float_3_3
Parameters: 0.999997 -0.00207489 -0.00137114 0.00207463 0.999998 -9.79436e-05 0.00137154 9.50565e-05 0.999999 0.0346363 0.0970101 -0.405447
FixedParameters: 0 0 0

#Transform 151
Transform: AffineTransform_float_3_3
Parameters: 0.999998 -0.00201945 -0.00114589 0.00201923 0.999998 -9.82601e-05 0.00114629 9.57401e-05 1 0.0136532 0.11261 -0.379302
FixedParameters: 0 0 0

#Transform 152
Transform: AffineTransform_float_3_3
Parameters: 0.999998 -0.00182427 -0.0007304 0.0018235 0.999998 9.83626e-05 0.00073043 -9.96377e-05 1 -0.00398537 0.108334 -0.386841
FixedParameters: 0 0 0

#Transform 153
Transform: AffineTransform_float_3_3
Parameters: 0.999998 -0.00189825 -0.000936048 0.00189779 0.999998 0.000246918 0.000935498 -0.000249081 0.999999 0.00377427 0.104249 -0.409674
FixedParameters: 0 0 0

#Transform 154
Transform: AffineTransform_float_3_3
Parameters: 0.999998 -0.00215558 -0.000895689 0.00215678 0.999997 0.000450763 0.00089466 -0.000453234 0.999999 0.00840615 0.101438 -0.405759
FixedParameters: 0 0 0

#Transform 155
Transform: AffineTransform_float_3_3
Parameters: 0.999997 -0.0020095 -0.00125194 0.00200875 0.999998 -0.000299614 0.00125314 0.000297385 0.999999 0.0216066 0.0864076 -0.389157
FixedParameters: 0 0 0

#Transform 156
Transform: AffineTransform_float_3_3
Parameters: 0.999997 -0.00222528 -0.0011448 0.00222387 0.999997 -0.00107701 0.00114696 0.00107399 0.999998 0.0212641 0.0946616 -0.345295
FixedParameters: 0 0 0

#Transform 157
Transform: AffineTransform_float_3_3
Parameters: 0.999996 -0.00218233 -0.00144199 0.00218099 0.999997 -0.000648886 0.00144351 0.000646114 0.999999 0.0196792 0.0979015 -0.335331
FixedParameters: 0 0 0

#Transform 158
Transform: AffineTransform_float_3_3
Parameters: 0.999996 -0.00239342 -0.00110376 0.00239295 0.999997 -0.000454101 0.00110461 0.0004509 0.999999 0.0362325 0.113215 -0.332421
FixedParameters: 0 0 0

#Transform 159
Transform: AffineTransform_float_3_3
Parameters: 0.999996 -0.00241873 -0.00100322 0.00241784 0.999998 -0.000250038 0.0010035 0.000247964 0.999999 0.0271766 0.118581 -0.328742
FixedParameters: 0 0 0

#Transform 160
Transform: AffineTransform_float_3_3
Parameters: 0.999997 -0.00224978 -0.000883419 0.00224912 0.999997 0.000144555 0.000883155 -0.000146445 0.999999 0.0251736 0.119724 -0.324327
FixedParameters: 0 0 0

#Transform 161
Transform: AffineTransform_float_3_3
Parameters: 0.999997 -0.00240572 -0.000731655 0.00240648 0.999997 0.000249422 0.00073137 -0.000251577 0.999999 0.0133362 0.111012 -0.311002
FixedParameters: 0 0 0

#Transform 162
Transform: AffineTransform_float_3_3
Parameters: 0.999997 -0.00238463 -0.00124061 0.00238425 0.999997 -0.00015521 0.00124134 0.00015279 0.999999 0.0341231 0.116531 -0.317856
FixedParameters: 0 0 0

#Transform 163
Transform: AffineTransform_float_3_3
Parameters: 0.999997 -0.00252431 -0.00105145 0.00252452 0.999997 9.87349e-05 0.00105095 -0.000101264 0.999999 0.0387209 0.117204 -0.334366
FixedParameters: 0 0 0

#Transform 164
Transform: AffineTransform_float_3_3
Parameters: 0.999996 -0.00252153 -0.00124533 0.00252057 0.999997 -0.000232751 0.00124558 0.00022925 0.999999 0.0378807 0.122858 -0.322776
FixedParameters: 0 0 0

#Transform 165
Transform: AffineTransform_float_3_3
Parameters: 0.999996 -0.00249343 -0.00118071 0.00249358 0.999997 5.94449e-05 0.00118041 -6.25538e-05 0.999999 0.0334354 0.105533 -0.328363
FixedParameters: 0 0 0

#Transform 166
Transform: AffineTransform_float_3_3
Parameters: 0.999996 -0.00239656 -0.00095238 0.00239703 0.999997 4.32588e-05 0.000953088 -4.57419e-05 1 0.0364258 0.116145 -0.311595
FixedParameters: 0 0 0

#Transform 167
Transform: AffineTransform_float_3_3
Parameters: 0.999996 -0.00249705 -0.00118878 0.00249699 0.999997 -2.74269e-05 0.00118891 2.35738e-05 1 0.0325012 0.112783 -0.342788
FixedParameters: 0 0 0

#Transform 168
Transform: AffineTransform_float_3_3
Parameters: 0.999996 -0.00241961 -0.00100855 0.00241956 0.999997 0.000431103 0.00100685 -0.000433895 1 0.031101 0.0995745 -0.320839
FixedParameters: 0 0 0

#Transform 169
Transform: AffineTransform_float_3_3
Parameters: 0.999995 -0.00276478 -0.00113013 0.00276579 0.999996 0.000272112 0.00112953 -0.000274887 0.999999 0.0344588 0.100946 -0.323134
FixedParameters: 0 0 0

#Transform 170
Transform: AffineTransform_float_3_3
Parameters: 0.999995 -0.0026693 -0.00120601 0.00266944 0.999997 5.7017e-05 0.0012057 -5.99815e-05 0.999999 0.0354387 0.102943 -0.336709
FixedParameters: 0 0 0

#Transform 171
Transform: AffineTransform_float_3_3
Parameters: 0.999996 -0.00280275 -0.00127402 0.00280258 0.999996 -6.8182e-05 0.00127439 6.38183e-05 0.999999 0.0396191 0.131465 -0.329174
FixedParameters: 0 0 0

#Transform 172
Transform: AffineTransform_float_3_3
Parameters: 0.999995 -0.00284111 -0.000931725 0.00284184 0.999997 -0.000103772 0.000931917 0.00010123 0.999999 0.0315643 0.117539 -0.309324
FixedParameters: 0 0 0

#Transform 173
Transform: AffineTransform_float_3_3
Parameters: 0.999995 -0.00287251 -0.00128256 0.00287249 0.999996 -9.08839e-06 0.00128261 5.91256e-06 0.999999 0.0505255 0.123379 -0.316038
FixedParameters: 0 0 0

#Transform 174
Transform: AffineTransform_float_3_3
Parameters: 0.999996 -0.00282621 -0.00119706 0.00282641 0.999996 8.43655e-05 0.00119657 -8.76327e-05 1 0.0390619 0.123279 -0.333627
FixedParameters: 0 0 0

#Transform 175
Transform: AffineTransform_float_3_3
Parameters: 0.999995 -0.00285319 -0.00125497 0.00285259 0.999996 -0.000450986 0.00125623 0.000448015 0.999999 0.0428748 0.127864 -0.331697
FixedParameters: 0 0 0

#Transform 176
Transform: AffineTransform_float_3_3
Parameters: 0.999997 -0.00234331 -0.000789327 0.00234321 0.999997 -0.000983311 0.00079223 0.000981689 0.999999 0.0272968 0.121061 -0.320154
FixedParameters: 0 0 0

#Transform 177
Transform: AffineTransform_float_3_3
Parameters: 0.999996 -0.00240785 -0.00148384 0.00240436 0.999995 -0.00201831 0.00148922 0.00201468 0.999997 0.0504596 0.132231 -0.337167
FixedParameters: 0 0 0

#Transform 178
Transform: AffineTransform_float_3_3
Parameters: 0.999997 -0.00203715 -0.00125154 0.00203427 0.999995 -0.0021495 0.00125596 0.0021465 0.999997 0.0223806 0.137166 -0.383012
FixedParameters: 0 0 0

#Transform 179
Transform: AffineTransform_float_3_3
Parameters: 0.999997 -0.0022894 -0.00148962 0.00228788 0.999996 -0.00148231 0.001493 0.0014797 0.999998 0.0393748 0.111016 -0.393733
FixedParameters: 0 0 0
