# transform file /out/sourcedata/freesurfer/sub-v1s10x0051146_ses-1/mri/transforms/cc_up.lta
# created by oesteban on Thu Mar 12 10:35:48 2026

type      = 0 # LINEAR_VOX_TO_VOX
nxforms   = 1
mean      = 127.0000 149.0000 119.0000
sigma     = 10000.0000
1 4 4
9.986775517463684e-01 1.330521423369646e-02 -4.966222494840622e-02 3.537935256958008e+00 
-1.328879408538342e-02 9.999115467071533e-01 6.608249386772513e-04 1.644814848899841e+00 
4.966662079095840e-02 0.000000000000000e+00 9.987659454345703e-01 7.754032611846924e+00 
0.000000000000000e+00 0.000000000000000e+00 0.000000000000000e+00 1.000000000000000e+00 
src volume info
valid = 1  # volume info valid
filename = /out/sourcedata/freesurfer/sub-v1s10x0051146_ses-1/mri/norm.mgz
volume = 256 256 256
voxelsize = 1.000000000000000e+00 1.000000000000000e+00 1.000000000000000e+00
xras   = -1.000000000000000e+00 0.000000000000000e+00 0.000000000000000e+00
yras   = 0.000000000000000e+00 0.000000000000000e+00 -1.000000000000000e+00
zras   = 0.000000000000000e+00 1.000000000000000e+00 0.000000000000000e+00
cras   = 2.110420227050781e+00 1.000000000000000e+00 1.762651062011719e+01
dst volume info
valid = 1  # volume info valid
filename = /out/sourcedata/freesurfer/sub-v1s10x0051146_ses-1/mri/norm.mgz
volume = 256 256 256
voxelsize = 1.000000000000000e+00 1.000000000000000e+00 1.000000000000000e+00
xras   = -1.000000000000000e+00 0.000000000000000e+00 0.000000000000000e+00
yras   = 0.000000000000000e+00 0.000000000000000e+00 -1.000000000000000e+00
zras   = 0.000000000000000e+00 1.000000000000000e+00 0.000000000000000e+00
cras   = 2.110420227050781e+00 1.000000000000000e+00 1.762651062011719e+01
