# transform file /out/sourcedata/freesurfer/sub-v1s10x0051153_ses-1/mri/transforms/cc_up.lta
# created by oesteban on Thu Mar 12 11:12:37 2026

type      = 0 # LINEAR_VOX_TO_VOX
nxforms   = 1
mean      = 124.0000 126.0000 108.0000
sigma     = 10000.0000
1 4 4
9.970098733901978e-01 6.797235459089279e-02 -3.675943985581398e-02 -1.673457980155945e+00 
-6.792620569467545e-02 9.976872801780701e-01 2.504417672753334e-03 2.450687789916992e+01 
3.684465587139130e-02 0.000000000000000e+00 9.993211030960083e-01 2.646028137207031e+01 
0.000000000000000e+00 0.000000000000000e+00 0.000000000000000e+00 1.000000000000000e+00 
src volume info
valid = 1  # volume info valid
filename = /out/sourcedata/freesurfer/sub-v1s10x0051153_ses-1/mri/norm.mgz
volume = 256 256 256
voxelsize = 1.000000000000000e+00 1.000000000000000e+00 1.000000000000000e+00
xras   = -1.000000000000000e+00 0.000000000000000e+00 0.000000000000000e+00
yras   = 0.000000000000000e+00 0.000000000000000e+00 -1.000000000000000e+00
zras   = 0.000000000000000e+00 1.000000000000000e+00 0.000000000000000e+00
cras   = 6.651229858398438e-01 1.000000000000000e+00 1.000000000000000e+00
dst volume info
valid = 1  # volume info valid
filename = /out/sourcedata/freesurfer/sub-v1s10x0051153_ses-1/mri/norm.mgz
volume = 256 256 256
voxelsize = 1.000000000000000e+00 1.000000000000000e+00 1.000000000000000e+00
xras   = -1.000000000000000e+00 0.000000000000000e+00 0.000000000000000e+00
yras   = 0.000000000000000e+00 0.000000000000000e+00 -1.000000000000000e+00
zras   = 0.000000000000000e+00 1.000000000000000e+00 0.000000000000000e+00
cras   = 6.651229858398438e-01 1.000000000000000e+00 1.000000000000000e+00
