# transform file /out/sourcedata/freesurfer/sub-v1s10x0051061_ses-1/mri/transforms/cc_up.lta
# created by oesteban on Thu Mar 12 07:16:23 2026

type      = 0 # LINEAR_VOX_TO_VOX
nxforms   = 1
mean      = 129.0000 145.0000 123.0000
sigma     = 10000.0000
1 4 4
9.998715519905090e-01 -1.277670171111822e-02 9.678449481725693e-03 4.873535335063934e-01 
1.277610380202532e-02 9.999184012413025e-01 1.236687676282600e-04 -6.396842002868652e-01 
-9.679240174591541e-03 0.000000000000000e+00 9.999532103538513e-01 1.024451446533203e+01 
0.000000000000000e+00 0.000000000000000e+00 0.000000000000000e+00 1.000000000000000e+00 
src volume info
valid = 1  # volume info valid
filename = /out/sourcedata/freesurfer/sub-v1s10x0051061_ses-1/mri/norm.mgz
volume = 256 256 256
voxelsize = 1.000000000000000e+00 1.000000000000000e+00 1.000000000000000e+00
xras   = -1.000000000000000e+00 0.000000000000000e+00 0.000000000000000e+00
yras   = 0.000000000000000e+00 0.000000000000000e+00 -1.000000000000000e+00
zras   = 0.000000000000000e+00 1.000000000000000e+00 0.000000000000000e+00
cras   = -3.672225952148438e+00 -6.951812744140625e+00 -8.397583007812500e+00
dst volume info
valid = 1  # volume info valid
filename = /out/sourcedata/freesurfer/sub-v1s10x0051061_ses-1/mri/norm.mgz
volume = 256 256 256
voxelsize = 1.000000000000000e+00 1.000000000000000e+00 1.000000000000000e+00
xras   = -1.000000000000000e+00 0.000000000000000e+00 0.000000000000000e+00
yras   = 0.000000000000000e+00 0.000000000000000e+00 -1.000000000000000e+00
zras   = 0.000000000000000e+00 1.000000000000000e+00 0.000000000000000e+00
cras   = -3.672225952148438e+00 -6.951812744140625e+00 -8.397583007812500e+00
