#Insight Transform File V1.0
#Transform 0
Transform: AffineTransform_float_3_3
Parameters: 0.999997 -0.00174575 0.0012939 0.00174771 0.999998 -0.000908667 -0.00129164 0.000910331 0.999998 0.118963 0.132622 0.70062
FixedParameters: 0 0 0

#Transform 1
Transform: AffineTransform_float_3_3
Parameters: 0.999999 0.000726124 -0.000149323 -0.000726384 0.999998 0.00174311 0.000150014 -0.00174289 0.999999 0.0193156 0.0495146 -0.23062
FixedParameters: 0 0 0

#Transform 2
Transform: AffineTransform_float_3_3
Parameters: 1 0.000307754 -0.000522735 -0.000305925 0.999991 0.00425116 0.000524284 -0.00425084 0.999991 0.0173596 0.14203 -0.199369
FixedParameters: 0 0 0

#Transform 3
Transform: AffineTransform_float_3_3
Parameters: 0.999999 0.000760072 -0.000523902 -0.000758847 0.999998 0.0019134 0.000524967 -0.0019126 0.999998 0.0295346 0.0791239 -0.249256
FixedParameters: 0 0 0

#Transform 4
Transform: AffineTransform_float_3_3
Parameters: 1 0.000319348 -0.00058241 -0.000318774 0.999999 0.00128134 0.000583619 -0.00128166 0.999999 0.0164675 0.079922 -0.23277
FixedParameters: 0 0 0

#Transform 5
Transform: AffineTransform_float_3_3
Parameters: 1 -0.000843186 -0.000757739 0.000843982 0.999999 -8.22801e-05 0.000757487 8.17212e-05 1 -0.00658568 0.0875361 -0.0610802
FixedParameters: 0 0 0

#Transform 6
Transform: AffineTransform_float_3_3
Parameters: 1 -0.000449537 -1.28984e-05 0.000449569 0.999999 0.00127499 1.1752e-05 -0.00127501 0.999999 0.00945873 0.0913798 -0.10603
FixedParameters: 0 0 0

#Transform 7
Transform: AffineTransform_float_3_3
Parameters: 1 -0.000230612 -0.000342176 0.000231713 1 0.00103692 0.000342617 -0.00103708 1 0.0171154 0.0969108 -0.109407
FixedParameters: 0 0 0

#Transform 8
Transform: AffineTransform_float_3_3
Parameters: 1 -0.000286941 -0.000236957 0.000287067 0.999999 0.00138193 0.000237475 -0.00138207 0.999999 0.0218067 0.0939822 -0.108066
FixedParameters: 0 0 0

#Transform 9
Transform: AffineTransform_float_3_3
Parameters: 1 -0.000179612 -0.000170498 0.00018004 0.999999 0.00125797 0.000170046 -0.00125803 0.999999 0.0244766 0.102688 -0.130538
FixedParameters: 0 0 0

#Transform 10
Transform: AffineTransform_float_3_3
Parameters: 1 -1.58307e-05 -1.17642e-05 1.58648e-05 0.999999 0.00145 1.17182e-05 -0.00145 0.999999 0.0257848 0.0977211 -0.120946
FixedParameters: 0 0 0

#Transform 11
Transform: AffineTransform_float_3_3
Parameters: 1 3.72151e-05 -0.000202405 -3.6799e-05 0.999998 0.00199701 0.000201633 -0.00199699 0.999998 0.021138 0.106674 -0.0970814
FixedParameters: 0 0 0

#Transform 12
Transform: AffineTransform_float_3_3
Parameters: 1 0.000195342 0.000272482 -0.000195509 0.999998 0.00199695 -0.000272092 -0.00199705 0.999998 0.03985 0.10104 -0.156529
FixedParameters: 0 0 0

#Transform 13
Transform: AffineTransform_float_3_3
Parameters: 1 0.000412091 0.000400247 -0.000413159 0.999998 0.00199683 -0.00039991 -0.00199716 0.999998 0.0500704 0.109186 -0.137214
FixedParameters: 0 0 0

#Transform 14
Transform: AffineTransform_float_3_3
Parameters: 1 8.02859e-05 0.000390537 -8.16664e-05 0.999999 0.00176797 -0.000390251 -0.00176803 0.999999 0.0389531 0.105581 -0.0937272
FixedParameters: 0 0 0

#Transform 15
Transform: AffineTransform_float_3_3
Parameters: 1 0.000543313 0.000368593 -0.000543984 0.999998 0.00162965 -0.000368132 -0.00162935 0.999998 0.0347537 0.10999 -0.0723812
FixedParameters: 0 0 0

#Transform 16
Transform: AffineTransform_float_3_3
Parameters: 1 0.000134876 2.11752e-05 -0.000134945 0.999998 0.001658 -2.07279e-05 -0.001658 0.999998 0.0338152 0.119394 -0.0549549
FixedParameters: 0 0 0

#Transform 17
Transform: AffineTransform_float_3_3
Parameters: 1 0.000280172 5.43471e-05 -0.000279871 0.999998 0.00210583 -5.44792e-05 -0.00210517 0.999997 0.0309551 0.113742 -0.0313923
FixedParameters: 0 0 0

#Transform 18
Transform: AffineTransform_float_3_3
Parameters: 0.999999 0.000717972 0.000151157 -0.000718275 0.999996 0.00277989 -0.000148475 -0.00278011 0.999996 0.0582014 0.12871 0.0127666
FixedParameters: 0 0 0

#Transform 19
Transform: AffineTransform_float_3_3
Parameters: 1 0.000670592 0.000141972 -0.000671309 0.999995 0.00303491 -0.000140131 -0.0030351 0.999996 0.0453785 0.138788 0.0389452
FixedParameters: 0 0 0

#Transform 20
Transform: AffineTransform_float_3_3
Parameters: 0.999999 0.00040948 0.000750948 -0.000412422 0.999995 0.00292605 -0.000750245 -0.00292595 0.999996 0.0540276 0.12686 0.0435114
FixedParameters: 0 0 0

#Transform 21
Transform: AffineTransform_float_3_3
Parameters: 1 0.000549508 0.000444663 -0.000551708 0.999995 0.00307676 -0.000442586 -0.00307724 0.999995 0.032753 0.153692 0.0280145
FixedParameters: 0 0 0

#Transform 22
Transform: AffineTransform_float_3_3
Parameters: 1 0.000302021 0.000222106 -0.000302162 0.999997 0.00239593 -0.00022105 -0.00239607 0.999997 0.0476235 0.131885 0.0294174
FixedParameters: 0 0 0

#Transform 23
Transform: AffineTransform_float_3_3
Parameters: 1 0.000278158 -0.000115033 -0.000277939 0.999997 0.00264603 0.000115584 -0.00264597 0.999997 0.0484485 0.123992 -0.0249388
FixedParameters: 0 0 0

#Transform 24
Transform: AffineTransform_float_3_3
Parameters: 0.999999 0.00140699 6.53376e-05 -0.00140661 0.999996 0.00228176 -6.24613e-05 -0.00228124 0.999997 0.00510343 0.1192 -0.00860341
FixedParameters: 0 0 0

#Transform 25
Transform: AffineTransform_float_3_3
Parameters: 0.999999 0.000688906 -0.000451011 -0.000688354 0.999996 0.00249346 0.000452995 -0.00249353 0.999997 0.0248513 0.105706 0.0233353
FixedParameters: 0 0 0

#Transform 26
Transform: AffineTransform_float_3_3
Parameters: 0.999999 0.000727403 -0.000441842 -0.000727527 0.999998 0.00178332 0.000442986 -0.00178268 0.999999 0.0286304 0.106161 0.0144411
FixedParameters: 0 0 0

#Transform 27
Transform: AffineTransform_float_3_3
Parameters: 1 0.000513476 -0.000380504 -0.000512179 0.999998 0.0022142 0.000381855 -0.00221381 0.999998 0.0454687 0.127397 0.0157176
FixedParameters: 0 0 0

#Transform 28
Transform: AffineTransform_float_3_3
Parameters: 0.999999 0.000868432 -0.000298078 -0.000867946 0.999998 0.0021199 0.000299918 -0.0021201 0.999998 0.0380971 0.122344 0.0118443
FixedParameters: 0 0 0

#Transform 29
Transform: AffineTransform_float_3_3
Parameters: 0.999999 0.000858365 -6.43474e-05 -0.000857879 0.999996 0.00264606 6.66568e-05 -0.00264595 0.999997 0.0352626 0.140225 0.0325462
FixedParameters: 0 0 0

#Transform 30
Transform: AffineTransform_float_3_3
Parameters: 1 0.000600412 0.000263595 -0.000601722 0.999996 0.00275469 -0.000262516 -0.00275431 0.999996 0.0416001 0.139785 0.0221976
FixedParameters: 0 0 0

#Transform 31
Transform: AffineTransform_float_3_3
Parameters: 1 0.000950631 0.000115921 -0.000950558 0.999996 0.00258553 -0.000114547 -0.00258647 0.999996 0.0367325 0.126594 0.00392296
FixedParameters: 0 0 0

#Transform 32
Transform: AffineTransform_float_3_3
Parameters: 0.999999 0.000822572 0.000169746 -0.000822323 0.999997 0.00239586 -0.000168427 -0.00239614 0.999997 0.0563515 0.115596 -0.0319883
FixedParameters: 0 0 0

#Transform 33
Transform: AffineTransform_float_3_3
Parameters: 1 0.000659516 0.00023841 -0.000660442 0.999998 0.00223784 -0.000237688 -0.00223816 0.999998 0.0563024 0.104429 -0.066416
FixedParameters: 0 0 0

#Transform 34
Transform: AffineTransform_float_3_3
Parameters: 1 0.000353842 0.000367234 -0.00035451 0.999998 0.00162987 -0.00036739 -0.00163013 0.999998 0.0447779 0.109458 -0.0593211
FixedParameters: 0 0 0

#Transform 35
Transform: AffineTransform_float_3_3
Parameters: 1 0.000368202 -9.45466e-05 -0.00036817 0.999998 0.00222804 9.52667e-05 -0.00222797 0.999998 0.0435228 0.101489 -0.0975433
FixedParameters: 0 0 0

#Transform 36
Transform: AffineTransform_float_3_3
Parameters: 0.999999 0.000911057 0.000132262 -0.000911495 0.999997 0.00219288 -0.000130497 -0.00219312 0.999998 0.0600833 0.103777 -0.107761
FixedParameters: 0 0 0

#Transform 37
Transform: AffineTransform_float_3_3
Parameters: 0.999999 0.000750626 0.000200327 -0.00075159 0.999996 0.00276485 -0.000198406 -0.00276515 0.999996 0.051669 0.115492 -0.117922
FixedParameters: 0 0 0

#Transform 38
Transform: AffineTransform_float_3_3
Parameters: 1 0.00066502 0.000236146 -0.000665984 0.999997 0.00233984 -0.000235263 -0.00234016 0.999997 0.040459 0.127364 -0.139285
FixedParameters: 0 0 0

#Transform 39
Transform: AffineTransform_float_3_3
Parameters: 1 4.87445e-05 -5.37921e-06 -4.87225e-05 0.999998 0.002011 5.57522e-06 -0.002011 0.999998 0.0479168 0.119123 -0.142417
FixedParameters: 0 0 0

#Transform 40
Transform: AffineTransform_float_3_3
Parameters: 1 0.000307445 -7.64672e-05 -0.000306553 0.999997 0.00236502 7.66081e-05 -0.00236498 0.999997 0.0410401 0.123828 -0.13369
FixedParameters: 0 0 0

#Transform 41
Transform: AffineTransform_float_3_3
Parameters: 1 1.51957e-05 0.000238927 -1.59745e-05 0.999998 0.00163 -0.000238876 -0.00163 0.999998 0.0494722 0.115876 -0.0968271
FixedParameters: 0 0 0

#Transform 42
Transform: AffineTransform_float_3_3
Parameters: 0.999999 -0.000847349 0.000540032 0.000847367 0.999999 -1.65426e-05 -0.000540004 1.74578e-05 1 0.046274 0.0867173 -0.115507
FixedParameters: 0 0 0

#Transform 43
Transform: AffineTransform_float_3_3
Parameters: 1 -0.000704508 0.000789824 0.000704118 1 0.000247197 -0.000790172 -0.000246803 0.999999 0.061471 0.0669451 -0.126454
FixedParameters: 0 0 0

#Transform 44
Transform: AffineTransform_float_3_3
Parameters: 0.999997 -0.00247298 5.77688e-05 0.0024732 0.999988 -0.0043129 -4.72038e-05 0.00431311 0.999991 0.0511806 0.0220251 -0.152628
FixedParameters: 0 0 0

#Transform 45
Transform: AffineTransform_float_3_3
Parameters: 0.999999 -0.00174259 0.000340897 0.00174385 0.999993 -0.00340492 -0.000334017 0.00340607 0.999994 0.0497419 0.000499567 -0.247167
FixedParameters: 0 0 0

#Transform 46
Transform: AffineTransform_float_3_3
Parameters: 0.999999 -0.00139701 0.000466929 0.00139819 0.999994 -0.00337371 -0.0004621 0.00337429 0.999995 0.0501614 0.0203029 -0.240435
FixedParameters: 0 0 0

#Transform 47
Transform: AffineTransform_float_3_3
Parameters: 0.999999 -0.000886895 0.00019887 0.000887657 1 -0.000585184 -0.000199143 0.000584818 1 0.0489456 0.047824 -0.165323
FixedParameters: 0 0 0

#Transform 48
Transform: AffineTransform_float_3_3
Parameters: 0.999999 -0.000957312 0.00117599 0.000959907 0.999998 -0.00182808 -0.00117393 0.00182892 0.999998 0.0833784 0.102166 0.456959
FixedParameters: 0 0 0

#Transform 49
Transform: AffineTransform_float_3_3
Parameters: 0.999998 -0.00118476 0.0019477 0.00118622 0.999999 -0.00104775 -0.00194627 0.00105025 0.999997 0.0736311 0.124075 0.367051
FixedParameters: 0 0 0

#Transform 50
Transform: AffineTransform_float_3_3
Parameters: 0.999995 -0.00222188 0.00199708 0.00222436 0.999996 -0.00147219 -0.00199343 0.00147682 0.999997 0.0721001 0.107754 0.248752
FixedParameters: 0 0 0

#Transform 51
Transform: AffineTransform_float_3_3
Parameters: 0.999994 -0.00207845 0.00274388 0.00208225 0.999997 -0.00154961 -0.00274085 0.00155539 0.999995 0.0757032 0.0998233 0.233791
FixedParameters: 0 0 0

#Transform 52
Transform: AffineTransform_float_3_3
Parameters: 0.999993 -0.00188961 0.00318716 0.00189351 0.999998 -0.00149278 -0.00318454 0.00149923 0.999994 0.0927338 0.0934505 0.215932
FixedParameters: 0 0 0

#Transform 53
Transform: AffineTransform_float_3_3
Parameters: 0.999995 -0.00233829 0.00213172 0.00234326 0.999994 -0.002546 -0.00212598 0.00255101 0.999995 0.0762818 0.046538 0.108698
FixedParameters: 0 0 0

#Transform 54
Transform: AffineTransform_float_3_3
Parameters: 0.999996 -0.00252567 0.00138243 0.00253015 0.999991 -0.0033748 -0.00137417 0.0033782 0.999994 0.0784531 0.0289936 0.00236817
FixedParameters: 0 0 0

#Transform 55
Transform: AffineTransform_float_3_3
Parameters: 0.999994 -0.00267418 0.00188929 0.00267954 0.999991 -0.00318745 -0.00188024 0.00319255 0.999993 0.10407 0.045052 0.0420223
FixedParameters: 0 0 0

#Transform 56
Transform: AffineTransform_float_3_3
Parameters: 0.999995 -0.00201945 0.00213176 0.00202539 0.999994 -0.00268331 -0.00212617 0.00268768 0.999994 0.105073 0.0305122 0.00997246
FixedParameters: 0 0 0

#Transform 57
Transform: AffineTransform_float_3_3
Parameters: 0.999997 -0.00181471 0.00204381 0.00181997 0.999995 -0.00253755 -0.00203893 0.00254145 0.999995 0.1195 0.0221863 -0.0401361
FixedParameters: 0 0 0

#Transform 58
Transform: AffineTransform_float_3_3
Parameters: 0.999995 -0.00227981 0.00224553 0.00228762 0.999991 -0.0034315 -0.00223749 0.0034375 0.999992 0.13958 0.0150275 -0.0313634
FixedParameters: 0 0 0

#Transform 59
Transform: AffineTransform_float_3_3
Parameters: 0.999996 -0.00144958 0.00264747 0.00145699 0.999996 -0.00278591 -0.00264386 0.0027901 0.999993 0.0720711 0.0337359 -0.00125092
FixedParameters: 0 0 0

#Transform 60
Transform: AffineTransform_float_3_3
Parameters: 0.999997 -0.00191328 0.00110131 0.00191591 0.999996 -0.00190646 -0.00109768 0.00190854 0.999998 0.0632228 0.0804443 0.0147344
FixedParameters: 0 0 0

#Transform 61
Transform: AffineTransform_float_3_3
Parameters: 0.999997 -0.00100058 0.0021576 0.00100314 0.999998 -0.00120038 -0.00215625 0.00120262 0.999997 0.0784619 0.118313 0.308686
FixedParameters: 0 0 0

#Transform 62
Transform: AffineTransform_float_3_3
Parameters: 0.999996 -0.00109102 0.00278589 0.00109407 0.999999 -0.00101535 -0.00278473 0.00101865 0.999996 0.0925479 0.110699 0.290633
FixedParameters: 0 0 0

#Transform 63
Transform: AffineTransform_float_3_3
Parameters: 0.999993 -0.00112014 0.00340066 0.0011258 0.999998 -0.00154375 -0.00339839 0.00154725 0.999993 0.116682 0.0524597 -0.0522365
FixedParameters: 0 0 0

#Transform 64
Transform: AffineTransform_float_3_3
Parameters: 0.999995 -0.00157918 0.00253832 0.0015857 0.999995 -0.00265373 -0.00253348 0.00265826 0.999993 0.107736 0.0474122 -0.0891036
FixedParameters: 0 0 0

#Transform 65
Transform: AffineTransform_float_3_3
Parameters: 0.999997 -0.00219794 0.00150678 0.00220352 0.99999 -0.00389762 -0.00149896 0.00390138 0.999991 0.100299 0.0231706 -0.127565
FixedParameters: 0 0 0

#Transform 66
Transform: AffineTransform_float_3_3
Parameters: 0.999996 -0.00239677 0.00100285 0.00240102 0.999987 -0.00447868 -0.000992406 0.00448131 0.999989 0.0893936 0.00847028 -0.12808
FixedParameters: 0 0 0

#Transform 67
Transform: AffineTransform_float_3_3
Parameters: 0.999996 -0.00251369 0.00075433 0.00251781 0.999982 -0.00543935 -0.000741545 0.00544165 0.999985 0.0791918 -0.0100469 -0.181413
FixedParameters: 0 0 0

#Transform 68
Transform: AffineTransform_float_3_3
Parameters: 0.999989 -0.00460278 -0.000876346 0.00459566 0.999962 -0.00743307 0.000910583 0.00742892 0.999972 0.113777 -0.0605219 -0.253478
FixedParameters: 0 0 0

#Transform 69
Transform: AffineTransform_float_3_3
Parameters: 0.999963 -0.00763294 -0.00392015 0.00758379 0.999895 -0.0123082 0.0040139 0.0122778 0.999916 0.117169 -0.180889 -0.423628
FixedParameters: 0 0 0

#Transform 70
Transform: AffineTransform_float_3_3
Parameters: 0.999971 -0.00676736 -0.00331607 0.00672571 0.999899 -0.0125301 0.00340072 0.0125079 0.999916 0.0705606 -0.170646 -0.368199
FixedParameters: 0 0 0

#Transform 71
Transform: AffineTransform_float_3_3
Parameters: 0.999986 -0.00508878 -0.00179159 0.00506927 0.99993 -0.0107219 0.00184656 0.0107131 0.999941 0.0392594 -0.127716 -0.326056
FixedParameters: 0 0 0

#Transform 72
Transform: AffineTransform_float_3_3
Parameters: 0.999991 -0.00437734 -0.000414702 0.00437366 0.99996 -0.0077489 0.000448639 0.00774709 0.99997 0.0730022 -0.0585195 -0.254726
FixedParameters: 0 0 0

#Transform 73
Transform: AffineTransform_float_3_3
Parameters: 0.999991 -0.00418801 -0.000149878 0.00418745 0.999963 -0.00755992 0.000181949 0.00755908 0.999971 0.0979873 -0.0410684 -0.222426
FixedParameters: 0 0 0

#Transform 74
Transform: AffineTransform_float_3_3
Parameters: 0.999991 -0.00384778 0.00141118 0.00385573 0.999974 -0.00599564 -0.00138838 0.00600136 0.999981 0.138735 -0.00878195 -0.219834
FixedParameters: 0 0 0

#Transform 75
Transform: AffineTransform_float_3_3
Parameters: 0.999991 -0.00366494 0.00204992 0.00367562 0.999978 -0.00549445 -0.00202956 0.00550156 0.999983 0.152964 0.00111468 -0.230145
FixedParameters: 0 0 0

#Transform 76
Transform: AffineTransform_float_3_3
Parameters: 0.999992 -0.00322856 0.00233393 0.00324235 0.999977 -0.00588539 -0.00231504 0.00589262 0.99998 0.151393 0.00133539 -0.210417
FixedParameters: 0 0 0

#Transform 77
Transform: AffineTransform_float_3_3
Parameters: 0.999992 -0.00341788 0.00238388 0.00343324 0.999973 -0.00634178 -0.00236238 0.00635022 0.999978 0.158303 -0.0144081 -0.173277
FixedParameters: 0 0 0

#Transform 78
Transform: AffineTransform_float_3_3
Parameters: 0.999991 -0.00356754 0.0020529 0.00358067 0.999976 -0.00605228 -0.00203184 0.00605973 0.99998 0.153687 -0.0165139 -0.175371
FixedParameters: 0 0 0

#Transform 79
Transform: AffineTransform_float_3_3
Parameters: 0.999992 -0.00343634 0.0019711 0.00344817 0.999977 -0.00577146 -0.00195173 0.00577854 0.999982 0.16803 -0.00426273 -0.142818
FixedParameters: 0 0 0

#Transform 80
Transform: AffineTransform_float_3_3
Parameters: 0.999992 -0.00326606 0.00202691 0.003279 0.999975 -0.0062141 -0.00200714 0.0062209 0.999979 0.16157 -0.0290284 -0.188149
FixedParameters: 0 0 0

#Transform 81
Transform: AffineTransform_float_3_3
Parameters: 0.999992 -0.003403 0.00207762 0.00341749 0.999973 -0.00653517 -0.00205487 0.00654283 0.999977 0.155326 -0.0189786 -0.199319
FixedParameters: 0 0 0

#Transform 82
Transform: AffineTransform_float_3_3
Parameters: 0.999992 -0.00337597 0.00238999 0.00339076 0.999974 -0.00640022 -0.00236825 0.00640779 0.999977 0.168387 -0.022022 -0.120479
FixedParameters: 0 0 0

#Transform 83
Transform: AffineTransform_float_3_3
Parameters: 0.999994 -0.00313551 0.00180934 0.00314676 0.999974 -0.00649556 -0.00178943 0.00650044 0.999977 0.178675 -0.0076244 0.031279
FixedParameters: 0 0 0

#Transform 84
Transform: AffineTransform_float_3_3
Parameters: 0.999994 -0.00332026 0.000950494 0.00332452 0.999987 -0.00396833 -0.000936862 0.00397167 0.999992 0.156209 0.0506344 0.0579504
FixedParameters: 0 0 0

#Transform 85
Transform: AffineTransform_float_3_3
Parameters: 0.999995 -0.00262594 0.00138267 0.00262947 0.999994 -0.00226766 -0.00137718 0.00227134 0.999997 0.141763 0.0875685 0.141993
FixedParameters: 0 0 0

#Transform 86
Transform: AffineTransform_float_3_3
Parameters: 0.999995 -0.00238298 0.00206562 0.00238845 0.999995 -0.00243206 -0.00205967 0.00243694 0.999996 0.142246 0.0755324 0.0797831
FixedParameters: 0 0 0

#Transform 87
Transform: AffineTransform_float_3_3
Parameters: 0.999993 -0.00301421 0.00222235 0.00302212 0.999989 -0.00354701 -0.00221172 0.00355399 0.999991 0.157136 0.0688494 0.0124328
FixedParameters: 0 0 0

#Transform 88
Transform: AffineTransform_float_3_3
Parameters: 0.999993 -0.0030146 0.00222183 0.00302173 0.999989 -0.00337301 -0.00221224 0.00337999 0.999992 0.145393 0.0455105 0.0249426
FixedParameters: 0 0 0

#Transform 89
Transform: AffineTransform_float_3_3
Parameters: 0.999993 -0.00332923 0.00175374 0.00333634 0.999987 -0.00386018 -0.00174048 0.00386682 0.999991 0.134283 0.0448788 0.0210285
FixedParameters: 0 0 0

#Transform 90
Transform: AffineTransform_float_3_3
Parameters: 0.999993 -0.00354263 0.00170225 0.00355128 0.999981 -0.00501536 -0.00168374 0.00502164 0.999986 0.139597 0.0301651 -0.012139
FixedParameters: 0 0 0

#Transform 91
Transform: AffineTransform_float_3_3
Parameters: 0.999991 -0.00368093 0.00209146 0.00369222 0.999979 -0.0052129 -0.00207247 0.0052211 0.999984 0.136287 0.00852437 -0.0103266
FixedParameters: 0 0 0

#Transform 92
Transform: AffineTransform_float_3_3
Parameters: 0.999992 -0.00352945 0.00193253 0.0035398 0.999981 -0.00519793 -0.00191338 0.00520508 0.999985 0.132203 0.022149 -0.0151674
FixedParameters: 0 0 0

#Transform 93
Transform: AffineTransform_float_3_3
Parameters: 0.999991 -0.00393716 0.00149662 0.00394553 0.999977 -0.00552753 -0.00147459 0.00553346 0.999983 0.115179 0.0275145 0.00907288
FixedParameters: 0 0 0

#Transform 94
Transform: AffineTransform_float_3_3
Parameters: 0.999991 -0.0039656 0.00143049 0.00397389 0.999978 -0.00529375 -0.00140947 0.00529925 0.999985 0.118091 0.0475743 0.00287415
FixedParameters: 0 0 0

#Transform 95
Transform: AffineTransform_float_3_3
Parameters: 0.999991 -0.00404061 0.00115058 0.00404714 0.999976 -0.00559373 -0.00112766 0.00559927 0.999984 0.120582 0.0580303 -0.00227779
FixedParameters: 0 0 0

#Transform 96
Transform: AffineTransform_float_3_3
Parameters: 0.999991 -0.0040579 0.00173439 0.00406608 0.99998 -0.00474759 -0.00171512 0.00475441 0.999987 0.132703 0.0334234 1.51093e-06
FixedParameters: 0 0 0

#Transform 97
Transform: AffineTransform_float_3_3
Parameters: 0.99999 -0.00400734 0.00171271 0.0040142 0.999985 -0.00384276 -0.00169659 0.00384924 0.999991 0.129775 0.0777486 0.0132464
FixedParameters: 0 0 0

#Transform 98
Transform: AffineTransform_float_3_3
Parameters: 0.999993 -0.00313375 0.00196704 0.00313966 0.99999 -0.0030657 -0.00195713 0.0030723 0.999993 0.125116 0.0788438 0.0549499
FixedParameters: 0 0 0

#Transform 99
Transform: AffineTransform_float_3_3
Parameters: 0.999991 -0.00345832 0.00265933 0.00346632 0.999989 -0.00322693 -0.00264828 0.00323608 0.999992 0.155184 0.0759694 0.0927969
FixedParameters: 0 0 0

#Transform 100
Transform: AffineTransform_float_3_3
Parameters: 0.999984 -0.00373153 0.00427042 0.00375101 0.999982 -0.00467367 -0.0042528 0.00468933 0.99998 0.202266 0.0406771 0.13489
FixedParameters: 0 0 0

#Transform 101
Transform: AffineTransform_float_3_3
Parameters: 0.999979 -0.0033336 0.00567761 0.00336102 0.999983 -0.00484733 -0.0056616 0.00486567 0.999972 0.230015 0.0399865 0.197771
FixedParameters: 0 0 0

#Transform 102
Transform: AffineTransform_float_3_3
Parameters: 0.999976 -0.00305814 0.0063266 0.00308397 0.999987 -0.004097 -0.0063142 0.00411699 0.999971 0.231724 0.0382861 0.140514
FixedParameters: 0 0 0

#Transform 103
Transform: AffineTransform_float_3_3
Parameters: 0.99998 -0.00343401 0.0054456 0.00345976 0.999983 -0.00469572 -0.00542954 0.00471428 0.999975 0.221387 0.02646 0.0955804
FixedParameters: 0 0 0

#Transform 104
Transform: AffineTransform_float_3_3
Parameters: 0.999979 -0.00266528 0.00587194 0.00268729 0.999989 -0.00372196 -0.00586229 0.00373803 0.999975 0.242084 0.0358409 0.121049
FixedParameters: 0 0 0

#Transform 105
Transform: AffineTransform_float_3_3
Parameters: 0.999981 -0.00319561 0.00516767 0.00321697 0.999987 -0.00406602 -0.00515448 0.00408299 0.999979 0.219122 0.0469167 0.119541
FixedParameters: 0 0 0

#Transform 106
Transform: AffineTransform_float_3_3
Parameters: 0.999984 -0.00297265 0.0048144 0.00299275 0.999987 -0.00413917 -0.004803 0.00415384 0.99998 0.210474 0.039277 0.141278
FixedParameters: 0 0 0

#Transform 107
Transform: AffineTransform_float_3_3
Parameters: 0.999983 -0.00262143 0.00507864 0.00264121 0.999988 -0.00399714 -0.00506828 0.00400987 0.99998 0.215507 0.0648512 0.17168
FixedParameters: 0 0 0

#Transform 108
Transform: AffineTransform_float_3_3
Parameters: 0.999984 -0.00273785 0.00493386 0.00276197 0.999984 -0.00490145 -0.00492047 0.00491455 0.999976 0.217413 0.0424237 0.19365
FixedParameters: 0 0 0

#Transform 109
Transform: AffineTransform_float_3_3
Parameters: 0.999987 -0.00301093 0.00417171 0.00303101 0.999985 -0.00466875 -0.00415718 0.00468126 0.999981 0.200344 0.0462207 0.203714
FixedParameters: 0 0 0

#Transform 110
Transform: AffineTransform_float_3_3
Parameters: 0.999988 -0.00315308 0.00394462 0.00317105 0.999984 -0.00472039 -0.00392937 0.00473261 0.999981 0.193763 0.0556718 0.196736
FixedParameters: 0 0 0

#Transform 111
Transform: AffineTransform_float_3_3
Parameters: 0.999988 -0.00305877 0.00381818 0.00307842 0.999983 -0.0049773 -0.00380263 0.0049887 0.99998 0.183634 0.0451041 0.176978
FixedParameters: 0 0 0

#Transform 112
Transform: AffineTransform_float_3_3
Parameters: 0.999988 -0.00352478 0.00355391 0.0035431 0.99998 -0.00519933 -0.0035353 0.00521166 0.99998 0.17544 0.0446284 0.174189
FixedParameters: 0 0 0

#Transform 113
Transform: AffineTransform_float_3_3
Parameters: 0.999985 -0.00326454 0.0042565 0.00328654 0.999981 -0.00524813 -0.00423961 0.00526187 0.999977 0.18472 0.0433397 0.171464
FixedParameters: 0 0 0

#Transform 114
Transform: AffineTransform_float_3_3
Parameters: 0.99999 -0.00332092 0.00316723 0.00333816 0.99998 -0.00531329 -0.00314986 0.0053237 0.99998 0.161598 0.0419975 0.176066
FixedParameters: 0 0 0

#Transform 115
Transform: AffineTransform_float_3_3
Parameters: 0.99999 -0.00350089 0.00282648 0.00351704 0.999978 -0.00574059 -0.00280644 0.00575041 0.999979 0.165063 0.0264079 0.122651
FixedParameters: 0 0 0

#Transform 116
Transform: AffineTransform_float_3_3
Parameters: 0.99999 -0.00369478 0.00227246 0.00370914 0.999973 -0.00632041 -0.00224892 0.00632859 0.999977 0.155668 0.0187915 0.103894
FixedParameters: 0 0 0

#Transform 117
Transform: AffineTransform_float_3_3
Parameters: 0.999989 -0.00433829 0.00131966 0.00434869 0.999958 -0.0081284 -0.00128464 0.0081346 0.999966 0.121501 -0.018983 0.109634
FixedParameters: 0 0 0

#Transform 118
Transform: AffineTransform_float_3_3
Parameters: 0.999989 -0.00463049 0.000585153 0.00463544 0.999953 -0.00854974 -0.0005452 0.00855126 0.999963 0.101329 -0.0189908 0.137452
FixedParameters: 0 0 0

#Transform 119
Transform: AffineTransform_float_3_3
Parameters: 0.999987 -0.0047554 0.0013845 0.00476725 0.99995 -0.00881528 -0.00134205 0.00882172 0.99996 0.139205 -0.0432299 0.0986147
FixedParameters: 0 0 0

#Transform 120
Transform: AffineTransform_float_3_3
Parameters: 0.999988 -0.00402165 0.00254758 0.00403758 0.999973 -0.00609613 -0.00252354 0.00610588 0.999978 0.16235 0.0149375 0.148366
FixedParameters: 0 0 0

#Transform 121
Transform: AffineTransform_float_3_3
Parameters: 0.999989 -0.00392811 0.00255642 0.00394523 0.99997 -0.00657097 -0.00253031 0.00658102 0.999975 0.160641 0.0282211 0.0946169
FixedParameters: 0 0 0

#Transform 122
Transform: AffineTransform_float_3_3
Parameters: 0.999987 -0.00386827 0.00312344 0.00388598 0.999975 -0.00577846 -0.00310123 0.00579054 0.999979 0.168388 0.0267792 0.0347475
FixedParameters: 0 0 0

#Transform 123
Transform: AffineTransform_float_3_3
Parameters: 0.999988 -0.00434372 0.00236267 0.00435619 0.999977 -0.00519963 -0.00234054 0.00520938 0.999984 0.153099 0.0400918 0.0543077
FixedParameters: 0 0 0

#Transform 124
Transform: AffineTransform_float_3_3
Parameters: 0.999985 -0.00453284 0.00288964 0.0045477 0.999977 -0.00504736 -0.00286704 0.00506065 0.999983 0.16524 0.0421837 0.060578
FixedParameters: 0 0 0

#Transform 125
Transform: AffineTransform_float_3_3
Parameters: 0.999984 -0.00385779 0.00395377 0.00387649 0.999981 -0.00471717 -0.00393541 0.00473282 0.99998 0.183906 0.0512435 0.035627
FixedParameters: 0 0 0

#Transform 126
Transform: AffineTransform_float_3_3
Parameters: 0.999985 -0.00388727 0.00386694 0.00390564 0.999981 -0.0048324 -0.00384832 0.00484761 0.999981 0.176495 0.044498 0.0240991
FixedParameters: 0 0 0

#Transform 127
Transform: AffineTransform_float_3_3
Parameters: 0.999986 -0.00362756 0.00385428 0.00364542 0.999983 -0.00462909 -0.00383691 0.00464292 0.999982 0.191879 0.038072 0.0100352
FixedParameters: 0 0 0

#Transform 128
Transform: AffineTransform_float_3_3
Parameters: 0.999986 -0.00361115 0.0038483 0.00363013 0.999981 -0.00483281 -0.00383052 0.00484719 0.999981 0.192206 0.0594167 -0.00215215
FixedParameters: 0 0 0

#Transform 129
Transform: AffineTransform_float_3_3
Parameters: 0.999987 -0.00350641 0.0037247 0.0035225 0.999985 -0.0043748 -0.00370972 0.00438821 0.999984 0.183287 0.0618578 0.0410026
FixedParameters: 0 0 0

#Transform 130
Transform: AffineTransform_float_3_3
Parameters: 0.999991 -0.0025702 0.00358931 0.00257329 0.999996 -0.000715988 -0.00358797 0.000726012 0.999993 0.162571 0.118229 0.101833
FixedParameters: 0 0 0

#Transform 131
Transform: AffineTransform_float_3_3
Parameters: 0.999992 -0.00292152 0.0027616 0.00292529 0.999995 -0.00119833 -0.00275878 0.00120668 0.999996 0.146396 0.142743 0.0954351
FixedParameters: 0 0 0

#Transform 132
Transform: AffineTransform_float_3_3
Parameters: 0.99999 -0.00393556 0.00180687 0.00393946 0.999989 -0.00241799 -0.00179661 0.00242501 0.999996 0.145361 0.107392 0.0698929
FixedParameters: 0 0 0

#Transform 133
Transform: AffineTransform_float_3_3
Parameters: 0.999988 -0.00471927 0.00134594 0.00472364 0.999983 -0.0032791 -0.00133046 0.00328591 0.999994 0.190996 0.0880159 0.0964297
FixedParameters: 0 0 0

#Transform 134
Transform: AffineTransform_float_3_3
Parameters: 0.999984 -0.00544702 0.000909229 0.0054505 0.99998 -0.0032822 -0.000891958 0.00328681 0.999994 0.209265 0.0846146 0.0814489
FixedParameters: 0 0 0

#Transform 135
Transform: AffineTransform_float_3_3
Parameters: 0.999989 -0.00441275 0.00147754 0.00441748 0.999984 -0.00342062 -0.00146243 0.00342638 0.999993 0.154121 0.0953558 0.0549492
FixedParameters: 0 0 0

#Transform 136
Transform: AffineTransform_float_3_3
Parameters: 0.999988 -0.00429989 0.00255402 0.0043075 0.999987 -0.0029979 -0.0025412 0.00300911 0.999992 0.160211 0.0883414 -0.0332236
FixedParameters: 0 0 0

#Transform 137
Transform: AffineTransform_float_3_3
Parameters: 0.999984 -0.00468957 0.00296512 0.00469239 0.999989 -0.000732371 -0.00296187 0.00074663 0.999996 0.195056 0.126932 -0.0496701
FixedParameters: 0 0 0

#Transform 138
Transform: AffineTransform_float_3_3
Parameters: 0.999982 -0.00447866 0.00382077 0.00448575 0.999989 -0.00196556 -0.00381164 0.00198345 0.999991 0.220193 0.100515 -0.0379629
FixedParameters: 0 0 0

#Transform 139
Transform: AffineTransform_float_3_3
Parameters: 0.999984 -0.00341298 0.00446426 0.00343551 0.999981 -0.00506349 -0.00444707 0.00507852 0.999978 0.182965 0.0373709 -0.0261392
FixedParameters: 0 0 0

#Transform 140
Transform: AffineTransform_float_3_3
Parameters: 0.999978 -0.00405316 0.00524801 0.00407549 0.999983 -0.00415676 -0.00523115 0.00417824 0.999978 0.217924 0.0541992 -0.019404
FixedParameters: 0 0 0

#Transform 141
Transform: AffineTransform_float_3_3
Parameters: 0.999981 -0.00399129 0.00460065 0.00401141 0.999983 -0.00426229 -0.00458334 0.00428071 0.999981 0.214043 0.0491854 -0.0710234
FixedParameters: 0 0 0

#Transform 142
Transform: AffineTransform_float_3_3
Parameters: 0.999982 -0.0041152 0.00419641 0.00413457 0.999981 -0.00457021 -0.00417774 0.00458779 0.999981 0.204915 0.0404725 -0.0863715
FixedParameters: 0 0 0

#Transform 143
Transform: AffineTransform_float_3_3
Parameters: 0.999986 -0.00426754 0.00316523 0.00428534 0.999975 -0.00563292 -0.00314096 0.00564709 0.999979 0.19381 0.00952536 -0.104641
FixedParameters: 0 0 0

#Transform 144
Transform: AffineTransform_float_3_3
Parameters: 0.999986 -0.00425436 0.00294829 0.00427194 0.999975 -0.00563439 -0.00292402 0.0056466 0.999979 0.184864 0.0212747 -0.137603
FixedParameters: 0 0 0

#Transform 145
Transform: AffineTransform_float_3_3
Parameters: 0.999986 -0.0041563 0.00334988 0.00417295 0.999979 -0.00497255 -0.00332961 0.00498546 0.999982 0.184763 0.0314671 -0.123145
FixedParameters: 0 0 0

#Transform 146
Transform: AffineTransform_float_3_3
Parameters: 0.999985 -0.00416165 0.00356915 0.00417962 0.999978 -0.00521825 -0.00354781 0.00523375 0.99998 0.194626 0.0289737 -0.0596815
FixedParameters: 0 0 0

#Transform 147
Transform: AffineTransform_float_3_3
Parameters: 0.999985 -0.00441992 0.00324053 0.00443642 0.999977 -0.00503531 -0.00321838 0.0050497 0.999983 0.187796 0.0408969 -0.0752719
FixedParameters: 0 0 0

#Transform 148
Transform: AffineTransform_float_3_3
Parameters: 0.999984 -0.00498286 0.00266356 0.00500156 0.999961 -0.00725209 -0.00262727 0.00726491 0.99997 0.179443 -0.0107027 -0.153011
FixedParameters: 0 0 0

#Transform 149
Transform: AffineTransform_float_3_3
Parameters: 0.999985 -0.00503708 0.00213072 0.00505342 0.99996 -0.00734374 -0.00209378 0.00735426 0.999971 0.169774 -0.00836095 -0.170995
FixedParameters: 0 0 0

#Transform 150
Transform: AffineTransform_float_3_3
Parameters: 0.999985 -0.00488727 0.00252732 0.00490425 0.999965 -0.0068818 -0.00249368 0.00689421 0.999973 0.159855 -0.0043743 -0.156958
FixedParameters: 0 0 0

#Transform 151
Transform: AffineTransform_float_3_3
Parameters: 0.999979 -0.00515592 0.00374679 0.00517965 0.999966 -0.00632382 -0.00371371 0.00634317 0.999973 0.211622 0.00690154 -0.130215
FixedParameters: 0 0 0

#Transform 152
Transform: AffineTransform_float_3_3
Parameters: 0.999982 -0.00478181 0.00358558 0.00480224 0.999971 -0.00587042 -0.00355701 0.00588758 0.999976 0.20946 0.0196011 -0.142941
FixedParameters: 0 0 0

#Transform 153
Transform: AffineTransform_float_3_3
Parameters: 0.999982 -0.00460071 0.00390462 0.00462393 0.999973 -0.00581493 -0.00387737 0.00583308 0.999976 0.220899 0.0178795 -0.134083
FixedParameters: 0 0 0

#Transform 154
Transform: AffineTransform_float_3_3
Parameters: 0.999984 -0.00455778 0.00352411 0.00457573 0.999976 -0.00520878 -0.00350003 0.00522523 0.99998 0.220677 0.0240327 -0.124882
FixedParameters: 0 0 0

#Transform 155
Transform: AffineTransform_float_3_3
Parameters: 0.999982 -0.00459727 0.00390128 0.00461856 0.999974 -0.00551995 -0.00387588 0.00553805 0.999977 0.226494 0.0140007 -0.146615
FixedParameters: 0 0 0

#Transform 156
Transform: AffineTransform_float_3_3
Parameters: 0.999982 -0.00455696 0.00388524 0.00457932 0.999973 -0.00573303 -0.00385925 0.00574998 0.999976 0.236289 0.0192944 -0.208131
FixedParameters: 0 0 0

#Transform 157
Transform: AffineTransform_float_3_3
Parameters: 0.999973 -0.00543925 0.00478939 0.0054785 0.99995 -0.00831609 -0.00474442 0.00834191 0.999954 0.276014 -0.0512229 -0.4421
FixedParameters: 0 0 0

#Transform 158
Transform: AffineTransform_float_3_3
Parameters: 0.999971 -0.00628034 0.00432949 0.0063246 0.999928 -0.0101978 -0.00426487 0.0102242 0.999939 0.261925 -0.0473667 -0.394187
FixedParameters: 0 0 0

#Transform 159
Transform: AffineTransform_float_3_3
Parameters: 0.999973 -0.00623307 0.0038397 0.00626585 0.999944 -0.00854945 -0.00378624 0.00857355 0.999956 0.261899 -0.0289556 -0.238075
FixedParameters: 0 0 0

#Transform 160
Transform: AffineTransform_float_3_3
Parameters: 0.999978 -0.00572043 0.00339347 0.00574857 0.999946 -0.00856531 -0.00334447 0.00858468 0.999957 0.232345 -0.0263725 -0.27529
FixedParameters: 0 0 0

#Transform 161
Transform: AffineTransform_float_3_3
Parameters: 0.999979 -0.00572296 0.00325742 0.0057497 0.999948 -0.00844624 -0.00320831 0.00846475 0.999959 0.229524 -0.0294347 -0.29658
FixedParameters: 0 0 0

#Transform 162
Transform: AffineTransform_float_3_3
Parameters: 0.999977 -0.00613332 0.00311496 0.00616254 0.999936 -0.00943684 -0.00305707 0.00945616 0.999951 0.220525 -0.0428871 -0.338762
FixedParameters: 0 0 0

#Transform 163
Transform: AffineTransform_float_3_3
Parameters: 0.99998 -0.00587843 0.00252578 0.0059023 0.999937 -0.00954349 -0.00246941 0.00955852 0.999952 0.20325 -0.0632057 -0.317702
FixedParameters: 0 0 0

#Transform 164
Transform: AffineTransform_float_3_3
Parameters: 0.999978 -0.00613769 0.00223385 0.0061594 0.999934 -0.00966731 -0.00217444 0.0096807 0.999951 0.214601 -0.0613192 -0.309678
FixedParameters: 0 0 0

#Transform 165
Transform: AffineTransform_float_3_3
Parameters: 0.99998 -0.00608758 0.00207848 0.00610735 0.999935 -0.00960552 -0.00202029 0.00961749 0.999952 0.198065 -0.0541874 -0.366653
FixedParameters: 0 0 0

#Transform 166
Transform: AffineTransform_float_3_3
Parameters: 0.99998 -0.00619403 0.00165391 0.00621142 0.999924 -0.0105927 -0.00158801 0.0106033 0.999943 0.177331 -0.0737376 -0.369477
FixedParameters: 0 0 0

#Transform 167
Transform: AffineTransform_float_3_3
Parameters: 0.999977 -0.0064419 0.00177096 0.00646056 0.999923 -0.0105913 -0.00170257 0.0106027 0.999943 0.186212 -0.0561012 -0.33059
FixedParameters: 0 0 0

#Transform 168
Transform: AffineTransform_float_3_3
Parameters: 0.999978 -0.00539745 0.00369694 0.00542685 0.999954 -0.00795172 -0.0036538 0.00797228 0.999962 0.246026 0.0144329 -0.188415
FixedParameters: 0 0 0

#Transform 169
Transform: AffineTransform_float_3_3
Parameters: 0.999985 -0.00337452 0.00426954 0.00338821 0.999989 -0.00325663 -0.00425775 0.00327137 0.999986 0.215627 0.0653244 0.132639
FixedParameters: 0 0 0

#Transform 170
Transform: AffineTransform_float_3_3
Parameters: 0.999976 -0.00438698 0.00525341 0.00440808 0.999981 -0.00419672 -0.00523486 0.00422029 0.999978 0.209686 0.0979146 0.12461
FixedParameters: 0 0 0

#Transform 171
Transform: AffineTransform_float_3_3
Parameters: 0.999969 -0.00633268 0.00454829 0.00637804 0.999931 -0.00988053 -0.0044853 0.00990946 0.99994 0.229484 -0.100362 -0.525255
FixedParameters: 0 0 0

#Transform 172
Transform: AffineTransform_float_3_3
Parameters: 0.999969 -0.00649611 0.00444562 0.00654371 0.999921 -0.0107265 -0.0043757 0.0107555 0.999933 0.262187 -0.0978208 -0.656746
FixedParameters: 0 0 0

#Transform 173
Transform: AffineTransform_float_3_3
Parameters: 0.999967 -0.00670674 0.00472494 0.00675991 0.999912 -0.0114165 -0.00464693 0.0114475 0.999924 0.265108 -0.134646 -0.726888
FixedParameters: 0 0 0

#Transform 174
Transform: AffineTransform_float_3_3
Parameters: 0.999969 -0.0066566 0.00423922 0.00670767 0.999905 -0.0120862 -0.00415817 0.0121138 0.999918 0.249474 -0.157505 -0.708476
FixedParameters: 0 0 0

#Transform 175
Transform: AffineTransform_float_3_3
Parameters: 0.999967 -0.00635353 0.00491513 0.00639992 0.999934 -0.00948163 -0.00485469 0.00951337 0.999943 0.27759 -0.089956 -0.643042
FixedParameters: 0 0 0

#Transform 176
Transform: AffineTransform_float_3_3
Parameters: 0.999969 -0.00615411 0.00495014 0.00620513 0.999927 -0.0103689 -0.00488592 0.0103991 0.999934 0.281592 -0.106278 -0.635891
FixedParameters: 0 0 0

#Transform 177
Transform: AffineTransform_float_3_3
Parameters: 0.999973 -0.00587068 0.00447368 0.00591763 0.999926 -0.0106246 -0.00441172 0.0106514 0.999933 0.262498 -0.116894 -0.711028
FixedParameters: 0 0 0

#Transform 178
Transform: AffineTransform_float_3_3
Parameters: 0.999974 -0.00599781 0.00405261 0.00604452 0.999916 -0.0115053 -0.00398354 0.0115287 0.999926 0.241142 -0.141443 -0.743635
FixedParameters: 0 0 0

#Transform 179
Transform: AffineTransform_float_3_3
Parameters: 0.999968 -0.00640472 0.00464279 0.00646481 0.999895 -0.0129605 -0.00455925 0.0129905 0.999905 0.233956 -0.192054 -0.805711
FixedParameters: 0 0 0
