#Insight Transform File V1.0
#Transform 0
Transform: AffineTransform_float_3_3
Parameters: 1 0.000281572 -0.000552038 -0.000281494 1 -0.000282845 0.000552799 0.000283156 1 -0.0858422 0.0841014 0.357596
FixedParameters: 0 0 0

#Transform 1
Transform: AffineTransform_float_3_3
Parameters: 1 0.000198499 0.00031232 -0.000199036 0.999999 0.000859937 -0.000311978 -0.000860061 0.999999 -0.000818881 0.0862839 -0.131529
FixedParameters: 0 0 0

#Transform 2
Transform: AffineTransform_float_3_3
Parameters: 1 0.000287404 0.000384422 -0.000287945 0.999999 0.00139189 -0.000384932 -0.00139211 0.999999 -0.00746893 0.140239 -0.160242
FixedParameters: 0 0 0

#Transform 3
Transform: AffineTransform_float_3_3
Parameters: 1 0.000327704 0.000287008 -0.0003275 0.999999 0.00124791 -0.000286581 -0.00124809 0.999999 -0.00763535 0.140448 -0.162844
FixedParameters: 0 0 0

#Transform 4
Transform: AffineTransform_float_3_3
Parameters: 1 0.00019958 0.000418303 -0.000200897 0.999998 0.00157592 -0.000417672 -0.00157608 0.999998 -0.0114317 0.129858 -0.159829
FixedParameters: 0 0 0

#Transform 5
Transform: AffineTransform_float_3_3
Parameters: 0.999999 0.000380733 0.000670744 -0.000381716 0.999998 0.0021061 -0.00066992 -0.0021059 0.999998 -0.00770445 0.143332 -0.188437
FixedParameters: 0 0 0

#Transform 6
Transform: AffineTransform_float_3_3
Parameters: 0.999999 0.000353098 0.000682406 -0.000355041 0.999998 0.00210012 -0.00068131 -0.00209988 0.999998 -0.0059024 0.147805 -0.206179
FixedParameters: 0 0 0

#Transform 7
Transform: AffineTransform_float_3_3
Parameters: 0.999999 0.000480289 0.000628714 -0.000482301 0.999998 0.0020227 -0.000628078 -0.0020233 0.999998 -0.0105656 0.142952 -0.213179
FixedParameters: 0 0 0

#Transform 8
Transform: AffineTransform_float_3_3
Parameters: 0.999999 0.000480164 0.00062881 -0.000482426 0.999997 0.00222106 -0.000627983 -0.00222094 0.999998 -0.00453152 0.143329 -0.211729
FixedParameters: 0 0 0

#Transform 9
Transform: AffineTransform_float_3_3
Parameters: 0.999999 0.000469495 0.000572515 -0.000470505 0.999997 0.00214909 -0.000572197 -0.00214891 0.999998 -0.00251147 0.135497 -0.219491
FixedParameters: 0 0 0

#Transform 10
Transform: AffineTransform_float_3_3
Parameters: 0.999999 0.000495185 0.00062237 -0.000496863 0.999999 0.00177454 -0.000621921 -0.00177446 0.999998 0.00463945 0.127625 -0.224512
FixedParameters: 0 0 0

#Transform 11
Transform: AffineTransform_float_3_3
Parameters: 0.999999 0.000138313 0.000773016 -0.000139952 0.999998 0.00225089 -0.000773172 -0.00225111 0.999997 0.00779266 0.137559 -0.21315
FixedParameters: 0 0 0

#Transform 12
Transform: AffineTransform_float_3_3
Parameters: 1 -9.52222e-05 0.000219287 9.56438e-05 0.999998 0.00202902 -0.000219145 -0.00202898 0.999998 0.0214636 0.126815 -0.224222
FixedParameters: 0 0 0

#Transform 13
Transform: AffineTransform_float_3_3
Parameters: 1 -0.000131316 0.000319109 0.000131149 0.999998 0.00231604 -0.000319187 -0.00231596 0.999998 0.0309272 0.132327 -0.208291
FixedParameters: 0 0 0

#Transform 14
Transform: AffineTransform_float_3_3
Parameters: 1 -5.72398e-05 0.000649249 5.54586e-05 0.999997 0.00238204 -0.000648988 -0.00238196 0.999997 0.0124231 0.153297 -0.208619
FixedParameters: 0 0 0

#Transform 15
Transform: AffineTransform_float_3_3
Parameters: 1 -2.92264e-05 0.000375899 2.83985e-05 0.999998 0.00232401 -0.000376424 -0.00232399 0.999997 0.0185302 0.144224 -0.21896
FixedParameters: 0 0 0

#Transform 16
Transform: AffineTransform_float_3_3
Parameters: 1 -3.30232e-05 0.000366693 3.28091e-05 0.999998 0.00208101 -0.0003663 -0.00208099 0.999998 0.0157418 0.148177 -0.205418
FixedParameters: 0 0 0

#Transform 17
Transform: AffineTransform_float_3_3
Parameters: 1 -0.000236408 0.000931273 0.00023409 0.999998 0.00194837 -0.00093166 -0.00194863 0.999998 0.0410967 0.154724 -0.184228
FixedParameters: 0 0 0

#Transform 18
Transform: AffineTransform_float_3_3
Parameters: 0.999999 -3.93957e-05 0.000848033 3.80453e-05 0.999998 0.00211239 -0.000848057 -0.00211161 0.999998 0.0282688 0.149542 -0.193072
FixedParameters: 0 0 0

#Transform 19
Transform: AffineTransform_float_3_3
Parameters: 1 1.52204e-05 0.000514553 -1.65337e-05 0.999997 0.00217035 -0.000514875 -0.00216965 0.999998 0.00873352 0.141024 -0.191748
FixedParameters: 0 0 0

#Transform 20
Transform: AffineTransform_float_3_3
Parameters: 1 -0.000198772 0.000637456 0.000197469 0.999998 0.00205013 -0.000637739 -0.00204987 0.999997 0.020317 0.156736 -0.182826
FixedParameters: 0 0 0

#Transform 21
Transform: AffineTransform_float_3_3
Parameters: 1 -2.79078e-05 0.000625146 2.71099e-05 0.999998 0.00168753 -0.000624709 -0.00168747 0.999999 0.018105 0.155423 -0.165985
FixedParameters: 0 0 0

#Transform 22
Transform: AffineTransform_float_3_3
Parameters: 0.999999 -0.000235946 0.000931389 0.000234551 0.999998 0.00145237 -0.000931542 -0.00145263 0.999998 0.0134042 0.145699 -0.164577
FixedParameters: 0 0 0

#Transform 23
Transform: AffineTransform_float_3_3
Parameters: 1 -0.00021786 0.000491553 0.000216237 0.999998 0.00165011 -0.00049227 -0.00164989 0.999998 0.00704254 0.147532 -0.15292
FixedParameters: 0 0 0

#Transform 24
Transform: AffineTransform_float_3_3
Parameters: 1 -0.000305255 0.000530908 0.000304937 1 0.00116516 -0.00053201 -0.00116484 0.999999 0.0071481 0.155734 -0.138793
FixedParameters: 0 0 0

#Transform 25
Transform: AffineTransform_float_3_3
Parameters: 0.999999 -7.45412e-05 0.000863264 7.33875e-05 1 0.00120106 -0.000863832 -0.00120094 0.999999 0.00834279 0.146395 -0.153528
FixedParameters: 0 0 0

#Transform 26
Transform: AffineTransform_float_3_3
Parameters: 0.999999 2.02311e-07 0.000831704 -1.91064e-06 1 0.001027 -0.000831702 -0.001027 0.999999 0.00921084 0.156869 -0.158055
FixedParameters: 0 0 0

#Transform 27
Transform: AffineTransform_float_3_3
Parameters: 0.999999 5.53661e-05 0.000808323 -5.62872e-05 1 0.00113896 -0.000808587 -0.00113905 0.999999 0.00804532 0.144555 -0.154007
FixedParameters: 0 0 0

#Transform 28
Transform: AffineTransform_float_3_3
Parameters: 1 -0.000189871 0.00063414 0.000189801 1 0.00108912 -0.000634023 -0.00108888 0.999999 0.0106003 0.141 -0.151989
FixedParameters: 0 0 0

#Transform 29
Transform: AffineTransform_float_3_3
Parameters: 0.999999 8.7515e-05 0.000794693 -8.85735e-05 0.999999 0.00124493 -0.000794865 -0.00124507 0.999999 0.0101017 0.14142 -0.15854
FixedParameters: 0 0 0

#Transform 30
Transform: AffineTransform_float_3_3
Parameters: 1 -0.000186156 0.000593659 0.000186278 1 0.00067211 -0.0005943 -0.000671889 0.999999 0.00543515 0.121221 -0.194379
FixedParameters: 0 0 0

#Transform 31
Transform: AffineTransform_float_3_3
Parameters: 1 -0.00016435 0.00060482 0.000164171 0.999999 0.0012321 -0.000604695 -0.0012319 0.999999 0.00857341 0.143145 -0.169177
FixedParameters: 0 0 0

#Transform 32
Transform: AffineTransform_float_3_3
Parameters: 0.999999 -0.000142706 0.000892094 0.000141458 1 0.00121513 -0.00089283 -0.00121487 0.999999 0.0108541 0.144548 -0.152445
FixedParameters: 0 0 0

#Transform 33
Transform: AffineTransform_float_3_3
Parameters: 0.999999 -0.00018682 0.000910814 0.000185712 1 0.00111317 -0.00091162 -0.00111283 0.999999 0.0140651 0.146235 -0.144339
FixedParameters: 0 0 0

#Transform 34
Transform: AffineTransform_float_3_3
Parameters: 0.999999 -0.000235803 0.000931425 0.000234694 0.999999 0.00129922 -0.000931506 -0.00129878 0.999998 0.016526 0.142178 -0.159249
FixedParameters: 0 0 0

#Transform 35
Transform: AffineTransform_float_3_3
Parameters: 0.999999 -0.000312244 0.000963757 0.000311056 0.999999 0.00129645 -0.000964036 -0.00129655 0.999999 0.0215163 0.134958 -0.158819
FixedParameters: 0 0 0

#Transform 36
Transform: AffineTransform_float_3_3
Parameters: 1 -0.000215821 0.000979258 0.000214039 0.999999 0.00157957 -0.000979407 -0.00157843 0.999998 0.0355832 0.126168 -0.158267
FixedParameters: 0 0 0

#Transform 37
Transform: AffineTransform_float_3_3
Parameters: 1 -0.000294043 0.0009559 0.000292437 0.999999 0.00152664 -0.000956265 -0.00152536 0.999999 0.0392725 0.134744 -0.159279
FixedParameters: 0 0 0

#Transform 38
Transform: AffineTransform_float_3_3
Parameters: 1 -0.000490919 0.000965292 0.000489289 0.999999 0.00152227 -0.000966255 -0.00152273 0.999998 0.0349804 0.136069 -0.158055
FixedParameters: 0 0 0

#Transform 39
Transform: AffineTransform_float_3_3
Parameters: 1 -0.000588469 0.0010043 0.000586999 0.999999 0.00157923 -0.0010047 -0.00157877 0.999998 0.0414051 0.138535 -0.154859
FixedParameters: 0 0 0

#Transform 40
Transform: AffineTransform_float_3_3
Parameters: 0.999998 -0.000399457 0.00162729 0.00039796 0.999999 0.00114616 -0.00162807 -0.00114484 0.999998 0.0479552 0.130318 -0.167281
FixedParameters: 0 0 0

#Transform 41
Transform: AffineTransform_float_3_3
Parameters: 0.999999 -0.000464156 0.0013287 0.000462763 0.999999 0.00136413 -0.00132982 -0.00136287 0.999999 0.040715 0.125364 -0.158785
FixedParameters: 0 0 0

#Transform 42
Transform: AffineTransform_float_3_3
Parameters: 0.999999 -0.000462509 0.00147892 0.000461116 0.999999 0.0013582 -0.00147912 -0.0013568 0.999998 0.0449088 0.111883 -0.146173
FixedParameters: 0 0 0

#Transform 43
Transform: AffineTransform_float_3_3
Parameters: 0.999999 -0.00046254 0.00147891 0.000461085 0.999999 0.0013792 -0.00147913 -0.0013778 0.999998 0.0512837 0.122194 -0.157882
FixedParameters: 0 0 0

#Transform 44
Transform: AffineTransform_float_3_3
Parameters: 0.999998 -0.000584658 0.00153086 0.000582902 0.999999 0.00113005 -0.00153072 -0.00112895 0.999998 0.0531266 0.116544 -0.142105
FixedParameters: 0 0 0

#Transform 45
Transform: AffineTransform_float_3_3
Parameters: 0.999998 -0.000614051 0.00154336 0.000612421 0.999999 0.0010801 -0.00154323 -0.0010789 0.999998 0.0520564 0.124269 -0.13997
FixedParameters: 0 0 0

#Transform 46
Transform: AffineTransform_float_3_3
Parameters: 0.999999 -0.000605999 0.00138029 0.000604244 0.999999 0.00111099 -0.00138111 -0.00111001 0.999998 0.0495626 0.108386 -0.134998
FixedParameters: 0 0 0

#Transform 47
Transform: AffineTransform_float_3_3
Parameters: 0.999998 -0.000547305 0.00151473 0.000544775 0.999999 0.00139713 -0.00151481 -0.00139687 0.999998 0.0594125 0.132109 -0.159002
FixedParameters: 0 0 0

#Transform 48
Transform: AffineTransform_float_3_3
Parameters: 0.999998 -0.000530644 0.00150775 0.000529215 0.999999 0.00134431 -0.00150812 -0.00134269 0.999998 0.0532352 0.138399 -0.162852
FixedParameters: 0 0 0

#Transform 49
Transform: AffineTransform_float_3_3
Parameters: 0.999999 -0.000872891 0.00165284 0.000871827 0.999999 0.00111539 -0.00165373 -0.00111461 0.999998 0.0571026 0.133504 -0.14464
FixedParameters: 0 0 0

#Transform 50
Transform: AffineTransform_float_3_3
Parameters: 0.999998 -0.000704171 0.00158081 0.000701798 0.999999 0.00158026 -0.00158197 -0.00157874 0.999997 0.0590393 0.153038 -0.158427
FixedParameters: 0 0 0

#Transform 51
Transform: AffineTransform_float_3_3
Parameters: 0.999998 -0.000689828 0.0015752 0.000687608 0.999999 0.00124503 -0.00157547 -0.00124497 0.999998 0.0609851 0.161937 -0.154452
FixedParameters: 0 0 0

#Transform 52
Transform: AffineTransform_float_3_3
Parameters: 0.999999 -0.000622385 0.00116761 0.000620917 0.999998 0.00135788 -0.00116785 -0.00135712 0.999998 0.0555429 0.139332 -0.128988
FixedParameters: 0 0 0

#Transform 53
Transform: AffineTransform_float_3_3
Parameters: 0.999999 -0.000620411 0.00139809 0.000618448 0.999999 0.00131102 -0.00139826 -0.00130998 0.999998 0.0583713 0.164627 -0.152813
FixedParameters: 0 0 0

#Transform 54
Transform: AffineTransform_float_3_3
Parameters: 0.999999 -0.000735369 0.00116223 0.000733617 1 0.00131749 -0.00116364 -0.00131651 0.999998 0.0466909 0.149193 -0.161892
FixedParameters: 0 0 0

#Transform 55
Transform: AffineTransform_float_3_3
Parameters: 1 -0.00081289 0.000717648 0.000811765 0.999997 0.00196758 -0.000719394 -0.00196642 0.999998 0.0451509 0.155824 -0.155561
FixedParameters: 0 0 0

#Transform 56
Transform: AffineTransform_float_3_3
Parameters: 0.999999 -0.000670716 0.00105338 0.000669095 0.999999 0.0013917 -0.00105471 -0.00139029 0.999998 0.0462525 0.135183 -0.127614
FixedParameters: 0 0 0

#Transform 57
Transform: AffineTransform_float_3_3
Parameters: 0.999999 -0.000608353 0.00120077 0.000606816 0.999998 0.00134888 -0.00120096 -0.00134812 0.999998 0.0385144 0.140493 -0.149815
FixedParameters: 0 0 0

#Transform 58
Transform: AffineTransform_float_3_3
Parameters: 0.999999 -0.000881911 0.00121412 0.000879856 0.999998 0.00154686 -0.00121539 -0.00154614 0.999998 0.0414895 0.133588 -0.131616
FixedParameters: 0 0 0

#Transform 59
Transform: AffineTransform_float_3_3
Parameters: 0.999999 -0.000644857 0.00111426 0.000643378 0.999999 0.00125187 -0.00111534 -0.00125113 0.999999 0.0395136 0.12557 -0.134272
FixedParameters: 0 0 0

#Transform 60
Transform: AffineTransform_float_3_3
Parameters: 0.999999 -0.000644905 0.00111423 0.000643329 0.999999 0.00129572 -0.00111537 -0.00129428 0.999998 0.0432986 0.13034 -0.127028
FixedParameters: 0 0 0

#Transform 61
Transform: AffineTransform_float_3_3
Parameters: 0.999999 -0.000644862 0.00111425 0.000643374 0.999999 0.00125587 -0.00111534 -0.00125513 0.999999 0.03526 0.13969 -0.129306
FixedParameters: 0 0 0

#Transform 62
Transform: AffineTransform_float_3_3
Parameters: 0.999999 -0.000835638 0.00119481 0.000833687 0.999999 0.00136479 -0.00119655 -0.00136421 0.999998 0.0437834 0.145773 -0.140635
FixedParameters: 0 0 0

#Transform 63
Transform: AffineTransform_float_3_3
Parameters: 0.999999 -0.000737895 0.00115359 0.000736281 0.999999 0.00126785 -0.00115493 -0.00126615 0.999998 0.043988 0.14432 -0.139422
FixedParameters: 0 0 0

#Transform 64
Transform: AffineTransform_float_3_3
Parameters: 0.999999 -0.00095336 0.000906001 0.000952418 0.999999 0.0012425 -0.000907838 -0.0012415 0.999999 0.0395922 0.140949 -0.128504
FixedParameters: 0 0 0

#Transform 65
Transform: AffineTransform_float_3_3
Parameters: 0.999999 -0.000819951 0.0011882 0.000818077 0.999999 0.00133977 -0.00118987 -0.00133923 0.999998 0.0560274 0.1329 -0.117647
FixedParameters: 0 0 0

#Transform 66
Transform: AffineTransform_float_3_3
Parameters: 0.999998 -0.000974683 0.00125364 0.000972633 0.999999 0.00134001 -0.00125572 -0.00133898 0.999998 0.0755315 0.132901 -0.135747
FixedParameters: 0 0 0

#Transform 67
Transform: AffineTransform_float_3_3
Parameters: 0.999998 -0.00108773 0.00130175 0.00108603 0.999999 0.00115621 -0.00130373 -0.00115479 0.999998 0.0783827 0.133533 -0.117764
FixedParameters: 0 0 0

#Transform 68
Transform: AffineTransform_float_3_3
Parameters: 0.999998 -0.00111801 0.00123002 0.00111671 0.999999 0.00106117 -0.00123186 -0.00105983 0.999999 0.0661644 0.141672 -0.122776
FixedParameters: 0 0 0

#Transform 69
Transform: AffineTransform_float_3_3
Parameters: 0.999999 -0.00115556 0.00132968 0.00115299 0.999999 0.00160633 -0.00133193 -0.00160467 0.999998 0.0639065 0.149545 -0.145166
FixedParameters: 0 0 0

#Transform 70
Transform: AffineTransform_float_3_3
Parameters: 0.999998 -0.0010884 0.00130119 0.00108667 0.999999 0.00166921 -0.00130376 -0.00166779 0.999998 0.0554962 0.15425 -0.152312
FixedParameters: 0 0 0

#Transform 71
Transform: AffineTransform_float_3_3
Parameters: 0.999998 -0.00108797 0.00130155 0.00108618 0.999998 0.00134036 -0.00130301 -0.00133964 0.999998 0.0674045 0.148673 -0.145967
FixedParameters: 0 0 0

#Transform 72
Transform: AffineTransform_float_3_3
Parameters: 0.999998 -0.00120404 0.00102708 0.00120299 0.999998 0.00134003 -0.00102886 -0.00133897 0.999999 0.0643408 0.152273 -0.179369
FixedParameters: 0 0 0

#Transform 73
Transform: AffineTransform_float_3_3
Parameters: 0.999999 -0.000748315 0.00115966 0.000748485 1 -7.33393e-05 -0.00115955 7.3661e-05 0.999999 0.0528638 0.112801 -0.184225
FixedParameters: 0 0 0

#Transform 74
Transform: AffineTransform_float_3_3
Parameters: 0.999999 -0.000727092 0.00164636 0.000725942 1 0.000468501 -0.00164612 -0.000467498 0.999999 0.0680732 0.148417 -0.180972
FixedParameters: 0 0 0

#Transform 75
Transform: AffineTransform_float_3_3
Parameters: 0.999999 -0.000712621 0.0016408 0.000712407 1 6.54742e-05 -0.00164089 -6.45253e-05 0.999999 0.0758595 0.127489 -0.21348
FixedParameters: 0 0 0

#Transform 76
Transform: AffineTransform_float_3_3
Parameters: 0.999998 -0.00055544 0.00157391 0.000554774 1 0.000212026 -0.00157414 -0.000210973 0.999999 0.0390461 0.124106 -0.187678
FixedParameters: 0 0 0

#Transform 77
Transform: AffineTransform_float_3_3
Parameters: 0.999998 -0.000627291 0.00160435 0.000626522 1 0.000240158 -0.00160465 -0.000238841 0.999999 0.0529402 0.140464 -0.173308
FixedParameters: 0 0 0

#Transform 78
Transform: AffineTransform_float_3_3
Parameters: 0.999998 -0.00090744 0.00172379 0.000907881 0.999999 -0.00012713 -0.00172356 0.00012887 0.999999 0.068696 0.116452 -0.190134
FixedParameters: 0 0 0

#Transform 79
Transform: AffineTransform_float_3_3
Parameters: 0.999998 -0.000836574 0.00169369 0.00083699 1 -0.000122278 -0.00169349 0.000123723 0.999999 0.0555548 0.117497 -0.182304
FixedParameters: 0 0 0

#Transform 80
Transform: AffineTransform_float_3_3
Parameters: 0.999998 -0.000943719 0.00163753 0.000945059 0.999999 -0.000408148 -0.00163676 0.000409851 0.999999 0.0640326 0.0944492 -0.155226
FixedParameters: 0 0 0

#Transform 81
Transform: AffineTransform_float_3_3
Parameters: 0.999998 -0.000907992 0.0017235 0.000908249 1 0.000193718 -0.00172424 -0.000191282 0.999998 0.0764032 0.124671 -0.120183
FixedParameters: 0 0 0

#Transform 82
Transform: AffineTransform_float_3_3
Parameters: 0.999998 -0.000908407 0.00172328 0.000908225 0.999999 0.000433871 -0.00172354 -0.00043213 0.999999 0.0714279 0.116179 -0.135804
FixedParameters: 0 0 0

#Transform 83
Transform: AffineTransform_float_3_3
Parameters: 0.999998 -0.000908222 0.00172338 0.00090841 0.999999 0.000326871 -0.00172344 -0.00032513 0.999999 0.0675632 0.12018 -0.145705
FixedParameters: 0 0 0

#Transform 84
Transform: AffineTransform_float_3_3
Parameters: 0.999998 -0.000908934 0.001723 0.000907698 0.999999 0.00073987 -0.00172382 -0.000738129 0.999998 0.0594785 0.128754 -0.168261
FixedParameters: 0 0 0

#Transform 85
Transform: AffineTransform_float_3_3
Parameters: 0.999998 -0.000908438 0.00172327 0.000908194 0.999999 0.000451871 -0.00172356 -0.000450129 0.999999 0.0475037 0.1404 -0.151611
FixedParameters: 0 0 0

#Transform 86
Transform: AffineTransform_float_3_3
Parameters: 0.999998 -0.000709551 0.00198443 0.000710765 1 -0.000305285 -0.001984 0.000306714 0.999998 0.0504393 0.123669 -0.162395
FixedParameters: 0 0 0

#Transform 87
Transform: AffineTransform_float_3_3
Parameters: 0.999997 -0.000629311 0.00237911 0.000629608 1 -6.16848e-05 -0.00237904 6.33152e-05 0.999997 0.0726967 0.121273 -0.158449
FixedParameters: 0 0 0

#Transform 88
Transform: AffineTransform_float_3_3
Parameters: 0.999997 -0.000753856 0.00208552 0.00075435 0.999999 -0.000117969 -0.00208534 0.000119031 0.999998 0.0654648 0.129152 -0.157299
FixedParameters: 0 0 0

#Transform 89
Transform: AffineTransform_float_3_3
Parameters: 0.999998 -0.00080951 0.00195399 0.000810444 1 -0.000238112 -0.00195361 0.000239888 0.999998 0.0634824 0.110233 -0.160252
FixedParameters: 0 0 0

#Transform 90
Transform: AffineTransform_float_3_3
Parameters: 0.999998 -0.000908572 0.0017232 0.00090806 0.999999 0.000529871 -0.00172363 -0.000528129 0.999998 0.059223 0.131867 -0.17448
FixedParameters: 0 0 0

#Transform 91
Transform: AffineTransform_float_3_3
Parameters: 0.999998 -0.000744895 0.00210825 0.000744696 0.999999 0.000266028 -0.00210904 -0.000264971 0.999998 0.0575495 0.130678 -0.16775
FixedParameters: 0 0 0

#Transform 92
Transform: AffineTransform_float_3_3
Parameters: 0.999997 -0.000751531 0.00209182 0.000751204 1 7.88767e-05 -0.00209193 -7.71224e-05 0.999997 0.0664751 0.126901 -0.156205
FixedParameters: 0 0 0

#Transform 93
Transform: AffineTransform_float_3_3
Parameters: 0.999998 -0.000907773 0.00172362 0.000907548 0.999999 6.58695e-05 -0.00172373 -6.41298e-05 0.999999 0.0563917 0.132316 -0.156406
FixedParameters: 0 0 0

#Transform 94
Transform: AffineTransform_float_3_3
Parameters: 0.999998 -0.000907883 0.00172356 0.000908359 0.999999 0.000129871 -0.00172418 -0.000128129 0.999999 0.0613345 0.111613 -0.191233
FixedParameters: 0 0 0

#Transform 95
Transform: AffineTransform_float_3_3
Parameters: 0.999997 -0.000623621 0.00239451 0.000622934 1 0.00033631 -0.00239532 -0.000334689 0.999997 0.0791576 0.124703 -0.17639
FixedParameters: 0 0 0

#Transform 96
Transform: AffineTransform_float_3_3
Parameters: 0.999997 -0.000651358 0.00232996 0.00065029 0.999999 0.000511334 -0.00233009 -0.000509666 0.999997 0.0814604 0.12134 -0.171033
FixedParameters: 0 0 0

#Transform 97
Transform: AffineTransform_float_3_3
Parameters: 0.999998 -0.000911092 0.0021555 0.000912736 1 -0.000684577 -0.00215478 0.000686424 0.999998 0.0739587 0.0805278 -0.161581
FixedParameters: 0 0 0

#Transform 98
Transform: AffineTransform_float_3_3
Parameters: 0.999998 -0.000690774 0.00223377 0.000691616 1 -0.000187638 -0.00223351 0.000189361 0.999998 0.0667722 0.105956 -0.166328
FixedParameters: 0 0 0

#Transform 99
Transform: AffineTransform_float_3_3
Parameters: 0.999997 -0.000666639 0.00229242 0.000666658 1 0.000197346 -0.00229307 -0.000195654 0.999998 0.0527379 0.13355 -0.158556
FixedParameters: 0 0 0

#Transform 100
Transform: AffineTransform_float_3_3
Parameters: 0.999997 -0.000667068 0.00229229 0.000666228 1 0.000385193 -0.00229319 -0.000382806 0.999997 0.0550316 0.134698 -0.152676
FixedParameters: 0 0 0

#Transform 101
Transform: AffineTransform_float_3_3
Parameters: 0.999997 -0.000666069 0.00229258 0.000666307 1 -5.08078e-05 -0.00229251 5.31924e-05 0.999997 0.061061 0.117413 -0.13792
FixedParameters: 0 0 0

#Transform 102
Transform: AffineTransform_float_3_3
Parameters: 0.999997 -0.000665859 0.00229264 0.000666517 1 -0.000142655 -0.00229245 0.000144345 0.999998 0.0561342 0.112657 -0.154904
FixedParameters: 0 0 0

#Transform 103
Transform: AffineTransform_float_3_3
Parameters: 0.999998 -0.000699295 0.00221514 0.000700037 1 0.000129369 -0.00221479 -0.000127634 0.999998 0.0459403 0.130221 -0.163944
FixedParameters: 0 0 0

#Transform 104
Transform: AffineTransform_float_3_3
Parameters: 0.999998 -0.000853922 0.00208552 0.000852823 0.999999 0.000579085 -0.00208597 -0.000576914 0.999997 0.0456192 0.12434 -0.162454
FixedParameters: 0 0 0

#Transform 105
Transform: AffineTransform_float_3_3
Parameters: 0.999998 -0.000697047 0.00222063 0.000697204 1 0.000173214 -0.00222126 -0.000170787 0.999998 0.0461239 0.128997 -0.168503
FixedParameters: 0 0 0

#Transform 106
Transform: AffineTransform_float_3_3
Parameters: 0.999997 -0.000614637 0.00241651 0.000613554 0.999999 0.000496301 -0.00241659 -0.000494698 0.999997 0.0486863 0.135273 -0.188258
FixedParameters: 0 0 0

#Transform 107
Transform: AffineTransform_float_3_3
Parameters: 0.999998 -0.000718852 0.00217068 0.00071799 0.999999 0.000501377 -0.00217087 -0.000499623 0.999998 0.0538765 0.128694 -0.192219
FixedParameters: 0 0 0

#Transform 108
Transform: AffineTransform_float_3_3
Parameters: 0.999998 -0.000831989 0.0019037 0.000831476 0.999999 0.000479889 -0.00190396 -0.000478111 0.999998 0.0383633 0.141388 -0.150334
FixedParameters: 0 0 0

#Transform 109
Transform: AffineTransform_float_3_3
Parameters: 0.999998 -0.000831233 0.00190403 0.000830921 1 8.28874e-05 -0.00190416 -8.11118e-05 0.999998 0.0291275 0.121747 -0.127811
FixedParameters: 0 0 0

#Transform 110
Transform: AffineTransform_float_3_3
Parameters: 0.999997 -0.000797459 0.00198479 0.000797238 0.999999 0.000386888 -0.00198488 -0.000385112 0.999998 0.0403163 0.114771 -0.132199
FixedParameters: 0 0 0

#Transform 111
Transform: AffineTransform_float_3_3
Parameters: 0.999998 -0.000732489 0.00213689 0.000733268 0.999999 0.000125025 -0.00213654 -0.000123977 0.999997 0.0320448 0.109934 -0.119226
FixedParameters: 0 0 0

#Transform 112
Transform: AffineTransform_float_3_3
Parameters: 0.999998 -0.000736033 0.0021286 0.000736366 1 0.000138873 -0.00212919 -0.000137128 0.999997 0.0441563 0.119925 -0.123272
FixedParameters: 0 0 0

#Transform 113
Transform: AffineTransform_float_3_3
Parameters: 0.999997 -0.000636551 0.00236086 0.000637996 1 -0.00030483 -0.00236047 0.000307169 0.999997 0.0389807 0.109215 -0.123359
FixedParameters: 0 0 0

#Transform 114
Transform: AffineTransform_float_3_3
Parameters: 0.999998 -0.000717524 0.00217191 0.000717226 0.999999 6.90157e-05 -0.00217201 -6.79834e-05 0.999997 0.0350735 0.120817 -0.131474
FixedParameters: 0 0 0

#Transform 115
Transform: AffineTransform_float_3_3
Parameters: 0.999998 -0.000834347 0.00189742 0.000834588 1 0.000282889 -0.00189736 -0.000281112 0.999998 0.0222211 0.128174 -0.130728
FixedParameters: 0 0 0

#Transform 116
Transform: AffineTransform_float_3_3
Parameters: 0.999997 -0.000757798 0.00207708 0.000758361 1 8.68805e-05 -0.0020776 -8.51202e-05 0.999997 0.042203 0.124644 -0.133185
FixedParameters: 0 0 0

#Transform 117
Transform: AffineTransform_float_3_3
Parameters: 0.999997 -0.000770957 0.00222049 0.000771145 1 0.000166018 -0.00222114 -0.000163982 0.999997 0.0509456 0.124372 -0.146494
FixedParameters: 0 0 0

#Transform 118
Transform: AffineTransform_float_3_3
Parameters: 0.999997 -0.000831848 0.00203648 0.000830699 1 0.000282997 -0.00203695 -0.000281001 0.999997 0.0437044 0.121969 -0.150388
FixedParameters: 0 0 0

#Transform 119
Transform: AffineTransform_float_3_3
Parameters: 0.999997 -0.000978241 0.00224733 0.00097845 1 -0.000250704 -0.00224644 0.000252297 0.999997 0.0499607 0.122838 -0.126216
FixedParameters: 0 0 0

#Transform 120
Transform: AffineTransform_float_3_3
Parameters: 0.999997 -0.000655448 0.00205972 0.000655094 1 8.66546e-05 -0.00205983 -8.53445e-05 0.999997 0.0382971 0.125761 -0.137466
FixedParameters: 0 0 0

#Transform 121
Transform: AffineTransform_float_3_3
Parameters: 0.999998 -0.000866218 0.00209352 0.000865269 0.999999 0.00022727 -0.00209391 -0.000225728 0.999998 0.0415762 0.121725 -0.143786
FixedParameters: 0 0 0

#Transform 122
Transform: AffineTransform_float_3_3
Parameters: 0.999997 -0.000898441 0.00221473 0.000898358 0.999999 0.000227448 -0.00221552 -0.000225552 0.999997 0.0464017 0.128702 -0.136045
FixedParameters: 0 0 0

#Transform 123
Transform: AffineTransform_float_3_3
Parameters: 0.999997 -0.000674973 0.0023767 0.000675056 1 -1.65782e-05 -0.00237667 1.84222e-05 0.999997 0.0536638 0.119586 -0.138713
FixedParameters: 0 0 0

#Transform 124
Transform: AffineTransform_float_3_3
Parameters: 0.999997 -0.000952181 0.00249426 0.000951994 1 3.88324e-05 -0.00249433 -3.61668e-05 0.999997 0.0582226 0.127905 -0.154557
FixedParameters: 0 0 0

#Transform 125
Transform: AffineTransform_float_3_3
Parameters: 0.999996 -0.000789199 0.00242512 0.000789114 0.999999 1.87312e-05 -0.00242515 -1.62682e-05 0.999997 0.0599888 0.122274 -0.143623
FixedParameters: 0 0 0

#Transform 126
Transform: AffineTransform_float_3_3
Parameters: 0.999997 -0.000918661 0.00197166 0.0009186 0.999999 1.6269e-05 -0.00197169 -1.47304e-05 0.999998 0.049583 0.125397 -0.11923
FixedParameters: 0 0 0

#Transform 127
Transform: AffineTransform_float_3_3
Parameters: 0.999997 -0.0011386 0.00205514 0.00113834 0.999999 6.34377e-05 -0.00205529 -6.15614e-05 0.999998 0.062918 0.113651 -0.134709
FixedParameters: 0 0 0

#Transform 128
Transform: AffineTransform_float_3_3
Parameters: 0.999998 -0.00114217 0.00204753 0.00114101 0.999999 0.000283435 -0.00204817 -0.000281563 0.999998 0.0568614 0.130255 -0.134081
FixedParameters: 0 0 0

#Transform 129
Transform: AffineTransform_float_3_3
Parameters: 0.999997 -0.000999902 0.00216227 0.00100045 1 0.000177109 -0.00216209 -0.000174893 0.999997 0.0509291 0.130554 -0.124848
FixedParameters: 0 0 0

#Transform 130
Transform: AffineTransform_float_3_3
Parameters: 0.999998 -0.00115154 0.00202474 0.00115118 1 9.02765e-05 -0.00202494 -8.77225e-05 0.999998 0.0511313 0.142436 -0.125525
FixedParameters: 0 0 0

#Transform 131
Transform: AffineTransform_float_3_3
Parameters: 0.999997 -0.00120575 0.00210034 0.00120543 0.999999 0.000389631 -0.00210075 -0.000387369 0.999998 0.0691126 0.129657 -0.122711
FixedParameters: 0 0 0

#Transform 132
Transform: AffineTransform_float_3_3
Parameters: 0.999997 -0.00125424 0.00209531 0.00125355 0.999999 0.000166725 -0.00209573 -0.000164273 0.999998 0.0708944 0.126748 -0.135058
FixedParameters: 0 0 0

#Transform 133
Transform: AffineTransform_float_3_3
Parameters: 0.999997 -0.0010701 0.00221703 0.00106929 1 0.000184469 -0.00221742 -0.000182529 0.999997 0.0790055 0.131794 -0.123166
FixedParameters: 0 0 0

#Transform 134
Transform: AffineTransform_float_3_3
Parameters: 0.999997 -0.00107891 0.00219667 0.00107806 1 0.000283467 -0.00219636 -0.000281532 0.999997 0.0663848 0.131279 -0.135465
FixedParameters: 0 0 0

#Transform 135
Transform: AffineTransform_float_3_3
Parameters: 0.999997 -0.00129153 0.0020343 0.00129068 0.999999 0.000533725 -0.00203515 -0.000531274 0.999998 0.0526128 0.135403 -0.145679
FixedParameters: 0 0 0

#Transform 136
Transform: AffineTransform_float_3_3
Parameters: 0.999996 -0.00132367 0.0022555 0.00132284 0.999999 0.000476083 -0.00225623 -0.000472916 0.999997 0.0778811 0.145385 -0.161339
FixedParameters: 0 0 0

#Transform 137
Transform: AffineTransform_float_3_3
Parameters: 0.999997 -0.00103698 0.00229748 0.00103535 0.999999 0.000725839 -0.00229753 -0.000723162 0.999997 0.0723493 0.141143 -0.17545
FixedParameters: 0 0 0

#Transform 138
Transform: AffineTransform_float_3_3
Parameters: 0.999998 -0.0012746 0.00193921 0.00127125 0.999998 0.00154057 -0.00194207 -0.00153843 0.999997 0.0661712 0.168641 -0.174703
FixedParameters: 0 0 0

#Transform 139
Transform: AffineTransform_float_3_3
Parameters: 0.999996 -0.00162128 0.00206757 0.00161888 0.999998 0.000992088 -0.00206933 -0.000988909 0.999997 0.0687219 0.155252 -0.144305
FixedParameters: 0 0 0

#Transform 140
Transform: AffineTransform_float_3_3
Parameters: 0.999996 -0.00168168 0.00192427 0.00167947 0.999999 0.00077882 -0.00192504 -0.000775179 0.999998 0.0618794 0.166986 -0.121526
FixedParameters: 0 0 0

#Transform 141
Transform: AffineTransform_float_3_3
Parameters: 0.999996 -0.00166734 0.00195944 0.00166465 0.999998 0.00122185 -0.00196113 -0.00121815 0.999997 0.0697742 0.152208 -0.122187
FixedParameters: 0 0 0

#Transform 142
Transform: AffineTransform_float_3_3
Parameters: 0.999997 -0.00172852 0.00207773 0.00172706 0.999998 0.000762329 -0.00207891 -0.00075867 0.999997 0.0675112 0.155938 -0.115638
FixedParameters: 0 0 0

#Transform 143
Transform: AffineTransform_float_3_3
Parameters: 0.999996 -0.00207278 0.00185212 0.00207165 0.999998 0.000768066 -0.00185384 -0.000763934 0.999998 0.0645525 0.147847 -0.108602
FixedParameters: 0 0 0

#Transform 144
Transform: AffineTransform_float_3_3
Parameters: 0.999997 -0.00160144 0.0021145 0.00159887 0.999998 0.00101312 -0.00211629 -0.00100987 0.999997 0.0708319 0.15748 -0.118242
FixedParameters: 0 0 0

#Transform 145
Transform: AffineTransform_float_3_3
Parameters: 0.999996 -0.00167864 0.00193273 0.00167601 0.999998 0.00122183 -0.00193445 -0.00121817 0.999997 0.0660521 0.166038 -0.120599
FixedParameters: 0 0 0

#Transform 146
Transform: AffineTransform_float_3_3
Parameters: 0.999996 -0.001903 0.00175351 0.00190118 0.999997 0.00100792 -0.00175588 -0.00100408 0.999998 0.06435 0.159211 -0.12071
FixedParameters: 0 0 0

#Transform 147
Transform: AffineTransform_float_3_3
Parameters: 0.999996 -0.00191702 0.00169264 0.00191498 0.999998 0.00122132 -0.00169494 -0.00121768 0.999997 0.0551545 0.156158 -0.114669
FixedParameters: 0 0 0

#Transform 148
Transform: AffineTransform_float_3_3
Parameters: 0.999996 -0.00172954 0.00195101 0.00172739 0.999997 0.00122196 -0.00195416 -0.00121804 0.999997 0.069198 0.163642 -0.119663
FixedParameters: 0 0 0

#Transform 149
Transform: AffineTransform_float_3_3
Parameters: 0.999998 -0.0013903 0.00180678 0.0013877 0.999997 0.00155461 -0.00180912 -0.00155239 0.999998 0.0580086 0.160624 -0.160753
FixedParameters: 0 0 0

#Transform 150
Transform: AffineTransform_float_3_3
Parameters: 0.999996 -0.00180242 0.0018128 0.00179943 0.999997 0.00151101 -0.00181495 -0.001508 0.999998 0.0573344 0.171975 -0.161279
FixedParameters: 0 0 0

#Transform 151
Transform: AffineTransform_float_3_3
Parameters: 0.999997 -0.00173429 0.00175044 0.00173163 0.999998 0.00147126 -0.00175225 -0.00146874 0.999997 0.0626358 0.177329 -0.150587
FixedParameters: 0 0 0

#Transform 152
Transform: AffineTransform_float_3_3
Parameters: 0.999997 -0.00164639 0.00179144 0.00164412 0.999997 0.00147689 -0.00179432 -0.0014731 0.999997 0.061787 0.188486 -0.14876
FixedParameters: 0 0 0

#Transform 153
Transform: AffineTransform_float_3_3
Parameters: 0.999997 -0.00191894 0.00153201 0.0019168 0.999997 0.00150901 -0.0015345 -0.00150599 0.999997 0.0537797 0.183513 -0.14683
FixedParameters: 0 0 0

#Transform 154
Transform: AffineTransform_float_3_3
Parameters: 0.999997 -0.00189031 0.00162488 0.00188843 0.999998 0.00122115 -0.00162711 -0.00121785 0.999998 0.0518385 0.186749 -0.133287
FixedParameters: 0 0 0

#Transform 155
Transform: AffineTransform_float_3_3
Parameters: 0.999998 -0.00175205 0.00148713 0.00175051 0.999998 0.00122104 -0.00148903 -0.00121796 0.999998 0.0487979 0.184971 -0.13571
FixedParameters: 0 0 0

#Transform 156
Transform: AffineTransform_float_3_3
Parameters: 0.999997 -0.00166801 0.00190652 0.00166545 0.999998 0.00122176 -0.00190822 -0.00121823 0.999997 0.0562962 0.199874 -0.144593
FixedParameters: 0 0 0

#Transform 157
Transform: AffineTransform_float_3_3
Parameters: 0.999997 -0.00167663 0.00175562 0.0016739 0.999998 0.00137317 -0.00175784 -0.00137083 0.999997 0.0438086 0.192968 -0.159472
FixedParameters: 0 0 0

#Transform 158
Transform: AffineTransform_float_3_3
Parameters: 0.999997 -0.0018522 0.00159972 0.00184994 0.999998 0.00136119 -0.00160238 -0.00135881 0.999998 0.0499287 0.192668 -0.151202
FixedParameters: 0 0 0

#Transform 159
Transform: AffineTransform_float_3_3
Parameters: 0.999998 -0.00171836 0.00156176 0.00171644 0.999997 0.00128227 -0.00156379 -0.00127973 0.999998 0.0507474 0.200139 -0.150784
FixedParameters: 0 0 0

#Transform 160
Transform: AffineTransform_float_3_3
Parameters: 0.999998 -0.00167438 0.00163755 0.00167218 0.999997 0.00131133 -0.00163957 -0.00130867 0.999998 0.0514167 0.188815 -0.136514
FixedParameters: 0 0 0

#Transform 161
Transform: AffineTransform_float_3_3
Parameters: 0.999997 -0.00163928 0.0018946 0.00163711 0.999998 0.00112684 -0.00189592 -0.00112416 0.999998 0.0570184 0.196404 -0.127131
FixedParameters: 0 0 0

#Transform 162
Transform: AffineTransform_float_3_3
Parameters: 0.999996 -0.00168948 0.00191523 0.00168671 0.999998 0.00137097 -0.00191656 -0.00136803 0.999998 0.0617139 0.188887 -0.127685
FixedParameters: 0 0 0

#Transform 163
Transform: AffineTransform_float_3_3
Parameters: 0.999998 -0.00171277 0.00159011 0.0017108 0.999998 0.00115331 -0.0015926 -0.00115069 0.999998 0.0534988 0.185454 -0.135495
FixedParameters: 0 0 0

#Transform 164
Transform: AffineTransform_float_3_3
Parameters: 0.999998 -0.00165668 0.0015409 0.00165455 0.999997 0.00137014 -0.00154306 -0.00136786 0.999998 0.0480175 0.193215 -0.139426
FixedParameters: 0 0 0

#Transform 165
Transform: AffineTransform_float_3_3
Parameters: 0.999997 -0.00159553 0.0018755 0.00159288 0.999997 0.00137109 -0.00187658 -0.00136791 0.999998 0.0512713 0.192861 -0.143982
FixedParameters: 0 0 0

#Transform 166
Transform: AffineTransform_float_3_3
Parameters: 0.999997 -0.00152775 0.00184637 0.00152442 0.999998 0.00157441 -0.00184788 -0.0015716 0.999997 0.0591231 0.170187 -0.174055
FixedParameters: 0 0 0

#Transform 167
Transform: AffineTransform_float_3_3
Parameters: 0.999997 -0.00152737 0.00184668 0.00152441 0.999998 0.00137076 -0.00184849 -0.00136723 0.999998 0.0629882 0.187646 -0.168252
FixedParameters: 0 0 0

#Transform 168
Transform: AffineTransform_float_3_3
Parameters: 0.999997 -0.00174156 0.00160719 0.00174017 0.999997 0.00137039 -0.00160998 -0.00136761 0.999998 0.0666543 0.167385 -0.157822
FixedParameters: 0 0 0

#Transform 169
Transform: AffineTransform_float_3_3
Parameters: 0.999998 -0.00185716 0.00134665 0.00185557 0.999997 0.00136993 -0.00134936 -0.00136706 0.999998 0.0637434 0.177269 -0.14952
FixedParameters: 0 0 0

#Transform 170
Transform: AffineTransform_float_3_3
Parameters: 0.999998 -0.00194741 0.00130291 0.00194584 0.999997 0.00155561 -0.00130567 -0.00155339 0.999998 0.0684357 0.183756 -0.145239
FixedParameters: 0 0 0

#Transform 171
Transform: AffineTransform_float_3_3
Parameters: 0.999998 -0.00190503 0.0013286 0.00190226 0.999997 0.0014836 -0.00133149 -0.00148139 0.999998 0.0608813 0.184336 -0.138298
FixedParameters: 0 0 0

#Transform 172
Transform: AffineTransform_float_3_3
Parameters: 0.999996 -0.00214795 0.00143175 0.00214535 0.999996 0.0013183 -0.00143464 -0.0013157 0.999998 0.0662517 0.195998 -0.125748
FixedParameters: 0 0 0

#Transform 173
Transform: AffineTransform_float_3_3
Parameters: 0.999996 -0.0021181 0.00141986 0.00211591 0.999998 0.00104808 -0.00142245 -0.00104492 0.999999 0.0770535 0.202156 -0.113195
FixedParameters: 0 0 0

#Transform 174
Transform: AffineTransform_float_3_3
Parameters: 0.999997 -0.00191725 0.00142048 0.00191536 0.999997 0.0015408 -0.00142309 -0.0015382 0.999997 0.0706343 0.18134 -0.138464
FixedParameters: 0 0 0

#Transform 175
Transform: AffineTransform_float_3_3
Parameters: 0.999997 -0.0019958 0.00125513 0.00199415 0.999997 0.00148943 -0.0012587 -0.00148657 0.999998 0.0607047 0.170148 -0.132192
FixedParameters: 0 0 0

#Transform 176
Transform: AffineTransform_float_3_3
Parameters: 0.999996 -0.0023866 0.00139647 0.00238403 0.999996 0.00148205 -0.00139986 -0.00147895 0.999998 0.0838315 0.196774 -0.128317
FixedParameters: 0 0 0

#Transform 177
Transform: AffineTransform_float_3_3
Parameters: 0.999998 -0.00185644 0.0014283 0.00185437 0.999997 0.00159273 -0.00143092 -0.00159027 0.999997 0.079364 0.206972 -0.142256
FixedParameters: 0 0 0

#Transform 178
Transform: AffineTransform_float_3_3
Parameters: 0.999998 -0.00187692 0.00137969 0.00187492 0.999997 0.00148282 -0.00138288 -0.00148118 0.999998 0.0617974 0.197749 -0.141765
FixedParameters: 0 0 0

#Transform 179
Transform: AffineTransform_float_3_3
Parameters: 0.999997 -0.00181236 0.00154495 0.00181035 0.999997 0.00132739 -0.00154738 -0.00132461 0.999998 0.0710597 0.180837 -0.127758
FixedParameters: 0 0 0
