#Insight Transform File V1.0
#Transform 0
Transform: AffineTransform_float_3_3
Parameters: 1 0.00019906 -0.000221701 -0.000199549 1 -0.00110396 0.000221261 0.00110404 1 0.0478454 0.0701527 0.301893
FixedParameters: 0 0 0

#Transform 1
Transform: AffineTransform_float_3_3
Parameters: 1 0.000303685 -0.000234148 -0.000303527 1 0.000338071 0.000234353 -0.000337929 1 0.0072517 -0.00426087 -0.0591582
FixedParameters: 0 0 0

#Transform 2
Transform: AffineTransform_float_3_3
Parameters: 1 0.00053038 -0.000375822 -0.000530037 1 0.000457199 0.000376307 -0.0004568 1 0.0186211 0.00786525 -0.145192
FixedParameters: 0 0 0

#Transform 3
Transform: AffineTransform_float_3_3
Parameters: 1 0.000719978 -0.000827763 -0.000719767 1 0.000363389 0.000827366 -0.000363612 1 0.0224082 0.00314769 -0.18157
FixedParameters: 0 0 0

#Transform 4
Transform: AffineTransform_float_3_3
Parameters: 1 0.000613563 -0.000861544 -0.000612648 1 0.000758529 0.000861553 -0.000757473 1 0.0197715 -0.0143263 -0.206103
FixedParameters: 0 0 0

#Transform 5
Transform: AffineTransform_float_3_3
Parameters: 1 0.000549895 -0.000383761 -0.000549575 1 0.000925852 0.000383858 -0.000926149 0.999999 0.022796 0.00602076 -0.180106
FixedParameters: 0 0 0

#Transform 6
Transform: AffineTransform_float_3_3
Parameters: 0.999999 0.000334995 -0.000878216 -0.00033459 1 0.000754448 0.000879112 -0.000754554 1 0.0212083 0.00414218 -0.185031
FixedParameters: 0 0 0

#Transform 7
Transform: AffineTransform_float_3_3
Parameters: 0.999999 -7.81731e-05 -0.000836663 7.92424e-05 1 0.00118893 0.000836867 -0.00118907 0.999999 0.0460654 0.0277233 -0.192768
FixedParameters: 0 0 0

#Transform 8
Transform: AffineTransform_float_3_3
Parameters: 0.999999 0.000499685 -0.000851867 -0.000499033 0.999998 0.00138158 0.000851797 -0.00138142 0.999999 0.0351928 0.0134764 -0.214522
FixedParameters: 0 0 0

#Transform 9
Transform: AffineTransform_float_3_3
Parameters: 0.999999 0.00053454 -0.000866756 -0.000533745 0.999999 0.00121462 0.000867524 -0.00121438 0.999999 0.0405491 0.00341929 -0.236195
FixedParameters: 0 0 0

#Transform 10
Transform: AffineTransform_float_3_3
Parameters: 1 0.000220049 -0.001005 -0.000219314 0.999998 0.00147537 0.0010055 -0.00147563 0.999998 0.0519689 0.024347 -0.215362
FixedParameters: 0 0 0

#Transform 11
Transform: AffineTransform_float_3_3
Parameters: 1 0.000220382 -0.00100492 -0.00021806 0.999998 0.00180737 0.00100519 -0.00180763 0.999998 0.0438918 0.0169933 -0.212937
FixedParameters: 0 0 0

#Transform 12
Transform: AffineTransform_float_3_3
Parameters: 1 -0.000203701 -0.0011342 0.000205207 0.999999 0.00147528 0.00113437 -0.00147572 0.999999 0.0474883 0.0291469 -0.234863
FixedParameters: 0 0 0

#Transform 13
Transform: AffineTransform_float_3_3
Parameters: 1 0.000171364 -0.00119721 -0.000170062 0.999999 0.00147572 0.00119757 -0.00147528 0.999999 0.0481963 0.0268169 -0.232668
FixedParameters: 0 0 0

#Transform 14
Transform: AffineTransform_float_3_3
Parameters: 0.999999 -9.0393e-05 -0.00086616 9.20287e-05 0.999998 0.00147507 0.000866282 -0.00147593 0.999998 0.047062 0.0337454 -0.224238
FixedParameters: 0 0 0

#Transform 15
Transform: AffineTransform_float_3_3
Parameters: 0.999999 0.000334236 -0.000854878 -0.000333741 0.999999 0.00105644 0.000855054 -0.00105656 1 0.0397813 0.0283135 -0.22982
FixedParameters: 0 0 0

#Transform 16
Transform: AffineTransform_float_3_3
Parameters: 0.999999 8.49324e-06 -0.000776513 -7.65775e-06 0.999999 0.00172216 0.000777322 -0.00172284 0.999999 0.0459645 0.0240954 -0.198407
FixedParameters: 0 0 0

#Transform 17
Transform: AffineTransform_float_3_3
Parameters: 1 0.000252395 -0.00108495 -0.00025068 0.999999 0.00139442 0.00108512 -0.00139457 0.999998 0.039756 0.0267903 -0.196051
FixedParameters: 0 0 0

#Transform 18
Transform: AffineTransform_float_3_3
Parameters: 0.999999 0.000711294 -0.000420882 -0.000711452 0.999998 0.0018323 0.000422039 -0.0018317 0.999998 0.0359223 0.0251395 -0.185207
FixedParameters: 0 0 0

#Transform 19
Transform: AffineTransform_float_3_3
Parameters: 1 9.77608e-05 -0.00016178 -9.75627e-05 0.999999 0.00182302 0.000161216 -0.00182299 0.999999 0.0645255 0.0358546 -0.201082
FixedParameters: 0 0 0

#Transform 20
Transform: AffineTransform_float_3_3
Parameters: 0.999999 0.000327539 -0.000791973 -0.000326347 0.999999 0.0015799 0.000792476 -0.0015801 0.999998 0.0403125 0.0253428 -0.210153
FixedParameters: 0 0 0

#Transform 21
Transform: AffineTransform_float_3_3
Parameters: 0.999999 0.000260177 -0.000951331 -0.000259436 0.999998 0.00156225 0.000952003 -0.00156175 0.999998 0.0466533 0.0365291 -0.20027
FixedParameters: 0 0 0

#Transform 22
Transform: AffineTransform_float_3_3
Parameters: 1 0.000219721 -0.00104796 -0.000217838 0.999998 0.00196323 0.00104868 -0.00196277 0.999997 0.0407091 0.0406574 -0.205412
FixedParameters: 0 0 0

#Transform 23
Transform: AffineTransform_float_3_3
Parameters: 0.999999 0.000319654 -0.000811203 -0.00031874 0.999998 0.00193741 0.0008123 -0.00193759 0.999998 0.0363104 0.0416102 -0.203029
FixedParameters: 0 0 0

#Transform 24
Transform: AffineTransform_float_3_3
Parameters: 1 0.000186147 -0.000648652 -0.000185484 0.999998 0.00152127 0.000648688 -0.00152173 0.999999 0.0411125 0.0326649 -0.203719
FixedParameters: 0 0 0

#Transform 25
Transform: AffineTransform_float_3_3
Parameters: 0.999999 -0.000158724 -0.000848122 0.000159991 0.999999 0.00152086 0.000847107 -0.00152113 0.999998 0.0491041 0.0466325 -0.201547
FixedParameters: 0 0 0

#Transform 26
Transform: AffineTransform_float_3_3
Parameters: 1 -9.77998e-05 -0.000917287 9.84513e-05 0.999999 0.00157227 0.000916839 -0.00157173 0.999999 0.0479932 0.0433451 -0.207443
FixedParameters: 0 0 0

#Transform 27
Transform: AffineTransform_float_3_3
Parameters: 1 -0.000248008 -0.0010068 0.000250286 0.999998 0.00204611 0.00100656 -0.00204589 0.999998 0.0495411 0.0423221 -0.219095
FixedParameters: 0 0 0

#Transform 28
Transform: AffineTransform_float_3_3
Parameters: 1 0.000189312 -0.00111276 -0.000188163 0.999999 0.00110536 0.00111264 -0.00110564 0.999999 0.035695 0.0309725 -0.230289
FixedParameters: 0 0 0

#Transform 29
Transform: AffineTransform_float_3_3
Parameters: 0.999999 0.00035303 -0.00118152 -0.000351615 0.999999 0.00170857 0.00118167 -0.00170843 0.999998 0.0325065 0.0513524 -0.223167
FixedParameters: 0 0 0

#Transform 30
Transform: AffineTransform_float_3_3
Parameters: 1 -5.3787e-05 -0.00100987 5.47654e-05 1 0.00113395 0.00100922 -0.00113406 0.999999 0.0405231 0.0437264 -0.235168
FixedParameters: 0 0 0

#Transform 31
Transform: AffineTransform_float_3_3
Parameters: 0.999999 0.000494435 -0.00084636 -0.000493348 0.999999 0.00141642 0.000847229 -0.00141558 0.999998 0.032061 0.0230946 -0.233788
FixedParameters: 0 0 0

#Transform 32
Transform: AffineTransform_float_3_3
Parameters: 0.999999 0.000352318 -0.00118174 -0.000351015 1 0.00110642 0.00118198 -0.00110558 0.999998 0.03251 0.0312407 -0.222835
FixedParameters: 0 0 0

#Transform 33
Transform: AffineTransform_float_3_3
Parameters: 0.999999 0.000352653 -0.00118164 -0.000351992 0.999999 0.00138957 0.00118155 -0.00138943 0.999998 0.0325014 0.0563571 -0.212325
FixedParameters: 0 0 0

#Transform 34
Transform: AffineTransform_float_3_3
Parameters: 0.999999 0.000352426 -0.0011817 -0.000350907 0.999999 0.00119757 0.00118202 -0.00119743 0.999999 0.0325656 0.0343383 -0.264748
FixedParameters: 0 0 0

#Transform 35
Transform: AffineTransform_float_3_3
Parameters: 1 0.000464269 -0.000917374 -0.000463343 0.999999 0.00121943 0.000917975 -0.00121857 0.999999 0.0222557 0.0351243 -0.237253
FixedParameters: 0 0 0

#Transform 36
Transform: AffineTransform_float_3_3
Parameters: 0.999999 0.000179003 -0.000901007 -0.000178358 0.999999 0.00108531 0.000900865 -0.00108569 0.999999 0.0271173 0.0498875 -0.233886
FixedParameters: 0 0 0

#Transform 37
Transform: AffineTransform_float_3_3
Parameters: 1 0.000236294 -0.00113263 -0.000235072 0.999999 0.00111842 0.00113263 -0.00111858 0.999999 0.0348735 0.0415758 -0.250577
FixedParameters: 0 0 0

#Transform 38
Transform: AffineTransform_float_3_3
Parameters: 1 -4.36719e-05 -0.00101416 4.46286e-05 0.999999 0.00111811 0.00101353 -0.00111889 0.999999 0.0403653 0.0593504 -0.215062
FixedParameters: 0 0 0

#Transform 39
Transform: AffineTransform_float_3_3
Parameters: 0.999999 0.000409736 -0.000799853 -0.000408206 0.999999 0.00120133 0.000799915 -0.00120067 0.999999 0.0269839 0.0558121 -0.216422
FixedParameters: 0 0 0

#Transform 40
Transform: AffineTransform_float_3_3
Parameters: 1 0.000123345 -0.000619108 -0.000122289 0.999999 0.000852228 0.000619317 -0.00085277 0.999999 0.0249914 0.0459988 -0.222992
FixedParameters: 0 0 0

#Transform 41
Transform: AffineTransform_float_3_3
Parameters: 1 0.000193964 -0.000452419 -0.000193114 0.999999 0.000939087 0.000452783 -0.000938911 0.999999 0.0172764 0.0552634 -0.195415
FixedParameters: 0 0 0

#Transform 42
Transform: AffineTransform_float_3_3
Parameters: 1 0.00040025 -0.000932649 -0.000399312 0.999999 0.00120553 0.000933083 -0.00120547 0.999999 0.0232754 0.0404662 -0.225318
FixedParameters: 0 0 0

#Transform 43
Transform: AffineTransform_float_3_3
Parameters: 0.999999 5.663e-06 -0.0008972 -5.2808e-06 0.999999 0.000944365 0.000896681 -0.000943635 0.999999 0.0321965 0.0386373 -0.227113
FixedParameters: 0 0 0

#Transform 44
Transform: AffineTransform_float_3_3
Parameters: 0.999999 0.000407794 -0.000587923 -0.000407889 0.999999 0.000251393 0.000587207 -0.000251608 1 0.0251542 0.0289159 -0.265855
FixedParameters: 0 0 0

#Transform 45
Transform: AffineTransform_float_3_3
Parameters: 0.999999 6.8895e-05 -0.000748012 -6.82546e-05 1 0.00104305 0.000748546 -0.00104295 0.999999 0.0300231 0.0563469 -0.217271
FixedParameters: 0 0 0

#Transform 46
Transform: AffineTransform_float_3_3
Parameters: 1 -4.38118e-05 -0.00101415 4.44887e-05 1 0.000980109 0.00101354 -0.000980893 0.999999 0.0403715 0.065523 -0.226401
FixedParameters: 0 0 0

#Transform 47
Transform: AffineTransform_float_3_3
Parameters: 0.999999 7.66452e-05 -0.000729599 -7.61337e-05 1 0.000981057 0.000730139 -0.000980945 1 0.0262286 0.0460118 -0.229022
FixedParameters: 0 0 0

#Transform 48
Transform: AffineTransform_float_3_3
Parameters: 0.999999 0.000103427 -0.000817965 -0.000102488 1 0.00113608 0.00081859 -0.00113592 0.999999 0.0315642 0.0549237 -0.222842
FixedParameters: 0 0 0

#Transform 49
Transform: AffineTransform_float_3_3
Parameters: 0.999999 1.72896e-05 -0.000870488 -1.59254e-05 0.999999 0.00131201 0.000870923 -0.00131199 0.999999 0.0323648 0.051924 -0.224017
FixedParameters: 0 0 0

#Transform 50
Transform: AffineTransform_float_3_3
Parameters: 0.999999 0.000310531 -0.000818709 -0.000309925 0.999999 0.00117041 0.000818906 -0.00117059 0.999999 0.0253796 0.0671964 -0.217561
FixedParameters: 0 0 0

#Transform 51
Transform: AffineTransform_float_3_3
Parameters: 0.999999 5.57798e-05 -0.000779314 -5.48005e-05 0.999999 0.0012182 0.000779839 -0.0012188 0.999999 0.0334257 0.0586479 -0.242722
FixedParameters: 0 0 0

#Transform 52
Transform: AffineTransform_float_3_3
Parameters: 1 -0.00011348 -0.000552496 0.000114317 0.999999 0.000757936 0.000552323 -0.000758062 0.999999 0.0443437 0.0554249 -0.257092
FixedParameters: 0 0 0

#Transform 53
Transform: AffineTransform_float_3_3
Parameters: 1 -4.43891e-05 -0.00101413 4.48326e-05 1 0.000411467 0.00101317 -0.000411533 1 0.0404144 0.0510844 -0.263099
FixedParameters: 0 0 0

#Transform 54
Transform: AffineTransform_float_3_3
Parameters: 1 -0.00020176 -0.000310828 0.000201298 0.999999 -0.000743062 0.000311127 0.000742937 0.999999 0.0631248 0.0419194 -0.296734
FixedParameters: 0 0 0

#Transform 55
Transform: AffineTransform_float_3_3
Parameters: 1 2.12715e-05 -0.000499173 -2.11853e-05 0.999999 -0.000835989 0.000498746 0.00083601 0.999999 0.0423573 0.0415195 -0.292297
FixedParameters: 0 0 0

#Transform 56
Transform: AffineTransform_float_3_3
Parameters: 0.999999 -4.688e-05 -0.00101402 4.45749e-05 0.999998 -0.00204469 0.00101342 0.00204531 0.999998 0.057573 0.0336056 -0.311343
FixedParameters: 0 0 0

#Transform 57
Transform: AffineTransform_float_3_3
Parameters: 1 -0.000199414 -0.000948673 0.000198568 0.999999 -0.000930829 0.000948653 0.000931171 0.999999 0.0638773 0.0656254 -0.28023
FixedParameters: 0 0 0

#Transform 58
Transform: AffineTransform_float_3_3
Parameters: 1 -0.000217205 -0.000126988 0.000216801 0.999998 -0.00158503 0.000127676 0.00158497 0.999998 0.0662842 0.0433377 -0.29751
FixedParameters: 0 0 0

#Transform 59
Transform: AffineTransform_float_3_3
Parameters: 0.999999 -0.000186095 -0.000729472 0.000185439 0.999998 -0.00171178 0.000729327 0.00171222 0.999998 0.0644987 0.0383032 -0.304643
FixedParameters: 0 0 0

#Transform 60
Transform: AffineTransform_float_3_3
Parameters: 1 -0.000485452 -0.000929024 0.00048398 0.999999 -0.00178245 0.00092997 0.00178155 0.999998 0.0731643 0.0409395 -0.302187
FixedParameters: 0 0 0

#Transform 61
Transform: AffineTransform_float_3_3
Parameters: 0.999999 -0.000166574 -0.00096272 0.000166052 0.999999 -0.00122801 0.000962347 0.00122699 0.999999 0.0608613 0.0625389 -0.265127
FixedParameters: 0 0 0

#Transform 62
Transform: AffineTransform_float_3_3
Parameters: 0.999999 -0.000375263 -0.000873835 0.000374351 1 -0.00104833 0.00087423 0.00104767 0.999999 0.0510022 0.0766573 -0.262829
FixedParameters: 0 0 0

#Transform 63
Transform: AffineTransform_float_3_3
Parameters: 1 -0.000278135 -0.000401155 0.000277663 1 -0.000588111 0.000401482 0.000587888 0.999999 0.0629066 0.0879199 -0.252151
FixedParameters: 0 0 0

#Transform 64
Transform: AffineTransform_float_3_3
Parameters: 0.999999 -0.000449459 -0.000842285 0.000447966 1 -0.000654018 0.000841951 0.000653982 1 0.0525424 0.0851225 -0.261539
FixedParameters: 0 0 0

#Transform 65
Transform: AffineTransform_float_3_3
Parameters: 0.999999 -0.000450498 -0.000841829 0.000449688 0.999999 -0.000796019 0.000841235 0.000795981 1 0.0719102 0.0761839 -0.270468
FixedParameters: 0 0 0

#Transform 66
Transform: AffineTransform_float_3_3
Parameters: 0.999999 -0.000343662 -0.000887276 0.000343358 1 -0.000689945 0.000887359 0.000690055 1 0.0858854 0.0688686 -0.284981
FixedParameters: 0 0 0

#Transform 67
Transform: AffineTransform_float_3_3
Parameters: 0.999999 -0.000220989 -0.000729692 0.000220396 1 -0.000406161 0.000729872 0.000405839 0.999999 0.0687284 0.0635478 -0.295444
FixedParameters: 0 0 0

#Transform 68
Transform: AffineTransform_float_3_3
Parameters: 0.999999 -0.000364933 -0.000747819 0.000364546 0.999999 -0.000873913 0.000748066 0.000874087 1 0.0710879 0.0573365 -0.314322
FixedParameters: 0 0 0

#Transform 69
Transform: AffineTransform_float_3_3
Parameters: 1 -0.000484101 -0.000422761 0.000483457 0.999997 -0.0024752 0.000423454 0.00247479 0.999997 0.075215 0.0475726 -0.393763
FixedParameters: 0 0 0

#Transform 70
Transform: AffineTransform_float_3_3
Parameters: 1 -0.000594671 -0.000154718 0.000593496 0.999997 -0.00251724 0.000156789 0.00251775 0.999996 0.0801377 0.0558893 -0.355897
FixedParameters: 0 0 0

#Transform 71
Transform: AffineTransform_float_3_3
Parameters: 1 -0.00024356 -0.00029077 0.000242621 0.999998 -0.00161207 0.000291554 0.00161193 0.999998 0.0724495 0.0616439 -0.332747
FixedParameters: 0 0 0

#Transform 72
Transform: AffineTransform_float_3_3
Parameters: 1 -0.000355276 -0.000229015 0.000355475 0.999998 -0.00157208 0.000229742 0.00157192 0.999998 0.081134 0.061043 -0.344568
FixedParameters: 0 0 0

#Transform 73
Transform: AffineTransform_float_3_3
Parameters: 1 4.67472e-05 -0.000267774 -4.75492e-05 0.999999 -0.00149799 0.000267632 0.00149801 0.999999 0.0672935 0.0481042 -0.359028
FixedParameters: 0 0 0

#Transform 74
Transform: AffineTransform_float_3_3
Parameters: 1 -0.000250306 9.3699e-05 0.00025023 0.999998 -0.00167698 -9.37801e-05 0.00167702 0.999998 0.0711624 0.0645498 -0.351123
FixedParameters: 0 0 0

#Transform 75
Transform: AffineTransform_float_3_3
Parameters: 1 -0.000281117 -0.000189879 0.000281265 0.999998 -0.00202905 0.00019063 0.00202895 0.999998 0.0745634 0.0667344 -0.323511
FixedParameters: 0 0 0

#Transform 76
Transform: AffineTransform_float_3_3
Parameters: 1 3.18581e-06 -0.000558048 -4.48887e-06 0.999998 -0.001993 0.000557642 0.001993 0.999998 0.0507272 0.0546579 -0.343338
FixedParameters: 0 0 0

#Transform 77
Transform: AffineTransform_float_3_3
Parameters: 1 0.000188469 -0.00012395 -0.000188976 0.999998 -0.00205198 0.000123175 0.00205202 0.999998 0.0634405 0.0563778 -0.339468
FixedParameters: 0 0 0

#Transform 78
Transform: AffineTransform_float_3_3
Parameters: 1 -0.000309544 -0.000185445 0.000308546 0.999998 -0.00163906 0.000185538 0.00163894 0.999998 0.067772 0.0657312 -0.337396
FixedParameters: 0 0 0

#Transform 79
Transform: AffineTransform_float_3_3
Parameters: 1 -9.7972e-05 -0.000438736 9.73922e-05 0.999998 -0.00170968 0.00043868 0.00171032 0.999999 0.0637142 0.0736927 -0.349055
FixedParameters: 0 0 0

#Transform 80
Transform: AffineTransform_float_3_3
Parameters: 1 -0.000345997 -0.000329739 0.000345935 0.999999 -0.00148811 0.000330378 0.00148789 0.999999 0.068494 0.0756169 -0.349536
FixedParameters: 0 0 0

#Transform 81
Transform: AffineTransform_float_3_3
Parameters: 1 -0.000405762 -0.000393394 0.000405092 0.999999 -0.00152531 0.00039332 0.00152569 0.999998 0.0602577 0.0668883 -0.370964
FixedParameters: 0 0 0

#Transform 82
Transform: AffineTransform_float_3_3
Parameters: 1 -0.000114236 -0.000576382 0.000113263 0.999998 -0.00164271 0.000576365 0.00164329 0.999999 0.0558182 0.0669901 -0.36376
FixedParameters: 0 0 0

#Transform 83
Transform: AffineTransform_float_3_3
Parameters: 1 0.000180656 -0.000142294 -0.00018116 0.999999 -0.00177598 0.000141651 0.00177603 0.999999 0.0534521 0.0741711 -0.344846
FixedParameters: 0 0 0

#Transform 84
Transform: AffineTransform_float_3_3
Parameters: 1 -0.000223706 -0.00033075 0.000223464 0.999999 -0.00175608 0.000331145 0.00175593 0.999999 0.0610694 0.0757752 -0.347423
FixedParameters: 0 0 0

#Transform 85
Transform: AffineTransform_float_3_3
Parameters: 1 -9.38023e-05 -0.000181775 9.41515e-05 0.999999 -0.00157202 0.00018168 0.00157198 0.999998 0.050171 0.0642404 -0.373163
FixedParameters: 0 0 0

#Transform 86
Transform: AffineTransform_float_3_3
Parameters: 1 -0.000356378 -0.000294719 0.000355627 0.999997 -0.0021711 0.000294954 0.00217089 0.999997 0.0629332 0.0725781 -0.359189
FixedParameters: 0 0 0

#Transform 87
Transform: AffineTransform_float_3_3
Parameters: 0.999999 -0.000384367 -0.000869945 0.000382736 0.999998 -0.00199533 0.000870694 0.00199467 0.999997 0.067987 0.0771595 -0.343577
FixedParameters: 0 0 0

#Transform 88
Transform: AffineTransform_float_3_3
Parameters: 1 -0.000229899 -8.02648e-05 0.000229642 0.999998 -0.00159402 8.09973e-05 0.00159398 0.999998 0.0531902 0.0849141 -0.327461
FixedParameters: 0 0 0

#Transform 89
Transform: AffineTransform_float_3_3
Parameters: 1 -0.000340697 -0.00029177 0.000340731 0.999999 -0.0015181 0.000292414 0.0015179 0.999999 0.0587305 0.0804216 -0.338442
FixedParameters: 0 0 0

#Transform 90
Transform: AffineTransform_float_3_3
Parameters: 1 -0.000409236 -0.000424531 0.000408882 0.999999 -0.00149933 0.000425367 0.00149967 0.999998 0.0647911 0.0861468 -0.325118
FixedParameters: 0 0 0

#Transform 91
Transform: AffineTransform_float_3_3
Parameters: 1 -0.000358658 -0.000173229 0.000358124 0.999999 -0.00153521 0.00017433 0.00153578 0.999998 0.0639898 0.0783987 -0.344713
FixedParameters: 0 0 0

#Transform 92
Transform: AffineTransform_float_3_3
Parameters: 1 -0.000293848 -7.47692e-05 0.000293624 0.999999 -0.00148902 7.5644e-05 0.00148898 0.999999 0.0638332 0.0760748 -0.369462
FixedParameters: 0 0 0

#Transform 93
Transform: AffineTransform_float_3_3
Parameters: 1 -0.00036393 -0.000399172 0.000363234 0.999998 -0.00202214 0.000400252 0.00202185 0.999998 0.0704713 0.0679902 -0.388745
FixedParameters: 0 0 0

#Transform 94
Transform: AffineTransform_float_3_3
Parameters: 1 -0.000319006 -0.000294508 0.000318683 0.999999 -0.00144809 0.00029412 0.00144791 0.999999 0.0536102 0.0867422 -0.341467
FixedParameters: 0 0 0

#Transform 95
Transform: AffineTransform_float_3_3
Parameters: 0.999999 -0.000730163 -0.000215996 0.000730047 0.999998 -0.00149316 0.000216864 0.00149284 0.999999 0.0809108 0.103559 -0.332334
FixedParameters: 0 0 0

#Transform 96
Transform: AffineTransform_float_3_3
Parameters: 1 -0.000563032 -7.62859e-05 0.000562395 0.999998 -0.00160604 7.71728e-05 0.00160596 0.999998 0.0792973 0.086824 -0.346111
FixedParameters: 0 0 0

#Transform 97
Transform: AffineTransform_float_3_3
Parameters: 1 -0.00106214 -0.00017156 0.00106135 0.999998 -0.00117218 0.000173128 0.00117182 1 0.0874256 0.102771 -0.321388
FixedParameters: 0 0 0

#Transform 98
Transform: AffineTransform_float_3_3
Parameters: 0.999999 -0.000878725 -0.000291969 0.000878501 0.999999 -0.00128926 0.000292923 0.00128874 0.999999 0.0724417 0.103003 -0.332003
FixedParameters: 0 0 0

#Transform 99
Transform: AffineTransform_float_3_3
Parameters: 0.999999 -0.00124802 -0.000254798 0.0012482 0.999998 -0.00173247 0.0002565 0.00173253 0.999999 0.0905484 0.0970697 -0.340789
FixedParameters: 0 0 0

#Transform 100
Transform: AffineTransform_float_3_3
Parameters: 0.999999 -0.00124653 -5.02941e-05 0.00124559 0.999999 -0.00146158 5.20953e-05 0.00146142 0.999999 0.0952786 0.0990688 -0.31347
FixedParameters: 0 0 0

#Transform 101
Transform: AffineTransform_float_3_3
Parameters: 0.999999 -0.00126045 -9.37564e-05 0.00125986 0.999999 -0.00106727 9.55263e-05 0.00106773 0.999999 0.0866867 0.105924 -0.314578
FixedParameters: 0 0 0

#Transform 102
Transform: AffineTransform_float_3_3
Parameters: 1 -0.00117063 -0.000155819 0.0011708 0.999999 -0.00114634 0.000157192 0.00114666 0.999999 0.0750336 0.105251 -0.319281
FixedParameters: 0 0 0

#Transform 103
Transform: AffineTransform_float_3_3
Parameters: 0.999999 -0.00121963 -0.000270736 0.0012191 0.999998 -0.00122048 0.000271481 0.00122052 0.999999 0.0864059 0.0941413 -0.322487
FixedParameters: 0 0 0

#Transform 104
Transform: AffineTransform_float_3_3
Parameters: 0.999999 -0.00126621 -0.000380371 0.0012659 0.999999 -0.00110064 0.000381846 0.00110036 0.999999 0.0853572 0.107737 -0.302123
FixedParameters: 0 0 0

#Transform 105
Transform: AffineTransform_float_3_3
Parameters: 1 -0.00109181 -0.000330764 0.00109164 0.999999 -0.00105851 0.000331764 0.00105849 0.999999 0.0785705 0.113585 -0.298255
FixedParameters: 0 0 0

#Transform 106
Transform: AffineTransform_float_3_3
Parameters: 0.999999 -0.0013073 -0.000477099 0.00130687 0.999999 -0.00100878 0.000478424 0.00100822 0.999999 0.079851 0.112404 -0.332726
FixedParameters: 0 0 0

#Transform 107
Transform: AffineTransform_float_3_3
Parameters: 0.999999 -0.00109044 -0.000568978 0.00108978 0.999998 -0.00151541 0.00056966 0.00151559 0.999999 0.0782594 0.0906247 -0.326665
FixedParameters: 0 0 0

#Transform 108
Transform: AffineTransform_float_3_3
Parameters: 1 -0.00114678 -0.000290639 0.00114606 0.999998 -0.00146933 0.000291776 0.00146867 0.999999 0.0825574 0.0991012 -0.336005
FixedParameters: 0 0 0

#Transform 109
Transform: AffineTransform_float_3_3
Parameters: 1 -0.00118187 -0.000199701 0.00118185 0.999998 -0.00136939 0.000201626 0.00136961 0.999999 0.0915051 0.101904 -0.326985
FixedParameters: 0 0 0

#Transform 110
Transform: AffineTransform_float_3_3
Parameters: 0.999999 -0.000942055 -0.000291684 0.000941096 0.999998 -0.00187743 0.000292988 0.00187757 0.999998 0.0689177 0.103843 -0.295397
FixedParameters: 0 0 0

#Transform 111
Transform: AffineTransform_float_3_3
Parameters: 0.999999 -0.00144618 0.00063663 0.00144738 0.999997 -0.00186944 -0.00063398 0.00187056 0.999998 0.0833097 0.0959354 -0.331297
FixedParameters: 0 0 0

#Transform 112
Transform: AffineTransform_float_3_3
Parameters: 0.999998 -0.00183151 -0.000737014 0.00182999 0.999996 -0.00210966 0.000740802 0.00210834 0.999997 0.116731 0.0939607 -0.354826
FixedParameters: 0 0 0

#Transform 113
Transform: AffineTransform_float_3_3
Parameters: 1 -0.00113293 -0.000408248 0.00113125 0.999996 -0.00287262 0.000411209 0.00287239 0.999996 0.0774117 0.0874201 -0.361006
FixedParameters: 0 0 0

#Transform 114
Transform: AffineTransform_float_3_3
Parameters: 0.999999 -0.00135865 -0.000453346 0.00135691 0.999996 -0.00263677 0.000456963 0.00263623 0.999996 0.0810283 0.0846664 -0.349415
FixedParameters: 0 0 0

#Transform 115
Transform: AffineTransform_float_3_3
Parameters: 0.999999 -0.00138976 -0.000440456 0.0013884 0.999996 -0.00229377 0.000443284 0.00229323 0.999997 0.0915145 0.0970193 -0.341703
FixedParameters: 0 0 0

#Transform 116
Transform: AffineTransform_float_3_3
Parameters: 0.999999 -0.00129609 -0.000480178 0.00129521 0.999996 -0.00256178 0.000482882 0.00256123 0.999997 0.0977499 0.0875014 -0.35072
FixedParameters: 0 0 0

#Transform 117
Transform: AffineTransform_float_3_3
Parameters: 0.999999 -0.00141011 -0.000431428 0.00140855 0.999996 -0.00256676 0.00043512 0.00256624 0.999997 0.100049 0.0979719 -0.318683
FixedParameters: 0 0 0

#Transform 118
Transform: AffineTransform_float_3_3
Parameters: 0.999998 -0.00159753 -0.000351926 0.00159669 0.999996 -0.00213572 0.000355204 0.00213528 0.999998 0.103713 0.113897 -0.347864
FixedParameters: 0 0 0

#Transform 119
Transform: AffineTransform_float_3_3
Parameters: 0.999998 -0.00154767 -0.000373976 0.00154661 0.999998 -0.00158989 0.000376665 0.00159011 0.999999 0.10278 0.113225 -0.344582
FixedParameters: 0 0 0

#Transform 120
Transform: AffineTransform_float_3_3
Parameters: 0.999999 -0.00134177 -0.000461381 0.00134105 0.999997 -0.00192277 0.000463916 0.00192223 0.999998 0.0918647 0.100042 -0.344158
FixedParameters: 0 0 0

#Transform 121
Transform: AffineTransform_float_3_3
Parameters: 0.999998 -0.00148777 -0.00064802 0.00148722 0.999997 -0.00195112 0.00065081 0.00194988 0.999998 0.0999757 0.112501 -0.338429
FixedParameters: 0 0 0

#Transform 122
Transform: AffineTransform_float_3_3
Parameters: 0.999999 -0.00154047 -0.0002194 0.00153991 0.999997 -0.00159949 0.000222095 0.00159951 0.999999 0.10357 0.118814 -0.330994
FixedParameters: 0 0 0

#Transform 123
Transform: AffineTransform_float_3_3
Parameters: 0.999999 -0.00164426 -0.000800957 0.00164323 0.999997 -0.00187763 0.000804115 0.00187638 0.999998 0.106982 0.127085 -0.331837
FixedParameters: 0 0 0

#Transform 124
Transform: AffineTransform_float_3_3
Parameters: 0.999999 -0.00164089 -0.000454846 0.00164047 0.999997 -0.0016259 0.000457558 0.0016251 0.999999 0.103932 0.127875 -0.374683
FixedParameters: 0 0 0

#Transform 125
Transform: AffineTransform_float_3_3
Parameters: 0.999998 -0.00164723 -0.000292724 0.00164575 0.999997 -0.00208579 0.000296441 0.00208621 0.999998 0.102511 0.110168 -0.368384
FixedParameters: 0 0 0

#Transform 126
Transform: AffineTransform_float_3_3
Parameters: 0.999998 -0.00162752 -0.000421246 0.00162701 0.999996 -0.00248884 0.000425412 0.00248816 0.999997 0.103863 0.108755 -0.357269
FixedParameters: 0 0 0

#Transform 127
Transform: AffineTransform_float_3_3
Parameters: 0.999999 -0.00171682 -0.000631762 0.00171589 0.999997 -0.00198639 0.000634646 0.00198561 0.999998 0.104142 0.115829 -0.339267
FixedParameters: 0 0 0

#Transform 128
Transform: AffineTransform_float_3_3
Parameters: 0.999998 -0.00160541 -0.000569543 0.00160424 0.999997 -0.00195243 0.000573184 0.00195057 0.999998 0.102509 0.124823 -0.315805
FixedParameters: 0 0 0

#Transform 129
Transform: AffineTransform_float_3_3
Parameters: 0.999998 -0.00157109 -0.000291033 0.00157078 0.999997 -0.00167461 0.000292751 0.00167439 0.999999 0.0997878 0.118277 -0.332658
FixedParameters: 0 0 0

#Transform 130
Transform: AffineTransform_float_3_3
Parameters: 0.999998 -0.00173358 -0.000279112 0.00173322 0.999997 -0.001826 0.000281898 0.001825 0.999998 0.10651 0.132853 -0.301529
FixedParameters: 0 0 0

#Transform 131
Transform: AffineTransform_float_3_3
Parameters: 0.999999 -0.00172186 -0.000264898 0.00172075 0.999997 -0.00160561 0.000267273 0.00160539 0.999999 0.106431 0.141876 -0.3158
FixedParameters: 0 0 0

#Transform 132
Transform: AffineTransform_float_3_3
Parameters: 0.999998 -0.00156123 -0.000268346 0.00156057 0.999998 -0.00147593 0.000270721 0.00147507 0.999999 0.0936094 0.130542 -0.310063
FixedParameters: 0 0 0

#Transform 133
Transform: AffineTransform_float_3_3
Parameters: 0.999999 -0.00166498 -0.000510431 0.00166366 0.999997 -0.00194301 0.000513354 0.001942 0.999999 0.0965283 0.127791 -0.323483
FixedParameters: 0 0 0

#Transform 134
Transform: AffineTransform_float_3_3
Parameters: 0.999999 -0.0014683 -5.0534e-05 0.00146869 0.999998 -0.00133259 5.31363e-05 0.00133241 0.999999 0.0955661 0.134302 -0.338023
FixedParameters: 0 0 0

#Transform 135
Transform: AffineTransform_float_3_3
Parameters: 0.999998 -0.00164648 -0.000467381 0.00164582 0.999997 -0.00183428 0.000470795 0.00183272 0.999998 0.103837 0.138729 -0.332277
FixedParameters: 0 0 0

#Transform 136
Transform: AffineTransform_float_3_3
Parameters: 0.999998 -0.00161709 -0.000398221 0.00161621 0.999997 -0.00194316 0.000400958 0.00194184 0.999998 0.103758 0.124348 -0.334151
FixedParameters: 0 0 0

#Transform 137
Transform: AffineTransform_float_3_3
Parameters: 0.999999 -0.00151979 -0.00016975 0.00151971 0.999996 -0.00218941 0.000172862 0.00218959 0.999998 0.103471 0.121821 -0.353506
FixedParameters: 0 0 0

#Transform 138
Transform: AffineTransform_float_3_3
Parameters: 0.999998 -0.00192388 -6.49887e-05 0.00192334 0.999993 -0.00312879 7.16428e-05 0.0031292 0.999995 0.129492 0.11004 -0.364843
FixedParameters: 0 0 0

#Transform 139
Transform: AffineTransform_float_3_3
Parameters: 0.999998 -0.00210185 -0.000221828 0.0021013 0.999993 -0.00300414 0.00022868 0.00300386 0.999995 0.131549 0.111027 -0.364424
FixedParameters: 0 0 0

#Transform 140
Transform: AffineTransform_float_3_3
Parameters: 0.999998 -0.00192773 -0.000390781 0.00192603 0.999994 -0.00250591 0.000395973 0.00250509 0.999997 0.120937 0.135666 -0.370336
FixedParameters: 0 0 0

#Transform 141
Transform: AffineTransform_float_3_3
Parameters: 0.999998 -0.00191847 -0.000448089 0.00191783 0.999995 -0.00247117 0.000453634 0.00247083 0.999997 0.121403 0.120142 -0.389958
FixedParameters: 0 0 0

#Transform 142
Transform: AffineTransform_float_3_3
Parameters: 0.999998 -0.00178076 -0.000616617 0.00177876 0.999995 -0.00258041 0.000620947 0.00257959 0.999996 0.115849 0.13523 -0.373706
FixedParameters: 0 0 0

#Transform 143
Transform: AffineTransform_float_3_3
Parameters: 0.999998 -0.00204369 -0.00028129 0.00204233 0.999993 -0.00312961 0.00028738 0.0031284 0.999995 0.118922 0.108626 -0.368395
FixedParameters: 0 0 0

#Transform 144
Transform: AffineTransform_float_3_3
Parameters: 0.999998 -0.00157731 -0.000303092 0.00157681 0.999995 -0.00277699 0.000306995 0.00277601 0.999996 0.105322 0.132676 -0.36539
FixedParameters: 0 0 0

#Transform 145
Transform: AffineTransform_float_3_3
Parameters: 0.999998 -0.00159196 -0.000336613 0.00159107 0.999994 -0.00308905 0.00034159 0.00308795 0.999995 0.110562 0.135524 -0.330883
FixedParameters: 0 0 0

#Transform 146
Transform: AffineTransform_float_3_3
Parameters: 0.999998 -0.00160338 -8.14148e-06 0.0016036 0.999995 -0.00272853 1.24283e-05 0.00272847 0.999996 0.109605 0.149167 -0.319196
FixedParameters: 0 0 0

#Transform 147
Transform: AffineTransform_float_3_3
Parameters: 0.999998 -0.00156993 -0.000285114 0.00156934 0.999994 -0.00310096 0.000289993 0.00310004 0.999995 0.11046 0.155413 -0.31743
FixedParameters: 0 0 0

#Transform 148
Transform: AffineTransform_float_3_3
Parameters: 0.999999 -0.00182352 0.000215175 0.00182436 0.999994 -0.00315749 -0.000209961 0.00315752 0.999995 0.111161 0.149967 -0.326338
FixedParameters: 0 0 0

#Transform 149
Transform: AffineTransform_float_3_3
Parameters: 0.999998 -0.00158365 -0.000317526 0.00158297 0.999994 -0.00295181 0.000322019 0.00295219 0.999995 0.110581 0.123883 -0.363598
FixedParameters: 0 0 0

#Transform 150
Transform: AffineTransform_float_3_3
Parameters: 0.999998 -0.00166817 -0.000154103 0.00166752 0.999994 -0.00294541 0.000159465 0.00294559 0.999996 0.113146 0.131794 -0.378523
FixedParameters: 0 0 0

#Transform 151
Transform: AffineTransform_float_3_3
Parameters: 0.999998 -0.00157176 -0.000290453 0.00157089 0.999995 -0.00262861 0.000295171 0.00262839 0.999997 0.118012 0.1336 -0.387445
FixedParameters: 0 0 0

#Transform 152
Transform: AffineTransform_float_3_3
Parameters: 0.999998 -0.00174257 -0.000206174 0.00174166 0.999994 -0.00284987 0.000211639 0.00284912 0.999996 0.114076 0.127427 -0.389997
FixedParameters: 0 0 0

#Transform 153
Transform: AffineTransform_float_3_3
Parameters: 0.999998 -0.00159748 -0.000349472 0.00159649 0.999994 -0.00309608 0.000354505 0.00309493 0.999995 0.118036 0.129778 -0.366453
FixedParameters: 0 0 0

#Transform 154
Transform: AffineTransform_float_3_3
Parameters: 0.999998 -0.00176762 -0.000746325 0.00176578 0.999993 -0.00325563 0.00075219 0.00325437 0.999994 0.123501 0.131426 -0.37885
FixedParameters: 0 0 0

#Transform 155
Transform: AffineTransform_float_3_3
Parameters: 0.999998 -0.00165998 -0.000495882 0.00165824 0.999994 -0.00295013 0.000500816 0.00294987 0.999995 0.119036 0.1498 -0.403229
FixedParameters: 0 0 0

#Transform 156
Transform: AffineTransform_float_3_3
Parameters: 0.999998 -0.00187011 -0.000581571 0.00186796 0.999993 -0.00331776 0.000587805 0.00331624 0.999994 0.136192 0.153847 -0.375317
FixedParameters: 0 0 0

#Transform 157
Transform: AffineTransform_float_3_3
Parameters: 0.999997 -0.00235078 -3.80846e-06 0.00235035 0.99999 -0.00368904 1.26148e-05 0.00368895 0.999993 0.142494 0.144667 -0.36925
FixedParameters: 0 0 0

#Transform 158
Transform: AffineTransform_float_3_3
Parameters: 0.999998 -0.00203113 -0.000327623 0.00203027 0.999992 -0.00333034 0.000334061 0.00332966 0.999994 0.131987 0.134604 -0.391923
FixedParameters: 0 0 0

#Transform 159
Transform: AffineTransform_float_3_3
Parameters: 0.999998 -0.00203959 -0.000345847 0.00203783 0.999991 -0.00385938 0.000353575 0.00385862 0.999992 0.142019 0.121835 -0.396199
FixedParameters: 0 0 0

#Transform 160
Transform: AffineTransform_float_3_3
Parameters: 0.999998 -0.00189095 -0.000137091 0.00189038 0.999993 -0.00353193 0.000143751 0.00353207 0.999994 0.133934 0.123388 -0.390423
FixedParameters: 0 0 0

#Transform 161
Transform: AffineTransform_float_3_3
Parameters: 0.999999 -0.00186299 6.46308e-05 0.00186289 0.999994 -0.00319891 -5.90161e-05 0.00319909 0.999994 0.133707 0.144838 -0.353199
FixedParameters: 0 0 0

#Transform 162
Transform: AffineTransform_float_3_3
Parameters: 0.999999 -0.0018137 0.000180414 0.00181411 0.999991 -0.00368219 -0.000174279 0.00368281 0.999993 0.126834 0.140668 -0.364496
FixedParameters: 0 0 0

#Transform 163
Transform: AffineTransform_float_3_3
Parameters: 0.999998 -0.00168498 -0.000210825 0.00168485 0.999994 -0.00310802 0.000216444 0.00310797 0.999995 0.116609 0.157919 -0.366793
FixedParameters: 0 0 0

#Transform 164
Transform: AffineTransform_float_3_3
Parameters: 0.999998 -0.00194453 -0.000124896 0.00194403 0.999992 -0.00358876 0.000132155 0.00358824 0.999994 0.117525 0.125596 -0.386287
FixedParameters: 0 0 0

#Transform 165
Transform: AffineTransform_float_3_3
Parameters: 0.999999 -0.00184679 0.000103417 0.00184666 0.999991 -0.00379269 -9.66342e-05 0.00379231 0.999993 0.124236 0.124494 -0.389393
FixedParameters: 0 0 0

#Transform 166
Transform: AffineTransform_float_3_3
Parameters: 0.999999 -0.00185747 7.78615e-05 0.00185747 0.999992 -0.00339337 -7.15593e-05 0.00339363 0.999994 0.136126 0.130733 -0.373721
FixedParameters: 0 0 0

#Transform 167
Transform: AffineTransform_float_3_3
Parameters: 0.999999 -0.0018445 0.000107763 0.00184466 0.999994 -0.00315968 -0.000102412 0.00315932 0.999995 0.136095 0.13751 -0.398005
FixedParameters: 0 0 0

#Transform 168
Transform: AffineTransform_float_3_3
Parameters: 0.999998 -0.00200239 -0.000260506 0.00200197 0.999992 -0.00333804 0.000266785 0.00333696 0.999995 0.136502 0.127648 -0.396438
FixedParameters: 0 0 0

#Transform 169
Transform: AffineTransform_float_3_3
Parameters: 0.999998 -0.00198066 -0.000210578 0.00198018 0.999994 -0.00302109 0.000216769 0.00302091 0.999995 0.136445 0.140025 -0.402637
FixedParameters: 0 0 0

#Transform 170
Transform: AffineTransform_float_3_3
Parameters: 0.999998 -0.00195002 -0.000138183 0.00194948 0.999992 -0.00337394 0.000144644 0.00337406 0.999994 0.139682 0.144593 -0.389538
FixedParameters: 0 0 0

#Transform 171
Transform: AffineTransform_float_3_3
Parameters: 0.999999 -0.00184171 0.000114671 0.00184197 0.999992 -0.00341631 -0.00010839 0.00341669 0.999994 0.136051 0.141195 -0.397686
FixedParameters: 0 0 0

#Transform 172
Transform: AffineTransform_float_3_3
Parameters: 0.999999 -0.0018661 5.85858e-05 0.00186656 0.999991 -0.00390041 -5.16422e-05 0.00390059 0.999993 0.128344 0.129941 -0.411592
FixedParameters: 0 0 0

#Transform 173
Transform: AffineTransform_float_3_3
Parameters: 0.999998 -0.00196112 -0.000162988 0.00196079 0.999991 -0.00384899 0.000170077 0.00384901 0.999993 0.136427 0.132672 -0.419259
FixedParameters: 0 0 0

#Transform 174
Transform: AffineTransform_float_3_3
Parameters: 0.999998 -0.00203552 -0.000334097 0.00203383 0.999987 -0.004666 0.000343767 0.00466601 0.999989 0.149453 0.13688 -0.458656
FixedParameters: 0 0 0

#Transform 175
Transform: AffineTransform_float_3_3
Parameters: 0.999998 -0.00188346 1.77238e-05 0.00188398 0.999992 -0.00367364 -1.05774e-05 0.00367436 0.999993 0.152493 0.157829 -0.404546
FixedParameters: 0 0 0

#Transform 176
Transform: AffineTransform_float_3_3
Parameters: 0.999998 -0.00133874 -0.000929619 0.0013353 0.999993 -0.00368519 0.000934758 0.00368481 0.999993 0.171484 0.1361 -0.392274
FixedParameters: 0 0 0

#Transform 177
Transform: AffineTransform_float_3_3
Parameters: 0.999997 -0.00232986 -0.00051068 0.00232957 0.999996 -0.000805857 0.00051312 0.000804142 1 0.179706 0.174063 -0.261087
FixedParameters: 0 0 0

#Transform 178
Transform: AffineTransform_float_3_3
Parameters: 0.999994 -0.00318673 -0.00141269 0.00318685 0.999995 0.000227583 0.00141254 -0.000232418 0.999999 0.256306 0.161494 -0.304793
FixedParameters: 0 0 0

#Transform 179
Transform: AffineTransform_float_3_3
Parameters: 0.999996 -0.00283155 -0.000453485 0.0028304 0.999994 -0.00213862 0.000459815 0.00213738 0.999997 0.222789 0.177129 -0.252829
FixedParameters: 0 0 0
