# transform file /out/sourcedata/freesurfer/sub-v1s10x0051127_ses-1/mri/transforms/cc_up.lta
# created by oesteban on Thu Mar 12 10:46:27 2026

type      = 0 # LINEAR_VOX_TO_VOX
nxforms   = 1
mean      = 132.0000 141.0000 123.0000
sigma     = 10000.0000
1 4 4
9.987186789512634e-01 -2.682504430413246e-02 4.291496425867081e-02 -3.383333206176758e+00 
2.680031582713127e-02 9.996402859687805e-01 1.151610282249749e-03 1.430088996887207e+00 
-4.293041676282883e-02 -1.164153357047226e-10 9.990782141685486e-01 2.068512725830078e+01 
0.000000000000000e+00 0.000000000000000e+00 0.000000000000000e+00 1.000000000000000e+00 
src volume info
valid = 1  # volume info valid
filename = /out/sourcedata/freesurfer/sub-v1s10x0051127_ses-1/mri/norm.mgz
volume = 256 256 256
voxelsize = 1.000000000000000e+00 1.000000000000000e+00 1.000000000000000e+00
xras   = -1.000000000000000e+00 0.000000000000000e+00 0.000000000000000e+00
yras   = 0.000000000000000e+00 0.000000000000000e+00 -1.000000000000000e+00
zras   = 0.000000000000000e+00 1.000000000000000e+00 0.000000000000000e+00
cras   = -5.840904235839844e+00 -4.783142089843750e+00 -2.614456176757812e+00
dst volume info
valid = 1  # volume info valid
filename = /out/sourcedata/freesurfer/sub-v1s10x0051127_ses-1/mri/norm.mgz
volume = 256 256 256
voxelsize = 1.000000000000000e+00 1.000000000000000e+00 1.000000000000000e+00
xras   = -1.000000000000000e+00 0.000000000000000e+00 0.000000000000000e+00
yras   = 0.000000000000000e+00 0.000000000000000e+00 -1.000000000000000e+00
zras   = 0.000000000000000e+00 1.000000000000000e+00 0.000000000000000e+00
cras   = -5.840904235839844e+00 -4.783142089843750e+00 -2.614456176757812e+00
