#Insight Transform File V1.0
#Transform 0
Transform: AffineTransform_float_3_3
Parameters: 1 0.000391293 0.000154643 -0.00039154 0.999999 0.000800939 -0.000154016 -0.00080106 0.999999 0.0547761 -0.183225 -0.283378
FixedParameters: 0 0 0

#Transform 1
Transform: AffineTransform_float_3_3
Parameters: 1 0.000456713 -0.000188346 -0.000456653 1 0.000159086 0.000188491 -0.000158914 1 -0.00752312 0.0208461 -0.0126169
FixedParameters: 0 0 0

#Transform 2
Transform: AffineTransform_float_3_3
Parameters: 0.999999 0.000786489 -0.000245754 -0.000786436 0.999999 0.000108193 0.000245924 -0.000107807 1 0.00611469 0.0707113 -0.044765
FixedParameters: 0 0 0

#Transform 3
Transform: AffineTransform_float_3_3
Parameters: 0.999999 0.00090652 -0.000323846 -0.00090645 0.999999 0.000108294 0.000324042 -0.000107706 1 0.00880208 0.065978 -0.0534377
FixedParameters: 0 0 0

#Transform 4
Transform: AffineTransform_float_3_3
Parameters: 0.999999 0.000981358 -0.000101407 -0.000981336 0.999999 0.0001081 0.000101619 -0.0001079 1 -0.00627373 0.0727884 -0.0578808
FixedParameters: 0 0 0

#Transform 5
Transform: AffineTransform_float_3_3
Parameters: 0.999999 0.000881481 -0.000188296 -0.000881441 0.999999 0.000108166 0.000188486 -0.000107834 1 -0.0147324 0.0743675 -0.0654376
FixedParameters: 0 0 0

#Transform 6
Transform: AffineTransform_float_3_3
Parameters: 0.999999 0.000916448 -0.000144043 -0.000916681 1 0.000547773 0.000144127 -0.000548228 1 -0.00679762 0.0706081 -0.104569
FixedParameters: 0 0 0

#Transform 7
Transform: AffineTransform_float_3_3
Parameters: 0.999999 0.000967571 0.000249636 -0.000967477 0.999999 -0.000187241 -0.000249998 0.000186758 1 -0.0115219 0.101077 -0.0736707
FixedParameters: 0 0 0

#Transform 8
Transform: AffineTransform_float_3_3
Parameters: 0.999999 0.000952629 7.89753e-05 -0.000953535 0.999999 -9.50751e-05 -7.87657e-05 9.49248e-05 1 -0.0132042 0.082182 -0.0793245
FixedParameters: 0 0 0

#Transform 9
Transform: AffineTransform_float_3_3
Parameters: 0.999999 0.00127599 1.67377e-05 -0.00127599 1 -2.15335e-05 -1.67926e-05 2.1466e-05 1 -0.0100315 0.0805006 -0.057979
FixedParameters: 0 0 0

#Transform 10
Transform: AffineTransform_float_3_3
Parameters: 0.999999 0.001331 -8.07478e-05 -0.00133129 0.999999 0.000583748 8.13821e-05 -0.000584252 1 -0.009163 0.055716 -0.0863595
FixedParameters: 0 0 0

#Transform 11
Transform: AffineTransform_float_3_3
Parameters: 0.999999 0.00138996 5.72108e-05 -0.00138994 0.999999 -0.000187592 -5.77321e-05 0.000187407 1 -0.0093804 0.0959076 -0.0715442
FixedParameters: 0 0 0

#Transform 12
Transform: AffineTransform_float_3_3
Parameters: 0.999999 0.000682029 0.000193815 -0.000681958 1 -0.000184132 -0.000194066 0.000183868 1 -0.00542044 0.0993812 -0.0650738
FixedParameters: 0 0 0

#Transform 13
Transform: AffineTransform_float_3_3
Parameters: 1 0.00105204 3.66702e-05 -0.00105203 0.999999 -0.000187038 -3.70636e-05 0.000186961 1 -0.00875175 0.0786404 -0.0630672
FixedParameters: 0 0 0

#Transform 14
Transform: AffineTransform_float_3_3
Parameters: 0.999999 0.0013778 -0.000102787 -0.0013776 0.999999 -0.000969012 0.000101036 0.000969987 1 -0.00463374 0.095142 -0.105623
FixedParameters: 0 0 0

#Transform 15
Transform: AffineTransform_float_3_3
Parameters: 1 0.000992216 6.20789e-05 -0.000992193 0.999999 -0.000187061 -6.245e-05 0.000186938 1 -0.018187 0.0925255 -0.0698616
FixedParameters: 0 0 0

#Transform 16
Transform: AffineTransform_float_3_3
Parameters: 1 0.00109254 1.94704e-05 -0.00109254 0.999999 -0.000187021 -1.9879e-05 0.000186978 1 -0.0186172 0.0905737 -0.0645589
FixedParameters: 0 0 0

#Transform 17
Transform: AffineTransform_float_3_3
Parameters: 1 0.000987614 6.40334e-05 -0.00098759 0.999999 -0.000187063 -6.44028e-05 0.000186936 1 -0.0196642 0.094101 -0.0705456
FixedParameters: 0 0 0

#Transform 18
Transform: AffineTransform_float_3_3
Parameters: 0.999999 0.00126087 -0.000247009 -0.00126076 0.999999 -0.000566048 0.000246502 0.000565951 1 -0.0179906 0.0815141 -0.130986
FixedParameters: 0 0 0

#Transform 19
Transform: AffineTransform_float_3_3
Parameters: 0.999999 0.00130344 -0.000147352 -0.0013039 0.999998 -0.00106781 0.000146799 0.00106819 1 -0.0223934 0.074205 -0.111708
FixedParameters: 0 0 0

#Transform 20
Transform: AffineTransform_float_3_3
Parameters: 0.999999 0.00151839 -0.000220982 -0.00151843 0.999999 -8.80239e-05 0.000220715 8.79752e-05 1 -0.0171362 0.0845123 -0.106737
FixedParameters: 0 0 0

#Transform 21
Transform: AffineTransform_float_3_3
Parameters: 1 0.00118366 -1.9523e-05 -0.00118368 0.999999 -0.000435337 1.84932e-05 0.000434662 1 -0.031119 0.0963719 -0.0709215
FixedParameters: 0 0 0

#Transform 22
Transform: AffineTransform_float_3_3
Parameters: 0.999999 0.00176483 -0.000150251 -0.00176457 0.999998 -0.000435247 0.000149634 0.000435752 1 -0.0344462 0.0989121 -0.0808335
FixedParameters: 0 0 0

#Transform 23
Transform: AffineTransform_float_3_3
Parameters: 0.999999 0.00139592 -0.000343339 -0.00139582 0.999999 -0.000434881 0.000343045 0.000435119 1 -0.036952 0.0804805 -0.0598786
FixedParameters: 0 0 0

#Transform 24
Transform: AffineTransform_float_3_3
Parameters: 1 0.0012168 -3.3375e-05 -0.00121682 0.999999 -0.000247319 3.27739e-05 0.00024668 1 -0.0306908 0.10561 -0.0859056
FixedParameters: 0 0 0

#Transform 25
Transform: AffineTransform_float_3_3
Parameters: 0.999999 0.00179665 -0.000279757 -0.00179773 0.999999 -0.000290369 0.000279104 0.00029063 1 -0.0426025 0.0988936 -0.0684478
FixedParameters: 0 0 0

#Transform 26
Transform: AffineTransform_float_3_3
Parameters: 0.999999 0.00141745 -0.00011862 -0.00141751 0.999999 -0.000258191 0.000117888 0.000257807 1 -0.040497 0.0865102 -0.069714
FixedParameters: 0 0 0

#Transform 27
Transform: AffineTransform_float_3_3
Parameters: 0.999999 0.00151094 -0.000399993 -0.00151098 0.999998 -0.000531755 0.000399306 0.000532244 1 -0.0370097 0.0800937 -0.0740137
FixedParameters: 0 0 0

#Transform 28
Transform: AffineTransform_float_3_3
Parameters: 0.999999 0.00124971 -0.000308684 -0.00124963 0.999999 0.000122026 0.000308989 -0.000121974 1 -0.0352426 0.0662923 -0.06131
FixedParameters: 0 0 0

#Transform 29
Transform: AffineTransform_float_3_3
Parameters: 0.999999 0.0014119 -0.000116604 -0.00141201 0.999999 -0.000492195 0.000115215 0.000491803 1 -0.040522 0.0890688 -0.12826
FixedParameters: 0 0 0

#Transform 30
Transform: AffineTransform_float_3_3
Parameters: 0.999999 0.00146997 -0.000140232 -0.00147031 0.999999 0.000199694 0.000139898 -0.000199307 1 -0.0478373 0.0711519 -0.0757832
FixedParameters: 0 0 0

#Transform 31
Transform: AffineTransform_float_3_3
Parameters: 0.999999 0.00143221 -0.000124458 -0.0014322 0.999999 3.26662e-05 0.000124552 -3.23343e-05 1 -0.0406156 0.0724457 -0.101167
FixedParameters: 0 0 0

#Transform 32
Transform: AffineTransform_float_3_3
Parameters: 0.999999 0.00140606 -6.69049e-06 -0.00140606 0.999999 0.00018065 7.19947e-06 -0.00018135 1 -0.0512771 0.084407 -0.0709786
FixedParameters: 0 0 0

#Transform 33
Transform: AffineTransform_float_3_3
Parameters: 0.999999 0.00143948 -0.000128674 -0.00144019 0.999999 -0.000724327 0.000127899 0.000724672 0.999999 -0.0406511 0.0784999 -0.132426
FixedParameters: 0 0 0

#Transform 34
Transform: AffineTransform_float_3_3
Parameters: 0.999999 0.00151138 -0.00015801 -0.00151136 0.999999 6.47268e-05 0.000158205 -6.42736e-05 1 -0.045243 0.0795032 -0.0786102
FixedParameters: 0 0 0

#Transform 35
Transform: AffineTransform_float_3_3
Parameters: 0.999999 0.00141311 -0.000177049 -0.00141306 0.999999 0.000124891 0.000177403 -0.000125109 1 -0.0394217 0.0768293 -0.0766994
FixedParameters: 0 0 0

#Transform 36
Transform: AffineTransform_float_3_3
Parameters: 0.999999 0.00138253 -0.000277472 -0.00138262 0.999999 -0.000155976 0.000277041 0.000156023 1 -0.0299585 0.0619435 -0.124895
FixedParameters: 0 0 0

#Transform 37
Transform: AffineTransform_float_3_3
Parameters: 0.999999 0.00102425 2.27295e-05 -0.00102425 0.999999 0.000136824 -2.24499e-05 -0.000136176 1 -0.037929 0.0663585 -0.0841504
FixedParameters: 0 0 0

#Transform 38
Transform: AffineTransform_float_3_3
Parameters: 0.999999 0.00129869 9.82384e-05 -0.00129867 0.999999 -0.000113487 -9.85319e-05 0.000112512 1 -0.0426412 0.0754023 -0.0681446
FixedParameters: 0 0 0

#Transform 39
Transform: AffineTransform_float_3_3
Parameters: 1 0.00112827 -2.16089e-05 -0.00112827 1 -4.04878e-05 2.15175e-05 4.05118e-05 1 -0.0383268 0.0895119 -0.0568954
FixedParameters: 0 0 0

#Transform 40
Transform: AffineTransform_float_3_3
Parameters: 1 0.00107212 1.96972e-06 -0.00107173 1 -0.000281362 -1.65165e-06 0.000280639 1 -0.0381222 0.0717507 -0.122278
FixedParameters: 0 0 0

#Transform 41
Transform: AffineTransform_float_3_3
Parameters: 0.999999 0.00123692 -6.71306e-05 -0.00123686 0.999999 0.000435724 6.82092e-05 -0.000436276 1 -0.0435536 0.071711 -0.110158
FixedParameters: 0 0 0

#Transform 42
Transform: AffineTransform_float_3_3
Parameters: 1 0.00104082 1.55604e-05 -0.00104082 0.999999 3.98401e-06 -1.55521e-05 -4.01639e-06 1 -0.0274428 0.0811614 -0.0859952
FixedParameters: 0 0 0

#Transform 43
Transform: AffineTransform_float_3_3
Parameters: 0.999999 0.000959233 0.000138258 -0.000959647 0.999999 8.48675e-05 -0.000139016 -8.51335e-05 1 -0.0425273 0.0798189 -0.0650369
FixedParameters: 0 0 0

#Transform 44
Transform: AffineTransform_float_3_3
Parameters: 0.999999 0.0013169 6.49056e-05 -0.00131733 0.999999 0.000253555 -6.5157e-05 -0.000254446 1 -0.0422598 0.0834812 -0.160552
FixedParameters: 0 0 0

#Transform 45
Transform: AffineTransform_float_3_3
Parameters: 1 0.00108684 -4.46547e-06 -0.00108646 0.999999 -0.000446355 4.41666e-06 0.000445645 1 -0.0458659 0.0566435 -0.118702
FixedParameters: 0 0 0

#Transform 46
Transform: AffineTransform_float_3_3
Parameters: 1 0.00112993 0.000110032 -0.00113042 0.999999 -0.000215277 -0.000109208 0.000215724 1 -0.0497691 0.0530079 -0.186498
FixedParameters: 0 0 0

#Transform 47
Transform: AffineTransform_float_3_3
Parameters: 1 0.000641601 0.000184156 -0.000640647 0.999998 -0.00152412 -0.00018519 0.00152388 0.999999 -0.0213626 0.0892218 -0.138657
FixedParameters: 0 0 0

#Transform 48
Transform: AffineTransform_float_3_3
Parameters: 1 0.000624863 0.000191802 -0.000624248 1 -0.000584272 -0.000191611 0.000584727 0.999999 -0.0287245 0.096782 -0.0969585
FixedParameters: 0 0 0

#Transform 49
Transform: AffineTransform_float_3_3
Parameters: 0.999999 0.000710376 0.000155743 -0.000710338 0.999999 -0.00012111 -0.000155915 0.000120889 1 -0.0220942 0.106352 -0.0968335
FixedParameters: 0 0 0

#Transform 50
Transform: AffineTransform_float_3_3
Parameters: 1 0.000622428 7.13409e-05 -0.000622394 1 -0.000235197 -7.16341e-05 0.000235803 1 -0.0294521 0.0809657 -0.0904876
FixedParameters: 0 0 0

#Transform 51
Transform: AffineTransform_float_3_3
Parameters: 1 0.000650475 0.000181401 -0.000650573 1 0.000268882 -0.000181051 -0.000269118 1 -0.0375171 0.0705143 -0.0885159
FixedParameters: 0 0 0

#Transform 52
Transform: AffineTransform_float_3_3
Parameters: 0.999999 0.000795432 0.000345452 -0.00079519 1 -0.000350427 -0.000346009 0.000350572 0.999999 -0.0341008 0.0937456 -0.126427
FixedParameters: 0 0 0

#Transform 53
Transform: AffineTransform_float_3_3
Parameters: 0.999999 0.000774615 0.000363018 -0.000774393 1 -0.000304434 -0.00036349 0.000304566 0.999999 -0.0428048 0.101873 -0.0847031
FixedParameters: 0 0 0

#Transform 54
Transform: AffineTransform_float_3_3
Parameters: 1 0.0006258 8.19154e-05 -0.000625777 1 -0.000141051 -8.20919e-05 0.000140949 1 -0.0374266 0.0878829 -0.0864899
FixedParameters: 0 0 0

#Transform 55
Transform: AffineTransform_float_3_3
Parameters: 1 0.00058027 -4.30902e-05 -0.00058026 1 0.000117872 4.32265e-05 -0.000117128 1 -0.0331953 0.0711342 -0.123546
FixedParameters: 0 0 0

#Transform 56
Transform: AffineTransform_float_3_3
Parameters: 1 0.000603439 0.000252456 -0.000603626 0.999999 0.000371848 -0.000252007 -0.000372152 1 -0.0498584 0.0608521 -0.0870254
FixedParameters: 0 0 0

#Transform 57
Transform: AffineTransform_float_3_3
Parameters: 0.999999 0.00071392 0.000205598 -0.000714066 1 0.000355701 -0.00020509 -0.000355299 0.999999 -0.0393645 0.0739411 -0.105245
FixedParameters: 0 0 0

#Transform 58
Transform: AffineTransform_float_3_3
Parameters: 1 0.000541958 0.000278218 -0.000542681 1 -0.000355151 -0.000278213 0.000354849 1 -0.0336292 0.0976016 -0.0802663
FixedParameters: 0 0 0

#Transform 59
Transform: AffineTransform_float_3_3
Parameters: 1 0.000306387 0.000263082 -0.000306964 0.999999 -0.00065208 -0.000263091 0.000651919 1 -0.0167122 0.0936881 -0.0846275
FixedParameters: 0 0 0

#Transform 60
Transform: AffineTransform_float_3_3
Parameters: 1 0.000478284 0.000305465 -0.000478404 1 0.000195854 -0.000305278 -0.000196146 1 -0.0227082 0.0910095 -0.0793666
FixedParameters: 0 0 0

#Transform 61
Transform: AffineTransform_float_3_3
Parameters: 1 0.000373311 0.000350017 -0.000373502 1 0.000272869 -0.000349813 -0.000273131 1 -0.0412501 0.0862475 -0.0744731
FixedParameters: 0 0 0

#Transform 62
Transform: AffineTransform_float_3_3
Parameters: 1 0.000315206 0.000374707 -0.000315624 1 0.000557882 -0.000374355 -0.000558118 1 -0.0186412 0.0859873 -0.106827
FixedParameters: 0 0 0

#Transform 63
Transform: AffineTransform_float_3_3
Parameters: 1 0.000528963 0.000283898 -0.000528981 1 3.08499e-05 -0.000283865 -3.11502e-05 1 -0.0261679 0.0991218 -0.0666625
FixedParameters: 0 0 0

#Transform 64
Transform: AffineTransform_float_3_3
Parameters: 1 0.000250022 0.000402296 -0.000250096 1 9.08994e-05 -0.00040225 -9.11006e-05 1 -0.0302846 0.114492 -0.071795
FixedParameters: 0 0 0

#Transform 65
Transform: AffineTransform_float_3_3
Parameters: 1 0.000156296 0.000394268 -0.000155714 1 0.000428939 -0.000394525 -0.000429062 1 -0.00369138 0.104778 -0.0972876
FixedParameters: 0 0 0

#Transform 66
Transform: AffineTransform_float_3_3
Parameters: 1 0.000165104 0.00023849 -0.00016545 0.999999 0.00072496 -0.00023825 -0.000725039 0.999999 -0.0185846 0.0942424 -0.096774
FixedParameters: 0 0 0

#Transform 67
Transform: AffineTransform_float_3_3
Parameters: 1 0.000538595 -7.68905e-05 -0.00053879 0.999999 0.00127004 7.73383e-05 -0.00126996 0.999999 -0.0249304 0.0684838 -0.104509
FixedParameters: 0 0 0

#Transform 68
Transform: AffineTransform_float_3_3
Parameters: 1 0.000190596 -4.48463e-05 -0.000190898 0.999999 0.000987008 4.43024e-05 -0.000986991 0.999999 -0.0109494 0.0867019 -0.0866502
FixedParameters: 0 0 0

#Transform 69
Transform: AffineTransform_float_3_3
Parameters: 1 -0.000232134 0.000134011 0.000231787 0.999999 0.00129203 -0.000134611 -0.00129197 0.999999 0.0115463 0.0931099 -0.129983
FixedParameters: 0 0 0

#Transform 70
Transform: AffineTransform_float_3_3
Parameters: 1 -0.000110568 8.25817e-05 0.000110339 0.999999 0.00138501 -8.28876e-05 -0.00138499 0.999999 0.0418034 0.105032 -0.147668
FixedParameters: 0 0 0

#Transform 71
Transform: AffineTransform_float_3_3
Parameters: 1 -3.53184e-08 3.58469e-05 -4.8994e-08 1 0.001176 -3.58469e-05 -0.001176 1 -0.00198747 0.106241 -0.116403
FixedParameters: 0 0 0

#Transform 72
Transform: AffineTransform_float_3_3
Parameters: 1 0.00012522 -1.71161e-05 -0.000125563 0.999999 0.001409 1.65489e-05 -0.001409 0.999999 -0.00204431 0.110462 -0.161198
FixedParameters: 0 0 0

#Transform 73
Transform: AffineTransform_float_3_3
Parameters: 1 -0.000126207 4.56777e-06 0.000126198 0.999999 0.000918 -4.79947e-06 -0.000917999 0.999999 0.00755659 0.118691 -0.119603
FixedParameters: 0 0 0

#Transform 74
Transform: AffineTransform_float_3_3
Parameters: 1 -0.000426613 2.85934e-05 0.000426031 1 0.000917653 -2.80648e-05 -0.000918348 0.999999 0.00995856 0.0992968 -0.10239
FixedParameters: 0 0 0

#Transform 75
Transform: AffineTransform_float_3_3
Parameters: 0.999999 -0.000765443 0.00014895 0.000765453 0.999999 0.00127611 -0.000149983 -0.00127589 0.999999 0.027477 0.103692 -0.13786
FixedParameters: 0 0 0

#Transform 76
Transform: AffineTransform_float_3_3
Parameters: 0.999999 -0.000690366 0.000270029 0.000690232 0.999999 0.000249186 -0.000270373 -0.000248813 1 0.0131473 0.138434 -0.0749356
FixedParameters: 0 0 0

#Transform 77
Transform: AffineTransform_float_3_3
Parameters: 0.999999 -0.000801019 0.000226846 0.000800925 0.999999 0.000207182 -0.000227177 -0.000206818 1 0.0271535 0.162454 -0.0887421
FixedParameters: 0 0 0

#Transform 78
Transform: AffineTransform_float_3_3
Parameters: 0.999999 -0.00127217 0.00029405 0.00127198 0.999999 0.000312014 -0.000294844 -0.000311985 1 0.0364306 0.131705 -0.077213
FixedParameters: 0 0 0

#Transform 79
Transform: AffineTransform_float_3_3
Parameters: 1 -0.0010727 1.38265e-05 0.00107308 1 0.000414655 -1.37965e-05 -0.000415345 1 0.038586 0.135758 -0.100067
FixedParameters: 0 0 0

#Transform 80
Transform: AffineTransform_float_3_3
Parameters: 1 -0.000636279 -0.000171307 0.000635558 1 0.000584738 0.000170955 -0.000584261 0.999999 0.0360602 0.121531 -0.108203
FixedParameters: 0 0 0

#Transform 81
Transform: AffineTransform_float_3_3
Parameters: 0.999999 -0.000780643 0.000136457 0.000780497 0.999999 0.000535106 -0.000137292 -0.000534893 1 0.0170944 0.139609 -0.103381
FixedParameters: 0 0 0

#Transform 82
Transform: AffineTransform_float_3_3
Parameters: 0.999999 -0.000869174 -7.31848e-05 0.000868829 0.999999 0.00127078 7.2288e-05 -0.00127022 0.999999 0.0373864 0.12462 -0.146716
FixedParameters: 0 0 0

#Transform 83
Transform: AffineTransform_float_3_3
Parameters: 1 -0.00103164 0.000207832 0.00103172 0.999999 0.000761855 -0.000208484 -0.000762145 1 0.0274079 0.134015 -0.117483
FixedParameters: 0 0 0

#Transform 84
Transform: AffineTransform_float_3_3
Parameters: 1 -0.00105941 0.000306341 0.00105926 0.999999 0.000871965 -0.000307268 -0.000872034 0.999999 0.0335407 0.141257 -0.129728
FixedParameters: 0 0 0

#Transform 85
Transform: AffineTransform_float_3_3
Parameters: 0.999999 -0.00100031 0.000363841 0.00100006 0.999999 0.000878004 -0.000364677 -0.000877995 0.999999 0.0316867 0.137244 -0.128559
FixedParameters: 0 0 0

#Transform 86
Transform: AffineTransform_float_3_3
Parameters: 1 -7.72776e-05 -0.000146455 7.74381e-05 1 0.000547988 0.000146371 -0.000548011 1 0.0306114 0.164175 -0.107962
FixedParameters: 0 0 0

#Transform 87
Transform: AffineTransform_float_3_3
Parameters: 0.999999 -0.00133071 -0.000338276 0.0013313 0.999999 0.000305037 0.000338383 -0.000305963 1 0.082926 0.163239 -0.100612
FixedParameters: 0 0 0

#Transform 88
Transform: AffineTransform_float_3_3
Parameters: 0.999999 -0.00186772 1.65502e-06 0.0018668 0.999998 0.000147491 -1.81511e-06 -0.000147509 1 0.0885941 0.167959 -0.0910766
FixedParameters: 0 0 0

#Transform 89
Transform: AffineTransform_float_3_3
Parameters: 0.999998 -0.00206376 0.000276723 0.00206397 0.999998 0.000323699 -0.000277138 -0.0003233 1 0.0820156 0.171387 -0.0805167
FixedParameters: 0 0 0

#Transform 90
Transform: AffineTransform_float_3_3
Parameters: 0.999998 -0.00194166 0.000248911 0.00194203 0.999998 0.000819612 -0.000250253 -0.000819387 0.999999 0.0981358 0.173323 -0.151851
FixedParameters: 0 0 0

#Transform 91
Transform: AffineTransform_float_3_3
Parameters: 0.999998 -0.0018913 9.19087e-05 0.00189126 0.999998 0.000217302 -9.27314e-05 -0.000217697 1 0.101773 0.167716 -0.130772
FixedParameters: 0 0 0

#Transform 92
Transform: AffineTransform_float_3_3
Parameters: 0.999997 -0.00209841 0.00071757 0.00209855 0.999998 0.000175634 -0.000717382 -0.000173367 0.999999 0.0804385 0.16771 -0.111665
FixedParameters: 0 0 0

#Transform 93
Transform: AffineTransform_float_3_3
Parameters: 0.999997 -0.00199173 0.000784617 0.0019914 0.999998 0.000462691 -0.000785535 -0.000460308 0.999999 0.0782702 0.172951 -0.165939
FixedParameters: 0 0 0

#Transform 94
Transform: AffineTransform_float_3_3
Parameters: 0.999998 -0.00179771 0.000530172 0.00179787 0.999998 0.000213234 -0.000530017 -0.000212767 1 0.0759683 0.177873 -0.0902913
FixedParameters: 0 0 0

#Transform 95
Transform: AffineTransform_float_3_3
Parameters: 0.999996 -0.00226956 0.00122318 0.00226915 0.999997 0.00032985 -0.00122375 -0.000327149 0.999999 0.0621348 0.163463 -0.101219
FixedParameters: 0 0 0

#Transform 96
Transform: AffineTransform_float_3_3
Parameters: 0.999998 -0.0019381 0.00111854 0.00193784 0.999999 0.000294089 -0.00111876 -0.000291911 0.999999 0.0631806 0.171931 -0.145551
FixedParameters: 0 0 0

#Transform 97
Transform: AffineTransform_float_3_3
Parameters: 0.999996 -0.00224159 0.00132509 0.00224084 0.999997 0.000429044 -0.00132609 -0.000425954 0.999999 0.0642507 0.165985 -0.11393
FixedParameters: 0 0 0

#Transform 98
Transform: AffineTransform_float_3_3
Parameters: 0.999998 -0.00170536 0.000965542 0.00170482 0.999999 0.000284927 -0.00096651 -0.000283071 0.999999 0.0561745 0.16753 -0.131672
FixedParameters: 0 0 0

#Transform 99
Transform: AffineTransform_float_3_3
Parameters: 0.999996 -0.00201863 0.00159577 0.00201936 0.999998 -0.000470553 -0.00159571 0.000473449 0.999998 0.047298 0.164762 -0.137851
FixedParameters: 0 0 0

#Transform 100
Transform: AffineTransform_float_3_3
Parameters: 0.999998 -0.00180902 0.00130465 0.00180914 0.999998 -4.40542e-05 -0.00130449 4.59463e-05 0.999999 0.0614743 0.183852 -0.143449
FixedParameters: 0 0 0

#Transform 101
Transform: AffineTransform_float_3_3
Parameters: 0.999997 -0.00202713 0.00136218 0.00202619 0.999998 0.000488835 -0.00136323 -0.000486164 0.999999 0.0513956 0.166643 -0.123369
FixedParameters: 0 0 0

#Transform 102
Transform: AffineTransform_float_3_3
Parameters: 0.999996 -0.0020717 0.00158992 0.00207182 0.999998 0.000378368 -0.00159095 -0.000374631 0.999998 0.0640782 0.168495 -0.126018
FixedParameters: 0 0 0

#Transform 103
Transform: AffineTransform_float_3_3
Parameters: 0.999997 -0.00226715 0.00139769 0.00226686 0.999997 0.000103242 -0.00139815 -9.97563e-05 0.999999 0.0539381 0.184596 -0.0992312
FixedParameters: 0 0 0

#Transform 104
Transform: AffineTransform_float_3_3
Parameters: 0.999998 -0.00184464 0.00125663 0.00184461 0.999998 1.27509e-05 -0.00125667 -1.02482e-05 0.999999 0.0607399 0.202955 -0.113818
FixedParameters: 0 0 0

#Transform 105
Transform: AffineTransform_float_3_3
Parameters: 0.999997 -0.00204084 0.00116564 0.0020404 0.999998 0.000188452 -0.00116641 -0.000186546 0.999999 0.0533672 0.177432 -0.0991314
FixedParameters: 0 0 0

#Transform 106
Transform: AffineTransform_float_3_3
Parameters: 0.999997 -0.00189925 0.00138156 0.0018992 0.999998 0.00015785 -0.00138124 -0.00015615 0.999999 0.0394245 0.184094 -0.0994993
FixedParameters: 0 0 0

#Transform 107
Transform: AffineTransform_float_3_3
Parameters: 0.999996 -0.00199011 0.00160133 0.00199159 0.999998 -0.000582739 -0.00159992 0.00058626 0.999998 0.0590902 0.202719 -0.129586
FixedParameters: 0 0 0

#Transform 108
Transform: AffineTransform_float_3_3
Parameters: 0.999996 -0.00220238 0.00141711 0.00220229 0.999997 3.51942e-05 -0.00141725 -3.18046e-05 0.999999 0.0594509 0.190613 -0.102482
FixedParameters: 0 0 0

#Transform 109
Transform: AffineTransform_float_3_3
Parameters: 0.999996 -0.0021917 0.0013374 0.0021918 0.999997 0.000112005 -0.00133697 -0.000108996 0.999999 0.0661244 0.187838 -0.100378
FixedParameters: 0 0 0

#Transform 110
Transform: AffineTransform_float_3_3
Parameters: 0.999996 -0.00224213 0.00140027 0.002242 0.999997 4.62127e-05 -0.00140047 -4.27859e-05 0.999999 0.0572982 0.193214 -0.103358
FixedParameters: 0 0 0

#Transform 111
Transform: AffineTransform_float_3_3
Parameters: 0.999995 -0.00252186 0.00152442 0.00252171 0.999996 4.87104e-05 -0.00152465 -4.5288e-05 0.999999 0.0754961 0.198755 -0.111327
FixedParameters: 0 0 0

#Transform 112
Transform: AffineTransform_float_3_3
Parameters: 0.999996 -0.00251766 0.00146788 0.00251711 0.999997 0.000189409 -0.00146882 -0.000185588 0.999999 0.0681647 0.183569 -0.102247
FixedParameters: 0 0 0

#Transform 113
Transform: AffineTransform_float_3_3
Parameters: 0.999996 -0.00244505 0.00175593 0.00244584 0.999997 -0.00033184 -0.00175522 0.00033616 0.999998 0.0654304 0.203585 -0.117034
FixedParameters: 0 0 0

#Transform 114
Transform: AffineTransform_float_3_3
Parameters: 0.999996 -0.00244729 0.00179925 0.0024481 0.999997 -0.00033173 -0.00179854 0.00033627 0.999998 0.0592285 0.192521 -0.102385
FixedParameters: 0 0 0

#Transform 115
Transform: AffineTransform_float_3_3
Parameters: 0.999996 -0.00232778 0.00168665 0.00232732 0.999997 -0.00036621 -0.00168639 0.000369794 0.999998 0.0742858 0.194732 -0.116424
FixedParameters: 0 0 0

#Transform 116
Transform: AffineTransform_float_3_3
Parameters: 0.999995 -0.00249969 0.00182125 0.00250142 0.999997 -0.000581941 -0.00181925 0.000586058 0.999998 0.054222 0.167128 -0.106268
FixedParameters: 0 0 0

#Transform 117
Transform: AffineTransform_float_3_3
Parameters: 0.999995 -0.00263253 0.00162154 0.00263323 0.999997 -0.000332378 -0.0016207 0.000336623 0.999998 0.0720944 0.195128 -0.115192
FixedParameters: 0 0 0

#Transform 118
Transform: AffineTransform_float_3_3
Parameters: 0.999994 -0.00275657 0.00175211 0.00275629 0.999996 8.21834e-05 -0.00175254 -7.68144e-05 0.999998 0.0628177 0.172682 -0.0977824
FixedParameters: 0 0 0

#Transform 119
Transform: AffineTransform_float_3_3
Parameters: 0.999995 -0.0025672 0.00211912 0.00256664 0.999997 0.000135099 -0.0021198 -0.000129898 0.999997 0.0747818 0.184365 -0.134418
FixedParameters: 0 0 0

#Transform 120
Transform: AffineTransform_float_3_3
Parameters: 0.999995 -0.00265471 0.00203168 0.00265538 0.999996 -0.000580742 -0.00203003 0.00058726 0.999998 0.0534001 0.184644 -0.120733
FixedParameters: 0 0 0

#Transform 121
Transform: AffineTransform_float_3_3
Parameters: 0.999994 -0.00284358 0.00196871 0.00284358 0.999996 -0.000331257 -0.00196734 0.000336744 0.999998 0.0811619 0.192725 -0.115734
FixedParameters: 0 0 0

#Transform 122
Transform: AffineTransform_float_3_3
Parameters: 0.999995 -0.00253974 0.00182211 0.00254043 0.999997 -0.000294866 -0.00182152 0.000299135 0.999998 0.0622731 0.186223 -0.109713
FixedParameters: 0 0 0

#Transform 123
Transform: AffineTransform_float_3_3
Parameters: 0.999996 -0.00246949 0.00183065 0.00247011 0.999997 -0.000738975 -0.00182936 0.000743028 0.999998 0.0836103 0.204232 -0.13042
FixedParameters: 0 0 0

#Transform 124
Transform: AffineTransform_float_3_3
Parameters: 0.999993 -0.00316602 0.00208963 0.00316958 0.999994 -0.00172645 -0.00208473 0.00173256 0.999997 0.129728 0.197607 -0.185178
FixedParameters: 0 0 0

#Transform 125
Transform: AffineTransform_float_3_3
Parameters: 0.999995 -0.00277315 0.00195145 0.00277509 0.999995 -0.00113193 -0.00194845 0.00113707 0.999998 0.0868687 0.182057 -0.120534
FixedParameters: 0 0 0

#Transform 126
Transform: AffineTransform_float_3_3
Parameters: 0.999994 -0.00288337 0.00180336 0.00288354 0.999996 -0.000408656 -0.00180152 0.000413345 0.999998 0.0871986 0.171315 -0.0916711
FixedParameters: 0 0 0

#Transform 127
Transform: AffineTransform_float_3_3
Parameters: 0.999997 -0.00239826 0.00124919 0.00240022 0.999996 -0.00141229 -0.00124609 0.00141471 0.999998 0.0899583 0.179802 -0.128203
FixedParameters: 0 0 0

#Transform 128
Transform: AffineTransform_float_3_3
Parameters: 0.999994 -0.00276123 0.00173567 0.00276489 0.999993 -0.0021077 -0.00173007 0.00211229 0.999996 0.107353 0.194168 -0.184366
FixedParameters: 0 0 0

#Transform 129
Transform: AffineTransform_float_3_3
Parameters: 0.999995 -0.00238622 0.00233388 0.0023897 0.999997 -0.00127626 -0.00233107 0.00128174 0.999997 0.0536831 0.188327 -0.1327
FixedParameters: 0 0 0

#Transform 130
Transform: AffineTransform_float_3_3
Parameters: 0.999994 -0.00298303 0.00174411 0.00298606 0.999994 -0.00142665 -0.00174018 0.00143135 0.999998 0.0892516 0.189098 -0.136737
FixedParameters: 0 0 0

#Transform 131
Transform: AffineTransform_float_3_3
Parameters: 0.999995 -0.00265479 0.00162896 0.00265736 0.999995 -0.00167297 -0.00162428 0.00167804 0.999998 0.108647 0.209984 -0.16183
FixedParameters: 0 0 0

#Transform 132
Transform: AffineTransform_float_3_3
Parameters: 0.999994 -0.00274434 0.00204508 0.00274861 0.999994 -0.00216473 -0.00203884 0.00217027 0.999996 0.0996301 0.187008 -0.191563
FixedParameters: 0 0 0

#Transform 133
Transform: AffineTransform_float_3_3
Parameters: 0.999994 -0.00247635 0.00210177 0.00247851 0.999996 -0.00132114 -0.00209812 0.00132586 0.999997 0.075298 0.185375 -0.137752
FixedParameters: 0 0 0

#Transform 134
Transform: AffineTransform_float_3_3
Parameters: 0.999994 -0.00272498 0.00209715 0.00272711 0.999996 -0.00140999 -0.00209327 0.00141501 0.999997 0.0721385 0.196013 -0.133356
FixedParameters: 0 0 0

#Transform 135
Transform: AffineTransform_float_3_3
Parameters: 0.999994 -0.00248102 0.00237132 0.00248503 0.999996 -0.00136694 -0.00236781 0.00137306 0.999997 0.0643747 0.202928 -0.144028
FixedParameters: 0 0 0

#Transform 136
Transform: AffineTransform_float_3_3
Parameters: 0.999994 -0.00285336 0.00207012 0.00285578 0.999995 -0.000770434 -0.00206754 0.000776565 0.999998 0.0948655 0.185793 -0.118793
FixedParameters: 0 0 0

#Transform 137
Transform: AffineTransform_float_3_3
Parameters: 0.999994 -0.00255769 0.00238012 0.00256087 0.999995 -0.00138074 -0.00237594 0.00138726 0.999996 0.0550243 0.209768 -0.14059
FixedParameters: 0 0 0

#Transform 138
Transform: AffineTransform_float_3_3
Parameters: 0.999995 -0.00245445 0.00199528 0.00245673 0.999996 -0.00119208 -0.0019927 0.00119692 0.999997 0.0534493 0.168642 -0.108481
FixedParameters: 0 0 0

#Transform 139
Transform: AffineTransform_float_3_3
Parameters: 0.999994 -0.00241197 0.00245462 0.00241482 0.999997 -0.00127191 -0.00245136 0.00127809 0.999996 0.0481714 0.187363 -0.137008
FixedParameters: 0 0 0

#Transform 140
Transform: AffineTransform_float_3_3
Parameters: 0.999995 -0.0022074 0.00236792 0.00221068 0.999996 -0.00141024 -0.00236458 0.00141576 0.999996 0.0393017 0.177226 -0.126778
FixedParameters: 0 0 0

#Transform 141
Transform: AffineTransform_float_3_3
Parameters: 0.999994 -0.00201756 0.00254972 0.00202125 0.999996 -0.00164581 -0.0025465 0.00165119 0.999996 0.024977 0.188971 -0.147251
FixedParameters: 0 0 0

#Transform 142
Transform: AffineTransform_float_3_3
Parameters: 0.999995 -0.00197919 0.00241335 0.00198305 0.999997 -0.00150469 -0.00241028 0.00150931 0.999996 0.0269139 0.182088 -0.109521
FixedParameters: 0 0 0

#Transform 143
Transform: AffineTransform_float_3_3
Parameters: 0.999994 -0.00227509 0.00256099 0.00227906 0.999997 -0.001438 -0.00255733 0.001444 0.999995 0.0580751 0.191818 -0.142039
FixedParameters: 0 0 0

#Transform 144
Transform: AffineTransform_float_3_3
Parameters: 0.999995 -0.00227088 0.00244894 0.00227382 0.999997 -0.00129427 -0.00244594 0.00129974 0.999996 0.0369392 0.17637 -0.115073
FixedParameters: 0 0 0

#Transform 145
Transform: AffineTransform_float_3_3
Parameters: 0.999994 -0.00227679 0.00263406 0.00228022 0.999997 -0.00129383 -0.00263105 0.00130017 0.999995 0.0434634 0.185245 -0.13642
FixedParameters: 0 0 0

#Transform 146
Transform: AffineTransform_float_3_3
Parameters: 0.999993 -0.00213716 0.00285254 0.00214102 0.999996 -0.00120306 -0.00284936 0.00120893 0.999995 0.0311328 0.183223 -0.125516
FixedParameters: 0 0 0

#Transform 147
Transform: AffineTransform_float_3_3
Parameters: 0.999994 -0.0021235 0.00273322 0.00212773 0.999997 -0.00139572 -0.00273018 0.00140028 0.999995 0.0438347 0.186825 -0.144843
FixedParameters: 0 0 0

#Transform 148
Transform: AffineTransform_float_3_3
Parameters: 0.999993 -0.00190409 0.00299301 0.00190813 0.999997 -0.0013951 -0.00299019 0.0014009 0.999995 0.0162552 0.186087 -0.11229
FixedParameters: 0 0 0

#Transform 149
Transform: AffineTransform_float_3_3
Parameters: 0.999993 -0.00209697 0.00286899 0.00210176 0.999997 -0.0014923 -0.00286653 0.00149871 0.999995 0.0391697 0.193092 -0.135761
FixedParameters: 0 0 0

#Transform 150
Transform: AffineTransform_float_3_3
Parameters: 0.999995 -0.00210321 0.00260787 0.00210644 0.999997 -0.00126983 -0.00260541 0.00127517 0.999996 0.0154639 0.183536 -0.108666
FixedParameters: 0 0 0

#Transform 151
Transform: AffineTransform_float_3_3
Parameters: 0.999995 -0.00218732 0.00236164 0.00219225 0.999996 -0.00212466 -0.00235668 0.00212934 0.999995 0.0386532 0.194671 -0.161974
FixedParameters: 0 0 0

#Transform 152
Transform: AffineTransform_float_3_3
Parameters: 0.999993 -0.00210056 0.00290706 0.00210421 0.999997 -0.00136806 -0.00290381 0.00137395 0.999995 0.0161338 0.186915 -0.130006
FixedParameters: 0 0 0

#Transform 153
Transform: AffineTransform_float_3_3
Parameters: 0.999993 -0.00205658 0.00288812 0.00206112 0.999997 -0.00130486 -0.00288471 0.00131114 0.999995 0.0144551 0.176485 -0.110131
FixedParameters: 0 0 0

#Transform 154
Transform: AffineTransform_float_3_3
Parameters: 0.999992 -0.00231797 0.00319534 0.00232198 0.999997 -0.00136111 -0.00319243 0.00136889 0.999994 0.0367983 0.190397 -0.136896
FixedParameters: 0 0 0

#Transform 155
Transform: AffineTransform_float_3_3
Parameters: 0.999993 -0.00233628 0.00300614 0.00233925 0.999997 -0.000992498 -0.00300347 0.000999502 0.999995 0.0320372 0.203366 -0.134767
FixedParameters: 0 0 0

#Transform 156
Transform: AffineTransform_float_3_3
Parameters: 0.999992 -0.00269557 0.00316204 0.00270139 0.999994 -0.0017262 -0.00315706 0.00173479 0.999993 0.0769881 0.219186 -0.173682
FixedParameters: 0 0 0

#Transform 157
Transform: AffineTransform_float_3_3
Parameters: 0.999993 -0.00249784 0.00301844 0.00250185 0.999996 -0.00128934 -0.00301579 0.00129666 0.999994 0.0705757 0.190068 -0.148195
FixedParameters: 0 0 0

#Transform 158
Transform: AffineTransform_float_3_3
Parameters: 0.999991 -0.00275024 0.00305289 0.00275586 0.999994 -0.00203249 -0.00304747 0.00204152 0.999993 0.0927731 0.23559 -0.203896
FixedParameters: 0 0 0

#Transform 159
Transform: AffineTransform_float_3_3
Parameters: 0.99999 -0.00265492 0.00340777 0.00266063 0.999995 -0.00171853 -0.00340257 0.00172747 0.999993 0.0543014 0.210073 -0.171682
FixedParameters: 0 0 0

#Transform 160
Transform: AffineTransform_float_3_3
Parameters: 0.999991 -0.00245854 0.00344613 0.00246349 0.999996 -0.00153274 -0.0034416 0.00154126 0.999993 0.0728131 0.218684 -0.19712
FixedParameters: 0 0 0

#Transform 161
Transform: AffineTransform_float_3_3
Parameters: 0.999992 -0.0024576 0.0033231 0.00246345 0.999996 -0.0015864 -0.0033187 0.00159359 0.999993 0.0597848 0.220073 -0.161865
FixedParameters: 0 0 0

#Transform 162
Transform: AffineTransform_float_3_3
Parameters: 0.99999 -0.00266724 0.00341481 0.00267514 0.999995 -0.00215046 -0.0034091 0.00215954 0.999992 0.0714104 0.215421 -0.18361
FixedParameters: 0 0 0

#Transform 163
Transform: AffineTransform_float_3_3
Parameters: 0.999989 -0.00305325 0.00357643 0.00305853 0.999994 -0.00144822 -0.00357189 0.00145878 0.999992 0.0782786 0.231288 -0.165215
FixedParameters: 0 0 0

#Transform 164
Transform: AffineTransform_float_3_3
Parameters: 0.999989 -0.00278304 0.00396058 0.00278794 0.999995 -0.00104309 -0.00395764 0.00105391 0.999992 0.0961609 0.213077 -0.149507
FixedParameters: 0 0 0

#Transform 165
Transform: AffineTransform_float_3_3
Parameters: 0.999988 -0.00311272 0.00375363 0.00311624 0.999995 -0.000917306 -0.00375079 0.000928696 0.999993 0.0997335 0.221117 -0.141117
FixedParameters: 0 0 0

#Transform 166
Transform: AffineTransform_float_3_3
Parameters: 0.999987 -0.0030735 0.00412442 0.00307793 0.999995 -0.00126301 -0.00412058 0.001275 0.999991 0.0903131 0.217878 -0.164152
FixedParameters: 0 0 0

#Transform 167
Transform: AffineTransform_float_3_3
Parameters: 0.999988 -0.00292039 0.00396175 0.0029245 0.999995 -0.00110891 -0.00395867 0.0011201 0.999992 0.082206 0.220691 -0.163849
FixedParameters: 0 0 0

#Transform 168
Transform: AffineTransform_float_3_3
Parameters: 0.999987 -0.00279299 0.00413479 0.00279613 0.999995 -0.000897417 -0.00413225 0.000908587 0.999991 0.070294 0.202908 -0.151776
FixedParameters: 0 0 0

#Transform 169
Transform: AffineTransform_float_3_3
Parameters: 0.999987 -0.00297918 0.00398905 0.00298551 0.999995 -0.00159295 -0.00398439 0.00160405 0.999991 0.088945 0.224345 -0.168258
FixedParameters: 0 0 0

#Transform 170
Transform: AffineTransform_float_3_3
Parameters: 0.999987 -0.00290703 0.00418674 0.00291211 0.999995 -0.00116415 -0.00418336 0.00117585 0.99999 0.0759526 0.216015 -0.163574
FixedParameters: 0 0 0

#Transform 171
Transform: AffineTransform_float_3_3
Parameters: 0.999989 -0.00281697 0.0039192 0.00282226 0.999995 -0.00143944 -0.00391501 0.00144957 0.999991 0.0793914 0.206791 -0.159829
FixedParameters: 0 0 0

#Transform 172
Transform: AffineTransform_float_3_3
Parameters: 0.999987 -0.00280586 0.0042252 0.00281106 0.999996 -0.00116811 -0.00422203 0.0011799 0.999991 0.0706976 0.218367 -0.164988
FixedParameters: 0 0 0

#Transform 173
Transform: AffineTransform_float_3_3
Parameters: 0.999987 -0.00271768 0.00436821 0.00272257 0.999996 -0.00119909 -0.00436469 0.00121091 0.99999 0.0615385 0.228029 -0.146409
FixedParameters: 0 0 0

#Transform 174
Transform: AffineTransform_float_3_3
Parameters: 0.999986 -0.00311397 0.00410228 0.00311938 0.999994 -0.00143591 -0.00409818 0.0014481 0.99999 0.0891148 0.247556 -0.177503
FixedParameters: 0 0 0

#Transform 175
Transform: AffineTransform_float_3_3
Parameters: 0.999989 -0.00282853 0.00376037 0.00283349 0.999995 -0.00128078 -0.00375651 0.00129222 0.999992 0.0870539 0.228359 -0.148173
FixedParameters: 0 0 0

#Transform 176
Transform: AffineTransform_float_3_3
Parameters: 0.999987 -0.00309699 0.004037 0.00310136 0.999994 -0.00111897 -0.00403345 0.00113203 0.999991 0.0768223 0.225604 -0.151726
FixedParameters: 0 0 0

#Transform 177
Transform: AffineTransform_float_3_3
Parameters: 0.999987 -0.00314464 0.00405973 0.00315012 0.999993 -0.00162107 -0.0040549 0.00163393 0.99999 0.0873141 0.229154 -0.170524
FixedParameters: 0 0 0

#Transform 178
Transform: AffineTransform_float_3_3
Parameters: 0.999988 -0.00303381 0.00400974 0.00303752 0.999995 -0.00104431 -0.0040068 0.00105669 0.999992 0.0663233 0.225597 -0.146516
FixedParameters: 0 0 0

#Transform 179
Transform: AffineTransform_float_3_3
Parameters: 0.999988 -0.00307835 0.0039789 0.00308231 0.999994 -0.00108423 -0.00397561 0.00109677 0.999992 0.065384 0.233044 -0.147543
FixedParameters: 0 0 0
