# transform file /out/sourcedata/freesurfer/sub-v1s10x0050994_ses-1/mri/transforms/cc_up.lta
# created by oesteban on Thu Mar 12 03:17:17 2026

type      = 0 # LINEAR_VOX_TO_VOX
nxforms   = 1
mean      = 129.0000 152.0000 117.0000
sigma     = 10000.0000
1 4 4
9.966582059860229e-01 8.154780417680740e-02 -4.727775696665049e-03 -1.205446910858154e+01 
-8.154688775539398e-02 9.966694116592407e-01 3.868280909955502e-04 4.008175373077393e+00 
4.743574187159538e-03 0.000000000000000e+00 9.999887347221375e-01 1.738457107543945e+01 
0.000000000000000e+00 0.000000000000000e+00 0.000000000000000e+00 1.000000000000000e+00 
src volume info
valid = 1  # volume info valid
filename = /out/sourcedata/freesurfer/sub-v1s10x0050994_ses-1/mri/norm.mgz
volume = 256 256 256
voxelsize = 1.000000000000000e+00 1.000000000000000e+00 1.000000000000000e+00
xras   = -1.000000000000000e+00 0.000000000000000e+00 0.000000000000000e+00
yras   = 0.000000000000000e+00 0.000000000000000e+00 -1.000000000000000e+00
zras   = 0.000000000000000e+00 1.000000000000000e+00 0.000000000000000e+00
cras   = 4.279579162597656e+00 2.445785522460938e+00 -2.614456176757812e+00
dst volume info
valid = 1  # volume info valid
filename = /out/sourcedata/freesurfer/sub-v1s10x0050994_ses-1/mri/norm.mgz
volume = 256 256 256
voxelsize = 1.000000000000000e+00 1.000000000000000e+00 1.000000000000000e+00
xras   = -1.000000000000000e+00 0.000000000000000e+00 0.000000000000000e+00
yras   = 0.000000000000000e+00 0.000000000000000e+00 -1.000000000000000e+00
zras   = 0.000000000000000e+00 1.000000000000000e+00 0.000000000000000e+00
cras   = 4.279579162597656e+00 2.445785522460938e+00 -2.614456176757812e+00
