# transform file /out/sourcedata/freesurfer/sub-v1s10x0051156_ses-1/mri/transforms/cc_up.lta
# created by oesteban on Thu Mar 12 11:26:47 2026

type      = 0 # LINEAR_VOX_TO_VOX
nxforms   = 1
mean      = 131.0000 128.0000 126.0000
sigma     = 10000.0000
1 4 4
9.980619549751282e-01 1.096832100301981e-02 -6.125373020768166e-02 2.158183813095093e+00 
-1.094772294163704e-02 9.999397993087769e-01 6.718910299241543e-04 2.137385559082031e+01 
6.125741451978683e-02 0.000000000000000e+00 9.981220364570618e-01 -8.786796331405640e-01 
0.000000000000000e+00 0.000000000000000e+00 0.000000000000000e+00 1.000000000000000e+00 
src volume info
valid = 1  # volume info valid
filename = /out/sourcedata/freesurfer/sub-v1s10x0051156_ses-1/mri/norm.mgz
volume = 256 256 256
voxelsize = 1.000000000000000e+00 1.000000000000000e+00 1.000000000000000e+00
xras   = -1.000000000000000e+00 0.000000000000000e+00 0.000000000000000e+00
yras   = 0.000000000000000e+00 0.000000000000000e+00 -1.000000000000000e+00
zras   = 0.000000000000000e+00 1.000000000000000e+00 0.000000000000000e+00
cras   = 4.279579162597656e+00 1.000000000000000e+00 2.445785522460938e+00
dst volume info
valid = 1  # volume info valid
filename = /out/sourcedata/freesurfer/sub-v1s10x0051156_ses-1/mri/norm.mgz
volume = 256 256 256
voxelsize = 1.000000000000000e+00 1.000000000000000e+00 1.000000000000000e+00
xras   = -1.000000000000000e+00 0.000000000000000e+00 0.000000000000000e+00
yras   = 0.000000000000000e+00 0.000000000000000e+00 -1.000000000000000e+00
zras   = 0.000000000000000e+00 1.000000000000000e+00 0.000000000000000e+00
cras   = 4.279579162597656e+00 1.000000000000000e+00 2.445785522460938e+00
