#Insight Transform File V1.0
#Transform 0
Transform: AffineTransform_float_3_3
Parameters: 1 0.000388628 -5.16538e-05 -0.000388545 0.999999 0.00079802 5.2274e-05 -0.000797979 0.999999 0.0452932 -0.21154 -0.312591
FixedParameters: 0 0 0

#Transform 1
Transform: AffineTransform_float_3_3
Parameters: 0.999999 0.000888416 0.000203927 -0.000888331 1 -0.000206334 -0.000204294 0.000206666 1 -0.0208254 0.0513613 0.00138397
FixedParameters: 0 0 0

#Transform 2
Transform: AffineTransform_float_3_3
Parameters: 1 0.00114343 -0.000180729 -0.00114323 1 -0.000524306 0.00018045 0.000524694 0.999999 0.038034 0.0844611 0.00513723
FixedParameters: 0 0 0

#Transform 3
Transform: AffineTransform_float_3_3
Parameters: 1 0.000604268 2.59943e-06 -0.000604262 1 -0.000902361 -3.68953e-06 0.000901638 0.999999 0.011258 0.097131 -0.00429479
FixedParameters: 0 0 0

#Transform 4
Transform: AffineTransform_float_3_3
Parameters: 1 0.00101043 -0.000375994 -0.00101063 1 -0.00027798 0.000375432 0.00027802 1 0.0500823 0.066458 0.0147322
FixedParameters: 0 0 0

#Transform 5
Transform: AffineTransform_float_3_3
Parameters: 0.999999 0.000915554 8.49117e-05 -0.000914541 0.999999 -0.00136223 -8.55642e-05 0.00136277 0.999999 -0.000391698 0.140954 -0.0794316
FixedParameters: 0 0 0

#Transform 6
Transform: AffineTransform_float_3_3
Parameters: 1 0.00117689 -0.000225119 -0.00117795 0.999998 -0.00117274 0.000223668 0.00117326 1 0.0461365 0.201631 -0.102062
FixedParameters: 0 0 0

#Transform 7
Transform: AffineTransform_float_3_3
Parameters: 1 0.00067394 -0.000757178 -0.000676283 0.999998 -0.00180649 0.000755659 0.00180751 0.999998 0.0327397 0.13598 0.0402325
FixedParameters: 0 0 0

#Transform 8
Transform: AffineTransform_float_3_3
Parameters: 0.999999 0.00157368 -0.000729998 -0.00157644 0.999993 -0.00350657 0.000724473 0.00350743 0.999993 0.0197433 0.184392 -0.0490586
FixedParameters: 0 0 0

#Transform 9
Transform: AffineTransform_float_3_3
Parameters: 0.999999 0.000882614 -0.00129552 -0.000886792 0.999996 -0.00277806 0.00129258 0.00277894 0.999995 0.0624906 0.171909 -0.012306
FixedParameters: 0 0 0

#Transform 10
Transform: AffineTransform_float_3_3
Parameters: 0.999998 0.000752767 -0.0014946 -0.000756985 0.999996 -0.00285872 0.00149279 0.00286028 0.999995 0.0667038 0.167964 -0.0502025
FixedParameters: 0 0 0

#Transform 11
Transform: AffineTransform_float_3_3
Parameters: 1 0.000926399 -0.000694614 -0.000929445 0.999995 -0.0030422 0.000691729 0.0030428 0.999996 0.0262355 0.195821 -0.0614365
FixedParameters: 0 0 0

#Transform 12
Transform: AffineTransform_float_3_3
Parameters: 0.999999 0.000179875 -0.000934172 -0.00018297 0.999996 -0.00305983 0.000934121 0.00306017 0.999995 0.0679299 0.163736 -0.0826447
FixedParameters: 0 0 0

#Transform 13
Transform: AffineTransform_float_3_3
Parameters: 0.999999 0.000475011 -0.000644881 -0.000477622 0.99999 -0.00436754 0.0006427 0.00436746 0.999991 0.0327965 0.204767 -0.097122
FixedParameters: 0 0 0

#Transform 14
Transform: AffineTransform_float_3_3
Parameters: 1 0.000352453 -0.00102412 -0.00035845 0.999984 -0.00549348 0.00102233 0.00549351 0.999984 0.0665279 0.232078 -0.112832
FixedParameters: 0 0 0

#Transform 15
Transform: AffineTransform_float_3_3
Parameters: 0.999999 0.000776406 -0.00111787 -0.000782207 0.999988 -0.00488534 0.0011146 0.00488566 0.999987 0.0168058 0.224274 -0.0754784
FixedParameters: 0 0 0

#Transform 16
Transform: AffineTransform_float_3_3
Parameters: 0.999998 0.00158031 -0.00119142 -0.0015856 0.999992 -0.00376368 0.00118556 0.00376531 0.999992 0.011832 0.212033 -0.154474
FixedParameters: 0 0 0

#Transform 17
Transform: AffineTransform_float_3_3
Parameters: 1 0.00116721 -0.000335347 -0.00116896 0.999995 -0.00300661 0.000331474 0.00300739 0.999996 -0.0196704 0.184322 -0.1357
FixedParameters: 0 0 0

#Transform 18
Transform: AffineTransform_float_3_3
Parameters: 1 0.00112808 -0.00033768 -0.00112959 0.999996 -0.00261498 0.000334928 0.00261502 0.999996 -0.0128327 0.187963 -0.138593
FixedParameters: 0 0 0

#Transform 19
Transform: AffineTransform_float_3_3
Parameters: 0.999998 0.00202682 0.000306299 -0.0020254 0.999987 -0.00465129 -0.000315828 0.0046507 0.999989 -0.0178193 0.213179 -0.173398
FixedParameters: 0 0 0

#Transform 20
Transform: AffineTransform_float_3_3
Parameters: 0.999998 0.00213897 -0.000835243 -0.00214256 0.999989 -0.00395694 0.000827892 0.00395906 0.999992 -0.049829 0.270489 -0.148764
FixedParameters: 0 0 0

#Transform 21
Transform: AffineTransform_float_3_3
Parameters: 0.999998 0.00182647 -0.00106895 -0.00183086 0.999991 -0.00395977 0.00106144 0.00396223 0.999991 -0.0168438 0.274957 -0.273718
FixedParameters: 0 0 0

#Transform 22
Transform: AffineTransform_float_3_3
Parameters: 0.999999 0.00119491 -0.000871658 -0.00119853 0.999989 -0.00449217 0.000865647 0.00449283 0.99999 -0.0415352 0.243794 -0.292764
FixedParameters: 0 0 0

#Transform 23
Transform: AffineTransform_float_3_3
Parameters: 0.999999 0.000823111 -0.00133933 -0.000827634 0.999994 -0.00330574 0.00133638 0.00330726 0.999994 0.0102992 0.239881 -0.25393
FixedParameters: 0 0 0

#Transform 24
Transform: AffineTransform_float_3_3
Parameters: 0.999999 0.000624798 -0.000547989 -0.000625892 0.999996 -0.00291087 0.00054672 0.00291014 0.999996 -0.0194433 0.223643 -0.230584
FixedParameters: 0 0 0

#Transform 25
Transform: AffineTransform_float_3_3
Parameters: 0.999999 0.000795171 -0.000411556 -0.000796885 0.999994 -0.00351803 0.000408717 0.00351797 0.999994 -0.0187021 0.212318 -0.268449
FixedParameters: 0 0 0

#Transform 26
Transform: AffineTransform_float_3_3
Parameters: 1 0.000944302 -0.00034286 -0.000945214 0.999993 -0.00362468 0.000339693 0.00362532 0.999994 -0.0225616 0.208942 -0.212049
FixedParameters: 0 0 0

#Transform 27
Transform: AffineTransform_float_3_3
Parameters: 0.999999 0.000824475 -0.000190609 -0.000825663 0.999996 -0.00277084 0.000188269 0.00277116 0.999996 0.0270956 0.210075 -0.187985
FixedParameters: 0 0 0

#Transform 28
Transform: AffineTransform_float_3_3
Parameters: 0.999999 0.000723523 -0.000675904 -0.000725401 0.999996 -0.00265336 0.000673509 0.00265364 0.999997 -0.037101 0.205987 -0.230662
FixedParameters: 0 0 0

#Transform 29
Transform: AffineTransform_float_3_3
Parameters: 1 0.000692259 -3.20545e-05 -0.00069167 0.999995 -0.00310898 2.95929e-05 0.00310902 0.999995 -0.00300808 0.202032 -0.250179
FixedParameters: 0 0 0

#Transform 30
Transform: AffineTransform_float_3_3
Parameters: 0.999999 0.000267677 -0.000711636 -0.000269972 0.999996 -0.00280866 0.000711577 0.00280834 0.999996 -0.026927 0.195021 -0.254593
FixedParameters: 0 0 0

#Transform 31
Transform: AffineTransform_float_3_3
Parameters: 1 0.000349931 -0.000303168 -0.00035099 0.999996 -0.0030359 0.000302881 0.00303611 0.999996 -0.00725247 0.207289 -0.255125
FixedParameters: 0 0 0

#Transform 32
Transform: AffineTransform_float_3_3
Parameters: 0.999999 0.000791877 0.000147108 -0.000791586 0.999994 -0.00324327 -0.000148701 0.00324373 0.999994 -0.0144461 0.186356 -0.267738
FixedParameters: 0 0 0

#Transform 33
Transform: AffineTransform_float_3_3
Parameters: 1 0.000571748 -0.00036681 -0.000573037 0.999994 -0.00335979 0.000365725 0.00336021 0.999995 -0.0212224 0.214436 -0.212138
FixedParameters: 0 0 0

#Transform 34
Transform: AffineTransform_float_3_3
Parameters: 1 0.000552966 -0.000410767 -0.000554697 0.999995 -0.00306377 0.000409214 0.00306423 0.999995 -0.00865329 0.213463 -0.207334
FixedParameters: 0 0 0

#Transform 35
Transform: AffineTransform_float_3_3
Parameters: 0.999999 0.00071551 -3.09082e-05 -0.000715817 0.999996 -0.00280313 2.91272e-05 0.00280387 0.999996 -0.0319339 0.218057 -0.230993
FixedParameters: 0 0 0

#Transform 36
Transform: AffineTransform_float_3_3
Parameters: 0.999999 0.000850688 0.000375082 -0.0008495 0.999993 -0.00369047 -0.000377423 0.00369053 0.999993 0.0244406 0.226151 -0.214606
FixedParameters: 0 0 0

#Transform 37
Transform: AffineTransform_float_3_3
Parameters: 1 -0.000365098 0.000438004 0.000366422 0.999996 -0.00301284 -0.00043633 0.00301316 0.999996 0.0204647 0.199319 -0.252331
FixedParameters: 0 0 0

#Transform 38
Transform: AffineTransform_float_3_3
Parameters: 1 0.000253734 0.000416737 -0.000252197 0.999993 -0.00358375 -0.000416848 0.00358425 0.999994 0.0159342 0.219541 -0.250148
FixedParameters: 0 0 0

#Transform 39
Transform: AffineTransform_float_3_3
Parameters: 1 -0.000131401 -0.000156942 0.000129995 0.999995 -0.00323402 0.000156867 0.00323398 0.999995 -0.0186293 0.214811 -0.257533
FixedParameters: 0 0 0

#Transform 40
Transform: AffineTransform_float_3_3
Parameters: 1 0.000269334 -0.000336257 -0.000270301 0.999994 -0.00339391 0.000334955 0.00339409 0.999994 -0.00456094 0.208625 -0.264518
FixedParameters: 0 0 0

#Transform 41
Transform: AffineTransform_float_3_3
Parameters: 0.999999 0.00089439 0.000294331 -0.000893271 0.999993 -0.00367726 -0.000298282 0.00367673 0.999993 -0.0327413 0.238082 -0.225989
FixedParameters: 0 0 0

#Transform 42
Transform: AffineTransform_float_3_3
Parameters: 1 0.000516964 -6.80739e-05 -0.00051663 0.999995 -0.00332197 6.64812e-05 0.00332204 0.999995 -0.00683942 0.219137 -0.254873
FixedParameters: 0 0 0

#Transform 43
Transform: AffineTransform_float_3_3
Parameters: 1 0.000315665 -0.000266047 -0.000316981 0.999992 -0.00394592 0.000265392 0.00394609 0.999992 -0.0177647 0.222786 -0.271144
FixedParameters: 0 0 0

#Transform 44
Transform: AffineTransform_float_3_3
Parameters: 1 0.000294679 -0.000315381 -0.000296155 0.999995 -0.0029639 0.000314551 0.00296409 0.999995 -0.0169427 0.219185 -0.239509
FixedParameters: 0 0 0

#Transform 45
Transform: AffineTransform_float_3_3
Parameters: 1 0.000294519 -0.000315531 -0.000296315 0.999994 -0.00347091 0.000314401 0.00347109 0.999994 -0.00553451 0.224585 -0.241444
FixedParameters: 0 0 0

#Transform 46
Transform: AffineTransform_float_3_3
Parameters: 1 -4.36278e-05 -0.000170592 4.35596e-05 0.999996 -0.00289901 0.000170454 0.00289899 0.999996 -0.0134394 0.215497 -0.243149
FixedParameters: 0 0 0

#Transform 47
Transform: AffineTransform_float_3_3
Parameters: 1 -0.000204687 0.00035525 0.000205611 0.999995 -0.00314893 -0.000354488 0.00314907 0.999995 0.0268883 0.214256 -0.253717
FixedParameters: 0 0 0

#Transform 48
Transform: AffineTransform_float_3_3
Parameters: 1 -0.000298911 0.000531553 0.000299591 0.999995 -0.00310884 -0.000530752 0.00310916 0.999995 -0.0106449 0.241556 -0.264909
FixedParameters: 0 0 0

#Transform 49
Transform: AffineTransform_float_3_3
Parameters: 1 -3.95129e-05 0.00010605 3.90834e-05 0.999998 -0.002321 -0.000105477 0.00232101 0.999998 0.0613472 0.215145 -0.19026
FixedParameters: 0 0 0

#Transform 50
Transform: AffineTransform_float_3_3
Parameters: 1 -0.000218293 0.00045181 0.000218414 0.999998 -0.0015859 -0.000451647 0.0015861 0.999998 0.0117741 0.197064 -0.312355
FixedParameters: 0 0 0

#Transform 51
Transform: AffineTransform_float_3_3
Parameters: 1 -0.000292818 0.000277023 0.000293288 0.999998 -0.00155492 -0.000277032 0.00155508 0.999999 -0.0015333 0.182204 -0.328168
FixedParameters: 0 0 0

#Transform 52
Transform: AffineTransform_float_3_3
Parameters: 1 -0.000335891 0.000272752 0.000336583 0.999998 -0.00198591 -0.000272337 0.00198609 0.999998 0.0248995 0.202246 -0.313476
FixedParameters: 0 0 0

#Transform 53
Transform: AffineTransform_float_3_3
Parameters: 1 -0.000354826 0.000345808 0.000355448 0.999999 -0.00146488 -0.000345688 0.00146512 0.999999 0.0178788 0.176139 -0.320569
FixedParameters: 0 0 0

#Transform 54
Transform: AffineTransform_float_3_3
Parameters: 1 0.000121964 0.000679536 -0.000121366 1 -0.00111808 -0.000679418 0.00111792 0.999999 0.0229181 0.182647 -0.363976
FixedParameters: 0 0 0

#Transform 55
Transform: AffineTransform_float_3_3
Parameters: 1 -8.81845e-05 0.000593245 8.92537e-05 0.999998 -0.00200595 -0.000593419 0.00200605 0.999998 0.0234967 0.178003 -0.33382
FixedParameters: 0 0 0

#Transform 56
Transform: AffineTransform_float_3_3
Parameters: 1 7.71856e-05 1.27445e-05 -7.67536e-05 0.999998 -0.001663 -1.208e-05 0.001663 0.999998 0.0291324 0.194431 -0.314047
FixedParameters: 0 0 0

#Transform 57
Transform: AffineTransform_float_3_3
Parameters: 0.999999 -0.000676249 -0.000592357 0.000675649 0.999999 -0.00128155 0.000593699 0.00128145 0.999999 -0.0112087 0.185896 -0.333661
FixedParameters: 0 0 0

#Transform 58
Transform: AffineTransform_float_3_3
Parameters: 1 -0.000207868 -0.00037671 0.000207602 1 -0.000353078 0.000376857 0.000352922 1 -0.00746653 0.16652 -0.387114
FixedParameters: 0 0 0

#Transform 59
Transform: AffineTransform_float_3_3
Parameters: 1 1.69045e-06 0.000103606 -1.5309e-06 0.999999 -0.00077 -0.000103608 0.000769999 0.999999 0.0214191 0.180191 -0.411209
FixedParameters: 0 0 0

#Transform 60
Transform: AffineTransform_float_3_3
Parameters: 1 0.000176463 -0.000274985 -0.00017551 1 -0.000650951 0.000275286 0.000651048 1 -0.0423619 0.182063 -0.479542
FixedParameters: 0 0 0

#Transform 61
Transform: AffineTransform_float_3_3
Parameters: 1 -0.000128237 -0.000166052 0.000127973 0.999999 -0.000793021 0.000166255 0.000792978 0.999999 -0.048857 0.204899 -0.46547
FixedParameters: 0 0 0

#Transform 62
Transform: AffineTransform_float_3_3
Parameters: 1 0.000149982 -0.000329878 -0.000150109 1 -0.00019295 0.00032982 0.000193049 1 -0.0137481 0.180713 -0.356599
FixedParameters: 0 0 0

#Transform 63
Transform: AffineTransform_float_3_3
Parameters: 1 0.000225422 -0.000661651 -0.000225346 1 5.71492e-05 0.000661676 -5.68509e-05 1 -0.0177916 0.189757 -0.438448
FixedParameters: 0 0 0

#Transform 64
Transform: AffineTransform_float_3_3
Parameters: 0.999999 0.000348156 -0.000620468 -0.000348396 1 -0.000192784 0.000620334 0.000193216 1 -0.0199961 0.213351 -0.436753
FixedParameters: 0 0 0

#Transform 65
Transform: AffineTransform_float_3_3
Parameters: 1 0.000357126 -0.000297392 -0.000356096 0.999999 -0.000473741 0.000297584 0.000473259 1 -0.0124913 0.188209 -0.44694
FixedParameters: 0 0 0

#Transform 66
Transform: AffineTransform_float_3_3
Parameters: 1 9.41687e-05 -0.000410393 -9.40821e-05 1 0.000105191 0.000410413 -0.000105809 1 -0.0344734 0.174554 -0.484255
FixedParameters: 0 0 0

#Transform 67
Transform: AffineTransform_float_3_3
Parameters: 0.999999 -5.40283e-05 -0.00077355 5.30087e-05 1 -0.000658682 0.00077362 0.000659318 1 -0.00661646 0.196944 -0.432486
FixedParameters: 0 0 0

#Transform 68
Transform: AffineTransform_float_3_3
Parameters: 1 0.000155788 -0.000313799 -0.000155747 1 6.60489e-05 0.00031382 -6.59512e-05 1 -0.0148236 0.182137 -0.457306
FixedParameters: 0 0 0

#Transform 69
Transform: AffineTransform_float_3_3
Parameters: 1 -0.000240945 -0.000145446 0.000240995 1 0.000173965 0.000145362 -0.000174035 1 -0.0320245 0.190185 -0.456448
FixedParameters: 0 0 0

#Transform 70
Transform: AffineTransform_float_3_3
Parameters: 1 -0.000319983 -0.000387793 0.000319946 1 -4.81241e-05 0.000387824 4.78759e-05 1 -0.00674162 0.202144 -0.42927
FixedParameters: 0 0 0

#Transform 71
Transform: AffineTransform_float_3_3
Parameters: 1 0.000220713 -0.000270806 -0.000220781 1 -0.00012494 0.000270751 0.00012506 1 -0.0162134 0.209116 -0.400634
FixedParameters: 0 0 0

#Transform 72
Transform: AffineTransform_float_3_3
Parameters: 1 -0.000340259 -0.000374962 0.000340729 0.999999 0.000626872 0.000374535 -0.000627127 0.999999 -0.0157371 0.175702 -0.43873
FixedParameters: 0 0 0

#Transform 73
Transform: AffineTransform_float_3_3
Parameters: 1 -0.00036127 -0.000606053 0.000360789 1 0.000361781 0.000606182 -0.000362219 1 -0.0346054 0.198433 -0.413894
FixedParameters: 0 0 0

#Transform 74
Transform: AffineTransform_float_3_3
Parameters: 1 -0.000237876 -0.000568225 0.000237982 1 9.38647e-05 0.000568181 -9.41351e-05 1 -0.0112754 0.180033 -0.424185
FixedParameters: 0 0 0

#Transform 75
Transform: AffineTransform_float_3_3
Parameters: 0.999999 -0.000643213 -0.000425677 0.000643537 0.999999 0.000379726 0.000425188 -0.000380273 1 -0.0274723 0.187972 -0.407685
FixedParameters: 0 0 0

#Transform 76
Transform: AffineTransform_float_3_3
Parameters: 1 -0.000646371 -0.000217975 0.000646546 0.999999 0.000401859 0.000217456 -0.00040214 1 -0.0131671 0.179862 -0.42452
FixedParameters: 0 0 0

#Transform 77
Transform: AffineTransform_float_3_3
Parameters: 0.999999 -0.000797854 -0.000416697 0.000798709 0.999999 0.000556667 0.000416728 -0.000557332 1 -0.00864715 0.195758 -0.399646
FixedParameters: 0 0 0

#Transform 78
Transform: AffineTransform_float_3_3
Parameters: 1 -0.000190479 -0.000241842 0.000190737 1 0.000533954 0.000241639 -0.000534046 1 -0.0363479 0.199164 -0.395944
FixedParameters: 0 0 0

#Transform 79
Transform: AffineTransform_float_3_3
Parameters: 1 -0.000471468 -0.000496184 0.000471291 1 -0.000178234 0.000496352 0.000177766 1 -0.0195444 0.209645 -0.399217
FixedParameters: 0 0 0

#Transform 80
Transform: AffineTransform_float_3_3
Parameters: 0.999999 -0.000394835 -0.000722099 0.000394304 1 -0.000367285 0.000722388 0.000366715 0.999999 -0.0143891 0.208191 -0.411502
FixedParameters: 0 0 0

#Transform 81
Transform: AffineTransform_float_3_3
Parameters: 0.999999 -0.000383578 -0.000696498 0.00038368 1 7.27327e-05 0.000696442 -7.32671e-05 1 -0.0176735 0.191355 -0.407767
FixedParameters: 0 0 0

#Transform 82
Transform: AffineTransform_float_3_3
Parameters: 1 -0.000345909 -0.000608221 0.000346329 1 0.000344789 0.000607982 -0.00034521 1 0.0135272 0.198798 -0.372841
FixedParameters: 0 0 0

#Transform 83
Transform: AffineTransform_float_3_3
Parameters: 0.999999 -0.000731426 -0.00045258 0.000731222 0.999999 0.000792029 0.000451813 -0.000791971 1 -0.0178137 0.188847 -0.347717
FixedParameters: 0 0 0

#Transform 84
Transform: AffineTransform_float_3_3
Parameters: 0.999999 -0.000455535 -0.000585712 0.000456407 1 0.00074494 0.000585033 -0.00074406 1 0.00886018 0.191449 -0.325141
FixedParameters: 0 0 0

#Transform 85
Transform: AffineTransform_float_3_3
Parameters: 0.999999 -0.000493791 -0.000538088 0.000493982 1 0.00103274 0.000537459 -0.00103327 1 -0.0376407 0.163907 -0.377377
FixedParameters: 0 0 0

#Transform 86
Transform: AffineTransform_float_3_3
Parameters: 1 -0.000615107 -0.000815616 0.000615893 1 0.000481858 0.000815023 -0.000482142 1 -0.0222447 0.20039 -0.400494
FixedParameters: 0 0 0

#Transform 87
Transform: AffineTransform_float_3_3
Parameters: 0.999999 -0.000500819 -0.000864082 0.000500975 1 0.000622927 0.000863848 -0.000623073 1 -0.0275867 0.188563 -0.382884
FixedParameters: 0 0 0

#Transform 88
Transform: AffineTransform_float_3_3
Parameters: 1 -0.00038285 -0.00091407 0.000383296 0.999999 0.00074801 0.000913888 -0.00074799 0.999999 -0.0120207 0.204296 -0.379602
FixedParameters: 0 0 0

#Transform 89
Transform: AffineTransform_float_3_3
Parameters: 1 -0.000625512 -0.000199805 0.000625776 0.999999 0.000659875 0.000198979 -0.000660124 1 -0.0163259 0.192422 -0.392269
FixedParameters: 0 0 0

#Transform 90
Transform: AffineTransform_float_3_3
Parameters: 0.999999 -0.000494039 -0.000563999 0.000494999 0.999999 0.000852081 0.000563156 -0.000851919 1 -0.0106496 0.173272 -0.483246
FixedParameters: 0 0 0

#Transform 91
Transform: AffineTransform_float_3_3
Parameters: 1 0.000308198 -0.000497737 -0.000308981 1 0.000530154 0.000497534 -0.000529847 0.999999 -0.0271233 0.201546 -0.431884
FixedParameters: 0 0 0

#Transform 92
Transform: AffineTransform_float_3_3
Parameters: 1 -0.000320076 -0.000319393 0.000320328 1 0.000393898 0.000319141 -0.000394102 1 -0.00927791 0.207378 -0.439949
FixedParameters: 0 0 0

#Transform 93
Transform: AffineTransform_float_3_3
Parameters: 1 -0.000296349 -0.000353388 0.000296812 0.999999 0.000654895 0.000352999 -0.000655104 0.999999 -0.030933 0.177316 -0.453872
FixedParameters: 0 0 0

#Transform 94
Transform: AffineTransform_float_3_3
Parameters: 1 -0.000543755 -0.000373486 0.000544297 1 0.000726644 0.000372695 -0.000726355 0.999999 -0.0183876 0.184688 -0.460296
FixedParameters: 0 0 0

#Transform 95
Transform: AffineTransform_float_3_3
Parameters: 0.999999 -0.000958176 -0.000146984 0.000958812 1 0.000835347 0.000146303 -0.000835653 0.999999 0.0057657 0.177595 -0.408784
FixedParameters: 0 0 0

#Transform 96
Transform: AffineTransform_float_3_3
Parameters: 1 -0.000531085 -4.85003e-05 0.000531117 1 0.000332974 4.81466e-05 -0.000333025 1 -0.0195319 0.215619 -0.410379
FixedParameters: 0 0 0

#Transform 97
Transform: AffineTransform_float_3_3
Parameters: 0.999999 -0.000678953 -0.000461678 0.000679505 1 0.000597533 0.000460867 -0.000597465 0.999999 0.0082227 0.181355 -0.346388
FixedParameters: 0 0 0

#Transform 98
Transform: AffineTransform_float_3_3
Parameters: 0.999999 -0.000700075 -0.000339756 0.000699538 0.999999 0.000563762 0.000339357 -0.000564237 1 -0.0137607 0.210443 -0.372121
FixedParameters: 0 0 0

#Transform 99
Transform: AffineTransform_float_3_3
Parameters: 1 -0.000634371 -6.64712e-05 0.000634384 1 9.9805e-05 6.63449e-05 -9.91946e-05 1 -0.0175884 0.21341 -0.453543
FixedParameters: 0 0 0

#Transform 100
Transform: AffineTransform_float_3_3
Parameters: 0.999999 -0.000648824 -0.000313713 0.000648287 0.999999 0.000611796 0.00031331 -0.000612203 1 -0.0211724 0.185065 -0.458881
FixedParameters: 0 0 0

#Transform 101
Transform: AffineTransform_float_3_3
Parameters: 1 -0.000661045 0.000100741 0.00066087 1 0.000861707 -0.000101881 -0.000862292 0.999999 -0.0012829 0.204523 -0.432547
FixedParameters: 0 0 0

#Transform 102
Transform: AffineTransform_float_3_3
Parameters: 0.999999 -0.000913677 -7.8097e-05 0.000914238 0.999999 0.00109893 7.70086e-05 -0.00109907 1 -0.0133287 0.189945 -0.425513
FixedParameters: 0 0 0

#Transform 103
Transform: AffineTransform_float_3_3
Parameters: 0.999999 -0.000724274 0.000110852 0.000724287 0.999999 -6.09199e-05 -0.000110764 6.10804e-05 1 -0.0182688 0.211828 -0.41856
FixedParameters: 0 0 0

#Transform 104
Transform: AffineTransform_float_3_3
Parameters: 0.999999 -0.0008398 -0.000162372 0.000840465 0.999999 0.000846504 0.00016187 -0.000847496 0.999999 -0.0134783 0.203988 -0.399834
FixedParameters: 0 0 0

#Transform 105
Transform: AffineTransform_float_3_3
Parameters: 1 -0.000442015 -0.00032528 0.000442318 1 0.000466856 0.000324867 -0.000467143 1 -0.0397919 0.206363 -0.418496
FixedParameters: 0 0 0

#Transform 106
Transform: AffineTransform_float_3_3
Parameters: 1 -0.000705506 -0.00089904 0.000706381 0.999999 0.000780725 0.000899248 -0.000781275 0.999999 -0.033981 0.188506 -0.394219
FixedParameters: 0 0 0

#Transform 107
Transform: AffineTransform_float_3_3
Parameters: 0.999999 -0.000513885 -0.000726074 0.000514078 0.999999 0.000766987 0.000725676 -0.000767013 1 -0.01266 0.218754 -0.371016
FixedParameters: 0 0 0

#Transform 108
Transform: AffineTransform_float_3_3
Parameters: 1 -0.000365601 -0.000191679 0.00036603 1 0.00112093 0.000190859 -0.00112107 1 -0.00765692 0.225579 -0.337932
FixedParameters: 0 0 0

#Transform 109
Transform: AffineTransform_float_3_3
Parameters: 0.999999 -0.000457651 -0.000732571 0.000458393 1 0.00113466 0.000731922 -0.00113534 0.999999 -0.0115007 0.196359 -0.371827
FixedParameters: 0 0 0

#Transform 110
Transform: AffineTransform_float_3_3
Parameters: 0.999999 -0.000539081 -0.00048299 0.000538887 0.999999 0.000751739 0.000482571 -0.00075226 0.999999 -0.00064818 0.209016 -0.335727
FixedParameters: 0 0 0

#Transform 111
Transform: AffineTransform_float_3_3
Parameters: 1 -0.000721331 -0.000812174 0.000722018 0.999999 0.00131526 0.000811978 -0.00131574 0.999998 -0.0101401 0.185661 -0.429225
FixedParameters: 0 0 0

#Transform 112
Transform: AffineTransform_float_3_3
Parameters: 1 -0.000660158 -0.000251819 0.000661283 0.999998 0.00146183 0.000250808 -0.00146217 0.999999 -0.0174057 0.189195 -0.434508
FixedParameters: 0 0 0

#Transform 113
Transform: AffineTransform_float_3_3
Parameters: 1 -0.000838209 -0.000742156 0.000839748 0.999999 0.00139422 0.000741127 -0.00139477 0.999998 -0.0268555 0.192014 -0.430803
FixedParameters: 0 0 0

#Transform 114
Transform: AffineTransform_float_3_3
Parameters: 1 -0.000574973 -0.000356359 0.000575308 0.999999 0.0017658 0.000354718 -0.00176621 0.999999 0.0135661 0.172472 -0.403624
FixedParameters: 0 0 0

#Transform 115
Transform: AffineTransform_float_3_3
Parameters: 1 -0.000548836 -0.000872139 0.000550599 0.999998 0.00153988 0.000870836 -0.00154012 0.999999 0.0188701 0.18725 -0.396038
FixedParameters: 0 0 0

#Transform 116
Transform: AffineTransform_float_3_3
Parameters: 1 -0.000911199 -0.000470104 0.000911767 0.999999 0.00116857 0.000469284 -0.00116943 0.999999 -0.0239033 0.177437 -0.454008
FixedParameters: 0 0 0

#Transform 117
Transform: AffineTransform_float_3_3
Parameters: 1 -0.00106619 -0.000313771 0.00106709 0.999998 0.00165451 0.000312473 -0.00165449 0.999999 0.0445956 0.192683 -0.358924
FixedParameters: 0 0 0

#Transform 118
Transform: AffineTransform_float_3_3
Parameters: 1 -0.000660822 -9.7946e-06 0.000661248 0.999997 0.00201699 8.0485e-06 -0.00201701 0.999998 -0.015032 0.181964 -0.457237
FixedParameters: 0 0 0

#Transform 119
Transform: AffineTransform_float_3_3
Parameters: 1 -0.00117217 -0.000325214 0.00117257 0.999998 0.00143247 0.000323167 -0.00143253 0.999998 0.00810265 0.196581 -0.430622
FixedParameters: 0 0 0

#Transform 120
Transform: AffineTransform_float_3_3
Parameters: 1 -0.00117198 -0.000325887 0.00117223 0.999998 0.00200611 0.000323805 -0.00200689 0.999998 -0.0145005 0.178192 -0.447062
FixedParameters: 0 0 0

#Transform 121
Transform: AffineTransform_float_3_3
Parameters: 0.999999 -0.000887743 0.000293533 0.000887077 0.999998 0.00179226 -0.000295793 -0.00179174 0.999999 -0.00655651 0.223129 -0.433936
FixedParameters: 0 0 0

#Transform 122
Transform: AffineTransform_float_3_3
Parameters: 0.999999 -0.000814185 0.000367474 0.000813427 0.999998 0.00208894 -0.000369033 -0.00208906 0.999998 -0.000925515 0.20889 -0.429651
FixedParameters: 0 0 0

#Transform 123
Transform: AffineTransform_float_3_3
Parameters: 1 -0.000629584 -0.000860868 0.000630781 0.999998 0.00176546 0.000859424 -0.00176654 0.999998 0.0441693 0.206522 -0.431461
FixedParameters: 0 0 0

#Transform 124
Transform: AffineTransform_float_3_3
Parameters: 1 -0.000968617 -0.00067228 0.000969947 0.999997 0.00207156 0.000669966 -0.00207144 0.999998 -0.0174317 0.197543 -0.495952
FixedParameters: 0 0 0

#Transform 125
Transform: AffineTransform_float_3_3
Parameters: 1 -0.00104234 -0.000443976 0.00104289 0.999999 0.00121838 0.000442747 -0.00121861 0.999999 0.0294378 0.191197 -0.527651
FixedParameters: 0 0 0

#Transform 126
Transform: AffineTransform_float_3_3
Parameters: 1 -0.00107906 -0.000154396 0.00107949 0.999997 0.00186783 0.000152596 -0.00186817 0.999998 0.00774812 0.195862 -0.610071
FixedParameters: 0 0 0

#Transform 127
Transform: AffineTransform_float_3_3
Parameters: 1 -0.00100536 0.000228549 0.00100549 0.999999 0.00142472 -0.000229573 -0.00142428 0.999999 0.0116532 0.16935 -0.618476
FixedParameters: 0 0 0

#Transform 128
Transform: AffineTransform_float_3_3
Parameters: 1 -0.00109224 -0.000409429 0.00109369 0.999997 0.00195255 0.000407392 -0.00195345 0.999998 0.032609 0.200921 -0.524327
FixedParameters: 0 0 0

#Transform 129
Transform: AffineTransform_float_3_3
Parameters: 0.999999 -0.00113311 -0.000108006 0.00113343 0.999997 0.00215888 0.000105345 -0.00215912 0.999998 -0.0202615 0.174402 -0.60993
FixedParameters: 0 0 0

#Transform 130
Transform: AffineTransform_float_3_3
Parameters: 0.999999 -0.00129252 -4.04105e-05 0.00129252 0.999998 0.00189344 3.77475e-05 -0.00189356 0.999998 -0.00937961 0.192019 -0.588284
FixedParameters: 0 0 0

#Transform 131
Transform: AffineTransform_float_3_3
Parameters: 0.999999 -0.00125702 4.86343e-05 0.00125668 0.999997 0.0020307 -5.15079e-05 -0.0020313 0.999998 0.0432191 0.190301 -0.547544
FixedParameters: 0 0 0

#Transform 132
Transform: AffineTransform_float_3_3
Parameters: 0.999999 -0.00132996 -0.000236453 0.00133067 0.999995 0.00292569 0.000232211 -0.00292631 0.999996 0.00445297 0.183994 -0.582124
FixedParameters: 0 0 0

#Transform 133
Transform: AffineTransform_float_3_3
Parameters: 1 -0.00103277 0.000106087 0.00103239 0.999995 0.00290175 -0.000108928 -0.00290225 0.999996 -0.0301297 0.187669 -0.605855
FixedParameters: 0 0 0

#Transform 134
Transform: AffineTransform_float_3_3
Parameters: 0.999999 -0.00136655 -0.000363911 0.00136686 0.999996 0.00262735 0.000360663 -0.00262765 0.999997 -0.0192922 0.188869 -0.621373
FixedParameters: 0 0 0

#Transform 135
Transform: AffineTransform_float_3_3
Parameters: 0.999999 -0.00138148 -0.000385102 0.00138198 0.999997 0.00202832 0.000382119 -0.00202868 0.999998 -0.0231706 0.206177 -0.607514
FixedParameters: 0 0 0

#Transform 136
Transform: AffineTransform_float_3_3
Parameters: 1 -0.0010926 -0.000474305 0.00109289 0.999998 0.00183933 0.000471986 -0.00183967 0.999998 -0.0388621 0.203994 -0.606182
FixedParameters: 0 0 0

#Transform 137
Transform: AffineTransform_float_3_3
Parameters: 0.999999 -0.00144707 0.00035928 0.0014459 0.999995 0.00251016 -0.000362468 -0.00250984 0.999997 0.025473 0.204672 -0.559629
FixedParameters: 0 0 0

#Transform 138
Transform: AffineTransform_float_3_3
Parameters: 0.999998 -0.00164049 -9.9798e-05 0.00164073 0.999996 0.00261933 9.56664e-05 -0.00261967 0.999997 -0.02244 0.192053 -0.578364
FixedParameters: 0 0 0

#Transform 139
Transform: AffineTransform_float_3_3
Parameters: 0.999999 -0.00142983 4.47415e-05 0.00142892 0.999995 0.0026197 -4.86884e-05 -0.00262029 0.999996 0.0475888 0.217371 -0.454439
FixedParameters: 0 0 0

#Transform 140
Transform: AffineTransform_float_3_3
Parameters: 0.999998 -0.00157236 -0.000679768 0.0015734 0.999995 0.00261878 0.000675852 -0.00262022 0.999996 0.00609085 0.197223 -0.448185
FixedParameters: 0 0 0

#Transform 141
Transform: AffineTransform_float_3_3
Parameters: 0.999999 -0.000825438 0.000356279 0.000824162 0.999992 0.00396829 -0.000359143 -0.0039677 0.999992 0.000213304 0.193836 -0.388405
FixedParameters: 0 0 0

#Transform 142
Transform: AffineTransform_float_3_3
Parameters: 1 -0.00060992 0.000911408 0.000607845 0.999997 0.00257456 -0.000913483 -0.00257345 0.999997 -0.015887 0.21323 -0.485086
FixedParameters: 0 0 0

#Transform 143
Transform: AffineTransform_float_3_3
Parameters: 1 -0.000774596 0.000875182 0.000772891 0.999997 0.00194483 -0.00087674 -0.00194417 0.999998 -0.0427161 0.216237 -0.557512
FixedParameters: 0 0 0

#Transform 144
Transform: AffineTransform_float_3_3
Parameters: 0.999999 -0.0012441 -0.000896964 0.00124531 0.999999 0.000967731 0.000895864 -0.000969268 0.999999 -0.0319015 0.217137 -0.576124
FixedParameters: 0 0 0

#Transform 145
Transform: AffineTransform_float_3_3
Parameters: 0.999999 -0.00151047 -0.000100665 0.00151061 0.999998 0.00137034 9.87563e-05 -0.00137066 0.999999 -0.0075663 0.209883 -0.524489
FixedParameters: 0 0 0

#Transform 146
Transform: AffineTransform_float_3_3
Parameters: 0.999999 -0.0013071 -0.000288134 0.00130799 0.999997 0.00179147 0.000285681 -0.00179153 0.999998 0.0407478 0.213767 -0.402699
FixedParameters: 0 0 0

#Transform 147
Transform: AffineTransform_float_3_3
Parameters: 0.999999 -0.00124544 -0.000165926 0.00124642 0.999997 0.00218864 0.000163625 -0.00218836 0.999998 0.00263495 0.196549 -0.514116
FixedParameters: 0 0 0

#Transform 148
Transform: AffineTransform_float_3_3
Parameters: 0.999999 -0.00131894 0.000272174 0.00131856 0.999997 0.002131 -0.000275954 -0.002131 0.999998 0.0207963 0.229431 -0.468338
FixedParameters: 0 0 0

#Transform 149
Transform: AffineTransform_float_3_3
Parameters: 0.999999 -0.00132736 -0.000132216 0.00132782 0.999995 0.00285647 0.000129094 -0.00285753 0.999996 -0.00550821 0.192365 -0.502102
FixedParameters: 0 0 0

#Transform 150
Transform: AffineTransform_float_3_3
Parameters: 0.999999 -0.00124378 0.000149496 0.00124305 0.999997 0.00196983 -0.000152164 -0.00197017 0.999998 -0.00986314 0.218166 -0.506455
FixedParameters: 0 0 0

#Transform 151
Transform: AffineTransform_float_3_3
Parameters: 0.999999 -0.00123997 -0.000167842 0.00124045 0.999997 0.00185279 0.000165477 -0.00185321 0.999999 -0.0220564 0.200507 -0.546307
FixedParameters: 0 0 0

#Transform 152
Transform: AffineTransform_float_3_3
Parameters: 1 -0.00105957 -0.000243399 0.00106054 0.999999 0.00119959 0.000241776 -0.00119941 0.999999 0.00289943 0.238386 -0.548651
FixedParameters: 0 0 0

#Transform 153
Transform: AffineTransform_float_3_3
Parameters: 1 -0.00113141 -0.000213008 0.00113139 0.999999 0.00119961 0.000211605 -0.00119939 0.999999 -0.0103151 0.207447 -0.563742
FixedParameters: 0 0 0

#Transform 154
Transform: AffineTransform_float_3_3
Parameters: 1 -0.0011378 -0.000133382 0.00113763 0.999998 0.00135785 0.000131604 -0.00135815 0.999999 -0.0197066 0.2209 -0.539769
FixedParameters: 0 0 0

#Transform 155
Transform: AffineTransform_float_3_3
Parameters: 0.999999 -0.00152361 -0.000350647 0.00152463 0.999997 0.00165431 0.000347836 -0.00165468 0.999999 -0.000333202 0.220364 -0.538999
FixedParameters: 0 0 0

#Transform 156
Transform: AffineTransform_float_3_3
Parameters: 0.999999 -0.00137568 -0.000141403 0.00137686 0.999998 0.00139029 0.000139416 -0.00139071 0.999999 0.00397872 0.216477 -0.521136
FixedParameters: 0 0 0

#Transform 157
Transform: AffineTransform_float_3_3
Parameters: 1 -0.00109955 -0.000257461 0.00109937 0.999999 0.000683357 0.000257268 -0.000684643 1 -0.00762774 0.224647 -0.521764
FixedParameters: 0 0 0

#Transform 158
Transform: AffineTransform_float_3_3
Parameters: 0.999999 -0.000737088 -0.000114481 0.000737226 0.999999 0.000605915 0.000113588 -0.000606083 1 0.0109187 0.231611 -0.449343
FixedParameters: 0 0 0

#Transform 159
Transform: AffineTransform_float_3_3
Parameters: 0.999998 -0.00223694 -0.000416554 0.00223828 0.999997 0.00130841 0.000413848 -0.00130959 1 0.0286448 0.230957 -0.450394
FixedParameters: 0 0 0

#Transform 160
Transform: AffineTransform_float_3_3
Parameters: 0.999997 -0.00212266 -0.00109796 0.00212635 0.999993 0.00331622 0.00109081 -0.00331878 0.999994 0.0120664 0.2144 -0.388668
FixedParameters: 0 0 0

#Transform 161
Transform: AffineTransform_float_3_3
Parameters: 0.999999 -0.00153235 -0.000784712 0.00153244 0.999999 5.96447e-05 0.000784527 -6.13547e-05 1 -0.00228853 0.228913 -0.524564
FixedParameters: 0 0 0

#Transform 162
Transform: AffineTransform_float_3_3
Parameters: 0.999998 -0.00163913 -0.00103736 0.00163978 0.999999 0.000315147 0.00103632 -0.000317852 0.999999 3.65723e-05 0.234175 -0.501908
FixedParameters: 0 0 0

#Transform 163
Transform: AffineTransform_float_3_3
Parameters: 0.999998 -0.00104888 -0.00133116 0.00104898 0.999999 0.000380811 0.00133075 -0.000382189 0.999999 -0.0245916 0.250536 -0.475974
FixedParameters: 0 0 0

#Transform 164
Transform: AffineTransform_float_3_3
Parameters: 0.999999 -7.73571e-05 -0.000992476 7.76645e-05 0.999999 0.000618436 0.00099277 -0.000618565 1 -0.0427228 0.246274 -0.488872
FixedParameters: 0 0 0

#Transform 165
Transform: AffineTransform_float_3_3
Parameters: 0.999999 -0.000845381 -0.00117842 0.00084583 1 0.00019021 0.0011781 -0.000190789 0.999999 -0.0291913 0.255572 -0.515182
FixedParameters: 0 0 0

#Transform 166
Transform: AffineTransform_float_3_3
Parameters: 1 -0.00065953 -0.00102269 0.000660374 1 0.000412685 0.00102214 -0.000413315 1 -0.0336509 0.232183 -0.526461
FixedParameters: 0 0 0

#Transform 167
Transform: AffineTransform_float_3_3
Parameters: 0.999998 -0.00079233 -0.00140608 0.000791598 1 -0.000587907 0.00140662 0.000587093 0.999998 -0.0163499 0.241609 -0.578915
FixedParameters: 0 0 0

#Transform 168
Transform: AffineTransform_float_3_3
Parameters: 0.999999 -0.00101643 -0.00143493 0.00101559 0.999999 2.67496e-05 0.00143527 -2.82517e-05 0.999998 -0.00664547 0.254494 -0.482663
FixedParameters: 0 0 0

#Transform 169
Transform: AffineTransform_float_3_3
Parameters: 0.999998 -0.000972713 -0.00129837 0.000973714 0.999999 0.000588943 0.00129854 -0.000590056 0.999998 -0.00829585 0.244 -0.460009
FixedParameters: 0 0 0

#Transform 170
Transform: AffineTransform_float_3_3
Parameters: 0.999999 -0.000703659 -0.00104102 0.00070449 0.999999 0.000841474 0.00104022 -0.000841525 0.999999 -0.0275872 0.258832 -0.463095
FixedParameters: 0 0 0

#Transform 171
Transform: AffineTransform_float_3_3
Parameters: 0.999997 -0.000627232 -0.00203033 0.00062712 1 -2.84013e-05 0.00203036 2.65986e-05 0.999998 -0.0281653 0.277865 -0.502401
FixedParameters: 0 0 0

#Transform 172
Transform: AffineTransform_float_3_3
Parameters: 0.999998 -0.0011282 -0.00177299 0.00112692 0.999999 -0.000364432 0.00177381 0.000362566 0.999998 0.0341868 0.267046 -0.494781
FixedParameters: 0 0 0

#Transform 173
Transform: AffineTransform_float_3_3
Parameters: 0.999999 -0.00118152 -0.000978466 0.0011806 0.999999 -0.000937309 0.000980288 0.00093569 0.999999 0.0102839 0.294726 -0.550545
FixedParameters: 0 0 0

#Transform 174
Transform: AffineTransform_float_3_3
Parameters: 0.999998 -0.00104558 -0.00155703 0.00104467 0.999999 -0.000589061 0.00155787 0.000587939 0.999999 0.0249016 0.269047 -0.499314
FixedParameters: 0 0 0

#Transform 175
Transform: AffineTransform_float_3_3
Parameters: 0.999998 -0.00148125 -0.00120727 0.00148016 0.999998 -0.00105258 0.00120868 0.00105042 0.999999 0.0415065 0.266492 -0.53254
FixedParameters: 0 0 0

#Transform 176
Transform: AffineTransform_float_3_3
Parameters: 0.999998 -0.00137588 -0.000961243 0.00137517 0.999999 -0.000643476 0.000961699 0.000641525 0.999999 0.00709173 0.276543 -0.533233
FixedParameters: 0 0 0

#Transform 177
Transform: AffineTransform_float_3_3
Parameters: 0.999998 -0.00138447 -0.000982979 0.00138363 0.999999 -0.000231154 0.000982697 0.000229847 0.999999 0.0167168 0.266374 -0.513254
FixedParameters: 0 0 0

#Transform 178
Transform: AffineTransform_float_3_3
Parameters: 0.999998 -0.00107173 -0.00163628 0.00107141 0.999999 -9.80341e-05 0.00163649 9.59658e-05 0.999999 0.0316001 0.267497 -0.504678
FixedParameters: 0 0 0

#Transform 179
Transform: AffineTransform_float_3_3
Parameters: 0.999998 -0.00110567 -0.00154567 0.00110481 0.999999 -0.000448142 0.00154535 0.000446859 0.999999 0.0235843 0.290444 -0.51584
FixedParameters: 0 0 0
