# transform file /out/sourcedata/freesurfer/sub-v1s10x0051047_ses-1/mri/transforms/cc_up.lta
# created by oesteban on Thu Mar 12 06:39:27 2026

type      = 0 # LINEAR_VOX_TO_VOX
nxforms   = 1
mean      = 124.0000 131.0000 127.0000
sigma     = 10000.0000
1 4 4
9.938071966171265e-01 9.469281136989594e-02 -5.814398825168610e-02 -9.090555906295776e-01 
-9.453116357326508e-02 9.955065846443176e-01 5.530668888241053e-03 2.885595703125000e+01 
5.840643495321274e-02 -4.656613428188905e-10 9.982929825782776e-01 -5.232543468475342e+00 
0.000000000000000e+00 0.000000000000000e+00 0.000000000000000e+00 1.000000000000000e+00 
src volume info
valid = 1  # volume info valid
filename = /out/sourcedata/freesurfer/sub-v1s10x0051047_ses-1/mri/norm.mgz
volume = 256 256 256
voxelsize = 1.000000000000000e+00 1.000000000000000e+00 1.000000000000000e+00
xras   = -1.000000000000000e+00 0.000000000000000e+00 0.000000000000000e+00
yras   = 0.000000000000000e+00 0.000000000000000e+00 -1.000000000000000e+00
zras   = 0.000000000000000e+00 1.000000000000000e+00 0.000000000000000e+00
cras   = 3.556671142578125e+00 -3.337341308593750e+00 1.000000000000000e+00
dst volume info
valid = 1  # volume info valid
filename = /out/sourcedata/freesurfer/sub-v1s10x0051047_ses-1/mri/norm.mgz
volume = 256 256 256
voxelsize = 1.000000000000000e+00 1.000000000000000e+00 1.000000000000000e+00
xras   = -1.000000000000000e+00 0.000000000000000e+00 0.000000000000000e+00
yras   = 0.000000000000000e+00 0.000000000000000e+00 -1.000000000000000e+00
zras   = 0.000000000000000e+00 1.000000000000000e+00 0.000000000000000e+00
cras   = 3.556671142578125e+00 -3.337341308593750e+00 1.000000000000000e+00
