# transform file transforms/talairach.lta
# created by oesteban on Thu Mar 12 05:24:08 2026

type      = 0 # LINEAR_VOX_TO_VOX
nxforms   = 1
mean      = 124.0000 131.0000 127.0000
sigma     = 10000.0000
1 4 4
1.098611116409302e+00 9.639362990856171e-02 -7.178781181573868e-02 -1.621000289916992e+01 
-7.164319604635239e-02 1.174464344978333e+00 2.446973025798798e-01 -5.029638290405273e+01 
1.067256927490234e-01 -2.600501477718353e-01 9.890578985214233e-01 5.351411342620850e+00 
0.000000000000000e+00 0.000000000000000e+00 0.000000000000000e+00 1.000000000000000e+00 
src volume info
valid = 1  # volume info valid
filename = nu.mgz
volume = 256 256 256
voxelsize = 1.000000000000000e+00 1.000000000000000e+00 1.000000000000000e+00
xras   = -1.000000000000000e+00 0.000000000000000e+00 0.000000000000000e+00
yras   = 0.000000000000000e+00 0.000000000000000e+00 -1.000000000000000e+00
zras   = 0.000000000000000e+00 1.000000000000000e+00 0.000000000000000e+00
cras   = 3.556671142578125e+00 -3.337341308593750e+00 1.000000000000000e+00
dst volume info
valid = 1  # volume info valid
filename = /opt/freesurfer/average/RB_all_2020-01-02.gca
volume = 256 256 256
voxelsize = 1.000000000000000e+00 1.000000000000000e+00 1.000000000000000e+00
xras   = -1.000000000000000e+00 0.000000000000000e+00 0.000000000000000e+00
yras   = 0.000000000000000e+00 0.000000000000000e+00 -1.000000000000000e+00
zras   = 0.000000000000000e+00 1.000000000000000e+00 0.000000000000000e+00
cras   = 0.000000000000000e+00 0.000000000000000e+00 0.000000000000000e+00
