# transform file /out/sourcedata/freesurfer/sub-v1s10x0050974_ses-1/mri/transforms/cc_up.lta
# created by oesteban on Thu Mar 12 02:22:58 2026

type      = 0 # LINEAR_VOX_TO_VOX
nxforms   = 1
mean      = 130.0000 137.0000 127.0000
sigma     = 10000.0000
1 4 4
9.959063529968262e-01 7.588071376085281e-02 -4.911733791232109e-02 -6.688354492187500e+00 
-7.578859478235245e-02 9.971168041229248e-01 3.737835679203272e-03 1.990862083435059e+01 
4.925935715436935e-02 -2.328306158982940e-10 9.987859725952148e-01 -1.368557214736938e+00 
0.000000000000000e+00 0.000000000000000e+00 0.000000000000000e+00 1.000000000000000e+00 
src volume info
valid = 1  # volume info valid
filename = /out/sourcedata/freesurfer/sub-v1s10x0050974_ses-1/mri/norm.mgz
volume = 256 256 256
voxelsize = 1.000000000000000e+00 1.000000000000000e+00 1.000000000000000e+00
xras   = -1.000000000000000e+00 0.000000000000000e+00 0.000000000000000e+00
yras   = 0.000000000000000e+00 0.000000000000000e+00 -1.000000000000000e+00
zras   = 0.000000000000000e+00 1.000000000000000e+00 0.000000000000000e+00
cras   = -2.949821472167969e+00 1.000000000000000e+00 -1.891571044921875e+00
dst volume info
valid = 1  # volume info valid
filename = /out/sourcedata/freesurfer/sub-v1s10x0050974_ses-1/mri/norm.mgz
volume = 256 256 256
voxelsize = 1.000000000000000e+00 1.000000000000000e+00 1.000000000000000e+00
xras   = -1.000000000000000e+00 0.000000000000000e+00 0.000000000000000e+00
yras   = 0.000000000000000e+00 0.000000000000000e+00 -1.000000000000000e+00
zras   = 0.000000000000000e+00 1.000000000000000e+00 0.000000000000000e+00
cras   = -2.949821472167969e+00 1.000000000000000e+00 -1.891571044921875e+00
