#Insight Transform File V1.0
#Transform 0
Transform: AffineTransform_float_3_3
Parameters: 1 -0.000114099 4.8553e-05 0.000114186 0.999999 -0.000896994 -4.83482e-05 0.000897005 0.999999 0.0849482 0.0839409 0.302766
FixedParameters: 0 0 0

#Transform 1
Transform: AffineTransform_float_3_3
Parameters: 1 0.00044797 -0.000257557 -0.000448017 1 -9.08845e-05 0.000257476 9.11152e-05 1 0.0319887 0.0201498 -0.0108131
FixedParameters: 0 0 0

#Transform 2
Transform: AffineTransform_float_3_3
Parameters: 0.999999 0.000795649 0.000557437 -0.000794947 0.999998 -0.0019286 -0.000558803 0.0019284 0.999998 0.00191604 0.0161749 -0.0877025
FixedParameters: 0 0 0

#Transform 3
Transform: AffineTransform_float_3_3
Parameters: 0.999999 0.00070153 0.000338261 -0.000701765 0.999999 -0.00101224 -0.00033929 0.00101176 1 0.032505 0.0392965 -0.0879815
FixedParameters: 0 0 0

#Transform 4
Transform: AffineTransform_float_3_3
Parameters: 0.999999 0.00109743 0.000641574 -0.00109713 0.999999 0.000487504 -0.000640895 -0.000487497 1 0.0074413 0.0403594 -0.0763388
FixedParameters: 0 0 0

#Transform 5
Transform: AffineTransform_float_3_3
Parameters: 0.999999 0.000293381 0.00141288 -0.000292304 1 -0.000707054 -0.00141291 0.000706945 0.999998 0.0177203 0.0272897 -0.0383614
FixedParameters: 0 0 0

#Transform 6
Transform: AffineTransform_float_3_3
Parameters: 1 9.83417e-05 0.000353735 -9.77424e-05 0.999999 -0.000847034 -0.000353902 0.000846965 0.999999 0.0417314 0.0322581 -0.0421614
FixedParameters: 0 0 0

#Transform 7
Transform: AffineTransform_float_3_3
Parameters: 1 0.000464517 0.00101734 -0.000463469 0.999999 -0.000967112 -0.00101785 0.000966887 0.999999 0.0187555 0.037084 -0.0641735
FixedParameters: 0 0 0

#Transform 8
Transform: AffineTransform_float_3_3
Parameters: 0.999999 0.000334154 0.000797866 -0.000333527 0.999999 -0.000969906 -0.000798123 0.000970093 0.999999 0.0326089 0.0495321 -0.082682
FixedParameters: 0 0 0

#Transform 9
Transform: AffineTransform_float_3_3
Parameters: 0.999999 0.00066011 0.00129825 -0.000659456 1 -0.000252497 -0.00129859 0.000251503 0.999999 0.00643638 0.0617664 -0.0740706
FixedParameters: 0 0 0

#Transform 10
Transform: AffineTransform_float_3_3
Parameters: 0.999999 0.000249866 0.000847733 -0.000249004 1 0.000264789 -0.000847071 -0.000265212 0.999999 0.0286652 0.0673087 -0.0905993
FixedParameters: 0 0 0

#Transform 11
Transform: AffineTransform_float_3_3
Parameters: 1 0.000208897 0.00112497 -0.000207427 1 -0.000652874 -0.00112524 0.000653125 0.999999 0.02027 0.0695446 -0.0741041
FixedParameters: 0 0 0

#Transform 12
Transform: AffineTransform_float_3_3
Parameters: 0.999999 -0.000131923 0.00122627 0.000132888 1 -0.000393325 -0.00122616 0.000393675 1 0.0891012 0.0766474 -0.0795285
FixedParameters: 0 0 0

#Transform 13
Transform: AffineTransform_float_3_3
Parameters: 1 -5.39519e-05 0.000529428 5.41046e-05 1 -0.00101397 -0.000528928 0.00101403 1 0.0172077 0.067727 -0.0886521
FixedParameters: 0 0 0

#Transform 14
Transform: AffineTransform_float_3_3
Parameters: 1 -0.000119182 0.00102456 0.000120072 1 -0.00107388 -0.00102484 0.00107412 0.999999 0.0475989 0.064803 -0.081429
FixedParameters: 0 0 0

#Transform 15
Transform: AffineTransform_float_3_3
Parameters: 0.999999 0.000152272 0.00148832 -0.000150713 0.999999 -0.00114271 -0.00148789 0.00114229 0.999999 0.0278093 0.0560853 -0.0831513
FixedParameters: 0 0 0

#Transform 16
Transform: AffineTransform_float_3_3
Parameters: 1 0.000132581 0.00115301 -0.000132416 1 -0.000470793 -0.00115274 0.000471207 0.999999 0.038727 0.0988093 -0.113764
FixedParameters: 0 0 0

#Transform 17
Transform: AffineTransform_float_3_3
Parameters: 0.999999 -3.1285e-05 0.000950678 3.16369e-05 1 0.00029903 -0.000951087 -0.00029897 0.999999 0.0218695 0.0995764 -0.130493
FixedParameters: 0 0 0

#Transform 18
Transform: AffineTransform_float_3_3
Parameters: 0.999999 0.000143103 0.000876818 -0.000142846 1 -0.000147125 -0.00087686 0.000146875 0.999999 0.0128337 0.0979578 -0.121002
FixedParameters: 0 0 0

#Transform 19
Transform: AffineTransform_float_3_3
Parameters: 0.999999 0.000227137 0.000841176 -0.000227265 1 -0.000471191 -0.000840999 0.000470809 0.999999 0.00772277 0.10916 -0.110608
FixedParameters: 0 0 0

#Transform 20
Transform: AffineTransform_float_3_3
Parameters: 1 0.000216263 0.000410023 -0.000215653 0.999998 -0.00186509 -0.000410438 0.00186491 0.999998 0.0521634 0.043212 -0.0942356
FixedParameters: 0 0 0

#Transform 21
Transform: AffineTransform_float_3_3
Parameters: 0.999999 -0.000151189 0.000891843 0.000152139 0.999998 -0.00178471 -0.000891441 0.00178429 0.999998 0.0691531 0.0533219 -0.0833028
FixedParameters: 0 0 0

#Transform 22
Transform: AffineTransform_float_3_3
Parameters: 0.999998 -0.00041858 0.00158923 0.000420196 0.999999 -0.00133282 -0.00158917 0.00133418 0.999998 0.0756603 0.0466235 -0.0598231
FixedParameters: 0 0 0

#Transform 23
Transform: AffineTransform_float_3_3
Parameters: 0.999999 -0.000396708 0.00121009 0.000398336 0.999999 -0.00105337 -0.00120886 0.00105363 0.999999 0.0687511 0.0432514 -0.0486459
FixedParameters: 0 0 0

#Transform 24
Transform: AffineTransform_float_3_3
Parameters: 0.999999 -0.000415493 0.000601806 0.000416308 1 -0.00100175 -0.000601893 0.00100225 1 0.103309 0.0487412 -0.0556963
FixedParameters: 0 0 0

#Transform 25
Transform: AffineTransform_float_3_3
Parameters: 1 -0.000498809 0.00100281 0.000500296 0.999998 -0.00139535 -0.00100194 0.00139565 0.999998 0.0883243 0.0419456 -0.113274
FixedParameters: 0 0 0

#Transform 26
Transform: AffineTransform_float_3_3
Parameters: 0.999999 -0.000277024 0.00092667 0.00027839 0.999999 -0.00123459 -0.000925594 0.00123441 0.999999 0.0564216 0.0449071 -0.0997846
FixedParameters: 0 0 0

#Transform 27
Transform: AffineTransform_float_3_3
Parameters: 1 0.000168893 0.000602026 -0.000167802 0.999998 -0.0019931 -0.000603227 0.0019929 0.999998 0.068948 0.0312132 -0.136621
FixedParameters: 0 0 0

#Transform 28
Transform: AffineTransform_float_3_3
Parameters: 0.999999 0.000285303 0.000656721 -0.00028435 0.999999 -0.00142619 -0.000657143 0.00142581 0.999999 0.0311769 0.0153301 -0.20693
FixedParameters: 0 0 0

#Transform 29
Transform: AffineTransform_float_3_3
Parameters: 0.999999 -0.000106967 0.00106071 0.000108504 1 -0.00115889 -0.00106007 0.00115911 0.999999 0.0494834 0.0330034 -0.194064
FixedParameters: 0 0 0

#Transform 30
Transform: AffineTransform_float_3_3
Parameters: 1 0.000126079 0.00107644 -0.000126056 1 -0.000437776 -0.00107616 0.000438224 0.999999 0.0307277 0.0392259 -0.179009
FixedParameters: 0 0 0

#Transform 31
Transform: AffineTransform_float_3_3
Parameters: 1 -0.000607133 0.00099651 0.00060806 0.999999 -0.00112324 -0.000995675 0.00112376 0.999999 0.111368 0.029865 -0.173555
FixedParameters: 0 0 0

#Transform 32
Transform: AffineTransform_float_3_3
Parameters: 0.999999 -0.00102504 0.00141856 0.00102557 0.999999 -0.000183753 -0.00141818 0.000185247 0.999998 0.106594 0.0523824 -0.182371
FixedParameters: 0 0 0

#Transform 33
Transform: AffineTransform_float_3_3
Parameters: 1 -0.000878296 0.00079742 0.000878084 1 0.000133493 -0.000797654 -0.000133506 1 0.0819951 0.0688667 -0.160031
FixedParameters: 0 0 0

#Transform 34
Transform: AffineTransform_float_3_3
Parameters: 1 -0.00035135 0.00111317 0.000353209 0.999998 -0.00183846 -0.00111201 0.00183854 0.999998 0.0653434 0.0599873 -0.147354
FixedParameters: 0 0 0

#Transform 35
Transform: AffineTransform_float_3_3
Parameters: 0.999999 -0.000459072 0.000733741 0.000459908 0.999999 -0.00146366 -0.000732926 0.00146434 0.999998 0.0890022 0.0523186 -0.101274
FixedParameters: 0 0 0

#Transform 36
Transform: AffineTransform_float_3_3
Parameters: 1 -0.000643013 0.000972991 0.000644496 0.999998 -0.00143622 -0.000971671 0.00143678 0.999998 0.0892051 0.0502836 -0.100606
FixedParameters: 0 0 0

#Transform 37
Transform: AffineTransform_float_3_3
Parameters: 1 -0.000351861 0.00106798 0.000354221 0.999998 -0.00215062 -0.0010666 0.00215138 0.999997 0.0545492 0.0559336 -0.147094
FixedParameters: 0 0 0

#Transform 38
Transform: AffineTransform_float_3_3
Parameters: 0.999999 -0.000432832 0.00178034 0.000439034 0.999994 -0.00336471 -0.00177821 0.00336629 0.999993 0.108415 -0.0264326 -0.255501
FixedParameters: 0 0 0

#Transform 39
Transform: AffineTransform_float_3_3
Parameters: 0.999992 0.00121028 0.00384691 -0.00121036 0.999999 8.5267e-06 -0.00384689 -1.34733e-05 0.999993 0.551471 -0.111733 -1.0897
FixedParameters: 0 0 0

#Transform 40
Transform: AffineTransform_float_3_3
Parameters: 0.999997 0.000943249 0.00196401 -0.000931586 0.999982 -0.00590892 -0.00196909 0.00590808 0.99998 0.184685 0.0195243 -0.32013
FixedParameters: 0 0 0

#Transform 41
Transform: AffineTransform_float_3_3
Parameters: 0.999999 -0.000106105 0.0013876 0.000118721 0.999959 -0.00904133 -0.0013868 0.00904167 0.999959 0.169939 -0.0748872 -0.298419
FixedParameters: 0 0 0

#Transform 42
Transform: AffineTransform_float_3_3
Parameters: 0.999999 -0.00034165 0.00141864 0.000350706 0.999981 -0.006156 -0.00141624 0.006157 0.99998 0.168239 -0.0408976 -0.158921
FixedParameters: 0 0 0

#Transform 43
Transform: AffineTransform_float_3_3
Parameters: 0.999998 -0.00106015 0.0017175 0.00106605 0.999993 -0.00347402 -0.00171407 0.00347698 0.999992 0.153767 -0.00455058 -0.160258
FixedParameters: 0 0 0

#Transform 44
Transform: AffineTransform_float_3_3
Parameters: 0.999997 -0.000566584 0.00231549 0.000574109 0.999993 -0.00352286 -0.00231426 0.00352414 0.999991 0.124171 0.0163618 -0.162587
FixedParameters: 0 0 0

#Transform 45
Transform: AffineTransform_float_3_3
Parameters: 0.999997 -0.00063005 0.00216107 0.000641395 0.999987 -0.00496396 -0.00215807 0.00496604 0.999985 0.130715 -0.0273811 -0.24297
FixedParameters: 0 0 0

#Transform 46
Transform: AffineTransform_float_3_3
Parameters: 0.999997 -0.00115009 0.00241622 0.00116464 0.999979 -0.00635675 -0.00240878 0.00636025 0.999977 0.153401 -0.056606 -0.25395
FixedParameters: 0 0 0

#Transform 47
Transform: AffineTransform_float_3_3
Parameters: 0.999997 -0.00118357 0.00208719 0.00119637 0.99998 -0.00618342 -0.00208 0.00618558 0.999979 0.146597 -0.0580117 -0.251177
FixedParameters: 0 0 0

#Transform 48
Transform: AffineTransform_float_3_3
Parameters: 0.999997 -0.000999907 0.00251307 0.00101468 0.999981 -0.00607486 -0.00250718 0.00607714 0.999978 0.133134 -0.0684681 -0.226148
FixedParameters: 0 0 0

#Transform 49
Transform: AffineTransform_float_3_3
Parameters: 0.999998 -0.000629114 0.00222501 0.000643031 0.999979 -0.00640613 -0.00222046 0.00640687 0.999977 0.135881 -0.059045 -0.29034
FixedParameters: 0 0 0

#Transform 50
Transform: AffineTransform_float_3_3
Parameters: 0.999998 -0.00159597 0.00162073 0.00160534 0.999985 -0.00536383 -0.00161212 0.00536618 0.999985 0.177921 -0.0655302 -0.41946
FixedParameters: 0 0 0

#Transform 51
Transform: AffineTransform_float_3_3
Parameters: 0.999998 -0.00144657 0.00166549 0.0014604 0.999967 -0.00798865 -0.00165425 0.00799136 0.999967 0.178823 -0.114521 -0.456575
FixedParameters: 0 0 0

#Transform 52
Transform: AffineTransform_float_3_3
Parameters: 0.999999 -0.00109056 0.00138217 0.00110066 0.999973 -0.00722669 -0.00137412 0.0072283 0.999972 0.146214 -0.0899534 -0.390495
FixedParameters: 0 0 0

#Transform 53
Transform: AffineTransform_float_3_3
Parameters: 0.999999 -0.00110596 0.000978225 0.00111371 0.999967 -0.00807928 -0.000968852 0.00808073 0.999967 0.188096 -0.101278 -0.501944
FixedParameters: 0 0 0

#Transform 54
Transform: AffineTransform_float_3_3
Parameters: 0.999997 -0.00149975 0.00152889 0.00150947 0.999979 -0.00623691 -0.00151921 0.00624008 0.999979 0.146328 -0.0495693 -0.175777
FixedParameters: 0 0 0

#Transform 55
Transform: AffineTransform_float_3_3
Parameters: 0.999997 -0.000678016 0.00233538 0.000696516 0.99997 -0.00764858 -0.00232952 0.00765042 0.999968 0.15097 -0.0499344 -0.296876
FixedParameters: 0 0 0

#Transform 56
Transform: AffineTransform_float_3_3
Parameters: 0.999998 -0.000237404 0.00164441 0.000252336 0.999958 -0.00913493 -0.00164222 0.00913507 0.999957 0.116331 -0.0906193 -0.324272
FixedParameters: 0 0 0

#Transform 57
Transform: AffineTransform_float_3_3
Parameters: 0.999999 -0.00130572 0.00133552 0.00131769 0.99996 -0.00878331 -0.00132394 0.00878469 0.999961 0.154416 -0.10651 -0.323306
FixedParameters: 0 0 0

#Transform 58
Transform: AffineTransform_float_3_3
Parameters: 0.999999 -0.00129645 0.00126652 0.00130509 0.999973 -0.00725657 -0.00125765 0.00725844 0.999973 0.166039 -0.0667439 -0.267525
FixedParameters: 0 0 0

#Transform 59
Transform: AffineTransform_float_3_3
Parameters: 0.999999 -0.00100668 0.000874787 0.00101164 0.99998 -0.00622532 -0.000868414 0.00622567 0.99998 0.198014 -0.0551858 0.0834993
FixedParameters: 0 0 0

#Transform 60
Transform: AffineTransform_float_3_3
Parameters: 0.999996 -0.00198861 0.00207546 0.00200681 0.999962 -0.00848213 -0.00205829 0.00848687 0.999962 0.189616 -0.132822 -0.257223
FixedParameters: 0 0 0

#Transform 61
Transform: AffineTransform_float_3_3
Parameters: 0.999996 -0.00141073 0.00222713 0.00142607 0.999976 -0.00683911 -0.00221763 0.00684189 0.999974 0.176347 -0.106484 -0.254965
FixedParameters: 0 0 0

#Transform 62
Transform: AffineTransform_float_3_3
Parameters: 0.999996 -0.00181896 0.00246705 0.00183569 0.999974 -0.00688361 -0.00245415 0.00688839 0.999973 0.224188 -0.0839609 -0.350625
FixedParameters: 0 0 0

#Transform 63
Transform: AffineTransform_float_3_3
Parameters: 0.999995 -0.00152594 0.0027692 0.00154413 0.999978 -0.00634735 -0.00275882 0.00635164 0.999976 0.189316 -0.0634774 -0.335003
FixedParameters: 0 0 0

#Transform 64
Transform: AffineTransform_float_3_3
Parameters: 0.999994 -0.00169255 0.00295316 0.00171009 0.999981 -0.00590543 -0.00294309 0.00591057 0.999979 0.19339 -0.0687601 -0.347943
FixedParameters: 0 0 0

#Transform 65
Transform: AffineTransform_float_3_3
Parameters: 0.999994 -0.00189368 0.00311458 0.00191254 0.99998 -0.00608589 -0.00310289 0.00609212 0.999977 0.196807 -0.0623056 -0.349803
FixedParameters: 0 0 0

#Transform 66
Transform: AffineTransform_float_3_3
Parameters: 0.999993 -0.00234466 0.0027075 0.00236068 0.999981 -0.00562832 -0.00269445 0.00563468 0.99998 0.252776 -0.0622412 -0.402043
FixedParameters: 0 0 0

#Transform 67
Transform: AffineTransform_float_3_3
Parameters: 0.999994 -0.00262195 0.00232091 0.00263129 0.999987 -0.0041891 -0.00230982 0.00419489 0.999988 0.249839 -0.078562 -0.472113
FixedParameters: 0 0 0

#Transform 68
Transform: AffineTransform_float_3_3
Parameters: 0.999994 -0.0027286 0.00207187 0.00273773 0.999986 -0.0045167 -0.00205941 0.00452231 0.999988 0.235035 -0.0407987 -0.42634
FixedParameters: 0 0 0

#Transform 69
Transform: AffineTransform_float_3_3
Parameters: 0.999993 -0.00253613 0.00252362 0.002544 0.999991 -0.00332564 -0.00251489 0.00333136 0.999991 0.219798 -0.0483826 -0.355373
FixedParameters: 0 0 0

#Transform 70
Transform: AffineTransform_float_3_3
Parameters: 0.999993 -0.00255137 0.00248739 0.00255964 0.999991 -0.00353484 -0.0024784 0.00354116 0.999991 0.214875 -0.0134861 -0.0830389
FixedParameters: 0 0 0

#Transform 71
Transform: AffineTransform_float_3_3
Parameters: 0.999995 -0.00216971 0.00196615 0.00218069 0.999981 -0.00580487 -0.00195327 0.00580913 0.999981 0.188383 -0.0543663 -0.131195
FixedParameters: 0 0 0

#Transform 72
Transform: AffineTransform_float_3_3
Parameters: 0.999995 -0.0019399 0.00224448 0.00195363 0.999978 -0.00639926 -0.00223168 0.00640373 0.999977 0.18958 -0.0469514 -0.145875
FixedParameters: 0 0 0

#Transform 73
Transform: AffineTransform_float_3_3
Parameters: 0.999995 -0.00280023 0.00151916 0.0028093 0.999977 -0.0060684 -0.00150182 0.00607259 0.99998 0.224196 -0.0370029 -0.136834
FixedParameters: 0 0 0

#Transform 74
Transform: AffineTransform_float_3_3
Parameters: 0.999994 -0.00211872 0.00273977 0.00213711 0.999976 -0.00664435 -0.00272559 0.00664966 0.999975 0.202009 -0.0640124 -0.0753445
FixedParameters: 0 0 0

#Transform 75
Transform: AffineTransform_float_3_3
Parameters: 0.999996 -0.0016263 0.00261139 0.00163978 0.999987 -0.00489449 -0.00260332 0.00489951 0.999985 0.203504 -0.0353129 -0.162421
FixedParameters: 0 0 0

#Transform 76
Transform: AffineTransform_float_3_3
Parameters: 0.999995 -0.00193179 0.0027412 0.00194421 0.999989 -0.00437101 -0.00273348 0.00437599 0.999987 0.175058 -0.0373004 -0.0380378
FixedParameters: 0 0 0

#Transform 77
Transform: AffineTransform_float_3_3
Parameters: 0.999996 -0.00184323 0.00223823 0.00185266 0.999989 -0.00430649 -0.00223008 0.00431051 0.999988 0.168657 -0.0109158 -0.0429673
FixedParameters: 0 0 0

#Transform 78
Transform: AffineTransform_float_3_3
Parameters: 0.999995 -0.00167443 0.00263073 0.00168594 0.999989 -0.00440954 -0.00262291 0.00441346 0.999987 0.149868 -0.018547 0.0292371
FixedParameters: 0 0 0

#Transform 79
Transform: AffineTransform_float_3_3
Parameters: 0.999992 -0.00265233 0.00302944 0.00266543 0.999987 -0.0044787 -0.00301813 0.00448632 0.999986 0.223155 -0.0277433 -0.0493597
FixedParameters: 0 0 0

#Transform 80
Transform: AffineTransform_float_3_3
Parameters: 0.999994 -0.0027515 0.00241075 0.00275868 0.999992 -0.00287456 -0.00240292 0.00288144 0.999993 0.22337 0.00255128 -0.0966419
FixedParameters: 0 0 0

#Transform 81
Transform: AffineTransform_float_3_3
Parameters: 0.999995 -0.00174486 0.00281828 0.00175456 0.999993 -0.00349003 -0.00281161 0.00349497 0.99999 0.179469 -0.0103975 -0.126534
FixedParameters: 0 0 0

#Transform 82
Transform: AffineTransform_float_3_3
Parameters: 0.999997 -0.00137385 0.00209669 0.00138328 0.999989 -0.00440902 -0.00209047 0.00441199 0.999988 0.134876 -0.0109854 -0.185291
FixedParameters: 0 0 0

#Transform 83
Transform: AffineTransform_float_3_3
Parameters: 0.999995 -0.00188331 0.00249614 0.00189185 0.999993 -0.00325976 -0.00248924 0.00326423 0.999991 0.165181 0.0179732 -0.148123
FixedParameters: 0 0 0

#Transform 84
Transform: AffineTransform_float_3_3
Parameters: 0.999995 -0.00182048 0.00264895 0.00182563 0.999996 -0.00186028 -0.00264559 0.00186572 0.999994 0.153918 0.0210272 -0.0990364
FixedParameters: 0 0 0

#Transform 85
Transform: AffineTransform_float_3_3
Parameters: 0.999996 -0.0016653 0.00195532 0.0016741 0.999988 -0.004432 -0.00194777 0.00443499 0.999988 0.122517 -0.0317406 -0.205728
FixedParameters: 0 0 0

#Transform 86
Transform: AffineTransform_float_3_3
Parameters: 0.999996 -0.00168053 0.00231133 0.00168984 0.99999 -0.00405837 -0.00230451 0.00406263 0.999989 0.1385 6.43706e-05 -0.165349
FixedParameters: 0 0 0

#Transform 87
Transform: AffineTransform_float_3_3
Parameters: 0.999995 -0.00191534 0.00242097 0.00192351 0.999992 -0.00336647 -0.00241437 0.00337153 0.999992 0.140459 0.00902473 -0.150994
FixedParameters: 0 0 0

#Transform 88
Transform: AffineTransform_float_3_3
Parameters: 0.999996 -0.00192262 0.00240488 0.0019299 0.999994 -0.00312284 -0.00239825 0.00312716 0.999992 0.16272 0.0135815 -0.135641
FixedParameters: 0 0 0

#Transform 89
Transform: AffineTransform_float_3_3
Parameters: 0.999994 -0.00225458 0.00266643 0.00226233 0.999993 -0.00304966 -0.00265989 0.00305534 0.999992 0.220144 0.0276793 -0.198535
FixedParameters: 0 0 0

#Transform 90
Transform: AffineTransform_float_3_3
Parameters: 0.999995 -0.00201531 0.00234636 0.00202601 0.999988 -0.00446374 -0.00233702 0.00446826 0.999987 0.168207 0.0113555 -0.219331
FixedParameters: 0 0 0

#Transform 91
Transform: AffineTransform_float_3_3
Parameters: 0.999995 -0.00242271 0.00227479 0.00242895 0.999993 -0.00266647 -0.00226803 0.00267253 0.999993 0.174572 0.0159469 -0.149001
FixedParameters: 0 0 0

#Transform 92
Transform: AffineTransform_float_3_3
Parameters: 0.999997 -0.00166054 0.00209185 0.00166511 0.999996 -0.00243979 -0.00208677 0.00244321 0.999995 0.137609 0.0291179 -0.127378
FixedParameters: 0 0 0

#Transform 93
Transform: AffineTransform_float_3_3
Parameters: 0.999995 -0.00220328 0.00249656 0.00221134 0.999993 -0.00305697 -0.00248977 0.00306304 0.999992 0.212793 0.0201393 -0.151278
FixedParameters: 0 0 0

#Transform 94
Transform: AffineTransform_float_3_3
Parameters: 0.999994 -0.00209334 0.00275315 0.00210234 0.999993 -0.00310954 -0.00274642 0.00311545 0.999991 0.218996 0.038012 -0.144982
FixedParameters: 0 0 0

#Transform 95
Transform: AffineTransform_float_3_3
Parameters: 0.999995 -0.00210025 0.00231193 0.00210852 0.999992 -0.00334897 -0.00230455 0.00335303 0.999991 0.214431 0.0180965 -0.200235
FixedParameters: 0 0 0

#Transform 96
Transform: AffineTransform_float_3_3
Parameters: 0.999995 -0.00180752 0.00231797 0.00181174 0.999997 -0.00172592 -0.00231553 0.00173009 0.999996 0.169083 0.0591059 -0.112463
FixedParameters: 0 0 0

#Transform 97
Transform: AffineTransform_float_3_3
Parameters: 0.999995 -0.00162455 0.00267169 0.00163134 0.999996 -0.00257161 -0.00266688 0.00257539 0.999993 0.162797 0.00735161 -0.0470523
FixedParameters: 0 0 0

#Transform 98
Transform: AffineTransform_float_3_3
Parameters: 0.999994 -0.00160622 0.00311839 0.00161875 0.999991 -0.00402842 -0.00311199 0.00403358 0.999987 0.151187 0.00900305 -0.0118966
FixedParameters: 0 0 0

#Transform 99
Transform: AffineTransform_float_3_3
Parameters: 0.999996 -0.00134019 0.00274904 0.00134518 0.999997 -0.00210006 -0.00274605 0.00210394 0.999994 0.144314 0.0314518 -0.0502619
FixedParameters: 0 0 0

#Transform 100
Transform: AffineTransform_float_3_3
Parameters: 0.999996 -0.00134605 0.0024276 0.00135259 0.999996 -0.00258748 -0.00242457 0.00259053 0.999994 0.120685 0.0349464 -0.0933292
FixedParameters: 0 0 0

#Transform 101
Transform: AffineTransform_float_3_3
Parameters: 0.999997 -0.00143225 0.00232793 0.00143679 0.999997 -0.00190241 -0.00232498 0.00190559 0.999996 0.121854 0.0291319 -0.079068
FixedParameters: 0 0 0

#Transform 102
Transform: AffineTransform_float_3_3
Parameters: 0.999995 -0.0015817 0.00252112 0.0015874 0.999996 -0.00232712 -0.0025177 0.00233088 0.999994 0.121408 0.0267693 -0.0946061
FixedParameters: 0 0 0

#Transform 103
Transform: AffineTransform_float_3_3
Parameters: 0.999994 -0.00200412 0.00258096 0.00200983 0.999995 -0.00234814 -0.0025764 0.00235286 0.999994 0.18784 0.0325402 -0.107756
FixedParameters: 0 0 0

#Transform 104
Transform: AffineTransform_float_3_3
Parameters: 0.999995 -0.00162947 0.00263303 0.00163599 0.999996 -0.00238281 -0.00262921 0.00238719 0.999993 0.143353 0.028872 -0.103118
FixedParameters: 0 0 0

#Transform 105
Transform: AffineTransform_float_3_3
Parameters: 0.999994 -0.00195852 0.00292997 0.00197052 0.999989 -0.00433242 -0.00292139 0.00433759 0.999986 0.186667 0.0417863 0.0845724
FixedParameters: 0 0 0

#Transform 106
Transform: AffineTransform_float_3_3
Parameters: 0.999993 -0.00169294 0.00333601 0.00170135 0.999995 -0.00255463 -0.00333235 0.00256037 0.999991 0.169072 0.0384477 -0.0219115
FixedParameters: 0 0 0

#Transform 107
Transform: AffineTransform_float_3_3
Parameters: 0.999995 -0.00170761 0.0027112 0.00171281 0.999997 -0.00206932 -0.00270808 0.00207368 0.999994 0.148191 0.0376027 -0.0283917
FixedParameters: 0 0 0

#Transform 108
Transform: AffineTransform_float_3_3
Parameters: 0.999996 -0.00168113 0.00251573 0.00168542 0.999997 -0.00152652 -0.00251349 0.00153148 0.999996 0.133242 0.0435693 -0.0313701
FixedParameters: 0 0 0

#Transform 109
Transform: AffineTransform_float_3_3
Parameters: 0.999995 -0.00187104 0.00232506 0.00187498 0.999997 -0.00157827 -0.00232204 0.00158273 0.999996 0.117888 0.0351633 -0.048422
FixedParameters: 0 0 0

#Transform 110
Transform: AffineTransform_float_3_3
Parameters: 0.999994 -0.00231452 0.00251772 0.00232098 0.999994 -0.002634 -0.0025113 0.00264 0.999993 0.181684 0.0346539 -0.0640258
FixedParameters: 0 0 0

#Transform 111
Transform: AffineTransform_float_3_3
Parameters: 0.999994 -0.0021992 0.00240605 0.00220338 0.999996 -0.00184718 -0.00240134 0.00185282 0.999996 0.173609 0.0553245 -0.15321
FixedParameters: 0 0 0

#Transform 112
Transform: AffineTransform_float_3_3
Parameters: 0.999995 -0.00248312 0.00199918 0.00248587 0.999996 -0.00130838 -0.00199596 0.00131262 0.999997 0.162842 0.050199 -0.132469
FixedParameters: 0 0 0

#Transform 113
Transform: AffineTransform_float_3_3
Parameters: 0.999995 -0.00240082 0.00213083 0.00239931 0.999997 0.000541134 -0.00213157 -0.000535866 0.999998 0.149108 0.0856416 -0.0826475
FixedParameters: 0 0 0

#Transform 114
Transform: AffineTransform_float_3_3
Parameters: 0.999996 -0.00207845 0.00215601 0.00207688 0.999998 0.000545859 -0.00215643 -0.000541141 0.999998 0.132524 0.0803941 -0.088494
FixedParameters: 0 0 0

#Transform 115
Transform: AffineTransform_float_3_3
Parameters: 0.999995 -0.00261243 0.00206995 0.00261323 0.999996 -0.000507575 -0.00206781 0.000513425 0.999998 0.206112 0.0568439 -0.20872
FixedParameters: 0 0 0

#Transform 116
Transform: AffineTransform_float_3_3
Parameters: 0.999996 -0.0018753 0.00203037 0.0018784 0.999997 -0.00127881 -0.00202793 0.00128219 0.999997 0.143019 0.0676221 -0.12349
FixedParameters: 0 0 0

#Transform 117
Transform: AffineTransform_float_3_3
Parameters: 0.999995 -0.00226398 0.00186075 0.00226614 0.999997 -0.00114277 -0.00185793 0.00114623 0.999998 0.186182 0.087691 -0.102428
FixedParameters: 0 0 0

#Transform 118
Transform: AffineTransform_float_3_3
Parameters: 0.999995 -0.00222267 0.00195324 0.00222405 0.999997 -0.000887434 -0.00195165 0.000892568 0.999998 0.17794 0.0978512 -0.101519
FixedParameters: 0 0 0

#Transform 119
Transform: AffineTransform_float_3_3
Parameters: 0.999995 -0.00260293 0.00165305 0.00260318 0.999997 -0.000192191 -0.00165296 0.000195811 0.999999 0.165267 0.101094 -0.0601237
FixedParameters: 0 0 0

#Transform 120
Transform: AffineTransform_float_3_3
Parameters: 0.999994 -0.00297086 0.00188847 0.00297153 0.999995 -0.000727246 -0.0018865 0.000732757 0.999998 0.219646 0.100435 -0.102381
FixedParameters: 0 0 0

#Transform 121
Transform: AffineTransform_float_3_3
Parameters: 0.999999 -0.00150773 0.00109718 0.00150825 0.999998 -0.00101455 -0.00109557 0.00101645 0.999999 0.112224 0.0658612 -0.0915445
FixedParameters: 0 0 0

#Transform 122
Transform: AffineTransform_float_3_3
Parameters: 0.999997 -0.00186379 0.00143014 0.00186578 0.999998 -0.000967902 -0.00142836 0.000971099 0.999999 0.119799 0.115555 -0.108284
FixedParameters: 0 0 0

#Transform 123
Transform: AffineTransform_float_3_3
Parameters: 0.999998 -0.00137506 0.00149228 0.00137566 0.999999 -0.000201515 -0.00149172 0.000203485 0.999998 0.102494 0.130668 -0.0836727
FixedParameters: 0 0 0

#Transform 124
Transform: AffineTransform_float_3_3
Parameters: 0.999995 -0.00238592 0.00201925 0.00238717 0.999997 -0.000827165 -0.00201766 0.000831838 0.999998 0.207223 0.083545 -0.210982
FixedParameters: 0 0 0

#Transform 125
Transform: AffineTransform_float_3_3
Parameters: 0.99999 -0.00163604 0.00418393 0.00164569 0.999996 -0.00224725 -0.00418025 0.00225475 0.999989 0.172694 0.0615209 -0.050089
FixedParameters: 0 0 0

#Transform 126
Transform: AffineTransform_float_3_3
Parameters: 0.999993 -0.00276578 0.00257251 0.0027697 0.999995 -0.00149707 -0.00256802 0.00150493 0.999995 0.224289 0.0843794 -0.0539903
FixedParameters: 0 0 0

#Transform 127
Transform: AffineTransform_float_3_3
Parameters: 0.999991 -0.00334587 0.00261458 0.00335117 0.999992 -0.00228653 -0.00260727 0.00229548 0.999994 0.183097 0.0621958 -0.00541853
FixedParameters: 0 0 0

#Transform 128
Transform: AffineTransform_float_3_3
Parameters: 0.999993 -0.00316395 0.00196573 0.0031662 0.999995 -0.000868636 -0.00196297 0.000875365 0.999998 0.171334 0.0934311 -0.0611868
FixedParameters: 0 0 0

#Transform 129
Transform: AffineTransform_float_3_3
Parameters: 0.999993 -0.00316469 0.00196453 0.00316585 0.999995 -0.000489997 -0.00196325 0.000496005 0.999998 0.182968 0.106488 -0.0645301
FixedParameters: 0 0 0

#Transform 130
Transform: AffineTransform_float_3_3
Parameters: 0.999992 -0.00315311 0.00251458 0.00315576 0.999995 -0.00093798 -0.00251101 0.000946019 0.999996 0.23868 0.104354 -0.0936506
FixedParameters: 0 0 0

#Transform 131
Transform: AffineTransform_float_3_3
Parameters: 0.999995 -0.00224794 0.00212919 0.00225356 0.999994 -0.0026122 -0.00212269 0.00261681 0.999994 0.185261 0.0639656 -0.0903832
FixedParameters: 0 0 0

#Transform 132
Transform: AffineTransform_float_3_3
Parameters: 0.999996 -0.00133512 0.00268767 0.00133867 0.999998 -0.00146216 -0.00268627 0.00146584 0.999995 0.135775 0.0619145 -0.0546257
FixedParameters: 0 0 0

#Transform 133
Transform: AffineTransform_float_3_3
Parameters: 0.999996 -0.00226523 0.00169666 0.0022673 0.999997 -0.00134045 -0.00169387 0.00134456 0.999997 0.204566 0.0513889 -0.0256072
FixedParameters: 0 0 0

#Transform 134
Transform: AffineTransform_float_3_3
Parameters: 0.999996 -0.00202657 0.00229917 0.00203034 0.999996 -0.00164481 -0.00229631 0.00164919 0.999996 0.151983 0.0618584 -0.0347968
FixedParameters: 0 0 0

#Transform 135
Transform: AffineTransform_float_3_3
Parameters: 0.999995 -0.00217141 0.00235912 0.0021744 0.999997 -0.0010747 -0.00235681 0.0010793 0.999996 0.14794 0.052668 -0.0321024
FixedParameters: 0 0 0

#Transform 136
Transform: AffineTransform_float_3_3
Parameters: 0.999995 -0.00244839 0.00195105 0.00245107 0.999996 -0.00108636 -0.00194939 0.00109165 0.999997 0.188311 0.0655639 -0.0652218
FixedParameters: 0 0 0

#Transform 137
Transform: AffineTransform_float_3_3
Parameters: 0.999994 -0.00307049 0.0014499 0.00307134 0.999995 -0.000559709 -0.00144829 0.000564293 0.999999 0.180684 0.0826992 -0.055678
FixedParameters: 0 0 0

#Transform 138
Transform: AffineTransform_float_3_3
Parameters: 0.999997 -0.00199916 0.00181678 0.00200711 0.999988 -0.00439299 -0.00180773 0.00439601 0.999989 0.18198 0.0310613 -0.108986
FixedParameters: 0 0 0

#Transform 139
Transform: AffineTransform_float_3_3
Parameters: 0.999996 -0.0019198 0.00197702 0.00192988 0.999986 -0.00500598 -0.00196776 0.00501002 0.999985 0.16225 0.0231094 -0.0268886
FixedParameters: 0 0 0

#Transform 140
Transform: AffineTransform_float_3_3
Parameters: 0.999995 -0.00161189 0.00269868 0.00162172 0.999992 -0.00366975 -0.00269235 0.00367425 0.999989 0.120954 0.0366189 -0.00659234
FixedParameters: 0 0 0

#Transform 141
Transform: AffineTransform_float_3_3
Parameters: 0.999995 -0.00257825 0.00217609 0.00258078 0.999996 -0.00145337 -0.00217239 0.00145963 0.999997 0.216956 0.0723482 -0.0737609
FixedParameters: 0 0 0

#Transform 142
Transform: AffineTransform_float_3_3
Parameters: 0.999992 -0.00255161 0.00313172 0.00255744 0.999995 -0.00189038 -0.003126 0.00189862 0.999994 0.21001 0.0578342 -0.0321332
FixedParameters: 0 0 0

#Transform 143
Transform: AffineTransform_float_3_3
Parameters: 0.999995 -0.00233887 0.00242297 0.00234326 0.999995 -0.00176716 -0.00241943 0.00177284 0.999995 0.179593 0.0513723 -0.0462413
FixedParameters: 0 0 0

#Transform 144
Transform: AffineTransform_float_3_3
Parameters: 0.999994 -0.00239833 0.00242622 0.00240029 0.999996 -0.00102401 -0.00242327 0.00102999 0.999996 0.154021 0.0735955 -0.0485438
FixedParameters: 0 0 0

#Transform 145
Transform: AffineTransform_float_3_3
Parameters: 0.999995 -0.00185669 0.00231797 0.00185895 0.999998 -0.000852316 -0.00231624 0.000856684 0.999996 0.125574 0.060445 -0.0498365
FixedParameters: 0 0 0

#Transform 146
Transform: AffineTransform_float_3_3
Parameters: 0.999997 -0.00215551 0.00159603 0.00215626 0.999997 -0.000355486 -0.00159541 0.000359514 0.999998 0.204582 0.0960471 -0.257295
FixedParameters: 0 0 0

#Transform 147
Transform: AffineTransform_float_3_3
Parameters: 0.999995 -0.00277255 0.00109493 0.00277227 0.999997 0.000482086 -0.00109575 -0.000478915 0.999999 0.220106 0.0609216 -0.223513
FixedParameters: 0 0 0

#Transform 148
Transform: AffineTransform_float_3_3
Parameters: 0.999996 -0.00269353 0.00145708 0.00269504 0.999996 -0.000918723 -0.00145489 0.000922278 0.999998 0.201665 0.0567903 -0.0481746
FixedParameters: 0 0 0

#Transform 149
Transform: AffineTransform_float_3_3
Parameters: 0.999996 -0.00259108 0.00121503 0.00259293 0.999996 -0.00140529 -0.00121142 0.00140871 0.999998 0.189219 0.0687878 -0.0721337
FixedParameters: 0 0 0

#Transform 150
Transform: AffineTransform_float_3_3
Parameters: 0.999995 -0.00327354 0.000739687 0.00327449 0.999995 -0.000547045 -0.00073833 0.000548957 0.999999 0.238164 0.0652517 -0.174678
FixedParameters: 0 0 0

#Transform 151
Transform: AffineTransform_float_3_3
Parameters: 0.999994 -0.00326997 0.00112378 0.00327126 0.999994 -0.000510638 -0.00112266 0.000514364 0.999999 0.258004 0.0967194 -0.102817
FixedParameters: 0 0 0

#Transform 152
Transform: AffineTransform_float_3_3
Parameters: 0.999994 -0.0027716 0.00173313 0.00277316 0.999996 -0.00104985 -0.00172966 0.00105516 0.999998 0.20811 0.0806617 -0.0834844
FixedParameters: 0 0 0

#Transform 153
Transform: AffineTransform_float_3_3
Parameters: 0.999995 -0.00230702 0.00188312 0.00230795 0.999997 -0.000695431 -0.00188135 0.00070057 0.999998 0.178956 0.102386 -0.0704205
FixedParameters: 0 0 0

#Transform 154
Transform: AffineTransform_float_3_3
Parameters: 0.999996 -0.00244498 0.00138013 0.00244566 0.999997 -0.000386913 -0.00137915 0.000390088 0.999999 0.162156 0.0808287 -0.0494324
FixedParameters: 0 0 0

#Transform 155
Transform: AffineTransform_float_3_3
Parameters: 0.999995 -0.00267572 0.00171624 0.00267748 0.999996 -0.000738054 -0.00171412 0.000742945 0.999998 0.169325 0.0949342 -0.0663796
FixedParameters: 0 0 0

#Transform 156
Transform: AffineTransform_float_3_3
Parameters: 0.999995 -0.00292928 0.00115112 0.00293169 0.999993 -0.00223708 -0.00114444 0.00224093 0.999997 0.183714 0.0464044 -0.125266
FixedParameters: 0 0 0

#Transform 157
Transform: AffineTransform_float_3_3
Parameters: 0.999996 -0.00205809 0.00185477 0.00206373 0.999993 -0.0031118 -0.00184813 0.00311519 0.999993 0.186558 0.0532085 -0.159332
FixedParameters: 0 0 0

#Transform 158
Transform: AffineTransform_float_3_3
Parameters: 0.999995 -0.00234643 0.00179074 0.00234668 0.999997 -0.000542934 -0.00178963 0.000547068 0.999998 0.164607 0.123439 -0.0554455
FixedParameters: 0 0 0

#Transform 159
Transform: AffineTransform_float_3_3
Parameters: 0.999998 -0.00145101 -0.00148925 0.00147174 0.9999 0.0140929 0.00146781 -0.0140951 0.999899 0.0477437 0.562936 0.681511
FixedParameters: 0 0 0

#Transform 160
Transform: AffineTransform_float_3_3
Parameters: 0.999998 -0.0018719 -2.79873e-05 0.00187175 0.999995 0.00243644 2.33294e-05 -0.00243656 0.999997 0.119992 0.120437 0.0478114
FixedParameters: 0 0 0

#Transform 161
Transform: AffineTransform_float_3_3
Parameters: 0.999995 -0.00291964 0.000604436 0.00291945 0.999995 0.000483022 -0.00060633 -0.000480975 0.999999 0.199612 0.148509 -0.0694838
FixedParameters: 0 0 0

#Transform 162
Transform: AffineTransform_float_3_3
Parameters: 0.999995 -0.00296339 0.000109106 0.00296366 0.999995 0.000525941 -0.000111303 -0.000526056 1 0.233047 0.142339 -0.0503852
FixedParameters: 0 0 0

#Transform 163
Transform: AffineTransform_float_3_3
Parameters: 0.999997 -0.00123174 -0.00235402 0.00124405 0.999985 0.00527401 0.00234735 -0.00527698 0.999983 0.0181574 0.159339 -0.277984
FixedParameters: 0 0 0

#Transform 164
Transform: AffineTransform_float_3_3
Parameters: 0.999998 -0.00141032 0.00126287 0.0014024 0.999982 0.00591058 -0.00127054 -0.00590843 0.999982 0.120984 0.142549 -0.408161
FixedParameters: 0 0 0

#Transform 165
Transform: AffineTransform_float_3_3
Parameters: 1 -0.00101925 0.000504661 0.00101599 0.999982 0.00591115 -0.000510248 -0.00591084 0.999982 0.0920825 0.147268 -0.354434
FixedParameters: 0 0 0

#Transform 166
Transform: AffineTransform_float_3_3
Parameters: 1 -0.000939159 0.000696138 0.00093524 0.999984 0.00542481 -0.000700253 -0.00542419 0.999985 0.079608 0.146803 -0.348719
FixedParameters: 0 0 0

#Transform 167
Transform: AffineTransform_float_3_3
Parameters: 0.999999 -0.000997047 0.0003089 0.00099586 0.999987 0.00503831 -0.000314338 -0.00503769 0.999988 0.0759349 0.155753 -0.286236
FixedParameters: 0 0 0

#Transform 168
Transform: AffineTransform_float_3_3
Parameters: 1 -0.00091791 0.000745582 0.000914675 0.999992 0.00382532 -0.000749301 -0.00382467 0.999992 0.127038 0.141646 -0.320603
FixedParameters: 0 0 0

#Transform 169
Transform: AffineTransform_float_3_3
Parameters: 0.999999 -0.00181553 0.000147045 0.00181575 0.999998 0.000595396 -0.000148287 -0.000595603 1 0.127882 0.140475 -0.054717
FixedParameters: 0 0 0

#Transform 170
Transform: AffineTransform_float_3_3
Parameters: 0.999997 -0.00263768 -0.00016097 0.00263857 0.999997 -8.56029e-05 0.000161031 8.53987e-05 1 0.219676 0.0818667 0.0147668
FixedParameters: 0 0 0

#Transform 171
Transform: AffineTransform_float_3_3
Parameters: 0.999994 -0.00238123 0.00255582 0.00238429 0.999997 -0.00100559 -0.00255338 0.00101141 0.999997 0.245342 0.0681407 -0.0327152
FixedParameters: 0 0 0

#Transform 172
Transform: AffineTransform_float_3_3
Parameters: 0.999991 -0.000733495 0.00417425 0.000736535 0.999999 -0.000787121 -0.00417376 0.000789882 0.999992 0.23292 0.0890966 -0.11595
FixedParameters: 0 0 0

#Transform 173
Transform: AffineTransform_float_3_3
Parameters: 0.999994 -0.00259938 0.00203368 0.00260068 0.999996 -0.000733849 -0.00203129 0.000740151 0.999998 0.229228 0.0823987 -0.0305663
FixedParameters: 0 0 0

#Transform 174
Transform: AffineTransform_float_3_3
Parameters: 0.999997 -0.00264305 7.68857e-05 0.00264324 0.999995 -0.00205198 -7.14195e-05 0.00205302 0.999998 0.223148 0.0521677 -0.188543
FixedParameters: 0 0 0

#Transform 175
Transform: AffineTransform_float_3_3
Parameters: 0.999996 -0.00258461 0.0011587 0.00258731 0.999995 -0.00201145 -0.00115289 0.00201455 0.999997 0.212997 0.0952144 -0.127571
FixedParameters: 0 0 0

#Transform 176
Transform: AffineTransform_float_3_3
Parameters: 0.999995 -0.00317944 0.000504284 0.00317882 0.999993 0.00163687 -0.000509693 -0.00163513 0.999999 0.283138 0.0954215 -0.307464
FixedParameters: 0 0 0

#Transform 177
Transform: AffineTransform_float_3_3
Parameters: 0.999996 -0.00277214 0.0012727 0.00277155 0.999996 0.000538884 -0.00127384 -0.000536116 0.999999 0.214291 0.0814186 -0.12693
FixedParameters: 0 0 0

#Transform 178
Transform: AffineTransform_float_3_3
Parameters: 0.999994 -0.00301066 0.00185046 0.00301614 0.99999 -0.00314529 -0.00184084 0.00315071 0.999993 0.278651 0.0643018 -0.259517
FixedParameters: 0 0 0

#Transform 179
Transform: AffineTransform_float_3_3
Parameters: 0.999996 -0.00215359 -0.00150049 0.0021522 0.999997 -0.000945971 0.00150285 0.000943028 0.999998 0.111459 0.0892996 -0.0335192
FixedParameters: 0 0 0
