#Insight Transform File V1.0
#Transform 0
Transform: AffineTransform_float_3_3
Parameters: 1 2.94463e-05 0.000353586 -2.95545e-05 1 0.00015299 -0.000353577 -0.00015301 1 0.0691722 -0.194675 -0.265948
FixedParameters: 0 0 0

#Transform 1
Transform: AffineTransform_float_3_3
Parameters: 1 -6.26699e-05 0.000172202 6.27402e-05 1 -0.000203989 -0.000172176 0.000204011 1 0.00431168 0.0108229 -0.0208747
FixedParameters: 0 0 0

#Transform 2
Transform: AffineTransform_float_3_3
Parameters: 1 -0.000275215 0.000262581 0.000275468 1 -0.000481928 -0.000262315 0.000482072 1 0.00542072 -0.0021561 -0.113087
FixedParameters: 0 0 0

#Transform 3
Transform: AffineTransform_float_3_3
Parameters: 1 -0.000154637 0.000211349 0.000154874 1 -0.000559967 -0.000211175 0.000560033 1 0.000788049 -0.0239532 -0.194692
FixedParameters: 0 0 0

#Transform 4
Transform: AffineTransform_float_3_3
Parameters: 1 -0.000130077 0.000581158 0.000130525 1 -0.000384924 -0.000581058 0.000385076 1 0.000707038 -0.0167835 -0.190423
FixedParameters: 0 0 0

#Transform 5
Transform: AffineTransform_float_3_3
Parameters: 1 -0.000316383 0.000572307 0.000316807 0.999999 -0.000370666 -0.000572073 0.000370334 1 -0.00351877 -0.00314855 -0.157892
FixedParameters: 0 0 0

#Transform 6
Transform: AffineTransform_float_3_3
Parameters: 1 -1.73201e-06 0.000520102 2.13561e-06 1 -0.000387999 -0.0005201 0.000388001 1 -0.010267 -0.00219834 -0.191392
FixedParameters: 0 0 0

#Transform 7
Transform: AffineTransform_float_3_3
Parameters: 1 -0.000204358 0.000600746 0.000204757 1 -0.000331877 -0.00060061 0.000332123 1 -0.00897448 0.00751847 -0.180007
FixedParameters: 0 0 0

#Transform 8
Transform: AffineTransform_float_3_3
Parameters: 0.999999 -0.000531607 0.000625758 0.000531724 0.999999 -0.000405515 -0.000626247 0.000405486 1 -0.0170664 -0.00628574 -0.160002
FixedParameters: 0 0 0

#Transform 9
Transform: AffineTransform_float_3_3
Parameters: 1 -0.000397275 0.00050226 0.000397463 0.999999 -0.000186648 -0.000502112 0.000186352 1 -0.00524563 -0.00791701 -0.202025
FixedParameters: 0 0 0

#Transform 10
Transform: AffineTransform_float_3_3
Parameters: 1 -0.000541858 0.000927295 0.000541553 0.999999 0.000164655 -0.000927473 -0.000164345 0.999999 -0.0201923 -0.00882612 -0.172159
FixedParameters: 0 0 0

#Transform 11
Transform: AffineTransform_float_3_3
Parameters: 0.999999 -0.000314325 0.000674546 0.000314584 1 -0.000191788 -0.000674425 0.000192212 1 -0.0147017 0.00155663 -0.205609
FixedParameters: 0 0 0

#Transform 12
Transform: AffineTransform_float_3_3
Parameters: 1 -0.000309651 0.000571143 0.000309089 1 0.000492176 -0.000571448 -0.000491823 0.999999 -0.030651 -0.0131212 -0.232547
FixedParameters: 0 0 0

#Transform 13
Transform: AffineTransform_float_3_3
Parameters: 0.999999 -0.00055119 0.000495652 0.000551415 0.999999 0.000167426 -0.000494916 -0.000167574 1 -0.0377845 -0.0125259 -0.184164
FixedParameters: 0 0 0

#Transform 14
Transform: AffineTransform_float_3_3
Parameters: 0.999999 -0.000507194 0.000535495 0.000506797 0.999999 0.000370424 -0.000535871 -0.000370575 1 -0.0442718 -0.0152553 -0.186909
FixedParameters: 0 0 0

#Transform 15
Transform: AffineTransform_float_3_3
Parameters: 0.999999 -0.00031215 0.000667769 0.000311462 0.999999 0.00051536 -0.00066809 -0.000515639 1 -0.053781 0.000277485 -0.140241
FixedParameters: 0 0 0

#Transform 16
Transform: AffineTransform_float_3_3
Parameters: 1 -0.000810315 0.000614889 0.000809556 1 0.000616138 -0.000615886 -0.000615861 0.999999 -0.0285957 0.00324915 -0.146733
FixedParameters: 0 0 0

#Transform 17
Transform: AffineTransform_float_3_3
Parameters: 0.999999 -0.000738597 0.000617799 0.000737773 0.999999 0.000983096 -0.00061833 -0.000982903 0.999999 -0.0353635 0.00225863 -0.187825
FixedParameters: 0 0 0

#Transform 18
Transform: AffineTransform_float_3_3
Parameters: 0.999999 -0.000977626 0.00106352 0.000977298 0.999999 0.000771193 -0.0010645 -0.000769807 1 -0.0362824 -0.0153745 -0.18556
FixedParameters: 0 0 0

#Transform 19
Transform: AffineTransform_float_3_3
Parameters: 0.999999 -0.000828393 0.000964526 0.00082699 1 0.000727799 -0.00096573 -0.000726201 1 -0.0261823 -0.0120197 -0.179624
FixedParameters: 0 0 0

#Transform 20
Transform: AffineTransform_float_3_3
Parameters: 0.999999 -0.000845691 0.00104798 0.000844281 0.999999 0.00148453 -0.00104904 -0.00148347 0.999998 -0.0295996 -0.0119782 -0.192735
FixedParameters: 0 0 0

#Transform 21
Transform: AffineTransform_float_3_3
Parameters: 0.999999 -0.00110682 0.00102501 0.00110677 0.999999 0.000666775 -0.00102595 -0.000665224 0.999999 -0.025498 -0.0197445 -0.189439
FixedParameters: 0 0 0

#Transform 22
Transform: AffineTransform_float_3_3
Parameters: 0.999999 -0.00139525 0.000626165 0.00139543 0.999999 -0.000143486 -0.000625763 0.000144514 1 -0.0367133 -0.0255963 -0.218824
FixedParameters: 0 0 0

#Transform 23
Transform: AffineTransform_float_3_3
Parameters: 1 -0.00114932 0.000233419 0.00114925 0.999999 -0.000685092 -0.000232765 0.000684908 1 -0.0679849 -0.0182327 -0.250809
FixedParameters: 0 0 0

#Transform 24
Transform: AffineTransform_float_3_3
Parameters: 1 -0.000994969 -0.0002346 0.000994417 0.999999 -0.000344233 0.000234364 0.000343767 1 -0.102502 -0.0326274 -0.302411
FixedParameters: 0 0 0

#Transform 25
Transform: AffineTransform_float_3_3
Parameters: 1 -0.000520727 -0.000158846 0.000520095 1 -0.000760235 0.000158717 0.000760764 0.999999 -0.137421 -0.017157 -0.313608
FixedParameters: 0 0 0

#Transform 26
Transform: AffineTransform_float_3_3
Parameters: 0.999999 -0.000761949 -0.000156196 0.000761702 0.999999 -0.000786271 0.000157394 0.000786727 0.999999 -0.101696 -0.0257688 -0.393188
FixedParameters: 0 0 0

#Transform 27
Transform: AffineTransform_float_3_3
Parameters: 1 -0.000418786 -0.000241444 0.000418201 1 -0.000402101 0.00024086 0.000401899 1 -0.145723 -0.0208803 -0.42351
FixedParameters: 0 0 0

#Transform 28
Transform: AffineTransform_float_3_3
Parameters: 1 -0.000411182 -6.75415e-05 0.000411119 1 -0.000471028 6.79288e-05 0.000470972 1 -0.160041 -0.0191259 -0.408233
FixedParameters: 0 0 0

#Transform 29
Transform: AffineTransform_float_3_3
Parameters: 0.999999 -0.00123955 0.000264789 0.00124071 0.999998 -0.00193703 -0.000262216 0.00193697 0.999998 -0.132708 -0.022204 -0.426735
FixedParameters: 0 0 0

#Transform 30
Transform: AffineTransform_float_3_3
Parameters: 0.999999 -0.000953255 -0.000190833 0.000953316 0.999999 0.000161665 0.000190525 -0.000161334 1 -0.16528 -0.0155512 -0.328043
FixedParameters: 0 0 0

#Transform 31
Transform: AffineTransform_float_3_3
Parameters: 0.999999 -0.00148721 -0.000321123 0.00148796 0.999999 0.00055837 0.000320382 -0.00055863 1 -0.137986 -0.0153873 -0.317189
FixedParameters: 0 0 0

#Transform 32
Transform: AffineTransform_float_3_3
Parameters: 0.999998 -0.00208464 -0.000119707 0.00208472 0.999997 0.00092124 0.000118096 -0.00092176 1 -0.129293 -0.0131785 -0.333252
FixedParameters: 0 0 0

#Transform 33
Transform: AffineTransform_float_3_3
Parameters: 0.999998 -0.00200161 7.61627e-05 0.0020013 0.999997 0.00105864 -7.81681e-05 -0.00105836 1 -0.15707 -0.00904578 -0.288854
FixedParameters: 0 0 0

#Transform 34
Transform: AffineTransform_float_3_3
Parameters: 0.999998 -0.00202421 2.3037e-05 0.00202403 0.999997 0.000916536 -2.45155e-05 -0.000916464 1 -0.144592 -0.0128995 -0.345039
FixedParameters: 0 0 0

#Transform 35
Transform: AffineTransform_float_3_3
Parameters: 0.999999 -0.00182734 0.000194823 0.0018266 0.999997 0.00151349 -0.000198121 -0.00151351 0.999999 -0.1565 -0.0168842 -0.381271
FixedParameters: 0 0 0

#Transform 36
Transform: AffineTransform_float_3_3
Parameters: 0.999997 -0.00249759 0.000327825 0.00249699 0.999996 0.00128659 -0.000331098 -0.00128641 0.999999 -0.12989 -0.0431631 -0.380871
FixedParameters: 0 0 0

#Transform 37
Transform: AffineTransform_float_3_3
Parameters: 0.999997 -0.00254241 7.94315e-05 0.00254276 0.999995 0.00180618 -8.45426e-05 -0.00180581 0.999998 -0.116671 -0.0394682 -0.387274
FixedParameters: 0 0 0

#Transform 38
Transform: AffineTransform_float_3_3
Parameters: 0.999996 -0.00256648 0.000238442 0.00256667 0.999996 0.00175823 -0.000242473 -0.00175777 0.999999 -0.121302 -0.0321442 -0.346504
FixedParameters: 0 0 0

#Transform 39
Transform: AffineTransform_float_3_3
Parameters: 0.999998 -0.0022741 0.000192945 0.00227403 0.999996 0.00182342 -0.000197163 -0.00182258 0.999998 -0.109246 -0.00746256 -0.350649
FixedParameters: 0 0 0

#Transform 40
Transform: AffineTransform_float_3_3
Parameters: 0.999997 -0.00237174 0.000128411 0.00237185 0.999996 0.00201893 -0.000133916 -0.00201907 0.999998 -0.11938 -0.027872 -0.375955
FixedParameters: 0 0 0

#Transform 41
Transform: AffineTransform_float_3_3
Parameters: 0.999997 -0.00262755 5.64248e-05 0.00262778 0.999994 0.00234562 -6.24467e-05 -0.00234538 0.999997 -0.120055 -0.0220939 -0.373197
FixedParameters: 0 0 0

#Transform 42
Transform: AffineTransform_float_3_3
Parameters: 0.999997 -0.00263776 -0.000236681 0.00263878 0.999995 0.00193421 0.000231858 -0.0019348 0.999998 -0.119817 -0.0119273 -0.387803
FixedParameters: 0 0 0

#Transform 43
Transform: AffineTransform_float_3_3
Parameters: 0.999996 -0.00262922 0.000145446 0.00262908 0.999994 0.00219436 -0.000150678 -0.00219363 0.999998 -0.120223 -0.0173741 -0.36035
FixedParameters: 0 0 0

#Transform 44
Transform: AffineTransform_float_3_3
Parameters: 0.999997 -0.00267866 4.46439e-05 0.00267861 0.999995 0.00182874 -4.90584e-05 -0.00182926 0.999998 -0.135149 -0.0178417 -0.354617
FixedParameters: 0 0 0

#Transform 45
Transform: AffineTransform_float_3_3
Parameters: 0.999997 -0.00260644 0.000263437 0.00260568 0.999994 0.00236631 -0.000269464 -0.00236569 0.999997 -0.12065 -0.0144422 -0.379433
FixedParameters: 0 0 0

#Transform 46
Transform: AffineTransform_float_3_3
Parameters: 0.999997 -0.00268143 0.000228988 0.00268107 0.999993 0.00271009 -0.000236293 -0.00270891 0.999996 -0.130329 0.0089467 -0.328032
FixedParameters: 0 0 0

#Transform 47
Transform: AffineTransform_float_3_3
Parameters: 0.999997 -0.00269369 0.000115573 0.00269362 0.999993 0.00242478 -0.00012233 -0.00242421 0.999996 -0.132998 -0.00419732 -0.343952
FixedParameters: 0 0 0

#Transform 48
Transform: AffineTransform_float_3_3
Parameters: 0.999996 -0.00280402 0.000337585 0.00280319 0.999993 0.00253242 -0.000344554 -0.00253058 0.999997 -0.134304 -0.0050023 -0.322302
FixedParameters: 0 0 0

#Transform 49
Transform: AffineTransform_float_3_3
Parameters: 0.999996 -0.00287705 0.000225751 0.00287671 0.999992 0.00268527 -0.000233974 -0.00268472 0.999996 -0.120492 -0.0109422 -0.298733
FixedParameters: 0 0 0

#Transform 50
Transform: AffineTransform_float_3_3
Parameters: 0.999996 -0.00288605 0.000179205 0.00288473 0.999993 0.00245999 -0.000186703 -0.00245901 0.999997 -0.120962 -0.0203394 -0.335094
FixedParameters: 0 0 0

#Transform 51
Transform: AffineTransform_float_3_3
Parameters: 0.999996 -0.00284896 0.00023631 0.00284776 0.999993 0.00244994 -0.000242652 -0.00245006 0.999997 -0.128675 -0.0238493 -0.340443
FixedParameters: 0 0 0

#Transform 52
Transform: AffineTransform_float_3_3
Parameters: 0.999996 -0.0028418 0.000205799 0.00284145 0.999992 0.00294406 -0.000215302 -0.00294294 0.999996 -0.135491 -0.0214866 -0.309792
FixedParameters: 0 0 0

#Transform 53
Transform: AffineTransform_float_3_3
Parameters: 0.999995 -0.00302902 0.000609962 0.00302705 0.999993 0.00233311 -0.00061686 -0.00233089 0.999997 -0.129869 -0.0249626 -0.332455
FixedParameters: 0 0 0

#Transform 54
Transform: AffineTransform_float_3_3
Parameters: 0.999996 -0.00287729 0.000132112 0.00287649 0.999992 0.00282701 -0.000140762 -0.00282699 0.999997 -0.151482 -0.0262201 -0.357989
FixedParameters: 0 0 0

#Transform 55
Transform: AffineTransform_float_3_3
Parameters: 0.999997 -0.00254567 -0.000128999 0.00254635 0.999993 0.00279651 0.000122375 -0.0027965 0.999996 -0.118483 -0.0502192 -0.43604
FixedParameters: 0 0 0

#Transform 56
Transform: AffineTransform_float_3_3
Parameters: 0.999997 -0.00245968 -0.000443611 0.00246012 0.999992 0.0030661 0.000436001 -0.0030669 0.999995 -0.134042 -0.0375999 -0.421
FixedParameters: 0 0 0

#Transform 57
Transform: AffineTransform_float_3_3
Parameters: 0.999998 -0.00219783 -0.000554122 0.00220004 0.999992 0.00322312 0.000547029 -0.00322488 0.999995 -0.160153 -0.029499 -0.362351
FixedParameters: 0 0 0

#Transform 58
Transform: AffineTransform_float_3_3
Parameters: 0.999997 -0.00211905 -0.000465496 0.00212147 0.999988 0.00421772 0.000456927 -0.00421828 0.999991 -0.154037 -0.0187464 -0.419362
FixedParameters: 0 0 0

#Transform 59
Transform: AffineTransform_float_3_3
Parameters: 0.999997 -0.00265334 -0.000372393 0.00265458 0.99999 0.0037087 0.000362023 -0.00370931 0.999993 -0.145489 -0.0225197 -0.371856
FixedParameters: 0 0 0

#Transform 60
Transform: AffineTransform_float_3_3
Parameters: 0.999997 -0.00269394 -0.000474044 0.00269639 0.999987 0.00433741 0.00046221 -0.00433859 0.99999 -0.135321 -0.00139844 -0.389493
FixedParameters: 0 0 0

#Transform 61
Transform: AffineTransform_float_3_3
Parameters: 0.999997 -0.00247966 -0.000131907 0.00248012 0.999986 0.00461166 0.000120191 -0.00461233 0.999989 -0.124915 0.0203658 -0.333714
FixedParameters: 0 0 0

#Transform 62
Transform: AffineTransform_float_3_3
Parameters: 0.999995 -0.00299852 -0.000133767 0.00299923 0.999988 0.00396593 0.000122059 -0.00396608 0.999992 -0.130607 -0.0158259 -0.364477
FixedParameters: 0 0 0

#Transform 63
Transform: AffineTransform_float_3_3
Parameters: 0.999998 -0.00103984 -0.00157956 0.00104568 0.999992 0.00376707 0.00157536 -0.00376893 0.999992 -0.177945 0.0185668 -0.241845
FixedParameters: 0 0 0

#Transform 64
Transform: AffineTransform_float_3_3
Parameters: 0.999998 -0.00101617 -0.00121397 0.00102028 0.999994 0.00327097 0.00121111 -0.00327202 0.999993 -0.168064 -0.00443634 -0.163002
FixedParameters: 0 0 0

#Transform 65
Transform: AffineTransform_float_3_3
Parameters: 0.999997 -0.00259081 -0.000653712 0.00259224 0.999993 0.00283934 0.000646469 -0.00284065 0.999995 -0.154708 -0.0307919 -0.170992
FixedParameters: 0 0 0

#Transform 66
Transform: AffineTransform_float_3_3
Parameters: 0.999997 -0.00270855 -0.000367734 0.00270902 0.999993 0.00247384 0.000361414 -0.00247517 0.999997 -0.14456 -0.0296225 -0.173422
FixedParameters: 0 0 0

#Transform 67
Transform: AffineTransform_float_3_3
Parameters: 0.999996 -0.00275152 -0.000271662 0.00275194 0.999993 0.00254093 0.000265684 -0.00254107 0.999996 -0.141668 -0.0228532 -0.156052
FixedParameters: 0 0 0

#Transform 68
Transform: AffineTransform_float_3_3
Parameters: 0.999996 -0.00283372 -0.000323495 0.00283457 0.999992 0.00281792 0.000315526 -0.00281908 0.999996 -0.147018 -0.0297509 -0.166681
FixedParameters: 0 0 0

#Transform 69
Transform: AffineTransform_float_3_3
Parameters: 0.999995 -0.00298611 -4.05768e-05 0.00298627 0.999992 0.0026032 3.26464e-05 -0.0026028 0.999996 -0.14452 -0.0269723 -0.15605
FixedParameters: 0 0 0

#Transform 70
Transform: AffineTransform_float_3_3
Parameters: 0.999995 -0.00319666 -0.000353298 0.00319688 0.999992 0.00222655 0.000346145 -0.00222745 0.999998 -0.144503 -0.0365833 -0.136344
FixedParameters: 0 0 0

#Transform 71
Transform: AffineTransform_float_3_3
Parameters: 0.999995 -0.00317489 -0.000419981 0.00317632 0.999992 0.00221719 0.000412592 -0.0022178 0.999997 -0.131972 -0.0369169 -0.13716
FixedParameters: 0 0 0

#Transform 72
Transform: AffineTransform_float_3_3
Parameters: 0.999996 -0.00304441 -0.000442218 0.00304547 0.999993 0.00213097 0.000435009 -0.00213302 0.999997 -0.143785 -0.0284158 -0.143494
FixedParameters: 0 0 0

#Transform 73
Transform: AffineTransform_float_3_3
Parameters: 0.999995 -0.00292839 -0.000121791 0.00292854 0.999993 0.00238648 0.000114509 -0.00238652 0.999998 -0.164701 -0.0212071 -0.134783
FixedParameters: 0 0 0

#Transform 74
Transform: AffineTransform_float_3_3
Parameters: 0.999997 -0.00272552 -3.08032e-05 0.00272565 0.999992 0.00292175 2.24933e-05 -0.00292125 0.999996 -0.150956 -0.0300535 -0.164875
FixedParameters: 0 0 0

#Transform 75
Transform: AffineTransform_float_3_3
Parameters: 0.999995 -0.00315064 -6.09238e-05 0.0031504 0.999991 0.00282613 5.2044e-05 -0.00282587 0.999996 -0.160877 -0.0314739 -0.149229
FixedParameters: 0 0 0

#Transform 76
Transform: AffineTransform_float_3_3
Parameters: 0.999995 -0.00319531 -3.55391e-05 0.00319585 0.999991 0.00280721 2.61353e-05 -0.00280679 0.999996 -0.150154 -0.0251022 -0.134669
FixedParameters: 0 0 0

#Transform 77
Transform: AffineTransform_float_3_3
Parameters: 0.999995 -0.00316428 3.63665e-05 0.00316383 0.999989 0.00338323 -4.79302e-05 -0.00338376 0.999994 -0.160835 -0.0360475 -0.190596
FixedParameters: 0 0 0

#Transform 78
Transform: AffineTransform_float_3_3
Parameters: 0.999994 -0.00338832 0.000192312 0.00338759 0.999988 0.00341041 -0.000203733 -0.00341058 0.999994 -0.156868 -0.0299971 -0.174094
FixedParameters: 0 0 0

#Transform 79
Transform: AffineTransform_float_3_3
Parameters: 0.999995 -0.00308995 0.000212048 0.00308983 0.999988 0.00380678 -0.000224274 -0.00380622 0.999993 -0.155279 -0.0239149 -0.199323
FixedParameters: 0 0 0

#Transform 80
Transform: AffineTransform_float_3_3
Parameters: 0.999994 -0.0033838 0.000280574 0.00338301 0.999989 0.00337456 -0.000293028 -0.00337344 0.999994 -0.148145 -0.0250376 -0.181841
FixedParameters: 0 0 0

#Transform 81
Transform: AffineTransform_float_3_3
Parameters: 0.999993 -0.00366263 0.000300415 0.00366171 0.99999 0.00274235 -0.000311042 -0.00274165 0.999996 -0.158616 -0.0310394 -0.215009
FixedParameters: 0 0 0

#Transform 82
Transform: AffineTransform_float_3_3
Parameters: 0.999993 -0.00376708 -8.17545e-05 0.00376743 0.999992 0.00150514 7.57953e-05 -0.00150586 0.999999 -0.142897 -0.0459845 -0.209339
FixedParameters: 0 0 0

#Transform 83
Transform: AffineTransform_float_3_3
Parameters: 0.999992 -0.0041713 -0.000278304 0.00417162 0.999991 0.00108162 0.000273736 -0.00108338 0.999999 -0.114405 -0.067103 -0.254812
FixedParameters: 0 0 0

#Transform 84
Transform: AffineTransform_float_3_3
Parameters: 0.999991 -0.00407362 -1.46358e-05 0.0040735 0.999991 0.00057823 1.21585e-05 -0.000577768 1 -0.124976 -0.0514736 -0.227432
FixedParameters: 0 0 0

#Transform 85
Transform: AffineTransform_float_3_3
Parameters: 0.999992 -0.00384987 2.00563e-05 0.00385025 0.999992 0.000226516 -2.08799e-05 -0.000226482 1 -0.138825 -0.0397507 -0.28706
FixedParameters: 0 0 0

#Transform 86
Transform: AffineTransform_float_3_3
Parameters: 0.999995 -0.00311074 -0.000228077 0.00311137 0.999994 -0.000934404 0.000231266 0.000933595 0.999999 -0.127987 -0.046184 -0.452854
FixedParameters: 0 0 0

#Transform 87
Transform: AffineTransform_float_3_3
Parameters: 0.999994 -0.00325287 5.87505e-05 0.00325274 0.999994 -0.00102071 -5.52637e-05 0.00102029 0.999999 -0.1484 -0.0471579 -0.480783
FixedParameters: 0 0 0

#Transform 88
Transform: AffineTransform_float_3_3
Parameters: 0.999995 -0.00304176 -0.000892516 0.00304009 0.999994 -0.00160284 0.000897402 0.00160015 0.999998 -0.16048 -0.0573446 -0.519142
FixedParameters: 0 0 0

#Transform 89
Transform: AffineTransform_float_3_3
Parameters: 0.999997 -0.00220222 -0.00108305 0.00220034 0.999997 -0.00160185 0.00108617 0.00159916 0.999998 -0.17604 -0.0451095 -0.492737
FixedParameters: 0 0 0

#Transform 90
Transform: AffineTransform_float_3_3
Parameters: 0.999998 -0.00160278 -0.00020965 0.00160308 0.999998 -0.00054649 0.00021009 0.000546512 1 -0.154593 -0.0364331 -0.385725
FixedParameters: 0 0 0

#Transform 91
Transform: AffineTransform_float_3_3
Parameters: 0.999998 -0.00127552 -0.000953511 0.00127481 0.999999 -0.00112901 0.000954688 0.00112799 0.999999 -0.189541 -0.0187674 -0.39377
FixedParameters: 0 0 0

#Transform 92
Transform: AffineTransform_float_3_3
Parameters: 0.999999 -0.00140754 -0.00110065 0.00140622 0.999999 -0.00101334 0.00110311 0.00101166 0.999999 -0.190256 -0.0201529 -0.394449
FixedParameters: 0 0 0

#Transform 93
Transform: AffineTransform_float_3_3
Parameters: 0.999998 -0.00169786 -0.000872177 0.00169642 0.999998 -0.00143379 0.000874418 0.00143221 0.999998 -0.152692 -0.0330696 -0.430691
FixedParameters: 0 0 0

#Transform 94
Transform: AffineTransform_float_3_3
Parameters: 0.999998 -0.0017459 -0.000817332 0.00174474 0.999997 -0.00191674 0.000821007 0.00191527 0.999998 -0.142273 -0.0417073 -0.459532
FixedParameters: 0 0 0

#Transform 95
Transform: AffineTransform_float_3_3
Parameters: 0.999998 -0.00221918 -0.000680676 0.00221821 0.999996 -0.00187697 0.000685069 0.00187603 0.999998 -0.143556 -0.0334418 -0.436401
FixedParameters: 0 0 0

#Transform 96
Transform: AffineTransform_float_3_3
Parameters: 0.999998 -0.00212289 -0.000836883 0.00212171 0.999996 -0.00133308 0.000839915 0.00133091 0.999999 -0.145823 -0.0414892 -0.446269
FixedParameters: 0 0 0

#Transform 97
Transform: AffineTransform_float_3_3
Parameters: 0.999998 -0.00228017 -0.000330208 0.00227887 0.999996 -0.00157842 0.00033425 0.00157758 0.999999 -0.149705 -0.036177 -0.422616
FixedParameters: 0 0 0

#Transform 98
Transform: AffineTransform_float_3_3
Parameters: 0.999997 -0.00200505 -0.000828569 0.00200352 0.999996 -0.00188297 0.000832179 0.00188103 0.999998 -0.138497 -0.0327809 -0.424668
FixedParameters: 0 0 0

#Transform 99
Transform: AffineTransform_float_3_3
Parameters: 0.999997 -0.00244561 -0.000574199 0.00244461 0.999995 -0.00191123 0.000578688 0.00190977 0.999998 -0.130786 -0.0271834 -0.441961
FixedParameters: 0 0 0

#Transform 100
Transform: AffineTransform_float_3_3
Parameters: 0.999996 -0.00257037 -0.000267062 0.00257041 0.999995 -0.00214387 0.000273227 0.00214313 0.999998 -0.12881 -0.0050054 -0.319649
FixedParameters: 0 0 0

#Transform 101
Transform: AffineTransform_float_3_3
Parameters: 0.999996 -0.00252637 -0.000449765 0.00252462 0.999989 -0.00412597 0.000459975 0.00412504 0.999992 -0.122025 0.0234648 -0.392369
FixedParameters: 0 0 0

#Transform 102
Transform: AffineTransform_float_3_3
Parameters: 0.999994 -0.00307391 -0.00165599 0.0030675 0.999989 -0.0034843 0.00166649 0.0034797 0.999993 -0.00418861 -0.00712243 -0.308907
FixedParameters: 0 0 0

#Transform 103
Transform: AffineTransform_float_3_3
Parameters: 0.999993 -0.00367184 -0.000873251 0.00366791 0.999987 -0.00345001 0.000885702 0.00344698 0.999993 -0.0197677 -0.00477244 -0.257686
FixedParameters: 0 0 0

#Transform 104
Transform: AffineTransform_float_3_3
Parameters: 0.999992 -0.00384249 -0.000249588 0.00384101 0.999986 -0.00374634 0.00026406 0.00374566 0.999993 -0.0293943 0.00174983 -0.235456
FixedParameters: 0 0 0

#Transform 105
Transform: AffineTransform_float_3_3
Parameters: 0.999991 -0.00407911 -0.000310288 0.00407823 0.999981 -0.00455817 0.000329221 0.00455683 0.999989 -0.0257611 -0.00904713 -0.2618
FixedParameters: 0 0 0

#Transform 106
Transform: AffineTransform_float_3_3
Parameters: 0.999993 -0.00387318 -0.000385672 0.00387068 0.999982 -0.00457888 0.00040327 0.00457712 0.999989 -0.0470774 -0.000495442 -0.278541
FixedParameters: 0 0 0

#Transform 107
Transform: AffineTransform_float_3_3
Parameters: 0.999991 -0.00420808 -0.000480433 0.00420598 0.999982 -0.00421993 0.000497683 0.00421708 0.999991 -0.0540381 -0.0106158 -0.255788
FixedParameters: 0 0 0

#Transform 108
Transform: AffineTransform_float_3_3
Parameters: 0.999992 -0.00386227 0.000100341 0.00386329 0.999982 -0.00452557 -8.28421e-05 0.00452543 0.99999 -0.0475416 -0.0102215 -0.235495
FixedParameters: 0 0 0

#Transform 109
Transform: AffineTransform_float_3_3
Parameters: 0.99999 -0.00430431 -0.000395406 0.004302 0.999969 -0.00662978 0.000423976 0.00662822 0.999978 -0.0633811 -0.0422871 -0.240089
FixedParameters: 0 0 0

#Transform 110
Transform: AffineTransform_float_3_3
Parameters: 0.999988 -0.00469571 -0.000739618 0.00469239 0.999975 -0.00531985 0.000764744 0.00531614 0.999985 -0.0436943 -0.0475313 -0.210159
FixedParameters: 0 0 0

#Transform 111
Transform: AffineTransform_float_3_3
Parameters: 0.99999 -0.0042826 -0.000447548 0.00428111 0.999981 -0.00443498 0.000465964 0.00443303 0.99999 -0.039648 -0.0521318 -0.166778
FixedParameters: 0 0 0

#Transform 112
Transform: AffineTransform_float_3_3
Parameters: 0.999992 -0.00379307 -0.000839114 0.00378902 0.999984 -0.004281 0.000856078 0.004278 0.999991 -0.031803 -0.0647585 -0.149576
FixedParameters: 0 0 0

#Transform 113
Transform: AffineTransform_float_3_3
Parameters: 0.999988 -0.00440159 -0.00181541 0.00439397 0.99998 -0.00452171 0.00183508 0.0045133 0.999988 -0.0180461 -0.0600662 -0.300602
FixedParameters: 0 0 0

#Transform 114
Transform: AffineTransform_float_3_3
Parameters: 0.999991 -0.00354299 -0.00228063 0.00353291 0.999984 -0.00436888 0.00229645 0.00436112 0.999988 -0.0505087 -0.0644747 -0.236238
FixedParameters: 0 0 0

#Transform 115
Transform: AffineTransform_float_3_3
Parameters: 0.999987 -0.00491509 -0.00117947 0.0049108 0.999983 -0.0031601 0.001195 0.00315389 0.999994 0.00623449 -0.0910441 -0.187419
FixedParameters: 0 0 0

#Transform 116
Transform: AffineTransform_float_3_3
Parameters: 0.999985 -0.00516794 -0.00183589 0.0051613 0.999982 -0.00317317 0.00185235 0.00316383 0.999993 -0.0186463 -0.0825702 -0.235027
FixedParameters: 0 0 0

#Transform 117
Transform: AffineTransform_float_3_3
Parameters: 0.999985 -0.00528494 -0.000882543 0.00528081 0.99998 -0.00346185 0.000900851 0.00345715 0.999993 -0.0170565 -0.0940996 -0.274968
FixedParameters: 0 0 0

#Transform 118
Transform: AffineTransform_float_3_3
Parameters: 0.999986 -0.00504267 -0.00117458 0.00503917 0.999982 -0.00322539 0.0011912 0.00321961 0.999994 -0.0526267 -0.0881221 -0.250134
FixedParameters: 0 0 0

#Transform 119
Transform: AffineTransform_float_3_3
Parameters: 0.999985 -0.00534953 -0.00129148 0.00534603 0.999982 -0.00293868 0.001307 0.00293233 0.999995 -0.0411609 -0.087889 -0.272185
FixedParameters: 0 0 0

#Transform 120
Transform: AffineTransform_float_3_3
Parameters: 0.999986 -0.00528341 -0.00113228 0.00528063 0.999983 -0.00256895 0.00114614 0.00256305 0.999996 -0.0500927 -0.0922917 -0.246658
FixedParameters: 0 0 0

#Transform 121
Transform: AffineTransform_float_3_3
Parameters: 0.999984 -0.0054945 -0.00127115 0.00549138 0.999982 -0.00242311 0.00128448 0.00241589 0.999996 -0.052275 -0.0801439 -0.248456
FixedParameters: 0 0 0

#Transform 122
Transform: AffineTransform_float_3_3
Parameters: 0.999984 -0.00550376 -0.00113339 0.00550083 0.999983 -0.00199772 0.00114379 0.00199129 0.999997 -0.0624539 -0.0930231 -0.252606
FixedParameters: 0 0 0

#Transform 123
Transform: AffineTransform_float_3_3
Parameters: 0.999982 -0.00583396 -0.00124238 0.00583059 0.999979 -0.00284605 0.00125874 0.00283896 0.999995 -0.0756826 -0.0947764 -0.285446
FixedParameters: 0 0 0

#Transform 124
Transform: AffineTransform_float_3_3
Parameters: 0.999987 -0.00488432 -0.00133264 0.00487825 0.999979 -0.00424747 0.00135334 0.00424053 0.99999 -0.0994807 -0.0710568 -0.415849
FixedParameters: 0 0 0

#Transform 125
Transform: AffineTransform_float_3_3
Parameters: 0.999989 -0.00468289 -0.000580164 0.0046798 0.999974 -0.0054471 0.000605823 0.0054449 0.999985 -0.103885 -0.0654781 -0.392926
FixedParameters: 0 0 0

#Transform 126
Transform: AffineTransform_float_3_3
Parameters: 0.999987 -0.00514562 1.41421e-05 0.00514572 0.999977 -0.00452996 9.62604e-06 0.00452904 0.99999 -0.107941 -0.0683376 -0.213439
FixedParameters: 0 0 0

#Transform 127
Transform: AffineTransform_float_3_3
Parameters: 0.999989 -0.00471838 -7.41498e-05 0.00471767 0.999975 -0.00536651 9.97054e-05 0.00536549 0.999986 -0.11279 -0.0583306 -0.347046
FixedParameters: 0 0 0

#Transform 128
Transform: AffineTransform_float_3_3
Parameters: 0.99999 -0.00447164 -6.48882e-05 0.00447142 0.999975 -0.00539893 8.90096e-05 0.00539807 0.999985 -0.151271 -0.049031 -0.374082
FixedParameters: 0 0 0

#Transform 129
Transform: AffineTransform_float_3_3
Parameters: 0.999991 -0.00420507 -6.67885e-05 0.00420476 0.999978 -0.00506955 8.74959e-05 0.00506945 0.999987 -0.157455 -0.0410234 -0.375769
FixedParameters: 0 0 0

#Transform 130
Transform: AffineTransform_float_3_3
Parameters: 0.99999 -0.0044301 -0.000361536 0.00442765 0.999977 -0.00514503 0.000384784 0.00514297 0.999986 -0.162479 -0.0544848 -0.434291
FixedParameters: 0 0 0

#Transform 131
Transform: AffineTransform_float_3_3
Parameters: 0.99999 -0.00435151 -0.000185113 0.00435044 0.999979 -0.00492123 0.00020693 0.00492077 0.999988 -0.17553 -0.0499152 -0.404855
FixedParameters: 0 0 0

#Transform 132
Transform: AffineTransform_float_3_3
Parameters: 0.99999 -0.00439932 -0.000524568 0.00439599 0.999976 -0.00525838 0.000548097 0.00525562 0.999986 -0.171053 -0.0457917 -0.398611
FixedParameters: 0 0 0

#Transform 133
Transform: AffineTransform_float_3_3
Parameters: 0.99999 -0.00443195 -0.000242997 0.00443109 0.999975 -0.00543336 0.000267518 0.00543165 0.999986 -0.178378 -0.0457216 -0.379756
FixedParameters: 0 0 0

#Transform 134
Transform: AffineTransform_float_3_3
Parameters: 0.99999 -0.00450323 -0.000146872 0.00450255 0.999974 -0.00569546 0.000172691 0.00569454 0.999984 -0.150919 -0.0479991 -0.39874
FixedParameters: 0 0 0

#Transform 135
Transform: AffineTransform_float_3_3
Parameters: 0.999988 -0.00439795 -0.00188455 0.00438514 0.999966 -0.00692666 0.00191572 0.00691833 0.999974 -0.171497 -0.0881407 -0.441102
FixedParameters: 0 0 0

#Transform 136
Transform: AffineTransform_float_3_3
Parameters: 0.999991 -0.00358527 -0.00223466 0.00357023 0.999971 -0.00667118 0.00225865 0.00666282 0.999975 -0.25207 -0.0584039 -0.49463
FixedParameters: 0 0 0

#Transform 137
Transform: AffineTransform_float_3_3
Parameters: 0.999993 -0.0017651 -0.00335384 0.00174233 0.999974 -0.00697317 0.00336589 0.00696784 0.999971 -0.26921 -0.0158402 -0.555577
FixedParameters: 0 0 0

#Transform 138
Transform: AffineTransform_float_3_3
Parameters: 0.999994 -0.00179156 -0.0027396 0.00177172 0.999971 -0.0073514 0.00275273 0.0073466 0.999969 -0.207608 -0.025185 -0.594883
FixedParameters: 0 0 0

#Transform 139
Transform: AffineTransform_float_3_3
Parameters: 0.999995 -0.00202821 -0.00232292 0.00201226 0.999976 -0.00659272 0.00233568 0.00658827 0.999975 -0.239841 -0.0188914 -0.551426
FixedParameters: 0 0 0

#Transform 140
Transform: AffineTransform_float_3_3
Parameters: 0.999994 -0.00217131 -0.0026544 0.00215403 0.999976 -0.00654042 0.00266764 0.00653459 0.999975 -0.217343 -0.0131701 -0.593252
FixedParameters: 0 0 0

#Transform 141
Transform: AffineTransform_float_3_3
Parameters: 0.999993 -0.00250893 -0.00256234 0.00249075 0.999973 -0.00697139 0.00257991 0.00696561 0.999972 -0.23507 -0.0147461 -0.582923
FixedParameters: 0 0 0

#Transform 142
Transform: AffineTransform_float_3_3
Parameters: 0.999996 -0.00235709 -0.00196025 0.00234359 0.999974 -0.00688252 0.00197596 0.00687748 0.999974 -0.211387 0.000273816 -0.575497
FixedParameters: 0 0 0

#Transform 143
Transform: AffineTransform_float_3_3
Parameters: 0.999995 -0.00244256 -0.002024 0.0024289 0.999976 -0.00657464 0.0020407 0.00657037 0.999976 -0.203645 -0.00604823 -0.584698
FixedParameters: 0 0 0

#Transform 144
Transform: AffineTransform_float_3_3
Parameters: 0.999995 -0.00280242 -0.00183624 0.00279241 0.99998 -0.00579621 0.00185188 0.0057908 0.999982 -0.19256 -0.0105202 -0.548786
FixedParameters: 0 0 0

#Transform 145
Transform: AffineTransform_float_3_3
Parameters: 0.999995 -0.00249549 -0.00205558 0.0024833 0.999979 -0.00589766 0.00207001 0.00589233 0.99998 -0.204436 -0.0182468 -0.589593
FixedParameters: 0 0 0

#Transform 146
Transform: AffineTransform_float_3_3
Parameters: 0.999994 -0.00163131 -0.00302966 0.00161418 0.999982 -0.00579392 0.00303972 0.00578908 0.999979 -0.197823 -0.00843676 -0.535827
FixedParameters: 0 0 0

#Transform 147
Transform: AffineTransform_float_3_3
Parameters: 0.999995 -0.00206063 -0.00245324 0.00204801 0.999986 -0.00498007 0.00246322 0.00497493 0.999984 -0.171862 0.00775832 -0.450987
FixedParameters: 0 0 0

#Transform 148
Transform: AffineTransform_float_3_3
Parameters: 0.999993 -0.00234453 -0.00311513 0.0023299 0.999986 -0.00475175 0.00312661 0.00474425 0.999983 -0.166661 -0.006263 -0.452938
FixedParameters: 0 0 0

#Transform 149
Transform: AffineTransform_float_3_3
Parameters: 0.999994 -0.00216933 -0.00270831 0.00215708 0.999986 -0.00468617 0.00271864 0.00468083 0.999986 -0.184367 0.00300126 -0.428189
FixedParameters: 0 0 0

#Transform 150
Transform: AffineTransform_float_3_3
Parameters: 0.999993 -0.00216074 -0.00302701 0.00214796 0.999989 -0.00419483 0.00303645 0.00418817 0.999986 -0.164319 0.0088815 -0.474217
FixedParameters: 0 0 0

#Transform 151
Transform: AffineTransform_float_3_3
Parameters: 0.999993 -0.00227824 -0.00295707 0.00226349 0.999984 -0.00517818 0.00296947 0.00517182 0.999982 -0.17698 -0.00116107 -0.582289
FixedParameters: 0 0 0

#Transform 152
Transform: AffineTransform_float_3_3
Parameters: 0.999994 -0.00187979 -0.00288447 0.00186831 0.999991 -0.00392692 0.00289225 0.00392108 0.999988 -0.17678 0.0138228 -0.424527
FixedParameters: 0 0 0

#Transform 153
Transform: AffineTransform_float_3_3
Parameters: 0.999995 -0.00160343 -0.00296072 0.00159266 0.999992 -0.00361809 0.00296667 0.00361291 0.999989 -0.175044 0.00621745 -0.491877
FixedParameters: 0 0 0

#Transform 154
Transform: AffineTransform_float_3_3
Parameters: 0.999992 -0.00127821 -0.00360926 0.00126684 0.999994 -0.00323257 0.0036124 0.00322844 0.999989 -0.168767 -0.00504122 -0.508228
FixedParameters: 0 0 0

#Transform 155
Transform: AffineTransform_float_3_3
Parameters: 0.999993 -0.00156627 -0.00325525 0.00155556 0.999993 -0.00328257 0.00325988 0.00327743 0.99999 -0.163739 -0.0130126 -0.509605
FixedParameters: 0 0 0

#Transform 156
Transform: AffineTransform_float_3_3
Parameters: 0.999993 -0.00164736 -0.00319124 0.00163879 0.999994 -0.00292888 0.00319656 0.00292412 0.999991 -0.157762 -0.0047838 -0.458324
FixedParameters: 0 0 0

#Transform 157
Transform: AffineTransform_float_3_3
Parameters: 0.999993 -0.00151704 -0.00359399 0.00150567 0.999994 -0.00311892 0.00359872 0.00311308 0.999988 -0.167309 -0.0161586 -0.524903
FixedParameters: 0 0 0

#Transform 158
Transform: AffineTransform_float_3_3
Parameters: 0.999993 -0.00164569 -0.00331481 0.00163487 0.999994 -0.00316008 0.00332087 0.00315492 0.99999 -0.172438 -0.0155923 -0.504142
FixedParameters: 0 0 0

#Transform 159
Transform: AffineTransform_float_3_3
Parameters: 0.999992 -0.00157445 -0.00347474 0.00156161 0.999992 -0.00356773 0.00348084 0.00356327 0.999988 -0.178731 0.0113233 -0.482415
FixedParameters: 0 0 0

#Transform 160
Transform: AffineTransform_float_3_3
Parameters: 0.999994 -0.00152472 -0.0031849 0.00151356 0.999993 -0.00342568 0.00318969 0.00342032 0.999989 -0.162828 0.0194975 -0.515243
FixedParameters: 0 0 0

#Transform 161
Transform: AffineTransform_float_3_3
Parameters: 0.999995 -0.00140414 -0.00302448 0.00139563 0.999995 -0.00292823 0.00302877 0.00292477 0.999991 -0.179409 -0.0136255 -0.493507
FixedParameters: 0 0 0

#Transform 162
Transform: AffineTransform_float_3_3
Parameters: 0.999994 -0.00156236 -0.00330598 0.00155361 0.999995 -0.00257679 0.00331049 0.00257221 0.999991 -0.168729 0.00211501 -0.559889
FixedParameters: 0 0 0

#Transform 163
Transform: AffineTransform_float_3_3
Parameters: 0.999995 -0.00162653 -0.00295228 0.00161913 0.999995 -0.00259094 0.00295624 0.00258706 0.999992 -0.17824 0.00523316 -0.533176
FixedParameters: 0 0 0

#Transform 164
Transform: AffineTransform_float_3_3
Parameters: 0.999996 -0.00161922 -0.002622 0.00161482 0.999997 -0.0016436 0.00262443 0.0016394 0.999995 -0.139248 0.0115801 -0.491945
FixedParameters: 0 0 0

#Transform 165
Transform: AffineTransform_float_3_3
Parameters: 0.999994 -0.00211841 -0.00277093 0.00211371 0.999996 -0.00187153 0.00277426 0.00186547 0.999994 -0.141117 -0.00861963 -0.554676
FixedParameters: 0 0 0

#Transform 166
Transform: AffineTransform_float_3_3
Parameters: 0.999995 -0.00156886 -0.00247509 0.00156522 0.999998 -0.00140275 0.00247699 0.00139925 0.999996 -0.160624 0.0118621 -0.505599
FixedParameters: 0 0 0

#Transform 167
Transform: AffineTransform_float_3_3
Parameters: 0.999997 -0.00106563 -0.0024178 0.00106435 0.999999 -0.000837138 0.00241841 0.000834864 0.999997 -0.158546 0.0276183 -0.550552
FixedParameters: 0 0 0

#Transform 168
Transform: AffineTransform_float_3_3
Parameters: 0.999997 -0.00176967 -0.001604 0.00176778 0.999998 -0.00104442 0.00160599 0.00104158 0.999998 -0.135368 0.0283316 -0.446601
FixedParameters: 0 0 0

#Transform 169
Transform: AffineTransform_float_3_3
Parameters: 0.999997 -0.00191075 -0.00147678 0.00190963 0.999998 -0.000871409 0.0014784 0.000868592 0.999999 -0.122197 0.0163184 -0.439116
FixedParameters: 0 0 0

#Transform 170
Transform: AffineTransform_float_3_3
Parameters: 0.999997 -0.00206764 -0.00170926 0.00206614 0.999998 -0.000593273 0.00171039 0.000589727 0.999998 -0.124449 0.0111813 -0.463518
FixedParameters: 0 0 0

#Transform 171
Transform: AffineTransform_float_3_3
Parameters: 0.999996 -0.00234228 -0.00154807 0.00234122 0.999997 -0.000515365 0.00154916 0.000511635 0.999999 -0.118315 0.0181772 -0.443773
FixedParameters: 0 0 0

#Transform 172
Transform: AffineTransform_float_3_3
Parameters: 0.999996 -0.00180692 -0.00191139 0.00180653 0.999998 -0.000583041 0.00191271 0.00057896 0.999998 -0.132262 0.0215637 -0.479244
FixedParameters: 0 0 0

#Transform 173
Transform: AffineTransform_float_3_3
Parameters: 0.999996 -0.00209102 -0.00149155 0.00209102 0.999998 -2.17548e-07 0.00149154 -3.21684e-06 0.999999 -0.111503 0.0304304 -0.425588
FixedParameters: 0 0 0

#Transform 174
Transform: AffineTransform_float_3_3
Parameters: 0.999996 -0.00242583 -0.00160931 0.00242518 0.999997 -0.000486796 0.00161127 0.000483202 0.999998 -0.0886629 0.0197329 -0.414237
FixedParameters: 0 0 0

#Transform 175
Transform: AffineTransform_float_3_3
Parameters: 0.999997 -0.00233415 -0.00137464 0.0023348 0.999997 0.000237692 0.00137352 -0.000241305 0.999999 -0.0739361 0.0150604 -0.412294
FixedParameters: 0 0 0

#Transform 176
Transform: AffineTransform_float_3_3
Parameters: 0.999997 -0.00223245 -0.00149502 0.00223188 0.999997 -0.000370077 0.00149535 0.000366925 0.999999 -0.111146 0.00921046 -0.411943
FixedParameters: 0 0 0

#Transform 177
Transform: AffineTransform_float_3_3
Parameters: 0.999996 -0.00240363 -0.00143028 0.00240293 0.999997 -0.000753692 0.0014322 0.00075031 0.999999 -0.0890161 0.00422777 -0.412306
FixedParameters: 0 0 0

#Transform 178
Transform: AffineTransform_float_3_3
Parameters: 0.999996 -0.00278132 -0.00117811 0.00277977 0.999995 -0.00133389 0.00118158 0.00133011 0.999998 -0.0981395 0.00501497 -0.421575
FixedParameters: 0 0 0

#Transform 179
Transform: AffineTransform_float_3_3
Parameters: 0.999993 -0.0034138 -0.00141531 0.00341117 0.999993 -0.00167376 0.00142147 0.00166824 0.999998 -0.0720455 0.00254992 -0.397216
FixedParameters: 0 0 0
