#Insight Transform File V1.0
#Transform 0
Transform: AffineTransform_float_3_3
Parameters: 0.999999 -0.000140052 0.000696962 0.000140395 0.999999 0.00041325 -0.000697468 -0.00041375 1 0.119998 -0.384807 -0.513592
FixedParameters: 0 0 0

#Transform 1
Transform: AffineTransform_float_3_3
Parameters: 0.999999 0.000943136 -0.000344968 -0.00094286 0.999999 0.000964966 0.000345868 -0.000965034 0.999999 0.0340709 0.0278245 -0.134567
FixedParameters: 0 0 0

#Transform 2
Transform: AffineTransform_float_3_3
Parameters: 1 0.000623337 -5.61008e-05 -0.000623554 0.999998 0.00153803 5.7098e-05 -0.00153796 0.999999 0.00631493 0.0856002 -0.183533
FixedParameters: 0 0 0

#Transform 3
Transform: AffineTransform_float_3_3
Parameters: 1 0.000661583 -0.000224978 -0.000661062 0.999997 0.00202015 0.00022673 -0.00201985 0.999998 0.0184309 0.111161 -0.203465
FixedParameters: 0 0 0

#Transform 4
Transform: AffineTransform_float_3_3
Parameters: 0.999999 0.000845948 -0.000150714 -0.000845156 0.999997 0.00215477 0.000152127 -0.00215523 0.999997 0.0227062 0.113531 -0.227278
FixedParameters: 0 0 0

#Transform 5
Transform: AffineTransform_float_3_3
Parameters: 1 0.000633859 -3.10161e-05 -0.000634131 0.999998 0.00187702 3.24756e-05 -0.00187698 0.999998 0.00857474 0.11309 -0.239076
FixedParameters: 0 0 0

#Transform 6
Transform: AffineTransform_float_3_3
Parameters: 1 0.000568485 -0.00018585 -0.00056822 0.999999 0.00176095 0.00018693 -0.00176005 0.999999 0.0197478 0.100954 -0.262936
FixedParameters: 0 0 0

#Transform 7
Transform: AffineTransform_float_3_3
Parameters: 0.999999 0.000703173 0.000132588 -0.000702998 0.999999 0.00134191 -0.000132012 -0.00134209 0.999999 0.0227338 0.0919556 -0.282844
FixedParameters: 0 0 0

#Transform 8
Transform: AffineTransform_float_3_3
Parameters: 0.999999 0.000996017 0.000825271 -0.000996895 0.999999 0.00141139 -0.00082416 -0.00141162 0.999999 0.00832635 0.107801 -0.261395
FixedParameters: 0 0 0

#Transform 9
Transform: AffineTransform_float_3_3
Parameters: 0.999999 0.00143651 0.000644359 -0.00143702 0.999999 0.000395922 -0.000643219 -0.000397078 1 -0.00904897 0.102753 -0.283424
FixedParameters: 0 0 0

#Transform 10
Transform: AffineTransform_float_3_3
Parameters: 1 0.000912133 0.000483131 -0.000912316 0.999999 0.000189559 -0.000482785 -0.000190441 1 0.0181327 0.0909013 -0.28496
FixedParameters: 0 0 0

#Transform 11
Transform: AffineTransform_float_3_3
Parameters: 0.999999 0.000979378 0.000837861 -0.000978778 0.999999 -0.00012546 -0.000837185 0.00012454 1 0.0229612 0.0787064 -0.318357
FixedParameters: 0 0 0

#Transform 12
Transform: AffineTransform_float_3_3
Parameters: 1 0.000537486 7.44919e-05 -0.00053767 1 0.00125081 -7.31474e-05 -0.00125019 0.999999 0.0111642 0.0835754 -0.25157
FixedParameters: 0 0 0

#Transform 13
Transform: AffineTransform_float_3_3
Parameters: 0.999999 0.000791092 0.000175137 -0.000791652 0.999999 0.000483709 -0.000175292 -0.000483291 0.999999 0.0317949 0.0777596 -0.297701
FixedParameters: 0 0 0

#Transform 14
Transform: AffineTransform_float_3_3
Parameters: 1 0.00036959 0.000244108 -0.000370207 1 0.00046291 -0.000244686 -0.00046309 1 0.029365 0.0889899 -0.302092
FixedParameters: 0 0 0

#Transform 15
Transform: AffineTransform_float_3_3
Parameters: 1 0.000948434 0.000542877 -0.000948207 0.999999 -0.00105552 -0.000544487 0.00105448 1 0.0187918 0.0829903 -0.317282
FixedParameters: 0 0 0

#Transform 16
Transform: AffineTransform_float_3_3
Parameters: 1 0.000435271 0.000385571 -0.00043525 1 -2.63204e-05 -0.000385594 2.66794e-05 0.999999 0.0244792 0.0926639 -0.330319
FixedParameters: 0 0 0

#Transform 17
Transform: AffineTransform_float_3_3
Parameters: 1 0.000248117 0.00046505 -0.000247757 1 0.000602885 -0.000465142 -0.000603115 0.999999 0.00594589 0.0920548 -0.339818
FixedParameters: 0 0 0

#Transform 18
Transform: AffineTransform_float_3_3
Parameters: 0.999999 0.00123589 -0.000187639 -0.00123583 0.999999 0.000145873 0.000188 -0.000146128 1 0.0189432 0.0994099 -0.320313
FixedParameters: 0 0 0

#Transform 19
Transform: AffineTransform_float_3_3
Parameters: 0.999999 0.000722783 1.4462e-05 -0.000723205 0.999999 0.00110099 -1.37905e-05 -0.00110101 1 -0.000182322 0.0936025 -0.29509
FixedParameters: 0 0 0

#Transform 20
Transform: AffineTransform_float_3_3
Parameters: 0.999999 0.000787308 -5.6392e-05 -0.000787198 0.999999 0.000959685 5.79035e-05 -0.000960314 0.999999 0.0137826 0.0939657 -0.316534
FixedParameters: 0 0 0

#Transform 21
Transform: AffineTransform_float_3_3
Parameters: 1 0.000495401 0.000231017 -0.000494761 0.999999 0.000605886 -0.000230808 -0.000606114 1 0.00599429 0.0961361 -0.327237
FixedParameters: 0 0 0

#Transform 22
Transform: AffineTransform_float_3_3
Parameters: 1 0.00044941 -2.12355e-05 -0.000449404 1 0.00012101 2.13443e-05 -0.00012099 1 0.00832109 0.098423 -0.330595
FixedParameters: 0 0 0

#Transform 23
Transform: AffineTransform_float_3_3
Parameters: 1 0.000591002 0.00016444 -0.000591201 0.999999 0.000605903 -0.000163723 -0.000606097 1 0.0171068 0.103616 -0.307052
FixedParameters: 0 0 0

#Transform 24
Transform: AffineTransform_float_3_3
Parameters: 0.999999 0.000690206 0.000405701 -0.000690435 1 0.000282567 -0.000405311 -0.000282433 0.999999 0.0141689 0.105385 -0.309739
FixedParameters: 0 0 0

#Transform 25
Transform: AffineTransform_float_3_3
Parameters: 1 0.000393841 0.000206758 -0.000393226 0.999999 0.000738918 -0.000206568 -0.000739081 0.999999 0.0141341 0.11973 -0.270844
FixedParameters: 0 0 0

#Transform 26
Transform: AffineTransform_float_3_3
Parameters: 1 0.000483996 0.000197 -0.000484869 0.999999 0.00122491 -0.000196734 -0.0012251 0.999999 0.0133625 0.123644 -0.249418
FixedParameters: 0 0 0

#Transform 27
Transform: AffineTransform_float_3_3
Parameters: 0.999999 0.0007921 0.000178619 -0.000792067 0.999998 0.00139186 -0.000177725 -0.00139214 0.999999 0.0183077 0.120584 -0.247245
FixedParameters: 0 0 0

#Transform 28
Transform: AffineTransform_float_3_3
Parameters: 0.999999 0.000848979 0.000313041 -0.000849282 0.999999 0.00133258 -0.00031209 -0.00133242 0.999999 0.00756104 0.116661 -0.257737
FixedParameters: 0 0 0

#Transform 29
Transform: AffineTransform_float_3_3
Parameters: 1 0.000241467 2.92476e-05 -0.000241542 0.999999 0.00128699 -2.8626e-05 -0.00128701 0.999999 0.0164376 0.13455 -0.272842
FixedParameters: 0 0 0

#Transform 30
Transform: AffineTransform_float_3_3
Parameters: 1 0.000428217 0.000485439 -0.000429007 0.999999 0.000814152 -0.000484741 -0.000813848 1 0.0167713 0.107852 -0.28792
FixedParameters: 0 0 0

#Transform 31
Transform: AffineTransform_float_3_3
Parameters: 0.999999 0.00104685 0.000778024 -0.00104736 0.999999 0.000323393 -0.000777347 -0.000323607 1 0.0127475 0.111548 -0.29485
FixedParameters: 0 0 0

#Transform 32
Transform: AffineTransform_float_3_3
Parameters: 0.999999 0.000421605 0.000575136 -0.000421735 0.999999 0.000914117 -0.000574756 -0.000913883 1 0.0306637 0.132725 -0.286032
FixedParameters: 0 0 0

#Transform 33
Transform: AffineTransform_float_3_3
Parameters: 1 0.000408969 0.000291715 -0.000408762 0.999999 0.00122388 -0.000291104 -0.00122412 0.999999 0.0119595 0.133185 -0.276377
FixedParameters: 0 0 0

#Transform 34
Transform: AffineTransform_float_3_3
Parameters: 0.999999 0.000450353 0.000562887 -0.000450978 0.999999 0.000554746 -0.000562387 -0.000555253 0.999999 0.00727554 0.125047 -0.291243
FixedParameters: 0 0 0

#Transform 35
Transform: AffineTransform_float_3_3
Parameters: 1 0.000455868 0.000537786 -0.000455747 0.999999 0.000744115 -0.000537498 -0.000743886 1 0.0269195 0.105765 -0.301045
FixedParameters: 0 0 0

#Transform 36
Transform: AffineTransform_float_3_3
Parameters: 0.999999 0.000203195 0.000947895 -0.000203853 1 0.000347167 -0.000947754 -0.000346833 1 0.0116659 0.114439 -0.284976
FixedParameters: 0 0 0

#Transform 37
Transform: AffineTransform_float_3_3
Parameters: 0.999999 6.42569e-05 0.000714674 -6.44599e-05 1 0.000141954 -0.000714656 -0.000142046 0.999999 0.0252838 0.107653 -0.273473
FixedParameters: 0 0 0

#Transform 38
Transform: AffineTransform_float_3_3
Parameters: 1 0.000404273 0.000292329 -0.000404392 1 0.000202882 -0.000292165 -0.000203118 1 0.018379 0.112564 -0.282994
FixedParameters: 0 0 0

#Transform 39
Transform: AffineTransform_float_3_3
Parameters: 0.999999 1.45789e-05 0.00088454 -1.50053e-05 1 0.000240987 -0.000884532 -0.000241013 0.999999 0.0264207 0.0987711 -0.327153
FixedParameters: 0 0 0

#Transform 40
Transform: AffineTransform_float_3_3
Parameters: 1 8.51016e-06 0.000650267 -8.12109e-06 0.999999 0.000408147 -0.000650651 -0.000408853 1 0.0177601 0.110926 -0.300939
FixedParameters: 0 0 0

#Transform 41
Transform: AffineTransform_float_3_3
Parameters: 0.999999 5.5381e-05 0.000771853 -5.45559e-05 0.999999 -0.000534889 -0.000771912 0.00053411 0.999999 0.0252669 0.0852489 -0.331861
FixedParameters: 0 0 0

#Transform 42
Transform: AffineTransform_float_3_3
Parameters: 0.999999 0.000269749 0.00127518 -0.000268569 0.999999 -0.00082383 -0.00127523 0.000823169 0.999999 0.0225495 0.101907 -0.34011
FixedParameters: 0 0 0

#Transform 43
Transform: AffineTransform_float_3_3
Parameters: 1 0.000121311 0.000643804 -0.000121083 1 -0.000177078 -0.000643847 0.000176922 1 0.00743681 0.108037 -0.309933
FixedParameters: 0 0 0

#Transform 44
Transform: AffineTransform_float_3_3
Parameters: 1 -2.18283e-05 0.000591456 2.14012e-05 1 0.000361013 -0.000591472 -0.000360987 1 0.010688 0.113343 -0.288655
FixedParameters: 0 0 0

#Transform 45
Transform: AffineTransform_float_3_3
Parameters: 0.999999 0.000298842 0.000919395 -0.000297221 0.999999 -0.000880914 -0.00091992 0.000881085 0.999999 0.0097115 0.0995061 -0.343543
FixedParameters: 0 0 0

#Transform 46
Transform: AffineTransform_float_3_3
Parameters: 0.999998 0.00100919 0.00184278 -0.00100594 0.999998 -0.00187929 -0.001845 0.00187771 0.999996 -0.0158347 0.0877922 -0.38544
FixedParameters: 0 0 0

#Transform 47
Transform: AffineTransform_float_3_3
Parameters: 0.999999 0.000328878 0.00122957 -0.000326225 0.999999 -0.0018274 -0.00122998 0.0018266 0.999997 0.0439503 0.0839949 -0.355492
FixedParameters: 0 0 0

#Transform 48
Transform: AffineTransform_float_3_3
Parameters: 0.999999 0.0001198 0.00123809 -0.000117947 0.999999 -0.00127764 -0.00123893 0.00127737 0.999999 0.0161762 0.079878 -0.349412
FixedParameters: 0 0 0

#Transform 49
Transform: AffineTransform_float_3_3
Parameters: 1 0.000103037 0.00100721 -0.000102566 0.999999 -0.00134195 -0.00100763 0.00134105 0.999999 0.0355145 0.0950153 -0.355409
FixedParameters: 0 0 0

#Transform 50
Transform: AffineTransform_float_3_3
Parameters: 0.999999 0.000168106 0.00132078 -0.000166893 0.999999 -0.00130371 -0.00132136 0.00130329 0.999999 0.010812 0.0789966 -0.350502
FixedParameters: 0 0 0

#Transform 51
Transform: AffineTransform_float_3_3
Parameters: 0.999998 0.000184621 0.00169096 -0.000182214 0.999999 -0.0013718 -0.0016916 0.0013712 0.999997 0.0603228 0.079228 -0.4098
FixedParameters: 0 0 0

#Transform 52
Transform: AffineTransform_float_3_3
Parameters: 0.999999 -0.000311918 0.00130136 0.000313062 0.999999 -0.00129744 -0.00130069 0.00129756 0.999998 0.0280436 0.0753311 -0.374152
FixedParameters: 0 0 0

#Transform 53
Transform: AffineTransform_float_3_3
Parameters: 1 -3.75212e-05 0.00118996 3.95329e-05 0.999999 -0.00139559 -0.00119038 0.00139641 0.999998 0.0399287 0.0772232 -0.34787
FixedParameters: 0 0 0

#Transform 54
Transform: AffineTransform_float_3_3
Parameters: 0.999999 -0.000334844 0.001402 0.000336265 1 -0.000835377 -0.00140105 0.000835623 0.999999 0.0424723 0.104062 -0.31374
FixedParameters: 0 0 0

#Transform 55
Transform: AffineTransform_float_3_3
Parameters: 0.999999 -0.000519029 0.00128278 0.000520359 1 -0.00102933 -0.00128224 0.00103067 0.999998 0.0301285 0.0989762 -0.307073
FixedParameters: 0 0 0

#Transform 56
Transform: AffineTransform_float_3_3
Parameters: 0.999997 0.00026636 0.00248565 -0.000259102 0.999995 -0.00291327 -0.00248628 0.00291273 0.999993 0.0368633 0.108056 -0.38204
FixedParameters: 0 0 0

#Transform 57
Transform: AffineTransform_float_3_3
Parameters: 0.999997 0.000423301 0.00211341 -0.000419614 0.999998 -0.00183602 -0.00211432 0.00183498 0.999996 0.00984845 0.108929 -0.347813
FixedParameters: 0 0 0

#Transform 58
Transform: AffineTransform_float_3_3
Parameters: 0.999997 0.000112094 0.00224641 -0.000108029 0.999997 -0.00210322 -0.00224676 0.00210278 0.999995 0.0308498 0.111241 -0.355216
FixedParameters: 0 0 0

#Transform 59
Transform: AffineTransform_float_3_3
Parameters: 0.999998 5.32707e-05 0.00227154 -4.90277e-05 0.999998 -0.00211945 -0.00227165 0.00211855 0.999995 -0.00149599 0.117671 -0.358242
FixedParameters: 0 0 0

#Transform 60
Transform: AffineTransform_float_3_3
Parameters: 0.999998 -7.3571e-05 0.00197358 7.82431e-05 0.999997 -0.00231434 -0.00197351 0.00231466 0.999995 0.0374411 0.0941935 -0.386459
FixedParameters: 0 0 0

#Transform 61
Transform: AffineTransform_float_3_3
Parameters: 0.999998 -6.97154e-05 0.00198731 7.26088e-05 0.999999 -0.00128935 -0.00198726 0.00128965 0.999997 0.0404348 0.0912792 -0.387105
FixedParameters: 0 0 0

#Transform 62
Transform: AffineTransform_float_3_3
Parameters: 0.999999 -0.000396605 0.00135799 0.000397628 0.999999 -0.00119831 -0.00135718 0.00119869 0.999998 0.0279369 0.096744 -0.35498
FixedParameters: 0 0 0

#Transform 63
Transform: AffineTransform_float_3_3
Parameters: 0.999999 -0.000272424 0.00134713 0.000273173 1 -0.000764481 -0.00134724 0.000764521 0.999999 0.041319 0.102547 -0.336293
FixedParameters: 0 0 0

#Transform 64
Transform: AffineTransform_float_3_3
Parameters: 0.999998 -0.000718569 0.0015942 0.000720311 1 -0.0005457 -0.00159341 0.000547299 0.999999 0.0290194 0.117315 -0.31961
FixedParameters: 0 0 0

#Transform 65
Transform: AffineTransform_float_3_3
Parameters: 0.999999 -0.000283497 0.00148587 0.000284725 0.999999 -0.00116443 -0.00148535 0.00116457 0.999998 0.0559756 0.116345 -0.368975
FixedParameters: 0 0 0

#Transform 66
Transform: AffineTransform_float_3_3
Parameters: 0.999999 -0.000846727 0.00122611 0.000847887 0.999999 -0.000632168 -0.00122596 0.000632832 0.999999 0.0609187 0.109473 -0.339208
FixedParameters: 0 0 0

#Transform 67
Transform: AffineTransform_float_3_3
Parameters: 0.999998 -0.000738161 0.00144528 0.000739081 0.999999 -0.000771628 -0.00144467 0.000772373 0.999999 0.0293969 0.109866 -0.340562
FixedParameters: 0 0 0

#Transform 68
Transform: AffineTransform_float_3_3
Parameters: 0.999998 -0.000891969 0.00137423 0.000893221 0.999998 -0.00107447 -0.00137376 0.00107553 0.999999 0.0602423 0.104475 -0.309397
FixedParameters: 0 0 0

#Transform 69
Transform: AffineTransform_float_3_3
Parameters: 0.999999 -0.000784343 0.00162867 0.000784774 0.999999 -0.000534418 -0.00162836 0.000535584 0.999999 0.0560915 0.101188 -0.316559
FixedParameters: 0 0 0

#Transform 70
Transform: AffineTransform_float_3_3
Parameters: 0.999999 -0.000712854 0.00160186 0.000714003 0.999999 -0.000767552 -0.00160129 0.000768448 0.999999 0.036117 0.125776 -0.304004
FixedParameters: 0 0 0

#Transform 71
Transform: AffineTransform_float_3_3
Parameters: 0.999999 -0.000801542 0.00158601 0.000803383 0.999999 -0.00128393 -0.00158409 0.00128506 0.999997 0.0598446 0.0920807 -0.30758
FixedParameters: 0 0 0

#Transform 72
Transform: AffineTransform_float_3_3
Parameters: 0.999997 -0.000560214 0.00215189 0.0005628 0.999999 -0.00142398 -0.00215096 0.00142503 0.999997 0.0471617 0.117267 -0.338975
FixedParameters: 0 0 0

#Transform 73
Transform: AffineTransform_float_3_3
Parameters: 0.999996 -0.000780126 0.00270491 0.000786334 0.999997 -0.00228691 -0.00270306 0.00228909 0.999994 0.0335648 0.0882317 -0.382676
FixedParameters: 0 0 0

#Transform 74
Transform: AffineTransform_float_3_3
Parameters: 0.999995 0.000128023 0.00323673 -0.000152471 0.999972 0.00753044 -0.00323624 -0.00753056 0.999966 0.119835 0.116672 -0.819976
FixedParameters: 0 0 0

#Transform 75
Transform: AffineTransform_float_3_3
Parameters: 0.999998 0.00114759 0.00157686 -0.00118106 0.999768 0.0215087 -0.00155199 -0.0215102 0.999767 0.127123 0.0664667 -1.08532
FixedParameters: 0 0 0

#Transform 76
Transform: AffineTransform_float_3_3
Parameters: 0.999989 0.00129502 0.00436959 -0.00128519 0.999997 -0.00237474 -0.00437325 0.00236926 0.999987 0.00475743 0.0622957 -0.394411
FixedParameters: 0 0 0

#Transform 77
Transform: AffineTransform_float_3_3
Parameters: 0.99999 0.000693909 0.00446002 -0.000675556 0.999991 -0.00413405 -0.00446325 0.00413094 0.999981 0.0686976 0.0844273 -0.192999
FixedParameters: 0 0 0

#Transform 78
Transform: AffineTransform_float_3_3
Parameters: 0.999991 0.000759763 0.00401253 -0.000743458 0.999992 -0.00389853 -0.00401529 0.00389547 0.999985 0.050152 0.0913889 -0.199791
FixedParameters: 0 0 0

#Transform 79
Transform: AffineTransform_float_3_3
Parameters: 0.99999 0.00126428 0.00423308 -0.00125097 0.999994 -0.00314143 -0.00423642 0.00313658 0.999986 0.079217 0.0909101 -0.328092
FixedParameters: 0 0 0

#Transform 80
Transform: AffineTransform_float_3_3
Parameters: 0.999994 0.000961428 0.00353441 -0.000953606 0.999997 -0.00220492 -0.00353643 0.00220108 0.999991 0.0568739 0.0757928 -0.408281
FixedParameters: 0 0 0

#Transform 81
Transform: AffineTransform_float_3_3
Parameters: 0.999997 0.000578026 0.00230916 -0.000575257 0.999999 -0.00119846 -0.00230937 0.00119654 0.999996 0.0821976 0.0685283 -0.402102
FixedParameters: 0 0 0

#Transform 82
Transform: AffineTransform_float_3_3
Parameters: 0.999997 0.00066895 0.00209558 -0.000665048 0.999999 -0.00180968 -0.00209643 0.00180832 0.999996 0.0672026 0.0862008 -0.292286
FixedParameters: 0 0 0

#Transform 83
Transform: AffineTransform_float_3_3
Parameters: 0.999995 0.000582122 0.00329595 -0.000575879 0.999998 -0.0018448 -0.00329666 0.00184319 0.999993 0.0565875 0.0939301 -0.191423
FixedParameters: 0 0 0

#Transform 84
Transform: AffineTransform_float_3_3
Parameters: 0.999993 0.000438889 0.00352549 -0.000428771 0.999996 -0.00277591 -0.00352714 0.00277509 0.99999 0.0427924 0.0943749 -0.221462
FixedParameters: 0 0 0

#Transform 85
Transform: AffineTransform_float_3_3
Parameters: 0.999994 0.000311071 0.00360839 -0.000297602 0.999993 -0.00361369 -0.00360958 0.00361231 0.999987 0.0505321 0.0919234 -0.240542
FixedParameters: 0 0 0

#Transform 86
Transform: AffineTransform_float_3_3
Parameters: 0.999993 8.98876e-05 0.00376743 -8.1881e-05 0.999997 -0.0021954 -0.00376744 0.0021956 0.999991 0.0588644 0.0998822 -0.198095
FixedParameters: 0 0 0

#Transform 87
Transform: AffineTransform_float_3_3
Parameters: 0.999992 -0.000177164 0.00381768 0.000186493 0.999997 -0.00239059 -0.00381736 0.00239141 0.99999 0.0564059 0.0973063 -0.213779
FixedParameters: 0 0 0

#Transform 88
Transform: AffineTransform_float_3_3
Parameters: 0.999993 -0.000451788 0.00354798 0.000458463 0.999998 -0.00188318 -0.00354668 0.00188582 0.999992 0.0666961 0.100182 -0.199842
FixedParameters: 0 0 0

#Transform 89
Transform: AffineTransform_float_3_3
Parameters: 0.999992 -0.00042495 0.0041282 0.000437068 0.999996 -0.00297772 -0.00412686 0.00297929 0.999987 0.0839409 0.102476 -0.220936
FixedParameters: 0 0 0

#Transform 90
Transform: AffineTransform_float_3_3
Parameters: 0.999993 -0.0010212 0.00379025 0.00102772 0.999998 -0.00161933 -0.00378774 0.00162367 0.999991 0.0761522 0.112415 -0.191059
FixedParameters: 0 0 0

#Transform 91
Transform: AffineTransform_float_3_3
Parameters: 0.999992 -0.00115103 0.00384485 0.00115655 0.999998 -0.00134662 -0.00384294 0.00135138 0.999992 0.0821017 0.129165 -0.17809
FixedParameters: 0 0 0

#Transform 92
Transform: AffineTransform_float_3_3
Parameters: 0.999992 -0.000860937 0.00372326 0.000869095 0.999997 -0.00216999 -0.00372045 0.00217301 0.999991 0.091429 0.11822 -0.214258
FixedParameters: 0 0 0

#Transform 93
Transform: AffineTransform_float_3_3
Parameters: 0.999992 -0.000799177 0.00386851 0.000806998 0.999998 -0.00209511 -0.00386701 0.00209789 0.99999 0.116194 0.123551 -0.216432
FixedParameters: 0 0 0

#Transform 94
Transform: AffineTransform_float_3_3
Parameters: 0.99999 0.000227637 0.00435172 -0.000216739 0.999997 -0.00248953 -0.0043526 0.00248846 0.999987 0.024566 0.108321 -0.177386
FixedParameters: 0 0 0

#Transform 95
Transform: AffineTransform_float_3_3
Parameters: 0.999996 -6.51635e-06 0.00307217 1.20246e-05 0.999998 -0.00198628 -0.00307255 0.00198572 0.999994 0.0553929 0.100203 -0.167904
FixedParameters: 0 0 0

#Transform 96
Transform: AffineTransform_float_3_3
Parameters: 0.999995 0.000165435 0.00331772 -0.000165443 1 0.00033735 -0.00331747 -0.000337654 0.999994 0.0618823 0.17127 -0.310436
FixedParameters: 0 0 0

#Transform 97
Transform: AffineTransform_float_3_3
Parameters: 0.999953 0.00544288 -0.00800032 -0.00528178 0.999786 0.0199829 0.00810764 -0.0199401 0.999768 -0.139927 0.266927 -0.12135
FixedParameters: 0 0 0

#Transform 98
Transform: AffineTransform_float_3_3
Parameters: 0.999999 0.00125037 -0.00131567 -0.00125371 0.999996 -0.00271456 0.00131269 0.00271644 0.999995 0.0479095 0.145277 -0.708041
FixedParameters: 0 0 0

#Transform 99
Transform: AffineTransform_float_3_3
Parameters: 0.999999 0.000996965 -0.00102637 -0.000995521 0.999999 0.00134082 0.00102851 -0.00134018 0.999999 0.0495436 0.187237 -0.398801
FixedParameters: 0 0 0

#Transform 100
Transform: AffineTransform_float_3_3
Parameters: 0.999999 0.000830795 -0.00107012 -0.000829261 0.999999 0.00132868 0.00107179 -0.00132832 0.999999 0.0342232 0.183519 -0.407135
FixedParameters: 0 0 0

#Transform 101
Transform: AffineTransform_float_3_3
Parameters: 0.999999 0.000830548 -0.00107031 -0.000829507 0.999999 0.00109889 0.0010716 -0.00109711 0.999999 0.0668949 0.178105 -0.424036
FixedParameters: 0 0 0

#Transform 102
Transform: AffineTransform_float_3_3
Parameters: 1 0.000685835 -0.00100921 -0.000685182 0.999999 0.000972845 0.00101001 -0.000972156 0.999999 0.0437857 0.190752 -0.432349
FixedParameters: 0 0 0

#Transform 103
Transform: AffineTransform_float_3_3
Parameters: 1 0.0009581 -0.000717396 -0.000957264 0.999999 0.000855328 0.000718113 -0.000854672 0.999999 0.0550112 0.171644 -0.474716
FixedParameters: 0 0 0

#Transform 104
Transform: AffineTransform_float_3_3
Parameters: 1 0.000978939 -0.000309148 -0.000978766 0.999999 0.000910304 0.000310009 -0.000909698 1 0.031866 0.163925 -0.485646
FixedParameters: 0 0 0

#Transform 105
Transform: AffineTransform_float_3_3
Parameters: 0.999998 0.00194379 0.00111372 -0.00194438 0.999998 0.000502891 -0.00111307 -0.000505111 1 0.024248 0.183895 -0.608809
FixedParameters: 0 0 0

#Transform 106
Transform: AffineTransform_float_3_3
Parameters: 0.999995 0.00183706 0.00253656 -0.00183943 0.999998 0.00100947 -0.00253401 -0.00101453 0.999996 0.0396258 0.181709 -0.62538
FixedParameters: 0 0 0

#Transform 107
Transform: AffineTransform_float_3_3
Parameters: 0.999995 0.00198696 0.00270912 -0.00198692 0.999998 0.000159111 -0.00270887 -0.000164891 0.999996 0.0622308 0.192249 -0.600758
FixedParameters: 0 0 0

#Transform 108
Transform: AffineTransform_float_3_3
Parameters: 0.999998 0.00155145 0.00171096 -0.00155248 0.999999 0.000185758 -0.0017113 -0.000188242 0.999998 0.0534732 0.209033 -0.43018
FixedParameters: 0 0 0

#Transform 109
Transform: AffineTransform_float_3_3
Parameters: 0.999998 0.00146557 0.00151228 -0.00146786 0.999998 0.000932989 -0.00151085 -0.000936009 0.999998 0.0332219 0.192428 -0.390623
FixedParameters: 0 0 0

#Transform 110
Transform: AffineTransform_float_3_3
Parameters: 0.999998 0.00155167 0.00171075 -0.00155186 0.999999 5.37595e-05 -0.00171058 -5.62406e-05 0.999998 0.00160848 0.18234 -0.446063
FixedParameters: 0 0 0

#Transform 111
Transform: AffineTransform_float_3_3
Parameters: 0.999997 0.00116921 0.00187298 -0.00116939 0.999999 -0.000198624 -0.00187305 0.000196377 0.999998 0.000962895 0.185333 -0.57518
FixedParameters: 0 0 0

#Transform 112
Transform: AffineTransform_float_3_3
Parameters: 0.999998 0.00106966 0.00164364 -0.00106897 0.999999 -0.000210038 -0.00164409 0.000207961 0.999999 0.0254279 0.184848 -0.602999
FixedParameters: 0 0 0

#Transform 113
Transform: AffineTransform_float_3_3
Parameters: 0.999997 0.00109201 0.00190574 -0.00109102 0.999999 -0.00026236 -0.00190631 0.000259638 0.999998 0.0187219 0.172097 -0.635905
FixedParameters: 0 0 0

#Transform 114
Transform: AffineTransform_float_3_3
Parameters: 0.999997 0.00114283 0.00188396 -0.00114053 0.999998 -0.000855072 -0.00188552 0.000852926 0.999998 0.014104 0.172147 -0.646948
FixedParameters: 0 0 0

#Transform 115
Transform: AffineTransform_float_3_3
Parameters: 0.999996 0.0012233 0.00232449 -0.00122022 0.999998 -0.00145491 -0.00232648 0.00145208 0.999996 0.030509 0.170593 -0.6646
FixedParameters: 0 0 0

#Transform 116
Transform: AffineTransform_float_3_3
Parameters: 0.999996 0.00078514 0.00251026 -0.000779444 0.999998 -0.00186873 -0.00251162 0.00186627 0.999995 0.0253465 0.167239 -0.653025
FixedParameters: 0 0 0

#Transform 117
Transform: AffineTransform_float_3_3
Parameters: 0.999998 0.000589789 0.00220679 -0.000583764 0.999997 -0.00249606 -0.00220868 0.00249494 0.999995 0.0382317 0.147144 -0.640557
FixedParameters: 0 0 0

#Transform 118
Transform: AffineTransform_float_3_3
Parameters: 0.999998 -1.04523e-05 0.00168215 1.36846e-05 0.999998 -0.00201347 -0.00168277 0.00201353 0.999996 0.0443989 0.161301 -0.625529
FixedParameters: 0 0 0

#Transform 119
Transform: AffineTransform_float_3_3
Parameters: 0.999997 -0.000587045 0.00238771 0.000597468 0.99999 -0.00441077 -0.00238449 0.00441223 0.999988 0.0796276 0.0919893 -0.652049
FixedParameters: 0 0 0

#Transform 120
Transform: AffineTransform_float_3_3
Parameters: 0.99998 -0.00125892 0.00628249 0.00141536 0.999685 -0.0250402 -0.00624861 0.0250488 0.999666 0.17231 -0.148707 -0.951783
FixedParameters: 0 0 0

#Transform 121
Transform: AffineTransform_float_3_3
Parameters: 0.99999 -0.00181301 0.00423777 0.00184577 0.99997 -0.00763309 -0.00422346 0.00764091 0.999962 0.14821 0.106138 -0.595127
FixedParameters: 0 0 0

#Transform 122
Transform: AffineTransform_float_3_3
Parameters: 0.999998 0.000737355 0.002215 -0.000736841 1 -0.000116553 -0.00221517 0.000115446 0.999998 0.0778702 0.180587 -0.347246
FixedParameters: 0 0 0

#Transform 123
Transform: AffineTransform_float_3_3
Parameters: 0.999999 -0.000653566 0.00168987 0.000650346 0.999999 0.00145641 -0.00169032 -0.00145559 0.999998 0.0772808 0.204934 -0.3812
FixedParameters: 0 0 0

#Transform 124
Transform: AffineTransform_float_3_3
Parameters: 0.999999 -0.000670623 0.00110063 0.000668334 0.999998 0.00181274 -0.00110161 -0.00181126 0.999998 0.0862819 0.235104 -0.351536
FixedParameters: 0 0 0

#Transform 125
Transform: AffineTransform_float_3_3
Parameters: 1 2.98155e-05 0.00070056 -3.1245e-05 0.999998 0.00195698 -0.000699911 -0.00195702 0.999998 0.0910205 0.22609 -0.328493
FixedParameters: 0 0 0

#Transform 126
Transform: AffineTransform_float_3_3
Parameters: 1 0.00012588 0.00029529 -0.00012589 0.999999 0.00157496 -0.000295284 -0.00157504 0.999998 0.117509 0.225089 -0.30539
FixedParameters: 0 0 0

#Transform 127
Transform: AffineTransform_float_3_3
Parameters: 0.999999 0.000328603 0.000815405 -0.000329766 0.999999 0.00127773 -0.000814954 -0.00127827 0.999999 0.0746112 0.211051 -0.344355
FixedParameters: 0 0 0

#Transform 128
Transform: AffineTransform_float_3_3
Parameters: 1 -9.5995e-05 0.000157952 9.57586e-05 0.999999 0.000748015 -0.000158096 -0.000747984 0.999999 0.0933961 0.205417 -0.332971
FixedParameters: 0 0 0

#Transform 129
Transform: AffineTransform_float_3_3
Parameters: 0.999999 0.000205179 0.000861185 -0.00020641 1 0.000715182 -0.000860891 -0.000714817 1 0.0692825 0.20216 -0.364735
FixedParameters: 0 0 0

#Transform 130
Transform: AffineTransform_float_3_3
Parameters: 1 6.87132e-05 0.000538903 -6.89718e-05 1 0.000602963 -0.000537899 -0.000603037 0.999999 0.112758 0.212101 -0.358554
FixedParameters: 0 0 0

#Transform 131
Transform: AffineTransform_float_3_3
Parameters: 1 0.000334017 -2.42028e-05 -0.000333981 0.999999 0.000732008 2.46918e-05 -0.000731991 0.999999 0.0632801 0.207169 -0.339532
FixedParameters: 0 0 0

#Transform 132
Transform: AffineTransform_float_3_3
Parameters: 0.999999 0.00138405 0.000711646 -0.00138475 0.999999 0.000867863 -0.000710553 -0.000869137 0.999999 0.0514709 0.231116 -0.361555
FixedParameters: 0 0 0

#Transform 133
Transform: AffineTransform_float_3_3
Parameters: 1 0.00107891 8.6965e-05 -0.00107998 0.999998 0.00168176 -8.51759e-05 -0.00168125 0.999999 0.102047 0.250858 -0.294586
FixedParameters: 0 0 0

#Transform 134
Transform: AffineTransform_float_3_3
Parameters: 1 0.000459604 -0.000230409 -0.000459046 0.999995 0.0029021 0.000231234 -0.00290189 0.999996 0.0791268 0.304746 -0.300015
FixedParameters: 0 0 0

#Transform 135
Transform: AffineTransform_float_3_3
Parameters: 0.999999 0.000646646 -0.00030929 -0.000645728 0.999996 0.0027402 0.00031099 -0.0027398 0.999996 0.0549748 0.308191 -0.29917
FixedParameters: 0 0 0

#Transform 136
Transform: AffineTransform_float_3_3
Parameters: 1 0.000473472 -0.000236143 -0.000472792 0.999995 0.00308711 0.000237223 -0.00308689 0.999995 0.0735855 0.289968 -0.290653
FixedParameters: 0 0 0

#Transform 137
Transform: AffineTransform_float_3_3
Parameters: 1 0.000473434 -0.000236219 -0.000472831 0.999995 0.00292511 0.000237146 -0.00292489 0.999995 0.0774923 0.29342 -0.295602
FixedParameters: 0 0 0

#Transform 138
Transform: AffineTransform_float_3_3
Parameters: 1 0.00035631 -0.000514512 -0.00035448 0.999996 0.00304818 0.000516149 -0.00304782 0.999995 0.0584963 0.278476 -0.290423
FixedParameters: 0 0 0

#Transform 139
Transform: AffineTransform_float_3_3
Parameters: 1 -0.000341658 -0.000306449 0.000342565 0.999995 0.00299025 0.000304794 -0.00298974 0.999996 0.0782301 0.298254 -0.297447
FixedParameters: 0 0 0

#Transform 140
Transform: AffineTransform_float_3_3
Parameters: 1 0.000111213 -8.37414e-05 -0.000111145 0.999996 0.00274001 8.34302e-05 -0.00273999 0.999996 0.0777116 0.284379 -0.308257
FixedParameters: 0 0 0

#Transform 141
Transform: AffineTransform_float_3_3
Parameters: 1 0.00100361 0.000353256 -0.00100426 0.999999 0.00167349 -0.000351207 -0.00167351 0.999999 0.044532 0.254411 -0.340027
FixedParameters: 0 0 0

#Transform 142
Transform: AffineTransform_float_3_3
Parameters: 1 0.000679378 0.000153745 -0.000680297 0.999999 0.0017269 -0.000152317 -0.00172711 0.999999 0.0544863 0.254525 -0.343093
FixedParameters: 0 0 0

#Transform 143
Transform: AffineTransform_float_3_3
Parameters: 1 0.00110313 -5.36894e-05 -0.00110374 0.999998 0.0015477 5.52646e-05 -0.0015483 0.999999 0.0548324 0.235649 -0.381165
FixedParameters: 0 0 0

#Transform 144
Transform: AffineTransform_float_3_3
Parameters: 0.999999 0.000924743 0.000165491 -0.000925021 1 0.000841335 -0.000163935 -0.000841664 0.999999 0.0584608 0.226778 -0.404621
FixedParameters: 0 0 0

#Transform 145
Transform: AffineTransform_float_3_3
Parameters: 0.999999 0.000617863 0.00063736 -0.000618309 0.999999 0.000349606 -0.000636927 -0.000350394 0.999999 0.0591678 0.212854 -0.404038
FixedParameters: 0 0 0

#Transform 146
Transform: AffineTransform_float_3_3
Parameters: 1 0.000714006 0.000863756 -0.000714409 1 0.00023359 -0.000863422 -0.00023341 1 0.0810863 0.206772 -0.40651
FixedParameters: 0 0 0

#Transform 147
Transform: AffineTransform_float_3_3
Parameters: 0.999999 0.000889351 0.00127233 -0.000888656 1 -0.000996926 -0.00127332 0.000996076 0.999999 0.0606127 0.193523 -0.445193
FixedParameters: 0 0 0

#Transform 148
Transform: AffineTransform_float_3_3
Parameters: 0.999999 0.00108754 0.00146181 -0.00108584 0.999999 -0.00107938 -0.00146245 0.00107762 0.999998 0.0664332 0.194648 -0.481914
FixedParameters: 0 0 0

#Transform 149
Transform: AffineTransform_float_3_3
Parameters: 0.999997 0.00119101 0.00176978 -0.001189 0.999998 -0.00134754 -0.00177181 0.00134546 0.999997 0.0671102 0.19118 -0.489756
FixedParameters: 0 0 0

#Transform 150
Transform: AffineTransform_float_3_3
Parameters: 0.999997 0.00124354 0.00210058 -0.00124041 0.999997 -0.00162153 -0.00210304 0.00161847 0.999996 0.0601977 0.185417 -0.477307
FixedParameters: 0 0 0

#Transform 151
Transform: AffineTransform_float_3_3
Parameters: 0.999998 0.00104998 0.00164837 -0.00104857 0.999999 -0.00126616 -0.00164986 0.00126484 0.999998 0.0833811 0.191012 -0.456633
FixedParameters: 0 0 0

#Transform 152
Transform: AffineTransform_float_3_3
Parameters: 0.999996 0.000885288 0.00247301 -0.000880194 0.999997 -0.00214675 -0.00247446 0.00214526 0.999995 0.102435 0.202921 -0.49967
FixedParameters: 0 0 0

#Transform 153
Transform: AffineTransform_float_3_3
Parameters: 0.999998 0.000874035 0.00169491 -0.000870049 0.999998 -0.00226127 -0.00169729 0.00225973 0.999996 0.0846681 0.178538 -0.510538
FixedParameters: 0 0 0

#Transform 154
Transform: AffineTransform_float_3_3
Parameters: 0.999998 0.000549716 0.00193116 -0.000547095 0.999998 -0.00173355 -0.00193242 0.00173145 0.999996 0.0975738 0.17926 -0.50605
FixedParameters: 0 0 0

#Transform 155
Transform: AffineTransform_float_3_3
Parameters: 0.999996 0.000715598 0.00249354 -0.000708076 0.999995 -0.00287818 -0.00249582 0.00287682 0.999993 0.106267 0.155921 -0.58653
FixedParameters: 0 0 0

#Transform 156
Transform: AffineTransform_float_3_3
Parameters: 0.999996 0.000530136 0.00273905 -0.000523397 0.999997 -0.00247785 -0.00273985 0.00247715 0.999993 0.104708 0.176468 -0.587044
FixedParameters: 0 0 0

#Transform 157
Transform: AffineTransform_float_3_3
Parameters: 0.999996 0.000501657 0.00250013 -0.000500083 0.999999 -0.000761868 -0.00250103 0.000760132 0.999996 0.0873191 0.19052 -0.508018
FixedParameters: 0 0 0

#Transform 158
Transform: AffineTransform_float_3_3
Parameters: 0.999996 0.000445179 0.00252452 -0.00044242 0.999999 -0.00135374 -0.00252508 0.00135226 0.999996 0.108885 0.18764 -0.51855
FixedParameters: 0 0 0

#Transform 159
Transform: AffineTransform_float_3_3
Parameters: 0.999996 0.000865702 0.0024136 -0.000866052 0.999999 7.11417e-05 -0.00241348 -7.3858e-05 0.999997 0.101666 0.236192 -0.485464
FixedParameters: 0 0 0

#Transform 160
Transform: AffineTransform_float_3_3
Parameters: 0.999998 0.00141803 0.00156392 -0.00142168 0.999996 0.00239035 -0.00156092 -0.00239265 0.999996 0.0896383 0.208958 -0.260317
FixedParameters: 0 0 0

#Transform 161
Transform: AffineTransform_float_3_3
Parameters: 0.999999 0.000843058 0.00118741 -0.00084481 0.999999 0.00134821 -0.00118683 -0.0013488 0.999998 0.102907 0.247795 -0.208639
FixedParameters: 0 0 0

#Transform 162
Transform: AffineTransform_float_3_3
Parameters: 0.999996 0.00131432 0.00245471 -0.00131477 0.999999 0.000465213 -0.00245426 -0.000468789 0.999997 0.0656534 0.247034 -0.24396
FixedParameters: 0 0 0

#Transform 163
Transform: AffineTransform_float_3_3
Parameters: 0.999998 0.000651365 0.00186677 -0.000652577 0.999999 0.000921655 -0.00186543 -0.000923344 0.999998 0.0728966 0.252949 -0.230453
FixedParameters: 0 0 0

#Transform 164
Transform: AffineTransform_float_3_3
Parameters: 0.999997 0.000966884 0.00196774 -0.000969262 0.999999 0.000838021 -0.0019665 -0.000838977 0.999998 0.134819 0.252981 -0.335508
FixedParameters: 0 0 0

#Transform 165
Transform: AffineTransform_float_3_3
Parameters: 0.999999 0.00142704 0.00119654 -0.0014298 0.999996 0.0023715 -0.00119317 -0.0023735 0.999996 0.0818895 0.232567 -0.295982
FixedParameters: 0 0 0

#Transform 166
Transform: AffineTransform_float_3_3
Parameters: 1 0.000918567 0.000802995 -0.000920345 0.999997 0.00201262 -0.000800995 -0.00201338 0.999998 0.10885 0.190238 -0.0457958
FixedParameters: 0 0 0

#Transform 167
Transform: AffineTransform_float_3_3
Parameters: 0.999999 0.000546754 0.00146267 -0.000546218 1 -0.00049844 -0.00146283 0.00049756 0.999998 0.126928 0.170113 -0.0123495
FixedParameters: 0 0 0

#Transform 168
Transform: AffineTransform_float_3_3
Parameters: 0.999998 0.000672946 0.00145249 -0.000672205 0.999999 -0.000572617 -0.00145287 0.000571382 0.999998 0.107773 0.162126 -0.0302276
FixedParameters: 0 0 0

#Transform 169
Transform: AffineTransform_float_3_3
Parameters: 0.999999 0.000732285 0.001173 -0.000731932 1 -0.000542652 -0.00117341 0.000542348 0.999999 0.152455 0.193347 -0.0425885
FixedParameters: 0 0 0

#Transform 170
Transform: AffineTransform_float_3_3
Parameters: 0.999998 0.000795834 0.001509 -0.000795915 1 2.61588e-05 -0.00150896 -2.78413e-05 0.999999 0.109249 0.171437 -0.0793743
FixedParameters: 0 0 0

#Transform 171
Transform: AffineTransform_float_3_3
Parameters: 0.999995 0.00108184 0.00271736 -0.00107981 0.999999 -0.000712986 -0.00271811 0.000710014 0.999997 0.119872 0.17791 -0.0902366
FixedParameters: 0 0 0

#Transform 172
Transform: AffineTransform_float_3_3
Parameters: 0.999998 0.000497644 0.00191184 -0.000495443 0.999999 -0.00105723 -0.00191211 0.00105677 0.999997 0.130252 0.167574 -0.0231711
FixedParameters: 0 0 0

#Transform 173
Transform: AffineTransform_float_3_3
Parameters: 0.999998 0.000646759 0.001948 -0.000649267 0.999999 0.000879456 -0.00194725 -0.000880541 0.999997 0.131992 0.199685 -0.314173
FixedParameters: 0 0 0

#Transform 174
Transform: AffineTransform_float_3_3
Parameters: 0.999998 3.4458e-05 0.00200487 -3.25301e-05 0.999999 -0.0012674 -0.0020047 0.0012666 0.999997 0.166498 0.208288 -0.621953
FixedParameters: 0 0 0

#Transform 175
Transform: AffineTransform_float_3_3
Parameters: 0.999998 0.000375627 0.00202411 -0.000375864 1 5.81113e-05 -0.00202407 -5.88884e-05 0.999998 0.153997 0.227469 -0.191177
FixedParameters: 0 0 0

#Transform 176
Transform: AffineTransform_float_3_3
Parameters: 0.999995 0.000267108 0.00313168 -0.000269765 1 0.000927057 -0.00313143 -0.000927944 0.999995 0.118369 0.0995214 -0.60264
FixedParameters: 0 0 0

#Transform 177
Transform: AffineTransform_float_3_3
Parameters: 0.999961 -0.00726469 0.00516292 0.0073177 0.999919 -0.0104181 -0.00508667 0.0104559 0.999932 0.205036 -0.375028 -2.11074
FixedParameters: 0 0 0

#Transform 178
Transform: AffineTransform_float_3_3
Parameters: 0.999983 -0.00313686 0.00487701 0.00314845 0.999992 -0.0024184 -0.00486968 0.0024336 0.999985 0.210109 0.0462955 -0.616341
FixedParameters: 0 0 0

#Transform 179
Transform: AffineTransform_float_3_3
Parameters: 0.999986 -0.00243065 0.0046776 0.00244436 0.999993 -0.0029477 -0.00467034 0.0029593 0.999985 0.187424 0.162745 -0.472102
FixedParameters: 0 0 0
