#Insight Transform File V1.0
#Transform 0
Transform: AffineTransform_float_3_3
Parameters: 1 -0.000255622 -0.000640001 0.000254622 0.999999 -0.000780864 0.0006404 0.000781136 1 0.070287 0.0308809 0.367579
FixedParameters: 0 0 0

#Transform 1
Transform: AffineTransform_float_3_3
Parameters: 0.999999 0.000527689 -0.000536742 -0.000527268 1 0.000392283 0.000537156 -0.000391717 1 -0.0164443 0.0229085 -0.0319185
FixedParameters: 0 0 0

#Transform 2
Transform: AffineTransform_float_3_3
Parameters: 0.999999 0.000784164 -0.000637398 -0.000784155 0.999999 0.0007503 0.00063889 -0.000750699 0.999999 -0.0213889 0.0517642 -0.106927
FixedParameters: 0 0 0

#Transform 3
Transform: AffineTransform_float_3_3
Parameters: 0.999999 0.000890076 -0.000486715 -0.000889299 0.999999 0.00112143 0.000487761 -0.00112057 1 -0.0414438 0.0547967 -0.0864871
FixedParameters: 0 0 0

#Transform 4
Transform: AffineTransform_float_3_3
Parameters: 1 0.000930967 -0.000500106 -0.000930012 0.999998 0.00126857 0.000501518 -0.00126843 0.999999 -0.0258278 0.0551778 -0.157352
FixedParameters: 0 0 0

#Transform 5
Transform: AffineTransform_float_3_3
Parameters: 0.999999 0.00123994 -0.000390987 -0.00123913 0.999998 0.00183719 0.000393644 -0.00183681 0.999999 -0.0591903 0.0833948 -0.0729897
FixedParameters: 0 0 0

#Transform 6
Transform: AffineTransform_float_3_3
Parameters: 1 0.00095269 -0.000370989 -0.000952089 0.999998 0.00165805 0.00037225 -0.00165795 0.999998 -0.0378419 0.075024 -0.0986423
FixedParameters: 0 0 0

#Transform 7
Transform: AffineTransform_float_3_3
Parameters: 0.999999 0.00124354 -0.000603017 -0.00124211 0.999997 0.00170345 0.000605353 -0.00170255 0.999998 -0.0380672 0.0893656 -0.126326
FixedParameters: 0 0 0

#Transform 8
Transform: AffineTransform_float_3_3
Parameters: 0.999999 0.00146713 -0.000909091 -0.00146479 0.999995 0.00267114 0.000912492 -0.00266987 0.999996 -0.0644363 0.095516 -0.180195
FixedParameters: 0 0 0

#Transform 9
Transform: AffineTransform_float_3_3
Parameters: 0.999998 0.00149604 -0.000696739 -0.0014938 0.999996 0.00250345 0.000700427 -0.00250256 0.999996 -0.0588476 0.120411 -0.165706
FixedParameters: 0 0 0

#Transform 10
Transform: AffineTransform_float_3_3
Parameters: 0.999999 0.00139327 -0.000663329 -0.00139224 0.999997 0.00219933 0.000666924 -0.00219867 0.999997 -0.0680647 0.1143 -0.163682
FixedParameters: 0 0 0

#Transform 11
Transform: AffineTransform_float_3_3
Parameters: 0.999999 0.00123493 -0.000610479 -0.00123271 0.999996 0.00259245 0.000614029 -0.00259154 0.999996 -0.067139 0.111717 -0.07997
FixedParameters: 0 0 0

#Transform 12
Transform: AffineTransform_float_3_3
Parameters: 0.999998 0.00214846 0.000786748 -0.00215097 0.999994 0.00261281 -0.000780251 -0.00261518 0.999996 -0.0213318 0.1362 -0.109458
FixedParameters: 0 0 0

#Transform 13
Transform: AffineTransform_float_3_3
Parameters: 0.999998 0.00162147 0.000554331 -0.0016233 0.99999 0.00425101 -0.000547807 -0.004252 0.999991 -0.0405798 0.178377 -0.000199883
FixedParameters: 0 0 0

#Transform 14
Transform: AffineTransform_float_3_3
Parameters: 1 0.000627388 3.88041e-06 -0.000628025 0.999953 0.00960699 3.12063e-06 -0.009607 0.999954 -0.0162452 0.320463 0.277948
FixedParameters: 0 0 0

#Transform 15
Transform: AffineTransform_float_3_3
Parameters: 1 0.000648984 0.00012278 -0.000650876 0.999957 0.00925492 -0.000116125 -0.00925508 0.999957 0.00743018 0.321515 0.20561
FixedParameters: 0 0 0

#Transform 16
Transform: AffineTransform_float_3_3
Parameters: 1 0.000266561 -5.63026e-05 -0.000265083 0.999949 0.010026 5.94196e-05 -0.010026 0.999949 -0.0192755 0.353452 0.253631
FixedParameters: 0 0 0

#Transform 17
Transform: AffineTransform_float_3_3
Parameters: 1 0.000327985 2.95933e-05 -0.000328472 0.999963 0.00862489 -2.70939e-05 -0.00862411 0.999962 -0.0181889 0.329033 0.14983
FixedParameters: 0 0 0

#Transform 18
Transform: AffineTransform_float_3_3
Parameters: 1 0.000445369 2.23354e-05 -0.000446052 0.999959 0.00906599 -1.83648e-05 -0.00906601 0.999959 -0.0261937 0.322262 0.170088
FixedParameters: 0 0 0

#Transform 19
Transform: AffineTransform_float_3_3
Parameters: 1 0.000521759 0.00025786 -0.000524006 0.999967 0.00811387 -0.000253168 -0.00811413 0.999967 0.016865 0.324942 0.115123
FixedParameters: 0 0 0

#Transform 20
Transform: AffineTransform_float_3_3
Parameters: 1 7.3072e-05 0.000108777 -7.41618e-05 0.999968 0.00791599 -0.000108876 -0.007916 0.999968 0.000254074 0.293798 0.15218
FixedParameters: 0 0 0

#Transform 21
Transform: AffineTransform_float_3_3
Parameters: 1 0.000445075 2.11109e-05 -0.000445393 0.999964 0.008453 -1.67459e-05 -0.00845301 0.999965 -0.00436106 0.304744 0.146481
FixedParameters: 0 0 0

#Transform 22
Transform: AffineTransform_float_3_3
Parameters: 1 0.000220601 9.35153e-05 -0.000221369 0.999972 0.00757698 -9.1431e-05 -0.00757702 0.999972 -0.000525469 0.275429 0.0748727
FixedParameters: 0 0 0

#Transform 23
Transform: AffineTransform_float_3_3
Parameters: 1 0.000126649 -0.000280701 -0.00012478 0.99997 0.00782504 0.000281402 -0.00782497 0.99997 -0.0134835 0.279392 0.103642
FixedParameters: 0 0 0

#Transform 24
Transform: AffineTransform_float_3_3
Parameters: 1 -9.14456e-05 8.43256e-05 9.14379e-05 0.999972 0.00751 -8.50658e-05 -0.00750999 0.999972 -0.00522941 0.2549 0.18885
FixedParameters: 0 0 0

#Transform 25
Transform: AffineTransform_float_3_3
Parameters: 1 -5.89515e-05 0.000184236 5.76476e-05 0.999975 0.00696701 -0.000184415 -0.00696699 0.999975 -0.0189131 0.24234 0.147379
FixedParameters: 0 0 0

#Transform 26
Transform: AffineTransform_float_3_3
Parameters: 1 -0.000169312 -0.000155251 0.000170763 0.999978 0.00673498 0.000154225 -0.00673503 0.999978 -0.00611628 0.238571 0.0956413
FixedParameters: 0 0 0

#Transform 27
Transform: AffineTransform_float_3_3
Parameters: 1 -0.000105313 4.1561e-05 0.000105032 0.999974 0.007127 -4.21113e-05 -0.00712699 0.999974 -0.00539451 0.227051 0.116642
FixedParameters: 0 0 0

#Transform 28
Transform: AffineTransform_float_3_3
Parameters: 1 0.000115461 -0.000130049 -0.00011491 0.999976 0.00695201 0.000131017 -0.00695198 0.999976 -0.0116354 0.232029 0.0760557
FixedParameters: 0 0 0

#Transform 29
Transform: AffineTransform_float_3_3
Parameters: 1 9.44647e-05 1.23835e-05 -9.39954e-05 0.999978 0.006617 -1.2401e-05 -0.006617 0.999978 -0.0098306 0.220669 0.0437506
FixedParameters: 0 0 0

#Transform 30
Transform: AffineTransform_float_3_3
Parameters: 1 -0.000136182 -5.35966e-05 0.000137291 0.999972 0.00747599 5.2501e-05 -0.00747601 0.999972 -0.0252998 0.232066 0.114346
FixedParameters: 0 0 0

#Transform 31
Transform: AffineTransform_float_3_3
Parameters: 1 1.24286e-05 -1.35099e-05 -1.25742e-05 0.999979 0.006484 1.27231e-05 -0.006484 0.999979 0.000437788 0.229649 0.0432941
FixedParameters: 0 0 0

#Transform 32
Transform: AffineTransform_float_3_3
Parameters: 1 -5.89012e-05 0.000184252 5.76979e-05 0.999977 0.00669401 -0.000184399 -0.00669398 0.999977 -0.0246856 0.24062 0.106078
FixedParameters: 0 0 0

#Transform 33
Transform: AffineTransform_float_3_3
Parameters: 1 7.68454e-05 -9.02204e-05 -7.663e-05 0.99998 0.00640601 9.15193e-05 -0.006406 0.99998 -0.00591941 0.233676 -0.0119338
FixedParameters: 0 0 0

#Transform 34
Transform: AffineTransform_float_3_3
Parameters: 0.999999 0.000936457 0.000130163 -0.000936719 0.999981 0.00600988 -0.000124597 -0.00601012 0.999982 -0.0371901 0.22777 0.0554736
FixedParameters: 0 0 0

#Transform 35
Transform: AffineTransform_float_3_3
Parameters: 1 0.000516431 -3.3388e-06 -0.000516375 0.999983 0.005784 6.15031e-06 -0.005784 0.999984 -0.0444264 0.197336 0.0506792
FixedParameters: 0 0 0

#Transform 36
Transform: AffineTransform_float_3_3
Parameters: 1 0.000218108 9.36046e-05 -0.000217854 0.999993 0.00374098 -9.22893e-05 -0.00374102 0.999993 0.00727652 0.157994 -0.0808973
FixedParameters: 0 0 0

#Transform 37
Transform: AffineTransform_float_3_3
Parameters: 1 0.00041476 2.91245e-05 -0.000414353 0.999992 0.00403989 -2.70398e-05 -0.00403911 0.999991 -0.0227597 0.17302 -0.036226
FixedParameters: 0 0 0

#Transform 38
Transform: AffineTransform_float_3_3
Parameters: 1 0.000314283 0.000152564 -0.000314824 0.999993 0.00386265 -0.000151398 -0.00386335 0.999992 -0.0065178 0.14996 -0.0093606
FixedParameters: 0 0 0

#Transform 39
Transform: AffineTransform_float_3_3
Parameters: 1 0.000474311 0.000210612 -0.00047475 0.999991 0.0040609 -0.000209287 -0.0040611 0.999991 -0.00485696 0.174881 -0.0457583
FixedParameters: 0 0 0

#Transform 40
Transform: AffineTransform_float_3_3
Parameters: 1 0.000274132 7.52965e-05 -0.000274116 0.999992 0.00412598 -7.42989e-05 -0.00412602 0.999992 -0.0159664 0.177362 -0.0318958
FixedParameters: 0 0 0

#Transform 41
Transform: AffineTransform_float_3_3
Parameters: 0.999999 -0.000491741 -0.000752803 0.000493339 0.999997 0.00232363 0.000751145 -0.00232437 0.999997 0.0179732 0.132503 -0.128915
FixedParameters: 0 0 0

#Transform 42
Transform: AffineTransform_float_3_3
Parameters: 1 -0.000359371 -0.00060517 0.000362158 0.999991 0.00439778 0.000603892 -0.00439822 0.99999 -0.0234343 0.18798 -0.0192801
FixedParameters: 0 0 0

#Transform 43
Transform: AffineTransform_float_3_3
Parameters: 0.999999 -0.000785445 -0.00164588 0.00079021 0.999996 0.0028912 0.0016429 -0.0028918 0.999994 -0.00305621 0.14671 -0.0604025
FixedParameters: 0 0 0

#Transform 44
Transform: AffineTransform_float_3_3
Parameters: 0.999999 -0.000463283 -0.00137404 0.00046823 0.999993 0.00352866 0.00137233 -0.00352934 0.999993 0.00556742 0.148613 -0.0665622
FixedParameters: 0 0 0

#Transform 45
Transform: AffineTransform_float_3_3
Parameters: 1 -0.00038989 -0.000446612 0.000391598 0.999993 0.00368783 0.00044531 -0.00368818 0.999993 -0.00913357 0.155647 -0.0348393
FixedParameters: 0 0 0

#Transform 46
Transform: AffineTransform_float_3_3
Parameters: 1 -0.000584668 -0.00107505 0.000587544 0.999995 0.00295767 0.0010738 -0.00295833 0.999995 0.00736278 0.138342 -0.0176659
FixedParameters: 0 0 0

#Transform 47
Transform: AffineTransform_float_3_3
Parameters: 0.999999 -5.81177e-05 -0.00175276 6.33897e-05 0.999996 0.00303819 0.00175207 -0.00303781 0.999994 -0.0365395 0.143562 -0.079214
FixedParameters: 0 0 0

#Transform 48
Transform: AffineTransform_float_3_3
Parameters: 0.999998 -0.000157238 -0.00222457 0.000163233 0.999996 0.00276934 0.00222368 -0.00276966 0.999993 -0.0671294 0.137559 -0.0726007
FixedParameters: 0 0 0

#Transform 49
Transform: AffineTransform_float_3_3
Parameters: 0.999997 -0.00108881 -0.0024173 0.00109212 0.999998 0.00146846 0.00241536 -0.00147054 0.999996 -0.00321446 0.103384 -0.104818
FixedParameters: 0 0 0

#Transform 50
Transform: AffineTransform_float_3_3
Parameters: 0.999998 -0.000693172 -0.00178767 0.000695101 0.999999 0.000804357 0.00178687 -0.000805641 0.999998 -0.0533946 0.0967296 -0.035584
FixedParameters: 0 0 0

#Transform 51
Transform: AffineTransform_float_3_3
Parameters: 0.999998 -0.000744147 -0.00177411 0.00074755 0.999998 0.00202928 0.00177235 -0.00203072 0.999997 -0.0142663 0.142874 -0.0428687
FixedParameters: 0 0 0

#Transform 52
Transform: AffineTransform_float_3_3
Parameters: 0.999998 -0.000764698 -0.00175245 0.000766554 0.999999 0.00134126 0.00175134 -0.00134274 0.999998 -0.0539733 0.0962976 -0.0443347
FixedParameters: 0 0 0

#Transform 53
Transform: AffineTransform_float_3_3
Parameters: 0.999999 -0.000714579 -0.00163524 0.000716572 0.999999 0.00118913 0.00163417 -0.00119087 0.999998 -0.0118891 0.128016 -0.0685422
FixedParameters: 0 0 0

#Transform 54
Transform: AffineTransform_float_3_3
Parameters: 0.999998 -0.000749994 -0.00174256 0.000751545 0.999999 0.00126129 0.00174161 -0.00126271 0.999998 -0.0468448 0.115664 -0.0492573
FixedParameters: 0 0 0

#Transform 55
Transform: AffineTransform_float_3_3
Parameters: 0.999999 -0.000725468 -0.00131878 0.000726939 0.999999 0.00127734 0.00131755 -0.00127866 0.999999 -0.0505272 0.10659 -0.0289809
FixedParameters: 0 0 0

#Transform 56
Transform: AffineTransform_float_3_3
Parameters: 0.999998 -0.000862876 -0.00173361 0.000865725 0.999999 0.0012771 0.00173298 -0.0012789 0.999998 -0.0221751 0.110702 -0.0439367
FixedParameters: 0 0 0

#Transform 57
Transform: AffineTransform_float_3_3
Parameters: 0.999999 -0.000725802 -0.00132084 0.000728185 0.999999 0.00150124 0.00132023 -0.00150176 0.999998 -0.0520003 0.122198 -0.0479156
FixedParameters: 0 0 0

#Transform 58
Transform: AffineTransform_float_3_3
Parameters: 0.999998 -0.00110843 -0.00175143 0.00111093 0.999998 0.00152556 0.00174899 -0.00152744 0.999997 -0.0171419 0.128134 -0.0515979
FixedParameters: 0 0 0

#Transform 59
Transform: AffineTransform_float_3_3
Parameters: 0.999998 -0.00089812 -0.00149018 0.000900029 0.999999 0.00127696 0.00148851 -0.00127904 0.999998 -0.0421827 0.122906 -0.0447743
FixedParameters: 0 0 0

#Transform 60
Transform: AffineTransform_float_3_3
Parameters: 0.999998 -0.00117637 -0.00119214 0.00117776 0.999997 0.0020438 0.00118954 -0.0020452 0.999997 -0.0330973 0.127996 -0.0151266
FixedParameters: 0 0 0

#Transform 61
Transform: AffineTransform_float_3_3
Parameters: 0.999999 -0.00102121 -0.000863833 0.00102215 0.999998 0.00145632 0.000862437 -0.00145668 0.999999 -0.0211141 0.102814 -0.0122882
FixedParameters: 0 0 0

#Transform 62
Transform: AffineTransform_float_3_3
Parameters: 0.999999 -0.00135306 -0.000771836 0.00135481 0.999996 0.00236976 0.000769212 -0.00237024 0.999996 -0.0293248 0.107287 0.0604969
FixedParameters: 0 0 0

#Transform 63
Transform: AffineTransform_float_3_3
Parameters: 0.999998 -0.00121431 -0.00144904 0.00121698 0.999998 0.00179544 0.00144656 -0.00179756 0.999997 -0.0042216 0.103881 -0.0367773
FixedParameters: 0 0 0

#Transform 64
Transform: AffineTransform_float_3_3
Parameters: 0.999999 -0.0011851 -0.000920299 0.00118675 0.999998 0.00158681 0.000919063 -0.00158819 0.999998 -0.0263998 0.0972033 -0.0262468
FixedParameters: 0 0 0

#Transform 65
Transform: AffineTransform_float_3_3
Parameters: 0.999998 -0.00126617 -0.00099538 0.00126813 0.999998 0.00130294 0.000993341 -0.00130406 0.999999 -0.00464362 0.115211 -0.0394416
FixedParameters: 0 0 0

#Transform 66
Transform: AffineTransform_float_3_3
Parameters: 0.999998 -0.00126119 -0.000975171 0.00126302 0.999998 0.00158457 0.000973699 -0.00158543 0.999998 -0.0233283 0.103684 -0.0154969
FixedParameters: 0 0 0

#Transform 67
Transform: AffineTransform_float_3_3
Parameters: 0.999998 -0.00131059 -0.00100114 0.00131193 0.999998 0.00177389 0.000999334 -0.00177511 0.999998 -0.017797 0.106241 -0.0089722
FixedParameters: 0 0 0

#Transform 68
Transform: AffineTransform_float_3_3
Parameters: 0.999999 -0.00102927 -0.00116569 0.00103143 0.999998 0.00161 0.00116395 -0.001611 0.999998 -0.00829243 0.123421 -0.0782314
FixedParameters: 0 0 0

#Transform 69
Transform: AffineTransform_float_3_3
Parameters: 1 -0.00088857 -0.000790804 0.000890198 0.999999 0.0014305 0.000789524 -0.0014305 0.999999 -0.0414416 0.115222 -0.0601623
FixedParameters: 0 0 0

#Transform 70
Transform: AffineTransform_float_3_3
Parameters: 0.999999 -0.000826361 -0.000357295 0.000827076 0.999996 0.00278061 0.000355227 -0.00278039 0.999996 -0.0211482 0.135474 0.00884115
FixedParameters: 0 0 0

#Transform 71
Transform: AffineTransform_float_3_3
Parameters: 1 -0.000898131 -0.000570323 0.000898615 1 0.000980389 0.000569826 -0.000980612 0.999999 -0.0249104 0.105942 -0.0552706
FixedParameters: 0 0 0

#Transform 72
Transform: AffineTransform_float_3_3
Parameters: 0.999999 -0.000789796 -0.000244029 0.00078978 0.999999 0.00126681 0.000243293 -0.00126719 0.999999 -0.00571315 0.110675 0.00153255
FixedParameters: 0 0 0

#Transform 73
Transform: AffineTransform_float_3_3
Parameters: 1 -0.000959085 -0.000755942 0.000960131 0.999998 0.00153048 0.000755534 -0.00153053 0.999999 -0.00750127 0.133481 -0.0823758
FixedParameters: 0 0 0

#Transform 74
Transform: AffineTransform_float_3_3
Parameters: 0.999999 -0.00102689 -0.000961071 0.00102837 0.999998 0.00159621 0.00095937 -0.00159679 0.999998 -0.0425517 0.111091 -0.0763042
FixedParameters: 0 0 0

#Transform 75
Transform: AffineTransform_float_3_3
Parameters: 1 -0.000948188 -0.000722582 0.000949564 0.999998 0.00139121 0.000721206 -0.00139178 0.999998 -0.027916 0.122125 -0.0192094
FixedParameters: 0 0 0

#Transform 76
Transform: AffineTransform_float_3_3
Parameters: 0.999999 -0.000789811 -0.00024398 0.000789765 0.999999 0.00120481 0.000243342 -0.00120519 0.999999 -0.00384239 0.124721 -0.0307992
FixedParameters: 0 0 0

#Transform 77
Transform: AffineTransform_float_3_3
Parameters: 1 -0.00103858 -0.000374534 0.00104016 0.999996 0.00254861 0.000371449 -0.00254939 0.999997 -0.0218761 0.128397 0.0319578
FixedParameters: 0 0 0

#Transform 78
Transform: AffineTransform_float_3_3
Parameters: 1 -0.0011903 -0.000112292 0.00119044 0.999997 0.00207247 0.000109571 -0.00207253 0.999997 -0.0432821 0.11141 0.0534048
FixedParameters: 0 0 0

#Transform 79
Transform: AffineTransform_float_3_3
Parameters: 0.999999 -0.00137566 -0.000123901 0.00137537 0.999998 0.00141453 0.000121272 -0.00141547 0.999999 -0.0396063 0.0987935 0.0207769
FixedParameters: 0 0 0

#Transform 80
Transform: AffineTransform_float_3_3
Parameters: 0.999999 -0.00137246 -0.00033013 0.00137295 0.999999 0.00122415 0.000328982 -0.00122485 0.999999 -0.00360055 0.0968696 -0.0107866
FixedParameters: 0 0 0

#Transform 81
Transform: AffineTransform_float_3_3
Parameters: 0.999999 -0.0013095 -0.000140849 0.00130965 0.999997 0.00166052 0.000138712 -0.00166148 0.999998 -0.0065428 0.103066 -0.0235698
FixedParameters: 0 0 0

#Transform 82
Transform: AffineTransform_float_3_3
Parameters: 0.999998 -0.00171439 -7.31442e-05 0.00171375 0.999996 0.00221248 6.90373e-05 -0.00221252 0.999998 -0.00883714 0.103607 0.0393795
FixedParameters: 0 0 0

#Transform 83
Transform: AffineTransform_float_3_3
Parameters: 0.999998 -0.00167864 3.51945e-05 0.00167848 0.999996 0.00216046 -3.92869e-05 -0.00216154 0.999998 -0.00845672 0.115772 0.0344179
FixedParameters: 0 0 0

#Transform 84
Transform: AffineTransform_float_3_3
Parameters: 0.999999 -0.00152487 -0.000135903 0.00152499 0.999997 0.0016217 0.000133171 -0.0016213 0.999999 -0.00613868 0.10774 0.0121936
FixedParameters: 0 0 0

#Transform 85
Transform: AffineTransform_float_3_3
Parameters: 0.999998 -0.00168616 1.33142e-05 0.00168611 0.999998 0.00162133 -1.562e-05 -0.00162167 0.999998 0.00217794 0.100792 0.00514731
FixedParameters: 0 0 0

#Transform 86
Transform: AffineTransform_float_3_3
Parameters: 0.999998 -0.00164402 0.000141061 0.00164334 0.999998 0.00129983 -0.000143119 -0.00129917 0.999999 -0.0023417 0.105526 -0.0138531
FixedParameters: 0 0 0

#Transform 87
Transform: AffineTransform_float_3_3
Parameters: 0.999998 -0.0016432 0.000142504 0.00164258 0.999996 0.00215464 -0.000146423 -0.00215536 0.999998 0.00485688 0.101425 0.0278436
FixedParameters: 0 0 0

#Transform 88
Transform: AffineTransform_float_3_3
Parameters: 0.999999 -0.00176911 0.000606294 0.00176801 0.999996 0.00220348 -0.000609342 -0.00220252 0.999997 0.0185011 0.106322 0.0787933
FixedParameters: 0 0 0

#Transform 89
Transform: AffineTransform_float_3_3
Parameters: 0.999998 -0.00156491 0.000379433 0.00156336 0.999996 0.0024482 -0.000382978 -0.0024468 0.999997 0.00734377 0.118558 0.0755435
FixedParameters: 0 0 0

#Transform 90
Transform: AffineTransform_float_3_3
Parameters: 0.999999 -0.00142636 0.000432317 0.00142433 0.999996 0.00269432 -0.000435885 -0.00269368 0.999997 -0.037548 0.116621 0.104482
FixedParameters: 0 0 0

#Transform 91
Transform: AffineTransform_float_3_3
Parameters: 0.999999 -0.00155307 0.000249584 0.00155323 0.999997 0.00218979 -0.000252591 -0.00219021 0.999997 -0.0382055 0.0979804 0.0520302
FixedParameters: 0 0 0

#Transform 92
Transform: AffineTransform_float_3_3
Parameters: 0.999999 -0.00178426 9.58856e-05 0.00178449 0.999992 0.00360588 -0.000102746 -0.00360612 0.999994 -0.0263937 0.127326 0.101958
FixedParameters: 0 0 0

#Transform 93
Transform: AffineTransform_float_3_3
Parameters: 0.999999 -0.00152965 0.000198733 0.00152883 0.999995 0.00281301 -0.000203225 -0.00281299 0.999996 0.0111305 0.108813 0.0375312
FixedParameters: 0 0 0

#Transform 94
Transform: AffineTransform_float_3_3
Parameters: 0.999998 -0.00156472 0.00037987 0.00156292 0.999995 0.0027763 -0.000384441 -0.0027757 0.999996 -0.0148259 0.104291 0.0497107
FixedParameters: 0 0 0

#Transform 95
Transform: AffineTransform_float_3_3
Parameters: 0.999998 -0.00197397 0.000479921 0.00197188 0.999994 0.00281335 -0.000485961 -0.00281265 0.999996 -0.000169704 0.110422 0.115909
FixedParameters: 0 0 0

#Transform 96
Transform: AffineTransform_float_3_3
Parameters: 0.999996 -0.00276829 0.000647532 0.00276618 0.99999 0.00331391 -0.000656063 -0.0033121 0.999995 -0.010875 0.0862702 0.216488
FixedParameters: 0 0 0

#Transform 97
Transform: AffineTransform_float_3_3
Parameters: 0.999997 -0.00235083 0.000540828 0.00234898 0.999993 0.00285628 -0.00054729 -0.00285472 0.999996 0.00520189 0.083985 0.0888202
FixedParameters: 0 0 0

#Transform 98
Transform: AffineTransform_float_3_3
Parameters: 0.999997 -0.00246065 0.000495267 0.00245889 0.999994 0.00271123 -0.000502592 -0.00270977 0.999996 0.0102496 0.0753877 0.126343
FixedParameters: 0 0 0

#Transform 99
Transform: AffineTransform_float_3_3
Parameters: 0.999997 -0.00241358 0.000349756 0.00241186 0.999991 0.00331915 -0.000357547 -0.00331785 0.999995 0.0155466 0.107287 0.0528463
FixedParameters: 0 0 0

#Transform 100
Transform: AffineTransform_float_3_3
Parameters: 0.999998 -0.00126585 0.00114883 0.00125873 0.999985 0.00542025 -0.00115587 -0.00541875 0.999985 -0.0522509 0.143621 0.183507
FixedParameters: 0 0 0

#Transform 101
Transform: AffineTransform_float_3_3
Parameters: 0.999999 -0.00106147 0.000674793 0.00105966 0.999991 0.00390082 -0.000678954 -0.00390018 0.999993 -0.0330094 0.160846 0.104831
FixedParameters: 0 0 0

#Transform 102
Transform: AffineTransform_float_3_3
Parameters: 0.999999 -0.001541 0.00099608 0.00153775 0.999993 0.00352504 -0.00100187 -0.00352396 0.999993 -0.0250419 0.121419 0.0994442
FixedParameters: 0 0 0

#Transform 103
Transform: AffineTransform_float_3_3
Parameters: 0.999998 -0.00195581 0.000416667 0.00195423 0.999994 0.00301112 -0.000422429 -0.00300988 0.999996 0.0088293 0.128243 0.119785
FixedParameters: 0 0 0

#Transform 104
Transform: AffineTransform_float_3_3
Parameters: 0.999999 -0.00173975 0.000478109 0.0017384 0.999994 0.00304354 -0.000483949 -0.00304246 0.999996 0.024232 0.132035 0.0695425
FixedParameters: 0 0 0

#Transform 105
Transform: AffineTransform_float_3_3
Parameters: 0.999998 -0.00184972 0.00075528 0.00184601 0.999989 0.0041132 -0.000762888 -0.0041118 0.999992 0.0116648 0.138432 0.130009
FixedParameters: 0 0 0

#Transform 106
Transform: AffineTransform_float_3_3
Parameters: 0.999998 -0.00177546 0.000753709 0.00177291 0.999991 0.00376974 -0.000760756 -0.00376825 0.999992 -0.0128532 0.131445 0.0846315
FixedParameters: 0 0 0

#Transform 107
Transform: AffineTransform_float_3_3
Parameters: 0.999997 -0.00209039 0.000570329 0.00208863 0.999989 0.0040016 -0.00057851 -0.0040004 0.999992 0.016719 0.123545 0.114491
FixedParameters: 0 0 0

#Transform 108
Transform: AffineTransform_float_3_3
Parameters: 0.999998 -0.00198242 0.00113195 0.00197624 0.999984 0.00521875 -0.00114185 -0.00521625 0.999986 -0.0446833 0.162371 0.193823
FixedParameters: 0 0 0

#Transform 109
Transform: AffineTransform_float_3_3
Parameters: 0.999996 -0.00256097 0.00112073 0.00255349 0.999973 0.00680679 -0.00113814 -0.00680421 0.999976 -0.0355844 0.243853 0.294808
FixedParameters: 0 0 0

#Transform 110
Transform: AffineTransform_float_3_3
Parameters: 0.999994 -0.00305767 0.00116872 0.00304886 0.999963 0.0080081 -0.00119357 -0.00800389 0.999967 -0.0245223 0.26449 0.403653
FixedParameters: 0 0 0

#Transform 111
Transform: AffineTransform_float_3_3
Parameters: 0.999995 -0.00253828 0.00145289 0.00252316 0.999943 0.010333 -0.00147861 -0.010329 0.999946 0.065909 0.357334 0.476415
FixedParameters: 0 0 0

#Transform 112
Transform: AffineTransform_float_3_3
Parameters: 0.999996 -0.00245424 0.00126252 0.00244158 0.999949 0.00979902 -0.00128613 -0.00979598 0.999951 0.0335371 0.342553 0.443298
FixedParameters: 0 0 0

#Transform 113
Transform: AffineTransform_float_3_3
Parameters: 0.999997 -0.00221319 0.00112882 0.00220274 0.999959 0.00875271 -0.00114849 -0.00875028 0.999961 0.0569561 0.331587 0.376642
FixedParameters: 0 0 0

#Transform 114
Transform: AffineTransform_float_3_3
Parameters: 0.999996 -0.0024864 0.00125825 0.00247361 0.999942 0.0104971 -0.00128437 -0.0104939 0.999944 0.0317631 0.337359 0.466326
FixedParameters: 0 0 0

#Transform 115
Transform: AffineTransform_float_3_3
Parameters: 0.999998 -0.00217925 0.000847194 0.00217056 0.999949 0.00985106 -0.000868534 -0.00984993 0.999951 -0.0185138 0.363077 0.50934
FixedParameters: 0 0 0

#Transform 116
Transform: AffineTransform_float_3_3
Parameters: 0.999996 -0.00243262 0.00142278 0.00242038 0.999956 0.00900978 -0.00144467 -0.00900622 0.999959 -0.00470275 0.32476 0.446098
FixedParameters: 0 0 0

#Transform 117
Transform: AffineTransform_float_3_3
Parameters: 0.999996 -0.00240604 0.00150535 0.00239203 0.999956 0.00910194 -0.00152719 -0.00909806 0.999958 -0.00706162 0.368619 0.458831
FixedParameters: 0 0 0

#Transform 118
Transform: AffineTransform_float_3_3
Parameters: 0.999997 -0.00235097 0.00139413 0.00233724 0.999949 0.00983119 -0.00141744 -0.0098278 0.99995 0.0369701 0.382848 0.457986
FixedParameters: 0 0 0

#Transform 119
Transform: AffineTransform_float_3_3
Parameters: 0.999998 -0.00208183 0.000961845 0.0020708 0.999935 0.0111771 -0.000985481 -0.0111749 0.999936 0.0218165 0.442145 0.52482
FixedParameters: 0 0 0

#Transform 120
Transform: AffineTransform_float_3_3
Parameters: 0.999997 -0.0023922 0.00079908 0.00238478 0.999956 0.00906803 -0.00082057 -0.00906596 0.999958 0.0182916 0.340773 0.385773
FixedParameters: 0 0 0

#Transform 121
Transform: AffineTransform_float_3_3
Parameters: 0.999996 -0.00251725 0.00115926 0.0025084 0.999967 0.00783685 -0.00117966 -0.00783416 0.999969 0.0148814 0.319215 0.311281
FixedParameters: 0 0 0

#Transform 122
Transform: AffineTransform_float_3_3
Parameters: 0.999997 -0.00235084 0.00126126 0.00234069 0.999964 0.00809518 -0.00128057 -0.00809182 0.999966 0.0180917 0.307341 0.324606
FixedParameters: 0 0 0

#Transform 123
Transform: AffineTransform_float_3_3
Parameters: 0.999996 -0.00255909 0.00103062 0.0025502 0.999959 0.00866246 -0.00105368 -0.00865953 0.999961 -0.00783207 0.352016 0.320774
FixedParameters: 0 0 0

#Transform 124
Transform: AffineTransform_float_3_3
Parameters: 0.999994 -0.00344322 0.000389476 0.00343776 0.999913 0.0127517 -0.000433577 -0.0127503 0.999919 0.0554394 0.479151 0.445603
FixedParameters: 0 0 0

#Transform 125
Transform: AffineTransform_float_3_3
Parameters: 0.999996 -0.00218276 0.00174277 0.00215866 0.999907 0.0135082 -0.0017723 -0.0135048 0.999908 0.00241557 0.458751 0.641178
FixedParameters: 0 0 0

#Transform 126
Transform: AffineTransform_float_3_3
Parameters: 0.999994 -0.00256475 0.00228184 0.00253153 0.999893 0.0144361 -0.00231901 -0.0144299 0.999893 0.00962277 0.462331 0.837276
FixedParameters: 0 0 0

#Transform 127
Transform: AffineTransform_float_3_3
Parameters: 0.999995 -0.00238225 0.00179556 0.00236938 0.999969 0.00750769 -0.00181382 -0.00750331 0.999971 0.0650138 0.276362 0.500286
FixedParameters: 0 0 0

#Transform 128
Transform: AffineTransform_float_3_3
Parameters: 0.999997 -0.00206401 0.00172596 0.00204939 0.999963 0.00831797 -0.00174277 -0.00831503 0.999964 0.0452504 0.299904 0.425655
FixedParameters: 0 0 0

#Transform 129
Transform: AffineTransform_float_3_3
Parameters: 0.999997 -0.00234557 0.00120604 0.00233546 0.999965 0.00806105 -0.00122479 -0.00805796 0.999967 0.0349164 0.29918 0.372565
FixedParameters: 0 0 0

#Transform 130
Transform: AffineTransform_float_3_3
Parameters: 0.999996 -0.0024964 0.00131517 0.00248549 0.999962 0.0082883 -0.00133589 -0.00828569 0.999965 0.0404462 0.294265 0.283806
FixedParameters: 0 0 0

#Transform 131
Transform: AffineTransform_float_3_3
Parameters: 0.999997 -0.00255599 0.00081256 0.00254957 0.999964 0.00812091 -0.000833142 -0.0081191 0.999967 0.0242628 0.291578 0.214326
FixedParameters: 0 0 0

#Transform 132
Transform: AffineTransform_float_3_3
Parameters: 0.999996 -0.00247108 0.00139253 0.00246 0.999966 0.00778345 -0.0014113 -0.00778054 0.999968 0.0135603 0.294174 0.201919
FixedParameters: 0 0 0

#Transform 133
Transform: AffineTransform_float_3_3
Parameters: 0.999996 -0.00257217 0.00108054 0.00256407 0.999966 0.0077687 -0.0011002 -0.0077663 0.999969 0.0420624 0.288984 0.192461
FixedParameters: 0 0 0

#Transform 134
Transform: AffineTransform_float_3_3
Parameters: 0.999996 -0.00244731 0.00146627 0.00243547 0.999965 0.00797361 -0.0014859 -0.0079704 0.999967 0.00344401 0.291539 0.231051
FixedParameters: 0 0 0

#Transform 135
Transform: AffineTransform_float_3_3
Parameters: 0.999995 -0.00277003 0.00135599 0.00275835 0.999963 0.00808368 -0.00137885 -0.00807932 0.999967 0.0200335 0.293055 0.258273
FixedParameters: 0 0 0

#Transform 136
Transform: AffineTransform_float_3_3
Parameters: 0.999994 -0.002863 0.00151993 0.00285026 0.999964 0.00797808 -0.00154304 -0.00797392 0.999967 0.00903099 0.297088 0.298807
FixedParameters: 0 0 0

#Transform 137
Transform: AffineTransform_float_3_3
Parameters: 0.999995 -0.00299782 0.00151277 0.00298517 0.999963 0.00808316 -0.00153771 -0.00807783 0.999966 0.0200339 0.297158 0.34729
FixedParameters: 0 0 0

#Transform 138
Transform: AffineTransform_float_3_3
Parameters: 0.999995 -0.00285306 0.00118656 0.00284461 0.999969 0.00735801 -0.00120729 -0.00735499 0.999972 0.0558958 0.294497 0.235122
FixedParameters: 0 0 0

#Transform 139
Transform: AffineTransform_float_3_3
Parameters: 0.999994 -0.00303613 0.00170325 0.00302173 0.999962 0.0082516 -0.00172728 -0.0082464 0.999964 0.0227368 0.288157 0.27887
FixedParameters: 0 0 0

#Transform 140
Transform: AffineTransform_float_3_3
Parameters: 0.999995 -0.00301476 0.00145307 0.00300453 0.999967 0.00748501 -0.00147565 -0.00747999 0.999971 0.0796456 0.296995 0.275067
FixedParameters: 0 0 0

#Transform 141
Transform: AffineTransform_float_3_3
Parameters: 0.999993 -0.00322737 0.00176513 0.0032132 0.999961 0.00825083 -0.00179168 -0.00824517 0.999964 0.034357 0.311798 0.378941
FixedParameters: 0 0 0

#Transform 142
Transform: AffineTransform_float_3_3
Parameters: 0.999994 -0.00331041 0.00150813 0.00329809 0.999963 0.00799603 -0.00153438 -0.00799097 0.999967 0.0488847 0.304297 0.363694
FixedParameters: 0 0 0

#Transform 143
Transform: AffineTransform_float_3_3
Parameters: 0.999995 -0.00299562 0.00153594 0.00298361 0.999962 0.00816603 -0.00156072 -0.00816197 0.999965 0.0588017 0.285559 0.351834
FixedParameters: 0 0 0

#Transform 144
Transform: AffineTransform_float_3_3
Parameters: 0.999995 -0.0031422 0.0011406 0.00313601 0.999978 0.00585081 -0.00115866 -0.00584719 0.999982 0.0853758 0.234908 0.29049
FixedParameters: 0 0 0

#Transform 145
Transform: AffineTransform_float_3_3
Parameters: 0.999994 -0.00329523 0.00154993 0.00328832 0.999984 0.00455223 -0.00156438 -0.00454777 0.999988 0.0655742 0.200239 0.236192
FixedParameters: 0 0 0

#Transform 146
Transform: AffineTransform_float_3_3
Parameters: 0.999994 -0.00310174 0.00155375 0.00309317 0.999982 0.00517254 -0.00156933 -0.00516746 0.999986 0.05219 0.223563 0.273709
FixedParameters: 0 0 0

#Transform 147
Transform: AffineTransform_float_3_3
Parameters: 0.999993 -0.00330724 0.00167807 0.00329893 0.999982 0.00508867 -0.00169459 -0.00508333 0.999986 0.0508996 0.224979 0.237987
FixedParameters: 0 0 0

#Transform 148
Transform: AffineTransform_float_3_3
Parameters: 0.999994 -0.0032681 0.00163435 0.00325896 0.99998 0.00547347 -0.00165297 -0.00546853 0.999984 0.0402532 0.22505 0.267167
FixedParameters: 0 0 0

#Transform 149
Transform: AffineTransform_float_3_3
Parameters: 0.999994 -0.00328579 0.00158016 0.00327756 0.99998 0.00547332 -0.00159804 -0.00546868 0.999984 0.0716296 0.230943 0.265339
FixedParameters: 0 0 0

#Transform 150
Transform: AffineTransform_float_3_3
Parameters: 0.999993 -0.00328666 0.00188034 0.00327358 0.999971 0.0068024 -0.0019028 -0.00679659 0.999975 0.0187075 0.262709 0.384921
FixedParameters: 0 0 0

#Transform 151
Transform: AffineTransform_float_3_3
Parameters: 0.999993 -0.00293794 0.00198531 0.00292514 0.999974 0.00661245 -0.0020054 -0.00660755 0.999976 0.00939796 0.24201 0.417145
FixedParameters: 0 0 0

#Transform 152
Transform: AffineTransform_float_3_3
Parameters: 0.999997 -0.00153874 0.00223876 0.00152319 0.999974 0.00712744 -0.00224918 -0.00712357 0.999972 -0.00479762 0.268036 0.455662
FixedParameters: 0 0 0

#Transform 153
Transform: AffineTransform_float_3_3
Parameters: 0.999993 -0.00329538 0.00167842 0.00328737 0.999983 0.00481095 -0.00169488 -0.00480505 0.999987 0.0997395 0.201133 0.366124
FixedParameters: 0 0 0

#Transform 154
Transform: AffineTransform_float_3_3
Parameters: 0.999992 -0.00369872 0.00151989 0.00369086 0.999982 0.00484435 -0.00153795 -0.00483865 0.999987 0.130939 0.189722 0.284953
FixedParameters: 0 0 0

#Transform 155
Transform: AffineTransform_float_3_3
Parameters: 0.999992 -0.00375393 0.000867468 0.00375343 0.999992 0.000472063 -0.000870052 -0.000468933 0.999999 0.111444 0.0947071 0.342999
FixedParameters: 0 0 0

#Transform 156
Transform: AffineTransform_float_3_3
Parameters: 0.999992 -0.0038647 0.00104693 0.00386203 0.999991 0.00187256 -0.00105443 -0.00186844 0.999998 0.0606925 0.138323 0.488123
FixedParameters: 0 0 0

#Transform 157
Transform: AffineTransform_float_3_3
Parameters: 0.999992 -0.00356686 0.00143473 0.00355952 0.999978 0.00560415 -0.00145441 -0.00559885 0.999984 0.0681819 0.235244 0.46467
FixedParameters: 0 0 0

#Transform 158
Transform: AffineTransform_float_3_3
Parameters: 0.999992 -0.00362281 0.00157811 0.00361032 0.999966 0.00740045 -0.00160473 -0.00739454 0.999971 0.0434015 0.278138 0.56998
FixedParameters: 0 0 0

#Transform 159
Transform: AffineTransform_float_3_3
Parameters: 0.999992 -0.00359515 0.00131281 0.00358642 0.999975 0.00604446 -0.00133438 -0.00604054 0.999981 0.100123 0.247327 0.341517
FixedParameters: 0 0 0

#Transform 160
Transform: AffineTransform_float_3_3
Parameters: 0.999993 -0.00353338 0.00172944 0.00352189 0.999971 0.00674924 -0.00175362 -0.00674275 0.999976 0.0438241 0.277688 0.468943
FixedParameters: 0 0 0

#Transform 161
Transform: AffineTransform_float_3_3
Parameters: 0.999993 -0.0034851 0.0014701 0.00347562 0.999974 0.00640086 -0.0014925 -0.00639614 0.999978 0.0750162 0.278437 0.389823
FixedParameters: 0 0 0

#Transform 162
Transform: AffineTransform_float_3_3
Parameters: 0.999992 -0.00371384 0.00153065 0.00370231 0.999967 0.00721053 -0.00155817 -0.00720547 0.999973 0.0411228 0.273197 0.463418
FixedParameters: 0 0 0

#Transform 163
Transform: AffineTransform_float_3_3
Parameters: 0.999993 -0.00364525 0.00106201 0.00363784 0.999971 0.00682842 -0.00108674 -0.00682458 0.999976 0.0913808 0.281821 0.431367
FixedParameters: 0 0 0

#Transform 164
Transform: AffineTransform_float_3_3
Parameters: 0.999992 -0.0038339 0.00113826 0.00382655 0.999968 0.00702992 -0.00116553 -0.00702509 0.999975 0.0590159 0.290006 0.473322
FixedParameters: 0 0 0

#Transform 165
Transform: AffineTransform_float_3_3
Parameters: 0.999993 -0.00364222 0.00104561 0.00363547 0.999972 0.00647475 -0.00106868 -0.00647125 0.999979 0.0769113 0.268417 0.395249
FixedParameters: 0 0 0

#Transform 166
Transform: AffineTransform_float_3_3
Parameters: 0.999994 -0.00345535 0.00107378 0.00344829 0.999976 0.00602555 -0.00109417 -0.00602146 0.999981 0.0853514 0.242828 0.271773
FixedParameters: 0 0 0

#Transform 167
Transform: AffineTransform_float_3_3
Parameters: 0.999993 -0.00352583 0.00140336 0.00351671 0.999972 0.00668369 -0.00142733 -0.00667931 0.999976 0.0513342 0.26355 0.382042
FixedParameters: 0 0 0

#Transform 168
Transform: AffineTransform_float_3_3
Parameters: 0.999992 -0.00372992 0.00146081 0.00372157 0.999974 0.00605718 -0.00148379 -0.00605181 0.99998 0.0820861 0.238471 0.364136
FixedParameters: 0 0 0

#Transform 169
Transform: AffineTransform_float_3_3
Parameters: 0.999991 -0.00404819 0.00164008 0.00403756 0.99997 0.00656009 -0.00166621 -0.00655292 0.999977 0.0460043 0.250896 0.4375
FixedParameters: 0 0 0

#Transform 170
Transform: AffineTransform_float_3_3
Parameters: 0.99999 -0.00408879 0.0015152 0.00407902 0.999971 0.00640365 -0.00154122 -0.00639736 0.999979 0.0453433 0.253676 0.395573
FixedParameters: 0 0 0

#Transform 171
Transform: AffineTransform_float_3_3
Parameters: 0.999989 -0.00420741 0.00170644 0.00419623 0.999971 0.00637503 -0.00173405 -0.00636797 0.999978 0.0574223 0.243308 0.398747
FixedParameters: 0 0 0

#Transform 172
Transform: AffineTransform_float_3_3
Parameters: 0.999989 -0.00434061 0.00168183 0.00432927 0.999969 0.00651415 -0.00170917 -0.00650684 0.999977 0.0690954 0.237036 0.415312
FixedParameters: 0 0 0

#Transform 173
Transform: AffineTransform_float_3_3
Parameters: 0.999989 -0.00435596 0.00173169 0.00434466 0.999969 0.00658541 -0.00176017 -0.0065776 0.999977 0.0533681 0.242912 0.455228
FixedParameters: 0 0 0

#Transform 174
Transform: AffineTransform_float_3_3
Parameters: 0.99999 -0.00415966 0.00167163 0.00414938 0.999975 0.0057761 -0.00169524 -0.00576891 0.999982 0.0942755 0.230519 0.387358
FixedParameters: 0 0 0

#Transform 175
Transform: AffineTransform_float_3_3
Parameters: 0.999988 -0.00441806 0.00175378 0.00440749 0.999971 0.00620741 -0.0017807 -0.0062006 0.999979 0.0669898 0.23111 0.4261
FixedParameters: 0 0 0

#Transform 176
Transform: AffineTransform_float_3_3
Parameters: 0.99999 -0.00421377 0.00136715 0.00420558 0.999974 0.00582981 -0.00139249 -0.00582419 0.999982 0.0742852 0.222936 0.424954
FixedParameters: 0 0 0

#Transform 177
Transform: AffineTransform_float_3_3
Parameters: 0.99999 -0.0041041 0.00144214 0.00409525 0.999975 0.00576137 -0.00146563 -0.00575564 0.999983 0.0844359 0.21704 0.299712
FixedParameters: 0 0 0

#Transform 178
Transform: AffineTransform_float_3_3
Parameters: 0.99999 -0.00416191 0.00167138 0.00415125 0.999974 0.0059841 -0.0016958 -0.0059769 0.999981 0.055601 0.233938 0.311111
FixedParameters: 0 0 0

#Transform 179
Transform: AffineTransform_float_3_3
Parameters: 0.999989 -0.0043429 0.00141627 0.00433455 0.999973 0.0059069 -0.00144188 -0.00590109 0.999981 0.0627197 0.216979 0.300753
FixedParameters: 0 0 0
