#Insight Transform File V1.0
#Transform 0
Transform: AffineTransform_float_3_3
Parameters: 1 4.12333e-05 0.000214969 -4.13132e-05 1 0.000185991 -0.000214954 -0.000186009 1 0.0352988 -0.201753 -0.256905
FixedParameters: 0 0 0

#Transform 1
Transform: AffineTransform_float_3_3
Parameters: 0.999999 0.000472029 -0.000601872 -0.000473088 1 -0.000880075 0.00060104 0.000879924 0.999999 0.0261089 0.094956 -0.176591
FixedParameters: 0 0 0

#Transform 2
Transform: AffineTransform_float_3_3
Parameters: 0.999999 0.000700679 -0.000558479 -0.000700699 0.999999 0.000805185 0.000559998 -0.000805815 1 0.0444225 0.150875 -0.344983
FixedParameters: 0 0 0

#Transform 3
Transform: AffineTransform_float_3_3
Parameters: 1 0.000581416 3.19416e-05 -0.000581877 0.999999 0.00110898 -3.1572e-05 -0.00110902 1 0.00365722 0.148446 -0.272872
FixedParameters: 0 0 0

#Transform 4
Transform: AffineTransform_float_3_3
Parameters: 0.999999 0.000769995 0.000534202 -0.000771659 0.999999 0.00119244 -0.000533284 -0.00119256 0.999999 0.0339741 0.14278 -0.285366
FixedParameters: 0 0 0

#Transform 5
Transform: AffineTransform_float_3_3
Parameters: 0.999999 0.00149204 -0.000226098 -0.00149086 0.999999 0.000591825 0.000227471 -0.000591174 0.999999 0.0379263 0.109649 -0.451232
FixedParameters: 0 0 0

#Transform 6
Transform: AffineTransform_float_3_3
Parameters: 0.999999 0.00125725 -0.000126688 -0.0012562 0.999999 0.0005218 0.000127609 -0.0005222 1 -0.0133127 0.109764 -0.398745
FixedParameters: 0 0 0

#Transform 7
Transform: AffineTransform_float_3_3
Parameters: 1 0.0011429 -0.00036295 -0.00114279 0.999998 0.00123142 0.000363923 -0.00123058 0.999999 0.0206748 0.120705 -0.401945
FixedParameters: 0 0 0

#Transform 8
Transform: AffineTransform_float_3_3
Parameters: 1 0.000674165 -0.000151757 -0.00067384 0.999999 0.0010651 0.000153193 -0.0010649 1 -0.00127745 0.0892196 -0.409661
FixedParameters: 0 0 0

#Transform 9
Transform: AffineTransform_float_3_3
Parameters: 0.999999 0.000869461 -0.000128984 -0.000869549 0.999999 0.00117011 0.000130098 -0.00116989 1 0.00870738 0.104511 -0.413345
FixedParameters: 0 0 0

#Transform 10
Transform: AffineTransform_float_3_3
Parameters: 0.999999 0.000897963 0.000184625 -0.000898749 0.999999 0.00107384 -0.000183616 -0.00107417 1 0.0129432 0.10837 -0.43067
FixedParameters: 0 0 0

#Transform 11
Transform: AffineTransform_float_3_3
Parameters: 1 0.00102051 0.000217233 -0.00102034 1 0.000828627 -0.000216853 -0.000828375 1 0.00284496 0.12415 -0.398251
FixedParameters: 0 0 0

#Transform 12
Transform: AffineTransform_float_3_3
Parameters: 0.999999 0.000856437 4.79407e-05 -0.000856923 0.999999 0.00099596 -4.71547e-05 -0.000996042 1 0.03744 0.129078 -0.362651
FixedParameters: 0 0 0

#Transform 13
Transform: AffineTransform_float_3_3
Parameters: 0.999999 0.000995889 0.000236777 -0.000995978 0.999998 0.00130976 -0.000235479 -0.00131024 0.999999 0.0130848 0.126901 -0.353256
FixedParameters: 0 0 0

#Transform 14
Transform: AffineTransform_float_3_3
Parameters: 1 0.00060547 2.71296e-05 -0.000604603 1 0.00100398 -2.63055e-05 -0.00100402 1 0.0188828 0.124575 -0.331112
FixedParameters: 0 0 0

#Transform 15
Transform: AffineTransform_float_3_3
Parameters: 1 0.000372759 -6.35874e-05 -0.000372719 1 0.000316024 6.3823e-05 -0.000315976 1 0.0455317 0.0670641 -0.375737
FixedParameters: 0 0 0

#Transform 16
Transform: AffineTransform_float_3_3
Parameters: 1 0.000288409 0.000143024 -0.000287958 0.999998 0.00164596 -0.000142467 -0.00164604 0.999998 0.00367269 0.129092 -0.275664
FixedParameters: 0 0 0

#Transform 17
Transform: AffineTransform_float_3_3
Parameters: 1 0.000349809 2.38066e-05 -0.000349897 0.999998 0.00190299 -2.24751e-05 -0.00190301 0.999998 0.0341117 0.156353 -0.284991
FixedParameters: 0 0 0

#Transform 18
Transform: AffineTransform_float_3_3
Parameters: 1 0.000702445 0.000867096 -0.000703626 0.999997 0.00204875 -0.000866308 -0.00204925 0.999998 0.0499668 0.161907 -0.286688
FixedParameters: 0 0 0

#Transform 19
Transform: AffineTransform_float_3_3
Parameters: 0.999999 0.000411487 0.000843355 -0.000413186 0.999998 0.00186665 -0.000843517 -0.00186735 0.999998 0.0553362 0.169231 -0.292867
FixedParameters: 0 0 0

#Transform 20
Transform: AffineTransform_float_3_3
Parameters: 0.999999 0.000475393 0.00128637 -0.000477913 0.999998 0.00220539 -0.00128452 -0.00220661 0.999996 0.0695293 0.183705 -0.293363
FixedParameters: 0 0 0

#Transform 21
Transform: AffineTransform_float_3_3
Parameters: 0.999999 0.00027891 0.0012433 -0.000281822 0.999997 0.00244001 -0.00124219 -0.00243999 0.999996 0.0798084 0.171748 -0.336126
FixedParameters: 0 0 0

#Transform 22
Transform: AffineTransform_float_3_3
Parameters: 1 4.36972e-05 0.000703281 -4.51799e-05 0.999997 0.00236197 -0.000703853 -0.00236203 0.999997 0.128724 0.143974 -0.386244
FixedParameters: 0 0 0

#Transform 23
Transform: AffineTransform_float_3_3
Parameters: 0.999999 -0.000343327 0.00151906 0.000340681 0.999998 0.00203667 -0.00151978 -0.00203633 0.999997 0.0525685 0.148999 -0.198481
FixedParameters: 0 0 0

#Transform 24
Transform: AffineTransform_float_3_3
Parameters: 0.999999 -0.000229442 0.00133722 0.000225747 0.999998 0.00236266 -0.00133724 -0.00236134 0.999996 0.0754465 0.151426 -0.240293
FixedParameters: 0 0 0

#Transform 25
Transform: AffineTransform_float_3_3
Parameters: 0.999998 -0.000597063 0.0015274 0.000592145 0.999996 0.00289621 -0.00152925 -0.00289579 0.999995 0.0756205 0.157416 -0.271467
FixedParameters: 0 0 0

#Transform 26
Transform: AffineTransform_float_3_3
Parameters: 0.999998 -0.00049736 0.00160388 0.000493447 0.999996 0.0027321 -0.00160538 -0.0027319 0.999995 0.0523794 0.146233 -0.256384
FixedParameters: 0 0 0

#Transform 27
Transform: AffineTransform_float_3_3
Parameters: 0.999998 -0.000293511 0.00171889 0.000289069 0.999997 0.00258965 -0.00172012 -0.00258935 0.999995 0.110662 0.158522 -0.264115
FixedParameters: 0 0 0

#Transform 28
Transform: AffineTransform_float_3_3
Parameters: 0.999999 -0.000222285 0.00185169 0.000217301 0.999997 0.00255092 -0.00185254 -0.00255008 0.999995 0.112671 0.142035 -0.361907
FixedParameters: 0 0 0

#Transform 29
Transform: AffineTransform_float_3_3
Parameters: 0.999994 -0.000431939 0.0033074 0.000427415 0.999999 0.00135926 -0.00330829 -0.00135774 0.999994 0.199878 0.0601762 -0.696826
FixedParameters: 0 0 0

#Transform 30
Transform: AffineTransform_float_3_3
Parameters: 0.999996 -0.000367514 0.00304553 0.000359772 0.999996 0.00273644 -0.00304697 -0.00273556 0.999991 0.119617 0.11072 -0.443005
FixedParameters: 0 0 0

#Transform 31
Transform: AffineTransform_float_3_3
Parameters: 0.999996 -0.000299992 0.00277472 0.000292272 0.999995 0.00299915 -0.00277594 -0.00299885 0.999991 0.100719 0.142705 -0.354006
FixedParameters: 0 0 0

#Transform 32
Transform: AffineTransform_float_3_3
Parameters: 0.999996 -1.11304e-05 0.00262506 3.65448e-06 0.999996 0.0028742 -0.00262508 -0.0028748 0.999993 0.0828521 0.163007 -0.349468
FixedParameters: 0 0 0

#Transform 33
Transform: AffineTransform_float_3_3
Parameters: 0.999997 -0.000301717 0.00268768 0.000294014 0.999995 0.00292213 -0.00268847 -0.00292187 0.999992 0.112703 0.150211 -0.372825
FixedParameters: 0 0 0

#Transform 34
Transform: AffineTransform_float_3_3
Parameters: 0.999997 -0.000598623 0.00261716 0.00059105 0.999995 0.00305053 -0.00261893 -0.00304947 0.999992 0.0836751 0.145855 -0.357027
FixedParameters: 0 0 0

#Transform 35
Transform: AffineTransform_float_3_3
Parameters: 0.999997 -0.000465389 0.00247102 0.000459603 0.999997 0.00233896 -0.00247238 -0.00233804 0.999994 0.110254 0.13839 -0.397724
FixedParameters: 0 0 0

#Transform 36
Transform: AffineTransform_float_3_3
Parameters: 0.999996 -0.000938105 0.00242379 0.000932762 0.999997 0.00245473 -0.00242573 -0.00245228 0.999994 0.110621 0.134712 -0.367644
FixedParameters: 0 0 0

#Transform 37
Transform: AffineTransform_float_3_3
Parameters: 0.999998 -0.00157395 0.00162007 0.00156898 0.999993 0.0032265 -0.00162493 -0.0032235 0.999994 0.102062 0.140827 -0.299338
FixedParameters: 0 0 0

#Transform 38
Transform: AffineTransform_float_3_3
Parameters: 0.999997 -0.00121635 0.00215999 0.00121009 0.999995 0.00305472 -0.00216383 -0.00305228 0.999993 0.0831018 0.105375 -0.341321
FixedParameters: 0 0 0

#Transform 39
Transform: AffineTransform_float_3_3
Parameters: 0.999997 -0.00113823 0.0023941 0.00112964 0.999993 0.00351833 -0.00239798 -0.00351567 0.999991 0.120901 0.141916 -0.377899
FixedParameters: 0 0 0

#Transform 40
Transform: AffineTransform_float_3_3
Parameters: 0.999996 -0.00080641 0.00279053 0.000798345 0.999995 0.00294921 -0.00279339 -0.00294679 0.999992 0.090919 0.136687 -0.349403
FixedParameters: 0 0 0

#Transform 41
Transform: AffineTransform_float_3_3
Parameters: 0.999996 -0.00112542 0.00251241 0.0011182 0.999996 0.00300192 -0.00251597 -0.00299908 0.999992 0.128486 0.158727 -0.349772
FixedParameters: 0 0 0

#Transform 42
Transform: AffineTransform_float_3_3
Parameters: 0.999999 -0.000647139 0.000387886 0.000646042 0.999997 0.00241825 -0.000389172 -0.00241775 0.999997 0.0497553 0.14142 -0.365472
FixedParameters: 0 0 0

#Transform 43
Transform: AffineTransform_float_3_3
Parameters: 0.999999 -0.000916425 0.0012165 0.000913379 0.999996 0.00248791 -0.00121907 -0.00248709 0.999996 0.0786312 0.150509 -0.278888
FixedParameters: 0 0 0

#Transform 44
Transform: AffineTransform_float_3_3
Parameters: 0.999998 -0.00110432 0.00164419 0.00110136 0.999998 0.00181476 -0.00164621 -0.00181324 0.999997 0.118056 0.155145 -0.291152
FixedParameters: 0 0 0

#Transform 45
Transform: AffineTransform_float_3_3
Parameters: 0.999999 -0.000563141 0.00160143 0.000560399 0.999999 0.00167505 -0.00160225 -0.00167395 0.999997 0.110427 0.143355 -0.349139
FixedParameters: 0 0 0

#Transform 46
Transform: AffineTransform_float_3_3
Parameters: 0.999999 -0.000598667 0.000554231 0.000596924 0.999997 0.00227533 -0.00055511 -0.00227467 0.999998 0.0509384 0.142771 -0.404318
FixedParameters: 0 0 0

#Transform 47
Transform: AffineTransform_float_3_3
Parameters: 0.999998 -0.00134871 0.000890138 0.00134861 0.999999 0.00101084 -0.000891412 -0.00100916 0.999999 0.116441 0.153869 -0.124336
FixedParameters: 0 0 0

#Transform 48
Transform: AffineTransform_float_3_3
Parameters: 0.999999 -0.00117096 0.000907679 0.00116919 0.999999 0.0014017 -0.000909117 -0.0014003 0.999998 0.104371 0.164119 -0.17006
FixedParameters: 0 0 0

#Transform 49
Transform: AffineTransform_float_3_3
Parameters: 0.999999 -0.000841705 0.000397241 0.000841518 0.999999 0.000235334 -0.000397636 -0.000234665 1 0.261514 0.126171 -0.408771
FixedParameters: 0 0 0

#Transform 50
Transform: AffineTransform_float_3_3
Parameters: 0.999998 2.30979e-05 0.00165292 -2.63708e-05 0.999997 0.00234047 -0.00165252 -0.00234053 0.999996 0.0350427 0.157496 0.225725
FixedParameters: 0 0 0

#Transform 51
Transform: AffineTransform_float_3_3
Parameters: 0.999997 -3.46539e-05 0.00241326 2.94769e-05 0.999998 0.0021881 -0.00241351 -0.0021879 0.999995 -0.00352496 0.124698 0.139738
FixedParameters: 0 0 0

#Transform 52
Transform: AffineTransform_float_3_3
Parameters: 0.999996 -0.000268359 0.00255344 0.000268003 1 0.000326863 -0.00255308 -0.000326139 0.999997 -0.00801711 0.0571952 0.0428513
FixedParameters: 0 0 0

#Transform 53
Transform: AffineTransform_float_3_3
Parameters: 0.999997 -0.00133987 0.00230902 0.00133368 0.999995 0.00284434 -0.00231305 -0.00284166 0.999993 0.0208331 0.134259 0.0622664
FixedParameters: 0 0 0

#Transform 54
Transform: AffineTransform_float_3_3
Parameters: 0.999996 0.000305794 0.0028351 -0.0003156 0.999994 0.00339786 -0.00283375 -0.00339814 0.999991 -0.0169492 0.169665 0.0445043
FixedParameters: 0 0 0

#Transform 55
Transform: AffineTransform_float_3_3
Parameters: 0.999996 -0.00141709 0.00213328 0.0014111 0.999995 0.00281412 -0.00213727 -0.00281088 0.999994 0.0197978 0.129268 0.00503536
FixedParameters: 0 0 0

#Transform 56
Transform: AffineTransform_float_3_3
Parameters: 0.999997 -0.00165576 0.00192109 0.00165102 0.999996 0.00245792 -0.00192578 -0.00245508 0.999996 0.0595137 0.119958 0.00348618
FixedParameters: 0 0 0

#Transform 57
Transform: AffineTransform_float_3_3
Parameters: 0.999998 -0.00166162 0.00118033 0.00165737 0.999991 0.0038954 -0.00118667 -0.00389361 0.999992 0.0858693 0.162797 0.0637485
FixedParameters: 0 0 0

#Transform 58
Transform: AffineTransform_float_3_3
Parameters: 0.999998 -0.00168541 0.00118466 0.00168245 0.999994 0.00300844 -0.00119005 -0.00300657 0.999995 0.0674769 0.112351 0.0660082
FixedParameters: 0 0 0

#Transform 59
Transform: AffineTransform_float_3_3
Parameters: 0.999998 -0.00132587 0.00190334 0.00132175 0.999996 0.00256247 -0.00190708 -0.00255953 0.999995 0.0786584 0.108213 0.0927171
FixedParameters: 0 0 0

#Transform 60
Transform: AffineTransform_float_3_3
Parameters: 0.999997 -0.00203581 0.00118049 0.00203476 0.999997 0.000773477 -0.0011818 -0.000771522 0.999999 0.0793619 0.0631076 0.0138601
FixedParameters: 0 0 0

#Transform 61
Transform: AffineTransform_float_3_3
Parameters: 0.999998 -0.00162715 0.00121869 0.00162473 0.999997 0.00201142 -0.00122194 -0.00200958 0.999997 0.0513285 0.101926 0.0499445
FixedParameters: 0 0 0

#Transform 62
Transform: AffineTransform_float_3_3
Parameters: 1 -0.000910314 0.000740532 0.000909357 0.999999 0.000909466 -0.000741267 -0.000909532 0.999999 0.033551 0.0864612 -0.0158644
FixedParameters: 0 0 0

#Transform 63
Transform: AffineTransform_float_3_3
Parameters: 0.999998 -0.00127298 0.00158279 0.00127223 0.999999 0.00023896 -0.0015834 -0.000237039 0.999999 0.0590897 0.0590156 -0.0174431
FixedParameters: 0 0 0

#Transform 64
Transform: AffineTransform_float_3_3
Parameters: 0.999998 -0.00161152 0.00106447 0.00161026 0.999998 0.000961509 -0.00106572 -0.000959491 0.999999 0.0706962 0.0686932 -0.00819155
FixedParameters: 0 0 0

#Transform 65
Transform: AffineTransform_float_3_3
Parameters: 0.999998 -0.00132906 0.00102223 0.00132951 0.999999 -0.000409849 -0.00102206 0.000411152 0.999999 0.0879803 0.0681286 -0.00879333
FixedParameters: 0 0 0

#Transform 66
Transform: AffineTransform_float_3_3
Parameters: 0.999999 -0.00141987 0.000471105 0.00142095 0.999998 -0.000581691 -0.000470763 0.000582309 1 0.0675641 0.0710424 -0.00995355
FixedParameters: 0 0 0

#Transform 67
Transform: AffineTransform_float_3_3
Parameters: 0.999999 -0.00128035 0.000699606 0.00128065 0.999999 -0.000493464 -0.000699262 0.000494536 0.999999 0.0756672 0.0685227 -0.0162357
FixedParameters: 0 0 0

#Transform 68
Transform: AffineTransform_float_3_3
Parameters: 0.999999 -0.00120096 0.000366886 0.00120084 0.999999 0.00122608 -0.00036799 -0.00122592 1 0.0578894 0.097469 -0.0194157
FixedParameters: 0 0 0

#Transform 69
Transform: AffineTransform_float_3_3
Parameters: 0.999999 -0.00111605 0.00055698 0.00111661 0.999999 -0.000502738 -0.000555857 0.000503261 1 0.041068 0.0689156 -0.0161788
FixedParameters: 0 0 0

#Transform 70
Transform: AffineTransform_float_3_3
Parameters: 0.999999 -0.0012146 0.000550199 0.00121407 0.999999 0.000842308 -0.000551323 -0.00084169 0.999999 0.0623919 0.0975687 -0.0348682
FixedParameters: 0 0 0

#Transform 71
Transform: AffineTransform_float_3_3
Parameters: 1 -0.000847953 0.000559976 0.000846646 0.999998 0.00186347 -0.000561292 -0.00186252 0.999998 0.0364578 0.123064 -0.0125256
FixedParameters: 0 0 0

#Transform 72
Transform: AffineTransform_float_3_3
Parameters: 0.999999 -0.00114262 0.000458601 0.00114203 0.999999 0.00106652 -0.000460116 -0.00106547 1 0.0376886 0.100499 -0.0380705
FixedParameters: 0 0 0

#Transform 73
Transform: AffineTransform_float_3_3
Parameters: 0.999999 -0.00123043 0.000471858 0.00123013 0.999999 0.000319221 -0.000472643 -0.000318778 1 0.0692028 0.103179 -0.0549667
FixedParameters: 0 0 0

#Transform 74
Transform: AffineTransform_float_3_3
Parameters: 0.999999 -0.0013463 -0.000200985 0.00134595 0.999997 0.00176558 0.000198855 -0.00176542 0.999998 0.0562274 0.110774 -0.0463808
FixedParameters: 0 0 0

#Transform 75
Transform: AffineTransform_float_3_3
Parameters: 0.999999 -0.00156916 3.26771e-05 0.00156892 0.999998 0.00139954 -3.48371e-05 -0.00139946 0.999999 0.0659083 0.139411 -0.0511205
FixedParameters: 0 0 0

#Transform 76
Transform: AffineTransform_float_3_3
Parameters: 0.999998 -0.00155276 0.000544378 0.00155262 0.999998 -0.000238515 -0.000544556 0.000239486 1 0.0541596 0.100523 -0.0506158
FixedParameters: 0 0 0

#Transform 77
Transform: AffineTransform_float_3_3
Parameters: 0.999999 -0.00144815 0.000111442 0.00144742 0.999998 0.000913162 -0.000112774 -0.000912837 1 0.0639157 0.1161 -0.0698451
FixedParameters: 0 0 0

#Transform 78
Transform: AffineTransform_float_3_3
Parameters: 0.999999 -0.00116548 0.000619951 0.0011648 0.999999 0.000549363 -0.00062123 -0.000548636 0.999999 0.0576085 0.110409 -0.0696179
FixedParameters: 0 0 0

#Transform 79
Transform: AffineTransform_float_3_3
Parameters: 0.999999 -0.00125141 0.000565849 0.0012509 0.999999 0.000801348 -0.000566932 -0.00080065 0.999999 0.0493881 0.121998 -0.0702907
FixedParameters: 0 0 0

#Transform 80
Transform: AffineTransform_float_3_3
Parameters: 0.999999 -0.00128295 0.000493992 0.00128293 0.999999 0.000413274 -0.000494131 -0.000412726 1 0.0660586 0.122879 -0.0694789
FixedParameters: 0 0 0

#Transform 81
Transform: AffineTransform_float_3_3
Parameters: 0.999999 -0.00124132 0.000620279 0.00124127 0.999999 3.841e-05 -0.000620373 -3.75894e-05 1 0.0703763 0.1418 -0.0608691
FixedParameters: 0 0 0

#Transform 82
Transform: AffineTransform_float_3_3
Parameters: 0.999999 -0.00141787 0.000644583 0.00141732 0.999999 0.000427554 -0.000645794 -0.000426444 1 0.0702469 0.125287 -0.077892
FixedParameters: 0 0 0

#Transform 83
Transform: AffineTransform_float_3_3
Parameters: 0.999998 -0.00155101 0.000666165 0.00155036 0.999999 0.000486314 -0.000667672 -0.000485684 1 0.0638619 0.100837 -0.0665533
FixedParameters: 0 0 0

#Transform 84
Transform: AffineTransform_float_3_3
Parameters: 0.999999 -0.00186737 8.9707e-05 0.00186737 0.999999 3.71425e-05 -8.98452e-05 -3.68566e-05 1 0.0870856 0.113574 -0.076038
FixedParameters: 0 0 0

#Transform 85
Transform: AffineTransform_float_3_3
Parameters: 0.999998 -0.00165559 0.000951986 0.00165601 0.999999 -0.000218991 -0.00095126 0.000220009 1 0.0935442 0.107059 -0.0451747
FixedParameters: 0 0 0

#Transform 86
Transform: AffineTransform_float_3_3
Parameters: 0.999998 -0.00170106 0.000968497 0.00170061 0.999998 0.00110708 -0.00097081 -0.00110592 1 0.0776378 0.10897 -0.0303434
FixedParameters: 0 0 0

#Transform 87
Transform: AffineTransform_float_3_3
Parameters: 0.999998 -0.00202808 0.000985709 0.00202801 0.999998 3.89197e-05 -0.000985863 -3.70793e-05 0.999999 0.0994685 0.0856636 -0.0317874
FixedParameters: 0 0 0

#Transform 88
Transform: AffineTransform_float_3_3
Parameters: 0.999998 -0.00167056 0.00095781 0.00167049 0.999999 3.88804e-05 -0.000957937 -3.71188e-05 0.999999 0.0838401 0.132178 -0.0569591
FixedParameters: 0 0 0

#Transform 89
Transform: AffineTransform_float_3_3
Parameters: 0.999998 -0.00193333 0.000714941 0.00193311 0.999998 0.000148663 -0.000715513 -0.000147336 1 0.0855011 0.117591 -0.0598449
FixedParameters: 0 0 0

#Transform 90
Transform: AffineTransform_float_3_3
Parameters: 0.999998 -0.0018645 0.000964298 0.00186408 0.999998 0.000421231 -0.000964945 -0.000419768 1 0.112352 0.123884 -0.0705201
FixedParameters: 0 0 0

#Transform 91
Transform: AffineTransform_float_3_3
Parameters: 0.999998 -0.00188941 0.000800514 0.00188912 0.999998 0.000183793 -0.000801206 -0.000182205 1 0.0886913 0.146536 -0.0741764
FixedParameters: 0 0 0

#Transform 92
Transform: AffineTransform_float_3_3
Parameters: 0.999997 -0.00233308 0.000927401 0.00233239 0.999997 0.000371932 -0.00092913 -0.000369065 0.999999 0.0875482 0.0947212 -0.0521592
FixedParameters: 0 0 0

#Transform 93
Transform: AffineTransform_float_3_3
Parameters: 0.999999 -0.00162653 0.000718656 0.00162569 0.999998 0.00113181 -0.000720493 -0.00113019 0.999999 0.0859304 0.165013 -0.0601411
FixedParameters: 0 0 0

#Transform 94
Transform: AffineTransform_float_3_3
Parameters: 0.999997 -0.00195106 0.00105007 0.00194962 0.999997 0.00124533 -0.00105216 -0.00124267 0.999999 0.0634405 0.151764 -0.0562386
FixedParameters: 0 0 0

#Transform 95
Transform: AffineTransform_float_3_3
Parameters: 0.999999 -0.00143739 0.000493573 0.0014372 0.999999 0.00019635 -0.000494136 -0.000195649 1 0.0692164 0.138179 -0.0724206
FixedParameters: 0 0 0

#Transform 96
Transform: AffineTransform_float_3_3
Parameters: 0.999998 -0.00189535 0.00047301 0.00189405 0.999996 0.00164118 -0.000476076 -0.00164082 0.999998 0.0642808 0.158816 -0.0625065
FixedParameters: 0 0 0

#Transform 97
Transform: AffineTransform_float_3_3
Parameters: 0.999999 -0.00166366 0.00077724 0.00166224 0.999998 0.00141158 -0.000780092 -0.00141042 0.999999 0.0654199 0.138742 -0.0580163
FixedParameters: 0 0 0

#Transform 98
Transform: AffineTransform_float_3_3
Parameters: 0.999999 -0.00129886 0.000566641 0.00129852 0.999999 0.000641376 -0.000567386 -0.000640623 0.999999 0.0590576 0.120431 -0.0765129
FixedParameters: 0 0 0

#Transform 99
Transform: AffineTransform_float_3_3
Parameters: 0.999998 -0.00142176 0.000737989 0.00142104 0.999999 0.00075433 -0.000739212 -0.000753669 0.999999 0.0644901 0.110837 -0.0770371
FixedParameters: 0 0 0

#Transform 100
Transform: AffineTransform_float_3_3
Parameters: 0.999998 -0.00157118 0.000692891 0.00157068 0.999999 0.00064137 -0.000693985 -0.00064063 0.999999 0.048546 0.116488 -0.0788031
FixedParameters: 0 0 0

#Transform 101
Transform: AffineTransform_float_3_3
Parameters: 0.999998 -0.00189157 0.000821044 0.00189183 0.999998 0.000641835 -0.00082294 -0.000640163 0.999999 0.0748397 0.1101 -0.0634565
FixedParameters: 0 0 0

#Transform 102
Transform: AffineTransform_float_3_3
Parameters: 0.999998 -0.00197597 0.000619403 0.00197581 0.999998 0.000442505 -0.000620229 -0.000441494 1 0.0927327 0.112642 -0.0615147
FixedParameters: 0 0 0

#Transform 103
Transform: AffineTransform_float_3_3
Parameters: 0.999999 -0.00163439 0.000735964 0.00163383 0.999999 0.000641484 -0.000737138 -0.000640515 0.999999 0.0740442 0.112774 -0.0712523
FixedParameters: 0 0 0

#Transform 104
Transform: AffineTransform_float_3_3
Parameters: 0.999998 -0.00180334 0.00082167 0.00180267 0.999998 0.000641763 -0.000823061 -0.000640236 0.999999 0.079449 0.108562 -0.068929
FixedParameters: 0 0 0

#Transform 105
Transform: AffineTransform_float_3_3
Parameters: 0.999997 -0.00201304 0.000885543 0.00201268 0.999998 0.000641705 -0.000886283 -0.000640296 0.999999 0.0856917 0.10726 -0.0634775
FixedParameters: 0 0 0

#Transform 106
Transform: AffineTransform_float_3_3
Parameters: 0.999998 -0.00202673 0.00103781 0.00202566 0.999998 0.000703025 -0.00103974 -0.000700973 0.999999 0.0709679 0.111718 -0.0783091
FixedParameters: 0 0 0

#Transform 107
Transform: AffineTransform_float_3_3
Parameters: 0.999997 -0.00218907 0.000841752 0.00218877 0.999997 0.000641765 -0.000842717 -0.000640235 0.999999 0.066415 0.123025 -0.0730596
FixedParameters: 0 0 0

#Transform 108
Transform: AffineTransform_float_3_3
Parameters: 0.999998 -0.00217671 0.000776144 0.00217639 0.999998 0.000462611 -0.000777235 -0.000461388 1 0.0798361 0.133696 -0.0707504
FixedParameters: 0 0 0

#Transform 109
Transform: AffineTransform_float_3_3
Parameters: 0.999997 -0.00223096 0.00112743 0.00223002 0.999997 0.000764437 -0.00112899 -0.000761562 0.999999 0.0793415 0.121098 -0.0812816
FixedParameters: 0 0 0

#Transform 110
Transform: AffineTransform_float_3_3
Parameters: 0.999997 -0.00228476 0.000910703 0.00228409 0.999997 0.000578002 -0.000912419 -0.000575995 0.999999 0.0908422 0.136778 -0.0886561
FixedParameters: 0 0 0

#Transform 111
Transform: AffineTransform_float_3_3
Parameters: 0.999998 -0.00219538 0.000778173 0.00219477 0.999998 0.000641477 -0.000780065 -0.00063952 0.999999 0.0819214 0.123912 -0.0701573
FixedParameters: 0 0 0

#Transform 112
Transform: AffineTransform_float_3_3
Parameters: 0.999997 -0.00255405 0.000933802 0.00255359 0.999996 0.000876796 -0.000935512 -0.000874204 0.999999 0.103921 0.112598 -0.0576795
FixedParameters: 0 0 0

#Transform 113
Transform: AffineTransform_float_3_3
Parameters: 0.999997 -0.00231463 0.000663657 0.00231435 0.999998 0.000209304 -0.000664622 -0.000207693 1 0.0848915 0.111027 -0.0626113
FixedParameters: 0 0 0

#Transform 114
Transform: AffineTransform_float_3_3
Parameters: 0.999998 -0.00219936 0.00056153 0.00219913 0.999998 0.000209003 -0.000562448 -0.000207995 1 0.0752239 0.11933 -0.0665997
FixedParameters: 0 0 0

#Transform 115
Transform: AffineTransform_float_3_3
Parameters: 0.999996 -0.00261494 0.000951824 0.00261454 0.999997 0.00021005 -0.000952916 -0.000207947 1 0.0791695 0.111543 -0.0557777
FixedParameters: 0 0 0

#Transform 116
Transform: AffineTransform_float_3_3
Parameters: 0.999996 -0.00248061 0.0012072 0.00247962 0.999997 0.000735557 -0.001209 -0.000732442 0.999999 0.106798 0.124583 -0.0779436
FixedParameters: 0 0 0

#Transform 117
Transform: AffineTransform_float_3_3
Parameters: 0.999996 -0.00245537 0.000884939 0.00245391 0.999996 0.000308093 -0.000886056 -0.000305904 1 0.0882471 0.126943 -0.0732132
FixedParameters: 0 0 0

#Transform 118
Transform: AffineTransform_float_3_3
Parameters: 0.999996 -0.002355 0.00105248 0.00235467 0.999997 0.0005294 -0.00105312 -0.0005266 0.999999 0.0867924 0.128096 -0.0589471
FixedParameters: 0 0 0

#Transform 119
Transform: AffineTransform_float_3_3
Parameters: 0.999997 -0.00229971 0.000747486 0.00229979 0.999998 0.000209488 -0.000747524 -0.000207513 0.999999 0.0878904 0.138379 -0.0688412
FixedParameters: 0 0 0

#Transform 120
Transform: AffineTransform_float_3_3
Parameters: 0.999997 -0.00218988 0.00104997 0.00218928 0.999998 0.000474221 -0.00105113 -0.000471778 0.999999 0.0953709 0.145623 -0.0710767
FixedParameters: 0 0 0

#Transform 121
Transform: AffineTransform_float_3_3
Parameters: 0.999996 -0.00260167 0.00118797 0.00260121 0.999996 0.000357652 -0.00118891 -0.000354346 0.999999 0.0993895 0.127593 -0.0727336
FixedParameters: 0 0 0

#Transform 122
Transform: AffineTransform_float_3_3
Parameters: 0.999997 -0.0025408 0.000947328 0.00254027 0.999997 0.000277968 -0.000948735 -0.000276029 1 0.089536 0.120603 -0.063666
FixedParameters: 0 0 0

#Transform 123
Transform: AffineTransform_float_3_3
Parameters: 0.999995 -0.00261844 0.00128934 0.00261863 0.999996 0.000435091 -0.00129108 -0.000431906 0.999999 0.10239 0.131512 -0.0731292
FixedParameters: 0 0 0

#Transform 124
Transform: AffineTransform_float_3_3
Parameters: 0.999995 -0.00292713 0.00109929 0.00292694 0.999996 0.00026442 -0.00109991 -0.000261579 0.999999 0.0840412 0.131906 -0.0760421
FixedParameters: 0 0 0

#Transform 125
Transform: AffineTransform_float_3_3
Parameters: 0.999995 -0.0028125 0.000879836 0.00281185 0.999996 0.00103789 -0.000882904 -0.00103511 0.999999 0.0913763 0.137184 -0.0769971
FixedParameters: 0 0 0

#Transform 126
Transform: AffineTransform_float_3_3
Parameters: 0.999996 -0.00275746 0.000859122 0.00275749 0.999996 0.000209778 -0.000859351 -0.000207222 0.999999 0.087118 0.124157 -0.0627454
FixedParameters: 0 0 0

#Transform 127
Transform: AffineTransform_float_3_3
Parameters: 0.999997 -0.00236118 0.0006891 0.00235976 0.999996 0.000929396 -0.000691251 -0.000927601 0.999999 0.096518 0.154299 -0.0569119
FixedParameters: 0 0 0

#Transform 128
Transform: AffineTransform_float_3_3
Parameters: 0.999996 -0.00257443 0.00104218 0.002574 0.999997 0.000210244 -0.00104326 -0.000207753 0.999999 0.0842699 0.121746 -0.0576946
FixedParameters: 0 0 0

#Transform 129
Transform: AffineTransform_float_3_3
Parameters: 0.999996 -0.00250031 0.000837665 0.0024999 0.999997 0.000714505 -0.000839392 -0.000712495 0.999999 0.080807 0.110818 -0.0484649
FixedParameters: 0 0 0

#Transform 130
Transform: AffineTransform_float_3_3
Parameters: 0.999996 -0.00255896 0.00102741 0.00255851 0.999997 0.000412191 -0.00102859 -0.000409808 0.999999 0.10611 0.117967 -0.0655219
FixedParameters: 0 0 0

#Transform 131
Transform: AffineTransform_float_3_3
Parameters: 0.999997 -0.0024988 0.00101039 0.0024975 0.999996 0.00122045 -0.00101372 -0.00121755 0.999999 0.0833872 0.122185 -0.0589277
FixedParameters: 0 0 0

#Transform 132
Transform: AffineTransform_float_3_3
Parameters: 0.999995 -0.00277483 0.00102043 0.00277459 0.999996 0.000307241 -0.0010212 -0.000303758 0.999999 0.0831373 0.103795 -0.0592693
FixedParameters: 0 0 0

#Transform 133
Transform: AffineTransform_float_3_3
Parameters: 0.999996 -0.00292361 0.000823495 0.00292344 0.999996 0.000105456 -0.000824106 -0.000103542 1 0.0886429 0.113819 -0.0620086
FixedParameters: 0 0 0

#Transform 134
Transform: AffineTransform_float_3_3
Parameters: 0.999996 -0.00262442 0.000978048 0.00262401 0.999996 0.000411129 -0.00097928 -0.00040887 0.999999 0.0934423 0.112114 -0.068049
FixedParameters: 0 0 0

#Transform 135
Transform: AffineTransform_float_3_3
Parameters: 0.999995 -0.0029011 0.00106337 0.002901 0.999996 0.000231134 -0.00106378 -0.000227865 0.999999 0.102846 0.115525 -0.064376
FixedParameters: 0 0 0

#Transform 136
Transform: AffineTransform_float_3_3
Parameters: 0.999996 -0.00267758 0.000950093 0.00267754 0.999997 0.000230953 -0.000950401 -0.000228047 0.999999 0.0752251 0.12406 -0.0652659
FixedParameters: 0 0 0

#Transform 137
Transform: AffineTransform_float_3_3
Parameters: 0.999996 -0.00268606 0.000791052 0.00268531 0.999996 0.00120854 -0.000794776 -0.00120646 0.999999 0.0712319 0.135189 -0.0477911
FixedParameters: 0 0 0

#Transform 138
Transform: AffineTransform_float_3_3
Parameters: 0.999997 -0.00248813 0.000930304 0.00248569 0.999996 0.00144888 -0.000934354 -0.00144712 0.999999 0.113404 0.151176 -0.142332
FixedParameters: 0 0 0

#Transform 139
Transform: AffineTransform_float_3_3
Parameters: 0.999994 -0.00320126 0.00122371 0.0031994 0.999995 0.000702608 -0.00122596 -0.000698389 0.999999 0.100889 0.140155 -0.100684
FixedParameters: 0 0 0

#Transform 140
Transform: AffineTransform_float_3_3
Parameters: 0.999995 -0.00317759 0.00117721 0.00317639 0.999995 0.000284582 -0.0011777 -0.000281417 0.999999 0.100492 0.146455 -0.0835118
FixedParameters: 0 0 0

#Transform 141
Transform: AffineTransform_float_3_3
Parameters: 0.999992 -0.00356211 0.00146134 0.00355886 0.999992 0.00173218 -0.00146682 -0.00172682 0.999997 0.127334 0.14146 -0.125722
FixedParameters: 0 0 0

#Transform 142
Transform: AffineTransform_float_3_3
Parameters: 0.999992 -0.00393316 0.00117053 0.00393019 0.999989 0.00253608 -0.00118086 -0.00253192 0.999996 0.184804 0.138763 -0.0921108
FixedParameters: 0 0 0

#Transform 143
Transform: AffineTransform_float_3_3
Parameters: 0.999994 -0.0033429 0.00102957 0.0033407 0.999993 0.00156914 -0.00103505 -0.00156586 0.999998 0.122064 0.129731 -0.082707
FixedParameters: 0 0 0

#Transform 144
Transform: AffineTransform_float_3_3
Parameters: 0.999993 -0.00308252 0.00173721 0.00308192 0.999995 0.000664352 -0.00173984 -0.000658645 0.999998 0.129361 0.12704 -0.0663493
FixedParameters: 0 0 0

#Transform 145
Transform: AffineTransform_float_3_3
Parameters: 0.999994 -0.00326711 0.00132978 0.00326637 0.999994 0.000426187 -0.00133163 -0.000421809 0.999999 0.130747 0.13145 -0.0743289
FixedParameters: 0 0 0

#Transform 146
Transform: AffineTransform_float_3_3
Parameters: 0.999993 -0.00324674 0.00188799 0.00324571 0.999994 0.00072692 -0.00189124 -0.000721076 0.999998 0.136278 0.115 -0.0626434
FixedParameters: 0 0 0

#Transform 147
Transform: AffineTransform_float_3_3
Parameters: 0.999993 -0.00361599 0.00141106 0.00361465 0.999993 0.00103159 -0.00141482 -0.00102641 0.999999 0.109832 0.106131 -0.0364455
FixedParameters: 0 0 0

#Transform 148
Transform: AffineTransform_float_3_3
Parameters: 0.999992 -0.00355789 0.00137884 0.00355593 0.999992 0.00156239 -0.00138442 -0.0015576 0.999998 0.138192 0.122996 -0.168842
FixedParameters: 0 0 0

#Transform 149
Transform: AffineTransform_float_3_3
Parameters: 0.999992 -0.00362618 0.00163332 0.00362413 0.999993 0.00110505 -0.00163763 -0.00109895 0.999998 0.142643 0.139268 -0.151105
FixedParameters: 0 0 0

#Transform 150
Transform: AffineTransform_float_3_3
Parameters: 0.999991 -0.00394422 0.00151309 0.00394301 0.999992 0.000789582 -0.00151653 -0.000783414 0.999998 0.133349 0.132948 -0.100513
FixedParameters: 0 0 0

#Transform 151
Transform: AffineTransform_float_3_3
Parameters: 0.999991 -0.00402399 0.000791786 0.0040238 0.999991 0.000614215 -0.000794874 -0.000610782 1 0.136457 0.129444 -0.108661
FixedParameters: 0 0 0

#Transform 152
Transform: AffineTransform_float_3_3
Parameters: 0.999994 -0.00328456 0.000917307 0.00328441 0.999995 0.000295551 -0.000918317 -0.000292448 0.999999 0.0498448 0.122979 -0.0765139
FixedParameters: 0 0 0

#Transform 153
Transform: AffineTransform_float_3_3
Parameters: 0.999994 -0.0033093 0.000170968 0.00330886 0.999994 0.000857673 -0.000174412 -0.000857323 1 0.09582 0.133434 -0.0697494
FixedParameters: 0 0 0

#Transform 154
Transform: AffineTransform_float_3_3
Parameters: 0.999994 -0.00350857 -5.15769e-05 0.00350801 0.999993 0.00105478 4.77174e-05 -0.00105522 1 0.0611102 0.114204 -0.0728236
FixedParameters: 0 0 0

#Transform 155
Transform: AffineTransform_float_3_3
Parameters: 0.999992 -0.00383333 -0.00029383 0.00383378 0.999992 0.00125102 0.000288698 -0.00125198 0.999999 0.0762686 0.132206 -0.122517
FixedParameters: 0 0 0

#Transform 156
Transform: AffineTransform_float_3_3
Parameters: 0.999993 -0.00372996 6.10378e-05 0.00372952 0.999992 0.00122183 -6.56898e-05 -0.00122217 1 0.0944068 0.149149 -0.133493
FixedParameters: 0 0 0

#Transform 157
Transform: AffineTransform_float_3_3
Parameters: 0.999995 -0.0032338 0.000782472 0.0032338 0.999995 0.000999432 -0.000785244 -0.00099657 0.999999 0.0801605 0.126145 -0.124333
FixedParameters: 0 0 0

#Transform 158
Transform: AffineTransform_float_3_3
Parameters: 0.999993 -0.00350273 0.00049347 0.00350239 0.999993 0.000991477 -0.000496336 -0.000989523 0.999999 0.0843994 0.146209 -0.132966
FixedParameters: 0 0 0

#Transform 159
Transform: AffineTransform_float_3_3
Parameters: 0.999993 -0.00374946 0.000183933 0.00375 0.999992 0.00134014 -0.000188985 -0.00133886 0.999999 0.101145 0.145895 -0.108051
FixedParameters: 0 0 0

#Transform 160
Transform: AffineTransform_float_3_3
Parameters: 0.999994 -0.00338583 0.000512555 0.00338518 0.999993 0.00124848 -0.000516929 -0.00124651 0.999999 0.0915059 0.139504 -0.115173
FixedParameters: 0 0 0

#Transform 161
Transform: AffineTransform_float_3_3
Parameters: 0.999995 -0.0030151 0.000848206 0.00301477 0.999995 0.000424608 -0.000849839 -0.00042239 1 0.0742073 0.128623 -0.079011
FixedParameters: 0 0 0

#Transform 162
Transform: AffineTransform_float_3_3
Parameters: 0.999994 -0.0033552 0.000932326 0.00335503 0.999994 0.000514667 -0.000933927 -0.000511332 0.999999 0.0913956 0.117329 -0.078369
FixedParameters: 0 0 0

#Transform 163
Transform: AffineTransform_float_3_3
Parameters: 0.999995 -0.00325629 0.000755676 0.00325628 0.999995 0.000527 -0.000757261 -0.000525 0.999999 0.113462 0.122782 -0.0732829
FixedParameters: 0 0 0

#Transform 164
Transform: AffineTransform_float_3_3
Parameters: 0.999994 -0.00328615 0.00117975 0.00328555 0.999994 0.000587568 -0.00118175 -0.00058343 0.999999 0.094588 0.124655 -0.0872404
FixedParameters: 0 0 0

#Transform 165
Transform: AffineTransform_float_3_3
Parameters: 0.999996 -0.00303419 0.000372423 0.00303361 0.999995 0.000591235 -0.000373774 -0.000589764 0.999999 0.132523 0.18322 -0.134368
FixedParameters: 0 0 0

#Transform 166
Transform: AffineTransform_float_3_3
Parameters: 0.999995 -0.00311067 0.000415528 0.0031108 0.999996 0.000311037 -0.000416539 -0.000309962 0.999999 0.0918018 0.112114 -0.0509879
FixedParameters: 0 0 0

#Transform 167
Transform: AffineTransform_float_3_3
Parameters: 0.999993 -0.00351719 0.000764908 0.00351492 0.999991 0.00231224 -0.000773013 -0.00230976 0.999997 0.0452411 0.167163 -0.010489
FixedParameters: 0 0 0

#Transform 168
Transform: AffineTransform_float_3_3
Parameters: 0.999993 -0.00339156 0.00115183 0.00339161 0.999994 -2.04049e-05 -0.00115168 2.45962e-05 0.999999 0.0958652 0.106401 -0.050781
FixedParameters: 0 0 0

#Transform 169
Transform: AffineTransform_float_3_3
Parameters: 0.999993 -0.00365674 0.000686522 0.00365504 0.999991 0.00216191 -0.000694174 -0.00215909 0.999998 0.049336 0.126876 -0.0449327
FixedParameters: 0 0 0

#Transform 170
Transform: AffineTransform_float_3_3
Parameters: 0.999993 -0.00359002 0.000907916 0.00358868 0.999993 0.0010928 -0.000911675 -0.0010892 0.999999 0.0922132 0.123641 -0.0825866
FixedParameters: 0 0 0

#Transform 171
Transform: AffineTransform_float_3_3
Parameters: 0.999993 -0.00348211 0.00130923 0.00348087 0.999993 0.000921892 -0.00131287 -0.000917104 0.999998 0.0639721 0.123613 -0.0924333
FixedParameters: 0 0 0

#Transform 172
Transform: AffineTransform_float_3_3
Parameters: 0.999993 -0.0036259 0.000602057 0.003625 0.999992 0.00127657 -0.000607232 -0.00127442 0.999999 0.0969208 0.139765 -0.0694449
FixedParameters: 0 0 0

#Transform 173
Transform: AffineTransform_float_3_3
Parameters: 0.999994 -0.00327869 0.000249093 0.00327779 0.999991 0.00250193 -0.000256957 -0.00250107 0.999997 0.0774141 0.140751 -0.0698592
FixedParameters: 0 0 0

#Transform 174
Transform: AffineTransform_float_3_3
Parameters: 0.999994 -0.00333235 0.000745624 0.00333117 0.999993 0.00199603 -0.000752084 -0.00199397 0.999998 0.0552272 0.131431 -0.0744928
FixedParameters: 0 0 0

#Transform 175
Transform: AffineTransform_float_3_3
Parameters: 0.999994 -0.00336529 0.000760589 0.00336411 0.999993 0.00170946 -0.000766169 -0.00170653 0.999999 0.0927052 0.15038 -0.0961307
FixedParameters: 0 0 0

#Transform 176
Transform: AffineTransform_float_3_3
Parameters: 0.999994 -0.00359957 0.000495394 0.00359834 0.999991 0.00212554 -0.000503461 -0.00212346 0.999998 0.0616609 0.143374 -0.0772142
FixedParameters: 0 0 0

#Transform 177
Transform: AffineTransform_float_3_3
Parameters: 0.999993 -0.00357958 0.00091756 0.00357923 0.999993 0.000832466 -0.000920748 -0.000829532 0.999999 0.09508 0.134237 -0.0710008
FixedParameters: 0 0 0

#Transform 178
Transform: AffineTransform_float_3_3
Parameters: 0.999995 -0.00328948 0.00077299 0.00328822 0.999993 0.00173145 -0.000778455 -0.00172855 0.999998 0.0879901 0.135134 -0.0802352
FixedParameters: 0 0 0

#Transform 179
Transform: AffineTransform_float_3_3
Parameters: 0.999993 -0.00345843 0.000919848 0.00345851 0.999994 0.000168718 -0.000920083 -0.000165282 0.999999 0.0774269 0.12149 -0.0696566
FixedParameters: 0 0 0
