#Insight Transform File V1.0
#Transform 0
Transform: AffineTransform_float_3_3
Parameters: 0.999999 -0.000308298 0.000714345 0.000307623 1 -0.00017178 -0.000713849 0.00017222 0.999999 0.0913174 -0.2168 -0.290416
FixedParameters: 0 0 0

#Transform 1
Transform: AffineTransform_float_3_3
Parameters: 0.999999 0.00126645 -0.000853443 -0.00126542 0.999999 0.000829721 0.000854622 -0.000828278 0.999999 -0.0724074 0.0895022 -0.0600493
FixedParameters: 0 0 0

#Transform 2
Transform: AffineTransform_float_3_3
Parameters: 0.999999 0.0010547 -0.000935419 -0.00105454 0.999999 0.00078278 0.00093654 -0.00078222 0.999999 -0.0475111 0.102742 -0.101617
FixedParameters: 0 0 0

#Transform 3
Transform: AffineTransform_float_3_3
Parameters: 0.999997 0.0017877 -0.00180495 -0.00178626 0.999998 0.000871966 0.00180661 -0.000869035 0.999998 -0.136585 0.131887 -0.11983
FixedParameters: 0 0 0

#Transform 4
Transform: AffineTransform_float_3_3
Parameters: 0.999997 0.00204957 -0.00177132 -0.00204755 0.999997 0.00090501 0.00177226 -0.000901993 0.999999 -0.154934 0.104221 -0.0877418
FixedParameters: 0 0 0

#Transform 5
Transform: AffineTransform_float_3_3
Parameters: 0.999997 0.00189747 -0.0016689 -0.00189615 0.999998 0.000907754 0.00167088 -0.000904247 0.999998 -0.11659 0.10197 -0.0764868
FixedParameters: 0 0 0

#Transform 6
Transform: AffineTransform_float_3_3
Parameters: 0.999998 0.0018863 -0.00132332 -0.00188575 0.999998 0.000852571 0.00132508 -0.000850429 0.999998 -0.0955743 0.0910125 -0.0823352
FixedParameters: 0 0 0

#Transform 7
Transform: AffineTransform_float_3_3
Parameters: 0.999997 0.00219558 -0.00114958 -0.00219386 0.999998 0.00108945 0.00115252 -0.00108655 0.999999 -0.101386 0.0912888 -0.0769632
FixedParameters: 0 0 0

#Transform 8
Transform: AffineTransform_float_3_3
Parameters: 0.999996 0.00213611 -0.0013927 -0.00213434 0.999998 0.00106005 0.00139446 -0.00105695 0.999999 -0.110005 0.0686652 -0.0620944
FixedParameters: 0 0 0

#Transform 9
Transform: AffineTransform_float_3_3
Parameters: 0.999996 0.0021487 -0.00143484 -0.00214764 0.999997 0.00109816 0.00143718 -0.00109484 0.999999 -0.0887387 0.0897293 -0.0580754
FixedParameters: 0 0 0

#Transform 10
Transform: AffineTransform_float_3_3
Parameters: 0.999996 0.0025348 -0.00132044 -0.00253323 0.999997 0.00103906 0.00132294 -0.00103594 0.999999 -0.086472 0.0784285 -0.0565201
FixedParameters: 0 0 0

#Transform 11
Transform: AffineTransform_float_3_3
Parameters: 0.999996 0.00244484 -0.00156926 -0.00244227 0.999996 0.00131655 0.001572 -0.00131245 0.999998 -0.115188 0.0771217 -0.062875
FixedParameters: 0 0 0

#Transform 12
Transform: AffineTransform_float_3_3
Parameters: 0.999992 0.0028475 -0.00280906 -0.00284262 0.999994 0.00184876 0.00281428 -0.00184124 0.999995 -0.175932 0.094973 -0.107866
FixedParameters: 0 0 0

#Transform 13
Transform: AffineTransform_float_3_3
Parameters: 0.999994 0.002971 -0.00182774 -0.00296784 0.999994 0.00186358 0.00183274 -0.00185842 0.999997 -0.113097 0.107303 -0.0805339
FixedParameters: 0 0 0

#Transform 14
Transform: AffineTransform_float_3_3
Parameters: 0.999994 0.0031761 -0.00168111 -0.00317416 0.999994 0.00154798 0.00168579 -0.00154302 0.999997 -0.101577 0.0975673 -0.0426814
FixedParameters: 0 0 0

#Transform 15
Transform: AffineTransform_float_3_3
Parameters: 0.999993 0.00345512 -0.00103034 -0.00345276 0.999991 0.00240026 0.00103823 -0.00239674 0.999997 -0.126441 0.105393 -0.0104887
FixedParameters: 0 0 0

#Transform 16
Transform: AffineTransform_float_3_3
Parameters: 0.999993 0.00343528 -0.000953489 -0.00343308 0.999991 0.00271183 0.000962507 -0.00270818 0.999996 -0.106739 0.115436 0.0095901
FixedParameters: 0 0 0

#Transform 17
Transform: AffineTransform_float_3_3
Parameters: 0.999994 0.00342697 -0.00117406 -0.00342363 0.99999 0.00285037 0.00118306 -0.00284664 0.999995 -0.0873058 0.131422 0.0156905
FixedParameters: 0 0 0

#Transform 18
Transform: AffineTransform_float_3_3
Parameters: 0.999994 0.00320052 -0.00133042 -0.00319605 0.999989 0.00343212 0.00134131 -0.00342789 0.999993 -0.0743118 0.123125 0.0274701
FixedParameters: 0 0 0

#Transform 19
Transform: AffineTransform_float_3_3
Parameters: 0.999994 0.00336355 -0.000638986 -0.00336122 0.99999 0.00300506 0.00064789 -0.00300294 0.999996 -0.07016 0.122584 0.0537631
FixedParameters: 0 0 0

#Transform 20
Transform: AffineTransform_float_3_3
Parameters: 0.999994 0.00324874 -0.0005341 -0.0032467 0.999988 0.00366965 0.000545713 -0.00366835 0.999993 -0.0547548 0.137897 0.0889612
FixedParameters: 0 0 0

#Transform 21
Transform: AffineTransform_float_3_3
Parameters: 0.999994 0.00343288 1.25486e-05 -0.00343248 0.999985 0.00439694 3.32769e-06 -0.00439707 0.999991 -0.0238589 0.161732 0.129433
FixedParameters: 0 0 0

#Transform 22
Transform: AffineTransform_float_3_3
Parameters: 0.999993 0.00373434 -2.01609e-05 -0.00373368 0.999986 0.00393454 3.5233e-05 -0.00393446 0.999992 -0.0338325 0.147222 0.105932
FixedParameters: 0 0 0

#Transform 23
Transform: AffineTransform_float_3_3
Parameters: 0.999994 0.00345616 -0.000480941 -0.00345398 0.999986 0.00407143 0.000494619 -0.00406957 0.999992 0.0033955 0.145137 0.107161
FixedParameters: 0 0 0

#Transform 24
Transform: AffineTransform_float_3_3
Parameters: 0.999993 0.00371921 -1.48892e-05 -0.0037199 0.999986 0.00393452 2.93178e-05 -0.00393448 0.999992 -0.016667 0.140024 0.108888
FixedParameters: 0 0 0

#Transform 25
Transform: AffineTransform_float_3_3
Parameters: 0.999993 0.00375212 -0.00032051 -0.00375093 0.999988 0.0033633 0.00033313 -0.00336169 0.999994 -0.063977 0.152752 0.0551478
FixedParameters: 0 0 0

#Transform 26
Transform: AffineTransform_float_3_3
Parameters: 0.999993 0.00346193 -0.000789375 -0.0034581 0.999984 0.0045953 0.000805265 -0.00459271 0.999989 -0.0219422 0.171291 0.0720671
FixedParameters: 0 0 0

#Transform 27
Transform: AffineTransform_float_3_3
Parameters: 0.99999 0.0044302 -0.000534217 -0.00442748 0.999981 0.00426061 0.000552108 -0.00425739 0.999991 -0.0621352 0.174954 0.0465347
FixedParameters: 0 0 0

#Transform 28
Transform: AffineTransform_float_3_3
Parameters: 0.999985 0.00544251 -0.000878654 -0.00543917 0.999978 0.00369109 0.000898427 -0.00368591 0.999993 -0.136785 0.169498 0.0302383
FixedParameters: 0 0 0

#Transform 29
Transform: AffineTransform_float_3_3
Parameters: 0.999988 0.00489752 -0.00114518 -0.0048921 0.999974 0.0051411 0.00116998 -0.0051349 0.999987 -0.134271 0.239603 0.0725293
FixedParameters: 0 0 0

#Transform 30
Transform: AffineTransform_float_3_3
Parameters: 0.999987 0.00486133 -0.00104866 -0.00485566 0.999977 0.00474459 0.00107162 -0.00473942 0.999989 -0.0945937 0.240025 0.0526253
FixedParameters: 0 0 0

#Transform 31
Transform: AffineTransform_float_3_3
Parameters: 0.999988 0.0049943 -0.000396928 -0.00499288 0.999976 0.00484838 0.000421434 -0.00484662 0.999988 -0.0732593 0.249998 0.0522539
FixedParameters: 0 0 0

#Transform 32
Transform: AffineTransform_float_3_3
Parameters: 0.999988 0.00476335 9.10566e-05 -0.00476361 0.999978 0.00459552 -6.91969e-05 -0.00459648 0.999989 -0.0726368 0.253647 0.0462459
FixedParameters: 0 0 0

#Transform 33
Transform: AffineTransform_float_3_3
Parameters: 0.999988 0.00502517 7.67529e-05 -0.00502569 0.999977 0.00459542 -5.34109e-05 -0.00459558 0.99999 -0.0445945 0.254145 0.0364159
FixedParameters: 0 0 0

#Transform 34
Transform: AffineTransform_float_3_3
Parameters: 0.999988 0.00499261 0.000475991 -0.00499469 0.999977 0.00473649 -0.000451384 -0.00473851 0.999988 -0.0332672 0.241719 0.0411297
FixedParameters: 0 0 0

#Transform 35
Transform: AffineTransform_float_3_3
Parameters: 0.999988 0.00489767 0.000515086 -0.0048996 0.999977 0.00459349 -0.000491855 -0.00459651 0.999989 -0.0155694 0.241777 0.0451269
FixedParameters: 0 0 0

#Transform 36
Transform: AffineTransform_float_3_3
Parameters: 0.999989 0.00465627 0.000492407 -0.00465847 0.999979 0.00454023 -0.000470581 -0.00454278 0.99999 0.00328868 0.249638 0.0662318
FixedParameters: 0 0 0

#Transform 37
Transform: AffineTransform_float_3_3
Parameters: 0.999989 0.00470138 0.000373886 -0.00470348 0.999977 0.00480976 -0.000350961 -0.00481124 0.999988 -0.012398 0.264209 0.0404185
FixedParameters: 0 0 0

#Transform 38
Transform: AffineTransform_float_3_3
Parameters: 0.999987 0.0050983 0.000450117 -0.00510018 0.999974 0.00495157 -0.000424548 -0.00495342 0.999987 -0.0327376 0.26621 0.0489351
FixedParameters: 0 0 0

#Transform 39
Transform: AffineTransform_float_3_3
Parameters: 0.999988 0.00486744 0.00043719 -0.00486971 0.999976 0.00493424 -0.000412765 -0.00493575 0.999988 -0.0269061 0.27775 0.0486995
FixedParameters: 0 0 0

#Transform 40
Transform: AffineTransform_float_3_3
Parameters: 0.999988 0.00485336 0.000239931 -0.00485457 0.999976 0.00484485 -0.000216134 -0.00484515 0.999988 0.00131344 0.280073 0.0455614
FixedParameters: 0 0 0

#Transform 41
Transform: AffineTransform_float_3_3
Parameters: 0.999988 0.00497438 0.000853188 -0.00497892 0.999975 0.00493818 -0.000828428 -0.00494181 0.999987 0.0267649 0.281987 0.0546534
FixedParameters: 0 0 0

#Transform 42
Transform: AffineTransform_float_3_3
Parameters: 0.999988 0.0047356 0.00114327 -0.00474192 0.999976 0.00503273 -0.00111943 -0.00503727 0.999987 0.0391051 0.287507 0.0559351
FixedParameters: 0 0 0

#Transform 43
Transform: AffineTransform_float_3_3
Parameters: 0.999987 0.00511677 0.000982808 -0.00512148 0.999975 0.0048354 -0.000958076 -0.0048406 0.999988 0.0477581 0.274593 0.0360755
FixedParameters: 0 0 0

#Transform 44
Transform: AffineTransform_float_3_3
Parameters: 0.999986 0.00508583 0.000998148 -0.00509062 0.999973 0.00534537 -0.000971147 -0.00535065 0.999986 0.0418472 0.304003 0.0501142
FixedParameters: 0 0 0

#Transform 45
Transform: AffineTransform_float_3_3
Parameters: 0.999986 0.0052085 0.000947018 -0.00521411 0.999972 0.00538036 -0.000918871 -0.00538465 0.999985 0.0143171 0.322482 0.0784503
FixedParameters: 0 0 0

#Transform 46
Transform: AffineTransform_float_3_3
Parameters: 0.999985 0.00547722 0.00040718 -0.00547883 0.999969 0.00571163 -0.000376228 -0.00571337 0.999983 -0.00552939 0.331215 0.067666
FixedParameters: 0 0 0

#Transform 47
Transform: AffineTransform_float_3_3
Parameters: 0.999985 0.00541673 0.000433306 -0.00541913 0.999969 0.00566767 -0.000402201 -0.00567033 0.999984 0.00165483 0.320259 0.0388053
FixedParameters: 0 0 0

#Transform 48
Transform: AffineTransform_float_3_3
Parameters: 0.999984 0.00558923 0.000720482 -0.00559338 0.999971 0.00515004 -0.000691352 -0.00515396 0.999986 0.00934935 0.293013 0.0225772
FixedParameters: 0 0 0

#Transform 49
Transform: AffineTransform_float_3_3
Parameters: 0.999986 0.00539391 0.000532326 -0.00539767 0.999972 0.00536735 -0.000503403 -0.00536966 0.999985 -0.000104165 0.326919 0.00805031
FixedParameters: 0 0 0

#Transform 50
Transform: AffineTransform_float_3_3
Parameters: 0.999984 0.00548766 0.000763617 -0.00549152 0.999971 0.00527323 -0.000734575 -0.00527677 0.999986 0.0331325 0.328249 -0.0112036
FixedParameters: 0 0 0

#Transform 51
Transform: AffineTransform_float_3_3
Parameters: 0.999985 0.00544692 0.00119605 -0.00545363 0.999972 0.00510047 -0.00116876 -0.00510653 0.999986 0.0541549 0.305036 -0.022947
FixedParameters: 0 0 0

#Transform 52
Transform: AffineTransform_float_3_3
Parameters: 0.999984 0.00561564 0.00125669 -0.00562208 0.99997 0.00532994 -0.0012268 -0.00533707 0.999985 0.0587746 0.322059 0.0200152
FixedParameters: 0 0 0

#Transform 53
Transform: AffineTransform_float_3_3
Parameters: 0.999982 0.0057478 0.00175565 -0.00575881 0.999963 0.00626133 -0.00171962 -0.00627167 0.999979 0.0935307 0.372071 0.103491
FixedParameters: 0 0 0

#Transform 54
Transform: AffineTransform_float_3_3
Parameters: 0.999983 0.00551625 0.0019094 -0.00552788 0.999967 0.00597623 -0.00187625 -0.00598676 0.99998 0.14723 0.334357 0.0240682
FixedParameters: 0 0 0

#Transform 55
Transform: AffineTransform_float_3_3
Parameters: 0.999982 0.00562342 0.00197058 -0.00563498 0.999966 0.00614454 -0.00193596 -0.00615547 0.999979 0.151065 0.344838 0.00798559
FixedParameters: 0 0 0

#Transform 56
Transform: AffineTransform_float_3_3
Parameters: 0.999986 0.00517756 0.00157525 -0.00518594 0.999974 0.00505954 -0.00154875 -0.00506747 0.999986 0.135271 0.320494 -0.0753337
FixedParameters: 0 0 0

#Transform 57
Transform: AffineTransform_float_3_3
Parameters: 0.999985 0.00510744 0.00156065 -0.00511645 0.999971 0.00565924 -0.00153135 -0.00566676 0.999983 0.142667 0.355685 -0.0906848
FixedParameters: 0 0 0

#Transform 58
Transform: AffineTransform_float_3_3
Parameters: 0.999986 0.0050896 0.00136206 -0.00509759 0.999971 0.00562971 -0.00133379 -0.00563729 0.999983 0.200179 0.347136 -0.0995554
FixedParameters: 0 0 0

#Transform 59
Transform: AffineTransform_float_3_3
Parameters: 0.999983 0.00535945 0.00198375 -0.00537137 0.99997 0.00554948 -0.00195444 -0.00555952 0.999982 0.217533 0.339564 -0.101256
FixedParameters: 0 0 0

#Transform 60
Transform: AffineTransform_float_3_3
Parameters: 0.999985 0.00515329 0.00184902 -0.00516313 0.999972 0.00534988 -0.00182185 -0.00535912 0.999984 0.209755 0.341177 -0.0857239
FixedParameters: 0 0 0

#Transform 61
Transform: AffineTransform_float_3_3
Parameters: 0.999985 0.00513499 0.00184184 -0.00514578 0.999969 0.00592375 -0.00181157 -0.00593425 0.999981 0.242776 0.356512 -0.0879182
FixedParameters: 0 0 0

#Transform 62
Transform: AffineTransform_float_3_3
Parameters: 0.999985 0.00537811 0.00124625 -0.00538582 0.999964 0.0066063 -0.00121131 -0.00661271 0.999977 0.223875 0.353805 -0.0758754
FixedParameters: 0 0 0

#Transform 63
Transform: AffineTransform_float_3_3
Parameters: 0.999982 0.00560431 0.00185152 -0.00561605 0.999966 0.00609088 -0.00181696 -0.00610112 0.999979 0.18733 0.359607 -0.0913989
FixedParameters: 0 0 0

#Transform 64
Transform: AffineTransform_float_3_3
Parameters: 0.999982 0.00567607 0.00159516 -0.00568603 0.999965 0.006103 -0.00156014 -0.00611199 0.99998 0.193826 0.359381 -0.132864
FixedParameters: 0 0 0

#Transform 65
Transform: AffineTransform_float_3_3
Parameters: 0.999979 0.0060247 0.00232609 -0.0060397 0.99996 0.00648967 -0.00228665 -0.00650433 0.999976 0.205384 0.351913 -0.171667
FixedParameters: 0 0 0

#Transform 66
Transform: AffineTransform_float_3_3
Parameters: 0.99998 0.00594645 0.00241031 -0.00596177 0.999962 0.00640856 -0.00237194 -0.00642245 0.999977 0.221991 0.343045 -0.147671
FixedParameters: 0 0 0

#Transform 67
Transform: AffineTransform_float_3_3
Parameters: 0.999979 0.00586489 0.0025584 -0.00588092 0.999963 0.00624923 -0.00252201 -0.00626376 0.999977 0.251628 0.354145 -0.140551
FixedParameters: 0 0 0

#Transform 68
Transform: AffineTransform_float_3_3
Parameters: 0.999981 0.00563882 0.00248159 -0.00565412 0.999965 0.00626855 -0.00244559 -0.00628246 0.999978 0.278366 0.350266 -0.166126
FixedParameters: 0 0 0

#Transform 69
Transform: AffineTransform_float_3_3
Parameters: 0.999977 0.00586364 0.00325402 -0.00588523 0.999961 0.00661644 -0.00321562 -0.00663557 0.999973 0.28622 0.370575 -0.175213
FixedParameters: 0 0 0

#Transform 70
Transform: AffineTransform_float_3_3
Parameters: 0.999976 0.00593895 0.00338272 -0.00596161 0.999959 0.00679764 -0.00334193 -0.00681736 0.999971 0.269699 0.364592 -0.165875
FixedParameters: 0 0 0

#Transform 71
Transform: AffineTransform_float_3_3
Parameters: 0.999976 0.00622209 0.00281755 -0.0062431 0.999953 0.0074688 -0.0027701 -0.00748621 0.999969 0.288734 0.424423 -0.142804
FixedParameters: 0 0 0

#Transform 72
Transform: AffineTransform_float_3_3
Parameters: 0.999977 0.00614358 0.00307884 -0.00616921 0.999945 0.00838813 -0.00302761 -0.00840687 0.99996 0.282597 0.442915 -0.191482
FixedParameters: 0 0 0

#Transform 73
Transform: AffineTransform_float_3_3
Parameters: 0.999979 0.00577848 0.00293928 -0.00580573 0.999941 0.00916215 -0.00288652 -0.00917985 0.999954 0.276624 0.470563 -0.115278
FixedParameters: 0 0 0

#Transform 74
Transform: AffineTransform_float_3_3
Parameters: 0.999981 0.00555871 0.00272719 -0.00558314 0.999942 0.00916413 -0.00267586 -0.00917887 0.999954 0.291269 0.454805 -0.14155
FixedParameters: 0 0 0

#Transform 75
Transform: AffineTransform_float_3_3
Parameters: 0.999978 0.00571653 0.00319207 -0.00574564 0.999941 0.0091386 -0.00313963 -0.0091574 0.999953 0.33097 0.439088 -0.187807
FixedParameters: 0 0 0

#Transform 76
Transform: AffineTransform_float_3_3
Parameters: 0.999976 0.00565301 0.0038766 -0.00568847 0.999941 0.0092044 -0.00382409 -0.00922559 0.99995 0.377596 0.432489 -0.210464
FixedParameters: 0 0 0

#Transform 77
Transform: AffineTransform_float_3_3
Parameters: 0.999976 0.00558539 0.00415059 -0.00562184 0.999946 0.00873763 -0.00410138 -0.00876137 0.999953 0.378508 0.440325 -0.170522
FixedParameters: 0 0 0

#Transform 78
Transform: AffineTransform_float_3_3
Parameters: 0.999975 0.00613553 0.00346002 -0.00616833 0.999935 0.00954539 -0.00340089 -0.00956661 0.999948 0.355981 0.452104 -0.147325
FixedParameters: 0 0 0

#Transform 79
Transform: AffineTransform_float_3_3
Parameters: 0.999976 0.00602611 0.00341076 -0.00605737 0.999939 0.00923721 -0.00335576 -0.0092578 0.999952 0.355934 0.42249 -0.200435
FixedParameters: 0 0 0

#Transform 80
Transform: AffineTransform_float_3_3
Parameters: 0.999976 0.00583884 0.0038898 -0.00587483 0.99994 0.00926146 -0.00383542 -0.00928353 0.999949 0.377939 0.416605 -0.199208
FixedParameters: 0 0 0

#Transform 81
Transform: AffineTransform_float_3_3
Parameters: 0.999976 0.00582428 0.00381445 -0.00586129 0.999936 0.0097226 -0.00375757 -0.0097444 0.999945 0.340498 0.437256 -0.215591
FixedParameters: 0 0 0

#Transform 82
Transform: AffineTransform_float_3_3
Parameters: 0.999977 0.00585192 0.00341478 -0.00588382 0.999938 0.00951593 -0.0033592 -0.00953608 0.999949 0.340489 0.408833 -0.249392
FixedParameters: 0 0 0

#Transform 83
Transform: AffineTransform_float_3_3
Parameters: 0.999976 0.00594228 0.00360467 -0.00597689 0.999937 0.00951769 -0.0035477 -0.00953931 0.999948 0.375038 0.408057 -0.278233
FixedParameters: 0 0 0

#Transform 84
Transform: AffineTransform_float_3_3
Parameters: 0.999974 0.00609082 0.003823 -0.00612847 0.999933 0.00987804 -0.00376255 -0.00990196 0.999944 0.370798 0.42779 -0.287477
FixedParameters: 0 0 0

#Transform 85
Transform: AffineTransform_float_3_3
Parameters: 0.999973 0.00606724 0.00415913 -0.00610929 0.999931 0.01005 -0.00409857 -0.010075 0.999941 0.360361 0.446446 -0.248861
FixedParameters: 0 0 0

#Transform 86
Transform: AffineTransform_float_3_3
Parameters: 0.99997 0.0062487 0.00455735 -0.00629563 0.999927 0.0103765 -0.00449262 -0.0104045 0.999936 0.388707 0.414378 -0.393958
FixedParameters: 0 0 0

#Transform 87
Transform: AffineTransform_float_3_3
Parameters: 0.99997 0.00592275 0.00488117 -0.00596854 0.999939 0.00930845 -0.00482622 -0.00933657 0.999945 0.413 0.424236 -0.423414
FixedParameters: 0 0 0

#Transform 88
Transform: AffineTransform_float_3_3
Parameters: 0.999969 0.00611387 0.00510247 -0.00616325 0.999934 0.00972436 -0.00504299 -0.00975563 0.999939 0.447475 0.421169 -0.427822
FixedParameters: 0 0 0

#Transform 89
Transform: AffineTransform_float_3_3
Parameters: 0.999966 0.00604549 0.00556406 -0.00610265 0.999927 0.0104495 -0.00550091 -0.0104835 0.99993 0.465319 0.433536 -0.425181
FixedParameters: 0 0 0

#Transform 90
Transform: AffineTransform_float_3_3
Parameters: 0.999967 0.00643881 0.00498663 -0.00648896 0.999926 0.0102112 -0.00492067 -0.0102428 0.999936 0.463314 0.441825 -0.466097
FixedParameters: 0 0 0

#Transform 91
Transform: AffineTransform_float_3_3
Parameters: 0.999963 0.00645027 0.00566915 -0.00650811 0.999926 0.0102943 -0.00560267 -0.0103307 0.999931 0.473858 0.420992 -0.527626
FixedParameters: 0 0 0

#Transform 92
Transform: AffineTransform_float_3_3
Parameters: 0.999954 0.00706184 0.00638318 -0.00713196 0.999913 0.0110831 -0.00630447 -0.0111279 0.999918 0.499358 0.437404 -0.565003
FixedParameters: 0 0 0

#Transform 93
Transform: AffineTransform_float_3_3
Parameters: 0.999959 0.00684249 0.0060352 -0.00690833 0.999916 0.0110181 -0.00595946 -0.0110589 0.999921 0.507961 0.440412 -0.566404
FixedParameters: 0 0 0

#Transform 94
Transform: AffineTransform_float_3_3
Parameters: 0.999957 0.00681547 0.00637669 -0.00688465 0.999917 0.0108911 -0.00630217 -0.0109349 0.999921 0.553834 0.438128 -0.562564
FixedParameters: 0 0 0

#Transform 95
Transform: AffineTransform_float_3_3
Parameters: 0.999949 0.00705765 0.00719778 -0.00713917 0.999911 0.0112742 -0.00711704 -0.0113248 0.999911 0.565872 0.430497 -0.561514
FixedParameters: 0 0 0

#Transform 96
Transform: AffineTransform_float_3_3
Parameters: 0.999957 0.00660238 0.00658953 -0.0066774 0.999913 0.0113641 -0.00651435 -0.0114079 0.999914 0.534949 0.430682 -0.587315
FixedParameters: 0 0 0

#Transform 97
Transform: AffineTransform_float_3_3
Parameters: 0.999947 0.00728097 0.00726978 -0.00736129 0.999911 0.0111519 -0.00718841 -0.0112041 0.999911 0.650258 0.400142 -0.636829
FixedParameters: 0 0 0

#Transform 98
Transform: AffineTransform_float_3_3
Parameters: 0.99993 0.00756989 0.0090747 -0.00767083 0.999908 0.0111811 -0.00898928 -0.0112499 0.999897 0.73891 0.399375 -0.671402
FixedParameters: 0 0 0

#Transform 99
Transform: AffineTransform_float_3_3
Parameters: 0.999925 0.00746373 0.00968717 -0.00757198 0.999909 0.0111922 -0.00960343 -0.0112648 0.999891 0.802902 0.405779 -0.599626
FixedParameters: 0 0 0

#Transform 100
Transform: AffineTransform_float_3_3
Parameters: 0.999905 0.00820943 0.0110221 -0.00832995 0.999905 0.0109667 -0.0109306 -0.0110573 0.99988 0.902248 0.375855 -0.60883
FixedParameters: 0 0 0

#Transform 101
Transform: AffineTransform_float_3_3
Parameters: 0.999894 0.00845949 0.0118698 -0.00859337 0.999899 0.0112677 -0.0117737 -0.0113683 0.999866 0.91645 0.366375 -0.640848
FixedParameters: 0 0 0

#Transform 102
Transform: AffineTransform_float_3_3
Parameters: 0.9999 0.00775512 0.0118777 -0.0078874 0.999907 0.0110909 -0.0117908 -0.0111841 0.999868 0.891594 0.369003 -0.628579
FixedParameters: 0 0 0

#Transform 103
Transform: AffineTransform_float_3_3
Parameters: 0.999905 0.00673135 0.0120903 -0.00686588 0.999915 0.0111451 -0.012014 -0.0112269 0.999864 0.890873 0.402415 -0.527919
FixedParameters: 0 0 0

#Transform 104
Transform: AffineTransform_float_3_3
Parameters: 0.999902 0.00628856 0.0125177 -0.00642605 0.99992 0.0109355 -0.012448 -0.0110155 0.999862 0.919631 0.402509 -0.577811
FixedParameters: 0 0 0

#Transform 105
Transform: AffineTransform_float_3_3
Parameters: 0.999892 0.00679728 0.0130263 -0.00693999 0.999916 0.0109425 -0.0129512 -0.0110315 0.999856 0.93903 0.351985 -0.666681
FixedParameters: 0 0 0

#Transform 106
Transform: AffineTransform_float_3_3
Parameters: 0.999875 0.00700464 0.0142108 -0.0071638 0.999912 0.0111938 -0.0141312 -0.0112942 0.999836 1.0555 0.309919 -0.730535
FixedParameters: 0 0 0

#Transform 107
Transform: AffineTransform_float_3_3
Parameters: 0.999859 0.00723788 0.0151568 -0.0074176 0.999902 0.0118508 -0.0150697 -0.0119612 0.999815 1.13364 0.29854 -0.751472
FixedParameters: 0 0 0

#Transform 108
Transform: AffineTransform_float_3_3
Parameters: 0.999864 0.00717445 0.0148806 -0.00734217 0.99991 0.0112331 -0.0147987 -0.0113409 0.999827 1.1405 0.267974 -0.812234
FixedParameters: 0 0 0

#Transform 109
Transform: AffineTransform_float_3_3
Parameters: 0.99986 0.00727594 0.0151037 -0.00744503 0.99991 0.0111712 -0.0150211 -0.0112818 0.999823 1.19264 0.254403 -0.870599
FixedParameters: 0 0 0

#Transform 110
Transform: AffineTransform_float_3_3
Parameters: 0.999855 0.00751637 0.0152317 -0.00769638 0.9999 0.0118352 -0.0151407 -0.0119508 0.999814 1.19048 0.238927 -0.91022
FixedParameters: 0 0 0

#Transform 111
Transform: AffineTransform_float_3_3
Parameters: 0.999848 0.00747487 0.015742 -0.00766726 0.999896 0.0121897 -0.0156489 -0.0123083 0.999802 1.21623 0.227722 -0.944143
FixedParameters: 0 0 0

#Transform 112
Transform: AffineTransform_float_3_3
Parameters: 0.999856 0.00719914 0.0153556 -0.00738461 0.9999 0.0120471 -0.0152675 -0.0121579 0.999809 1.23803 0.257483 -0.954207
FixedParameters: 0 0 0

#Transform 113
Transform: AffineTransform_float_3_3
Parameters: 0.999848 0.00689718 0.0160502 -0.00709216 0.999902 0.0121041 -0.0159647 -0.0122159 0.999797 1.31528 0.233905 -1.00953
FixedParameters: 0 0 0

#Transform 114
Transform: AffineTransform_float_3_3
Parameters: 0.999828 0.00718127 0.0171032 -0.00739138 0.999898 0.0122466 -0.0170129 -0.0123714 0.999779 1.37972 0.222604 -1.03853
FixedParameters: 0 0 0

#Transform 115
Transform: AffineTransform_float_3_3
Parameters: 0.999832 0.0067215 0.0170905 -0.00693932 0.999895 0.012719 -0.0170041 -0.012836 0.999773 1.42364 0.234898 -1.07231
FixedParameters: 0 0 0

#Transform 116
Transform: AffineTransform_float_3_3
Parameters: 0.99982 0.00640207 0.0178486 -0.00664055 0.999889 0.013346 -0.017761 -0.013462 0.999751 1.45593 0.224835 -1.02126
FixedParameters: 0 0 0

#Transform 117
Transform: AffineTransform_float_3_3
Parameters: 0.999816 0.00598685 0.0182608 -0.00622514 0.999896 0.013 -0.0181816 -0.013111 0.999749 1.55617 0.209968 -1.04524
FixedParameters: 0 0 0

#Transform 118
Transform: AffineTransform_float_3_3
Parameters: 0.999802 0.00625446 0.0188576 -0.006505 0.999891 0.0132617 -0.0187723 -0.0133823 0.999734 1.58633 0.188367 -1.05801
FixedParameters: 0 0 0

#Transform 119
Transform: AffineTransform_float_3_3
Parameters: 0.999825 0.00564341 0.0177972 -0.00587647 0.999897 0.0130743 -0.0177211 -0.0131767 0.999756 1.53056 0.252228 -0.90108
FixedParameters: 0 0 0

#Transform 120
Transform: AffineTransform_float_3_3
Parameters: 0.999837 0.00539403 0.017232 -0.00562622 0.999894 0.0134564 -0.0171579 -0.0135516 0.999761 1.41456 0.262893 -0.90854
FixedParameters: 0 0 0

#Transform 121
Transform: AffineTransform_float_3_3
Parameters: 0.999836 0.00554883 0.0172459 -0.00578859 0.999886 0.0138958 -0.0171669 -0.0139932 0.999754 1.34424 0.239251 -0.860945
FixedParameters: 0 0 0

#Transform 122
Transform: AffineTransform_float_3_3
Parameters: 0.999853 0.00655743 0.0158525 -0.00678373 0.999875 0.0142814 -0.0157564 -0.0143866 0.999772 1.26607 0.256552 -0.662477
FixedParameters: 0 0 0

#Transform 123
Transform: AffineTransform_float_3_3
Parameters: 0.999843 0.00744047 0.0160953 -0.00769379 0.999846 0.0157383 -0.0159757 -0.0158597 0.999747 1.23866 0.26582 -0.669994
FixedParameters: 0 0 0

#Transform 124
Transform: AffineTransform_float_3_3
Parameters: 0.999836 0.00783534 0.0162921 -0.0081041 0.999832 0.0164625 -0.0161607 -0.0165915 0.999732 1.20105 0.225981 -0.926531
FixedParameters: 0 0 0

#Transform 125
Transform: AffineTransform_float_3_3
Parameters: 0.999819 0.00711799 0.0176164 -0.00737976 0.999863 0.0148372 -0.0175081 -0.0149638 0.999735 1.28341 0.200907 -1.08047
FixedParameters: 0 0 0

#Transform 126
Transform: AffineTransform_float_3_3
Parameters: 0.999811 0.00708872 0.0181043 -0.00736218 0.999859 0.0150948 -0.017995 -0.0152252 0.999722 1.30394 0.204718 -1.01318
FixedParameters: 0 0 0

#Transform 127
Transform: AffineTransform_float_3_3
Parameters: 0.999796 0.00666645 0.0190914 -0.00695169 0.999865 0.0148979 -0.0189899 -0.0150272 0.999707 1.40843 0.190947 -1.04228
FixedParameters: 0 0 0

#Transform 128
Transform: AffineTransform_float_3_3
Parameters: 0.999789 0.00678385 0.0194232 -0.00708132 0.999858 0.015251 -0.0193169 -0.0153859 0.999695 1.43434 0.155816 -1.09618
FixedParameters: 0 0 0

#Transform 129
Transform: AffineTransform_float_3_3
Parameters: 0.999798 0.00646387 0.0190194 -0.00676464 0.999853 0.0157724 -0.0189144 -0.0158976 0.999694 1.41493 0.17231 -1.01785
FixedParameters: 0 0 0

#Transform 130
Transform: AffineTransform_float_3_3
Parameters: 0.999806 0.00602513 0.0187836 -0.00631496 0.999861 0.0154135 -0.0186875 -0.0155295 0.999705 1.40922 0.195297 -0.890322
FixedParameters: 0 0 0

#Transform 131
Transform: AffineTransform_float_3_3
Parameters: 0.999802 0.0057427 0.0190643 -0.00602964 0.999869 0.0150279 -0.0189759 -0.0151401 0.999705 1.47625 0.173782 -0.966076
FixedParameters: 0 0 0

#Transform 132
Transform: AffineTransform_float_3_3
Parameters: 0.999782 0.00608744 0.0199599 -0.00639329 0.999863 0.0152697 -0.0198643 -0.0153943 0.999684 1.5275 0.130346 -0.986517
FixedParameters: 0 0 0

#Transform 133
Transform: AffineTransform_float_3_3
Parameters: 0.999785 0.00621171 0.0197845 -0.00651094 0.999865 0.0151155 -0.0196883 -0.0152405 0.99969 1.57739 0.114178 -0.955313
FixedParameters: 0 0 0

#Transform 134
Transform: AffineTransform_float_3_3
Parameters: 0.999791 0.00591395 0.0195818 -0.00621906 0.999859 0.0155836 -0.0194872 -0.0157024 0.999686 1.59448 0.125224 -0.939569
FixedParameters: 0 0 0

#Transform 135
Transform: AffineTransform_float_3_3
Parameters: 0.999784 0.00581879 0.0199552 -0.00612963 0.999861 0.0155191 -0.0198614 -0.0156379 0.999681 1.60271 0.115436 -0.978034
FixedParameters: 0 0 0

#Transform 136
Transform: AffineTransform_float_3_3
Parameters: 0.999779 0.00615896 0.0200682 -0.00647386 0.999856 0.0156756 -0.0199684 -0.0158024 0.999676 1.61969 0.115001 -1.01652
FixedParameters: 0 0 0

#Transform 137
Transform: AffineTransform_float_3_3
Parameters: 0.99978 0.00615566 0.0200806 -0.00646881 0.999857 0.0155662 -0.0199825 -0.0156929 0.999678 1.61333 0.123027 -1.01408
FixedParameters: 0 0 0

#Transform 138
Transform: AffineTransform_float_3_3
Parameters: 0.999784 0.00613462 0.019862 -0.00644908 0.999854 0.0158197 -0.0197621 -0.0159443 0.999677 1.59977 0.113271 -1.02067
FixedParameters: 0 0 0

#Transform 139
Transform: AffineTransform_float_3_3
Parameters: 0.999793 0.00656626 0.0192916 -0.00687494 0.999849 0.0159919 -0.0191842 -0.0161211 0.999686 1.57651 0.0904872 -1.07043
FixedParameters: 0 0 0

#Transform 140
Transform: AffineTransform_float_3_3
Parameters: 0.9998 0.00624206 0.0189957 -0.00654658 0.999849 0.0160548 -0.0188923 -0.0161762 0.999691 1.56337 0.111935 -1.02833
FixedParameters: 0 0 0

#Transform 141
Transform: AffineTransform_float_3_3
Parameters: 0.999801 0.00623098 0.0189228 -0.00653125 0.999853 0.0158476 -0.0188211 -0.0159684 0.999696 1.548 0.12327 -1.04525
FixedParameters: 0 0 0

#Transform 142
Transform: AffineTransform_float_3_3
Parameters: 0.999792 0.0065061 0.0193251 -0.00680838 0.999855 0.0156162 -0.0192207 -0.0157448 0.999692 1.5437 0.0567513 -1.29675
FixedParameters: 0 0 0

#Transform 143
Transform: AffineTransform_float_3_3
Parameters: 0.999789 0.00623933 0.0195585 -0.00654713 0.999855 0.0157146 -0.0194581 -0.0158394 0.999686 1.59866 0.0312185 -1.40267
FixedParameters: 0 0 0

#Transform 144
Transform: AffineTransform_float_3_3
Parameters: 0.999806 0.00661233 0.0185929 -0.00691381 0.999845 0.0161794 -0.0184834 -0.0163046 0.999696 1.48384 0.049608 -1.5332
FixedParameters: 0 0 0

#Transform 145
Transform: AffineTransform_float_3_3
Parameters: 0.999801 0.00639489 0.0188575 -0.00670659 0.999841 0.0165303 -0.0187488 -0.0166537 0.999685 1.46974 0.0874271 -1.57153
FixedParameters: 0 0 0

#Transform 146
Transform: AffineTransform_float_3_3
Parameters: 0.999795 0.00624356 0.0192287 -0.00655964 0.999844 0.0164108 -0.0191235 -0.0165332 0.999681 1.49054 0.0530384 -1.64883
FixedParameters: 0 0 0

#Transform 147
Transform: AffineTransform_float_3_3
Parameters: 0.999804 0.00622049 0.0188312 -0.00653057 0.999843 0.0164685 -0.0187251 -0.0165885 0.999687 1.49627 0.0309926 -1.73582
FixedParameters: 0 0 0

#Transform 148
Transform: AffineTransform_float_3_3
Parameters: 0.999804 0.00667756 0.0186044 -0.00699821 0.999828 0.0171852 -0.0184866 -0.0173118 0.99968 1.45235 0.0341631 -1.82358
FixedParameters: 0 0 0

#Transform 149
Transform: AffineTransform_float_3_3
Parameters: 0.999802 0.00648563 0.0188226 -0.00680283 0.999835 0.0168698 -0.0187099 -0.0169942 0.999681 1.41993 0.042386 -1.84707
FixedParameters: 0 0 0

#Transform 150
Transform: AffineTransform_float_3_3
Parameters: 0.9998 0.00633421 0.018935 -0.00666288 0.999828 0.0173484 -0.0188222 -0.0174716 0.99967 1.42564 0.0384636 -1.90357
FixedParameters: 0 0 0

#Transform 151
Transform: AffineTransform_float_3_3
Parameters: 0.9998 0.00590449 0.019145 -0.0062283 0.999838 0.0169068 -0.0190431 -0.0170232 0.999674 1.48567 0.000988772 -2.00295
FixedParameters: 0 0 0

#Transform 152
Transform: AffineTransform_float_3_3
Parameters: 0.999817 0.00573598 0.0182573 -0.00604764 0.999837 0.0170297 -0.0181562 -0.0171363 0.999688 1.46032 0.00254513 -2.04198
FixedParameters: 0 0 0

#Transform 153
Transform: AffineTransform_float_3_3
Parameters: 0.999823 0.00586718 0.0178854 -0.00616573 0.999843 0.0166537 -0.0177845 -0.0167613 0.999702 1.43075 -0.0249082 -2.13822
FixedParameters: 0 0 0

#Transform 154
Transform: AffineTransform_float_3_3
Parameters: 0.999828 0.00560428 0.0177058 -0.00590099 0.999842 0.01678 -0.0176092 -0.016881 0.999702 1.41364 -0.0439001 -2.21846
FixedParameters: 0 0 0

#Transform 155
Transform: AffineTransform_float_3_3
Parameters: 0.999835 0.00541549 0.0172997 -0.0057206 0.999828 0.0176476 -0.0172018 -0.0177434 0.999695 1.37122 -0.047185 -2.28634
FixedParameters: 0 0 0

#Transform 156
Transform: AffineTransform_float_3_3
Parameters: 0.999835 0.00538407 0.0173551 -0.00568267 0.999836 0.0172001 -0.0172594 -0.0172959 0.999701 1.41246 -0.0694455 -2.35518
FixedParameters: 0 0 0

#Transform 157
Transform: AffineTransform_float_3_3
Parameters: 0.99984 0.00507031 0.0171895 -0.00536794 0.999835 0.0173042 -0.0170987 -0.0173938 0.999702 1.48345 -0.0388706 -2.36843
FixedParameters: 0 0 0

#Transform 158
Transform: AffineTransform_float_3_3
Parameters: 0.999843 0.00486382 0.0170076 -0.00516732 0.999828 0.0178349 -0.0169178 -0.0179201 0.999696 1.48962 -0.0927007 -2.43949
FixedParameters: 0 0 0

#Transform 159
Transform: AffineTransform_float_3_3
Parameters: 0.999835 0.00557467 0.0172492 -0.0058953 0.99981 0.0185586 -0.0171431 -0.0186574 0.999679 1.46144 -0.0419565 -2.39845
FixedParameters: 0 0 0

#Transform 160
Transform: AffineTransform_float_3_3
Parameters: 0.999818 0.00571548 0.0181715 -0.00605061 0.999812 0.0184433 -0.0180625 -0.0185507 0.999665 1.51553 -0.0242737 -2.35744
FixedParameters: 0 0 0

#Transform 161
Transform: AffineTransform_float_3_3
Parameters: 0.999845 0.00418496 0.0171349 -0.00448387 0.999838 0.0174493 -0.0170592 -0.0175237 0.999701 1.53523 -0.0505157 -2.35561
FixedParameters: 0 0 0

#Transform 162
Transform: AffineTransform_float_3_3
Parameters: 0.999828 0.00460704 0.0179626 -0.00497542 0.999777 0.0205257 -0.0178643 -0.0206113 0.999628 1.50622 0.235976 -1.77823
FixedParameters: 0 0 0

#Transform 163
Transform: AffineTransform_float_3_3
Parameters: 0.999792 0.00365318 0.0200655 -0.0041009 0.999742 0.0223383 -0.0199791 -0.0224167 0.999549 1.57718 0.37174 -1.47294
FixedParameters: 0 0 0

#Transform 164
Transform: AffineTransform_float_3_3
Parameters: 0.999806 0.00442059 0.0192055 -0.0048619 0.999724 0.0229924 -0.0190985 -0.0230816 0.999551 1.56547 0.275696 -1.71667
FixedParameters: 0 0 0

#Transform 165
Transform: AffineTransform_float_3_3
Parameters: 0.999806 0.00488738 0.019079 -0.00533384 0.999711 0.0234241 -0.0189591 -0.0235209 0.999544 1.46993 0.298577 -1.72158
FixedParameters: 0 0 0

#Transform 166
Transform: AffineTransform_float_3_3
Parameters: 0.999793 0.00499823 0.0196931 -0.00544707 0.999725 0.0228039 -0.0195742 -0.0229061 0.999546 1.4755 0.278928 -1.81565
FixedParameters: 0 0 0

#Transform 167
Transform: AffineTransform_float_3_3
Parameters: 0.999793 0.00453197 0.0198359 -0.00498803 0.999723 0.0230082 -0.0197264 -0.0231028 0.999538 1.54565 0.349275 -1.56033
FixedParameters: 0 0 0

#Transform 168
Transform: AffineTransform_float_3_3
Parameters: 0.999792 0.0048567 0.0197797 -0.0053275 0.999703 0.023822 -0.0196582 -0.0239221 0.99952 1.53413 0.359126 -1.57425
FixedParameters: 0 0 0

#Transform 169
Transform: AffineTransform_float_3_3
Parameters: 0.999785 0.00491115 0.0201444 -0.00538304 0.999711 0.0234235 -0.0200235 -0.0235265 0.999523 1.51023 0.401339 -1.56497
FixedParameters: 0 0 0

#Transform 170
Transform: AffineTransform_float_3_3
Parameters: 0.999792 0.00455983 0.0198665 -0.0050251 0.999713 0.0234251 -0.0197541 -0.0235199 0.999528 1.49861 0.394316 -1.54935
FixedParameters: 0 0 0

#Transform 171
Transform: AffineTransform_float_3_3
Parameters: 0.999783 0.00506179 0.0202137 -0.00552722 0.999719 0.0230616 -0.0200908 -0.0231685 0.99953 1.51784 0.34378 -1.60565
FixedParameters: 0 0 0

#Transform 172
Transform: AffineTransform_float_3_3
Parameters: 0.999784 0.00509321 0.0201865 -0.00557112 0.999704 0.0236788 -0.02006 -0.0237862 0.999516 1.51297 0.348766 -1.60939
FixedParameters: 0 0 0

#Transform 173
Transform: AffineTransform_float_3_3
Parameters: 0.999785 0.00516837 0.0200885 -0.00563858 0.999709 0.0234352 -0.0199617 -0.0235438 0.999524 1.53137 0.355002 -1.53146
FixedParameters: 0 0 0

#Transform 174
Transform: AffineTransform_float_3_3
Parameters: 0.999787 0.00551493 0.0198785 -0.00598328 0.999704 0.0235982 -0.0197425 -0.0237119 0.999524 1.4989 0.357816 -1.49163
FixedParameters: 0 0 0

#Transform 175
Transform: AffineTransform_float_3_3
Parameters: 0.999778 0.00528207 0.0203926 -0.00576322 0.999705 0.0236018 -0.0202626 -0.0237142 0.999514 1.55324 0.350785 -1.51542
FixedParameters: 0 0 0

#Transform 176
Transform: AffineTransform_float_3_3
Parameters: 0.999773 0.0053154 0.0205972 -0.0057899 0.999718 0.0230553 -0.0204681 -0.0231697 0.999522 1.588 0.312977 -1.56023
FixedParameters: 0 0 0

#Transform 177
Transform: AffineTransform_float_3_3
Parameters: 0.999763 0.00509804 0.0211352 -0.00557953 0.999724 0.0228112 -0.0210133 -0.0229238 0.999516 1.5931 0.275807 -1.62992
FixedParameters: 0 0 0

#Transform 178
Transform: AffineTransform_float_3_3
Parameters: 0.999777 0.00474813 0.0205488 -0.00521835 0.999724 0.0228838 -0.0204339 -0.0229863 0.999528 1.57112 0.242128 -1.71704
FixedParameters: 0 0 0

#Transform 179
Transform: AffineTransform_float_3_3
Parameters: 0.999774 0.0049539 0.0206815 -0.00538458 0.999769 0.0208302 -0.0205735 -0.0209368 0.999569 1.59421 0.167228 -1.9304
FixedParameters: 0 0 0
