# transform file /out/sourcedata/freesurfer/sub-v1s10x0051129_ses-1/mri/transforms/cc_up.lta
# created by oesteban on Thu Mar 12 10:54:10 2026

type      = 0 # LINEAR_VOX_TO_VOX
nxforms   = 1
mean      = 129.0000 139.0000 120.0000
sigma     = 10000.0000
1 4 4
9.969149827957153e-01 -7.827489078044891e-02 -5.807675886899233e-03 1.069057655334473e+01 
7.827355712652206e-02 9.969319105148315e-01 -4.559942171908915e-04 -4.589188098907471e+00 
5.825549829751253e-03 0.000000000000000e+00 9.999831318855286e-01 1.225627899169922e+01 
0.000000000000000e+00 0.000000000000000e+00 0.000000000000000e+00 1.000000000000000e+00 
src volume info
valid = 1  # volume info valid
filename = /out/sourcedata/freesurfer/sub-v1s10x0051129_ses-1/mri/norm.mgz
volume = 256 256 256
voxelsize = 1.000000000000000e+00 1.000000000000000e+00 1.000000000000000e+00
xras   = -1.000000000000000e+00 0.000000000000000e+00 0.000000000000000e+00
yras   = 0.000000000000000e+00 0.000000000000000e+00 -1.000000000000000e+00
zras   = 0.000000000000000e+00 1.000000000000000e+00 0.000000000000000e+00
cras   = -4.395118713378906e+00 1.000000000000000e+00 -1.707229614257812e+01
dst volume info
valid = 1  # volume info valid
filename = /out/sourcedata/freesurfer/sub-v1s10x0051129_ses-1/mri/norm.mgz
volume = 256 256 256
voxelsize = 1.000000000000000e+00 1.000000000000000e+00 1.000000000000000e+00
xras   = -1.000000000000000e+00 0.000000000000000e+00 0.000000000000000e+00
yras   = 0.000000000000000e+00 0.000000000000000e+00 -1.000000000000000e+00
zras   = 0.000000000000000e+00 1.000000000000000e+00 0.000000000000000e+00
cras   = -4.395118713378906e+00 1.000000000000000e+00 -1.707229614257812e+01
