#Insight Transform File V1.0
#Transform 0
Transform: AffineTransform_float_3_3
Parameters: 1 9.52895e-05 0.000638331 -9.54098e-05 1 0.00112194 -0.000637587 -0.00112206 0.999999 0.0855231 -0.37691 -0.484162
FixedParameters: 0 0 0

#Transform 1
Transform: AffineTransform_float_3_3
Parameters: 0.999999 0.000912518 -0.000279128 -0.000912356 1 -0.000410258 0.000279299 0.000410743 1 -0.0344224 0.0512608 -0.0938059
FixedParameters: 0 0 0

#Transform 2
Transform: AffineTransform_float_3_3
Parameters: 1 0.000995882 -8.24106e-05 -0.000995836 1 0.000276723 8.29623e-05 -0.000277278 1 -0.0394818 0.101226 -0.110847
FixedParameters: 0 0 0

#Transform 3
Transform: AffineTransform_float_3_3
Parameters: 0.999999 0.000853664 -0.000223092 -0.000853564 1 0.000225038 0.000223475 -0.000223962 1 -0.0113693 0.121968 -0.138319
FixedParameters: 0 0 0

#Transform 4
Transform: AffineTransform_float_3_3
Parameters: 0.999999 0.000923744 -0.000252353 -0.000923401 1 0.000677874 0.000253606 -0.000678126 1 -0.0361253 0.0901496 -0.189521
FixedParameters: 0 0 0

#Transform 5
Transform: AffineTransform_float_3_3
Parameters: 0.999999 0.000923583 -0.000252939 -0.000923561 0.999999 4.42338e-05 0.00025302 -4.37665e-05 1 -0.0191142 0.106279 -0.17454
FixedParameters: 0 0 0

#Transform 6
Transform: AffineTransform_float_3_3
Parameters: 0.999999 0.000834008 -0.000159283 -0.000833911 0.999999 0.000304133 0.00015979 -0.000303867 1 -0.0456045 0.0787715 -0.169972
FixedParameters: 0 0 0

#Transform 7
Transform: AffineTransform_float_3_3
Parameters: 1 0.000999033 -7.4669e-05 -0.000999326 0.999999 0.000653716 7.50554e-05 -0.000654285 1 -0.0200546 0.0865622 -0.14399
FixedParameters: 0 0 0

#Transform 8
Transform: AffineTransform_float_3_3
Parameters: 0.999999 0.000928357 -9.79083e-05 -0.000928613 1 0.000686732 9.82635e-05 -0.000687269 1 -0.0335811 0.0896264 -0.174139
FixedParameters: 0 0 0

#Transform 9
Transform: AffineTransform_float_3_3
Parameters: 1 0.00100851 -0.000288048 -0.00100801 0.999999 0.000871778 0.000289805 -0.00087122 0.999999 -0.0325754 0.0893799 -0.163017
FixedParameters: 0 0 0

#Transform 10
Transform: AffineTransform_float_3_3
Parameters: 1 0.0009238 -0.000252149 -0.000923345 0.999999 0.000898874 0.00025381 -0.000899126 0.999999 -0.0306546 0.0787492 -0.168268
FixedParameters: 0 0 0

#Transform 11
Transform: AffineTransform_float_3_3
Parameters: 0.999999 0.000923827 -0.000252045 -0.000923708 0.999999 0.00101108 0.000252992 -0.00100992 1 -0.0509734 0.0814295 -0.173555
FixedParameters: 0 0 0

#Transform 12
Transform: AffineTransform_float_3_3
Parameters: 0.999999 0.000923728 -0.000252412 -0.000923417 1 0.000613874 0.000253547 -0.000614126 1 -0.0352434 0.0871494 -0.184263
FixedParameters: 0 0 0

#Transform 13
Transform: AffineTransform_float_3_3
Parameters: 0.999999 0.000923782 -0.000252211 -0.000923361 0.999999 0.000831874 0.000253748 -0.000832126 0.999999 -0.0457007 0.084249 -0.177801
FixedParameters: 0 0 0

#Transform 14
Transform: AffineTransform_float_3_3
Parameters: 0.999999 0.000851896 -0.000222032 -0.00085165 1 0.00055183 0.000222973 -0.00055217 1 -0.0313503 0.0910589 -0.167365
FixedParameters: 0 0 0

#Transform 15
Transform: AffineTransform_float_3_3
Parameters: 1 0.00101042 -0.000288597 -0.00101017 0.999999 0.00110029 0.000289899 -0.00109971 1 -0.0576536 0.0890772 -0.190899
FixedParameters: 0 0 0

#Transform 16
Transform: AffineTransform_float_3_3
Parameters: 0.999999 0.000923795 -0.000252165 -0.000923349 0.999999 0.000881874 0.000253794 -0.000882126 0.999999 -0.0452958 0.112878 -0.171831
FixedParameters: 0 0 0

#Transform 17
Transform: AffineTransform_float_3_3
Parameters: 0.999999 0.000923793 -0.00025217 -0.00092335 0.999999 0.000875874 0.000253788 -0.000876126 0.999999 -0.0391487 0.114146 -0.183242
FixedParameters: 0 0 0

#Transform 18
Transform: AffineTransform_float_3_3
Parameters: 0.999999 0.000815777 -0.000507256 -0.000815293 0.999999 0.000862054 0.000507741 -0.000861946 0.999999 -0.035812 0.118861 -0.181485
FixedParameters: 0 0 0

#Transform 19
Transform: AffineTransform_float_3_3
Parameters: 1 0.000845301 -0.00043749 -0.000844771 1 0.00060501 0.000438512 -0.00060499 1 -0.0252223 0.108765 -0.1702
FixedParameters: 0 0 0

#Transform 20
Transform: AffineTransform_float_3_3
Parameters: 0.999999 0.000908469 -0.000288453 -0.000908198 1 0.000468903 0.000289305 -0.000469097 1 -0.0445165 0.113 -0.17679
FixedParameters: 0 0 0

#Transform 21
Transform: AffineTransform_float_3_3
Parameters: 1 0.000747927 -0.000667485 -0.000746779 1 0.000859139 0.000668769 -0.00085886 0.999999 -0.0189108 0.0946237 -0.142626
FixedParameters: 0 0 0

#Transform 22
Transform: AffineTransform_float_3_3
Parameters: 0.999999 0.000897646 -0.000313931 -0.00089714 0.999999 0.000804922 0.000315376 -0.000805077 0.999999 -0.0506904 0.0906344 -0.176102
FixedParameters: 0 0 0

#Transform 23
Transform: AffineTransform_float_3_3
Parameters: 0.999999 0.000736888 -0.000485818 -0.000736073 1 0.000837998 0.000487052 -0.000838001 0.999999 -0.0269193 0.0976233 -0.174931
FixedParameters: 0 0 0

#Transform 24
Transform: AffineTransform_float_3_3
Parameters: 1 0.000747962 -0.000667445 -0.000746744 0.999999 0.000912139 0.000668808 -0.00091186 0.999999 -0.0274866 0.0776114 -0.199327
FixedParameters: 0 0 0

#Transform 25
Transform: AffineTransform_float_3_3
Parameters: 1 0.000745115 -0.000674023 -0.000744121 0.999999 0.000736295 0.000675119 -0.000736704 1 -0.0230814 0.0921659 -0.173757
FixedParameters: 0 0 0

#Transform 26
Transform: AffineTransform_float_3_3
Parameters: 1 0.000745625 -0.000672968 -0.000744783 0.999999 0.000915295 0.000673412 -0.000915705 0.999999 -0.0211834 0.0547316 -0.211842
FixedParameters: 0 0 0

#Transform 27
Transform: AffineTransform_float_3_3
Parameters: 0.999999 0.000627485 -0.000562138 -0.000627771 1 0.000911994 0.000562753 -0.000912007 0.999999 -0.0280425 0.0699979 -0.218557
FixedParameters: 0 0 0

#Transform 28
Transform: AffineTransform_float_3_3
Parameters: 0.999999 0.000685654 -0.000440149 -0.000685225 1 0.000930942 0.000440504 -0.000931058 0.999999 -0.0109471 0.0889541 -0.186859
FixedParameters: 0 0 0

#Transform 29
Transform: AffineTransform_float_3_3
Parameters: 1 0.000326559 -0.00054975 -0.000325385 1 0.00106718 0.000550445 -0.00106682 1 -0.0113346 0.074303 -0.200535
FixedParameters: 0 0 0

#Transform 30
Transform: AffineTransform_float_3_3
Parameters: 1 0.000628674 -0.000949217 -0.000628216 0.999999 0.00093175 0.000949858 -0.000931251 1 -0.0124388 0.0952761 -0.171543
FixedParameters: 0 0 0

#Transform 31
Transform: AffineTransform_float_3_3
Parameters: 1 0.000726319 -0.00071882 -0.000725935 0.999999 0.00117852 0.000720001 -0.00117748 0.999999 -0.027432 0.0922617 -0.189732
FixedParameters: 0 0 0

#Transform 32
Transform: AffineTransform_float_3_3
Parameters: 1 0.000628812 -0.000949125 -0.000628077 0.999999 0.00107775 0.00094995 -0.00107725 0.999999 -0.00858795 0.114604 -0.147041
FixedParameters: 0 0 0

#Transform 33
Transform: AffineTransform_float_3_3
Parameters: 1 0.000715119 -0.000745433 -0.000714472 0.999998 0.00131269 0.000746779 -0.00131231 0.999999 -0.0129296 0.0926657 -0.1808
FixedParameters: 0 0 0

#Transform 34
Transform: AffineTransform_float_3_3
Parameters: 1 0.000465657 -0.000954971 -0.000464842 0.999999 0.0011126 0.000955477 -0.0011124 0.999999 -0.00949544 0.0938485 -0.195564
FixedParameters: 0 0 0

#Transform 35
Transform: AffineTransform_float_3_3
Parameters: 0.999999 0.000467115 -0.000684336 -0.000466364 1 0.000834113 0.000684195 -0.000834888 0.999999 -0.0144767 0.0907496 -0.208233
FixedParameters: 0 0 0

#Transform 36
Transform: AffineTransform_float_3_3
Parameters: 1 0.000231895 -0.000855943 -0.000230988 0.999999 0.00129535 0.000856013 -0.00129565 0.999999 -0.0142392 0.096919 -0.190761
FixedParameters: 0 0 0

#Transform 37
Transform: AffineTransform_float_3_3
Parameters: 0.999999 0.000507674 -0.000701464 -0.00050773 0.999999 0.000894149 0.000701843 -0.000894851 0.999999 -0.00860913 0.113817 -0.192237
FixedParameters: 0 0 0

#Transform 38
Transform: AffineTransform_float_3_3
Parameters: 1 0.000431067 -0.000939976 -0.000429473 0.999998 0.00154456 0.000940775 -0.00154444 0.999998 -0.0156751 0.0955351 -0.195801
FixedParameters: 0 0 0

#Transform 39
Transform: AffineTransform_float_3_3
Parameters: 1 0.000426177 -0.000938158 -0.000425158 0.999999 0.0012424 0.000938686 -0.0012416 0.999999 -0.00745802 0.102686 -0.197276
FixedParameters: 0 0 0

#Transform 40
Transform: AffineTransform_float_3_3
Parameters: 0.999999 0.000302764 -0.000885954 -0.000301876 0.999999 0.00124042 0.000886174 -0.00124058 0.999999 -0.00804661 0.0993478 -0.205588
FixedParameters: 0 0 0

#Transform 41
Transform: AffineTransform_float_3_3
Parameters: 0.999999 0.000317523 -0.000830371 -0.000316013 0.999999 0.00114442 0.000830176 -0.00114458 0.999999 -0.0132973 0.10707 -0.193484
FixedParameters: 0 0 0

#Transform 42
Transform: AffineTransform_float_3_3
Parameters: 1 0.000337669 -0.000597894 -0.000336407 0.999999 0.00105435 0.000598605 -0.00105465 1 -0.00266686 0.0835676 -0.187112
FixedParameters: 0 0 0

#Transform 43
Transform: AffineTransform_float_3_3
Parameters: 0.999999 0.000217191 -0.000849701 -0.000216235 0.999999 0.00133434 0.00084975 -0.00133466 0.999999 -0.00546617 0.0808704 -0.185147
FixedParameters: 0 0 0

#Transform 44
Transform: AffineTransform_float_3_3
Parameters: 0.999999 0.000176751 -0.000944627 -0.000175794 1 0.00099332 0.000945368 -0.000993681 0.999999 0.00877529 0.101209 -0.172303
FixedParameters: 0 0 0

#Transform 45
Transform: AffineTransform_float_3_3
Parameters: 0.999999 0.000145174 -0.000819352 -0.000144654 0.999999 0.00111727 0.000819146 -0.00111773 0.999999 -0.00279649 0.0892846 -0.183384
FixedParameters: 0 0 0

#Transform 46
Transform: AffineTransform_float_3_3
Parameters: 1 7.50328e-05 -0.00118677 -7.32981e-05 0.999999 0.00167109 0.00118688 -0.00167091 0.999998 -0.0220383 0.0693039 -0.188761
FixedParameters: 0 0 0

#Transform 47
Transform: AffineTransform_float_3_3
Parameters: 1 -7.84837e-05 -0.00066281 7.90859e-05 0.999999 0.0011481 0.00066302 -0.0011489 1 0.00638499 0.0932148 -0.17013
FixedParameters: 0 0 0

#Transform 48
Transform: AffineTransform_float_3_3
Parameters: 1 -6.21336e-05 -0.00114179 6.44097e-05 0.999998 0.00180208 0.00114234 -0.00180292 0.999998 -0.0182173 0.0857931 -0.193764
FixedParameters: 0 0 0

#Transform 49
Transform: AffineTransform_float_3_3
Parameters: 1 -0.000313778 -0.0010073 0.000315822 0.999998 0.00166704 0.00100572 -0.00166696 0.999998 0.0109479 0.0913711 -0.18846
FixedParameters: 0 0 0

#Transform 50
Transform: AffineTransform_float_3_3
Parameters: 1 -0.000271324 -0.00102522 0.00027267 0.999999 0.00174572 0.00102414 -0.00174628 0.999998 -0.0116136 0.0830803 -0.21121
FixedParameters: 0 0 0

#Transform 51
Transform: AffineTransform_float_3_3
Parameters: 1 -6.79453e-05 -0.00111121 7.01054e-05 0.999998 0.00156244 0.00111046 -0.00156256 0.999999 -0.0127131 0.092699 -0.199422
FixedParameters: 0 0 0

#Transform 52
Transform: AffineTransform_float_3_3
Parameters: 1 -0.00016175 -0.00107152 0.000163164 0.999998 0.00170219 0.00107083 -0.00170181 0.999998 0.00244126 0.0967803 -0.181719
FixedParameters: 0 0 0

#Transform 53
Transform: AffineTransform_float_3_3
Parameters: 1 -0.000150164 -0.00107627 0.000152658 0.999997 0.0021962 0.00107546 -0.0021958 0.999997 -0.0136809 0.07474 -0.186135
FixedParameters: 0 0 0

#Transform 54
Transform: AffineTransform_float_3_3
Parameters: 1 -0.000217005 -0.00104818 0.000218369 0.999998 0.00171613 0.00104729 -0.00171587 0.999998 -0.00187812 0.101567 -0.164172
FixedParameters: 0 0 0

#Transform 55
Transform: AffineTransform_float_3_3
Parameters: 1 -4.1612e-06 -0.00070068 5.29425e-06 0.999999 0.001465 0.000701057 -0.001465 0.999998 -0.0203406 0.0968353 -0.185789
FixedParameters: 0 0 0

#Transform 56
Transform: AffineTransform_float_3_3
Parameters: 0.999999 -7.32195e-06 -0.000816512 8.28942e-06 0.999999 0.001719 0.000817267 -0.00171901 0.999998 -0.0205099 0.113078 -0.173153
FixedParameters: 0 0 0

#Transform 57
Transform: AffineTransform_float_3_3
Parameters: 1 -6.17821e-05 -0.00114754 6.36738e-05 0.999999 0.00139593 0.00114683 -0.00139607 0.999998 0.00147801 0.130982 -0.18068
FixedParameters: 0 0 0

#Transform 58
Transform: AffineTransform_float_3_3
Parameters: 0.999999 7.92062e-06 -0.000924892 -6.49923e-06 0.999998 0.00197501 0.000924782 -0.00197499 0.999997 -0.0283817 0.116282 -0.179828
FixedParameters: 0 0 0

#Transform 59
Transform: AffineTransform_float_3_3
Parameters: 0.999999 4.46533e-06 -0.000906266 -4.04732e-06 0.999999 0.00146236 0.000906139 -0.00146164 0.999999 -0.0197582 0.113045 -0.157379
FixedParameters: 0 0 0

#Transform 60
Transform: AffineTransform_float_3_3
Parameters: 0.999999 3.91272e-05 -0.000718981 -3.83367e-05 0.999999 0.00146203 0.000718564 -0.00146197 0.999998 -0.0318904 0.118689 -0.188883
FixedParameters: 0 0 0

#Transform 61
Transform: AffineTransform_float_3_3
Parameters: 0.999999 -8.06893e-05 -0.000904985 8.25564e-05 0.999999 0.00154029 0.000905124 -0.00153971 0.999999 -0.0192954 0.1065 -0.160551
FixedParameters: 0 0 0

#Transform 62
Transform: AffineTransform_float_3_3
Parameters: 0.999999 2.26863e-05 -0.000711968 -2.16395e-05 0.999998 0.00165653 0.000711512 -0.00165647 0.999999 -0.0140131 0.10426 -0.149879
FixedParameters: 0 0 0

#Transform 63
Transform: AffineTransform_float_3_3
Parameters: 1 -0.000143047 -0.000641927 0.0001444 0.999998 0.00177006 0.000641809 -0.00177094 0.999999 -0.00526201 0.0815563 -0.149319
FixedParameters: 0 0 0

#Transform 64
Transform: AffineTransform_float_3_3
Parameters: 0.999999 -0.000272522 -0.00094768 0.000273452 0.999999 0.0014621 0.000947663 -0.0014619 0.999999 -0.018323 0.0894362 -0.162016
FixedParameters: 0 0 0

#Transform 65
Transform: AffineTransform_float_3_3
Parameters: 1 -0.000325696 -0.00105548 0.000326941 0.999999 0.00146202 0.00105531 -0.00146199 0.999999 -0.0131819 0.101894 -0.153053
FixedParameters: 0 0 0

#Transform 66
Transform: AffineTransform_float_3_3
Parameters: 1 -0.000166384 -0.000620126 0.000167305 0.999999 0.0018009 0.000618995 -0.0018011 0.999998 -0.0217128 0.079746 -0.170938
FixedParameters: 0 0 0

#Transform 67
Transform: AffineTransform_float_3_3
Parameters: 0.999999 -0.000155652 -0.000876584 0.000157218 0.999999 0.00141786 0.000876531 -0.00141814 0.999998 -0.00106124 0.11066 -0.196939
FixedParameters: 0 0 0

#Transform 68
Transform: AffineTransform_float_3_3
Parameters: 0.999999 -0.000245668 -0.000684341 0.000246721 0.999998 0.00172919 0.00068296 -0.00172881 0.999998 -0.0239682 0.0777315 -0.187941
FixedParameters: 0 0 0

#Transform 69
Transform: AffineTransform_float_3_3
Parameters: 0.999999 -0.000221246 -0.000744601 0.000221877 0.999998 0.00166019 0.000744647 -0.00165981 0.999999 -0.0227168 0.0891331 -0.16278
FixedParameters: 0 0 0

#Transform 70
Transform: AffineTransform_float_3_3
Parameters: 0.999999 -0.000222975 -0.000754685 0.000225199 0.999998 0.00208383 0.000754141 -0.00208417 0.999997 -0.0298586 0.0941118 -0.183442
FixedParameters: 0 0 0

#Transform 71
Transform: AffineTransform_float_3_3
Parameters: 0.999999 -0.000175676 -0.000717124 0.000176773 0.999998 0.00204787 0.000717184 -0.00204813 0.999997 -0.0206467 0.0777833 -0.181346
FixedParameters: 0 0 0

#Transform 72
Transform: AffineTransform_float_3_3
Parameters: 0.999999 -0.000286933 -0.000727704 0.000287351 0.999999 0.00155179 0.000727594 -0.00155221 0.999998 -0.0254488 0.0848669 -0.182728
FixedParameters: 0 0 0

#Transform 73
Transform: AffineTransform_float_3_3
Parameters: 0.999999 -0.000598926 -0.000595997 0.000599853 0.999998 0.00199549 0.000595306 -0.00199551 0.999997 -0.00767077 0.0770745 -0.164374
FixedParameters: 0 0 0

#Transform 74
Transform: AffineTransform_float_3_3
Parameters: 0.999999 -0.000354131 -0.000699308 0.000355468 0.999998 0.00161511 0.000698553 -0.00161489 0.999999 -0.0153843 0.0919564 -0.169948
FixedParameters: 0 0 0

#Transform 75
Transform: AffineTransform_float_3_3
Parameters: 0.999999 -0.000450612 -0.000658599 0.000451372 0.999998 0.00197555 0.000657599 -0.00197545 0.999997 -0.0270696 0.0853176 -0.163291
FixedParameters: 0 0 0

#Transform 76
Transform: AffineTransform_float_3_3
Parameters: 0.999999 -0.000324645 -0.000711768 0.000325121 0.999998 0.00162813 0.000711492 -0.00162787 0.999999 -0.0142147 0.105848 -0.154945
FixedParameters: 0 0 0

#Transform 77
Transform: AffineTransform_float_3_3
Parameters: 0.999999 -0.000627977 -0.000663913 0.000629157 0.999999 0.00158379 0.000662313 -0.00158321 0.999999 -0.0356021 0.100986 -0.154969
FixedParameters: 0 0 0

#Transform 78
Transform: AffineTransform_float_3_3
Parameters: 1 -0.000419491 -0.000504491 0.000420139 0.999998 0.00155579 0.000503575 -0.00155621 0.999998 -0.021113 0.102257 -0.135489
FixedParameters: 0 0 0

#Transform 79
Transform: AffineTransform_float_3_3
Parameters: 1 -0.000566797 -0.000372781 0.000567479 0.999998 0.00162663 0.000372247 -0.00162636 0.999998 -0.0249638 0.11015 -0.155593
FixedParameters: 0 0 0

#Transform 80
Transform: AffineTransform_float_3_3
Parameters: 0.999999 -0.000719989 -0.000630603 0.000720943 0.999998 0.00190739 0.000629556 -0.00190761 0.999998 -0.0202052 0.0993409 -0.169029
FixedParameters: 0 0 0

#Transform 81
Transform: AffineTransform_float_3_3
Parameters: 0.999999 -0.000667545 -0.000506146 0.00066789 0.999998 0.00177366 0.000505478 -0.00177434 0.999999 -0.00727947 0.101089 -0.167169
FixedParameters: 0 0 0

#Transform 82
Transform: AffineTransform_float_3_3
Parameters: 0.999999 -0.000667416 -0.000506315 0.000668018 0.999997 0.00202766 0.000505309 -0.00202834 0.999998 -0.00726867 0.0852383 -0.167587
FixedParameters: 0 0 0

#Transform 83
Transform: AffineTransform_float_3_3
Parameters: 0.999999 -0.000748128 -0.00069679 0.000748677 0.999998 0.00171648 0.000695002 -0.00171752 0.999999 -0.00234016 0.0790635 -0.170118
FixedParameters: 0 0 0

#Transform 84
Transform: AffineTransform_float_3_3
Parameters: 0.999999 -0.000470284 -0.000589512 0.000471703 0.999998 0.00198672 0.000588031 -0.00198728 0.999998 -0.0102372 0.0957682 -0.184284
FixedParameters: 0 0 0

#Transform 85
Transform: AffineTransform_float_3_3
Parameters: 0.999999 -0.000667593 -0.000506083 0.000667842 0.999998 0.00168087 0.000505541 -0.00168013 0.999998 -0.0202557 0.102214 -0.156349
FixedParameters: 0 0 0

#Transform 86
Transform: AffineTransform_float_3_3
Parameters: 0.999999 -0.000523774 -0.000566904 0.000524991 0.999998 0.0018877 0.000565315 -0.0018883 0.999998 -0.00948791 0.092208 -0.161715
FixedParameters: 0 0 0

#Transform 87
Transform: AffineTransform_float_3_3
Parameters: 0.999999 -0.000740112 -0.000678622 0.000741457 0.999998 0.00206171 0.00067727 -0.0020613 0.999998 -0.0177608 0.0982855 -0.174665
FixedParameters: 0 0 0

#Transform 88
Transform: AffineTransform_float_3_3
Parameters: 0.999999 -0.000357044 -0.000637304 0.00035758 0.999998 0.00186577 0.000636752 -0.00186623 0.999998 -0.0209564 0.104157 -0.17131
FixedParameters: 0 0 0

#Transform 89
Transform: AffineTransform_float_3_3
Parameters: 0.999999 -0.00045378 -0.000596453 0.000455069 0.999998 0.00185373 0.000595158 -0.00185427 0.999998 -0.0160717 0.0880838 -0.15369
FixedParameters: 0 0 0

#Transform 90
Transform: AffineTransform_float_3_3
Parameters: 0.999999 -0.000667397 -0.00050634 0.000668037 0.999997 0.00206566 0.000505283 -0.00206634 0.999997 -0.0307844 0.0836651 -0.148154
FixedParameters: 0 0 0

#Transform 91
Transform: AffineTransform_float_3_3
Parameters: 0.999999 -0.00061537 -0.000764732 0.000616113 0.999999 0.00143353 0.000764668 -0.00143447 0.999998 -0.0108915 0.101302 -0.13498
FixedParameters: 0 0 0

#Transform 92
Transform: AffineTransform_float_3_3
Parameters: 0.999999 -0.000667464 -0.000506252 0.00066797 0.999998 0.00193366 0.000505371 -0.00193434 0.999998 -0.0376398 0.0896633 -0.157411
FixedParameters: 0 0 0

#Transform 93
Transform: AffineTransform_float_3_3
Parameters: 0.999999 -0.000667626 -0.00050604 0.000667417 0.999998 0.00161587 0.000504665 -0.00161513 0.999999 -0.0183526 0.0832104 -0.14122
FixedParameters: 0 0 0

#Transform 94
Transform: AffineTransform_float_3_3
Parameters: 0.999999 -0.000700827 -0.000585585 0.000701814 0.999998 0.0020828 0.000584366 -0.0020822 0.999998 -0.0292613 0.0792588 -0.172757
FixedParameters: 0 0 0

#Transform 95
Transform: AffineTransform_float_3_3
Parameters: 0.999999 -0.000724386 -0.000640603 0.00072475 0.999999 0.00172254 0.000638888 -0.00172346 0.999999 -0.00382484 0.0922448 -0.143609
FixedParameters: 0 0 0

#Transform 96
Transform: AffineTransform_float_3_3
Parameters: 1 -0.000766971 -0.000742162 0.000768518 0.999997 0.00202079 0.000740761 -0.00202121 0.999998 -0.0229482 0.0823771 -0.160731
FixedParameters: 0 0 0

#Transform 97
Transform: AffineTransform_float_3_3
Parameters: 1 -0.000767582 -0.000742854 0.000768297 0.999998 0.00172243 0.000740989 -0.00172357 0.999998 -0.0137331 0.0883618 -0.148489
FixedParameters: 0 0 0

#Transform 98
Transform: AffineTransform_float_3_3
Parameters: 1 -0.00076239 -0.000731018 0.000763723 0.999998 0.00190529 0.000729812 -0.00190571 0.999997 -0.0191415 0.0992798 -0.171358
FixedParameters: 0 0 0

#Transform 99
Transform: AffineTransform_float_3_3
Parameters: 1 -0.000768788 -0.000745577 0.000769827 0.999998 0.00166979 0.00074471 -0.00167021 0.999999 -0.0192464 0.0999313 -0.140845
FixedParameters: 0 0 0

#Transform 100
Transform: AffineTransform_float_3_3
Parameters: 0.999999 -0.000725943 -0.000644288 0.000726711 0.999999 0.00172253 0.000643487 -0.00172347 0.999999 -0.014603 0.105019 -0.145339
FixedParameters: 0 0 0

#Transform 101
Transform: AffineTransform_float_3_3
Parameters: 0.999999 -0.000635132 -0.00042986 0.000635441 0.999997 0.00204773 0.00042896 -0.00204827 0.999998 -0.009261 0.0889554 -0.153189
FixedParameters: 0 0 0

#Transform 102
Transform: AffineTransform_float_3_3
Parameters: 0.999999 -0.0010743 -0.00073925 0.00107586 0.999998 0.00177505 0.000738055 -0.00177595 0.999998 -0.0108083 0.0807683 -0.158529
FixedParameters: 0 0 0

#Transform 103
Transform: AffineTransform_float_3_3
Parameters: 1 -0.000783537 -0.000780623 0.000784775 0.999998 0.00172239 0.000779622 -0.00172361 0.999998 -0.0086106 0.0900432 -0.156245
FixedParameters: 0 0 0

#Transform 104
Transform: AffineTransform_float_3_3
Parameters: 1 -0.000802836 -0.000687863 0.000803544 0.999998 0.0018553 0.000685664 -0.0018557 0.999998 -0.0310264 0.0930128 -0.182953
FixedParameters: 0 0 0

#Transform 105
Transform: AffineTransform_float_3_3
Parameters: 0.999999 -0.000753032 -0.000708929 0.000753931 0.999998 0.00193447 0.000706795 -0.00193553 0.999998 -0.0161257 0.101564 -0.157929
FixedParameters: 0 0 0

#Transform 106
Transform: AffineTransform_float_3_3
Parameters: 0.999999 -0.000753173 -0.00070878 0.00075379 0.999998 0.00173547 0.000706945 -0.00173653 0.999998 -0.0267286 0.110594 -0.149359
FixedParameters: 0 0 0

#Transform 107
Transform: AffineTransform_float_3_3
Parameters: 1 -0.000552777 -0.000234357 0.000553047 0.999999 0.00170987 0.000233778 -0.00171013 0.999999 -0.0473809 0.111869 -0.142958
FixedParameters: 0 0 0

#Transform 108
Transform: AffineTransform_float_3_3
Parameters: 0.999999 -0.000661499 -0.000491165 0.00066196 0.999999 0.00140867 0.000489691 -0.00140932 0.999999 -0.0298704 0.11532 -0.129755
FixedParameters: 0 0 0

#Transform 109
Transform: AffineTransform_float_3_3
Parameters: 1 -0.00102445 -0.000512521 0.00102538 0.999998 0.00142947 0.000510901 -0.00143052 0.999999 -0.0409765 0.106883 -0.12931
FixedParameters: 0 0 0

#Transform 110
Transform: AffineTransform_float_3_3
Parameters: 0.999999 -0.000696254 -0.000226804 0.000696398 0.999999 0.00148869 0.000226043 -0.00148831 0.999998 -0.0242811 0.0961583 -0.12299
FixedParameters: 0 0 0

#Transform 111
Transform: AffineTransform_float_3_3
Parameters: 0.999999 -0.000794983 -0.00048925 0.000796226 0.999998 0.00181361 0.000487675 -0.00181439 0.999998 -0.0375094 0.0999214 -0.146909
FixedParameters: 0 0 0

#Transform 112
Transform: AffineTransform_float_3_3
Parameters: 1 -0.00104415 -0.000433871 0.0010455 0.999998 0.00171755 0.000432513 -0.00171845 0.999999 -0.0131702 0.101913 -0.124418
FixedParameters: 0 0 0

#Transform 113
Transform: AffineTransform_float_3_3
Parameters: 1 -0.000977184 -0.000303706 0.000976803 0.999998 0.00176455 0.00030196 -0.00176445 0.999998 -0.0167421 0.111061 -0.14446
FixedParameters: 0 0 0

#Transform 114
Transform: AffineTransform_float_3_3
Parameters: 0.999999 -0.000682687 -0.000542115 0.000683226 0.999999 0.00183648 0.000541308 -0.00183652 0.999998 -0.0316969 0.109542 -0.142361
FixedParameters: 0 0 0

#Transform 115
Transform: AffineTransform_float_3_3
Parameters: 1 -0.000920938 -0.000663984 0.000921828 0.999998 0.00176424 0.000662435 -0.00176476 0.999998 -0.0119655 0.0879054 -0.131295
FixedParameters: 0 0 0

#Transform 116
Transform: AffineTransform_float_3_3
Parameters: 1 -0.000828133 -0.000537217 0.000828793 0.999997 0.00196655 0.00053566 -0.00196744 0.999998 -0.0392565 0.0860599 -0.156504
FixedParameters: 0 0 0

#Transform 117
Transform: AffineTransform_float_3_3
Parameters: 0.999999 -0.00115443 -0.000733617 0.00115596 0.999998 0.001764 0.000732163 -0.001765 0.999998 -0.00578442 0.0880684 -0.12664
FixedParameters: 0 0 0

#Transform 118
Transform: AffineTransform_float_3_3
Parameters: 1 -0.000876798 -0.000652309 0.000877811 0.999998 0.00189028 0.000650694 -0.00189072 0.999998 -0.0131374 0.0813292 -0.144476
FixedParameters: 0 0 0

#Transform 119
Transform: AffineTransform_float_3_3
Parameters: 1 -0.000967759 -0.000667044 0.000969659 0.999998 0.00182335 0.000664822 -0.00182464 0.999998 -0.0101082 0.102062 -0.136184
FixedParameters: 0 0 0

#Transform 120
Transform: AffineTransform_float_3_3
Parameters: 0.999999 -0.000864125 -0.000465551 0.000865384 0.999998 0.00192544 0.000463532 -0.00192555 0.999998 -0.0257322 0.081906 -0.155426
FixedParameters: 0 0 0

#Transform 121
Transform: AffineTransform_float_3_3
Parameters: 0.999999 -0.00108523 -0.000659722 0.0010861 0.999998 0.00176413 0.000657593 -0.00176487 0.999998 -0.00585014 0.100013 -0.14234
FixedParameters: 0 0 0

#Transform 122
Transform: AffineTransform_float_3_3
Parameters: 0.999999 -0.00103134 -0.000681474 0.00103243 0.999998 0.00186614 0.000679324 -0.00186685 0.999998 -0.00659072 0.0932687 -0.1528
FixedParameters: 0 0 0

#Transform 123
Transform: AffineTransform_float_3_3
Parameters: 0.999999 -0.00105618 -0.000648375 0.00105784 0.999997 0.00210352 0.000646551 -0.00210348 0.999998 -0.0278764 0.0820496 -0.159113
FixedParameters: 0 0 0

#Transform 124
Transform: AffineTransform_float_3_3
Parameters: 1 -0.000965788 -0.000564775 0.00096643 0.999998 0.0018553 0.000562892 -0.0018557 0.999998 -0.0166437 0.0944951 -0.146564
FixedParameters: 0 0 0

#Transform 125
Transform: AffineTransform_float_3_3
Parameters: 0.999999 -0.00106937 -0.000617821 0.00107087 0.999997 0.0020727 0.000616007 -0.0020733 0.999998 -0.0330337 0.0983786 -0.155568
FixedParameters: 0 0 0

#Transform 126
Transform: AffineTransform_float_3_3
Parameters: 1 -0.000945568 -0.000398477 0.000946441 0.999998 0.00176447 0.000396449 -0.00176453 0.999998 -0.0275528 0.101474 -0.143597
FixedParameters: 0 0 0

#Transform 127
Transform: AffineTransform_float_3_3
Parameters: 1 -0.00101832 -0.000658907 0.00101961 0.999997 0.00207954 0.000656371 -0.00207946 0.999998 -0.0251984 0.0925497 -0.15135
FixedParameters: 0 0 0

#Transform 128
Transform: AffineTransform_float_3_3
Parameters: 0.999999 -0.00118513 -0.000456929 0.00118666 0.999998 0.00183231 0.000454815 -0.00183269 0.999998 -0.0220897 0.106271 -0.136834
FixedParameters: 0 0 0

#Transform 129
Transform: AffineTransform_float_3_3
Parameters: 1 -0.0010214 -0.000625036 0.00102293 0.999997 0.00206872 0.000623428 -0.00206928 0.999998 -0.0148304 0.0752822 -0.137873
FixedParameters: 0 0 0

#Transform 130
Transform: AffineTransform_float_3_3
Parameters: 1 -0.00106401 -0.000557884 0.00106535 0.999998 0.00167525 0.000555628 -0.00167575 0.999999 -0.0254944 0.0891536 -0.120166
FixedParameters: 0 0 0

#Transform 131
Transform: AffineTransform_float_3_3
Parameters: 1 -0.00106036 -0.000559386 0.00106164 0.999999 0.00162326 0.000557252 -0.00162375 0.999999 -0.0151671 0.0938813 -0.125944
FixedParameters: 0 0 0

#Transform 132
Transform: AffineTransform_float_3_3
Parameters: 1 -0.000980523 -0.000321783 0.000981086 0.999998 0.00170253 0.000319755 -0.00170247 0.999999 -0.0328323 0.0985289 -0.131884
FixedParameters: 0 0 0

#Transform 133
Transform: AffineTransform_float_3_3
Parameters: 0.999999 -0.00120657 -0.000404067 0.00120722 0.999999 0.001458 0.000401858 -0.001459 0.999999 -0.0109564 0.105088 -0.110407
FixedParameters: 0 0 0

#Transform 134
Transform: AffineTransform_float_3_3
Parameters: 1 -0.00114544 -0.000251993 0.00114571 0.999998 0.0015892 0.000249662 -0.0015898 0.999998 -0.0213533 0.0978918 -0.119271
FixedParameters: 0 0 0

#Transform 135
Transform: AffineTransform_float_3_3
Parameters: 0.999999 -0.00123515 -0.00041081 0.0012361 0.999998 0.00180634 0.000407657 -0.00180666 0.999998 -0.0278592 0.0836446 -0.11483
FixedParameters: 0 0 0

#Transform 136
Transform: AffineTransform_float_3_3
Parameters: 0.999999 -0.00120588 -0.00049792 0.00120699 0.999998 0.00165125 0.000495246 -0.00165175 0.999999 -0.0200899 0.0917059 -0.130092
FixedParameters: 0 0 0

#Transform 137
Transform: AffineTransform_float_3_3
Parameters: 0.999999 -0.00125638 -0.00047695 0.00125722 0.999998 0.00199889 0.000474547 -0.00200011 0.999998 -0.0278546 0.0756936 -0.128974
FixedParameters: 0 0 0

#Transform 138
Transform: AffineTransform_float_3_3
Parameters: 0.999999 -0.00125106 -0.00047874 0.00125202 0.999998 0.00156425 0.000476135 -0.00156475 0.999999 -0.0053166 0.0861418 -0.105651
FixedParameters: 0 0 0

#Transform 139
Transform: AffineTransform_float_3_3
Parameters: 0.999999 -0.0012401 -0.000424908 0.00124142 0.999998 0.00171747 0.000422876 -0.00171853 0.999999 -0.0257161 0.0955632 -0.117212
FixedParameters: 0 0 0

#Transform 140
Transform: AffineTransform_float_3_3
Parameters: 0.999999 -0.00122923 -0.000453588 0.00122991 0.999997 0.00191529 0.0004515 -0.00191571 0.999998 -0.030312 0.0925144 -0.11221
FixedParameters: 0 0 0

#Transform 141
Transform: AffineTransform_float_3_3
Parameters: 0.999999 -0.0012743 -0.000556854 0.00127551 0.999998 0.00156414 0.000554176 -0.00156486 0.999999 -0.0158469 0.10441 -0.120329
FixedParameters: 0 0 0

#Transform 142
Transform: AffineTransform_float_3_3
Parameters: 0.999999 -0.00121876 -0.000372304 0.00121915 0.999997 0.00195739 0.000370154 -0.0019576 0.999998 -0.0344304 0.0998991 -0.133548
FixedParameters: 0 0 0

#Transform 143
Transform: AffineTransform_float_3_3
Parameters: 0.999999 -0.00125882 -0.000440834 0.00125884 0.999998 0.00167045 0.000438329 -0.00167155 0.999999 -0.027899 0.109248 -0.112671
FixedParameters: 0 0 0

#Transform 144
Transform: AffineTransform_float_3_3
Parameters: 1 -0.00109016 -0.000514172 0.00109032 0.999998 0.00156465 0.000512463 -0.00156435 0.999999 -0.0260801 0.115714 -0.12498
FixedParameters: 0 0 0

#Transform 145
Transform: AffineTransform_float_3_3
Parameters: 1 -0.00116514 -0.000363358 0.00116634 0.999998 0.00185442 0.000361266 -0.00185457 0.999998 -0.0407797 0.0853617 -0.135388
FixedParameters: 0 0 0

#Transform 146
Transform: AffineTransform_float_3_3
Parameters: 0.999999 -0.00125027 -0.000490087 0.0012505 0.999997 0.00171539 0.000487497 -0.00171661 0.999999 -0.0137501 0.0857358 -0.117387
FixedParameters: 0 0 0

#Transform 147
Transform: AffineTransform_float_3_3
Parameters: 0.999999 -0.0011918 -0.000352261 0.00119215 0.999998 0.00201007 0.000350091 -0.00201093 0.999998 -0.0364121 0.0859218 -0.133354
FixedParameters: 0 0 0

#Transform 148
Transform: AffineTransform_float_3_3
Parameters: 0.999999 -0.00128261 -0.000566451 0.00128302 0.999998 0.00164312 0.000563937 -0.00164388 0.999999 -0.0133611 0.0870495 -0.109971
FixedParameters: 0 0 0

#Transform 149
Transform: AffineTransform_float_3_3
Parameters: 0.999999 -0.00133348 -0.000687349 0.00133491 0.999997 0.00181393 0.00068513 -0.00181507 0.999998 -0.018603 0.0799095 -0.133189
FixedParameters: 0 0 0

#Transform 150
Transform: AffineTransform_float_3_3
Parameters: 0.999999 -0.00133125 -0.000409025 0.00133146 0.999998 0.0015643 0.000407481 -0.0015647 0.999999 -0.0089023 0.0915239 -0.104656
FixedParameters: 0 0 0

#Transform 151
Transform: AffineTransform_float_3_3
Parameters: 0.999999 -0.0014773 -0.000549331 0.00147804 0.999997 0.00164704 0.000547085 -0.00164796 0.999999 0.000812994 0.0855335 -0.114059
FixedParameters: 0 0 0

#Transform 152
Transform: AffineTransform_float_3_3
Parameters: 0.999999 -0.00146203 -0.00051365 0.00146283 0.999997 0.0018141 0.000510966 -0.0018149 0.999998 -0.0200836 0.0811594 -0.114164
FixedParameters: 0 0 0

#Transform 153
Transform: AffineTransform_float_3_3
Parameters: 0.999998 -0.00162367 -0.000376757 0.00162477 0.999997 0.00165008 0.000373629 -0.00164991 0.999998 0.0010678 0.0880414 -0.108972
FixedParameters: 0 0 0

#Transform 154
Transform: AffineTransform_float_3_3
Parameters: 0.999999 -0.00172211 -0.000497165 0.00172324 0.999997 0.00181348 0.000494458 -0.00181452 0.999998 -0.0112462 0.0812896 -0.11454
FixedParameters: 0 0 0

#Transform 155
Transform: AffineTransform_float_3_3
Parameters: 0.999998 -0.00157005 -0.000563366 0.00157086 0.999997 0.00166996 0.000560742 -0.00167103 0.999999 -0.00613948 0.0920313 -0.0976698
FixedParameters: 0 0 0

#Transform 156
Transform: AffineTransform_float_3_3
Parameters: 0.999998 -0.00184842 -0.00065402 0.0018494 0.999997 0.00156349 0.000650859 -0.00156451 0.999998 -0.00445592 0.0868475 -0.109872
FixedParameters: 0 0 0

#Transform 157
Transform: AffineTransform_float_3_3
Parameters: 0.999998 -0.00205684 -0.000448997 0.00205772 0.999996 0.00173141 0.000445414 -0.00173258 0.999998 -0.0111036 0.0861259 -0.109547
FixedParameters: 0 0 0

#Transform 158
Transform: AffineTransform_float_3_3
Parameters: 0.999998 -0.00187838 -0.000676099 0.00187982 0.999997 0.00156343 0.000673764 -0.00156457 0.999998 0.0117383 0.0880522 -0.114535
FixedParameters: 0 0 0

#Transform 159
Transform: AffineTransform_float_3_3
Parameters: 0.999998 -0.00205402 -0.000450407 0.00205501 0.999996 0.00184941 0.000446348 -0.00185058 0.999998 0.00109533 0.0886372 -0.136298
FixedParameters: 0 0 0

#Transform 160
Transform: AffineTransform_float_3_3
Parameters: 0.999997 -0.00219317 -0.000391407 0.00219386 0.999996 0.00173248 0.000387348 -0.00173352 0.999998 0.00448034 0.095756 -0.112369
FixedParameters: 0 0 0

#Transform 161
Transform: AffineTransform_float_3_3
Parameters: 0.999998 -0.00189374 -0.000518072 0.00189497 0.999997 0.00183536 0.000514658 -0.00183664 0.999998 -0.00286262 0.086278 -0.135409
FixedParameters: 0 0 0

#Transform 162
Transform: AffineTransform_float_3_3
Parameters: 0.999998 -0.00191218 -0.000510245 0.00191335 0.999997 0.00181136 0.000506856 -0.00181264 0.999998 -0.0127376 0.0905972 -0.117801
FixedParameters: 0 0 0

#Transform 163
Transform: AffineTransform_float_3_3
Parameters: 0.999998 -0.0016833 -0.000404624 0.00168351 0.999997 0.00156402 0.00040198 -0.00156398 0.999999 -0.0057249 0.103885 -0.10723
FixedParameters: 0 0 0

#Transform 164
Transform: AffineTransform_float_3_3
Parameters: 0.999998 -0.00189741 -0.000516565 0.00189866 0.999996 0.00186136 0.000513039 -0.00186264 0.999998 -0.0100947 0.0993742 -0.119724
FixedParameters: 0 0 0

#Transform 165
Transform: AffineTransform_float_3_3
Parameters: 0.999998 -0.00179729 -0.000674701 0.00179848 0.999996 0.00166964 0.000671317 -0.00167136 0.999998 0.00989096 0.102822 -0.10797
FixedParameters: 0 0 0

#Transform 166
Transform: AffineTransform_float_3_3
Parameters: 0.999997 -0.00207702 -0.000440853 0.00207804 0.999996 0.00193178 0.000436368 -0.00193222 0.999998 -0.0187086 0.0907419 -0.121428
FixedParameters: 0 0 0

#Transform 167
Transform: AffineTransform_float_3_3
Parameters: 0.999997 -0.00215683 -0.000476992 0.00215726 0.999996 0.00156331 0.000472867 -0.00156469 0.999999 -0.00190503 0.0905941 -0.105168
FixedParameters: 0 0 0

#Transform 168
Transform: AffineTransform_float_3_3
Parameters: 0.999997 -0.00220319 -0.000387779 0.00220356 0.999996 0.00202849 0.000383692 -0.00202952 0.999998 -0.0113973 0.0677294 -0.11511
FixedParameters: 0 0 0

#Transform 169
Transform: AffineTransform_float_3_3
Parameters: 0.999997 -0.00232131 -0.000336691 0.00232162 0.999996 0.00146256 0.000333442 -0.00146344 0.999999 0.00324286 0.0967399 -0.0866811
FixedParameters: 0 0 0

#Transform 170
Transform: AffineTransform_float_3_3
Parameters: 0.999997 -0.00216463 -0.000403425 0.00216533 0.999996 0.00171131 0.000399557 -0.00171169 0.999998 -0.00706688 0.0798853 -0.11056
FixedParameters: 0 0 0

#Transform 171
Transform: AffineTransform_float_3_3
Parameters: 0.999997 -0.00216475 -0.000402765 0.00216574 0.999997 0.00140647 0.000398904 -0.00140753 0.999999 0.0285711 0.0952133 -0.093342
FixedParameters: 0 0 0

#Transform 172
Transform: AffineTransform_float_3_3
Parameters: 0.999997 -0.00216458 -0.000403646 0.00216537 0.999996 0.00181346 0.000399334 -0.00181453 0.999998 0.00121978 0.0735007 -0.0775643
FixedParameters: 0 0 0

#Transform 173
Transform: AffineTransform_float_3_3
Parameters: 0.999997 -0.00249261 -0.000264516 0.00249276 0.999996 0.00156317 0.000260265 -0.00156383 0.999999 0.00676206 0.0819166 -0.088748
FixedParameters: 0 0 0

#Transform 174
Transform: AffineTransform_float_3_3
Parameters: 0.999997 -0.00247297 -0.000255476 0.00247411 0.999994 0.00203571 0.000250788 -0.00203629 0.999998 -0.00930184 0.0727108 -0.108804
FixedParameters: 0 0 0

#Transform 175
Transform: AffineTransform_float_3_3
Parameters: 0.999997 -0.0024363 -0.000234032 0.00243767 0.999996 0.00156326 0.000230485 -0.00156374 0.999999 0.00114192 0.0911395 -0.104397
FixedParameters: 0 0 0

#Transform 176
Transform: AffineTransform_float_3_3
Parameters: 0.999998 -0.00220393 -0.000496464 0.00220496 0.999996 0.00171124 0.000492459 -0.00171275 0.999998 -0.00483053 0.0926597 -0.119417
FixedParameters: 0 0 0

#Transform 177
Transform: AffineTransform_float_3_3
Parameters: 0.999997 -0.00215761 -0.0003869 0.00215828 0.999996 0.0017375 0.000382942 -0.00173849 0.999998 -0.0164969 0.0843297 -0.104147
FixedParameters: 0 0 0

#Transform 178
Transform: AffineTransform_float_3_3
Parameters: 0.999997 -0.00235134 -0.000552623 0.00235208 0.999996 0.00175989 0.000549196 -0.00176112 0.999999 0.000304738 0.0806691 -0.111553
FixedParameters: 0 0 0

#Transform 179
Transform: AffineTransform_float_3_3
Parameters: 0.999997 -0.00239005 -0.000436924 0.00239059 0.999995 0.00199814 0.000432224 -0.00199886 0.999998 -0.00361466 0.0757495 -0.122892
FixedParameters: 0 0 0
