#Insight Transform File V1.0
#Transform 0
Transform: AffineTransform_float_3_3
Parameters: 1 2.08505e-05 -7.01833e-06 -2.08513e-05 1 -5.89999e-05 7.01587e-06 5.90001e-05 1 0.0344321 -0.172531 -0.278925
FixedParameters: 0 0 0

#Transform 1
Transform: AffineTransform_float_3_3
Parameters: 1 5.49232e-05 -0.000237974 -5.50184e-05 1 -0.000199987 0.000237952 0.000200013 1 -0.00420798 0.0769602 0.0315437
FixedParameters: 0 0 0

#Transform 2
Transform: AffineTransform_float_3_3
Parameters: 1 6.14817e-05 -0.000218112 -6.18559e-05 0.999999 -0.000857986 0.000218006 0.000858013 0.999999 0.012122 0.129777 0.0334054
FixedParameters: 0 0 0

#Transform 3
Transform: AffineTransform_float_3_3
Parameters: 1 0.000121299 -4.08725e-05 -0.00012133 1 -0.000376995 4.0781e-05 0.000377005 1 -0.0116033 0.136013 0.00617235
FixedParameters: 0 0 0

#Transform 4
Transform: AffineTransform_float_3_3
Parameters: 1 2.43448e-06 -0.000393398 -2.88846e-06 1 -0.000576999 0.000393395 0.000577001 1 0.0149801 0.136268 0.01582
FixedParameters: 0 0 0

#Transform 5
Transform: AffineTransform_float_3_3
Parameters: 1 -1.63777e-05 -0.000449307 1.59365e-05 1 -0.000491007 0.000449323 0.000490993 1 -0.0097297 0.137662 -0.00632269
FixedParameters: 0 0 0

#Transform 6
Transform: AffineTransform_float_3_3
Parameters: 1 -0.00032618 -0.000344918 0.000325974 1 -0.000298112 0.000345112 0.000297887 1 -0.0201744 0.140258 -0.00807397
FixedParameters: 0 0 0

#Transform 7
Transform: AffineTransform_float_3_3
Parameters: 1 1.17733e-05 -0.00056008 -1.1877e-05 1 -0.000376993 0.000561019 0.000377007 1 -0.00531392 0.140379 0.000698494
FixedParameters: 0 0 0

#Transform 8
Transform: AffineTransform_float_3_3
Parameters: 0.999999 -0.000119201 -0.000753445 0.000117885 0.999999 -0.000872787 0.000753652 0.000873213 1 -0.00373093 0.150382 0.0293704
FixedParameters: 0 0 0

#Transform 9
Transform: AffineTransform_float_3_3
Parameters: 1 -5.13934e-05 -0.000552578 5.04539e-05 0.999999 -0.000850027 0.000552664 0.000849971 0.999999 -0.0101293 0.159908 0.0345759
FixedParameters: 0 0 0

#Transform 10
Transform: AffineTransform_float_3_3
Parameters: 1 8.54104e-05 -0.000147082 -8.5771e-05 0.999999 -0.00122699 0.000146872 0.00122701 0.999999 -0.0249222 0.16796 0.0614831
FixedParameters: 0 0 0

#Transform 11
Transform: AffineTransform_float_3_3
Parameters: 1 -1.63476e-05 -0.000449308 1.59666e-05 1 -0.000424007 0.000449322 0.000423993 1 -0.0143758 0.125216 0.0410447
FixedParameters: 0 0 0

#Transform 12
Transform: AffineTransform_float_3_3
Parameters: 1 -4.64546e-05 -0.000272433 4.61892e-05 1 -0.000487012 0.000272478 0.000486987 1 -0.0208371 0.133549 0.00495561
FixedParameters: 0 0 0

#Transform 13
Transform: AffineTransform_float_3_3
Parameters: 1 8.83131e-05 -0.000138542 -8.82917e-05 1 -0.00107099 0.0001393 0.00107101 1 -0.0202433 0.138816 0.0501372
FixedParameters: 0 0 0

#Transform 14
Transform: AffineTransform_float_3_3
Parameters: 1 -1.65508e-05 -0.0004493 1.57631e-05 0.999999 -0.000876905 0.000449329 0.000876094 0.999999 -0.0118777 0.144562 0.0223241
FixedParameters: 0 0 0

#Transform 15
Transform: AffineTransform_float_3_3
Parameters: 1 -1.66384e-05 -0.000449297 1.5676e-05 1 -0.00107101 0.000449332 0.00107099 1 -0.0240488 0.157189 0.0243265
FixedParameters: 0 0 0

#Transform 16
Transform: AffineTransform_float_3_3
Parameters: 1 -0.000161727 -0.000400288 0.000161552 0.999999 -0.00140206 0.000400422 0.00140194 0.999999 -0.0123822 0.184469 0.0398641
FixedParameters: 0 0 0

#Transform 17
Transform: AffineTransform_float_3_3
Parameters: 1 -0.000166366 -0.000454667 0.000165133 0.999999 -0.00135508 0.000455116 0.00135492 0.999999 -0.00679765 0.161395 0.0450463
FixedParameters: 0 0 0

#Transform 18
Transform: AffineTransform_float_3_3
Parameters: 1 -0.000308526 -0.000232587 0.000307879 0.999999 -0.000707071 0.000232075 0.000706928 0.999999 -0.0181633 0.14699 0.0118304
FixedParameters: 0 0 0

#Transform 19
Transform: AffineTransform_float_3_3
Parameters: 1 -0.000373017 -0.00054851 0.000372966 0.999999 -0.000909902 0.00054887 0.000910098 1 -0.0205634 0.15222 0.0196074
FixedParameters: 0 0 0

#Transform 20
Transform: AffineTransform_float_3_3
Parameters: 1 -0.000270119 -0.000522033 0.000270162 0.999999 -0.000865839 0.000522181 0.000866161 1 -0.0125712 0.156853 0.00724227
FixedParameters: 0 0 0

#Transform 21
Transform: AffineTransform_float_3_3
Parameters: 1 -0.000129085 -0.000347993 0.000128433 0.999999 -0.000936044 0.000348234 0.000935954 0.999999 -0.00483398 0.166057 0.0104605
FixedParameters: 0 0 0

#Transform 22
Transform: AffineTransform_float_3_3
Parameters: 1 -0.00019482 -0.000164296 0.000194457 1 -0.00110503 0.000164726 0.00110497 1 -0.00978401 0.163815 0.0133468
FixedParameters: 0 0 0

#Transform 23
Transform: AffineTransform_float_3_3
Parameters: 1 -0.00019236 -2.58749e-05 0.000192324 0.999999 -0.000698005 2.61434e-05 0.000697995 1 -0.0103336 0.157865 -0.0240842
FixedParameters: 0 0 0

#Transform 24
Transform: AffineTransform_float_3_3
Parameters: 1 -0.000195257 -0.000300341 0.000194803 0.999999 -0.000756058 0.000300636 0.000755941 0.999999 -0.0131524 0.15829 -0.0239512
FixedParameters: 0 0 0

#Transform 25
Transform: AffineTransform_float_3_3
Parameters: 1 -0.000174356 -0.000275714 0.000174769 0.999999 -0.000969746 0.000275734 0.000970254 1 -0.0136285 0.152865 -0.000454275
FixedParameters: 0 0 0

#Transform 26
Transform: AffineTransform_float_3_3
Parameters: 1 -3.47299e-05 -0.000503311 3.39457e-05 0.999999 -0.000779017 0.000503364 0.000778982 0.999999 0.0031239 0.158684 -0.0220702
FixedParameters: 0 0 0

#Transform 27
Transform: AffineTransform_float_3_3
Parameters: 1 -0.000255259 -0.000258946 0.000254731 1 -0.00101707 0.000259465 0.00101693 1 -0.0142747 0.155977 0.00597245
FixedParameters: 0 0 0

#Transform 28
Transform: AffineTransform_float_3_3
Parameters: 1 -0.000248418 -0.000295043 0.000247865 0.999999 -0.000937072 0.000295508 0.000936926 0.999999 -0.0106463 0.162382 -0.00429819
FixedParameters: 0 0 0

#Transform 29
Transform: AffineTransform_float_3_3
Parameters: 1 -0.000480375 -0.000194763 0.000480187 1 -0.000482093 0.000195226 0.000481906 1 -0.0189021 0.153325 0.0213319
FixedParameters: 0 0 0

#Transform 30
Transform: AffineTransform_float_3_3
Parameters: 1 -0.00019038 -8.56074e-05 0.000190222 0.999999 -0.000919015 8.59572e-05 0.000918983 0.999999 -0.0129543 0.165826 -0.00347043
FixedParameters: 0 0 0

#Transform 31
Transform: AffineTransform_float_3_3
Parameters: 1 -0.000317836 -0.000374954 0.000317733 0.999999 -0.00140022 0.000375525 0.00140078 0.999999 -0.00382682 0.177892 0.0280741
FixedParameters: 0 0 0

#Transform 32
Transform: AffineTransform_float_3_3
Parameters: 1 -0.000298821 -0.00015981 0.000298509 0.999999 -0.000972745 0.000160391 0.000973254 1 -0.010982 0.181539 -0.0152355
FixedParameters: 0 0 0

#Transform 33
Transform: AffineTransform_float_3_3
Parameters: 1 -0.000305618 -0.000295815 0.000306093 0.999999 -0.00079909 0.000295985 0.000798909 0.999999 -0.0229843 0.183679 -0.0356823
FixedParameters: 0 0 0

#Transform 34
Transform: AffineTransform_float_3_3
Parameters: 1 -0.000467889 -0.000369737 0.000468068 1 -0.00103817 0.00037039 0.00103783 1 -0.0219032 0.193413 -0.0128947
FixedParameters: 0 0 0

#Transform 35
Transform: AffineTransform_float_3_3
Parameters: 1 -0.000395831 -0.000287415 0.000395765 0.999999 -0.00121011 0.000287107 0.00120989 0.999999 -0.0224074 0.189772 -0.0152872
FixedParameters: 0 0 0

#Transform 36
Transform: AffineTransform_float_3_3
Parameters: 0.999999 -0.000491521 -0.000570701 0.00049113 0.999999 -0.00117228 0.000571534 0.00117172 0.999999 -0.0135328 0.189767 -0.0321207
FixedParameters: 0 0 0

#Transform 37
Transform: AffineTransform_float_3_3
Parameters: 1 -0.000411103 -0.000333005 0.000411113 0.999999 -0.000928835 0.000332503 0.000929166 1 -0.0255211 0.181263 -0.0170553
FixedParameters: 0 0 0

#Transform 38
Transform: AffineTransform_float_3_3
Parameters: 1 -0.000441282 -0.000421948 0.000441217 0.999999 -0.00119919 0.000422688 0.00119881 0.999999 -0.0160201 0.182502 -0.0260092
FixedParameters: 0 0 0

#Transform 39
Transform: AffineTransform_float_3_3
Parameters: 1 -0.00033977 -0.000121743 0.000340508 0.999999 -0.000859041 0.000122008 0.000858958 0.999999 -0.016586 0.17679 -0.0394158
FixedParameters: 0 0 0

#Transform 40
Transform: AffineTransform_float_3_3
Parameters: 1 -0.000406005 -0.000317821 0.000406323 1 -0.00099113 0.000318307 0.000990872 1 -0.0225955 0.180162 -0.0284171
FixedParameters: 0 0 0

#Transform 41
Transform: AffineTransform_float_3_3
Parameters: 1 -0.00030656 -2.25916e-05 0.000307058 0.999996 -0.00285501 2.30767e-05 0.00285499 0.999996 -0.00676309 0.213021 -0.0139463
FixedParameters: 0 0 0

#Transform 42
Transform: AffineTransform_float_3_3
Parameters: 1 -0.000458751 -0.000222444 0.000458334 0.999997 -0.0023451 0.000223328 0.0023449 0.999997 0.00415607 0.201013 -0.00634451
FixedParameters: 0 0 0

#Transform 43
Transform: AffineTransform_float_3_3
Parameters: 0.999999 -0.000726076 -0.000136358 0.000726205 0.999998 -0.0018241 0.000137741 0.0018239 0.999999 -0.0200602 0.207069 -0.0199913
FixedParameters: 0 0 0

#Transform 44
Transform: AffineTransform_float_3_3
Parameters: 1 -0.000382645 -0.000247228 0.00038216 0.999998 -0.0022501 0.000247682 0.00224991 0.999998 -0.0067104 0.205364 -0.0194164
FixedParameters: 0 0 0

#Transform 45
Transform: AffineTransform_float_3_3
Parameters: 1 -0.000415303 -0.000343939 0.000414886 0.999998 -0.00198014 0.000345263 0.00197986 0.999998 -0.0124756 0.204934 -0.016991
FixedParameters: 0 0 0

#Transform 46
Transform: AffineTransform_float_3_3
Parameters: 0.999999 -0.000557977 -0.000505552 0.00055617 0.999997 -0.00240538 0.000506965 0.00240562 0.999997 0.00414515 0.201356 0.00967225
FixedParameters: 0 0 0

#Transform 47
Transform: AffineTransform_float_3_3
Parameters: 1 -0.000372678 -0.000217889 0.000372667 0.999997 -0.00219508 0.000219206 0.00219492 0.999997 -0.00943545 0.205195 -0.0154745
FixedParameters: 0 0 0

#Transform 48
Transform: AffineTransform_float_3_3
Parameters: 0.999999 -0.000782832 -0.000206416 0.000782432 0.999996 -0.00247716 0.000209027 0.00247684 0.999997 -0.0172261 0.21217 -0.0125996
FixedParameters: 0 0 0

#Transform 49
Transform: AffineTransform_float_3_3
Parameters: 0.999999 -0.000710313 -7.72063e-05 0.00071032 0.999998 -0.00195206 7.77649e-05 0.00195195 0.999998 -0.00587231 0.198904 -0.0175952
FixedParameters: 0 0 0

#Transform 50
Transform: AffineTransform_float_3_3
Parameters: 0.999999 -0.000756222 -8.14187e-05 0.000756144 0.999997 -0.00236116 8.27756e-05 0.00236184 0.999997 -0.0124817 0.220458 -0.000710789
FixedParameters: 0 0 0

#Transform 51
Transform: AffineTransform_float_3_3
Parameters: 1 -0.000401453 -0.000301911 0.000401299 0.999996 -0.00286122 0.000302622 0.00286178 0.999995 -0.00433209 0.213636 0.00951618
FixedParameters: 0 0 0

#Transform 52
Transform: AffineTransform_float_3_3
Parameters: 0.999999 -0.000701429 0.000298072 0.000702498 0.999997 -0.00233779 -0.000295738 0.00233821 0.999997 -0.0193441 0.211402 -0.00349599
FixedParameters: 0 0 0

#Transform 53
Transform: AffineTransform_float_3_3
Parameters: 0.999999 -0.000699804 0.00030285 0.000699667 0.999997 -0.00239879 -0.000301069 0.00239921 0.999997 -0.0226167 0.213985 -0.00122442
FixedParameters: 0 0 0

#Transform 54
Transform: AffineTransform_float_3_3
Parameters: 0.999999 -0.000713834 0.000261467 0.000714653 0.999996 -0.00279781 -0.000259366 0.00279819 0.999996 -0.0183405 0.218766 -0.0108094
FixedParameters: 0 0 0

#Transform 55
Transform: AffineTransform_float_3_3
Parameters: 0.999999 -0.000763791 0.000322726 0.000764904 0.999996 -0.00272175 -0.00032046 0.00272225 0.999996 -0.0157445 0.220324 -0.00769802
FixedParameters: 0 0 0

#Transform 56
Transform: AffineTransform_float_3_3
Parameters: 0.999999 -0.000742538 0.000176857 0.000742725 0.999997 -0.00234187 -0.000175274 0.00234213 0.999997 -0.0256681 0.217723 0.00103135
FixedParameters: 0 0 0

#Transform 57
Transform: AffineTransform_float_3_3
Parameters: 0.999999 -0.000692037 0.000325701 0.000692125 0.999997 -0.00257608 -0.000323712 0.00257592 0.999996 -0.0134655 0.219254 -0.0258383
FixedParameters: 0 0 0

#Transform 58
Transform: AffineTransform_float_3_3
Parameters: 0.999999 -0.000805489 -8.79498e-06 0.000804806 0.999997 -0.00229701 1.05983e-05 0.00229699 0.999998 -0.0123786 0.205383 -0.0300881
FixedParameters: 0 0 0

#Transform 59
Transform: AffineTransform_float_3_3
Parameters: 0.999999 -0.000760253 0.000124464 0.000760413 0.999998 -0.00193791 -0.000122464 0.00193809 0.999998 -0.0267123 0.211336 -0.0288403
FixedParameters: 0 0 0

#Transform 60
Transform: AffineTransform_float_3_3
Parameters: 0.999999 -0.000725185 0.000228027 0.000725947 0.999997 -0.00238484 -0.000225514 0.00238516 0.999997 0.020013 0.224114 0.0308059
FixedParameters: 0 0 0

#Transform 61
Transform: AffineTransform_float_3_3
Parameters: 0.999999 -0.000694324 0.00031899 0.000694302 0.999996 -0.00245778 -0.000317153 0.00245822 0.999997 0.000485102 0.232152 0.0398988
FixedParameters: 0 0 0

#Transform 62
Transform: AffineTransform_float_3_3
Parameters: 0.999999 -0.000666015 0.000402385 0.000666476 0.999997 -0.00254804 -0.000400566 0.00254797 0.999996 -0.00737783 0.237805 0.0280614
FixedParameters: 0 0 0

#Transform 63
Transform: AffineTransform_float_3_3
Parameters: 0.999999 -0.00080485 -6.45742e-06 0.000804167 0.999995 -0.002848 9.14437e-06 0.00284799 0.999996 -0.00986855 0.239047 0.052837
FixedParameters: 0 0 0

#Transform 64
Transform: AffineTransform_float_3_3
Parameters: 0.999999 -0.000804849 -6.62404e-06 0.00080417 0.999996 -0.00264101 8.97792e-06 0.002641 0.999997 -0.0149189 0.239729 0.0251407
FixedParameters: 0 0 0

#Transform 65
Transform: AffineTransform_float_3_3
Parameters: 0.999999 -0.000895838 -0.000274551 0.000894659 0.999996 -0.00269935 0.00027717 0.00269965 0.999996 0.0142287 0.226942 0.0475579
FixedParameters: 0 0 0

#Transform 66
Transform: AffineTransform_float_3_3
Parameters: 0.999999 -0.000798745 1.10847e-05 0.000798154 0.999997 -0.00228699 -9.32816e-06 0.00228701 0.999998 -0.00466275 0.222018 0.0142146
FixedParameters: 0 0 0

#Transform 67
Transform: AffineTransform_float_3_3
Parameters: 0.999999 -0.000792964 2.81599e-05 0.000792452 0.999997 -0.00232298 -2.63725e-05 0.00232302 0.999998 -0.00292091 0.211338 0.019316
FixedParameters: 0 0 0

#Transform 68
Transform: AffineTransform_float_3_3
Parameters: 0.999999 -0.000819932 -5.15431e-05 0.00081907 0.999998 -0.00213645 5.31493e-05 0.00213655 0.999997 -0.0100785 0.223505 0.00738044
FixedParameters: 0 0 0

#Transform 69
Transform: AffineTransform_float_3_3
Parameters: 0.999999 -0.000864542 -0.000183218 0.000864079 0.999998 -0.00210156 0.000184636 0.00210144 0.999997 -0.0174349 0.220694 -0.0120698
FixedParameters: 0 0 0

#Transform 70
Transform: AffineTransform_float_3_3
Parameters: 0.999999 -0.000879322 -0.000226721 0.000878643 0.999998 -0.0021743 0.000228329 0.0021747 0.999998 -0.01604 0.219108 -0.055773
FixedParameters: 0 0 0

#Transform 71
Transform: AffineTransform_float_3_3
Parameters: 1 -0.000945161 -0.000420805 0.000943895 0.999997 -0.0022445 0.000423778 0.0022445 0.999997 -0.0135538 0.222099 -0.073568
FixedParameters: 0 0 0

#Transform 72
Transform: AffineTransform_float_3_3
Parameters: 1 -0.000867807 -0.000192441 0.000867193 0.999997 -0.00238727 0.000194369 0.00238773 0.999997 -0.0190618 0.225705 -0.0760447
FixedParameters: 0 0 0

#Transform 73
Transform: AffineTransform_float_3_3
Parameters: 0.999999 -0.000801956 1.75792e-06 0.000801321 0.999996 -0.002466 3.00225e-07 0.002466 0.999997 -0.0248421 0.234743 -0.058368
FixedParameters: 0 0 0

#Transform 74
Transform: AffineTransform_float_3_3
Parameters: 0.999999 -0.000751998 -5.28107e-05 0.000751983 0.999995 -0.00300704 5.51187e-05 0.00300696 0.999996 -0.014088 0.245152 -0.0964924
FixedParameters: 0 0 0

#Transform 75
Transform: AffineTransform_float_3_3
Parameters: 0.999999 -0.000796167 1.90464e-05 0.000795627 0.999996 -0.00277099 -1.6531e-05 0.00277101 0.999996 -0.0310912 0.241977 -0.0260115
FixedParameters: 0 0 0

#Transform 76
Transform: AffineTransform_float_3_3
Parameters: 0.999999 -0.000795205 2.17648e-05 0.000794676 0.999996 -0.00261729 -1.94996e-05 0.00261671 0.999996 -0.0141344 0.240253 -0.0279408
FixedParameters: 0 0 0

#Transform 77
Transform: AffineTransform_float_3_3
Parameters: 0.999999 -0.000775298 8.02626e-05 0.000775032 0.999997 -0.00234394 -7.85241e-05 0.00234406 0.999997 -0.0178861 0.239202 -0.0306376
FixedParameters: 0 0 0

#Transform 78
Transform: AffineTransform_float_3_3
Parameters: 0.999999 -0.000816737 -4.17622e-05 0.000815883 0.999996 -0.00251603 4.39744e-05 0.00251596 0.999997 -0.00792812 0.235007 -0.0305745
FixedParameters: 0 0 0

#Transform 79
Transform: AffineTransform_float_3_3
Parameters: 0.999999 -0.000820583 -5.32834e-05 0.00082001 0.999997 -0.00232404 5.61483e-05 0.00232396 0.999998 -0.013206 0.220386 -0.0277558
FixedParameters: 0 0 0

#Transform 80
Transform: AffineTransform_float_3_3
Parameters: 1 -0.0010441 0.000324497 0.00104463 0.999997 -0.00230866 -0.000322517 0.00230934 0.999998 -0.0246945 0.221591 -0.0115592
FixedParameters: 0 0 0

#Transform 81
Transform: AffineTransform_float_3_3
Parameters: 0.999999 -0.000948753 4.84252e-05 0.000949298 0.999997 -0.00249626 -4.59021e-05 0.00249574 0.999997 -0.0138224 0.236713 -0.0109389
FixedParameters: 0 0 0

#Transform 82
Transform: AffineTransform_float_3_3
Parameters: 1 -0.00104681 0.000220036 0.0010479 0.999997 -0.00249807 -0.000217966 0.00249793 0.999997 -0.00298069 0.230318 0.0140032
FixedParameters: 0 0 0

#Transform 83
Transform: AffineTransform_float_3_3
Parameters: 1 -0.00108385 9.5354e-05 0.00108431 0.999996 -0.0025262 -9.30395e-05 0.0025258 0.999997 -0.0233125 0.233674 -0.0309212
FixedParameters: 0 0 0

#Transform 84
Transform: AffineTransform_float_3_3
Parameters: 1 -0.00114928 0.00010464 0.00114912 0.999996 -0.00231888 -0.000101206 0.00231912 0.999998 -0.0175118 0.229811 -0.0287843
FixedParameters: 0 0 0

#Transform 85
Transform: AffineTransform_float_3_3
Parameters: 1 -0.00106741 0.000153092 0.00106848 0.999997 -0.00248514 -0.000149999 0.00248486 0.999997 -0.00681144 0.234875 -0.0338892
FixedParameters: 0 0 0

#Transform 86
Transform: AffineTransform_float_3_3
Parameters: 0.999999 -0.000984453 0.000111344 0.00098502 0.999996 -0.00261119 -0.000109364 0.00261081 0.999996 -0.00609786 0.2229 -0.021028
FixedParameters: 0 0 0

#Transform 87
Transform: AffineTransform_float_3_3
Parameters: 0.999999 -0.00112107 -5.29055e-06 0.00112103 0.999997 -0.00227301 7.22458e-06 0.00227299 0.999998 -0.0138579 0.222012 -0.00808173
FixedParameters: 0 0 0

#Transform 88
Transform: AffineTransform_float_3_3
Parameters: 0.999999 -0.000835036 -9.58953e-05 0.000833947 0.999997 -0.00232908 9.78868e-05 0.00232892 0.999998 -0.0024226 0.221778 -0.0156491
FixedParameters: 0 0 0

#Transform 89
Transform: AffineTransform_float_3_3
Parameters: 0.999999 -0.00108665 0.000603493 0.00108807 0.999996 -0.00275965 -0.000600015 0.00276035 0.999996 -0.0252828 0.248176 -0.0219583
FixedParameters: 0 0 0

#Transform 90
Transform: AffineTransform_float_3_3
Parameters: 1 -0.00113637 3.1001e-05 0.00113652 0.999995 -0.00269397 -2.80401e-05 0.00269403 0.999997 -0.00327385 0.237337 -0.0257169
FixedParameters: 0 0 0

#Transform 91
Transform: AffineTransform_float_3_3
Parameters: 1 -0.00116051 0.000189887 0.00116142 0.999997 -0.00242408 -0.000187421 0.00242392 0.999997 -0.000319015 0.228562 0.00299843
FixedParameters: 0 0 0

#Transform 92
Transform: AffineTransform_float_3_3
Parameters: 1 -0.00113837 0.00025512 0.0011386 0.999996 -0.00232771 -0.000252663 0.00232829 0.999998 -0.0185413 0.22292 -0.0268771
FixedParameters: 0 0 0

#Transform 93
Transform: AffineTransform_float_3_3
Parameters: 1 -0.00113578 0.000262784 0.00113608 0.999997 -0.00240511 -0.000260163 0.00240589 0.999997 -0.0303278 0.2297 -0.0443813
FixedParameters: 0 0 0

#Transform 94
Transform: AffineTransform_float_3_3
Parameters: 1 -0.00108838 0.000246973 0.00108871 0.999996 -0.00263573 -0.000244078 0.00263627 0.999997 -0.012192 0.236552 -0.0309313
FixedParameters: 0 0 0

#Transform 95
Transform: AffineTransform_float_3_3
Parameters: 0.999999 -0.000849798 0.000165722 0.000849933 0.999997 -0.00234886 -0.000163625 0.00234914 0.999997 -0.0140453 0.237715 -0.0337124
FixedParameters: 0 0 0

#Transform 96
Transform: AffineTransform_float_3_3
Parameters: 1 -0.00113584 0.000262557 0.00113603 0.999997 -0.002205 -0.000260391 0.00220499 0.999997 -0.0212017 0.230656 -0.0361548
FixedParameters: 0 0 0

#Transform 97
Transform: AffineTransform_float_3_3
Parameters: 1 -0.00102641 0.000196061 0.00102732 0.999996 -0.0023538 -0.000194389 0.0023542 0.999997 -0.00732188 0.22179 -0.0125991
FixedParameters: 0 0 0

#Transform 98
Transform: AffineTransform_float_3_3
Parameters: 1 -0.00122091 1.14047e-05 0.00122127 0.999997 -0.00205729 -8.59563e-06 0.00205671 0.999998 -0.00896386 0.227407 -0.0416834
FixedParameters: 0 0 0

#Transform 99
Transform: AffineTransform_float_3_3
Parameters: 1 -0.00112983 0.000280186 0.00113024 0.999997 -0.00188168 -0.000277828 0.00188231 0.999998 -0.0190089 0.22068 -0.0373891
FixedParameters: 0 0 0

#Transform 100
Transform: AffineTransform_float_3_3
Parameters: 1 -0.0011537 -1.76812e-05 0.00115362 0.999997 -0.00207732 1.93112e-05 0.00207668 0.999998 -0.00882113 0.228291 -0.0747764
FixedParameters: 0 0 0

#Transform 101
Transform: AffineTransform_float_3_3
Parameters: 1 -0.00120742 5.15307e-05 0.00120765 0.999996 -0.00234494 -4.90296e-05 0.00234506 0.999997 -0.0164823 0.223342 -0.0987671
FixedParameters: 0 0 0

#Transform 102
Transform: AffineTransform_float_3_3
Parameters: 1 -0.00120388 6.20518e-05 0.00120417 0.999997 -0.00243123 -5.93601e-05 0.00243077 0.999997 -0.0218422 0.227882 -0.0801961
FixedParameters: 0 0 0

#Transform 103
Transform: AffineTransform_float_3_3
Parameters: 1 -0.00116345 0.000181066 0.00116359 0.999997 -0.00216809 -0.000177917 0.00216791 0.999997 -0.00734899 0.23371 -0.0667059
FixedParameters: 0 0 0

#Transform 104
Transform: AffineTransform_float_3_3
Parameters: 0.999999 -0.0012328 -2.31366e-05 0.00123267 0.999996 -0.00246433 2.60493e-05 0.00246367 0.999997 -0.0200265 0.23488 -0.065475
FixedParameters: 0 0 0

#Transform 105
Transform: AffineTransform_float_3_3
Parameters: 1 -0.00118499 0.000117269 0.00118574 0.999997 -0.00187786 -0.000115031 0.00187814 0.999998 -0.0279879 0.22376 -0.0679967
FixedParameters: 0 0 0

#Transform 106
Transform: AffineTransform_float_3_3
Parameters: 0.999999 -0.00125239 -8.09925e-05 0.00125199 0.999997 -0.00239241 8.38207e-05 0.0023916 0.999997 -0.014837 0.240164 -0.102205
FixedParameters: 0 0 0

#Transform 107
Transform: AffineTransform_float_3_3
Parameters: 1 -0.0012193 1.65288e-05 0.00121937 0.999996 -0.00237598 -1.38968e-05 0.00237602 0.999997 -0.0147212 0.240221 -0.118534
FixedParameters: 0 0 0

#Transform 108
Transform: AffineTransform_float_3_3
Parameters: 0.999999 -0.0014077 0.000264392 0.00140902 0.999996 -0.00252593 -0.000260439 0.00252607 0.999997 -0.0296083 0.245118 -0.0692102
FixedParameters: 0 0 0

#Transform 109
Transform: AffineTransform_float_3_3
Parameters: 0.999999 -0.00133901 0.000398351 0.00134065 0.999996 -0.00247487 -0.000395827 0.00247613 0.999997 -0.0236656 0.240941 -0.086837
FixedParameters: 0 0 0

#Transform 110
Transform: AffineTransform_float_3_3
Parameters: 0.999999 -0.00127907 -0.00015942 0.00127825 0.999996 -0.00252861 0.000162723 0.00252839 0.999996 -0.0161868 0.236937 -0.114203
FixedParameters: 0 0 0

#Transform 111
Transform: AffineTransform_float_3_3
Parameters: 0.999999 -0.00125142 -7.82081e-05 0.00125104 0.999996 -0.0023472 8.09203e-05 0.0023478 0.999997 -0.0230986 0.246819 -0.120752
FixedParameters: 0 0 0

#Transform 112
Transform: AffineTransform_float_3_3
Parameters: 0.999999 -0.00143522 -8.38844e-05 0.00143537 0.999995 -0.00279053 8.74658e-05 0.00279047 0.999996 -0.022875 0.247187 -0.126642
FixedParameters: 0 0 0

#Transform 113
Transform: AffineTransform_float_3_3
Parameters: 0.999999 -0.00137069 3.16606e-05 0.00137085 0.999995 -0.00291436 -2.68327e-05 0.00291463 0.999995 -0.0299608 0.250331 -0.133107
FixedParameters: 0 0 0

#Transform 114
Transform: AffineTransform_float_3_3
Parameters: 0.999999 -0.00127238 -0.000139003 0.00127218 0.999995 -0.00294558 0.000142069 0.00294542 0.999995 -0.0264811 0.252146 -0.147241
FixedParameters: 0 0 0

#Transform 115
Transform: AffineTransform_float_3_3
Parameters: 0.999999 -0.00127236 -0.000139256 0.00127252 0.999995 -0.00274628 0.000142765 0.00274672 0.999996 -0.0292666 0.246549 -0.143604
FixedParameters: 0 0 0

#Transform 116
Transform: AffineTransform_float_3_3
Parameters: 0.999999 -0.00131745 -0.000271436 0.00131673 0.999994 -0.00303846 0.000275959 0.00303854 0.999995 -0.0228513 0.25413 -0.155331
FixedParameters: 0 0 0

#Transform 117
Transform: AffineTransform_float_3_3
Parameters: 0.999999 -0.00127241 -0.000138788 0.00127215 0.999994 -0.00311428 0.000142284 0.00311472 0.999995 -0.0215076 0.255342 -0.172462
FixedParameters: 0 0 0

#Transform 118
Transform: AffineTransform_float_3_3
Parameters: 0.999999 -0.00127236 -0.000139225 0.00127252 0.999995 -0.00277128 0.000142797 0.00277172 0.999996 -0.0210114 0.252762 -0.158002
FixedParameters: 0 0 0

#Transform 119
Transform: AffineTransform_float_3_3
Parameters: 0.999999 -0.00127237 -0.000139124 0.00127219 0.999995 -0.00285058 0.000141948 0.00285042 0.999996 -0.0248984 0.242095 -0.153642
FixedParameters: 0 0 0

#Transform 120
Transform: AffineTransform_float_3_3
Parameters: 0.999999 -0.001255 -8.80628e-05 0.00125448 0.999996 -0.00279542 9.19145e-05 0.00279459 0.999996 0.00150524 0.238209 -0.102652
FixedParameters: 0 0 0

#Transform 121
Transform: AffineTransform_float_3_3
Parameters: 0.999999 -0.00127235 -0.000139334 0.00127158 0.999995 -0.00268528 0.000143004 0.00268572 0.999996 -0.00958023 0.234235 -0.0571258
FixedParameters: 0 0 0

#Transform 122
Transform: AffineTransform_float_3_3
Parameters: 0.999999 -0.00133248 -0.000316371 0.00133169 0.999995 -0.00271152 0.000320114 0.00271147 0.999996 -0.00773451 0.236323 -0.0806245
FixedParameters: 0 0 0

#Transform 123
Transform: AffineTransform_float_3_3
Parameters: 0.999999 -0.00140094 -0.000130034 0.00140034 0.999996 -0.00226629 0.000133221 0.00226671 0.999998 -0.0131389 0.236038 -0.0855293
FixedParameters: 0 0 0

#Transform 124
Transform: AffineTransform_float_3_3
Parameters: 0.999999 -0.00128483 -0.000176695 0.00128398 0.999996 -0.00234933 0.000179568 0.00234967 0.999997 -0.0198913 0.233918 -0.0909963
FixedParameters: 0 0 0

#Transform 125
Transform: AffineTransform_float_3_3
Parameters: 0.999999 -0.00132157 -0.000284082 0.00132091 0.999996 -0.00278278 0.000287954 0.00278222 0.999996 -0.00804216 0.234603 -0.0963868
FixedParameters: 0 0 0

#Transform 126
Transform: AffineTransform_float_3_3
Parameters: 0.999999 -0.00136371 -0.000408086 0.00136234 0.999995 -0.00280996 0.000412264 0.00280904 0.999996 -0.0129221 0.233923 -0.113668
FixedParameters: 0 0 0

#Transform 127
Transform: AffineTransform_float_3_3
Parameters: 0.999999 -0.00128198 -0.000167806 0.00128203 0.999995 -0.00263522 0.000171081 0.00263478 0.999997 -0.0235027 0.227462 -0.0943206
FixedParameters: 0 0 0

#Transform 128
Transform: AffineTransform_float_3_3
Parameters: 0.999999 -0.00127394 -0.000144208 0.00127318 0.999996 -0.00257619 0.000147607 0.00257582 0.999997 -0.00702707 0.241393 -0.0741638
FixedParameters: 0 0 0

#Transform 129
Transform: AffineTransform_float_3_3
Parameters: 0.999999 -0.00124568 -6.04949e-05 0.00124499 0.999995 -0.00288248 6.35642e-05 0.00288252 0.999995 -0.0167198 0.260725 -0.0438411
FixedParameters: 0 0 0

#Transform 130
Transform: AffineTransform_float_3_3
Parameters: 0.999999 -0.00128357 -0.000172691 0.00128268 0.999996 -0.00251763 0.000175989 0.00251737 0.999996 -0.000293776 0.251718 -0.0378417
FixedParameters: 0 0 0

#Transform 131
Transform: AffineTransform_float_3_3
Parameters: 1 -0.00121449 3.04744e-05 0.00121461 0.999997 -0.00216227 -2.8385e-05 0.00216173 0.999997 -0.020727 0.24387 -0.0568659
FixedParameters: 0 0 0

#Transform 132
Transform: AffineTransform_float_3_3
Parameters: 1 -0.00122091 1.16449e-05 0.00122095 0.999996 -0.00225399 -9.30316e-06 0.00225401 0.999998 -0.020342 0.229818 -0.0674191
FixedParameters: 0 0 0

#Transform 133
Transform: AffineTransform_float_3_3
Parameters: 0.999998 -0.00160621 -0.000193278 0.0016059 0.999996 -0.00239772 0.00019655 0.00239728 0.999997 0.0109445 0.23669 -0.0414552
FixedParameters: 0 0 0

#Transform 134
Transform: AffineTransform_float_3_3
Parameters: 0.999999 -0.00155629 3.81405e-05 0.00155614 0.999995 -0.00252624 -3.43885e-05 0.00252575 0.999997 0.0051513 0.23915 -0.0267346
FixedParameters: 0 0 0

#Transform 135
Transform: AffineTransform_float_3_3
Parameters: 0.999999 -0.00130557 -0.000236272 0.00130469 0.999995 -0.00313972 0.000240038 0.00313929 0.999995 0.0143524 0.245116 0.000887628
FixedParameters: 0 0 0

#Transform 136
Transform: AffineTransform_float_3_3
Parameters: 0.999999 -0.00153974 0.000177078 0.00154059 0.999996 -0.00245113 -0.000172689 0.00245186 0.999997 -0.00135581 0.254384 -0.0145337
FixedParameters: 0 0 0

#Transform 137
Transform: AffineTransform_float_3_3
Parameters: 0.999999 -0.00139026 -8.30542e-05 0.0013902 0.999997 -0.00220622 8.69748e-05 0.00220678 0.999998 0.00298049 0.235968 -0.00634432
FixedParameters: 0 0 0

#Transform 138
Transform: AffineTransform_float_3_3
Parameters: 0.999998 -0.00171511 2.66048e-05 0.0017152 0.999997 -0.00193736 -2.31208e-05 0.00193764 0.999998 0.0153596 0.224005 -0.00879685
FixedParameters: 0 0 0

#Transform 139
Transform: AffineTransform_float_3_3
Parameters: 0.999998 -0.00165088 0.000216549 0.00165152 0.999996 -0.00224895 -0.000213232 0.00224905 0.999998 -0.00787842 0.240922 0.0267376
FixedParameters: 0 0 0

#Transform 140
Transform: AffineTransform_float_3_3
Parameters: 0.999998 -0.00164342 0.000238899 0.00164432 0.999996 -0.00259432 -0.000234479 0.00259468 0.999996 -0.00577629 0.266954 0.0298099
FixedParameters: 0 0 0

#Transform 141
Transform: AffineTransform_float_3_3
Parameters: 0.999999 -0.00154536 0.000272236 0.00154643 0.999996 -0.00200488 -0.000269199 0.00200512 0.999998 -0.0113627 0.227211 -0.00193472
FixedParameters: 0 0 0

#Transform 142
Transform: AffineTransform_float_3_3
Parameters: 0.999998 -0.00170065 6.98607e-05 0.00170064 0.999996 -0.00231029 -6.61121e-05 0.00231071 0.999997 0.0117655 0.247278 0.0424803
FixedParameters: 0 0 0

#Transform 143
Transform: AffineTransform_float_3_3
Parameters: 0.999998 -0.00169167 9.61661e-05 0.00169207 0.999997 -0.00218525 -9.19332e-05 0.00218576 0.999998 0.00870043 0.233861 0.0302111
FixedParameters: 0 0 0

#Transform 144
Transform: AffineTransform_float_3_3
Parameters: 0.999998 -0.00173564 -3.41688e-05 0.0017355 0.999997 -0.00184747 3.74195e-05 0.00184753 0.999998 0.00342133 0.232129 -0.0174265
FixedParameters: 0 0 0

#Transform 145
Transform: AffineTransform_float_3_3
Parameters: 0.999998 -0.00169779 7.77541e-05 0.00169807 0.999997 -0.00193927 -7.43301e-05 0.00193972 0.999998 -0.00136445 0.219337 -0.0157691
FixedParameters: 0 0 0

#Transform 146
Transform: AffineTransform_float_3_3
Parameters: 0.999998 -0.001644 -0.000109074 0.00164447 0.999996 -0.00213658 0.000112618 0.00213641 0.999997 0.0147209 0.236987 -0.0103155
FixedParameters: 0 0 0

#Transform 147
Transform: AffineTransform_float_3_3
Parameters: 0.999998 -0.00159718 0.000375046 0.00159774 0.999995 -0.00246171 -0.000370971 0.00246229 0.999997 -0.00850811 0.257303 -0.000704284
FixedParameters: 0 0 0

#Transform 148
Transform: AffineTransform_float_3_3
Parameters: 0.999998 -0.00167913 0.000133379 0.00167942 0.999996 -0.00235008 -0.000129596 0.00234992 0.999998 0.0149477 0.233555 -0.000749319
FixedParameters: 0 0 0

#Transform 149
Transform: AffineTransform_float_3_3
Parameters: 0.999998 -0.00173275 -2.54623e-05 0.00173264 0.999996 -0.00195245 2.90662e-05 0.00195255 0.999998 0.0153374 0.22884 -0.0164021
FixedParameters: 0 0 0

#Transform 150
Transform: AffineTransform_float_3_3
Parameters: 0.999998 -0.00163847 0.00025277 0.00163938 0.999997 -0.00181299 -0.000249988 0.00181401 0.999998 0.00423055 0.219487 -0.0168487
FixedParameters: 0 0 0

#Transform 151
Transform: AffineTransform_float_3_3
Parameters: 0.999999 -0.00184235 -5.87062e-05 0.00184176 0.999996 -0.00215852 6.25483e-05 0.00215849 0.999998 0.0153426 0.239536 -0.0197959
FixedParameters: 0 0 0

#Transform 152
Transform: AffineTransform_float_3_3
Parameters: 0.999999 -0.00176413 2.52686e-05 0.00176422 0.999996 -0.00194236 -2.15771e-05 0.00194264 0.999998 0.000896736 0.236821 -0.027269
FixedParameters: 0 0 0

#Transform 153
Transform: AffineTransform_float_3_3
Parameters: 0.999999 -0.00183725 -0.000174311 0.00183708 0.999996 -0.00224673 0.000178136 0.00224627 0.999998 0.0172449 0.225261 -0.0211609
FixedParameters: 0 0 0

#Transform 154
Transform: AffineTransform_float_3_3
Parameters: 0.999999 -0.00183764 5.56794e-05 0.00183759 0.999995 -0.00263831 -5.00923e-05 0.00263869 0.999997 -0.00600567 0.241365 -0.03651
FixedParameters: 0 0 0

#Transform 155
Transform: AffineTransform_float_3_3
Parameters: 0.999998 -0.00194161 -3.25262e-05 0.0019419 0.999989 -0.00430948 4.1671e-05 0.00430953 0.999991 -0.0134463 0.286274 -0.00886621
FixedParameters: 0 0 0

#Transform 156
Transform: AffineTransform_float_3_3
Parameters: 0.999998 -0.00163793 0.000655822 0.00164045 0.999988 -0.00461623 -0.000647949 0.00461777 0.999989 0.0159361 0.278459 0.0607155
FixedParameters: 0 0 0

#Transform 157
Transform: AffineTransform_float_3_3
Parameters: 0.999998 -0.00168941 0.000200257 0.00168994 0.999994 -0.00297027 -0.000195278 0.00296973 0.999995 0.00110581 0.256363 0.0378678
FixedParameters: 0 0 0

#Transform 158
Transform: AffineTransform_float_3_3
Parameters: 0.999999 -0.00175689 0.000169983 0.00175704 0.999993 -0.00333301 -0.000164276 0.00333299 0.999995 0.00850925 0.268357 0.00324083
FixedParameters: 0 0 0

#Transform 159
Transform: AffineTransform_float_3_3
Parameters: 0.999998 -0.00172817 0.00021397 0.00172953 0.999993 -0.00327134 -0.000208983 0.00327166 0.999994 -0.00274243 0.276821 0.00478176
FixedParameters: 0 0 0

#Transform 160
Transform: AffineTransform_float_3_3
Parameters: 0.999999 -0.00178434 7.9815e-05 0.00178418 0.999994 -0.00321457 -7.34018e-05 0.00321443 0.999995 0.00734193 0.272444 0.0153874
FixedParameters: 0 0 0

#Transform 161
Transform: AffineTransform_float_3_3
Parameters: 0.999998 -0.00203965 -8.94908e-05 0.00203898 0.999992 -0.0034779 9.73498e-05 0.0034771 0.999994 0.0140533 0.277061 0.00743305
FixedParameters: 0 0 0

#Transform 162
Transform: AffineTransform_float_3_3
Parameters: 0.999998 -0.00187609 0.000132397 0.00187712 0.999994 -0.00279436 -0.000127287 0.00279364 0.999996 -0.0160514 0.254735 -0.0122088
FixedParameters: 0 0 0

#Transform 163
Transform: AffineTransform_float_3_3
Parameters: 0.999998 -0.00189387 0.000270139 0.00189555 0.999993 -0.0031701 -0.000264451 0.0031699 0.999995 -0.000126123 0.265537 -0.0117702
FixedParameters: 0 0 0

#Transform 164
Transform: AffineTransform_float_3_3
Parameters: 0.999998 -0.00191568 0.00027731 0.00191639 0.999993 -0.00304788 -0.000271633 0.00304912 0.999995 -0.00165109 0.263318 -0.0140235
FixedParameters: 0 0 0

#Transform 165
Transform: AffineTransform_float_3_3
Parameters: 0.999998 -0.00192032 0.000279532 0.00192122 0.999993 -0.00336708 -0.000272603 0.00336693 0.999995 -0.010298 0.27856 -0.0339304
FixedParameters: 0 0 0

#Transform 166
Transform: AffineTransform_float_3_3
Parameters: 0.999998 -0.00186534 0.000261432 0.0018669 0.999992 -0.00368023 -0.000254967 0.00368078 0.999993 -0.00636358 0.280268 -0.0246055
FixedParameters: 0 0 0

#Transform 167
Transform: AffineTransform_float_3_3
Parameters: 0.999998 -0.00208487 0.000336695 0.00208586 0.999991 -0.00389901 -0.000328333 0.00389999 0.999993 -0.006192 0.28551 -0.0117211
FixedParameters: 0 0 0

#Transform 168
Transform: AffineTransform_float_3_3
Parameters: 0.999998 -0.00167878 0.000198566 0.00168003 0.999991 -0.00407138 -0.000192163 0.00407162 0.999991 -0.008594 0.295131 -0.00960772
FixedParameters: 0 0 0

#Transform 169
Transform: AffineTransform_float_3_3
Parameters: 0.999998 -0.0019476 0.000290092 0.00194828 0.99999 -0.00399205 -0.00028244 0.00399195 0.999992 -0.0160627 0.292524 0.00931532
FixedParameters: 0 0 0

#Transform 170
Transform: AffineTransform_float_3_3
Parameters: 0.999998 -0.00186551 0.000326133 0.00186667 0.999991 -0.003781 -0.000318975 0.003781 0.999993 -0.0032048 0.285301 -0.0136952
FixedParameters: 0 0 0

#Transform 171
Transform: AffineTransform_float_3_3
Parameters: 0.999998 -0.00208502 0.000335749 0.00208602 0.999992 -0.00344501 -0.000328331 0.00344599 0.999994 -0.0204595 0.279962 -0.00568732
FixedParameters: 0 0 0

#Transform 172
Transform: AffineTransform_float_3_3
Parameters: 0.999999 -0.001835 0.000251462 0.00183563 0.999991 -0.00386995 -0.000244208 0.00387105 0.999993 -0.00377557 0.276185 0.0292089
FixedParameters: 0 0 0

#Transform 173
Transform: AffineTransform_float_3_3
Parameters: 0.999999 -0.00155461 -0.000210687 0.0015542 0.999988 -0.00459843 0.000217073 0.00459856 0.99999 0.0183208 0.293184 0.0509887
FixedParameters: 0 0 0

#Transform 174
Transform: AffineTransform_float_3_3
Parameters: 0.999998 -0.00206356 0.000399958 0.00206506 0.999986 -0.00474189 -0.000390175 0.00474311 0.999988 -0.00339465 0.309098 0.0523656
FixedParameters: 0 0 0

#Transform 175
Transform: AffineTransform_float_3_3
Parameters: 0.999995 -0.00308873 0.000556088 0.00309006 0.999988 -0.00382091 -0.000544167 0.00382208 0.999992 0.0296296 0.263222 0.133398
FixedParameters: 0 0 0

#Transform 176
Transform: AffineTransform_float_3_3
Parameters: 0.999997 -0.00243739 0.000507315 0.0024388 0.999992 -0.00298878 -0.000500638 0.00299022 0.999995 0.0129945 0.230866 0.132384
FixedParameters: 0 0 0

#Transform 177
Transform: AffineTransform_float_3_3
Parameters: 0.999997 -0.00243908 0.000219553 0.00244004 0.999993 -0.00298928 -0.000212237 0.00299072 0.999996 0.0448756 0.236718 0.168493
FixedParameters: 0 0 0

#Transform 178
Transform: AffineTransform_float_3_3
Parameters: 0.999998 -0.00226185 0.000567001 0.00226394 0.999993 -0.00298843 -0.000560425 0.00299057 0.999996 0.0231052 0.238933 0.153248
FixedParameters: 0 0 0

#Transform 179
Transform: AffineTransform_float_3_3
Parameters: 0.999998 -0.00221371 0.000509891 0.00221564 0.999993 -0.00317389 -0.000502783 0.00317511 0.999995 0.0321093 0.249546 0.1779
FixedParameters: 0 0 0
