#Insight Transform File V1.0
#Transform 0
Transform: AffineTransform_float_3_3
Parameters: 0.999999 0.000298755 0.000919331 -0.000299148 1 0.000213725 -0.000919203 -0.000214275 0.999999 0.0714056 -0.21704 -0.270179
FixedParameters: 0 0 0

#Transform 1
Transform: AffineTransform_float_3_3
Parameters: 0.999999 0.000540443 -0.000622933 -0.000540855 1 -0.000330663 0.000622575 0.000331336 1 -0.00945509 0.0421672 -0.0511013
FixedParameters: 0 0 0

#Transform 2
Transform: AffineTransform_float_3_3
Parameters: 0.999999 0.000754068 -0.000288913 -0.000754288 0.999999 -0.000381782 0.000288337 0.000382217 1 -0.0293516 0.0768309 -0.127237
FixedParameters: 0 0 0

#Transform 3
Transform: AffineTransform_float_3_3
Parameters: 0.999999 0.000939473 -0.000195487 -0.000939441 0.999999 -0.000919176 0.000194681 0.000918823 0.999999 -0.0345635 0.0899476 -0.130457
FixedParameters: 0 0 0

#Transform 4
Transform: AffineTransform_float_3_3
Parameters: 0.999999 0.000622 -0.000430466 -0.000623015 0.999999 -0.00163509 0.000429351 0.00163491 0.999998 -0.0231184 0.0728206 -0.181756
FixedParameters: 0 0 0

#Transform 5
Transform: AffineTransform_float_3_3
Parameters: 0.999999 0.000845151 -0.000253876 -0.000845606 0.999998 -0.00167315 0.000251968 0.00167285 0.999998 -0.0336557 0.0600531 -0.159146
FixedParameters: 0 0 0

#Transform 6
Transform: AffineTransform_float_3_3
Parameters: 1 0.000512809 -0.000444064 -0.00051433 0.999998 -0.00215613 0.00044277 0.00215587 0.999997 -0.0133013 0.0605653 -0.17994
FixedParameters: 0 0 0

#Transform 7
Transform: AffineTransform_float_3_3
Parameters: 1 0.000429718 -0.000348527 -0.000429606 0.999999 -0.00172421 0.000347575 0.00172379 0.999998 -0.0174882 0.0704071 -0.148869
FixedParameters: 0 0 0

#Transform 8
Transform: AffineTransform_float_3_3
Parameters: 1 0.000243845 -0.00026934 -0.000244517 0.999998 -0.00197393 0.000269296 0.00197407 0.999998 -0.00600795 0.079618 -0.15706
FixedParameters: 0 0 0

#Transform 9
Transform: AffineTransform_float_3_3
Parameters: 1 0.000561123 -0.000404808 -0.000561463 0.999998 -0.00204377 0.000403043 0.00204423 0.999998 -0.0112935 0.0806212 -0.185532
FixedParameters: 0 0 0

#Transform 10
Transform: AffineTransform_float_3_3
Parameters: 1 0.000483667 -0.000372091 -0.000483887 0.999997 -0.00258618 0.000371039 0.00258582 0.999996 -0.0120537 0.0793747 -0.175789
FixedParameters: 0 0 0

#Transform 11
Transform: AffineTransform_float_3_3
Parameters: 0.999999 0.000600212 -0.000422344 -0.000601148 0.999995 -0.00313175 0.000420031 0.00313225 0.999995 -0.011865 0.075588 -0.213578
FixedParameters: 0 0 0

#Transform 12
Transform: AffineTransform_float_3_3
Parameters: 1 0.000282576 -0.000178495 -0.000283151 0.999997 -0.00270995 0.000177882 0.00271005 0.999997 -0.00831727 0.0711303 -0.188986
FixedParameters: 0 0 0

#Transform 13
Transform: AffineTransform_float_3_3
Parameters: 1 0.000495414 -0.000377472 -0.000496072 0.999995 -0.00313181 0.000375817 0.00313219 0.999995 -0.010165 0.0532857 -0.228813
FixedParameters: 0 0 0

#Transform 14
Transform: AffineTransform_float_3_3
Parameters: 0.999999 0.000741708 -0.000483072 -0.000742779 0.999995 -0.003283 0.000480569 0.003283 0.999994 -0.0283655 0.0633786 -0.2175
FixedParameters: 0 0 0

#Transform 15
Transform: AffineTransform_float_3_3
Parameters: 1 0.000514558 -0.000385953 -0.000515588 0.999993 -0.0035498 0.000383746 0.0035502 0.999993 -0.010473 0.0747119 -0.225687
FixedParameters: 0 0 0

#Transform 16
Transform: AffineTransform_float_3_3
Parameters: 0.999999 0.000735338 -0.000480216 -0.000736261 0.999995 -0.00314665 0.000477955 0.00314735 0.999995 -0.0141001 0.0677554 -0.238758
FixedParameters: 0 0 0

#Transform 17
Transform: AffineTransform_float_3_3
Parameters: 1 0.000534066 -0.000393947 -0.000535664 0.999996 -0.00302479 0.000392552 0.00302521 0.999996 -0.0107214 0.0615507 -0.200667
FixedParameters: 0 0 0

#Transform 18
Transform: AffineTransform_float_3_3
Parameters: 1 0.000430021 -0.000349679 -0.000430753 0.999994 -0.00348785 0.000348126 0.00348815 0.999994 -0.00906098 0.0563827 -0.249352
FixedParameters: 0 0 0

#Transform 19
Transform: AffineTransform_float_3_3
Parameters: 1 0.000521921 -0.000389091 -0.000522953 0.999993 -0.0035228 0.00038686 0.0035232 0.999993 -0.0105734 0.0638876 -0.212331
FixedParameters: 0 0 0

#Transform 20
Transform: AffineTransform_float_3_3
Parameters: 1 0.000447347 -0.000357337 -0.000448407 0.999993 -0.0038762 0.000355315 0.0038758 0.999992 -0.0146924 0.0706131 -0.245193
FixedParameters: 0 0 0

#Transform 21
Transform: AffineTransform_float_3_3
Parameters: 1 0.00040895 -0.000340535 -0.000410403 0.999994 -0.0032847 0.000339685 0.00328429 0.999994 -0.0120922 0.0621965 -0.211971
FixedParameters: 0 0 0

#Transform 22
Transform: AffineTransform_float_3_3
Parameters: 1 0.000272178 -0.000202634 -0.00027323 0.999993 -0.00356794 0.000201608 0.00356805 0.999993 -0.00603229 0.0585244 -0.245069
FixedParameters: 0 0 0

#Transform 23
Transform: AffineTransform_float_3_3
Parameters: 1 0.000351971 -0.000316109 -0.000352707 0.999994 -0.00324789 0.00031435 0.00324811 0.999994 -0.0101971 0.0577581 -0.207717
FixedParameters: 0 0 0

#Transform 24
Transform: AffineTransform_float_3_3
Parameters: 1 0.000243372 -0.000269767 -0.000244067 0.999993 -0.00372693 0.00026848 0.00372707 0.999993 -0.00599602 0.0574746 -0.251395
FixedParameters: 0 0 0

#Transform 25
Transform: AffineTransform_float_3_3
Parameters: 0.999999 0.000615161 -0.000367018 -0.000616013 0.999993 -0.00349262 0.000364169 0.00349238 0.999994 -0.0228584 0.0657072 -0.219496
FixedParameters: 0 0 0

#Transform 26
Transform: AffineTransform_float_3_3
Parameters: 1 0.000417071 -0.000344263 -0.000417929 0.999993 -0.00372686 0.000342601 0.00372714 0.999993 -0.00883495 0.0508714 -0.236313
FixedParameters: 0 0 0

#Transform 27
Transform: AffineTransform_float_3_3
Parameters: 1 0.000243372 -0.000269767 -0.000244067 0.999993 -0.00372693 0.00026848 0.00372707 0.999993 -0.00600686 0.0690376 -0.200495
FixedParameters: 0 0 0

#Transform 28
Transform: AffineTransform_float_3_3
Parameters: 1 0.00038316 -0.000329571 -0.000383723 0.999994 -0.00344272 0.000328381 0.00344228 0.999994 -0.0104346 0.0625083 -0.204609
FixedParameters: 0 0 0

#Transform 29
Transform: AffineTransform_float_3_3
Parameters: 0.999999 0.000450776 -0.000656663 -0.000452309 0.999994 -0.0034647 0.000655514 0.0034653 0.999994 0.00739829 0.0553607 -0.188025
FixedParameters: 0 0 0

#Transform 30
Transform: AffineTransform_float_3_3
Parameters: 0.999999 0.000485539 -0.00058097 -0.0004874 0.999995 -0.00306972 0.000579433 0.00307028 0.999995 -0.0122151 0.0712047 -0.203122
FixedParameters: 0 0 0

#Transform 31
Transform: AffineTransform_float_3_3
Parameters: 0.999999 0.000497674 -0.000544355 -0.00049983 0.999992 -0.00390858 0.000542827 0.00390843 0.999993 -0.00196692 0.06512 -0.211974
FixedParameters: 0 0 0

#Transform 32
Transform: AffineTransform_float_3_3
Parameters: 1 0.000400368 -0.000413462 -0.000402022 0.999991 -0.00406783 0.000411649 0.00406816 0.999991 -0.00718952 0.0682265 -0.237419
FixedParameters: 0 0 0

#Transform 33
Transform: AffineTransform_float_3_3
Parameters: 1 0.000311342 -0.000578397 -0.000313084 0.999994 -0.00344082 0.000576387 0.00344118 0.999994 -0.0150775 0.0642148 -0.210469
FixedParameters: 0 0 0

#Transform 34
Transform: AffineTransform_float_3_3
Parameters: 0.999999 0.000322068 -0.000702825 -0.00032463 0.999993 -0.00369177 0.000701497 0.00369223 0.999993 0.0012145 0.0610774 -0.210956
FixedParameters: 0 0 0

#Transform 35
Transform: AffineTransform_float_3_3
Parameters: 0.999999 0.000344172 -0.000628495 -0.000347051 0.999994 -0.00364678 0.000627424 0.00364722 0.999993 -0.00324395 0.0570049 -0.22187
FixedParameters: 0 0 0

#Transform 36
Transform: AffineTransform_float_3_3
Parameters: 0.999999 0.000365796 -0.000658734 -0.000368569 0.999992 -0.00410076 0.000656782 0.00410124 0.999992 0.000157699 0.0630502 -0.19577
FixedParameters: 0 0 0

#Transform 37
Transform: AffineTransform_float_3_3
Parameters: 1 0.000337521 -0.000488821 -0.000339865 0.999991 -0.00414468 0.000487464 0.00414432 0.999992 -0.0052928 0.0596234 -0.228635
FixedParameters: 0 0 0

#Transform 38
Transform: AffineTransform_float_3_3
Parameters: 0.999999 0.000378033 -0.000792422 -0.000380634 0.999992 -0.0041267 0.00079088 0.0041273 0.999991 0.0069874 0.0540718 -0.216427
FixedParameters: 0 0 0

#Transform 39
Transform: AffineTransform_float_3_3
Parameters: 0.999999 0.000449481 -0.000823317 -0.000453318 0.99999 -0.00439963 0.000822246 0.00440037 0.99999 0.00724924 0.0619668 -0.263988
FixedParameters: 0 0 0

#Transform 40
Transform: AffineTransform_float_3_3
Parameters: 0.999999 0.000353929 -0.000782261 -0.000357794 0.999991 -0.00439972 0.000781109 0.00440028 0.99999 -0.00621609 0.0617923 -0.229444
FixedParameters: 0 0 0

#Transform 41
Transform: AffineTransform_float_3_3
Parameters: 1 7.43222e-05 -0.000662282 -7.72044e-05 0.999988 -0.00485095 0.000662216 0.00485105 0.999988 0.0137539 0.0666244 -0.256527
FixedParameters: 0 0 0

#Transform 42
Transform: AffineTransform_float_3_3
Parameters: 0.999999 0.000282399 -0.000751417 -0.000285726 0.999991 -0.00421979 0.000751 0.00422021 0.999991 -0.00555166 0.0597863 -0.225656
FixedParameters: 0 0 0

#Transform 43
Transform: AffineTransform_float_3_3
Parameters: 0.999999 0.000271558 -0.000837198 -0.000275356 0.999991 -0.00438877 0.000835466 0.00438923 0.99999 0.00596737 0.0560115 -0.215932
FixedParameters: 0 0 0

#Transform 44
Transform: AffineTransform_float_3_3
Parameters: 1 0.000231085 -0.000298311 -0.00023213 0.999992 -0.00395793 0.000297007 0.00395807 0.999992 -0.00389757 0.0570403 -0.217242
FixedParameters: 0 0 0

#Transform 45
Transform: AffineTransform_float_3_3
Parameters: 1 0.000290473 -0.00104582 -0.000295057 0.999988 -0.00470054 0.00104519 0.00470046 0.999988 0.00877876 0.0597031 -0.229152
FixedParameters: 0 0 0

#Transform 46
Transform: AffineTransform_float_3_3
Parameters: 1 0.000324444 -0.000582383 -0.000326931 0.999991 -0.00439281 0.000580581 0.00439319 0.99999 -0.0117429 0.0602374 -0.215148
FixedParameters: 0 0 0

#Transform 47
Transform: AffineTransform_float_3_3
Parameters: 1 0.000279191 -0.000646879 -0.000282169 0.999989 -0.00463282 0.000646258 0.00463318 0.999989 0.0145279 0.0524219 -0.22915
FixedParameters: 0 0 0

#Transform 48
Transform: AffineTransform_float_3_3
Parameters: 0.999999 0.000180013 -0.000703186 -0.000182672 0.99999 -0.00441272 0.000702254 0.00441228 0.99999 -0.000113093 0.0544915 -0.226482
FixedParameters: 0 0 0

#Transform 49
Transform: AffineTransform_float_3_3
Parameters: 0.999999 0.00030963 -0.000753494 -0.000313395 0.99999 -0.00449976 0.00075267 0.00450023 0.999989 -0.00256853 0.0587128 -0.197101
FixedParameters: 0 0 0

#Transform 50
Transform: AffineTransform_float_3_3
Parameters: 1 0.000551239 -6.00479e-05 -0.000551626 0.999985 -0.00544497 5.7195e-05 0.00544503 0.999985 -0.0250281 0.0524128 -0.222082
FixedParameters: 0 0 0

#Transform 51
Transform: AffineTransform_float_3_3
Parameters: 1 0.000280261 -0.00061831 -0.000282866 0.999986 -0.00529382 0.000616918 0.00529417 0.999986 0.0092206 0.0545541 -0.249035
FixedParameters: 0 0 0

#Transform 52
Transform: AffineTransform_float_3_3
Parameters: 1 0.000262233 -0.000610251 -0.000264997 0.999989 -0.00473484 0.000609735 0.00473516 0.999988 -0.0085519 0.0565524 -0.232484
FixedParameters: 0 0 0

#Transform 53
Transform: AffineTransform_float_3_3
Parameters: 0.999999 0.000195984 -0.00102542 -0.000201503 0.999984 -0.00569844 0.00102488 0.00569956 0.999983 0.00944276 0.0496728 -0.251471
FixedParameters: 0 0 0

#Transform 54
Transform: AffineTransform_float_3_3
Parameters: 1 0.000196789 -0.000546497 -0.000200131 0.999985 -0.00546189 0.000545389 0.00546211 0.999985 -0.00165777 0.0512546 -0.242093
FixedParameters: 0 0 0

#Transform 55
Transform: AffineTransform_float_3_3
Parameters: 0.999999 0.000131024 -0.000997273 -0.00013614 0.999985 -0.00546187 0.000996621 0.00546213 0.999984 0.00209971 0.0362022 -0.23008
FixedParameters: 0 0 0

#Transform 56
Transform: AffineTransform_float_3_3
Parameters: 1 0.000159422 -0.000400793 -0.000161506 0.999986 -0.00539394 0.000399201 0.00539407 0.999986 -0.00121802 0.0428772 -0.239847
FixedParameters: 0 0 0

#Transform 57
Transform: AffineTransform_float_3_3
Parameters: 1 0.000120464 -0.000433028 -0.000123879 0.999985 -0.00546195 0.000432223 0.00546205 0.999985 -0.00157485 0.0365453 -0.219323
FixedParameters: 0 0 0

#Transform 58
Transform: AffineTransform_float_3_3
Parameters: 1 9.489e-05 -0.000416564 -9.7745e-05 0.999985 -0.00546696 0.000416961 0.00546704 0.999985 0.00781501 0.0546636 -0.243439
FixedParameters: 0 0 0

#Transform 59
Transform: AffineTransform_float_3_3
Parameters: 1 0.000211683 -0.000494906 -0.000213767 0.999988 -0.00475989 0.00049394 0.0047601 0.999988 -0.0039418 0.0452087 -0.202535
FixedParameters: 0 0 0

#Transform 60
Transform: AffineTransform_float_3_3
Parameters: 1 0.000152474 -0.000538254 -0.000156014 0.999985 -0.0053694 0.000536737 0.00536959 0.999986 0.00621313 0.0337614 -0.226517
FixedParameters: 0 0 0

#Transform 61
Transform: AffineTransform_float_3_3
Parameters: 1 0.000326502 -0.00059687 -0.000329835 0.999986 -0.0053228 0.000595356 0.00532319 0.999985 -0.011528 0.0510774 -0.222072
FixedParameters: 0 0 0

#Transform 62
Transform: AffineTransform_float_3_3
Parameters: 1 0.000124178 -0.000525122 -0.000127636 0.999983 -0.00579194 0.000524723 0.00579207 0.999983 0.0137025 0.0412422 -0.243325
FixedParameters: 0 0 0

#Transform 63
Transform: AffineTransform_float_3_3
Parameters: 1 5.96623e-05 -0.000306563 -6.05074e-05 0.999988 -0.00502199 0.000306098 0.00502202 0.999988 0.00125406 0.033216 -0.209014
FixedParameters: 0 0 0

#Transform 64
Transform: AffineTransform_float_3_3
Parameters: 1 2.92162e-05 -0.000601708 -3.27276e-05 0.999984 -0.00553998 0.000601113 0.00554001 0.999984 0.00779317 0.0337396 -0.213706
FixedParameters: 0 0 0

#Transform 65
Transform: AffineTransform_float_3_3
Parameters: 1 -8.43032e-05 -0.00063993 8.10393e-05 0.999983 -0.00573069 0.000640235 0.00573131 0.999984 0.00440491 0.0409236 -0.236692
FixedParameters: 0 0 0

#Transform 66
Transform: AffineTransform_float_3_3
Parameters: 1 5.41032e-05 -0.000667932 -5.7809e-05 0.999986 -0.00542596 0.000667994 0.00542604 0.999985 0.00304964 0.0310354 -0.217368
FixedParameters: 0 0 0

#Transform 67
Transform: AffineTransform_float_3_3
Parameters: 1 7.77148e-05 -0.000701967 -8.05167e-05 0.999986 -0.00517658 0.000701426 0.00517742 0.999987 0.00780921 0.0364137 -0.225308
FixedParameters: 0 0 0

#Transform 68
Transform: AffineTransform_float_3_3
Parameters: 1 3.40604e-05 -0.000118106 -3.39921e-05 0.999986 -0.005258 0.000118278 0.00525801 0.999986 -0.00170232 0.0344653 -0.216781
FixedParameters: 0 0 0

#Transform 69
Transform: AffineTransform_float_3_3
Parameters: 1 -4.14015e-05 -0.000540769 3.86215e-05 0.999985 -0.00548402 0.000540956 0.00548398 0.999985 0.017739 0.0445419 -0.202403
FixedParameters: 0 0 0

#Transform 70
Transform: AffineTransform_float_3_3
Parameters: 1 5.53121e-05 -5.86575e-05 -5.55304e-05 0.999986 -0.00517599 5.90043e-05 0.005176 0.999986 -0.00304309 0.0380265 -0.200424
FixedParameters: 0 0 0

#Transform 71
Transform: AffineTransform_float_3_3
Parameters: 1 -4.51016e-05 -0.000575046 4.22999e-05 0.999986 -0.00517567 0.000575247 0.00517633 0.999987 0.00970666 0.0361281 -0.206226
FixedParameters: 0 0 0

#Transform 72
Transform: AffineTransform_float_3_3
Parameters: 1 5.65634e-07 -0.000391032 -2.01646e-06 0.999989 -0.004708 0.000391159 0.004708 0.999989 0.000786448 0.0412925 -0.206069
FixedParameters: 0 0 0

#Transform 73
Transform: AffineTransform_float_3_3
Parameters: 1 0.000324436 -0.000523809 -0.00032733 0.999988 -0.00476283 0.000523075 0.00476317 0.999988 -0.00966811 0.0589226 -0.154878
FixedParameters: 0 0 0

#Transform 74
Transform: AffineTransform_float_3_3
Parameters: 1 -5.45579e-05 -0.000529499 5.19328e-05 0.999989 -0.00458352 0.000530126 0.00458348 0.99999 0.0103155 0.0488152 -0.189281
FixedParameters: 0 0 0

#Transform 75
Transform: AffineTransform_float_3_3
Parameters: 1 2.46163e-05 -5.41304e-05 -2.51309e-05 0.999988 -0.004763 5.38935e-05 0.004763 0.999988 -0.00316674 0.0459735 -0.19026
FixedParameters: 0 0 0

#Transform 76
Transform: AffineTransform_float_3_3
Parameters: 1 -6.77114e-05 -0.000541382 6.50911e-05 0.999986 -0.00532903 0.000541838 0.00532896 0.999985 0.00891363 0.0459017 -0.225882
FixedParameters: 0 0 0

#Transform 77
Transform: AffineTransform_float_3_3
Parameters: 1 0.000151017 6.79039e-06 -0.000150549 0.999985 -0.005452 -7.51403e-06 0.005452 0.999985 -0.0105113 0.0570143 -0.228228
FixedParameters: 0 0 0

#Transform 78
Transform: AffineTransform_float_3_3
Parameters: 1 -2.83249e-05 -0.000533314 2.48297e-05 0.999985 -0.00536665 0.000533738 0.00536735 0.999986 0.00239978 0.0536671 -0.204174
FixedParameters: 0 0 0

#Transform 79
Transform: AffineTransform_float_3_3
Parameters: 0.999999 0.000279757 -0.000715159 -0.000283778 0.999985 -0.0055678 0.000713611 0.00556821 0.999984 -0.00350753 0.0547304 -0.242668
FixedParameters: 0 0 0

#Transform 80
Transform: AffineTransform_float_3_3
Parameters: 1 0.000308669 0.000272184 -0.000306584 0.999988 -0.00478872 -0.000273819 0.00478928 0.999989 -0.0213794 0.053641 -0.170713
FixedParameters: 0 0 0

#Transform 81
Transform: AffineTransform_float_3_3
Parameters: 1 0.000172322 -0.000108017 -0.000172185 0.999985 -0.00546998 0.000106662 0.00547002 0.999985 -0.00514005 0.0410233 -0.228309
FixedParameters: 0 0 0

#Transform 82
Transform: AffineTransform_float_3_3
Parameters: 1 3.75697e-05 -0.00109797 -4.50213e-05 0.999979 -0.0064428 0.00109786 0.0064422 0.999979 0.0306315 0.0438372 -0.258216
FixedParameters: 0 0 0

#Transform 83
Transform: AffineTransform_float_3_3
Parameters: 1 4.89972e-05 -0.000358704 -5.07878e-05 0.999985 -0.00560998 0.000358283 0.00561002 0.999984 0.00440552 0.0562772 -0.232574
FixedParameters: 0 0 0

#Transform 84
Transform: AffineTransform_float_3_3
Parameters: 1 -9.29237e-05 -0.000258322 9.08173e-05 0.999983 -0.00585102 0.000259006 0.00585097 0.999983 0.00513244 0.0469709 -0.209119
FixedParameters: 0 0 0

#Transform 85
Transform: AffineTransform_float_3_3
Parameters: 1 1.5331e-05 -0.000527236 -1.85229e-05 0.999982 -0.00601899 0.000526781 0.00601901 0.999981 0.00225811 0.0568246 -0.216415
FixedParameters: 0 0 0

#Transform 86
Transform: AffineTransform_float_3_3
Parameters: 1 1.66644e-05 -6.49027e-05 -1.64784e-05 0.999984 -0.005684 6.43236e-05 0.005684 0.999984 -0.00136861 0.059085 -0.229131
FixedParameters: 0 0 0

#Transform 87
Transform: AffineTransform_float_3_3
Parameters: 1 -0.000209167 -0.0003868 0.000207673 0.999985 -0.00549308 0.000387917 0.00549292 0.999985 0.00637183 0.0507346 -0.211423
FixedParameters: 0 0 0

#Transform 88
Transform: AffineTransform_float_3_3
Parameters: 1 5.20607e-05 -0.000432874 -5.42785e-05 0.999987 -0.00514197 0.000432466 0.00514202 0.999986 -0.0055097 0.0596308 -0.220992
FixedParameters: 0 0 0

#Transform 89
Transform: AffineTransform_float_3_3
Parameters: 1 -0.000151811 -0.000345096 0.000150163 0.999987 -0.00504905 0.000345839 0.00504895 0.999987 0.0126961 0.0571439 -0.21869
FixedParameters: 0 0 0

#Transform 90
Transform: AffineTransform_float_3_3
Parameters: 1 -5.46257e-05 -0.000386981 5.22032e-05 0.999985 -0.00551002 0.000386788 0.00550998 0.999984 0.00853223 0.0672678 -0.247252
FixedParameters: 0 0 0

#Transform 91
Transform: AffineTransform_float_3_3
Parameters: 1 0.000253967 -0.000519953 -0.000257003 0.999985 -0.00544987 0.000518228 0.00545013 0.999985 -0.00429903 0.0649078 -0.229013
FixedParameters: 0 0 0

#Transform 92
Transform: AffineTransform_float_3_3
Parameters: 1 -7.82266e-06 -0.000407166 5.50188e-06 0.999985 -0.00558901 0.000407379 0.005589 0.999985 -0.00497996 0.061644 -0.247298
FixedParameters: 0 0 0

#Transform 93
Transform: AffineTransform_float_3_3
Parameters: 1 0.000185801 -0.000569118 -0.000188819 0.999984 -0.0057709 0.000567625 0.00577111 0.999983 0.00769581 0.0506911 -0.216333
FixedParameters: 0 0 0

#Transform 94
Transform: AffineTransform_float_3_3
Parameters: 1 -8.98237e-05 -0.000371868 8.69621e-05 0.99998 -0.00632003 0.000372204 0.00631997 0.99998 -0.00456137 0.0545812 -0.279585
FixedParameters: 0 0 0

#Transform 95
Transform: AffineTransform_float_3_3
Parameters: 1 -6.15009e-07 -0.000568427 -2.84415e-06 0.999978 -0.006629 0.000567769 0.006629 0.999978 0.0125076 0.0579336 -0.27764
FixedParameters: 0 0 0

#Transform 96
Transform: AffineTransform_float_3_3
Parameters: 1 0.000100675 -0.000437796 -0.000103526 0.999981 -0.00625296 0.000437578 0.00625305 0.999981 -0.00032595 0.0575263 -0.266043
FixedParameters: 0 0 0

#Transform 97
Transform: AffineTransform_float_3_3
Parameters: 0.999999 -1.32059e-05 -0.000776509 8.32722e-06 0.999978 -0.00660801 0.000776538 0.00660799 0.999978 0.0195408 0.0610094 -0.302415
FixedParameters: 0 0 0

#Transform 98
Transform: AffineTransform_float_3_3
Parameters: 0.999999 -0.000146465 -0.000797353 0.000140818 0.999977 -0.0066686 0.000798236 0.0066684 0.999978 0.0206989 0.0466428 -0.291762
FixedParameters: 0 0 0

#Transform 99
Transform: AffineTransform_float_3_3
Parameters: 0.999999 -0.000114854 -0.000930863 0.000108736 0.999977 -0.00666859 0.00093185 0.00666841 0.999978 0.0235758 0.0456654 -0.233948
FixedParameters: 0 0 0

#Transform 100
Transform: AffineTransform_float_3_3
Parameters: 0.999999 -3.53428e-05 -0.000788539 3.03523e-05 0.999982 -0.00599202 0.000789211 0.00599197 0.999981 0.00904771 0.0455334 -0.254103
FixedParameters: 0 0 0

#Transform 101
Transform: AffineTransform_float_3_3
Parameters: 1 1.71175e-06 -0.00035913 -4.06391e-06 0.999979 -0.00638099 0.000359232 0.006381 0.999979 0.00433552 0.0611468 -0.266246
FixedParameters: 0 0 0

#Transform 102
Transform: AffineTransform_float_3_3
Parameters: 0.999999 -0.000165613 -0.000733495 0.000160978 0.999978 -0.00655776 0.000734603 0.00655824 0.999978 0.0146799 0.0687077 -0.255481
FixedParameters: 0 0 0

#Transform 103
Transform: AffineTransform_float_3_3
Parameters: 1 -6.65152e-05 -0.000635733 6.16931e-05 0.999981 -0.00626904 0.000636285 0.00626896 0.99998 0.00990908 0.0697915 -0.272203
FixedParameters: 0 0 0

#Transform 104
Transform: AffineTransform_float_3_3
Parameters: 1 -5.9414e-05 -0.000291328 5.75314e-05 0.999979 -0.00639066 0.000291294 0.00639134 0.99998 0.0126889 0.06335 -0.270943
FixedParameters: 0 0 0

#Transform 105
Transform: AffineTransform_float_3_3
Parameters: 0.999999 -4.90151e-05 -0.000860055 4.36299e-05 0.999981 -0.00625904 0.000860522 0.00625896 0.99998 0.0212712 0.0610821 -0.268844
FixedParameters: 0 0 0

#Transform 106
Transform: AffineTransform_float_3_3
Parameters: 1 0.000161982 -0.000383807 -0.000164481 0.999977 -0.00668193 0.000382685 0.00668206 0.999977 0.00111798 0.0561722 -0.27564
FixedParameters: 0 0 0

#Transform 107
Transform: AffineTransform_float_3_3
Parameters: 0.999999 -4.8492e-05 -0.000862655 4.29565e-05 0.999977 -0.00686204 0.000862779 0.00686196 0.999976 0.0189471 0.0641204 -0.276259
FixedParameters: 0 0 0

#Transform 108
Transform: AffineTransform_float_3_3
Parameters: 0.999999 -0.000124819 -0.000793539 0.000119027 0.999981 -0.00621174 0.000794411 0.00621226 0.999981 0.0165247 0.0667138 -0.270367
FixedParameters: 0 0 0

#Transform 109
Transform: AffineTransform_float_3_3
Parameters: 1 -0.000106502 -0.000304746 0.00010501 0.999982 -0.00609604 0.000306175 0.00609597 0.999982 0.00524679 0.0614477 -0.2463
FixedParameters: 0 0 0

#Transform 110
Transform: AffineTransform_float_3_3
Parameters: 0.999999 -0.000182618 -0.000901527 0.000177205 0.999979 -0.00649181 0.00090336 0.0064922 0.999979 0.0200677 0.0637985 -0.273937
FixedParameters: 0 0 0

#Transform 111
Transform: AffineTransform_float_3_3
Parameters: 1 1.23528e-06 -0.000158492 -2.35666e-06 0.999979 -0.00645 0.000158078 0.00645 0.999979 0.00455164 0.0719894 -0.262519
FixedParameters: 0 0 0

#Transform 112
Transform: AffineTransform_float_3_3
Parameters: 0.999999 -0.000291796 -0.000854339 0.000286717 0.99998 -0.00642525 0.000856632 0.00642475 0.999979 0.0222848 0.0787082 -0.27391
FixedParameters: 0 0 0

#Transform 113
Transform: AffineTransform_float_3_3
Parameters: 0.999999 -0.0003135 -0.000653249 0.000309346 0.999982 -0.0059882 0.000655415 0.0059878 0.999982 0.014536 0.0727222 -0.2691
FixedParameters: 0 0 0

#Transform 114
Transform: AffineTransform_float_3_3
Parameters: 0.999999 -0.000254262 -0.000800813 0.000248998 0.999981 -0.0061562 0.000801958 0.0061558 0.99998 0.0136424 0.0587918 -0.240832
FixedParameters: 0 0 0

#Transform 115
Transform: AffineTransform_float_3_3
Parameters: 1 -0.000237123 -0.00063284 0.000233292 0.999982 -0.00592979 0.000634067 0.00593021 0.999982 0.0127068 0.0729995 -0.254708
FixedParameters: 0 0 0

#Transform 116
Transform: AffineTransform_float_3_3
Parameters: 1 -0.000192281 -0.000675074 0.000188152 0.999981 -0.00606677 0.00067674 0.00606723 0.999982 0.00997426 0.0556583 -0.238509
FixedParameters: 0 0 0

#Transform 117
Transform: AffineTransform_float_3_3
Parameters: 0.999999 -0.000203894 -0.000689652 0.000199811 0.999982 -0.00590478 0.000691393 0.00590522 0.999983 0.0107359 0.0578077 -0.261547
FixedParameters: 0 0 0

#Transform 118
Transform: AffineTransform_float_3_3
Parameters: 0.999999 -0.000170738 -0.000821641 0.000165485 0.99998 -0.00623078 0.000822703 0.00623122 0.99998 0.0122528 0.0496209 -0.255709
FixedParameters: 0 0 0

#Transform 119
Transform: AffineTransform_float_3_3
Parameters: 0.999999 -0.00044466 -0.000788348 0.000440912 0.999983 -0.00586899 0.000791201 0.00586901 0.999983 0.0170227 0.0567266 -0.252767
FixedParameters: 0 0 0

#Transform 120
Transform: AffineTransform_float_3_3
Parameters: 0.999999 -0.00038895 -0.000603246 0.000384854 0.999982 -0.00611124 0.000605491 0.00611077 0.999981 0.0214269 0.0617921 -0.226736
FixedParameters: 0 0 0

#Transform 121
Transform: AffineTransform_float_3_3
Parameters: 0.999999 -0.000341409 -0.000690217 0.000337391 0.999983 -0.00595639 0.000691387 0.00595661 0.999982 0.0110905 0.0645854 -0.247797
FixedParameters: 0 0 0

#Transform 122
Transform: AffineTransform_float_3_3
Parameters: 0.999999 -0.000367126 -0.00082179 0.000361962 0.999979 -0.00649294 0.00082418 0.00649306 0.999979 0.0232697 0.0469721 -0.240487
FixedParameters: 0 0 0

#Transform 123
Transform: AffineTransform_float_3_3
Parameters: 0.999999 -0.000314575 -0.000844487 0.00030904 0.99998 -0.0062229 0.000847334 0.00622309 0.99998 0.0231941 0.0539256 -0.252439
FixedParameters: 0 0 0

#Transform 124
Transform: AffineTransform_float_3_3
Parameters: 1 -0.000201599 -0.000636194 0.000198011 0.999982 -0.00601213 0.000637954 0.00601187 0.999981 0.00921615 0.0623696 -0.225373
FixedParameters: 0 0 0

#Transform 125
Transform: AffineTransform_float_3_3
Parameters: 0.999999 -0.000465638 -0.000779321 0.000461355 0.999984 -0.005689 0.000782641 0.005689 0.999984 0.0251364 0.0730268 -0.22486
FixedParameters: 0 0 0

#Transform 126
Transform: AffineTransform_float_3_3
Parameters: 0.999999 -0.000265473 -0.000865636 0.000260572 0.999984 -0.00570787 0.000867605 0.00570813 0.999984 0.0215425 0.0705885 -0.243113
FixedParameters: 0 0 0

#Transform 127
Transform: AffineTransform_float_3_3
Parameters: 0.999999 -0.000267127 -0.000798501 0.000261873 0.999983 -0.00583121 0.000800943 0.00583079 0.999982 0.015864 0.0489375 -0.217106
FixedParameters: 0 0 0

#Transform 128
Transform: AffineTransform_float_3_3
Parameters: 0.999999 -0.000475179 -0.000775141 0.000471144 0.999981 -0.00615137 0.000778618 0.00615063 0.999981 0.0365526 0.0645349 -0.249558
FixedParameters: 0 0 0

#Transform 129
Transform: AffineTransform_float_3_3
Parameters: 0.999999 -0.000617677 -0.000636349 0.000613893 0.999982 -0.00595855 0.000639893 0.00595846 0.999982 0.0192212 0.078939 -0.231732
FixedParameters: 0 0 0

#Transform 130
Transform: AffineTransform_float_3_3
Parameters: 0.999999 -0.000560352 -0.000738436 0.000555875 0.999982 -0.00586905 0.000742113 0.00586895 0.999983 0.0342206 0.0837021 -0.232344
FixedParameters: 0 0 0

#Transform 131
Transform: AffineTransform_float_3_3
Parameters: 0.999999 -0.00043522 -0.000792451 0.000431021 0.999984 -0.00554298 0.000795299 0.00554302 0.999984 0.0204225 0.0770467 -0.248413
FixedParameters: 0 0 0

#Transform 132
Transform: AffineTransform_float_3_3
Parameters: 0.999999 -0.000524733 -0.000552312 0.000521098 0.999982 -0.00590093 0.00055508 0.00590107 0.999983 0.0208583 0.0679706 -0.211877
FixedParameters: 0 0 0

#Transform 133
Transform: AffineTransform_float_3_3
Parameters: 0.999999 -0.000494107 -0.000539387 0.000491012 0.999982 -0.00590091 0.000542717 0.00590109 0.999983 0.0328711 0.0784478 -0.230254
FixedParameters: 0 0 0

#Transform 134
Transform: AffineTransform_float_3_3
Parameters: 1 -0.000396912 -0.000418022 0.000394202 0.999984 -0.00560017 0.000419439 0.00559984 0.999984 0.0193349 0.0760559 -0.224058
FixedParameters: 0 0 0

#Transform 135
Transform: AffineTransform_float_3_3
Parameters: 0.999999 -0.000319277 -0.000785805 0.000314866 0.999983 -0.00572889 0.000787484 0.00572911 0.999983 0.027911 0.0804812 -0.228625
FixedParameters: 0 0 0

#Transform 136
Transform: AffineTransform_float_3_3
Parameters: 0.999999 -0.000430515 -0.000794491 0.000426521 0.999986 -0.00540134 0.000797167 0.00540066 0.999985 0.0182025 0.0775424 -0.227924
FixedParameters: 0 0 0

#Transform 137
Transform: AffineTransform_float_3_3
Parameters: 0.999999 -0.000401696 -0.000806871 0.00039735 0.999982 -0.00610633 0.000809405 0.00610568 0.999981 0.029544 0.0831929 -0.22021
FixedParameters: 0 0 0

#Transform 138
Transform: AffineTransform_float_3_3
Parameters: 0.999999 -0.000484024 -0.000771389 0.000479788 0.999983 -0.00571601 0.000774944 0.00571599 0.999984 0.0311637 0.0788425 -0.227734
FixedParameters: 0 0 0

#Transform 139
Transform: AffineTransform_float_3_3
Parameters: 0.999999 -0.000485672 -0.000770715 0.000481824 0.999985 -0.00547052 0.000774054 0.00547047 0.999984 0.0184337 0.0749051 -0.207948
FixedParameters: 0 0 0

#Transform 140
Transform: AffineTransform_float_3_3
Parameters: 0.999999 -0.000385623 -0.000813829 0.000380283 0.999984 -0.00553395 0.000816505 0.00553405 0.999985 0.0366619 0.0763561 -0.2239
FixedParameters: 0 0 0

#Transform 141
Transform: AffineTransform_float_3_3
Parameters: 1 -0.000474746 -0.000515131 0.000472203 0.999984 -0.00564724 0.000517995 0.00564675 0.999984 0.0193678 0.0735386 -0.224034
FixedParameters: 0 0 0

#Transform 142
Transform: AffineTransform_float_3_3
Parameters: 0.999999 -0.000570648 -0.000733926 0.000566751 0.999981 -0.00613642 0.00073764 0.00613558 0.999981 0.0424478 0.0828726 -0.231375
FixedParameters: 0 0 0

#Transform 143
Transform: AffineTransform_float_3_3
Parameters: 0.999999 -0.000520834 -0.000755494 0.000516231 0.999983 -0.00582239 0.000758657 0.00582161 0.999983 0.0296373 0.0854191 -0.232333
FixedParameters: 0 0 0

#Transform 144
Transform: AffineTransform_float_3_3
Parameters: 0.999999 -0.000660246 -0.000695438 0.000656649 0.999984 -0.00559646 0.000699933 0.00559554 0.999984 0.0340626 0.0781186 -0.216745
FixedParameters: 0 0 0

#Transform 145
Transform: AffineTransform_float_3_3
Parameters: 0.999999 -0.000606951 -0.000640007 0.000603587 0.999984 -0.00560039 0.000642991 0.00559961 0.999984 0.025731 0.0742346 -0.232618
FixedParameters: 0 0 0

#Transform 146
Transform: AffineTransform_float_3_3
Parameters: 0.999999 -0.000797897 -0.000521593 0.000795165 0.999982 -0.00588121 0.000526248 0.00588179 0.999983 0.028437 0.0729792 -0.227988
FixedParameters: 0 0 0

#Transform 147
Transform: AffineTransform_float_3_3
Parameters: 1 -0.000602039 -0.000955658 0.000595538 0.999981 -0.00607336 0.000959666 0.00607363 0.999981 0.0459008 0.0743703 -0.232291
FixedParameters: 0 0 0

#Transform 148
Transform: AffineTransform_float_3_3
Parameters: 1 -0.000309072 -0.000183509 0.000308233 0.99998 -0.00620205 0.000185636 0.00620194 0.999981 0.0194323 0.0738127 -0.228634
FixedParameters: 0 0 0

#Transform 149
Transform: AffineTransform_float_3_3
Parameters: 1 -0.000604273 -0.000698784 0.000599817 0.999982 -0.00590806 0.000702104 0.00590794 0.999982 0.0436025 0.0706054 -0.22754
FixedParameters: 0 0 0

#Transform 150
Transform: AffineTransform_float_3_3
Parameters: 1 -0.000368814 -0.000466013 0.000365629 0.999983 -0.00594617 0.000468287 0.00594583 0.999982 0.0205894 0.0618736 -0.22386
FixedParameters: 0 0 0

#Transform 151
Transform: AffineTransform_float_3_3
Parameters: 1 -0.000782728 -0.000675009 0.000778678 0.99998 -0.00620217 0.000679587 0.00620183 0.999981 0.0420319 0.0753751 -0.218018
FixedParameters: 0 0 0

#Transform 152
Transform: AffineTransform_float_3_3
Parameters: 0.999999 -0.000454164 -0.000582713 0.000450296 0.999981 -0.00612727 0.000585771 0.00612674 0.999981 0.0241208 0.0875076 -0.243644
FixedParameters: 0 0 0

#Transform 153
Transform: AffineTransform_float_3_3
Parameters: 0.999999 -0.000572128 -0.000747447 0.000566758 0.999981 -0.00613543 0.00075064 0.00613457 0.999981 0.033008 0.0678204 -0.224606
FixedParameters: 0 0 0

#Transform 154
Transform: AffineTransform_float_3_3
Parameters: 0.999999 -0.000449175 -0.000710142 0.000444284 0.999982 -0.00601947 0.000713957 0.00601953 0.999981 0.0323011 0.0736425 -0.237276
FixedParameters: 0 0 0

#Transform 155
Transform: AffineTransform_float_3_3
Parameters: 1 -0.000322841 -0.000390042 0.00031982 0.999983 -0.00571812 0.000392015 0.00571787 0.999983 0.0219055 0.082536 -0.228641
FixedParameters: 0 0 0

#Transform 156
Transform: AffineTransform_float_3_3
Parameters: 1 -3.73444e-05 -2.0912e-05 3.80106e-05 0.999981 -0.006072 2.09788e-05 0.00607199 0.999981 0.00538265 0.0341007 -0.107992
FixedParameters: 0 0 0

#Transform 157
Transform: AffineTransform_float_3_3
Parameters: 1 1.62043e-05 -0.000450581 -1.97444e-05 0.999972 -0.00743084 0.000450062 0.00743017 0.999973 0.0147336 0.0550342 -0.253892
FixedParameters: 0 0 0

#Transform 158
Transform: AffineTransform_float_3_3
Parameters: 0.999999 -0.000357812 -0.000798571 0.000351737 0.999973 -0.00724892 0.00080137 0.00724908 0.999974 0.0203349 0.0695183 -0.276413
FixedParameters: 0 0 0

#Transform 159
Transform: AffineTransform_float_3_3
Parameters: 1 -0.000574126 -0.000859804 0.000568715 0.999979 -0.00642949 0.000862576 0.00642851 0.999979 0.0259952 0.0749932 -0.269454
FixedParameters: 0 0 0

#Transform 160
Transform: AffineTransform_float_3_3
Parameters: 1 -0.000287011 -0.000268091 0.000285338 0.999977 -0.00680207 0.000268971 0.00680192 0.999977 0.0124231 0.0747091 -0.243527
FixedParameters: 0 0 0

#Transform 161
Transform: AffineTransform_float_3_3
Parameters: 0.999999 -0.000384259 -0.0007501 0.000378802 0.999977 -0.00669093 0.000753252 0.00669107 0.999978 0.0329507 0.0722798 -0.247505
FixedParameters: 0 0 0

#Transform 162
Transform: AffineTransform_float_3_3
Parameters: 0.999999 -0.000690206 -0.000469519 0.000687084 0.999976 -0.00694147 0.000474365 0.00694152 0.999975 0.0211164 0.0678979 -0.251884
FixedParameters: 0 0 0

#Transform 163
Transform: AffineTransform_float_3_3
Parameters: 1 -0.000408924 -0.000380921 0.00040555 0.999975 -0.00700279 0.000383611 0.0070032 0.999976 0.0258486 0.0701795 -0.23143
FixedParameters: 0 0 0

#Transform 164
Transform: AffineTransform_float_3_3
Parameters: 0.999999 -0.000564094 -0.000613386 0.000559171 0.999975 -0.00710314 0.00061757 0.00710386 0.999975 0.027267 0.0730154 -0.251373
FixedParameters: 0 0 0

#Transform 165
Transform: AffineTransform_float_3_3
Parameters: 1 -0.000557027 -0.000385368 0.000553904 0.999974 -0.00727322 0.000389123 0.00727279 0.999974 0.0229207 0.0695236 -0.235775
FixedParameters: 0 0 0

#Transform 166
Transform: AffineTransform_float_3_3
Parameters: 1 -0.000404622 -0.000570228 0.000401054 0.999977 -0.00680623 0.000572838 0.00680577 0.999976 0.0260327 0.0781925 -0.25044
FixedParameters: 0 0 0

#Transform 167
Transform: AffineTransform_float_3_3
Parameters: 1 -0.000327944 -0.000393139 0.000325068 0.999978 -0.00665313 0.000395391 0.00665287 0.999978 0.0206871 0.0768245 -0.228491
FixedParameters: 0 0 0

#Transform 168
Transform: AffineTransform_float_3_3
Parameters: 0.999999 -0.000530027 -0.000693541 0.000525451 0.999975 -0.00697901 0.000697643 0.00697899 0.999976 0.0331669 0.0706483 -0.22811
FixedParameters: 0 0 0

#Transform 169
Transform: AffineTransform_float_3_3
Parameters: 1 -0.000435694 -0.00045754 0.00043326 0.999973 -0.0072352 0.000460952 0.0072348 0.999973 0.0285213 0.0733801 -0.233324
FixedParameters: 0 0 0

#Transform 170
Transform: AffineTransform_float_3_3
Parameters: 1 -0.000411585 -0.000155205 0.000410355 0.999974 -0.00729607 0.000158579 0.00729594 0.999974 0.0111799 0.073939 -0.219298
FixedParameters: 0 0 0

#Transform 171
Transform: AffineTransform_float_3_3
Parameters: 0.999999 -0.000731268 -0.000352421 0.000728241 0.999973 -0.00724725 0.000357754 0.00724673 0.999973 0.0272913 0.0817152 -0.240448
FixedParameters: 0 0 0

#Transform 172
Transform: AffineTransform_float_3_3
Parameters: 0.999999 -0.000567351 -0.000485732 0.000564295 0.999977 -0.00665827 0.000488551 0.00665772 0.999977 0.0253343 0.0758562 -0.210902
FixedParameters: 0 0 0

#Transform 173
Transform: AffineTransform_float_3_3
Parameters: 0.999999 -0.000488571 -0.000519713 0.000485136 0.999975 -0.00696125 0.000522697 0.00696074 0.999975 0.0289243 0.0755329 -0.233341
FixedParameters: 0 0 0

#Transform 174
Transform: AffineTransform_float_3_3
Parameters: 0.999999 -0.000484062 -0.000521625 0.000480439 0.999974 -0.00711489 0.000524693 0.00711511 0.999975 0.0323095 0.0688526 -0.200025
FixedParameters: 0 0 0

#Transform 175
Transform: AffineTransform_float_3_3
Parameters: 0.999999 -0.000695067 -0.00064381 0.000690074 0.999973 -0.00722944 0.000648717 0.00722855 0.999973 0.0464159 0.0711679 -0.229907
FixedParameters: 0 0 0

#Transform 176
Transform: AffineTransform_float_3_3
Parameters: 0.999999 -0.000692602 -0.00041733 0.000689918 0.999977 -0.0068273 0.000421133 0.00682672 0.999977 0.0192526 0.062967 -0.200512
FixedParameters: 0 0 0

#Transform 177
Transform: AffineTransform_float_3_3
Parameters: 0.999999 -0.000483193 -0.000692108 0.000479337 0.999979 -0.00647933 0.000695079 0.00647866 0.999979 0.0308196 0.0723575 -0.216464
FixedParameters: 0 0 0

#Transform 178
Transform: AffineTransform_float_3_3
Parameters: 0.999999 -0.000607758 -0.000377938 0.000604846 0.99998 -0.00643039 0.000382723 0.00643062 0.999979 0.0149676 0.0656707 -0.19979
FixedParameters: 0 0 0

#Transform 179
Transform: AffineTransform_float_3_3
Parameters: 0.999999 -0.000416283 -0.000707908 0.00041076 0.999977 -0.0068623 0.000710709 0.00686171 0.999976 0.035274 0.0641872 -0.23617
FixedParameters: 0 0 0
