#Insight Transform File V1.0
#Transform 0
Transform: AffineTransform_float_3_3
Parameters: 0.999999 0.000208815 -0.000798829 -0.000207976 1 0.000525166 0.000799047 -0.000524833 0.999999 -0.0457946 0.21413 0.368024
FixedParameters: 0 0 0

#Transform 1
Transform: AffineTransform_float_3_3
Parameters: 1 4.99572e-05 0.000117849 -5.00698e-05 1 0.000477994 -0.000117801 -0.000478006 1 0.00216372 0.0607833 -0.267972
FixedParameters: 0 0 0

#Transform 2
Transform: AffineTransform_float_3_3
Parameters: 0.999999 0.000950256 7.3411e-05 -0.000950437 0.999997 0.00220957 -7.14422e-05 -0.00221043 0.999997 -0.0296758 0.126322 -0.358255
FixedParameters: 0 0 0

#Transform 3
Transform: AffineTransform_float_3_3
Parameters: 1 0.000698028 -2.5876e-05 -0.000698344 0.999999 0.00141302 2.69286e-05 -0.00141298 0.999999 -0.0151436 0.143713 -0.399345
FixedParameters: 0 0 0

#Transform 4
Transform: AffineTransform_float_3_3
Parameters: 0.999999 0.000769696 0.000115324 -0.000770398 0.999999 0.00135691 -0.000114154 -0.00135709 0.999999 -0.00870821 0.16393 -0.445165
FixedParameters: 0 0 0

#Transform 5
Transform: AffineTransform_float_3_3
Parameters: 1 0.000857266 0.000520223 -0.000858205 0.999998 0.00141255 -0.00051911 -0.00141345 0.999999 -0.00581309 0.155957 -0.395507
FixedParameters: 0 0 0

#Transform 6
Transform: AffineTransform_float_3_3
Parameters: 1 0.00104398 -0.000512105 -0.00104303 0.999998 0.00131053 0.000513918 -0.00130946 0.999999 -0.0187607 0.147425 -0.410651
FixedParameters: 0 0 0

#Transform 7
Transform: AffineTransform_float_3_3
Parameters: 0.999999 0.00069415 0.000134019 -0.00069481 1 0.00100691 -0.000133541 -0.00100709 1 0.00518996 0.141142 -0.41897
FixedParameters: 0 0 0

#Transform 8
Transform: AffineTransform_float_3_3
Parameters: 1 0.000999609 -6.72344e-05 -0.000999228 0.999998 0.00178392 6.85676e-05 -0.00178309 0.999998 -0.00595738 0.158113 -0.383728
FixedParameters: 0 0 0

#Transform 9
Transform: AffineTransform_float_3_3
Parameters: 0.999999 0.000851147 -0.000297987 -0.000850693 0.999998 0.00141325 0.000299471 -0.00141275 0.999999 -0.011446 0.145705 -0.393506
FixedParameters: 0 0 0

#Transform 10
Transform: AffineTransform_float_3_3
Parameters: 1 0.00111705 0.000260133 -0.00111798 0.999997 0.00206835 -0.00025774 -0.00206965 0.999998 -0.0111284 0.167865 -0.354016
FixedParameters: 0 0 0

#Transform 11
Transform: AffineTransform_float_3_3
Parameters: 0.999999 0.000980249 0.00024333 -0.000980321 0.999999 0.00123876 -0.000242212 -0.00123924 0.999999 0.0117493 0.173938 -0.325344
FixedParameters: 0 0 0

#Transform 12
Transform: AffineTransform_float_3_3
Parameters: 1 0.000860253 0.000526247 -0.0008603 1 0.000920396 -0.000525054 -0.000920606 1 0.0173037 0.167486 -0.325461
FixedParameters: 0 0 0

#Transform 13
Transform: AffineTransform_float_3_3
Parameters: 1 0.00059594 0.000190077 -0.000596065 0.999999 0.00172553 -0.00018933 -0.00172647 0.999998 0.0144234 0.16051 -0.349381
FixedParameters: 0 0 0

#Transform 14
Transform: AffineTransform_float_3_3
Parameters: 0.999999 0.000732162 0.00022488 -0.000732459 0.999998 0.00184484 -0.000223489 -0.00184516 0.999999 0.0115199 0.158457 -0.367509
FixedParameters: 0 0 0

#Transform 15
Transform: AffineTransform_float_3_3
Parameters: 0.999999 0.000749242 0.000265518 -0.000749763 0.999998 0.0019838 -0.000263855 -0.0019842 0.999998 0.00591308 0.160984 -0.37141
FixedParameters: 0 0 0

#Transform 16
Transform: AffineTransform_float_3_3
Parameters: 0.999999 0.000522363 0.000634694 -0.000523304 0.999999 0.00146767 -0.000633549 -0.00146833 0.999998 0.000174101 0.191504 -0.327494
FixedParameters: 0 0 0

#Transform 17
Transform: AffineTransform_float_3_3
Parameters: 1 0.000155256 6.68464e-05 -0.000155872 0.999998 0.00167599 -6.72454e-05 -0.00167601 0.999998 0.00311128 0.166476 -0.394494
FixedParameters: 0 0 0

#Transform 18
Transform: AffineTransform_float_3_3
Parameters: 0.999999 0.000842854 0.00155686 -0.000846133 0.999996 0.00253241 -0.00155454 -0.00253359 0.999996 0.00321908 0.165824 -0.345543
FixedParameters: 0 0 0

#Transform 19
Transform: AffineTransform_float_3_3
Parameters: 1 0.000808317 0.000720647 -0.00081057 0.999996 0.00257378 -0.000718182 -0.00257422 0.999997 -0.004527 0.172907 -0.321023
FixedParameters: 0 0 0

#Transform 20
Transform: AffineTransform_float_3_3
Parameters: 0.999995 0.00250331 0.00228643 -0.00250756 0.999995 0.00196711 -0.00228074 -0.00197289 0.999996 -0.0170945 0.179597 -0.318799
FixedParameters: 0 0 0

#Transform 21
Transform: AffineTransform_float_3_3
Parameters: 0.999996 0.00133746 0.00221349 -0.00134386 0.999995 0.00302196 -0.00220943 -0.00302504 0.999993 0.0160112 0.192436 -0.273435
FixedParameters: 0 0 0

#Transform 22
Transform: AffineTransform_float_3_3
Parameters: 0.999998 0.0013078 0.00153277 -0.0013118 0.999994 0.00315356 -0.00152908 -0.00315544 0.999994 0.0217804 0.214631 -0.310835
FixedParameters: 0 0 0

#Transform 23
Transform: AffineTransform_float_3_3
Parameters: 0.999998 0.00135295 0.00131941 -0.0013569 0.999995 0.00294742 -0.00131521 -0.00294958 0.999995 0.0188448 0.190713 -0.355615
FixedParameters: 0 0 0

#Transform 24
Transform: AffineTransform_float_3_3
Parameters: 0.999997 0.00146937 0.00191359 -0.00147337 0.999996 0.00262876 -0.00190951 -0.00263225 0.999995 0.0270742 0.194743 -0.352322
FixedParameters: 0 0 0

#Transform 25
Transform: AffineTransform_float_3_3
Parameters: 0.999999 0.000828932 0.00163211 -0.000832747 0.999998 0.00201536 -0.00162994 -0.00201664 0.999997 0.0339206 0.166211 -0.342429
FixedParameters: 0 0 0

#Transform 26
Transform: AffineTransform_float_3_3
Parameters: 0.999998 0.00101063 0.0020612 -0.00101429 0.999998 0.00178063 -0.00205915 -0.00178337 0.999996 0.0528446 0.194988 -0.347083
FixedParameters: 0 0 0

#Transform 27
Transform: AffineTransform_float_3_3
Parameters: 0.999996 0.000433242 0.00257021 -0.000437107 0.999999 0.00136511 -0.00256928 -0.00136589 0.999995 0.0917802 0.158137 -0.388382
FixedParameters: 0 0 0

#Transform 28
Transform: AffineTransform_float_3_3
Parameters: 0.999996 1.48924e-05 0.00277881 -1.79761e-05 0.999999 0.00119249 -0.0027781 -0.00119251 0.999995 0.166338 0.143981 -0.418914
FixedParameters: 0 0 0

#Transform 29
Transform: AffineTransform_float_3_3
Parameters: 0.999999 0.000675962 0.00171835 -0.000680092 0.999996 0.00280956 -0.00171689 -0.00281045 0.999995 0.0815218 0.195467 -0.337749
FixedParameters: 0 0 0

#Transform 30
Transform: AffineTransform_float_3_3
Parameters: 0.999998 0.000841804 0.00207279 -0.000846496 0.999997 0.00224233 -0.00207095 -0.00224367 0.999995 0.0778758 0.194592 -0.394843
FixedParameters: 0 0 0

#Transform 31
Transform: AffineTransform_float_3_3
Parameters: 0.999998 0.000979488 0.0017912 -0.00098454 0.999996 0.00258681 -0.001789 -0.00258819 0.999994 0.0778323 0.192412 -0.338151
FixedParameters: 0 0 0

#Transform 32
Transform: AffineTransform_float_3_3
Parameters: 0.999997 0.000683599 0.00206337 -0.000690024 0.999995 0.00321466 -0.00206077 -0.00321534 0.999993 0.0676175 0.201597 -0.354268
FixedParameters: 0 0 0

#Transform 33
Transform: AffineTransform_float_3_3
Parameters: 0.999999 0.000675846 0.0013983 -0.000679799 0.999996 0.00273141 -0.00139616 -0.00273259 0.999995 0.0629582 0.200011 -0.423608
FixedParameters: 0 0 0

#Transform 34
Transform: AffineTransform_float_3_3
Parameters: 0.999998 0.000918369 0.00173677 -0.000923003 0.999994 0.00319112 -0.00173363 -0.00319288 0.999993 0.0536474 0.205407 -0.417238
FixedParameters: 0 0 0

#Transform 35
Transform: AffineTransform_float_3_3
Parameters: 0.999999 0.000680638 0.00165779 -0.000685684 0.999995 0.00291159 -0.00165576 -0.00291241 0.999994 0.0813387 0.194464 -0.434241
FixedParameters: 0 0 0

#Transform 36
Transform: AffineTransform_float_3_3
Parameters: 0.999999 0.000382439 0.00134506 -0.000386105 0.999997 0.00253584 -0.00134336 -0.00253616 0.999996 0.0408195 0.207444 -0.414383
FixedParameters: 0 0 0

#Transform 37
Transform: AffineTransform_float_3_3
Parameters: 0.999999 0.000425989 0.00144825 -0.000429552 0.999997 0.00250174 -0.00144767 -0.00250226 0.999995 0.0620334 0.20056 -0.423982
FixedParameters: 0 0 0

#Transform 38
Transform: AffineTransform_float_3_3
Parameters: 0.999999 0.000417491 0.00143004 -0.000422419 0.999996 0.00301091 -0.00142907 -0.00301209 0.999995 0.0388013 0.200484 -0.410798
FixedParameters: 0 0 0

#Transform 39
Transform: AffineTransform_float_3_3
Parameters: 0.999999 0.000344493 0.0016975 -0.000348732 0.999997 0.00244877 -0.00169644 -0.00244923 0.999995 0.0601137 0.200999 -0.384789
FixedParameters: 0 0 0

#Transform 40
Transform: AffineTransform_float_3_3
Parameters: 0.999996 0.000854566 0.00246248 -0.00086005 0.999997 0.00212748 -0.00245987 -0.00212952 0.999995 0.0792629 0.195858 -0.416706
FixedParameters: 0 0 0

#Transform 41
Transform: AffineTransform_float_3_3
Parameters: 0.999999 0.000565319 0.00177805 -0.00056959 0.999997 0.0023465 -0.00177603 -0.0023485 0.999996 0.0682425 0.182332 -0.321952
FixedParameters: 0 0 0

#Transform 42
Transform: AffineTransform_float_3_3
Parameters: 0.999999 0.000560403 0.00176708 -0.000565525 0.999997 0.00249172 -0.00176584 -0.00249227 0.999995 0.0633895 0.216276 -0.220155
FixedParameters: 0 0 0

#Transform 43
Transform: AffineTransform_float_3_3
Parameters: 0.999999 0.000593902 0.00120275 -0.000597387 0.999997 0.00243464 -0.00120194 -0.00243536 0.999996 0.0446744 0.200206 -0.30367
FixedParameters: 0 0 0

#Transform 44
Transform: AffineTransform_float_3_3
Parameters: 0.999998 0.000634809 0.00194091 -0.000638815 0.999998 0.00198048 -0.00193995 -0.00198152 0.999996 0.0463156 0.194272 -0.294628
FixedParameters: 0 0 0

#Transform 45
Transform: AffineTransform_float_3_3
Parameters: 0.999997 0.000327504 0.00209603 -0.000334858 0.999995 0.00316518 -0.00209536 -0.00316582 0.999993 0.0513516 0.211719 -0.253958
FixedParameters: 0 0 0

#Transform 46
Transform: AffineTransform_float_3_3
Parameters: 0.999998 0.000498863 0.00159655 -0.000502714 0.999996 0.00277071 -0.0015948 -0.00277229 0.999995 0.0518941 0.20799 -0.308061
FixedParameters: 0 0 0

#Transform 47
Transform: AffineTransform_float_3_3
Parameters: 0.999998 0.000486289 0.00224202 -0.000491779 0.999996 0.00283698 -0.00224014 -0.00283702 0.999993 0.0565443 0.202167 -0.300396
FixedParameters: 0 0 0

#Transform 48
Transform: AffineTransform_float_3_3
Parameters: 0.999998 0.000659599 0.0015104 -0.000664149 0.999996 0.00303136 -0.00150834 -0.00303264 0.999994 0.0672573 0.206441 -0.272434
FixedParameters: 0 0 0

#Transform 49
Transform: AffineTransform_float_3_3
Parameters: 0.999997 0.000472165 0.00215261 -0.000477104 0.999996 0.00252085 -0.00215164 -0.00252215 0.999994 0.0786939 0.202458 -0.246131
FixedParameters: 0 0 0

#Transform 50
Transform: AffineTransform_float_3_3
Parameters: 0.999997 -0.000100099 0.00234939 9.6735e-05 0.999999 0.0014699 -0.00234901 -0.0014701 0.999996 0.0956143 0.19824 -0.324334
FixedParameters: 0 0 0

#Transform 51
Transform: AffineTransform_float_3_3
Parameters: 0.999997 -7.50232e-05 0.00240884 7.10143e-05 0.999997 0.00194935 -0.00240924 -0.00194965 0.999995 0.0677266 0.189803 -0.328204
FixedParameters: 0 0 0

#Transform 52
Transform: AffineTransform_float_3_3
Parameters: 0.999998 0.000360223 0.00167466 -0.000364934 0.999998 0.00223091 -0.00167421 -0.0022321 0.999996 0.0604912 0.199072 -0.290045
FixedParameters: 0 0 0

#Transform 53
Transform: AffineTransform_float_3_3
Parameters: 0.999998 7.13501e-05 0.00176049 -7.58547e-05 0.999996 0.00254774 -0.00175984 -0.00254726 0.999995 0.0449638 0.235814 -0.300194
FixedParameters: 0 0 0

#Transform 54
Transform: AffineTransform_float_3_3
Parameters: 0.999999 -9.82958e-05 0.00155902 9.4634e-05 0.999999 0.00189051 -0.00155925 -0.00188949 0.999997 0.0465451 0.200085 -0.35302
FixedParameters: 0 0 0

#Transform 55
Transform: AffineTransform_float_3_3
Parameters: 0.999998 -0.000241235 0.00186266 0.000237821 0.999998 0.00176211 -0.00186376 -0.00176189 0.999997 0.0328548 0.204048 -0.305738
FixedParameters: 0 0 0

#Transform 56
Transform: AffineTransform_float_3_3
Parameters: 0.999998 -0.000136147 0.00188372 0.00013178 0.999997 0.00258777 -0.00188453 -0.00258724 0.999995 0.0499358 0.197489 -0.305195
FixedParameters: 0 0 0

#Transform 57
Transform: AffineTransform_float_3_3
Parameters: 0.999998 -0.000147119 0.00209005 0.000141539 0.999996 0.00271681 -0.00209003 -0.00271618 0.999993 0.0625165 0.194847 -0.252032
FixedParameters: 0 0 0

#Transform 58
Transform: AffineTransform_float_3_3
Parameters: 0.999999 1.83083e-05 0.00147563 -2.18845e-05 0.999996 0.00272448 -0.00147524 -0.00272452 0.999996 0.0734983 0.224995 -0.280397
FixedParameters: 0 0 0

#Transform 59
Transform: AffineTransform_float_3_3
Parameters: 0.999998 -0.000209949 0.00190765 0.000206128 0.999998 0.00217106 -0.00190827 -0.00217094 0.999996 0.0733702 0.20464 -0.339122
FixedParameters: 0 0 0

#Transform 60
Transform: AffineTransform_float_3_3
Parameters: 0.999999 7.0076e-05 0.00157254 -7.31777e-05 0.999998 0.0019884 -0.0015725 -0.0019886 0.999997 0.0456065 0.228294 -0.280278
FixedParameters: 0 0 0

#Transform 61
Transform: AffineTransform_float_3_3
Parameters: 0.999998 0.000196629 0.00186625 -0.000200902 0.999997 0.00234114 -0.00186504 -0.00234186 0.999995 0.0561759 0.228095 -0.240842
FixedParameters: 0 0 0

#Transform 62
Transform: AffineTransform_float_3_3
Parameters: 1 4.35783e-05 0.00117874 -4.56811e-05 0.999997 0.00222931 -0.0011788 -0.00222869 0.999996 0.0412136 0.194251 -0.253234
FixedParameters: 0 0 0

#Transform 63
Transform: AffineTransform_float_3_3
Parameters: 0.999999 0.000238995 0.00140362 -0.000241182 0.999999 0.00176218 -0.00140395 -0.00176283 0.999998 0.0493367 0.184952 -0.313172
FixedParameters: 0 0 0

#Transform 64
Transform: AffineTransform_float_3_3
Parameters: 0.999999 0.0002711 0.00147912 -0.000272765 0.999998 0.00162896 -0.00147849 -0.00162904 0.999997 0.0440774 0.176115 -0.29852
FixedParameters: 0 0 0

#Transform 65
Transform: AffineTransform_float_3_3
Parameters: 0.999999 0.000239345 0.00140653 -0.000241864 0.999997 0.00234318 -0.00140604 -0.00234383 0.999997 0.049416 0.223422 -0.255778
FixedParameters: 0 0 0

#Transform 66
Transform: AffineTransform_float_3_3
Parameters: 0.999998 0.000149024 0.00158035 -0.000152796 0.999998 0.00219076 -0.00157994 -0.00219124 0.999996 0.0532678 0.223624 -0.285336
FixedParameters: 0 0 0

#Transform 67
Transform: AffineTransform_float_3_3
Parameters: 0.999999 0.000184837 0.00127852 -0.000187749 0.999997 0.00273212 -0.00127814 -0.00273188 0.999996 0.0422464 0.193378 -0.284543
FixedParameters: 0 0 0

#Transform 68
Transform: AffineTransform_float_3_3
Parameters: 0.999999 -0.000416505 0.000902249 0.000412527 0.99999 0.00437953 -0.000904291 -0.00437947 0.99999 0.0746686 0.190363 -0.220039
FixedParameters: 0 0 0

#Transform 69
Transform: AffineTransform_float_3_3
Parameters: 0.999999 -0.000503699 0.00146171 0.00049768 0.999991 0.00416488 -0.00146415 -0.00416411 0.99999 0.0760808 0.217253 -0.21368
FixedParameters: 0 0 0

#Transform 70
Transform: AffineTransform_float_3_3
Parameters: 0.999999 -0.000898868 0.000975391 0.00089552 0.999996 0.00278552 -0.000978017 -0.00278448 0.999995 0.0556983 0.18643 -0.188074
FixedParameters: 0 0 0

#Transform 71
Transform: AffineTransform_float_3_3
Parameters: 0.999999 -0.000873019 0.000967496 0.000870629 0.999995 0.002991 -0.00096981 -0.00299 0.999995 0.0678795 0.187418 -0.191629
FixedParameters: 0 0 0

#Transform 72
Transform: AffineTransform_float_3_3
Parameters: 0.999999 -0.000919298 0.00148389 0.000915117 0.999995 0.00299651 -0.00148596 -0.00299448 0.999994 0.0807832 0.201151 -0.243638
FixedParameters: 0 0 0

#Transform 73
Transform: AffineTransform_float_3_3
Parameters: 0.999999 -7.01646e-05 0.00131974 6.6484e-05 0.999997 0.00273709 -0.00131945 -0.00273691 0.999995 0.0558244 0.2031 -0.241332
FixedParameters: 0 0 0

#Transform 74
Transform: AffineTransform_float_3_3
Parameters: 0.999999 -0.000860454 0.00110846 0.000856861 0.999995 0.00315275 -0.00111098 -0.00315225 0.999994 0.0701331 0.205391 -0.198746
FixedParameters: 0 0 0

#Transform 75
Transform: AffineTransform_float_3_3
Parameters: 1 -0.000356933 0.00103735 0.00035315 0.999994 0.00352873 -0.00103918 -0.00352727 0.999993 0.0621849 0.226681 -0.235505
FixedParameters: 0 0 0

#Transform 76
Transform: AffineTransform_float_3_3
Parameters: 0.999998 -0.000683916 0.00147212 0.000679025 0.999994 0.0034398 -0.00147468 -0.0034392 0.999993 0.0434111 0.221681 -0.242469
FixedParameters: 0 0 0

#Transform 77
Transform: AffineTransform_float_3_3
Parameters: 0.999998 -0.000797036 0.00139088 0.000792371 0.999995 0.00322926 -0.0013935 -0.00322774 0.999994 0.071816 0.221323 -0.228301
FixedParameters: 0 0 0

#Transform 78
Transform: AffineTransform_float_3_3
Parameters: 0.999999 0.00014338 0.00157352 -0.000148113 0.999994 0.00321528 -0.00157269 -0.00321572 0.999993 0.0449978 0.205167 -0.185288
FixedParameters: 0 0 0

#Transform 79
Transform: AffineTransform_float_3_3
Parameters: 0.999998 -0.000444043 0.00160584 0.0004395 0.999995 0.00321086 -0.00160787 -0.00321014 0.999993 0.0574777 0.191712 -0.195378
FixedParameters: 0 0 0

#Transform 80
Transform: AffineTransform_float_3_3
Parameters: 0.999999 -0.000532018 0.00123931 0.000528087 0.999994 0.00317081 -0.00124108 -0.00317019 0.999994 0.0611806 0.212346 -0.244216
FixedParameters: 0 0 0

#Transform 81
Transform: AffineTransform_float_3_3
Parameters: 0.999999 -0.000627143 0.00141277 0.000621282 0.999991 0.00406619 -0.00141481 -0.00406581 0.999991 0.0261466 0.204624 -0.224804
FixedParameters: 0 0 0

#Transform 82
Transform: AffineTransform_float_3_3
Parameters: 0.999999 -0.000237706 0.00125153 0.000226617 0.999966 0.00830429 -0.00125299 -0.00830371 0.999964 0.0318019 0.163086 -0.288703
FixedParameters: 0 0 0

#Transform 83
Transform: AffineTransform_float_3_3
Parameters: 0.999999 -0.000600333 0.000515386 0.000596054 0.999967 0.00817095 -0.00052042 -0.00817105 0.999966 -0.00699358 0.0587251 -0.527819
FixedParameters: 0 0 0

#Transform 84
Transform: AffineTransform_float_3_3
Parameters: 1 0.000134544 -0.000203642 -0.000131978 0.999946 0.010445 0.000204976 -0.010445 0.999946 0.00393881 0.122907 -0.436846
FixedParameters: 0 0 0

#Transform 85
Transform: AffineTransform_float_3_3
Parameters: 1 0.000446547 -0.000306656 -0.000444142 0.999968 0.00792213 0.000310421 -0.00792186 0.999968 -0.00999976 0.0920911 -0.548762
FixedParameters: 0 0 0

#Transform 86
Transform: AffineTransform_float_3_3
Parameters: 1 0.000319905 -0.00012143 -0.000319094 0.999979 0.00649304 0.000123738 -0.00649296 0.999979 0.00906171 0.1247 -0.41166
FixedParameters: 0 0 0

#Transform 87
Transform: AffineTransform_float_3_3
Parameters: 1 0.000244132 8.6827e-05 -0.000244781 0.999977 0.00686998 -8.47793e-05 -0.00687003 0.999977 0.00596563 0.159866 -0.383345
FixedParameters: 0 0 0

#Transform 88
Transform: AffineTransform_float_3_3
Parameters: 1 0.000198379 -2.31135e-05 -0.000198461 0.999979 0.00644901 2.47523e-05 -0.006449 0.999979 0.00707479 0.154643 -0.390888
FixedParameters: 0 0 0

#Transform 89
Transform: AffineTransform_float_3_3
Parameters: 1 0.00020569 -5.58322e-06 -0.000205998 0.99998 0.00641601 7.30415e-06 -0.006416 0.99998 0.023956 0.159636 -0.395657
FixedParameters: 0 0 0

#Transform 90
Transform: AffineTransform_float_3_3
Parameters: 1 -0.000216781 0.000163706 0.000215968 0.999971 0.00764003 -0.000165561 -0.00763996 0.999971 0.0369916 0.159953 -0.31665
FixedParameters: 0 0 0

#Transform 91
Transform: AffineTransform_float_3_3
Parameters: 0.999999 -0.000750426 0.000494748 0.000747168 0.999978 0.00656138 -0.000499441 -0.00656063 0.999979 0.042511 0.145574 -0.249808
FixedParameters: 0 0 0

#Transform 92
Transform: AffineTransform_float_3_3
Parameters: 0.999998 -0.000228834 0.00189264 0.000218526 0.999985 0.00553094 -0.00189311 -0.00553007 0.999983 0.080731 0.183609 -0.234126
FixedParameters: 0 0 0

#Transform 93
Transform: AffineTransform_float_3_3
Parameters: 0.999999 -8.82005e-05 0.00177356 7.68094e-05 0.99998 0.0063563 -0.00177392 -0.0063567 0.999978 0.0884283 0.198784 -0.243128
FixedParameters: 0 0 0

#Transform 94
Transform: AffineTransform_float_3_3
Parameters: 0.999998 -6.38579e-05 0.00165153 5.2376e-05 0.999977 0.00673376 -0.00165254 -0.00673424 0.999976 0.0801273 0.200419 -0.272282
FixedParameters: 0 0 0

#Transform 95
Transform: AffineTransform_float_3_3
Parameters: 0.999999 -5.70547e-05 0.00122524 4.90059e-05 0.999979 0.00655222 -0.00122498 -0.00655278 0.999978 0.0748404 0.191293 -0.273712
FixedParameters: 0 0 0

#Transform 96
Transform: AffineTransform_float_3_3
Parameters: 1 0.000228193 0.00113776 -0.000235052 0.999978 0.00659874 -0.00113599 -0.00659926 0.999977 0.0531648 0.178899 -0.274388
FixedParameters: 0 0 0

#Transform 97
Transform: AffineTransform_float_3_3
Parameters: 0.999999 1.76784e-05 0.00178967 -2.72952e-05 0.999985 0.00543847 -0.00178926 -0.00543853 0.999983 0.066009 0.206815 -0.231567
FixedParameters: 0 0 0

#Transform 98
Transform: AffineTransform_float_3_3
Parameters: 0.999999 0.000140972 0.0012304 -0.000149355 0.999977 0.00671797 -0.00122973 -0.00671903 0.999977 0.0899768 0.204478 -0.218826
FixedParameters: 0 0 0

#Transform 99
Transform: AffineTransform_float_3_3
Parameters: 0.999998 0.000472269 0.00159948 -0.000482416 0.999981 0.00617659 -0.00159656 -0.0061774 0.999979 0.0675197 0.177946 -0.255652
FixedParameters: 0 0 0

#Transform 100
Transform: AffineTransform_float_3_3
Parameters: 0.999999 -0.000102551 0.00178914 9.26339e-05 0.999986 0.00526568 -0.00178961 -0.00526531 0.999984 0.100906 0.195889 -0.201138
FixedParameters: 0 0 0

#Transform 101
Transform: AffineTransform_float_3_3
Parameters: 0.999998 -7.8156e-06 0.00201977 -4.84193e-06 0.999981 0.00612403 -0.00201949 -0.00612397 0.99998 0.0812901 0.20171 -0.210436
FixedParameters: 0 0 0

#Transform 102
Transform: AffineTransform_float_3_3
Parameters: 0.999998 -0.000159879 0.00165524 0.000149534 0.999982 0.00609677 -0.00165696 -0.00609623 0.99998 0.0857063 0.191581 -0.223426
FixedParameters: 0 0 0

#Transform 103
Transform: AffineTransform_float_3_3
Parameters: 0.999998 -1.38e-05 0.00200133 3.4881e-06 0.999986 0.00526604 -0.00200165 -0.00526596 0.999985 0.0974415 0.186426 -0.247325
FixedParameters: 0 0 0

#Transform 104
Transform: AffineTransform_float_3_3
Parameters: 0.999998 -0.000332765 0.00171109 0.000322379 0.999981 0.00613722 -0.0017131 -0.00613677 0.99998 0.0976912 0.207205 -0.269831
FixedParameters: 0 0 0

#Transform 105
Transform: AffineTransform_float_3_3
Parameters: 0.999999 -0.000103639 0.00178728 9.4027e-05 0.999985 0.00544269 -0.00178819 -0.00544231 0.999983 0.0930116 0.215242 -0.264579
FixedParameters: 0 0 0

#Transform 106
Transform: AffineTransform_float_3_3
Parameters: 0.999997 -0.000159785 0.00212861 0.00014674 0.999981 0.00620799 -0.00212968 -0.00620801 0.999978 0.0915338 0.206667 -0.268401
FixedParameters: 0 0 0

#Transform 107
Transform: AffineTransform_float_3_3
Parameters: 0.999999 -0.000824226 0.00123852 0.000817577 0.999984 0.00563581 -0.00124328 -0.00563519 0.999983 0.0650779 0.218285 -0.286502
FixedParameters: 0 0 0

#Transform 108
Transform: AffineTransform_float_3_3
Parameters: 0.999998 -0.000658266 0.00154898 0.0006498 0.999986 0.00526632 -0.00155269 -0.00526568 0.999986 0.0586254 0.207798 -0.309914
FixedParameters: 0 0 0

#Transform 109
Transform: AffineTransform_float_3_3
Parameters: 0.999998 -0.00087134 0.00166412 0.000862963 0.999986 0.00526675 -0.00166954 -0.00526525 0.999985 0.0915508 0.219563 -0.283846
FixedParameters: 0 0 0

#Transform 110
Transform: AffineTransform_float_3_3
Parameters: 0.999997 -0.00054373 0.00244736 0.000530794 0.999986 0.00526713 -0.00245088 -0.00526587 0.999983 0.0868537 0.212755 -0.245211
FixedParameters: 0 0 0

#Transform 111
Transform: AffineTransform_float_3_3
Parameters: 0.999997 -0.000691907 0.0020931 0.000681253 0.999986 0.0052669 -0.00209649 -0.0052661 0.999984 0.0902889 0.21193 -0.26251
FixedParameters: 0 0 0

#Transform 112
Transform: AffineTransform_float_3_3
Parameters: 0.999998 -0.00019917 0.00172433 0.00018964 0.999986 0.00534949 -0.00172586 -0.00534951 0.999984 0.0736754 0.183887 -0.244845
FixedParameters: 0 0 0

#Transform 113
Transform: AffineTransform_float_3_3
Parameters: 0.999998 -0.000575838 0.00191287 0.000566938 0.999988 0.0048604 -0.00191603 -0.0048596 0.999986 0.0942207 0.187051 -0.220577
FixedParameters: 0 0 0

#Transform 114
Transform: AffineTransform_float_3_3
Parameters: 0.999998 -0.000811895 0.00182379 0.000802843 0.999987 0.00510078 -0.00182739 -0.00509922 0.999985 0.0950393 0.181284 -0.234464
FixedParameters: 0 0 0

#Transform 115
Transform: AffineTransform_float_3_3
Parameters: 0.999999 -0.000760829 0.00164371 0.000752212 0.999985 0.00540619 -0.00164818 -0.00540581 0.999984 0.0894806 0.19541 -0.26782
FixedParameters: 0 0 0

#Transform 116
Transform: AffineTransform_float_3_3
Parameters: 0.999999 -0.000568087 0.00135209 0.000560429 0.999981 0.00607292 -0.00135615 -0.00607208 0.999981 0.0882339 0.188722 -0.254208
FixedParameters: 0 0 0

#Transform 117
Transform: AffineTransform_float_3_3
Parameters: 0.999999 -0.000771311 0.00131139 0.000763979 0.999982 0.00593316 -0.0013164 -0.00593184 0.999981 0.101284 0.196596 -0.220103
FixedParameters: 0 0 0

#Transform 118
Transform: AffineTransform_float_3_3
Parameters: 0.999998 -0.000675797 0.00153413 0.00066762 0.999984 0.00565019 -0.00153801 -0.00564882 0.999983 0.10225 0.217612 -0.182583
FixedParameters: 0 0 0

#Transform 119
Transform: AffineTransform_float_3_3
Parameters: 0.999998 -0.000851895 0.00138397 0.000844751 0.999986 0.00522397 -0.00138835 -0.00522303 0.999985 0.0919587 0.203593 -0.197691
FixedParameters: 0 0 0

#Transform 120
Transform: AffineTransform_float_3_3
Parameters: 0.999999 -0.00097281 0.00157969 0.000964699 0.999985 0.00529684 -0.00158493 -0.00529516 0.999985 0.109591 0.190858 -0.230246
FixedParameters: 0 0 0

#Transform 121
Transform: AffineTransform_float_3_3
Parameters: 0.999999 -0.000380695 0.00131909 0.000372182 0.99998 0.00640265 -0.00132204 -0.00640235 0.999979 0.0864053 0.218031 -0.29809
FixedParameters: 0 0 0

#Transform 122
Transform: AffineTransform_float_3_3
Parameters: 0.999998 -0.000585052 0.00156758 0.000576079 0.999983 0.00578458 -0.00157058 -0.00578342 0.999983 0.0749454 0.193053 -0.299467
FixedParameters: 0 0 0

#Transform 123
Transform: AffineTransform_float_3_3
Parameters: 0.999998 -0.00105875 0.00137592 0.00105015 0.999981 0.00606161 -0.00138237 -0.00605939 0.999981 0.0897808 0.193902 -0.289843
FixedParameters: 0 0 0

#Transform 124
Transform: AffineTransform_float_3_3
Parameters: 0.999997 -0.000828524 0.00195374 0.000816398 0.999981 0.00611592 -0.00195903 -0.00611409 0.999979 0.0831931 0.214727 -0.271732
FixedParameters: 0 0 0

#Transform 125
Transform: AffineTransform_float_3_3
Parameters: 0.999999 -0.00093553 0.00151992 0.000926459 0.999982 0.00581836 -0.00152573 -0.00581763 0.999982 0.0844057 0.190891 -0.270953
FixedParameters: 0 0 0

#Transform 126
Transform: AffineTransform_float_3_3
Parameters: 0.999998 -0.000912039 0.00183536 0.000901449 0.999983 0.00573361 -0.00184152 -0.00573239 0.999982 0.0965235 0.209818 -0.256991
FixedParameters: 0 0 0

#Transform 127
Transform: AffineTransform_float_3_3
Parameters: 0.999998 -0.000848056 0.00172938 0.000837856 0.999983 0.00582261 -0.00173365 -0.00582039 0.999981 0.0873712 0.207639 -0.255093
FixedParameters: 0 0 0

#Transform 128
Transform: AffineTransform_float_3_3
Parameters: 0.999998 -0.000808575 0.00154609 0.000799903 0.999983 0.00576339 -0.00155165 -0.0057616 0.999982 0.0916972 0.206317 -0.233511
FixedParameters: 0 0 0

#Transform 129
Transform: AffineTransform_float_3_3
Parameters: 0.999998 -0.000828412 0.00172059 0.000817915 0.99998 0.00620372 -0.00172564 -0.00620227 0.999979 0.0849747 0.206509 -0.245199
FixedParameters: 0 0 0

#Transform 130
Transform: AffineTransform_float_3_3
Parameters: 0.999998 -0.000816698 0.00170097 0.000806515 0.999982 0.00591468 -0.00170502 -0.00591331 0.999981 0.0876434 0.204623 -0.241613
FixedParameters: 0 0 0

#Transform 131
Transform: AffineTransform_float_3_3
Parameters: 0.999998 -0.000828496 0.00169927 0.000820045 0.999986 0.00529671 -0.00170337 -0.00529529 0.999985 0.0988667 0.205298 -0.265868
FixedParameters: 0 0 0

#Transform 132
Transform: AffineTransform_float_3_3
Parameters: 0.999999 -0.000992387 0.00155102 0.000984578 0.999985 0.00529684 -0.00155647 -0.00529516 0.999985 0.0833524 0.205011 -0.224486
FixedParameters: 0 0 0

#Transform 133
Transform: AffineTransform_float_3_3
Parameters: 0.999998 -0.0010575 0.00171293 0.00104678 0.999983 0.00575975 -0.00171911 -0.00575825 0.999982 0.108705 0.21166 -0.216226
FixedParameters: 0 0 0

#Transform 134
Transform: AffineTransform_float_3_3
Parameters: 0.999996 -0.00125716 0.00248059 0.00124609 0.999991 0.00415636 -0.00248636 -0.00415364 0.999988 0.120217 0.185814 -0.161197
FixedParameters: 0 0 0

#Transform 135
Transform: AffineTransform_float_3_3
Parameters: 0.999997 -0.00125471 0.0021561 0.00124524 0.99999 0.00428979 -0.00216088 -0.0042872 0.999988 0.126484 0.177793 -0.192289
FixedParameters: 0 0 0

#Transform 136
Transform: AffineTransform_float_3_3
Parameters: 0.999997 -0.00139471 0.00197298 0.00138367 0.999985 0.00527684 -0.00197985 -0.00527416 0.999984 0.113389 0.20446 -0.227978
FixedParameters: 0 0 0

#Transform 137
Transform: AffineTransform_float_3_3
Parameters: 0.999997 -0.00143512 0.00190089 0.00142522 0.999988 0.00483631 -0.00190747 -0.00483369 0.999986 0.128727 0.197307 -0.211426
FixedParameters: 0 0 0

#Transform 138
Transform: AffineTransform_float_3_3
Parameters: 0.999996 -0.00114109 0.00257763 0.00112871 0.999987 0.00494054 -0.00258354 -0.00493746 0.999984 0.116939 0.221315 -0.19539
FixedParameters: 0 0 0

#Transform 139
Transform: AffineTransform_float_3_3
Parameters: 0.999997 -0.00136318 0.00204721 0.00135228 0.999986 0.00495888 -0.00205381 -0.00495611 0.999985 0.1185 0.206327 -0.207477
FixedParameters: 0 0 0

#Transform 140
Transform: AffineTransform_float_3_3
Parameters: 0.999996 -0.00122677 0.00229567 0.00121494 0.999987 0.00502691 -0.00230186 -0.0050241 0.999985 0.121954 0.220761 -0.214515
FixedParameters: 0 0 0

#Transform 141
Transform: AffineTransform_float_3_3
Parameters: 0.999996 -0.00146692 0.00217209 0.00145595 0.999987 0.00490128 -0.00217994 -0.00489772 0.999985 0.130475 0.201045 -0.186766
FixedParameters: 0 0 0

#Transform 142
Transform: AffineTransform_float_3_3
Parameters: 0.999997 -0.00145394 0.00203222 0.00144342 0.999987 0.00490089 -0.00203955 -0.0048971 0.999986 0.144801 0.205667 -0.198247
FixedParameters: 0 0 0

#Transform 143
Transform: AffineTransform_float_3_3
Parameters: 0.999997 -0.00158022 0.00190642 0.00157034 0.999987 0.00481375 -0.00191433 -0.00481125 0.999987 0.140035 0.201968 -0.232968
FixedParameters: 0 0 0

#Transform 144
Transform: AffineTransform_float_3_3
Parameters: 0.999997 -0.00144332 0.00207425 0.0014341 0.999989 0.00449109 -0.00208031 -0.00448791 0.999988 0.139772 0.204384 -0.195146
FixedParameters: 0 0 0

#Transform 145
Transform: AffineTransform_float_3_3
Parameters: 0.999997 -0.00145882 0.002035 0.00144919 0.999989 0.0045817 -0.00204238 -0.0045793 0.999987 0.120781 0.211578 -0.173301
FixedParameters: 0 0 0

#Transform 146
Transform: AffineTransform_float_3_3
Parameters: 0.999997 -0.00170579 0.0017364 0.0016965 0.999986 0.0049597 -0.00174471 -0.0049573 0.999987 0.131076 0.218653 -0.237799
FixedParameters: 0 0 0

#Transform 147
Transform: AffineTransform_float_3_3
Parameters: 0.999999 -0.00108189 0.00110331 0.00107633 0.999986 0.00499935 -0.00110883 -0.00499765 0.999987 0.120818 0.235342 -0.345981
FixedParameters: 0 0 0

#Transform 148
Transform: AffineTransform_float_3_3
Parameters: 0.999998 -0.00174197 0.00136203 0.00173506 0.999988 0.00463581 -0.00136972 -0.00463319 0.999988 0.148646 0.225768 -0.269369
FixedParameters: 0 0 0

#Transform 149
Transform: AffineTransform_float_3_3
Parameters: 0.999997 -0.001796 0.00157886 0.00179007 0.99999 0.00414642 -0.001587 -0.00414357 0.99999 0.150878 0.231296 -0.247195
FixedParameters: 0 0 0

#Transform 150
Transform: AffineTransform_float_3_3
Parameters: 0.999997 -0.00177109 0.00163703 0.00176562 0.999992 0.00358549 -0.00164259 -0.00358252 0.999992 0.169164 0.228373 -0.201361
FixedParameters: 0 0 0

#Transform 151
Transform: AffineTransform_float_3_3
Parameters: 0.999996 -0.00222547 0.00174657 0.00221149 0.999966 0.00800676 -0.00176418 -0.00800324 0.999966 0.242727 0.260415 -0.0302698
FixedParameters: 0 0 0

#Transform 152
Transform: AffineTransform_float_3_3
Parameters: 0.999994 -0.00249024 0.00230525 0.00247424 0.999973 0.00690855 -0.00232241 -0.00690344 0.999973 0.234454 0.24825 -0.106354
FixedParameters: 0 0 0

#Transform 153
Transform: AffineTransform_float_3_3
Parameters: 0.999992 -0.00286277 0.00252599 0.00284958 0.999982 0.0050832 -0.00254079 -0.0050758 0.999984 0.243445 0.216392 -0.133615
FixedParameters: 0 0 0

#Transform 154
Transform: AffineTransform_float_3_3
Parameters: 0.999994 -0.00261949 0.00219652 0.00260894 0.999986 0.00447578 -0.00220858 -0.00446922 0.999988 0.255736 0.243612 -0.161773
FixedParameters: 0 0 0

#Transform 155
Transform: AffineTransform_float_3_3
Parameters: 0.999994 -0.0026557 0.00231362 0.00264641 0.999988 0.00417581 -0.00232481 -0.00416919 0.999988 0.22732 0.214584 -0.156936
FixedParameters: 0 0 0

#Transform 156
Transform: AffineTransform_float_3_3
Parameters: 0.999988 -0.00342442 0.00330144 0.00341229 0.999988 0.0036195 -0.00331376 -0.0036075 0.999988 0.307828 0.207666 -0.119255
FixedParameters: 0 0 0

#Transform 157
Transform: AffineTransform_float_3_3
Parameters: 0.999977 -0.00419096 0.0052008 0.00417133 0.999984 0.00378021 -0.00521675 -0.00375779 0.999979 0.396037 0.225582 -0.137366
FixedParameters: 0 0 0

#Transform 158
Transform: AffineTransform_float_3_3
Parameters: 0.999994 -0.00250366 0.00229713 0.00249514 0.99999 0.00367256 -0.00230599 -0.00366743 0.99999 0.205956 0.222247 -0.174368
FixedParameters: 0 0 0

#Transform 159
Transform: AffineTransform_float_3_3
Parameters: 0.999997 -0.0019143 0.00147497 0.00190794 0.99999 0.00396405 -0.00148261 -0.00396195 0.999991 0.179406 0.194192 -0.152563
FixedParameters: 0 0 0

#Transform 160
Transform: AffineTransform_float_3_3
Parameters: 0.999995 -0.0018423 0.00252235 0.00183435 0.999992 0.00336569 -0.00252878 -0.00336131 0.999991 0.189235 0.196866 -0.131921
FixedParameters: 0 0 0

#Transform 161
Transform: AffineTransform_float_3_3
Parameters: 0.999997 -0.00190461 0.00194383 0.00189802 0.999992 0.00354129 -0.00195056 -0.00353671 0.999992 0.194597 0.216126 -0.153087
FixedParameters: 0 0 0

#Transform 162
Transform: AffineTransform_float_3_3
Parameters: 0.999997 -0.00179984 0.0017123 0.00179255 0.999989 0.00433667 -0.00172023 -0.00433333 0.999989 0.173196 0.21745 -0.172439
FixedParameters: 0 0 0

#Transform 163
Transform: AffineTransform_float_3_3
Parameters: 0.999996 -0.00215687 0.00144473 0.00215139 0.999991 0.0038772 -0.001453 -0.00387381 0.999992 0.18445 0.214944 -0.164222
FixedParameters: 0 0 0

#Transform 164
Transform: AffineTransform_float_3_3
Parameters: 0.999995 -0.00233968 0.00176147 0.00233253 0.999989 0.004135 -0.00177091 -0.00413101 0.99999 0.194237 0.271924 -0.143254
FixedParameters: 0 0 0

#Transform 165
Transform: AffineTransform_float_3_3
Parameters: 0.999994 -0.00251365 0.00213657 0.00250806 0.999994 0.00268303 -0.00214384 -0.00267797 0.999994 0.187607 0.21253 -0.148093
FixedParameters: 0 0 0

#Transform 166
Transform: AffineTransform_float_3_3
Parameters: 0.999995 -0.00232802 0.00183119 0.00232273 0.999992 0.00315613 -0.00183875 -0.00315186 0.999993 0.196288 0.217535 -0.133688
FixedParameters: 0 0 0

#Transform 167
Transform: AffineTransform_float_3_3
Parameters: 0.999995 -0.00207739 0.00242967 0.00206857 0.999991 0.00391358 -0.00243718 -0.00390843 0.99999 0.195542 0.226873 -0.160762
FixedParameters: 0 0 0

#Transform 168
Transform: AffineTransform_float_3_3
Parameters: 0.999995 -0.00234695 0.00178737 0.00233961 0.99999 0.00376206 -0.00179565 -0.00375793 0.999991 0.202705 0.228808 -0.134813
FixedParameters: 0 0 0

#Transform 169
Transform: AffineTransform_float_3_3
Parameters: 0.999995 -0.00242096 0.00202063 0.00241428 0.999992 0.00329991 -0.00202854 -0.00329509 0.999993 0.204848 0.218859 -0.147458
FixedParameters: 0 0 0

#Transform 170
Transform: AffineTransform_float_3_3
Parameters: 0.999994 -0.00236631 0.00226325 0.00235887 0.999992 0.00302852 -0.00227043 -0.00302347 0.999993 0.198477 0.207801 -0.113645
FixedParameters: 0 0 0

#Transform 171
Transform: AffineTransform_float_3_3
Parameters: 0.999994 -0.00268691 0.00190716 0.00268 0.99999 0.00351763 -0.00191576 -0.00351236 0.999991 0.224809 0.183922 -0.112527
FixedParameters: 0 0 0

#Transform 172
Transform: AffineTransform_float_3_3
Parameters: 0.999995 -0.00247163 0.00186971 0.00246539 0.999991 0.00355149 -0.00187828 -0.00354651 0.999992 0.212317 0.170388 -0.120467
FixedParameters: 0 0 0

#Transform 173
Transform: AffineTransform_float_3_3
Parameters: 0.999995 -0.00264099 0.00180744 0.00263423 0.99999 0.00356028 -0.00181687 -0.00355571 0.999992 0.213285 0.220708 -0.136315
FixedParameters: 0 0 0

#Transform 174
Transform: AffineTransform_float_3_3
Parameters: 0.999995 -0.00253446 0.00192135 0.00252726 0.999991 0.00346638 -0.00192954 -0.00346162 0.999992 0.200408 0.212881 -0.110126
FixedParameters: 0 0 0

#Transform 175
Transform: AffineTransform_float_3_3
Parameters: 0.999995 -0.00246943 0.00157073 0.00246262 0.99999 0.00382039 -0.00157983 -0.00381761 0.999991 0.194114 0.190874 -0.0913265
FixedParameters: 0 0 0

#Transform 176
Transform: AffineTransform_float_3_3
Parameters: 0.999994 -0.00279298 0.00173945 0.00278693 0.999991 0.00312037 -0.00174803 -0.00311563 0.999994 0.214606 0.180983 -0.0974055
FixedParameters: 0 0 0

#Transform 177
Transform: AffineTransform_float_3_3
Parameters: 0.999995 -0.00258491 0.00186742 0.0025803 0.999992 0.00291049 -0.00187533 -0.00290651 0.999994 0.193777 0.178861 -0.0851423
FixedParameters: 0 0 0

#Transform 178
Transform: AffineTransform_float_3_3
Parameters: 0.999995 -0.00263478 0.00160233 0.00262917 0.999992 0.00312958 -0.0016109 -0.00312542 0.999994 0.202651 0.18905 -0.121287
FixedParameters: 0 0 0

#Transform 179
Transform: AffineTransform_float_3_3
Parameters: 0.999996 -0.00236947 0.00185282 0.00236207 0.99999 0.00389326 -0.00186227 -0.00388874 0.999991 0.205773 0.208101 -0.102348
FixedParameters: 0 0 0
