#Insight Transform File V1.0
#Transform 0
Transform: AffineTransform_float_3_3
Parameters: 1 0.000179998 0.000283173 -0.000179922 1 -0.000135051 -0.000283221 0.000134949 1 0.0246903 -0.210245 -0.329679
FixedParameters: 0 0 0

#Transform 1
Transform: AffineTransform_float_3_3
Parameters: 1 0.000302856 -0.000128527 -0.000302836 1 7.9039e-05 0.000128575 -7.89611e-05 1 0.0143532 0.0978236 -0.0418135
FixedParameters: 0 0 0

#Transform 2
Transform: AffineTransform_float_3_3
Parameters: 0.999999 0.000620379 -0.000534817 -0.000620242 1 0.000128332 0.000534976 -0.000127668 1 -0.0169625 0.119932 -0.0647151
FixedParameters: 0 0 0

#Transform 3
Transform: AffineTransform_float_3_3
Parameters: 1 4.25597e-05 0.000207886 -4.2662e-05 1 0.000245991 -0.000207865 -0.000246009 1 -0.00354663 0.124232 -0.0660361
FixedParameters: 0 0 0

#Transform 4
Transform: AffineTransform_float_3_3
Parameters: 1 0.000321529 -0.000578577 -0.000321813 1 9.21863e-05 0.000577716 -9.18143e-05 1 0.0229611 0.120446 -0.0650679
FixedParameters: 0 0 0

#Transform 5
Transform: AffineTransform_float_3_3
Parameters: 1 0.000384161 -0.000167324 -0.000384096 1 0.000193064 0.000167473 -0.000192936 1 -0.0146435 0.142353 -0.0738756
FixedParameters: 0 0 0

#Transform 6
Transform: AffineTransform_float_3_3
Parameters: 1 0.000184339 -3.14993e-05 -0.000184328 1 0.000174006 3.15635e-05 -0.000173994 1 0.0138065 0.147199 -0.0762839
FixedParameters: 0 0 0

#Transform 7
Transform: AffineTransform_float_3_3
Parameters: 1 0.000363081 -0.000467955 -0.000363268 1 0.00021817 0.000467192 -0.00021783 1 -0.00187043 0.139696 -0.110426
FixedParameters: 0 0 0

#Transform 8
Transform: AffineTransform_float_3_3
Parameters: 1 -5.15522e-05 -1.39778e-05 5.15586e-05 1 0.000230999 1.3954e-05 -0.000231001 1 0.00986272 0.134135 -0.0700225
FixedParameters: 0 0 0

#Transform 9
Transform: AffineTransform_float_3_3
Parameters: 1 0.000203107 -0.000528058 -0.000202745 0.999999 0.000713259 0.000527427 -0.00071374 1 0.0305609 0.147001 -0.116567
FixedParameters: 0 0 0

#Transform 10
Transform: AffineTransform_float_3_3
Parameters: 1 0.000243708 -0.000388781 -0.000243377 0.999999 0.000929094 0.000388313 -0.000928905 0.999999 -0.00906844 0.145647 -0.118349
FixedParameters: 0 0 0

#Transform 11
Transform: AffineTransform_float_3_3
Parameters: 0.999999 0.000514741 -0.00113117 -0.000513884 0.999999 0.000958735 0.00113163 -0.000958266 0.999999 -0.00483111 0.137508 -0.0876666
FixedParameters: 0 0 0

#Transform 12
Transform: AffineTransform_float_3_3
Parameters: 1 0.00037303 -0.0010711 -0.00037208 0.999999 0.00105555 0.00107136 -0.00105545 0.999999 0.00462784 0.145894 -0.13304
FixedParameters: 0 0 0

#Transform 13
Transform: AffineTransform_float_3_3
Parameters: 1 0.000143738 -0.000974046 -0.00014296 1 0.00107314 0.000973824 -0.00107286 0.999999 -0.0181865 0.136735 -0.112246
FixedParameters: 0 0 0

#Transform 14
Transform: AffineTransform_float_3_3
Parameters: 1 0.000227588 -0.0010095 -0.000226642 1 0.00111823 0.00100948 -0.00111777 0.999999 0.0104848 0.153364 -0.129527
FixedParameters: 0 0 0

#Transform 15
Transform: AffineTransform_float_3_3
Parameters: 1 6.476e-05 -0.000940512 -6.36113e-05 0.999999 0.00130806 0.00094015 -0.00130794 0.999998 0.0124612 0.143861 -0.136967
FixedParameters: 0 0 0

#Transform 16
Transform: AffineTransform_float_3_3
Parameters: 0.999999 -7.14948e-05 -0.000759156 7.22766e-05 1 0.00112095 0.000759385 -0.00112106 0.999999 0.00521825 0.148862 -0.111035
FixedParameters: 0 0 0

#Transform 17
Transform: AffineTransform_float_3_3
Parameters: 0.999999 5.90273e-05 -0.000938188 -5.82984e-05 0.999999 0.00108721 0.000937786 -0.00108779 0.999999 0.0286082 0.14658 -0.136464
FixedParameters: 0 0 0

#Transform 18
Transform: AffineTransform_float_3_3
Parameters: 1 -0.000267482 -0.000524201 0.000267639 1 0.00102786 0.000524041 -0.00102814 1 0.0092775 0.14224 -0.118783
FixedParameters: 0 0 0

#Transform 19
Transform: AffineTransform_float_3_3
Parameters: 0.999999 -0.000366702 -0.000758007 0.000366911 0.999999 0.000745082 0.000757851 -0.000744919 1 0.0292267 0.153208 -0.125823
FixedParameters: 0 0 0

#Transform 20
Transform: AffineTransform_float_3_3
Parameters: 0.999999 -0.000366562 -0.000758075 0.000367052 1 0.000930929 0.000757783 -0.000930071 0.999999 0.0208786 0.15251 -0.133282
FixedParameters: 0 0 0

#Transform 21
Transform: AffineTransform_float_3_3
Parameters: 0.999999 -0.000248142 -0.000673551 0.000248653 1 0.00106283 0.000673413 -0.00106317 0.999999 0.0180739 0.155185 -0.123889
FixedParameters: 0 0 0

#Transform 22
Transform: AffineTransform_float_3_3
Parameters: 0.999999 -0.000270087 -0.000928128 0.000271162 0.999999 0.0010749 0.000927937 -0.0010761 0.999999 0.0255969 0.143026 -0.128521
FixedParameters: 0 0 0

#Transform 23
Transform: AffineTransform_float_3_3
Parameters: 1 -2.97779e-05 -0.00119887 3.19e-05 0.999999 0.00181596 0.00119862 -0.00181604 0.999997 0.0332377 0.139576 -0.128798
FixedParameters: 0 0 0

#Transform 24
Transform: AffineTransform_float_3_3
Parameters: 0.999998 0.00209867 -5.20469e-05 -0.00209841 0.999997 0.00107824 5.43417e-05 -0.00107876 1 -0.0246351 0.135573 -0.0832228
FixedParameters: 0 0 0

#Transform 25
Transform: AffineTransform_float_3_3
Parameters: 0.999999 0.00108794 -0.000677593 -0.00108687 0.999998 0.00107989 0.00067902 -0.00107911 1 0.00498817 0.134533 -0.0991842
FixedParameters: 0 0 0

#Transform 26
Transform: AffineTransform_float_3_3
Parameters: 1 0.00044466 -0.000907023 -0.000444013 0.999999 0.00107956 0.000907453 -0.00107944 0.999999 0.00677902 0.13228 -0.0831991
FixedParameters: 0 0 0

#Transform 27
Transform: AffineTransform_float_3_3
Parameters: 1 0.000438281 -0.000904263 -0.000437505 0.999999 0.00115355 0.000904743 -0.00115345 0.999999 0.044157 0.161696 -0.146396
FixedParameters: 0 0 0

#Transform 28
Transform: AffineTransform_float_3_3
Parameters: 0.999999 0.000292559 -0.000842767 -0.000291428 1 0.000903247 0.000842374 -0.000902755 0.999999 0.0158864 0.146914 -0.0895055
FixedParameters: 0 0 0

#Transform 29
Transform: AffineTransform_float_3_3
Parameters: 1 0.000202109 -0.00105556 -0.000201358 1 0.000541573 0.00105486 -0.000540428 0.999999 0.0402103 0.149233 -0.0848511
FixedParameters: 0 0 0

#Transform 30
Transform: AffineTransform_float_3_3
Parameters: 0.999999 0.000303308 -0.000865871 -0.000303291 0.999999 0.000767623 0.000865807 -0.000766378 1 0.0107344 0.149204 -0.100968
FixedParameters: 0 0 0

#Transform 31
Transform: AffineTransform_float_3_3
Parameters: 0.999999 -0.000153177 -0.000737744 0.000152384 1 0.000351888 0.000737107 -0.000352113 0.999999 0.0257891 0.148522 -0.0866735
FixedParameters: 0 0 0

#Transform 32
Transform: AffineTransform_float_3_3
Parameters: 0.999999 0.000116702 -0.000852116 -0.000116232 0.999999 0.000505252 0.000851313 -0.000505748 0.999999 0.0424549 0.16145 -0.11113
FixedParameters: 0 0 0

#Transform 33
Transform: AffineTransform_float_3_3
Parameters: 1 9.56368e-05 -0.00101387 -9.61415e-05 1 0.000205098 0.0010143 -0.000204903 0.999999 0.00967781 0.14546 -0.0728465
FixedParameters: 0 0 0

#Transform 34
Transform: AffineTransform_float_3_3
Parameters: 1 0.000339565 -0.000946542 -0.000338893 0.999999 0.000561473 0.000946002 -0.000561526 0.999999 0.0483878 0.148073 -0.0843057
FixedParameters: 0 0 0

#Transform 35
Transform: AffineTransform_float_3_3
Parameters: 0.999998 0.00159059 -0.000652237 -0.00159051 0.999998 6.26781e-05 0.000652435 -6.13223e-05 1 -0.0611371 0.144051 -0.06196
FixedParameters: 0 0 0

#Transform 36
Transform: AffineTransform_float_3_3
Parameters: 0.999999 0.000474896 -0.00136549 -0.000473546 1 0.0006378 0.00136517 -0.0006372 0.999999 0.00315157 0.13928 -0.0798028
FixedParameters: 0 0 0

#Transform 37
Transform: AffineTransform_float_3_3
Parameters: 0.999999 0.000876501 -0.001151 -0.000876027 0.999999 0.000776162 0.00115183 -0.000774839 0.999999 -0.0310623 0.116141 -0.0556425
FixedParameters: 0 0 0

#Transform 38
Transform: AffineTransform_float_3_3
Parameters: 0.999998 0.000781829 -0.0013747 -0.000780804 0.999999 0.000850227 0.0013755 -0.000848773 0.999999 -0.00470801 0.123766 -0.0578144
FixedParameters: 0 0 0

#Transform 39
Transform: AffineTransform_float_3_3
Parameters: 0.999998 0.000156679 -0.00167765 -0.000154987 0.999999 0.00116977 0.00167788 -0.00116923 0.999998 0.00111229 0.131224 -0.0587494
FixedParameters: 0 0 0

#Transform 40
Transform: AffineTransform_float_3_3
Parameters: 0.999999 0.000327509 -0.00127341 -0.000326299 1 0.000990417 0.00127352 -0.000989584 0.999998 -0.0145628 0.112475 -0.0263539
FixedParameters: 0 0 0

#Transform 41
Transform: AffineTransform_float_3_3
Parameters: 0.999999 0.0002884 -0.00136552 -0.000287263 1 0.000896546 0.00136551 -0.000896455 0.999999 -0.000171702 0.113379 -0.0409667
FixedParameters: 0 0 0

#Transform 42
Transform: AffineTransform_float_3_3
Parameters: 0.999999 0.000348446 -0.00122614 -0.000346528 0.999998 0.00185158 0.00122637 -0.00185142 0.999997 -0.022587 0.106872 -0.011012
FixedParameters: 0 0 0

#Transform 43
Transform: AffineTransform_float_3_3
Parameters: 0.999999 0.000314374 -0.00130469 -0.000312865 0.999999 0.00108056 0.00130484 -0.00108044 0.999998 -0.00741515 0.117036 -0.0408576
FixedParameters: 0 0 0

#Transform 44
Transform: AffineTransform_float_3_3
Parameters: 0.999999 0.000332916 -0.00126053 -0.000331833 1 0.000949572 0.00126063 -0.000949429 0.999999 -0.0232736 0.122824 -0.0556543
FixedParameters: 0 0 0

#Transform 45
Transform: AffineTransform_float_3_3
Parameters: 0.999999 0.000332674 -0.00126223 -0.000330511 0.999999 0.00137642 0.00126261 -0.00137558 0.999998 -0.0235261 0.111571 -0.0288546
FixedParameters: 0 0 0

#Transform 46
Transform: AffineTransform_float_3_3
Parameters: 0.999999 0.000243447 -0.0014723 -0.000241565 0.999999 0.00108451 0.00147229 -0.00108449 0.999998 -0.0101692 0.133576 -0.0648019
FixedParameters: 0 0 0

#Transform 47
Transform: AffineTransform_float_3_3
Parameters: 0.999999 0.000138019 -0.00132525 -0.000136013 0.999999 0.00159954 0.00132555 -0.00159846 0.999998 -0.0210983 0.118448 -0.0155903
FixedParameters: 0 0 0

#Transform 48
Transform: AffineTransform_float_3_3
Parameters: 0.999998 0.000156394 -0.00167768 -0.000154352 1 0.000999773 0.00167746 -0.000999227 0.999998 -0.00965281 0.109018 -0.0529941
FixedParameters: 0 0 0

#Transform 49
Transform: AffineTransform_float_3_3
Parameters: 0.999999 0.000334167 -0.00125856 -0.000332144 0.999999 0.00132457 0.00125891 -0.00132443 0.999998 -0.0372286 0.102949 -0.0275354
FixedParameters: 0 0 0

#Transform 50
Transform: AffineTransform_float_3_3
Parameters: 0.999999 0.000227387 -0.00151007 -0.000225586 1 0.00103049 0.00151 -0.00103051 0.999998 -0.00269252 0.129574 -0.049644
FixedParameters: 0 0 0

#Transform 51
Transform: AffineTransform_float_3_3
Parameters: 1 0.000399109 -0.00110479 -0.000397707 0.999999 0.00122759 0.00110524 -0.00122741 0.999999 -0.0248561 0.129045 -0.0468856
FixedParameters: 0 0 0

#Transform 52
Transform: AffineTransform_float_3_3
Parameters: 0.999998 0.000156956 -0.00167762 -0.00015471 0.999999 0.00133477 0.0016779 -0.00133423 0.999998 -0.0160015 0.123031 -0.0268263
FixedParameters: 0 0 0

#Transform 53
Transform: AffineTransform_float_3_3
Parameters: 0.999999 0.000142622 -0.00152081 -0.000140513 0.999999 0.00112437 0.0015206 -0.00112463 0.999998 -0.0126237 0.124372 -0.0476735
FixedParameters: 0 0 0

#Transform 54
Transform: AffineTransform_float_3_3
Parameters: 0.999999 0.00010649 -0.00127034 -0.000103739 0.999997 0.00211565 0.00126973 -0.00211535 0.999997 -0.0299329 0.116842 -0.0104859
FixedParameters: 0 0 0

#Transform 55
Transform: AffineTransform_float_3_3
Parameters: 0.999999 0.00027884 -0.00172953 -0.000277682 0.999999 0.000979787 0.00172993 -0.000980213 0.999998 -0.0126016 0.119107 -0.0538321
FixedParameters: 0 0 0

#Transform 56
Transform: AffineTransform_float_3_3
Parameters: 0.999999 0.000327499 -0.00146137 -0.000325118 0.999998 0.00202699 0.00146202 -0.00202601 0.999997 -0.0358016 0.122297 -0.01607
FixedParameters: 0 0 0

#Transform 57
Transform: AffineTransform_float_3_3
Parameters: 0.999999 0.000171016 -0.00182998 -0.000169016 0.999998 0.00151482 0.00182982 -0.00151418 0.999997 -0.0176482 0.120956 -0.0393051
FixedParameters: 0 0 0

#Transform 58
Transform: AffineTransform_float_3_3
Parameters: 0.999999 0.000303857 -0.00151502 -0.000302123 0.999999 0.00130897 0.00151568 -0.00130803 0.999998 -0.0348869 0.128587 -0.0392563
FixedParameters: 0 0 0

#Transform 59
Transform: AffineTransform_float_3_3
Parameters: 0.999998 0.000134641 -0.00170817 -0.000132462 0.999998 0.00155989 0.00170883 -0.00156011 0.999997 -0.0258877 0.119738 -0.0140346
FixedParameters: 0 0 0

#Transform 60
Transform: AffineTransform_float_3_3
Parameters: 0.999999 0.000218238 -0.00171851 -0.000215042 0.999999 0.00157868 0.00171906 -0.00157932 0.999997 -0.0210588 0.115392 -0.0303823
FixedParameters: 0 0 0

#Transform 61
Transform: AffineTransform_float_3_3
Parameters: 0.999999 0.000331707 -0.00169944 -0.000328601 0.999997 0.00234223 0.00169979 -0.00234177 0.999996 -0.046915 0.115586 0.0282415
FixedParameters: 0 0 0

#Transform 62
Transform: AffineTransform_float_3_3
Parameters: 0.999998 1.97297e-05 -0.00198751 -1.59731e-05 0.999999 0.00150691 0.00198743 -0.00150609 0.999997 -0.0129958 0.126535 -0.0446303
FixedParameters: 0 0 0

#Transform 63
Transform: AffineTransform_float_3_3
Parameters: 0.999998 0.000278346 -0.00157748 -0.000275414 0.999998 0.00192795 0.0015788 -0.00192705 0.999997 -0.0328513 0.124199 -0.0188564
FixedParameters: 0 0 0

#Transform 64
Transform: AffineTransform_float_3_3
Parameters: 0.999999 0.000126245 -0.00179698 -0.00012414 0.999999 0.00146274 0.0017976 -0.00146226 0.999997 -0.0136743 0.12202 -0.0238911
FixedParameters: 0 0 0

#Transform 65
Transform: AffineTransform_float_3_3
Parameters: 0.999998 7.96183e-05 -0.00204552 -7.7159e-05 0.999999 0.00137203 0.00204599 -0.00137097 0.999997 -0.0190167 0.138114 -0.0564777
FixedParameters: 0 0 0

#Transform 66
Transform: AffineTransform_float_3_3
Parameters: 0.999998 0.000254188 -0.00163461 -0.000251514 0.999998 0.00190193 0.0016349 -0.00190107 0.999997 -0.0437629 0.133086 -0.0166359
FixedParameters: 0 0 0

#Transform 67
Transform: AffineTransform_float_3_3
Parameters: 0.999999 0.000167554 -0.00183826 -0.000165054 0.999999 0.00153697 0.00183903 -0.00153703 0.999998 -0.0177271 0.131818 -0.0388289
FixedParameters: 0 0 0

#Transform 68
Transform: AffineTransform_float_3_3
Parameters: 0.999998 6.93411e-05 -0.00207129 -6.59501e-05 0.999999 0.00167381 0.00207085 -0.0016742 0.999996 -0.0276395 0.144272 -0.0545498
FixedParameters: 0 0 0

#Transform 69
Transform: AffineTransform_float_3_3
Parameters: 0.999999 0.000178418 -0.00181513 -0.000175037 0.999998 0.00216084 0.00181561 -0.00216017 0.999996 -0.0371098 0.125874 -0.00287876
FixedParameters: 0 0 0

#Transform 70
Transform: AffineTransform_float_3_3
Parameters: 0.999998 -2.00618e-05 -0.00187307 2.30239e-05 0.999999 0.00138647 0.00187288 -0.00138653 0.999997 -0.00821757 0.143654 -0.0555643
FixedParameters: 0 0 0

#Transform 71
Transform: AffineTransform_float_3_3
Parameters: 0.999998 -5.74387e-05 -0.00201796 5.94904e-05 0.999999 0.00138675 0.00201713 -0.00138625 0.999997 -0.03021 0.137849 -0.0331718
FixedParameters: 0 0 0

#Transform 72
Transform: AffineTransform_float_3_3
Parameters: 0.999997 -0.000472906 -0.00211232 0.000482821 0.999989 0.00471286 0.00210989 -0.00471413 0.999986 -0.0871863 0.203981 0.532029
FixedParameters: 0 0 0

#Transform 73
Transform: AffineTransform_float_3_3
Parameters: 0.999998 -0.000628043 -0.00198763 0.000638569 0.999987 0.00506546 0.0019842 -0.00506654 0.999985 -0.0203419 0.219095 0.635929
FixedParameters: 0 0 0

#Transform 74
Transform: AffineTransform_float_3_3
Parameters: 1 -0.00107846 -0.000537662 0.00107795 0.999999 0.000390628 0.00053721 -0.000390372 1 -0.00161336 0.100853 0.0537309
FixedParameters: 0 0 0

#Transform 75
Transform: AffineTransform_float_3_3
Parameters: 0.999999 -0.00111375 -0.000765663 0.00111369 0.999999 -3.84933e-05 0.000765747 3.7507e-05 1 0.0246055 0.123878 -0.0129786
FixedParameters: 0 0 0

#Transform 76
Transform: AffineTransform_float_3_3
Parameters: 1 -0.00119436 -3.30325e-05 0.00119481 0.999999 0.000993961 3.15782e-05 -0.000994038 1 0.0169505 0.105137 0.063074
FixedParameters: 0 0 0

#Transform 77
Transform: AffineTransform_float_3_3
Parameters: 1 -0.00107498 -0.000472726 0.00107518 0.999999 0.000216492 0.000472259 -0.000217507 1 0.0259338 0.115224 0.0515228
FixedParameters: 0 0 0

#Transform 78
Transform: AffineTransform_float_3_3
Parameters: 1 -0.000967027 -0.000420904 0.000966445 0.999999 0.00040144 0.000420518 -0.000401559 0.999999 0.00871315 0.120982 0.063392
FixedParameters: 0 0 0

#Transform 79
Transform: AffineTransform_float_3_3
Parameters: 1 -0.000748813 -0.000724102 0.000750431 0.999996 0.00275746 0.00072206 -0.00275854 0.999996 0.00669249 0.141111 0.0939403
FixedParameters: 0 0 0

#Transform 80
Transform: AffineTransform_float_3_3
Parameters: 0.999999 -0.000379717 -0.00150293 0.000387082 0.999988 0.00503279 0.00150128 -0.00503322 0.999986 -0.00407381 0.180789 0.173534
FixedParameters: 0 0 0

#Transform 81
Transform: AffineTransform_float_3_3
Parameters: 0.999999 -8.53567e-05 -0.00144664 9.10758e-05 0.999992 0.00415624 0.00144641 -0.00415577 0.99999 -0.0151414 0.170813 0.168696
FixedParameters: 0 0 0

#Transform 82
Transform: AffineTransform_float_3_3
Parameters: 0.999999 -0.000422215 -0.00147458 0.000427896 0.999994 0.00362174 0.00147253 -0.00362227 0.999993 0.0063291 0.162716 0.137023
FixedParameters: 0 0 0

#Transform 83
Transform: AffineTransform_float_3_3
Parameters: 0.999999 -0.000185038 -0.0013116 0.000190605 0.999992 0.00402627 0.00131112 -0.00402673 0.999991 -0.0187878 0.163811 0.144666
FixedParameters: 0 0 0

#Transform 84
Transform: AffineTransform_float_3_3
Parameters: 0.999999 -0.000267601 -0.00150996 0.000275135 0.99999 0.0044541 0.00150896 -0.0044549 0.999989 0.0132634 0.173023 0.163291
FixedParameters: 0 0 0

#Transform 85
Transform: AffineTransform_float_3_3
Parameters: 0.999998 -5.97038e-05 -0.00165916 6.65386e-05 0.999991 0.0040784 0.00165823 -0.00407859 0.99999 -0.0171372 0.166057 0.153568
FixedParameters: 0 0 0

#Transform 86
Transform: AffineTransform_float_3_3
Parameters: 0.999999 -0.000336298 -0.00130234 0.000342075 0.999992 0.00398592 0.00130159 -0.00398608 0.999991 -0.0142856 0.15435 0.124632
FixedParameters: 0 0 0

#Transform 87
Transform: AffineTransform_float_3_3
Parameters: 0.999998 -0.000888739 -0.001823 0.000894786 0.999995 0.0030671 0.00182079 -0.00306891 0.999994 -0.008214 0.146813 0.0843251
FixedParameters: 0 0 0

#Transform 88
Transform: AffineTransform_float_3_3
Parameters: 0.999998 -0.000837013 -0.00206283 0.000843614 0.999994 0.00338599 0.00206026 -0.00338801 0.999992 -0.0259939 0.144056 0.130423
FixedParameters: 0 0 0

#Transform 89
Transform: AffineTransform_float_3_3
Parameters: 0.999997 -0.00109489 -0.00219193 0.00110246 0.999995 0.00311052 0.00218874 -0.00311248 0.999993 0.0396086 0.152111 0.0828251
FixedParameters: 0 0 0

#Transform 90
Transform: AffineTransform_float_3_3
Parameters: 0.999997 -0.00137926 -0.00201197 0.00138685 0.999991 0.003985 0.00200669 -0.00398701 0.99999 0.0178764 0.165296 0.157821
FixedParameters: 0 0 0

#Transform 91
Transform: AffineTransform_float_3_3
Parameters: 0.999997 -0.000815582 -0.00228996 0.000821975 0.999995 0.0028892 0.00228704 -0.00289079 0.999993 0.03216 0.151056 0.0745231
FixedParameters: 0 0 0

#Transform 92
Transform: AffineTransform_float_3_3
Parameters: 0.999998 -0.000263527 -0.00225482 0.00027247 0.999993 0.00387727 0.00225311 -0.00387773 0.99999 -0.0128364 0.145328 0.118437
FixedParameters: 0 0 0

#Transform 93
Transform: AffineTransform_float_3_3
Parameters: 0.999999 -0.000808634 -0.00152052 0.00081417 0.999992 0.00394313 0.00151686 -0.00394487 0.999991 0.00724307 0.144162 0.12979
FixedParameters: 0 0 0

#Transform 94
Transform: AffineTransform_float_3_3
Parameters: 0.999999 -0.0012375 -0.000692937 0.0012414 0.999987 0.00502899 0.000686105 -0.00503 0.999987 -0.0290907 0.154705 0.185173
FixedParameters: 0 0 0

#Transform 95
Transform: AffineTransform_float_3_3
Parameters: 0.999999 -0.00154891 -0.000850636 0.00155287 0.999987 0.00475953 0.000844128 -0.00476147 0.999988 0.0174538 0.14014 0.154494
FixedParameters: 0 0 0

#Transform 96
Transform: AffineTransform_float_3_3
Parameters: 0.999999 -0.00115794 -0.000413579 0.00116086 0.999984 0.00567301 0.000406588 -0.00567399 0.999983 -0.0392889 0.145285 0.234099
FixedParameters: 0 0 0

#Transform 97
Transform: AffineTransform_float_3_3
Parameters: 0.999999 -0.00126147 -0.000662105 0.0012661 0.999982 0.00592501 0.000654995 -0.00592598 0.999982 -0.0039284 0.15933 0.211467
FixedParameters: 0 0 0

#Transform 98
Transform: AffineTransform_float_3_3
Parameters: 0.999999 -0.000400518 -0.00149156 0.000411668 0.999973 0.00726911 0.00148904 -0.00726889 0.999973 -0.0423938 0.185627 0.243366
FixedParameters: 0 0 0

#Transform 99
Transform: AffineTransform_float_3_3
Parameters: 0.999999 -0.000408758 -0.00150885 0.000419192 0.999978 0.00664273 0.00150634 -0.00664326 0.999976 -0.00663788 0.180279 0.18976
FixedParameters: 0 0 0

#Transform 100
Transform: AffineTransform_float_3_3
Parameters: 1 -0.000873882 -0.000840912 0.000880359 0.999973 0.00732611 0.000834867 -0.00732688 0.999972 -0.0496185 0.163167 0.216707
FixedParameters: 0 0 0

#Transform 101
Transform: AffineTransform_float_3_3
Parameters: 0.999996 -0.00123955 -0.00223032 0.00125075 0.999987 0.00490515 0.00222371 -0.00490784 0.999985 0.0266861 0.178662 0.127665
FixedParameters: 0 0 0

#Transform 102
Transform: AffineTransform_float_3_3
Parameters: 0.999997 -0.0014902 -0.00155147 0.0014984 0.999983 0.0057129 0.00154277 -0.00571611 0.999982 -0.00129883 0.163341 0.177501
FixedParameters: 0 0 0

#Transform 103
Transform: AffineTransform_float_3_3
Parameters: 0.999996 -0.0017277 -0.00190209 0.00174169 0.999975 0.00695513 0.00188973 -0.00695888 0.999974 0.00667585 0.186208 0.162325
FixedParameters: 0 0 0

#Transform 104
Transform: AffineTransform_float_3_3
Parameters: 0.999996 -0.00165206 -0.00231702 0.00167121 0.999962 0.00850329 0.00230273 -0.0085067 0.999961 -0.0479929 0.198266 0.203209
FixedParameters: 0 0 0

#Transform 105
Transform: AffineTransform_float_3_3
Parameters: 0.999997 -0.00158483 -0.00180549 0.00159437 0.999984 0.00553555 0.00179665 -0.00553845 0.999983 0.022494 0.174682 0.137411
FixedParameters: 0 0 0

#Transform 106
Transform: AffineTransform_float_3_3
Parameters: 0.999997 -0.00177401 -0.00160442 0.00178437 0.99998 0.00595957 0.00159342 -0.00596243 0.999981 -0.00552058 0.170878 0.168066
FixedParameters: 0 0 0

#Transform 107
Transform: AffineTransform_float_3_3
Parameters: 0.999998 -0.00149337 -0.00162476 0.00150457 0.999976 0.00683299 0.00161435 -0.00683502 0.999976 -0.00195898 0.191466 0.189379
FixedParameters: 0 0 0

#Transform 108
Transform: AffineTransform_float_3_3
Parameters: 0.999997 -0.00153428 -0.00158495 0.00154483 0.999975 0.00679998 0.00157408 -0.00680201 0.999975 0.00299469 0.184552 0.16409
FixedParameters: 0 0 0

#Transform 109
Transform: AffineTransform_float_3_3
Parameters: 0.999998 -0.00145479 -0.00140037 0.00146593 0.999966 0.00810353 0.00138808 -0.00810547 0.999967 -0.0110104 0.22417 0.255106
FixedParameters: 0 0 0

#Transform 110
Transform: AffineTransform_float_3_3
Parameters: 0.999998 -0.00126991 -0.00146459 0.00127967 0.999973 0.00722071 0.00145533 -0.00722229 0.999973 0.00952563 0.189459 0.193524
FixedParameters: 0 0 0

#Transform 111
Transform: AffineTransform_float_3_3
Parameters: 0.999997 -0.00141252 -0.00191794 0.00143083 0.999953 0.00957721 0.0019039 -0.00957979 0.999953 -0.0250529 0.221935 0.372682
FixedParameters: 0 0 0

#Transform 112
Transform: AffineTransform_float_3_3
Parameters: 0.999997 -0.00100617 -0.00188005 0.0010216 0.999962 0.00867082 0.00187081 -0.00867319 0.999961 -0.0105716 0.203668 0.297302
FixedParameters: 0 0 0

#Transform 113
Transform: AffineTransform_float_3_3
Parameters: 0.999996 -0.00201387 -0.00198392 0.0020289 0.99997 0.00743378 0.00196865 -0.00743822 0.999971 0.0236805 0.18295 0.249238
FixedParameters: 0 0 0

#Transform 114
Transform: AffineTransform_float_3_3
Parameters: 0.999992 -0.00393477 -0.000661126 0.00391159 0.999504 -0.031229 0.000783907 0.031226 0.999512 0.0154205 0.0772593 -0.299552
FixedParameters: 0 0 0

#Transform 115
Transform: AffineTransform_float_3_3
Parameters: 0.999998 -0.00198795 -0.000627522 0.00197833 0.999904 -0.0137166 0.000654642 0.0137154 0.999906 -0.0177699 0.141322 -0.0569189
FixedParameters: 0 0 0

#Transform 116
Transform: AffineTransform_float_3_3
Parameters: 0.999998 -0.00188033 -0.000210205 0.00187623 0.999822 -0.0187809 0.000245193 0.0187801 0.999824 -0.0439113 0.0979215 -0.366854
FixedParameters: 0 0 0

#Transform 117
Transform: AffineTransform_float_3_3
Parameters: 0.999998 -0.0020135 -0.000393335 0.00200971 0.999946 -0.0101515 0.000413839 0.0101505 0.999948 -0.00578717 0.148621 -0.132808
FixedParameters: 0 0 0

#Transform 118
Transform: AffineTransform_float_3_3
Parameters: 0.999998 -0.00197705 -0.000225709 0.00197565 0.999976 -0.00679113 0.000238771 0.00679088 0.999977 -0.0212571 0.134625 -0.0896651
FixedParameters: 0 0 0

#Transform 119
Transform: AffineTransform_float_3_3
Parameters: 0.999998 -0.00191775 -0.000325827 0.0019161 0.999987 -0.0047383 0.000334674 0.00473771 0.999989 -0.0225839 0.164024 -0.0240263
FixedParameters: 0 0 0

#Transform 120
Transform: AffineTransform_float_3_3
Parameters: 0.999998 -0.0020532 -0.000378997 0.00205196 0.999992 -0.00337945 0.000385783 0.00337855 0.999994 -0.00369045 0.149116 -0.0518069
FixedParameters: 0 0 0

#Transform 121
Transform: AffineTransform_float_3_3
Parameters: 0.999998 -0.00199724 -0.000248764 0.00199642 0.999993 -0.00323417 0.000255905 0.00323383 0.999995 -0.00753402 0.155774 0.00988009
FixedParameters: 0 0 0

#Transform 122
Transform: AffineTransform_float_3_3
Parameters: 0.999997 -0.00216126 -0.000632624 0.00215919 0.999993 -0.00298519 0.000639353 0.00298381 0.999995 0.00938366 0.1507 -0.0308335
FixedParameters: 0 0 0

#Transform 123
Transform: AffineTransform_float_3_3
Parameters: 0.999998 -0.00199272 -0.000240293 0.00199182 0.999996 -0.00241051 0.000245433 0.00240949 0.999997 -0.0261195 0.129053 0.00650422
FixedParameters: 0 0 0

#Transform 124
Transform: AffineTransform_float_3_3
Parameters: 0.999998 -0.00203628 -0.000339383 0.00203435 0.999992 -0.00342336 0.000346622 0.00342263 0.999994 -0.0144122 0.149624 -0.0405769
FixedParameters: 0 0 0

#Transform 125
Transform: AffineTransform_float_3_3
Parameters: 0.999998 -0.00220401 -0.000733243 0.00220162 0.999993 -0.00279893 0.000739404 0.00279707 0.999996 -0.0375886 0.146692 -0.0325492
FixedParameters: 0 0 0

#Transform 126
Transform: AffineTransform_float_3_3
Parameters: 0.999998 -0.00188803 -0.000881177 0.00188539 0.999993 -0.00299061 0.000885904 0.00298939 0.999995 -0.0249981 0.152495 -0.0188989
FixedParameters: 0 0 0

#Transform 127
Transform: AffineTransform_float_3_3
Parameters: 0.999998 -0.00186718 -0.000737355 0.00186456 0.999995 -0.00258568 0.000742147 0.00258431 0.999996 -0.0486534 0.12898 0.0334619
FixedParameters: 0 0 0

#Transform 128
Transform: AffineTransform_float_3_3
Parameters: 0.999998 -0.00192842 -0.000850594 0.00192636 0.999995 -0.0024501 0.000854791 0.0024489 0.999996 -0.0199735 0.143379 0.0173162
FixedParameters: 0 0 0

#Transform 129
Transform: AffineTransform_float_3_3
Parameters: 0.999999 -0.00167801 -0.000741779 0.00167593 0.999995 -0.00282355 0.000746002 0.00282245 0.999996 -0.0443669 0.145041 0.0730376
FixedParameters: 0 0 0

#Transform 130
Transform: AffineTransform_float_3_3
Parameters: 0.999998 -0.00164826 -0.00109521 0.00164506 0.999995 -0.00260175 0.00109945 0.00260025 0.999996 -0.01504 0.142252 0.0170826
FixedParameters: 0 0 0

#Transform 131
Transform: AffineTransform_float_3_3
Parameters: 0.999998 -0.00165684 -0.000954259 0.001654 0.999995 -0.00279974 0.0009592 0.00279726 0.999996 -0.0481966 0.142137 0.0346726
FixedParameters: 0 0 0

#Transform 132
Transform: AffineTransform_float_3_3
Parameters: 0.999998 -0.00183449 -0.00137 0.00183049 0.999994 -0.0027091 0.00137521 0.0027069 0.999996 -0.0140444 0.135627 0.0172892
FixedParameters: 0 0 0

#Transform 133
Transform: AffineTransform_float_3_3
Parameters: 0.999997 -0.00201488 -0.0014975 0.00201057 0.999994 -0.00257961 0.00150316 0.00257639 0.999996 -0.0458248 0.12685 0.0187192
FixedParameters: 0 0 0

#Transform 134
Transform: AffineTransform_float_3_3
Parameters: 0.999998 -0.00207427 -0.000971252 0.00207235 0.999995 -0.00227532 0.000976357 0.00227268 0.999997 -0.019914 0.138886 0.016024
FixedParameters: 0 0 0

#Transform 135
Transform: AffineTransform_float_3_3
Parameters: 0.999998 -0.00185472 -0.00126803 0.00185169 0.999995 -0.00254245 0.00127274 0.00254055 0.999996 -0.0336268 0.146466 0.0103118
FixedParameters: 0 0 0

#Transform 136
Transform: AffineTransform_float_3_3
Parameters: 0.999997 -0.0020127 -0.000743099 0.00201143 0.999995 -0.00227481 0.000747005 0.0022732 0.999998 -0.0357021 0.131121 0.0237731
FixedParameters: 0 0 0

#Transform 137
Transform: AffineTransform_float_3_3
Parameters: 0.999997 -0.00192705 -0.00100585 0.00192456 0.999996 -0.0022854 0.00100941 0.0022836 0.999997 -0.00978911 0.157972 -0.0132745
FixedParameters: 0 0 0

#Transform 138
Transform: AffineTransform_float_3_3
Parameters: 0.999997 -0.00208009 -0.000592163 0.00207835 0.999994 -0.00247054 0.00059758 0.00246946 0.999997 -0.0327633 0.15069 0.0378756
FixedParameters: 0 0 0

#Transform 139
Transform: AffineTransform_float_3_3
Parameters: 0.999998 -0.00216371 -0.000788264 0.0021621 0.999994 -0.00236002 0.000793224 0.00235798 0.999997 -0.000344987 0.147644 0.000570067
FixedParameters: 0 0 0

#Transform 140
Transform: AffineTransform_float_3_3
Parameters: 0.999997 -0.00165654 -0.00140429 0.00165342 0.999996 -0.00214012 0.00140796 0.00213688 0.999997 -0.0660973 0.123528 0.0206538
FixedParameters: 0 0 0

#Transform 141
Transform: AffineTransform_float_3_3
Parameters: 0.999997 -0.00222697 -0.000938164 0.00222491 0.999995 -0.0019434 0.000942876 0.0019406 0.999998 0.0134049 0.147963 -0.00199947
FixedParameters: 0 0 0

#Transform 142
Transform: AffineTransform_float_3_3
Parameters: 0.999997 -0.00207025 -0.000571569 0.00206891 0.999996 -0.00175785 0.000575299 0.00175615 0.999998 -0.0253387 0.135887 0.00412711
FixedParameters: 0 0 0

#Transform 143
Transform: AffineTransform_float_3_3
Parameters: 0.999998 -0.00217967 -0.000828323 0.00217844 0.999996 -0.00170127 0.0008318 0.00169973 0.999998 0.0221948 0.16018 -0.0250239
FixedParameters: 0 0 0

#Transform 144
Transform: AffineTransform_float_3_3
Parameters: 0.999996 -0.00254598 -0.000713911 0.00254562 0.999996 -0.00099264 0.000716337 0.000990363 1 -0.031798 0.130761 0.040933
FixedParameters: 0 0 0

#Transform 145
Transform: AffineTransform_float_3_3
Parameters: 0.999998 -0.00186826 -0.00136251 0.00186691 0.999998 -0.000691644 0.00136377 0.000689356 0.999998 -0.0374149 0.141248 0.070609
FixedParameters: 0 0 0

#Transform 146
Transform: AffineTransform_float_3_3
Parameters: 0.999998 -0.00177396 -0.00107761 0.00177411 0.999999 7.11424e-05 0.00107736 -7.28568e-05 1 -0.0739296 0.132433 0.103936
FixedParameters: 0 0 0

#Transform 147
Transform: AffineTransform_float_3_3
Parameters: 0.999993 -0.00163834 -0.00332297 0.00165324 0.999989 0.0044009 0.00331565 -0.0044061 0.999985 -0.0754376 0.207756 0.364156
FixedParameters: 0 0 0

#Transform 148
Transform: AffineTransform_float_3_3
Parameters: 0.999964 0.00311651 -0.00792049 -0.00286172 0.999482 0.0320362 0.00801631 -0.0320128 0.999456 -0.307354 0.617949 1.1721
FixedParameters: 0 0 0

#Transform 149
Transform: AffineTransform_float_3_3
Parameters: 0.999988 0.00232828 -0.00433014 -0.00222754 0.99973 0.023117 0.00438258 -0.023107 0.999723 -0.167929 0.584585 1.41874
FixedParameters: 0 0 0

#Transform 150
Transform: AffineTransform_float_3_3
Parameters: 0.999996 0.000278725 -0.00259419 -0.000232981 0.999846 0.0175547 0.00259855 -0.0175533 0.999843 -0.0125332 0.529354 1.05493
FixedParameters: 0 0 0

#Transform 151
Transform: AffineTransform_float_3_3
Parameters: 0.999997 0.00192088 -0.00136839 -0.00185947 0.999085 0.0427333 0.0014497 -0.0427308 0.999086 0.0197755 0.915102 1.13541
FixedParameters: 0 0 0

#Transform 152
Transform: AffineTransform_float_3_3
Parameters: 0.999995 0.00205721 -0.00232731 -0.00196181 0.999191 0.0401743 0.00240853 -0.0401697 0.99919 0.0756951 0.868195 1.08075
FixedParameters: 0 0 0

#Transform 153
Transform: AffineTransform_float_3_3
Parameters: 0.999996 0.00273662 -0.00138595 -0.00266972 0.998953 0.0456566 0.00150964 -0.0456524 0.998956 -0.0562472 0.954357 1.1017
FixedParameters: 0 0 0

#Transform 154
Transform: AffineTransform_float_3_3
Parameters: 0.999988 -0.000421517 -0.00500893 0.000641065 0.999027 0.0441034 0.00498544 -0.0441056 0.999015 0.0448028 0.899685 1.11271
FixedParameters: 0 0 0

#Transform 155
Transform: AffineTransform_float_3_3
Parameters: 0.999995 0.00206999 -0.00235873 -0.00197357 0.999189 0.0402164 0.00243966 -0.0402116 0.999188 -0.0489132 0.850626 1.06929
FixedParameters: 0 0 0

#Transform 156
Transform: AffineTransform_float_3_3
Parameters: 0.99999 0.00367694 -0.00277752 -0.00352624 0.998616 0.052471 0.00296663 -0.052461 0.998619 -0.0883393 0.929741 1.16067
FixedParameters: 0 0 0

#Transform 157
Transform: AffineTransform_float_3_3
Parameters: 0.999986 0.00407906 -0.0035116 -0.00387337 0.998391 0.0565709 0.00373575 -0.0565562 0.998393 -0.111717 0.978251 1.09351
FixedParameters: 0 0 0

#Transform 158
Transform: AffineTransform_float_3_3
Parameters: 0.999982 0.00477679 -0.00379025 -0.00452842 0.997998 0.0630791 0.00408351 -0.0630609 0.998001 -0.163162 1.02937 1.04373
FixedParameters: 0 0 0

#Transform 159
Transform: AffineTransform_float_3_3
Parameters: 0.999981 0.00559057 -0.00285737 -0.00541392 0.998286 0.0582814 0.00317819 -0.0582646 0.998297 -0.0631191 1.02577 1.10668
FixedParameters: 0 0 0

#Transform 160
Transform: AffineTransform_float_3_3
Parameters: 0.999991 0.00359567 -0.0021549 -0.00349332 0.998947 0.0457561 0.00231754 -0.0457488 0.99895 -0.0530434 0.878915 1.17753
FixedParameters: 0 0 0

#Transform 161
Transform: AffineTransform_float_3_3
Parameters: 0.999986 -0.00264851 -0.00444412 0.00270702 0.999909 0.0131734 0.004408 -0.0131856 0.999904 0.0639983 0.404583 0.643287
FixedParameters: 0 0 0

#Transform 162
Transform: AffineTransform_float_3_3
Parameters: 0.999993 3.93237e-05 -0.00369554 -1.51786e-05 0.999978 0.00653566 0.00369529 -0.00653533 0.999972 -0.0381528 0.287392 0.364449
FixedParameters: 0 0 0

#Transform 163
Transform: AffineTransform_float_3_3
Parameters: 0.999996 -0.000695151 -0.00274722 0.000731676 0.99991 0.0133896 0.00273836 -0.0133914 0.999907 0.00614298 0.398238 0.654846
FixedParameters: 0 0 0

#Transform 164
Transform: AffineTransform_float_3_3
Parameters: 0.999992 -0.00183581 -0.00342111 0.00190098 0.999815 0.019116 0.00338593 -0.019123 0.999811 -0.0321752 0.476246 0.803936
FixedParameters: 0 0 0

#Transform 165
Transform: AffineTransform_float_3_3
Parameters: 0.999973 -0.00177417 -0.00712131 0.00195214 0.999683 0.0251064 0.00707529 -0.0251197 0.99966 -0.0726922 0.562966 0.839569
FixedParameters: 0 0 0

#Transform 166
Transform: AffineTransform_float_3_3
Parameters: 0.999972 -0.00087569 -0.0075144 0.00110917 0.999515 0.0311295 0.0074833 -0.0311375 0.999487 -0.0998141 0.600434 0.840275
FixedParameters: 0 0 0

#Transform 167
Transform: AffineTransform_float_3_3
Parameters: 0.999982 0.000590911 -0.00607315 -0.000403344 0.999523 0.0308853 0.00608811 -0.0308817 0.999505 -0.0728711 0.610159 0.893177
FixedParameters: 0 0 0

#Transform 168
Transform: AffineTransform_float_3_3
Parameters: 0.99998 -0.000573306 -0.00619405 0.000752696 0.99958 0.0289717 0.00617404 -0.0289753 0.999561 0.00849167 0.612673 0.879178
FixedParameters: 0 0 0

#Transform 169
Transform: AffineTransform_float_3_3
Parameters: 0.999986 -0.000823373 -0.00533868 0.000967507 0.999634 0.0270386 0.00531443 -0.0270444 0.99962 -0.00917174 0.575219 0.839407
FixedParameters: 0 0 0

#Transform 170
Transform: AffineTransform_float_3_3
Parameters: 0.99998 -0.000363118 -0.00622463 0.000540127 0.999595 0.0284504 0.0062121 -0.0284536 0.999576 0.00997688 0.604829 0.900707
FixedParameters: 0 0 0

#Transform 171
Transform: AffineTransform_float_3_3
Parameters: 0.999984 -0.000200356 -0.00577346 0.000350549 0.99966 0.0260964 0.00576669 -0.0260986 0.999643 -0.00204167 0.598053 0.857635
FixedParameters: 0 0 0

#Transform 172
Transform: AffineTransform_float_3_3
Parameters: 0.999983 -0.000203613 -0.00579126 0.00035766 0.999643 0.0267364 0.00578359 -0.0267386 0.999626 0.00268363 0.598343 0.871773
FixedParameters: 0 0 0

#Transform 173
Transform: AffineTransform_float_3_3
Parameters: 0.999985 -0.000201467 -0.0055025 0.000352762 0.99962 0.027567 0.00549522 -0.027569 0.999605 0.0031511 0.604022 0.862849
FixedParameters: 0 0 0

#Transform 174
Transform: AffineTransform_float_3_3
Parameters: 0.999986 -0.000365849 -0.00539296 0.000517803 0.999604 0.0281428 0.00538017 -0.0281452 0.999589 0.0042805 0.591045 0.892813
FixedParameters: 0 0 0

#Transform 175
Transform: AffineTransform_float_3_3
Parameters: 0.999986 -0.000269453 -0.00531751 0.000419994 0.999597 0.0283885 0.00530778 -0.0283905 0.999583 0.00871452 0.607511 0.893782
FixedParameters: 0 0 0

#Transform 176
Transform: AffineTransform_float_3_3
Parameters: 0.999987 -0.000162272 -0.00523009 0.000317922 0.999556 0.0297977 0.00522219 -0.0297993 0.999542 -0.00458309 0.649368 0.938626
FixedParameters: 0 0 0

#Transform 177
Transform: AffineTransform_float_3_3
Parameters: 0.999986 -4.10425e-05 -0.00542103 0.000202273 0.999554 0.0298555 0.00541753 -0.0298565 0.999539 0.0244408 0.63513 0.862888
FixedParameters: 0 0 0

#Transform 178
Transform: AffineTransform_float_3_3
Parameters: 0.999986 6.45755e-05 -0.00516936 9.75549e-05 0.99951 0.0313235 0.00516856 -0.0313235 0.999496 -0.00427477 0.663476 0.896006
FixedParameters: 0 0 0

#Transform 179
Transform: AffineTransform_float_3_3
Parameters: 0.999984 -0.000195392 -0.00555792 0.000368156 0.999514 0.0311659 0.00554881 -0.0311681 0.999498 0.000890093 0.652346 0.897565
FixedParameters: 0 0 0
