# transform file /out/sourcedata/freesurfer/sub-v1s10x0051064_ses-1/mri/transforms/cc_up.lta
# created by oesteban on Thu Mar 12 07:22:46 2026

type      = 0 # LINEAR_VOX_TO_VOX
nxforms   = 1
mean      = 131.0000 129.0000 121.0000
sigma     = 10000.0000
1 4 4
9.940415024757385e-01 9.456457942724228e-02 -5.421335622668266e-02 -6.840956211090088e+00 
-9.442425519227982e-02 9.955187439918518e-01 5.149740260094404e-03 2.921393394470215e+01 
5.445739626884460e-02 4.656612873077393e-10 9.985161423683167e-01 4.068850994110107e+00 
0.000000000000000e+00 0.000000000000000e+00 0.000000000000000e+00 1.000000000000000e+00 
src volume info
valid = 1  # volume info valid
filename = /out/sourcedata/freesurfer/sub-v1s10x0051064_ses-1/mri/norm.mgz
volume = 256 256 256
voxelsize = 1.000000000000000e+00 1.000000000000000e+00 1.000000000000000e+00
xras   = -1.000000000000000e+00 0.000000000000000e+00 0.000000000000000e+00
yras   = 0.000000000000000e+00 0.000000000000000e+00 -1.000000000000000e+00
zras   = 0.000000000000000e+00 1.000000000000000e+00 0.000000000000000e+00
cras   = -4.395118713378906e+00 -1.707228088378906e+01 -9.120483398437500e+00
dst volume info
valid = 1  # volume info valid
filename = /out/sourcedata/freesurfer/sub-v1s10x0051064_ses-1/mri/norm.mgz
volume = 256 256 256
voxelsize = 1.000000000000000e+00 1.000000000000000e+00 1.000000000000000e+00
xras   = -1.000000000000000e+00 0.000000000000000e+00 0.000000000000000e+00
yras   = 0.000000000000000e+00 0.000000000000000e+00 -1.000000000000000e+00
zras   = 0.000000000000000e+00 1.000000000000000e+00 0.000000000000000e+00
cras   = -4.395118713378906e+00 -1.707228088378906e+01 -9.120483398437500e+00
