#Insight Transform File V1.0
#Transform 0
Transform: AffineTransform_float_3_3
Parameters: 0.999999 0.000735292 0.000290442 -0.000735966 0.999999 0.00116279 -0.000288731 -0.00116321 1 -0.0256477 0.155903 0.339551
FixedParameters: 0 0 0

#Transform 1
Transform: AffineTransform_float_3_3
Parameters: 0.999999 0.000559191 -0.000828597 -0.000558988 1 0.000913464 0.000829089 -0.000912538 0.999999 0.00297697 0.009258 0.0263408
FixedParameters: 0 0 0

#Transform 2
Transform: AffineTransform_float_3_3
Parameters: 0.999998 0.00086606 -0.00150735 -0.00086281 0.999998 0.00207746 0.00150896 -0.00207554 0.999997 -0.0128065 0.0737537 -0.00969743
FixedParameters: 0 0 0

#Transform 3
Transform: AffineTransform_float_3_3
Parameters: 0.999998 0.000621984 -0.00156914 -0.000620294 0.999999 0.00137428 0.00156979 -0.00137372 0.999998 -0.00777476 0.0800355 -0.0283426
FixedParameters: 0 0 0

#Transform 4
Transform: AffineTransform_float_3_3
Parameters: 0.999999 0.000719218 -0.00104395 -0.000716254 0.999996 0.00285954 0.00104608 -0.00285946 0.999995 0.00293944 0.0988851 -0.0731029
FixedParameters: 0 0 0

#Transform 5
Transform: AffineTransform_float_3_3
Parameters: 0.999999 0.000999748 -0.00103681 -0.000996751 0.999996 0.00245183 0.00103933 -0.00245117 0.999996 -0.026403 0.0896734 -0.063396
FixedParameters: 0 0 0

#Transform 6
Transform: AffineTransform_float_3_3
Parameters: 0.999998 0.000942862 -0.00178919 -0.000939884 0.999998 0.00156499 0.00179107 -0.00156301 0.999997 -0.0222611 0.0757911 -0.196578
FixedParameters: 0 0 0

#Transform 7
Transform: AffineTransform_float_3_3
Parameters: 0.999997 0.000879338 -0.00223774 -0.000875079 0.999999 0.00162542 0.00223861 -0.00162358 0.999996 -0.0331245 0.0780632 -0.130109
FixedParameters: 0 0 0

#Transform 8
Transform: AffineTransform_float_3_3
Parameters: 0.999997 0.00094539 -0.00201423 -0.000944689 0.999999 0.000175209 0.00201455 -0.000172791 0.999998 -0.0161039 0.0614782 -0.201375
FixedParameters: 0 0 0

#Transform 9
Transform: AffineTransform_float_3_3
Parameters: 0.999997 0.000977887 -0.00191331 -0.000977146 0.999999 0.000537176 0.00191382 -0.000534824 0.999998 -0.0153303 0.0601935 -0.284385
FixedParameters: 0 0 0

#Transform 10
Transform: AffineTransform_float_3_3
Parameters: 0.999998 0.000924774 -0.00135236 -0.000925397 0.999999 -0.000373956 0.00135259 0.000375044 0.999999 -0.0262509 0.0456778 -0.243025
FixedParameters: 0 0 0

#Transform 11
Transform: AffineTransform_float_3_3
Parameters: 0.999999 0.000653506 -0.00174322 -0.000653396 1 -0.000231709 0.00174253 0.000233292 0.999998 0.00243946 0.0481392 -0.284756
FixedParameters: 0 0 0

#Transform 12
Transform: AffineTransform_float_3_3
Parameters: 0.999998 0.000600275 -0.00202424 -0.000597885 0.999999 0.000914877 0.0020248 -0.000913122 0.999998 -0.0292377 0.0647364 -0.136153
FixedParameters: 0 0 0

#Transform 13
Transform: AffineTransform_float_3_3
Parameters: 0.999998 0.000425908 -0.00193572 -0.000426961 1 -0.000372869 0.00193633 0.000373131 0.999998 -0.00963346 0.0544616 -0.154924
FixedParameters: 0 0 0

#Transform 14
Transform: AffineTransform_float_3_3
Parameters: 0.999999 0.000518277 -0.0017185 -0.000519016 1 -0.000327956 0.00171908 0.000329044 0.999998 -0.00892237 0.0452691 -0.247605
FixedParameters: 0 0 0

#Transform 15
Transform: AffineTransform_float_3_3
Parameters: 0.999999 0.00127052 -0.00128001 -0.00127048 0.999999 -0.000492581 0.00127929 0.000494418 0.999999 -0.0453825 0.0605949 -0.161069
FixedParameters: 0 0 0

#Transform 16
Transform: AffineTransform_float_3_3
Parameters: 0.999998 0.00181878 -0.00128093 -0.00182009 0.999998 -0.000663596 0.00127943 0.000665402 0.999999 -0.0430899 0.070751 -0.230484
FixedParameters: 0 0 0

#Transform 17
Transform: AffineTransform_float_3_3
Parameters: 0.999999 0.000442809 -0.00177398 -0.000443599 0.999999 -0.000851909 0.00177336 0.000852092 0.999998 -0.00637226 0.0574222 -0.321015
FixedParameters: 0 0 0

#Transform 18
Transform: AffineTransform_float_3_3
Parameters: 0.999998 0.000800694 -0.00148646 -0.000802623 0.999999 -0.00108965 0.00148524 0.00109134 0.999998 -0.019965 0.0664486 -0.268747
FixedParameters: 0 0 0

#Transform 19
Transform: AffineTransform_float_3_3
Parameters: 0.999999 0.00073903 -0.00163024 -0.00074107 0.999999 -0.00142964 0.00162919 0.00143136 0.999998 0.00693179 0.0522217 -0.351842
FixedParameters: 0 0 0

#Transform 20
Transform: AffineTransform_float_3_3
Parameters: 0.999998 0.000630051 -0.0018852 -0.000632273 0.999998 -0.0016325 0.00188472 0.00163349 0.999996 -0.0265473 0.0556185 -0.278942
FixedParameters: 0 0 0

#Transform 21
Transform: AffineTransform_float_3_3
Parameters: 0.999999 0.000742214 -0.00161916 -0.000746345 0.999996 -0.00261149 0.00161779 0.00261251 0.999995 -0.0034448 0.0307027 -0.419088
FixedParameters: 0 0 0

#Transform 22
Transform: AffineTransform_float_3_3
Parameters: 0.999997 0.00120414 -0.00218987 -0.0012108 0.999994 -0.00319826 0.00218663 0.00320074 0.999992 -0.0265885 0.022294 -0.407587
FixedParameters: 0 0 0

#Transform 23
Transform: AffineTransform_float_3_3
Parameters: 0.999998 0.000495911 -0.00198195 -0.000503286 0.999993 -0.0037477 0.00198046 0.00374829 0.999991 0.00501868 0.0148562 -0.458569
FixedParameters: 0 0 0

#Transform 24
Transform: AffineTransform_float_3_3
Parameters: 0.999997 0.000729401 -0.00238346 -0.000740027 0.99999 -0.00434979 0.00238039 0.00435121 0.999987 -0.0229725 0.0106169 -0.418609
FixedParameters: 0 0 0

#Transform 25
Transform: AffineTransform_float_3_3
Parameters: 0.999997 0.000200321 -0.00239676 -0.000215205 0.999981 -0.00617368 0.00239556 0.00617332 0.999978 0.0153137 -0.0104265 -0.618717
FixedParameters: 0 0 0

#Transform 26
Transform: AffineTransform_float_3_3
Parameters: 0.999998 0.00104211 -0.00165438 -0.00105017 0.999988 -0.00477533 0.0016498 0.00477668 0.999987 -0.0208669 0.0231539 -0.491993
FixedParameters: 0 0 0

#Transform 27
Transform: AffineTransform_float_3_3
Parameters: 0.999996 0.00047718 -0.0026031 -0.000490857 0.999986 -0.00527692 0.00259974 0.00527807 0.999982 -0.00529156 0.00863753 -0.572235
FixedParameters: 0 0 0

#Transform 28
Transform: AffineTransform_float_3_3
Parameters: 0.999997 0.000607087 -0.00266 -0.000622517 0.999983 -0.00581439 0.00265605 0.0058156 0.999979 0.00210767 -0.00761633 -0.629507
FixedParameters: 0 0 0

#Transform 29
Transform: AffineTransform_float_3_3
Parameters: 0.999997 0.000230683 -0.0024976 -0.000244889 0.999983 -0.00578823 0.00249621 0.00578877 0.99998 -0.0103595 0.00250416 -0.587853
FixedParameters: 0 0 0

#Transform 30
Transform: AffineTransform_float_3_3
Parameters: 0.999997 -0.000160465 -0.0026457 0.000142501 0.999977 -0.00679401 0.00264664 0.00679398 0.999973 0.0159101 -0.0275512 -0.665981
FixedParameters: 0 0 0

#Transform 31
Transform: AffineTransform_float_3_3
Parameters: 0.999997 -8.48747e-05 -0.00216966 7.31515e-05 0.999984 -0.0056073 0.00216954 0.0056077 0.999982 0.00396728 0.00883168 -0.575422
FixedParameters: 0 0 0

#Transform 32
Transform: AffineTransform_float_3_3
Parameters: 0.999998 -0.000150458 -0.00219996 0.000135513 0.999978 -0.0066808 0.00220008 0.0066802 0.999975 0.0196975 -0.00802587 -0.600353
FixedParameters: 0 0 0

#Transform 33
Transform: AffineTransform_float_3_3
Parameters: 0.999997 -0.000144077 -0.00237322 0.000126116 0.999973 -0.00729829 0.00237355 0.0072977 0.999971 0.0171325 -0.0278585 -0.680034
FixedParameters: 0 0 0

#Transform 34
Transform: AffineTransform_float_3_3
Parameters: 0.999997 -9.36597e-05 -0.0021581 8.19049e-05 0.999985 -0.00543117 0.00215844 0.00543084 0.999983 0.00827139 0.0247474 -0.54417
FixedParameters: 0 0 0

#Transform 35
Transform: AffineTransform_float_3_3
Parameters: 0.999997 -0.000252276 -0.00239364 0.000235739 0.999976 -0.00693635 0.00239538 0.00693665 0.999973 0.0248362 -0.0572727 -0.61689
FixedParameters: 0 0 0

#Transform 36
Transform: AffineTransform_float_3_3
Parameters: 0.999997 -0.000186439 -0.00235493 0.000168442 0.999973 -0.00736119 0.00235589 0.00736181 0.99997 0.015005 -0.0484741 -0.632737
FixedParameters: 0 0 0

#Transform 37
Transform: AffineTransform_float_3_3
Parameters: 0.999996 -0.000261121 -0.00256649 0.000242492 0.999975 -0.00713162 0.00256897 0.00713038 0.999971 -0.00191149 -0.0406611 -0.56902
FixedParameters: 0 0 0

#Transform 38
Transform: AffineTransform_float_3_3
Parameters: 0.999995 -0.0004019 -0.00309236 0.000374481 0.999961 -0.00889046 0.00309516 0.00888954 0.999956 0.0244393 -0.0885347 -0.678491
FixedParameters: 0 0 0

#Transform 39
Transform: AffineTransform_float_3_3
Parameters: 0.999996 -0.000258667 -0.00274064 0.00023626 0.999967 -0.00811029 0.00274289 0.0081097 0.999963 0.0252031 -0.0732052 -0.643769
FixedParameters: 0 0 0

#Transform 40
Transform: AffineTransform_float_3_3
Parameters: 0.999997 -0.00018365 -0.00234949 0.000163772 0.999964 -0.00853054 0.00235147 0.00853047 0.999961 0.0137601 -0.0685269 -0.582831
FixedParameters: 0 0 0

#Transform 41
Transform: AffineTransform_float_3_3
Parameters: 0.999996 -0.000405793 -0.00278986 0.000376341 0.999945 -0.0104497 0.00279446 0.0104483 0.999941 0.0370387 -0.127952 -0.724189
FixedParameters: 0 0 0

#Transform 42
Transform: AffineTransform_float_3_3
Parameters: 0.999997 -0.000140815 -0.0023682 0.000121005 0.999963 -0.00864529 0.0023691 0.00864472 0.99996 0.0146886 -0.0725951 -0.551679
FixedParameters: 0 0 0

#Transform 43
Transform: AffineTransform_float_3_3
Parameters: 0.999997 0.000210373 -0.00252185 -0.000234113 0.999956 -0.00939527 0.0025196 0.00939574 0.999953 0.0238056 -0.108645 -0.675218
FixedParameters: 0 0 0

#Transform 44
Transform: AffineTransform_float_3_3
Parameters: 0.999996 -0.000194885 -0.00258601 0.000168754 0.999948 -0.0101771 0.00258823 0.0101769 0.999945 0.0252718 -0.090196 -0.711473
FixedParameters: 0 0 0

#Transform 45
Transform: AffineTransform_float_3_3
Parameters: 0.999997 -0.000277661 -0.00266969 0.000251637 0.999951 -0.00993733 0.00267216 0.00993668 0.999947 0.0420872 -0.112977 -0.701105
FixedParameters: 0 0 0

#Transform 46
Transform: AffineTransform_float_3_3
Parameters: 0.999998 0.000475427 -0.00190986 -0.000495289 0.999947 -0.0102968 0.00190466 0.0102972 0.999945 0.020086 -0.0955895 -0.664476
FixedParameters: 0 0 0

#Transform 47
Transform: AffineTransform_float_3_3
Parameters: 0.999997 0.000375607 -0.00213555 -0.000398798 0.99994 -0.0109399 0.00213122 0.0109401 0.999937 0.0434501 -0.104053 -0.767967
FixedParameters: 0 0 0

#Transform 48
Transform: AffineTransform_float_3_3
Parameters: 0.999998 0.000638459 -0.00201922 -0.000658128 0.999954 -0.00956139 0.00201293 0.00956261 0.999952 0.0183736 -0.0696557 -0.671913
FixedParameters: 0 0 0

#Transform 49
Transform: AffineTransform_float_3_3
Parameters: 0.999997 -0.000244186 -0.00235209 0.000225737 0.999969 -0.00785752 0.00235335 0.00785647 0.999966 0.0346753 -0.0590032 -0.559106
FixedParameters: 0 0 0

#Transform 50
Transform: AffineTransform_float_3_3
Parameters: 0.999996 0.000205837 -0.00254611 -0.000223321 0.999976 -0.00694143 0.00254424 0.00694257 0.999973 0.0154044 -0.0398272 -0.501784
FixedParameters: 0 0 0

#Transform 51
Transform: AffineTransform_float_3_3
Parameters: 0.999996 -0.000347048 -0.00278688 0.000325347 0.999971 -0.00761319 0.00278971 0.00761281 0.999967 0.0254428 -0.0449275 -0.586159
FixedParameters: 0 0 0

#Transform 52
Transform: AffineTransform_float_3_3
Parameters: 0.999996 -0.000253257 -0.00257386 0.000235607 0.999978 -0.00666761 0.00257547 0.0066664 0.999974 0.0324719 -0.0345277 -0.517864
FixedParameters: 0 0 0

#Transform 53
Transform: AffineTransform_float_3_3
Parameters: 0.999996 -0.000341334 -0.00278758 0.000325681 0.999985 -0.00556355 0.00278911 0.00556245 0.999981 0.0230079 -0.015954 -0.491699
FixedParameters: 0 0 0

#Transform 54
Transform: AffineTransform_float_3_3
Parameters: 0.999996 -0.00027043 -0.00281716 0.000257585 0.99999 -0.00451721 0.00281854 0.0045158 0.999986 0.0168528 0.0100283 -0.425567
FixedParameters: 0 0 0

#Transform 55
Transform: AffineTransform_float_3_3
Parameters: 0.999995 3.87523e-05 -0.00294983 -5.14172e-05 0.99999 -0.00435033 0.00294935 0.00435067 0.999986 0.0315084 -0.0034921 -0.499968
FixedParameters: 0 0 0

#Transform 56
Transform: AffineTransform_float_3_3
Parameters: 0.999996 -0.00026262 -0.00282005 0.000251203 0.999992 -0.00402698 0.00282059 0.00402702 0.999988 0.0164356 0.0175194 -0.386516
FixedParameters: 0 0 0

#Transform 57
Transform: AffineTransform_float_3_3
Parameters: 0.999993 -0.000352948 -0.00355061 0.000338575 0.999992 -0.00398382 0.00355288 0.00398218 0.999986 0.0372084 0.0144923 -0.443103
FixedParameters: 0 0 0

#Transform 58
Transform: AffineTransform_float_3_3
Parameters: 0.999991 -0.000371178 -0.0042231 0.000353502 0.999991 -0.00411374 0.00422536 0.00411226 0.999983 0.00667567 0.0100445 -0.417437
FixedParameters: 0 0 0

#Transform 59
Transform: AffineTransform_float_3_3
Parameters: 0.999991 8.22931e-05 -0.00407124 -9.96915e-05 0.99999 -0.0044424 0.00407115 0.0044426 0.999982 -0.00599798 -0.0073732 -0.436209
FixedParameters: 0 0 0

#Transform 60
Transform: AffineTransform_float_3_3
Parameters: 0.999992 -0.000268414 -0.00382696 0.000242234 0.999976 -0.00683506 0.00382805 0.00683394 0.99997 0.0261571 -0.0900445 -0.571531
FixedParameters: 0 0 0

#Transform 61
Transform: AffineTransform_float_3_3
Parameters: 0.999993 1.34817e-06 -0.003628 -1.69729e-05 0.999991 -0.00425241 0.00362797 0.0042526 0.999985 -0.00947263 0.0120119 -0.399631
FixedParameters: 0 0 0

#Transform 62
Transform: AffineTransform_float_3_3
Parameters: 0.999993 -0.000288631 -0.0039111 0.000273823 0.999992 -0.00390818 0.00391204 0.00390682 0.999984 0.00285081 0.0111741 -0.361031
FixedParameters: 0 0 0

#Transform 63
Transform: AffineTransform_float_3_3
Parameters: 0.999993 -0.000134703 -0.0035443 0.000117258 0.999988 -0.0048694 0.0035448 0.0048686 0.999982 0.00964581 0.002707 -0.474362
FixedParameters: 0 0 0

#Transform 64
Transform: AffineTransform_float_3_3
Parameters: 0.999994 -0.000107776 -0.00347998 9.07919e-05 0.999987 -0.0050813 0.00348079 0.00508071 0.999981 -0.00137941 -0.0157059 -0.517289
FixedParameters: 0 0 0

#Transform 65
Transform: AffineTransform_float_3_3
Parameters: 0.999996 -3.59168e-05 -0.00279977 1.93868e-05 0.999983 -0.0058369 0.00279975 0.0058361 0.999979 0.00764715 0.00753487 -0.540288
FixedParameters: 0 0 0

#Transform 66
Transform: AffineTransform_float_3_3
Parameters: 0.999995 -0.000359634 -0.00291724 0.000338646 0.999975 -0.00715128 0.00291994 0.00715073 0.99997 0.0265485 -0.0169324 -0.677472
FixedParameters: 0 0 0

#Transform 67
Transform: AffineTransform_float_3_3
Parameters: 0.999995 5.16127e-05 -0.00309523 -7.37071e-05 0.999975 -0.00711127 0.00309481 0.00711173 0.999969 -0.00320433 -0.00826942 -0.649341
FixedParameters: 0 0 0

#Transform 68
Transform: AffineTransform_float_3_3
Parameters: 0.999995 5.10947e-05 -0.00309524 -7.29155e-05 0.999974 -0.00727791 0.00309534 0.00727909 0.999969 0.027436 -0.00298796 -0.710019
FixedParameters: 0 0 0

#Transform 69
Transform: AffineTransform_float_3_3
Parameters: 0.999996 8.75576e-05 -0.00275863 -0.000108694 0.999969 -0.00780619 0.00275757 0.00780681 0.999966 0.00933827 -0.0251304 -0.652267
FixedParameters: 0 0 0

#Transform 70
Transform: AffineTransform_float_3_3
Parameters: 0.999994 0.000373853 -0.00339914 -0.000399469 0.999971 -0.0076322 0.00339622 0.0076328 0.999965 0.0835379 -0.0117379 -0.63944
FixedParameters: 0 0 0

#Transform 71
Transform: AffineTransform_float_3_3
Parameters: 0.999995 -4.82657e-05 -0.00332557 2.44023e-05 0.999974 -0.00716107 0.00332578 0.00716092 0.999968 0.101168 -0.019036 -0.572596
FixedParameters: 0 0 0

#Transform 72
Transform: AffineTransform_float_3_3
Parameters: 0.999997 -0.000138268 -0.00247208 0.00012139 0.999978 -0.00660129 0.00247253 0.0066007 0.999975 0.0326588 -0.0173162 -0.575287
FixedParameters: 0 0 0

#Transform 73
Transform: AffineTransform_float_3_3
Parameters: 0.999994 -0.000184433 -0.00365629 0.000165098 0.999986 -0.00528323 0.00365755 0.00528277 0.999979 0.0356298 -0.00107526 -0.447337
FixedParameters: 0 0 0

#Transform 74
Transform: AffineTransform_float_3_3
Parameters: 0.999995 -8.17373e-07 -0.00323198 -1.54714e-05 0.999987 -0.00501892 0.00323157 0.00501907 0.999982 0.00840641 -0.00192881 -0.414273
FixedParameters: 0 0 0

#Transform 75
Transform: AffineTransform_float_3_3
Parameters: 0.999998 -0.000218764 -0.00222815 0.000214202 0.999998 -0.00223161 0.002229 0.00223139 0.999995 0.102532 0.101617 -0.269998
FixedParameters: 0 0 0

#Transform 76
Transform: AffineTransform_float_3_3
Parameters: 0.999996 -0.000290763 -0.00254035 0.000290651 1 -2.2354e-05 0.00254036 2.16457e-05 0.999997 0.0275273 0.164676 0.315876
FixedParameters: 0 0 0

#Transform 77
Transform: AffineTransform_float_3_3
Parameters: 0.999996 -0.000423502 -0.00299681 0.000434965 0.999993 0.00379761 0.00299509 -0.00379939 0.999989 0.0176461 0.205977 0.445411
FixedParameters: 0 0 0

#Transform 78
Transform: AffineTransform_float_3_3
Parameters: 0.999994 -0.000661667 -0.00356979 0.000677488 0.99999 0.00444323 0.00356733 -0.00444577 0.999984 0.000326732 0.216056 0.402508
FixedParameters: 0 0 0

#Transform 79
Transform: AffineTransform_float_3_3
Parameters: 0.999995 6.22488e-05 -0.00335131 -4.43602e-05 0.999985 0.00547023 0.00335117 -0.00546978 0.99998 0.0185593 0.204588 0.252053
FixedParameters: 0 0 0

#Transform 80
Transform: AffineTransform_float_3_3
Parameters: 0.999993 -0.000474535 -0.00364907 0.000487739 0.999993 0.00366301 0.00364694 -0.00366499 0.999987 -0.000294676 0.203396 0.228816
FixedParameters: 0 0 0

#Transform 81
Transform: AffineTransform_float_3_3
Parameters: 0.999995 -0.00016202 -0.00316202 0.000171247 0.999996 0.00280816 0.00316145 -0.00280984 0.999991 0.0160478 0.152409 0.148695
FixedParameters: 0 0 0

#Transform 82
Transform: AffineTransform_float_3_3
Parameters: 0.999994 -4.94439e-05 -0.00326899 5.89422e-05 0.999996 0.00289887 0.00326943 -0.00289913 0.999991 -0.0186553 0.161063 0.0867675
FixedParameters: 0 0 0

#Transform 83
Transform: AffineTransform_float_3_3
Parameters: 0.999994 -0.000248724 -0.00342307 0.000250939 1 0.000783555 0.00342293 -0.000784447 0.999994 -0.00701902 0.120702 0.0185732
FixedParameters: 0 0 0

#Transform 84
Transform: AffineTransform_float_3_3
Parameters: 0.999996 0.00026098 -0.00301362 -0.00025927 1 0.000654474 0.00301382 -0.000653527 0.999995 -0.00375409 0.123185 -0.0342713
FixedParameters: 0 0 0

#Transform 85
Transform: AffineTransform_float_3_3
Parameters: 0.999993 -0.000303395 -0.00356342 0.000310979 0.999998 0.00207731 0.00356304 -0.00207869 0.999992 -0.0170084 0.154801 0.143038
FixedParameters: 0 0 0

#Transform 86
Transform: AffineTransform_float_3_3
Parameters: 0.999994 -0.0002576 -0.00346801 0.000270121 0.999993 0.00362334 0.0034671 -0.00362366 0.999987 -0.0141614 0.169715 0.223421
FixedParameters: 0 0 0

#Transform 87
Transform: AffineTransform_float_3_3
Parameters: 0.999994 -0.000175781 -0.00326972 0.000186157 0.999995 0.00317331 0.00326972 -0.0031737 0.99999 0.00816423 0.172974 0.112981
FixedParameters: 0 0 0

#Transform 88
Transform: AffineTransform_float_3_3
Parameters: 0.999993 -0.000366086 -0.00369504 0.00037803 0.999994 0.0033224 0.00369357 -0.00332361 0.999988 -0.0261139 0.171246 0.129365
FixedParameters: 0 0 0

#Transform 89
Transform: AffineTransform_float_3_3
Parameters: 0.999997 -0.000150494 -0.00265583 0.000153985 0.999999 0.00167098 0.00265543 -0.00167102 0.999995 0.0209374 0.145594 -0.00567562
FixedParameters: 0 0 0

#Transform 90
Transform: AffineTransform_float_3_3
Parameters: 0.999995 -0.000155309 -0.00330668 0.000158575 0.999999 0.00130789 0.00330639 -0.00130811 0.999994 -0.00501195 0.132119 -0.0415845
FixedParameters: 0 0 0

#Transform 91
Transform: AffineTransform_float_3_3
Parameters: 0.999992 -0.000233401 -0.00398475 0.000238867 0.999999 0.00136098 0.00398422 -0.00136202 0.999991 0.000781985 0.116528 -0.0439759
FixedParameters: 0 0 0

#Transform 92
Transform: AffineTransform_float_3_3
Parameters: 0.999995 -0.000327704 -0.00300479 0.000331643 0.999999 0.00117975 0.00300427 -0.00118025 0.999995 -0.00103877 0.110088 -0.076724
FixedParameters: 0 0 0

#Transform 93
Transform: AffineTransform_float_3_3
Parameters: 0.999997 5.62108e-06 -0.00269351 1.52628e-06 0.999996 0.00266754 0.00269441 -0.00266746 0.999993 -0.000514918 0.146856 0.00368322
FixedParameters: 0 0 0

#Transform 94
Transform: AffineTransform_float_3_3
Parameters: 0.999993 -0.000348143 -0.00377046 0.000348437 1 0.000212097 0.00376978 -0.000213905 0.999992 0.00976885 0.0830158 -0.129096
FixedParameters: 0 0 0

#Transform 95
Transform: AffineTransform_float_3_3
Parameters: 0.999995 -0.000352257 -0.00318412 0.000350091 1 -0.000691222 0.00318474 0.000689779 0.999995 0.000808454 0.0854036 -0.143929
FixedParameters: 0 0 0

#Transform 96
Transform: AffineTransform_float_3_3
Parameters: 0.999993 -0.000728797 -0.00373163 0.000730291 0.999999 0.000322253 0.00373155 -0.000324746 0.999993 0.0144726 0.0996844 -0.0846362
FixedParameters: 0 0 0

#Transform 97
Transform: AffineTransform_float_3_3
Parameters: 0.999992 -0.000664387 -0.00375918 0.000663989 1 6.84801e-05 0.00375948 -7.05226e-05 0.999993 0.0140694 0.105127 -0.128086
FixedParameters: 0 0 0

#Transform 98
Transform: AffineTransform_float_3_3
Parameters: 0.999994 -0.000700921 -0.00357817 0.000702901 0.999999 0.000532951 0.00357821 -0.000535048 0.999993 0.00386313 0.105508 -0.0741305
FixedParameters: 0 0 0

#Transform 99
Transform: AffineTransform_float_3_3
Parameters: 0.999995 -0.000596399 -0.003114 0.00059464 0.999999 -0.000726751 0.00311369 0.00072525 0.999995 0.0254119 0.0924005 -0.189334
FixedParameters: 0 0 0

#Transform 100
Transform: AffineTransform_float_3_3
Parameters: 0.999995 -0.0006374 -0.00327993 0.000636389 1 -0.000354985 0.00328091 0.000353014 0.999994 0.00793885 0.102203 -0.142931
FixedParameters: 0 0 0

#Transform 101
Transform: AffineTransform_float_3_3
Parameters: 0.999992 -0.00158047 -0.00385058 0.00157901 0.999999 -0.000310846 0.00385117 0.000305153 0.999993 -0.00086013 0.0847417 -0.119314
FixedParameters: 0 0 0

#Transform 102
Transform: AffineTransform_float_3_3
Parameters: 0.999992 -0.00159038 -0.00347469 0.00158627 0.999998 -0.001123 0.00347669 0.001117 0.999994 0.00428288 0.0609482 -0.161674
FixedParameters: 0 0 0

#Transform 103
Transform: AffineTransform_float_3_3
Parameters: 0.999993 -0.00147113 -0.00362111 0.00146684 0.999998 -0.00110465 0.00362279 0.00109835 0.999993 0.0339093 0.0733741 -0.193372
FixedParameters: 0 0 0

#Transform 104
Transform: AffineTransform_float_3_3
Parameters: 0.999994 -0.00125147 -0.00325919 0.00124861 0.999998 -0.000722763 0.00326021 0.000718235 0.999994 0.0217869 0.0724732 -0.163489
FixedParameters: 0 0 0

#Transform 105
Transform: AffineTransform_float_3_3
Parameters: 0.999993 -0.000908494 -0.00359334 0.000904767 0.999999 -0.0011608 0.00359348 0.00115721 0.999993 0.000558644 0.0766093 -0.143743
FixedParameters: 0 0 0

#Transform 106
Transform: AffineTransform_float_3_3
Parameters: 0.999994 -0.000888644 -0.00334615 0.000885492 0.999999 -0.000747504 0.00334669 0.000744493 0.999994 -0.00419777 0.066217 -0.172415
FixedParameters: 0 0 0

#Transform 107
Transform: AffineTransform_float_3_3
Parameters: 0.999991 -0.00141943 -0.00387117 0.00141847 0.999999 -0.000245616 0.00387147 0.000240384 0.999992 0.00685925 0.103751 -0.0915454
FixedParameters: 0 0 0

#Transform 108
Transform: AffineTransform_float_3_3
Parameters: 0.999991 -0.00101279 -0.00393505 0.00101331 0.999999 6.33484e-05 0.00393491 -6.76504e-05 0.999992 0.0691595 0.107304 -0.12539
FixedParameters: 0 0 0

#Transform 109
Transform: AffineTransform_float_3_3
Parameters: 0.999993 -0.00109065 -0.00377894 0.00109254 0.999999 0.000665059 0.00377774 -0.000668942 0.999993 0.0446382 0.110801 -0.103326
FixedParameters: 0 0 0

#Transform 110
Transform: AffineTransform_float_3_3
Parameters: 0.999995 -0.00113047 -0.00314313 0.00113052 0.999999 0.000151758 0.00314317 -0.000155243 0.999996 0.0286456 0.108403 -0.163032
FixedParameters: 0 0 0

#Transform 111
Transform: AffineTransform_float_3_3
Parameters: 0.999992 -0.00155816 -0.0037025 0.00156257 0.999999 0.0010901 0.00370065 -0.0010959 0.999993 0.00760343 0.114183 -0.16839
FixedParameters: 0 0 0

#Transform 112
Transform: AffineTransform_float_3_3
Parameters: 0.999995 -0.0010396 -0.00318417 0.0010374 0.999999 -0.000841997 0.00318566 0.000839003 0.999995 0.0373111 0.0695616 -0.27604
FixedParameters: 0 0 0

#Transform 113
Transform: AffineTransform_float_3_3
Parameters: 0.999996 -0.00102534 -0.00287963 0.00102016 0.999998 -0.00185851 0.00288108 0.00185549 0.999994 0.0274246 0.0659785 -0.329
FixedParameters: 0 0 0

#Transform 114
Transform: AffineTransform_float_3_3
Parameters: 0.999996 -0.000932939 -0.00266248 0.0009276 0.999998 -0.00194089 0.00266506 0.00193811 0.999995 0.00319374 0.0514117 -0.344707
FixedParameters: 0 0 0

#Transform 115
Transform: AffineTransform_float_3_3
Parameters: 0.999997 -0.000817831 -0.00235279 0.000814282 0.999998 -0.00181569 0.00235472 0.00181331 0.999996 0.0285577 0.0675954 -0.227338
FixedParameters: 0 0 0

#Transform 116
Transform: AffineTransform_float_3_3
Parameters: 0.999997 -0.00110492 -0.00208921 0.00110271 0.999999 -0.000750379 0.00209047 0.000748618 0.999997 0.0666651 0.116169 -0.215258
FixedParameters: 0 0 0

#Transform 117
Transform: AffineTransform_float_3_3
Parameters: 0.999996 -0.00115836 -0.00263044 0.00115476 0.999998 -0.0015596 0.00263209 0.0015564 0.999995 0.0488248 0.108583 -0.214632
FixedParameters: 0 0 0

#Transform 118
Transform: AffineTransform_float_3_3
Parameters: 0.999996 -0.00126479 -0.00246008 0.00126092 0.999998 -0.00145767 0.00246127 0.00145433 0.999996 0.0603718 0.0907373 -0.228497
FixedParameters: 0 0 0

#Transform 119
Transform: AffineTransform_float_3_3
Parameters: 0.999995 -0.00121713 -0.00272063 0.00121381 0.999998 -0.00145751 0.00272221 0.00145449 0.999996 0.0405403 0.109782 -0.174937
FixedParameters: 0 0 0

#Transform 120
Transform: AffineTransform_float_3_3
Parameters: 0.999996 -0.00112521 -0.00285438 0.0011215 0.999998 -0.00145726 0.00285569 0.00145374 0.999995 0.0428419 0.0946053 -0.263874
FixedParameters: 0 0 0

#Transform 121
Transform: AffineTransform_float_3_3
Parameters: 0.999994 -0.000686417 -0.00317478 0.00067752 0.999997 -0.00262306 0.00317615 0.00262094 0.999992 0.0135507 0.0659024 -0.296127
FixedParameters: 0 0 0

#Transform 122
Transform: AffineTransform_float_3_3
Parameters: 0.999996 -0.000651258 -0.00295109 0.000640561 0.999993 -0.0035038 0.00295355 0.0035022 0.99999 0.0205322 0.0281317 -0.360733
FixedParameters: 0 0 0

#Transform 123
Transform: AffineTransform_float_3_3
Parameters: 0.999995 -0.00102847 -0.00295353 0.00101979 0.999996 -0.00278108 0.00295701 0.00277792 0.999992 0.00897426 0.0608867 -0.328551
FixedParameters: 0 0 0

#Transform 124
Transform: AffineTransform_float_3_3
Parameters: 0.999995 -0.00110141 -0.00317172 0.00108806 0.999991 -0.00405116 0.00317643 0.00404783 0.999987 0.0261463 0.0259184 -0.39975
FixedParameters: 0 0 0

#Transform 125
Transform: AffineTransform_float_3_3
Parameters: 0.999995 -0.00107241 -0.00293489 0.00106145 0.999993 -0.00365718 0.00293931 0.00365382 0.99999 0.0254597 0.0485202 -0.392047
FixedParameters: 0 0 0

#Transform 126
Transform: AffineTransform_float_3_3
Parameters: 0.999996 -0.000885961 -0.00266258 0.000873204 0.999988 -0.00471375 0.00266671 0.00471125 0.999985 0.00235976 -0.0253081 -0.38525
FixedParameters: 0 0 0

#Transform 127
Transform: AffineTransform_float_3_3
Parameters: 0.999997 -0.000741302 -0.00260826 0.000728977 0.999989 -0.00455333 0.00261118 0.00455167 0.999986 0.0168938 -0.0252825 -0.424769
FixedParameters: 0 0 0

#Transform 128
Transform: AffineTransform_float_3_3
Parameters: 0.999996 -0.000989953 -0.0029031 0.0009758 0.999988 -0.00488006 0.00290775 0.00487795 0.999984 0.0247501 -0.0162333 -0.486136
FixedParameters: 0 0 0

#Transform 129
Transform: AffineTransform_float_3_3
Parameters: 0.999997 -0.000114932 -0.00272103 0.000105181 0.999993 -0.00377028 0.00272163 0.00376973 0.999989 0.00102499 0.0176682 -0.417038
FixedParameters: 0 0 0

#Transform 130
Transform: AffineTransform_float_3_3
Parameters: 0.999996 0.000305867 -0.00260995 -0.000315446 0.999993 -0.00379701 0.00260867 0.00379799 0.99999 0.00397489 0.0246149 -0.465953
FixedParameters: 0 0 0

#Transform 131
Transform: AffineTransform_float_3_3
Parameters: 0.999996 -0.000611591 -0.00270994 0.000603638 0.999996 -0.00297026 0.00271227 0.00296774 0.999992 0.0240012 0.0384923 -0.4057
FixedParameters: 0 0 0

#Transform 132
Transform: AffineTransform_float_3_3
Parameters: 0.999996 -0.00112458 -0.00229565 0.0011168 0.999994 -0.00321365 0.00229881 0.00321135 0.999992 0.0335304 0.0319308 -0.333316
FixedParameters: 0 0 0

#Transform 133
Transform: AffineTransform_float_3_3
Parameters: 0.999995 -0.000858586 -0.00302622 0.000850397 0.999996 -0.00285064 0.00302942 0.00284836 0.999991 0.0257172 0.0269639 -0.361645
FixedParameters: 0 0 0

#Transform 134
Transform: AffineTransform_float_3_3
Parameters: 0.999996 -0.000119424 -0.00254858 0.000111863 0.999996 -0.00297727 0.0025493 0.00297673 0.999992 0.00151939 0.0190791 -0.383262
FixedParameters: 0 0 0

#Transform 135
Transform: AffineTransform_float_3_3
Parameters: 0.999997 -6.15615e-05 -0.00270024 5.4965e-05 0.999996 -0.00263162 0.00270057 0.00263138 0.999993 -0.00871996 0.0329098 -0.331952
FixedParameters: 0 0 0

#Transform 136
Transform: AffineTransform_float_3_3
Parameters: 0.999996 -4.04632e-05 -0.00263611 3.15989e-05 0.999994 -0.00337371 0.00263691 0.00337429 0.999991 0.00279248 0.0193116 -0.408851
FixedParameters: 0 0 0

#Transform 137
Transform: AffineTransform_float_3_3
Parameters: 0.999995 -0.00109572 -0.00291298 0.00108478 0.999992 -0.00399838 0.00291753 0.00399562 0.999988 0.0192194 0.00862953 -0.434078
FixedParameters: 0 0 0

#Transform 138
Transform: AffineTransform_float_3_3
Parameters: 0.999998 -0.000354263 -0.00228387 0.000343297 0.999989 -0.00478793 0.00228476 0.00478708 0.999986 0.00155355 0.00312674 -0.517234
FixedParameters: 0 0 0

#Transform 139
Transform: AffineTransform_float_3_3
Parameters: 0.999999 -0.00027864 -0.00176812 0.000268996 0.999984 -0.00554961 0.00176909 0.00554939 0.999983 0.00663188 -0.015179 -0.659979
FixedParameters: 0 0 0

#Transform 140
Transform: AffineTransform_float_3_3
Parameters: 0.999998 -0.000238249 -0.00200606 0.000225541 0.999979 -0.00644144 0.00200673 0.00644056 0.999978 0.00768913 -0.00913433 -0.722786
FixedParameters: 0 0 0

#Transform 141
Transform: AffineTransform_float_3_3
Parameters: 0.999998 -0.000269557 -0.00208246 0.000258173 0.999984 -0.00566568 0.00208352 0.00566532 0.999982 0.0319943 -0.0125753 -0.736065
FixedParameters: 0 0 0

#Transform 142
Transform: AffineTransform_float_3_3
Parameters: 0.999999 -0.000486253 -0.00141174 0.000479824 0.999989 -0.00469332 0.00141446 0.00469268 0.999988 0.0159389 0.0250666 -0.633911
FixedParameters: 0 0 0

#Transform 143
Transform: AffineTransform_float_3_3
Parameters: 0.999998 -0.000779988 -0.00186234 0.000772008 0.999991 -0.00411672 0.0018656 0.00411527 0.999989 0.0171014 0.0405292 -0.590486
FixedParameters: 0 0 0

#Transform 144
Transform: AffineTransform_float_3_3
Parameters: 0.999998 -0.000912332 -0.00180538 0.000902538 0.999986 -0.00514792 0.00180989 0.00514608 0.999985 0.0207885 -0.0253118 -0.554182
FixedParameters: 0 0 0

#Transform 145
Transform: AffineTransform_float_3_3
Parameters: 0.999997 -0.000794509 -0.00236163 0.000779356 0.999977 -0.00667963 0.00236734 0.00667737 0.999975 0.0463679 -0.0477613 -0.70215
FixedParameters: 0 0 0

#Transform 146
Transform: AffineTransform_float_3_3
Parameters: 0.999998 -0.000216666 -0.00158902 0.000208128 0.999985 -0.00553762 0.0015897 0.00553838 0.999983 0.0046994 -0.0350438 -0.59627
FixedParameters: 0 0 0

#Transform 147
Transform: AffineTransform_float_3_3
Parameters: 0.999998 0.00140064 -0.000882158 -0.0014074 0.999969 -0.00780113 0.000871435 0.00780288 0.99997 -0.10355 -0.0609454 -0.659179
FixedParameters: 0 0 0

#Transform 148
Transform: AffineTransform_float_3_3
Parameters: 0.999998 0.000756785 -0.00150588 -0.000767998 0.999973 -0.00734971 0.00149984 0.0073513 0.999972 -0.0595994 -0.0576984 -0.653254
FixedParameters: 0 0 0

#Transform 149
Transform: AffineTransform_float_3_3
Parameters: 0.999997 -0.000514073 -0.00268223 0.000491643 0.999966 -0.00831412 0.0026866 0.00831288 0.999962 0.0344082 -0.0677361 -0.627236
FixedParameters: 0 0 0

#Transform 150
Transform: AffineTransform_float_3_3
Parameters: 0.999994 -0.000466201 -0.00340572 0.00043642 0.999961 -0.00888128 0.00340937 0.00887972 0.999955 0.056311 -0.0876347 -0.752258
FixedParameters: 0 0 0

#Transform 151
Transform: AffineTransform_float_3_3
Parameters: 0.999994 -0.000571952 -0.00346577 0.000544011 0.999967 -0.00800632 0.0034706 0.00800468 0.999962 0.0346419 -0.0745145 -0.650882
FixedParameters: 0 0 0

#Transform 152
Transform: AffineTransform_float_3_3
Parameters: 0.999992 -0.000792028 -0.00397008 0.000759262 0.999965 -0.00829195 0.00397649 0.00828805 0.999958 0.0589792 -0.0840285 -0.797292
FixedParameters: 0 0 0

#Transform 153
Transform: AffineTransform_float_3_3
Parameters: 0.999993 -0.000886756 -0.00364262 0.000860352 0.999973 -0.00729837 0.00364942 0.00729564 0.999967 0.0342725 -0.0749211 -0.743932
FixedParameters: 0 0 0

#Transform 154
Transform: AffineTransform_float_3_3
Parameters: 0.99999 -0.000968943 -0.00438135 0.000934282 0.999968 -0.00793933 0.00438922 0.00793467 0.999959 0.061004 -0.107606 -0.936941
FixedParameters: 0 0 0

#Transform 155
Transform: AffineTransform_float_3_3
Parameters: 0.999993 -0.00114297 -0.0035511 0.00111871 0.999976 -0.00689035 0.00355836 0.00688666 0.99997 0.0383658 -0.0448392 -0.661782
FixedParameters: 0 0 0

#Transform 156
Transform: AffineTransform_float_3_3
Parameters: 0.999992 -0.001303 -0.00357877 0.00127914 0.999978 -0.00659796 0.00358695 0.00659305 0.999972 0.0553451 -0.0416587 -0.653363
FixedParameters: 0 0 0

#Transform 157
Transform: AffineTransform_float_3_3
Parameters: 0.999993 -0.0010808 -0.00359199 0.00105795 0.999978 -0.00654338 0.00359898 0.00653862 0.999972 0.0308545 -0.040368 -0.670294
FixedParameters: 0 0 0

#Transform 158
Transform: AffineTransform_float_3_3
Parameters: 0.99999 -0.00115367 -0.00433068 0.00112558 0.999978 -0.00650288 0.00433785 0.00649811 0.99997 0.0361943 -0.0558045 -0.759662
FixedParameters: 0 0 0

#Transform 159
Transform: AffineTransform_float_3_3
Parameters: 0.999987 -0.000622323 -0.00492259 0.000592274 0.999981 -0.00617432 0.00492572 0.00617067 0.999969 0.0613498 -0.0837112 -0.904505
FixedParameters: 0 0 0

#Transform 160
Transform: AffineTransform_float_3_3
Parameters: 0.999992 -0.000948685 -0.00370772 0.000925211 0.99998 -0.00622729 0.00371408 0.0062247 0.999974 0.0424843 -0.0653682 -0.776544
FixedParameters: 0 0 0

#Transform 161
Transform: AffineTransform_float_3_3
Parameters: 0.999992 -0.000562696 -0.00379569 0.000536408 0.999976 -0.00697332 0.00379964 0.00697068 0.999968 0.0329216 -0.0865244 -0.883034
FixedParameters: 0 0 0

#Transform 162
Transform: AffineTransform_float_3_3
Parameters: 0.999992 -0.000590457 -0.00396883 0.000563256 0.999976 -0.00690016 0.00397269 0.00689783 0.999968 0.0146862 -0.10075 -0.874841
FixedParameters: 0 0 0

#Transform 163
Transform: AffineTransform_float_3_3
Parameters: 0.999993 -0.000998757 -0.0036617 0.000971308 0.999973 -0.00734894 0.00366931 0.00734606 0.999966 0.0396938 -0.101565 -0.92548
FixedParameters: 0 0 0

#Transform 164
Transform: AffineTransform_float_3_3
Parameters: 0.999996 0.00011064 -0.00307767 -0.000132073 0.999977 -0.00668293 0.00307638 0.00668306 0.999973 0.0357517 -0.11522 -1.0463
FixedParameters: 0 0 0

#Transform 165
Transform: AffineTransform_float_3_3
Parameters: 0.999997 -1.35872e-05 -0.00251187 -7.9432e-07 0.999984 -0.00563363 0.00251146 0.00563437 0.999981 0.00410491 -0.0835914 -0.993939
FixedParameters: 0 0 0

#Transform 166
Transform: AffineTransform_float_3_3
Parameters: 0.999996 -0.000230618 -0.00299897 0.000207501 0.999969 -0.00790312 0.00300081 0.00790188 0.999964 0.0622485 -0.118826 -1.13376
FixedParameters: 0 0 0

#Transform 167
Transform: AffineTransform_float_3_3
Parameters: 0.999997 -0.000103571 -0.00270725 8.28992e-05 0.99997 -0.00772287 0.00270732 0.00772313 0.999966 0.0300226 -0.098373 -1.1083
FixedParameters: 0 0 0

#Transform 168
Transform: AffineTransform_float_3_3
Parameters: 0.999994 -0.000350996 -0.00326544 0.000321366 0.999957 -0.0093002 0.00326825 0.0092988 0.999951 0.0332188 -0.114786 -1.20807
FixedParameters: 0 0 0

#Transform 169
Transform: AffineTransform_float_3_3
Parameters: 0.999995 -0.000209951 -0.00294653 0.00018455 0.999963 -0.00858768 0.0029479 0.00858731 0.999959 0.0128533 -0.0897146 -1.15002
FixedParameters: 0 0 0

#Transform 170
Transform: AffineTransform_float_3_3
Parameters: 0.999995 -0.000406651 -0.00313817 0.000376492 0.99995 -0.00990597 0.0031421 0.00990503 0.999946 0.0343865 -0.128372 -1.25145
FixedParameters: 0 0 0

#Transform 171
Transform: AffineTransform_float_3_3
Parameters: 0.999996 -0.00040778 -0.002833 0.000380237 0.999954 -0.00956138 0.00283682 0.00956063 0.999951 0.0297934 -0.114151 -1.24642
FixedParameters: 0 0 0

#Transform 172
Transform: AffineTransform_float_3_3
Parameters: 0.999995 -0.000695906 -0.00305029 0.000669791 0.999965 -0.00836513 0.00305655 0.00836387 0.99996 0.0263266 -0.0990783 -1.05398
FixedParameters: 0 0 0

#Transform 173
Transform: AffineTransform_float_3_3
Parameters: 0.999996 -0.000642386 -0.00290795 0.000618341 0.999963 -0.00857824 0.00291321 0.00857676 0.999959 0.0637446 -0.0996103 -1.06981
FixedParameters: 0 0 0

#Transform 174
Transform: AffineTransform_float_3_3
Parameters: 0.999996 -0.000686735 -0.00297224 0.000663231 0.999969 -0.00792742 0.00297724 0.00792559 0.999964 0.0493041 -0.0929511 -0.970372
FixedParameters: 0 0 0

#Transform 175
Transform: AffineTransform_float_3_3
Parameters: 0.999995 -0.000927666 -0.0030746 0.000904522 0.999972 -0.00738986 0.00308191 0.00738712 0.999968 0.0497629 -0.0952359 -0.926085
FixedParameters: 0 0 0

#Transform 176
Transform: AffineTransform_float_3_3
Parameters: 0.999994 -0.000815556 -0.00343686 0.000791042 0.999974 -0.00713766 0.00344224 0.00713434 0.999968 0.0607169 -0.0737581 -0.929423
FixedParameters: 0 0 0

#Transform 177
Transform: AffineTransform_float_3_3
Parameters: 0.999994 -5.34359e-05 -0.00347752 3.20953e-05 0.999982 -0.0060321 0.00347798 0.0060319 0.999975 0.0325341 -0.0199379 -0.873642
FixedParameters: 0 0 0

#Transform 178
Transform: AffineTransform_float_3_3
Parameters: 0.999994 -0.000347817 -0.00343558 0.000316805 0.999959 -0.00904088 0.00343816 0.00904011 0.999953 0.0431354 -0.0999661 -0.956854
FixedParameters: 0 0 0

#Transform 179
Transform: AffineTransform_float_3_3
Parameters: 0.999995 -0.000399227 -0.00317607 0.000386944 0.999992 -0.00406335 0.00317786 0.00406165 0.999987 0.0440601 0.0216095 -0.723091
FixedParameters: 0 0 0
