#Insight Transform File V1.0
#Transform 0
Transform: AffineTransform_float_3_3
Parameters: 0.999999 0.000333216 -0.000648725 -0.000335039 0.999999 -0.00170578 0.000648505 0.00170622 0.999999 -0.0732819 0.10387 0.360628
FixedParameters: 0 0 0

#Transform 1
Transform: AffineTransform_float_3_3
Parameters: 1 0.000507226 -0.000220352 -0.000506944 0.999999 0.000641112 0.000221002 -0.000640888 1 -0.0201015 -0.037475 -0.139638
FixedParameters: 0 0 0

#Transform 2
Transform: AffineTransform_float_3_3
Parameters: 0.999999 0.000853837 -1.73383e-05 -0.000852887 1 0.000833503 1.83701e-05 -0.000833497 0.999999 -0.0319233 -0.0280498 -0.231803
FixedParameters: 0 0 0

#Transform 3
Transform: AffineTransform_float_3_3
Parameters: 1 0.000574562 -0.00013848 -0.000574548 1 4.70797e-05 0.000138534 -4.69205e-05 1 -0.0200394 -0.0540175 -0.287996
FixedParameters: 0 0 0

#Transform 4
Transform: AffineTransform_float_3_3
Parameters: 0.999999 0.000870886 -7.45628e-05 -0.00087116 0.999999 0.000778706 7.49993e-05 -0.000779295 1 -0.0366186 -0.0626021 -0.325817
FixedParameters: 0 0 0

#Transform 5
Transform: AffineTransform_float_3_3
Parameters: 1 0.000989657 -0.00028906 -0.000989704 1 0.000594927 0.000289317 -0.000595074 1 -0.0439094 -0.0623554 -0.31638
FixedParameters: 0 0 0

#Transform 6
Transform: AffineTransform_float_3_3
Parameters: 0.999999 0.000740522 0.000252982 -0.00074071 1 0.00037166 -0.000252432 -0.00037134 0.999999 -0.0417679 -0.0689487 -0.343237
FixedParameters: 0 0 0

#Transform 7
Transform: AffineTransform_float_3_3
Parameters: 0.999999 0.000801163 -1.3646e-05 -0.000800615 0.999999 0.000644011 1.33663e-05 -0.000643989 1 -0.0403418 -0.0499511 -0.340289
FixedParameters: 0 0 0

#Transform 8
Transform: AffineTransform_float_3_3
Parameters: 0.999999 0.000838648 0.00011023 -0.000838695 1 0.000210755 -0.000109877 -0.000210245 1 -0.0447789 -0.0364218 -0.297302
FixedParameters: 0 0 0

#Transform 9
Transform: AffineTransform_float_3_3
Parameters: 1 0.000583622 -0.000116933 -0.00058346 0.999999 0.000690068 0.000117738 -0.000689931 1 -0.0304929 -0.0332437 -0.289254
FixedParameters: 0 0 0

#Transform 10
Transform: AffineTransform_float_3_3
Parameters: 1 0.000583633 -0.000116881 -0.00058345 0.999999 0.000779068 0.00011779 -0.000778931 0.999999 -0.021012 -0.0190114 -0.2853
FixedParameters: 0 0 0

#Transform 11
Transform: AffineTransform_float_3_3
Parameters: 0.999999 0.000699704 -0.000165815 -0.000698817 0.999999 0.00107612 0.000166009 -0.00107588 1 -0.0272603 -0.035952 -0.332274
FixedParameters: 0 0 0

#Transform 12
Transform: AffineTransform_float_3_3
Parameters: 1 0.000608559 -5.83103e-05 -0.000608929 1 0.000186036 5.76162e-05 -0.000185965 1 -0.0214415 -0.0286947 -0.293436
FixedParameters: 0 0 0

#Transform 13
Transform: AffineTransform_float_3_3
Parameters: 1 0.000583564 -0.000117227 -0.00058352 1 0.000186069 0.000117444 -0.000185932 1 -0.0290642 -0.0475964 -0.349046
FixedParameters: 0 0 0

#Transform 14
Transform: AffineTransform_float_3_3
Parameters: 1 0.000343513 -0.000337163 -0.000343722 1 -0.000308884 0.00033695 0.000309116 1 -0.00891673 -0.0260395 -0.289131
FixedParameters: 0 0 0

#Transform 15
Transform: AffineTransform_float_3_3
Parameters: 1 0.000438183 -5.49539e-05 -0.000437492 0.999999 0.00147502 5.49343e-05 -0.00147498 0.999999 -0.0177376 -0.0316456 -0.180498
FixedParameters: 0 0 0

#Transform 16
Transform: AffineTransform_float_3_3
Parameters: 1 0.000423003 -0.000503851 -0.000422563 1 0.000824854 0.000503628 -0.000825147 0.999999 -0.0133063 -0.027545 -0.213733
FixedParameters: 0 0 0

#Transform 17
Transform: AffineTransform_float_3_3
Parameters: 1 0.000629644 4.86754e-05 -0.000629785 0.999999 0.00147582 -4.68171e-05 -0.00147518 0.999998 -0.0227619 -0.0343447 -0.281919
FixedParameters: 0 0 0

#Transform 18
Transform: AffineTransform_float_3_3
Parameters: 0.999999 0.000919225 0.00036748 -0.000919153 0.999999 0.000622509 -0.000367647 -0.000622491 0.999999 -0.0376146 -0.0170514 -0.256939
FixedParameters: 0 0 0

#Transform 19
Transform: AffineTransform_float_3_3
Parameters: 1 0.00061986 0.000294752 -0.00061961 1 0.00113967 -0.00029373 -0.00113934 0.999999 -0.0306999 -0.0416729 -0.296926
FixedParameters: 0 0 0

#Transform 20
Transform: AffineTransform_float_3_3
Parameters: 1 0.000620072 7.95935e-05 -0.000620624 1 0.00101495 -7.92547e-05 -0.00101505 1 -0.0313351 -0.0577307 -0.293262
FixedParameters: 0 0 0

#Transform 21
Transform: AffineTransform_float_3_3
Parameters: 1 0.00065846 -4.5061e-05 -0.000657814 0.999999 0.00128603 4.54425e-05 -0.00128597 0.999999 -0.0247319 -0.0428186 -0.306335
FixedParameters: 0 0 0

#Transform 22
Transform: AffineTransform_float_3_3
Parameters: 1 0.000503736 2.02721e-05 -0.00050325 1 0.00106599 -2.05099e-05 -0.00106601 1 -0.0224718 -0.0448212 -0.279336
FixedParameters: 0 0 0

#Transform 23
Transform: AffineTransform_float_3_3
Parameters: 1 0.000338184 -4.77032e-05 -0.000338509 0.999999 0.000691016 4.72503e-05 -0.000690984 1 -0.0197132 -0.0435063 -0.277293
FixedParameters: 0 0 0

#Transform 24
Transform: AffineTransform_float_3_3
Parameters: 1 0.000503732 2.03673e-05 -0.000503253 0.999999 0.00125499 -2.04147e-05 -0.00125501 0.999999 -0.0212218 -0.0476294 -0.309042
FixedParameters: 0 0 0

#Transform 25
Transform: AffineTransform_float_3_3
Parameters: 1 0.000351154 -0.000173495 -0.000350706 0.999999 0.00128806 0.000174399 -0.00128794 0.999999 -0.0179333 -0.0509297 -0.329985
FixedParameters: 0 0 0

#Transform 26
Transform: AffineTransform_float_3_3
Parameters: 1 0.000503733 2.0332e-05 -0.000503252 0.999999 0.00118499 -2.045e-05 -0.00118501 1 -0.0214847 -0.046879 -0.373261
FixedParameters: 0 0 0

#Transform 27
Transform: AffineTransform_float_3_3
Parameters: 1 0.000372722 -0.000289232 -0.000372612 0.999999 0.000865107 0.000288956 -0.000864892 0.999999 -0.011562 -0.0451379 -0.368678
FixedParameters: 0 0 0

#Transform 28
Transform: AffineTransform_float_3_3
Parameters: 1 0.000334625 -8.43569e-05 -0.000334577 1 0.000286028 8.45483e-05 -0.000285972 1 -0.0114442 -0.0555577 -0.375814
FixedParameters: 0 0 0

#Transform 29
Transform: AffineTransform_float_3_3
Parameters: 1 0.000384389 0.000520275 -0.000385143 1 0.000724647 -0.000519718 -0.000724352 0.999999 -0.0188427 -0.0625064 -0.375059
FixedParameters: 0 0 0

#Transform 30
Transform: AffineTransform_float_3_3
Parameters: 1 0.000278223 0.000507673 -0.000278678 1 0.000447858 -0.000507423 -0.000448141 1 -0.018716 -0.0565154 -0.385021
FixedParameters: 0 0 0

#Transform 31
Transform: AffineTransform_float_3_3
Parameters: 1 0.000234839 0.000625986 -0.00023563 1 0.000631852 -0.000625688 -0.000632147 0.999999 -0.0140544 -0.0554692 -0.412162
FixedParameters: 0 0 0

#Transform 32
Transform: AffineTransform_float_3_3
Parameters: 1 0.000197891 0.000641629 -0.000198017 0.999999 0.000816233 -0.000641696 -0.000815768 1 -0.0166834 -0.0487321 -0.430381
FixedParameters: 0 0 0

#Transform 33
Transform: AffineTransform_float_3_3
Parameters: 1 0.000296957 0.000599634 -0.00029686 1 -8.1178e-05 -0.000599682 8.08219e-05 1 -0.0279438 -0.0511639 -0.406238
FixedParameters: 0 0 0

#Transform 34
Transform: AffineTransform_float_3_3
Parameters: 1 0.000235023 0.000625917 -0.000235445 1 0.000336853 -0.000625758 -0.000337147 0.999999 -0.0143685 -0.0520421 -0.424867
FixedParameters: 0 0 0

#Transform 35
Transform: AffineTransform_float_3_3
Parameters: 1 0.000236952 0.000625103 -0.000237198 1 0.000196852 -0.000625009 -0.000197148 1 -0.0203744 -0.0501726 -0.431666
FixedParameters: 0 0 0

#Transform 36
Transform: AffineTransform_float_3_3
Parameters: 1 0.000164619 0.000655858 -0.000164093 1 -0.000401108 -0.000655989 0.000400892 0.999999 -0.0120738 -0.0736351 -0.409104
FixedParameters: 0 0 0

#Transform 37
Transform: AffineTransform_float_3_3
Parameters: 0.999999 0.000284202 0.000751706 -0.0002844 1 0.000131786 -0.000751631 -0.000132214 0.999999 -0.0291358 -0.0679547 -0.422036
FixedParameters: 0 0 0

#Transform 38
Transform: AffineTransform_float_3_3
Parameters: 1 0.000108422 0.000679724 -0.000107987 1 -0.000320073 -0.000679793 0.000319926 0.999999 -0.0139609 -0.0643954 -0.41978
FixedParameters: 0 0 0

#Transform 39
Transform: AffineTransform_float_3_3
Parameters: 1 0.000274372 0.000609213 -0.000274341 0.999999 -0.000780808 -0.000609251 0.000781193 1 -0.0249236 -0.0594872 -0.388859
FixedParameters: 0 0 0

#Transform 40
Transform: AffineTransform_float_3_3
Parameters: 1 0.000145203 0.00066409 -0.000144847 1 -0.000268096 -0.000664168 0.000267904 0.999999 -0.0174474 -0.0650351 -0.424103
FixedParameters: 0 0 0

#Transform 41
Transform: AffineTransform_float_3_3
Parameters: 1 0.000290595 0.00060233 -0.000290334 1 -0.000217175 -0.000602456 0.000216825 1 -0.0284219 -0.0730839 -0.439345
FixedParameters: 0 0 0

#Transform 42
Transform: AffineTransform_float_3_3
Parameters: 0.999999 -7.54413e-05 0.00075795 7.59606e-05 1 -0.000599942 -0.000758779 0.000600057 0.999999 -0.0110065 -0.0676019 -0.43756
FixedParameters: 0 0 0

#Transform 43
Transform: AffineTransform_float_3_3
Parameters: 1 0.000186836 0.000646434 -0.00018606 1 -0.00060012 -0.000646658 0.000599879 0.999999 -0.0305442 -0.0546175 -0.430361
FixedParameters: 0 0 0

#Transform 44
Transform: AffineTransform_float_3_3
Parameters: 1 0.000399234 0.000556179 -0.000398934 1 -0.000270222 -0.000556395 0.000269778 1 -0.0349401 -0.0401919 -0.41741
FixedParameters: 0 0 0

#Transform 45
Transform: AffineTransform_float_3_3
Parameters: 1 0.000144544 0.000664424 -0.000143665 1 -0.000661095 -0.000664615 0.000660904 0.999999 -0.0205024 -0.0492987 -0.412462
FixedParameters: 0 0 0

#Transform 46
Transform: AffineTransform_float_3_3
Parameters: 1 0.000274007 0.000609377 -0.000273784 1 -0.000183167 -0.000609477 0.000182833 1 -0.0324128 -0.0573667 -0.452312
FixedParameters: 0 0 0

#Transform 47
Transform: AffineTransform_float_3_3
Parameters: 1 0.000371693 0.000567863 -0.000371245 1 -0.000394211 -0.000568155 0.000393789 1 -0.0345212 -0.0708669 -0.48999
FixedParameters: 0 0 0

#Transform 48
Transform: AffineTransform_float_3_3
Parameters: 1 0.000311072 0.000593611 -0.000310359 1 -0.000600184 -0.000593984 0.000599815 0.999999 -0.0286627 -0.0610857 -0.479356
FixedParameters: 0 0 0

#Transform 49
Transform: AffineTransform_float_3_3
Parameters: 1 0.000313398 0.000592667 -0.000313556 1 0.000132814 -0.000592584 -0.000133186 1 -0.0331044 -0.0698876 -0.480893
FixedParameters: 0 0 0

#Transform 50
Transform: AffineTransform_float_3_3
Parameters: 1 0.000179473 0.000649564 -0.000179615 1 -0.000600116 -0.000649389 0.000599883 0.999999 -0.03027 -0.0769214 -0.445727
FixedParameters: 0 0 0

#Transform 51
Transform: AffineTransform_float_3_3
Parameters: 1 0.000135879 0.000668024 -0.00013576 1 -8.90907e-05 -0.000668048 8.89092e-05 1 -0.0195718 -0.0753964 -0.472487
FixedParameters: 0 0 0

#Transform 52
Transform: AffineTransform_float_3_3
Parameters: 1 0.000196906 0.000642146 -0.000197161 1 -0.000519126 -0.00064196 0.000518873 0.999999 -0.0307066 -0.0621792 -0.45628
FixedParameters: 0 0 0

#Transform 53
Transform: AffineTransform_float_3_3
Parameters: 1 0.000159281 0.00065816 -0.000158384 1 -0.000681104 -0.000658376 0.000680895 0.999999 -0.030008 -0.0791134 -0.460208
FixedParameters: 0 0 0

#Transform 54
Transform: AffineTransform_float_3_3
Parameters: 1 0.000237303 0.000624969 -0.000236847 1 -0.000365148 -0.000625142 0.000364852 0.999999 -0.0315808 -0.0650701 -0.473085
FixedParameters: 0 0 0

#Transform 55
Transform: AffineTransform_float_3_3
Parameters: 1 0.000364784 0.00101087 -0.000364186 0.999999 -0.000751009 -0.00101103 0.000750991 0.999999 -0.0372273 -0.0640325 -0.467802
FixedParameters: 0 0 0

#Transform 56
Transform: AffineTransform_float_3_3
Parameters: 1 0.000291361 0.00106174 -0.000289666 0.999999 -0.00123216 -0.00106207 0.00123084 0.999999 -0.0312894 -0.0854547 -0.450026
FixedParameters: 0 0 0

#Transform 57
Transform: AffineTransform_float_3_3
Parameters: 0.999999 7.49638e-05 0.000875291 -7.49612e-05 1 -1.91296e-06 -0.000875291 1.08708e-06 1 -0.0274538 -0.0564535 -0.449505
FixedParameters: 0 0 0

#Transform 58
Transform: AffineTransform_float_3_3
Parameters: 1 0.000407146 0.00105043 -0.000406505 1 -0.000305068 -0.00105068 0.000304932 1 -0.0538377 -0.0464177 -0.451178
FixedParameters: 0 0 0

#Transform 59
Transform: AffineTransform_float_3_3
Parameters: 1 0.000256057 0.0010691 -0.000255066 0.999999 -0.000893913 -0.00106917 0.000894086 0.999999 -0.0334872 -0.0440684 -0.398675
FixedParameters: 0 0 0

#Transform 60
Transform: AffineTransform_float_3_3
Parameters: 0.999999 0.000204243 0.000982321 -0.000203878 1 -0.0001862 -0.000982397 0.000185799 0.999999 -0.0368129 -0.0784874 -0.449212
FixedParameters: 0 0 0

#Transform 61
Transform: AffineTransform_float_3_3
Parameters: 1 0.000205918 0.00111195 -0.000205771 1 -6.58692e-05 -0.00111198 6.61308e-05 1 -0.0325557 -0.0718299 -0.443083
FixedParameters: 0 0 0

#Transform 62
Transform: AffineTransform_float_3_3
Parameters: 1 0.000199446 0.00114735 -0.000198866 1 -0.000252869 -0.00114745 0.000253131 0.999999 -0.0308591 -0.0643388 -0.432859
FixedParameters: 0 0 0

#Transform 63
Transform: AffineTransform_float_3_3
Parameters: 0.999999 0.000149736 0.0014803 -0.000148837 1 -0.000303708 -0.00148039 0.000303291 0.999999 -0.0400151 -0.0768223 -0.483356
FixedParameters: 0 0 0

#Transform 64
Transform: AffineTransform_float_3_3
Parameters: 0.999999 -0.000144113 0.00127928 0.000144305 1 -0.000434456 -0.00127877 0.000435544 0.999999 -0.0254791 -0.0792661 -0.470745
FixedParameters: 0 0 0

#Transform 65
Transform: AffineTransform_float_3_3
Parameters: 0.999999 7.18694e-05 0.00124796 -7.19275e-05 1 0.00039227 -0.00124829 -0.00039173 0.999999 -0.0371282 -0.0916218 -0.511783
FixedParameters: 0 0 0

#Transform 66
Transform: AffineTransform_float_3_3
Parameters: 1 -3.81228e-05 0.00109497 3.82728e-05 1 -6.88055e-05 -0.00109497 6.81945e-05 0.999999 -0.0260989 -0.090065 -0.488604
FixedParameters: 0 0 0

#Transform 67
Transform: AffineTransform_float_3_3
Parameters: 1 0.000181651 0.00120147 -0.000182146 1 0.000206141 -0.0012014 -0.000205859 0.999999 -0.032391 -0.0784361 -0.479203
FixedParameters: 0 0 0

#Transform 68
Transform: AffineTransform_float_3_3
Parameters: 0.999999 0.000378047 0.000903075 -0.000377799 1 -0.000137341 -0.000903179 0.000136659 0.999999 -0.0391745 -0.0729111 -0.489171
FixedParameters: 0 0 0

#Transform 69
Transform: AffineTransform_float_3_3
Parameters: 1 9.01954e-05 0.00116879 -8.94731e-05 1 -0.000308745 -0.00116884 0.000309255 0.999999 -0.0252248 -0.0717871 -0.471042
FixedParameters: 0 0 0

#Transform 70
Transform: AffineTransform_float_3_3
Parameters: 1 7.01246e-05 0.00117704 -6.99611e-05 1 0.00032143 -0.00117739 -0.00032157 1 -0.0408685 -0.0850974 -0.495041
FixedParameters: 0 0 0

#Transform 71
Transform: AffineTransform_float_3_3
Parameters: 1 5.04469e-05 0.00118561 -5.09786e-05 1 -0.000163701 -0.00118523 0.0001643 0.999999 -0.0303857 -0.0844275 -0.489881
FixedParameters: 0 0 0

#Transform 72
Transform: AffineTransform_float_3_3
Parameters: 0.999999 -6.28659e-05 0.00123368 6.30732e-05 1 -8.35627e-05 -0.00123367 8.44374e-05 0.999999 -0.0286901 -0.102353 -0.517565
FixedParameters: 0 0 0

#Transform 73
Transform: AffineTransform_float_3_3
Parameters: 0.999999 -0.000263239 0.00152156 0.000263738 1 -0.000897447 -0.00152123 0.000897554 0.999998 -0.0183316 -0.0978882 -0.51496
FixedParameters: 0 0 0

#Transform 74
Transform: AffineTransform_float_3_3
Parameters: 0.999999 -0.000347106 0.00065829 0.000347868 1 -0.000578771 -0.000657887 0.000579228 0.999999 -0.0145065 -0.103678 -0.482317
FixedParameters: 0 0 0

#Transform 75
Transform: AffineTransform_float_3_3
Parameters: 0.999999 -0.000213067 0.000685713 0.00021292 1 0.000106299 -0.000685759 -0.000106701 1 -0.0248726 -0.0764136 -0.479431
FixedParameters: 0 0 0

#Transform 76
Transform: AffineTransform_float_3_3
Parameters: 1 8.8957e-05 0.00112162 -8.89343e-05 0.999999 -0.000594588 -0.00112225 0.000594413 1 -0.0347075 -0.063832 -0.445674
FixedParameters: 0 0 0

#Transform 77
Transform: AffineTransform_float_3_3
Parameters: 0.999999 -0.000254201 0.000838337 0.000255302 1 -0.000656427 -0.000838002 0.000657573 1 -0.0295275 -0.0542821 -0.442836
FixedParameters: 0 0 0

#Transform 78
Transform: AffineTransform_float_3_3
Parameters: 0.999999 -0.000413432 0.0008099 0.000413377 0.999999 3.34874e-05 -0.000809928 -3.35124e-05 1 -0.0302847 -0.0784029 -0.482417
FixedParameters: 0 0 0

#Transform 79
Transform: AffineTransform_float_3_3
Parameters: 1 -8.53317e-05 0.00119646 8.74883e-05 0.999999 -0.0018339 -0.00119628 0.0018341 0.999997 -0.0301896 -0.114673 -0.509919
FixedParameters: 0 0 0

#Transform 80
Transform: AffineTransform_float_3_3
Parameters: 1 -0.000245232 0.00100594 0.00024574 1 -0.0002526 -0.00100582 0.000252399 0.999999 -0.0239733 -0.067134 -0.470581
FixedParameters: 0 0 0

#Transform 81
Transform: AffineTransform_float_3_3
Parameters: 0.999999 -0.000439383 0.000877181 0.000439231 1 0.000309385 -0.000876532 -0.000308615 0.999999 -0.0191444 -0.0686757 -0.479368
FixedParameters: 0 0 0

#Transform 82
Transform: AffineTransform_float_3_3
Parameters: 1 -0.000488381 0.000916217 0.000488721 1 -0.00068876 -0.000915154 0.00068824 0.999999 -0.0234278 -0.0634955 -0.461399
FixedParameters: 0 0 0

#Transform 83
Transform: AffineTransform_float_3_3
Parameters: 1 -0.000285075 0.00109891 0.000285197 1 -0.000233534 -0.00109969 0.000233466 0.999999 -0.0369291 -0.104058 -0.494757
FixedParameters: 0 0 0

#Transform 84
Transform: AffineTransform_float_3_3
Parameters: 0.999999 -0.000366727 0.000939349 0.000366829 0.999999 -0.000544503 -0.000938559 0.000544497 0.999999 -0.0252306 -0.0795625 -0.457841
FixedParameters: 0 0 0

#Transform 85
Transform: AffineTransform_float_3_3
Parameters: 0.999999 -0.000235144 0.0014806 0.000235219 1 -2.51395e-05 -0.00148059 2.58606e-05 0.999999 -0.0393494 -0.0750199 -0.479354
FixedParameters: 0 0 0

#Transform 86
Transform: AffineTransform_float_3_3
Parameters: 0.999998 -0.000404197 0.00163024 0.000405189 1 -0.000706188 -0.0016302 0.000706813 0.999998 -0.0266543 -0.0724428 -0.456732
FixedParameters: 0 0 0

#Transform 87
Transform: AffineTransform_float_3_3
Parameters: 0.999999 -0.00034536 0.00121112 0.000345044 1 0.00013093 -0.00121121 -0.000130069 1 -0.0210493 -0.0763882 -0.496005
FixedParameters: 0 0 0

#Transform 88
Transform: AffineTransform_float_3_3
Parameters: 1 -0.0004553 0.0011072 0.00045603 0.999999 -0.000329343 -0.0011069 0.000329657 0.999999 -0.026879 -0.0867681 -0.494232
FixedParameters: 0 0 0

#Transform 89
Transform: AffineTransform_float_3_3
Parameters: 0.999998 -0.000528884 0.00158076 0.000529245 1 -0.000405012 -0.00157994 0.000405989 0.999999 -0.0176028 -0.0877721 -0.494477
FixedParameters: 0 0 0

#Transform 90
Transform: AffineTransform_float_3_3
Parameters: 1 -0.000371538 0.00116696 0.000371608 1 -2.95665e-05 -0.00116694 3.04337e-05 0.999999 -0.0307562 -0.0826792 -0.52894
FixedParameters: 0 0 0

#Transform 91
Transform: AffineTransform_float_3_3
Parameters: 0.999999 -0.000260421 0.0018286 0.000262251 1 -0.000500369 -0.00182834 0.00050063 0.999998 -0.032666 -0.071644 -0.483837
FixedParameters: 0 0 0

#Transform 92
Transform: AffineTransform_float_3_3
Parameters: 0.999999 -0.00064741 0.00132017 0.000647635 1 -0.000232993 -0.00132079 0.000234008 1 -0.024847 -0.0631864 -0.488883
FixedParameters: 0 0 0

#Transform 93
Transform: AffineTransform_float_3_3
Parameters: 0.999999 -0.000481981 0.00132596 0.000481289 1 -0.00023285 -0.00132626 0.000234152 0.999999 -0.0240762 -0.0762884 -0.49836
FixedParameters: 0 0 0

#Transform 94
Transform: AffineTransform_float_3_3
Parameters: 0.999998 -0.000343686 0.00170116 0.000344991 1 -0.000654262 -0.00170032 0.000654738 0.999998 -0.0212816 -0.0716216 -0.485044
FixedParameters: 0 0 0

#Transform 95
Transform: AffineTransform_float_3_3
Parameters: 0.999999 -0.000711421 0.00127218 0.000710657 1 -6.13032e-05 -0.0012717 6.1698e-05 0.999999 -0.0263333 -0.0694709 -0.50191
FixedParameters: 0 0 0

#Transform 96
Transform: AffineTransform_float_3_3
Parameters: 0.999999 -0.000588194 0.00123125 0.000588577 1 -0.000529124 -0.00123023 0.000529877 1 -0.0160436 -0.0689408 -0.466107
FixedParameters: 0 0 0

#Transform 97
Transform: AffineTransform_float_3_3
Parameters: 0.999999 -0.000615574 0.00127433 0.000615467 1 -0.000472064 -0.00127428 0.000472938 1 -0.0183738 -0.0752786 -0.477274
FixedParameters: 0 0 0

#Transform 98
Transform: AffineTransform_float_3_3
Parameters: 0.999998 -0.000535768 0.00154067 0.000535349 1 0.00013613 -0.00154081 -0.000135869 0.999999 -0.0129218 -0.078217 -0.499101
FixedParameters: 0 0 0

#Transform 99
Transform: AffineTransform_float_3_3
Parameters: 0.999998 -0.000352708 0.00156033 0.000353377 1 -0.000509297 -0.00155958 0.000509704 0.999999 -0.0332719 -0.0667532 -0.47032
FixedParameters: 0 0 0

#Transform 100
Transform: AffineTransform_float_3_3
Parameters: 0.999999 -0.000520725 0.00123253 0.000520943 0.999999 -8.82054e-05 -0.00123244 8.87946e-05 0.999999 -0.0206232 -0.059924 -0.502262
FixedParameters: 0 0 0

#Transform 101
Transform: AffineTransform_float_3_3
Parameters: 0.999999 -0.000477992 0.0011598 0.000477561 0.999999 0.000185706 -0.00115998 -0.000185293 0.999999 -0.0206371 -0.0659537 -0.490694
FixedParameters: 0 0 0

#Transform 102
Transform: AffineTransform_float_3_3
Parameters: 0.999999 -0.000622284 0.0012221 0.000622837 1 -0.000762087 -0.00122168 0.000762914 0.999999 -0.0207403 -0.0635352 -0.485494
FixedParameters: 0 0 0

#Transform 103
Transform: AffineTransform_float_3_3
Parameters: 0.999999 -0.000416488 0.00136231 0.00041599 1 -0.000298281 -0.00136259 0.000298721 0.999999 -0.0317412 -0.0721871 -0.489379
FixedParameters: 0 0 0

#Transform 104
Transform: AffineTransform_float_3_3
Parameters: 0.999999 -0.00073015 0.00139816 0.000730484 1 -0.000587827 -0.00139783 0.000589174 0.999999 -0.0217951 -0.0635028 -0.481432
FixedParameters: 0 0 0

#Transform 105
Transform: AffineTransform_float_3_3
Parameters: 0.999999 -0.00081771 0.00126837 0.0008185 0.999999 -0.00082781 -0.00126754 0.00082919 0.999999 -0.0176531 -0.0839748 -0.481926
FixedParameters: 0 0 0

#Transform 106
Transform: AffineTransform_float_3_3
Parameters: 0.999999 -0.000701356 0.00122599 0.000701491 1 -0.000430348 -0.00122499 0.000430653 0.999999 -0.0231411 -0.0954176 -0.535473
FixedParameters: 0 0 0

#Transform 107
Transform: AffineTransform_float_3_3
Parameters: 0.999999 -0.00073508 0.00136499 0.000736614 0.999999 -0.00104184 -0.00136399 0.00104316 0.999998 -0.0137793 -0.0827926 -0.502408
FixedParameters: 0 0 0

#Transform 108
Transform: AffineTransform_float_3_3
Parameters: 0.999998 -0.000621208 0.00153359 0.000622395 1 -0.000813894 -0.00153311 0.000815106 0.999998 -0.0261963 -0.0602347 -0.532646
FixedParameters: 0 0 0

#Transform 109
Transform: AffineTransform_float_3_3
Parameters: 0.999999 -0.000579065 0.0012273 0.000580217 1 -0.000469136 -0.00122676 0.000469864 1 -0.0210275 -0.0956365 -0.524012
FixedParameters: 0 0 0

#Transform 110
Transform: AffineTransform_float_3_3
Parameters: 0.999999 -0.000632223 0.00124563 0.000633672 0.999999 -0.00147842 -0.0012439 0.00147858 0.999998 -0.0152512 -0.0957904 -0.506201
FixedParameters: 0 0 0

#Transform 111
Transform: AffineTransform_float_3_3
Parameters: 0.999998 -0.00075935 0.00157388 0.000758571 1 -4.45011e-05 -0.00157342 4.55004e-05 0.999999 -0.0155509 -0.0775539 -0.524924
FixedParameters: 0 0 0

#Transform 112
Transform: AffineTransform_float_3_3
Parameters: 0.999999 -0.00068165 0.00118216 0.000682158 1 -0.000769042 -0.00118164 0.000769959 0.999999 -0.00511586 -0.0756566 -0.493963
FixedParameters: 0 0 0

#Transform 113
Transform: AffineTransform_float_3_3
Parameters: 0.999999 -0.000716125 0.0013078 0.000718016 0.999999 -0.00087191 -0.00130747 0.00087309 0.999999 -0.00819407 -0.0837534 -0.519747
FixedParameters: 0 0 0

#Transform 114
Transform: AffineTransform_float_3_3
Parameters: 0.999999 -0.000599467 0.00116718 0.000599843 1 -0.00016066 -0.00116698 0.00016134 0.999999 -0.0206419 -0.0924494 -0.526816
FixedParameters: 0 0 0

#Transform 115
Transform: AffineTransform_float_3_3
Parameters: 0.999999 -0.000559947 0.00111463 0.000561523 0.999999 -0.00129522 -0.00111371 0.00129578 0.999998 -0.0243541 -0.102398 -0.523956
FixedParameters: 0 0 0

#Transform 116
Transform: AffineTransform_float_3_3
Parameters: 0.999999 -0.000404959 0.001421 0.000406127 1 -0.000872271 -0.00142083 0.000872729 0.999999 -0.0331211 -0.0760301 -0.52362
FixedParameters: 0 0 0

#Transform 117
Transform: AffineTransform_float_3_3
Parameters: 0.999999 -0.000292989 0.00177731 0.00029406 1 -0.000560326 -0.00177659 0.000560674 0.999998 -0.0387717 -0.0631129 -0.490739
FixedParameters: 0 0 0

#Transform 118
Transform: AffineTransform_float_3_3
Parameters: 0.999998 -0.000624209 0.00147825 0.000625441 1 -0.000727924 -0.00147695 0.000729076 0.999999 -0.0264348 -0.062459 -0.477572
FixedParameters: 0 0 0

#Transform 119
Transform: AffineTransform_float_3_3
Parameters: 0.999999 -0.000164537 0.00178072 0.000163995 0.999999 0.000151957 -0.00178077 -0.000152042 0.999998 -0.0435654 -0.0536693 -0.509984
FixedParameters: 0 0 0

#Transform 120
Transform: AffineTransform_float_3_3
Parameters: 0.999999 -0.000631674 0.00144396 0.00063258 1 -0.000312935 -0.00144357 0.000314065 0.999999 -0.0250256 -0.0522711 -0.498036
FixedParameters: 0 0 0

#Transform 121
Transform: AffineTransform_float_3_3
Parameters: 0.999998 -0.000418985 0.00190035 0.000419586 1 -0.000502898 -0.00190045 0.000503103 0.999998 -0.0320398 -0.0494171 -0.496373
FixedParameters: 0 0 0

#Transform 122
Transform: AffineTransform_float_3_3
Parameters: 0.999999 -0.000576869 0.00142033 0.000576004 1 -1.90294e-05 -0.00141992 1.9972e-05 0.999999 -0.0263425 -0.0617653 -0.528716
FixedParameters: 0 0 0

#Transform 123
Transform: AffineTransform_float_3_3
Parameters: 0.999998 -0.000740482 0.00143444 0.000742594 0.999999 -0.000871783 -0.00143407 0.000873216 0.999999 -0.0244688 -0.074593 -0.493985
FixedParameters: 0 0 0

#Transform 124
Transform: AffineTransform_float_3_3
Parameters: 0.999999 -0.000859215 0.00154043 0.000859769 1 -0.000179371 -0.00154012 0.000180629 0.999999 -0.0138516 -0.059694 -0.514172
FixedParameters: 0 0 0

#Transform 125
Transform: AffineTransform_float_3_3
Parameters: 0.999999 -0.000563082 0.00141446 0.000563097 1 -5.05103e-06 -0.00141446 5.9493e-06 0.999999 -0.0227224 -0.0698879 -0.5086
FixedParameters: 0 0 0

#Transform 126
Transform: AffineTransform_float_3_3
Parameters: 0.999999 -0.000544984 0.00132111 0.000545358 1 -0.000141487 -0.00132095 0.000141513 0.999999 -0.0190735 -0.0587108 -0.51849
FixedParameters: 0 0 0

#Transform 127
Transform: AffineTransform_float_3_3
Parameters: 0.999998 -0.000881024 0.00189531 0.000880863 0.999999 0.000389128 -0.00189546 -0.000387872 0.999998 -0.0195262 -0.0709596 -0.535064
FixedParameters: 0 0 0

#Transform 128
Transform: AffineTransform_float_3_3
Parameters: 0.999998 -0.000775519 0.00150482 0.000775932 1 -0.000136528 -0.00150461 0.000137473 0.999999 -0.0173118 -0.064571 -0.527427
FixedParameters: 0 0 0

#Transform 129
Transform: AffineTransform_float_3_3
Parameters: 0.999998 -0.000817222 0.00152315 0.000818915 0.999999 -0.000555448 -0.00152224 0.000556551 0.999999 -0.0127242 -0.0846468 -0.512131
FixedParameters: 0 0 0

#Transform 130
Transform: AffineTransform_float_3_3
Parameters: 0.999998 -0.000772911 0.00150357 0.000773017 1 -3.46853e-05 -0.00150352 3.6315e-05 0.999999 -0.0261649 -0.0761063 -0.522156
FixedParameters: 0 0 0

#Transform 131
Transform: AffineTransform_float_3_3
Parameters: 0.999998 -0.000765547 0.00150045 0.000765653 1 -3.46988e-05 -0.00150039 3.63016e-05 0.999999 -0.00692367 -0.0362108 -0.490933
FixedParameters: 0 0 0

#Transform 132
Transform: AffineTransform_float_3_3
Parameters: 0.999998 -0.000776475 0.0015052 0.000776818 1 -0.000113526 -0.00150502 0.000114474 0.999999 -0.0113756 -0.0366897 -0.479032
FixedParameters: 0 0 0

#Transform 133
Transform: AffineTransform_float_3_3
Parameters: 0.999999 -0.000864182 0.00154218 0.000864007 1 5.7485e-05 -0.00154228 -5.55144e-05 0.999999 -0.0153112 -0.0755141 -0.498756
FixedParameters: 0 0 0

#Transform 134
Transform: AffineTransform_float_3_3
Parameters: 0.999998 -0.00088858 0.00132867 0.000888289 1 0.000109973 -0.00132887 -0.000109026 0.999999 -0.00836556 -0.0456038 -0.482456
FixedParameters: 0 0 0

#Transform 135
Transform: AffineTransform_float_3_3
Parameters: 0.999999 -0.000838817 0.00159206 0.000838246 1 0.000180487 -0.00159236 -0.000178512 0.999999 -0.0110919 -0.0359555 -0.49563
FixedParameters: 0 0 0

#Transform 136
Transform: AffineTransform_float_3_3
Parameters: 0.999998 -0.00104906 0.0016208 0.00104917 0.999999 -3.39945e-05 -0.00162073 3.60059e-05 0.999999 -0.0178357 -0.0406148 -0.463277
FixedParameters: 0 0 0

#Transform 137
Transform: AffineTransform_float_3_3
Parameters: 0.999999 -0.000981723 0.00147489 0.000981827 1 -3.47592e-05 -0.00147482 3.62412e-05 0.999998 -0.00877477 -0.0522292 -0.458727
FixedParameters: 0 0 0

#Transform 138
Transform: AffineTransform_float_3_3
Parameters: 0.999999 -0.000998904 0.00155786 0.000998703 0.999999 0.000190861 -0.00155731 -0.000189139 0.999999 -0.00694686 -0.0476047 -0.48241
FixedParameters: 0 0 0

#Transform 139
Transform: AffineTransform_float_3_3
Parameters: 0.999998 -0.000785802 0.00146699 0.00078469 0.999999 0.000512457 -0.00146688 -0.000511543 0.999999 -0.0155543 -0.0446834 -0.480544
FixedParameters: 0 0 0

#Transform 140
Transform: AffineTransform_float_3_3
Parameters: 0.999999 -0.000955289 0.00153971 0.000955399 1 -3.43766e-05 -0.00153965 3.66238e-05 0.999999 -0.0127066 -0.0450558 -0.485905
FixedParameters: 0 0 0

#Transform 141
Transform: AffineTransform_float_3_3
Parameters: 0.999998 -0.00127872 0.00149621 0.00127678 0.999999 0.000780705 -0.00149728 -0.000778294 0.999999 0.00222174 -0.065392 -0.522359
FixedParameters: 0 0 0

#Transform 142
Transform: AffineTransform_float_3_3
Parameters: 0.999999 -0.00135697 0.00122852 0.00135686 0.999999 0.00020546 -0.00122815 -0.00020354 0.999999 0.00260599 -0.0334987 -0.49127
FixedParameters: 0 0 0

#Transform 143
Transform: AffineTransform_float_3_3
Parameters: 0.999998 -0.00155038 0.0013764 0.00155066 0.999999 -0.000102433 -0.00137608 0.000104567 0.999999 -0.000706767 -0.0738275 -0.51794
FixedParameters: 0 0 0

#Transform 144
Transform: AffineTransform_float_3_3
Parameters: 0.999998 -0.00141938 0.00136385 0.00141896 0.999999 0.000634369 -0.00136512 -0.00063263 0.999998 0.00210947 -0.044536 -0.490726
FixedParameters: 0 0 0

#Transform 145
Transform: AffineTransform_float_3_3
Parameters: 0.999998 -0.00138188 0.00131309 0.00138153 0.999999 0.0001334 -0.00131346 -0.000132599 0.999999 0.00050981 -0.0569422 -0.463028
FixedParameters: 0 0 0

#Transform 146
Transform: AffineTransform_float_3_3
Parameters: 0.999998 -0.00144139 0.00123991 0.00144153 0.999999 0.000471221 -0.00124074 -0.000469779 0.999999 -0.00132301 -0.0498218 -0.47588
FixedParameters: 0 0 0

#Transform 147
Transform: AffineTransform_float_3_3
Parameters: 0.999998 -0.00135283 0.00148 0.00135212 0.999999 0.000681796 -0.00148132 -0.000679204 0.999999 -0.00559714 -0.044354 -0.484489
FixedParameters: 0 0 0

#Transform 148
Transform: AffineTransform_float_3_3
Parameters: 0.999997 -0.0016417 0.00137422 0.00164105 0.999999 0.000239689 -0.001375 -0.000237309 0.999999 0.00437696 -0.0455167 -0.438281
FixedParameters: 0 0 0

#Transform 149
Transform: AffineTransform_float_3_3
Parameters: 0.999998 -0.00170817 0.00150442 0.00170863 0.999998 0.000283004 -0.00150485 -0.000279996 0.999998 -0.00389821 -0.044254 -0.426505
FixedParameters: 0 0 0

#Transform 150
Transform: AffineTransform_float_3_3
Parameters: 0.999998 -0.00167033 0.00160846 0.00167025 0.999998 2.72722e-05 -0.00160855 -2.47269e-05 0.999998 0.000908105 -0.0628852 -0.441249
FixedParameters: 0 0 0

#Transform 151
Transform: AffineTransform_float_3_3
Parameters: 0.999998 -0.00174248 0.00139965 0.00174319 0.999998 -0.000251975 -0.00139877 0.000254024 0.999999 0.00481045 -0.0463993 -0.416601
FixedParameters: 0 0 0

#Transform 152
Transform: AffineTransform_float_3_3
Parameters: 0.999998 -0.00165927 0.00160379 0.00165922 0.999998 1.72467e-05 -0.00160384 -1.47524e-05 0.999998 0.00554296 -0.0610679 -0.42928
FixedParameters: 0 0 0

#Transform 153
Transform: AffineTransform_float_3_3
Parameters: 0.999996 -0.00172796 0.00199528 0.00172377 0.999996 0.00190318 -0.00199894 -0.00189981 0.999996 0.0452968 0.0225057 -0.14932
FixedParameters: 0 0 0

#Transform 154
Transform: AffineTransform_float_3_3
Parameters: 0.999997 -0.00111191 0.00218737 0.00110594 0.999996 0.00265188 -0.00219021 -0.00264911 0.999994 0.00933158 0.0359523 -0.171641
FixedParameters: 0 0 0

#Transform 155
Transform: AffineTransform_float_3_3
Parameters: 0.999999 -0.000878524 0.00156028 0.000874877 0.999997 0.00213367 -0.00156204 -0.00213233 0.999997 0.000951781 0.0250745 -0.173284
FixedParameters: 0 0 0

#Transform 156
Transform: AffineTransform_float_3_3
Parameters: 0.999999 -0.00115884 0.00142105 0.00115572 0.999997 0.00229359 -0.00142345 -0.00229241 0.999997 0.00530056 0.0235726 -0.204978
FixedParameters: 0 0 0

#Transform 157
Transform: AffineTransform_float_3_3
Parameters: 0.999997 -0.00100344 0.00195287 0.000998357 0.999996 0.00264426 -0.00195604 -0.00264174 0.999995 -0.0035916 0.0213947 -0.240198
FixedParameters: 0 0 0

#Transform 158
Transform: AffineTransform_float_3_3
Parameters: 0.999998 -0.00111457 0.00174443 0.00111085 0.999997 0.00219289 -0.00174772 -0.00219111 0.999996 0.00890441 0.021686 -0.24476
FixedParameters: 0 0 0

#Transform 159
Transform: AffineTransform_float_3_3
Parameters: 0.999998 -0.001251 0.0015117 0.00124697 0.999996 0.00245748 -0.00151494 -0.00245652 0.999996 0.000613957 0.0095706 -0.255061
FixedParameters: 0 0 0

#Transform 160
Transform: AffineTransform_float_3_3
Parameters: 0.999998 -0.00107494 0.00176129 0.00107102 0.999997 0.00222784 -0.00176448 -0.00222616 0.999996 -0.00658447 0.0182229 -0.209167
FixedParameters: 0 0 0

#Transform 161
Transform: AffineTransform_float_3_3
Parameters: 0.999997 -0.00106582 0.00187637 0.00106085 0.999997 0.0024771 -0.00187913 -0.00247591 0.999996 -0.00476617 0.0255559 -0.225138
FixedParameters: 0 0 0

#Transform 162
Transform: AffineTransform_float_3_3
Parameters: 0.999997 -0.00142424 0.0016389 0.00141982 0.999996 0.00250428 -0.0016422 -0.00250172 0.999996 0.00747033 0.0336195 -0.179884
FixedParameters: 0 0 0

#Transform 163
Transform: AffineTransform_float_3_3
Parameters: 0.999998 -0.00126754 0.00168126 0.00126365 0.999996 0.00255708 -0.0016843 -0.00255493 0.999996 0.00677024 0.0183191 -0.197938
FixedParameters: 0 0 0

#Transform 164
Transform: AffineTransform_float_3_3
Parameters: 0.999997 -0.00150381 0.00156057 0.00149821 0.999992 0.00355029 -0.00156595 -0.00354771 0.999993 0.00800227 0.0219745 -0.264564
FixedParameters: 0 0 0

#Transform 165
Transform: AffineTransform_float_3_3
Parameters: 0.999998 -0.00140432 0.00148632 0.00140061 0.999995 0.00296288 -0.00149028 -0.00296012 0.999995 0.00864433 0.0318998 -0.238917
FixedParameters: 0 0 0

#Transform 166
Transform: AffineTransform_float_3_3
Parameters: 0.999998 -0.00146947 0.00137702 0.00146561 0.999996 0.00244346 -0.00137998 -0.00244154 0.999996 0.00902 0.0175189 -0.207774
FixedParameters: 0 0 0

#Transform 167
Transform: AffineTransform_float_3_3
Parameters: 0.999998 -0.00147249 0.00123365 0.00146895 0.999996 0.00259661 -0.00123707 -0.00259439 0.999996 0.00602815 0.0127674 -0.251593
FixedParameters: 0 0 0

#Transform 168
Transform: AffineTransform_float_3_3
Parameters: 0.999997 -0.00176074 0.00166504 0.00175567 0.999994 0.00277752 -0.00167006 -0.00277448 0.999995 0.0188119 0.016052 -0.248729
FixedParameters: 0 0 0

#Transform 169
Transform: AffineTransform_float_3_3
Parameters: 0.999997 -0.00147778 0.0016119 0.00147403 0.999997 0.00233981 -0.00161498 -0.00233719 0.999996 0.0139011 0.0287632 -0.263104
FixedParameters: 0 0 0

#Transform 170
Transform: AffineTransform_float_3_3
Parameters: 0.999998 -0.00144985 0.00152741 0.00144531 0.999995 0.0028558 -0.00153094 -0.0028542 0.999995 0.0112205 0.00820102 -0.300738
FixedParameters: 0 0 0

#Transform 171
Transform: AffineTransform_float_3_3
Parameters: 0.999997 -0.00161091 0.001469 0.00160725 0.999995 0.00253595 -0.00147334 -0.00253404 0.999995 0.0134721 0.0321106 -0.266399
FixedParameters: 0 0 0

#Transform 172
Transform: AffineTransform_float_3_3
Parameters: 0.999998 -0.00174247 0.00148212 0.00173814 0.999994 0.00299902 -0.00148689 -0.00299598 0.999994 0.0104745 0.0412874 -0.287763
FixedParameters: 0 0 0

#Transform 173
Transform: AffineTransform_float_3_3
Parameters: 0.999998 -0.00148982 0.00150093 0.0014867 0.999997 0.00230167 -0.00150396 -0.00229933 0.999996 0.0201884 0.00203417 -0.299077
FixedParameters: 0 0 0

#Transform 174
Transform: AffineTransform_float_3_3
Parameters: 0.999998 -0.00189808 0.00137411 0.00189482 0.999996 0.00208968 -0.00137874 -0.00208731 0.999997 0.0260297 -0.0265113 -0.338445
FixedParameters: 0 0 0

#Transform 175
Transform: AffineTransform_float_3_3
Parameters: 0.999997 -0.00171244 0.00129495 0.00170897 0.999995 0.0024468 -0.00129911 -0.00244519 0.999996 0.0180654 0.0230153 -0.288509
FixedParameters: 0 0 0

#Transform 176
Transform: AffineTransform_float_3_3
Parameters: 0.999998 -0.00157194 0.00128531 0.00156905 0.999997 0.00208945 -0.00128858 -0.00208754 0.999997 0.0142396 0.0161866 -0.278372
FixedParameters: 0 0 0

#Transform 177
Transform: AffineTransform_float_3_3
Parameters: 0.999998 -0.00157784 0.00123831 0.00157438 0.999996 0.00239739 -0.00124258 -0.00239561 0.999996 0.014043 0.01614 -0.280388
FixedParameters: 0 0 0

#Transform 178
Transform: AffineTransform_float_3_3
Parameters: 0.999998 -0.00164028 0.00105908 0.00163833 0.999997 0.00208902 -0.00106264 -0.00208698 0.999997 0.0148744 0.00794098 -0.272513
FixedParameters: 0 0 0

#Transform 179
Transform: AffineTransform_float_3_3
Parameters: 0.999998 -0.00175959 0.00140664 0.00175595 0.999996 0.0021727 -0.00141098 -0.0021713 0.999996 0.025413 -0.00444287 -0.308378
FixedParameters: 0 0 0
