# transform file /out/sourcedata/freesurfer/sub-v1s10x0051046_ses-1/mri/transforms/cc_up.lta
# created by oesteban on Thu Mar 12 06:32:45 2026

type      = 0 # LINEAR_VOX_TO_VOX
nxforms   = 1
mean      = 127.0000 120.0000 125.0000
sigma     = 10000.0000
1 4 4
9.915685653686523e-01 9.995656460523605e-02 -8.246592432260513e-02 -7.770557403564453e-01 
-9.961266070604324e-02 9.949918985366821e-01 8.284499868750572e-03 3.832302856445312e+01 
8.288100361824036e-02 0.000000000000000e+00 9.965595006942749e-01 -1.238980174064636e+00 
0.000000000000000e+00 0.000000000000000e+00 0.000000000000000e+00 1.000000000000000e+00 
src volume info
valid = 1  # volume info valid
filename = /out/sourcedata/freesurfer/sub-v1s10x0051046_ses-1/mri/norm.mgz
volume = 256 256 256
voxelsize = 1.000000000000000e+00 1.000000000000000e+00 1.000000000000000e+00
xras   = -1.000000000000000e+00 0.000000000000000e+00 0.000000000000000e+00
yras   = 0.000000000000000e+00 0.000000000000000e+00 -1.000000000000000e+00
zras   = 0.000000000000000e+00 1.000000000000000e+00 0.000000000000000e+00
cras   = -1.090114593505859e+01 1.000000000000000e+00 2.771072387695312e-01
dst volume info
valid = 1  # volume info valid
filename = /out/sourcedata/freesurfer/sub-v1s10x0051046_ses-1/mri/norm.mgz
volume = 256 256 256
voxelsize = 1.000000000000000e+00 1.000000000000000e+00 1.000000000000000e+00
xras   = -1.000000000000000e+00 0.000000000000000e+00 0.000000000000000e+00
yras   = 0.000000000000000e+00 0.000000000000000e+00 -1.000000000000000e+00
zras   = 0.000000000000000e+00 1.000000000000000e+00 0.000000000000000e+00
cras   = -1.090114593505859e+01 1.000000000000000e+00 2.771072387695312e-01
