#Insight Transform File V1.0
#Transform 0
Transform: AffineTransform_float_3_3
Parameters: 1 -0.00117358 0.000137475 0.00117358 1 5.64877e-06 -0.000137488 -5.35076e-06 1 0.00960937 -0.198728 -0.30479
FixedParameters: 0 0 0

#Transform 1
Transform: AffineTransform_float_3_3
Parameters: 0.999999 0.000723049 -4.66583e-05 -0.000723362 1 0.000831522 4.69405e-05 -0.000831479 0.999999 -0.0241159 0.0161909 -0.0124462
FixedParameters: 0 0 0

#Transform 2
Transform: AffineTransform_float_3_3
Parameters: 1 0.000656879 0.000107253 -0.000656107 0.999999 0.000693929 -0.000106733 -0.00069407 1 -0.0105051 0.0955547 -0.0892174
FixedParameters: 0 0 0

#Transform 3
Transform: AffineTransform_float_3_3
Parameters: 1 0.000521724 0.000393814 -0.000521673 1 0.0011058 -0.000393051 -0.00110621 1 -0.0146496 0.0963539 -0.10319
FixedParameters: 0 0 0

#Transform 4
Transform: AffineTransform_float_3_3
Parameters: 1 0.00047798 0.000259 -0.000478244 1 0.000509876 -0.000258513 -0.000510124 1 -9.6278e-05 0.0994775 -0.0907683
FixedParameters: 0 0 0

#Transform 5
Transform: AffineTransform_float_3_3
Parameters: 0.999999 0.000856322 0.000402184 -0.000856815 0.999999 0.0012735 -0.000401313 -0.0012735 0.999999 0.00281609 0.0921336 -0.120015
FixedParameters: 0 0 0

#Transform 6
Transform: AffineTransform_float_3_3
Parameters: 0.999999 0.000683838 0.000683337 -0.000683717 0.999999 0.000584893 -0.000682928 -0.000585108 1 0.00702895 0.104536 -0.118063
FixedParameters: 0 0 0

#Transform 7
Transform: AffineTransform_float_3_3
Parameters: 1 0.000945009 0.000646667 -0.000945536 0.999999 0.00081639 -0.000646434 -0.000817612 1 -0.00139489 0.106129 -0.112809
FixedParameters: 0 0 0

#Transform 8
Transform: AffineTransform_float_3_3
Parameters: 0.999999 0.000770954 0.000679066 -0.000771929 0.999999 0.000718683 -0.000677958 -0.000718316 1 0.0241694 0.0963444 -0.13671
FixedParameters: 0 0 0

#Transform 9
Transform: AffineTransform_float_3_3
Parameters: 1 0.000719789 0.000967839 -0.000719852 0.999999 0.000507663 -0.000967499 -0.000508337 1 0.00567052 0.0799181 -0.140698
FixedParameters: 0 0 0

#Transform 10
Transform: AffineTransform_float_3_3
Parameters: 0.999999 0.00091254 0.00113723 -0.000913282 0.999999 0.000962963 -0.00113717 -0.000965039 0.999999 0.00839978 0.0942007 -0.132468
FixedParameters: 0 0 0

#Transform 11
Transform: AffineTransform_float_3_3
Parameters: 0.999999 0.000827436 0.000935316 -0.000828167 0.999999 0.000673586 -0.000935511 -0.000674415 1 0.0248278 0.101895 -0.1239
FixedParameters: 0 0 0

#Transform 12
Transform: AffineTransform_float_3_3
Parameters: 0.999999 0.000908411 0.00112697 -0.000908814 0.999999 0.000821336 -0.00112718 -0.000822665 0.999999 0.0200235 0.0848662 -0.132345
FixedParameters: 0 0 0

#Transform 13
Transform: AffineTransform_float_3_3
Parameters: 0.999998 0.000990649 0.0013213 -0.000991075 0.999999 0.000858258 -0.00132038 -0.000858743 0.999999 0.00909473 0.0994134 -0.149677
FixedParameters: 0 0 0

#Transform 14
Transform: AffineTransform_float_3_3
Parameters: 1 0.000766998 0.000792568 -0.000767087 0.999999 0.000636752 -0.000791982 -0.000637248 1 0.0248988 0.112422 -0.138523
FixedParameters: 0 0 0

#Transform 15
Transform: AffineTransform_float_3_3
Parameters: 1 0.000635922 0.00100029 -0.000636604 0.999999 0.00126136 -0.000999465 -0.00126264 0.999998 0.0279564 0.12099 -0.155286
FixedParameters: 0 0 0

#Transform 16
Transform: AffineTransform_float_3_3
Parameters: 1 0.000781299 0.000825473 -0.000780919 0.999999 0.000326715 -0.000825353 -0.000327286 1 0.0112408 0.083668 -0.206688
FixedParameters: 0 0 0

#Transform 17
Transform: AffineTransform_float_3_3
Parameters: 1 0.000681166 0.000898243 -0.000681092 1 -4.12521e-05 -0.000898299 4.07477e-05 1 0.0209018 0.0910613 -0.176112
FixedParameters: 0 0 0

#Transform 18
Transform: AffineTransform_float_3_3
Parameters: 0.999999 0.000699471 0.000633313 -0.000699421 1 0.000687765 -0.000632742 -0.000687236 1 0.00271196 0.085275 -0.187133
FixedParameters: 0 0 0

#Transform 19
Transform: AffineTransform_float_3_3
Parameters: 1 0.000780859 0.000824601 -0.000780579 1 0.000388564 -0.000824385 -0.000388437 1 0.0210184 0.101441 -0.164738
FixedParameters: 0 0 0

#Transform 20
Transform: AffineTransform_float_3_3
Parameters: 1 0.000392925 0.000941295 -0.000394041 1 0.00108163 -0.000940834 -0.00108237 0.999999 0.0310604 0.101428 -0.165643
FixedParameters: 0 0 0

#Transform 21
Transform: AffineTransform_float_3_3
Parameters: 1 0.000809449 0.000892999 -0.000809816 0.999999 0.000721484 -0.000892221 -0.000721516 0.999999 0.0175624 0.0860715 -0.200513
FixedParameters: 0 0 0

#Transform 22
Transform: AffineTransform_float_3_3
Parameters: 0.999999 0.000582081 0.000799204 -0.000581933 1 0.000482895 -0.000799032 -0.000483106 1 0.0149744 0.104328 -0.158471
FixedParameters: 0 0 0

#Transform 23
Transform: AffineTransform_float_3_3
Parameters: 0.999999 0.000341289 0.000878447 -0.000342379 1 0.0011447 -0.000878055 -0.0011453 0.999999 0.031443 0.106181 -0.154454
FixedParameters: 0 0 0

#Transform 24
Transform: AffineTransform_float_3_3
Parameters: 1 0.000405389 0.00107174 -0.00040654 0.999999 0.00139593 -0.00107139 -0.00139608 0.999999 0.031754 0.114484 -0.158591
FixedParameters: 0 0 0

#Transform 25
Transform: AffineTransform_float_3_3
Parameters: 0.999999 0.000303331 0.00125844 -0.000303381 1 0.000385131 -0.00125859 -0.00038587 0.999999 0.0343531 0.120086 -0.161391
FixedParameters: 0 0 0

#Transform 26
Transform: AffineTransform_float_3_3
Parameters: 0.999999 0.000196896 0.000695284 -0.000197721 1 0.000592862 -0.00069505 -0.000593137 0.999999 0.031098 0.0951058 -0.181237
FixedParameters: 0 0 0

#Transform 27
Transform: AffineTransform_float_3_3
Parameters: 1 -0.000349774 0.000521519 0.000350164 0.999999 -0.000747817 -0.000521916 0.000748182 0.999999 0.0458344 0.0696622 -0.231022
FixedParameters: 0 0 0

#Transform 28
Transform: AffineTransform_float_3_3
Parameters: 0.999999 -0.000822721 0.000575079 0.000822604 0.999999 0.000102473 -0.000575247 -0.000101527 1 0.062828 0.0686242 -0.18336
FixedParameters: 0 0 0

#Transform 29
Transform: AffineTransform_float_3_3
Parameters: 0.999999 -0.000427418 0.000762246 0.000427028 1 0.000512325 -0.000761763 -0.000511674 0.999999 0.0515812 0.0866526 -0.177192
FixedParameters: 0 0 0

#Transform 30
Transform: AffineTransform_float_3_3
Parameters: 1 0.000113439 0.00114442 -0.000113669 0.999999 0.000673383 -0.00114374 -0.000673618 0.999999 0.0339978 0.119983 -0.11237
FixedParameters: 0 0 0

#Transform 31
Transform: AffineTransform_float_3_3
Parameters: 1 9.82613e-05 0.0010898 -9.9813e-05 0.999999 0.00131389 -0.00108901 -0.00131411 0.999998 0.0311456 0.110674 -0.129184
FixedParameters: 0 0 0

#Transform 32
Transform: AffineTransform_float_3_3
Parameters: 1 0.000101589 0.00119929 -0.000102554 1 0.000949031 -0.00119856 -0.00094997 0.999999 0.0346049 0.119725 -0.130868
FixedParameters: 0 0 0

#Transform 33
Transform: AffineTransform_float_3_3
Parameters: 1 -6.76476e-05 0.00104609 6.67091e-05 0.999999 0.00107522 -0.0010457 -0.00107578 0.999999 0.0327657 0.108887 -0.122469
FixedParameters: 0 0 0

#Transform 34
Transform: AffineTransform_float_3_3
Parameters: 1 -7.68365e-05 0.00100965 7.53878e-05 0.999999 0.00136708 -0.00100933 -0.00136692 0.999998 0.0335265 0.120106 -0.13037
FixedParameters: 0 0 0

#Transform 35
Transform: AffineTransform_float_3_3
Parameters: 0.999999 1.24844e-05 0.00146165 -1.46761e-05 0.999999 0.00119849 -0.00146108 -0.00119851 0.999999 0.0521875 0.104868 -0.119619
FixedParameters: 0 0 0

#Transform 36
Transform: AffineTransform_float_3_3
Parameters: 0.999999 -4.25494e-05 0.00134031 4.06677e-05 0.999998 0.00153457 -0.0013403 -0.00153443 0.999998 0.0438276 0.102895 -0.140102
FixedParameters: 0 0 0

#Transform 37
Transform: AffineTransform_float_3_3
Parameters: 0.999999 -9.55196e-05 0.00134634 9.33109e-05 0.999999 0.00164913 -0.00134651 -0.00164887 0.999997 0.0332652 0.112169 -0.149284
FixedParameters: 0 0 0

#Transform 38
Transform: AffineTransform_float_3_3
Parameters: 0.999999 -0.000229095 0.0013988 0.000227047 0.999999 0.00120047 -0.00139882 -0.00120053 0.999998 0.0434586 0.107569 -0.128905
FixedParameters: 0 0 0

#Transform 39
Transform: AffineTransform_float_3_3
Parameters: 0.999999 -0.000116764 0.00128719 0.000114464 0.999999 0.0012503 -0.00128787 -0.0012507 0.999998 0.0449315 0.110791 -0.127071
FixedParameters: 0 0 0

#Transform 40
Transform: AffineTransform_float_3_3
Parameters: 0.999999 -0.000153889 0.0013211 0.000151892 0.999999 0.00160056 -0.00132145 -0.00159944 0.999998 0.0423823 0.114848 -0.155714
FixedParameters: 0 0 0

#Transform 41
Transform: AffineTransform_float_3_3
Parameters: 0.999999 -0.000427097 0.00144136 0.00042602 0.999999 0.00114777 -0.0014422 -0.00114723 0.999998 0.0456229 0.105842 -0.151824
FixedParameters: 0 0 0

#Transform 42
Transform: AffineTransform_float_3_3
Parameters: 0.999999 -0.000330698 0.00136226 0.000328849 0.999998 0.00149796 -0.0013631 -0.00149704 0.999998 0.0391725 0.112946 -0.148691
FixedParameters: 0 0 0

#Transform 43
Transform: AffineTransform_float_3_3
Parameters: 0.999999 -0.000220168 0.00145358 0.000218627 0.999999 0.00129783 -0.00145401 -0.00129717 0.999998 0.0592505 0.113645 -0.146811
FixedParameters: 0 0 0

#Transform 44
Transform: AffineTransform_float_3_3
Parameters: 0.999998 -0.000254067 0.00156517 0.000251023 0.999998 0.00181091 -0.00156502 -0.00181009 0.999997 0.0603327 0.116041 -0.145193
FixedParameters: 0 0 0

#Transform 45
Transform: AffineTransform_float_3_3
Parameters: 0.999998 -0.000215303 0.00161154 0.000211324 0.999998 0.00204885 -0.00161136 -0.00204814 0.999996 0.0599539 0.10599 -0.164522
FixedParameters: 0 0 0

#Transform 46
Transform: AffineTransform_float_3_3
Parameters: 0.999999 3.45301e-05 0.00151378 -3.71744e-05 0.999998 0.00191446 -0.00151389 -0.00191454 0.999997 0.0557753 0.116343 -0.167383
FixedParameters: 0 0 0

#Transform 47
Transform: AffineTransform_float_3_3
Parameters: 0.999999 5.3105e-05 0.00142036 -5.44384e-05 0.999999 0.00157928 -0.00142045 -0.00157872 0.999997 0.0549985 0.114691 -0.143384
FixedParameters: 0 0 0

#Transform 48
Transform: AffineTransform_float_3_3
Parameters: 0.999998 -0.000338508 0.00159173 0.000337073 0.999999 0.00115205 -0.00159236 -0.00115095 0.999998 0.0813587 0.109442 -0.120958
FixedParameters: 0 0 0

#Transform 49
Transform: AffineTransform_float_3_3
Parameters: 0.999999 -0.000431806 0.0013257 0.00043154 1 0.000447725 -0.00132647 -0.000447275 0.999999 0.061865 0.105255 -0.0646644
FixedParameters: 0 0 0

#Transform 50
Transform: AffineTransform_float_3_3
Parameters: 1 -9.37317e-05 0.00101622 9.2941e-05 1 0.000389094 -0.00101629 -0.000388905 0.999999 0.0318561 0.0745249 -0.0276961
FixedParameters: 0 0 0

#Transform 51
Transform: AffineTransform_float_3_3
Parameters: 1 -0.00034933 0.00101504 0.000348908 0.999999 0.000207507 -0.00101518 -0.000207493 0.999999 0.0457145 0.1 -0.056715
FixedParameters: 0 0 0

#Transform 52
Transform: AffineTransform_float_3_3
Parameters: 1 -0.000198982 0.00110725 0.000198413 1 0.000849221 -0.00110705 -0.000848781 0.999999 0.0433859 0.116279 -0.0529203
FixedParameters: 0 0 0

#Transform 53
Transform: AffineTransform_float_3_3
Parameters: 0.999999 -0.000496033 0.00119826 0.000494321 1 0.000877746 -0.00119821 -0.000877254 0.999999 0.0621114 0.109345 -0.0680652
FixedParameters: 0 0 0

#Transform 54
Transform: AffineTransform_float_3_3
Parameters: 0.999998 -0.000453666 0.00166784 0.000451836 1 0.000941907 -0.00166816 -0.000941091 0.999998 0.0640291 0.127803 -0.102557
FixedParameters: 0 0 0

#Transform 55
Transform: AffineTransform_float_3_3
Parameters: 0.999998 -0.000398993 0.00154209 0.000397176 0.999999 0.00144013 -0.00154218 -0.00143887 0.999998 0.0545069 0.120899 -0.105763
FixedParameters: 0 0 0

#Transform 56
Transform: AffineTransform_float_3_3
Parameters: 0.999999 -0.000727308 0.0012625 0.00072635 0.999999 0.000899071 -0.00126328 -0.000897929 0.999999 0.0618015 0.111511 -0.0719462
FixedParameters: 0 0 0

#Transform 57
Transform: AffineTransform_float_3_3
Parameters: 0.999998 -0.000625877 0.00147601 0.000624946 1 0.000760076 -0.00147643 -0.000758924 0.999999 0.0447416 0.121422 -0.108452
FixedParameters: 0 0 0

#Transform 58
Transform: AffineTransform_float_3_3
Parameters: 0.999997 -0.000397544 0.00214682 0.000395597 0.999999 0.000973516 -0.00214746 -0.000972483 0.999997 0.067322 0.137387 -0.111143
FixedParameters: 0 0 0

#Transform 59
Transform: AffineTransform_float_3_3
Parameters: 0.999998 6.73759e-05 0.00197058 -6.93117e-05 1 0.00105738 -0.00197029 -0.00105762 0.999997 0.0662553 0.121263 -0.117819
FixedParameters: 0 0 0

#Transform 60
Transform: AffineTransform_float_3_3
Parameters: 0.999998 -0.000367432 0.00204556 0.000364212 0.999999 0.00142805 -0.00204554 -0.00142795 0.999996 0.0815272 0.11356 -0.137166
FixedParameters: 0 0 0

#Transform 61
Transform: AffineTransform_float_3_3
Parameters: 0.999997 -0.000262895 0.00238698 0.000259976 0.999999 0.00127144 -0.0023879 -0.00127156 0.999997 0.0658288 0.116434 -0.130761
FixedParameters: 0 0 0

#Transform 62
Transform: AffineTransform_float_3_3
Parameters: 0.999998 -0.000286105 0.00200232 0.000282945 0.999999 0.00157624 -0.00200347 -0.00157577 0.999997 0.0638967 0.117901 -0.148276
FixedParameters: 0 0 0

#Transform 63
Transform: AffineTransform_float_3_3
Parameters: 0.999997 -6.22549e-05 0.00234552 5.93129e-05 0.999999 0.00129917 -0.00234593 -0.00129883 0.999996 0.0728497 0.126574 -0.145715
FixedParameters: 0 0 0

#Transform 64
Transform: AffineTransform_float_3_3
Parameters: 0.999998 -0.000440421 0.00224257 0.000437684 0.999999 0.00140065 -0.00224313 -0.00139935 0.999997 0.0719722 0.113623 -0.137941
FixedParameters: 0 0 0

#Transform 65
Transform: AffineTransform_float_3_3
Parameters: 0.999998 -0.000346632 0.00231211 0.000342082 0.999998 0.00175082 -0.00231264 -0.00174918 0.999996 0.0767367 0.10516 -0.157402
FixedParameters: 0 0 0

#Transform 66
Transform: AffineTransform_float_3_3
Parameters: 0.999997 -0.000580838 0.00204138 0.000578709 0.999999 0.00138949 -0.00204232 -0.00138851 0.999997 0.060831 0.11985 -0.131987
FixedParameters: 0 0 0

#Transform 67
Transform: AffineTransform_float_3_3
Parameters: 0.999997 -0.000420047 0.00217614 0.000416629 0.999999 0.00159958 -0.00217681 -0.00159842 0.999996 0.069947 0.111875 -0.133722
FixedParameters: 0 0 0

#Transform 68
Transform: AffineTransform_float_3_3
Parameters: 0.999997 -0.00020574 0.00240584 0.000202103 0.999999 0.00160252 -0.00240713 -0.00160149 0.999996 0.0518697 0.126995 -0.15695
FixedParameters: 0 0 0

#Transform 69
Transform: AffineTransform_float_3_3
Parameters: 0.999997 -0.000514878 0.00233597 0.000510677 0.999999 0.00137701 -0.00233724 -0.00137598 0.999997 0.0794011 0.123698 -0.1147
FixedParameters: 0 0 0

#Transform 70
Transform: AffineTransform_float_3_3
Parameters: 0.999997 -0.000619563 0.00235058 0.000617499 1 0.000913912 -0.00235157 -0.000913088 0.999997 0.0533834 0.11704 -0.131095
FixedParameters: 0 0 0

#Transform 71
Transform: AffineTransform_float_3_3
Parameters: 0.999997 -0.000511877 0.00240204 0.000507963 0.999999 0.00136104 -0.00240237 -0.00135996 0.999996 0.0708906 0.126202 -0.142991
FixedParameters: 0 0 0

#Transform 72
Transform: AffineTransform_float_3_3
Parameters: 0.999998 -0.000555153 0.00220892 0.000552246 1 0.00116353 -0.00221007 -0.00116247 0.999996 0.0629333 0.131526 -0.132622
FixedParameters: 0 0 0

#Transform 73
Transform: AffineTransform_float_3_3
Parameters: 0.999998 -0.000394268 0.00220617 0.000391932 0.999999 0.00103553 -0.00220684 -0.00103447 0.999997 0.0548661 0.133069 -0.118443
FixedParameters: 0 0 0

#Transform 74
Transform: AffineTransform_float_3_3
Parameters: 0.999997 -0.000912642 0.0019931 0.000910718 0.999999 0.000581274 -0.00199324 -0.000579724 0.999998 0.0789325 0.126014 -0.110796
FixedParameters: 0 0 0

#Transform 75
Transform: AffineTransform_float_3_3
Parameters: 0.999999 -0.00103429 0.00149309 0.00103378 0.999999 0.000480849 -0.00149447 -0.00047915 0.999999 0.0604485 0.126755 -0.108926
FixedParameters: 0 0 0

#Transform 76
Transform: AffineTransform_float_3_3
Parameters: 0.999998 -0.00094341 0.00177698 0.000942663 0.999999 0.000579981 -0.00177754 -0.000578018 0.999998 0.0615452 0.149286 -0.117369
FixedParameters: 0 0 0

#Transform 77
Transform: AffineTransform_float_3_3
Parameters: 0.999998 -0.000597974 0.00183898 0.000596803 0.999999 0.000675404 -0.00183926 -0.000674596 0.999998 0.0603799 0.15513 -0.10103
FixedParameters: 0 0 0

#Transform 78
Transform: AffineTransform_float_3_3
Parameters: 0.999998 -0.000868904 0.00175914 0.000869325 1 0.000142835 -0.00175978 -0.000141166 0.999999 0.049815 0.148344 -0.107447
FixedParameters: 0 0 0

#Transform 79
Transform: AffineTransform_float_3_3
Parameters: 0.999997 -0.00105364 0.00213752 0.00105382 1 4.91981e-05 -0.0021367 -4.68029e-05 0.999997 0.0621111 0.153749 -0.103173
FixedParameters: 0 0 0

#Transform 80
Transform: AffineTransform_float_3_3
Parameters: 0.999998 -0.000978613 0.00206327 0.000977203 0.999999 0.000660116 -0.00206403 -0.000658883 0.999998 0.0714817 0.142262 -0.0975248
FixedParameters: 0 0 0

#Transform 81
Transform: AffineTransform_float_3_3
Parameters: 0.999997 -0.00109816 0.00217669 0.00109846 1 0.00023349 -0.00217667 -0.000231512 0.999997 0.0779848 0.141046 -0.122157
FixedParameters: 0 0 0

#Transform 82
Transform: AffineTransform_float_3_3
Parameters: 0.999997 -0.00134869 0.00208664 0.00135061 0.999998 -0.000867086 -0.00208574 0.000869914 0.999997 0.0713377 0.130052 -0.138234
FixedParameters: 0 0 0

#Transform 83
Transform: AffineTransform_float_3_3
Parameters: 0.999998 -0.00121736 0.00191808 0.00121724 1 3.12802e-05 -0.00191816 -2.8719e-05 0.999998 0.070313 0.140245 -0.125497
FixedParameters: 0 0 0

#Transform 84
Transform: AffineTransform_float_3_3
Parameters: 0.999997 -0.00109909 0.00220614 0.00109984 1 -0.000167476 -0.00220577 0.000169523 0.999997 0.0759433 0.147317 -0.117597
FixedParameters: 0 0 0

#Transform 85
Transform: AffineTransform_float_3_3
Parameters: 0.999997 -0.00106726 0.00224797 0.00106788 1 -0.000135502 -0.00224768 0.000137498 0.999997 0.0702221 0.145344 -0.134005
FixedParameters: 0 0 0

#Transform 86
Transform: AffineTransform_float_3_3
Parameters: 0.999997 -0.00111178 0.00223775 0.0011135 0.999999 -0.000762053 -0.0022375 0.000764949 0.999997 0.0725913 0.156634 -0.129164
FixedParameters: 0 0 0

#Transform 87
Transform: AffineTransform_float_3_3
Parameters: 0.999998 -0.00110847 0.00205667 0.0011086 1 -2.9622e-05 -0.0020566 3.13784e-05 0.999998 0.0672175 0.151818 -0.122291
FixedParameters: 0 0 0

#Transform 88
Transform: AffineTransform_float_3_3
Parameters: 0.999996 -0.0014421 0.00212252 0.00144141 0.999999 -0.000142843 -0.00212263 0.00014616 0.999998 0.0811754 0.156586 -0.118271
FixedParameters: 0 0 0

#Transform 89
Transform: AffineTransform_float_3_3
Parameters: 0.999998 -0.00115663 0.00195402 0.0011561 0.999999 0.000136357 -0.00195434 -0.000134641 0.999998 0.0778486 0.165292 -0.135532
FixedParameters: 0 0 0

#Transform 90
Transform: AffineTransform_float_3_3
Parameters: 0.999997 -0.000987684 0.00218094 0.000988114 1 0.000203101 -0.00218081 -0.000200901 0.999997 0.0621061 0.157074 -0.152355
FixedParameters: 0 0 0

#Transform 91
Transform: AffineTransform_float_3_3
Parameters: 0.999997 -0.00115375 0.00221766 0.00115464 0.999999 -0.000288342 -0.00221791 0.000290658 0.999997 0.0628338 0.163748 -0.128649
FixedParameters: 0 0 0

#Transform 92
Transform: AffineTransform_float_3_3
Parameters: 0.999998 -0.00105348 0.00200027 0.00105395 1 0.000210207 -0.00200019 -0.000208795 0.999998 0.059885 0.151385 -0.128508
FixedParameters: 0 0 0

#Transform 93
Transform: AffineTransform_float_3_3
Parameters: 0.999997 -0.00114046 0.00241133 0.00114013 1 -9.79313e-06 -0.00241222 1.32094e-05 0.999997 0.0798884 0.161126 -0.140116
FixedParameters: 0 0 0

#Transform 94
Transform: AffineTransform_float_3_3
Parameters: 0.999996 -0.00129547 0.00223811 0.0012955 0.999999 -4.00254e-06 -0.0022381 6.99811e-06 0.999997 0.0765482 0.149585 -0.134635
FixedParameters: 0 0 0

#Transform 95
Transform: AffineTransform_float_3_3
Parameters: 0.999996 -0.00108485 0.0023651 0.0010842 0.999999 0.000415176 -0.00236547 -0.000412824 0.999998 0.0695123 0.144912 -0.144348
FixedParameters: 0 0 0

#Transform 96
Transform: AffineTransform_float_3_3
Parameters: 0.999997 -0.00119276 0.00233537 0.001193 0.999999 -0.000329964 -0.00233511 0.000332038 0.999997 0.0710811 0.149485 -0.134728
FixedParameters: 0 0 0

#Transform 97
Transform: AffineTransform_float_3_3
Parameters: 0.999996 -0.00142081 0.00236259 0.0014192 0.999999 0.000618246 -0.00236382 -0.000615752 0.999997 0.0742713 0.146649 -0.141456
FixedParameters: 0 0 0

#Transform 98
Transform: AffineTransform_float_3_3
Parameters: 0.999997 -0.000966173 0.00235056 0.000965369 0.999999 0.000450881 -0.0023509 -0.000449119 0.999998 0.0839395 0.144919 -0.143875
FixedParameters: 0 0 0

#Transform 99
Transform: AffineTransform_float_3_3
Parameters: 0.999997 -0.00129861 0.00237322 0.00129711 0.999999 0.000400538 -0.00237334 -0.000396461 0.999997 0.0889651 0.148396 -0.137284
FixedParameters: 0 0 0

#Transform 100
Transform: AffineTransform_float_3_3
Parameters: 0.999996 -0.00093628 0.00242062 0.00093587 1 0.000356725 -0.00242075 -0.000354277 0.999997 0.0761681 0.141359 -0.152514
FixedParameters: 0 0 0

#Transform 101
Transform: AffineTransform_float_3_3
Parameters: 0.999996 -0.00135128 0.00251215 0.00135044 1 0.000246644 -0.00251189 -0.000243356 0.999997 0.090575 0.144346 -0.147103
FixedParameters: 0 0 0

#Transform 102
Transform: AffineTransform_float_3_3
Parameters: 0.999997 -0.00145442 0.00222925 0.0014536 0.999999 0.000566981 -0.00222945 -0.00056402 0.999997 0.0807562 0.152936 -0.126735
FixedParameters: 0 0 0

#Transform 103
Transform: AffineTransform_float_3_3
Parameters: 0.999995 -0.00133407 0.0026831 0.00133299 1 0.000202828 -0.00268363 -0.000199169 0.999996 0.0823748 0.138136 -0.145565
FixedParameters: 0 0 0

#Transform 104
Transform: AffineTransform_float_3_3
Parameters: 0.999995 -0.00142179 0.00282544 0.00142248 0.999999 -0.000119578 -0.00282509 0.000123421 0.999996 0.0797344 0.151656 -0.13132
FixedParameters: 0 0 0

#Transform 105
Transform: AffineTransform_float_3_3
Parameters: 0.999996 -0.00152484 0.00236021 0.00152407 0.999999 0.00052549 -0.00236036 -0.000522511 0.999997 0.08913 0.161828 -0.106138
FixedParameters: 0 0 0

#Transform 106
Transform: AffineTransform_float_3_3
Parameters: 0.999995 -0.001604 0.00248241 0.00160305 0.999999 0.000272231 -0.00248236 -0.000267768 0.999997 0.0941123 0.159993 -0.123035
FixedParameters: 0 0 0

#Transform 107
Transform: AffineTransform_float_3_3
Parameters: 0.999996 -0.00150779 0.00241388 0.00150747 0.999999 6.75301e-05 -0.00241408 -6.44686e-05 0.999997 0.0676851 0.160301 -0.110049
FixedParameters: 0 0 0

#Transform 108
Transform: AffineTransform_float_3_3
Parameters: 0.999997 -0.00160658 0.00213817 0.00160597 0.999999 0.000236173 -0.00213801 -0.000232827 0.999998 0.087999 0.144507 -0.0998506
FixedParameters: 0 0 0

#Transform 109
Transform: AffineTransform_float_3_3
Parameters: 0.999996 -0.00164552 0.00227591 0.00164558 0.999999 -1.15166e-05 -0.00227587 1.54841e-05 0.999997 0.0884555 0.143345 -0.0964436
FixedParameters: 0 0 0

#Transform 110
Transform: AffineTransform_float_3_3
Parameters: 0.999996 -0.00151827 0.00242424 0.00151794 0.999999 -0.00012143 -0.00242347 0.000124572 0.999997 0.0842407 0.144388 -0.0903291
FixedParameters: 0 0 0

#Transform 111
Transform: AffineTransform_float_3_3
Parameters: 0.999996 -0.00153353 0.00235945 0.00153362 0.999999 -0.000294492 -0.00235908 0.000297511 0.999997 0.0741878 0.124997 -0.077186
FixedParameters: 0 0 0

#Transform 112
Transform: AffineTransform_float_3_3
Parameters: 0.999997 -0.00175742 0.00200138 0.0017571 0.999998 -0.000246746 -0.00200103 0.000250257 0.999998 0.0962013 0.130722 -0.0798491
FixedParameters: 0 0 0

#Transform 113
Transform: AffineTransform_float_3_3
Parameters: 0.999996 -0.00164463 0.00226914 0.00164341 0.999999 0.000358469 -0.00226939 -0.00035453 0.999997 0.0959243 0.139329 -0.102318
FixedParameters: 0 0 0

#Transform 114
Transform: AffineTransform_float_3_3
Parameters: 0.999995 -0.00164933 0.00275193 0.00165046 0.999998 -0.000274056 -0.00275193 0.000278944 0.999996 0.0854455 0.134602 -0.115053
FixedParameters: 0 0 0

#Transform 115
Transform: AffineTransform_float_3_3
Parameters: 0.999997 -0.00168335 0.00211622 0.00168333 0.999999 0.000316302 -0.00211675 -0.000312699 0.999998 0.0802692 0.143664 -0.0922415
FixedParameters: 0 0 0

#Transform 116
Transform: AffineTransform_float_3_3
Parameters: 0.999996 -0.00170853 0.00234163 0.00170686 0.999998 0.000441889 -0.00234221 -0.000438108 0.999997 0.079264 0.142643 -0.0946656
FixedParameters: 0 0 0

#Transform 117
Transform: AffineTransform_float_3_3
Parameters: 0.999995 -0.00163528 0.00268095 0.00163421 0.999998 0.000444787 -0.00268186 -0.000440212 0.999997 0.0721439 0.138682 -0.104347
FixedParameters: 0 0 0

#Transform 118
Transform: AffineTransform_float_3_3
Parameters: 0.999993 -0.00212903 0.00283119 0.0021271 0.999998 0.00057471 -0.00283309 -0.000568287 0.999996 0.0861871 0.143739 -0.0946166
FixedParameters: 0 0 0

#Transform 119
Transform: AffineTransform_float_3_3
Parameters: 0.999996 -0.00197753 0.00233438 0.00197735 0.999998 0.000321149 -0.00233512 -0.000316852 0.999997 0.0781177 0.142373 -0.0964747
FixedParameters: 0 0 0

#Transform 120
Transform: AffineTransform_float_3_3
Parameters: 0.999995 -0.00143534 0.00278839 0.00143309 0.999998 0.000875403 -0.00278984 -0.000871595 0.999995 0.0726274 0.129385 -0.132423
FixedParameters: 0 0 0

#Transform 121
Transform: AffineTransform_float_3_3
Parameters: 0.999993 -0.00188695 0.00325501 0.00188601 0.999998 0.000348491 -0.00325578 -0.000342509 0.999995 0.0965564 0.144847 -0.0917528
FixedParameters: 0 0 0

#Transform 122
Transform: AffineTransform_float_3_3
Parameters: 0.999995 -0.00200941 0.00248294 0.00200834 0.999998 0.00056252 -0.00248374 -0.00055748 0.999996 0.0910467 0.144186 -0.111741
FixedParameters: 0 0 0

#Transform 123
Transform: AffineTransform_float_3_3
Parameters: 0.999995 -0.00176382 0.0026847 0.00176332 0.999999 0.00033878 -0.00268536 -0.000334221 0.999997 0.0994708 0.150289 -0.128066
FixedParameters: 0 0 0

#Transform 124
Transform: AffineTransform_float_3_3
Parameters: 0.999994 -0.00185202 0.00293111 0.00185016 0.999998 0.000542622 -0.00293258 -0.000537375 0.999996 0.0953378 0.154415 -0.119883
FixedParameters: 0 0 0

#Transform 125
Transform: AffineTransform_float_3_3
Parameters: 0.999994 -0.00188905 0.0026455 0.00188861 0.999999 0.000333889 -0.00264622 -0.000328111 0.999997 0.0799855 0.146643 -0.134631
FixedParameters: 0 0 0

#Transform 126
Transform: AffineTransform_float_3_3
Parameters: 0.999994 -0.00209812 0.00296589 0.00209932 0.999998 -0.00042094 -0.00296464 0.000427061 0.999996 0.11084 0.138662 -0.118963
FixedParameters: 0 0 0

#Transform 127
Transform: AffineTransform_float_3_3
Parameters: 0.999995 -0.00157915 0.00267214 0.00157683 0.999999 0.000927109 -0.002674 -0.00092289 0.999996 0.0845902 0.153898 -0.108614
FixedParameters: 0 0 0

#Transform 128
Transform: AffineTransform_float_3_3
Parameters: 0.999994 -0.00199769 0.00262345 0.00199635 0.999998 0.000582284 -0.00262432 -0.000576716 0.999997 0.0932185 0.152094 -0.13239
FixedParameters: 0 0 0

#Transform 129
Transform: AffineTransform_float_3_3
Parameters: 0.999995 -0.00196942 0.00267927 0.00196841 0.999998 0.00043496 -0.00268044 -0.000430038 0.999996 0.103436 0.158413 -0.111027
FixedParameters: 0 0 0

#Transform 130
Transform: AffineTransform_float_3_3
Parameters: 0.999994 -0.00192611 0.00267516 0.00192384 0.999998 0.000745042 -0.00267657 -0.000738957 0.999996 0.102913 0.156144 -0.111408
FixedParameters: 0 0 0

#Transform 131
Transform: AffineTransform_float_3_3
Parameters: 0.999995 -0.0019603 0.00243552 0.00195838 0.999998 0.000744304 -0.00243697 -0.000739694 0.999996 0.0895784 0.148096 -0.0984883
FixedParameters: 0 0 0

#Transform 132
Transform: AffineTransform_float_3_3
Parameters: 0.999994 -0.00194878 0.00268178 0.0019464 0.999998 0.00100776 -0.00268372 -0.00100224 0.999996 0.0908264 0.160838 -0.0934353
FixedParameters: 0 0 0

#Transform 133
Transform: AffineTransform_float_3_3
Parameters: 0.999995 -0.00192033 0.00254953 0.00191931 0.999998 0.00053658 -0.00255013 -0.000532421 0.999996 0.0915603 0.155651 -0.0983587
FixedParameters: 0 0 0

#Transform 134
Transform: AffineTransform_float_3_3
Parameters: 0.999994 -0.00197203 0.00280998 0.00196999 0.999998 0.000667583 -0.00281115 -0.000661415 0.999996 0.100667 0.155269 -0.108515
FixedParameters: 0 0 0

#Transform 135
Transform: AffineTransform_float_3_3
Parameters: 0.999993 -0.00221286 0.0028249 0.00221129 0.999997 0.000418086 -0.00282489 -0.000411914 0.999996 0.104262 0.146669 -0.0988451
FixedParameters: 0 0 0

#Transform 136
Transform: AffineTransform_float_3_3
Parameters: 0.999994 -0.0019034 0.00267983 0.00190142 0.999998 0.000690143 -0.00268099 -0.000684856 0.999996 0.0843565 0.15232 -0.106584
FixedParameters: 0 0 0

#Transform 137
Transform: AffineTransform_float_3_3
Parameters: 0.999995 -0.001893 0.00279989 0.00189138 0.999998 0.000830344 -0.00280104 -0.000824658 0.999996 0.099454 0.158293 -0.103898
FixedParameters: 0 0 0

#Transform 138
Transform: AffineTransform_float_3_3
Parameters: 0.999994 -0.00209588 0.00266842 0.00209464 0.999998 0.000554277 -0.00266928 -0.000548724 0.999997 0.101649 0.15182 -0.10492
FixedParameters: 0 0 0

#Transform 139
Transform: AffineTransform_float_3_3
Parameters: 0.999994 -0.0019886 0.00290698 0.00198745 0.999998 0.000717619 -0.00290784 -0.000712385 0.999996 0.10139 0.165076 -0.111842
FixedParameters: 0 0 0

#Transform 140
Transform: AffineTransform_float_3_3
Parameters: 0.999992 -0.00235535 0.00325724 0.00235267 0.999997 0.00087666 -0.00325937 -0.00086834 0.999995 0.108861 0.154373 -0.0941518
FixedParameters: 0 0 0

#Transform 141
Transform: AffineTransform_float_3_3
Parameters: 0.999994 -0.00206601 0.00269755 0.00206327 0.999997 0.00106926 -0.00269997 -0.00106374 0.999996 0.101379 0.140773 -0.095091
FixedParameters: 0 0 0

#Transform 142
Transform: AffineTransform_float_3_3
Parameters: 0.999993 -0.00215074 0.00281621 0.00214874 0.999998 0.000660739 -0.00281759 -0.000654259 0.999996 0.10327 0.147973 -0.0913487
FixedParameters: 0 0 0

#Transform 143
Transform: AffineTransform_float_3_3
Parameters: 0.999993 -0.00217637 0.002802 0.00217423 0.999998 0.00068878 -0.00280353 -0.000682218 0.999996 0.101211 0.133778 -0.098722
FixedParameters: 0 0 0

#Transform 144
Transform: AffineTransform_float_3_3
Parameters: 0.999994 -0.00226871 0.00269145 0.00226705 0.999997 0.000626429 -0.00269283 -0.000620569 0.999996 0.111331 0.148657 -0.105972
FixedParameters: 0 0 0

#Transform 145
Transform: AffineTransform_float_3_3
Parameters: 0.999993 -0.00233356 0.00299522 0.00233272 0.999997 0.000209825 -0.00299526 -0.000202174 0.999996 0.107105 0.143446 -0.111318
FixedParameters: 0 0 0

#Transform 146
Transform: AffineTransform_float_3_3
Parameters: 0.999992 -0.00244893 0.00295272 0.00244737 0.999997 0.000555707 -0.00295397 -0.000548292 0.999996 0.108569 0.161462 -0.0871021
FixedParameters: 0 0 0

#Transform 147
Transform: AffineTransform_float_3_3
Parameters: 0.999995 -0.00223704 0.00251215 0.00223511 0.999997 0.000540942 -0.00251272 -0.000536057 0.999997 0.102978 0.151869 -0.0826401
FixedParameters: 0 0 0

#Transform 148
Transform: AffineTransform_float_3_3
Parameters: 0.999994 -0.00215796 0.00269833 0.00215594 0.999998 0.000450144 -0.00269934 -0.000444852 0.999996 0.10287 0.15182 -0.0999624
FixedParameters: 0 0 0

#Transform 149
Transform: AffineTransform_float_3_3
Parameters: 0.999993 -0.00207777 0.00305082 0.00207536 0.999997 0.000828326 -0.00305318 -0.000822671 0.999995 0.103626 0.155296 -0.0919327
FixedParameters: 0 0 0

#Transform 150
Transform: AffineTransform_float_3_3
Parameters: 0.999993 -0.00196261 0.0031615 0.00195913 0.999998 0.000884396 -0.00316258 -0.000877602 0.999995 0.102665 0.154335 -0.0937675
FixedParameters: 0 0 0

#Transform 151
Transform: AffineTransform_float_3_3
Parameters: 0.999994 -0.002195 0.00261327 0.00219171 0.999997 0.00103326 -0.00261541 -0.00102673 0.999996 0.098968 0.150729 -0.0882827
FixedParameters: 0 0 0

#Transform 152
Transform: AffineTransform_float_3_3
Parameters: 0.999993 -0.00216836 0.00286578 0.00216731 0.999998 0.00041605 -0.00286704 -0.000409948 0.999996 0.103844 0.152327 -0.0993158
FixedParameters: 0 0 0

#Transform 153
Transform: AffineTransform_float_3_3
Parameters: 0.999993 -0.00229702 0.00273256 0.00229496 0.999997 0.000689959 -0.00273426 -0.000683039 0.999996 0.105068 0.157241 -0.0880098
FixedParameters: 0 0 0

#Transform 154
Transform: AffineTransform_float_3_3
Parameters: 0.999994 -0.00218329 0.00263852 0.0021814 0.999998 0.000435082 -0.00263948 -0.000429915 0.999996 0.102928 0.146921 -0.0878807
FixedParameters: 0 0 0

#Transform 155
Transform: AffineTransform_float_3_3
Parameters: 0.999993 -0.00234784 0.00311716 0.00234582 0.999997 0.000600946 -0.00311851 -0.000594052 0.999995 0.108001 0.155584 -0.0923864
FixedParameters: 0 0 0

#Transform 156
Transform: AffineTransform_float_3_3
Parameters: 0.999993 -0.00251097 0.00275867 0.00250913 0.999996 0.000812891 -0.00276168 -0.000806105 0.999995 0.114956 0.159667 -0.0890023
FixedParameters: 0 0 0

#Transform 157
Transform: AffineTransform_float_3_3
Parameters: 0.999994 -0.00255124 0.00262279 0.00255076 0.999997 0.000169656 -0.00262272 -0.000163344 0.999997 0.108179 0.150777 -0.0958097
FixedParameters: 0 0 0

#Transform 158
Transform: AffineTransform_float_3_3
Parameters: 0.999992 -0.00243747 0.00296311 0.00243461 0.999997 0.000838697 -0.00296481 -0.000831301 0.999995 0.10837 0.150564 -0.0850905
FixedParameters: 0 0 0

#Transform 159
Transform: AffineTransform_float_3_3
Parameters: 0.999992 -0.00259321 0.00311298 0.0025915 0.999996 0.000762343 -0.00311494 -0.000754658 0.999995 0.1115 0.157364 -0.0894374
FixedParameters: 0 0 0

#Transform 160
Transform: AffineTransform_float_3_3
Parameters: 0.999993 -0.00242951 0.0027606 0.00242765 0.999997 0.00064967 -0.00276229 -0.000643328 0.999996 0.1193 0.15538 -0.084317
FixedParameters: 0 0 0

#Transform 161
Transform: AffineTransform_float_3_3
Parameters: 0.999992 -0.00251444 0.00294622 0.00251103 0.999997 0.00100252 -0.00294795 -0.000995477 0.999995 0.109438 0.142449 -0.0977795
FixedParameters: 0 0 0

#Transform 162
Transform: AffineTransform_float_3_3
Parameters: 0.999994 -0.00257846 0.00241033 0.00257735 0.999996 0.000232385 -0.00241152 -0.000225611 0.999997 0.116307 0.158637 -0.0747857
FixedParameters: 0 0 0

#Transform 163
Transform: AffineTransform_float_3_3
Parameters: 0.999993 -0.00268315 0.0025795 0.00268196 0.999996 0.000564886 -0.00258106 -0.000558113 0.999997 0.126633 0.158711 -0.0861044
FixedParameters: 0 0 0

#Transform 164
Transform: AffineTransform_float_3_3
Parameters: 0.999992 -0.00265971 0.00275655 0.00265883 0.999996 0.000233448 -0.00275686 -0.000226551 0.999996 0.124603 0.153594 -0.0730835
FixedParameters: 0 0 0

#Transform 165
Transform: AffineTransform_float_3_3
Parameters: 0.999994 -0.00236579 0.00279497 0.00236475 0.999997 0.000494297 -0.00279584 -0.000486704 0.999996 0.117814 0.143838 -0.0861083
FixedParameters: 0 0 0

#Transform 166
Transform: AffineTransform_float_3_3
Parameters: 0.999992 -0.0025477 0.00286788 0.00254681 0.999997 0.000454271 -0.00286873 -0.000446729 0.999995 0.118022 0.152679 -0.100286
FixedParameters: 0 0 0

#Transform 167
Transform: AffineTransform_float_3_3
Parameters: 0.999993 -0.00264885 0.0027209 0.00264699 0.999996 0.000970174 -0.00272312 -0.000962829 0.999996 0.133033 0.15693 -0.0901278
FixedParameters: 0 0 0

#Transform 168
Transform: AffineTransform_float_3_3
Parameters: 0.999993 -0.00247363 0.00303986 0.00246989 0.999996 0.000963144 -0.00304223 -0.000955851 0.999995 0.10946 0.152611 -0.0999296
FixedParameters: 0 0 0

#Transform 169
Transform: AffineTransform_float_3_3
Parameters: 0.999993 -0.00251282 0.00294525 0.00251067 0.999997 0.000500875 -0.00294591 -0.000493123 0.999996 0.125426 0.167542 -0.103156
FixedParameters: 0 0 0

#Transform 170
Transform: AffineTransform_float_3_3
Parameters: 0.999993 -0.00267941 0.00269666 0.00267746 0.999997 0.000752831 -0.00269831 -0.00074617 0.999996 0.1286 0.16771 -0.0868314
FixedParameters: 0 0 0

#Transform 171
Transform: AffineTransform_float_3_3
Parameters: 0.999992 -0.00231375 0.0033026 0.00231159 0.999997 0.000588268 -0.00330385 -0.00058073 0.999994 0.122463 0.16462 -0.0112395
FixedParameters: 0 0 0

#Transform 172
Transform: AffineTransform_float_3_3
Parameters: 0.999993 -0.00277082 0.00271421 0.00277052 0.999996 5.94845e-05 -0.00271452 -5.15133e-05 0.999996 0.122233 0.156038 -0.0648149
FixedParameters: 0 0 0

#Transform 173
Transform: AffineTransform_float_3_3
Parameters: 0.999993 -0.00272204 0.00228634 0.00272204 0.999996 3.03525e-06 -0.00228634 3.0365e-06 0.999998 0.11703 0.144004 -0.0599532
FixedParameters: 0 0 0

#Transform 174
Transform: AffineTransform_float_3_3
Parameters: 0.999994 -0.00276055 0.00236697 0.00276079 0.999996 -4.76539e-05 -0.00236669 5.43467e-05 0.999998 0.130623 0.14335 -0.0607752
FixedParameters: 0 0 0

#Transform 175
Transform: AffineTransform_float_3_3
Parameters: 0.999992 -0.00249435 0.00305637 0.00248856 0.999995 0.00178589 -0.0030609 -0.00177911 0.999994 0.112085 0.152616 -0.0319522
FixedParameters: 0 0 0

#Transform 176
Transform: AffineTransform_float_3_3
Parameters: 0.999993 -0.00267712 0.00262194 0.00267411 0.999996 0.00129999 -0.00262506 -0.00129302 0.999996 0.118629 0.158205 -0.0299193
FixedParameters: 0 0 0

#Transform 177
Transform: AffineTransform_float_3_3
Parameters: 0.999993 -0.00266064 0.00266021 0.00265724 0.999996 0.00110904 -0.0026628 -0.00110196 0.999996 0.121823 0.146693 -0.0508381
FixedParameters: 0 0 0

#Transform 178
Transform: AffineTransform_float_3_3
Parameters: 0.999991 -0.00307755 0.00283477 0.00307193 0.999993 0.00180148 -0.00284016 -0.00179252 0.999995 0.133557 0.170073 -0.0257292
FixedParameters: 0 0 0

#Transform 179
Transform: AffineTransform_float_3_3
Parameters: 0.999992 -0.00342811 0.00235397 0.00342462 0.999993 0.00163181 -0.00236038 -0.00162419 0.999996 0.135522 0.169331 -0.0484491
FixedParameters: 0 0 0
