# transform file /out/sourcedata/freesurfer/sub-v1s10x0050970_ses-1/mri/transforms/cc_up.lta
# created by oesteban on Thu Mar 12 02:00:59 2026

type      = 0 # LINEAR_VOX_TO_VOX
nxforms   = 1
mean      = 131.0000 138.0000 120.0000
sigma     = 10000.0000
1 4 4
9.909369945526123e-01 -8.956053107976913e-02 -1.001139134168625e-01 2.349314498901367e+01 
8.910693228244781e-02 9.959813952445984e-01 -9.002432227134705e-03 -1.881629467010498e+00 
1.005178615450859e-01 -9.313225746154785e-10 9.949352741241455e-01 -2.291728973388672e+00 
0.000000000000000e+00 0.000000000000000e+00 0.000000000000000e+00 1.000000000000000e+00 
src volume info
valid = 1  # volume info valid
filename = /out/sourcedata/freesurfer/sub-v1s10x0050970_ses-1/mri/norm.mgz
volume = 256 256 256
voxelsize = 1.000000000000000e+00 1.000000000000000e+00 1.000000000000000e+00
xras   = -1.000000000000000e+00 0.000000000000000e+00 0.000000000000000e+00
yras   = 0.000000000000000e+00 0.000000000000000e+00 -1.000000000000000e+00
zras   = 0.000000000000000e+00 1.000000000000000e+00 0.000000000000000e+00
cras   = -2.949821472167969e+00 -1.056625366210938e+01 -1.168670654296875e+00
dst volume info
valid = 1  # volume info valid
filename = /out/sourcedata/freesurfer/sub-v1s10x0050970_ses-1/mri/norm.mgz
volume = 256 256 256
voxelsize = 1.000000000000000e+00 1.000000000000000e+00 1.000000000000000e+00
xras   = -1.000000000000000e+00 0.000000000000000e+00 0.000000000000000e+00
yras   = 0.000000000000000e+00 0.000000000000000e+00 -1.000000000000000e+00
zras   = 0.000000000000000e+00 1.000000000000000e+00 0.000000000000000e+00
cras   = -2.949821472167969e+00 -1.056625366210938e+01 -1.168670654296875e+00
