#Insight Transform File V1.0
#Transform 0
Transform: AffineTransform_float_3_3
Parameters: 0.999999 -0.00146956 -9.75528e-06 0.00146995 0.999999 0.000134473 1.02804e-05 -0.000134527 1 0.0809693 0.198071 0.328625
FixedParameters: 0 0 0

#Transform 1
Transform: AffineTransform_float_3_3
Parameters: 1 0.000695365 -0.000725262 -0.000694956 0.999999 0.0011855 0.00072638 -0.0011845 0.999999 -0.00844395 0.0739382 -0.254086
FixedParameters: 0 0 0

#Transform 2
Transform: AffineTransform_float_3_3
Parameters: 0.999999 0.000652154 -0.000342483 -0.000652005 0.999998 0.00212486 0.000344725 -0.00212514 0.999998 -0.020705 0.146945 -0.324767
FixedParameters: 0 0 0

#Transform 3
Transform: AffineTransform_float_3_3
Parameters: 0.999999 0.000523738 -0.000490032 -0.000522767 0.999997 0.00232341 0.000491934 -0.00232359 0.999998 -0.00631392 0.119059 -0.412917
FixedParameters: 0 0 0

#Transform 4
Transform: AffineTransform_float_3_3
Parameters: 1 0.000479316 -0.00019393 -0.000479128 0.999999 0.00149109 0.000194438 -0.00149091 0.999999 -0.0116559 0.110296 -0.422567
FixedParameters: 0 0 0

#Transform 5
Transform: AffineTransform_float_3_3
Parameters: 1 0.000797625 -0.000691437 -0.000796382 0.999999 0.00118155 0.000692399 -0.00118045 0.999999 -0.00508307 0.0868392 -0.505364
FixedParameters: 0 0 0

#Transform 6
Transform: AffineTransform_float_3_3
Parameters: 1 0.000550897 -0.000424755 -0.000550564 1 0.000392234 0.000425187 -0.000391766 1 -0.0147209 0.0810602 -0.448039
FixedParameters: 0 0 0

#Transform 7
Transform: AffineTransform_float_3_3
Parameters: 0.999999 0.000922101 -0.000885878 -0.000922341 1 -0.000134543 0.000885629 0.000135457 0.999999 -0.0072726 0.0797086 -0.528473
FixedParameters: 0 0 0

#Transform 8
Transform: AffineTransform_float_3_3
Parameters: 0.999999 0.000797208 -0.00048409 -0.000797326 0.999999 -0.000121614 0.000483895 0.000122386 1 -0.0225884 0.0921035 -0.459669
FixedParameters: 0 0 0

#Transform 9
Transform: AffineTransform_float_3_3
Parameters: 0.999999 0.00105558 -0.000960207 -0.00105619 0.999999 -0.000316193 0.000959539 0.000316806 0.999999 -0.00583314 0.0450625 -0.569057
FixedParameters: 0 0 0

#Transform 10
Transform: AffineTransform_float_3_3
Parameters: 0.999999 0.000705661 -0.000699567 -0.000706011 0.999999 -0.000249506 0.000699214 0.000250493 0.999999 -0.01296 0.0908231 -0.452754
FixedParameters: 0 0 0

#Transform 11
Transform: AffineTransform_float_3_3
Parameters: 1 0.000828793 -0.000726869 -0.000829141 1 -0.000239757 0.000726471 0.000240242 1 0.00213886 0.0779859 -0.482644
FixedParameters: 0 0 0

#Transform 12
Transform: AffineTransform_float_3_3
Parameters: 1 0.000800972 -0.000899773 -0.000801045 1 -0.000257486 0.000900281 0.000257514 1 -0.00112554 0.0663763 -0.50916
FixedParameters: 0 0 0

#Transform 13
Transform: AffineTransform_float_3_3
Parameters: 1 0.00079964 -0.000830481 -0.000800842 0.999999 -0.000958336 0.000829867 0.000959664 0.999999 -0.0124246 0.0534247 -0.558881
FixedParameters: 0 0 0

#Transform 14
Transform: AffineTransform_float_3_3
Parameters: 1 0.000701664 -0.000707795 -0.000702978 0.999998 -0.0014805 0.000707555 0.0014815 0.999998 -0.010141 0.0589247 -0.464198
FixedParameters: 0 0 0

#Transform 15
Transform: AffineTransform_float_3_3
Parameters: 0.999999 0.000818869 -0.00110178 -0.000820783 0.999999 -0.00104594 0.00110099 0.00104705 0.999999 -0.0103181 0.0482326 -0.512692
FixedParameters: 0 0 0

#Transform 16
Transform: AffineTransform_float_3_3
Parameters: 0.999999 0.000672514 -0.000776566 -0.000673907 0.999999 -0.00114932 0.000775939 0.00114968 0.999999 -0.0113452 0.0689329 -0.49887
FixedParameters: 0 0 0

#Transform 17
Transform: AffineTransform_float_3_3
Parameters: 0.999999 0.000934822 -0.00112823 -0.000935717 0.999999 -0.000976945 0.00112693 0.000979054 0.999999 0.00206341 0.0443086 -0.563013
FixedParameters: 0 0 0

#Transform 18
Transform: AffineTransform_float_3_3
Parameters: 0.999999 0.000645433 -0.000840086 -0.000647067 0.999999 -0.00120546 0.000839448 0.00120654 0.999999 -0.0133832 0.0528101 -0.518605
FixedParameters: 0 0 0

#Transform 19
Transform: AffineTransform_float_3_3
Parameters: 1 0.000896084 -0.00070049 -0.000896906 0.999998 -0.00152558 0.000698285 0.00152542 0.999999 -0.00333324 0.0161751 -0.567382
FixedParameters: 0 0 0

#Transform 20
Transform: AffineTransform_float_3_3
Parameters: 0.999999 0.00102252 -0.000947439 -0.00102404 0.999999 -0.00121324 0.000946797 0.00121376 0.999999 -0.00658319 0.0326147 -0.582494
FixedParameters: 0 0 0

#Transform 21
Transform: AffineTransform_float_3_3
Parameters: 1 0.000661487 -0.000801779 -0.000662914 0.999998 -0.00170932 0.000800045 0.00170968 0.999999 -0.0131915 0.0346266 -0.592712
FixedParameters: 0 0 0

#Transform 22
Transform: AffineTransform_float_3_3
Parameters: 0.999998 0.00111433 -0.00128261 -0.0011164 0.999998 -0.00147078 0.00128078 0.00147222 0.999998 -0.00784876 0.0241553 -0.648034
FixedParameters: 0 0 0

#Transform 23
Transform: AffineTransform_float_3_3
Parameters: 1 0.000746351 -0.000933272 -0.000749004 0.999997 -0.00233515 0.000931229 0.00233585 0.999997 -0.012822 -0.024649 -0.674899
FixedParameters: 0 0 0

#Transform 24
Transform: AffineTransform_float_3_3
Parameters: 0.999999 0.00104585 -0.0015142 -0.00104966 0.999996 -0.00268962 0.00151108 0.00269138 0.999995 -0.0113118 -0.0374271 -0.692888
FixedParameters: 0 0 0

#Transform 25
Transform: AffineTransform_float_3_3
Parameters: 0.999999 0.000843003 -0.00110637 -0.000845523 0.999997 -0.00250327 0.00110412 0.00250373 0.999996 -0.00684882 -0.020803 -0.659971
FixedParameters: 0 0 0

#Transform 26
Transform: AffineTransform_float_3_3
Parameters: 0.999999 0.000991471 -0.00113998 -0.000994697 0.999995 -0.00291107 0.0011371 0.00291192 0.999995 -0.0036286 -0.0617911 -0.688523
FixedParameters: 0 0 0

#Transform 27
Transform: AffineTransform_float_3_3
Parameters: 0.999999 0.000992307 -0.00153328 -0.000995407 0.999996 -0.00242217 0.00153098 0.00242383 0.999997 -0.0110343 -0.0235906 -0.668554
FixedParameters: 0 0 0

#Transform 28
Transform: AffineTransform_float_3_3
Parameters: 0.999999 0.000841947 -0.00109846 -0.000844684 0.999996 -0.00261992 0.00109602 0.00262108 0.999996 -0.0211288 0.00366697 -0.598315
FixedParameters: 0 0 0

#Transform 29
Transform: AffineTransform_float_3_3
Parameters: 0.999998 0.00111518 -0.0011886 -0.00111687 0.999998 -0.00159388 0.00118741 0.00159512 0.999998 -0.0061409 0.0244061 -0.605382
FixedParameters: 0 0 0

#Transform 30
Transform: AffineTransform_float_3_3
Parameters: 0.999999 0.000971397 -0.00101506 -0.000972806 0.999997 -0.00217986 0.00101281 0.00218114 0.999998 -0.0178338 0.0069614 -0.562222
FixedParameters: 0 0 0

#Transform 31
Transform: AffineTransform_float_3_3
Parameters: 0.999999 0.000870374 -0.00114647 -0.000872925 0.999996 -0.002598 0.00114484 0.0026 0.999996 -0.00233367 -0.0262155 -0.568621
FixedParameters: 0 0 0

#Transform 32
Transform: AffineTransform_float_3_3
Parameters: 0.999999 0.000852022 -0.000955656 -0.000853581 0.999997 -0.00239439 0.000953552 0.00239461 0.999997 -0.0133907 0.00568444 -0.511486
FixedParameters: 0 0 0

#Transform 33
Transform: AffineTransform_float_3_3
Parameters: 0.999999 0.000915041 -0.00111624 -0.000918125 0.999997 -0.00232019 0.00111436 0.00232082 0.999997 -0.00229053 -0.0233826 -0.59126
FixedParameters: 0 0 0

#Transform 34
Transform: AffineTransform_float_3_3
Parameters: 0.999999 0.000743525 -0.00135036 -0.000746448 0.999998 -0.00205384 0.00134836 0.00205516 0.999997 -0.0102069 -0.0156622 -0.540747
FixedParameters: 0 0 0

#Transform 35
Transform: AffineTransform_float_3_3
Parameters: 0.999999 0.000879369 -0.00112536 -0.000882292 0.999996 -0.00263986 0.00112269 0.00264114 0.999996 -0.0127716 -0.00435913 -0.567793
FixedParameters: 0 0 0

#Transform 36
Transform: AffineTransform_float_3_3
Parameters: 0.999999 0.00103238 -0.00155613 -0.00103612 0.999996 -0.00259245 0.00155328 0.00259355 0.999996 -0.00961159 0.00741206 -0.608035
FixedParameters: 0 0 0

#Transform 37
Transform: AffineTransform_float_3_3
Parameters: 0.999999 0.000805872 -0.00100241 -0.000808799 0.999997 -0.0025054 0.00100073 0.0025056 0.999996 -0.012489 0.0337214 -0.564473
FixedParameters: 0 0 0

#Transform 38
Transform: AffineTransform_float_3_3
Parameters: 0.999998 0.00100226 -0.00134422 -0.00100581 0.999996 -0.0025875 0.00134193 0.0025895 0.999996 0.00241634 -0.00117985 -0.648355
FixedParameters: 0 0 0

#Transform 39
Transform: AffineTransform_float_3_3
Parameters: 0.999999 0.000868402 -0.00132037 -0.00087229 0.999995 -0.00311306 0.00131746 0.00311394 0.999994 -0.0111878 -0.0338361 -0.614875
FixedParameters: 0 0 0

#Transform 40
Transform: AffineTransform_float_3_3
Parameters: 0.999998 0.000995442 -0.00210438 -0.0010024 0.999993 -0.0035248 0.00210051 0.0035262 0.999991 -0.0138992 -0.0319895 -0.610817
FixedParameters: 0 0 0

#Transform 41
Transform: AffineTransform_float_3_3
Parameters: 0.999998 0.000754091 -0.00145598 -0.00075802 0.999996 -0.0028356 0.0014542 0.00283641 0.999996 -0.00896444 -0.0255113 -0.568519
FixedParameters: 0 0 0

#Transform 42
Transform: AffineTransform_float_3_3
Parameters: 0.999997 0.00121647 -0.00216613 -0.00122495 0.999991 -0.0038689 0.00216078 0.0038721 0.99999 -0.0173501 -0.0398548 -0.613977
FixedParameters: 0 0 0

#Transform 43
Transform: AffineTransform_float_3_3
Parameters: 0.999998 0.0010393 -0.00158176 -0.00104447 0.999995 -0.00312656 0.00157867 0.00312844 0.999993 -0.0137952 -0.020359 -0.618047
FixedParameters: 0 0 0

#Transform 44
Transform: AffineTransform_float_3_3
Parameters: 0.999998 0.00104845 -0.00181886 -0.00105457 0.999994 -0.00334114 0.00181579 0.00334286 0.999992 -0.019202 -0.0178285 -0.653524
FixedParameters: 0 0 0

#Transform 45
Transform: AffineTransform_float_3_3
Parameters: 0.999998 0.00109984 -0.00196212 -0.00110697 0.999993 -0.00359089 0.00195776 0.00359311 0.999991 -0.0229831 -0.0476016 -0.677061
FixedParameters: 0 0 0

#Transform 46
Transform: AffineTransform_float_3_3
Parameters: 0.999998 0.000869641 -0.00192924 -0.000876585 0.999994 -0.00326186 0.00192658 0.00326314 0.999993 -0.00864436 -0.0378732 -0.67357
FixedParameters: 0 0 0

#Transform 47
Transform: AffineTransform_float_3_3
Parameters: 0.999998 0.000733611 -0.00143983 -0.000737944 0.999995 -0.00300779 0.00143792 0.00300921 0.999994 -0.0188543 -0.0260715 -0.609226
FixedParameters: 0 0 0

#Transform 48
Transform: AffineTransform_float_3_3
Parameters: 0.999997 0.00104044 -0.00214123 -0.00104799 0.999993 -0.00360231 0.00213688 0.00360469 0.999992 -0.00494223 -0.0587426 -0.765883
FixedParameters: 0 0 0

#Transform 49
Transform: AffineTransform_float_3_3
Parameters: 0.999997 0.00121845 -0.00244483 -0.00122858 0.999991 -0.0040304 0.00243959 0.0040336 0.999989 -0.026717 -0.0550802 -0.667373
FixedParameters: 0 0 0

#Transform 50
Transform: AffineTransform_float_3_3
Parameters: 0.999997 0.00101249 -0.00214023 -0.00101987 0.999993 -0.00365537 0.00213689 0.00365763 0.999991 -0.013314 -0.0800984 -0.746968
FixedParameters: 0 0 0

#Transform 51
Transform: AffineTransform_float_3_3
Parameters: 0.999997 0.000836645 -0.00200416 -0.000844049 0.999992 -0.00381201 0.00200093 0.00381398 0.99999 -0.0199891 -0.0655867 -0.684298
FixedParameters: 0 0 0

#Transform 52
Transform: AffineTransform_float_3_3
Parameters: 0.999996 0.00115336 -0.00235125 -0.00116237 0.999992 -0.00386982 0.00234599 0.00387318 0.99999 -0.016955 -0.0718661 -0.72574
FixedParameters: 0 0 0

#Transform 53
Transform: AffineTransform_float_3_3
Parameters: 0.999996 0.00106714 -0.00242683 -0.0010775 0.999991 -0.00410694 0.00242265 0.00411006 0.999988 -0.0218008 -0.0607784 -0.678754
FixedParameters: 0 0 0

#Transform 54
Transform: AffineTransform_float_3_3
Parameters: 0.999998 0.000945352 -0.00174986 -0.00095234 0.999991 -0.00409603 0.00174658 0.00409796 0.99999 -0.0175873 -0.0590045 -0.675518
FixedParameters: 0 0 0

#Transform 55
Transform: AffineTransform_float_3_3
Parameters: 0.999997 0.000995613 -0.00213191 -0.0010061 0.999988 -0.00479841 0.00212785 0.00480059 0.999987 -0.0275829 -0.0777973 -0.672629
FixedParameters: 0 0 0

#Transform 56
Transform: AffineTransform_float_3_3
Parameters: 0.999998 0.00101896 -0.00207999 -0.00102913 0.999988 -0.00484257 0.00207562 0.00484543 0.999986 -0.0205932 -0.0981423 -0.695932
FixedParameters: 0 0 0

#Transform 57
Transform: AffineTransform_float_3_3
Parameters: 0.999995 0.00096787 -0.00282343 -0.00098151 0.999987 -0.00490348 0.00281878 0.00490551 0.999984 -0.0248109 -0.100867 -0.729415
FixedParameters: 0 0 0

#Transform 58
Transform: AffineTransform_float_3_3
Parameters: 0.999996 0.000979636 -0.00236891 -0.000990621 0.999987 -0.00481306 0.00236419 0.00481494 0.999986 -0.0359978 -0.093874 -0.695096
FixedParameters: 0 0 0

#Transform 59
Transform: AffineTransform_float_3_3
Parameters: 0.999997 0.00114398 -0.0024131 -0.00115655 0.999986 -0.00513577 0.00240697 0.00513923 0.999984 -0.0318466 -0.10695 -0.730883
FixedParameters: 0 0 0

#Transform 60
Transform: AffineTransform_float_3_3
Parameters: 0.999997 0.000692996 -0.00257235 -0.00070408 0.999991 -0.00429859 0.00256927 0.00429941 0.999987 -0.0545045 -0.0526438 -0.602963
FixedParameters: 0 0 0

#Transform 61
Transform: AffineTransform_float_3_3
Parameters: 0.999995 0.000910316 -0.0029575 -0.000925359 0.999988 -0.00485217 0.00295258 0.00485484 0.999984 -0.0329304 -0.0747573 -0.660491
FixedParameters: 0 0 0

#Transform 62
Transform: AffineTransform_float_3_3
Parameters: 0.999994 0.000821568 -0.00316577 -0.000836715 0.999989 -0.00454789 0.00316221 0.0045511 0.999985 -0.0510761 -0.0757302 -0.66415
FixedParameters: 0 0 0

#Transform 63
Transform: AffineTransform_float_3_3
Parameters: 0.999997 0.000613607 -0.00262286 -0.000626252 0.999989 -0.00476256 0.00262041 0.00476445 0.999985 -0.0221052 -0.0700466 -0.538191
FixedParameters: 0 0 0

#Transform 64
Transform: AffineTransform_float_3_3
Parameters: 0.999994 0.000651525 -0.00357103 -0.000663442 0.999994 -0.00328566 0.00356832 0.00328834 0.999988 -0.0222852 -0.0202031 -0.466733
FixedParameters: 0 0 0

#Transform 65
Transform: AffineTransform_float_3_3
Parameters: 0.999996 0.00072817 -0.00279322 -0.000737275 0.999995 -0.00320299 0.00279132 0.00320502 0.999991 -0.057193 -0.0297863 -0.492329
FixedParameters: 0 0 0

#Transform 66
Transform: AffineTransform_float_3_3
Parameters: 0.999995 0.00100659 -0.00274425 -0.00101459 0.999995 -0.00289146 0.00274158 0.00289353 0.999992 -0.0226694 -0.0289305 -0.49994
FixedParameters: 0 0 0

#Transform 67
Transform: AffineTransform_float_3_3
Parameters: 0.999995 0.000980181 -0.00280665 -0.000988255 0.999996 -0.00277063 0.00280345 0.00277337 0.999992 -0.0396756 -0.0101375 -0.524519
FixedParameters: 0 0 0

#Transform 68
Transform: AffineTransform_float_3_3
Parameters: 0.999996 0.000952372 -0.00286953 -0.000961227 0.999995 -0.00314213 0.00286722 0.00314487 0.999992 -0.0638429 -0.0292086 -0.559005
FixedParameters: 0 0 0

#Transform 69
Transform: AffineTransform_float_3_3
Parameters: 0.999994 0.000903262 -0.00336942 -0.000916629 0.999991 -0.0040083 0.00336611 0.0040117 0.999986 -0.0418078 -0.0662191 -0.65056
FixedParameters: 0 0 0

#Transform 70
Transform: AffineTransform_float_3_3
Parameters: 0.999995 0.00083658 -0.00284784 -0.000848384 0.999992 -0.00400863 0.00284401 0.00401137 0.999988 -0.0520001 -0.0484108 -0.608618
FixedParameters: 0 0 0

#Transform 71
Transform: AffineTransform_float_3_3
Parameters: 0.999997 0.000859546 -0.00223867 -0.000868735 0.999991 -0.00410461 0.00223528 0.00410639 0.999989 -0.0459187 -0.0509411 -0.591092
FixedParameters: 0 0 0

#Transform 72
Transform: AffineTransform_float_3_3
Parameters: 0.999993 0.00126774 -0.00332889 -0.00128311 0.999988 -0.00481185 0.00332257 0.00481616 0.999983 -0.0457722 -0.0576577 -0.679228
FixedParameters: 0 0 0

#Transform 73
Transform: AffineTransform_float_3_3
Parameters: 0.999996 0.00101698 -0.0027118 -0.00102919 0.99999 -0.00442862 0.00270751 0.00443138 0.999986 -0.0590392 -0.0232888 -0.576455
FixedParameters: 0 0 0

#Transform 74
Transform: AffineTransform_float_3_3
Parameters: 0.999996 0.00102518 -0.002691 -0.00103803 0.999988 -0.00475461 0.00268557 0.00475738 0.999985 -0.0464626 -0.0122699 -0.588205
FixedParameters: 0 0 0

#Transform 75
Transform: AffineTransform_float_3_3
Parameters: 0.999996 0.000936099 -0.00289855 -0.000950124 0.999989 -0.0046823 0.00289501 0.0046857 0.999985 -0.0373605 -0.0160495 -0.599221
FixedParameters: 0 0 0

#Transform 76
Transform: AffineTransform_float_3_3
Parameters: 0.999996 0.00051403 -0.00273253 -0.000527524 0.999988 -0.00482461 0.00272965 0.00482539 0.999985 -0.0585943 -0.00518299 -0.511492
FixedParameters: 0 0 0

#Transform 77
Transform: AffineTransform_float_3_3
Parameters: 0.999996 0.00097762 -0.00262548 -0.000989692 0.999989 -0.00454881 0.0026213 0.00455119 0.999986 -0.0453192 -0.0154329 -0.549866
FixedParameters: 0 0 0

#Transform 78
Transform: AffineTransform_float_3_3
Parameters: 0.999997 0.000737636 -0.00262921 -0.000748991 0.999991 -0.00408108 0.00262646 0.00408293 0.999989 -0.0605439 0.00267833 -0.504365
FixedParameters: 0 0 0

#Transform 79
Transform: AffineTransform_float_3_3
Parameters: 0.999996 0.00107698 -0.00256914 -0.0010907 0.999987 -0.00504576 0.00256389 0.00504924 0.999984 -0.0417588 -0.0323885 -0.604221
FixedParameters: 0 0 0

#Transform 80
Transform: AffineTransform_float_3_3
Parameters: 0.999996 0.00107403 -0.0025764 -0.00108741 0.999987 -0.0049656 0.00257136 0.00496839 0.999984 -0.0550137 0.00334489 -0.55621
FixedParameters: 0 0 0

#Transform 81
Transform: AffineTransform_float_3_3
Parameters: 0.999996 0.00100889 -0.00272716 -0.00102347 0.999987 -0.00508062 0.00272213 0.00508338 0.999983 -0.0350707 -0.0330195 -0.641214
FixedParameters: 0 0 0

#Transform 82
Transform: AffineTransform_float_3_3
Parameters: 0.999995 0.000898159 -0.00298195 -0.000914577 0.999984 -0.00548318 0.00297706 0.00548582 0.999981 -0.0594128 -0.050737 -0.601113
FixedParameters: 0 0 0

#Transform 83
Transform: AffineTransform_float_3_3
Parameters: 0.999993 0.000617463 -0.00363223 -0.00063793 0.999984 -0.00561773 0.00362958 0.00562028 0.999978 -0.0546002 -0.0583807 -0.632307
FixedParameters: 0 0 0

#Transform 84
Transform: AffineTransform_float_3_3
Parameters: 0.999996 0.000948612 -0.00262352 -0.000955792 0.999996 -0.00279389 0.00262046 0.00279611 0.999993 -0.0482719 0.0118139 -0.43193
FixedParameters: 0 0 0

#Transform 85
Transform: AffineTransform_float_3_3
Parameters: 0.999995 0.000985295 -0.00279314 -0.000994476 0.999995 -0.00305247 0.00279027 0.00305453 0.999992 -0.044203 -0.00497623 -0.462711
FixedParameters: 0 0 0

#Transform 86
Transform: AffineTransform_float_3_3
Parameters: 0.999995 0.000770586 -0.00285181 -0.000777851 0.999996 -0.00274582 0.00284943 0.00274818 0.999992 -0.0654302 -0.0218453 -0.455932
FixedParameters: 0 0 0

#Transform 87
Transform: AffineTransform_float_3_3
Parameters: 0.999995 0.000803013 -0.00322126 -0.000811677 0.999996 -0.00270828 0.00321967 0.00271072 0.999991 -0.051177 -0.022825 -0.533994
FixedParameters: 0 0 0

#Transform 88
Transform: AffineTransform_float_3_3
Parameters: 0.999995 0.000914436 -0.00295782 -0.00092453 0.999994 -0.00319216 0.00295474 0.00319484 0.999991 -0.0276899 -0.0123084 -0.473739
FixedParameters: 0 0 0

#Transform 89
Transform: AffineTransform_float_3_3
Parameters: 0.999994 0.000649987 -0.0034235 -0.000659241 0.999996 -0.00276913 0.00342227 0.00277088 0.99999 -0.0296439 0.00744228 -0.398604
FixedParameters: 0 0 0

#Transform 90
Transform: AffineTransform_float_3_3
Parameters: 0.999997 0.000334441 -0.00215601 -0.000339664 0.999997 -0.00255061 0.0021551 0.00255139 0.999994 -0.0464671 -0.00478698 -0.399043
FixedParameters: 0 0 0

#Transform 91
Transform: AffineTransform_float_3_3
Parameters: 0.999998 0.000736309 -0.00175323 -0.000735456 0.999999 0.000617596 0.00175361 -0.000616405 0.999998 -0.0650171 0.101642 -0.311605
FixedParameters: 0 0 0

#Transform 92
Transform: AffineTransform_float_3_3
Parameters: 0.999998 0.000990721 -0.00208924 -0.000994151 0.999998 -0.00176162 0.00208733 0.00176438 0.999996 -0.0380465 0.0287739 -0.444162
FixedParameters: 0 0 0

#Transform 93
Transform: AffineTransform_float_3_3
Parameters: 0.999995 0.000966748 -0.00277941 -0.000971964 0.999998 -0.00188154 0.00277788 0.00188346 0.999995 -0.0320497 0.0234662 -0.528242
FixedParameters: 0 0 0

#Transform 94
Transform: AffineTransform_float_3_3
Parameters: 0.999998 0.00066664 -0.00212273 -0.000670075 0.999999 -0.00173528 0.002122 0.00173672 0.999996 -0.0593357 0.0350148 -0.506697
FixedParameters: 0 0 0

#Transform 95
Transform: AffineTransform_float_3_3
Parameters: 0.999997 0.000729852 -0.00207134 -0.000734786 0.999997 -0.00236318 0.00206908 0.00236482 0.999995 -0.052311 0.0219894 -0.486811
FixedParameters: 0 0 0

#Transform 96
Transform: AffineTransform_float_3_3
Parameters: 0.999998 0.000643525 -0.00222029 -0.000647903 0.999997 -0.00228711 0.00221815 0.00228789 0.999995 -0.0564275 0.0259095 -0.464421
FixedParameters: 0 0 0

#Transform 97
Transform: AffineTransform_float_3_3
Parameters: 0.999996 0.000946965 -0.00238879 -0.000953318 0.999996 -0.00270227 0.0023863 0.00270472 0.999993 -0.0398445 -0.00398727 -0.529924
FixedParameters: 0 0 0

#Transform 98
Transform: AffineTransform_float_3_3
Parameters: 0.999997 0.000589821 -0.00258919 -0.000595705 0.999996 -0.00250465 0.00258756 0.00250635 0.999993 -0.0550289 0.00205189 -0.49481
FixedParameters: 0 0 0

#Transform 99
Transform: AffineTransform_float_3_3
Parameters: 0.999995 0.000881427 -0.00295432 -0.000890815 0.999995 -0.00307626 0.00295165 0.00307874 0.999991 -0.0427599 -0.0164012 -0.514479
FixedParameters: 0 0 0

#Transform 100
Transform: AffineTransform_float_3_3
Parameters: 0.999996 0.000495343 -0.00280141 -0.000505983 0.999992 -0.00396127 0.00279906 0.00396273 0.999989 -0.049849 -0.00374671 -0.428096
FixedParameters: 0 0 0

#Transform 101
Transform: AffineTransform_float_3_3
Parameters: 0.999995 0.000624729 -0.00316254 -0.000640663 0.999987 -0.00496852 0.00315946 0.00497048 0.999983 -0.0582058 0.00361721 -0.465687
FixedParameters: 0 0 0

#Transform 102
Transform: AffineTransform_float_3_3
Parameters: 0.999995 0.000634772 -0.00308993 -0.000651125 0.999987 -0.00515353 0.00308651 0.00515547 0.999982 -0.0653863 -0.0176321 -0.472608
FixedParameters: 0 0 0

#Transform 103
Transform: AffineTransform_float_3_3
Parameters: 0.999993 0.000689529 -0.00364187 -0.000708126 0.999985 -0.00529331 0.00363795 0.00529569 0.99998 -0.0533643 -0.028914 -0.513361
FixedParameters: 0 0 0

#Transform 104
Transform: AffineTransform_float_3_3
Parameters: 0.999996 0.000621228 -0.00274551 -0.000633391 0.99999 -0.00455931 0.00274194 0.00456069 0.999986 -0.0496546 -0.0310653 -0.516968
FixedParameters: 0 0 0

#Transform 105
Transform: AffineTransform_float_3_3
Parameters: 0.999994 0.000252903 -0.00359284 -0.000270831 0.999986 -0.0051087 0.00359088 0.00510929 0.999981 -0.0708586 -0.0391564 -0.444643
FixedParameters: 0 0 0

#Transform 106
Transform: AffineTransform_float_3_3
Parameters: 0.999994 0.000616293 -0.00360708 -0.000634586 0.999986 -0.00530175 0.00360393 0.00530425 0.99998 -0.059438 -0.0541659 -0.526355
FixedParameters: 0 0 0

#Transform 107
Transform: AffineTransform_float_3_3
Parameters: 0.999993 0.000697974 -0.00354359 -0.000715677 0.999988 -0.00499886 0.00353987 0.00500114 0.999981 -0.0867847 -0.0168434 -0.458331
FixedParameters: 0 0 0

#Transform 108
Transform: AffineTransform_float_3_3
Parameters: 0.999995 0.000746045 -0.00308364 -0.000762638 0.999986 -0.00526655 0.00307982 0.00526845 0.999981 -0.0640893 -0.0101498 -0.503863
FixedParameters: 0 0 0

#Transform 109
Transform: AffineTransform_float_3_3
Parameters: 0.999994 0.000520519 -0.00345263 -0.000539019 0.999986 -0.00532318 0.00344902 0.00532483 0.99998 -0.0827789 -0.0406659 -0.498369
FixedParameters: 0 0 0

#Transform 110
Transform: AffineTransform_float_3_3
Parameters: 0.999994 0.000834277 -0.00352916 -0.000854888 0.999982 -0.00585923 0.00352459 0.00586176 0.999976 -0.0672315 -0.0450856 -0.540421
FixedParameters: 0 0 0

#Transform 111
Transform: AffineTransform_float_3_3
Parameters: 0.999995 0.000352753 -0.00312006 -0.000371493 0.999983 -0.00592854 0.0031178 0.00592946 0.999977 -0.0744872 -0.0332783 -0.469306
FixedParameters: 0 0 0

#Transform 112
Transform: AffineTransform_float_3_3
Parameters: 0.999994 0.000678833 -0.00342253 -0.000699967 0.99998 -0.006196 0.003418 0.00619799 0.999975 -0.0685273 -0.0426266 -0.511912
FixedParameters: 0 0 0

#Transform 113
Transform: AffineTransform_float_3_3
Parameters: 0.999996 0.000537766 -0.00269128 -0.000553264 0.999982 -0.00593056 0.00268762 0.00593144 0.999979 -0.0687252 -0.0127696 -0.468872
FixedParameters: 0 0 0

#Transform 114
Transform: AffineTransform_float_3_3
Parameters: 0.999994 0.000477906 -0.00344764 -0.000499003 0.999982 -0.00603148 0.00344392 0.00603353 0.999976 -0.0720021 -0.0376436 -0.531457
FixedParameters: 0 0 0

#Transform 115
Transform: AffineTransform_float_3_3
Parameters: 0.999995 0.000666827 -0.00328039 -0.000688014 0.99998 -0.00633214 0.00327621 0.00633386 0.999975 -0.0713029 -0.027598 -0.496969
FixedParameters: 0 0 0

#Transform 116
Transform: AffineTransform_float_3_3
Parameters: 0.999993 0.00076377 -0.00369068 -0.000787325 0.999979 -0.006429 0.00368578 0.00643201 0.999973 -0.0644275 -0.0321216 -0.515739
FixedParameters: 0 0 0

#Transform 117
Transform: AffineTransform_float_3_3
Parameters: 0.999995 0.000376923 -0.00306058 -0.000396809 0.999979 -0.00644548 0.00305815 0.00644651 0.999974 -0.0672021 -5.55136e-05 -0.447131
FixedParameters: 0 0 0

#Transform 118
Transform: AffineTransform_float_3_3
Parameters: 0.999991 0.000791881 -0.00398634 -0.000816677 0.999981 -0.00610749 0.00398158 0.0061105 0.999973 -0.0698649 -0.0331697 -0.498665
FixedParameters: 0 0 0

#Transform 119
Transform: AffineTransform_float_3_3
Parameters: 0.999992 0.000654133 -0.00394492 -0.00067866 0.99998 -0.00637108 0.00394072 0.00637293 0.999972 -0.0871247 -0.0552436 -0.491692
FixedParameters: 0 0 0

#Transform 120
Transform: AffineTransform_float_3_3
Parameters: 0.999994 0.000998628 -0.00332997 -0.00101781 0.999983 -0.00585753 0.00332387 0.00586148 0.999977 -0.072706 -0.0596889 -0.550759
FixedParameters: 0 0 0

#Transform 121
Transform: AffineTransform_float_3_3
Parameters: 0.999993 0.000612065 -0.00363038 -0.000633199 0.999983 -0.00583975 0.00362712 0.00584225 0.999976 -0.0814257 -0.0616465 -0.505817
FixedParameters: 0 0 0

#Transform 122
Transform: AffineTransform_float_3_3
Parameters: 0.999991 0.000897377 -0.00397866 -0.000921601 0.999981 -0.00616444 0.00397212 0.00616755 0.999973 -0.0837599 -0.0757811 -0.602152
FixedParameters: 0 0 0

#Transform 123
Transform: AffineTransform_float_3_3
Parameters: 0.999994 0.000692152 -0.00344405 -0.000712669 0.999983 -0.0059331 0.00344011 0.0059359 0.999976 -0.0795111 -0.0446235 -0.561388
FixedParameters: 0 0 0

#Transform 124
Transform: AffineTransform_float_3_3
Parameters: 0.999994 0.000724901 -0.00356243 -0.000747047 0.99998 -0.00627874 0.00355773 0.00628126 0.999974 -0.0737423 -0.0448906 -0.588491
FixedParameters: 0 0 0

#Transform 125
Transform: AffineTransform_float_3_3
Parameters: 0.999994 0.000649184 -0.00354494 -0.000669681 0.999984 -0.00576103 0.00354174 0.00576297 0.999977 -0.087367 -0.0252226 -0.52998
FixedParameters: 0 0 0

#Transform 126
Transform: AffineTransform_float_3_3
Parameters: 0.999992 0.000849032 -0.00388313 -0.000872129 0.999982 -0.00593236 0.00387838 0.00593564 0.999975 -0.0721797 -0.0407734 -0.605998
FixedParameters: 0 0 0

#Transform 127
Transform: AffineTransform_float_3_3
Parameters: 0.999993 0.000563706 -0.00373554 -0.000588008 0.999977 -0.00669734 0.00373212 0.00669966 0.999971 -0.0792955 -0.0429529 -0.525667
FixedParameters: 0 0 0

#Transform 128
Transform: AffineTransform_float_3_3
Parameters: 0.999991 0.000436469 -0.00422947 -0.000464986 0.999978 -0.00663023 0.004227 0.00663277 0.999969 -0.0774079 -0.0578874 -0.570692
FixedParameters: 0 0 0

#Transform 129
Transform: AffineTransform_float_3_3
Parameters: 0.999992 0.000448177 -0.00400177 -0.000475073 0.999977 -0.00680564 0.00399899 0.00680735 0.999969 -0.0928968 -0.0430023 -0.52156
FixedParameters: 0 0 0

#Transform 130
Transform: AffineTransform_float_3_3
Parameters: 0.999991 0.00049564 -0.00405739 -0.000524107 0.999976 -0.00690642 0.00405386 0.00690857 0.999968 -0.0781227 -0.0475211 -0.542148
FixedParameters: 0 0 0

#Transform 131
Transform: AffineTransform_float_3_3
Parameters: 0.999993 0.000515107 -0.00384755 -0.000540736 0.999977 -0.00674482 0.0038434 0.00674618 0.99997 -0.0909066 -0.0236189 -0.50562
FixedParameters: 0 0 0

#Transform 132
Transform: AffineTransform_float_3_3
Parameters: 0.999991 0.00041714 -0.00407074 -0.000445652 0.999974 -0.00711538 0.00406732 0.00711762 0.999967 -0.0940115 -0.0377349 -0.487109
FixedParameters: 0 0 0

#Transform 133
Transform: AffineTransform_float_3_3
Parameters: 0.999991 0.000418658 -0.00407145 -0.000445588 0.999978 -0.00664573 0.0040683 0.00664726 0.999969 -0.0832512 -0.0322975 -0.525118
FixedParameters: 0 0 0

#Transform 134
Transform: AffineTransform_float_3_3
Parameters: 0.999993 0.000308654 -0.00367407 -0.000335008 0.999974 -0.00715962 0.00367244 0.00716138 0.999967 -0.0851396 -0.0329187 -0.474374
FixedParameters: 0 0 0

#Transform 135
Transform: AffineTransform_float_3_3
Parameters: 0.999993 0.000688336 -0.00381577 -0.000715252 0.999973 -0.00724417 0.00381095 0.00724682 0.999966 -0.0692928 -0.0406624 -0.54677
FixedParameters: 0 0 0

#Transform 136
Transform: AffineTransform_float_3_3
Parameters: 0.999991 0.0001121 -0.00411085 -0.000141983 0.999975 -0.00711661 0.00410993 0.00711639 0.999966 -0.0909415 -0.0345801 -0.479511
FixedParameters: 0 0 0

#Transform 137
Transform: AffineTransform_float_3_3
Parameters: 0.999991 0.000288017 -0.00436543 -0.00032078 0.999972 -0.00748229 0.00436335 0.00748371 0.999963 -0.080803 -0.0641279 -0.537774
FixedParameters: 0 0 0

#Transform 138
Transform: AffineTransform_float_3_3
Parameters: 0.999995 0.00095445 -0.00282994 -0.000974088 0.999975 -0.00704566 0.00282298 0.00704834 0.999971 -0.0656098 -0.0268361 -0.431555
FixedParameters: 0 0 0

#Transform 139
Transform: AffineTransform_float_3_3
Parameters: 0.999992 0.000397666 -0.00411747 -0.000426197 0.999976 -0.00692444 0.00411488 0.00692657 0.999968 -0.0576814 -0.0520364 -0.490288
FixedParameters: 0 0 0

#Transform 140
Transform: AffineTransform_float_3_3
Parameters: 0.999992 0.000456856 -0.0039781 -0.000485787 0.999974 -0.00721862 0.00397441 0.00722038 0.999966 -0.0757505 -0.0807735 -0.516621
FixedParameters: 0 0 0

#Transform 141
Transform: AffineTransform_float_3_3
Parameters: 0.999993 4.08007e-05 -0.00380774 -6.30649e-05 0.999983 -0.00592409 0.0038072 0.00592392 0.999976 -0.0777815 -0.077401 -0.489511
FixedParameters: 0 0 0

#Transform 142
Transform: AffineTransform_float_3_3
Parameters: 0.999994 0.000637572 -0.00358007 -0.000654355 0.999989 -0.00468969 0.00357774 0.00469231 0.999983 -0.0647308 -0.026589 -0.431313
FixedParameters: 0 0 0

#Transform 143
Transform: AffineTransform_float_3_3
Parameters: 0.999995 0.000154136 -0.00314382 -0.000169929 0.999988 -0.0048498 0.00314362 0.0048502 0.999984 -0.0514111 -0.0414186 -0.416682
FixedParameters: 0 0 0

#Transform 144
Transform: AffineTransform_float_3_3
Parameters: 0.999993 0.000179305 -0.00380263 -0.000199868 0.999984 -0.00558757 0.00380098 0.00558844 0.999978 -0.064571 -0.0660807 -0.479485
FixedParameters: 0 0 0

#Transform 145
Transform: AffineTransform_float_3_3
Parameters: 0.999993 0.000171306 -0.00355359 -0.000189477 0.999986 -0.00525316 0.00355334 0.00525384 0.99998 -0.0597588 -0.0599929 -0.451973
FixedParameters: 0 0 0

#Transform 146
Transform: AffineTransform_float_3_3
Parameters: 0.999997 0.000553748 -0.00232196 -0.000553382 1 -4.8972e-06 0.00232287 6.10379e-06 0.999998 -0.0315981 0.105755 -0.30897
FixedParameters: 0 0 0

#Transform 147
Transform: AffineTransform_float_3_3
Parameters: 0.999999 0.000591521 -0.00135422 -0.00059385 0.999998 -0.00134404 0.00135316 0.00134495 0.999998 -0.0128159 0.0694201 -0.304121
FixedParameters: 0 0 0

#Transform 148
Transform: AffineTransform_float_3_3
Parameters: 0.999994 9.87314e-05 -0.00342047 -0.000107887 0.999996 -0.0027776 0.00342006 0.0027784 0.99999 -0.0149001 0.0308416 -0.316692
FixedParameters: 0 0 0

#Transform 149
Transform: AffineTransform_float_3_3
Parameters: 0.999996 0.000324856 -0.00274334 -0.000329294 0.999998 -0.00169292 0.00274343 0.00169407 0.999994 -0.0298939 0.0497149 -0.288032
FixedParameters: 0 0 0

#Transform 150
Transform: AffineTransform_float_3_3
Parameters: 0.999996 -6.90337e-05 -0.0026748 6.27685e-05 0.999997 -0.002178 0.00267498 0.002177 0.999994 -0.0421695 0.0595056 -0.251163
FixedParameters: 0 0 0

#Transform 151
Transform: AffineTransform_float_3_3
Parameters: 0.999995 0.000461353 -0.00290091 -0.000466873 0.999998 -0.00194632 0.00289991 0.00194768 0.999994 -0.0148959 0.0585131 -0.324063
FixedParameters: 0 0 0

#Transform 152
Transform: AffineTransform_float_3_3
Parameters: 0.999994 -0.000138823 -0.00347503 0.000130296 0.999997 -0.00245542 0.00347533 0.00245458 0.999991 -0.0525003 0.0447359 -0.341112
FixedParameters: 0 0 0

#Transform 153
Transform: AffineTransform_float_3_3
Parameters: 0.999993 5.94986e-05 -0.00356663 -6.85645e-05 0.999997 -0.00265157 0.00356646 0.00265143 0.99999 -0.0399742 0.0341482 -0.359177
FixedParameters: 0 0 0

#Transform 154
Transform: AffineTransform_float_3_3
Parameters: 0.999995 -5.87634e-05 -0.00291632 5.50881e-05 1 -0.00132863 0.00291583 0.00132837 0.999995 -0.05025 0.0795154 -0.247159
FixedParameters: 0 0 0

#Transform 155
Transform: AffineTransform_float_3_3
Parameters: 0.999998 0.000312196 -0.00200834 -0.000309547 0.999999 0.00121529 0.00200895 -0.00121471 0.999997 -0.0344529 0.155313 -0.160694
FixedParameters: 0 0 0

#Transform 156
Transform: AffineTransform_float_3_3
Parameters: 0.999995 0.000262533 -0.0029706 -0.000264902 1 -0.000618679 0.0029708 0.00062032 0.999995 -0.0325352 0.0856324 -0.321297
FixedParameters: 0 0 0

#Transform 157
Transform: AffineTransform_float_3_3
Parameters: 0.999995 -2.41494e-05 -0.00297744 2.11267e-05 0.999999 -0.00103738 0.00297723 0.00103662 0.999995 -0.0484471 0.0872034 -0.298645
FixedParameters: 0 0 0

#Transform 158
Transform: AffineTransform_float_3_3
Parameters: 0.999996 0.000460202 -0.00303555 -0.000463312 1 -0.000879268 0.00303487 0.000880731 0.999995 -0.0357093 0.084702 -0.365204
FixedParameters: 0 0 0

#Transform 159
Transform: AffineTransform_float_3_3
Parameters: 0.999996 5.48064e-05 -0.00260524 -5.73974e-05 1 -0.000673828 0.00260477 0.00067417 0.999996 -0.0398098 0.114041 -0.256446
FixedParameters: 0 0 0

#Transform 160
Transform: AffineTransform_float_3_3
Parameters: 0.999997 0.000392428 -0.00266249 -0.000395491 1 -0.00106713 0.00266271 0.00106787 0.999996 -0.0276663 0.1064 -0.376859
FixedParameters: 0 0 0

#Transform 161
Transform: AffineTransform_float_3_3
Parameters: 0.999995 0.000480013 -0.00331695 -0.000487079 0.999998 -0.00213291 0.00331623 0.00213409 0.999992 -0.0413095 0.0958723 -0.366935
FixedParameters: 0 0 0

#Transform 162
Transform: AffineTransform_float_3_3
Parameters: 0.999995 0.000947399 -0.00321992 -0.000954317 0.999997 -0.00223466 0.00321792 0.00223734 0.999993 -0.0453033 0.113911 -0.372969
FixedParameters: 0 0 0

#Transform 163
Transform: AffineTransform_float_3_3
Parameters: 0.999994 0.000815171 -0.00314743 -0.000820803 0.999998 -0.0018733 0.0031461 0.0018757 0.999993 -0.0609912 0.100142 -0.382864
FixedParameters: 0 0 0

#Transform 164
Transform: AffineTransform_float_3_3
Parameters: 0.999993 0.000803419 -0.00370723 -0.000813057 0.999997 -0.00255622 0.00370458 0.00255878 0.99999 -0.0383179 0.074172 -0.427499
FixedParameters: 0 0 0

#Transform 165
Transform: AffineTransform_float_3_3
Parameters: 0.999991 0.00047715 -0.00405926 -0.000489172 0.999996 -0.00301653 0.00405756 0.00301847 0.999987 -0.0554423 0.0619367 -0.381968
FixedParameters: 0 0 0

#Transform 166
Transform: AffineTransform_float_3_3
Parameters: 0.999991 0.000519884 -0.00417007 -0.000532817 0.999996 -0.0030453 0.00416809 0.0030477 0.999986 -0.0581478 0.0643861 -0.375101
FixedParameters: 0 0 0

#Transform 167
Transform: AffineTransform_float_3_3
Parameters: 0.999995 0.000618956 -0.00307525 -0.000628893 0.999994 -0.00334375 0.00307309 0.00334625 0.999989 -0.0621947 0.0698481 -0.29683
FixedParameters: 0 0 0

#Transform 168
Transform: AffineTransform_float_3_3
Parameters: 0.999994 0.000557088 -0.00321192 -0.000571566 0.99999 -0.00446071 0.00320956 0.0044623 0.999985 -0.0661307 0.0406287 -0.339773
FixedParameters: 0 0 0

#Transform 169
Transform: AffineTransform_float_3_3
Parameters: 0.999995 0.000623918 -0.00305663 -0.0006368 0.99999 -0.00442659 0.00305372 0.00442841 0.999986 -0.0638756 0.0442488 -0.377475
FixedParameters: 0 0 0

#Transform 170
Transform: AffineTransform_float_3_3
Parameters: 0.999993 0.000473061 -0.00366856 -0.000492913 0.999985 -0.00537188 0.00366593 0.00537413 0.999979 -0.0578531 0.0307621 -0.432208
FixedParameters: 0 0 0

#Transform 171
Transform: AffineTransform_float_3_3
Parameters: 0.999994 0.000381031 -0.00361291 -0.000400985 0.999985 -0.00554274 0.00360982 0.00554425 0.999978 -0.0566906 0.0168286 -0.416206
FixedParameters: 0 0 0

#Transform 172
Transform: AffineTransform_float_3_3
Parameters: 0.999992 0.000242898 -0.00393877 -0.000262092 0.999988 -0.00493765 0.0039366 0.00493835 0.99998 -0.0757451 0.00999184 -0.405388
FixedParameters: 0 0 0

#Transform 173
Transform: AffineTransform_float_3_3
Parameters: 0.999995 0.000153819 -0.00291899 -0.000165534 0.999993 -0.00376 0.00291887 0.003761 0.999989 -0.0556282 0.043788 -0.297181
FixedParameters: 0 0 0

#Transform 174
Transform: AffineTransform_float_3_3
Parameters: 0.999993 -3.4601e-05 -0.00356853 2.39078e-05 0.999995 -0.00319055 0.00356902 0.00319046 0.999989 -0.0350962 0.0246737 -0.360628
FixedParameters: 0 0 0

#Transform 175
Transform: AffineTransform_float_3_3
Parameters: 0.999992 -1.44472e-05 -0.00396361 -1.08106e-06 0.999992 -0.00399611 0.00396333 0.0039969 0.999984 -0.0562284 0.00509205 -0.428932
FixedParameters: 0 0 0

#Transform 176
Transform: AffineTransform_float_3_3
Parameters: 0.999995 4.84574e-05 -0.00337 -6.09061e-05 0.999993 -0.00377577 0.0033695 0.00377623 0.999987 -0.0458798 0.0138009 -0.396414
FixedParameters: 0 0 0

#Transform 177
Transform: AffineTransform_float_3_3
Parameters: 0.999994 0.000196922 -0.00352437 -0.000210787 0.999992 -0.00399723 0.00352318 0.00399877 0.999985 -0.0561054 0.0316627 -0.375
FixedParameters: 0 0 0

#Transform 178
Transform: AffineTransform_float_3_3
Parameters: 0.999994 0.000195501 -0.00331839 -0.000211177 0.999988 -0.00485548 0.003317 0.00485552 0.999983 -0.057592 0.0302131 -0.45142
FixedParameters: 0 0 0

#Transform 179
Transform: AffineTransform_float_3_3
Parameters: 0.999994 -7.2566e-05 -0.00362784 5.11914e-05 0.999983 -0.00573366 0.00362757 0.00573333 0.999977 -0.0676776 0.016503 -0.450648
FixedParameters: 0 0 0
