#Insight Transform File V1.0
#Transform 0
Transform: AffineTransform_float_3_3
Parameters: 0.999998 0.000522189 -0.00153763 -0.000524741 0.999999 -0.00125568 0.00153684 0.00125732 0.999998 -0.121988 0.165139 0.623557
FixedParameters: 0 0 0

#Transform 1
Transform: AffineTransform_float_3_3
Parameters: 0.999999 0.000637664 -0.000348073 -0.000637902 0.999999 -0.000341778 0.000347636 0.000342221 1 -0.0234356 0.0765896 -0.235981
FixedParameters: 0 0 0

#Transform 2
Transform: AffineTransform_float_3_3
Parameters: 1 0.000392546 -0.000502745 -0.000393266 1 -0.000716162 0.000502183 0.000715838 0.999999 0.0115729 0.112554 -0.2282
FixedParameters: 0 0 0

#Transform 3
Transform: AffineTransform_float_3_3
Parameters: 0.999999 0.000506178 -0.000657389 -0.000506816 1 -0.000484667 0.000656898 0.000485332 0.999999 0.00535273 0.122024 -0.261676
FixedParameters: 0 0 0

#Transform 4
Transform: AffineTransform_float_3_3
Parameters: 0.999999 0.000511512 -0.000644618 -0.000512423 0.999999 -0.000706669 0.000643894 0.000707329 0.999999 0.00549031 0.12914 -0.28477
FixedParameters: 0 0 0

#Transform 5
Transform: AffineTransform_float_3_3
Parameters: 0.999999 0.000481459 -0.00071542 -0.000482303 0.999999 -0.000589655 0.000714851 0.000590344 0.999999 0.0154944 0.134078 -0.306012
FixedParameters: 0 0 0

#Transform 6
Transform: AffineTransform_float_3_3
Parameters: 0.999999 0.000450953 -0.000787193 -0.000451464 0.999999 -0.000572492 0.000787597 0.000572508 0.999999 0.0194458 0.12768 -0.321337
FixedParameters: 0 0 0

#Transform 7
Transform: AffineTransform_float_3_3
Parameters: 1 0.000175582 -0.00100044 -0.00017538 0.999999 -0.000554672 0.00100078 0.000554328 0.999999 0.0215551 0.128729 -0.315196
FixedParameters: 0 0 0

#Transform 8
Transform: AffineTransform_float_3_3
Parameters: 0.999999 0.000260703 -0.00123447 -0.000261002 1 -0.000651318 0.00123466 0.000652682 0.999999 0.0221429 0.129328 -0.316138
FixedParameters: 0 0 0

#Transform 9
Transform: AffineTransform_float_3_3
Parameters: 0.999998 0.000161679 -0.00164427 -0.000162358 1 -0.000486221 0.00164372 0.000486778 0.999998 0.0299932 0.133006 -0.296691
FixedParameters: 0 0 0

#Transform 10
Transform: AffineTransform_float_3_3
Parameters: 0.999998 9.78606e-05 -0.0016173 -9.91473e-05 0.999999 -0.000682328 0.00161677 0.000682671 0.999998 0.0312398 0.122176 -0.289396
FixedParameters: 0 0 0

#Transform 11
Transform: AffineTransform_float_3_3
Parameters: 0.999999 0.000252879 -0.00125372 -0.000253727 1 -0.000337322 0.00125355 0.000338677 0.999999 0.0232222 0.144249 -0.286676
FixedParameters: 0 0 0

#Transform 12
Transform: AffineTransform_float_3_3
Parameters: 0.999999 0.000145215 -0.00150771 -0.000145708 1 -0.000163268 0.00150767 0.000163731 0.999999 0.0312013 0.141774 -0.289139
FixedParameters: 0 0 0

#Transform 13
Transform: AffineTransform_float_3_3
Parameters: 0.999998 9.84816e-05 -0.00161726 -9.94471e-05 1 -0.000298327 0.0016172 0.000298672 0.999999 0.0294369 0.139565 -0.298297
FixedParameters: 0 0 0

#Transform 14
Transform: AffineTransform_float_3_3
Parameters: 0.999999 0.000202056 -0.00137336 -0.000202961 1 -0.000329209 0.00137323 0.00032979 0.999999 0.0125115 0.139913 -0.296965
FixedParameters: 0 0 0

#Transform 15
Transform: AffineTransform_float_3_3
Parameters: 1 0.000205958 -0.00116208 -0.000206395 1 -0.000355401 0.00116286 0.000356599 0.999999 0.0114167 0.137824 -0.292586
FixedParameters: 0 0 0

#Transform 16
Transform: AffineTransform_float_3_3
Parameters: 1 0.000331391 -0.00106875 -0.00033229 0.999999 -0.000420492 0.00106847 0.000420507 0.999999 -0.00703363 0.137431 -0.301153
FixedParameters: 0 0 0

#Transform 17
Transform: AffineTransform_float_3_3
Parameters: 0.999999 0.000431603 -0.000833097 -0.000431741 1 -0.00031664 0.000833744 0.00031736 0.999999 -0.00658547 0.147478 -0.279437
FixedParameters: 0 0 0

#Transform 18
Transform: AffineTransform_float_3_3
Parameters: 0.999998 0.000367055 -0.0015912 -0.000366692 1 -0.000298112 0.00159151 0.00029789 0.999999 -0.0127397 0.143379 -0.294927
FixedParameters: 0 0 0

#Transform 19
Transform: AffineTransform_float_3_3
Parameters: 0.999998 6.51274e-05 -0.0016955 -6.6377e-05 1 -0.000368375 0.00169545 0.000368623 0.999998 0.00984731 0.14418 -0.297704
FixedParameters: 0 0 0

#Transform 20
Transform: AffineTransform_float_3_3
Parameters: 0.999999 0.000327759 -0.00141261 -0.000328198 1 -0.000293024 0.00141334 0.000293976 0.999999 2.99775e-05 0.144126 -0.290942
FixedParameters: 0 0 0

#Transform 21
Transform: AffineTransform_float_3_3
Parameters: 0.999999 0.000513231 -0.00149253 -0.00051422 1 -0.00033108 0.00149219 0.000331919 0.999999 -0.00896961 0.151105 -0.278394
FixedParameters: 0 0 0

#Transform 22
Transform: AffineTransform_float_3_3
Parameters: 0.999998 0.000591313 -0.00154793 -0.000592251 1 -0.000725931 0.0015476 0.000727069 0.999998 -0.0109457 0.160338 -0.274858
FixedParameters: 0 0 0

#Transform 23
Transform: AffineTransform_float_3_3
Parameters: 0.999999 0.000548317 -0.00123818 -0.000549589 1 -0.000513168 0.00123762 0.000513832 1 -0.016235 0.153359 -0.267863
FixedParameters: 0 0 0

#Transform 24
Transform: AffineTransform_float_3_3
Parameters: 0.999999 0.000273387 -0.00120499 -0.000274246 0.999999 -0.000518157 0.00120562 0.000518842 0.999999 -0.0103803 0.153686 -0.260779
FixedParameters: 0 0 0

#Transform 25
Transform: AffineTransform_float_3_3
Parameters: 0.999998 0.000317693 -0.00166062 -0.000318054 1 -0.00050332 0.00166083 0.000503681 0.999998 -0.0212159 0.151363 -0.277016
FixedParameters: 0 0 0

#Transform 26
Transform: AffineTransform_float_3_3
Parameters: 0.999999 0.000116181 -0.00157494 -0.000116384 1 -0.000480305 0.00157536 0.000480696 0.999998 -0.00935764 0.14334 -0.286158
FixedParameters: 0 0 0

#Transform 27
Transform: AffineTransform_float_3_3
Parameters: 0.999999 0.000116057 -0.00157495 -0.000116508 0.999999 -0.000559304 0.00157535 0.000559695 0.999998 -0.0130215 0.148478 -0.272504
FixedParameters: 0 0 0

#Transform 28
Transform: AffineTransform_float_3_3
Parameters: 0.999999 0.00011621 -0.00157494 -0.000116355 1 -0.000462305 0.00157536 0.000462696 0.999999 -0.0045879 0.152739 -0.264335
FixedParameters: 0 0 0

#Transform 29
Transform: AffineTransform_float_3_3
Parameters: 0.999999 0.000267754 -0.00121874 -0.000268548 1 -0.000325161 0.00121857 0.000325839 1 -0.00167587 0.154459 -0.262655
FixedParameters: 0 0 0

#Transform 30
Transform: AffineTransform_float_3_3
Parameters: 0.999999 0.000116833 -0.00157489 -0.000117043 1 -6.63033e-05 0.00157488 6.66963e-05 0.999999 -0.00455063 0.152544 -0.28802
FixedParameters: 0 0 0

#Transform 31
Transform: AffineTransform_float_3_3
Parameters: 0.999999 0.000119624 -0.00156845 -0.000119722 1 -3.12998e-05 0.00156844 3.16999e-05 0.999999 -0.00448355 0.144336 -0.292241
FixedParameters: 0 0 0

#Transform 32
Transform: AffineTransform_float_3_3
Parameters: 0.999999 -4.47549e-05 -0.00125965 4.47323e-05 1 -8.69664e-06 0.00125965 9.30326e-06 0.999999 0.00210032 0.157748 -0.27405
FixedParameters: 0 0 0

#Transform 33
Transform: AffineTransform_float_3_3
Parameters: 0.999999 -0.000454276 -0.00146493 0.00045472 1 0.000150846 0.00146479 -0.000152153 0.999999 0.0049608 0.153086 -0.256611
FixedParameters: 0 0 0

#Transform 34
Transform: AffineTransform_float_3_3
Parameters: 0.999999 -0.000336081 -0.00120981 0.000336756 1 0.000278953 0.00120962 -0.000279047 0.999999 0.00688132 0.169422 -0.246323
FixedParameters: 0 0 0

#Transform 35
Transform: AffineTransform_float_3_3
Parameters: 1 -0.000254242 -0.00114782 0.000255153 1 0.000397067 0.00114762 -0.000396932 0.999999 -0.00285866 0.166856 -0.242066
FixedParameters: 0 0 0

#Transform 36
Transform: AffineTransform_float_3_3
Parameters: 1 -0.000186468 -0.000987599 0.000186563 1 0.000246176 0.000986587 -0.000245825 1 0.000349405 0.158132 -0.237715
FixedParameters: 0 0 0

#Transform 37
Transform: AffineTransform_float_3_3
Parameters: 1 -0.000265028 -0.00117262 0.000265467 1 0.000187049 0.00117252 -0.000186951 0.999999 -0.00332795 0.155443 -0.229266
FixedParameters: 0 0 0

#Transform 38
Transform: AffineTransform_float_3_3
Parameters: 1 -0.000451639 -0.0009164 0.000451312 1 0.000323946 0.000916498 -0.000324054 1 0.012684 0.168278 -0.222959
FixedParameters: 0 0 0

#Transform 39
Transform: AffineTransform_float_3_3
Parameters: 0.999999 -0.00077017 -0.00167853 0.000771296 0.999999 0.000492425 0.00167908 -0.000493575 0.999999 0.0044224 0.171928 -0.227074
FixedParameters: 0 0 0

#Transform 40
Transform: AffineTransform_float_3_3
Parameters: 0.999999 -0.000409541 -0.00151426 0.000409956 1 0.000440739 0.00151429 -0.000441261 0.999998 0.00358318 0.176851 -0.220729
FixedParameters: 0 0 0

#Transform 41
Transform: AffineTransform_float_3_3
Parameters: 0.999999 -0.000497054 -0.00117412 0.00049747 1 0.000176776 0.00117395 -0.000177224 0.999999 0.00962941 0.16436 -0.202848
FixedParameters: 0 0 0

#Transform 42
Transform: AffineTransform_float_3_3
Parameters: 1 -0.000479336 -0.000981776 0.000480019 1 0.000347889 0.000981442 -0.000348111 1 0.00853877 0.171002 -0.187341
FixedParameters: 0 0 0

#Transform 43
Transform: AffineTransform_float_3_3
Parameters: 0.999999 -0.000597523 -0.00113045 0.00059873 1 0.000533683 0.00112981 -0.000534316 0.999999 0.0116076 0.165105 -0.188983
FixedParameters: 0 0 0

#Transform 44
Transform: AffineTransform_float_3_3
Parameters: 1 -0.000599473 -0.000935215 0.000600498 0.999999 0.000547798 0.000934558 -0.000548201 1 -0.00256591 0.154615 -0.196267
FixedParameters: 0 0 0

#Transform 45
Transform: AffineTransform_float_3_3
Parameters: 0.999999 -0.000750103 -0.00112661 0.000750806 0.999999 0.000546514 0.0011271 -0.000547486 0.999999 -0.0113483 0.165688 -0.20465
FixedParameters: 0 0 0

#Transform 46
Transform: AffineTransform_float_3_3
Parameters: 1 -0.000628552 -0.000863185 0.000629694 0.999999 0.000661816 0.000862352 -0.000662183 1 -0.0113151 0.170901 -0.178525
FixedParameters: 0 0 0

#Transform 47
Transform: AffineTransform_float_3_3
Parameters: 0.999999 -0.000798879 -0.000992078 0.000800006 1 0.00103205 0.000990818 -0.00103295 0.999999 -0.0128917 0.166697 -0.19271
FixedParameters: 0 0 0

#Transform 48
Transform: AffineTransform_float_3_3
Parameters: 1 -0.000730268 -0.000926539 0.000731591 0.999999 0.000714529 0.000925495 -0.000714469 0.999999 -0.0130081 0.159732 -0.185451
FixedParameters: 0 0 0

#Transform 49
Transform: AffineTransform_float_3_3
Parameters: 0.999999 -0.000731206 -0.00119003 0.000731844 0.999999 0.000654489 0.00118947 -0.00065551 0.999999 -0.0166232 0.164199 -0.194877
FixedParameters: 0 0 0

#Transform 50
Transform: AffineTransform_float_3_3
Parameters: 0.999999 -0.00105813 -0.000940557 0.00105793 0.999999 0.000382212 0.000940138 -0.000382788 0.999999 -0.00854171 0.168605 -0.169544
FixedParameters: 0 0 0

#Transform 51
Transform: AffineTransform_float_3_3
Parameters: 1 -0.000654502 -0.00100737 0.000654741 1 0.000118547 0.00100722 -0.000118452 0.999999 -0.00920529 0.162104 -0.172601
FixedParameters: 0 0 0

#Transform 52
Transform: AffineTransform_float_3_3
Parameters: 0.999999 -0.000925083 -0.00103936 0.000925054 0.999999 0.000428398 0.00103895 -0.000429602 1 -0.0118652 0.173764 -0.156184
FixedParameters: 0 0 0

#Transform 53
Transform: AffineTransform_float_3_3
Parameters: 1 -0.000832687 -0.000826538 0.00083247 1 0.000425519 0.000826221 -0.000425481 1 -0.0101908 0.170189 -0.121558
FixedParameters: 0 0 0

#Transform 54
Transform: AffineTransform_float_3_3
Parameters: 1 -0.00080411 -0.000713927 0.000804707 0.999999 0.000788785 0.000713969 -0.000789215 1 -0.0160171 0.17314 -0.121111
FixedParameters: 0 0 0

#Transform 55
Transform: AffineTransform_float_3_3
Parameters: 1 -0.00103838 -0.000608247 0.00103981 0.999999 0.000861368 0.000607376 -0.000862632 1 -0.0160119 0.159543 -0.136438
FixedParameters: 0 0 0

#Transform 56
Transform: AffineTransform_float_3_3
Parameters: 0.999999 -0.000950009 -0.000863992 0.00095111 0.999999 0.000943179 0.000863509 -0.000944821 0.999999 -0.00900334 0.162288 -0.147658
FixedParameters: 0 0 0

#Transform 57
Transform: AffineTransform_float_3_3
Parameters: 1 -0.000973774 -0.000703871 0.000974679 0.999999 0.000643521 0.000702617 -0.000643477 1 -0.00315922 0.151985 -0.149272
FixedParameters: 0 0 0

#Transform 58
Transform: AffineTransform_float_3_3
Parameters: 0.999999 -0.000872679 -0.00042407 0.000872213 0.999999 0.000536477 0.000423525 -0.000536522 0.999999 -0.00392448 0.154956 -0.147166
FixedParameters: 0 0 0

#Transform 59
Transform: AffineTransform_float_3_3
Parameters: 1 -0.000996943 -0.000533486 0.000997863 1 0.000863316 0.000531764 -0.000863684 1 -0.0065443 0.173696 -0.136799
FixedParameters: 0 0 0

#Transform 60
Transform: AffineTransform_float_3_3
Parameters: 0.999999 -0.000864283 -0.000407095 0.00086484 0.999999 0.000684647 0.000405911 -0.00068535 0.999999 -0.0129744 0.17447 -0.12498
FixedParameters: 0 0 0

#Transform 61
Transform: AffineTransform_float_3_3
Parameters: 0.999999 -0.000932351 -0.000378399 0.000933398 0.999999 0.000867648 0.0003777 -0.000868353 1 -0.013832 0.164689 -0.149457
FixedParameters: 0 0 0

#Transform 62
Transform: AffineTransform_float_3_3
Parameters: 1 -0.0010468 -0.00038782 0.00104723 0.999998 0.00123959 0.000386534 -0.0012404 0.999999 -0.0193926 0.169829 -0.14199
FixedParameters: 0 0 0

#Transform 63
Transform: AffineTransform_float_3_3
Parameters: 1 -0.00103609 -0.000382202 0.00103618 0.999999 0.000809605 0.000381835 -0.000810397 1 -0.0251998 0.161576 -0.153273
FixedParameters: 0 0 0

#Transform 64
Transform: AffineTransform_float_3_3
Parameters: 1 -0.00106597 -0.000598587 0.00106678 0.999999 0.000680569 0.000597136 -0.00068043 1 -0.0116728 0.166292 -0.141748
FixedParameters: 0 0 0

#Transform 65
Transform: AffineTransform_float_3_3
Parameters: 0.999999 -0.000998745 -0.000766274 0.000999696 0.999999 0.000966082 0.000765654 -0.000966918 0.999999 -0.0123133 0.170578 -0.139507
FixedParameters: 0 0 0

#Transform 66
Transform: AffineTransform_float_3_3
Parameters: 0.999999 -0.00114066 -0.000696961 0.0011411 0.999999 0.000316412 0.000696239 -0.000316587 1 -0.0130389 0.164605 -0.137719
FixedParameters: 0 0 0

#Transform 67
Transform: AffineTransform_float_3_3
Parameters: 1 -0.000966265 -0.000688546 0.000966532 0.999999 0.000578542 0.000688739 -0.000578459 1 -0.00631248 0.169309 -0.135313
FixedParameters: 0 0 0

#Transform 68
Transform: AffineTransform_float_3_3
Parameters: 0.999999 -0.00110464 -0.000796564 0.00110605 0.999998 0.00121512 0.000795187 -0.00121688 0.999999 0.000957732 0.194363 -0.174064
FixedParameters: 0 0 0

#Transform 69
Transform: AffineTransform_float_3_3
Parameters: 0.999999 -0.00106509 -0.000922736 0.0010658 0.999999 0.000883865 0.000921242 -0.000885135 0.999999 -0.00824971 0.190138 -0.166775
FixedParameters: 0 0 0

#Transform 70
Transform: AffineTransform_float_3_3
Parameters: 0.999999 -0.00103844 -0.000858897 0.00103893 0.999999 0.000593468 0.000858974 -0.000594533 1 -0.00770505 0.183827 -0.153593
FixedParameters: 0 0 0

#Transform 71
Transform: AffineTransform_float_3_3
Parameters: 0.999999 -0.00103863 -0.000858669 0.00103835 0.999999 0.000374316 0.000858282 -0.000374685 1 -0.00773077 0.185741 -0.155077
FixedParameters: 0 0 0

#Transform 72
Transform: AffineTransform_float_3_3
Parameters: 0.999999 -0.00113649 -0.000892082 0.00113616 0.999999 0.000328194 0.000891726 -0.000328807 1 -0.0067998 0.186349 -0.135421
FixedParameters: 0 0 0

#Transform 73
Transform: AffineTransform_float_3_3
Parameters: 0.999999 -0.00115164 -0.000807464 0.00115259 0.999999 0.000344276 0.000807591 -0.000344723 1 -0.00546802 0.187797 -0.144181
FixedParameters: 0 0 0

#Transform 74
Transform: AffineTransform_float_3_3
Parameters: 0.999999 -0.0011232 -0.000898058 0.00112368 0.999999 0.000782839 0.000896689 -0.000784161 0.999999 -0.00712671 0.185146 -0.164064
FixedParameters: 0 0 0

#Transform 75
Transform: AffineTransform_float_3_3
Parameters: 0.999999 -0.000998557 -0.00076509 0.00099871 0.999999 0.000702443 0.000764078 -0.000702556 0.999999 -0.0069808 0.189425 -0.154389
FixedParameters: 0 0 0

#Transform 76
Transform: AffineTransform_float_3_3
Parameters: 0.999999 -0.00124425 -0.000846344 0.0012438 0.999999 0.000282154 0.000846032 -0.000282846 1 -0.00463698 0.185289 -0.151289
FixedParameters: 0 0 0

#Transform 77
Transform: AffineTransform_float_3_3
Parameters: 0.999999 -0.00106598 -0.000921715 0.00106584 0.999999 -7.47756e-05 0.000921874 7.42245e-05 1 0.00165903 0.1747 -0.139944
FixedParameters: 0 0 0

#Transform 78
Transform: AffineTransform_float_3_3
Parameters: 0.999999 -0.00106589 -0.000921815 0.00106593 0.999999 1.92243e-05 0.000921774 -1.97754e-05 1 0.00523495 0.170454 -0.153388
FixedParameters: 0 0 0

#Transform 79
Transform: AffineTransform_float_3_3
Parameters: 0.999999 -0.00119007 -0.000869189 0.00119028 0.999999 0.000120172 0.000868902 -0.000120827 1 -0.00580682 0.166755 -0.148387
FixedParameters: 0 0 0

#Transform 80
Transform: AffineTransform_float_3_3
Parameters: 0.999998 -0.00140375 -0.00077837 0.00140372 0.999999 -1.88859e-05 0.000778422 1.81146e-05 1 -0.00142611 0.165187 -0.159848
FixedParameters: 0 0 0

#Transform 81
Transform: AffineTransform_float_3_3
Parameters: 0.999999 -0.00134136 -0.00080459 0.00134091 0.999999 -0.000280872 0.000805342 0.000280127 1 -0.0120729 0.163563 -0.134861
FixedParameters: 0 0 0

#Transform 82
Transform: AffineTransform_float_3_3
Parameters: 0.999998 -0.00143477 -0.000765597 0.00143529 1 0.000338596 0.000764624 -0.000339403 1 -0.000873919 0.161941 -0.140999
FixedParameters: 0 0 0

#Transform 83
Transform: AffineTransform_float_3_3
Parameters: 0.999998 -0.00153921 -0.000720611 0.00153888 0.999999 -0.000226262 0.000721305 0.000224738 1 -0.0193698 0.164661 -0.189689
FixedParameters: 0 0 0

#Transform 84
Transform: AffineTransform_float_3_3
Parameters: 0.999998 -0.00187264 -0.000580902 0.00187321 0.999998 0.000949401 0.000578653 -0.000951598 1 0.0246382 0.171025 -0.153448
FixedParameters: 0 0 0

#Transform 85
Transform: AffineTransform_float_3_3
Parameters: 0.999999 -0.00150677 -0.000137874 0.00150697 0.999998 0.00124028 0.000136367 -0.00124072 0.999999 0.0112788 0.168972 -0.0854386
FixedParameters: 0 0 0

#Transform 86
Transform: AffineTransform_float_3_3
Parameters: 0.999999 -0.00175103 -0.00038684 0.00175208 0.999996 0.00223566 0.00038255 -0.00223634 0.999997 0.0134809 0.179629 -0.0348184
FixedParameters: 0 0 0

#Transform 87
Transform: AffineTransform_float_3_3
Parameters: 0.999999 -0.00176517 -0.000454988 0.00176608 0.999997 0.00174369 0.000452371 -0.00174531 0.999999 -0.0149925 0.183101 -0.0101405
FixedParameters: 0 0 0

#Transform 88
Transform: AffineTransform_float_3_3
Parameters: 0.999999 -0.00174335 -0.000159029 0.00174413 0.999998 0.00166406 0.000156378 -0.00166394 0.999999 -0.00495772 0.182955 -0.0349768
FixedParameters: 0 0 0

#Transform 89
Transform: AffineTransform_float_3_3
Parameters: 0.999999 -0.00182268 -0.000353227 0.00182392 0.999996 0.00215705 0.000349825 -0.00215695 0.999998 -0.00877329 0.183908 -0.0424863
FixedParameters: 0 0 0

#Transform 90
Transform: AffineTransform_float_3_3
Parameters: 0.999998 -0.00172471 -0.000128072 0.00172542 0.999997 0.00181427 0.000124964 -0.00181473 0.999998 -0.00940178 0.184407 -0.0344974
FixedParameters: 0 0 0

#Transform 91
Transform: AffineTransform_float_3_3
Parameters: 0.999999 -0.00180551 0.000116926 0.00180522 0.999996 0.0022457 -0.000121882 -0.0022453 0.999998 -0.00326654 0.191436 -0.0221719
FixedParameters: 0 0 0

#Transform 92
Transform: AffineTransform_float_3_3
Parameters: 0.999999 -0.00183312 -3.80855e-05 0.00183351 0.999996 0.00198142 3.39723e-05 -0.00198158 0.999998 -0.011395 0.191295 -0.0346112
FixedParameters: 0 0 0

#Transform 93
Transform: AffineTransform_float_3_3
Parameters: 0.999999 -0.00177416 -0.000167795 0.00177367 0.999998 0.00170504 0.000164368 -0.00170496 0.999998 -0.00146099 0.196403 -0.0466367
FixedParameters: 0 0 0

#Transform 94
Transform: AffineTransform_float_3_3
Parameters: 0.999999 -0.00174915 -0.000264869 0.00174888 0.999997 0.00150039 0.000262243 -0.00150061 0.999999 -0.0110948 0.193026 -0.0522573
FixedParameters: 0 0 0

#Transform 95
Transform: AffineTransform_float_3_3
Parameters: 0.999999 -0.00181252 -0.000295492 0.00181307 0.999996 0.00206616 0.000291545 -0.00206584 0.999998 -0.0106583 0.195299 -0.0271677
FixedParameters: 0 0 0

#Transform 96
Transform: AffineTransform_float_3_3
Parameters: 0.999997 -0.00212569 -0.000474557 0.00212683 0.999997 0.00135654 0.00047102 -0.00135646 0.999999 -0.0050779 0.173302 -0.0391496
FixedParameters: 0 0 0

#Transform 97
Transform: AffineTransform_float_3_3
Parameters: 0.999998 -0.00187226 -3.60789e-05 0.00187213 0.999996 0.00219842 3.23103e-05 -0.00219858 0.999998 -0.00390771 0.184833 -0.0279223
FixedParameters: 0 0 0

#Transform 98
Transform: AffineTransform_float_3_3
Parameters: 0.999997 -0.00213072 -0.000474432 0.00213178 0.999994 0.00239469 0.000469078 -0.00239531 0.999997 -0.0124205 0.187597 -0.0303735
FixedParameters: 0 0 0

#Transform 99
Transform: AffineTransform_float_3_3
Parameters: 0.999998 -0.002062 -5.46241e-05 0.00206239 0.999994 0.00264723 4.90908e-05 -0.00264677 0.999996 -0.00748449 0.194779 -0.0416894
FixedParameters: 0 0 0

#Transform 100
Transform: AffineTransform_float_3_3
Parameters: 0.999998 -0.00197167 -0.000176262 0.00197304 0.999996 0.00208499 0.00017211 -0.00208501 0.999998 0.0050516 0.198684 -0.0489357
FixedParameters: 0 0 0

#Transform 101
Transform: AffineTransform_float_3_3
Parameters: 0.999998 -0.00204313 -0.000131362 0.00204291 0.999996 0.00176607 0.000127689 -0.00176593 0.999998 0.00806313 0.189201 -0.0536949
FixedParameters: 0 0 0

#Transform 102
Transform: AffineTransform_float_3_3
Parameters: 0.999998 -0.00196235 -0.000209987 0.00196242 0.999996 0.00176608 0.000206597 -0.00176692 0.999999 0.00551499 0.195119 -0.0516156
FixedParameters: 0 0 0

#Transform 103
Transform: AffineTransform_float_3_3
Parameters: 0.999998 -0.00201103 -0.000247827 0.00201117 0.999997 0.00165084 0.000244729 -0.00165116 0.999999 -0.0109001 0.193918 -0.0514252
FixedParameters: 0 0 0

#Transform 104
Transform: AffineTransform_float_3_3
Parameters: 0.999998 -0.00186954 -0.000133863 0.00187022 0.999997 0.00162309 0.000130946 -0.00162291 0.999999 -0.00296668 0.194004 -0.0528166
FixedParameters: 0 0 0

#Transform 105
Transform: AffineTransform_float_3_3
Parameters: 0.999999 -0.00176769 -0.000100735 0.00176825 0.999997 0.00152316 9.85018e-05 -0.00152284 0.999998 -0.0122814 0.195294 -0.0500463
FixedParameters: 0 0 0

#Transform 106
Transform: AffineTransform_float_3_3
Parameters: 0.999998 -0.00204086 -0.00051075 0.00204136 0.999997 0.0015333 0.00050711 -0.0015347 0.999999 -0.00383429 0.193238 -0.0546687
FixedParameters: 0 0 0

#Transform 107
Transform: AffineTransform_float_3_3
Parameters: 0.999998 -0.00204641 -0.000121904 0.00204651 0.999997 0.000986087 0.0001201 -0.000985912 0.999999 0.017873 0.186206 -0.0521
FixedParameters: 0 0 0

#Transform 108
Transform: AffineTransform_float_3_3
Parameters: 0.999996 -0.00231873 -0.00118176 0.00232111 0.999996 0.0016808 0.00117789 -0.00168419 0.999998 0.0264406 0.201391 -0.0835008
FixedParameters: 0 0 0

#Transform 109
Transform: AffineTransform_float_3_3
Parameters: 0.999998 -0.00199871 -0.000576809 0.00199994 0.999997 0.00118454 0.000574302 -0.00118546 1 0.0304247 0.200154 -0.0967764
FixedParameters: 0 0 0

#Transform 110
Transform: AffineTransform_float_3_3
Parameters: 0.999998 -0.00195276 -0.000304658 0.0019535 0.999998 0.00145474 0.000301207 -0.00145526 0.999999 0.0288138 0.197858 -0.072466
FixedParameters: 0 0 0

#Transform 111
Transform: AffineTransform_float_3_3
Parameters: 0.999998 -0.00221407 6.83802e-05 0.00221318 0.999996 0.00153013 -7.16109e-05 -0.00152987 0.999998 0.032092 0.1984 -0.0784164
FixedParameters: 0 0 0

#Transform 112
Transform: AffineTransform_float_3_3
Parameters: 0.999998 -0.00203596 -0.000419334 0.00203652 0.999997 0.00146848 0.000416895 -0.00146952 0.999999 0.0333 0.198871 -0.0843814
FixedParameters: 0 0 0

#Transform 113
Transform: AffineTransform_float_3_3
Parameters: 0.999998 -0.00199353 -0.000437554 0.00199427 0.999997 0.00162347 0.000434621 -0.00162453 0.999999 0.0324018 0.21873 -0.0907543
FixedParameters: 0 0 0

#Transform 114
Transform: AffineTransform_float_3_3
Parameters: 0.999998 -0.00191791 -0.000469814 0.00191801 0.999996 0.00180159 0.000466833 -0.00180341 0.999998 0.0309177 0.218486 -0.096369
FixedParameters: 0 0 0

#Transform 115
Transform: AffineTransform_float_3_3
Parameters: 0.999999 -0.00183019 -0.000356768 0.00183029 0.999997 0.00163004 0.000353424 -0.00162995 0.999998 0.0311974 0.216946 -0.0979745
FixedParameters: 0 0 0

#Transform 116
Transform: AffineTransform_float_3_3
Parameters: 0.999998 -0.00200458 -0.000341001 0.00200516 0.999996 0.00183665 0.000337179 -0.00183734 0.999998 0.0338291 0.219219 -0.0924709
FixedParameters: 0 0 0

#Transform 117
Transform: AffineTransform_float_3_3
Parameters: 0.999998 -0.00231693 -0.000300263 0.00231706 0.999996 0.00133464 0.00029762 -0.00133536 1 0.0389262 0.205588 -0.0817566
FixedParameters: 0 0 0

#Transform 118
Transform: AffineTransform_float_3_3
Parameters: 0.999997 -0.0020967 -0.000393916 0.00209821 0.999997 0.00160251 0.000390344 -0.00160349 0.999999 0.0343673 0.204975 -0.0688562
FixedParameters: 0 0 0

#Transform 119
Transform: AffineTransform_float_3_3
Parameters: 0.999998 -0.00226252 -0.000323749 0.00226285 0.999996 0.00155761 0.000320241 -0.00155839 0.999999 0.0379043 0.185918 -0.06755
FixedParameters: 0 0 0

#Transform 120
Transform: AffineTransform_float_3_3
Parameters: 0.999996 -0.00257577 -0.000190369 0.00257646 0.999995 0.00116249 0.00018753 -0.00116351 0.999999 0.0469837 0.196411 -0.0579831
FixedParameters: 0 0 0

#Transform 121
Transform: AffineTransform_float_3_3
Parameters: 0.999996 -0.0029107 -0.00087758 0.00291144 0.999995 0.00133133 0.000873755 -0.00133367 0.999999 0.0494964 0.207364 -0.0511234
FixedParameters: 0 0 0

#Transform 122
Transform: AffineTransform_float_3_3
Parameters: 0.999997 -0.00264342 -0.000428869 0.00264452 0.999995 0.00160669 0.000424832 -0.00160831 0.999998 0.0421244 0.195264 -0.0339206
FixedParameters: 0 0 0

#Transform 123
Transform: AffineTransform_float_3_3
Parameters: 0.999997 -0.00240445 -0.000769681 0.00240645 0.999995 0.00208318 0.000764509 -0.00208481 0.999997 0.0310525 0.204712 -0.031976
FixedParameters: 0 0 0

#Transform 124
Transform: AffineTransform_float_3_3
Parameters: 0.999997 -0.0024771 -0.000594736 0.0024788 0.999994 0.00211571 0.000590022 -0.00211728 0.999997 0.0460063 0.213278 -0.0150487
FixedParameters: 0 0 0

#Transform 125
Transform: AffineTransform_float_3_3
Parameters: 0.999996 -0.00273708 -0.000293043 0.00273787 0.999991 0.00299603 0.000284644 -0.00299696 0.999995 0.0516163 0.214983 -0.019545
FixedParameters: 0 0 0

#Transform 126
Transform: AffineTransform_float_3_3
Parameters: 0.999997 -0.00265009 -0.000357385 0.00265004 0.999993 0.00236624 0.000351007 -0.00236676 0.999997 0.0487692 0.200401 -0.0439592
FixedParameters: 0 0 0

#Transform 127
Transform: AffineTransform_float_3_3
Parameters: 0.999997 -0.00237611 -0.000478885 0.00237693 0.999994 0.0021162 0.000473677 -0.0021178 0.999998 0.0536853 0.205157 -0.0352589
FixedParameters: 0 0 0

#Transform 128
Transform: AffineTransform_float_3_3
Parameters: 0.999998 -0.00225944 -0.000168412 0.0022598 0.999996 0.0019136 0.000164226 -0.0019144 0.999998 0.0321264 0.198537 -0.046381
FixedParameters: 0 0 0

#Transform 129
Transform: AffineTransform_float_3_3
Parameters: 0.999996 -0.00272731 -0.000603211 0.00272908 0.999993 0.00259155 0.000596151 -0.00259345 0.999997 0.0334002 0.206446 -0.0278275
FixedParameters: 0 0 0

#Transform 130
Transform: AffineTransform_float_3_3
Parameters: 0.999996 -0.0027321 -0.000600419 0.0027331 0.999994 0.0022804 0.000594118 -0.0022816 0.999997 0.0335323 0.186021 -0.00377584
FixedParameters: 0 0 0

#Transform 131
Transform: AffineTransform_float_3_3
Parameters: 0.999996 -0.0029772 -0.000461618 0.00297808 0.999992 0.0024223 0.000454275 -0.00242369 0.999997 0.0389587 0.198609 -0.00554843
FixedParameters: 0 0 0

#Transform 132
Transform: AffineTransform_float_3_3
Parameters: 0.999996 -0.00280989 -0.000393311 0.00281117 0.999992 0.00285673 0.000385255 -0.00285827 0.999996 0.037579 0.201918 0.00756928
FixedParameters: 0 0 0

#Transform 133
Transform: AffineTransform_float_3_3
Parameters: 0.999996 -0.00303268 -0.000502428 0.00303407 0.999992 0.0028678 0.00049434 -0.0028702 0.999996 0.0392444 0.207411 0.0106408
FixedParameters: 0 0 0

#Transform 134
Transform: AffineTransform_float_3_3
Parameters: 0.999995 -0.0028964 -0.000372226 0.00289668 0.999991 0.0029136 0.000363742 -0.00291439 0.999995 0.0390746 0.207033 0.0188896
FixedParameters: 0 0 0

#Transform 135
Transform: AffineTransform_float_3_3
Parameters: 0.999996 -0.00279444 -0.000114799 0.00279415 0.999992 0.002984 0.000106129 -0.002984 0.999995 0.036533 0.214721 0.025972
FixedParameters: 0 0 0

#Transform 136
Transform: AffineTransform_float_3_3
Parameters: 0.999997 -0.00243431 -6.97945e-05 0.00243514 0.999994 0.00244217 6.42077e-05 -0.00244183 0.999997 0.0276645 0.197415 0.0047865
FixedParameters: 0 0 0

#Transform 137
Transform: AffineTransform_float_3_3
Parameters: 0.999997 -0.00270433 4.25995e-05 0.00270442 0.999992 0.00297159 -5.01354e-05 -0.00297141 0.999996 0.0327507 0.207646 0.0288745
FixedParameters: 0 0 0

#Transform 138
Transform: AffineTransform_float_3_3
Parameters: 0.999996 -0.00284168 9.96201e-05 0.00284176 0.999991 0.00324991 -0.000108635 -0.00325009 0.999995 0.0320712 0.213888 0.033497
FixedParameters: 0 0 0

#Transform 139
Transform: AffineTransform_float_3_3
Parameters: 0.999996 -0.0027372 -0.000154124 0.00273807 0.999992 0.00299805 0.000145322 -0.00299895 0.999995 0.0398334 0.208309 0.0204977
FixedParameters: 0 0 0

#Transform 140
Transform: AffineTransform_float_3_3
Parameters: 0.999996 -0.00279097 7.89034e-05 0.00278991 0.999992 0.00303169 -8.68948e-05 -0.00303131 0.999995 0.0439701 0.21488 0.00353674
FixedParameters: 0 0 0

#Transform 141
Transform: AffineTransform_float_3_3
Parameters: 0.999996 -0.00276075 -0.000143514 0.00276107 0.999991 0.00314244 0.000135088 -0.00314256 0.999995 0.0403099 0.225965 -0.00779601
FixedParameters: 0 0 0

#Transform 142
Transform: AffineTransform_float_3_3
Parameters: 0.999996 -0.00280758 -0.000347468 0.00280841 0.999993 0.00238886 0.000339823 -0.00239014 0.999997 0.0380391 0.215088 -0.019855
FixedParameters: 0 0 0

#Transform 143
Transform: AffineTransform_float_3_3
Parameters: 0.999997 -0.00269525 -0.000185839 0.00269522 0.999994 0.00215033 0.000180021 -0.00215067 0.999998 0.0309272 0.205294 -0.0285007
FixedParameters: 0 0 0

#Transform 144
Transform: AffineTransform_float_3_3
Parameters: 0.999996 -0.00285659 -0.000559218 0.00285798 0.999993 0.00245408 0.000552275 -0.00245592 0.999997 0.0357819 0.212577 -0.0277488
FixedParameters: 0 0 0

#Transform 145
Transform: AffineTransform_float_3_3
Parameters: 0.999996 -0.00277805 -0.000360207 0.0027785 0.999993 0.00249883 0.000353404 -0.00250017 0.999997 0.0275008 0.216348 -0.0195399
FixedParameters: 0 0 0

#Transform 146
Transform: AffineTransform_float_3_3
Parameters: 0.999997 -0.0026575 -0.000410083 0.00265802 0.999995 0.00211959 0.000403668 -0.00212041 0.999997 0.0350942 0.222075 -0.029343
FixedParameters: 0 0 0

#Transform 147
Transform: AffineTransform_float_3_3
Parameters: 0.999997 -0.00261371 -0.000435389 0.00261392 0.999994 0.00224905 0.000429795 -0.00224995 0.999998 0.0298158 0.214109 -0.0190067
FixedParameters: 0 0 0

#Transform 148
Transform: AffineTransform_float_3_3
Parameters: 0.999996 -0.00257332 7.65639e-05 0.00257342 0.999994 0.00250018 -8.31263e-05 -0.00249982 0.999997 0.0183673 0.214604 -0.00494635
FixedParameters: 0 0 0

#Transform 149
Transform: AffineTransform_float_3_3
Parameters: 0.999996 -0.00280077 -0.000327313 0.00280158 0.999993 0.00270792 0.000320146 -0.00270909 0.999997 0.0382525 0.220969 0.00154442
FixedParameters: 0 0 0

#Transform 150
Transform: AffineTransform_float_3_3
Parameters: 0.999996 -0.00274995 -0.000282512 0.00275081 0.999994 0.00228806 0.000276619 -0.00228895 0.999998 0.0537438 0.221689 0.0412199
FixedParameters: 0 0 0

#Transform 151
Transform: AffineTransform_float_3_3
Parameters: 0.999997 -0.00241526 0.000485721 0.00241303 0.999989 0.00398095 -0.000495874 -0.00398005 0.999992 -0.0263715 0.253528 0.158795
FixedParameters: 0 0 0

#Transform 152
Transform: AffineTransform_float_3_3
Parameters: 0.999997 -0.0026795 -0.000145917 0.00267989 0.999989 0.00384744 0.000136455 -0.00384755 0.999992 -0.00293667 0.246498 0.163365
FixedParameters: 0 0 0

#Transform 153
Transform: AffineTransform_float_3_3
Parameters: 0.999996 -0.00258155 0.000296143 0.00258026 0.999988 0.00404739 -0.000306656 -0.0040466 0.999991 -0.00198706 0.244891 0.122769
FixedParameters: 0 0 0

#Transform 154
Transform: AffineTransform_float_3_3
Parameters: 0.999997 -0.00268819 0.000295165 0.00268725 0.999988 0.00411343 -0.000305977 -0.00411258 0.999992 -0.00323259 0.25167 0.115487
FixedParameters: 0 0 0

#Transform 155
Transform: AffineTransform_float_3_3
Parameters: 0.999996 -0.00263918 0.00105017 0.00263383 0.999983 0.00511535 -0.00106425 -0.00511265 0.999986 0.0188372 0.263468 0.121487
FixedParameters: 0 0 0

#Transform 156
Transform: AffineTransform_float_3_3
Parameters: 0.999996 -0.00258037 0.000202926 0.00258014 0.999988 0.00424915 -0.000213556 -0.00424885 0.999991 0.0105608 0.260717 0.0723819
FixedParameters: 0 0 0

#Transform 157
Transform: AffineTransform_float_3_3
Parameters: 0.999997 -0.00222343 0.000163212 0.00222221 0.999991 0.00356471 -0.000171441 -0.00356329 0.999994 -0.00528781 0.25138 0.0551469
FixedParameters: 0 0 0

#Transform 158
Transform: AffineTransform_float_3_3
Parameters: 0.999995 -0.00317553 6.21973e-05 0.00317509 0.999987 0.00390832 -7.40191e-05 -0.00390868 0.999992 0.0270501 0.228635 0.0977118
FixedParameters: 0 0 0

#Transform 159
Transform: AffineTransform_float_3_3
Parameters: 0.999995 -0.00319541 0.000276914 0.00319466 0.999985 0.00447165 -0.000291038 -0.00447135 0.99999 0.0164396 0.24418 0.0899755
FixedParameters: 0 0 0

#Transform 160
Transform: AffineTransform_float_3_3
Parameters: 0.999994 -0.0034679 0.000183351 0.0034675 0.999985 0.00436025 -0.000197829 -0.00435975 0.99999 0.0363211 0.239595 0.103502
FixedParameters: 0 0 0

#Transform 161
Transform: AffineTransform_float_3_3
Parameters: 0.999995 -0.00336223 0.000217786 0.00336108 0.999984 0.00447986 -0.000233063 -0.00447914 0.99999 0.0470929 0.255336 0.0924736
FixedParameters: 0 0 0

#Transform 162
Transform: AffineTransform_float_3_3
Parameters: 0.999994 -0.00347138 0.000533653 0.00346945 0.999988 0.00356762 -0.00054619 -0.00356538 0.999994 0.0552899 0.226501 0.085315
FixedParameters: 0 0 0

#Transform 163
Transform: AffineTransform_float_3_3
Parameters: 0.999993 -0.00378413 -0.000112447 0.00378446 0.999988 0.00293103 0.000102339 -0.00293197 0.999995 0.0489429 0.22181 0.0497239
FixedParameters: 0 0 0

#Transform 164
Transform: AffineTransform_float_3_3
Parameters: 0.999994 -0.00366311 -0.000208974 0.00366322 0.999989 0.00293105 0.000197735 -0.00293195 0.999996 0.0598603 0.222449 0.0671899
FixedParameters: 0 0 0

#Transform 165
Transform: AffineTransform_float_3_3
Parameters: 0.999994 -0.00366578 -0.000148438 0.00366688 0.999987 0.00360628 0.000134992 -0.00360672 0.999994 0.0546158 0.226284 0.0877677
FixedParameters: 0 0 0

#Transform 166
Transform: AffineTransform_float_3_3
Parameters: 0.999992 -0.00381112 -0.000112306 0.00381105 0.999986 0.00360639 9.82064e-05 -0.0036066 0.999994 0.0523114 0.223895 0.090872
FixedParameters: 0 0 0

#Transform 167
Transform: AffineTransform_float_3_3
Parameters: 0.999993 -0.00370362 2.65953e-05 0.00370273 0.999989 0.00310956 -3.84667e-05 -0.00310944 0.999995 0.0690685 0.215315 0.0834886
FixedParameters: 0 0 0

#Transform 168
Transform: AffineTransform_float_3_3
Parameters: 0.999992 -0.0038286 0.000270194 0.00382774 0.999987 0.00337029 -0.000283387 -0.00336971 0.999994 0.0720919 0.227912 0.108894
FixedParameters: 0 0 0

#Transform 169
Transform: AffineTransform_float_3_3
Parameters: 0.999993 -0.00391592 0.000215005 0.00391455 0.999987 0.00329494 -0.000227803 -0.00329405 0.999994 0.0708395 0.230613 0.12238
FixedParameters: 0 0 0

#Transform 170
Transform: AffineTransform_float_3_3
Parameters: 0.999993 -0.00389165 0.000180003 0.00389144 0.999987 0.0032548 -0.000192724 -0.00325419 0.999994 0.0612084 0.232692 0.115537
FixedParameters: 0 0 0

#Transform 171
Transform: AffineTransform_float_3_3
Parameters: 0.999993 -0.00385389 0.000465898 0.00385187 0.999987 0.00321005 -0.000478017 -0.00320795 0.999995 0.0725334 0.240428 0.131807
FixedParameters: 0 0 0

#Transform 172
Transform: AffineTransform_float_3_3
Parameters: 0.999991 -0.00418907 0.000467381 0.00418743 0.999985 0.00360735 -0.000483141 -0.00360565 0.999993 0.0658208 0.224944 0.122595
FixedParameters: 0 0 0

#Transform 173
Transform: AffineTransform_float_3_3
Parameters: 0.999991 -0.00424421 0.000222378 0.00424286 0.999984 0.0036647 -0.000237327 -0.00366431 0.999994 0.0837208 0.229263 0.122384
FixedParameters: 0 0 0

#Transform 174
Transform: AffineTransform_float_3_3
Parameters: 0.999992 -0.00408237 0.000712617 0.00408009 0.999984 0.00399845 -0.000729343 -0.00399554 0.999991 0.0793588 0.229074 0.11872
FixedParameters: 0 0 0

#Transform 175
Transform: AffineTransform_float_3_3
Parameters: 0.999991 -0.00421335 0.00052913 0.00421085 0.999982 0.00421399 -0.000547015 -0.00421101 0.999991 0.0748255 0.235745 0.116169
FixedParameters: 0 0 0

#Transform 176
Transform: AffineTransform_float_3_3
Parameters: 0.999992 -0.00409958 0.00015853 0.00409923 0.999982 0.00440461 -0.000176644 -0.00440339 0.99999 0.0602057 0.241005 0.112799
FixedParameters: 0 0 0

#Transform 177
Transform: AffineTransform_float_3_3
Parameters: 0.999992 -0.00415023 0.000407004 0.00414837 0.999984 0.00376244 -0.000422458 -0.00376056 0.999993 0.0645247 0.234574 0.119607
FixedParameters: 0 0 0

#Transform 178
Transform: AffineTransform_float_3_3
Parameters: 0.999991 -0.00403186 0.000632428 0.00402945 0.999985 0.0035926 -0.00064601 -0.0035904 0.999994 0.0819813 0.247685 0.132815
FixedParameters: 0 0 0

#Transform 179
Transform: AffineTransform_float_3_3
Parameters: 0.999991 -0.00417782 0.000369596 0.0041762 0.999984 0.00380529 -0.000385617 -0.0038037 0.999993 0.0753224 0.238776 0.116357
FixedParameters: 0 0 0
