#Insight Transform File V1.0
#Transform 0
Transform: AffineTransform_float_3_3
Parameters: 0.999999 -3.86335e-07 -0.000755408 -1.28806e-06 0.999999 -0.001718 0.000755015 0.001718 0.999998 -0.0608601 0.0986215 0.343319
FixedParameters: 0 0 0

#Transform 1
Transform: AffineTransform_float_3_3
Parameters: 1 0.000526689 0.000268715 -0.000527288 1 0.000387858 -0.000269227 -0.000388142 1 -0.0283866 -0.00749981 0.00269215
FixedParameters: 0 0 0

#Transform 2
Transform: AffineTransform_float_3_3
Parameters: 1 0.00102461 5.99876e-05 -0.00102416 0.999999 0.000615579 -6.00368e-05 -0.000616422 1 -0.0426593 -0.017422 -0.0686822
FixedParameters: 0 0 0

#Transform 3
Transform: AffineTransform_float_3_3
Parameters: 0.999999 0.00123054 -0.000171608 -0.00122938 0.999999 0.000704852 0.000172951 -0.000705147 1 -0.0361804 -0.0438142 -0.184781
FixedParameters: 0 0 0

#Transform 4
Transform: AffineTransform_float_3_3
Parameters: 1 0.00113293 -0.000130315 -0.00113276 0.999999 0.000655789 0.000131801 -0.000656211 1 -0.034156 -0.030307 -0.146321
FixedParameters: 0 0 0

#Transform 5
Transform: AffineTransform_float_3_3
Parameters: 0.999999 0.000800537 1.0615e-05 -0.000799633 1 0.000772632 -9.76881e-06 -0.000773368 1 -0.0306386 -0.0109526 -0.130686
FixedParameters: 0 0 0

#Transform 6
Transform: AffineTransform_float_3_3
Parameters: 1 0.00107667 -0.000107487 -0.00107633 1 -0.000245397 0.000107879 0.000245604 1 -0.0371052 -0.0170741 -0.176316
FixedParameters: 0 0 0

#Transform 7
Transform: AffineTransform_float_3_3
Parameters: 0.999999 0.000521067 0.00083155 -0.000521526 1 0.000275926 -0.000831262 -0.000276074 1 -0.0164347 0.0167857 -0.199827
FixedParameters: 0 0 0

#Transform 8
Transform: AffineTransform_float_3_3
Parameters: 0.999999 0.000728771 0.000104656 -0.000728801 0.999999 0.000143924 -0.000104447 -0.000144076 1 -0.00951538 0.00985493 -0.148032
FixedParameters: 0 0 0

#Transform 9
Transform: AffineTransform_float_3_3
Parameters: 0.999999 0.000787652 0.00024398 -0.00078792 0.999999 0.000548808 -0.000243115 -0.000549191 1 -0.00334907 -0.0101141 -0.225653
FixedParameters: 0 0 0

#Transform 10
Transform: AffineTransform_float_3_3
Parameters: 0.999999 0.000832191 0.000348817 -0.000832469 1 0.000398557 -0.000348153 -0.000398442 0.999999 0.00686092 -0.0174671 -0.250935
FixedParameters: 0 0 0

#Transform 11
Transform: AffineTransform_float_3_3
Parameters: 0.999999 0.000545727 0.000470381 -0.000546379 0.999999 0.000693743 -0.000469623 -0.000694256 0.999999 -0.00547402 -0.0133319 -0.235991
FixedParameters: 0 0 0

#Transform 12
Transform: AffineTransform_float_3_3
Parameters: 1 0.000575167 0.000367624 -0.000574505 1 0.000350789 -0.000367611 -0.000351211 1 -0.0117436 -0.00305467 -0.19399
FixedParameters: 0 0 0

#Transform 13
Transform: AffineTransform_float_3_3
Parameters: 1 0.000256165 0.000593052 -0.000256024 1 -0.000119152 -0.000593113 0.000118848 1 0.00644029 0.0108042 -0.201242
FixedParameters: 0 0 0

#Transform 14
Transform: AffineTransform_float_3_3
Parameters: 1 0.000396784 0.000533411 -0.000397079 1 0.000275788 -0.000533191 -0.000276212 1 0.0222367 -0.00048441 -0.271606
FixedParameters: 0 0 0

#Transform 15
Transform: AffineTransform_float_3_3
Parameters: 1 0.00032117 0.0005655 -0.00032173 1 0.000495818 -0.000565181 -0.000496181 0.999999 -0.000444385 0.00708617 -0.21815
FixedParameters: 0 0 0

#Transform 16
Transform: AffineTransform_float_3_3
Parameters: 1 2.13851e-05 0.000692719 -2.13464e-05 1 -2.80148e-05 -0.00069272 2.79852e-05 1 0.0218509 0.00771022 -0.199663
FixedParameters: 0 0 0

#Transform 17
Transform: AffineTransform_float_3_3
Parameters: 1 -5.79569e-05 0.00117305 5.86337e-05 1 -0.000288419 -0.00117301 0.000288581 1 0.0190921 0.00262828 -0.251854
FixedParameters: 0 0 0

#Transform 18
Transform: AffineTransform_float_3_3
Parameters: 1 -6.88501e-06 0.00115154 7.52917e-06 0.999999 -0.000679479 -0.00115114 0.000679521 0.999999 0.0246821 0.0170462 -0.193586
FixedParameters: 0 0 0

#Transform 19
Transform: AffineTransform_float_3_3
Parameters: 1 -0.000329581 0.00101687 0.000330326 1 -0.000365664 -0.00101663 0.000366335 0.999999 0.0144893 -0.00919089 -0.214798
FixedParameters: 0 0 0

#Transform 20
Transform: AffineTransform_float_3_3
Parameters: 0.999999 0.000215238 0.00143853 -0.000214405 1 -0.000744949 -0.00143938 0.00074505 0.999998 0.00924113 0.0017449 -0.250093
FixedParameters: 0 0 0

#Transform 21
Transform: AffineTransform_float_3_3
Parameters: 0.999998 0.000540343 0.00204902 -0.000538719 0.999999 -0.000845874 -0.00204915 0.000845126 0.999998 -0.00860475 -0.0167344 -0.312385
FixedParameters: 0 0 0

#Transform 22
Transform: AffineTransform_float_3_3
Parameters: 0.999998 0.000446912 0.00195607 -0.000445679 0.999999 -0.000551001 -0.00195617 0.000549999 0.999998 0.002716 -0.00221675 -0.294035
FixedParameters: 0 0 0

#Transform 23
Transform: AffineTransform_float_3_3
Parameters: 1 0.000284139 0.00114503 -0.000283837 1 -0.000131813 -0.0011451 0.000131187 1 0.0207917 0.0098623 -0.281776
FixedParameters: 0 0 0

#Transform 24
Transform: AffineTransform_float_3_3
Parameters: 0.999999 -0.000133696 0.00156802 0.000133881 1 -0.000183278 -0.0015689 0.000183722 0.999999 0.0198949 0.000453017 -0.263508
FixedParameters: 0 0 0

#Transform 25
Transform: AffineTransform_float_3_3
Parameters: 0.999999 0.000195206 0.00126441 -0.000193891 1 -0.000519886 -0.00126461 0.000520113 0.999999 0.0201725 0.0038654 -0.306225
FixedParameters: 0 0 0

#Transform 26
Transform: AffineTransform_float_3_3
Parameters: 0.999999 0.00025403 0.00140342 -0.000253456 1 -0.000343844 -0.00140451 0.000343156 0.999999 0.0177803 0.00515843 -0.347624
FixedParameters: 0 0 0

#Transform 27
Transform: AffineTransform_float_3_3
Parameters: 0.999998 9.68393e-05 0.00195692 -9.57493e-05 1 -0.000278316 -0.00195697 0.000278683 0.999998 0.0132582 -0.000634885 -0.344898
FixedParameters: 0 0 0

#Transform 28
Transform: AffineTransform_float_3_3
Parameters: 0.999999 -6.39879e-05 0.00157415 6.40493e-05 1 -1.93869e-05 -0.00157415 1.96132e-05 0.999999 0.0207516 0.000143553 -0.343743
FixedParameters: 0 0 0

#Transform 29
Transform: AffineTransform_float_3_3
Parameters: 0.999998 -4.53665e-05 0.00174599 4.63097e-05 0.999999 -0.000645407 -0.00174646 0.000645592 0.999998 0.0309289 0.00482589 -0.365665
FixedParameters: 0 0 0

#Transform 30
Transform: AffineTransform_float_3_3
Parameters: 0.999998 -4.22599e-06 0.00199992 4.38487e-06 1 -0.00036712 -0.00200045 0.000367881 0.999998 0.0301992 -0.0113468 -0.342549
FixedParameters: 0 0 0

#Transform 31
Transform: AffineTransform_float_3_3
Parameters: 0.999998 0.000183222 0.00192018 -0.000183342 1 -0.00020848 -0.00191986 0.000208521 0.999998 0.0313834 -0.00901998 -0.38955
FixedParameters: 0 0 0

#Transform 32
Transform: AffineTransform_float_3_3
Parameters: 0.999997 -3.53464e-05 0.00218261 3.67694e-05 0.999999 -0.000325896 -0.00218258 0.000326103 0.999998 0.0224093 0.00930062 -0.366078
FixedParameters: 0 0 0

#Transform 33
Transform: AffineTransform_float_3_3
Parameters: 0.999998 -0.000116623 0.00169814 0.000118237 1 -0.000746648 -0.00169757 0.000746352 0.999998 0.0165185 -0.00977411 -0.323475
FixedParameters: 0 0 0

#Transform 34
Transform: AffineTransform_float_3_3
Parameters: 0.999998 -7.52219e-05 0.00195381 7.72427e-05 0.999999 -0.00132419 -0.00195336 0.00132381 0.999997 0.0243325 0.00556414 -0.373488
FixedParameters: 0 0 0

#Transform 35
Transform: AffineTransform_float_3_3
Parameters: 0.999997 6.03895e-05 0.00247997 -5.71396e-05 0.999999 -0.00155512 -0.00248043 0.00155488 0.999996 0.0171779 0.00983457 -0.272416
FixedParameters: 0 0 0

#Transform 36
Transform: AffineTransform_float_3_3
Parameters: 0.999997 7.58745e-05 0.00247258 -7.44021e-05 1 -0.000749162 -0.00247284 0.00074884 0.999997 0.00838415 -0.00586663 -0.35862
FixedParameters: 0 0 0

#Transform 37
Transform: AffineTransform_float_3_3
Parameters: 0.999998 3.3086e-05 0.00200211 -3.06366e-05 0.999999 -0.0011694 -0.00200232 0.0011686 0.999997 0.0187144 -0.00328873 -0.358248
FixedParameters: 0 0 0

#Transform 38
Transform: AffineTransform_float_3_3
Parameters: 0.999998 1.5755e-05 0.00194771 -1.26323e-05 0.999999 -0.00137416 -0.00194788 0.00137484 0.999997 0.00667807 0.00197942 -0.347668
FixedParameters: 0 0 0

#Transform 39
Transform: AffineTransform_float_3_3
Parameters: 0.999998 0.000119395 0.00232473 -0.000118307 0.999999 -0.000713893 -0.00232503 0.000714109 0.999997 -0.00333233 0.00333462 -0.366757
FixedParameters: 0 0 0

#Transform 40
Transform: AffineTransform_float_3_3
Parameters: 0.999998 -0.00010703 0.00222207 0.000108488 1 -0.000623096 -0.00222246 0.000622905 0.999997 0.0155436 0.0238537 -0.415307
FixedParameters: 0 0 0

#Transform 41
Transform: AffineTransform_float_3_3
Parameters: 0.999999 -9.2144e-05 0.00178253 9.45889e-05 1 -0.00105332 -0.00178286 0.00105368 0.999998 -0.0173886 0.0342434 -0.301587
FixedParameters: 0 0 0

#Transform 42
Transform: AffineTransform_float_3_3
Parameters: 0.999998 -2.91005e-05 0.00208928 3.18659e-05 1 -0.000975423 -0.00208975 0.000975575 0.999997 -0.00527238 0.0446088 -0.304189
FixedParameters: 0 0 0

#Transform 43
Transform: AffineTransform_float_3_3
Parameters: 0.999998 -0.000336891 0.00200271 0.00033878 1 -0.000798659 -0.0020027 0.000799342 0.999998 0.0222918 0.021403 -0.322433
FixedParameters: 0 0 0

#Transform 44
Transform: AffineTransform_float_3_3
Parameters: 0.999997 -0.00030476 0.0024773 0.00030592 1 -0.000233578 -0.00247716 0.000234421 0.999996 -0.00304087 0.020473 -0.373192
FixedParameters: 0 0 0

#Transform 45
Transform: AffineTransform_float_3_3
Parameters: 0.999997 -0.000188419 0.00242669 0.000187001 1 0.000752481 -0.00242683 -0.00075152 0.999997 0.00580322 0.0143824 -0.408547
FixedParameters: 0 0 0

#Transform 46
Transform: AffineTransform_float_3_3
Parameters: 0.999996 -0.000191106 0.00280652 0.000189969 1 0.000202711 -0.00280659 -0.000202287 0.999996 0.00467051 0.0138572 -0.445081
FixedParameters: 0 0 0

#Transform 47
Transform: AffineTransform_float_3_3
Parameters: 0.999994 -0.000154451 0.00347418 0.000156145 1 -0.000432258 -0.00347457 0.000432741 0.999994 -0.00319151 0.0185333 -0.355808
FixedParameters: 0 0 0

#Transform 48
Transform: AffineTransform_float_3_3
Parameters: 0.999996 -7.96466e-05 0.00305457 7.87433e-05 1 0.000298779 -0.003055 -0.000298221 0.999995 0.00197909 0.0287193 -0.326948
FixedParameters: 0 0 0

#Transform 49
Transform: AffineTransform_float_3_3
Parameters: 0.999993 -1.61305e-06 0.0036888 3.2081e-06 1 -0.000643431 -0.00368855 0.000643572 0.999993 -0.00973428 0.00906698 -0.420733
FixedParameters: 0 0 0

#Transform 50
Transform: AffineTransform_float_3_3
Parameters: 0.999998 -0.000448243 0.00224226 0.000449947 0.999999 -0.000672175 -0.00224219 0.000672825 0.999997 0.00888764 0.0354598 -0.463064
FixedParameters: 0 0 0

#Transform 51
Transform: AffineTransform_float_3_3
Parameters: 0.999999 -9.98176e-05 0.00184882 0.000101424 0.999999 -0.00103815 -0.00184875 0.00103785 0.999998 -0.0176566 0.0270138 -0.379633
FixedParameters: 0 0 0

#Transform 52
Transform: AffineTransform_float_3_3
Parameters: 0.999996 -0.000970052 0.00239706 0.000975586 0.999997 -0.00244106 -0.00239404 0.00244294 0.999995 0.026585 0.0318112 -0.298258
FixedParameters: 0 0 0

#Transform 53
Transform: AffineTransform_float_3_3
Parameters: 0.999997 -0.0010512 0.00210993 0.00105541 0.999997 -0.00192947 -0.00210745 0.00193253 0.999996 0.0423781 0.0292929 -0.278295
FixedParameters: 0 0 0

#Transform 54
Transform: AffineTransform_float_3_3
Parameters: 0.999998 -0.000912621 0.00187981 0.000916252 0.999998 -0.00176698 -0.00187856 0.00176903 0.999997 0.0543116 -0.00902067 -0.397929
FixedParameters: 0 0 0

#Transform 55
Transform: AffineTransform_float_3_3
Parameters: 0.999996 -0.00103953 0.00238517 0.00104495 0.999996 -0.00231706 -0.00238338 0.00231994 0.999994 0.0496781 0.00961915 -0.334104
FixedParameters: 0 0 0

#Transform 56
Transform: AffineTransform_float_3_3
Parameters: 0.999999 -0.000682325 0.00162793 0.000686804 0.999997 -0.00230158 -0.00162676 0.00230242 0.999996 0.0411383 0.00340151 -0.302317
FixedParameters: 0 0 0

#Transform 57
Transform: AffineTransform_float_3_3
Parameters: 0.999997 -0.000354216 0.00240376 0.00035929 0.999998 -0.00179196 -0.00240315 0.00179303 0.999996 -0.00280849 0.0171966 -0.284055
FixedParameters: 0 0 0

#Transform 58
Transform: AffineTransform_float_3_3
Parameters: 0.999998 -0.000547694 0.00189161 0.000551849 0.999998 -0.00179129 -0.00189069 0.0017927 0.999997 -0.017536 0.0300437 -0.254943
FixedParameters: 0 0 0

#Transform 59
Transform: AffineTransform_float_3_3
Parameters: 0.999998 -0.000686431 0.00195091 0.000689795 0.999998 -0.00187035 -0.00194992 0.00187165 0.999996 0.00419407 0.0274456 -0.263891
FixedParameters: 0 0 0

#Transform 60
Transform: AffineTransform_float_3_3
Parameters: 0.999998 -0.000466418 0.00185716 0.000470197 0.999998 -0.00197183 -0.00185598 0.00197218 0.999996 -0.000326425 0.00752805 -0.304334
FixedParameters: 0 0 0

#Transform 61
Transform: AffineTransform_float_3_3
Parameters: 0.999997 -0.000807904 0.00200269 0.000812255 0.999998 -0.00183807 -0.00200169 0.00183993 0.999996 0.00183269 0.0215125 -0.344119
FixedParameters: 0 0 0

#Transform 62
Transform: AffineTransform_float_3_3
Parameters: 0.999998 -0.000742129 0.001975 0.000746397 0.999997 -0.00207622 -0.0019735 0.00207777 0.999996 0.0204677 0.024451 -0.350501
FixedParameters: 0 0 0

#Transform 63
Transform: AffineTransform_float_3_3
Parameters: 0.999997 -0.00167641 0.00165453 0.00167749 0.999999 -0.000442641 -0.00165396 0.000445361 0.999999 0.0678736 0.0668783 -0.325935
FixedParameters: 0 0 0

#Transform 64
Transform: AffineTransform_float_3_3
Parameters: 0.999998 -0.00134204 0.00132687 0.00134358 0.999998 -0.00171543 -0.00132424 0.00171757 0.999998 0.0477046 0.0383405 -0.303133
FixedParameters: 0 0 0

#Transform 65
Transform: AffineTransform_float_3_3
Parameters: 0.999999 -0.00133215 0.00126502 0.00133492 0.999996 -0.00228952 -0.00126089 0.00229148 0.999997 0.038413 0.0340052 -0.404918
FixedParameters: 0 0 0

#Transform 66
Transform: AffineTransform_float_3_3
Parameters: 0.999998 -0.000959779 0.00168022 0.000962516 0.999998 -0.00171144 -0.00167891 0.00171256 0.999997 0.0270953 0.0403532 -0.422722
FixedParameters: 0 0 0

#Transform 67
Transform: AffineTransform_float_3_3
Parameters: 0.999998 -0.00105663 0.00179612 0.00105975 0.999998 -0.00207416 -0.00179424 0.00207585 0.999996 0.0205633 0.0407455 -0.365869
FixedParameters: 0 0 0

#Transform 68
Transform: AffineTransform_float_3_3
Parameters: 1 -0.000546824 0.0010605 0.000548669 0.999999 -0.00167242 -0.00106012 0.00167358 0.999998 -0.00550305 0.0133437 -0.367042
FixedParameters: 0 0 0

#Transform 69
Transform: AffineTransform_float_3_3
Parameters: 0.999998 -0.000945716 0.00169645 0.000947669 0.999999 -0.00134809 -0.00169496 0.00134991 0.999998 0.00193511 0.0369155 -0.347509
FixedParameters: 0 0 0

#Transform 70
Transform: AffineTransform_float_3_3
Parameters: 0.999999 -0.000744326 0.00160754 0.000746383 0.999999 -0.0014555 -0.00160643 0.0014565 0.999998 -0.00010192 0.0236265 -0.321947
FixedParameters: 0 0 0

#Transform 71
Transform: AffineTransform_float_3_3
Parameters: 0.999998 -0.000763476 0.00146656 0.000766566 0.999998 -0.00208073 -0.00146535 0.00208228 0.999997 0.00761298 0.0320566 -0.353708
FixedParameters: 0 0 0

#Transform 72
Transform: AffineTransform_float_3_3
Parameters: 0.999998 -0.00111675 0.00161623 0.00111879 0.999998 -0.00144389 -0.00161406 0.00144611 0.999998 0.0211573 0.0421142 -0.31761
FixedParameters: 0 0 0

#Transform 73
Transform: AffineTransform_float_3_3
Parameters: 0.999997 -0.000891343 0.00228084 0.000894747 0.999998 -0.00189551 -0.00227957 0.00189749 0.999995 0.0108613 0.0415404 -0.383669
FixedParameters: 0 0 0

#Transform 74
Transform: AffineTransform_float_3_3
Parameters: 0.999998 -0.00105939 0.00200378 0.00106316 0.999998 -0.00201893 -0.002002 0.00202107 0.999996 0.0188354 0.0572119 -0.39032
FixedParameters: 0 0 0

#Transform 75
Transform: AffineTransform_float_3_3
Parameters: 0.999995 -0.00156802 0.00256986 0.00157358 0.999997 -0.00199672 -0.00256701 0.00200129 0.999995 0.0505916 0.0506563 -0.386525
FixedParameters: 0 0 0

#Transform 76
Transform: AffineTransform_float_3_3
Parameters: 0.999996 -0.00141165 0.00252258 0.00141449 0.999998 -0.00108119 -0.00252058 0.00108481 0.999996 0.0390757 0.0687194 -0.425363
FixedParameters: 0 0 0

#Transform 77
Transform: AffineTransform_float_3_3
Parameters: 0.999997 -0.00146071 0.00224899 0.00146306 0.999998 -0.00110562 -0.00224681 0.00110938 0.999997 0.0268811 0.069104 -0.412687
FixedParameters: 0 0 0

#Transform 78
Transform: AffineTransform_float_3_3
Parameters: 0.999997 -0.00131633 0.0020266 0.001319 0.999999 -0.00107759 -0.00202521 0.00107941 0.999997 0.0485776 0.0731179 -0.363328
FixedParameters: 0 0 0

#Transform 79
Transform: AffineTransform_float_3_3
Parameters: 0.999998 -0.00118647 0.00199801 0.00118762 0.999999 -0.000846531 -0.00199614 0.000848469 0.999998 0.035569 0.0775685 -0.379142
FixedParameters: 0 0 0

#Transform 80
Transform: AffineTransform_float_3_3
Parameters: 0.999995 -0.00169947 0.00265891 0.00170196 0.999998 -0.000959436 -0.0026567 0.000963564 0.999996 0.0357662 0.0745912 -0.302102
FixedParameters: 0 0 0

#Transform 81
Transform: AffineTransform_float_3_3
Parameters: 0.999995 -0.00193411 0.00276188 0.0019402 0.999996 -0.00195561 -0.00275772 0.00196139 0.999995 0.0352726 0.0968257 -0.277404
FixedParameters: 0 0 0

#Transform 82
Transform: AffineTransform_float_3_3
Parameters: 0.999994 -0.00131324 0.00319038 0.00131911 0.999998 -0.00188489 -0.00318715 0.00188911 0.999993 0.0352205 0.104373 -0.273633
FixedParameters: 0 0 0

#Transform 83
Transform: AffineTransform_float_3_3
Parameters: 0.999995 -0.00139098 0.00282074 0.00139612 0.999998 -0.00167546 -0.00281857 0.00168054 0.999995 0.040351 0.0816009 -0.338575
FixedParameters: 0 0 0

#Transform 84
Transform: AffineTransform_float_3_3
Parameters: 0.999993 -0.00185777 0.00342361 0.00186553 0.999996 -0.00214713 -0.00341917 0.00215287 0.999992 0.0188739 0.104618 -0.360623
FixedParameters: 0 0 0

#Transform 85
Transform: AffineTransform_float_3_3
Parameters: 0.999991 -0.00161845 0.00375886 0.00162344 0.999998 -0.00123653 -0.00375735 0.00124247 0.999993 0.028251 0.106713 -0.269685
FixedParameters: 0 0 0

#Transform 86
Transform: AffineTransform_float_3_3
Parameters: 0.999997 -0.000742221 0.00236526 0.000744812 0.999999 -0.00137843 -0.00236479 0.00138058 0.999996 -0.0120819 0.0909832 -0.270323
FixedParameters: 0 0 0

#Transform 87
Transform: AffineTransform_float_3_3
Parameters: 0.999996 -0.000776515 0.00272961 0.00078539 0.999994 -0.0034759 -0.00272749 0.00347811 0.999991 -0.0207805 0.024976 -0.297505
FixedParameters: 0 0 0

#Transform 88
Transform: AffineTransform_float_3_3
Parameters: 0.999996 -0.000776671 0.00279373 0.000785151 0.999996 -0.00285585 -0.00279152 0.00285815 0.999992 -0.00958464 0.047105 -0.365991
FixedParameters: 0 0 0

#Transform 89
Transform: AffineTransform_float_3_3
Parameters: 0.999997 -0.000669098 0.00258857 0.000675438 0.999996 -0.00266844 -0.00258724 0.00267056 0.999993 -0.0231076 0.048134 -0.3793
FixedParameters: 0 0 0

#Transform 90
Transform: AffineTransform_float_3_3
Parameters: 0.999998 -0.000760471 0.00215428 0.000765141 0.999997 -0.00251469 -0.00215217 0.00251731 0.999995 -0.00257041 0.0375042 -0.347528
FixedParameters: 0 0 0

#Transform 91
Transform: AffineTransform_float_3_3
Parameters: 0.999995 -0.000635899 0.00304468 0.000643122 0.999997 -0.00234957 -0.00304301 0.00235143 0.999993 0.00108965 0.0427525 -0.332146
FixedParameters: 0 0 0

#Transform 92
Transform: AffineTransform_float_3_3
Parameters: 0.999996 -0.00103929 0.00288516 0.00104472 0.999998 -0.00178223 -0.00288264 0.00178477 0.999994 0.00902389 0.0540248 -0.243586
FixedParameters: 0 0 0

#Transform 93
Transform: AffineTransform_float_3_3
Parameters: 0.999995 -0.000977442 0.00318966 0.000983674 0.999997 -0.0019426 -0.00318757 0.0019454 0.999993 0.0129815 0.0610587 -0.307141
FixedParameters: 0 0 0

#Transform 94
Transform: AffineTransform_float_3_3
Parameters: 0.999993 -0.00120406 0.00336234 0.00120877 0.999998 -0.00147867 -0.00336089 0.00148333 0.999994 0.0240669 0.0790236 -0.289517
FixedParameters: 0 0 0

#Transform 95
Transform: AffineTransform_float_3_3
Parameters: 0.999995 -0.00111594 0.00270269 0.00112057 0.999998 -0.00182537 -0.00270073 0.00182863 0.999995 0.0133634 0.0859275 -0.265384
FixedParameters: 0 0 0

#Transform 96
Transform: AffineTransform_float_3_3
Parameters: 0.999996 -0.00130643 0.00278141 0.00130827 0.999999 -0.000800961 -0.00278037 0.00080404 0.999996 0.015034 0.0802752 -0.287726
FixedParameters: 0 0 0

#Transform 97
Transform: AffineTransform_float_3_3
Parameters: 0.999995 -0.00181874 0.00281817 0.00182172 0.999998 -0.000898827 -0.00281726 0.000904173 0.999995 0.0288156 0.105619 -0.193277
FixedParameters: 0 0 0

#Transform 98
Transform: AffineTransform_float_3_3
Parameters: 0.999994 -0.00126916 0.00323024 0.00127104 0.999999 -0.000633982 -0.00322876 0.000638018 0.999994 0.00890067 0.0812424 -0.180497
FixedParameters: 0 0 0

#Transform 99
Transform: AffineTransform_float_3_3
Parameters: 0.999994 -0.00134372 0.00326192 0.0013456 0.999999 -0.000627699 -0.00326037 0.000632301 0.999994 0.0139817 0.0814083 -0.225664
FixedParameters: 0 0 0

#Transform 100
Transform: AffineTransform_float_3_3
Parameters: 0.999993 -0.00135123 0.00332751 0.0013539 0.999999 -0.000792225 -0.00332642 0.000797776 0.999994 0.0244341 0.0514681 -0.358049
FixedParameters: 0 0 0

#Transform 101
Transform: AffineTransform_float_3_3
Parameters: 0.999991 -0.00166116 0.00395812 0.00166379 0.999998 -0.000776048 -0.00395619 0.000782954 0.999992 0.0213523 0.0756007 -0.317299
FixedParameters: 0 0 0

#Transform 102
Transform: AffineTransform_float_3_3
Parameters: 0.999991 -0.00187279 0.0036585 0.00187591 0.999998 -0.000603128 -0.00365676 0.000609868 0.999994 0.0169392 0.0887957 -0.35736
FixedParameters: 0 0 0

#Transform 103
Transform: AffineTransform_float_3_3
Parameters: 0.999991 -0.00144194 0.00401354 0.00144942 0.999998 -0.00174682 -0.00401113 0.00175217 0.99999 0.0390692 0.088042 -0.312635
FixedParameters: 0 0 0

#Transform 104
Transform: AffineTransform_float_3_3
Parameters: 0.999991 -0.00143578 0.00400997 0.00144124 0.999998 -0.0014475 -0.00400753 0.0014535 0.999991 0.0270673 0.0869935 -0.313139
FixedParameters: 0 0 0

#Transform 105
Transform: AffineTransform_float_3_3
Parameters: 0.999994 -0.00145072 0.0031291 0.00145723 0.999997 -0.00214805 -0.00312641 0.00215295 0.999993 0.00656306 0.0722159 -0.275124
FixedParameters: 0 0 0

#Transform 106
Transform: AffineTransform_float_3_3
Parameters: 0.999995 -0.00132348 0.00308875 0.00132984 0.999997 -0.00208999 -0.00308584 0.00209401 0.999993 0.0232931 0.0529741 -0.376114
FixedParameters: 0 0 0

#Transform 107
Transform: AffineTransform_float_3_3
Parameters: 0.999993 -0.00106587 0.00338674 0.00106994 0.999999 -0.00131511 -0.00338512 0.00131889 0.999994 0.0116379 0.060997 -0.370573
FixedParameters: 0 0 0

#Transform 108
Transform: AffineTransform_float_3_3
Parameters: 0.999994 -0.00169634 0.00321088 0.00170168 0.999997 -0.00170684 -0.00320811 0.00171216 0.999993 0.0257601 0.0844149 -0.407691
FixedParameters: 0 0 0

#Transform 109
Transform: AffineTransform_float_3_3
Parameters: 0.999993 -0.0015572 0.0035968 0.00156315 0.999997 -0.00155417 -0.00359406 0.00155983 0.999993 0.0114647 0.0768819 -0.375394
FixedParameters: 0 0 0

#Transform 110
Transform: AffineTransform_float_3_3
Parameters: 0.999992 -0.00180486 0.00360889 0.00180681 0.999998 -0.000576623 -0.00360693 0.000583377 0.999994 -0.0492104 0.107228 -0.164194
FixedParameters: 0 0 0

#Transform 111
Transform: AffineTransform_float_3_3
Parameters: 0.999992 -0.00186726 0.00334643 0.00186904 0.999999 -0.000263399 -0.00334543 0.000269599 0.999995 0.0371466 0.107524 -0.253887
FixedParameters: 0 0 0

#Transform 112
Transform: AffineTransform_float_3_3
Parameters: 0.999992 -0.001767 0.00359762 0.00177066 0.999998 -0.00105178 -0.00359547 0.00105822 0.999993 0.0173345 0.118321 -0.222064
FixedParameters: 0 0 0

#Transform 113
Transform: AffineTransform_float_3_3
Parameters: 0.999991 -0.00185149 0.00376312 0.00185381 0.999998 -0.000479014 -0.00376186 0.000485984 0.999993 0.0130198 0.114192 -0.341889
FixedParameters: 0 0 0

#Transform 114
Transform: AffineTransform_float_3_3
Parameters: 0.999993 -0.00171836 0.00330689 0.0017213 0.999998 -0.000898605 -0.00330577 0.000904396 0.999994 0.0298439 0.123534 -0.378795
FixedParameters: 0 0 0

#Transform 115
Transform: AffineTransform_float_3_3
Parameters: 0.999992 -0.00166636 0.00365346 0.00167079 0.999998 -0.00132069 -0.00365116 0.00132732 0.999993 0.0156616 0.112094 -0.316847
FixedParameters: 0 0 0

#Transform 116
Transform: AffineTransform_float_3_3
Parameters: 0.999994 -0.00154518 0.00314646 0.00154869 0.999998 -0.000972577 -0.00314451 0.000977422 0.999994 0.0404657 0.111708 -0.359592
FixedParameters: 0 0 0

#Transform 117
Transform: AffineTransform_float_3_3
Parameters: 0.99999 -0.00146081 0.0040799 0.00146751 0.999998 -0.00162265 -0.00407778 0.00162835 0.99999 0.00749946 0.125503 -0.266865
FixedParameters: 0 0 0

#Transform 118
Transform: AffineTransform_float_3_3
Parameters: 0.999993 -0.00197843 0.00332644 0.00198593 0.999995 -0.00222791 -0.00332209 0.00223409 0.999992 0.00242334 0.10372 -0.289305
FixedParameters: 0 0 0

#Transform 119
Transform: AffineTransform_float_3_3
Parameters: 0.999992 -0.00188788 0.00330828 0.00189765 0.999994 -0.0028424 -0.00330345 0.00284861 0.999991 0.0322095 0.106321 -0.275223
FixedParameters: 0 0 0

#Transform 120
Transform: AffineTransform_float_3_3
Parameters: 0.999992 -0.00216856 0.00357379 0.00217908 0.999993 -0.00304774 -0.0035666 0.00305626 0.999989 0.0420113 0.0764673 -0.301854
FixedParameters: 0 0 0

#Transform 121
Transform: AffineTransform_float_3_3
Parameters: 0.999992 -0.00200027 0.00349721 0.00200559 0.999997 -0.00175165 -0.00349375 0.00175935 0.999993 0.0194356 0.0941376 -0.267694
FixedParameters: 0 0 0

#Transform 122
Transform: AffineTransform_float_3_3
Parameters: 0.999994 -0.00182398 0.00298305 0.00183008 0.999995 -0.00218436 -0.00297863 0.00218964 0.999993 0.0333994 0.0854857 -0.284513
FixedParameters: 0 0 0

#Transform 123
Transform: AffineTransform_float_3_3
Parameters: 0.999993 -0.00147056 0.0032757 0.00147451 0.999998 -0.00140147 -0.00327368 0.00140553 0.999994 0.009289 0.0731629 -0.25614
FixedParameters: 0 0 0

#Transform 124
Transform: AffineTransform_float_3_3
Parameters: 0.999995 -0.00143981 0.00281618 0.00144259 0.999999 -0.00112154 -0.00281361 0.00112546 0.999996 -0.025512 0.0793758 -0.16093
FixedParameters: 0 0 0

#Transform 125
Transform: AffineTransform_float_3_3
Parameters: 0.999993 -0.00134984 0.0034592 0.00135333 0.999999 -0.00107026 -0.00345789 0.00107474 0.999993 -0.0145559 0.0763311 -0.208989
FixedParameters: 0 0 0

#Transform 126
Transform: AffineTransform_float_3_3
Parameters: 0.999992 -0.00144757 0.00368512 0.00145176 0.999998 -0.000921436 -0.0036835 0.000926561 0.999992 0.013572 0.0925957 -0.19114
FixedParameters: 0 0 0

#Transform 127
Transform: AffineTransform_float_3_3
Parameters: 0.999992 -0.00129467 0.00372483 0.00129427 0.999999 5.50424e-05 -0.00372497 -5.0956e-05 0.999993 0.0108867 0.0888462 -0.18683
FixedParameters: 0 0 0

#Transform 128
Transform: AffineTransform_float_3_3
Parameters: 0.999992 -0.00116773 0.00383221 0.00117102 0.999999 -0.000889939 -0.00383079 0.000894062 0.999992 0.0201332 0.0772651 -0.198504
FixedParameters: 0 0 0

#Transform 129
Transform: AffineTransform_float_3_3
Parameters: 0.999994 -0.00111854 0.00335286 0.00111802 1 -0.000117336 -0.00335312 0.000120668 0.999994 0.0217171 0.0931639 -0.319874
FixedParameters: 0 0 0

#Transform 130
Transform: AffineTransform_float_3_3
Parameters: 0.999992 -0.00189605 0.00369737 0.00190007 0.999998 -0.00112548 -0.00369559 0.00113252 0.999992 0.0246012 0.0952994 -0.273956
FixedParameters: 0 0 0

#Transform 131
Transform: AffineTransform_float_3_3
Parameters: 0.999993 -0.002046 0.00305261 0.00205354 0.999995 -0.00243491 -0.00304711 0.00244109 0.999992 0.031743 0.0598064 -0.23562
FixedParameters: 0 0 0

#Transform 132
Transform: AffineTransform_float_3_3
Parameters: 0.999993 -0.00157002 0.00335914 0.00157364 0.999998 -0.00131801 -0.0033571 0.00132299 0.999994 0.0165779 0.0727384 -0.22639
FixedParameters: 0 0 0

#Transform 133
Transform: AffineTransform_float_3_3
Parameters: 0.999994 -0.00159262 0.00285438 0.00159482 0.999999 -0.000843409 -0.00285274 0.000847592 0.999995 0.00209843 0.0740654 -0.244013
FixedParameters: 0 0 0

#Transform 134
Transform: AffineTransform_float_3_3
Parameters: 0.999994 -0.00153678 0.00318405 0.00153897 0.999999 -0.000547548 -0.00318288 0.000552452 0.999995 -0.000693344 0.101204 -0.169565
FixedParameters: 0 0 0

#Transform 135
Transform: AffineTransform_float_3_3
Parameters: 0.999992 -0.00197585 0.00352858 0.00197378 0.999998 0.000613471 -0.00353085 -0.000606526 0.999993 0.0352667 0.123388 -0.272808
FixedParameters: 0 0 0

#Transform 136
Transform: AffineTransform_float_3_3
Parameters: 0.999994 -0.00105469 0.00308029 0.00105864 0.999999 -0.00106498 -0.00307909 0.00106802 0.999994 -0.0119555 0.102516 -0.212033
FixedParameters: 0 0 0

#Transform 137
Transform: AffineTransform_float_3_3
Parameters: 0.999995 -0.0007947 0.00324079 0.000797408 0.999999 -0.000820938 -0.00324054 0.000824063 0.999994 -0.0210794 0.0952978 -0.24504
FixedParameters: 0 0 0

#Transform 138
Transform: AffineTransform_float_3_3
Parameters: 0.999995 -0.000959335 0.00296451 0.000965687 0.999998 -0.00195502 -0.00296286 0.00195798 0.999994 -0.0175659 0.0790876 -0.271119
FixedParameters: 0 0 0

#Transform 139
Transform: AffineTransform_float_3_3
Parameters: 0.999996 -0.000781921 0.00243906 0.000787295 0.999998 -0.00217663 -0.00243776 0.00217837 0.999994 -0.0432393 0.0609404 -0.289186
FixedParameters: 0 0 0

#Transform 140
Transform: AffineTransform_float_3_3
Parameters: 0.999996 -0.00116231 0.00260101 0.00116724 0.999997 -0.00195636 -0.00259856 0.00195964 0.999995 -0.0192794 0.0715529 -0.256756
FixedParameters: 0 0 0

#Transform 141
Transform: AffineTransform_float_3_3
Parameters: 0.999994 -0.00162971 0.00325506 0.00163404 0.999998 -0.00126713 -0.00325251 0.00127287 0.999994 -0.010207 0.0975748 -0.217518
FixedParameters: 0 0 0

#Transform 142
Transform: AffineTransform_float_3_3
Parameters: 0.99999 -0.00259367 0.00344316 0.00259438 0.999996 -0.00053629 -0.00344233 0.000545717 0.999994 0.0550094 0.136618 -0.203803
FixedParameters: 0 0 0

#Transform 143
Transform: AffineTransform_float_3_3
Parameters: 0.999992 -0.00257513 0.00323618 0.00258022 0.999996 -0.00157239 -0.0032324 0.00158061 0.999993 0.0454087 0.119562 -0.188738
FixedParameters: 0 0 0

#Transform 144
Transform: AffineTransform_float_3_3
Parameters: 0.999995 -0.00229186 0.00218233 0.00229446 0.999997 -0.00146398 -0.00217943 0.00146902 0.999997 0.0191326 0.115374 -0.132711
FixedParameters: 0 0 0

#Transform 145
Transform: AffineTransform_float_3_3
Parameters: 0.999997 -0.00175288 0.00199 0.00175434 0.999998 -0.000791773 -0.00198867 0.000795228 0.999998 -0.011715 0.100117 -0.0879924
FixedParameters: 0 0 0

#Transform 146
Transform: AffineTransform_float_3_3
Parameters: 0.999997 -0.00158171 0.0019172 0.00158308 0.999998 -0.000799229 -0.00191612 0.000801772 0.999998 -0.0291185 0.0920119 -0.0813042
FixedParameters: 0 0 0

#Transform 147
Transform: AffineTransform_float_3_3
Parameters: 0.999997 -0.0012771 0.00178869 0.00127976 0.999999 -0.00132777 -0.00178766 0.00133023 0.999998 -0.0216151 0.0797023 -0.102353
FixedParameters: 0 0 0

#Transform 148
Transform: AffineTransform_float_3_3
Parameters: 0.999996 -0.00112126 0.00250308 0.00112358 0.999998 -0.00098758 -0.00250192 0.000990419 0.999996 -0.0206302 0.0840452 -0.097984
FixedParameters: 0 0 0

#Transform 149
Transform: AffineTransform_float_3_3
Parameters: 0.999996 -0.00128705 0.00231208 0.00128933 0.999999 -0.00114293 -0.00231111 0.00114608 0.999997 -0.0258987 0.092302 -0.130814
FixedParameters: 0 0 0

#Transform 150
Transform: AffineTransform_float_3_3
Parameters: 0.999996 -0.00142313 0.00237475 0.00142628 0.999998 -0.00129537 -0.00237303 0.00129863 0.999996 -0.0152705 0.0902221 -0.123772
FixedParameters: 0 0 0

#Transform 151
Transform: AffineTransform_float_3_3
Parameters: 0.999997 -0.00127301 0.00169948 0.00127535 0.999998 -0.00107489 -0.00169727 0.00107711 0.999998 0.0175049 0.0920317 -0.107369
FixedParameters: 0 0 0

#Transform 152
Transform: AffineTransform_float_3_3
Parameters: 0.999998 -0.000858638 0.00176119 0.000860958 0.999999 -0.00114154 -0.00176068 0.00114246 0.999997 -0.0274575 0.0963025 -0.127669
FixedParameters: 0 0 0

#Transform 153
Transform: AffineTransform_float_3_3
Parameters: 0.999998 -0.00097701 0.00166864 0.000979209 0.999999 -0.00144422 -0.00166687 0.00144678 0.999997 -0.0342762 0.114774 -0.132489
FixedParameters: 0 0 0

#Transform 154
Transform: AffineTransform_float_3_3
Parameters: 0.999998 -0.00145301 0.00177185 0.00145433 0.999999 -0.00111184 -0.00176967 0.00111416 0.999998 0.00594712 0.0906301 -0.105931
FixedParameters: 0 0 0

#Transform 155
Transform: AffineTransform_float_3_3
Parameters: 0.999998 -0.00149185 0.00180579 0.0014911 0.999999 -0.000153363 -0.00180585 0.000156641 0.999999 -0.000233493 0.103614 -0.0725353
FixedParameters: 0 0 0

#Transform 156
Transform: AffineTransform_float_3_3
Parameters: 0.999997 -0.00117794 0.00185935 0.00117813 1 -0.000153865 -0.0018599 0.000156137 0.999998 -0.0497596 0.0971913 -0.0711175
FixedParameters: 0 0 0

#Transform 157
Transform: AffineTransform_float_3_3
Parameters: 0.999998 -0.000913276 0.00187709 0.0009144 1 -0.00064834 -0.00187643 0.000649661 0.999998 -0.0528226 0.0936555 -0.0933516
FixedParameters: 0 0 0

#Transform 158
Transform: AffineTransform_float_3_3
Parameters: 0.999997 -0.00111858 0.0018545 0.00112033 0.999999 -0.000575826 -0.00185413 0.000577174 0.999998 -0.0353031 0.099192 -0.0844157
FixedParameters: 0 0 0

#Transform 159
Transform: AffineTransform_float_3_3
Parameters: 0.999998 -0.00106227 0.00182981 0.00106288 0.999999 -0.00016575 -0.00182945 0.000168249 0.999998 -0.0304073 0.100541 -0.0903259
FixedParameters: 0 0 0

#Transform 160
Transform: AffineTransform_float_3_3
Parameters: 0.999997 -0.00140526 0.00178314 0.00140683 0.999999 -0.000656548 -0.00178313 0.000659453 0.999998 -0.0296564 0.119003 -0.125461
FixedParameters: 0 0 0

#Transform 161
Transform: AffineTransform_float_3_3
Parameters: 0.999998 -0.0013398 0.00147353 0.00133963 1 6.14071e-05 -0.00147369 -5.9592e-05 0.999998 -0.0137231 0.143981 -0.171674
FixedParameters: 0 0 0

#Transform 162
Transform: AffineTransform_float_3_3
Parameters: 0.999999 -0.000901903 0.00149947 0.000902544 0.999999 9.36586e-05 -0.00150003 -9.23417e-05 0.999999 -0.0218248 0.135647 -0.199307
FixedParameters: 0 0 0

#Transform 163
Transform: AffineTransform_float_3_3
Parameters: 0.999997 -0.000938679 0.00200022 0.000939357 1 -0.000266176 -0.00200064 0.000267825 0.999998 -0.0295285 0.122599 -0.227306
FixedParameters: 0 0 0

#Transform 164
Transform: AffineTransform_float_3_3
Parameters: 0.999995 -0.00173261 0.00284994 0.00173265 0.999999 0.000226983 -0.00285018 -0.000222019 0.999996 0.00552829 0.147906 -0.162242
FixedParameters: 0 0 0

#Transform 165
Transform: AffineTransform_float_3_3
Parameters: 0.999995 -0.00147801 0.00257708 0.00147824 0.999999 -0.000296941 -0.00257672 0.000301061 0.999997 0.0119962 0.147134 -0.158023
FixedParameters: 0 0 0

#Transform 166
Transform: AffineTransform_float_3_3
Parameters: 0.999997 -0.00199102 0.00186485 0.00199303 0.999997 -0.000642547 -0.0018632 0.000646451 0.999998 0.0165709 0.147247 -0.123709
FixedParameters: 0 0 0

#Transform 167
Transform: AffineTransform_float_3_3
Parameters: 0.999998 -0.00167948 0.00160902 0.00167948 0.999998 -0.000406713 -0.00160818 0.000409288 0.999998 -0.0209466 0.11614 -0.0828514
FixedParameters: 0 0 0

#Transform 168
Transform: AffineTransform_float_3_3
Parameters: 0.999997 -0.00171352 0.00139374 0.00171407 0.999998 -0.000197026 -0.00139306 0.000198974 0.999999 -0.0367157 0.112402 -0.0589803
FixedParameters: 0 0 0

#Transform 169
Transform: AffineTransform_float_3_3
Parameters: 0.999997 -0.00134256 0.00207276 0.00134338 0.999999 -0.000196118 -0.00207223 0.000198881 0.999998 -0.0413827 0.117087 -0.0851623
FixedParameters: 0 0 0

#Transform 170
Transform: AffineTransform_float_3_3
Parameters: 0.999998 -0.000921626 0.00209483 0.000923316 0.999999 -0.00071597 -0.00209404 0.00071703 0.999997 -0.0432584 0.139351 -0.144732
FixedParameters: 0 0 0

#Transform 171
Transform: AffineTransform_float_3_3
Parameters: 0.999997 -0.00121398 0.00201718 0.00121461 0.999999 -0.000250453 -0.00201749 0.000252549 0.999998 -0.0228161 0.148911 -0.136823
FixedParameters: 0 0 0

#Transform 172
Transform: AffineTransform_float_3_3
Parameters: 0.999996 -0.00130818 0.00225594 0.00130878 0.999999 -0.00021695 -0.00225629 0.000220051 0.999997 -0.0290139 0.129734 -0.112408
FixedParameters: 0 0 0

#Transform 173
Transform: AffineTransform_float_3_3
Parameters: 0.999997 -0.00118905 0.00220785 0.00118847 0.999999 0.000133722 -0.00220817 -0.000131276 0.999997 -0.0396875 0.145057 -0.118376
FixedParameters: 0 0 0

#Transform 174
Transform: AffineTransform_float_3_3
Parameters: 0.999997 -0.00162793 0.00189783 0.00162773 0.999998 5.50346e-05 -0.001898 -5.09643e-05 0.999998 -0.0106963 0.121867 -0.0622939
FixedParameters: 0 0 0

#Transform 175
Transform: AffineTransform_float_3_3
Parameters: 0.999999 -0.000800681 0.0012872 0.000800345 1 -2.1177e-05 -0.00128809 2.18246e-05 0.999999 -0.0275797 0.11558 -0.0810628
FixedParameters: 0 0 0

#Transform 176
Transform: AffineTransform_float_3_3
Parameters: 0.999998 -0.000445162 0.00193799 0.000445142 1 5.16787e-06 -0.001938 -4.83178e-06 0.999998 -0.0435397 0.111671 -0.121104
FixedParameters: 0 0 0

#Transform 177
Transform: AffineTransform_float_3_3
Parameters: 0.999997 -0.000811543 0.00224912 0.000810721 1 0.000475489 -0.00224936 -0.000472511 0.999997 -0.0539288 0.125526 -0.0995432
FixedParameters: 0 0 0

#Transform 178
Transform: AffineTransform_float_3_3
Parameters: 0.999998 -0.000967461 0.00186799 0.00096625 0.999999 0.000325111 -0.00186861 -0.000322887 0.999998 -0.0565996 0.101692 -0.0686382
FixedParameters: 0 0 0

#Transform 179
Transform: AffineTransform_float_3_3
Parameters: 0.999997 -0.00128923 0.00169527 0.00128879 0.999999 0.000130131 -0.0016956 -0.000127868 0.999999 -0.0428225 0.113928 -0.0815745
FixedParameters: 0 0 0
