#Insight Transform File V1.0
#Transform 0
Transform: AffineTransform_float_3_3
Parameters: 1 -0.000391572 0.000487738 0.000391512 0.999999 6.13435e-05 -0.000487787 -6.16562e-05 1 0.0519567 -0.185265 -0.289712
FixedParameters: 0 0 0

#Transform 1
Transform: AffineTransform_float_3_3
Parameters: 0.999999 0.000904128 -0.000342273 -0.000903981 0.999999 0.00021531 0.000342661 -0.00021469 1 0.010245 0.0084359 0.00197322
FixedParameters: 0 0 0

#Transform 2
Transform: AffineTransform_float_3_3
Parameters: 0.999999 0.00149635 -0.000362341 -0.00149629 0.999999 8.91829e-05 0.000362607 -8.88175e-05 1 0.0158583 0.0354386 -0.0269213
FixedParameters: 0 0 0

#Transform 3
Transform: AffineTransform_float_3_3
Parameters: 0.999999 0.00147707 -0.000226086 -0.00147707 0.999999 1.79746e-05 0.00022614 -1.8026e-05 1 0.0190563 0.0411497 -0.0313546
FixedParameters: 0 0 0

#Transform 4
Transform: AffineTransform_float_3_3
Parameters: 0.999998 0.00160251 9.78607e-05 -0.00160254 0.999999 0.000162331 -9.73399e-05 -0.000162669 1 0.0207465 0.0298578 -0.035631
FixedParameters: 0 0 0

#Transform 5
Transform: AffineTransform_float_3_3
Parameters: 0.999999 0.00143111 -0.000134359 -0.0014314 0.999999 0.000365681 0.000134485 -0.00036532 1 0.00947127 0.0286225 -0.0356158
FixedParameters: 0 0 0

#Transform 6
Transform: AffineTransform_float_3_3
Parameters: 0.999999 0.00136032 -0.000183191 -0.00135954 0.999999 0.000672737 0.000183708 -0.000672263 0.999999 0.015122 0.00423233 -0.00256733
FixedParameters: 0 0 0

#Transform 7
Transform: AffineTransform_float_3_3
Parameters: 0.999999 0.00131059 -0.000393019 -0.0013108 0.999999 0.000229156 0.000392699 -0.000228845 1 0.0331567 0.0198538 -0.0177455
FixedParameters: 0 0 0

#Transform 8
Transform: AffineTransform_float_3_3
Parameters: 0.999999 0.00148885 -0.00043366 -0.00148853 0.999999 0.000359286 0.000434729 -0.000358713 1 0.0125402 0.019887 -0.0167537
FixedParameters: 0 0 0

#Transform 9
Transform: AffineTransform_float_3_3
Parameters: 0.999999 0.00153453 -0.000325905 -0.00153467 0.999998 0.000385141 0.000326166 -0.00038486 1 0.016881 0.0276197 -0.0204817
FixedParameters: 0 0 0

#Transform 10
Transform: AffineTransform_float_3_3
Parameters: 0.999998 0.0016881 -0.000345407 -0.00168692 0.999998 0.000383071 0.000346307 -0.000381928 1 0.000337292 0.0258793 -0.0199831
FixedParameters: 0 0 0

#Transform 11
Transform: AffineTransform_float_3_3
Parameters: 0.999999 0.00174511 -0.000431122 -0.00174501 0.999998 0.000575034 0.000432209 -0.000574966 1 -0.0127855 0.0360536 -0.0224858
FixedParameters: 0 0 0

#Transform 12
Transform: AffineTransform_float_3_3
Parameters: 0.999998 0.00187078 -0.00040632 -0.00187076 0.999998 0.000505889 0.000407291 -0.000505111 1 0.000379238 0.017495 -0.0247361
FixedParameters: 0 0 0

#Transform 13
Transform: AffineTransform_float_3_3
Parameters: 0.999997 0.00214009 -0.000462698 -0.00214032 0.999998 0.000597761 0.000463415 -0.000597242 1 -0.00917353 0.0173812 -0.0151156
FixedParameters: 0 0 0

#Transform 14
Transform: AffineTransform_float_3_3
Parameters: 0.999998 0.00167258 -0.000405061 -0.00167134 0.999998 0.000394165 0.000405987 -0.000392834 0.999999 0.0102933 0.0230303 -0.0206438
FixedParameters: 0 0 0

#Transform 15
Transform: AffineTransform_float_3_3
Parameters: 0.999998 0.00195582 -0.000561844 -0.00195565 0.999998 0.000506228 0.000562901 -0.000504772 0.999999 0.00107244 0.0320949 -0.033201
FixedParameters: 0 0 0

#Transform 16
Transform: AffineTransform_float_3_3
Parameters: 0.999997 0.00213074 -0.000589695 -0.00213059 0.999998 0.000790027 0.000591219 -0.000788974 0.999999 -0.0102173 0.0107582 -0.0212249
FixedParameters: 0 0 0

#Transform 17
Transform: AffineTransform_float_3_3
Parameters: 0.999998 0.0022426 -0.000620312 -0.00224164 0.999997 0.000978522 0.000621543 -0.000976482 1 -0.00930883 0.0181435 -0.0338961
FixedParameters: 0 0 0

#Transform 18
Transform: AffineTransform_float_3_3
Parameters: 0.999997 0.00231726 -0.000798063 -0.00231647 0.999997 0.000738772 0.000800562 -0.000737226 0.999999 -0.0133293 0.0237504 -0.0337095
FixedParameters: 0 0 0

#Transform 19
Transform: AffineTransform_float_3_3
Parameters: 0.999997 0.00201718 -0.000757836 -0.00201685 0.999998 0.000736299 0.000758962 -0.000734703 0.999999 -0.0123716 0.0269229 -0.0164193
FixedParameters: 0 0 0

#Transform 20
Transform: AffineTransform_float_3_3
Parameters: 0.999998 0.00218622 -0.000694604 -0.00218588 0.999997 0.000805442 0.000696283 -0.000804559 0.999999 -0.00139023 0.0216667 -0.0393061
FixedParameters: 0 0 0

#Transform 21
Transform: AffineTransform_float_3_3
Parameters: 0.999998 0.00221427 -0.000628398 -0.00221409 0.999997 0.000763315 0.000629936 -0.000762686 0.999999 -0.0181795 0.0291416 -0.0306976
FixedParameters: 0 0 0

#Transform 22
Transform: AffineTransform_float_3_3
Parameters: 0.999998 0.00218383 -0.000700289 -0.00218358 0.999998 0.0007323 0.000701642 -0.000730702 0.999999 -0.00565972 0.017783 -0.0268071
FixedParameters: 0 0 0

#Transform 23
Transform: AffineTransform_float_3_3
Parameters: 0.999998 0.00221433 -0.00062821 -0.00221404 0.999997 0.000848314 0.000630124 -0.000847686 0.999999 -0.0147438 0.0304646 -0.0223143
FixedParameters: 0 0 0

#Transform 24
Transform: AffineTransform_float_3_3
Parameters: 0.999998 0.00217028 -0.000732446 -0.00217017 0.999998 0.000340359 0.000732999 -0.000338642 0.999999 0.0161722 0.0383437 -0.0212019
FixedParameters: 0 0 0

#Transform 25
Transform: AffineTransform_float_3_3
Parameters: 0.999998 0.00191869 -0.000503216 -0.00191871 0.999997 0.000754248 0.000504268 -0.000753753 0.999999 -0.0305147 0.0219942 -0.0111529
FixedParameters: 0 0 0

#Transform 26
Transform: AffineTransform_float_3_3
Parameters: 0.999998 0.00214037 -0.000598061 -0.00213941 0.999998 0.000359049 0.000598284 -0.000357953 1 -0.0313741 0.0450281 -0.0207287
FixedParameters: 0 0 0

#Transform 27
Transform: AffineTransform_float_3_3
Parameters: 0.999998 0.00181453 -0.000459579 -0.00181445 0.999998 0.000513116 0.00046052 -0.000512885 1 -0.0212076 0.0383543 -0.0165307
FixedParameters: 0 0 0

#Transform 28
Transform: AffineTransform_float_3_3
Parameters: 0.999998 0.0018391 -0.000401648 -0.00183911 0.999998 0.000472868 0.000402466 -0.000472133 1 -0.00821539 0.0421064 -0.0343987
FixedParameters: 0 0 0

#Transform 29
Transform: AffineTransform_float_3_3
Parameters: 0.999997 0.00215363 -0.000602162 -0.00215269 0.999997 0.00099258 0.000603282 -0.000991424 1 -0.0196861 0.0246804 -0.030323
FixedParameters: 0 0 0

#Transform 30
Transform: AffineTransform_float_3_3
Parameters: 0.999997 0.00209204 -0.00057567 -0.00209186 0.999997 0.00117134 0.000577806 -0.00116967 0.999999 -0.00893197 0.0209476 -0.0381129
FixedParameters: 0 0 0

#Transform 31
Transform: AffineTransform_float_3_3
Parameters: 0.999997 0.00208478 -0.000457104 -0.00208477 0.999997 0.000869876 0.000458891 -0.000870125 0.999999 -0.0115434 0.0332336 -0.047086
FixedParameters: 0 0 0

#Transform 32
Transform: AffineTransform_float_3_3
Parameters: 0.999997 0.00212149 -0.000588224 -0.00212133 0.999997 0.00113138 0.000590259 -0.00112962 0.999999 -0.0212188 0.025072 -0.0264927
FixedParameters: 0 0 0

#Transform 33
Transform: AffineTransform_float_3_3
Parameters: 0.999997 0.00212789 -0.000529736 -0.00212647 0.999998 0.000834897 0.000531975 -0.000834102 0.999999 -0.0123191 0.0338674 -0.0461299
FixedParameters: 0 0 0

#Transform 34
Transform: AffineTransform_float_3_3
Parameters: 0.999998 0.00216969 -0.00045902 -0.00216953 0.999997 0.00102777 0.000461638 -0.00102723 0.999999 -0.0249728 0.0243716 -0.0437106
FixedParameters: 0 0 0

#Transform 35
Transform: AffineTransform_float_3_3
Parameters: 0.999998 0.00206717 -0.000334628 -0.00206648 0.999998 0.000826462 0.000335813 -0.00082654 0.999999 -0.0198218 0.0355183 -0.0315977
FixedParameters: 0 0 0

#Transform 36
Transform: AffineTransform_float_3_3
Parameters: 0.999998 0.00198414 -0.000530617 -0.00198305 0.999998 0.000900823 0.000531958 -0.000900179 0.999999 -0.0233165 0.0344988 -0.0295032
FixedParameters: 0 0 0

#Transform 37
Transform: AffineTransform_float_3_3
Parameters: 0.999998 0.0019725 -0.000288567 -0.00197174 0.999997 0.00108506 0.000290613 -0.00108394 1 -0.0345967 0.0276019 -0.0260773
FixedParameters: 0 0 0

#Transform 38
Transform: AffineTransform_float_3_3
Parameters: 0.999998 0.00198408 -0.000530837 -0.00198311 0.999997 0.000790182 0.000531737 -0.000788818 0.999999 -0.0287563 0.0484145 -0.0362638
FixedParameters: 0 0 0

#Transform 39
Transform: AffineTransform_float_3_3
Parameters: 0.999998 0.00198432 -0.000529962 -0.00198326 0.999998 0.00123118 0.000531692 -0.00122982 0.999999 -0.0291207 0.0267742 -0.0392426
FixedParameters: 0 0 0

#Transform 40
Transform: AffineTransform_float_3_3
Parameters: 0.999998 0.00208181 -0.000299062 -0.00208113 0.999996 0.00154475 0.00030234 -0.00154425 0.999998 -0.0393289 0.0218504 -0.0201597
FixedParameters: 0 0 0

#Transform 41
Transform: AffineTransform_float_3_3
Parameters: 0.999998 0.00201642 -0.000454553 -0.00201563 0.999997 0.000719046 0.000455218 -0.000717956 0.999999 -0.0196389 0.0369674 -0.0324741
FixedParameters: 0 0 0

#Transform 42
Transform: AffineTransform_float_3_3
Parameters: 0.999998 0.00201657 -0.00045391 -0.00201548 0.999998 0.0010382 0.000455863 -0.0010378 1 -0.0207228 0.0344393 -0.0286748
FixedParameters: 0 0 0

#Transform 43
Transform: AffineTransform_float_3_3
Parameters: 0.999998 0.00198426 -0.00053017 -0.00198332 0.999997 0.00112634 0.000531486 -0.00112567 1 -0.0158064 0.0237068 -0.0230723
FixedParameters: 0 0 0

#Transform 44
Transform: AffineTransform_float_3_3
Parameters: 0.999998 0.0019841 -0.000530789 -0.00198309 0.999997 0.000814335 0.000531787 -0.000813666 0.999999 -0.0129874 0.0394767 -0.0242725
FixedParameters: 0 0 0

#Transform 45
Transform: AffineTransform_float_3_3
Parameters: 0.999998 0.00198433 -0.00052993 -0.00198325 0.999997 0.00124734 0.000531725 -0.00124667 0.999999 -0.0237558 0.0344604 -0.0160398
FixedParameters: 0 0 0

#Transform 46
Transform: AffineTransform_float_3_3
Parameters: 0.999998 0.00198414 -0.000530621 -0.00198305 0.999998 0.000898976 0.000531956 -0.000899026 0.999999 -0.0135811 0.0347195 -0.0256621
FixedParameters: 0 0 0

#Transform 47
Transform: AffineTransform_float_3_3
Parameters: 0.999998 0.00205837 -0.000506594 -0.00205821 0.999998 0.000932327 0.000508589 -0.000931676 1 -0.0231316 0.031929 -0.0388907
FixedParameters: 0 0 0

#Transform 48
Transform: AffineTransform_float_3_3
Parameters: 0.999998 0.0019347 -0.000647089 -0.00193285 0.999996 0.00162353 0.000650214 -0.00162246 0.999998 -0.0260292 0.0180622 -0.0305335
FixedParameters: 0 0 0

#Transform 49
Transform: AffineTransform_float_3_3
Parameters: 0.999998 0.00203463 -0.000410874 -0.00203376 0.999997 0.00136897 0.00041329 -0.00136803 0.999999 -0.0266743 0.0230123 -0.0342152
FixedParameters: 0 0 0

#Transform 50
Transform: AffineTransform_float_3_3
Parameters: 0.999997 0.00226274 -0.000713618 -0.00226195 0.999997 0.00136939 0.000717049 -0.00136761 0.999999 -0.0279453 0.0230514 -0.0301929
FixedParameters: 0 0 0

#Transform 51
Transform: AffineTransform_float_3_3
Parameters: 0.999998 0.00203709 -0.000404757 -0.00203599 0.999996 0.00165895 0.00040836 -0.00165804 0.999998 -0.0308504 0.0228977 -0.0168448
FixedParameters: 0 0 0

#Transform 52
Transform: AffineTransform_float_3_3
Parameters: 0.999997 0.00212128 -0.000445202 -0.00212159 0.999998 0.000959076 0.000446507 -0.000957928 1 -0.0257166 0.0277284 -0.0245373
FixedParameters: 0 0 0

#Transform 53
Transform: AffineTransform_float_3_3
Parameters: 0.999998 0.00202639 -0.000430514 -0.00202559 0.999997 0.001222 0.000432311 -0.001221 0.999999 -0.0289936 0.0263494 -0.0130014
FixedParameters: 0 0 0

#Transform 54
Transform: AffineTransform_float_3_3
Parameters: 0.999998 0.00199519 -0.000504312 -0.00199427 0.999998 0.00116214 0.000505794 -0.00116087 0.999999 -0.0329037 0.0241543 -0.0119083
FixedParameters: 0 0 0

#Transform 55
Transform: AffineTransform_float_3_3
Parameters: 0.999997 0.00233918 -0.00055876 -0.00233818 0.999996 0.00111844 0.000560835 -0.00111656 0.999999 -0.0398027 0.033179 -0.0254286
FixedParameters: 0 0 0

#Transform 56
Transform: AffineTransform_float_3_3
Parameters: 0.999998 0.00203743 -0.000404054 -0.00203643 0.999996 0.00155195 0.000407222 -0.00155105 0.999998 -0.0510058 0.0236997 -0.0018584
FixedParameters: 0 0 0

#Transform 57
Transform: AffineTransform_float_3_3
Parameters: 0.999997 0.00229448 -0.00061553 -0.0022932 0.999996 0.00124554 0.000618087 -0.00124346 0.999999 -0.03493 0.0304783 -0.0147823
FixedParameters: 0 0 0

#Transform 58
Transform: AffineTransform_float_3_3
Parameters: 0.999997 0.00245814 -0.000515851 -0.00245778 0.999996 0.00147304 0.000520328 -0.00147196 0.999999 -0.0500672 0.0398642 -0.0138358
FixedParameters: 0 0 0

#Transform 59
Transform: AffineTransform_float_3_3
Parameters: 0.999997 0.00236438 -0.000611717 -0.00236312 0.999996 0.00155322 0.000614983 -0.00155178 0.999998 -0.0465686 0.0331101 -0.012328
FixedParameters: 0 0 0

#Transform 60
Transform: AffineTransform_float_3_3
Parameters: 0.999998 0.0020056 -0.000479908 -0.00200457 0.999998 0.000931885 0.000481414 -0.000932116 0.999999 -0.0218113 0.0276599 -0.0235997
FixedParameters: 0 0 0

#Transform 61
Transform: AffineTransform_float_3_3
Parameters: 0.999998 0.00201538 -0.000456757 -0.00201433 0.999998 0.000996051 0.000458537 -0.000994951 1 -0.0258251 0.0333088 -0.0267301
FixedParameters: 0 0 0

#Transform 62
Transform: AffineTransform_float_3_3
Parameters: 0.999998 0.00192547 -0.000669084 -0.00192372 0.999998 0.00120357 0.000671483 -0.00120243 0.999999 -0.0180839 0.036749 -0.0207332
FixedParameters: 0 0 0

#Transform 63
Transform: AffineTransform_float_3_3
Parameters: 0.999998 0.00200232 -0.000487252 -0.0020012 0.999997 0.00140326 0.000489717 -0.00140274 0.999999 -0.0167713 0.0314897 -0.0210158
FixedParameters: 0 0 0

#Transform 64
Transform: AffineTransform_float_3_3
Parameters: 0.999998 0.00226308 -0.000545485 -0.00226306 0.999996 0.00180137 0.000549032 -0.00179963 0.999998 -0.0385391 0.0142181 -0.0342974
FixedParameters: 0 0 0

#Transform 65
Transform: AffineTransform_float_3_3
Parameters: 0.999997 0.00212666 -0.000462842 -0.00212565 0.999997 0.00135912 0.000465467 -0.00135789 0.999999 -0.0336193 0.0269016 -0.0199388
FixedParameters: 0 0 0

#Transform 66
Transform: AffineTransform_float_3_3
Parameters: 0.999997 0.00234917 -0.000693822 -0.00234831 0.999996 0.00173776 0.000698297 -0.00173524 0.999998 -0.0366772 0.0198685 -0.0408591
FixedParameters: 0 0 0

#Transform 67
Transform: AffineTransform_float_3_3
Parameters: 0.999998 0.00199814 -0.000496343 -0.00199679 0.999995 0.00238513 0.000500876 -0.00238388 0.999997 -0.0367616 0.0190172 -0.0118597
FixedParameters: 0 0 0

#Transform 68
Transform: AffineTransform_float_3_3
Parameters: 0.999997 0.00230448 -0.00057382 -0.00230407 0.999997 0.0013761 0.000577398 -0.00137491 0.999999 -0.0281099 0.0314502 -0.0388391
FixedParameters: 0 0 0

#Transform 69
Transform: AffineTransform_float_3_3
Parameters: 0.999998 0.00202337 -0.00043742 -0.00202235 0.999997 0.00145002 0.000440133 -0.00144898 0.999999 -0.0307924 0.0233731 -0.035299
FixedParameters: 0 0 0

#Transform 70
Transform: AffineTransform_float_3_3
Parameters: 0.999998 0.00201413 -0.000459064 -0.00201323 0.999997 0.0016797 0.000461755 -0.00167931 0.999998 -0.0190159 0.0241134 -0.0199919
FixedParameters: 0 0 0

#Transform 71
Transform: AffineTransform_float_3_3
Parameters: 0.999998 0.00202622 -0.000430392 -0.00202537 0.999997 0.00173701 0.000433355 -0.001736 0.999999 -0.0116908 0.0258829 -0.0218008
FixedParameters: 0 0 0

#Transform 72
Transform: AffineTransform_float_3_3
Parameters: 0.999998 0.00201266 -0.000462403 -0.00201158 0.999997 0.00185106 0.000465778 -0.00184994 0.999998 -0.0273876 0.0102299 -0.0274386
FixedParameters: 0 0 0

#Transform 73
Transform: AffineTransform_float_3_3
Parameters: 0.999997 0.00208204 -0.000493169 -0.00208055 0.999996 0.00215995 0.000498087 -0.00216005 0.999998 -0.029241 0.0150985 -0.0135813
FixedParameters: 0 0 0

#Transform 74
Transform: AffineTransform_float_3_3
Parameters: 0.999998 0.00218826 -0.000463229 -0.00218829 0.999997 0.00164715 0.000466753 -0.00164586 0.999999 -0.0359198 0.00720818 -0.0369393
FixedParameters: 0 0 0

#Transform 75
Transform: AffineTransform_float_3_3
Parameters: 0.999997 0.00215764 -0.000475935 -0.00215649 0.999995 0.00228216 0.000480785 -0.00228084 0.999998 -0.0397779 0.0149756 -0.0172671
FixedParameters: 0 0 0

#Transform 76
Transform: AffineTransform_float_3_3
Parameters: 0.999997 0.00211922 -0.000490382 -0.00211819 0.999997 0.00170281 0.000493523 -0.00170219 0.999998 -0.0325616 0.0188596 -0.0376147
FixedParameters: 0 0 0

#Transform 77
Transform: AffineTransform_float_3_3
Parameters: 0.999997 0.00208188 -0.000519372 -0.00208037 0.999995 0.00206221 0.00052388 -0.00206079 0.999997 -0.0297136 0.0129148 -0.0285758
FixedParameters: 0 0 0

#Transform 78
Transform: AffineTransform_float_3_3
Parameters: 0.999998 0.00203988 -0.00039795 -0.00203906 0.999996 0.0018351 0.000401362 -0.00183491 0.999999 -0.0275868 0.0305525 -0.020819
FixedParameters: 0 0 0

#Transform 79
Transform: AffineTransform_float_3_3
Parameters: 0.999998 0.00194024 -0.000633936 -0.00193865 0.999997 0.00175636 0.000636672 -0.00175464 0.999998 -0.0278157 0.018364 -0.0357778
FixedParameters: 0 0 0

#Transform 80
Transform: AffineTransform_float_3_3
Parameters: 0.999997 0.00231305 -0.000529429 -0.0023116 0.999994 0.00232836 0.0005352 -0.00232664 0.999997 -0.0445579 0.00964992 -0.0271963
FixedParameters: 0 0 0

#Transform 81
Transform: AffineTransform_float_3_3
Parameters: 0.999997 0.00234727 -0.000592831 -0.00234609 0.999996 0.00186017 0.000596565 -0.00185884 0.999998 -0.0372476 0.0142271 -0.0440135
FixedParameters: 0 0 0

#Transform 82
Transform: AffineTransform_float_3_3
Parameters: 0.999998 0.00190433 -0.000718749 -0.00190149 0.999995 0.00269066 0.000723993 -0.00268935 0.999997 -0.0383568 -0.00612727 -0.0458158
FixedParameters: 0 0 0

#Transform 83
Transform: AffineTransform_float_3_3
Parameters: 0.999998 0.00193658 -0.0006422 -0.0019341 0.999995 0.00272153 0.000647739 -0.00272047 0.999996 -0.042244 0.00403617 -0.0649848
FixedParameters: 0 0 0

#Transform 84
Transform: AffineTransform_float_3_3
Parameters: 0.999998 0.00202926 -0.00042244 -0.00202819 0.999995 0.00247799 0.000427499 -0.00247701 0.999997 -0.0472083 0.0234295 -0.0619491
FixedParameters: 0 0 0

#Transform 85
Transform: AffineTransform_float_3_3
Parameters: 0.999998 0.00205711 -0.000976791 -0.0020546 0.999995 0.00247894 0.000981456 -0.00247707 0.999996 -0.0312287 0.0233499 -0.056507
FixedParameters: 0 0 0

#Transform 86
Transform: AffineTransform_float_3_3
Parameters: 0.999998 0.00213715 -0.000745737 -0.00213579 0.999995 0.00247852 0.000750803 -0.00247748 0.999997 -0.0361788 0.0130183 -0.0557068
FixedParameters: 0 0 0

#Transform 87
Transform: AffineTransform_float_3_3
Parameters: 0.999997 0.00196885 -0.00092873 -0.00196618 0.999995 0.00247911 0.000933878 -0.00247689 0.999996 -0.0326492 0.0201559 -0.0561318
FixedParameters: 0 0 0

#Transform 88
Transform: AffineTransform_float_3_3
Parameters: 0.999997 0.00206739 -0.000761773 -0.00206555 0.999993 0.0029895 0.000767683 -0.0029885 0.999995 -0.0522454 0.0205957 -0.0449042
FixedParameters: 0 0 0

#Transform 89
Transform: AffineTransform_float_3_3
Parameters: 0.999996 0.00233205 -0.00112786 -0.00232866 0.999993 0.00270771 0.00113403 -0.00270529 0.999996 -0.03858 0.0141643 -0.0356565
FixedParameters: 0 0 0

#Transform 90
Transform: AffineTransform_float_3_3
Parameters: 0.999997 0.00197057 -0.000842277 -0.00196846 0.999995 0.00263358 0.000847126 -0.00263242 0.999996 -0.0397059 0.00867658 -0.0580374
FixedParameters: 0 0 0

#Transform 91
Transform: AffineTransform_float_3_3
Parameters: 0.999997 0.00214472 -0.00101618 -0.0021423 0.999994 0.00278811 0.001023 -0.00278589 0.999996 -0.0498166 0.00562452 -0.0530366
FixedParameters: 0 0 0

#Transform 92
Transform: AffineTransform_float_3_3
Parameters: 0.999997 0.00200205 -0.000829375 -0.00199992 0.999994 0.00268595 0.000834598 -0.00268406 0.999996 -0.0404277 0.00640406 -0.0598541
FixedParameters: 0 0 0

#Transform 93
Transform: AffineTransform_float_3_3
Parameters: 0.999997 0.00198269 -0.00087533 -0.00198021 0.999994 0.00274802 0.000880693 -0.00274598 0.999996 -0.0391942 0.0279608 -0.0627028
FixedParameters: 0 0 0

#Transform 94
Transform: AffineTransform_float_3_3
Parameters: 0.999997 0.00199339 -0.000849919 -0.00199099 0.999994 0.00301298 0.000855477 -0.00301102 0.999996 -0.0398724 0.012842 -0.0479659
FixedParameters: 0 0 0

#Transform 95
Transform: AffineTransform_float_3_3
Parameters: 0.999997 0.00195409 -0.00094313 -0.00195136 0.999995 0.00247913 0.000948205 -0.00247687 0.999996 -0.0374954 0.0149088 -0.0527372
FixedParameters: 0 0 0

#Transform 96
Transform: AffineTransform_float_3_3
Parameters: 0.999997 0.00202848 -0.000766629 -0.00202571 0.999995 0.00272569 0.000771761 -0.00272331 0.999996 -0.0430572 0.0271982 -0.0359751
FixedParameters: 0 0 0

#Transform 97
Transform: AffineTransform_float_3_3
Parameters: 0.999997 0.00233655 -0.000895609 -0.00233332 0.999993 0.00302002 0.000901952 -0.00301798 0.999996 -0.055273 0.0351992 -0.0516041
FixedParameters: 0 0 0

#Transform 98
Transform: AffineTransform_float_3_3
Parameters: 0.999996 0.0023053 -0.00110662 -0.00230182 0.999991 0.00356412 0.00111515 -0.00356188 0.999993 -0.0558763 0.0159577 -0.0438372
FixedParameters: 0 0 0

#Transform 99
Transform: AffineTransform_float_3_3
Parameters: 0.999997 0.00224779 -0.00100593 -0.00224492 0.999993 0.00297419 0.00101192 -0.00297181 0.999995 -0.0465765 0.0180899 -0.0494807
FixedParameters: 0 0 0

#Transform 100
Transform: AffineTransform_float_3_3
Parameters: 0.999996 0.0022556 -0.00136898 -0.00225105 0.999992 0.00313417 0.00137613 -0.00313083 0.999994 -0.0504777 0.0215122 -0.0379953
FixedParameters: 0 0 0

#Transform 101
Transform: AffineTransform_float_3_3
Parameters: 0.999997 0.00234285 -0.0013552 -0.00233822 0.999992 0.0033371 0.00136292 -0.0033329 0.999993 -0.0487208 0.0182372 -0.0324003
FixedParameters: 0 0 0

#Transform 102
Transform: AffineTransform_float_3_3
Parameters: 0.999996 0.0021361 -0.00141417 -0.00213031 0.99999 0.0039301 0.00142343 -0.0039269 0.999991 -0.0437751 0.00780682 -0.0226996
FixedParameters: 0 0 0

#Transform 103
Transform: AffineTransform_float_3_3
Parameters: 0.999997 0.00224259 -0.00136982 -0.00223782 0.999989 0.00397315 0.00137827 -0.00396985 0.999991 -0.0620781 -0.00226413 -0.0427944
FixedParameters: 0 0 0

#Transform 104
Transform: AffineTransform_float_3_3
Parameters: 0.999996 0.0021794 -0.00136986 -0.00217455 0.999992 0.00338407 0.0013767 -0.00338094 0.999993 -0.0533134 0.00708716 -0.057222
FixedParameters: 0 0 0

#Transform 105
Transform: AffineTransform_float_3_3
Parameters: 0.999996 0.00230256 -0.00149293 -0.00229582 0.99999 0.00386552 0.00150188 -0.00386148 0.999992 -0.0654057 -0.00179472 -0.0661274
FixedParameters: 0 0 0

#Transform 106
Transform: AffineTransform_float_3_3
Parameters: 0.999997 0.00211974 -0.00132394 -0.00211388 0.999991 0.00387489 0.00133244 -0.00387212 0.999992 -0.0623176 0.0096592 -0.0334616
FixedParameters: 0 0 0

#Transform 107
Transform: AffineTransform_float_3_3
Parameters: 0.999997 0.00229853 -0.00135487 -0.00229338 0.999991 0.00338419 0.00136343 -0.0033808 0.999994 -0.0632235 0.0206371 -0.0365344
FixedParameters: 0 0 0

#Transform 108
Transform: AffineTransform_float_3_3
Parameters: 0.999996 0.00218727 -0.00138727 -0.00218322 0.999992 0.00338411 0.00139455 -0.00338089 0.999993 -0.061021 0.00974256 -0.0167684
FixedParameters: 0 0 0

#Transform 109
Transform: AffineTransform_float_3_3
Parameters: 0.999996 0.00231778 -0.00158591 -0.00231106 0.999989 0.00392175 0.00159563 -0.00391724 0.999991 -0.0625661 0.0107463 -0.048691
FixedParameters: 0 0 0

#Transform 110
Transform: AffineTransform_float_3_3
Parameters: 0.999996 0.00247638 -0.00166823 -0.00246922 0.999989 0.00409201 0.0016782 -0.004088 0.999991 -0.0669626 0.0174523 -0.0268026
FixedParameters: 0 0 0

#Transform 111
Transform: AffineTransform_float_3_3
Parameters: 0.999996 0.00239458 -0.00186341 -0.00238627 0.999988 0.00421933 0.0018737 -0.00421466 0.999989 -0.0687272 0.032084 -0.0334785
FixedParameters: 0 0 0

#Transform 112
Transform: AffineTransform_float_3_3
Parameters: 0.999996 0.00242763 -0.00178479 -0.00241964 0.999988 0.00431621 0.00179583 -0.0043118 0.99999 -0.0992061 0.0353923 -0.0130321
FixedParameters: 0 0 0

#Transform 113
Transform: AffineTransform_float_3_3
Parameters: 0.999996 0.0025904 -0.00161285 -0.00258526 0.999991 0.00349154 0.00162156 -0.00348746 0.999992 -0.0733037 0.0535036 -0.0440453
FixedParameters: 0 0 0

#Transform 114
Transform: AffineTransform_float_3_3
Parameters: 0.999996 0.00232778 -0.00146712 -0.00232125 0.999988 0.00443814 0.00147748 -0.00443487 0.999989 -0.079884 0.0477978 0.00697558
FixedParameters: 0 0 0

#Transform 115
Transform: AffineTransform_float_3_3
Parameters: 0.999996 0.00215679 -0.00140142 -0.00215104 0.999989 0.0042301 0.0014103 -0.0042269 0.99999 -0.0692153 0.04278 -0.0273842
FixedParameters: 0 0 0

#Transform 116
Transform: AffineTransform_float_3_3
Parameters: 0.999996 0.00239503 -0.00133759 -0.00238926 0.999989 0.00424077 0.00134721 -0.00423723 0.99999 -0.0874713 0.00145972 -0.0295717
FixedParameters: 0 0 0

#Transform 117
Transform: AffineTransform_float_3_3
Parameters: 0.999997 0.00228106 -0.00135816 -0.00227543 0.99999 0.00383882 0.00136683 -0.00383618 0.999991 -0.0772303 0.00390304 -0.0400162
FixedParameters: 0 0 0

#Transform 118
Transform: AffineTransform_float_3_3
Parameters: 0.999997 0.0021706 -0.00160851 -0.00216347 0.999989 0.00399272 0.00161739 -0.00398928 0.999991 -0.0786611 0.000679535 -0.0477967
FixedParameters: 0 0 0

#Transform 119
Transform: AffineTransform_float_3_3
Parameters: 0.999996 0.0019657 -0.00164233 -0.00195893 0.999989 0.00420346 0.00164986 -0.00420054 0.99999 -0.0680916 -0.00200568 -0.0429822
FixedParameters: 0 0 0

#Transform 120
Transform: AffineTransform_float_3_3
Parameters: 0.999997 0.00214182 -0.00157896 -0.00213519 0.999989 0.00403646 0.00158687 -0.00403254 0.99999 -0.0724984 -0.0021989 -0.0523017
FixedParameters: 0 0 0

#Transform 121
Transform: AffineTransform_float_3_3
Parameters: 0.999995 0.00227089 -0.00194663 -0.00226223 0.999988 0.00436245 0.00195692 -0.00435856 0.999989 -0.0835001 -0.015919 -0.06128
FixedParameters: 0 0 0

#Transform 122
Transform: AffineTransform_float_3_3
Parameters: 0.999996 0.00186946 -0.00187292 -0.00186085 0.999987 0.00466388 0.00188214 -0.00466112 0.999987 -0.0765009 -0.0101169 -0.0339745
FixedParameters: 0 0 0

#Transform 123
Transform: AffineTransform_float_3_3
Parameters: 0.999996 0.00187913 -0.0018488 -0.00187098 0.999989 0.00424985 0.00185709 -0.00424714 0.999989 -0.0709937 -0.00225541 -0.0408136
FixedParameters: 0 0 0

#Transform 124
Transform: AffineTransform_float_3_3
Parameters: 0.999996 0.00192228 -0.00174621 -0.00191457 0.999989 0.00436959 0.00175532 -0.00436642 0.999989 -0.0715462 -0.00482075 -0.0393372
FixedParameters: 0 0 0

#Transform 125
Transform: AffineTransform_float_3_3
Parameters: 0.999995 0.00238658 -0.00178947 -0.00237878 0.999988 0.00425014 0.00179984 -0.00424586 0.999989 -0.0803073 0.0126109 -0.0162568
FixedParameters: 0 0 0

#Transform 126
Transform: AffineTransform_float_3_3
Parameters: 0.999995 0.00245635 -0.00165933 -0.00244874 0.999988 0.00424995 0.0016699 -0.00424605 0.99999 -0.0900544 0.0190941 -0.0245975
FixedParameters: 0 0 0

#Transform 127
Transform: AffineTransform_float_3_3
Parameters: 0.999996 0.00190543 -0.00178609 -0.00189781 0.999989 0.00424963 0.0017946 -0.00424637 0.999989 -0.0711517 -0.00947087 -0.0396307
FixedParameters: 0 0 0

#Transform 128
Transform: AffineTransform_float_3_3
Parameters: 0.999996 0.00186615 -0.00187944 -0.00185817 0.99999 0.00413689 0.0018872 -0.00413412 0.99999 -0.0702297 0.00302472 -0.0164437
FixedParameters: 0 0 0

#Transform 129
Transform: AffineTransform_float_3_3
Parameters: 0.999996 0.00193942 -0.001705 -0.00193207 0.999989 0.00421753 0.00171237 -0.00421447 0.999989 -0.0794155 0.0124423 0.00725108
FixedParameters: 0 0 0

#Transform 130
Transform: AffineTransform_float_3_3
Parameters: 0.999998 0.00165158 -0.00131801 -0.00164735 0.999991 0.00397561 0.00132401 -0.00397339 0.999991 -0.0911464 0.0287364 -0.00435648
FixedParameters: 0 0 0

#Transform 131
Transform: AffineTransform_float_3_3
Parameters: 0.999998 0.00167551 -0.00126175 -0.0016703 0.999988 0.00453655 0.00126981 -0.00453445 0.999988 -0.0804947 0.0149909 -0.0203339
FixedParameters: 0 0 0

#Transform 132
Transform: AffineTransform_float_3_3
Parameters: 0.999997 0.00201937 -0.00128955 -0.00201417 0.999989 0.00423068 0.00129819 -0.00422832 0.99999 -0.0852443 0.0122972 -0.0423845
FixedParameters: 0 0 0

#Transform 133
Transform: AffineTransform_float_3_3
Parameters: 0.999998 0.00167647 -0.00147391 -0.00166976 0.999989 0.00439791 0.00148151 -0.0043951 0.999989 -0.0767403 0.0204106 -0.018249
FixedParameters: 0 0 0

#Transform 134
Transform: AffineTransform_float_3_3
Parameters: 0.999996 0.0020807 -0.00187968 -0.00207339 0.99999 0.00405914 0.00188797 -0.00405486 0.99999 -0.0831063 0.0282678 -0.024175
FixedParameters: 0 0 0

#Transform 135
Transform: AffineTransform_float_3_3
Parameters: 0.999997 0.00200568 -0.00185839 -0.00199661 0.999987 0.00468095 0.00186763 -0.00467704 0.999987 -0.0813959 0.039652 -0.0173444
FixedParameters: 0 0 0

#Transform 136
Transform: AffineTransform_float_3_3
Parameters: 0.999994 0.0024712 -0.0021864 -0.00246066 0.999985 0.00479442 0.00219818 -0.00478857 0.999986 -0.101451 0.0449602 0.0094947
FixedParameters: 0 0 0

#Transform 137
Transform: AffineTransform_float_3_3
Parameters: 0.999995 0.00215288 -0.00208559 -0.0021451 0.999992 0.00336787 0.00209294 -0.00336313 0.999992 -0.078387 0.033137 -0.031079
FixedParameters: 0 0 0

#Transform 138
Transform: AffineTransform_float_3_3
Parameters: 0.999996 0.00217176 -0.00175552 -0.00216491 0.99999 0.00395404 0.00176371 -0.00394996 0.99999 -0.0913037 0.0474344 -0.0179962
FixedParameters: 0 0 0

#Transform 139
Transform: AffineTransform_float_3_3
Parameters: 0.999994 0.00259383 -0.00199913 -0.0025849 0.999986 0.0045137 0.00201116 -0.0045083 0.999987 -0.104441 0.052608 0.0110143
FixedParameters: 0 0 0

#Transform 140
Transform: AffineTransform_float_3_3
Parameters: 0.999994 0.00240969 -0.0022606 -0.00239925 0.999986 0.00473047 0.00227279 -0.00472453 0.999986 -0.0965535 0.0393532 -0.00745723
FixedParameters: 0 0 0

#Transform 141
Transform: AffineTransform_float_3_3
Parameters: 0.999993 0.00262838 -0.00242802 -0.00261596 0.999984 0.00505156 0.00244119 -0.00504445 0.999985 -0.102942 0.0380813 -0.00626121
FixedParameters: 0 0 0

#Transform 142
Transform: AffineTransform_float_3_3
Parameters: 0.999992 0.00295814 -0.00269944 -0.00294476 0.999983 0.0050366 0.00271439 -0.00502841 0.999984 -0.117645 0.0478291 0.0288734
FixedParameters: 0 0 0

#Transform 143
Transform: AffineTransform_float_3_3
Parameters: 0.99999 0.00319902 -0.00310842 -0.00318494 0.999985 0.00449014 0.0031223 -0.00448087 0.999985 -0.101697 0.0587716 0.0109007
FixedParameters: 0 0 0

#Transform 144
Transform: AffineTransform_float_3_3
Parameters: 0.999993 0.00239841 -0.00286257 -0.00238595 0.999988 0.00425398 0.00287276 -0.00424802 0.999987 -0.101486 0.0378495 -0.00591123
FixedParameters: 0 0 0

#Transform 145
Transform: AffineTransform_float_3_3
Parameters: 0.999994 0.00249628 -0.00262927 -0.00248527 0.999987 0.00425388 0.00263898 -0.00424711 0.999987 -0.0953976 0.0441206 0.00655718
FixedParameters: 0 0 0

#Transform 146
Transform: AffineTransform_float_3_3
Parameters: 0.999994 0.00249792 -0.0026277 -0.00248493 0.999985 0.00487989 0.00264001 -0.00487311 0.999985 -0.0968734 0.0526651 0.0133816
FixedParameters: 0 0 0

#Transform 147
Transform: AffineTransform_float_3_3
Parameters: 0.999992 0.00282322 -0.00279429 -0.00280787 0.999983 0.00514849 0.00280942 -0.0051405 0.999982 -0.122393 0.0443867 0.0373313
FixedParameters: 0 0 0

#Transform 148
Transform: AffineTransform_float_3_3
Parameters: 0.999992 0.00307514 -0.00283418 -0.00306058 0.999983 0.00500533 0.00285011 -0.00499568 0.999984 -0.12587 0.0617458 0.0221086
FixedParameters: 0 0 0

#Transform 149
Transform: AffineTransform_float_3_3
Parameters: 0.999992 0.00285286 -0.00275117 -0.00283912 0.999984 0.00493645 0.00276541 -0.00492854 0.999984 -0.116885 0.0526821 0.0128966
FixedParameters: 0 0 0

#Transform 150
Transform: AffineTransform_float_3_3
Parameters: 0.999993 0.00252219 -0.00297088 -0.00250625 0.999983 0.00540561 0.00298538 -0.0053984 0.999981 -0.105935 0.0402063 0.0330302
FixedParameters: 0 0 0

#Transform 151
Transform: AffineTransform_float_3_3
Parameters: 0.999991 0.00283355 -0.00308588 -0.002819 0.999986 0.0046205 0.00309945 -0.0046115 0.999984 -0.107427 0.0571528 0.0112628
FixedParameters: 0 0 0

#Transform 152
Transform: AffineTransform_float_3_3
Parameters: 0.999992 0.00262145 -0.00307367 -0.0026044 0.999982 0.00553317 0.00308806 -0.00552483 0.99998 -0.122479 0.0402529 0.0228366
FixedParameters: 0 0 0

#Transform 153
Transform: AffineTransform_float_3_3
Parameters: 0.999991 0.00263016 -0.00327686 -0.00261377 0.999982 0.00523139 0.00329016 -0.00522261 0.999981 -0.110529 0.0439019 0.0189938
FixedParameters: 0 0 0

#Transform 154
Transform: AffineTransform_float_3_3
Parameters: 0.999991 0.00270401 -0.00309934 -0.0026868 0.999981 0.00557549 0.00311395 -0.00556651 0.999979 -0.104824 0.0524122 0.0162565
FixedParameters: 0 0 0

#Transform 155
Transform: AffineTransform_float_3_3
Parameters: 0.999992 0.00268483 -0.00300373 -0.00266895 0.999982 0.00525017 0.00301784 -0.00524182 0.999981 -0.11255 0.0508693 0.0279804
FixedParameters: 0 0 0

#Transform 156
Transform: AffineTransform_float_3_3
Parameters: 0.999992 0.00267649 -0.00296902 -0.00266129 0.999983 0.00519706 0.00298276 -0.00518894 0.999982 -0.103169 0.0449583 0.0190414
FixedParameters: 0 0 0

#Transform 157
Transform: AffineTransform_float_3_3
Parameters: 0.999992 0.00287461 -0.00270416 -0.00286169 0.999984 0.00487139 0.00271825 -0.00486362 0.999985 -0.121885 0.054266 0.0217066
FixedParameters: 0 0 0

#Transform 158
Transform: AffineTransform_float_3_3
Parameters: 0.999992 0.00280377 -0.00290584 -0.00278622 0.999979 0.0058449 0.00292268 -0.00583709 0.999978 -0.129075 0.0485896 0.0391814
FixedParameters: 0 0 0

#Transform 159
Transform: AffineTransform_float_3_3
Parameters: 0.999993 0.0025798 -0.00269576 -0.0025653 0.999982 0.00542192 0.00270927 -0.00541509 0.999982 -0.127597 0.057221 0.0265439
FixedParameters: 0 0 0

#Transform 160
Transform: AffineTransform_float_3_3
Parameters: 0.999994 0.00247878 -0.00267593 -0.00246397 0.999982 0.0055196 0.00268883 -0.00551341 0.999981 -0.140908 0.0667415 0.0348708
FixedParameters: 0 0 0

#Transform 161
Transform: AffineTransform_float_3_3
Parameters: 0.999992 0.00243685 -0.00292754 -0.00241992 0.999981 0.0057216 0.00294173 -0.0057144 0.999979 -0.131706 0.0621161 0.060713
FixedParameters: 0 0 0

#Transform 162
Transform: AffineTransform_float_3_3
Parameters: 0.999993 0.00241061 -0.00283916 -0.00239474 0.999982 0.00555216 0.00285185 -0.00554484 0.999981 -0.131374 0.0543082 0.0449724
FixedParameters: 0 0 0

#Transform 163
Transform: AffineTransform_float_3_3
Parameters: 0.999992 0.00268759 -0.00275219 -0.00267166 0.999981 0.00556852 0.00276765 -0.00556149 0.999981 -0.147414 0.0553112 0.0403507
FixedParameters: 0 0 0

#Transform 164
Transform: AffineTransform_float_3_3
Parameters: 0.999993 0.00240401 -0.00285428 -0.00238844 0.999983 0.00540318 0.0028671 -0.00539582 0.999981 -0.139163 0.0770853 0.0655181
FixedParameters: 0 0 0

#Transform 165
Transform: AffineTransform_float_3_3
Parameters: 0.999993 0.00288409 -0.00259147 -0.00287087 0.999983 0.00503808 0.00260529 -0.00503091 0.999984 -0.142229 0.069076 0.0323442
FixedParameters: 0 0 0

#Transform 166
Transform: AffineTransform_float_3_3
Parameters: 0.999992 0.00291698 -0.00269378 -0.00290198 0.99998 0.00566147 0.00271049 -0.00565353 0.99998 -0.145226 0.0524867 0.0506716
FixedParameters: 0 0 0

#Transform 167
Transform: AffineTransform_float_3_3
Parameters: 0.999992 0.00304995 -0.00262895 -0.00303604 0.999981 0.00541927 0.00264531 -0.00541173 0.999982 -0.163504 0.0584047 0.0638905
FixedParameters: 0 0 0

#Transform 168
Transform: AffineTransform_float_3_3
Parameters: 0.999991 0.00300234 -0.00279301 -0.00298879 0.999983 0.00497079 0.00280709 -0.00496322 0.999984 -0.16345 0.0655196 0.0216348
FixedParameters: 0 0 0

#Transform 169
Transform: AffineTransform_float_3_3
Parameters: 0.999993 0.00278402 -0.00272954 -0.00276994 0.999983 0.00503856 0.00274366 -0.00503044 0.999984 -0.158969 0.0442704 0.0479511
FixedParameters: 0 0 0

#Transform 170
Transform: AffineTransform_float_3_3
Parameters: 0.999993 0.0026753 -0.00261684 -0.00266371 0.999987 0.00445782 0.00262824 -0.00445019 0.999986 -0.135387 0.0749974 0.0291254
FixedParameters: 0 0 0

#Transform 171
Transform: AffineTransform_float_3_3
Parameters: 0.999994 0.00245864 -0.00272111 -0.00244528 0.999985 0.00478017 0.00273255 -0.00477384 0.999986 -0.137782 0.0563417 0.0331861
FixedParameters: 0 0 0

#Transform 172
Transform: AffineTransform_float_3_3
Parameters: 0.999992 0.00252519 -0.00286503 -0.00251183 0.999985 0.00477071 0.00287652 -0.00476329 0.999985 -0.141255 0.033208 0.0449316
FixedParameters: 0 0 0

#Transform 173
Transform: AffineTransform_float_3_3
Parameters: 0.999993 0.00244593 -0.00275094 -0.0024326 0.999986 0.00465305 0.00276255 -0.00464595 0.999985 -0.129722 0.0439972 0.0377578
FixedParameters: 0 0 0

#Transform 174
Transform: AffineTransform_float_3_3
Parameters: 0.999993 0.00260035 -0.00287053 -0.00258626 0.999984 0.00504558 0.00288455 -0.00503842 0.999983 -0.13092 0.0315622 0.0302786
FixedParameters: 0 0 0

#Transform 175
Transform: AffineTransform_float_3_3
Parameters: 0.999992 0.00256739 -0.00313788 -0.00255122 0.999985 0.00494932 0.00315106 -0.00494168 0.999983 -0.134004 0.0306944 0.0515713
FixedParameters: 0 0 0

#Transform 176
Transform: AffineTransform_float_3_3
Parameters: 0.999992 0.00287694 -0.00276723 -0.00286492 0.999986 0.00452957 0.0027803 -0.00452143 0.999986 -0.133432 0.029933 0.0164654
FixedParameters: 0 0 0

#Transform 177
Transform: AffineTransform_float_3_3
Parameters: 0.999993 0.00249069 -0.00299387 -0.00247514 0.999983 0.00530093 0.00300752 -0.00529307 0.999982 -0.133926 0.0331271 0.0282697
FixedParameters: 0 0 0

#Transform 178
Transform: AffineTransform_float_3_3
Parameters: 0.999993 0.0026834 -0.00281969 -0.00266936 0.999984 0.00503453 0.00283318 -0.00502647 0.999983 -0.136714 0.0470113 0.0356896
FixedParameters: 0 0 0

#Transform 179
Transform: AffineTransform_float_3_3
Parameters: 0.999992 0.00264056 -0.00296102 -0.00262494 0.999983 0.00506108 0.0029742 -0.00505391 0.999983 -0.128761 0.0334449 0.0163752
FixedParameters: 0 0 0
