# transform file /out/sourcedata/freesurfer/sub-v1s10x0051089_ses-1/mri/transforms/cc_up.lta
# created by oesteban on Thu Mar 12 08:15:09 2026

type      = 0 # LINEAR_VOX_TO_VOX
nxforms   = 1
mean      = 128.0000 139.0000 122.0000
sigma     = 10000.0000
1 4 4
9.978433847427368e-01 2.800409682095051e-02 5.936849117279053e-02 -1.131614398956299e+01 
-2.795466221868992e-02 9.996079206466675e-01 -1.663213130086660e-03 9.883095741271973e+00 
-5.939178541302681e-02 1.164153357047226e-10 9.982348680496216e-01 1.793962287902832e+01 
0.000000000000000e+00 0.000000000000000e+00 0.000000000000000e+00 1.000000000000000e+00 
src volume info
valid = 1  # volume info valid
filename = /out/sourcedata/freesurfer/sub-v1s10x0051089_ses-1/mri/norm.mgz
volume = 256 256 256
voxelsize = 1.000000000000000e+00 1.000000000000000e+00 1.000000000000000e+00
xras   = -1.000000000000000e+00 0.000000000000000e+00 0.000000000000000e+00
yras   = 0.000000000000000e+00 0.000000000000000e+00 -1.000000000000000e+00
zras   = 0.000000000000000e+00 1.000000000000000e+00 0.000000000000000e+00
cras   = -7.806625366210938e-01 2.445785522460938e+00 -5.506027221679688e+00
dst volume info
valid = 1  # volume info valid
filename = /out/sourcedata/freesurfer/sub-v1s10x0051089_ses-1/mri/norm.mgz
volume = 256 256 256
voxelsize = 1.000000000000000e+00 1.000000000000000e+00 1.000000000000000e+00
xras   = -1.000000000000000e+00 0.000000000000000e+00 0.000000000000000e+00
yras   = 0.000000000000000e+00 0.000000000000000e+00 -1.000000000000000e+00
zras   = 0.000000000000000e+00 1.000000000000000e+00 0.000000000000000e+00
cras   = -7.806625366210938e-01 2.445785522460938e+00 -5.506027221679688e+00
