#Insight Transform File V1.0
#Transform 0
Transform: AffineTransform_float_3_3
Parameters: 0.999999 -0.000258742 -0.000978816 0.000258257 1 -0.000717893 0.000978796 0.000718107 0.999999 -0.00672872 0.0790181 0.314755
FixedParameters: 0 0 0

#Transform 1
Transform: AffineTransform_float_3_3
Parameters: 1 0.000743596 -0.000692459 -0.000743401 0.999999 0.000141515 0.000692668 -0.000140485 1 0.0140971 0.0420107 -0.0227497
FixedParameters: 0 0 0

#Transform 2
Transform: AffineTransform_float_3_3
Parameters: 1 0.000491603 -0.000180365 -0.000491563 1 0.000111089 0.000180474 -0.000110911 1 -0.00268732 0.0828146 -0.0549166
FixedParameters: 0 0 0

#Transform 3
Transform: AffineTransform_float_3_3
Parameters: 1 0.000408088 -0.000300337 -0.000408099 1 -1.78773e-05 0.000300322 1.81225e-05 1 0.0104073 0.0805466 -0.102602
FixedParameters: 0 0 0

#Transform 4
Transform: AffineTransform_float_3_3
Parameters: 1 0.000616137 -5.07925e-05 -0.000616139 1 -1.79686e-05 5.07703e-05 1.80312e-05 1 0.00236494 0.112521 -0.120654
FixedParameters: 0 0 0

#Transform 5
Transform: AffineTransform_float_3_3
Parameters: 0.999999 0.0006855 -0.000527429 -0.000685065 0.999999 0.000412514 0.000527995 -0.000412485 1 0.0103357 0.108349 -0.157727
FixedParameters: 0 0 0

#Transform 6
Transform: AffineTransform_float_3_3
Parameters: 1 0.000530288 -0.00025306 -0.000530066 1 0.000439134 0.000253525 -0.000438866 1 -0.00732297 0.0999946 -0.172909
FixedParameters: 0 0 0

#Transform 7
Transform: AffineTransform_float_3_3
Parameters: 1 0.0004491 -0.00044456 -0.00044871 1 0.0004392 0.000444954 -0.0004388 1 -0.00666911 0.0853862 -0.144615
FixedParameters: 0 0 0

#Transform 8
Transform: AffineTransform_float_3_3
Parameters: 1 0.000243494 -0.000579596 -0.000242289 0.999999 0.00137729 0.000579345 -0.00137771 0.999999 -0.0142294 0.0963596 -0.223038
FixedParameters: 0 0 0

#Transform 9
Transform: AffineTransform_float_3_3
Parameters: 1 0.000282129 -0.000348913 -0.000282022 1 0.000154098 0.000348999 -0.000153902 1 0.00357871 0.124361 -0.241742
FixedParameters: 0 0 0

#Transform 10
Transform: AffineTransform_float_3_3
Parameters: 1 -6.22756e-05 -5.72343e-05 6.23326e-05 1 0.000497996 5.71722e-05 -0.000498003 1 -0.00495881 0.112461 -0.282769
FixedParameters: 0 0 0

#Transform 11
Transform: AffineTransform_float_3_3
Parameters: 1 -0.000102786 -0.000204068 0.000102082 1 0.000528979 0.000204351 -0.000529021 1 0.00445039 0.0968417 -0.306488
FixedParameters: 0 0 0

#Transform 12
Transform: AffineTransform_float_3_3
Parameters: 1 -9.42224e-05 -0.00019684 9.45467e-05 0.999999 0.000823981 0.000196685 -0.000824018 0.999999 0.00433084 0.102045 -0.325729
FixedParameters: 0 0 0

#Transform 13
Transform: AffineTransform_float_3_3
Parameters: 1 -7.4716e-05 -0.000150803 7.49801e-05 0.999999 0.000875988 0.000150672 -0.000876011 0.999999 -0.00272666 0.0986155 -0.348701
FixedParameters: 0 0 0

#Transform 14
Transform: AffineTransform_float_3_3
Parameters: 1 -7.39525e-05 -0.000148953 7.41806e-05 0.999999 0.000765989 0.00014884 -0.000766011 0.999999 -0.000705722 0.113845 -0.314501
FixedParameters: 0 0 0

#Transform 15
Transform: AffineTransform_float_3_3
Parameters: 1 -3.21998e-05 -5.04399e-05 3.2317e-05 1 0.001162 5.03649e-05 -0.001162 1 -0.00452452 0.106233 -0.326606
FixedParameters: 0 0 0

#Transform 16
Transform: AffineTransform_float_3_3
Parameters: 1 0.000222014 -0.000235001 -0.000221725 0.999999 0.00144705 0.000234723 -0.00144695 0.999999 -0.00735865 0.0878427 -0.35456
FixedParameters: 0 0 0

#Transform 17
Transform: AffineTransform_float_3_3
Parameters: 1 7.7578e-05 -0.000198976 -7.75596e-05 0.999999 0.00103038 0.000198216 -0.00102962 1 -0.00286529 0.124194 -0.323064
FixedParameters: 0 0 0

#Transform 18
Transform: AffineTransform_float_3_3
Parameters: 1 1.04033e-05 -0.000421454 -1.1162e-05 1 0.000656004 0.000420939 -0.000655995 0.999999 0.00489123 0.109131 -0.360597
FixedParameters: 0 0 0

#Transform 19
Transform: AffineTransform_float_3_3
Parameters: 1 7.44995e-05 -0.000149866 -7.50488e-05 0.999999 0.00123601 0.000150441 -0.00123599 0.999999 0.00351445 0.106316 -0.366346
FixedParameters: 0 0 0

#Transform 20
Transform: AffineTransform_float_3_3
Parameters: 1 4.58531e-05 -0.000556779 -4.50635e-05 0.999999 0.00153502 0.000557309 -0.00153497 0.999998 -0.0127299 0.0915507 -0.365909
FixedParameters: 0 0 0

#Transform 21
Transform: AffineTransform_float_3_3
Parameters: 1 -0.000191024 -0.000426261 0.000191409 0.999999 0.00153192 0.000426066 -0.00153208 0.999998 -0.00353167 0.100856 -0.444581
FixedParameters: 0 0 0

#Transform 22
Transform: AffineTransform_float_3_3
Parameters: 1 -0.000255674 -0.000579154 0.000256482 0.999999 0.00149285 0.00057878 -0.00149315 0.999998 -0.0123484 0.0937913 -0.448203
FixedParameters: 0 0 0

#Transform 23
Transform: AffineTransform_float_3_3
Parameters: 0.999999 8.6297e-06 -0.000740663 -6.61485e-06 0.999998 0.00198101 0.000741084 -0.00198099 0.999998 -0.0107978 0.0936447 -0.465687
FixedParameters: 0 0 0

#Transform 24
Transform: AffineTransform_float_3_3
Parameters: 0.999999 -6.20379e-05 -0.00094863 6.30897e-05 0.999998 0.0017313 0.000948274 -0.0017307 0.999998 -0.024226 0.105018 -0.474437
FixedParameters: 0 0 0

#Transform 25
Transform: AffineTransform_float_3_3
Parameters: 0.999999 1.82096e-05 -0.00102148 -1.63126e-05 0.999998 0.00202138 0.00102141 -0.00202062 0.999998 -0.021364 0.0908162 -0.475524
FixedParameters: 0 0 0

#Transform 26
Transform: AffineTransform_float_3_3
Parameters: 0.999999 0.000257369 -0.000846473 -0.00025587 0.999997 0.00243437 0.000846663 -0.00243463 0.999997 -0.0221206 0.0905647 -0.494866
FixedParameters: 0 0 0

#Transform 27
Transform: AffineTransform_float_3_3
Parameters: 1 0.000283027 -0.0011437 -0.000280725 0.999996 0.00255483 0.00114447 -0.00255417 0.999996 -0.017981 0.0899222 -0.49281
FixedParameters: 0 0 0

#Transform 28
Transform: AffineTransform_float_3_3
Parameters: 0.999999 0.000238784 -0.00128913 -0.000235506 0.999997 0.00228846 0.00128915 -0.00228854 0.999996 -0.0352387 0.0964963 -0.526126
FixedParameters: 0 0 0

#Transform 29
Transform: AffineTransform_float_3_3
Parameters: 0.999999 0.000162698 -0.00123534 -0.000159296 0.999998 0.0022802 0.00123593 -0.0022798 0.999996 -0.0239508 0.0934106 -0.52083
FixedParameters: 0 0 0

#Transform 30
Transform: AffineTransform_float_3_3
Parameters: 0.999999 0.000283461 -0.00145255 -0.000280726 0.999998 0.00202592 0.00145395 -0.00202508 0.999997 -0.0202695 0.096276 -0.521725
FixedParameters: 0 0 0

#Transform 31
Transform: AffineTransform_float_3_3
Parameters: 0.999998 7.71248e-05 -0.00165853 -7.39498e-05 0.999998 0.00202564 0.00165816 -0.00202536 0.999996 -0.032892 0.0917384 -0.53058
FixedParameters: 0 0 0

#Transform 32
Transform: AffineTransform_float_3_3
Parameters: 0.999998 -3.0695e-05 -0.00202627 3.58837e-05 0.999997 0.00238196 0.00202584 -0.00238204 0.999996 -0.0363481 0.0933876 -0.528545
FixedParameters: 0 0 0

#Transform 33
Transform: AffineTransform_float_3_3
Parameters: 0.999998 0.000242021 -0.00157709 -0.000238599 0.999997 0.00220768 0.00157748 -0.00220832 0.999996 -0.0207257 0.103438 -0.56369
FixedParameters: 0 0 0

#Transform 34
Transform: AffineTransform_float_3_3
Parameters: 0.999998 -0.000225029 -0.00166106 0.000228943 0.999997 0.00240414 0.00166061 -0.00240486 0.999996 -0.0268245 0.0969337 -0.581561
FixedParameters: 0 0 0

#Transform 35
Transform: AffineTransform_float_3_3
Parameters: 0.999998 2.88433e-05 -0.00191708 -2.44909e-05 0.999998 0.00205992 0.00191652 -0.00205908 0.999996 -0.0101232 0.0829955 -0.617614
FixedParameters: 0 0 0

#Transform 36
Transform: AffineTransform_float_3_3
Parameters: 0.999999 -2.44566e-05 -0.00156021 2.76256e-05 0.999998 0.00215111 0.00155943 -0.00215189 0.999996 -0.0317626 0.0854802 -0.603071
FixedParameters: 0 0 0

#Transform 37
Transform: AffineTransform_float_3_3
Parameters: 0.999998 0.000155108 -0.00202592 -0.000150702 0.999998 0.00186497 0.00202674 -0.00186502 0.999996 -0.00149199 0.0787097 -0.645174
FixedParameters: 0 0 0

#Transform 38
Transform: AffineTransform_float_3_3
Parameters: 0.999999 -0.000261391 -0.00174574 0.000264477 0.999998 0.00205041 0.00174531 -0.00205059 0.999997 -0.0307328 0.0876441 -0.645337
FixedParameters: 0 0 0

#Transform 39
Transform: AffineTransform_float_3_3
Parameters: 0.999997 -0.000284409 -0.00219431 0.00028864 0.999999 0.00168224 0.0021936 -0.00168276 0.999996 -0.0328036 0.0951572 -0.653641
FixedParameters: 0 0 0

#Transform 40
Transform: AffineTransform_float_3_3
Parameters: 0.999998 -0.000116316 -0.00187884 0.000119619 0.999998 0.00171744 0.00187868 -0.00171856 0.999997 -0.0172972 0.0896564 -0.688392
FixedParameters: 0 0 0

#Transform 41
Transform: AffineTransform_float_3_3
Parameters: 0.999999 -0.000267252 -0.00175956 0.000270731 0.999998 0.0020344 0.00176003 -0.0020346 0.999997 -0.037403 0.0930107 -0.678171
FixedParameters: 0 0 0

#Transform 42
Transform: AffineTransform_float_3_3
Parameters: 0.999997 -0.000199784 -0.00215812 0.000204784 0.999997 0.00210159 0.00215791 -0.00210241 0.999995 -0.0272962 0.0727371 -0.71795
FixedParameters: 0 0 0

#Transform 43
Transform: AffineTransform_float_3_3
Parameters: 0.999998 -0.000361612 -0.00198544 0.000366515 0.999997 0.00249215 0.00198466 -0.00249285 0.999995 -0.0425491 0.0854588 -0.686592
FixedParameters: 0 0 0

#Transform 44
Transform: AffineTransform_float_3_3
Parameters: 0.999997 -0.0001185 -0.00224469 0.000122911 0.999998 0.0018896 0.00224488 -0.0018894 0.999995 -0.039119 0.0936934 -0.720565
FixedParameters: 0 0 0

#Transform 45
Transform: AffineTransform_float_3_3
Parameters: 0.999998 -0.000242788 -0.00229942 0.000248649 0.999998 0.00224531 0.00229804 -0.00224569 0.999995 -0.0464567 0.0903661 -0.748655
FixedParameters: 0 0 0

#Transform 46
Transform: AffineTransform_float_3_3
Parameters: 0.999995 -0.000252371 -0.00293335 0.000259489 0.999997 0.00244499 0.00293299 -0.00244501 0.999993 -0.0457108 0.0945961 -0.732861
FixedParameters: 0 0 0

#Transform 47
Transform: AffineTransform_float_3_3
Parameters: 0.999996 -4.24036e-05 -0.00259661 4.7667e-05 0.999997 0.00230327 0.00259598 -0.00230273 0.999994 -0.0458804 0.0868663 -0.751973
FixedParameters: 0 0 0

#Transform 48
Transform: AffineTransform_float_3_3
Parameters: 0.999996 -0.000272311 -0.00266569 0.000278299 0.999997 0.00230565 0.00266492 -0.00230635 0.999994 -0.0522375 0.0873343 -0.753352
FixedParameters: 0 0 0

#Transform 49
Transform: AffineTransform_float_3_3
Parameters: 0.999997 -0.000536111 -0.00239715 0.00054041 0.999997 0.00212994 0.00239628 -0.00213106 0.999995 -0.0484634 0.0909257 -0.738644
FixedParameters: 0 0 0

#Transform 50
Transform: AffineTransform_float_3_3
Parameters: 0.999996 -0.000318264 -0.00258567 0.000323371 0.999997 0.00213055 0.00258572 -0.00213144 0.999994 -0.0471226 0.0974099 -0.733145
FixedParameters: 0 0 0

#Transform 51
Transform: AffineTransform_float_3_3
Parameters: 0.999996 -0.000539777 -0.00279616 0.000545797 0.999997 0.00203923 0.00279406 -0.00204077 0.999994 -0.0549525 0.10404 -0.714518
FixedParameters: 0 0 0

#Transform 52
Transform: AffineTransform_float_3_3
Parameters: 0.999996 -0.000433242 -0.00262719 0.000439864 0.999998 0.00221024 0.00262629 -0.00221176 0.999994 -0.0498306 0.120435 -0.735526
FixedParameters: 0 0 0

#Transform 53
Transform: AffineTransform_float_3_3
Parameters: 0.999997 -0.000509355 -0.00233256 0.000513384 0.999998 0.00193404 0.00233161 -0.00193496 0.999996 -0.0480116 0.117505 -0.705075
FixedParameters: 0 0 0

#Transform 54
Transform: AffineTransform_float_3_3
Parameters: 0.999996 -0.000672273 -0.00272061 0.000677619 0.999997 0.00223755 0.0027194 -0.00224045 0.999994 -0.0451995 0.117761 -0.703475
FixedParameters: 0 0 0

#Transform 55
Transform: AffineTransform_float_3_3
Parameters: 0.999997 -0.000447208 -0.00218814 0.00045192 0.999997 0.00242789 0.00218738 -0.00242911 0.999994 -0.0420431 0.112887 -0.718595
FixedParameters: 0 0 0

#Transform 56
Transform: AffineTransform_float_3_3
Parameters: 0.999998 -0.000480969 -0.00226932 0.000486928 0.999997 0.00261578 0.00226821 -0.00261723 0.999994 -0.048462 0.129574 -0.698894
FixedParameters: 0 0 0

#Transform 57
Transform: AffineTransform_float_3_3
Parameters: 0.999997 -0.000495219 -0.00230243 0.000500812 0.999997 0.00249909 0.00230137 -0.00249991 0.999994 -0.0479349 0.123543 -0.714799
FixedParameters: 0 0 0

#Transform 58
Transform: AffineTransform_float_3_3
Parameters: 0.999997 -0.000671479 -0.00230316 0.000677106 0.999998 0.00202068 0.00230199 -0.00202232 0.999996 -0.0304613 0.12655 -0.716696
FixedParameters: 0 0 0

#Transform 59
Transform: AffineTransform_float_3_3
Parameters: 0.999998 -0.000693074 -0.00215934 0.000698135 0.999996 0.00254173 0.00215722 -0.00254327 0.999995 -0.0538806 0.117059 -0.732525
FixedParameters: 0 0 0

#Transform 60
Transform: AffineTransform_float_3_3
Parameters: 0.999996 -0.000873965 -0.00240105 0.000879686 0.999996 0.00261533 0.00239827 -0.00261667 0.999994 -0.0473337 0.112057 -0.739628
FixedParameters: 0 0 0

#Transform 61
Transform: AffineTransform_float_3_3
Parameters: 0.999999 -0.000591651 -0.00171808 0.000596465 0.999996 0.0025877 0.00171565 -0.0025883 0.999995 -0.0383464 0.116525 -0.746183
FixedParameters: 0 0 0

#Transform 62
Transform: AffineTransform_float_3_3
Parameters: 0.999997 -0.000860124 -0.00229077 0.000866453 0.999996 0.0025871 0.00228864 -0.0025889 0.999994 -0.0466316 0.125741 -0.693919
FixedParameters: 0 0 0

#Transform 63
Transform: AffineTransform_float_3_3
Parameters: 0.999998 -0.000914023 -0.00212589 0.000919138 0.999998 0.00228562 0.00212365 -0.00228738 0.999995 -0.0303179 0.124758 -0.677429
FixedParameters: 0 0 0

#Transform 64
Transform: AffineTransform_float_3_3
Parameters: 0.999998 -0.000771739 -0.00192648 0.000777079 0.999995 0.00305923 0.00192448 -0.00306077 0.999994 -0.0469502 0.111222 -0.711933
FixedParameters: 0 0 0

#Transform 65
Transform: AffineTransform_float_3_3
Parameters: 0.999999 -0.000755319 -0.00164912 0.000759049 0.999996 0.00280647 0.00164722 -0.00280753 0.999995 -0.0328941 0.107119 -0.72709
FixedParameters: 0 0 0

#Transform 66
Transform: AffineTransform_float_3_3
Parameters: 0.999997 -0.000873528 -0.00201058 0.00087994 0.999995 0.00296932 0.00200772 -0.00297068 0.999994 -0.0473403 0.0913576 -0.755549
FixedParameters: 0 0 0

#Transform 67
Transform: AffineTransform_float_3_3
Parameters: 0.999998 -0.00090057 -0.00175507 0.000905749 0.999995 0.00293898 0.00175302 -0.00294002 0.999994 -0.03418 0.0921199 -0.75423
FixedParameters: 0 0 0

#Transform 68
Transform: AffineTransform_float_3_3
Parameters: 0.999997 -0.00121293 -0.00217981 0.00121704 0.999997 0.00169628 0.00217816 -0.00169872 0.999996 -0.0507317 0.071567 -0.789303
FixedParameters: 0 0 0

#Transform 69
Transform: AffineTransform_float_3_3
Parameters: 0.999997 -0.00152766 -0.00192492 0.00153093 0.999998 0.00122362 0.00192287 -0.00122737 0.999997 -0.0473005 0.0715776 -0.792177
FixedParameters: 0 0 0

#Transform 70
Transform: AffineTransform_float_3_3
Parameters: 0.999998 -0.000796961 -0.00183125 0.000803202 0.999994 0.00346526 0.00182844 -0.00346674 0.999992 -0.0591081 0.133128 -0.715948
FixedParameters: 0 0 0

#Transform 71
Transform: AffineTransform_float_3_3
Parameters: 0.999998 -0.000920493 -0.0021221 0.000927532 0.999995 0.00296112 0.00211897 -0.00296288 0.999993 -0.0488691 0.126339 -0.720398
FixedParameters: 0 0 0

#Transform 72
Transform: AffineTransform_float_3_3
Parameters: 0.999998 -0.000942557 -0.00164425 0.000949358 0.999993 0.00363165 0.00164065 -0.00363335 0.999992 -0.043188 0.135105 -0.699774
FixedParameters: 0 0 0

#Transform 73
Transform: AffineTransform_float_3_3
Parameters: 0.999998 -0.00106274 -0.00174865 0.00106756 0.999995 0.0029627 0.00174468 -0.00296429 0.999994 -0.0399072 0.118007 -0.70917
FixedParameters: 0 0 0

#Transform 74
Transform: AffineTransform_float_3_3
Parameters: 0.999998 -0.00109237 -0.00202816 0.00109941 0.999993 0.00345686 0.00202462 -0.00345914 0.999992 -0.0486293 0.127091 -0.680044
FixedParameters: 0 0 0

#Transform 75
Transform: AffineTransform_float_3_3
Parameters: 0.999998 -0.000782049 -0.00179739 0.0007892 0.999992 0.00378431 0.00179418 -0.00378569 0.999991 -0.0509633 0.142606 -0.670291
FixedParameters: 0 0 0

#Transform 76
Transform: AffineTransform_float_3_3
Parameters: 0.999999 -0.00091511 -0.00158206 0.00092051 0.999992 0.00374727 0.00157791 -0.00374873 0.999992 -0.0512852 0.141525 -0.659186
FixedParameters: 0 0 0

#Transform 77
Transform: AffineTransform_float_3_3
Parameters: 0.999999 -0.00107559 -0.00151463 0.00108168 0.999993 0.00370694 0.00150989 -0.00370807 0.999992 -0.0317389 0.139899 -0.617969
FixedParameters: 0 0 0

#Transform 78
Transform: AffineTransform_float_3_3
Parameters: 0.999998 -0.00116889 -0.00147571 0.00117563 0.999991 0.00420784 0.00147042 -0.00420916 0.99999 -0.0315163 0.138613 -0.643024
FixedParameters: 0 0 0

#Transform 79
Transform: AffineTransform_float_3_3
Parameters: 0.999999 -0.00102001 -0.00094838 0.00102459 0.999989 0.00444039 0.000943095 -0.00444161 0.99999 -0.0344591 0.130641 -0.600817
FixedParameters: 0 0 0

#Transform 80
Transform: AffineTransform_float_3_3
Parameters: 0.999999 -0.000994876 -0.00146318 0.00100124 0.999988 0.00456526 0.00145811 -0.00456674 0.999989 -0.0322789 0.119462 -0.604732
FixedParameters: 0 0 0

#Transform 81
Transform: AffineTransform_float_3_3
Parameters: 0.999998 -0.00113714 -0.00148917 0.00114295 0.999989 0.00447787 0.00148431 -0.00447913 0.999989 -0.0314777 0.0941931 -0.642539
FixedParameters: 0 0 0

#Transform 82
Transform: AffineTransform_float_3_3
Parameters: 0.999998 -0.00115811 -0.00148047 0.00116524 0.999989 0.00464185 0.00147465 -0.00464315 0.999989 -0.0347102 0.11439 -0.637754
FixedParameters: 0 0 0

#Transform 83
Transform: AffineTransform_float_3_3
Parameters: 0.999999 -0.000945845 -0.00103933 0.000950267 0.999988 0.00486138 0.00103468 -0.00486263 0.999988 -0.0185045 0.110793 -0.669711
FixedParameters: 0 0 0

#Transform 84
Transform: AffineTransform_float_3_3
Parameters: 0.999999 -0.00117191 -0.000959017 0.00117659 0.999986 0.00520472 0.000952289 -0.00520627 0.999986 -0.0371119 0.114424 -0.675111
FixedParameters: 0 0 0

#Transform 85
Transform: AffineTransform_float_3_3
Parameters: 0.999999 -0.00113972 -0.00081113 0.00114375 0.999991 0.00404628 0.000806214 -0.00404671 0.999991 -0.0180743 0.108276 -0.686596
FixedParameters: 0 0 0

#Transform 86
Transform: AffineTransform_float_3_3
Parameters: 0.999999 -0.000750049 -0.000547013 0.000753451 0.999985 0.00542159 0.000543186 -0.00542241 0.999985 -0.0307417 0.124522 -0.677019
FixedParameters: 0 0 0

#Transform 87
Transform: AffineTransform_float_3_3
Parameters: 0.999999 -0.000906821 -0.000920129 0.000910937 0.999988 0.00482417 0.000915544 -0.00482583 0.999988 -0.0184456 0.121705 -0.704921
FixedParameters: 0 0 0

#Transform 88
Transform: AffineTransform_float_3_3
Parameters: 1 -0.000796305 -0.000656376 0.00080019 0.999988 0.00488348 0.000652903 -0.00488452 0.999988 -0.0256424 0.120675 -0.711991
FixedParameters: 0 0 0

#Transform 89
Transform: AffineTransform_float_3_3
Parameters: 1 -0.0011612 -0.000355162 0.00116299 0.999987 0.00498544 0.00034974 -0.00498556 0.999988 -0.0198037 0.112199 -0.703365
FixedParameters: 0 0 0

#Transform 90
Transform: AffineTransform_float_3_3
Parameters: 0.999999 -0.00133456 -0.000243577 0.00133562 0.999987 0.00499153 0.000237334 -0.00499147 0.999988 -0.00113189 0.110935 -0.78461
FixedParameters: 0 0 0

#Transform 91
Transform: AffineTransform_float_3_3
Parameters: 0.999999 -0.00133533 -0.000245399 0.00133641 0.999987 0.00497453 0.000239194 -0.00497448 0.999988 -0.0107029 0.0914763 -0.75652
FixedParameters: 0 0 0

#Transform 92
Transform: AffineTransform_float_3_3
Parameters: 0.999999 -0.00144284 -0.000139778 0.00144379 0.999987 0.00504129 0.00013192 -0.00504171 0.999987 -0.00972397 0.10172 -0.765464
FixedParameters: 0 0 0

#Transform 93
Transform: AffineTransform_float_3_3
Parameters: 0.999998 -0.00158227 -0.000422661 0.0015842 0.999983 0.00564282 0.000413579 -0.00564417 0.999984 -0.0149549 0.100619 -0.756059
FixedParameters: 0 0 0

#Transform 94
Transform: AffineTransform_float_3_3
Parameters: 0.999998 -0.00153574 -0.000729365 0.00154063 0.999977 0.00657173 0.000718715 -0.00657326 0.999978 0.00166804 0.132181 -0.741939
FixedParameters: 0 0 0

#Transform 95
Transform: AffineTransform_float_3_3
Parameters: 0.999998 -0.00152477 -0.000703946 0.00152879 0.999975 0.00685178 0.000692982 -0.00685322 0.999976 -0.00824205 0.125151 -0.740323
FixedParameters: 0 0 0

#Transform 96
Transform: AffineTransform_float_3_3
Parameters: 0.999998 -0.00169428 -0.000855292 0.00169976 0.999981 0.00594361 0.000844687 -0.00594439 0.999982 0.0244766 0.123544 -0.781773
FixedParameters: 0 0 0

#Transform 97
Transform: AffineTransform_float_3_3
Parameters: 0.999999 -0.0016913 -0.000509275 0.00169477 0.999978 0.006342 0.000498818 -0.00634301 0.99998 0.000496719 0.113857 -0.763824
FixedParameters: 0 0 0

#Transform 98
Transform: AffineTransform_float_3_3
Parameters: 0.999998 -0.00184927 -0.000937723 0.00185397 0.999982 0.00577697 0.000927597 -0.00577904 0.999983 0.0176848 0.105279 -0.78019
FixedParameters: 0 0 0

#Transform 99
Transform: AffineTransform_float_3_3
Parameters: 0.999998 -0.00151338 -0.000672363 0.00151663 0.999984 0.00550184 0.000663949 -0.00550317 0.999985 0.00330293 0.118006 -0.796045
FixedParameters: 0 0 0

#Transform 100
Transform: AffineTransform_float_3_3
Parameters: 0.999997 -0.00201664 -0.000850373 0.00202097 0.999985 0.00506399 0.000840412 -0.00506601 0.999987 0.00384375 0.114129 -0.798392
FixedParameters: 0 0 0

#Transform 101
Transform: AffineTransform_float_3_3
Parameters: 0.999998 -0.00164028 -0.000972731 0.00164527 0.999988 0.0046871 0.000965587 -0.0046889 0.999988 0.0112107 0.109269 -0.814403
FixedParameters: 0 0 0

#Transform 102
Transform: AffineTransform_float_3_3
Parameters: 0.999998 -0.00154271 -0.000738989 0.00154566 0.999988 0.00443207 0.000732246 -0.00443293 0.99999 -0.000277891 0.0983738 -0.841598
FixedParameters: 0 0 0

#Transform 103
Transform: AffineTransform_float_3_3
Parameters: 0.999999 -0.00156744 -0.00079805 0.00157095 0.999989 0.00445645 0.000791009 -0.00445755 0.99999 0.00177056 0.11464 -0.813411
FixedParameters: 0 0 0

#Transform 104
Transform: AffineTransform_float_3_3
Parameters: 0.999998 -0.00178103 -0.000864292 0.00178509 0.99999 0.00420516 0.00085716 -0.00420684 0.999991 -0.00142748 0.111028 -0.81151
FixedParameters: 0 0 0

#Transform 105
Transform: AffineTransform_float_3_3
Parameters: 0.999999 -0.00156856 -0.000799205 0.00157191 0.999991 0.0040166 0.000792224 -0.0040184 0.999992 0.00619527 0.111698 -0.823978
FixedParameters: 0 0 0

#Transform 106
Transform: AffineTransform_float_3_3
Parameters: 0.999998 -0.00195722 -0.000657484 0.00195908 0.999991 0.00385405 0.000650254 -0.00385595 0.999992 -0.00256903 0.1106 -0.797062
FixedParameters: 0 0 0

#Transform 107
Transform: AffineTransform_float_3_3
Parameters: 0.999998 -0.00210423 -0.000910934 0.00210759 0.999991 0.00360279 0.000903622 -0.00360522 0.999993 0.00546816 0.119791 -0.779133
FixedParameters: 0 0 0

#Transform 108
Transform: AffineTransform_float_3_3
Parameters: 0.999997 -0.00221883 -0.000877149 0.0022217 0.999992 0.0031626 0.000869657 -0.00316439 0.999994 0.0102675 0.111465 -0.804039
FixedParameters: 0 0 0

#Transform 109
Transform: AffineTransform_float_3_3
Parameters: 0.999997 -0.00231948 -0.000615077 0.00232036 0.999993 0.00288492 0.000608243 -0.00288708 0.999996 0.00147623 0.108698 -0.805534
FixedParameters: 0 0 0

#Transform 110
Transform: AffineTransform_float_3_3
Parameters: 0.999998 -0.00221366 -0.000749149 0.00221581 0.999994 0.00259789 0.000743804 -0.00259911 0.999997 -0.00262799 0.111513 -0.796968
FixedParameters: 0 0 0

#Transform 111
Transform: AffineTransform_float_3_3
Parameters: 0.999997 -0.00239791 -0.000727835 0.00239989 0.999994 0.0025528 0.000721749 -0.0025542 0.999997 0.0152551 0.111308 -0.791763
FixedParameters: 0 0 0

#Transform 112
Transform: AffineTransform_float_3_3
Parameters: 0.999996 -0.00243815 -0.000861344 0.00243974 0.999996 0.00184909 0.000856251 -0.00185191 0.999998 0.0169294 0.118825 -0.808744
FixedParameters: 0 0 0

#Transform 113
Transform: AffineTransform_float_3_3
Parameters: 0.999996 -0.00265535 -0.000696674 0.0026562 0.999995 0.00175719 0.00069127 -0.00175881 0.999998 0.00271653 0.108036 -0.804654
FixedParameters: 0 0 0

#Transform 114
Transform: AffineTransform_float_3_3
Parameters: 0.999996 -0.00286857 -0.00111132 0.0028712 0.999995 0.00172505 0.00110626 -0.00172794 0.999998 0.0144993 0.109961 -0.802818
FixedParameters: 0 0 0

#Transform 115
Transform: AffineTransform_float_3_3
Parameters: 0.999995 -0.00281771 -0.00103919 0.00281948 0.999995 0.00161895 0.00103399 -0.00162204 0.999998 0.0112555 0.100812 -0.829995
FixedParameters: 0 0 0

#Transform 116
Transform: AffineTransform_float_3_3
Parameters: 0.999995 -0.00291962 -0.00118856 0.00292216 0.999993 0.00218477 0.00118235 -0.00218823 0.999997 0.00262942 0.119442 -0.828128
FixedParameters: 0 0 0

#Transform 117
Transform: AffineTransform_float_3_3
Parameters: 0.999995 -0.00270957 -0.00123999 0.00271113 0.999995 0.00105739 0.00123687 -0.00106061 0.999999 0.00796086 0.12452 -0.852668
FixedParameters: 0 0 0

#Transform 118
Transform: AffineTransform_float_3_3
Parameters: 0.999996 -0.00257704 -0.00105682 0.00257785 0.999996 0.000885667 0.00105487 -0.000888332 0.999999 0.00321281 0.115826 -0.864968
FixedParameters: 0 0 0

#Transform 119
Transform: AffineTransform_float_3_3
Parameters: 0.999996 -0.00264863 -0.00119259 0.00264989 0.999996 0.00135923 0.00118839 -0.00136276 0.999998 -0.0136599 0.10061 -0.866495
FixedParameters: 0 0 0

#Transform 120
Transform: AffineTransform_float_3_3
Parameters: 0.999996 -0.00254666 -0.00124521 0.00254743 0.999997 0.000150217 0.00124535 -0.000153782 0.999999 -0.00232966 0.0917576 -0.880409
FixedParameters: 0 0 0

#Transform 121
Transform: AffineTransform_float_3_3
Parameters: 0.999996 -0.00264359 -0.00147502 0.00264417 0.999996 0.00037385 0.00147435 -0.00037815 0.999999 -0.00622499 0.0867612 -0.889734
FixedParameters: 0 0 0

#Transform 122
Transform: AffineTransform_float_3_3
Parameters: 0.999995 -0.00279806 -0.00131011 0.00279837 0.999996 0.00011993 0.00130943 -0.000123068 0.999999 -0.00725196 0.091519 -0.895562
FixedParameters: 0 0 0

#Transform 123
Transform: AffineTransform_float_3_3
Parameters: 0.999996 -0.00263739 -0.00145534 0.00263698 0.999996 -0.000458091 0.00145735 0.000453908 0.999999 0.00469871 0.0910852 -0.885415
FixedParameters: 0 0 0

#Transform 124
Transform: AffineTransform_float_3_3
Parameters: 0.999996 -0.00257218 -0.0013048 0.00257233 0.999997 5.50327e-05 0.00130451 -5.89659e-05 0.999999 -0.0084351 0.0924595 -0.886284
FixedParameters: 0 0 0

#Transform 125
Transform: AffineTransform_float_3_3
Parameters: 0.999996 -0.00266557 -0.00152316 0.00266584 0.999997 -0.000216466 0.00152392 0.000212536 0.999999 -0.0130397 0.0848391 -0.895001
FixedParameters: 0 0 0

#Transform 126
Transform: AffineTransform_float_3_3
Parameters: 0.999996 -0.00263948 -0.00145643 0.00263829 0.999995 -0.0010891 0.00145915 0.0010849 0.999998 0.00642868 0.0713887 -0.906129
FixedParameters: 0 0 0

#Transform 127
Transform: AffineTransform_float_3_3
Parameters: 0.999995 -0.0026749 -0.00153574 0.00267216 0.999995 -0.00170951 0.00154054 0.00170548 0.999997 -0.00556057 0.0768193 -0.915666
FixedParameters: 0 0 0

#Transform 128
Transform: AffineTransform_float_3_3
Parameters: 0.999995 -0.00272087 -0.00164483 0.00271841 0.999995 -0.00150888 0.0016487 0.00150412 0.999997 -0.0116875 0.0863262 -0.893859
FixedParameters: 0 0 0

#Transform 129
Transform: AffineTransform_float_3_3
Parameters: 0.999994 -0.00268773 -0.00183716 0.00268496 0.999996 -0.00154399 0.00184204 0.00153901 0.999997 0.00815454 0.085564 -0.859532
FixedParameters: 0 0 0

#Transform 130
Transform: AffineTransform_float_3_3
Parameters: 0.999994 -0.00315669 -0.00157634 0.003156 0.999995 -0.000680536 0.00157892 0.000675464 0.999999 -0.0169664 0.0827425 -0.846841
FixedParameters: 0 0 0

#Transform 131
Transform: AffineTransform_float_3_3
Parameters: 0.999994 -0.00290021 -0.00181352 0.00289861 0.999995 -0.000737305 0.00181516 0.000731696 0.999998 -0.0090572 0.0796388 -0.856221
FixedParameters: 0 0 0

#Transform 132
Transform: AffineTransform_float_3_3
Parameters: 0.999996 -0.0026534 -0.00149312 0.00265262 0.999997 -0.000439367 0.00149413 0.000435634 0.999999 -0.0212454 0.0851359 -0.859536
FixedParameters: 0 0 0

#Transform 133
Transform: AffineTransform_float_3_3
Parameters: 0.999996 -0.00232333 -0.00160163 0.00232356 0.999997 6.95397e-05 0.0016013 -7.34589e-05 0.999999 -0.0187939 0.0993186 -0.835912
FixedParameters: 0 0 0

#Transform 134
Transform: AffineTransform_float_3_3
Parameters: 0.999997 -0.00193998 -0.00152285 0.00194168 0.999997 0.00151195 0.00152038 -0.00151505 0.999997 -0.023256 0.102479 -0.803405
FixedParameters: 0 0 0

#Transform 135
Transform: AffineTransform_float_3_3
Parameters: 0.999998 -0.00140098 -0.00140924 0.00140423 0.999997 0.00218408 0.00140652 -0.00218592 0.999996 -0.01989 0.10322 -0.786077
FixedParameters: 0 0 0

#Transform 136
Transform: AffineTransform_float_3_3
Parameters: 0.999998 -0.00151711 -0.00168482 0.00152084 0.999997 0.00224286 0.00168179 -0.00224514 0.999996 -0.030494 0.10056 -0.784705
FixedParameters: 0 0 0

#Transform 137
Transform: AffineTransform_float_3_3
Parameters: 0.999997 -0.00156398 -0.00179518 0.00156735 0.999997 0.00211461 0.00179143 -0.00211739 0.999996 -0.025408 0.109092 -0.783046
FixedParameters: 0 0 0

#Transform 138
Transform: AffineTransform_float_3_3
Parameters: 0.999998 -0.00141029 -0.00179106 0.00141184 0.999999 0.00120289 0.00178883 -0.00120511 0.999997 -0.0226342 0.108082 -0.786717
FixedParameters: 0 0 0

#Transform 139
Transform: AffineTransform_float_3_3
Parameters: 0.999997 -0.00147055 -0.00186194 0.00147175 0.999999 0.000815829 0.00186031 -0.000819172 0.999998 -0.0481231 0.101274 -0.80843
FixedParameters: 0 0 0

#Transform 140
Transform: AffineTransform_float_3_3
Parameters: 0.999997 -0.00156292 -0.00178097 0.00156325 0.999999 9.19896e-05 0.00178068 -9.40094e-05 0.999999 -0.0293413 0.104529 -0.813101
FixedParameters: 0 0 0

#Transform 141
Transform: AffineTransform_float_3_3
Parameters: 0.999998 -0.00152498 -0.00169172 0.00152538 0.999998 0.000117986 0.00169135 -0.000121013 0.999998 -0.0338318 0.105659 -0.81005
FixedParameters: 0 0 0

#Transform 142
Transform: AffineTransform_float_3_3
Parameters: 0.999997 -0.00174753 -0.00166287 0.00174777 0.999999 0.000508509 0.00166279 -0.000511493 0.999999 -0.0290968 0.107436 -0.802831
FixedParameters: 0 0 0

#Transform 143
Transform: AffineTransform_float_3_3
Parameters: 0.999998 -0.0015371 -0.00171897 0.0015367 0.999999 -0.000119228 0.00171933 0.000116772 0.999998 -0.0227695 0.091986 -0.825655
FixedParameters: 0 0 0

#Transform 144
Transform: AffineTransform_float_3_3
Parameters: 0.999997 -0.00163356 -0.00149333 0.00163325 0.999998 -0.000106025 0.00149367 0.000103974 0.999999 -0.0278555 0.0936605 -0.811173
FixedParameters: 0 0 0

#Transform 145
Transform: AffineTransform_float_3_3
Parameters: 0.999996 -0.00215148 -0.00172252 0.00215094 0.999998 -0.000581599 0.00172332 0.000578403 0.999998 -0.0281851 0.100571 -0.787512
FixedParameters: 0 0 0

#Transform 146
Transform: AffineTransform_float_3_3
Parameters: 0.999995 -0.00264257 -0.0012937 0.00264065 0.999996 -0.00135603 0.00129692 0.00135197 0.999998 -0.0107754 0.092796 -0.809977
FixedParameters: 0 0 0

#Transform 147
Transform: AffineTransform_float_3_3
Parameters: 0.999996 -0.0024706 -0.00138804 0.00246834 0.999996 -0.00171468 0.00139218 0.00171132 0.999998 -0.0109607 0.0911662 -0.822343
FixedParameters: 0 0 0

#Transform 148
Transform: AffineTransform_float_3_3
Parameters: 0.999996 -0.00255524 -0.00110343 0.00255414 0.999996 -0.000978074 0.0011058 0.000975928 0.999999 -0.0118103 0.0772308 -0.843111
FixedParameters: 0 0 0

#Transform 149
Transform: AffineTransform_float_3_3
Parameters: 0.999996 -0.00245991 -0.00144366 0.00245883 0.999997 -0.000556804 0.00144508 0.000553197 0.999999 -0.0107111 0.0794867 -0.851821
FixedParameters: 0 0 0

#Transform 150
Transform: AffineTransform_float_3_3
Parameters: 0.999997 -0.00220024 -0.00100607 0.00219959 0.999997 -0.000126312 0.0010057 0.00012469 1 -0.0137214 0.0964871 -0.830989
FixedParameters: 0 0 0

#Transform 151
Transform: AffineTransform_float_3_3
Parameters: 1 -0.000946142 -0.000552019 0.000946765 0.999999 -0.000269675 0.000552139 0.000269325 0.999999 -0.0409305 0.0918638 -0.846985
FixedParameters: 0 0 0

#Transform 152
Transform: AffineTransform_float_3_3
Parameters: 0.999998 -0.00180908 -0.0010841 0.0018084 0.999998 -0.000981908 0.00108595 0.000980092 0.999999 -0.0209099 0.0970273 -0.852941
FixedParameters: 0 0 0

#Transform 153
Transform: AffineTransform_float_3_3
Parameters: 0.999998 -0.00169454 -0.000944282 0.001694 0.999999 -0.000567906 0.000944892 0.000566095 0.999999 -0.0223588 0.0858071 -0.86465
FixedParameters: 0 0 0

#Transform 154
Transform: AffineTransform_float_3_3
Parameters: 0.999997 -0.00220066 -0.000938989 0.00219937 0.999997 -0.000478165 0.000940169 0.000476834 1 -0.0138768 0.0893035 -0.854595
FixedParameters: 0 0 0

#Transform 155
Transform: AffineTransform_float_3_3
Parameters: 0.999997 -0.00228266 -0.000690083 0.00228231 0.999997 -0.00102204 0.000692124 0.00102097 0.999999 -0.0147034 0.0889665 -0.880438
FixedParameters: 0 0 0

#Transform 156
Transform: AffineTransform_float_3_3
Parameters: 0.999997 -0.00236648 -0.000663393 0.00236621 0.999996 -0.00140039 0.000666082 0.00139861 0.999999 -0.0145098 0.0793595 -0.882764
FixedParameters: 0 0 0

#Transform 157
Transform: AffineTransform_float_3_3
Parameters: 0.999997 -0.00262595 -0.000772511 0.00262491 0.999996 -0.001354 0.000776993 0.00135199 0.999998 -0.0128574 0.0792228 -0.905389
FixedParameters: 0 0 0

#Transform 158
Transform: AffineTransform_float_3_3
Parameters: 0.999996 -0.00264215 -0.000728365 0.00264158 0.999995 -0.00147654 0.00073223 0.00147546 0.999999 -0.0188897 0.0826921 -0.906151
FixedParameters: 0 0 0

#Transform 159
Transform: AffineTransform_float_3_3
Parameters: 0.999997 -0.00227085 -0.000872633 0.00227039 0.999997 -0.0013988 0.000875967 0.0013962 0.999998 -0.0139347 0.0826422 -0.899555
FixedParameters: 0 0 0

#Transform 160
Transform: AffineTransform_float_3_3
Parameters: 0.999997 -0.00219385 -0.000904868 0.00219289 0.999997 -0.00111745 0.000907144 0.00111556 0.999999 -0.0140214 0.0794032 -0.902196
FixedParameters: 0 0 0

#Transform 161
Transform: AffineTransform_float_3_3
Parameters: 0.999997 -0.00246157 -0.0010105 0.0024599 0.999996 -0.0016131 0.0010145 0.0016109 0.999998 -0.0173894 0.0712604 -0.896423
FixedParameters: 0 0 0

#Transform 162
Transform: AffineTransform_float_3_3
Parameters: 0.999997 -0.00250128 -0.00093447 0.0024991 0.999995 -0.00180295 0.000938626 0.00180105 0.999997 -0.0109944 0.0716466 -0.905728
FixedParameters: 0 0 0

#Transform 163
Transform: AffineTransform_float_3_3
Parameters: 0.999997 -0.00235436 -0.000956818 0.00235239 0.999995 -0.00185487 0.000961611 0.00185313 0.999997 -0.00255592 0.0709587 -0.934496
FixedParameters: 0 0 0

#Transform 164
Transform: AffineTransform_float_3_3
Parameters: 0.999995 -0.00283533 -0.00125592 0.00283394 0.999996 -0.000976328 0.00125883 0.000972673 0.999999 0.00316914 0.0769233 -0.912044
FixedParameters: 0 0 0

#Transform 165
Transform: AffineTransform_float_3_3
Parameters: 0.999995 -0.00281711 -0.000962181 0.00281519 0.999995 -0.00161469 0.000966412 0.00161131 0.999998 -0.00255234 0.0821953 -0.909896
FixedParameters: 0 0 0

#Transform 166
Transform: AffineTransform_float_3_3
Parameters: 0.999996 -0.00229478 -0.0011374 0.00229228 0.999995 -0.00202571 0.00114144 0.00202329 0.999997 0.00193343 0.079587 -0.914927
FixedParameters: 0 0 0

#Transform 167
Transform: AffineTransform_float_3_3
Parameters: 0.999997 -0.00251443 -0.000901756 0.00251244 0.999995 -0.00176673 0.000905777 0.00176427 0.999998 -0.00583026 0.0680019 -0.879457
FixedParameters: 0 0 0

#Transform 168
Transform: AffineTransform_float_3_3
Parameters: 0.999996 -0.00288163 -0.00106716 0.00288099 0.999995 -0.00122484 0.0010712 0.00122216 0.999999 -0.0013186 0.0863465 -0.857259
FixedParameters: 0 0 0

#Transform 169
Transform: AffineTransform_float_3_3
Parameters: 0.999995 -0.00293416 -0.00103498 0.00293281 0.999994 -0.00166981 0.00103953 0.0016672 0.999998 0.00489232 0.0600679 -0.925516
FixedParameters: 0 0 0

#Transform 170
Transform: AffineTransform_float_3_3
Parameters: 0.999994 -0.00309176 -0.00140316 0.00308949 0.999993 -0.0018899 0.0014092 0.0018861 0.999997 -0.00662282 0.0733419 -0.936102
FixedParameters: 0 0 0

#Transform 171
Transform: AffineTransform_float_3_3
Parameters: 0.999994 -0.00307529 -0.0010268 0.00307351 0.999993 -0.00214893 0.00103345 0.00214607 0.999998 -0.0048496 0.0878941 -0.907094
FixedParameters: 0 0 0

#Transform 172
Transform: AffineTransform_float_3_3
Parameters: 0.999993 -0.00341772 -0.000991572 0.00341556 0.999991 -0.00248468 0.000999751 0.00248132 0.999997 0.0022512 0.108047 -0.754774
FixedParameters: 0 0 0

#Transform 173
Transform: AffineTransform_float_3_3
Parameters: 0.999994 -0.00341338 -0.000717827 0.00341104 0.999992 -0.0022821 0.000725387 0.0022799 0.999997 -0.0120114 0.121704 -0.615779
FixedParameters: 0 0 0

#Transform 174
Transform: AffineTransform_float_3_3
Parameters: 0.999993 -0.00355487 -0.00026541 0.00355405 0.999985 -0.00400917 0.000279205 0.00400783 0.999992 -0.0044687 0.143389 -0.448476
FixedParameters: 0 0 0

#Transform 175
Transform: AffineTransform_float_3_3
Parameters: 0.999993 -0.00370561 -2.3994e-05 0.00370581 0.999986 -0.00382968 3.80654e-05 0.00382932 0.999992 -0.0137806 0.121442 -0.430418
FixedParameters: 0 0 0

#Transform 176
Transform: AffineTransform_float_3_3
Parameters: 0.999993 -0.003781 -0.000197777 0.0037802 0.999983 -0.00429198 0.000214604 0.00429102 0.999991 -0.00347275 0.132906 -0.453675
FixedParameters: 0 0 0

#Transform 177
Transform: AffineTransform_float_3_3
Parameters: 0.999993 -0.00389576 -0.000180917 0.00389523 0.999983 -0.00434846 0.000196939 0.00434755 0.999991 -0.0139425 0.127154 -0.469714
FixedParameters: 0 0 0

#Transform 178
Transform: AffineTransform_float_3_3
Parameters: 0.999993 -0.00375055 -0.000189818 0.00374939 0.999983 -0.0043901 0.0002062 0.0043899 0.99999 -0.0125941 0.14861 -0.471823
FixedParameters: 0 0 0

#Transform 179
Transform: AffineTransform_float_3_3
Parameters: 0.999992 -0.00402742 1.02276e-05 0.0040271 0.999984 -0.00398391 5.70597e-06 0.00398309 0.999992 -0.000531456 0.138047 -0.459548
FixedParameters: 0 0 0
