#Insight Transform File V1.0
#Transform 0
Transform: AffineTransform_float_3_3
Parameters: 1 -0.000180452 -0.000467682 0.000180684 0.999999 -0.000737084 0.000467558 0.000736915 0.999999 -0.058188 0.186571 0.330735
FixedParameters: 0 0 0

#Transform 1
Transform: AffineTransform_float_3_3
Parameters: 1 0.000309231 -6.47833e-05 -0.000309542 1 0.00062302 6.42482e-05 -0.00062298 1 -0.00362136 0.0417923 -0.0553322
FixedParameters: 0 0 0

#Transform 2
Transform: AffineTransform_float_3_3
Parameters: 1 0.000318705 -3.72987e-05 -0.000318657 1 0.000631012 3.77009e-05 -0.000630988 1 0.00265625 0.0783618 -0.0820672
FixedParameters: 0 0 0

#Transform 3
Transform: AffineTransform_float_3_3
Parameters: 1 0.000338479 -2.3938e-05 -0.000338837 0.999999 0.000683008 2.34801e-05 -0.000682992 1 0.00311966 0.0739304 -0.0789476
FixedParameters: 0 0 0

#Transform 4
Transform: AffineTransform_float_3_3
Parameters: 1 0.000246663 5.39398e-05 -0.000246679 1 0.000148987 -5.38663e-05 -0.000149013 1 0.00157874 0.0694939 -0.124598
FixedParameters: 0 0 0

#Transform 5
Transform: AffineTransform_float_3_3
Parameters: 1 0.000211913 -2.78881e-05 -0.000211878 1 0.000631006 2.81556e-05 -0.000630994 1 0.0055828 0.0704483 -0.105524
FixedParameters: 0 0 0

#Transform 6
Transform: AffineTransform_float_3_3
Parameters: 1 4.55795e-05 -6.92784e-05 -4.55027e-05 1 0.000554003 6.93289e-05 -0.000553997 1 0.0150033 0.0774252 -0.137689
FixedParameters: 0 0 0

#Transform 7
Transform: AffineTransform_float_3_3
Parameters: 1 -1.09491e-05 -0.000202786 1.03607e-05 0.999999 0.000817997 0.000203159 -0.000818002 0.999999 0.00513225 0.0804383 -0.133365
FixedParameters: 0 0 0

#Transform 8
Transform: AffineTransform_float_3_3
Parameters: 1 0.000109781 -0.000563529 -0.000109207 1 0.000509061 0.00056364 -0.000508938 0.999999 0.0246239 0.0748578 -0.128419
FixedParameters: 0 0 0

#Transform 9
Transform: AffineTransform_float_3_3
Parameters: 1 7.4846e-05 -2.06891e-07 -7.48456e-05 0.999999 0.000787 3.24697e-07 -0.000786999 0.999999 0.00509024 0.0805126 -0.11314
FixedParameters: 0 0 0

#Transform 10
Transform: AffineTransform_float_3_3
Parameters: 1 8.45922e-05 2.28282e-05 -8.46359e-05 0.999999 0.000961997 -2.26654e-05 -0.000962001 0.999999 -0.00102824 0.0696553 -0.116154
FixedParameters: 0 0 0

#Transform 11
Transform: AffineTransform_float_3_3
Parameters: 1 -0.000168952 -0.000575701 0.000168849 0.999999 0.000709902 0.000575852 -0.000710097 0.999999 0.0211861 0.0744535 -0.133223
FixedParameters: 0 0 0

#Transform 12
Transform: AffineTransform_float_3_3
Parameters: 1 8.53575e-06 0.000220107 -8.84654e-06 1 0.000705998 -0.000220095 -0.000706002 0.999999 0.00109069 0.0827486 -0.164793
FixedParameters: 0 0 0

#Transform 13
Transform: AffineTransform_float_3_3
Parameters: 1 2.56504e-05 1.95461e-05 -2.56863e-05 0.999999 0.000920999 -1.94988e-05 -0.000921 0.999999 0.00341769 0.0796595 -0.135355
FixedParameters: 0 0 0

#Transform 14
Transform: AffineTransform_float_3_3
Parameters: 1 -3.89846e-05 -0.000269092 3.85908e-05 0.999999 0.000978349 0.000269406 -0.000977651 1 0.00891804 0.101372 -0.153791
FixedParameters: 0 0 0

#Transform 15
Transform: AffineTransform_float_3_3
Parameters: 1 -5.7355e-05 -0.000312364 5.69489e-05 0.999999 0.000822982 0.000312661 -0.000823017 0.999999 0.0054057 0.0909108 -0.161503
FixedParameters: 0 0 0

#Transform 16
Transform: AffineTransform_float_3_3
Parameters: 1 -0.000103278 -0.000421045 0.000103239 1 0.00104596 0.00042122 -0.00104604 1 0.00397535 0.0744781 -0.194819
FixedParameters: 0 0 0

#Transform 17
Transform: AffineTransform_float_3_3
Parameters: 1 -3.41367e-05 2.96597e-05 3.40865e-05 0.999999 0.000845 -2.97174e-05 -0.000844998 0.999999 0.0040001 0.0669671 -0.200303
FixedParameters: 0 0 0

#Transform 18
Transform: AffineTransform_float_3_3
Parameters: 1 -4.62855e-05 -0.00015525 4.6392e-05 1 0.000342993 0.000155218 -0.000343007 1 0.00844764 0.0660921 -0.213936
FixedParameters: 0 0 0

#Transform 19
Transform: AffineTransform_float_3_3
Parameters: 1 7.00796e-06 -0.000160427 -7.62937e-06 0.999999 0.000931 0.000160831 -0.000930998 0.999999 0.00728722 0.0722298 -0.222385
FixedParameters: 0 0 0

#Transform 20
Transform: AffineTransform_float_3_3
Parameters: 1 -1.59798e-05 -0.000214759 1.50975e-05 0.999999 0.000999996 0.000214199 -0.001 0.999999 0.00732688 0.0841836 -0.20215
FixedParameters: 0 0 0

#Transform 21
Transform: AffineTransform_float_3_3
Parameters: 1 6.601e-06 -0.000161349 -6.72626e-06 0.999999 0.000825001 0.000160439 -0.000824998 0.999999 0.00727438 0.0723843 -0.248161
FixedParameters: 0 0 0

#Transform 22
Transform: AffineTransform_float_3_3
Parameters: 1 1.55783e-05 -0.000140169 -1.5331e-05 0.999999 0.000882001 0.000140196 -0.000881997 0.999999 0.0072636 0.0663947 -0.261985
FixedParameters: 0 0 0

#Transform 23
Transform: AffineTransform_float_3_3
Parameters: 1 -2.17776e-05 -0.000228578 2.14135e-05 1 0.001216 0.000228916 -0.00121601 0.999999 0.00740773 0.0818412 -0.224431
FixedParameters: 0 0 0

#Transform 24
Transform: AffineTransform_float_3_3
Parameters: 1 -2.17422e-05 -0.000228581 2.1449e-05 0.999999 0.001371 0.000228912 -0.00137101 0.999999 0.007411 0.0903441 -0.248361
FixedParameters: 0 0 0

#Transform 25
Transform: AffineTransform_float_3_3
Parameters: 1 -1.47126e-06 -0.000180687 1.084e-06 0.999999 0.001474 0.000181074 -0.001474 0.999999 0.00733354 0.0818742 -0.257072
FixedParameters: 0 0 0

#Transform 26
Transform: AffineTransform_float_3_3
Parameters: 1 -2.1766e-05 -0.000228579 2.14251e-05 0.999999 0.001267 0.000228915 -0.00126701 0.999999 0.0074213 0.0718217 -0.282895
FixedParameters: 0 0 0

#Transform 27
Transform: AffineTransform_float_3_3
Parameters: 1 -9.72453e-05 -0.000196655 9.82206e-05 0.999999 0.00148398 0.000197286 -0.00148402 0.999999 0.0092763 0.0779526 -0.269291
FixedParameters: 0 0 0

#Transform 28
Transform: AffineTransform_float_3_3
Parameters: 1 -1.36297e-06 -0.000180688 1.19276e-06 0.999998 0.002074 0.000181073 -0.002074 0.999998 0.00730911 0.108062 -0.227258
FixedParameters: 0 0 0

#Transform 29
Transform: AffineTransform_float_3_3
Parameters: 1 2.51369e-07 -0.000177003 -3.18483e-07 0.999997 0.002408 0.000177395 -0.002408 0.999997 0.00730452 0.10246 -0.235072
FixedParameters: 0 0 0

#Transform 30
Transform: AffineTransform_float_3_3
Parameters: 1 -2.16429e-05 -0.00022859 2.15486e-05 0.999999 0.001806 0.000228903 -0.00180601 0.999999 0.00740956 0.0985027 -0.251579
FixedParameters: 0 0 0

#Transform 31
Transform: AffineTransform_float_3_3
Parameters: 1 -2.15668e-05 -0.000228597 2.16249e-05 0.999997 0.00213899 0.000228896 -0.002139 0.999997 0.00740193 0.104749 -0.210006
FixedParameters: 0 0 0

#Transform 32
Transform: AffineTransform_float_3_3
Parameters: 1 1.72533e-05 -0.000136471 -1.80937e-05 0.999998 0.001728 0.000136002 -0.001728 0.999998 0.00724748 0.0969446 -0.243863
FixedParameters: 0 0 0

#Transform 33
Transform: AffineTransform_float_3_3
Parameters: 1 -2.17397e-05 -0.000228581 2.14515e-05 0.999999 0.001382 0.000228912 -0.00138201 0.999999 0.00740792 0.0980928 -0.239969
FixedParameters: 0 0 0

#Transform 34
Transform: AffineTransform_float_3_3
Parameters: 1 9.39317e-05 -0.000157993 -9.42771e-05 0.999999 0.00181602 0.000158725 -0.00181599 0.999999 0.00539499 0.0853827 -0.214158
FixedParameters: 0 0 0

#Transform 35
Transform: AffineTransform_float_3_3
Parameters: 1 0.000182459 -0.00016938 -0.000182304 0.999998 0.00161203 0.000169048 -0.00161197 0.999998 0.00334831 0.0842215 -0.251012
FixedParameters: 0 0 0

#Transform 36
Transform: AffineTransform_float_3_3
Parameters: 1 0.00012778 0.000125132 -0.00012819 0.999998 0.00163898 -0.000124713 -0.00163901 0.999998 0.00128669 0.0863841 -0.304514
FixedParameters: 0 0 0

#Transform 37
Transform: AffineTransform_float_3_3
Parameters: 1 6.47174e-05 -2.41169e-05 -6.46561e-05 0.999999 0.001268 2.42809e-05 -0.001268 0.999999 0.00045135 0.0812178 -0.308065
FixedParameters: 0 0 0

#Transform 38
Transform: AffineTransform_float_3_3
Parameters: 1 1.48949e-05 -0.000142 -1.57633e-05 0.999999 0.001562 0.000141518 -0.001562 0.999999 0.00727504 0.0943558 -0.318029
FixedParameters: 0 0 0

#Transform 39
Transform: AffineTransform_float_3_3
Parameters: 1 0.000111818 8.73714e-05 -0.000112112 0.999998 0.00169099 -8.69927e-05 -0.00169101 0.999998 -0.00436918 0.0861813 -0.348735
FixedParameters: 0 0 0

#Transform 40
Transform: AffineTransform_float_3_3
Parameters: 1 -2.16691e-05 -0.000228588 2.15223e-05 0.999998 0.00169099 0.000228905 -0.001691 0.999998 -0.00271466 0.0913822 -0.390061
FixedParameters: 0 0 0

#Transform 41
Transform: AffineTransform_float_3_3
Parameters: 1 0.000123116 0.000114072 -0.000123476 0.999998 0.00158099 -0.000113682 -0.00158101 0.999998 -0.000265303 0.0917627 -0.431994
FixedParameters: 0 0 0

#Transform 42
Transform: AffineTransform_float_3_3
Parameters: 1 7.83543e-05 8.0979e-06 -7.83705e-05 1 0.00101 -7.93961e-06 -0.00101 1 -0.00391877 0.0727946 -0.392949
FixedParameters: 0 0 0

#Transform 43
Transform: AffineTransform_float_3_3
Parameters: 1 9.38312e-05 -9.39395e-05 -9.3539e-05 0.999999 0.00155301 9.42305e-05 -0.00155299 0.999999 -0.0024025 0.102546 -0.289514
FixedParameters: 0 0 0

#Transform 44
Transform: AffineTransform_float_3_3
Parameters: 1 6.27722e-05 -2.87162e-05 -6.26939e-05 0.999999 0.001358 2.88866e-05 -0.001358 0.999999 -0.000591332 0.0878991 -0.395624
FixedParameters: 0 0 0

#Transform 45
Transform: AffineTransform_float_3_3
Parameters: 1 2.76994e-05 -0.000111614 -2.74352e-05 1 0.001183 0.000111679 -0.001183 1 0.00346359 0.0834916 -0.439874
FixedParameters: 0 0 0

#Transform 46
Transform: AffineTransform_float_3_3
Parameters: 1 6.82261e-05 -1.58163e-05 -6.81804e-05 0.999999 0.001437 1.60123e-05 -0.001437 0.999999 -0.00256409 0.0786875 -0.400102
FixedParameters: 0 0 0

#Transform 47
Transform: AffineTransform_float_3_3
Parameters: 1 7.09546e-05 -9.34842e-06 -7.09219e-05 0.999998 0.001725 9.59315e-06 -0.001725 0.999998 0.00311495 0.0789774 -0.417837
FixedParameters: 0 0 0

#Transform 48
Transform: AffineTransform_float_3_3
Parameters: 1 0.000106357 7.4492e-05 -0.000106632 0.999999 0.00184999 -7.4098e-05 -0.00185001 0.999999 9.36206e-05 0.0860405 -0.386116
FixedParameters: 0 0 0

#Transform 49
Transform: AffineTransform_float_3_3
Parameters: 1 3.36732e-05 -9.77551e-05 -3.41022e-05 0.999997 0.002507 9.83157e-05 -0.002507 0.999997 -0.00114083 0.10555 -0.356221
FixedParameters: 0 0 0

#Transform 50
Transform: AffineTransform_float_3_3
Parameters: 1 -2.14928e-05 -0.000228605 2.16991e-05 0.999997 0.00246299 0.000228889 -0.002463 0.999997 0.00742751 0.116179 -0.366916
FixedParameters: 0 0 0

#Transform 51
Transform: AffineTransform_float_3_3
Parameters: 1 5.54337e-06 -0.000164107 -5.96765e-06 0.999999 0.00151 0.000164516 -0.00151 0.999999 0.00381795 0.108562 -0.420799
FixedParameters: 0 0 0

#Transform 52
Transform: AffineTransform_float_3_3
Parameters: 1 4.91743e-05 -6.09249e-05 -4.89403e-05 0.999998 0.001917 6.1113e-05 -0.001917 0.999998 -0.0037007 0.0977809 -0.406453
FixedParameters: 0 0 0

#Transform 53
Transform: AffineTransform_float_3_3
Parameters: 1 5.03445e-05 -5.81583e-05 -5.01145e-05 0.999998 0.001974 5.83566e-05 -0.001974 0.999998 -0.0018355 0.0947242 -0.403696
FixedParameters: 0 0 0

#Transform 54
Transform: AffineTransform_float_3_3
Parameters: 1 6.47285e-05 -2.40867e-05 -6.46446e-05 0.999998 0.001734 2.4311e-05 -0.001734 0.999998 -0.00279648 0.101656 -0.426707
FixedParameters: 0 0 0

#Transform 55
Transform: AffineTransform_float_3_3
Parameters: 1 6.70653e-05 -1.85526e-05 -6.69966e-05 0.999999 0.001838 1.8799e-05 -0.001838 0.999999 0.0025399 0.0902332 -0.43867
FixedParameters: 0 0 0

#Transform 56
Transform: AffineTransform_float_3_3
Parameters: 1 1.02321e-05 -0.000153053 -1.06563e-05 0.999998 0.001619 0.000153478 -0.001619 0.999998 0.00142477 0.0990137 -0.414103
FixedParameters: 0 0 0

#Transform 57
Transform: AffineTransform_float_3_3
Parameters: 1 -2.15625e-05 -0.000228598 2.16293e-05 0.999997 0.00215799 0.000228895 -0.002158 0.999997 0.00745174 0.10117 -0.436574
FixedParameters: 0 0 0

#Transform 58
Transform: AffineTransform_float_3_3
Parameters: 1 -4.28397e-05 -0.000150169 4.33083e-05 0.999999 0.00156099 0.000150035 -0.00156101 0.999999 0.00272447 0.0929063 -0.449845
FixedParameters: 0 0 0

#Transform 59
Transform: AffineTransform_float_3_3
Parameters: 1 4.86264e-06 -2.7025e-05 -4.77824e-06 0.999999 0.001561 2.704e-05 -0.001561 0.999999 0.0031211 0.0928709 -0.433621
FixedParameters: 0 0 0

#Transform 60
Transform: AffineTransform_float_3_3
Parameters: 1 3.04529e-05 -0.00010516 -3.10717e-05 0.999999 0.001431 0.000105639 -0.001431 0.999999 -0.00268504 0.0957075 -0.462734
FixedParameters: 0 0 0

#Transform 61
Transform: AffineTransform_float_3_3
Parameters: 1 -2.16303e-05 -0.000228592 2.15612e-05 0.999999 0.001861 0.000228902 -0.00186101 0.999998 0.00745749 0.0864695 -0.447193
FixedParameters: 0 0 0

#Transform 62
Transform: AffineTransform_float_3_3
Parameters: 1 -2.16755e-05 -0.000228587 2.15159e-05 0.999998 0.00166299 0.000228906 -0.001663 0.999998 0.001689 0.0884741 -0.418945
FixedParameters: 0 0 0

#Transform 63
Transform: AffineTransform_float_3_3
Parameters: 1 -6.16769e-07 -0.000178845 3.75901e-07 0.999998 0.001898 0.000179234 -0.001898 0.999998 0.00734556 0.0980049 -0.419991
FixedParameters: 0 0 0

#Transform 64
Transform: AffineTransform_float_3_3
Parameters: 1 1.68953e-05 -0.000137388 -1.72777e-05 0.999998 0.001955 0.000137846 -0.001955 0.999998 -0.000171615 0.0833881 -0.477933
FixedParameters: 0 0 0

#Transform 65
Transform: AffineTransform_float_3_3
Parameters: 1 8.29977e-06 -0.000157658 -8.68131e-06 0.999998 0.001707 0.000158078 -0.001707 0.999998 -0.00148964 0.0823683 -0.495926
FixedParameters: 0 0 0

#Transform 66
Transform: AffineTransform_float_3_3
Parameters: 1 -6.79724e-05 3.95452e-05 6.78123e-05 0.999998 0.002017 -3.9819e-05 -0.002017 0.999998 0.00225296 0.0827186 -0.496119
FixedParameters: 0 0 0

#Transform 67
Transform: AffineTransform_float_3_3
Parameters: 1 -0.000180872 1.12533e-05 0.000180829 0.999999 0.001833 -1.19163e-05 -0.001833 0.999999 0.0029989 0.0771519 -0.51079
FixedParameters: 0 0 0

#Transform 68
Transform: AffineTransform_float_3_3
Parameters: 1 3.80635e-05 6.96861e-05 -3.8399e-05 0.999997 0.00241 -6.95018e-05 -0.00241 0.999997 0.000267107 0.0849692 -0.552351
FixedParameters: 0 0 0

#Transform 69
Transform: AffineTransform_float_3_3
Parameters: 1 -0.000148087 1.68333e-05 0.000147999 0.999996 0.002568 -1.75936e-05 -0.002568 0.999996 -0.00183441 0.0841853 -0.631166
FixedParameters: 0 0 0

#Transform 70
Transform: AffineTransform_float_3_3
Parameters: 1 -3.27651e-05 0.000102716 3.20266e-05 0.999993 0.003591 -0.000102948 -0.00359099 0.999993 -0.00307918 0.10688 -0.594708
FixedParameters: 0 0 0

#Transform 71
Transform: AffineTransform_float_3_3
Parameters: 1 3.42914e-05 7.12817e-05 -3.48063e-05 0.999994 0.003618 -7.10317e-05 -0.00361801 0.999994 -0.00412819 0.106725 -0.66458
FixedParameters: 0 0 0

#Transform 72
Transform: AffineTransform_float_3_3
Parameters: 1 0.000120107 0.000115495 -0.00012096 0.999993 0.00370499 -0.000114602 -0.00370501 0.999993 -0.00526755 0.108267 -0.64096
FixedParameters: 0 0 0

#Transform 73
Transform: AffineTransform_float_3_3
Parameters: 1 0.000218641 6.87375e-05 -0.000218663 0.999992 0.00402498 -6.82885e-05 -0.00402501 0.999992 -4.71027e-05 0.13662 -0.297475
FixedParameters: 0 0 0

#Transform 74
Transform: AffineTransform_float_3_3
Parameters: 1 0.000385668 0.000132891 -0.000386026 0.999995 0.00335895 -0.00013161 -0.00335905 0.999995 0.00138881 0.131999 -0.364272
FixedParameters: 0 0 0

#Transform 75
Transform: AffineTransform_float_3_3
Parameters: 1 0.000368724 0.000166961 -0.000369644 0.999996 0.00276994 -0.000164916 -0.00277006 0.999996 0.00206545 0.130714 -0.35191
FixedParameters: 0 0 0

#Transform 76
Transform: AffineTransform_float_3_3
Parameters: 1 8.26315e-05 3.14474e-05 -8.28599e-05 0.999994 0.003667 -3.08405e-05 -0.003667 0.999994 -0.00278399 0.134037 -0.334619
FixedParameters: 0 0 0

#Transform 77
Transform: AffineTransform_float_3_3
Parameters: 1 4.22955e-05 -6.44673e-05 -4.19247e-05 0.999996 0.00287 6.4709e-05 -0.00287 0.999996 0.00413101 0.127479 -0.360768
FixedParameters: 0 0 0

#Transform 78
Transform: AffineTransform_float_3_3
Parameters: 1 0.000120601 0.000121788 -0.000120554 0.999993 0.00359198 -0.000121312 -0.00359201 0.999993 0.0071365 0.12391 -0.410271
FixedParameters: 0 0 0

#Transform 79
Transform: AffineTransform_float_3_3
Parameters: 1 0.000168378 0.000235093 -0.000168898 0.999996 0.00306796 -0.000234449 -0.00306804 0.999996 -0.00207687 0.124167 -0.377048
FixedParameters: 0 0 0

#Transform 80
Transform: AffineTransform_float_3_3
Parameters: 1 3.37743e-05 -8.47363e-05 -3.32537e-05 0.999996 0.003068 8.49419e-05 -0.003068 0.999996 -0.000880886 0.121055 -0.359796
FixedParameters: 0 0 0

#Transform 81
Transform: AffineTransform_float_3_3
Parameters: 1 0.000168594 0.000234938 -0.000168682 0.999997 0.00214796 -0.000234604 -0.00214804 0.999997 -0.00299025 0.124472 -0.434256
FixedParameters: 0 0 0

#Transform 82
Transform: AffineTransform_float_3_3
Parameters: 1 0.000168663 0.000234888 -0.000168613 0.999999 0.00185196 -0.000234655 -0.00185204 0.999999 -0.00404497 0.107366 -0.442067
FixedParameters: 0 0 0

#Transform 83
Transform: AffineTransform_float_3_3
Parameters: 1 0.00016863 0.000234912 -0.000168646 0.999998 0.00199496 -0.00023463 -0.00199504 0.999998 -0.00789188 0.113872 -0.420799
FixedParameters: 0 0 0

#Transform 84
Transform: AffineTransform_float_3_3
Parameters: 1 3.60434e-05 -7.92328e-05 -3.56738e-05 0.999998 0.00233 7.93999e-05 -0.00233 0.999998 0.00282671 0.116254 -0.390581
FixedParameters: 0 0 0

#Transform 85
Transform: AffineTransform_float_3_3
Parameters: 1 -2.05287e-06 -0.000169531 2.81303e-06 0.999998 0.002242 0.00016952 -0.002242 0.999998 0.00740982 0.116759 -0.421777
FixedParameters: 0 0 0

#Transform 86
Transform: AffineTransform_float_3_3
Parameters: 1 -1.44993e-05 -0.000199014 1.53733e-05 0.999997 0.002196 0.000198949 -0.002196 0.999997 0.00744468 0.119149 -0.424177
FixedParameters: 0 0 0

#Transform 87
Transform: AffineTransform_float_3_3
Parameters: 1 1.81013e-05 -0.000121628 -1.7669e-05 0.999999 0.001777 0.000121691 -0.001777 0.999999 0.00163988 0.116415 -0.453748
FixedParameters: 0 0 0

#Transform 88
Transform: AffineTransform_float_3_3
Parameters: 1 -8.22656e-05 -0.000156312 8.28874e-05 0.999998 0.00199099 0.000155983 -0.00199101 0.999998 0.00484202 0.0984096 -0.452681
FixedParameters: 0 0 0

#Transform 89
Transform: AffineTransform_float_3_3
Parameters: 1 -0.000218119 0.000144144 0.00021751 0.999998 0.00210403 -0.00014506 -0.00210397 0.999998 0.0147121 0.105932 -0.485465
FixedParameters: 0 0 0

#Transform 90
Transform: AffineTransform_float_3_3
Parameters: 1 -0.000155723 0.000178705 0.00015514 0.999998 0.00163103 -0.000179212 -0.00163097 0.999998 0.00452105 0.105988 -0.475262
FixedParameters: 0 0 0

#Transform 91
Transform: AffineTransform_float_3_3
Parameters: 1 -0.000128089 9.76175e-05 0.00012785 0.999999 0.00122501 -9.7931e-05 -0.00122499 0.999999 0.00182349 0.105953 -0.450433
FixedParameters: 0 0 0

#Transform 92
Transform: AffineTransform_float_3_3
Parameters: 1 5.01219e-06 6.84389e-05 -5.27989e-06 0.999998 0.001956 -6.84188e-05 -0.001956 0.999998 -0.00328314 0.10858 -0.418163
FixedParameters: 0 0 0

#Transform 93
Transform: AffineTransform_float_3_3
Parameters: 1 1.56886e-05 8.34678e-05 -1.56411e-05 0.999998 0.002068 -8.24825e-05 -0.002068 0.999998 -0.0042496 0.116867 -0.435602
FixedParameters: 0 0 0

#Transform 94
Transform: AffineTransform_float_3_3
Parameters: 1 -7.79268e-05 0.000167548 7.83104e-05 0.999998 0.00159901 -0.000168189 -0.00159899 0.999998 -0.00109012 0.0927013 -0.48544
FixedParameters: 0 0 0

#Transform 95
Transform: AffineTransform_float_3_3
Parameters: 1 -9.07428e-05 0.000273779 8.94721e-05 0.999998 0.00231903 -0.000274197 -0.00231898 0.999998 -0.000957338 0.114954 -0.451997
FixedParameters: 0 0 0

#Transform 96
Transform: AffineTransform_float_3_3
Parameters: 1 5.45528e-05 9.85492e-05 -5.41423e-05 0.999996 0.00258599 -9.86589e-05 -0.002586 0.999996 -0.00163541 0.117395 -0.454602
FixedParameters: 0 0 0

#Transform 97
Transform: AffineTransform_float_3_3
Parameters: 1 9.30091e-05 0.000266828 -9.33042e-05 0.999998 0.00227798 -0.000266795 -0.00227803 0.999998 -0.00128927 0.116791 -0.49332
FixedParameters: 0 0 0

#Transform 98
Transform: AffineTransform_float_3_3
Parameters: 1 7.82567e-05 0.000273049 -7.95201e-05 0.999998 0.00231498 -0.000272684 -0.00231502 0.999998 -0.00513395 0.115047 -0.424723
FixedParameters: 0 0 0

#Transform 99
Transform: AffineTransform_float_3_3
Parameters: 1 0.000138079 0.000247829 -0.000138444 0.999996 0.00259496 -0.000247502 -0.00259503 0.999996 -0.00327105 0.125508 -0.374397
FixedParameters: 0 0 0

#Transform 100
Transform: AffineTransform_float_3_3
Parameters: 1 0.000137906 0.000247925 -0.000138616 0.999994 0.00329196 -0.000247405 -0.00329203 0.999994 -0.0160942 0.135032 -0.343834
FixedParameters: 0 0 0

#Transform 101
Transform: AffineTransform_float_3_3
Parameters: 1 0.000137866 0.000247947 -0.000138655 0.999994 0.00345097 -0.000247384 -0.00345103 0.999994 -0.00910504 0.137818 -0.340885
FixedParameters: 0 0 0

#Transform 102
Transform: AffineTransform_float_3_3
Parameters: 1 0.00013783 0.000247967 -0.000138691 0.999993 0.00359596 -0.000247363 -0.00359603 0.999993 0.000147244 0.130835 -0.384278
FixedParameters: 0 0 0

#Transform 103
Transform: AffineTransform_float_3_3
Parameters: 1 0.00013795 0.000247901 -0.000138572 0.999995 0.00311397 -0.00024743 -0.00311404 0.999995 -0.016096 0.125568 -0.394247
FixedParameters: 0 0 0

#Transform 104
Transform: AffineTransform_float_3_3
Parameters: 1 0.000137809 0.000247979 -0.000138712 0.999993 0.00368197 -0.000247352 -0.00368204 0.999993 -0.00992321 0.149709 -0.32803
FixedParameters: 0 0 0

#Transform 105
Transform: AffineTransform_float_3_3
Parameters: 1 0.000137882 0.000247938 -0.00013864 0.999995 0.00338781 -0.000247392 -0.00338719 0.999994 -0.00139777 0.137356 -0.343565
FixedParameters: 0 0 0

#Transform 106
Transform: AffineTransform_float_3_3
Parameters: 1 0.000138021 0.000247861 -0.000138501 0.999996 0.00282597 -0.00024747 -0.00282603 0.999996 -0.0104782 0.126991 -0.404214
FixedParameters: 0 0 0

#Transform 107
Transform: AffineTransform_float_3_3
Parameters: 1 0.000138108 0.000247812 -0.000138414 0.999997 0.00247497 -0.000247519 -0.00247503 0.999997 -0.0100335 0.120752 -0.385655
FixedParameters: 0 0 0

#Transform 108
Transform: AffineTransform_float_3_3
Parameters: 1 0.000137994 0.000247876 -0.000138529 0.999996 0.00293881 -0.000247454 -0.00293818 0.999995 -0.0028258 0.13478 -0.362434
FixedParameters: 0 0 0

#Transform 109
Transform: AffineTransform_float_3_3
Parameters: 1 7.34507e-05 0.000275045 -7.42012e-05 0.999996 0.00303798 -0.000274988 -0.00303802 0.999996 -0.00954862 0.130207 -0.392407
FixedParameters: 0 0 0

#Transform 110
Transform: AffineTransform_float_3_3
Parameters: 1 0.000162537 0.000305888 -0.000163217 0.999996 0.00261695 -0.000305426 -0.00261705 0.999996 -0.0161476 0.125753 -0.357587
FixedParameters: 0 0 0

#Transform 111
Transform: AffineTransform_float_3_3
Parameters: 1 -3.33084e-05 0.000320062 3.29889e-05 0.999997 0.00254901 -0.000319701 -0.00254899 0.999996 0.000621538 0.137008 -0.394997
FixedParameters: 0 0 0

#Transform 112
Transform: AffineTransform_float_3_3
Parameters: 1 7.01601e-05 0.000420837 -7.09661e-05 0.999998 0.00205097 -0.000420938 -0.00205103 0.999998 -0.00418248 0.11149 -0.43492
FixedParameters: 0 0 0

#Transform 113
Transform: AffineTransform_float_3_3
Parameters: 1 -3.32783e-05 0.000320065 3.30189e-05 0.999997 0.00245501 -0.000319698 -0.00245499 0.999997 -0.00686981 0.122278 -0.413176
FixedParameters: 0 0 0

#Transform 114
Transform: AffineTransform_float_3_3
Parameters: 1 -5.81654e-05 0.000330552 5.7839e-05 0.999997 0.00247802 -0.00033031 -0.00247798 0.999997 0.0077922 0.125254 -0.451961
FixedParameters: 0 0 0

#Transform 115
Transform: AffineTransform_float_3_3
Parameters: 1 -0.000125572 0.00035886 0.000124825 0.999996 0.00286704 -0.000359048 -0.00286695 0.999996 0.00555462 0.12847 -0.473724
FixedParameters: 0 0 0

#Transform 116
Transform: AffineTransform_float_3_3
Parameters: 1 -0.000135761 0.000363111 0.000134888 0.999996 0.00300605 -0.000363394 -0.00300595 0.999996 -0.0111161 0.124828 -0.500651
FixedParameters: 0 0 0

#Transform 117
Transform: AffineTransform_float_3_3
Parameters: 1 -7.76633e-05 0.000338676 7.70023e-05 0.999996 0.00291202 -0.000338597 -0.00291197 0.999995 -0.00321961 0.121533 -0.5085
FixedParameters: 0 0 0

#Transform 118
Transform: AffineTransform_float_3_3
Parameters: 1 -0.000263803 0.000417082 0.000262745 0.999996 0.00283711 -0.000418046 -0.00283689 0.999996 0.00380554 0.125583 -0.555977
FixedParameters: 0 0 0

#Transform 119
Transform: AffineTransform_float_3_3
Parameters: 1 -0.000171938 0.000498789 0.000170295 0.999995 0.00296008 -0.000499272 -0.00295991 0.999995 -0.00997315 0.120303 -0.479486
FixedParameters: 0 0 0

#Transform 120
Transform: AffineTransform_float_3_3
Parameters: 1 -0.000142975 0.000366276 0.000142402 0.999996 0.00257205 -0.00036648 -0.00257195 0.999996 0.0044493 0.120181 -0.546994
FixedParameters: 0 0 0

#Transform 121
Transform: AffineTransform_float_3_3
Parameters: 1 -0.000220812 0.000398661 0.000219603 0.999994 0.00365109 -0.000398819 -0.00365091 0.999994 0.00127005 0.128015 -0.577288
FixedParameters: 0 0 0

#Transform 122
Transform: AffineTransform_float_3_3
Parameters: 1 -0.000221734 0.000399048 0.000220522 0.999994 0.00365109 -0.000399213 -0.00365091 0.999994 -0.00714842 0.139173 -0.552799
FixedParameters: 0 0 0

#Transform 123
Transform: AffineTransform_float_3_3
Parameters: 1 -0.000257968 -2.31238e-05 0.000257652 0.999989 0.00472999 2.19962e-05 -0.00473 0.999989 0.037385 0.14737 -0.588755
FixedParameters: 0 0 0

#Transform 124
Transform: AffineTransform_float_3_3
Parameters: 1 -0.000125574 -0.000107756 0.000126317 0.999994 0.00346199 0.000106884 -0.00346201 0.999994 0.000862272 0.152769 -0.304609
FixedParameters: 0 0 0

#Transform 125
Transform: AffineTransform_float_3_3
Parameters: 1 9.79594e-05 0.000264711 -9.84797e-05 0.99999 0.00446097 -0.000264616 -0.00446103 0.99999 -0.00678447 0.167651 -0.341467
FixedParameters: 0 0 0

#Transform 126
Transform: AffineTransform_float_3_3
Parameters: 1 -0.000327797 -3.13933e-05 0.000327476 0.999994 0.00337599 3.04924e-05 -0.00337601 0.999995 0.000209891 0.155945 -0.407528
FixedParameters: 0 0 0

#Transform 127
Transform: AffineTransform_float_3_3
Parameters: 1 -0.000199448 -9.51564e-05 0.000200121 0.999993 0.00356098 9.37336e-05 -0.00356102 0.999993 0.00941113 0.152201 -0.463059
FixedParameters: 0 0 0

#Transform 128
Transform: AffineTransform_float_3_3
Parameters: 1 -0.00014426 -0.000118251 0.000144849 0.999997 0.00249998 0.000117528 -0.00250002 0.999997 0.00919458 0.12511 -0.499514
FixedParameters: 0 0 0

#Transform 129
Transform: AffineTransform_float_3_3
Parameters: 1 -0.00033132 -3.93992e-05 0.000330986 0.999997 0.00249899 3.90553e-05 -0.00249901 0.999997 0.00249014 0.132137 -0.514182
FixedParameters: 0 0 0

#Transform 130
Transform: AffineTransform_float_3_3
Parameters: 1 -0.000331311 -3.94777e-05 0.000330996 0.999996 0.00273599 3.89769e-05 -0.00273601 0.999997 0.014045 0.129463 -0.461276
FixedParameters: 0 0 0

#Transform 131
Transform: AffineTransform_float_3_3
Parameters: 1 -0.000331326 -3.93478e-05 0.000330587 0.999997 0.00234399 3.8187e-05 -0.00234401 0.999998 0.0198175 0.125777 -0.49583
FixedParameters: 0 0 0

#Transform 132
Transform: AffineTransform_float_3_3
Parameters: 1 -0.000207863 -9.14023e-05 0.000207357 0.999998 0.00227498 9.08484e-05 -0.00227502 0.999998 0.00638678 0.124862 -0.485621
FixedParameters: 0 0 0

#Transform 133
Transform: AffineTransform_float_3_3
Parameters: 1 -0.000258547 -6.99959e-05 0.000258846 0.999997 0.00215398 6.88815e-05 -0.00215402 0.999997 0.00593056 0.139092 -0.498133
FixedParameters: 0 0 0

#Transform 134
Transform: AffineTransform_float_3_3
Parameters: 1 -0.000284902 0.000109343 0.000284812 0.999997 0.00219403 -0.000109673 -0.00219397 0.999997 0.00890923 0.117898 -0.456023
FixedParameters: 0 0 0

#Transform 135
Transform: AffineTransform_float_3_3
Parameters: 1 -0.000218007 -8.71045e-05 0.000217463 0.999997 0.00217098 8.65498e-05 -0.00217102 0.999997 0.0125056 0.14069 -0.447531
FixedParameters: 0 0 0

#Transform 136
Transform: AffineTransform_float_3_3
Parameters: 1 -0.000151685 -0.000115072 0.000152152 0.999998 0.00203198 0.000114455 -0.00203202 0.999998 0.00760874 0.130511 -0.44015
FixedParameters: 0 0 0

#Transform 137
Transform: AffineTransform_float_3_3
Parameters: 1 -0.000231798 -8.13577e-05 0.000231287 0.999997 0.00253398 8.0575e-05 -0.00253402 0.999997 -0.000624945 0.129345 -0.415675
FixedParameters: 0 0 0

#Transform 138
Transform: AffineTransform_float_3_3
Parameters: 1 -0.000320277 -4.39508e-05 0.000319544 0.999997 0.00215698 4.29614e-05 -0.00215701 0.999997 0.0103969 0.127262 -0.437704
FixedParameters: 0 0 0

#Transform 139
Transform: AffineTransform_float_3_3
Parameters: 1 -0.000272372 -6.41454e-05 0.000272637 0.999998 0.00208298 6.30101e-05 -0.00208302 0.999998 0.000860677 0.126343 -0.458419
FixedParameters: 0 0 0

#Transform 140
Transform: AffineTransform_float_3_3
Parameters: 0.999999 -0.000673052 -0.000225665 0.000674043 0.999999 0.00133285 0.00022479 -0.00133315 0.999999 0.00245372 0.12968 -0.469696
FixedParameters: 0 0 0

#Transform 141
Transform: AffineTransform_float_3_3
Parameters: 1 -0.000347406 -0.000243997 0.00034762 0.999999 0.00152391 0.000244249 -0.00152408 0.999999 0.0104003 0.12313 -0.416756
FixedParameters: 0 0 0

#Transform 142
Transform: AffineTransform_float_3_3
Parameters: 1 -0.000312288 -0.000194991 0.000312306 0.999997 0.00241279 0.000193875 -0.00241221 0.999997 0.00827827 0.128505 -0.445334
FixedParameters: 0 0 0

#Transform 143
Transform: AffineTransform_float_3_3
Parameters: 1 -0.000162742 -0.000110405 0.000163188 0.999998 0.00202598 0.000109745 -0.00202602 0.999998 0.00193656 0.119161 -0.468028
FixedParameters: 0 0 0

#Transform 144
Transform: AffineTransform_float_3_3
Parameters: 1 -0.00041215 -0.000217895 0.000412135 0.999997 0.00208291 0.000216569 -0.00208309 0.999998 0.00164223 0.126617 -0.440536
FixedParameters: 0 0 0

#Transform 145
Transform: AffineTransform_float_3_3
Parameters: 0.999999 -0.000751301 -0.000316802 0.000752077 0.999997 0.00206676 0.000315006 -0.00206724 0.999998 0.00958382 0.121337 -0.445913
FixedParameters: 0 0 0

#Transform 146
Transform: AffineTransform_float_3_3
Parameters: 0.999999 -0.000741121 -0.000321186 0.000742007 0.999998 0.00221076 0.000319218 -0.00221124 0.999998 0.0247369 0.140284 -0.498837
FixedParameters: 0 0 0

#Transform 147
Transform: AffineTransform_float_3_3
Parameters: 1 -0.000521358 -0.000142715 0.000522471 0.999997 0.00254577 0.000140979 -0.00254522 0.999996 0.00948911 0.12134 -0.541235
FixedParameters: 0 0 0

#Transform 148
Transform: AffineTransform_float_3_3
Parameters: 0.999999 -0.000802124 0.000151609 0.000802195 0.999997 0.00232912 -0.000153505 -0.00232888 0.999998 0.01801 0.127805 -0.557378
FixedParameters: 0 0 0

#Transform 149
Transform: AffineTransform_float_3_3
Parameters: 0.999999 -0.000941956 0.000180456 0.000941986 0.999998 0.00206981 -0.000182515 -0.00207019 0.999998 0.0407219 0.11587 -0.629292
FixedParameters: 0 0 0

#Transform 150
Transform: AffineTransform_float_3_3
Parameters: 0.999999 -0.000888592 -0.000181874 0.000889236 0.999997 0.00216248 0.00018026 -0.00216352 0.999997 0.00168003 0.124537 -0.502698
FixedParameters: 0 0 0

#Transform 151
Transform: AffineTransform_float_3_3
Parameters: 1 -0.000609913 9.01797e-05 0.000608987 0.999998 0.0021797 -9.15257e-05 -0.0021803 0.999997 0.0181604 0.126223 -0.540152
FixedParameters: 0 0 0

#Transform 152
Transform: AffineTransform_float_3_3
Parameters: 1 -0.00121282 -0.000122587 0.00121369 0.999996 0.00255134 0.000119548 -0.00255166 0.999996 0.0116884 0.12174 -0.563574
FixedParameters: 0 0 0

#Transform 153
Transform: AffineTransform_float_3_3
Parameters: 0.999999 -0.00126346 -0.000101767 0.00126338 0.999995 0.00297987 9.77804e-05 -0.00298013 0.999996 0.0117521 0.132283 -0.573056
FixedParameters: 0 0 0

#Transform 154
Transform: AffineTransform_float_3_3
Parameters: 1 -0.000564415 -5.22035e-05 0.000564604 0.999995 0.00317897 5.08461e-05 -0.00317903 0.999995 0.0216243 0.144002 -0.557815
FixedParameters: 0 0 0

#Transform 155
Transform: AffineTransform_float_3_3
Parameters: 1 -0.000686229 -7.39098e-05 0.000686611 0.999993 0.00358859 7.12144e-05 -0.00358941 0.999993 0.0155354 0.145707 -0.587912
FixedParameters: 0 0 0

#Transform 156
Transform: AffineTransform_float_3_3
Parameters: 0.999999 -0.000872977 -0.000435899 0.000874602 0.999993 0.00369747 0.000433371 -0.00369753 0.999993 0.0299623 0.160527 -0.5581
FixedParameters: 0 0 0

#Transform 157
Transform: AffineTransform_float_3_3
Parameters: 1 -0.00108351 -0.000139096 0.00108382 0.999993 0.0035987 0.000134839 -0.0035983 0.999994 0.0186512 0.148235 -0.588498
FixedParameters: 0 0 0

#Transform 158
Transform: AffineTransform_float_3_3
Parameters: 1 -0.00107932 -8.02321e-05 0.00107962 0.999992 0.00371376 7.66783e-05 -0.00371324 0.999993 0.00863529 0.149766 -0.588535
FixedParameters: 0 0 0

#Transform 159
Transform: AffineTransform_float_3_3
Parameters: 0.999999 -0.000856278 -1.69188e-05 0.000855732 0.999991 0.00402483 1.35718e-05 -0.00402416 0.999991 0.0261316 0.141044 -0.647484
FixedParameters: 0 0 0

#Transform 160
Transform: AffineTransform_float_3_3
Parameters: 1 -0.00114922 -6.6942e-05 0.00114992 0.99999 0.00450941 6.1958e-05 -0.00450959 0.999989 0.0125071 0.153027 -0.662898
FixedParameters: 0 0 0

#Transform 161
Transform: AffineTransform_float_3_3
Parameters: 0.999999 -0.00127505 0.000165709 0.00127493 0.999989 0.0045707 -0.00017145 -0.00457029 0.999989 0.0134782 0.152926 -0.662194
FixedParameters: 0 0 0

#Transform 162
Transform: AffineTransform_float_3_3
Parameters: 1 -0.00118207 -7.84105e-05 0.0011829 0.999988 0.00476955 7.25135e-05 -0.00477045 0.999988 0.0228737 0.165984 -0.659427
FixedParameters: 0 0 0

#Transform 163
Transform: AffineTransform_float_3_3
Parameters: 0.999999 -0.0014299 -3.91903e-05 0.00143025 0.999985 0.00520795 3.19103e-05 -0.00520805 0.999987 0.0161804 0.155873 -0.768987
FixedParameters: 0 0 0

#Transform 164
Transform: AffineTransform_float_3_3
Parameters: 0.999999 -0.00139809 0.000195375 0.00139672 0.999988 0.00471676 -0.000202252 -0.00471623 0.999989 0.0238432 0.141332 -0.763914
FixedParameters: 0 0 0

#Transform 165
Transform: AffineTransform_float_3_3
Parameters: 0.999999 -0.00127386 0.000114103 0.00127287 0.999988 0.00468279 -0.000120645 -0.00468321 0.999989 0.0332879 0.139993 -0.851029
FixedParameters: 0 0 0

#Transform 166
Transform: AffineTransform_float_3_3
Parameters: 0.999999 -0.00137496 0.000170085 0.00137411 0.999986 0.00500709 -0.000176623 -0.00500591 0.999988 0.0231861 0.139806 -0.840704
FixedParameters: 0 0 0

#Transform 167
Transform: AffineTransform_float_3_3
Parameters: 0.999999 -0.00139108 -5.08115e-06 0.00139053 0.999978 0.00641685 -3.84025e-06 -0.00641615 0.999979 0.0260554 0.171898 -0.781928
FixedParameters: 0 0 0

#Transform 168
Transform: AffineTransform_float_3_3
Parameters: 0.999998 -0.00158369 1.89156e-05 0.00158321 0.999978 0.00639688 -2.93254e-05 -0.00639611 0.99998 0.0483629 0.17351 -0.881037
FixedParameters: 0 0 0

#Transform 169
Transform: AffineTransform_float_3_3
Parameters: 0.999999 -0.00152062 9.19069e-05 0.00152008 0.999977 0.00664563 -0.000102657 -0.00664536 0.999978 0.0255248 0.187165 -0.871489
FixedParameters: 0 0 0

#Transform 170
Transform: AffineTransform_float_3_3
Parameters: 0.999999 -0.0015029 0.00022231 0.00150116 0.999973 0.00719698 -0.000232632 -0.00719702 0.999974 0.0470039 0.192805 -0.8971
FixedParameters: 0 0 0

#Transform 171
Transform: AffineTransform_float_3_3
Parameters: 0.999999 -0.00137139 0.000329512 0.00136869 0.999964 0.00828109 -0.000340376 -0.0082809 0.999965 0.0449631 0.203556 -0.877885
FixedParameters: 0 0 0

#Transform 172
Transform: AffineTransform_float_3_3
Parameters: 0.999999 -0.000681872 0.000295333 0.000679751 0.999971 0.0075002 -0.000300023 -0.00749979 0.999972 0.0296921 0.200273 -0.73903
FixedParameters: 0 0 0

#Transform 173
Transform: AffineTransform_float_3_3
Parameters: 0.999999 -0.000716753 0.000211089 0.000714275 0.999959 0.00908779 -0.000218181 -0.00908821 0.999959 0.0244557 0.227729 -0.731433
FixedParameters: 0 0 0

#Transform 174
Transform: AffineTransform_float_3_3
Parameters: 1 -0.000647919 0.00019431 0.000645646 0.999956 0.00936313 -0.000200508 -0.00936287 0.999956 0.0200212 0.226771 -0.711154
FixedParameters: 0 0 0

#Transform 175
Transform: AffineTransform_float_3_3
Parameters: 0.999999 -0.00106365 0.000178351 0.00106112 0.999959 0.00898168 -0.000187978 -0.00898132 0.999959 0.0323409 0.228089 -0.658302
FixedParameters: 0 0 0

#Transform 176
Transform: AffineTransform_float_3_3
Parameters: 0.999999 -0.000846352 7.29884e-05 0.000845294 0.999956 0.00928491 -8.01585e-05 -0.00928408 0.999956 0.0314693 0.226712 -0.665792
FixedParameters: 0 0 0

#Transform 177
Transform: AffineTransform_float_3_3
Parameters: 1 -0.000661553 0.000177456 0.000660777 0.999971 0.00757412 -0.000182869 -0.00757388 0.999972 0.0283359 0.196183 -0.686343
FixedParameters: 0 0 0

#Transform 178
Transform: AffineTransform_float_3_3
Parameters: 0.999999 -0.000776978 0.000277425 0.000774789 0.999961 0.00876186 -0.000284578 -0.00876214 0.999961 0.0283838 0.214488 -0.69169
FixedParameters: 0 0 0

#Transform 179
Transform: AffineTransform_float_3_3
Parameters: 1 -0.00110128 0.00012988 0.00109944 0.999965 0.00821115 -0.000139414 -0.00821085 0.999967 0.0338109 0.210716 -0.657228
FixedParameters: 0 0 0
