#Insight Transform File V1.0
#Transform 0
Transform: AffineTransform_float_3_3
Parameters: 1 0.000328298 -1.25966e-05 -0.000327934 1 -0.001039 1.28353e-05 0.00103901 1 0.0462762 0.0660375 0.363988
FixedParameters: 0 0 0

#Transform 1
Transform: AffineTransform_float_3_3
Parameters: 0.999999 0.000729889 0.000177693 -0.000729805 0.999999 0.00125787 -0.000177168 -0.00125813 0.999999 -0.0516373 0.116111 -0.125845
FixedParameters: 0 0 0

#Transform 2
Transform: AffineTransform_float_3_3
Parameters: 0.999999 0.000805088 6.60664e-05 -0.00080481 0.999998 0.00193895 -6.4256e-05 -0.00193905 0.999998 -0.0284452 0.154965 -0.176695
FixedParameters: 0 0 0

#Transform 3
Transform: AffineTransform_float_3_3
Parameters: 1 0.000971718 -0.000475147 -0.000970466 0.999997 0.0021351 0.000477452 -0.0021349 0.999997 -0.0574867 0.149835 -0.206674
FixedParameters: 0 0 0

#Transform 4
Transform: AffineTransform_float_3_3
Parameters: 1 0.00106638 -0.000592982 -0.00106478 0.999996 0.00232963 0.000595184 -0.00232837 0.999997 -0.0860972 0.155911 -0.236172
FixedParameters: 0 0 0

#Transform 5
Transform: AffineTransform_float_3_3
Parameters: 1 0.00100195 -0.000483269 -0.00100043 0.999996 0.00237864 0.000486191 -0.00237836 0.999997 -0.0801663 0.167433 -0.230273
FixedParameters: 0 0 0

#Transform 6
Transform: AffineTransform_float_3_3
Parameters: 0.999999 0.00140074 -0.000431151 -0.00140028 0.999999 0.000985886 0.000432992 -0.000986114 0.999999 -0.0947476 0.138729 -0.279566
FixedParameters: 0 0 0

#Transform 7
Transform: AffineTransform_float_3_3
Parameters: 0.999998 0.00155802 -0.000492735 -0.00155764 0.999997 0.00197041 0.00049519 -0.00196959 0.999998 -0.0989753 0.170021 -0.272733
FixedParameters: 0 0 0

#Transform 8
Transform: AffineTransform_float_3_3
Parameters: 0.999999 0.00102279 -0.000726618 -0.00102146 0.999999 0.00145238 0.000727746 -0.00145162 0.999999 -0.0740293 0.157649 -0.270358
FixedParameters: 0 0 0

#Transform 9
Transform: AffineTransform_float_3_3
Parameters: 0.999999 0.0013314 -0.000402435 -0.00133023 0.999998 0.00128618 0.000403626 -0.00128582 0.999999 -0.0883557 0.140782 -0.244624
FixedParameters: 0 0 0

#Transform 10
Transform: AffineTransform_float_3_3
Parameters: 0.999999 0.00130322 -0.000543512 -0.00130253 0.999998 0.00134935 0.000545186 -0.00134865 0.999999 -0.0934489 0.146328 -0.242426
FixedParameters: 0 0 0

#Transform 11
Transform: AffineTransform_float_3_3
Parameters: 0.999999 0.00150462 -4.67192e-05 -0.00150527 0.999998 0.00135156 4.8946e-05 -0.00135144 0.999999 -0.101983 0.158738 -0.207191
FixedParameters: 0 0 0

#Transform 12
Transform: AffineTransform_float_3_3
Parameters: 0.999999 0.0013207 -0.000782066 -0.00132019 0.999998 0.00140983 0.000784338 -0.00140917 0.999999 -0.100491 0.131113 -0.255319
FixedParameters: 0 0 0

#Transform 13
Transform: AffineTransform_float_3_3
Parameters: 0.999999 0.00115019 -0.000497171 -0.00114917 0.999999 0.00140921 0.000499491 -0.00140879 0.999999 -0.0970159 0.15557 -0.250926
FixedParameters: 0 0 0

#Transform 14
Transform: AffineTransform_float_3_3
Parameters: 0.999999 0.00144891 -0.000907747 -0.00144734 0.999998 0.0015096 0.000909356 -0.0015084 0.999998 -0.120542 0.146954 -0.276989
FixedParameters: 0 0 0

#Transform 15
Transform: AffineTransform_float_3_3
Parameters: 0.999999 0.00125478 -0.000396242 -0.00125371 0.999999 0.00117514 0.000396957 -0.00117486 1 -0.0808438 0.135975 -0.28784
FixedParameters: 0 0 0

#Transform 16
Transform: AffineTransform_float_3_3
Parameters: 1 0.00104238 -0.0005441 -0.00104235 0.999998 0.00123357 0.000546141 -0.00123243 0.999999 -0.0790061 0.128991 -0.263054
FixedParameters: 0 0 0

#Transform 17
Transform: AffineTransform_float_3_3
Parameters: 0.999998 0.00152972 -0.000749927 -0.00152838 0.999998 0.00140979 0.000752394 -0.00140821 0.999999 -0.125837 0.165653 -0.282493
FixedParameters: 0 0 0

#Transform 18
Transform: AffineTransform_float_3_3
Parameters: 0.999999 0.00139006 -0.000502536 -0.00138978 0.999999 0.00105334 0.000503622 -0.00105266 1 -0.114603 0.181914 -0.270479
FixedParameters: 0 0 0

#Transform 19
Transform: AffineTransform_float_3_3
Parameters: 0.999998 0.00159619 -0.000980328 -0.00159494 0.999999 0.00123485 0.000981504 -0.00123316 0.999999 -0.130335 0.161414 -0.311086
FixedParameters: 0 0 0

#Transform 20
Transform: AffineTransform_float_3_3
Parameters: 0.999999 0.00146991 -0.00092251 -0.00146859 0.999997 0.001848 0.000925566 -0.001846 0.999998 -0.123757 0.182528 -0.305309
FixedParameters: 0 0 0

#Transform 21
Transform: AffineTransform_float_3_3
Parameters: 0.999998 0.00139242 -0.000917923 -0.00139084 0.999998 0.00128592 0.000919658 -0.00128408 0.999999 -0.128 0.170461 -0.293592
FixedParameters: 0 0 0

#Transform 22
Transform: AffineTransform_float_3_3
Parameters: 0.999999 0.00135695 -0.00056793 -0.00135586 0.999997 0.00164641 0.000570554 -0.00164559 0.999998 -0.117495 0.152096 -0.307356
FixedParameters: 0 0 0

#Transform 23
Transform: AffineTransform_float_3_3
Parameters: 0.999999 0.00122576 -0.000469986 -0.0012252 0.999998 0.00100422 0.000471527 -0.00100378 0.999999 -0.0985563 0.151941 -0.325308
FixedParameters: 0 0 0

#Transform 24
Transform: AffineTransform_float_3_3
Parameters: 1 0.000951476 -0.000353433 -0.000950864 0.999999 0.00141498 0.000355205 -0.00141502 0.999999 -0.0602957 0.129097 -0.336729
FixedParameters: 0 0 0

#Transform 25
Transform: AffineTransform_float_3_3
Parameters: 0.999999 0.000769107 -0.000276324 -0.000768712 0.999998 0.00141821 0.000277584 -0.00141779 0.999999 -0.0665844 0.136295 -0.334284
FixedParameters: 0 0 0

#Transform 26
Transform: AffineTransform_float_3_3
Parameters: 1 0.00076945 -0.000870778 -0.000768024 0.999999 0.00104367 0.000871461 -0.00104233 0.999999 -0.0927341 0.100883 -0.36895
FixedParameters: 0 0 0

#Transform 27
Transform: AffineTransform_float_3_3
Parameters: 1 0.00109475 -0.000451093 -0.001094 0.999997 0.00212714 0.000452987 -0.00212686 0.999997 -0.102612 0.152347 -0.334601
FixedParameters: 0 0 0

#Transform 28
Transform: AffineTransform_float_3_3
Parameters: 0.999999 0.00095639 -0.000231166 -0.000955342 0.999998 0.00196007 0.00023268 -0.00195893 0.999998 -0.0825937 0.165108 -0.316661
FixedParameters: 0 0 0

#Transform 29
Transform: AffineTransform_float_3_3
Parameters: 1 0.000866077 -0.000447572 -0.000865166 0.999999 0.00145203 0.000449165 -0.00145197 0.999999 -0.0867299 0.10842 -0.362055
FixedParameters: 0 0 0

#Transform 30
Transform: AffineTransform_float_3_3
Parameters: 0.999999 0.000632595 -0.000417003 -0.000631504 0.999998 0.00177427 0.000418325 -0.00177374 0.999999 -0.072853 0.133336 -0.376029
FixedParameters: 0 0 0

#Transform 31
Transform: AffineTransform_float_3_3
Parameters: 0.999999 0.00124773 -0.000802575 -0.00124729 0.999999 0.000514795 0.000802938 -0.000514206 1 -0.0976146 0.0864378 -0.315157
FixedParameters: 0 0 0

#Transform 32
Transform: AffineTransform_float_3_3
Parameters: 0.999999 0.000841346 -4.70038e-05 -0.000841681 0.999999 0.00059704 4.7088e-05 -0.00059696 1 -0.0506977 0.0894217 -0.33442
FixedParameters: 0 0 0

#Transform 33
Transform: AffineTransform_float_3_3
Parameters: 0.999999 0.0011578 -0.00106518 -0.00115797 0.999999 -7.99734e-05 0.001065 8.10259e-05 0.999999 -0.0949108 0.0670238 -0.360339
FixedParameters: 0 0 0

#Transform 34
Transform: AffineTransform_float_3_3
Parameters: 0.999999 0.00112951 -0.000835319 -0.00112899 0.999999 0.000306584 0.00083601 -0.000305416 0.999999 -0.0489079 0.102012 -0.362356
FixedParameters: 0 0 0

#Transform 35
Transform: AffineTransform_float_3_3
Parameters: 0.999998 0.00132163 -0.000976512 -0.00132139 0.999999 0.000326084 0.000976451 -0.000324917 0.999999 -0.101309 0.107389 -0.388799
FixedParameters: 0 0 0

#Transform 36
Transform: AffineTransform_float_3_3
Parameters: 0.999998 0.00208472 -0.00090087 -0.00208488 0.999998 -0.000302201 0.000900527 0.000303799 1 -0.139134 0.106969 -0.347694
FixedParameters: 0 0 0

#Transform 37
Transform: AffineTransform_float_3_3
Parameters: 0.999997 0.00224894 -0.000974617 -0.00225049 0.999996 -0.00179789 0.000971125 0.00180011 0.999998 -0.166504 0.0527105 -0.229807
FixedParameters: 0 0 0

#Transform 38
Transform: AffineTransform_float_3_3
Parameters: 0.999997 0.00224119 -0.000969867 -0.00224245 0.999997 -0.00125391 0.000967001 0.00125609 0.999999 -0.168351 0.0611412 -0.252306
FixedParameters: 0 0 0

#Transform 39
Transform: AffineTransform_float_3_3
Parameters: 0.999998 0.00169537 -0.00122097 -0.00169635 0.999998 -0.000723496 0.00122035 0.000725503 0.999999 -0.129859 0.0663682 -0.249908
FixedParameters: 0 0 0

#Transform 40
Transform: AffineTransform_float_3_3
Parameters: 0.999998 0.00197076 -0.000576344 -0.00197192 0.999997 -0.00121959 0.000574687 0.00122042 0.999999 -0.131173 0.0724288 -0.33657
FixedParameters: 0 0 0

#Transform 41
Transform: AffineTransform_float_3_3
Parameters: 0.999997 0.00184513 -0.00161163 -0.00184789 0.999998 -0.00109959 0.0016094 0.00110341 0.999998 -0.147212 0.0466103 -0.402871
FixedParameters: 0 0 0

#Transform 42
Transform: AffineTransform_float_3_3
Parameters: 0.999997 0.00198542 -0.00131551 -0.00198707 0.999998 -0.000921955 0.00131368 0.000925044 0.999999 -0.142577 0.076237 -0.394803
FixedParameters: 0 0 0

#Transform 43
Transform: AffineTransform_float_3_3
Parameters: 0.999997 0.00197478 -0.000801687 -0.00197537 0.999997 -0.0011015 0.000800095 0.0011025 0.999999 -0.133406 0.0972021 -0.330165
FixedParameters: 0 0 0

#Transform 44
Transform: AffineTransform_float_3_3
Parameters: 0.999998 0.00157274 -0.00140219 -0.00157404 0.999998 -0.00060136 0.00140121 0.000603638 0.999998 -0.119244 0.0750125 -0.336633
FixedParameters: 0 0 0

#Transform 45
Transform: AffineTransform_float_3_3
Parameters: 0.999999 0.00166379 -0.000674393 -0.00166427 0.999998 -0.000940598 0.000673103 0.000941401 0.999999 -0.11516 0.0892264 -0.378805
FixedParameters: 0 0 0

#Transform 46
Transform: AffineTransform_float_3_3
Parameters: 0.999998 0.00152101 -0.00132702 -0.00152231 0.999999 -0.000636547 0.001326 0.000638451 0.999998 -0.140195 0.0826242 -0.355622
FixedParameters: 0 0 0

#Transform 47
Transform: AffineTransform_float_3_3
Parameters: 0.999998 0.00150128 -0.00131925 -0.00150205 0.999998 -0.000936074 0.00131789 0.000937926 0.999999 -0.124831 0.0792415 -0.407046
FixedParameters: 0 0 0

#Transform 48
Transform: AffineTransform_float_3_3
Parameters: 0.999998 0.00126313 -0.00117471 -0.00126296 0.999999 -0.000483723 0.00117402 0.000485276 0.999999 -0.0980371 0.0521864 -0.457907
FixedParameters: 0 0 0

#Transform 49
Transform: AffineTransform_float_3_3
Parameters: 0.999998 0.00124947 -0.0016052 -0.00124836 0.999999 0.000344951 0.00160606 -0.000343049 0.999999 -0.126526 0.0883647 -0.533798
FixedParameters: 0 0 0

#Transform 50
Transform: AffineTransform_float_3_3
Parameters: 0.999997 0.00167516 -0.00145628 -0.00167512 0.999999 1.48732e-05 0.00145632 -1.21275e-05 0.999999 -0.133536 0.104816 -0.496493
FixedParameters: 0 0 0

#Transform 51
Transform: AffineTransform_float_3_3
Parameters: 0.999997 0.00157067 -0.00148244 -0.00157089 0.999999 5.87626e-05 0.0014817 -5.62399e-05 0.999998 -0.138134 0.0972674 -0.512257
FixedParameters: 0 0 0

#Transform 52
Transform: AffineTransform_float_3_3
Parameters: 0.999998 0.00166503 -0.00156715 -0.00166501 0.999998 7.19573e-06 0.00156717 -4.80501e-06 0.999999 -0.136453 0.102648 -0.566278
FixedParameters: 0 0 0

#Transform 53
Transform: AffineTransform_float_3_3
Parameters: 0.999997 0.00154309 -0.00185143 -0.00154364 0.999999 -0.000145196 0.00185098 0.000148802 0.999998 -0.126578 0.0864821 -0.568128
FixedParameters: 0 0 0

#Transform 54
Transform: AffineTransform_float_3_3
Parameters: 0.999998 0.0014839 -0.00138481 -0.00148379 0.999999 4.34885e-05 0.00138494 -4.1512e-05 0.999999 -0.119999 0.119483 -0.494695
FixedParameters: 0 0 0

#Transform 55
Transform: AffineTransform_float_3_3
Parameters: 0.999998 0.00133088 -0.00164801 -0.00133085 0.999999 9.7796e-06 0.00164803 -8.22101e-06 0.999998 -0.12359 0.108087 -0.506902
FixedParameters: 0 0 0

#Transform 56
Transform: AffineTransform_float_3_3
Parameters: 0.999997 0.00144643 -0.00157483 -0.0014472 0.999999 -0.000242928 0.00157413 0.00024607 0.999999 -0.129866 0.113906 -0.471571
FixedParameters: 0 0 0

#Transform 57
Transform: AffineTransform_float_3_3
Parameters: 0.999998 0.00136942 -0.00150409 -0.00136983 0.999999 0.000301647 0.00150438 -0.000300355 0.999999 -0.128275 0.122241 -0.506427
FixedParameters: 0 0 0

#Transform 58
Transform: AffineTransform_float_3_3
Parameters: 0.999998 0.00174732 -0.000830819 -0.00174688 0.999998 0.000496886 0.000831633 -0.000496115 1 -0.138354 0.126065 -0.508191
FixedParameters: 0 0 0

#Transform 59
Transform: AffineTransform_float_3_3
Parameters: 0.999998 0.00183212 -0.0013115 -0.00183257 0.999999 -0.000169523 0.00131087 0.000171475 0.999999 -0.167565 0.119229 -0.50137
FixedParameters: 0 0 0

#Transform 60
Transform: AffineTransform_float_3_3
Parameters: 0.999998 0.00152783 -0.00141248 -0.00152671 0.999999 0.000397591 0.00141369 -0.000395408 0.999999 -0.161518 0.100114 -0.503383
FixedParameters: 0 0 0

#Transform 61
Transform: AffineTransform_float_3_3
Parameters: 0.999997 0.0015882 -0.00143868 -0.00158785 0.999999 0.000124718 0.00143907 -0.000122282 0.999999 -0.166702 0.113368 -0.51289
FixedParameters: 0 0 0

#Transform 62
Transform: AffineTransform_float_3_3
Parameters: 0.999999 0.00124113 -0.00129272 -0.00124139 0.999999 -0.000608963 0.00129173 0.000610037 0.999999 -0.110913 0.0910732 -0.54686
FixedParameters: 0 0 0

#Transform 63
Transform: AffineTransform_float_3_3
Parameters: 0.999997 0.00119932 -0.00181777 -0.00120162 0.999999 -0.00146287 0.00181624 0.00146513 0.999997 -0.133535 0.065223 -0.577304
FixedParameters: 0 0 0

#Transform 64
Transform: AffineTransform_float_3_3
Parameters: 0.999998 0.00149017 -0.00149234 -0.00148955 0.999999 -0.000231191 0.00149218 0.00023281 0.999999 -0.149036 0.122663 -0.483384
FixedParameters: 0 0 0

#Transform 65
Transform: AffineTransform_float_3_3
Parameters: 0.999998 0.00149357 -0.00115696 -0.00149408 0.999999 -0.000218838 0.0011563 0.00022016 0.999999 -0.158102 0.134274 -0.407827
FixedParameters: 0 0 0

#Transform 66
Transform: AffineTransform_float_3_3
Parameters: 0.999998 0.00133225 -0.00134855 -0.0013337 0.999998 -0.00102226 0.00134635 0.00102374 0.999999 -0.153861 0.114304 -0.421263
FixedParameters: 0 0 0

#Transform 67
Transform: AffineTransform_float_3_3
Parameters: 0.999998 0.00151168 -0.00135238 -0.00151198 0.999999 -0.000111522 0.00135204 0.000113477 0.999999 -0.151523 0.13211 -0.442737
FixedParameters: 0 0 0

#Transform 68
Transform: AffineTransform_float_3_3
Parameters: 0.999998 0.00120569 -0.00148205 -0.00120593 0.999999 -8.02669e-05 0.00148186 8.17321e-05 0.999999 -0.160606 0.104697 -0.434532
FixedParameters: 0 0 0

#Transform 69
Transform: AffineTransform_float_3_3
Parameters: 0.999998 0.00136979 -0.00128809 -0.00136941 0.999999 0.000297198 0.00128798 -0.000295803 0.999999 -0.158537 0.126274 -0.405697
FixedParameters: 0 0 0

#Transform 70
Transform: AffineTransform_float_3_3
Parameters: 0.999999 0.00148426 -0.00111977 -0.00148526 0.999999 -0.000444904 0.00111845 0.000446094 0.999999 -0.15366 0.13912 -0.402395
FixedParameters: 0 0 0

#Transform 71
Transform: AffineTransform_float_3_3
Parameters: 0.999998 0.00152474 -0.00172491 -0.00152513 0.999999 -0.000492425 0.00172394 0.000495575 0.999999 -0.161128 0.111963 -0.462952
FixedParameters: 0 0 0

#Transform 72
Transform: AffineTransform_float_3_3
Parameters: 0.999998 0.00144611 -0.00169201 -0.00144728 0.999998 -0.000730607 0.00169042 0.000733392 0.999998 -0.171298 0.0992293 -0.503983
FixedParameters: 0 0 0

#Transform 73
Transform: AffineTransform_float_3_3
Parameters: 0.999999 0.00135861 -0.00118987 -0.00135982 0.999999 -0.000832949 0.00118945 0.00083405 0.999999 -0.155588 0.118344 -0.419371
FixedParameters: 0 0 0

#Transform 74
Transform: AffineTransform_float_3_3
Parameters: 0.999998 0.00112911 -0.00155663 -0.00112952 0.999999 -0.00042409 0.00155527 0.000426909 0.999999 -0.148615 0.0897314 -0.426487
FixedParameters: 0 0 0

#Transform 75
Transform: AffineTransform_float_3_3
Parameters: 0.999998 0.00119326 -0.00158313 -0.00119332 0.999999 -1.93175e-05 0.00158308 2.16818e-05 0.999998 -0.150167 0.111282 -0.423822
FixedParameters: 0 0 0

#Transform 76
Transform: AffineTransform_float_3_3
Parameters: 0.999998 0.00144103 -0.00124225 -0.00144164 0.999999 -0.000244776 0.00124154 0.000246223 0.999999 -0.157314 0.129572 -0.409069
FixedParameters: 0 0 0

#Transform 77
Transform: AffineTransform_float_3_3
Parameters: 0.999998 0.00135209 -0.00131147 -0.00135195 1 5.42068e-05 0.00131161 -5.27937e-05 0.999999 -0.170387 0.12501 -0.392186
FixedParameters: 0 0 0

#Transform 78
Transform: AffineTransform_float_3_3
Parameters: 0.999998 0.00130231 -0.00140088 -0.00130177 0.999999 0.00019341 0.00140138 -0.00019259 0.999999 -0.178299 0.132991 -0.343338
FixedParameters: 0 0 0

#Transform 79
Transform: AffineTransform_float_3_3
Parameters: 0.999998 0.00118605 -0.00158097 -0.00118633 0.999999 -0.00050218 0.00158031 0.000503821 0.999999 -0.180785 0.10515 -0.351829
FixedParameters: 0 0 0

#Transform 80
Transform: AffineTransform_float_3_3
Parameters: 0.999997 0.0013479 -0.00164992 -0.0013485 0.999999 -0.000576831 0.00164889 0.000579169 0.999999 -0.137664 0.12334 -0.337784
FixedParameters: 0 0 0

#Transform 81
Transform: AffineTransform_float_3_3
Parameters: 0.999999 0.00117138 -0.00139378 -0.00117188 0.999999 -0.000178574 0.00139336 0.000180425 0.999999 -0.167656 0.158193 -0.278158
FixedParameters: 0 0 0

#Transform 82
Transform: AffineTransform_float_3_3
Parameters: 0.999998 0.0012997 -0.00162872 -0.00129952 0.999999 -0.000223938 0.00162775 0.000226062 0.999999 -0.119751 0.13251 -0.29068
FixedParameters: 0 0 0

#Transform 83
Transform: AffineTransform_float_3_3
Parameters: 0.999997 0.00137359 -0.00165979 -0.00137383 0.999999 -7.21335e-05 0.00165959 7.38654e-05 0.999998 -0.14694 0.134435 -0.323816
FixedParameters: 0 0 0

#Transform 84
Transform: AffineTransform_float_3_3
Parameters: 0.999999 0.00120545 -0.00135477 -0.00120516 0.999999 -3.84214e-05 0.00135559 3.95795e-05 0.999999 -0.12699 0.153014 -0.350794
FixedParameters: 0 0 0

#Transform 85
Transform: AffineTransform_float_3_3
Parameters: 0.999999 0.000781397 -0.000969931 -0.000781843 1 0.000446399 0.000970099 -0.000445602 0.999999 -0.0568751 0.158526 -0.379788
FixedParameters: 0 0 0

#Transform 86
Transform: AffineTransform_float_3_3
Parameters: 1 0.000639072 -0.000221892 -0.000639165 0.999999 0.000671142 0.000221829 -0.000670858 1 -0.0412966 0.14626 -0.357879
FixedParameters: 0 0 0

#Transform 87
Transform: AffineTransform_float_3_3
Parameters: 0.999998 0.000373161 -0.00171786 -0.000372363 1 0.000499946 0.00171862 -0.000500054 0.999999 -0.0801846 0.100749 -0.3939
FixedParameters: 0 0 0

#Transform 88
Transform: AffineTransform_float_3_3
Parameters: 0.999998 0.000794797 -0.00143907 -0.000795066 1 -9.27031e-05 0.00143892 9.42963e-05 0.999999 -0.122859 0.119518 -0.383614
FixedParameters: 0 0 0

#Transform 89
Transform: AffineTransform_float_3_3
Parameters: 0.999999 0.000842241 -0.00116324 -0.000841042 0.999999 0.00107913 0.00116452 -0.00107787 0.999999 -0.137098 0.157998 -0.335584
FixedParameters: 0 0 0

#Transform 90
Transform: AffineTransform_float_3_3
Parameters: 0.999998 0.000697016 -0.00145251 -0.000695193 0.999999 0.00107916 0.00145348 -0.00107784 0.999998 -0.14736 0.151089 -0.341464
FixedParameters: 0 0 0

#Transform 91
Transform: AffineTransform_float_3_3
Parameters: 0.999998 0.000785011 -0.00140919 -0.000782854 0.999999 0.00123005 0.00141059 -0.00122995 0.999998 -0.156431 0.162247 -0.33641
FixedParameters: 0 0 0

#Transform 92
Transform: AffineTransform_float_3_3
Parameters: 0.999999 0.000676249 -0.000575197 -0.000675608 1 0.000897029 0.000575489 -0.000896971 0.999999 -0.115488 0.154518 -0.375163
FixedParameters: 0 0 0

#Transform 93
Transform: AffineTransform_float_3_3
Parameters: 1 0.000920166 -0.000609365 -0.000920786 0.999999 0.000566355 0.000609878 -0.000566646 1 -0.11562 0.139906 -0.361471
FixedParameters: 0 0 0

#Transform 94
Transform: AffineTransform_float_3_3
Parameters: 1 0.000900786 -0.000380886 -0.000900895 1 -0.000656017 0.000380624 0.000655983 1 -0.101699 0.153991 -0.31403
FixedParameters: 0 0 0

#Transform 95
Transform: AffineTransform_float_3_3
Parameters: 1 0.000786014 -0.000664453 -0.000786274 1 0.000496316 0.000665625 -0.000496684 1 -0.103049 0.17625 -0.298661
FixedParameters: 0 0 0

#Transform 96
Transform: AffineTransform_float_3_3
Parameters: 1 0.000385242 -3.42541e-05 -0.000385243 1 -1.29867e-05 3.42441e-05 1.30131e-05 1 -0.0809408 0.160987 -0.287541
FixedParameters: 0 0 0

#Transform 97
Transform: AffineTransform_float_3_3
Parameters: 0.999999 0.000888482 -7.2641e-05 -0.000888213 1 -0.000837448 7.20735e-05 0.000837552 0.999999 -0.066916 0.113609 -0.301487
FixedParameters: 0 0 0

#Transform 98
Transform: AffineTransform_float_3_3
Parameters: 1 0.000673934 -0.000117069 -0.000674087 1 -0.000654281 0.000116188 0.000653719 1 -0.060311 0.149579 -0.256725
FixedParameters: 0 0 0

#Transform 99
Transform: AffineTransform_float_3_3
Parameters: 1 0.000285531 -0.00104637 -0.000289758 0.999993 -0.0039007 0.00104572 0.0039013 0.999992 -0.0660074 0.0165789 -0.317353
FixedParameters: 0 0 0

#Transform 100
Transform: AffineTransform_float_3_3
Parameters: 0.999999 0.000188174 -0.00070921 -0.000190045 0.999995 -0.00289471 0.000708254 0.00289428 0.999995 -0.0957263 0.0187444 -0.260069
FixedParameters: 0 0 0

#Transform 101
Transform: AffineTransform_float_3_3
Parameters: 1 0.000781229 -0.000664191 -0.000782384 0.999999 -0.00116433 0.000663291 0.00116467 1 -0.121355 0.120948 -0.21229
FixedParameters: 0 0 0

#Transform 102
Transform: AffineTransform_float_3_3
Parameters: 0.999999 0.000921316 -0.00122661 -0.000922989 0.999999 -0.000840716 0.00122598 0.000842283 0.999999 -0.11182 0.12607 -0.299627
FixedParameters: 0 0 0

#Transform 103
Transform: AffineTransform_float_3_3
Parameters: 0.999999 0.00102758 -0.000767864 -0.00102797 0.999999 -0.000251418 0.000767347 0.000251582 1 -0.0952915 0.139399 -0.304669
FixedParameters: 0 0 0

#Transform 104
Transform: AffineTransform_float_3_3
Parameters: 1 0.000706758 -0.000998168 -0.000708034 1 -0.0006395 0.000997263 0.000639498 0.999999 -0.100013 0.148443 -0.310392
FixedParameters: 0 0 0

#Transform 105
Transform: AffineTransform_float_3_3
Parameters: 0.999999 0.00102671 -0.000936045 -0.00102738 0.999999 -0.000354245 0.000935317 0.000354753 1 -0.11562 0.170199 -0.315948
FixedParameters: 0 0 0

#Transform 106
Transform: AffineTransform_float_3_3
Parameters: 0.999999 0.000512811 -0.000697518 -0.000513726 1 -0.00093549 0.000697478 0.000935511 1 -0.108974 0.142538 -0.309135
FixedParameters: 0 0 0

#Transform 107
Transform: AffineTransform_float_3_3
Parameters: 0.999999 0.000865983 -0.00120321 -0.000866552 0.999999 -0.000942806 0.00120303 0.000944195 0.999999 -0.151196 0.137288 -0.291888
FixedParameters: 0 0 0

#Transform 108
Transform: AffineTransform_float_3_3
Parameters: 0.999998 0.000992221 -0.00125204 -0.000993287 0.999999 -0.000580964 0.0012518 0.000582035 0.999999 -0.117343 0.14074 -0.349776
FixedParameters: 0 0 0

#Transform 109
Transform: AffineTransform_float_3_3
Parameters: 0.999999 0.00100097 -0.00118469 -0.00100297 0.999999 -0.00100866 0.00118358 0.00101034 0.999999 -0.0938126 0.140448 -0.417095
FixedParameters: 0 0 0

#Transform 110
Transform: AffineTransform_float_3_3
Parameters: 0.999999 0.000599661 -0.00118275 -0.000603299 0.999994 -0.00336814 0.00118121 0.00336886 0.999994 -0.0519515 0.0908134 -0.512465
FixedParameters: 0 0 0

#Transform 111
Transform: AffineTransform_float_3_3
Parameters: 0.999995 0.00185852 -0.00252605 -0.00185974 0.999998 -0.000758415 0.00252428 0.000763586 0.999997 -0.209492 0.168916 -0.431234
FixedParameters: 0 0 0

#Transform 112
Transform: AffineTransform_float_3_3
Parameters: 0.999991 0.00217458 -0.00379637 -0.00217437 0.999998 3.29103e-05 0.0037965 -2.40903e-05 0.999993 -0.366851 0.176687 -0.3724
FixedParameters: 0 0 0

#Transform 113
Transform: AffineTransform_float_3_3
Parameters: 0.999989 0.0017633 -0.00419291 -0.00176522 0.999998 -0.000491923 0.0041913 0.000499074 0.999991 -0.316056 0.160081 -0.411985
FixedParameters: 0 0 0

#Transform 114
Transform: AffineTransform_float_3_3
Parameters: 0.99999 0.0012697 -0.00427421 -0.00126856 0.999999 0.000243671 0.00427521 -0.000238329 0.999991 -0.304677 0.173373 -0.349011
FixedParameters: 0 0 0

#Transform 115
Transform: AffineTransform_float_3_3
Parameters: 0.999994 0.00083003 -0.0033085 -0.000830566 0.999999 -7.96169e-05 0.00330836 8.23816e-05 0.999995 -0.270185 0.174432 -0.313893
FixedParameters: 0 0 0

#Transform 116
Transform: AffineTransform_float_3_3
Parameters: 0.999996 0.000697306 -0.00299622 -0.00069628 1 0.000237211 0.00299563 -0.00023579 0.999996 -0.26325 0.186433 -0.26172
FixedParameters: 0 0 0

#Transform 117
Transform: AffineTransform_float_3_3
Parameters: 0.999995 0.000561489 -0.00303796 -0.000565306 0.999999 -0.00121081 0.00303727 0.00121219 0.999995 -0.285045 0.148768 -0.343171
FixedParameters: 0 0 0

#Transform 118
Transform: AffineTransform_float_3_3
Parameters: 0.999992 0.00121343 -0.00396755 -0.00121922 0.999998 -0.00150444 0.00396561 0.00150856 0.999991 -0.345812 0.133393 -0.372774
FixedParameters: 0 0 0

#Transform 119
Transform: AffineTransform_float_3_3
Parameters: 0.999991 0.00122467 -0.00404907 -0.00123206 0.999998 -0.00171993 0.00404749 0.00172507 0.999991 -0.292758 0.126658 -0.39717
FixedParameters: 0 0 0

#Transform 120
Transform: AffineTransform_float_3_3
Parameters: 0.999993 0.00119558 -0.00348011 -0.001201 0.999998 -0.0013424 0.00347848 0.0013466 0.999993 -0.293006 0.138227 -0.359967
FixedParameters: 0 0 0

#Transform 121
Transform: AffineTransform_float_3_3
Parameters: 0.999992 0.00101228 -0.00371605 -0.00101892 0.999998 -0.00172144 0.00371428 0.00172556 0.999991 -0.273284 0.132833 -0.316434
FixedParameters: 0 0 0

#Transform 122
Transform: AffineTransform_float_3_3
Parameters: 0.999995 0.000975246 -0.00323496 -0.000978571 0.999999 -0.00126272 0.00323369 0.00126628 0.999994 -0.238484 0.139469 -0.335104
FixedParameters: 0 0 0

#Transform 123
Transform: AffineTransform_float_3_3
Parameters: 0.999994 0.000869692 -0.00317783 -0.000871797 0.999999 -0.00068075 0.00317678 0.000684249 0.999995 -0.27065 0.156376 -0.311808
FixedParameters: 0 0 0

#Transform 124
Transform: AffineTransform_float_3_3
Parameters: 0.999993 0.00086332 -0.00360781 -0.000867236 0.999999 -0.00121409 0.00360691 0.00121691 0.999993 -0.235678 0.121613 -0.392203
FixedParameters: 0 0 0

#Transform 125
Transform: AffineTransform_float_3_3
Parameters: 0.999992 0.000878233 -0.00393263 -0.000882934 0.999998 -0.00121324 0.00393169 0.00121676 0.999991 -0.286782 0.113833 -0.37053
FixedParameters: 0 0 0

#Transform 126
Transform: AffineTransform_float_3_3
Parameters: 0.999993 0.00102865 -0.00373258 -0.00103379 0.999999 -0.00121372 0.00373166 0.00121728 0.999992 -0.287281 0.102931 -0.367975
FixedParameters: 0 0 0

#Transform 127
Transform: AffineTransform_float_3_3
Parameters: 0.999993 0.00101388 -0.00378827 -0.00101744 0.999999 -0.000813363 0.00378768 0.000817634 0.999992 -0.291317 0.144054 -0.337304
FixedParameters: 0 0 0

#Transform 128
Transform: AffineTransform_float_3_3
Parameters: 0.999994 0.0013981 -0.00339786 -0.00140443 0.999998 -0.00170217 0.0033952 0.00170683 0.999993 -0.289811 0.106555 -0.315778
FixedParameters: 0 0 0

#Transform 129
Transform: AffineTransform_float_3_3
Parameters: 0.999993 0.000649059 -0.00354359 -0.000651412 0.999999 -0.000645701 0.00354289 0.000648299 0.999994 -0.270474 0.143834 -0.301903
FixedParameters: 0 0 0

#Transform 130
Transform: AffineTransform_float_3_3
Parameters: 0.999994 0.000938851 -0.00351201 -0.00094152 0.999999 -0.00088327 0.00351101 0.00088573 0.999993 -0.220174 0.143898 -0.381515
FixedParameters: 0 0 0

#Transform 131
Transform: AffineTransform_float_3_3
Parameters: 0.999996 0.000690977 -0.00300395 -0.000690582 1 -8.68027e-05 0.00300343 8.81985e-05 0.999996 -0.205405 0.171576 -0.328662
FixedParameters: 0 0 0

#Transform 132
Transform: AffineTransform_float_3_3
Parameters: 0.999996 0.000380865 -0.00301837 -0.000382335 1 -0.000395517 0.00301767 0.000396481 0.999995 -0.219373 0.163918 -0.226874
FixedParameters: 0 0 0

#Transform 133
Transform: AffineTransform_float_3_3
Parameters: 0.999995 0.000635421 -0.00305634 -0.000642369 0.999997 -0.00229556 0.00305474 0.00229743 0.999993 -0.266711 0.0629957 -0.226615
FixedParameters: 0 0 0

#Transform 134
Transform: AffineTransform_float_3_3
Parameters: 0.999996 0.00053649 -0.00258155 -0.000539741 0.999999 -0.00113679 0.00258139 0.00113821 0.999996 -0.244463 0.116705 -0.165874
FixedParameters: 0 0 0

#Transform 135
Transform: AffineTransform_float_3_3
Parameters: 0.999991 0.000263652 -0.00407949 -0.000265692 1 -0.000636054 0.0040789 0.000636948 0.999992 -0.22521 0.132975 -0.356504
FixedParameters: 0 0 0

#Transform 136
Transform: AffineTransform_float_3_3
Parameters: 0.999994 0.000240906 -0.0035961 -0.000245695 0.999999 -0.00128592 0.00359575 0.00128708 0.999993 -0.225419 0.0646588 -0.493908
FixedParameters: 0 0 0

#Transform 137
Transform: AffineTransform_float_3_3
Parameters: 0.999992 0.000535825 -0.0039917 -0.000541773 0.999999 -0.00146734 0.00399093 0.00146966 0.999991 -0.183338 0.0715404 -0.476246
FixedParameters: 0 0 0

#Transform 138
Transform: AffineTransform_float_3_3
Parameters: 0.999992 0.000278684 -0.00411891 -0.000284286 1 -0.00138013 0.00411894 0.00138187 0.999991 -0.194477 0.102326 -0.428148
FixedParameters: 0 0 0

#Transform 139
Transform: AffineTransform_float_3_3
Parameters: 0.999994 0.000577226 -0.00357908 -0.000581156 0.999999 -0.00104293 0.00357854 0.00104507 0.999993 -0.212117 0.119049 -0.466339
FixedParameters: 0 0 0

#Transform 140
Transform: AffineTransform_float_3_3
Parameters: 0.999992 0.000806867 -0.00389746 -0.000810536 0.999999 -0.0010417 0.00389605 0.0010453 0.999992 -0.205652 0.0994871 -0.516519
FixedParameters: 0 0 0

#Transform 141
Transform: AffineTransform_float_3_3
Parameters: 0.999992 0.00112868 -0.00385655 -0.00113027 0.999999 -0.000374703 0.00385623 0.000379296 0.999993 -0.232124 0.148433 -0.488129
FixedParameters: 0 0 0

#Transform 142
Transform: AffineTransform_float_3_3
Parameters: 0.999992 0.000911481 -0.00405731 -0.000915422 0.999999 -0.00108235 0.00405653 0.00108565 0.999991 -0.191111 0.126615 -0.512058
FixedParameters: 0 0 0

#Transform 143
Transform: AffineTransform_float_3_3
Parameters: 0.999993 0.000725208 -0.00371216 -0.000729801 0.999999 -0.00127115 0.00371151 0.00127385 0.999993 -0.229935 0.0949647 -0.536496
FixedParameters: 0 0 0

#Transform 144
Transform: AffineTransform_float_3_3
Parameters: 0.999992 0.000732973 -0.00408461 -0.000736173 1 -0.000663698 0.00408378 0.000666299 0.999991 -0.24621 0.128121 -0.528251
FixedParameters: 0 0 0

#Transform 145
Transform: AffineTransform_float_3_3
Parameters: 0.999995 0.000720255 -0.00328133 -0.000723625 0.999999 -0.00105215 0.00328047 0.00105485 0.999994 -0.180748 0.132602 -0.480438
FixedParameters: 0 0 0

#Transform 146
Transform: AffineTransform_float_3_3
Parameters: 0.999986 0.000907689 -0.00506739 -0.000916884 0.999998 -0.00173339 0.00506609 0.00173861 0.999986 -0.295061 0.0865452 -0.560704
FixedParameters: 0 0 0

#Transform 147
Transform: AffineTransform_float_3_3
Parameters: 0.999967 0.00212957 -0.00780991 -0.00214738 0.999994 -0.00237554 0.00780451 0.00239246 0.999967 -0.470703 0.103165 -0.666368
FixedParameters: 0 0 0

#Transform 148
Transform: AffineTransform_float_3_3
Parameters: 0.999994 0.000658369 -0.00345097 -0.000663259 0.999999 -0.00122108 0.00345003 0.00122291 0.999993 -0.270637 0.108077 -0.504588
FixedParameters: 0 0 0

#Transform 149
Transform: AffineTransform_float_3_3
Parameters: 0.999995 0.000697502 -0.00300991 -0.000700902 0.999999 -0.00115241 0.00300897 0.00115459 0.999995 -0.234595 0.112813 -0.551815
FixedParameters: 0 0 0

#Transform 150
Transform: AffineTransform_float_3_3
Parameters: 0.999994 0.000602715 -0.00356498 -0.000606779 0.999999 -0.00106585 0.00356436 0.00106815 0.999993 -0.241104 0.0993659 -0.583643
FixedParameters: 0 0 0

#Transform 151
Transform: AffineTransform_float_3_3
Parameters: 0.999995 0.000386916 -0.00332776 -0.000390638 0.999999 -0.00122902 0.00332708 0.00123098 0.999993 -0.162194 0.123291 -0.600561
FixedParameters: 0 0 0

#Transform 152
Transform: AffineTransform_float_3_3
Parameters: 0.999995 0.000461378 -0.00313944 -0.0004643 0.999999 -0.000967064 0.0031383 0.000967935 0.999995 -0.191954 0.133567 -0.512536
FixedParameters: 0 0 0

#Transform 153
Transform: AffineTransform_float_3_3
Parameters: 0.999995 0.000777926 -0.00308778 -0.000782915 0.999998 -0.00174211 0.00308587 0.00174489 0.999994 -0.229506 0.147166 -0.399287
FixedParameters: 0 0 0

#Transform 154
Transform: AffineTransform_float_3_3
Parameters: 0.999994 0.000679785 -0.00317801 -0.000683153 0.999999 -0.000941351 0.00317779 0.000943647 0.999995 -0.230117 0.153055 -0.382426
FixedParameters: 0 0 0

#Transform 155
Transform: AffineTransform_float_3_3
Parameters: 0.999995 0.000374576 -0.00312965 -0.00038007 0.999998 -0.00159013 0.00312873 0.00159187 0.999994 -0.240968 0.0977568 -0.403834
FixedParameters: 0 0 0

#Transform 156
Transform: AffineTransform_float_3_3
Parameters: 0.999992 0.000366262 -0.00401766 -0.000370906 0.999999 -0.00113265 0.0040171 0.00113435 0.999991 -0.266898 0.0958306 -0.489359
FixedParameters: 0 0 0

#Transform 157
Transform: AffineTransform_float_3_3
Parameters: 0.999996 0.000231253 -0.00276999 -0.000232688 1 -0.000329179 0.00277075 0.000329819 0.999996 -0.160843 0.133039 -0.525924
FixedParameters: 0 0 0

#Transform 158
Transform: AffineTransform_float_3_3
Parameters: 0.999998 -0.000155825 -0.00209113 0.00015585 1 0.000319547 0.0020905 -0.000319454 0.999998 -0.12019 0.155283 -0.478677
FixedParameters: 0 0 0

#Transform 159
Transform: AffineTransform_float_3_3
Parameters: 0.999998 5.89332e-05 -0.00233219 -5.87341e-05 1 0.000240162 0.00233261 -0.000239838 0.999997 -0.143444 0.187277 -0.383892
FixedParameters: 0 0 0

#Transform 160
Transform: AffineTransform_float_3_3
Parameters: 0.999996 0.000385167 -0.00303647 -0.00038617 1 -0.000380139 0.00303671 0.000381861 0.999996 -0.20222 0.151616 -0.41161
FixedParameters: 0 0 0

#Transform 161
Transform: AffineTransform_float_3_3
Parameters: 0.999995 7.99967e-05 -0.00337842 -8.06366e-05 1 -0.000424681 0.00337849 0.000425322 0.999994 -0.199621 0.174627 -0.353816
FixedParameters: 0 0 0

#Transform 162
Transform: AffineTransform_float_3_3
Parameters: 0.999995 -0.000137355 -0.00300096 0.000134394 0.999999 -0.00101887 0.00300098 0.00101813 0.999995 -0.181042 0.157808 -0.268261
FixedParameters: 0 0 0

#Transform 163
Transform: AffineTransform_float_3_3
Parameters: 0.999998 8.05803e-05 -0.00226983 -8.26113e-05 1 -0.000938791 0.00226982 0.00093921 0.999997 -0.127079 0.166961 -0.200894
FixedParameters: 0 0 0

#Transform 164
Transform: AffineTransform_float_3_3
Parameters: 0.999998 -0.000543831 -0.00191181 0.000540643 0.999999 -0.00131532 0.00191246 0.00131468 0.999997 -0.109633 0.110593 -0.238808
FixedParameters: 0 0 0

#Transform 165
Transform: AffineTransform_float_3_3
Parameters: 0.999996 -0.0011278 -0.00235102 0.00112423 0.999998 -0.00173957 0.00235298 0.00173643 0.999996 -0.0607855 0.0728415 -0.400163
FixedParameters: 0 0 0

#Transform 166
Transform: AffineTransform_float_3_3
Parameters: 0.999996 -0.00111707 -0.00254151 0.00111302 0.999998 -0.0015224 0.00254334 0.0015196 0.999996 -0.0896074 0.0971385 -0.325279
FixedParameters: 0 0 0

#Transform 167
Transform: AffineTransform_float_3_3
Parameters: 0.999998 -0.000138289 -0.00228392 0.000134099 0.999998 -0.00180929 0.00228377 0.00180871 0.999996 -0.103985 0.111913 -0.316474
FixedParameters: 0 0 0

#Transform 168
Transform: AffineTransform_float_3_3
Parameters: 0.999997 -0.000960731 -0.00255039 0.000959157 0.999999 -0.000309856 0.00255098 0.000307142 0.999997 -0.0985754 0.116764 -0.0564343
FixedParameters: 0 0 0

#Transform 169
Transform: AffineTransform_float_3_3
Parameters: 0.999996 -0.00121779 -0.00245309 0.00121605 0.999999 -0.000542547 0.00245402 0.000539452 0.999997 -0.0906367 0.104487 -0.0940614
FixedParameters: 0 0 0

#Transform 170
Transform: AffineTransform_float_3_3
Parameters: 0.999997 -7.58189e-05 -0.00270363 7.16768e-05 0.999999 -0.00134881 0.00270358 0.00134918 0.999995 -0.115143 0.122571 -0.0660844
FixedParameters: 0 0 0

#Transform 171
Transform: AffineTransform_float_3_3
Parameters: 0.999994 -0.00114892 -0.00311811 0.0011465 0.999998 -0.000980269 0.00311879 0.000976732 0.999995 -0.0935566 0.0813992 -0.087162
FixedParameters: 0 0 0

#Transform 172
Transform: AffineTransform_float_3_3
Parameters: 0.999997 -0.00117276 -0.00185494 0.00117068 0.999999 -0.000808247 0.00185644 0.000806751 0.999998 -0.0552822 0.112478 -0.111512
FixedParameters: 0 0 0

#Transform 173
Transform: AffineTransform_float_3_3
Parameters: 0.999996 -0.00132762 -0.0022566 0.001327 0.999999 -0.000137069 0.00225696 0.000133931 0.999997 -0.046424 0.113548 -0.0880196
FixedParameters: 0 0 0

#Transform 174
Transform: AffineTransform_float_3_3
Parameters: 0.999998 -0.00111534 -0.00196865 0.00111506 1 -0.00020427 0.00196779 0.000202732 0.999998 -0.0340795 0.116571 -0.104505
FixedParameters: 0 0 0

#Transform 175
Transform: AffineTransform_float_3_3
Parameters: 0.999997 -0.00131357 -0.00172237 0.00131258 0.999999 -0.000552848 0.00172343 0.000551151 0.999998 -0.0742623 0.0784694 -0.140368
FixedParameters: 0 0 0

#Transform 176
Transform: AffineTransform_float_3_3
Parameters: 0.999997 -0.00115151 -0.00247146 0.00114919 0.999999 -0.000841557 0.00247261 0.000839442 0.999996 -0.0969385 0.0739244 -0.228079
FixedParameters: 0 0 0

#Transform 177
Transform: AffineTransform_float_3_3
Parameters: 0.999994 -0.000862013 -0.00351325 0.000856731 0.999999 -0.00133255 0.00351489 0.00132944 0.999993 -0.0192589 0.090314 -0.450626
FixedParameters: 0 0 0

#Transform 178
Transform: AffineTransform_float_3_3
Parameters: 0.999993 -0.00109057 -0.00361957 0.00108176 0.999997 -0.00228911 0.00362233 0.00228489 0.999991 -0.031341 0.0789404 -0.457476
FixedParameters: 0 0 0

#Transform 179
Transform: AffineTransform_float_3_3
Parameters: 0.999994 -0.00106327 -0.0033449 0.00105909 0.999999 -0.00137224 0.00334678 0.00136876 0.999993 -0.0471434 0.120362 -0.54974
FixedParameters: 0 0 0
