#Insight Transform File V1.0
#Transform 0
Transform: AffineTransform_float_3_3
Parameters: 0.999999 -0.000318398 0.000878051 0.000317963 0.999999 0.000247432 -0.000878209 -0.000247568 1 0.10975 -0.191069 -0.263628
FixedParameters: 0 0 0

#Transform 1
Transform: AffineTransform_float_3_3
Parameters: 1 0.000358794 -0.000381089 -0.00035816 0.999999 0.000831136 0.000381684 -0.000830863 0.999999 -0.0239691 0.0520544 -0.108801
FixedParameters: 0 0 0

#Transform 2
Transform: AffineTransform_float_3_3
Parameters: 1 0.000208508 -0.000613629 -0.000207658 0.999999 0.00144213 0.00061462 -0.00144187 0.999999 -0.0400995 0.10763 -0.123083
FixedParameters: 0 0 0

#Transform 3
Transform: AffineTransform_float_3_3
Parameters: 1 0.000351864 -0.000878255 -0.000350416 0.999998 0.00157046 0.000878828 -0.00157054 0.999998 -0.0459057 0.147209 -0.166352
FixedParameters: 0 0 0

#Transform 4
Transform: AffineTransform_float_3_3
Parameters: 0.999999 0.000416299 -0.000725456 -0.000415703 0.999999 0.0013143 0.000726019 -0.0013137 0.999999 -0.046401 0.154484 -0.136779
FixedParameters: 0 0 0

#Transform 5
Transform: AffineTransform_float_3_3
Parameters: 0.999999 0.000228438 -0.000862767 -0.000227271 0.999998 0.0019692 0.000863525 -0.0019688 0.999997 -0.0619034 0.146903 -0.167156
FixedParameters: 0 0 0

#Transform 6
Transform: AffineTransform_float_3_3
Parameters: 0.999999 0.000207269 -0.00122087 -0.000205228 0.999999 0.0017494 0.00122146 -0.0017496 0.999998 -0.0443932 0.134205 -0.180398
FixedParameters: 0 0 0

#Transform 7
Transform: AffineTransform_float_3_3
Parameters: 0.999999 9.81608e-05 -0.00126147 -9.53323e-05 0.999998 0.00200563 0.00126172 -0.00200537 0.999998 -0.0487899 0.139573 -0.182269
FixedParameters: 0 0 0

#Transform 8
Transform: AffineTransform_float_3_3
Parameters: 0.999999 6.92329e-05 -0.00154789 -6.62364e-05 0.999998 0.00181562 0.00154708 -0.00181538 0.999998 -0.0652295 0.170368 -0.201595
FixedParameters: 0 0 0

#Transform 9
Transform: AffineTransform_float_3_3
Parameters: 0.999999 0.000138689 -0.00138478 -0.000135626 0.999998 0.00224334 0.00138564 -0.00224366 0.999996 -0.0500224 0.143109 -0.222733
FixedParameters: 0 0 0

#Transform 10
Transform: AffineTransform_float_3_3
Parameters: 0.999999 0.000112438 -0.00144742 -0.00010913 0.999997 0.00236667 0.00144727 -0.00236633 0.999997 -0.0649597 0.165313 -0.219589
FixedParameters: 0 0 0

#Transform 11
Transform: AffineTransform_float_3_3
Parameters: 0.999999 8.83391e-05 -0.00150544 -8.39971e-05 0.999997 0.00261913 0.00150523 -0.00261887 0.999995 -0.0490897 0.160481 -0.221417
FixedParameters: 0 0 0

#Transform 12
Transform: AffineTransform_float_3_3
Parameters: 0.999999 6.40253e-05 -0.00156168 -6.02502e-05 0.999998 0.00221725 0.00156221 -0.00221775 0.999996 -0.0606335 0.154919 -0.212302
FixedParameters: 0 0 0

#Transform 13
Transform: AffineTransform_float_3_3
Parameters: 1 0.000279896 -0.00104947 -0.000277952 0.999998 0.00198844 0.00105044 -0.00198855 0.999997 -0.0652756 0.153367 -0.213899
FixedParameters: 0 0 0

#Transform 14
Transform: AffineTransform_float_3_3
Parameters: 1 0.000240449 -0.00114339 -0.000237689 0.999998 0.00218227 0.00114429 -0.00218173 0.999997 -0.04678 0.17119 -0.209716
FixedParameters: 0 0 0

#Transform 15
Transform: AffineTransform_float_3_3
Parameters: 0.999999 0.000348396 -0.00134219 -0.000345414 0.999998 0.00194198 0.0013434 -0.00194102 0.999998 -0.0762431 0.168256 -0.207122
FixedParameters: 0 0 0

#Transform 16
Transform: AffineTransform_float_3_3
Parameters: 0.999999 -7.19301e-05 -0.00153147 7.51556e-05 0.999998 0.00221004 0.00153047 -0.00221096 0.999996 -0.0651744 0.157343 -0.233142
FixedParameters: 0 0 0

#Transform 17
Transform: AffineTransform_float_3_3
Parameters: 0.999998 4.78549e-05 -0.00159765 -4.54142e-05 0.999999 0.00158543 0.00159673 -0.00158456 0.999997 -0.0507587 0.157198 -0.247514
FixedParameters: 0 0 0

#Transform 18
Transform: AffineTransform_float_3_3
Parameters: 0.999999 0.000328536 -0.00132817 -0.00032539 0.999998 0.00217144 0.00132853 -0.00217057 0.999997 -0.0735876 0.147691 -0.230133
FixedParameters: 0 0 0

#Transform 19
Transform: AffineTransform_float_3_3
Parameters: 0.999999 0.000168594 -0.0013412 -0.000166081 0.999998 0.00191474 0.00134078 -0.00191426 0.999998 -0.0387263 0.153448 -0.238268
FixedParameters: 0 0 0

#Transform 20
Transform: AffineTransform_float_3_3
Parameters: 0.999999 7.13722e-05 -0.00122914 -6.83229e-05 0.999997 0.00268209 0.00122884 -0.00268191 0.999995 -0.0452651 0.16264 -0.222164
FixedParameters: 0 0 0

#Transform 21
Transform: AffineTransform_float_3_3
Parameters: 0.999999 5.79404e-05 -0.00125868 -5.54356e-05 0.999998 0.00188158 0.00125875 -0.00188142 0.999998 -0.0489685 0.172134 -0.207007
FixedParameters: 0 0 0

#Transform 22
Transform: AffineTransform_float_3_3
Parameters: 1 0.000261476 -0.000908935 -0.000258238 0.999996 0.00250139 0.000909705 -0.00250161 0.999996 -0.0374143 0.161432 -0.211929
FixedParameters: 0 0 0

#Transform 23
Transform: AffineTransform_float_3_3
Parameters: 0.999999 0.000234912 -0.000839517 -0.000233109 0.999999 0.0018542 0.000839855 -0.0018538 0.999998 -0.0279186 0.171582 -0.199012
FixedParameters: 0 0 0

#Transform 24
Transform: AffineTransform_float_3_3
Parameters: 0.999999 -3.14437e-05 -0.000799709 3.24758e-05 0.999998 0.00204097 0.00079944 -0.00204102 0.999997 -0.0481055 0.163861 -0.187884
FixedParameters: 0 0 0

#Transform 25
Transform: AffineTransform_float_3_3
Parameters: 1 2.85772e-05 -0.00119067 -2.5239e-05 0.999998 0.00233903 0.00119066 -0.00233897 0.999996 -0.0392982 0.191438 -0.223914
FixedParameters: 0 0 0

#Transform 26
Transform: AffineTransform_float_3_3
Parameters: 1 0.000103053 -0.0011527 -0.000100191 0.999998 0.00220912 0.00115301 -0.00220888 0.999997 -0.0585356 0.149653 -0.26269
FixedParameters: 0 0 0

#Transform 27
Transform: AffineTransform_float_3_3
Parameters: 1 5.53525e-05 -0.00111052 -5.2531e-05 0.999996 0.00286642 0.00111016 -0.00286558 0.999995 -0.0470303 0.175757 -0.245127
FixedParameters: 0 0 0

#Transform 28
Transform: AffineTransform_float_3_3
Parameters: 1 -3.11434e-05 -0.00121965 3.41982e-05 0.999996 0.00254447 0.00121974 -0.00254453 0.999996 -0.0635047 0.170526 -0.245103
FixedParameters: 0 0 0

#Transform 29
Transform: AffineTransform_float_3_3
Parameters: 0.999999 -3.25604e-05 -0.00145197 3.74751e-05 0.999995 0.00323031 0.00145147 -0.00322969 0.999993 -0.0627473 0.157989 -0.280185
FixedParameters: 0 0 0

#Transform 30
Transform: AffineTransform_float_3_3
Parameters: 0.999999 4.38961e-05 -0.00129456 -3.99229e-05 0.999996 0.00275121 0.00129505 -0.00275179 0.999995 -0.0593484 0.167798 -0.279073
FixedParameters: 0 0 0

#Transform 31
Transform: AffineTransform_float_3_3
Parameters: 1 8.86974e-05 -0.00118768 -8.57693e-05 0.999997 0.00255946 0.00118838 -0.00255854 0.999996 -0.0762471 0.166854 -0.271328
FixedParameters: 0 0 0

#Transform 32
Transform: AffineTransform_float_3_3
Parameters: 0.999999 0.000652582 -0.00128718 -0.000649197 0.999996 0.00284063 0.00128929 -0.00284037 0.999995 -0.073127 0.175239 -0.224143
FixedParameters: 0 0 0

#Transform 33
Transform: AffineTransform_float_3_3
Parameters: 0.999999 0.000367947 -0.00124123 -0.000364293 0.999996 0.00268561 0.00124122 -0.00268539 0.999996 -0.0749685 0.181662 -0.231524
FixedParameters: 0 0 0

#Transform 34
Transform: AffineTransform_float_3_3
Parameters: 0.999999 0.000289061 -0.00120836 -0.00028722 0.999998 0.00222735 0.00120898 -0.00222665 0.999997 -0.0813243 0.15271 -0.259414
FixedParameters: 0 0 0

#Transform 35
Transform: AffineTransform_float_3_3
Parameters: 0.999999 2.0032e-06 -0.00124755 7.10988e-07 0.999996 0.00287736 0.00124728 -0.00287664 0.999995 -0.057013 0.170593 -0.270262
FixedParameters: 0 0 0

#Transform 36
Transform: AffineTransform_float_3_3
Parameters: 0.999999 6.45643e-05 -0.00128828 -6.14915e-05 0.999997 0.00241559 0.00128884 -0.00241541 0.999997 -0.0668229 0.177957 -0.235019
FixedParameters: 0 0 0

#Transform 37
Transform: AffineTransform_float_3_3
Parameters: 1 5.69225e-05 -0.000220374 -5.661e-05 0.999996 0.00279301 0.000221082 -0.00279299 0.999996 -0.0213485 0.152249 -0.170112
FixedParameters: 0 0 0

#Transform 38
Transform: AffineTransform_float_3_3
Parameters: 0.999999 0.000164151 -0.000861481 -0.000162735 0.999997 0.00234414 0.000861188 -0.00234386 0.999997 -0.0323887 0.154738 -0.168464
FixedParameters: 0 0 0

#Transform 39
Transform: AffineTransform_float_3_3
Parameters: 0.999999 0.000438951 -0.00117033 -0.00043645 0.999997 0.00258067 0.00117192 -0.00258034 0.999996 -0.073499 0.177003 -0.181763
FixedParameters: 0 0 0

#Transform 40
Transform: AffineTransform_float_3_3
Parameters: 0.999999 0.000336257 -0.00131821 -0.00033349 0.999997 0.00239259 0.00131914 -0.0023924 0.999996 -0.0798444 0.182833 -0.211124
FixedParameters: 0 0 0

#Transform 41
Transform: AffineTransform_float_3_3
Parameters: 0.999999 0.000298932 -0.00150353 -0.000296203 0.999998 0.0020856 0.0015041 -0.0020854 0.999997 -0.0738408 0.18512 -0.209302
FixedParameters: 0 0 0

#Transform 42
Transform: AffineTransform_float_3_3
Parameters: 0.999999 0.000541693 -0.00164379 -0.000537891 0.999997 0.00223319 0.00164553 -0.00223281 0.999996 -0.0805518 0.176374 -0.239323
FixedParameters: 0 0 0

#Transform 43
Transform: AffineTransform_float_3_3
Parameters: 0.999999 -4.91478e-05 -0.00157515 5.07574e-05 0.999999 0.00151143 0.00157525 -0.00151157 0.999997 -0.0693986 0.148378 -0.269125
FixedParameters: 0 0 0

#Transform 44
Transform: AffineTransform_float_3_3
Parameters: 1 4.11876e-05 -0.00108229 -3.94527e-05 0.999998 0.0018322 0.0010823 -0.0018328 0.999998 -0.0487884 0.152444 -0.280838
FixedParameters: 0 0 0

#Transform 45
Transform: AffineTransform_float_3_3
Parameters: 0.999999 7.41493e-05 -0.00100488 -7.2132e-05 0.999998 0.00211443 0.00100505 -0.00211357 0.999997 -0.0499987 0.188447 -0.316676
FixedParameters: 0 0 0

#Transform 46
Transform: AffineTransform_float_3_3
Parameters: 1 -0.000263635 -0.000993615 0.000266791 0.999997 0.0025151 0.000993063 -0.0025149 0.999997 -0.0694125 0.185236 -0.280476
FixedParameters: 0 0 0

#Transform 47
Transform: AffineTransform_float_3_3
Parameters: 0.999999 0.000525727 -0.00116864 -0.000524168 0.999998 0.00178877 0.00116946 -0.00178823 0.999998 -0.0718477 0.192216 -0.258457
FixedParameters: 0 0 0

#Transform 48
Transform: AffineTransform_float_3_3
Parameters: 0.999999 0.000154482 -0.00122334 -0.000151671 0.999998 0.0020607 0.00122383 -0.0020603 0.999997 -0.0648769 0.171979 -0.273966
FixedParameters: 0 0 0

#Transform 49
Transform: AffineTransform_float_3_3
Parameters: 0.999999 0.000229071 -0.0010411 -0.000226429 0.999998 0.00189839 0.00104143 -0.00189861 0.999998 -0.0653914 0.184941 -0.248482
FixedParameters: 0 0 0

#Transform 50
Transform: AffineTransform_float_3_3
Parameters: 1 0.00048199 -0.00108489 -0.000479086 0.999998 0.00194167 0.00108623 -0.00194132 0.999997 -0.0748325 0.173113 -0.225735
FixedParameters: 0 0 0

#Transform 51
Transform: AffineTransform_float_3_3
Parameters: 1 -7.16542e-05 -0.00112804 7.32392e-05 0.999998 0.00169228 0.00112766 -0.00169172 0.999998 -0.0471428 0.17569 -0.292368
FixedParameters: 0 0 0

#Transform 52
Transform: AffineTransform_float_3_3
Parameters: 0.999999 0.000310637 -0.00149113 -0.000307128 0.999998 0.00205577 0.00149134 -0.00205624 0.999997 -0.100547 0.168923 -0.276672
FixedParameters: 0 0 0

#Transform 53
Transform: AffineTransform_float_3_3
Parameters: 0.999999 0.000408564 -0.00125739 -0.000406379 0.999999 0.00139051 0.00125799 -0.00138949 0.999997 -0.0633236 0.160763 -0.293765
FixedParameters: 0 0 0

#Transform 54
Transform: AffineTransform_float_3_3
Parameters: 0.999999 -0.000150059 -0.000870105 0.000151958 0.999998 0.00214923 0.000870237 -0.00214877 0.999997 -0.0449046 0.158989 -0.294014
FixedParameters: 0 0 0

#Transform 55
Transform: AffineTransform_float_3_3
Parameters: 1 -3.11693e-05 -0.00120795 3.38606e-05 0.999998 0.00203832 0.00120768 -0.00203768 0.999997 -0.0608802 0.171703 -0.22988
FixedParameters: 0 0 0

#Transform 56
Transform: AffineTransform_float_3_3
Parameters: 0.999999 -7.27101e-05 -0.00130525 7.51565e-05 0.999997 0.00249726 0.00130552 -0.00249674 0.999996 -0.0604536 0.174693 -0.260937
FixedParameters: 0 0 0

#Transform 57
Transform: AffineTransform_float_3_3
Parameters: 0.999999 -0.000281913 -0.0014831 0.000285166 0.999998 0.00202709 0.00148312 -0.00202791 0.999997 -0.0637315 0.18883 -0.239747
FixedParameters: 0 0 0

#Transform 58
Transform: AffineTransform_float_3_3
Parameters: 1 -0.000358368 -0.00107641 0.000359777 0.999999 0.00150997 0.00107611 -0.00151003 0.999998 -0.0547201 0.147198 -0.240832
FixedParameters: 0 0 0

#Transform 59
Transform: AffineTransform_float_3_3
Parameters: 0.999999 -0.000179426 -0.00152629 0.000181988 0.999998 0.00217288 0.00152615 -0.00217412 0.999996 -0.0750816 0.178284 -0.251567
FixedParameters: 0 0 0

#Transform 60
Transform: AffineTransform_float_3_3
Parameters: 1 -1.98959e-05 -0.00114576 2.06154e-05 0.999999 0.00128798 0.00114556 -0.00128802 0.999998 -0.0621694 0.160405 -0.270723
FixedParameters: 0 0 0

#Transform 61
Transform: AffineTransform_float_3_3
Parameters: 1 0.000456711 -0.00102876 -0.000454342 0.999998 0.00178762 0.00102986 -0.00178738 0.999998 -0.0772746 0.164988 -0.275611
FixedParameters: 0 0 0

#Transform 62
Transform: AffineTransform_float_3_3
Parameters: 1 -0.000247387 -0.00107878 0.000249095 0.999998 0.00164509 0.00107874 -0.00164491 0.999998 -0.0698723 0.170549 -0.259503
FixedParameters: 0 0 0

#Transform 63
Transform: AffineTransform_float_3_3
Parameters: 1 -0.000501504 -0.000960541 0.000502645 0.999998 0.00155288 0.000959763 -0.00155312 0.999999 -0.052431 0.139167 -0.29871
FixedParameters: 0 0 0

#Transform 64
Transform: AffineTransform_float_3_3
Parameters: 1 -7.35211e-05 -0.00104797 7.54705e-05 0.999999 0.00180792 0.00104848 -0.00180808 0.999998 -0.0555615 0.174998 -0.268454
FixedParameters: 0 0 0

#Transform 65
Transform: AffineTransform_float_3_3
Parameters: 1 -0.000255516 -0.00102427 0.000257626 0.999998 0.00192874 0.00102406 -0.00192926 0.999997 -0.0693305 0.164284 -0.238819
FixedParameters: 0 0 0

#Transform 66
Transform: AffineTransform_float_3_3
Parameters: 0.999999 -0.000242289 -0.00142496 0.000244703 0.999998 0.00195317 0.00142426 -0.00195384 0.999997 -0.0599731 0.18209 -0.234434
FixedParameters: 0 0 0

#Transform 67
Transform: AffineTransform_float_3_3
Parameters: 0.999999 -0.000138797 -0.00126556 0.000141309 0.999998 0.00223782 0.00126518 -0.00223818 0.999996 -0.0714696 0.171131 -0.217122
FixedParameters: 0 0 0

#Transform 68
Transform: AffineTransform_float_3_3
Parameters: 0.999999 -6.79519e-05 -0.00150832 7.0759e-05 0.999998 0.00197541 0.00150829 -0.00197559 0.999997 -0.0760374 0.180594 -0.217484
FixedParameters: 0 0 0

#Transform 69
Transform: AffineTransform_float_3_3
Parameters: 0.999998 -2.74524e-05 -0.00164466 3.06092e-05 0.999998 0.00219747 0.00164518 -0.00219754 0.999997 -0.0713528 0.186059 -0.244183
FixedParameters: 0 0 0

#Transform 70
Transform: AffineTransform_float_3_3
Parameters: 1 0.000244736 -0.000998862 -0.000243168 0.999998 0.0019014 0.000999651 -0.0019016 0.999998 -0.0753379 0.17685 -0.286111
FixedParameters: 0 0 0

#Transform 71
Transform: AffineTransform_float_3_3
Parameters: 0.999999 -0.000121575 -0.00122503 0.000124146 0.999998 0.00233585 0.0012247 -0.00233615 0.999996 -0.0686728 0.161135 -0.287678
FixedParameters: 0 0 0

#Transform 72
Transform: AffineTransform_float_3_3
Parameters: 0.999999 -0.000184477 -0.00128325 0.000187552 0.999997 0.00206827 0.00128234 -0.00206873 0.999997 -0.0534234 0.179369 -0.244667
FixedParameters: 0 0 0

#Transform 73
Transform: AffineTransform_float_3_3
Parameters: 0.999999 -3.38297e-06 -0.00141277 6.52091e-06 0.999998 0.00222599 0.001413 -0.00222601 0.999996 -0.0753315 0.186841 -0.257567
FixedParameters: 0 0 0

#Transform 74
Transform: AffineTransform_float_3_3
Parameters: 0.999997 0.000401344 -0.00213114 -0.000397465 0.999998 0.00174152 0.00213186 -0.00174048 0.999996 -0.0918006 0.173666 -0.24798
FixedParameters: 0 0 0

#Transform 75
Transform: AffineTransform_float_3_3
Parameters: 0.999998 0.000389059 -0.00196379 -0.000385743 0.999998 0.00208043 0.00196421 -0.00207958 0.999996 -0.102942 0.187373 -0.217237
FixedParameters: 0 0 0

#Transform 76
Transform: AffineTransform_float_3_3
Parameters: 0.999997 0.000615263 -0.00213877 -0.000612452 0.999999 0.00117877 0.00214008 -0.00117823 0.999997 -0.120171 0.17371 -0.244111
FixedParameters: 0 0 0

#Transform 77
Transform: AffineTransform_float_3_3
Parameters: 0.999998 0.000665891 -0.00191612 -0.000662698 0.999998 0.00175794 0.00191778 -0.00175606 0.999997 -0.11947 0.165964 -0.271102
FixedParameters: 0 0 0

#Transform 78
Transform: AffineTransform_float_3_3
Parameters: 0.999998 0.000339598 -0.00203873 -0.000335666 0.999998 0.00183335 0.0020393 -0.00183265 0.999996 -0.112375 0.193637 -0.233639
FixedParameters: 0 0 0

#Transform 79
Transform: AffineTransform_float_3_3
Parameters: 0.999998 0.000214904 -0.0022681 -0.000210237 0.999998 0.0020123 0.00226867 -0.0020127 0.999996 -0.0910058 0.17411 -0.23799
FixedParameters: 0 0 0

#Transform 80
Transform: AffineTransform_float_3_3
Parameters: 0.999997 4.69793e-05 -0.00236753 -4.41445e-05 0.999999 0.00107013 0.00236749 -0.00106987 0.999997 -0.0930023 0.186324 -0.280986
FixedParameters: 0 0 0

#Transform 81
Transform: AffineTransform_float_3_3
Parameters: 0.999998 -0.000376288 -0.00158363 0.000376815 0.999999 0.000871124 0.00158283 -0.000870877 0.999998 -0.0757111 0.168062 -0.25038
FixedParameters: 0 0 0

#Transform 82
Transform: AffineTransform_float_3_3
Parameters: 0.999999 0.000117922 -0.00185219 -0.000115119 0.999999 0.00135888 0.00185236 -0.00135912 0.999997 -0.0905557 0.190206 -0.214478
FixedParameters: 0 0 0

#Transform 83
Transform: AffineTransform_float_3_3
Parameters: 0.999998 -2.70881e-05 -0.00203712 3.04854e-05 0.999999 0.00160745 0.00203728 -0.00160755 0.999996 -0.106079 0.186869 -0.206382
FixedParameters: 0 0 0

#Transform 84
Transform: AffineTransform_float_3_3
Parameters: 0.999997 0.000136946 -0.00244697 -0.000134357 1 0.000985357 0.00244709 -0.000984643 0.999996 -0.0960282 0.173297 -0.237905
FixedParameters: 0 0 0

#Transform 85
Transform: AffineTransform_float_3_3
Parameters: 0.999998 -2.46955e-05 -0.00208435 2.61155e-05 1 0.000875613 0.00208417 -0.000876388 0.999997 -0.0888409 0.160058 -0.264422
FixedParameters: 0 0 0

#Transform 86
Transform: AffineTransform_float_3_3
Parameters: 0.999998 -0.000227947 -0.00161623 0.000229354 1 0.000435142 0.00161603 -0.000435856 0.999998 -0.0797401 0.167608 -0.27766
FixedParameters: 0 0 0

#Transform 87
Transform: AffineTransform_float_3_3
Parameters: 0.999998 0.000106254 -0.00162394 -0.000105509 1 0.000916325 0.001624 -0.000916676 0.999998 -0.0882798 0.16934 -0.273369
FixedParameters: 0 0 0

#Transform 88
Transform: AffineTransform_float_3_3
Parameters: 0.999998 -2.64505e-06 -0.00190909 4.999e-06 1 0.000857505 0.00190948 -0.000857495 0.999998 -0.0778106 0.180867 -0.291433
FixedParameters: 0 0 0

#Transform 89
Transform: AffineTransform_float_3_3
Parameters: 0.999999 -0.000169073 -0.00185598 0.00017049 0.999999 0.000877557 0.00185646 -0.000877443 0.999998 -0.100572 0.152307 -0.264896
FixedParameters: 0 0 0

#Transform 90
Transform: AffineTransform_float_3_3
Parameters: 0.999998 -0.000247076 -0.00167189 0.000248578 1 0.00111695 0.0016712 -0.00111706 0.999998 -0.104053 0.172021 -0.237328
FixedParameters: 0 0 0

#Transform 91
Transform: AffineTransform_float_3_3
Parameters: 0.999999 2.71799e-05 -0.0015702 -2.59849e-05 1 0.000380554 0.00157022 -0.000380445 0.999999 -0.0808902 0.139677 -0.302879
FixedParameters: 0 0 0

#Transform 92
Transform: AffineTransform_float_3_3
Parameters: 0.999998 -5.33697e-05 -0.00175612 5.2241e-05 0.999999 -0.00058358 0.00175579 0.000583419 0.999998 -0.0973811 0.118708 -0.332634
FixedParameters: 0 0 0

#Transform 93
Transform: AffineTransform_float_3_3
Parameters: 0.999998 -0.000122418 -0.00192092 0.000122155 1 -6.83627e-05 0.00192093 6.86369e-05 0.999998 -0.104423 0.153985 -0.307068
FixedParameters: 0 0 0

#Transform 94
Transform: AffineTransform_float_3_3
Parameters: 0.999999 -4.72736e-05 -0.00181458 4.83443e-05 0.999999 0.000294578 0.00181456 -0.000295421 0.999998 -0.0980983 0.176134 -0.261928
FixedParameters: 0 0 0

#Transform 95
Transform: AffineTransform_float_3_3
Parameters: 0.999997 -0.000230285 -0.00216773 0.000231336 1 0.000969374 0.00216753 -0.00096963 0.999997 -0.105107 0.186689 -0.251268
FixedParameters: 0 0 0

#Transform 96
Transform: AffineTransform_float_3_3
Parameters: 0.999999 -9.72986e-05 -0.00185183 9.85115e-05 0.999999 0.000575843 0.00185211 -0.000576157 0.999999 -0.091699 0.190293 -0.231818
FixedParameters: 0 0 0

#Transform 97
Transform: AffineTransform_float_3_3
Parameters: 0.999998 -0.000505775 -0.00150385 0.000506816 0.999999 0.000651598 0.00150358 -0.000652401 0.999998 -0.0784597 0.163853 -0.233746
FixedParameters: 0 0 0

#Transform 98
Transform: AffineTransform_float_3_3
Parameters: 0.999998 -9.79174e-05 -0.00172236 9.879e-05 1 0.000520343 0.00172264 -0.000520657 0.999998 -0.0906512 0.183667 -0.261224
FixedParameters: 0 0 0

#Transform 99
Transform: AffineTransform_float_3_3
Parameters: 0.999998 0.000143724 -0.0019245 -0.000142737 1 0.000734789 0.00192549 -0.000734213 0.999998 -0.0983111 0.15937 -0.293292
FixedParameters: 0 0 0

#Transform 100
Transform: AffineTransform_float_3_3
Parameters: 0.999998 -0.000430233 -0.00159013 0.000430496 0.999999 0.000784189 0.00158931 -0.000784813 0.999999 -0.071346 0.163379 -0.275452
FixedParameters: 0 0 0

#Transform 101
Transform: AffineTransform_float_3_3
Parameters: 0.999998 -0.000483496 -0.00187168 0.000485054 1 0.000661812 0.00187143 -0.000662186 0.999998 -0.0982384 0.157652 -0.263403
FixedParameters: 0 0 0

#Transform 102
Transform: AffineTransform_float_3_3
Parameters: 0.999999 -0.000789534 -0.00109569 0.000790116 1 0.000265341 0.00109527 -0.000265658 0.999999 -0.0696102 0.157913 -0.28454
FixedParameters: 0 0 0

#Transform 103
Transform: AffineTransform_float_3_3
Parameters: 0.999999 -6.3909e-07 -0.00140171 1.72575e-06 1 0.000855151 0.00140118 -0.000855849 0.999999 -0.0815512 0.177081 -0.280157
FixedParameters: 0 0 0

#Transform 104
Transform: AffineTransform_float_3_3
Parameters: 0.999998 -0.000403924 -0.00157749 0.000403712 1 0.000347876 0.00157668 -0.000349125 0.999999 -0.0728048 0.17517 -0.276797
FixedParameters: 0 0 0

#Transform 105
Transform: AffineTransform_float_3_3
Parameters: 0.999999 0.000203344 -0.00184409 -0.000201655 0.999999 0.00106304 0.00184438 -0.00106296 0.999998 -0.118574 0.187701 -0.237895
FixedParameters: 0 0 0

#Transform 106
Transform: AffineTransform_float_3_3
Parameters: 0.999998 -2.03794e-06 -0.00194625 4.16918e-06 1 0.000884506 0.00194572 -0.000884494 0.999998 -0.11033 0.183128 -0.24207
FixedParameters: 0 0 0

#Transform 107
Transform: AffineTransform_float_3_3
Parameters: 0.999998 -0.000189859 -0.00202053 0.000189269 1 -0.000146358 0.00202058 0.000145641 0.999998 -0.106024 0.156968 -0.286834
FixedParameters: 0 0 0

#Transform 108
Transform: AffineTransform_float_3_3
Parameters: 0.999999 -5.09669e-05 -0.00186855 5.04482e-05 1 0.000107418 0.00186893 -0.000107583 0.999998 -0.102111 0.168193 -0.240891
FixedParameters: 0 0 0

#Transform 109
Transform: AffineTransform_float_3_3
Parameters: 0.999999 -0.000174284 -0.00170838 0.000175627 0.999999 0.000662573 0.00170853 -0.000662427 0.999999 -0.097755 0.166813 -0.222843
FixedParameters: 0 0 0

#Transform 110
Transform: AffineTransform_float_3_3
Parameters: 0.999999 -0.000269303 -0.00176269 0.000270101 1 0.000487397 0.00176281 -0.000487604 0.999999 -0.0989239 0.168645 -0.244054
FixedParameters: 0 0 0

#Transform 111
Transform: AffineTransform_float_3_3
Parameters: 0.999997 -0.000244886 -0.00215032 0.000244428 1 -0.000106654 0.00215037 0.000106346 0.999997 -0.117241 0.166834 -0.220801
FixedParameters: 0 0 0

#Transform 112
Transform: AffineTransform_float_3_3
Parameters: 0.999997 -0.000244209 -0.0021504 0.000244185 1 0.000208347 0.00215069 -0.000208654 0.999997 -0.0964003 0.154745 -0.2444
FixedParameters: 0 0 0

#Transform 113
Transform: AffineTransform_float_3_3
Parameters: 0.999998 -1.47412e-05 -0.0018771 1.53181e-05 0.999999 0.000502997 0.00187656 -0.000503004 0.999999 -0.107346 0.176442 -0.231876
FixedParameters: 0 0 0

#Transform 114
Transform: AffineTransform_float_3_3
Parameters: 0.999999 9.00382e-05 -0.00184005 -8.81632e-05 1 0.000509675 0.00184014 -0.000509322 0.999998 -0.105168 0.159719 -0.240902
FixedParameters: 0 0 0

#Transform 115
Transform: AffineTransform_float_3_3
Parameters: 0.999997 0.0006892 -0.0020919 -0.000688141 1 0.000473746 0.00209294 -0.000472253 0.999997 -0.112779 0.174286 -0.249593
FixedParameters: 0 0 0

#Transform 116
Transform: AffineTransform_float_3_3
Parameters: 0.999997 -9.04913e-06 -0.00237684 1.11095e-05 1 0.000627001 0.00237721 -0.000626999 0.999997 -0.130854 0.156521 -0.2635
FixedParameters: 0 0 0

#Transform 117
Transform: AffineTransform_float_3_3
Parameters: 0.999997 0.000116505 -0.0024106 -0.000115285 1 0.000524944 0.00241019 -0.000525056 0.999996 -0.134282 0.154375 -0.307354
FixedParameters: 0 0 0

#Transform 118
Transform: AffineTransform_float_3_3
Parameters: 0.999998 0.000144214 -0.0021055 -0.000144157 1 0.000232329 0.00210596 -0.000231672 0.999998 -0.100477 0.169646 -0.324442
FixedParameters: 0 0 0

#Transform 119
Transform: AffineTransform_float_3_3
Parameters: 0.999997 -1.00187e-05 -0.00212459 1.11019e-05 1 0.000471849 0.00212497 -0.00047115 0.999997 -0.120218 0.152674 -0.315972
FixedParameters: 0 0 0

#Transform 120
Transform: AffineTransform_float_3_3
Parameters: 0.999997 0.000121467 -0.00242597 -0.000120806 1 0.000325959 0.00242644 -0.000326041 0.999997 -0.101235 0.160128 -0.313938
FixedParameters: 0 0 0

#Transform 121
Transform: AffineTransform_float_3_3
Parameters: 0.999997 0.000359491 -0.00211534 -0.000359374 1 0.000245426 0.00211591 -0.000244575 0.999998 -0.108113 0.167008 -0.312168
FixedParameters: 0 0 0

#Transform 122
Transform: AffineTransform_float_3_3
Parameters: 0.999997 -9.58078e-06 -0.00216937 1.04415e-05 1 0.00041085 0.00216975 -0.00041015 0.999997 -0.117014 0.150441 -0.316165
FixedParameters: 0 0 0

#Transform 123
Transform: AffineTransform_float_3_3
Parameters: 0.999998 0.000168193 -0.00190955 -0.000168323 0.999999 -3.40135e-05 0.00190954 3.39861e-05 0.999998 -0.101664 0.160255 -0.304093
FixedParameters: 0 0 0

#Transform 124
Transform: AffineTransform_float_3_3
Parameters: 0.999997 -0.000194371 -0.0021715 0.000194608 1 0.00026645 0.00217178 -0.000266551 0.999997 -0.113332 0.151647 -0.307379
FixedParameters: 0 0 0

#Transform 125
Transform: AffineTransform_float_3_3
Parameters: 0.999998 0.00018566 -0.00206219 -0.000187368 1 -0.00073195 0.00206245 0.00073205 0.999998 -0.106177 0.154472 -0.352498
FixedParameters: 0 0 0

#Transform 126
Transform: AffineTransform_float_3_3
Parameters: 0.999998 -9.16441e-05 -0.00207757 9.03913e-05 1 -0.000301316 0.00207762 0.000301682 0.999998 -0.10742 0.133745 -0.362925
FixedParameters: 0 0 0

#Transform 127
Transform: AffineTransform_float_3_3
Parameters: 0.999998 -0.000289834 -0.00208383 0.000288443 1 -0.000776091 0.0020835 0.00077491 0.999997 -0.0944286 0.129962 -0.401428
FixedParameters: 0 0 0

#Transform 128
Transform: AffineTransform_float_3_3
Parameters: 0.999998 -0.000200551 -0.00202696 0.0002002 1 -0.000313534 0.0020267 0.000313466 0.999998 -0.115424 0.14591 -0.364794
FixedParameters: 0 0 0

#Transform 129
Transform: AffineTransform_float_3_3
Parameters: 0.999998 -0.000369874 -0.00227841 0.000370533 1 0.000346388 0.00227855 -0.000346612 0.999998 -0.093693 0.142739 -0.34423
FixedParameters: 0 0 0

#Transform 130
Transform: AffineTransform_float_3_3
Parameters: 0.999998 -0.000324457 -0.00201843 0.000325573 1 0.000504216 0.0020185 -0.000504784 0.999998 -0.087208 0.16234 -0.299244
FixedParameters: 0 0 0

#Transform 131
Transform: AffineTransform_float_3_3
Parameters: 0.999999 -0.000600606 -0.00168202 0.000600358 1 0.00019971 0.00168217 -0.000200291 0.999999 -0.0811122 0.118553 -0.317659
FixedParameters: 0 0 0

#Transform 132
Transform: AffineTransform_float_3_3
Parameters: 0.999998 -0.000231925 -0.00198333 0.000233864 0.999999 0.00128341 0.00198298 -0.00128359 0.999997 -0.0721698 0.160983 -0.280707
FixedParameters: 0 0 0

#Transform 133
Transform: AffineTransform_float_3_3
Parameters: 0.999998 -0.000289816 -0.0022389 0.000292903 0.999999 0.00139322 0.00223834 -0.00139378 0.999996 -0.0897458 0.17008 -0.202553
FixedParameters: 0 0 0

#Transform 134
Transform: AffineTransform_float_3_3
Parameters: 0.999999 -1.79573e-05 -0.00180793 1.98023e-05 1 0.00112748 0.00180775 -0.00112752 0.999998 -0.0767636 0.172369 -0.236319
FixedParameters: 0 0 0

#Transform 135
Transform: AffineTransform_float_3_3
Parameters: 0.999997 2.65984e-06 -0.00216197 -1.1374e-07 0.999999 0.00110503 0.00216184 -0.00110497 0.999998 -0.0883274 0.173606 -0.236906
FixedParameters: 0 0 0

#Transform 136
Transform: AffineTransform_float_3_3
Parameters: 0.999998 -0.000111294 -0.00193316 0.000115205 0.999999 0.00158845 0.00193266 -0.00158955 0.999997 -0.100486 0.177961 -0.267573
FixedParameters: 0 0 0

#Transform 137
Transform: AffineTransform_float_3_3
Parameters: 0.999999 -0.000187882 -0.00185989 0.000190261 1 0.000992161 0.00185899 -0.000992839 0.999998 -0.0784997 0.160931 -0.261145
FixedParameters: 0 0 0

#Transform 138
Transform: AffineTransform_float_3_3
Parameters: 0.999998 -0.00019948 -0.00174194 0.000201409 0.999999 0.00119416 0.00174132 -0.00119484 0.999998 -0.0770296 0.164659 -0.244251
FixedParameters: 0 0 0

#Transform 139
Transform: AffineTransform_float_3_3
Parameters: 0.999998 4.21022e-05 -0.00206134 -3.95475e-05 0.999999 0.00116075 0.00206129 -0.00116125 0.999997 -0.0920521 0.160912 -0.251513
FixedParameters: 0 0 0

#Transform 140
Transform: AffineTransform_float_3_3
Parameters: 0.999999 -0.000280228 -0.00179657 0.000283627 0.999999 0.00171401 0.00179677 -0.00171499 0.999997 -0.0890113 0.183714 -0.239322
FixedParameters: 0 0 0

#Transform 141
Transform: AffineTransform_float_3_3
Parameters: 0.999998 -0.000646324 -0.00201108 0.00064861 0.999999 0.00135157 0.00200958 -0.00135343 0.999997 -0.0879311 0.185188 -0.263428
FixedParameters: 0 0 0

#Transform 142
Transform: AffineTransform_float_3_3
Parameters: 0.999998 -0.000432712 -0.00222195 0.000435716 0.999999 0.00129691 0.002222 -0.00129809 0.999996 -0.0799665 0.177209 -0.235445
FixedParameters: 0 0 0

#Transform 143
Transform: AffineTransform_float_3_3
Parameters: 0.999997 -0.000371066 -0.00219059 0.000373626 0.999999 0.00109321 0.00218964 -0.00109479 0.999997 -0.0898014 0.172697 -0.213587
FixedParameters: 0 0 0

#Transform 144
Transform: AffineTransform_float_3_3
Parameters: 0.999998 -0.000673908 -0.00190824 0.000676361 0.999999 0.00112458 0.0019075 -0.00112642 0.999998 -0.0786291 0.158803 -0.238347
FixedParameters: 0 0 0

#Transform 145
Transform: AffineTransform_float_3_3
Parameters: 0.999999 -0.000359891 -0.00180766 0.000362113 1 0.00112371 0.00180763 -0.00112429 0.999997 -0.088451 0.164162 -0.243984
FixedParameters: 0 0 0

#Transform 146
Transform: AffineTransform_float_3_3
Parameters: 0.999998 -0.000500655 -0.00192098 0.000501165 1 0.00037191 0.001921 -0.00037309 0.999998 -0.0675809 0.148567 -0.277076
FixedParameters: 0 0 0

#Transform 147
Transform: AffineTransform_float_3_3
Parameters: 0.999998 -0.000295361 -0.00165574 0.000297309 0.999999 0.00126202 0.00165486 -0.00126298 0.999998 -0.0744914 0.165734 -0.201198
FixedParameters: 0 0 0

#Transform 148
Transform: AffineTransform_float_3_3
Parameters: 0.999999 -0.000316459 -0.00170547 0.000318803 1 0.00122682 0.00170547 -0.00122718 0.999997 -0.075159 0.162059 -0.230796
FixedParameters: 0 0 0

#Transform 149
Transform: AffineTransform_float_3_3
Parameters: 0.999999 -0.000653574 -0.00175176 0.000657078 0.999999 0.00152557 0.00175054 -0.00152643 0.999997 -0.0872969 0.143899 -0.246823
FixedParameters: 0 0 0

#Transform 150
Transform: AffineTransform_float_3_3
Parameters: 0.999998 -0.000280484 -0.00162076 0.000282491 0.999999 0.0013079 0.00161988 -0.0013081 0.999998 -0.0837107 0.184243 -0.18717
FixedParameters: 0 0 0

#Transform 151
Transform: AffineTransform_float_3_3
Parameters: 0.999998 -0.000513825 -0.00217548 0.000518144 0.999999 0.0018386 0.00217515 -0.0018394 0.999996 -0.0917975 0.149692 -0.201775
FixedParameters: 0 0 0

#Transform 152
Transform: AffineTransform_float_3_3
Parameters: 0.999998 -0.00037685 -0.00185022 0.000379789 0.999998 0.00164617 0.00184923 -0.00164683 0.999997 -0.0775607 0.175172 -0.212289
FixedParameters: 0 0 0

#Transform 153
Transform: AffineTransform_float_3_3
Parameters: 0.999999 -0.000330373 -0.00174263 0.000333915 0.999997 0.00218529 0.00174182 -0.00218571 0.999996 -0.0907709 0.165611 -0.224396
FixedParameters: 0 0 0

#Transform 154
Transform: AffineTransform_float_3_3
Parameters: 0.999998 -0.000280791 -0.00162367 0.000284 0.999998 0.00183805 0.00162381 -0.00183895 0.999997 -0.0844593 0.170423 -0.194051
FixedParameters: 0 0 0

#Transform 155
Transform: AffineTransform_float_3_3
Parameters: 0.999998 -0.000227182 -0.00168334 0.000229394 0.999998 0.00159349 0.00168286 -0.00159351 0.999998 -0.0893704 0.159047 -0.196366
FixedParameters: 0 0 0

#Transform 156
Transform: AffineTransform_float_3_3
Parameters: 0.999998 -0.000289938 -0.00164482 0.000292828 0.999999 0.00171788 0.001645 -0.00171812 0.999997 -0.0714733 0.182841 -0.184728
FixedParameters: 0 0 0

#Transform 157
Transform: AffineTransform_float_3_3
Parameters: 0.999999 -0.000345481 -0.00177358 0.000347216 0.999999 0.0011179 0.00177267 -0.0011191 0.999998 -0.0756329 0.12946 -0.130855
FixedParameters: 0 0 0

#Transform 158
Transform: AffineTransform_float_3_3
Parameters: 0.999999 -0.000324385 -0.00172088 0.000325081 1 0.000469313 0.00172097 -0.000469687 0.999999 -0.0756547 0.145631 -0.16003
FixedParameters: 0 0 0

#Transform 159
Transform: AffineTransform_float_3_3
Parameters: 0.999999 -0.000228126 -0.00149737 0.000230526 0.999999 0.00141602 0.0014975 -0.00141598 0.999998 -0.0762492 0.155662 -0.147174
FixedParameters: 0 0 0

#Transform 160
Transform: AffineTransform_float_3_3
Parameters: 0.999998 0.000252999 -0.00158595 -0.000251578 0.999999 0.00115191 0.00158639 -0.00115109 0.999998 -0.0601815 0.152222 -0.151257
FixedParameters: 0 0 0

#Transform 161
Transform: AffineTransform_float_3_3
Parameters: 0.999999 -0.000150374 -0.00131218 0.000152122 1 0.00101595 0.00131226 -0.00101705 0.999999 -0.0542303 0.16163 -0.137993
FixedParameters: 0 0 0

#Transform 162
Transform: AffineTransform_float_3_3
Parameters: 0.999998 -0.000398927 -0.00190175 0.000401867 0.999999 0.00149896 0.00190172 -0.00149904 0.999997 -0.0780262 0.1495 -0.200011
FixedParameters: 0 0 0

#Transform 163
Transform: AffineTransform_float_3_3
Parameters: 0.999997 -3.59454e-05 -0.00215099 3.88285e-05 0.999999 0.00118894 0.00215076 -0.00118906 0.999997 -0.0730978 0.162971 -0.176675
FixedParameters: 0 0 0

#Transform 164
Transform: AffineTransform_float_3_3
Parameters: 0.999998 -1.88293e-06 -0.00193063 4.43223e-06 0.999999 0.00147687 0.00193087 -0.00147613 0.999997 -0.0791008 0.145688 -0.165223
FixedParameters: 0 0 0

#Transform 165
Transform: AffineTransform_float_3_3
Parameters: 0.999998 0.000329436 -0.00196469 -0.000327195 0.999999 0.00113831 0.00196529 -0.00113769 0.999997 -0.0877618 0.1649 -0.155807
FixedParameters: 0 0 0

#Transform 166
Transform: AffineTransform_float_3_3
Parameters: 0.999998 0.000217946 -0.00198025 -0.000214783 0.999999 0.00136209 0.0019807 -0.0013619 0.999997 -0.0868534 0.149966 -0.177982
FixedParameters: 0 0 0

#Transform 167
Transform: AffineTransform_float_3_3
Parameters: 0.999998 0.000317555 -0.00224677 -0.000313719 0.999999 0.00164237 0.00224714 -0.00164163 0.999996 -0.0837225 0.152209 -0.190847
FixedParameters: 0 0 0

#Transform 168
Transform: AffineTransform_float_3_3
Parameters: 0.999998 0.000300355 -0.00221923 -0.000297901 1 0.00135133 0.00221937 -0.00135067 0.999997 -0.0906571 0.142353 -0.1904
FixedParameters: 0 0 0

#Transform 169
Transform: AffineTransform_float_3_3
Parameters: 0.999998 0.000157317 -0.00191644 -0.000154562 0.999999 0.00154097 0.00191718 -0.00154104 0.999998 -0.0845233 0.165817 -0.167973
FixedParameters: 0 0 0

#Transform 170
Transform: AffineTransform_float_3_3
Parameters: 0.999999 0.000492895 -0.00176502 -0.000490621 0.999999 0.00164802 0.00176597 -0.00164698 0.999997 -0.0758177 0.154828 -0.172947
FixedParameters: 0 0 0

#Transform 171
Transform: AffineTransform_float_3_3
Parameters: 0.999998 0.000453301 -0.00185978 -0.000449726 0.999998 0.00191315 0.00186084 -0.00191286 0.999997 -0.0875645 0.153085 -0.17798
FixedParameters: 0 0 0

#Transform 172
Transform: AffineTransform_float_3_3
Parameters: 0.999998 0.000247777 -0.00189585 -0.000243848 0.999998 0.00172813 0.00189564 -0.00172787 0.999997 -0.0995583 0.16298 -0.176945
FixedParameters: 0 0 0

#Transform 173
Transform: AffineTransform_float_3_3
Parameters: 0.999998 0.00030352 -0.00221273 -0.000300207 0.999999 0.00154933 0.00221299 -0.00154867 0.999996 -0.0871347 0.1514 -0.18095
FixedParameters: 0 0 0

#Transform 174
Transform: AffineTransform_float_3_3
Parameters: 0.999999 4.66583e-05 -0.00179265 -4.36322e-05 0.999999 0.00146659 0.00179264 -0.00146641 0.999997 -0.0824354 0.163911 -0.166631
FixedParameters: 0 0 0

#Transform 175
Transform: AffineTransform_float_3_3
Parameters: 0.999999 0.000378595 -0.00169474 -0.000375697 0.999998 0.0019003 0.0016955 -0.0018997 0.999997 -0.0899772 0.151212 -0.174686
FixedParameters: 0 0 0

#Transform 176
Transform: AffineTransform_float_3_3
Parameters: 0.999998 0.000252024 -0.00188225 -0.000250011 1 0.000883138 0.00188216 -0.000882863 0.999998 -0.0746703 0.15736 -0.144685
FixedParameters: 0 0 0

#Transform 177
Transform: AffineTransform_float_3_3
Parameters: 0.999998 0.000398652 -0.00160091 -0.000397269 0.999999 0.00112915 0.00160167 -0.00112785 0.999998 -0.0635586 0.159213 -0.150043
FixedParameters: 0 0 0

#Transform 178
Transform: AffineTransform_float_3_3
Parameters: 0.999998 0.00060336 -0.00150191 -0.000602343 0.999999 0.00108121 0.00150308 -0.00108079 0.999998 -0.0756193 0.164774 -0.135882
FixedParameters: 0 0 0

#Transform 179
Transform: AffineTransform_float_3_3
Parameters: 0.999999 0.000153261 -0.00150307 -0.000150104 0.999999 0.00179274 0.00150347 -0.00179226 0.999998 -0.0741529 0.148879 -0.149589
FixedParameters: 0 0 0
