#Insight Transform File V1.0
#Transform 0
Transform: AffineTransform_float_3_3
Parameters: 1 5.0235e-05 0.0002079 -5.02183e-05 1 -4.00104e-05 -0.000207904 3.99896e-05 1 0.0643269 -0.196661 -0.295421
FixedParameters: 0 0 0

#Transform 1
Transform: AffineTransform_float_3_3
Parameters: 1 0.000376592 -0.000341273 -0.000376588 0.999999 5.28128e-06 0.000341278 -5.71889e-06 1 0.00824555 0.0876497 -0.041214
FixedParameters: 0 0 0

#Transform 2
Transform: AffineTransform_float_3_3
Parameters: 0.999999 0.000813569 -0.000391651 -0.000813669 0.999998 -0.00180668 0.00038924 0.00180732 0.999999 -0.0140513 0.105816 -0.158035
FixedParameters: 0 0 0

#Transform 3
Transform: AffineTransform_float_3_3
Parameters: 1 0.00109379 -0.000420383 -0.00109447 0.999997 -0.0022099 0.000418309 0.0022101 0.999997 -0.00932121 0.109651 -0.229737
FixedParameters: 0 0 0

#Transform 4
Transform: AffineTransform_float_3_3
Parameters: 1 0.000552777 -0.000432718 -0.000553201 0.999999 -0.00048976 0.000432176 0.000490239 1 -0.00137933 0.114733 -0.180031
FixedParameters: 0 0 0

#Transform 5
Transform: AffineTransform_float_3_3
Parameters: 0.999999 6.63008e-05 -0.000775112 -6.74922e-05 0.999999 -0.00161359 0.000775426 0.00161441 0.999999 0.00791762 0.124268 -0.160754
FixedParameters: 0 0 0

#Transform 6
Transform: AffineTransform_float_3_3
Parameters: 1 0.000308259 -0.000207948 -0.000308226 1 7.90642e-05 0.000207997 -7.8936e-05 1 0.0193854 0.113054 -0.216537
FixedParameters: 0 0 0

#Transform 7
Transform: AffineTransform_float_3_3
Parameters: 1 0.000421096 -0.000525441 -0.000420416 1 -0.000228779 0.000524857 0.000229221 1 0.00445345 0.132285 -0.193955
FixedParameters: 0 0 0

#Transform 8
Transform: AffineTransform_float_3_3
Parameters: 0.999999 0.000219525 -0.000797439 -0.000219445 0.999999 -0.000527672 0.000796816 0.000527327 0.999999 0.0152362 0.10773 -0.190701
FixedParameters: 0 0 0

#Transform 9
Transform: AffineTransform_float_3_3
Parameters: 0.999999 0.000567326 -0.000475459 -0.000567312 1 1.42699e-05 0.000475475 -1.37304e-05 1 0.0171247 0.126756 -0.196746
FixedParameters: 0 0 0

#Transform 10
Transform: AffineTransform_float_3_3
Parameters: 1 0.000303691 -0.000436304 -0.000303609 1 9.31325e-05 0.00043636 -9.28676e-05 1 0.0081976 0.119414 -0.191498
FixedParameters: 0 0 0

#Transform 11
Transform: AffineTransform_float_3_3
Parameters: 1 0.000339705 -0.000578896 -0.000340013 1 -0.000265803 0.000578715 0.000266196 1 0.0110808 0.140554 -0.166462
FixedParameters: 0 0 0

#Transform 12
Transform: AffineTransform_float_3_3
Parameters: 0.999999 4.41969e-05 -0.000943582 -4.46716e-05 0.999999 -0.000739446 0.000943126 0.000739554 1 0.0378896 0.109877 -0.202253
FixedParameters: 0 0 0

#Transform 13
Transform: AffineTransform_float_3_3
Parameters: 1 0.000347233 -0.000282321 -0.0003475 1 -0.000472902 0.000281993 0.000473098 1 0.0244396 0.110711 -0.206416
FixedParameters: 0 0 0

#Transform 14
Transform: AffineTransform_float_3_3
Parameters: 0.999999 5.08182e-05 -0.000940935 -5.16926e-05 1 -0.000671592 0.000941786 0.000672408 1 0.00996113 0.1159 -0.172416
FixedParameters: 0 0 0

#Transform 15
Transform: AffineTransform_float_3_3
Parameters: 0.999999 0.000116756 -0.000959284 -0.000118367 0.999999 -0.000839527 0.000959086 0.000840472 0.999999 0.0242367 0.152426 -0.145219
FixedParameters: 0 0 0

#Transform 16
Transform: AffineTransform_float_3_3
Parameters: 1 0.000418022 -0.000251337 -0.000418046 1 -4.68948e-05 0.000251298 4.7105e-05 1 0.00718614 0.107669 -0.207909
FixedParameters: 0 0 0

#Transform 17
Transform: AffineTransform_float_3_3
Parameters: 1 -0.000249356 -0.000356928 0.000249238 1 -0.000165089 0.00035701 0.000164911 1 0.0100377 0.123348 -0.182257
FixedParameters: 0 0 0

#Transform 18
Transform: AffineTransform_float_3_3
Parameters: 0.999999 0.000194125 -0.000737573 -0.000194405 1 -0.000189704 0.000737499 0.000189296 1 0.0111216 0.131197 -0.181231
FixedParameters: 0 0 0

#Transform 19
Transform: AffineTransform_float_3_3
Parameters: 1 1.64473e-05 -1.24295e-05 -1.64659e-05 0.999999 -0.000749999 1.24048e-05 0.00075 0.999999 0.0199955 0.110991 -0.227972
FixedParameters: 0 0 0

#Transform 20
Transform: AffineTransform_float_3_3
Parameters: 1 4.08527e-06 -0.000425421 -4.1159e-06 1 -3.59982e-05 0.000425421 3.60017e-05 1 0.0105066 0.139278 -0.178965
FixedParameters: 0 0 0

#Transform 21
Transform: AffineTransform_float_3_3
Parameters: 1 0.000438841 -0.000491524 -0.00043881 0.999999 3.13685e-05 0.000491552 -3.16317e-05 1 0.0104501 0.127853 -0.183122
FixedParameters: 0 0 0

#Transform 22
Transform: AffineTransform_float_3_3
Parameters: 1 0.00020018 -0.000323434 -0.000200312 0.999998 -0.00162893 0.000322391 0.00162906 0.999998 0.0265345 0.138962 -0.132116
FixedParameters: 0 0 0

#Transform 23
Transform: AffineTransform_float_3_3
Parameters: 1 -0.000238663 -0.000613517 0.000238719 1 4.48535e-05 0.000613496 -4.51464e-05 1 0.00770273 0.110252 -0.148821
FixedParameters: 0 0 0

#Transform 24
Transform: AffineTransform_float_3_3
Parameters: 1 -0.000146089 -0.000395347 0.000146087 1 -3.05777e-06 0.000395347 2.94226e-06 1 0.023135 0.115854 -0.194504
FixedParameters: 0 0 0

#Transform 25
Transform: AffineTransform_float_3_3
Parameters: 1 3.70142e-05 -0.000370945 -3.69882e-05 1 3.50137e-05 0.000370947 -3.49863e-05 1 0.0130492 0.107747 -0.200997
FixedParameters: 0 0 0

#Transform 26
Transform: AffineTransform_float_3_3
Parameters: 0.999999 0.000242161 -0.000763192 -0.000241875 1 0.000187185 0.000763283 -0.000186815 0.999999 0.0188448 0.112477 -0.183276
FixedParameters: 0 0 0

#Transform 27
Transform: AffineTransform_float_3_3
Parameters: 1 0.000153198 -0.000107427 -0.00015323 1 -0.000149984 0.000107381 0.000150016 1 0.0232164 0.101331 -0.235217
FixedParameters: 0 0 0

#Transform 28
Transform: AffineTransform_float_3_3
Parameters: 0.999999 0.000219365 -0.000696118 -0.000219562 1 -0.000141694 0.000696056 0.000141305 1 0.0135194 0.121685 -0.189269
FixedParameters: 0 0 0

#Transform 29
Transform: AffineTransform_float_3_3
Parameters: 1 0.00010016 -0.000583414 -0.000100714 1 0.000314059 0.000583868 -0.000313942 1 0.0197122 0.109758 -0.219607
FixedParameters: 0 0 0

#Transform 30
Transform: AffineTransform_float_3_3
Parameters: 1 6.45086e-05 -0.000306478 -6.45871e-05 1 0.00051002 0.000305623 -0.00050998 1 0.0162598 0.112828 -0.224446
FixedParameters: 0 0 0

#Transform 31
Transform: AffineTransform_float_3_3
Parameters: 1 -4.79946e-05 -0.000486931 4.81611e-05 1 0.000170977 0.000486914 -0.000171023 1 0.0291562 0.113269 -0.193535
FixedParameters: 0 0 0

#Transform 32
Transform: AffineTransform_float_3_3
Parameters: 1 6.43213e-05 -0.000240183 -6.41863e-05 1 0.000281015 0.000240219 -0.000280985 1 0.0262045 0.0958421 -0.248799
FixedParameters: 0 0 0

#Transform 33
Transform: AffineTransform_float_3_3
Parameters: 1 -0.000204396 -0.000502046 0.000204429 1 3.28973e-05 0.000502033 -3.31026e-05 1 0.0228865 0.114668 -0.210591
FixedParameters: 0 0 0

#Transform 34
Transform: AffineTransform_float_3_3
Parameters: 1 -0.000238791 -0.000574358 0.000238994 1 -0.000625137 0.000574266 0.000624863 0.999999 0.0282527 0.103027 -0.224727
FixedParameters: 0 0 0

#Transform 35
Transform: AffineTransform_float_3_3
Parameters: 1 4.53686e-05 -0.00015937 -4.52876e-05 1 0.000254007 0.000159393 -0.000253993 1 0.0327861 0.140583 -0.20151
FixedParameters: 0 0 0

#Transform 36
Transform: AffineTransform_float_3_3
Parameters: 0.999999 -0.000101229 -0.000740276 0.000101368 1 9.3925e-05 0.000740257 -9.40749e-05 0.999999 0.0208461 0.119946 -0.180155
FixedParameters: 0 0 0

#Transform 37
Transform: AffineTransform_float_3_3
Parameters: 0.999999 -0.000240253 -0.000892125 0.000240056 0.999999 -0.000626702 0.000892035 0.000626298 1 0.0309748 0.140019 -0.181415
FixedParameters: 0 0 0

#Transform 38
Transform: AffineTransform_float_3_3
Parameters: 1 -4.25326e-05 -0.000625044 4.17659e-05 1 0.000122974 0.000625424 -0.000123027 1 0.0299569 0.13368 -0.19033
FixedParameters: 0 0 0

#Transform 39
Transform: AffineTransform_float_3_3
Parameters: 0.999999 -0.000774086 -0.00123467 0.000773871 1 -8.7596e-05 0.00123481 8.6404e-05 0.999999 0.0250994 0.136283 -0.137868
FixedParameters: 0 0 0

#Transform 40
Transform: AffineTransform_float_3_3
Parameters: 1 -0.000151696 -0.00103604 0.000152058 1 0.000174842 0.00103599 -0.000175157 0.999999 0.035878 0.142927 -0.137989
FixedParameters: 0 0 0

#Transform 41
Transform: AffineTransform_float_3_3
Parameters: 1 -0.000206589 -0.000349057 0.000206053 1 0.000550928 0.000349221 -0.000551072 1 0.0394891 0.123098 -0.188555
FixedParameters: 0 0 0

#Transform 42
Transform: AffineTransform_float_3_3
Parameters: 1 7.51859e-05 -0.000493575 -7.59573e-05 1 0.000151038 0.000493988 -0.000150963 1 0.0287302 0.119726 -0.176522
FixedParameters: 0 0 0

#Transform 43
Transform: AffineTransform_float_3_3
Parameters: 1 -0.000439733 -0.00110395 0.000438938 1 -0.000360125 0.00110427 0.000359874 0.999999 0.0394152 0.130228 -0.163397
FixedParameters: 0 0 0

#Transform 44
Transform: AffineTransform_float_3_3
Parameters: 0.999999 -0.000222953 -0.000717928 0.000223505 0.999999 0.000383992 0.000717756 -0.000385007 1 0.0307073 0.137309 -0.203197
FixedParameters: 0 0 0

#Transform 45
Transform: AffineTransform_float_3_3
Parameters: 1 -0.000690938 -2.77787e-07 0.000691329 0.999999 0.000357 7.04832e-07 -0.000357 1 0.0342849 0.136586 -0.196821
FixedParameters: 0 0 0

#Transform 46
Transform: AffineTransform_float_3_3
Parameters: 1 -0.000232436 -0.000332623 0.000232449 1 1.89226e-05 0.000332614 -1.90773e-05 1 0.0401811 0.148542 -0.172816
FixedParameters: 0 0 0

#Transform 47
Transform: AffineTransform_float_3_3
Parameters: 1 -0.000150024 -0.000515316 0.000149591 1 0.000472923 0.000515565 -0.000473077 1 0.0468343 0.124439 -0.218147
FixedParameters: 0 0 0

#Transform 48
Transform: AffineTransform_float_3_3
Parameters: 1 -0.000167698 -0.000177605 0.000167743 1 0.00012597 0.000177562 -0.00012603 1 0.0267374 0.156809 -0.18836
FixedParameters: 0 0 0

#Transform 49
Transform: AffineTransform_float_3_3
Parameters: 1 -0.000179649 -0.000557063 0.000180211 1 0.000503899 0.000556881 -0.0005041 0.999999 0.0375859 0.122692 -0.168665
FixedParameters: 0 0 0

#Transform 50
Transform: AffineTransform_float_3_3
Parameters: 0.999999 -4.09893e-05 -0.000713673 4.03315e-05 1 0.000183971 0.000714049 -0.000184029 0.999999 0.0290253 0.142112 -0.199539
FixedParameters: 0 0 0

#Transform 51
Transform: AffineTransform_float_3_3
Parameters: 1 -0.000286124 -0.000452201 0.000286656 1 0.00058887 0.000451864 -0.000589129 0.999999 0.0288222 0.13786 -0.18673
FixedParameters: 0 0 0

#Transform 52
Transform: AffineTransform_float_3_3
Parameters: 1 -0.000496287 -0.000896388 0.000496092 1 0.000404915 0.000896377 -0.000405085 1 0.0413706 0.139265 -0.134925
FixedParameters: 0 0 0

#Transform 53
Transform: AffineTransform_float_3_3
Parameters: 1 -0.000404713 -0.000370394 0.000405378 1 0.00036885 0.000371016 -0.00036915 1 0.0476174 0.12899 -0.20325
FixedParameters: 0 0 0

#Transform 54
Transform: AffineTransform_float_3_3
Parameters: 1 -0.000300338 -0.000426611 0.000300719 1 0.000445872 0.000426343 -0.000446128 1 0.0392228 0.120565 -0.220468
FixedParameters: 0 0 0

#Transform 55
Transform: AffineTransform_float_3_3
Parameters: 0.999999 -0.000789474 -0.000397989 0.000790149 0.999999 -0.000309315 0.000398086 0.000308686 1 0.0379836 0.109412 -0.247035
FixedParameters: 0 0 0

#Transform 56
Transform: AffineTransform_float_3_3
Parameters: 1 -0.000194436 -7.71871e-06 0.000194443 1 0.000439998 7.5476e-06 -0.000440001 1 0.0319082 0.13359 -0.259347
FixedParameters: 0 0 0

#Transform 57
Transform: AffineTransform_float_3_3
Parameters: 0.999999 -0.000816055 -0.000190838 0.000816351 1 0.000777332 0.000189569 -0.000777667 0.999999 0.0234057 0.138326 -0.222185
FixedParameters: 0 0 0

#Transform 58
Transform: AffineTransform_float_3_3
Parameters: 1 -0.000157613 -2.33045e-05 0.000157626 1 0.000266996 2.32203e-05 -0.000267004 1 0.0260259 0.142944 -0.217351
FixedParameters: 0 0 0

#Transform 59
Transform: AffineTransform_float_3_3
Parameters: 1 -0.000313062 -0.000210439 0.000313129 1 0.000158934 0.000210339 -0.000159066 1 0.0398816 0.156055 -0.226995
FixedParameters: 0 0 0

#Transform 60
Transform: AffineTransform_float_3_3
Parameters: 1 -0.000356415 6.13301e-05 0.000356481 1 -0.000545978 -6.09409e-05 0.000546022 1 0.0220309 0.113978 -0.23039
FixedParameters: 0 0 0

#Transform 61
Transform: AffineTransform_float_3_3
Parameters: 0.999999 -0.000869327 -0.000983963 0.000867084 0.999999 -0.00140865 0.000985098 0.00140835 0.999999 0.0385357 0.133209 -0.181453
FixedParameters: 0 0 0

#Transform 62
Transform: AffineTransform_float_3_3
Parameters: 1 -0.00103529 -5.39825e-05 0.00103531 0.999999 0.000226944 5.35125e-05 -0.000227055 1 0.0499259 0.146519 -0.147421
FixedParameters: 0 0 0

#Transform 63
Transform: AffineTransform_float_3_3
Parameters: 1 -0.00048261 -0.000349359 0.000482967 1 0.000511831 0.000348865 -0.000512168 1 0.0452166 0.185612 -0.158309
FixedParameters: 0 0 0

#Transform 64
Transform: AffineTransform_float_3_3
Parameters: 0.999999 -0.000809425 -0.000365436 0.000809687 0.999999 0.0010837 0.000364992 -0.0010843 1 0.0196927 0.163068 -0.137026
FixedParameters: 0 0 0

#Transform 65
Transform: AffineTransform_float_3_3
Parameters: 0.999999 -0.00092725 -0.000234379 0.000927283 0.999999 6.97825e-05 0.000234249 -7.0217e-05 1 0.0390157 0.158194 -0.139402
FixedParameters: 0 0 0

#Transform 66
Transform: AffineTransform_float_3_3
Parameters: 0.999999 -0.000748357 -0.000254436 0.000748359 0.999999 0.00104481 0.000254183 -0.00104519 1 0.0511809 0.167014 -0.158592
FixedParameters: 0 0 0

#Transform 67
Transform: AffineTransform_float_3_3
Parameters: 0.999999 -0.00129023 0.000102831 0.00129015 0.999999 0.000387773 -0.000103833 -0.000388226 1 0.0484141 0.124263 -0.189829
FixedParameters: 0 0 0

#Transform 68
Transform: AffineTransform_float_3_3
Parameters: 0.999998 -0.00153482 -0.000474986 0.00153593 0.999999 0.000755966 0.000473585 -0.000756033 0.999999 0.0457594 0.136687 -0.133245
FixedParameters: 0 0 0

#Transform 69
Transform: AffineTransform_float_3_3
Parameters: 1 -0.00110801 -0.000200904 0.00110746 0.999999 0.000921626 0.000199253 -0.000921374 1 0.0404321 0.154033 -0.194115
FixedParameters: 0 0 0

#Transform 70
Transform: AffineTransform_float_3_3
Parameters: 0.999999 -0.00133278 3.38362e-06 0.0013337 0.999999 -0.000290356 -3.00106e-06 0.000289645 1 0.028001 0.13798 -0.211926
FixedParameters: 0 0 0

#Transform 71
Transform: AffineTransform_float_3_3
Parameters: 1 -0.000968191 -1.67932e-05 0.00096861 1 0.000859471 1.60491e-05 -0.000859528 0.999999 0.0281095 0.155615 -0.166322
FixedParameters: 0 0 0

#Transform 72
Transform: AffineTransform_float_3_3
Parameters: 0.999999 -0.00129794 8.58176e-05 0.00129859 0.999999 -0.000690249 -8.53372e-05 0.000689752 1 0.0364907 0.124389 -0.246379
FixedParameters: 0 0 0

#Transform 73
Transform: AffineTransform_float_3_3
Parameters: 0.999999 -0.00138773 -0.000128386 0.0013888 0.999998 0.00114667 0.000127044 -0.00114633 0.999999 0.0269482 0.151543 -0.140779
FixedParameters: 0 0 0

#Transform 74
Transform: AffineTransform_float_3_3
Parameters: 0.999999 -0.0014543 -0.000283243 0.00145429 0.999999 -2.59246e-05 0.000283317 2.50759e-05 1 0.046998 0.148169 -0.178211
FixedParameters: 0 0 0

#Transform 75
Transform: AffineTransform_float_3_3
Parameters: 0.999999 -0.00127274 0.000143613 0.00127287 0.999998 0.000896823 -0.000144976 -0.000897175 0.999999 0.0476103 0.144427 -0.203505
FixedParameters: 0 0 0

#Transform 76
Transform: AffineTransform_float_3_3
Parameters: 0.999999 -0.00140811 -0.00017527 0.00140866 0.999999 0.000432241 0.000174972 -0.000432759 1 0.0425016 0.161173 -0.167378
FixedParameters: 0 0 0

#Transform 77
Transform: AffineTransform_float_3_3
Parameters: 0.999999 -0.00123356 -0.000164162 0.00123428 0.999998 0.0010268 0.000162548 -0.0010272 1 0.0465863 0.144252 -0.134569
FixedParameters: 0 0 0

#Transform 78
Transform: AffineTransform_float_3_3
Parameters: 1 -0.00116545 -8.19346e-06 0.00116586 0.999999 0.000860478 7.10789e-06 -0.000860521 0.999999 0.0490314 0.149269 -0.185655
FixedParameters: 0 0 0

#Transform 79
Transform: AffineTransform_float_3_3
Parameters: 0.999999 -0.00123769 0.00022622 0.00123758 0.999998 0.00111528 -0.000228059 -0.00111472 1 0.0402706 0.136887 -0.187457
FixedParameters: 0 0 0

#Transform 80
Transform: AffineTransform_float_3_3
Parameters: 1 -0.0010868 -0.000125298 0.00108652 0.999999 0.00103271 0.000124366 -0.00103229 1 0.0377855 0.165957 -0.138562
FixedParameters: 0 0 0

#Transform 81
Transform: AffineTransform_float_3_3
Parameters: 0.999999 -0.000945112 -0.000819448 0.000946339 0.999999 0.00107207 0.00081873 -0.00107293 0.999999 0.0438116 0.156717 -0.172266
FixedParameters: 0 0 0

#Transform 82
Transform: AffineTransform_float_3_3
Parameters: 0.999999 -0.000970598 -0.000440319 0.000971278 1 0.000773421 0.000438816 -0.000773579 1 0.0598426 0.155627 -0.216214
FixedParameters: 0 0 0

#Transform 83
Transform: AffineTransform_float_3_3
Parameters: 0.999999 -0.00129179 -0.00048176 0.00129242 0.999998 0.00120323 0.000479961 -0.00120377 0.999999 0.0512921 0.151484 -0.186684
FixedParameters: 0 0 0

#Transform 84
Transform: AffineTransform_float_3_3
Parameters: 0.999999 -0.00115616 -0.000445531 0.00115649 0.999999 0.000966333 0.000444607 -0.000966668 1 0.0580381 0.152967 -0.165558
FixedParameters: 0 0 0

#Transform 85
Transform: AffineTransform_float_3_3
Parameters: 0.999999 -0.00102349 -0.000247616 0.00102345 0.999999 0.000994595 0.000246891 -0.000994406 1 0.0567141 0.153525 -0.241676
FixedParameters: 0 0 0

#Transform 86
Transform: AffineTransform_float_3_3
Parameters: 1 -0.001107 -1.15901e-05 0.00110781 0.999999 0.00119183 1.07922e-05 -0.00119117 0.999999 0.0520081 0.162277 -0.231657
FixedParameters: 0 0 0

#Transform 87
Transform: AffineTransform_float_3_3
Parameters: 1 -0.00120907 -0.000126466 0.00120874 0.999999 0.000783335 0.000125883 -0.000783665 0.999999 0.0494478 0.147943 -0.171427
FixedParameters: 0 0 0

#Transform 88
Transform: AffineTransform_float_3_3
Parameters: 0.999999 -0.00157422 -0.000127234 0.00157483 0.999998 0.000869648 0.000125417 -0.000869351 1 0.0534844 0.18233 -0.132182
FixedParameters: 0 0 0

#Transform 89
Transform: AffineTransform_float_3_3
Parameters: 0.999999 -0.00138954 0.000236426 0.00138952 0.999997 0.00168033 -0.000239254 -0.00167967 0.999999 0.0546664 0.158428 -0.168706
FixedParameters: 0 0 0

#Transform 90
Transform: AffineTransform_float_3_3
Parameters: 0.999998 -0.00159908 -0.000158825 0.00159939 0.999998 0.00142523 0.000156498 -0.00142576 0.999999 0.0552365 0.165984 -0.147994
FixedParameters: 0 0 0

#Transform 91
Transform: AffineTransform_float_3_3
Parameters: 0.999998 -0.00157512 -0.000190951 0.00157585 0.999998 0.000887547 0.000189075 -0.000887451 1 0.0522593 0.13738 -0.161162
FixedParameters: 0 0 0

#Transform 92
Transform: AffineTransform_float_3_3
Parameters: 0.999998 -0.00171674 -0.000156913 0.00171651 0.999998 -0.00117078 0.000158699 0.00117022 0.999999 0.0463875 0.132553 -0.218892
FixedParameters: 0 0 0

#Transform 93
Transform: AffineTransform_float_3_3
Parameters: 0.999999 -0.00145106 0.000255757 0.00145129 0.999999 0.00107986 -0.000257049 -0.00107914 1 0.0474409 0.161268 -0.11808
FixedParameters: 0 0 0

#Transform 94
Transform: AffineTransform_float_3_3
Parameters: 0.999999 -0.00184884 -0.000114121 0.0018489 0.999998 0.000874126 0.000113121 -0.000873876 1 0.0528233 0.160691 -0.119106
FixedParameters: 0 0 0

#Transform 95
Transform: AffineTransform_float_3_3
Parameters: 0.999999 -0.00144908 -0.000276533 0.0014488 0.999998 0.00142609 0.000275022 -0.00142691 0.999999 0.052201 0.14687 -0.203861
FixedParameters: 0 0 0

#Transform 96
Transform: AffineTransform_float_3_3
Parameters: 0.999999 -0.00157275 -6.56191e-05 0.00157279 0.999998 0.00135439 6.35903e-05 -0.00135461 0.999999 0.0467893 0.158282 -0.17081
FixedParameters: 0 0 0

#Transform 97
Transform: AffineTransform_float_3_3
Parameters: 0.999999 -0.00153596 -1.66708e-05 0.00153639 0.999998 0.00106162 1.43284e-05 -0.00106238 1 0.0603303 0.167703 -0.14086
FixedParameters: 0 0 0

#Transform 98
Transform: AffineTransform_float_3_3
Parameters: 0.999999 -0.00150622 -3.33151e-05 0.00150614 0.999998 0.000868437 3.29306e-05 -0.000868562 0.999999 0.0626731 0.169478 -0.139952
FixedParameters: 0 0 0

#Transform 99
Transform: AffineTransform_float_3_3
Parameters: 0.999999 -0.00178375 3.85674e-05 0.00178388 0.999998 0.0014872 -4.07219e-05 -0.0014878 0.999999 0.0663906 0.143385 -0.140386
FixedParameters: 0 0 0

#Transform 100
Transform: AffineTransform_float_3_3
Parameters: 0.999998 -0.00158841 6.28797e-05 0.00158874 0.999998 0.000512588 -6.35875e-05 -0.000512411 1 0.0507371 0.150066 -0.19914
FixedParameters: 0 0 0

#Transform 101
Transform: AffineTransform_float_3_3
Parameters: 0.999999 -0.00174385 -0.000237415 0.00174361 0.999998 0.000606434 0.000236611 -0.000606566 1 0.0749931 0.124354 -0.211775
FixedParameters: 0 0 0

#Transform 102
Transform: AffineTransform_float_3_3
Parameters: 0.999997 -0.00211897 0.000285974 0.00211939 0.999997 0.00131274 -0.000288776 -0.00131226 0.999999 0.0785003 0.175092 -0.14275
FixedParameters: 0 0 0

#Transform 103
Transform: AffineTransform_float_3_3
Parameters: 0.999999 -0.00185535 0.000176772 0.00185531 0.999999 0.000126456 -0.000177241 -0.000126543 1 0.0522748 0.126605 -0.0463165
FixedParameters: 0 0 0

#Transform 104
Transform: AffineTransform_float_3_3
Parameters: 0.999999 -0.00176844 0.000355904 0.00176829 0.999999 0.000212757 -0.000356655 -0.000212241 1 0.0644104 0.15831 -0.0726544
FixedParameters: 0 0 0

#Transform 105
Transform: AffineTransform_float_3_3
Parameters: 0.999999 -0.0014924 0.000165892 0.00149246 0.999999 0.000987737 -0.000167919 -0.000987263 1 0.0668841 0.144504 -0.113954
FixedParameters: 0 0 0

#Transform 106
Transform: AffineTransform_float_3_3
Parameters: 0.999999 -0.00128084 -6.86029e-05 0.00128089 0.999999 0.0013994 6.72495e-05 -0.0013996 0.999999 0.0597633 0.147421 -0.141731
FixedParameters: 0 0 0

#Transform 107
Transform: AffineTransform_float_3_3
Parameters: 0.999999 -0.00126978 -7.33638e-05 0.00126986 0.999998 0.0014684 7.18661e-05 -0.0014686 0.999999 0.0547461 0.134869 -0.125622
FixedParameters: 0 0 0

#Transform 108
Transform: AffineTransform_float_3_3
Parameters: 0.999998 -0.00197636 0.000623823 0.00197637 0.999998 -1.48685e-06 -0.000623815 2.51396e-06 1 0.0552147 0.157176 -0.06829
FixedParameters: 0 0 0

#Transform 109
Transform: AffineTransform_float_3_3
Parameters: 0.999998 -0.0015711 0.000464638 0.00157063 0.999998 0.00133737 -0.000466997 -0.00133663 0.999999 0.0450618 0.141479 -0.104193
FixedParameters: 0 0 0

#Transform 110
Transform: AffineTransform_float_3_3
Parameters: 0.999997 -0.00192972 0.00094652 0.00192848 0.999997 0.00127126 -0.00094866 -0.00126974 0.999999 0.0496575 0.128576 -0.0548873
FixedParameters: 0 0 0

#Transform 111
Transform: AffineTransform_float_3_3
Parameters: 0.999998 -0.00214231 0.000582498 0.00214104 0.999996 0.00130853 -0.000584948 -0.00130747 0.999999 0.0659868 0.13399 -0.0716107
FixedParameters: 0 0 0

#Transform 112
Transform: AffineTransform_float_3_3
Parameters: 0.999997 -0.00233607 0.000370099 0.00233643 0.999998 4.348e-05 -0.00036938 -4.25211e-05 1 0.0777382 0.0902364 -0.155478
FixedParameters: 0 0 0

#Transform 113
Transform: AffineTransform_float_3_3
Parameters: 0.999999 -0.00180195 0.000146244 0.00180252 0.999998 -0.00148061 -0.000143139 0.00148039 0.999999 0.0583783 0.129159 -0.133249
FixedParameters: 0 0 0

#Transform 114
Transform: AffineTransform_float_3_3
Parameters: 0.999998 -0.00173686 0.00022404 0.00173607 0.999997 0.00143203 -0.000226781 -0.00143197 0.999999 0.0609964 0.13679 -0.103136
FixedParameters: 0 0 0

#Transform 115
Transform: AffineTransform_float_3_3
Parameters: 0.999998 -0.0016158 0.000351371 0.00161575 0.999998 0.00117206 -0.000353316 -0.00117094 0.999999 0.0641185 0.144531 -0.0921201
FixedParameters: 0 0 0

#Transform 116
Transform: AffineTransform_float_3_3
Parameters: 0.999999 -0.00178153 -0.000207335 0.0017819 0.999997 0.00125112 0.000205107 -0.00125188 0.999999 0.0570582 0.143533 -0.0778287
FixedParameters: 0 0 0

#Transform 117
Transform: AffineTransform_float_3_3
Parameters: 0.999998 -0.00164837 0.000167007 0.00164848 0.999999 0.000845765 -0.000168874 -0.000845236 1 0.0464013 0.139267 -0.0776592
FixedParameters: 0 0 0

#Transform 118
Transform: AffineTransform_float_3_3
Parameters: 1 -0.000990451 -6.16515e-05 0.000990026 1 0.000845427 6.12883e-05 -0.000845573 0.999999 0.0428572 0.163115 -0.0975754
FixedParameters: 0 0 0

#Transform 119
Transform: AffineTransform_float_3_3
Parameters: 0.999998 -0.00223271 0.000577554 0.00223272 0.999998 0.000329058 -0.0005781 -0.000327941 1 0.0514826 0.129203 -0.0618343
FixedParameters: 0 0 0

#Transform 120
Transform: AffineTransform_float_3_3
Parameters: 0.999999 -0.00149211 0.000129149 0.00149209 0.999999 9.28328e-05 -0.000129426 -9.31663e-05 1 0.0507275 0.166261 -0.0800207
FixedParameters: 0 0 0

#Transform 121
Transform: AffineTransform_float_3_3
Parameters: 0.999999 -0.00142543 0.000375393 0.0014251 0.999999 0.000966816 -0.000377229 -0.000967182 0.999999 0.061295 0.165103 -0.125644
FixedParameters: 0 0 0

#Transform 122
Transform: AffineTransform_float_3_3
Parameters: 0.999999 -0.00156812 0.000179242 0.00156849 0.999998 0.00113577 -0.000180962 -0.00113523 0.999999 0.0459908 0.160729 -0.114416
FixedParameters: 0 0 0

#Transform 123
Transform: AffineTransform_float_3_3
Parameters: 0.999999 -0.00179222 0.000275052 0.0017915 0.999997 0.00175798 -0.000278198 -0.00175702 0.999999 0.0667835 0.132217 -0.114968
FixedParameters: 0 0 0

#Transform 124
Transform: AffineTransform_float_3_3
Parameters: 0.999998 -0.00196876 4.67549e-05 0.00196948 0.999998 0.000664581 -4.75309e-05 -0.00066442 1 0.0752331 0.140962 -0.154152
FixedParameters: 0 0 0

#Transform 125
Transform: AffineTransform_float_3_3
Parameters: 0.999998 -0.00192174 0.000466587 0.00192027 0.999995 0.00224954 -0.000471155 -0.00224846 0.999998 0.064085 0.149302 -0.107474
FixedParameters: 0 0 0

#Transform 126
Transform: AffineTransform_float_3_3
Parameters: 0.999998 -0.00206977 1.92619e-05 0.00206996 0.999996 0.00156553 -2.25904e-05 -0.00156547 0.999999 0.0654861 0.151618 -0.0846496
FixedParameters: 0 0 0

#Transform 127
Transform: AffineTransform_float_3_3
Parameters: 0.999998 -0.00233177 0.000120323 0.00233101 0.999995 0.00197741 -0.000125081 -0.00197758 0.999998 0.0760908 0.138394 -0.0959071
FixedParameters: 0 0 0

#Transform 128
Transform: AffineTransform_float_3_3
Parameters: 0.999998 -0.00225213 0.000487491 0.00225142 0.999997 0.000990228 -0.000488795 -0.000988774 1 0.0749345 0.126716 -0.0645989
FixedParameters: 0 0 0

#Transform 129
Transform: AffineTransform_float_3_3
Parameters: 0.999997 -0.00215933 0.000463597 0.00215838 0.999997 0.000449129 -0.000464223 -0.00044787 1 0.0695532 0.141462 -0.0637407
FixedParameters: 0 0 0

#Transform 130
Transform: AffineTransform_float_3_3
Parameters: 0.999998 -0.00195747 0.00037042 0.00195662 0.999997 0.000961214 -0.000371948 -0.000959786 1 0.0582009 0.15035 -0.0815096
FixedParameters: 0 0 0

#Transform 131
Transform: AffineTransform_float_3_3
Parameters: 0.999997 -0.0024918 0.000436538 0.00249276 0.999996 -0.000491145 -0.000435399 0.000491855 1 0.0562047 0.149926 -0.0285996
FixedParameters: 0 0 0

#Transform 132
Transform: AffineTransform_float_3_3
Parameters: 0.999997 -0.00208493 0.000441798 0.00208491 0.999997 0.00046405 -0.00044281 -0.000462949 1 0.0663241 0.137016 -0.0685438
FixedParameters: 0 0 0

#Transform 133
Transform: AffineTransform_float_3_3
Parameters: 0.999998 -0.00186025 0.000338945 0.00186033 0.999998 0.000465759 -0.000339756 -0.00046524 1 0.0720917 0.171612 -0.0884342
FixedParameters: 0 0 0

#Transform 134
Transform: AffineTransform_float_3_3
Parameters: 0.999998 -0.00194466 0.000303371 0.00194493 0.999998 0.000829719 -0.000304757 -0.00082928 0.999999 0.0644402 0.150964 -0.0787601
FixedParameters: 0 0 0

#Transform 135
Transform: AffineTransform_float_3_3
Parameters: 0.999998 -0.00169806 9.63276e-05 0.00169796 0.999998 0.000508651 -9.80544e-05 -0.000508346 1 0.0718038 0.161795 -0.0858909
FixedParameters: 0 0 0

#Transform 136
Transform: AffineTransform_float_3_3
Parameters: 0.999998 -0.00167612 8.04912e-05 0.0016758 0.999998 0.00115662 -8.21359e-05 -0.00115638 0.999999 0.068618 0.155081 -0.106583
FixedParameters: 0 0 0

#Transform 137
Transform: AffineTransform_float_3_3
Parameters: 0.999999 -0.00184451 7.36073e-05 0.00184482 0.999998 0.000551264 -7.47215e-05 -0.000551735 1 0.0605247 0.164846 -0.0811732
FixedParameters: 0 0 0

#Transform 138
Transform: AffineTransform_float_3_3
Parameters: 0.999998 -0.00186935 0.000293584 0.00186851 0.999997 0.00118119 -0.000295767 -0.00118081 1 0.0747417 0.151814 -0.0975013
FixedParameters: 0 0 0

#Transform 139
Transform: AffineTransform_float_3_3
Parameters: 0.999998 -0.00199007 0.000370662 0.00198902 0.999998 0.000700866 -0.000372138 -0.000700132 0.999999 0.0686751 0.147285 -0.0724018
FixedParameters: 0 0 0

#Transform 140
Transform: AffineTransform_float_3_3
Parameters: 0.999997 -0.00214132 0.000331437 0.0021416 0.999998 0.00075784 -0.000332841 -0.000757161 1 0.0581833 0.129933 -0.0485101
FixedParameters: 0 0 0

#Transform 141
Transform: AffineTransform_float_3_3
Parameters: 0.999997 -0.00243792 0.000562311 0.00243787 0.999997 0.00039114 -0.000563294 -0.000389859 1 0.079289 0.132737 -0.0588529
FixedParameters: 0 0 0

#Transform 142
Transform: AffineTransform_float_3_3
Parameters: 0.999997 -0.00213846 0.000271401 0.00213879 0.999998 0.00083835 -0.000273146 -0.000838649 0.999999 0.0719873 0.146909 -0.0745608
FixedParameters: 0 0 0

#Transform 143
Transform: AffineTransform_float_3_3
Parameters: 0.999996 -0.00253207 0.000337939 0.00253192 0.999995 0.00173963 -0.000341754 -0.00173937 0.999999 0.0682418 0.138316 0.00334479
FixedParameters: 0 0 0

#Transform 144
Transform: AffineTransform_float_3_3
Parameters: 0.999997 -0.00248097 0.00013673 0.00248194 0.999997 -0.000200046 -0.000136128 0.000199954 1 0.0703185 0.123975 -0.0442935
FixedParameters: 0 0 0

#Transform 145
Transform: AffineTransform_float_3_3
Parameters: 0.999997 -0.00249184 0.000436294 0.00249271 0.999997 -0.000393298 -0.000435641 0.000394703 0.999999 0.0820461 0.139819 -0.0466864
FixedParameters: 0 0 0

#Transform 146
Transform: AffineTransform_float_3_3
Parameters: 0.999996 -0.00261026 0.000129726 0.00260958 0.999996 0.000611316 -0.000131604 -0.000610683 1 0.0667213 0.13133 -0.0437085
FixedParameters: 0 0 0

#Transform 147
Transform: AffineTransform_float_3_3
Parameters: 0.999997 -0.00247711 0.000367892 0.00247743 0.999997 9.86795e-05 -0.000367459 -9.83212e-05 1 0.069327 0.146242 -0.0550588
FixedParameters: 0 0 0

#Transform 148
Transform: AffineTransform_float_3_3
Parameters: 0.999998 -0.00224632 3.3681e-05 0.00224648 0.999997 0.00129805 -3.63604e-05 -0.00129795 0.999999 0.0765137 0.152937 -0.0912171
FixedParameters: 0 0 0

#Transform 149
Transform: AffineTransform_float_3_3
Parameters: 0.999998 -0.00222427 0.000394287 0.00222336 0.999997 0.000976007 -0.000396394 -0.000974993 1 0.0638771 0.157777 -0.0815104
FixedParameters: 0 0 0

#Transform 150
Transform: AffineTransform_float_3_3
Parameters: 0.999997 -0.00217653 0.000416999 0.00217631 0.999997 0.00119604 -0.000420361 -0.00119496 0.999999 0.0686371 0.149429 -0.0875882
FixedParameters: 0 0 0

#Transform 151
Transform: AffineTransform_float_3_3
Parameters: 0.999998 -0.00205165 -6.09946e-05 0.00205208 0.999997 0.00149521 5.80118e-05 -0.00149479 0.999999 0.0741015 0.164026 -0.114925
FixedParameters: 0 0 0

#Transform 152
Transform: AffineTransform_float_3_3
Parameters: 0.999997 -0.00220394 -1.37029e-05 0.0022037 0.999996 0.00185795 9.97701e-06 -0.00185805 0.999998 0.0692717 0.152033 -0.0987439
FixedParameters: 0 0 0

#Transform 153
Transform: AffineTransform_float_3_3
Parameters: 0.999998 -0.00189613 -1.82959e-05 0.00189695 0.999998 0.000989455 1.63837e-05 -0.000989545 1 0.0757127 0.160952 -0.0948822
FixedParameters: 0 0 0

#Transform 154
Transform: AffineTransform_float_3_3
Parameters: 0.999998 -0.00198747 9.8119e-05 0.00198737 0.999996 0.00173769 -0.000101873 -0.00173731 0.999999 0.0762566 0.147664 -0.114946
FixedParameters: 0 0 0

#Transform 155
Transform: AffineTransform_float_3_3
Parameters: 0.999998 -0.00199826 -0.000181392 0.00199815 0.999997 0.00155598 0.000178717 -0.00155603 0.999999 0.0722889 0.155588 -0.0925151
FixedParameters: 0 0 0

#Transform 156
Transform: AffineTransform_float_3_3
Parameters: 0.999997 -0.00213792 -6.39327e-05 0.00213832 0.999998 0.00113384 6.22357e-05 -0.00113416 0.999999 0.0907961 0.165293 -0.0932807
FixedParameters: 0 0 0

#Transform 157
Transform: AffineTransform_float_3_3
Parameters: 0.999998 -0.00192129 -0.000130459 0.00192065 0.999997 0.00162809 0.000126827 -0.00162791 0.999999 0.081258 0.158573 -0.124435
FixedParameters: 0 0 0

#Transform 158
Transform: AffineTransform_float_3_3
Parameters: 0.999998 -0.0020945 5.61525e-05 0.0020946 0.999997 0.0013841 -5.87979e-05 -0.0013839 0.999999 0.0757357 0.150106 -0.102712
FixedParameters: 0 0 0

#Transform 159
Transform: AffineTransform_float_3_3
Parameters: 0.999998 -0.00192327 -0.000190931 0.00192363 0.999997 0.00131812 0.000188091 -0.00131888 0.999999 0.0841883 0.159369 -0.119458
FixedParameters: 0 0 0

#Transform 160
Transform: AffineTransform_float_3_3
Parameters: 0.999998 -0.00190826 0.000149791 0.00190897 0.999997 0.00150542 -0.000152776 -0.00150558 0.999999 0.0701222 0.157064 -0.123053
FixedParameters: 0 0 0

#Transform 161
Transform: AffineTransform_float_3_3
Parameters: 0.999998 -0.00224431 0.000135909 0.0022442 0.999996 0.00132944 -0.000138725 -0.00132956 0.999999 0.076147 0.148987 -0.0988358
FixedParameters: 0 0 0

#Transform 162
Transform: AffineTransform_float_3_3
Parameters: 0.999998 -0.00228325 -1.34424e-05 0.00228354 0.999996 0.00167395 8.94988e-06 -0.00167405 0.999999 0.0866811 0.156776 -0.127542
FixedParameters: 0 0 0

#Transform 163
Transform: AffineTransform_float_3_3
Parameters: 0.999997 -0.00216385 4.5569e-06 0.00216408 0.999996 0.0016495 -8.54355e-06 -0.0016495 0.999999 0.0832324 0.15956 -0.122233
FixedParameters: 0 0 0

#Transform 164
Transform: AffineTransform_float_3_3
Parameters: 0.999998 -0.00199768 0.000105891 0.0019973 0.999997 0.0011067 -0.00010808 -0.0011063 1 0.0818041 0.183102 -0.103598
FixedParameters: 0 0 0

#Transform 165
Transform: AffineTransform_float_3_3
Parameters: 0.999998 -0.00195319 0.000143063 0.00195329 0.999997 0.00187741 -0.000146325 -0.00187759 0.999998 0.093303 0.172551 -0.13272
FixedParameters: 0 0 0

#Transform 166
Transform: AffineTransform_float_3_3
Parameters: 0.999998 -0.00208433 4.42421e-05 0.00208446 0.999997 0.00138922 -4.68823e-05 -0.00138978 0.999999 0.0907814 0.183689 -0.102296
FixedParameters: 0 0 0

#Transform 167
Transform: AffineTransform_float_3_3
Parameters: 0.999998 -0.00192593 0.000118595 0.00192588 0.999998 0.00129436 -0.000120429 -0.00129464 0.999999 0.090528 0.158883 -0.100571
FixedParameters: 0 0 0

#Transform 168
Transform: AffineTransform_float_3_3
Parameters: 0.999998 -0.00227788 4.37681e-05 0.00227801 0.999997 0.00130008 -4.65385e-05 -0.00129992 0.999999 0.0923224 0.183783 -0.110039
FixedParameters: 0 0 0

#Transform 169
Transform: AffineTransform_float_3_3
Parameters: 0.999998 -0.00222249 0.000131082 0.00222239 0.999997 0.00130327 -0.000133722 -0.00130273 0.999999 0.0810005 0.174641 -0.106649
FixedParameters: 0 0 0

#Transform 170
Transform: AffineTransform_float_3_3
Parameters: 0.999997 -0.00244846 -0.000331675 0.00244872 0.999996 0.00141037 0.000328311 -0.00141063 0.999999 0.10395 0.173967 -0.0916932
FixedParameters: 0 0 0

#Transform 171
Transform: AffineTransform_float_3_3
Parameters: 0.999998 -0.00197095 -0.000145775 0.00197121 0.999996 0.0018752 0.000142845 -0.0018758 0.999998 0.100206 0.154561 -0.118645
FixedParameters: 0 0 0

#Transform 172
Transform: AffineTransform_float_3_3
Parameters: 0.999997 -0.00235492 0.000209975 0.00235484 0.999996 0.00171447 -0.000213975 -0.00171353 0.999999 0.0999643 0.156725 -0.108063
FixedParameters: 0 0 0

#Transform 173
Transform: AffineTransform_float_3_3
Parameters: 0.999999 -0.00172228 -1.8608e-05 0.0017231 0.999998 0.00131546 1.59167e-05 -0.00131554 0.999999 0.102595 0.173186 -0.119933
FixedParameters: 0 0 0

#Transform 174
Transform: AffineTransform_float_3_3
Parameters: 0.999997 -0.00242208 4.92092e-05 0.00242219 0.999996 0.0013721 -5.27033e-05 -0.0013719 0.999999 0.101333 0.154213 -0.0658075
FixedParameters: 0 0 0

#Transform 175
Transform: AffineTransform_float_3_3
Parameters: 0.999995 -0.00292139 -0.000347464 0.00292173 0.999996 -0.000266347 0.000347707 0.000265656 1 0.103734 0.163469 -0.0242321
FixedParameters: 0 0 0

#Transform 176
Transform: AffineTransform_float_3_3
Parameters: 0.999994 -0.00359856 -0.000713654 0.00359936 0.999993 0.00065544 0.000711157 -0.000658558 0.999999 0.163599 0.137141 -0.0101396
FixedParameters: 0 0 0

#Transform 177
Transform: AffineTransform_float_3_3
Parameters: 0.999998 -0.00202399 -7.16334e-05 0.0020249 0.999998 -0.00012217 7.17366e-05 0.000121831 1 0.113043 0.140455 -0.0496457
FixedParameters: 0 0 0

#Transform 178
Transform: AffineTransform_float_3_3
Parameters: 0.999998 -0.001806 -0.00062271 0.00180549 0.999998 -9.34302e-05 0.000622126 9.25716e-05 1 0.103057 0.166279 -0.0595266
FixedParameters: 0 0 0

#Transform 179
Transform: AffineTransform_float_3_3
Parameters: 0.999997 -0.00199244 -0.000887899 0.00199289 0.999998 0.000552773 0.000887005 -0.000554226 0.999999 0.127606 0.152491 -0.0413325
FixedParameters: 0 0 0
