#Insight Transform File V1.0
#Transform 0
Transform: AffineTransform_float_3_3
Parameters: 0.999999 -0.000557945 0.000633279 0.000557829 1 9.23531e-05 -0.000633382 -9.16465e-05 1 0.10144 -0.350209 -0.487724
FixedParameters: 0 0 0

#Transform 1
Transform: AffineTransform_float_3_3
Parameters: 1 0.000618516 -0.000319025 -0.000618508 1 1.41975e-05 0.000319042 -1.38028e-05 1 0.0138575 0.0782717 0.0390177
FixedParameters: 0 0 0

#Transform 2
Transform: AffineTransform_float_3_3
Parameters: 0.999999 0.000782244 6.64746e-05 -0.000783133 0.999999 -0.000234052 -6.64502e-05 0.000233948 1 0.0125576 0.0868343 -0.0559481
FixedParameters: 0 0 0

#Transform 3
Transform: AffineTransform_float_3_3
Parameters: 1 0.000491103 0.000424856 -0.000491018 1 -0.000100209 -0.000424954 9.97912e-05 1 -0.0107818 0.0935862 -0.0398145
FixedParameters: 0 0 0

#Transform 4
Transform: AffineTransform_float_3_3
Parameters: 1 0.000567516 0.000392398 -0.00056741 1 -0.000134375 -0.000392551 0.000134624 0.999999 0.0203151 0.101548 -0.0643426
FixedParameters: 0 0 0

#Transform 5
Transform: AffineTransform_float_3_3
Parameters: 1 0.000491209 0.000424733 -0.000490912 1 -0.000349208 -0.000425076 0.000348791 1 -0.0214986 0.103095 -0.0244754
FixedParameters: 0 0 0

#Transform 6
Transform: AffineTransform_float_3_3
Parameters: 0.999999 0.000540288 0.000540893 -0.000540297 1 7.70784e-06 -0.000540884 -8.29232e-06 1 0.0157193 0.0999276 -0.0716042
FixedParameters: 0 0 0

#Transform 7
Transform: AffineTransform_float_3_3
Parameters: 0.999999 6.30203e-05 0.000707789 -6.24577e-05 1 -0.000673044 -0.000708794 0.000672955 0.999999 -0.0153237 0.106156 -0.0332969
FixedParameters: 0 0 0

#Transform 8
Transform: AffineTransform_float_3_3
Parameters: 0.999999 3.51187e-05 0.000827086 -3.57018e-05 1 -0.00020403 -0.00082671 0.000203971 0.999999 -0.00152889 0.107257 -0.0756006
FixedParameters: 0 0 0

#Transform 9
Transform: AffineTransform_float_3_3
Parameters: 0.999999 -0.000235384 0.000733825 0.00023558 1 -0.00102683 -0.000733871 0.00102717 0.999999 -0.0390991 0.113065 -0.0314507
FixedParameters: 0 0 0

#Transform 10
Transform: AffineTransform_float_3_3
Parameters: 1 -0.000239258 0.000550836 0.000240677 0.999999 -0.00128887 -0.000550217 0.00128913 0.999999 -0.0138775 0.115698 -0.0999478
FixedParameters: 0 0 0

#Transform 11
Transform: AffineTransform_float_3_3
Parameters: 1 -0.000366836 0.000251189 0.000367466 0.999998 -0.00203391 -0.000250616 0.00203409 0.999998 -0.0227509 0.118437 -0.0913944
FixedParameters: 0 0 0

#Transform 12
Transform: AffineTransform_float_3_3
Parameters: 1 -1.071e-05 0.00024711 1.10891e-05 0.999996 -0.00263199 -0.000246662 0.002632 0.999996 0.0045558 0.123745 -0.135764
FixedParameters: 0 0 0

#Transform 13
Transform: AffineTransform_float_3_3
Parameters: 1 -3.11491e-05 0.000100268 3.15217e-05 0.999999 -0.001859 -0.000100152 0.001859 0.999999 -0.0201324 0.114376 -0.0934353
FixedParameters: 0 0 0

#Transform 14
Transform: AffineTransform_float_3_3
Parameters: 1 -0.000165958 -0.000362986 0.000164254 0.999997 -0.00234506 0.00036376 0.00234494 0.999997 -0.00934521 0.117999 -0.0645029
FixedParameters: 0 0 0

#Transform 15
Transform: AffineTransform_float_3_3
Parameters: 1 4.3049e-05 -0.000245609 -4.30819e-05 0.999998 -0.00194299 0.000245051 0.00194301 0.999998 0.00993778 0.132471 -0.121334
FixedParameters: 0 0 0

#Transform 16
Transform: AffineTransform_float_3_3
Parameters: 1 -0.000223203 -0.000614724 0.000221736 0.999998 -0.00194114 0.000615197 0.00194086 0.999998 -0.00722919 0.132518 -0.0851202
FixedParameters: 0 0 0

#Transform 17
Transform: AffineTransform_float_3_3
Parameters: 1 -5.38119e-05 -0.000385855 5.31554e-05 0.999998 -0.00204402 0.000385683 0.00204398 0.999998 -0.0119713 0.158471 -0.0879716
FixedParameters: 0 0 0

#Transform 18
Transform: AffineTransform_float_3_3
Parameters: 1 -2.91108e-05 -0.000327911 2.86244e-05 0.999997 -0.00214601 0.000327644 0.00214599 0.999997 0.0166267 0.145035 -0.119666
FixedParameters: 0 0 0

#Transform 19
Transform: AffineTransform_float_3_3
Parameters: 1 -0.000396456 -0.000248127 0.000395704 0.999996 -0.0025781 0.000248858 0.0025779 0.999996 0.00659014 0.126768 -0.0945224
FixedParameters: 0 0 0

#Transform 20
Transform: AffineTransform_float_3_3
Parameters: 1 -0.000371851 -1.49179e-05 0.000372292 0.999995 -0.002897 1.57625e-05 0.00289699 0.999996 0.0246052 0.135873 -0.118052
FixedParameters: 0 0 0

#Transform 21
Transform: AffineTransform_float_3_3
Parameters: 1 -0.00038108 -0.000130685 0.000381294 0.999997 -0.00268605 0.000132342 0.00268595 0.999997 0.0245522 0.152603 -0.172444
FixedParameters: 0 0 0

#Transform 22
Transform: AffineTransform_float_3_3
Parameters: 0.999999 -0.000653471 -0.000716792 0.00065239 0.999997 -0.00267662 0.000719115 0.00267638 0.999996 0.0241276 0.135879 -0.136508
FixedParameters: 0 0 0

#Transform 23
Transform: AffineTransform_float_3_3
Parameters: 1 -0.000615917 -0.000265115 0.00061456 0.999996 -0.00281432 0.000266347 0.00281468 0.999996 0.0216736 0.137211 -0.15849
FixedParameters: 0 0 0

#Transform 24
Transform: AffineTransform_float_3_3
Parameters: 1 -0.000678016 -0.000155682 0.000677556 0.999995 -0.00314911 0.000158639 0.00314889 0.999995 0.0350668 0.146747 -0.181206
FixedParameters: 0 0 0

#Transform 25
Transform: AffineTransform_float_3_3
Parameters: 1 -0.000582924 -0.000104158 0.000582879 0.999997 -0.00273621 0.000106037 0.00273679 0.999996 0.0375612 0.146006 -0.151208
FixedParameters: 0 0 0

#Transform 26
Transform: AffineTransform_float_3_3
Parameters: 0.999999 -0.000773208 0.000208664 0.000773453 0.999996 -0.00247084 -0.000206684 0.00247116 0.999997 0.0389521 0.154678 -0.187229
FixedParameters: 0 0 0

#Transform 27
Transform: AffineTransform_float_3_3
Parameters: 0.999999 -0.000817968 0.00010417 0.000817778 0.999995 -0.00287791 -0.000101304 0.00287808 0.999996 0.0598343 0.163173 -0.165722
FixedParameters: 0 0 0

#Transform 28
Transform: AffineTransform_float_3_3
Parameters: 0.999999 -0.000914833 3.79349e-05 0.000914794 0.999995 -0.00287796 -3.58215e-05 0.00287803 0.999996 0.0574904 0.14941 -0.140342
FixedParameters: 0 0 0

#Transform 29
Transform: AffineTransform_float_3_3
Parameters: 1 -0.00104871 0.000157159 0.00104842 0.999996 -0.0028252 -0.000153996 0.0028248 0.999996 0.055659 0.145704 -0.182077
FixedParameters: 0 0 0

#Transform 30
Transform: AffineTransform_float_3_3
Parameters: 0.999999 -0.00121507 0.000464975 0.00121614 0.999994 -0.0032648 -0.000461639 0.0032652 0.999994 0.0524211 0.167152 -0.216328
FixedParameters: 0 0 0

#Transform 31
Transform: AffineTransform_float_3_3
Parameters: 1 -0.00105288 0.000510919 0.00105472 0.999994 -0.00334646 -0.000507547 0.00334754 0.999995 0.064591 0.16477 -0.216767
FixedParameters: 0 0 0

#Transform 32
Transform: AffineTransform_float_3_3
Parameters: 0.999999 -0.00117886 0.000549524 0.00117993 0.999994 -0.00324871 -0.000545152 0.00324928 0.999994 0.0501842 0.16685 -0.182583
FixedParameters: 0 0 0

#Transform 33
Transform: AffineTransform_float_3_3
Parameters: 0.999999 -0.00118614 0.000738362 0.00118814 0.999995 -0.00304449 -0.000734424 0.00304552 0.999995 0.0518125 0.180717 -0.173797
FixedParameters: 0 0 0

#Transform 34
Transform: AffineTransform_float_3_3
Parameters: 0.999999 -0.00133938 0.000619167 0.00134211 0.999992 -0.00380253 -0.000613572 0.00380346 0.999992 0.0765141 0.193815 -0.180575
FixedParameters: 0 0 0

#Transform 35
Transform: AffineTransform_float_3_3
Parameters: 0.999998 -0.00183894 0.00100918 0.00184319 0.999988 -0.00451587 -0.00100137 0.00451813 0.999989 0.0781187 0.192367 -0.23185
FixedParameters: 0 0 0

#Transform 36
Transform: AffineTransform_float_3_3
Parameters: 0.999999 -0.00172467 0.000565936 0.00172748 0.999989 -0.00445775 -0.000558301 0.00445825 0.99999 0.0699487 0.171945 -0.178272
FixedParameters: 0 0 0

#Transform 37
Transform: AffineTransform_float_3_3
Parameters: 0.999998 -0.00185942 0.000933596 0.0018634 0.999987 -0.00473999 -0.00092476 0.00474201 0.999988 0.0842457 0.193264 -0.239511
FixedParameters: 0 0 0

#Transform 38
Transform: AffineTransform_float_3_3
Parameters: 0.999998 -0.00157123 0.000753313 0.00157404 0.99999 -0.00430654 -0.000745819 0.00430746 0.99999 0.0820822 0.174461 -0.237186
FixedParameters: 0 0 0

#Transform 39
Transform: AffineTransform_float_3_3
Parameters: 0.999998 -0.00167472 0.000907667 0.00167844 0.999989 -0.0042952 -0.000900235 0.0042968 0.99999 0.0806091 0.167419 -0.261945
FixedParameters: 0 0 0

#Transform 40
Transform: AffineTransform_float_3_3
Parameters: 0.999999 -0.00159094 0.000866925 0.00159491 0.999988 -0.00464498 -0.000859096 0.00464701 0.999989 0.087939 0.165496 -0.239884
FixedParameters: 0 0 0

#Transform 41
Transform: AffineTransform_float_3_3
Parameters: 0.999997 -0.00194536 0.00103246 0.00195016 0.999987 -0.00467972 -0.00102304 0.00468228 0.999988 0.0962585 0.174173 -0.298688
FixedParameters: 0 0 0

#Transform 42
Transform: AffineTransform_float_3_3
Parameters: 0.999997 -0.00192994 0.00106772 0.00193574 0.999981 -0.00580967 -0.00105552 0.00581233 0.999982 0.109544 0.180288 -0.187373
FixedParameters: 0 0 0

#Transform 43
Transform: AffineTransform_float_3_3
Parameters: 0.999997 -0.00212314 0.00121313 0.00212947 0.999981 -0.00580952 -0.00120145 0.00581249 0.999982 0.1053 0.186221 -0.266319
FixedParameters: 0 0 0

#Transform 44
Transform: AffineTransform_float_3_3
Parameters: 0.999997 -0.00221196 0.00101232 0.00221771 0.999983 -0.00557486 -0.0010005 0.00557716 0.999984 0.108294 0.184769 -0.264483
FixedParameters: 0 0 0

#Transform 45
Transform: AffineTransform_float_3_3
Parameters: 0.999996 -0.00232056 0.00117465 0.00232727 0.999981 -0.00560621 -0.00116108 0.00560879 0.999984 0.0979302 0.194403 -0.248554
FixedParameters: 0 0 0

#Transform 46
Transform: AffineTransform_float_3_3
Parameters: 0.999996 -0.00249886 0.00123067 0.00250756 0.999977 -0.00627523 -0.0012149 0.00627778 0.99998 0.0977987 0.220245 -0.260381
FixedParameters: 0 0 0

#Transform 47
Transform: AffineTransform_float_3_3
Parameters: 0.999996 -0.00254113 0.00126907 0.00254894 0.999979 -0.00609323 -0.0012533 0.00609678 0.999981 0.116858 0.201826 -0.285215
FixedParameters: 0 0 0

#Transform 48
Transform: AffineTransform_float_3_3
Parameters: 0.999996 -0.00264313 0.00112612 0.00264999 0.999977 -0.00620948 -0.00110981 0.00621252 0.99998 0.113249 0.197748 -0.248569
FixedParameters: 0 0 0

#Transform 49
Transform: AffineTransform_float_3_3
Parameters: 0.999995 -0.00300745 0.00106521 0.00301516 0.999967 -0.00767114 -0.00104149 0.00767386 0.99997 0.115596 0.194628 -0.327924
FixedParameters: 0 0 0

#Transform 50
Transform: AffineTransform_float_3_3
Parameters: 0.999995 -0.00293689 0.00122799 0.0029461 0.999966 -0.00779958 -0.0012051 0.00780242 0.999969 0.115066 0.205332 -0.352759
FixedParameters: 0 0 0

#Transform 51
Transform: AffineTransform_float_3_3
Parameters: 0.999995 -0.00299801 0.00108729 0.00300624 0.999961 -0.00830293 -0.00106268 0.00830507 0.999965 0.116624 0.188318 -0.299935
FixedParameters: 0 0 0

#Transform 52
Transform: AffineTransform_float_3_3
Parameters: 0.999995 -0.0029483 0.00120181 0.00295812 0.999959 -0.00856629 -0.00117605 0.00856972 0.999963 0.127189 0.186539 -0.346967
FixedParameters: 0 0 0

#Transform 53
Transform: AffineTransform_float_3_3
Parameters: 0.999995 -0.00295672 0.00118226 0.00296533 0.999965 -0.00784834 -0.00115878 0.00785167 0.999969 0.132599 0.180403 -0.312286
FixedParameters: 0 0 0

#Transform 54
Transform: AffineTransform_float_3_3
Parameters: 0.999994 -0.00328765 0.00100507 0.00329548 0.999962 -0.00806769 -0.000978888 0.00807132 0.999967 0.119282 0.179785 -0.300353
FixedParameters: 0 0 0

#Transform 55
Transform: AffineTransform_float_3_3
Parameters: 0.999993 -0.00337965 0.00118265 0.00338945 0.999959 -0.00842371 -0.00115401 0.00842728 0.999963 0.121271 0.17811 -0.393084
FixedParameters: 0 0 0

#Transform 56
Transform: AffineTransform_float_3_3
Parameters: 0.999994 -0.00344779 0.0011539 0.00345794 0.999957 -0.00855538 -0.00112451 0.00855962 0.999963 0.12731 0.192499 -0.401021
FixedParameters: 0 0 0

#Transform 57
Transform: AffineTransform_float_3_3
Parameters: 0.999993 -0.00332685 0.00179612 0.00334134 0.999959 -0.00834527 -0.00176874 0.00835073 0.999964 0.123726 0.200936 -0.365908
FixedParameters: 0 0 0

#Transform 58
Transform: AffineTransform_float_3_3
Parameters: 0.999992 -0.0034832 0.00161936 0.00349666 0.999958 -0.00849628 -0.00159002 0.00850173 0.999962 0.124944 0.211551 -0.36899
FixedParameters: 0 0 0

#Transform 59
Transform: AffineTransform_float_3_3
Parameters: 0.999992 -0.00357317 0.00209476 0.00359132 0.999957 -0.00853313 -0.00206425 0.00854088 0.999962 0.135568 0.21492 -0.397844
FixedParameters: 0 0 0

#Transform 60
Transform: AffineTransform_float_3_3
Parameters: 0.999991 -0.00371478 0.00176876 0.00373066 0.999953 -0.0089162 -0.00173602 0.0089228 0.999959 0.139906 0.220503 -0.335489
FixedParameters: 0 0 0

#Transform 61
Transform: AffineTransform_float_3_3
Parameters: 0.99999 -0.00395506 0.00175035 0.00397175 0.999948 -0.00943838 -0.00171324 0.00944563 0.999954 0.142648 0.228744 -0.319386
FixedParameters: 0 0 0

#Transform 62
Transform: AffineTransform_float_3_3
Parameters: 0.999992 -0.00378345 0.00177123 0.00380014 0.999949 -0.00936459 -0.0017357 0.00937142 0.999955 0.14304 0.232113 -0.388731
FixedParameters: 0 0 0

#Transform 63
Transform: AffineTransform_float_3_3
Parameters: 0.999991 -0.00374625 0.00169642 0.00376224 0.999953 -0.00894394 -0.00166238 0.00895007 0.999959 0.145645 0.232733 -0.362297
FixedParameters: 0 0 0

#Transform 64
Transform: AffineTransform_float_3_3
Parameters: 0.99999 -0.00411171 0.00142397 0.00412585 0.99994 -0.0101808 -0.00138175 0.0101872 0.999947 0.144628 0.211206 -0.369578
FixedParameters: 0 0 0

#Transform 65
Transform: AffineTransform_float_3_3
Parameters: 0.99999 -0.00426969 0.0015924 0.00428707 0.999932 -0.0108754 -0.00154651 0.0108816 0.99994 0.160416 0.220751 -0.457886
FixedParameters: 0 0 0

#Transform 66
Transform: AffineTransform_float_3_3
Parameters: 0.999988 -0.0044372 0.00185323 0.00445748 0.999931 -0.0108418 -0.00180501 0.0108502 0.99994 0.14599 0.228058 -0.412316
FixedParameters: 0 0 0

#Transform 67
Transform: AffineTransform_float_3_3
Parameters: 0.99999 -0.00412745 0.00168325 0.00414656 0.999924 -0.0116009 -0.00163549 0.0116081 0.999931 0.14953 0.217543 -0.413204
FixedParameters: 0 0 0

#Transform 68
Transform: AffineTransform_float_3_3
Parameters: 0.99999 -0.0042778 0.0017587 0.00429714 0.999924 -0.0115482 -0.00170843 0.0115558 0.999932 0.156012 0.250138 -0.427421
FixedParameters: 0 0 0

#Transform 69
Transform: AffineTransform_float_3_3
Parameters: 0.999988 -0.00445559 0.0016372 0.00447461 0.99992 -0.0118341 -0.0015842 0.0118419 0.999928 0.151977 0.234841 -0.353617
FixedParameters: 0 0 0

#Transform 70
Transform: AffineTransform_float_3_3
Parameters: 0.999988 -0.00455714 0.00181138 0.00457806 0.999923 -0.0115763 -0.00175884 0.0115847 0.999931 0.18207 0.228737 -0.439815
FixedParameters: 0 0 0

#Transform 71
Transform: AffineTransform_float_3_3
Parameters: 0.999988 -0.00457439 0.00185671 0.00459513 0.999923 -0.0114941 -0.00180413 0.0115029 0.999932 0.161201 0.219123 -0.417395
FixedParameters: 0 0 0

#Transform 72
Transform: AffineTransform_float_3_3
Parameters: 0.999989 -0.00453681 0.00165612 0.00455569 0.99992 -0.0117752 -0.00160266 0.0117828 0.999929 0.159007 0.210839 -0.346234
FixedParameters: 0 0 0

#Transform 73
Transform: AffineTransform_float_3_3
Parameters: 0.999986 -0.00497076 0.001757 0.00499075 0.99992 -0.0116106 -0.00169901 0.0116184 0.999931 0.198518 0.203694 -0.446741
FixedParameters: 0 0 0

#Transform 74
Transform: AffineTransform_float_3_3
Parameters: 0.999992 -0.00370339 0.00106564 0.00371041 0.999968 -0.00703277 -0.00103952 0.00703623 0.999975 0.122764 0.167191 -0.00788862
FixedParameters: 0 0 0

#Transform 75
Transform: AffineTransform_float_3_3
Parameters: 0.999992 -0.00369377 0.00149564 0.00370332 0.999971 -0.00664154 -0.00147042 0.00664745 0.999977 0.14742 0.17991 -0.0486791
FixedParameters: 0 0 0

#Transform 76
Transform: AffineTransform_float_3_3
Parameters: 0.999991 -0.00405846 0.00126149 0.00406629 0.999972 -0.00625096 -0.0012367 0.00625605 0.99998 0.115241 0.168438 0.0214586
FixedParameters: 0 0 0

#Transform 77
Transform: AffineTransform_float_3_3
Parameters: 0.999989 -0.0043112 0.00147014 0.00432325 0.999956 -0.00830849 -0.00143452 0.00831453 0.999965 0.150256 0.178571 -0.101738
FixedParameters: 0 0 0

#Transform 78
Transform: AffineTransform_float_3_3
Parameters: 0.999987 -0.00476901 0.00143044 0.00478361 0.999937 -0.0101721 -0.00138161 0.0101789 0.999947 0.156426 0.184255 -0.178612
FixedParameters: 0 0 0

#Transform 79
Transform: AffineTransform_float_3_3
Parameters: 0.999987 -0.00477417 0.00141951 0.00478861 0.99993 -0.0107621 -0.00136861 0.0107689 0.999941 0.174757 0.185385 -0.35209
FixedParameters: 0 0 0

#Transform 80
Transform: AffineTransform_float_3_3
Parameters: 0.999987 -0.00476876 0.00178148 0.00478708 0.999929 -0.0109215 -0.0017294 0.0109296 0.999939 0.17368 0.187216 -0.305147
FixedParameters: 0 0 0

#Transform 81
Transform: AffineTransform_float_3_3
Parameters: 0.999988 -0.00460448 0.00172319 0.0046232 0.999924 -0.0114186 -0.00167011 0.0114264 0.999933 0.166338 0.184185 -0.311691
FixedParameters: 0 0 0

#Transform 82
Transform: AffineTransform_float_3_3
Parameters: 0.999988 -0.00462409 0.00167825 0.00464203 0.999927 -0.011208 -0.00162707 0.011216 0.999936 0.181778 0.207488 -0.385814
FixedParameters: 0 0 0

#Transform 83
Transform: AffineTransform_float_3_3
Parameters: 0.999985 -0.00510992 0.00189282 0.00513196 0.99992 -0.0115248 -0.00183428 0.0115352 0.999932 0.171875 0.239706 -0.291394
FixedParameters: 0 0 0

#Transform 84
Transform: AffineTransform_float_3_3
Parameters: 0.999985 -0.00499554 0.00192691 0.0050164 0.999925 -0.011174 -0.00187099 0.011183 0.999935 0.170257 0.214112 -0.296807
FixedParameters: 0 0 0

#Transform 85
Transform: AffineTransform_float_3_3
Parameters: 0.999985 -0.00526522 0.00192275 0.00528831 0.999911 -0.0122561 -0.00185843 0.0122659 0.999923 0.177355 0.224458 -0.395001
FixedParameters: 0 0 0

#Transform 86
Transform: AffineTransform_float_3_3
Parameters: 0.999984 -0.00516364 0.0020374 0.0051886 0.999908 -0.0125825 -0.0019723 0.0125925 0.999919 0.167354 0.211321 -0.310059
FixedParameters: 0 0 0

#Transform 87
Transform: AffineTransform_float_3_3
Parameters: 0.999982 -0.00558847 0.00210967 0.00561394 0.999905 -0.012625 -0.0020393 0.012636 0.999919 0.192925 0.219338 -0.373199
FixedParameters: 0 0 0

#Transform 88
Transform: AffineTransform_float_3_3
Parameters: 0.999983 -0.00540353 0.0022744 0.00543157 0.999909 -0.012321 -0.0022075 0.012333 0.999922 0.18869 0.223839 -0.385906
FixedParameters: 0 0 0

#Transform 89
Transform: AffineTransform_float_3_3
Parameters: 0.999981 -0.00549779 0.00253984 0.0055285 0.999911 -0.0121789 -0.00247189 0.0121921 0.999922 0.196504 0.248858 -0.477676
FixedParameters: 0 0 0

#Transform 90
Transform: AffineTransform_float_3_3
Parameters: 0.999982 -0.00543899 0.00244997 0.00546708 0.999919 -0.0115653 -0.00238688 0.0115787 0.99993 0.172422 0.251141 -0.486196
FixedParameters: 0 0 0

#Transform 91
Transform: AffineTransform_float_3_3
Parameters: 0.999981 -0.00560341 0.00235878 0.0056308 0.999916 -0.0116456 -0.00229362 0.0116594 0.999929 0.196723 0.251141 -0.499441
FixedParameters: 0 0 0

#Transform 92
Transform: AffineTransform_float_3_3
Parameters: 0.999981 -0.00562881 0.00256227 0.0056592 0.999908 -0.0123204 -0.00249321 0.0123346 0.999921 0.201662 0.250865 -0.533365
FixedParameters: 0 0 0

#Transform 93
Transform: AffineTransform_float_3_3
Parameters: 0.999983 -0.00559396 0.00203513 0.00561921 0.999904 -0.0127176 -0.00196306 0.0127284 0.999917 0.20415 0.243884 -0.45395
FixedParameters: 0 0 0

#Transform 94
Transform: AffineTransform_float_3_3
Parameters: 0.999979 -0.00590242 0.00240722 0.00593464 0.999892 -0.0134233 -0.00232726 0.0134377 0.999907 0.202086 0.26565 -0.461958
FixedParameters: 0 0 0

#Transform 95
Transform: AffineTransform_float_3_3
Parameters: 0.999979 -0.00577488 0.00269707 0.00580923 0.999902 -0.012744 -0.00262313 0.012759 0.999915 0.210398 0.266071 -0.527725
FixedParameters: 0 0 0

#Transform 96
Transform: AffineTransform_float_3_3
Parameters: 0.99998 -0.00583712 0.00241406 0.00586869 0.999893 -0.0133574 -0.00233532 0.0133715 0.999907 0.184406 0.26571 -0.377731
FixedParameters: 0 0 0

#Transform 97
Transform: AffineTransform_float_3_3
Parameters: 0.999979 -0.00582518 0.00258263 0.00585753 0.9999 -0.0128995 -0.00250785 0.0129135 0.999914 0.210848 0.285517 -0.506708
FixedParameters: 0 0 0

#Transform 98
Transform: AffineTransform_float_3_3
Parameters: 0.999979 -0.00584368 0.00254059 0.00587707 0.999896 -0.0132245 -0.00246282 0.0132395 0.99991 0.1934 0.294237 -0.421818
FixedParameters: 0 0 0

#Transform 99
Transform: AffineTransform_float_3_3
Parameters: 0.999979 -0.00584383 0.00254024 0.00587653 0.999898 -0.0130075 -0.00246409 0.0130225 0.999912 0.198562 0.30755 -0.525526
FixedParameters: 0 0 0

#Transform 100
Transform: AffineTransform_float_3_3
Parameters: 0.999978 -0.00601783 0.00281009 0.00605483 0.999892 -0.0134491 -0.00272837 0.013466 0.999906 0.193102 0.295934 -0.377972
FixedParameters: 0 0 0

#Transform 101
Transform: AffineTransform_float_3_3
Parameters: 0.999979 -0.00592321 0.00263295 0.00595771 0.999894 -0.0133 -0.00255361 0.013315 0.999909 0.202239 0.317169 -0.520465
FixedParameters: 0 0 0

#Transform 102
Transform: AffineTransform_float_3_3
Parameters: 0.99998 -0.00569885 0.00250225 0.00572975 0.999902 -0.0127837 -0.00242931 0.0127983 0.999915 0.201454 0.326479 -0.51565
FixedParameters: 0 0 0

#Transform 103
Transform: AffineTransform_float_3_3
Parameters: 0.99998 -0.00578898 0.00253082 0.00582143 0.9999 -0.0129237 -0.00245616 0.0129383 0.999914 0.200414 0.33123 -0.494091
FixedParameters: 0 0 0

#Transform 104
Transform: AffineTransform_float_3_3
Parameters: 0.999977 -0.00628979 0.00256947 0.00632247 0.999897 -0.0128865 -0.00248862 0.0129025 0.999913 0.21676 0.29056 -0.547677
FixedParameters: 0 0 0

#Transform 105
Transform: AffineTransform_float_3_3
Parameters: 0.99998 -0.00592081 0.00227346 0.00594949 0.999896 -0.0131352 -0.00219594 0.0131488 0.999911 0.224595 0.302207 -0.565827
FixedParameters: 0 0 0

#Transform 106
Transform: AffineTransform_float_3_3
Parameters: 0.99998 -0.00580047 0.00229367 0.00583046 0.999897 -0.0131312 -0.00221752 0.0131438 0.999911 0.219234 0.29782 -0.54701
FixedParameters: 0 0 0

#Transform 107
Transform: AffineTransform_float_3_3
Parameters: 0.999977 -0.00618812 0.00280052 0.00622547 0.999887 -0.013685 -0.00271535 0.013702 0.999903 0.226497 0.312437 -0.556897
FixedParameters: 0 0 0

#Transform 108
Transform: AffineTransform_float_3_3
Parameters: 0.999979 -0.00609496 0.00246155 0.00612944 0.999884 -0.0138969 -0.0023765 0.0139121 0.999901 0.23973 0.303066 -0.527637
FixedParameters: 0 0 0

#Transform 109
Transform: AffineTransform_float_3_3
Parameters: 0.999977 -0.0064858 0.00199352 0.00651215 0.999886 -0.01361 -0.00190511 0.013623 0.999905 0.238434 0.290851 -0.471192
FixedParameters: 0 0 0

#Transform 110
Transform: AffineTransform_float_3_3
Parameters: 0.999975 -0.00662973 0.00215234 0.0066608 0.999871 -0.0146624 -0.00205516 0.0146766 0.99989 0.223727 0.264578 -0.397047
FixedParameters: 0 0 0

#Transform 111
Transform: AffineTransform_float_3_3
Parameters: 0.999975 -0.00663533 0.00265175 0.00667349 0.999871 -0.014595 -0.00255428 0.014613 0.99989 0.242455 0.280649 -0.576511
FixedParameters: 0 0 0

#Transform 112
Transform: AffineTransform_float_3_3
Parameters: 0.999977 -0.00627048 0.00232914 0.00630317 0.999877 -0.014351 -0.00223891 0.014366 0.999894 0.242454 0.265612 -0.534343
FixedParameters: 0 0 0

#Transform 113
Transform: AffineTransform_float_3_3
Parameters: 0.999974 -0.00670545 0.00273392 0.00674913 0.999845 -0.0162285 -0.00262523 0.0162465 0.999865 0.227379 0.289195 -0.409586
FixedParameters: 0 0 0

#Transform 114
Transform: AffineTransform_float_3_3
Parameters: 0.999973 -0.00672459 0.00289778 0.00676895 0.999854 -0.0156825 -0.00279188 0.0157015 0.999873 0.261568 0.305334 -0.525415
FixedParameters: 0 0 0

#Transform 115
Transform: AffineTransform_float_3_3
Parameters: 0.999971 -0.00698204 0.00296815 0.00702502 0.999868 -0.0146332 -0.00286559 0.0146538 0.999888 0.237991 0.29333 -0.415212
FixedParameters: 0 0 0

#Transform 116
Transform: AffineTransform_float_3_3
Parameters: 0.999971 -0.00708617 0.00272502 0.00712536 0.999868 -0.0145707 -0.00262193 0.0145893 0.99989 0.246321 0.280506 -0.470516
FixedParameters: 0 0 0

#Transform 117
Transform: AffineTransform_float_3_3
Parameters: 0.999971 -0.00709881 0.00275355 0.00713943 0.999864 -0.0148325 -0.00264818 0.0148515 0.999886 0.255351 0.295679 -0.587023
FixedParameters: 0 0 0

#Transform 118
Transform: AffineTransform_float_3_3
Parameters: 0.999972 -0.00693356 0.00254889 0.00697092 0.999863 -0.0150548 -0.00244394 0.0150722 0.999884 0.253072 0.27172 -0.476316
FixedParameters: 0 0 0

#Transform 119
Transform: AffineTransform_float_3_3
Parameters: 0.999971 -0.00715304 0.00283883 0.00719556 0.99986 -0.015101 -0.00273034 0.01512 0.999882 0.255546 0.265077 -0.554192
FixedParameters: 0 0 0

#Transform 120
Transform: AffineTransform_float_3_3
Parameters: 0.999971 -0.0070471 0.00286841 0.00709095 0.999855 -0.0154837 -0.00275913 0.0155033 0.999876 0.258486 0.284052 -0.599346
FixedParameters: 0 0 0

#Transform 121
Transform: AffineTransform_float_3_3
Parameters: 0.999972 -0.00692484 0.00284073 0.00696748 0.999855 -0.0155109 -0.00273358 0.0155301 0.999875 0.250039 0.279301 -0.498657
FixedParameters: 0 0 0

#Transform 122
Transform: AffineTransform_float_3_3
Parameters: 0.999971 -0.00711175 0.00277926 0.00715487 0.999854 -0.0155243 -0.0026682 0.0155437 0.999876 0.244239 0.275481 -0.508115
FixedParameters: 0 0 0

#Transform 123
Transform: AffineTransform_float_3_3
Parameters: 0.999969 -0.00719193 0.0031267 0.00724058 0.999849 -0.015804 -0.00301258 0.015826 0.99987 0.261394 0.284111 -0.604152
FixedParameters: 0 0 0

#Transform 124
Transform: AffineTransform_float_3_3
Parameters: 0.999968 -0.00736146 0.00289074 0.00740932 0.99983 -0.0168896 -0.00276639 0.0169104 0.999853 0.240847 0.27426 -0.483673
FixedParameters: 0 0 0

#Transform 125
Transform: AffineTransform_float_3_3
Parameters: 0.999968 -0.00717164 0.00335221 0.00722669 0.999832 -0.0168623 -0.00323101 0.0168867 0.999852 0.253565 0.291925 -0.597506
FixedParameters: 0 0 0

#Transform 126
Transform: AffineTransform_float_3_3
Parameters: 0.999966 -0.0075249 0.00336744 0.00758189 0.999826 -0.0170341 -0.00323838 0.0170589 0.999849 0.25498 0.320578 -0.590288
FixedParameters: 0 0 0

#Transform 127
Transform: AffineTransform_float_3_3
Parameters: 0.999968 -0.00729785 0.00347892 0.00735855 0.999814 -0.0177914 -0.00334856 0.0178156 0.999835 0.253459 0.27909 -0.527739
FixedParameters: 0 0 0

#Transform 128
Transform: AffineTransform_float_3_3
Parameters: 0.999968 -0.00741977 0.00317093 0.00747504 0.999816 -0.0176759 -0.00303856 0.0176991 0.999838 0.236283 0.294677 -0.482869
FixedParameters: 0 0 0

#Transform 129
Transform: AffineTransform_float_3_3
Parameters: 0.999968 -0.00745367 0.00306256 0.00750541 0.999826 -0.0170816 -0.00293413 0.0171034 0.99985 0.251518 0.302701 -0.542156
FixedParameters: 0 0 0

#Transform 130
Transform: AffineTransform_float_3_3
Parameters: 0.999966 -0.00759578 0.00315891 0.00764851 0.999825 -0.0171148 -0.00302838 0.0171382 0.999849 0.244315 0.30042 -0.550545
FixedParameters: 0 0 0

#Transform 131
Transform: AffineTransform_float_3_3
Parameters: 0.999965 -0.00768034 0.00350994 0.00774164 0.99981 -0.0178659 -0.003372 0.0178931 0.999834 0.243152 0.267554 -0.493107
FixedParameters: 0 0 0

#Transform 132
Transform: AffineTransform_float_3_3
Parameters: 0.999968 -0.00739876 0.00325986 0.00745518 0.999814 -0.017772 -0.00312784 0.017795 0.999837 0.264089 0.250984 -0.624031
FixedParameters: 0 0 0

#Transform 133
Transform: AffineTransform_float_3_3
Parameters: 0.999962 -0.00798402 0.0034894 0.00804483 0.999805 -0.0180493 -0.00334489 0.0180767 0.999831 0.273338 0.247692 -0.571554
FixedParameters: 0 0 0

#Transform 134
Transform: AffineTransform_float_3_3
Parameters: 0.999962 -0.00789609 0.00374778 0.00796371 0.999799 -0.0183681 -0.00360245 0.0183969 0.999824 0.25248 0.246826 -0.551066
FixedParameters: 0 0 0

#Transform 135
Transform: AffineTransform_float_3_3
Parameters: 0.999964 -0.00767318 0.0035578 0.00773757 0.999803 -0.0182956 -0.00341712 0.0183234 0.999826 0.25505 0.260691 -0.718782
FixedParameters: 0 0 0

#Transform 136
Transform: AffineTransform_float_3_3
Parameters: 0.99996 -0.00822867 0.00345432 0.00829203 0.99979 -0.0187576 -0.00329867 0.0187853 0.999818 0.269244 0.299794 -0.590241
FixedParameters: 0 0 0

#Transform 137
Transform: AffineTransform_float_3_3
Parameters: 0.999966 -0.00755402 0.003491 0.00761847 0.999796 -0.0187231 -0.00334912 0.0187499 0.999819 0.263551 0.290833 -0.737485
FixedParameters: 0 0 0

#Transform 138
Transform: AffineTransform_float_3_3
Parameters: 0.999962 -0.00787709 0.00378288 0.00794618 0.999796 -0.0185739 -0.0036355 0.0186031 0.999821 0.27158 0.312702 -0.662546
FixedParameters: 0 0 0

#Transform 139
Transform: AffineTransform_float_3_3
Parameters: 0.999957 -0.00841379 0.00385625 0.00848469 0.999785 -0.0189114 -0.00369589 0.0189436 0.999813 0.261968 0.296023 -0.631279
FixedParameters: 0 0 0

#Transform 140
Transform: AffineTransform_float_3_3
Parameters: 0.999957 -0.00849693 0.00367031 0.00856467 0.999782 -0.0190549 -0.00350784 0.0190852 0.999812 0.281121 0.274925 -0.77622
FixedParameters: 0 0 0

#Transform 141
Transform: AffineTransform_float_3_3
Parameters: 0.999959 -0.0081609 0.00376775 0.00823092 0.999791 -0.018735 -0.00361383 0.018766 0.999817 0.275917 0.276417 -0.704034
FixedParameters: 0 0 0

#Transform 142
Transform: AffineTransform_float_3_3
Parameters: 0.999957 -0.00844753 0.00376118 0.00851794 0.999782 -0.0190671 -0.00359993 0.0190979 0.999811 0.278212 0.248042 -0.697554
FixedParameters: 0 0 0

#Transform 143
Transform: AffineTransform_float_3_3
Parameters: 0.999957 -0.0084386 0.00378113 0.00850835 0.999784 -0.0189436 -0.00362102 0.0189754 0.999814 0.289698 0.276142 -0.795406
FixedParameters: 0 0 0

#Transform 144
Transform: AffineTransform_float_3_3
Parameters: 0.999958 -0.00847395 0.00355036 0.00854162 0.999776 -0.0193688 -0.00338552 0.0193983 0.999806 0.272197 0.298295 -0.629301
FixedParameters: 0 0 0

#Transform 145
Transform: AffineTransform_float_3_3
Parameters: 0.999959 -0.0083044 0.00341259 0.00836896 0.99978 -0.0192038 -0.00325202 0.0192312 0.99981 0.268642 0.28134 -0.598756
FixedParameters: 0 0 0

#Transform 146
Transform: AffineTransform_float_3_3
Parameters: 0.999959 -0.00824879 0.00375246 0.0083185 0.999789 -0.0187561 -0.00359714 0.0187868 0.999817 0.280824 0.305688 -0.728581
FixedParameters: 0 0 0

#Transform 147
Transform: AffineTransform_float_3_3
Parameters: 0.999958 -0.00836607 0.00376696 0.00843621 0.999783 -0.019016 -0.00360745 0.019047 0.999812 0.262055 0.29791 -0.62682
FixedParameters: 0 0 0

#Transform 148
Transform: AffineTransform_float_3_3
Parameters: 0.999955 -0.00869047 0.00364426 0.00875959 0.999776 -0.0192893 -0.00347606 0.0193197 0.999807 0.272093 0.278488 -0.63432
FixedParameters: 0 0 0

#Transform 149
Transform: AffineTransform_float_3_3
Parameters: 0.999957 -0.00850294 0.00385772 0.00857519 0.999779 -0.0192284 -0.00369354 0.0192606 0.999807 0.297239 0.306178 -0.741747
FixedParameters: 0 0 0

#Transform 150
Transform: AffineTransform_float_3_3
Parameters: 0.999955 -0.00865358 0.00393969 0.00872802 0.999775 -0.0193655 -0.00377188 0.0193995 0.999805 0.264497 0.319044 -0.614417
FixedParameters: 0 0 0

#Transform 151
Transform: AffineTransform_float_3_3
Parameters: 0.999958 -0.00836288 0.00390381 0.00843746 0.999777 -0.0193657 -0.00374135 0.0193983 0.999805 0.27727 0.298532 -0.645855
FixedParameters: 0 0 0

#Transform 152
Transform: AffineTransform_float_3_3
Parameters: 0.999958 -0.00817257 0.00396692 0.00824664 0.999783 -0.0190742 -0.00381088 0.0191058 0.99981 0.280189 0.320966 -0.723513
FixedParameters: 0 0 0

#Transform 153
Transform: AffineTransform_float_3_3
Parameters: 0.999956 -0.00846844 0.00397373 0.00854585 0.999766 -0.0198679 -0.00380463 0.0199011 0.999795 0.263259 0.298598 -0.591354
FixedParameters: 0 0 0

#Transform 154
Transform: AffineTransform_float_3_3
Parameters: 0.999959 -0.00820906 0.00399497 0.0082879 0.999767 -0.0199179 -0.00382995 0.0199501 0.999794 0.275106 0.2685 -0.703394
FixedParameters: 0 0 0

#Transform 155
Transform: AffineTransform_float_3_3
Parameters: 0.999954 -0.00882075 0.00381363 0.0088949 0.999759 -0.0200576 -0.00363562 0.0200905 0.999792 0.281926 0.295989 -0.683696
FixedParameters: 0 0 0

#Transform 156
Transform: AffineTransform_float_3_3
Parameters: 0.999955 -0.00865922 0.00390745 0.00873865 0.999749 -0.0206568 -0.00372737 0.0206902 0.999779 0.272154 0.296688 -0.593082
FixedParameters: 0 0 0

#Transform 157
Transform: AffineTransform_float_3_3
Parameters: 0.999956 -0.00850309 0.00394531 0.00858023 0.999764 -0.0199636 -0.00377544 0.0199965 0.999793 0.29593 0.309949 -0.716526
FixedParameters: 0 0 0

#Transform 158
Transform: AffineTransform_float_3_3
Parameters: 0.999952 -0.00893002 0.00408075 0.00901095 0.999756 -0.0201612 -0.00389976 0.0201969 0.999789 0.292841 0.304968 -0.630752
FixedParameters: 0 0 0

#Transform 159
Transform: AffineTransform_float_3_3
Parameters: 0.999951 -0.00915022 0.00394654 0.00922774 0.999755 -0.0201046 -0.00376211 0.0201394 0.99979 0.296324 0.285577 -0.623238
FixedParameters: 0 0 0

#Transform 160
Transform: AffineTransform_float_3_3
Parameters: 0.999955 -0.00867381 0.00402653 0.00875238 0.999764 -0.0198878 -0.00385388 0.0199213 0.999794 0.309003 0.302144 -0.762587
FixedParameters: 0 0 0

#Transform 161
Transform: AffineTransform_float_3_3
Parameters: 0.999947 -0.00927193 0.00430542 0.00935941 0.999739 -0.0208522 -0.00411153 0.0208918 0.999773 0.295806 0.306903 -0.580399
FixedParameters: 0 0 0

#Transform 162
Transform: AffineTransform_float_3_3
Parameters: 0.999951 -0.00899674 0.00407866 0.0090758 0.999762 -0.0198363 -0.00389905 0.0198717 0.999795 0.303074 0.310351 -0.708337
FixedParameters: 0 0 0

#Transform 163
Transform: AffineTransform_float_3_3
Parameters: 0.999949 -0.00923035 0.00414909 0.00931169 0.999757 -0.0200076 -0.0039638 0.0200454 0.999792 0.330857 0.302982 -0.718659
FixedParameters: 0 0 0

#Transform 164
Transform: AffineTransform_float_3_3
Parameters: 0.99995 -0.00926454 0.00376564 0.00934166 0.999737 -0.0209213 -0.00357165 0.0209557 0.999774 0.276594 0.296553 -0.517516
FixedParameters: 0 0 0

#Transform 165
Transform: AffineTransform_float_3_3
Parameters: 0.999952 -0.00902749 0.00393922 0.00910577 0.999753 -0.0202604 -0.00375464 0.0202956 0.999787 0.3095 0.315521 -0.740937
FixedParameters: 0 0 0

#Transform 166
Transform: AffineTransform_float_3_3
Parameters: 0.999948 -0.00923835 0.00430733 0.00932211 0.99976 -0.0198221 -0.004123 0.0198609 0.999795 0.285868 0.300162 -0.635146
FixedParameters: 0 0 0

#Transform 167
Transform: AffineTransform_float_3_3
Parameters: 0.999948 -0.00926663 0.00409992 0.00934635 0.999759 -0.019839 -0.00391489 0.0198769 0.999794 0.323777 0.30003 -0.775717
FixedParameters: 0 0 0

#Transform 168
Transform: AffineTransform_float_3_3
Parameters: 0.999948 -0.00917692 0.00433916 0.00926243 0.999757 -0.0200361 -0.00415382 0.0200749 0.99979 0.307862 0.345415 -0.74946
FixedParameters: 0 0 0

#Transform 169
Transform: AffineTransform_float_3_3
Parameters: 0.999945 -0.00956181 0.00429709 0.00964811 0.999744 -0.0204301 -0.0041004 0.0204699 0.999782 0.290826 0.322583 -0.690685
FixedParameters: 0 0 0

#Transform 170
Transform: AffineTransform_float_3_3
Parameters: 0.999951 -0.00918164 0.00385216 0.0092579 0.999751 -0.0203081 -0.00366535 0.0203429 0.999787 0.320011 0.314523 -0.827803
FixedParameters: 0 0 0

#Transform 171
Transform: AffineTransform_float_3_3
Parameters: 0.999947 -0.00961576 0.00386421 0.00969215 0.999746 -0.0203345 -0.00366776 0.0203705 0.999786 0.308665 0.302831 -0.737073
FixedParameters: 0 0 0

#Transform 172
Transform: AffineTransform_float_3_3
Parameters: 0.999947 -0.00955618 0.00399715 0.00963605 0.999741 -0.0205932 -0.00379968 0.0206298 0.99978 0.304712 0.287736 -0.720586
FixedParameters: 0 0 0

#Transform 173
Transform: AffineTransform_float_3_3
Parameters: 0.999948 -0.00939701 0.0040904 0.00947864 0.999744 -0.020521 -0.00389687 0.020559 0.999781 0.32857 0.306084 -0.770934
FixedParameters: 0 0 0

#Transform 174
Transform: AffineTransform_float_3_3
Parameters: 0.999944 -0.00976568 0.00424857 0.009855 0.999722 -0.0213938 -0.00403862 0.0214341 0.999762 0.317128 0.29818 -0.609493
FixedParameters: 0 0 0

#Transform 175
Transform: AffineTransform_float_3_3
Parameters: 0.999947 -0.00945358 0.00422565 0.00953868 0.999741 -0.0206381 -0.00402947 0.0206769 0.999778 0.341061 0.321159 -0.844741
FixedParameters: 0 0 0

#Transform 176
Transform: AffineTransform_float_3_3
Parameters: 0.999948 -0.00919719 0.00435691 0.00928716 0.999732 -0.0212059 -0.00416061 0.0212451 0.999765 0.302709 0.303449 -0.603347
FixedParameters: 0 0 0

#Transform 177
Transform: AffineTransform_float_3_3
Parameters: 0.999948 -0.00949823 0.00358174 0.00957017 0.999742 -0.0205729 -0.00338576 0.0206061 0.999782 0.313378 0.329203 -0.696935
FixedParameters: 0 0 0

#Transform 178
Transform: AffineTransform_float_3_3
Parameters: 0.999942 -0.00980673 0.00443276 0.00989678 0.999736 -0.0207541 -0.00422746 0.020797 0.999775 0.320672 0.333596 -0.717044
FixedParameters: 0 0 0

#Transform 179
Transform: AffineTransform_float_3_3
Parameters: 0.999942 -0.00987327 0.00428743 0.00996471 0.999713 -0.0217914 -0.00407137 0.0218326 0.999754 0.323172 0.325606 -0.595796
FixedParameters: 0 0 0
