#Insight Transform File V1.0
#Transform 0
Transform: AffineTransform_float_3_3
Parameters: 0.999999 0.000329811 -0.000844442 -0.000331 0.999999 -0.00070372 0.000843977 0.000704278 0.999999 -0.0664662 0.0809418 0.347185
FixedParameters: 0 0 0

#Transform 1
Transform: AffineTransform_float_3_3
Parameters: 0.999999 0.000415169 -0.000844276 -0.000415029 1 8.33505e-05 0.000844345 -8.26496e-05 0.999999 -0.0049698 0.0189785 -0.192375
FixedParameters: 0 0 0

#Transform 2
Transform: AffineTransform_float_3_3
Parameters: 0.999999 0.000495033 -0.000655732 -0.000495365 1 -0.000252675 0.000655482 0.000253324 1 -0.00694065 0.058107 -0.244211
FixedParameters: 0 0 0

#Transform 3
Transform: AffineTransform_float_3_3
Parameters: 0.999999 0.000517789 -0.000602281 -0.000517934 0.999999 -0.000120535 0.000602156 0.000120464 1 0.0101673 0.067399 -0.309807
FixedParameters: 0 0 0

#Transform 4
Transform: AffineTransform_float_3_3
Parameters: 0.999999 0.000460165 -0.000738371 -0.000459902 1 0.00017834 0.000738534 -0.00017766 0.999999 0.00048513 0.0804355 -0.275048
FixedParameters: 0 0 0

#Transform 5
Transform: AffineTransform_float_3_3
Parameters: 0.999999 0.000479442 -0.000693166 -0.000478916 0.999999 0.000379485 0.00069353 -0.000379515 1 0.00278628 0.0726508 -0.350083
FixedParameters: 0 0 0

#Transform 6
Transform: AffineTransform_float_3_3
Parameters: 0.999998 0.000583861 -0.00161584 -0.000583107 1 0.000639249 0.00161605 -0.000638752 0.999999 0.0332275 0.0826212 -0.540364
FixedParameters: 0 0 0

#Transform 7
Transform: AffineTransform_float_3_3
Parameters: 0.999999 0.000781351 -0.00111169 -0.000780772 1 0.000850869 0.00111249 -0.000849132 0.999999 0.00823059 0.0960971 -0.362935
FixedParameters: 0 0 0

#Transform 8
Transform: AffineTransform_float_3_3
Parameters: 1 0.000574575 -0.000127829 -0.000574595 0.999999 0.00144607 0.00012857 -0.00144593 0.999999 -0.00710732 0.0929456 -0.303021
FixedParameters: 0 0 0

#Transform 9
Transform: AffineTransform_float_3_3
Parameters: 1 0.00104728 -0.000558184 -0.00104635 0.999999 0.00117959 0.000559731 -0.00117841 0.999999 0.000554032 0.0723213 -0.326582
FixedParameters: 0 0 0

#Transform 10
Transform: AffineTransform_float_3_3
Parameters: 1 0.00088551 -0.000568266 -0.000884908 0.999999 0.000873144 0.000568891 -0.000872856 0.999999 -0.00109823 0.0884562 -0.311717
FixedParameters: 0 0 0

#Transform 11
Transform: AffineTransform_float_3_3
Parameters: 1 0.000861356 -0.00069993 -0.000860998 0.999999 0.0011916 0.000701452 -0.0011904 0.999999 0.0028613 0.0691223 -0.363232
FixedParameters: 0 0 0

#Transform 12
Transform: AffineTransform_float_3_3
Parameters: 1 0.000889836 -0.000799659 -0.000889278 0.999999 0.00141251 0.000800721 -0.0014125 0.999999 -0.00414456 0.0834984 -0.356929
FixedParameters: 0 0 0

#Transform 13
Transform: AffineTransform_float_3_3
Parameters: 1 0.000826609 -0.000633169 -0.000826869 0.999999 0.00113852 0.0006336 -0.00113748 0.999999 -0.00990559 0.0864246 -0.350531
FixedParameters: 0 0 0

#Transform 14
Transform: AffineTransform_float_3_3
Parameters: 1 0.000578429 -0.00103744 -0.00057744 0.999999 0.00110875 0.0010382 -0.00110825 0.999999 0.00581928 0.087796 -0.385075
FixedParameters: 0 0 0

#Transform 15
Transform: AffineTransform_float_3_3
Parameters: 0.999999 0.000710701 -0.000147405 -0.000710673 0.999998 0.0014141 0.000148494 -0.00141389 0.999999 -0.0136622 0.0769339 -0.344405
FixedParameters: 0 0 0

#Transform 16
Transform: AffineTransform_float_3_3
Parameters: 0.999999 0.000705656 -0.000159299 -0.000705559 0.999998 0.00152711 0.000160533 -0.00152689 0.999999 -0.0144365 0.0880985 -0.339496
FixedParameters: 0 0 0

#Transform 17
Transform: AffineTransform_float_3_3
Parameters: 1 0.00041107 -0.00019355 -0.000411073 1 0.00099972 0.000193452 -0.00100028 0.999999 0.00032371 0.0874278 -0.371459
FixedParameters: 0 0 0

#Transform 18
Transform: AffineTransform_float_3_3
Parameters: 0.999999 0.000582312 -0.00107938 -0.000581463 0.999999 0.00100078 0.00108001 -0.00100022 0.999999 0.0122039 0.0981292 -0.343199
FixedParameters: 0 0 0

#Transform 19
Transform: AffineTransform_float_3_3
Parameters: 0.999999 0.000731094 -0.00100359 -0.000728913 0.999998 0.00173873 0.0010056 -0.00173727 0.999998 0.000984332 0.10369 -0.324784
FixedParameters: 0 0 0

#Transform 20
Transform: AffineTransform_float_3_3
Parameters: 1 0.000777556 -0.000897964 -0.000777175 0.999999 0.00115985 0.000898316 -0.00115915 0.999999 -0.00458574 0.0969339 -0.302187
FixedParameters: 0 0 0

#Transform 21
Transform: AffineTransform_float_3_3
Parameters: 1 0.000740795 -0.00090585 -0.000739674 0.999999 0.00155731 0.000906705 -0.00155669 0.999998 -0.000587023 0.11278 -0.271831
FixedParameters: 0 0 0

#Transform 22
Transform: AffineTransform_float_3_3
Parameters: 0.999999 0.000509141 -0.00129366 -0.00050748 0.999999 0.00114881 0.0012943 -0.00114819 0.999998 0.0138128 0.128568 -0.21782
FixedParameters: 0 0 0

#Transform 23
Transform: AffineTransform_float_3_3
Parameters: 0.999999 0.00072489 -0.000255013 -0.000724281 0.999998 0.00195219 0.000256921 -0.00195181 0.999998 -0.0135946 0.141306 -0.211711
FixedParameters: 0 0 0

#Transform 24
Transform: AffineTransform_float_3_3
Parameters: 0.999999 0.000964586 -0.000915763 -0.000963448 0.999999 0.00154952 0.000917299 -0.00154848 0.999998 -0.00103224 0.115631 -0.285733
FixedParameters: 0 0 0

#Transform 25
Transform: AffineTransform_float_3_3
Parameters: 0.999999 0.0011886 -0.000645265 -0.00118703 0.999998 0.00182341 0.000647755 -0.00182259 0.999998 -0.00995864 0.128301 -0.256901
FixedParameters: 0 0 0

#Transform 26
Transform: AffineTransform_float_3_3
Parameters: 1 0.000614941 -0.00100045 -0.000613808 0.999998 0.00141677 0.00100074 -0.00141623 0.999998 0.0100892 0.117583 -0.25979
FixedParameters: 0 0 0

#Transform 27
Transform: AffineTransform_float_3_3
Parameters: 1 0.000915273 -0.00077074 -0.000914064 0.999998 0.00188671 0.000772739 -0.00188529 0.999998 0.00594819 0.115393 -0.264365
FixedParameters: 0 0 0

#Transform 28
Transform: AffineTransform_float_3_3
Parameters: 1 0.000792449 -0.000773957 -0.000790841 0.999998 0.00213625 0.000775889 -0.00213575 0.999997 0.000705803 0.119207 -0.245694
FixedParameters: 0 0 0

#Transform 29
Transform: AffineTransform_float_3_3
Parameters: 0.999999 0.000413562 -0.0014713 -0.000412316 0.999999 0.00131512 0.00147132 -0.00131388 0.999998 0.0316204 0.159785 -0.331607
FixedParameters: 0 0 0

#Transform 30
Transform: AffineTransform_float_3_3
Parameters: 0.999999 0.00100056 -0.000983151 -0.000999112 0.999997 0.00226614 0.000985701 -0.00226486 0.999997 -0.0186159 0.155981 -0.262458
FixedParameters: 0 0 0

#Transform 31
Transform: AffineTransform_float_3_3
Parameters: 1 0.00086667 -0.000585464 -0.000864742 0.999996 0.00264451 0.00058728 -0.00264349 0.999997 -0.015221 0.131606 -0.281881
FixedParameters: 0 0 0

#Transform 32
Transform: AffineTransform_float_3_3
Parameters: 0.999999 0.00095275 -0.000921112 -0.0009509 0.999998 0.00192652 0.000923328 -0.00192548 0.999998 -0.00879888 0.101808 -0.313091
FixedParameters: 0 0 0

#Transform 33
Transform: AffineTransform_float_3_3
Parameters: 0.999999 0.000821368 -0.00130025 -0.000818093 0.999997 0.00241686 0.00130223 -0.00241614 0.999996 0.00310766 0.122023 -0.324523
FixedParameters: 0 0 0

#Transform 34
Transform: AffineTransform_float_3_3
Parameters: 0.999999 0.000554884 -0.000681192 -0.000553478 0.999997 0.00228038 0.000682269 -0.00227962 0.999997 -0.00304445 0.133288 -0.300755
FixedParameters: 0 0 0

#Transform 35
Transform: AffineTransform_float_3_3
Parameters: 0.999999 0.000728408 -0.00110604 -0.000726007 0.999997 0.00226896 0.00110828 -0.00226804 0.999997 -0.00577174 0.117243 -0.34822
FixedParameters: 0 0 0

#Transform 36
Transform: AffineTransform_float_3_3
Parameters: 0.999999 0.000806127 -0.000646747 -0.000803461 0.999996 0.00266067 0.000649189 -0.00266033 0.999997 -0.0199754 0.122262 -0.321134
FixedParameters: 0 0 0

#Transform 37
Transform: AffineTransform_float_3_3
Parameters: 1 0.000782952 -0.00080206 -0.000780576 0.999997 0.00253827 0.000804578 -0.00253773 0.999996 -0.0126023 0.131094 -0.323243
FixedParameters: 0 0 0

#Transform 38
Transform: AffineTransform_float_3_3
Parameters: 0.999999 0.00099317 -0.000957597 -0.000991227 0.999996 0.00278859 0.000960228 -0.00278741 0.999995 -0.0202352 0.144764 -0.342433
FixedParameters: 0 0 0

#Transform 39
Transform: AffineTransform_float_3_3
Parameters: 0.999999 0.00100702 -0.000944655 -0.00100486 0.999997 0.00225095 0.000946811 -0.00224905 0.999997 -0.0253905 0.133015 -0.319892
FixedParameters: 0 0 0

#Transform 40
Transform: AffineTransform_float_3_3
Parameters: 0.999999 0.000469769 -0.000718123 -0.000468019 0.999998 0.00212898 0.00071959 -0.00212902 0.999997 -0.00114575 0.134581 -0.32408
FixedParameters: 0 0 0

#Transform 41
Transform: AffineTransform_float_3_3
Parameters: 1 0.00082006 -0.000865682 -0.000817701 0.999996 0.00234286 0.000868068 -0.00234214 0.999997 -0.0219724 0.147614 -0.28345
FixedParameters: 0 0 0

#Transform 42
Transform: AffineTransform_float_3_3
Parameters: 1 0.000737563 -0.000831535 -0.000736351 0.999998 0.00175161 0.000832666 -0.00175039 0.999998 -0.0204176 0.130897 -0.27515
FixedParameters: 0 0 0

#Transform 43
Transform: AffineTransform_float_3_3
Parameters: 1 0.00108003 -0.000354793 -0.00107969 0.999997 0.00212902 0.00035663 -0.00212898 0.999997 -0.0382818 0.154906 -0.214007
FixedParameters: 0 0 0

#Transform 44
Transform: AffineTransform_float_3_3
Parameters: 1 0.000472138 -0.00107511 -0.000468914 0.999994 0.00332666 0.00107665 -0.00332634 0.999994 0.0158716 0.189826 -0.353237
FixedParameters: 0 0 0

#Transform 45
Transform: AffineTransform_float_3_3
Parameters: 0.999999 0.000804241 -0.00164756 -0.00079837 0.999994 0.00337027 0.00165084 -0.00336973 0.999993 0.00871147 0.199133 -0.329188
FixedParameters: 0 0 0

#Transform 46
Transform: AffineTransform_float_3_3
Parameters: 0.999998 0.00128127 -0.00139325 -0.00127642 0.999993 0.00356758 0.00139802 -0.00356542 0.999993 -0.0384131 0.177969 -0.334049
FixedParameters: 0 0 0

#Transform 47
Transform: AffineTransform_float_3_3
Parameters: 0.999999 0.00095379 -0.00121696 -0.000950074 0.999994 0.00329931 0.00122073 -0.00329769 0.999994 -0.0233207 0.167164 -0.375915
FixedParameters: 0 0 0

#Transform 48
Transform: AffineTransform_float_3_3
Parameters: 1 0.000661355 -0.000916928 -0.00065795 0.999994 0.0034944 0.000919558 -0.0034946 0.999993 -0.0194995 0.16048 -0.36217
FixedParameters: 0 0 0

#Transform 49
Transform: AffineTransform_float_3_3
Parameters: 0.999999 0.000913695 -0.00104867 -0.000909561 0.999995 0.00296511 0.0010517 -0.00296389 0.999995 -0.0308907 0.161969 -0.374166
FixedParameters: 0 0 0

#Transform 50
Transform: AffineTransform_float_3_3
Parameters: 0.999999 0.000929133 -0.00123396 -0.000925741 0.999995 0.00312294 0.00123724 -0.00312206 0.999994 -0.0326253 0.163692 -0.371185
FixedParameters: 0 0 0

#Transform 51
Transform: AffineTransform_float_3_3
Parameters: 0.999998 0.00105874 -0.00127778 -0.00105432 0.999993 0.00372414 0.0012813 -0.00372285 0.999992 -0.0399101 0.165406 -0.358944
FixedParameters: 0 0 0

#Transform 52
Transform: AffineTransform_float_3_3
Parameters: 0.999999 0.000740001 -0.0010834 -0.000735795 0.999994 0.00350859 0.00108567 -0.00350841 0.999993 -0.0276071 0.158155 -0.345618
FixedParameters: 0 0 0

#Transform 53
Transform: AffineTransform_float_3_3
Parameters: 0.999999 0.000556406 -0.0010949 -0.000552463 0.999992 0.00377276 0.00109658 -0.00377224 0.999992 -0.0136421 0.156445 -0.370833
FixedParameters: 0 0 0

#Transform 54
Transform: AffineTransform_float_3_3
Parameters: 0.999999 0.000912751 -0.00112667 -0.000908158 0.999993 0.00354382 0.00113022 -0.00354318 0.999993 -0.0289586 0.16847 -0.352586
FixedParameters: 0 0 0

#Transform 55
Transform: AffineTransform_float_3_3
Parameters: 0.999999 0.000673238 -0.00105177 -0.000668668 0.999993 0.0037865 0.00105395 -0.0037865 0.999992 -0.0109963 0.170572 -0.381472
FixedParameters: 0 0 0

#Transform 56
Transform: AffineTransform_float_3_3
Parameters: 0.999999 0.000976697 -0.000974548 -0.000973547 0.999993 0.00355759 0.000977664 -0.00355641 0.999993 -0.0333505 0.153874 -0.375623
FixedParameters: 0 0 0

#Transform 57
Transform: AffineTransform_float_3_3
Parameters: 1 0.00072449 -0.000956993 -0.000722064 0.999995 0.00304385 0.000958495 -0.00304316 0.999995 -0.0161314 0.155853 -0.374358
FixedParameters: 0 0 0

#Transform 58
Transform: AffineTransform_float_3_3
Parameters: 0.999999 0.000931173 -0.000948781 -0.000928027 0.999993 0.00365288 0.00095175 -0.00365112 0.999993 -0.0317924 0.1576 -0.370728
FixedParameters: 0 0 0

#Transform 59
Transform: AffineTransform_float_3_3
Parameters: 0.999999 0.000411213 -0.000893798 -0.00040909 0.999996 0.00265352 0.000894915 -0.00265348 0.999997 0.0049543 0.154474 -0.362266
FixedParameters: 0 0 0

#Transform 60
Transform: AffineTransform_float_3_3
Parameters: 0.999999 0.000437322 -0.000796817 -0.000434569 0.999994 0.00336935 0.000798694 -0.00336865 0.999994 0.00085899 0.154999 -0.378802
FixedParameters: 0 0 0

#Transform 61
Transform: AffineTransform_float_3_3
Parameters: 0.999999 0.000475095 -0.00125642 -0.000471546 0.999994 0.00334175 0.00125838 -0.00334125 0.999994 -0.00242627 0.158517 -0.340089
FixedParameters: 0 0 0

#Transform 62
Transform: AffineTransform_float_3_3
Parameters: 0.999999 0.000602861 -0.00121879 -0.00059852 0.999994 0.00355289 0.00122055 -0.00355212 0.999993 -0.00616034 0.156177 -0.374597
FixedParameters: 0 0 0

#Transform 63
Transform: AffineTransform_float_3_3
Parameters: 1 0.000709634 -0.000965106 -0.000705729 0.999993 0.00378148 0.000967558 -0.00378152 0.999992 -0.0160878 0.170582 -0.341468
FixedParameters: 0 0 0

#Transform 64
Transform: AffineTransform_float_3_3
Parameters: 0.999999 0.00052689 -0.00139949 -0.000522244 0.999994 0.00353189 0.00140107 -0.00353111 0.999993 0.00715695 0.16196 -0.392133
FixedParameters: 0 0 0

#Transform 65
Transform: AffineTransform_float_3_3
Parameters: 1 0.000648066 -0.000835231 -0.00064441 0.999993 0.00367254 0.000836686 -0.00367146 0.999993 -0.0168154 0.17029 -0.344593
FixedParameters: 0 0 0

#Transform 66
Transform: AffineTransform_float_3_3
Parameters: 0.999999 0.000525563 -0.00125492 -0.000521255 0.999995 0.00328181 0.00125677 -0.00328119 0.999994 0.0096711 0.165253 -0.387955
FixedParameters: 0 0 0

#Transform 67
Transform: AffineTransform_float_3_3
Parameters: 0.999999 0.000331841 -0.00091165 -0.000328916 0.999992 0.00375945 0.000912544 -0.00375954 0.999992 -0.00650808 0.173554 -0.37605
FixedParameters: 0 0 0

#Transform 68
Transform: AffineTransform_float_3_3
Parameters: 0.999999 0.000341199 -0.00123079 -0.00033779 0.999996 0.00298257 0.00123123 -0.00298243 0.999995 -0.00763211 0.169601 -0.350526
FixedParameters: 0 0 0

#Transform 69
Transform: AffineTransform_float_3_3
Parameters: 1 0.000237051 -0.00118695 -0.000233511 0.999996 0.00298243 0.00118769 -0.00298257 0.999995 0.0129942 0.173513 -0.354521
FixedParameters: 0 0 0

#Transform 70
Transform: AffineTransform_float_3_3
Parameters: 0.999999 0.000200384 -0.000753699 -0.000198237 0.999995 0.00316415 0.000753901 -0.00316385 0.999994 -0.00876036 0.180101 -0.282945
FixedParameters: 0 0 0

#Transform 71
Transform: AffineTransform_float_3_3
Parameters: 0.999999 0.000214014 -0.000914604 -0.000210935 0.999995 0.00311635 0.000914869 -0.00311665 0.999995 0.00697408 0.179982 -0.370366
FixedParameters: 0 0 0

#Transform 72
Transform: AffineTransform_float_3_3
Parameters: 0.999999 0.000338991 -0.000858317 -0.000335315 0.999993 0.00366629 0.00085973 -0.00366571 0.999993 -0.0111558 0.172621 -0.33833
FixedParameters: 0 0 0

#Transform 73
Transform: AffineTransform_float_3_3
Parameters: 0.999999 8.45074e-05 -0.000894845 -8.25467e-05 0.999995 0.00307523 0.00089469 -0.00307577 0.999995 0.0129653 0.190356 -0.381809
FixedParameters: 0 0 0

#Transform 74
Transform: AffineTransform_float_3_3
Parameters: 0.999999 0.000216966 -0.000900467 -0.000214318 0.999994 0.00343619 0.00090128 -0.00343581 0.999993 -0.00171619 0.196638 -0.340391
FixedParameters: 0 0 0

#Transform 75
Transform: AffineTransform_float_3_3
Parameters: 0.999999 0.000142685 -0.0013356 -0.000137592 0.999994 0.00357634 0.00133632 -0.00357666 0.999993 0.0134505 0.206676 -0.344542
FixedParameters: 0 0 0

#Transform 76
Transform: AffineTransform_float_3_3
Parameters: 0.999999 0.000185922 -0.000901639 -0.000182737 0.999994 0.00322032 0.000901767 -0.00322068 0.999994 0.00206859 0.20311 -0.317229
FixedParameters: 0 0 0

#Transform 77
Transform: AffineTransform_float_3_3
Parameters: 1 0.00021472 -0.00107319 -0.000211197 0.999995 0.00329038 0.00107392 -0.00329062 0.999994 0.014424 0.218069 -0.321296
FixedParameters: 0 0 0

#Transform 78
Transform: AffineTransform_float_3_3
Parameters: 1 0.000241268 -0.000924896 -0.000237849 0.999994 0.00326558 0.0009254 -0.00326442 0.999994 0.00343811 0.216518 -0.328614
FixedParameters: 0 0 0

#Transform 79
Transform: AffineTransform_float_3_3
Parameters: 1 4.47862e-06 -0.00108472 -1.20092e-06 0.999995 0.00296351 0.00108499 -0.00296348 0.999995 0.0119042 0.201541 -0.322522
FixedParameters: 0 0 0

#Transform 80
Transform: AffineTransform_float_3_3
Parameters: 0.999999 9.98018e-05 -0.000858879 -9.77278e-05 0.999994 0.00327044 0.000858856 -0.00326956 0.999994 0.0112782 0.221264 -0.325034
FixedParameters: 0 0 0

#Transform 81
Transform: AffineTransform_float_3_3
Parameters: 1 -4.23775e-06 -0.00110407 6.49381e-06 0.999997 0.00244936 0.00110429 -0.00244865 0.999997 0.0179823 0.216994 -0.285122
FixedParameters: 0 0 0

#Transform 82
Transform: AffineTransform_float_3_3
Parameters: 0.999999 7.25349e-05 -0.000922522 -6.97622e-05 0.999997 0.00271207 0.000922769 -0.00271193 0.999996 0.0118285 0.21546 -0.328675
FixedParameters: 0 0 0

#Transform 83
Transform: AffineTransform_float_3_3
Parameters: 1 -1.56087e-05 -0.00113172 1.8566e-05 0.999997 0.00269898 0.00113188 -0.00269902 0.999995 0.00888195 0.21863 -0.281784
FixedParameters: 0 0 0

#Transform 84
Transform: AffineTransform_float_3_3
Parameters: 1 -6.5422e-07 -0.0010967 3.43177e-06 0.999995 0.00288251 0.00109602 -0.00288249 0.999996 0.0125018 0.217805 -0.311549
FixedParameters: 0 0 0

#Transform 85
Transform: AffineTransform_float_3_3
Parameters: 1 0.000151128 -0.001202 -0.000147394 0.999997 0.00264433 0.00120173 -0.00264467 0.999996 -0.00475504 0.202936 -0.264256
FixedParameters: 0 0 0

#Transform 86
Transform: AffineTransform_float_3_3
Parameters: 1 4.53397e-05 -0.000987033 -4.31755e-05 0.999996 0.0026922 0.000987523 -0.0026928 0.999996 0.00719948 0.211149 -0.333135
FixedParameters: 0 0 0

#Transform 87
Transform: AffineTransform_float_3_3
Parameters: 1 0.000265264 -0.00117082 -0.000262437 0.999996 0.00271946 0.00117158 -0.00271954 0.999996 -0.00629532 0.218775 -0.278061
FixedParameters: 0 0 0

#Transform 88
Transform: AffineTransform_float_3_3
Parameters: 1 0.000145976 -0.00119962 -0.000142417 0.999995 0.00296053 0.00119981 -0.00295947 0.999995 0.00649771 0.222857 -0.302111
FixedParameters: 0 0 0

#Transform 89
Transform: AffineTransform_float_3_3
Parameters: 0.999999 0.000182052 -0.000848166 -0.00017954 0.999996 0.00279515 0.000849038 -0.00279485 0.999995 -0.00684191 0.203448 -0.261985
FixedParameters: 0 0 0

#Transform 90
Transform: AffineTransform_float_3_3
Parameters: 1 3.5918e-06 -0.00108656 -5.24883e-07 0.999996 0.00286152 0.00108682 -0.00286149 0.999996 0.0181272 0.223631 -0.306629
FixedParameters: 0 0 0

#Transform 91
Transform: AffineTransform_float_3_3
Parameters: 0.999999 0.000225552 -0.000876259 -0.000223291 0.999996 0.00278635 0.00087645 -0.00278665 0.999996 -0.00918432 0.223786 -0.285178
FixedParameters: 0 0 0

#Transform 92
Transform: AffineTransform_float_3_3
Parameters: 1 6.69283e-05 -0.00110126 -6.36077e-05 0.999996 0.00293843 0.00110189 -0.00293757 0.999995 0.0168704 0.243029 -0.328449
FixedParameters: 0 0 0

#Transform 93
Transform: AffineTransform_float_3_3
Parameters: 0.999999 0.000278397 -0.00081731 -0.000276528 0.999996 0.00250638 0.000818562 -0.00250662 0.999996 -0.00991182 0.24236 -0.276394
FixedParameters: 0 0 0

#Transform 94
Transform: AffineTransform_float_3_3
Parameters: 1 1.15433e-05 -0.00106813 -8.20249e-06 0.999996 0.00303901 0.00106844 -0.00303899 0.999995 0.0131819 0.228432 -0.300149
FixedParameters: 0 0 0

#Transform 95
Transform: AffineTransform_float_3_3
Parameters: 0.999999 5.90346e-05 -0.000954771 -5.68308e-05 0.999996 0.00280405 0.000955347 -0.00280394 0.999995 -0.000406837 0.207941 -0.265151
FixedParameters: 0 0 0

#Transform 96
Transform: AffineTransform_float_3_3
Parameters: 1 0.000115391 -0.00118282 -0.000113535 0.999997 0.00228229 0.00118268 -0.00228271 0.999997 -0.00924716 0.213612 -0.278322
FixedParameters: 0 0 0

#Transform 97
Transform: AffineTransform_float_3_3
Parameters: 0.999999 0.000173472 -0.00089217 -0.000170304 0.999996 0.00302515 0.000893071 -0.00302485 0.999995 -0.0143578 0.217754 -0.285419
FixedParameters: 0 0 0

#Transform 98
Transform: AffineTransform_float_3_3
Parameters: 0.999999 4.68015e-05 -0.00176591 -4.0152e-05 0.999993 0.00377859 0.00176582 -0.00377841 0.999991 0.0190176 0.247343 -0.33394
FixedParameters: 0 0 0

#Transform 99
Transform: AffineTransform_float_3_3
Parameters: 0.999998 0.000454861 -0.00159546 -0.000448434 0.999992 0.00394439 0.00159729 -0.00394361 0.999991 -0.0164995 0.216663 -0.355496
FixedParameters: 0 0 0

#Transform 100
Transform: AffineTransform_float_3_3
Parameters: 1 0.000236571 -0.00112857 -0.000232143 0.999992 0.00393642 0.00113013 -0.00393658 0.999992 -0.00665678 0.207139 -0.437703
FixedParameters: 0 0 0

#Transform 101
Transform: AffineTransform_float_3_3
Parameters: 1 8.48792e-05 -0.000895695 -8.13928e-05 0.999993 0.00392408 0.000895679 -0.00392393 0.999992 0.00112103 0.235849 -0.49125
FixedParameters: 0 0 0

#Transform 102
Transform: AffineTransform_float_3_3
Parameters: 0.999999 0.000216665 -0.000760118 -0.000213253 0.999992 0.00396816 0.000760765 -0.00396784 0.999992 -0.00862383 0.227417 -0.409142
FixedParameters: 0 0 0

#Transform 103
Transform: AffineTransform_float_3_3
Parameters: 1 0.000362141 -0.000235387 -0.000361815 0.99999 0.00429308 0.000237045 -0.00429291 0.999991 -0.017141 0.231875 -0.425513
FixedParameters: 0 0 0

#Transform 104
Transform: AffineTransform_float_3_3
Parameters: 1 0.000367607 -0.000457733 -0.000366162 0.99999 0.00443317 0.000459927 -0.00443283 0.99999 -0.0201337 0.216943 -0.456058
FixedParameters: 0 0 0

#Transform 105
Transform: AffineTransform_float_3_3
Parameters: 1 0.000340522 -0.000286981 -0.000339278 0.99999 0.0044331 0.000289465 -0.0044329 0.99999 -0.0152408 0.229515 -0.415984
FixedParameters: 0 0 0

#Transform 106
Transform: AffineTransform_float_3_3
Parameters: 1 0.000314294 -0.000349635 -0.000312761 0.99999 0.00461711 0.00035108 -0.00461689 0.99999 -0.0153332 0.222247 -0.380576
FixedParameters: 0 0 0

#Transform 107
Transform: AffineTransform_float_3_3
Parameters: 1 0.000311406 -0.000356251 -0.000309785 0.999992 0.00410375 0.00035827 -0.00410425 0.999991 -0.0187104 0.202444 -0.379068
FixedParameters: 0 0 0

#Transform 108
Transform: AffineTransform_float_3_3
Parameters: 0.999999 0.000115927 -0.000821921 -0.000112861 0.999992 0.00402009 0.000822171 -0.0040199 0.999991 0.00552842 0.2127 -0.38173
FixedParameters: 0 0 0

#Transform 109
Transform: AffineTransform_float_3_3
Parameters: 1 0.000229247 -0.000551789 -0.00022759 0.999993 0.00387528 0.0005525 -0.00387572 0.999993 -0.0177997 0.210851 -0.353034
FixedParameters: 0 0 0

#Transform 110
Transform: AffineTransform_float_3_3
Parameters: 0.999999 0.000135483 -0.000774927 -0.000132765 0.999992 0.00378425 0.000776194 -0.00378474 0.999992 -0.00120706 0.224455 -0.385146
FixedParameters: 0 0 0

#Transform 111
Transform: AffineTransform_float_3_3
Parameters: 1 0.000233483 -0.000541655 -0.000231949 0.999992 0.00383512 0.000542381 -0.00383487 0.999992 -0.0173711 0.219769 -0.366472
FixedParameters: 0 0 0

#Transform 112
Transform: AffineTransform_float_3_3
Parameters: 1 0.00024938 -0.000503843 -0.000248092 0.999993 0.00387813 0.000504713 -0.00387788 0.999993 -0.00679951 0.209539 -0.336159
FixedParameters: 0 0 0

#Transform 113
Transform: AffineTransform_float_3_3
Parameters: 0.999998 -0.00015365 -0.0019714 0.000160825 0.999993 0.0036522 0.00197114 -0.0036528 0.999991 0.0211858 0.236397 -0.539652
FixedParameters: 0 0 0

#Transform 114
Transform: AffineTransform_float_3_3
Parameters: 0.999999 0.000326891 -0.000884645 -0.000323305 0.999993 0.00372929 0.00088509 -0.00372871 0.999992 -0.0202581 0.215236 -0.362002
FixedParameters: 0 0 0

#Transform 115
Transform: AffineTransform_float_3_3
Parameters: 0.999999 0.000364706 -0.000634704 -0.000362412 0.999993 0.00386739 0.000636457 -0.00386762 0.999993 -0.0135185 0.225054 -0.361154
FixedParameters: 0 0 0

#Transform 116
Transform: AffineTransform_float_3_3
Parameters: 1 0.000236431 -0.000535097 -0.00023447 0.999991 0.00427912 0.000536052 -0.00427887 0.99999 0.00629564 0.224476 -0.413123
FixedParameters: 0 0 0

#Transform 117
Transform: AffineTransform_float_3_3
Parameters: 1 0.000203417 -0.000613526 -0.000200667 0.999992 0.00405512 0.000615026 -0.00405487 0.999991 -0.00319642 0.212557 -0.420911
FixedParameters: 0 0 0

#Transform 118
Transform: AffineTransform_float_3_3
Parameters: 0.999999 7.14526e-05 -0.000928848 -6.76059e-05 0.99999 0.00447222 0.000929192 -0.00447278 0.999989 0.0062221 0.229722 -0.441113
FixedParameters: 0 0 0

#Transform 119
Transform: AffineTransform_float_3_3
Parameters: 0.999999 0.000216078 -0.000744371 -0.000213206 0.99999 0.00457032 0.000744744 -0.00457069 0.99999 -0.00905744 0.227446 -0.43414
FixedParameters: 0 0 0

#Transform 120
Transform: AffineTransform_float_3_3
Parameters: 1 0.000174358 -0.000683515 -0.000171649 0.99999 0.00457028 0.000684428 -0.00457073 0.99999 -0.0123969 0.239098 -0.431844
FixedParameters: 0 0 0

#Transform 121
Transform: AffineTransform_float_3_3
Parameters: 1 0.000264002 -0.00100516 -0.000259662 0.99999 0.00457042 0.00100636 -0.00457059 0.999989 -0.00852714 0.234568 -0.441161
FixedParameters: 0 0 0

#Transform 122
Transform: AffineTransform_float_3_3
Parameters: 1 0.000314461 -0.000478016 -0.000313352 0.999993 0.00389715 0.000479404 -0.00389685 0.999993 -0.0134622 0.216275 -0.394322
FixedParameters: 0 0 0

#Transform 123
Transform: AffineTransform_float_3_3
Parameters: 0.999999 0.000119949 -0.000812678 -0.000116655 0.999991 0.00420525 0.000813004 -0.00420575 0.999991 0.000582823 0.236619 -0.412508
FixedParameters: 0 0 0

#Transform 124
Transform: AffineTransform_float_3_3
Parameters: 0.999999 9.42424e-05 -0.000873558 -9.03899e-05 0.999992 0.00400708 0.000874549 -0.00400692 0.999991 -0.000167415 0.243212 -0.398318
FixedParameters: 0 0 0

#Transform 125
Transform: AffineTransform_float_3_3
Parameters: 0.999999 0.000167195 -0.000700165 -0.00016435 0.999991 0.00427811 0.000701835 -0.00427788 0.99999 -0.00124429 0.246431 -0.423645
FixedParameters: 0 0 0

#Transform 126
Transform: AffineTransform_float_3_3
Parameters: 0.999999 0.00025225 -0.00144303 -0.000246612 0.999992 0.00408951 0.00144334 -0.00408949 0.999991 0.00833862 0.250195 -0.424249
FixedParameters: 0 0 0

#Transform 127
Transform: AffineTransform_float_3_3
Parameters: 1 0.000238023 -0.001128 -0.000233312 0.999992 0.00406427 0.00112964 -0.00406374 0.999991 0.00393931 0.254822 -0.399289
FixedParameters: 0 0 0

#Transform 128
Transform: AffineTransform_float_3_3
Parameters: 1 0.000111012 -0.00101633 -0.000107569 0.999993 0.00369426 0.00101778 -0.00369474 0.999993 0.0163162 0.258477 -0.365302
FixedParameters: 0 0 0

#Transform 129
Transform: AffineTransform_float_3_3
Parameters: 1 -6.96129e-06 -0.00111514 1.09157e-05 0.999991 0.00418699 0.00111518 -0.00418701 0.99999 0.0258917 0.248622 -0.425199
FixedParameters: 0 0 0

#Transform 130
Transform: AffineTransform_float_3_3
Parameters: 1 0.00011454 -0.00109587 -0.000110764 0.999993 0.00375827 0.00109644 -0.00375872 0.999992 0.0211173 0.253412 -0.353912
FixedParameters: 0 0 0

#Transform 131
Transform: AffineTransform_float_3_3
Parameters: 1 -2.36305e-05 -0.00115479 2.78482e-05 0.999991 0.00415712 0.00115469 -0.00415788 0.999991 0.0247242 0.245233 -0.463109
FixedParameters: 0 0 0

#Transform 132
Transform: AffineTransform_float_3_3
Parameters: 1 3.90336e-05 -0.0010045 -3.5552e-05 0.999993 0.00375819 0.00100542 -0.00375881 0.999992 0.0257338 0.278695 -0.399405
FixedParameters: 0 0 0

#Transform 133
Transform: AffineTransform_float_3_3
Parameters: 0.999999 -0.000238626 -0.00166653 0.000245118 0.999992 0.00399811 0.00166641 -0.00399889 0.99999 0.0474907 0.26283 -0.439756
FixedParameters: 0 0 0

#Transform 134
Transform: AffineTransform_float_3_3
Parameters: 0.999999 -8.15313e-05 -0.00129406 8.70301e-05 0.999989 0.00456125 0.0012938 -0.00456075 0.999988 0.0289154 0.266626 -0.414281
FixedParameters: 0 0 0

#Transform 135
Transform: AffineTransform_float_3_3
Parameters: 0.999998 -0.000333763 -0.00189436 0.000341688 0.999991 0.00424323 0.00189278 -0.00424377 0.999989 0.0473403 0.286441 -0.515286
FixedParameters: 0 0 0

#Transform 136
Transform: AffineTransform_float_3_3
Parameters: 0.999998 8.98597e-05 -0.00163937 -8.30118e-05 0.999991 0.00425065 0.00163877 -0.00425034 0.999989 0.0317376 0.302004 -0.460361
FixedParameters: 0 0 0

#Transform 137
Transform: AffineTransform_float_3_3
Parameters: 0.999999 0.000269199 -0.0012909 -0.000264062 0.999993 0.0038685 0.00129177 -0.0038685 0.999992 0.0211347 0.30406 -0.454296
FixedParameters: 0 0 0

#Transform 138
Transform: AffineTransform_float_3_3
Parameters: 0.999999 0.000173803 -0.00132992 -0.000168937 0.999992 0.00399974 0.00133049 -0.00399926 0.999991 0.0306149 0.311415 -0.472542
FixedParameters: 0 0 0

#Transform 139
Transform: AffineTransform_float_3_3
Parameters: 0.999999 0.000195082 -0.00127921 -0.000190639 0.999992 0.0039924 0.00127994 -0.0039926 0.999991 0.0236613 0.298752 -0.46749
FixedParameters: 0 0 0

#Transform 140
Transform: AffineTransform_float_3_3
Parameters: 0.999999 -5.43616e-05 -0.00122763 5.88538e-05 0.999992 0.00402329 0.00122729 -0.00402271 0.999991 0.0344243 0.281626 -0.563036
FixedParameters: 0 0 0

#Transform 141
Transform: AffineTransform_float_3_3
Parameters: 0.999998 -0.000220048 -0.0016213 0.000225929 0.999993 0.00375915 0.00162012 -0.00375985 0.999991 0.0497524 0.289439 -0.612031
FixedParameters: 0 0 0

#Transform 142
Transform: AffineTransform_float_3_3
Parameters: 0.999999 -8.66081e-05 -0.00136822 9.19435e-05 0.999993 0.00377424 0.00136858 -0.00377376 0.999992 0.0303517 0.276149 -0.607115
FixedParameters: 0 0 0

#Transform 143
Transform: AffineTransform_float_3_3
Parameters: 0.999999 -0.000163704 -0.00151585 0.00016903 0.999992 0.0038371 0.00151508 -0.00383689 0.999991 0.0393294 0.278772 -0.569589
FixedParameters: 0 0 0

#Transform 144
Transform: AffineTransform_float_3_3
Parameters: 0.999999 -0.000210137 -0.00140099 0.000214914 0.999994 0.0036277 0.00139956 -0.0036283 0.999992 0.0360981 0.270854 -0.58233
FixedParameters: 0 0 0

#Transform 145
Transform: AffineTransform_float_3_3
Parameters: 0.999998 -0.000444328 -0.00218132 0.000452094 0.999995 0.0033469 0.00218014 -0.00334811 0.999992 0.072396 0.281934 -0.676538
FixedParameters: 0 0 0

#Transform 146
Transform: AffineTransform_float_3_3
Parameters: 0.999999 7.54461e-05 -0.000798622 -7.20326e-05 0.999993 0.00353321 0.000799004 -0.00353379 0.999993 0.0207404 0.294638 -0.562971
FixedParameters: 0 0 0

#Transform 147
Transform: AffineTransform_float_3_3
Parameters: 0.999999 -3.67069e-05 -0.00150873 4.23894e-05 0.999995 0.0033633 0.00150819 -0.0033627 0.999993 0.0391992 0.307296 -0.595806
FixedParameters: 0 0 0

#Transform 148
Transform: AffineTransform_float_3_3
Parameters: 0.999999 -0.000108511 -0.00123461 0.000111802 0.999996 0.00298187 0.0012346 -0.00298214 0.999995 0.0324429 0.332824 -0.500946
FixedParameters: 0 0 0

#Transform 149
Transform: AffineTransform_float_3_3
Parameters: 0.999999 5.6991e-05 -0.000897093 -5.38785e-05 0.999993 0.00371005 0.000896835 -0.00370995 0.999992 0.0294506 0.339607 -0.442795
FixedParameters: 0 0 0

#Transform 150
Transform: AffineTransform_float_3_3
Parameters: 0.999999 -7.02887e-06 -0.00149068 1.24465e-05 0.999994 0.00362298 0.00149072 -0.00362301 0.999992 0.0423344 0.322728 -0.489037
FixedParameters: 0 0 0

#Transform 151
Transform: AffineTransform_float_3_3
Parameters: 0.999998 5.10383e-05 -0.00160558 -4.68855e-05 0.999996 0.00296923 0.00160598 -0.00296977 0.999994 0.0532863 0.303983 -0.648604
FixedParameters: 0 0 0

#Transform 152
Transform: AffineTransform_float_3_3
Parameters: 0.999999 9.97152e-05 -0.00148947 -9.5752e-05 0.999996 0.00282866 0.00148974 -0.00282834 0.999995 0.0312993 0.379448 -0.482864
FixedParameters: 0 0 0

#Transform 153
Transform: AffineTransform_float_3_3
Parameters: 0.999999 0.000398838 -0.000781142 -0.000396262 0.999992 0.00416231 0.000782862 -0.00416169 0.999991 -0.000779559 0.373134 -0.465906
FixedParameters: 0 0 0

#Transform 154
Transform: AffineTransform_float_3_3
Parameters: 1 0.000237346 -0.000639395 -0.000234016 0.999989 0.00465115 0.000640528 -0.00465085 0.999989 0.0142888 0.367066 -0.506711
FixedParameters: 0 0 0

#Transform 155
Transform: AffineTransform_float_3_3
Parameters: 0.999999 0.000194757 -0.00126885 -0.00018879 0.99999 0.00462524 0.00126982 -0.00462476 0.999988 0.0303245 0.361768 -0.477674
FixedParameters: 0 0 0

#Transform 156
Transform: AffineTransform_float_3_3
Parameters: 0.999999 0.00018658 -0.0012891 -0.000181088 0.999988 0.00487775 0.00128956 -0.00487725 0.999988 0.0281564 0.346665 -0.540371
FixedParameters: 0 0 0

#Transform 157
Transform: AffineTransform_float_3_3
Parameters: 1 0.000185717 -0.00112061 -0.000180259 0.999988 0.00500936 0.00112164 -0.00500964 0.999987 0.0253624 0.359278 -0.5387
FixedParameters: 0 0 0

#Transform 158
Transform: AffineTransform_float_3_3
Parameters: 1 1.50071e-05 -0.00111996 -9.8239e-06 0.999991 0.00430737 0.00111979 -0.00430663 0.99999 0.0315802 0.351173 -0.596277
FixedParameters: 0 0 0

#Transform 159
Transform: AffineTransform_float_3_3
Parameters: 1 8.68423e-05 -0.00112503 -8.24637e-05 0.999989 0.00451261 0.00112499 -0.00451239 0.99999 0.0272044 0.352084 -0.594024
FixedParameters: 0 0 0

#Transform 160
Transform: AffineTransform_float_3_3
Parameters: 1 9.97894e-05 -0.00117079 -9.54391e-05 0.999991 0.00415527 0.00117171 -0.00415573 0.999991 0.0315646 0.336839 -0.628286
FixedParameters: 0 0 0

#Transform 161
Transform: AffineTransform_float_3_3
Parameters: 1 0.00015025 -0.00106527 -0.00014601 0.999992 0.00383752 0.00106482 -0.00383648 0.999992 0.0283966 0.335908 -0.581343
FixedParameters: 0 0 0

#Transform 162
Transform: AffineTransform_float_3_3
Parameters: 1 -3.86634e-05 -0.00108897 4.25545e-05 0.999992 0.00383731 0.00108838 -0.00383668 0.999992 0.0396477 0.346095 -0.607261
FixedParameters: 0 0 0

#Transform 163
Transform: AffineTransform_float_3_3
Parameters: 0.999999 0.000104517 -0.00148198 -9.94333e-05 0.999992 0.00397366 0.00148237 -0.00397334 0.999991 0.0348609 0.360176 -0.548858
FixedParameters: 0 0 0

#Transform 164
Transform: AffineTransform_float_3_3
Parameters: 0.999998 1.34981e-05 -0.00169958 -6.94749e-06 0.999991 0.00416753 0.00169963 -0.00416747 0.99999 0.0505643 0.36091 -0.58555
FixedParameters: 0 0 0

#Transform 165
Transform: AffineTransform_float_3_3
Parameters: 0.999999 0.000159216 -0.00135195 -0.000153605 0.999992 0.00406457 0.00135334 -0.00406343 0.999991 0.0394521 0.353846 -0.582958
FixedParameters: 0 0 0

#Transform 166
Transform: AffineTransform_float_3_3
Parameters: 0.999999 -0.000268171 -0.00129194 0.000273056 0.999992 0.00382416 0.00129091 -0.00382484 0.999992 0.0562801 0.350614 -0.585977
FixedParameters: 0 0 0

#Transform 167
Transform: AffineTransform_float_3_3
Parameters: 1 -0.000205242 -0.00105918 0.000209048 0.999993 0.00372078 0.00105828 -0.00372122 0.999992 0.0651231 0.355436 -0.60962
FixedParameters: 0 0 0

#Transform 168
Transform: AffineTransform_float_3_3
Parameters: 1 -0.000188227 -0.0010358 0.000192217 0.999991 0.00433781 0.00103518 -0.0043382 0.99999 0.0536226 0.359801 -0.580072
FixedParameters: 0 0 0

#Transform 169
Transform: AffineTransform_float_3_3
Parameters: 0.999999 -0.000606534 -0.00112709 0.000611287 0.999992 0.00398052 0.00112511 -0.00398048 0.999991 0.0775153 0.345629 -0.626716
FixedParameters: 0 0 0

#Transform 170
Transform: AffineTransform_float_3_3
Parameters: 0.999999 -0.00048516 -0.000874378 0.000488996 0.999991 0.00407893 0.000872888 -0.00407907 0.999991 0.0539029 0.339776 -0.584857
FixedParameters: 0 0 0

#Transform 171
Transform: AffineTransform_float_3_3
Parameters: 0.999999 -6.40187e-05 -0.000834286 6.72853e-05 0.999992 0.00384746 0.000834033 -0.00384754 0.999993 0.049509 0.353457 -0.608468
FixedParameters: 0 0 0

#Transform 172
Transform: AffineTransform_float_3_3
Parameters: 0.999999 -0.000136559 -0.000769142 0.00013911 0.999993 0.00370889 0.000768371 -0.00370911 0.999993 0.0404322 0.348203 -0.57819
FixedParameters: 0 0 0

#Transform 173
Transform: AffineTransform_float_3_3
Parameters: 1 8.56036e-05 -0.00110854 -8.0306e-05 0.999992 0.00398724 0.00110853 -0.00398775 0.999991 0.0426529 0.373873 -0.603722
FixedParameters: 0 0 0

#Transform 174
Transform: AffineTransform_float_3_3
Parameters: 0.999999 0.000173614 -0.000708244 -0.000170069 0.999991 0.00435313 0.00070868 -0.00435288 0.999991 0.0306067 0.374717 -0.55148
FixedParameters: 0 0 0

#Transform 175
Transform: AffineTransform_float_3_3
Parameters: 1 0.000114717 -0.00118819 -0.000110439 0.999993 0.00367729 0.00118874 -0.00367771 0.999992 0.0447941 0.36924 -0.573504
FixedParameters: 0 0 0

#Transform 176
Transform: AffineTransform_float_3_3
Parameters: 0.999999 9.26498e-05 -0.000735173 -9.03677e-05 0.999992 0.00396122 0.000735229 -0.00396178 0.999992 0.0411489 0.36289 -0.546523
FixedParameters: 0 0 0

#Transform 177
Transform: AffineTransform_float_3_3
Parameters: 0.999999 0.000136751 -0.00100207 -0.000133336 0.999992 0.00392929 0.00100285 -0.00392971 0.999992 0.0398346 0.365238 -0.528175
FixedParameters: 0 0 0

#Transform 178
Transform: AffineTransform_float_3_3
Parameters: 0.999999 9.29273e-06 -0.000794487 -5.92885e-06 0.999991 0.00410037 0.000794801 -0.00409963 0.999991 0.0479791 0.35555 -0.605611
FixedParameters: 0 0 0

#Transform 179
Transform: AffineTransform_float_3_3
Parameters: 1 -0.000248218 -0.00104765 0.000251764 0.999994 0.00363774 0.00104647 -0.00363826 0.999993 0.0564217 0.363874 -0.556657
FixedParameters: 0 0 0
