# transform file /out/sourcedata/freesurfer/sub-v1s10x0051091_ses-1/mri/transforms/cc_up.lta
# created by oesteban on Thu Mar 12 08:19:52 2026

type      = 0 # LINEAR_VOX_TO_VOX
nxforms   = 1
mean      = 124.0000 135.0000 119.0000
sigma     = 10000.0000
1 4 4
9.955551028251648e-01 -2.905783057212830e-02 8.958656340837479e-02 1.196637749671936e-01 
2.894089184701443e-02 9.995777606964111e-01 2.604290843009949e-03 8.204431533813477e+00 
-8.962441235780716e-02 0.000000000000000e+00 9.959756731987000e-01 2.745329093933105e+01 
0.000000000000000e+00 0.000000000000000e+00 0.000000000000000e+00 1.000000000000000e+00 
src volume info
valid = 1  # volume info valid
filename = /out/sourcedata/freesurfer/sub-v1s10x0051091_ses-1/mri/norm.mgz
volume = 256 256 256
voxelsize = 1.000000000000000e+00 1.000000000000000e+00 1.000000000000000e+00
xras   = -1.000000000000000e+00 0.000000000000000e+00 0.000000000000000e+00
yras   = 0.000000000000000e+00 0.000000000000000e+00 -1.000000000000000e+00
zras   = 0.000000000000000e+00 1.000000000000000e+00 0.000000000000000e+00
cras   = 6.651229858398438e-01 1.000000000000000e+00 1.000000000000000e+00
dst volume info
valid = 1  # volume info valid
filename = /out/sourcedata/freesurfer/sub-v1s10x0051091_ses-1/mri/norm.mgz
volume = 256 256 256
voxelsize = 1.000000000000000e+00 1.000000000000000e+00 1.000000000000000e+00
xras   = -1.000000000000000e+00 0.000000000000000e+00 0.000000000000000e+00
yras   = 0.000000000000000e+00 0.000000000000000e+00 -1.000000000000000e+00
zras   = 0.000000000000000e+00 1.000000000000000e+00 0.000000000000000e+00
cras   = 6.651229858398438e-01 1.000000000000000e+00 1.000000000000000e+00
