#Insight Transform File V1.0
#Transform 0
Transform: AffineTransform_float_3_3
Parameters: 1 1.56524e-05 0.000486669 -1.51142e-05 1 -0.000553007 -0.000486686 0.000552992 0.999999 0.0598148 -0.184717 -0.228204
FixedParameters: 0 0 0

#Transform 1
Transform: AffineTransform_float_3_3
Parameters: 1 6.82246e-05 0.000213247 -6.83006e-05 0.999998 0.00233599 -0.000213319 -0.00233602 0.999997 0.0115508 0.100389 -0.356837
FixedParameters: 0 0 0

#Transform 2
Transform: AffineTransform_float_3_3
Parameters: 1 0.000550954 9.56984e-05 -0.000550182 0.999999 0.000778947 -9.52313e-05 -0.000779052 0.999999 0.00830974 0.127058 -0.336105
FixedParameters: 0 0 0

#Transform 3
Transform: AffineTransform_float_3_3
Parameters: 1 0.000190122 0.000105121 -0.000190203 1 0.00038398 -0.000104975 -0.00038402 1 -0.000528289 0.104301 -0.335975
FixedParameters: 0 0 0

#Transform 4
Transform: AffineTransform_float_3_3
Parameters: 1 0.000352186 -0.00037323 -0.000352107 1 0.000106132 0.000373305 -0.000105869 1 0.0107054 0.108319 -0.348173
FixedParameters: 0 0 0

#Transform 5
Transform: AffineTransform_float_3_3
Parameters: 0.999999 -9.10808e-05 0.000943822 9.19377e-05 1 -0.000453913 -0.000943739 0.000454086 0.999999 -0.027995 0.0872086 -0.170755
FixedParameters: 0 0 0

#Transform 6
Transform: AffineTransform_float_3_3
Parameters: 0.999999 0.000782648 0.000401754 -0.000783029 0.999999 -0.000670467 -0.000402414 0.000670532 0.999999 -0.0221414 0.104446 -0.172814
FixedParameters: 0 0 0

#Transform 7
Transform: AffineTransform_float_3_3
Parameters: 1 0.000407592 0.00022567 -0.000407575 1 -3.72446e-05 -0.000225701 3.77553e-05 1 -0.0228093 0.0983061 -0.174057
FixedParameters: 0 0 0

#Transform 8
Transform: AffineTransform_float_3_3
Parameters: 0.999999 0.000252295 0.000781536 -0.000252547 1 0.000160803 -0.000781455 -0.000161197 0.999999 -0.0195599 0.111376 -0.210767
FixedParameters: 0 0 0

#Transform 9
Transform: AffineTransform_float_3_3
Parameters: 0.999999 0.000618588 0.00061781 -0.000619167 1 0.00121447 -0.000616697 -0.00121453 0.999999 -0.0357311 0.161086 -0.248032
FixedParameters: 0 0 0

#Transform 10
Transform: AffineTransform_float_3_3
Parameters: 0.999999 0.000652128 0.000511352 -0.00065557 0.99998 0.00623003 -0.000506609 -0.00622997 0.999981 0.00586644 0.25435 -0.236178
FixedParameters: 0 0 0

#Transform 11
Transform: AffineTransform_float_3_3
Parameters: 1 0.000421062 0.000175303 -0.000421506 0.999996 0.00278493 -0.000174268 -0.00278507 0.999996 0.0146486 0.195291 -0.232598
FixedParameters: 0 0 0

#Transform 12
Transform: AffineTransform_float_3_3
Parameters: 0.999999 0.000723624 -0.000211986 -0.000723279 1 0.000812794 0.000213162 -0.000813206 0.999999 -0.00314653 0.134908 -0.25987
FixedParameters: 0 0 0

#Transform 13
Transform: AffineTransform_float_3_3
Parameters: 1 0.000572626 0.000882752 -0.000574793 0.999999 0.00174949 -0.000881135 -0.00175051 0.999998 -0.0358556 0.15731 -0.189424
FixedParameters: 0 0 0

#Transform 14
Transform: AffineTransform_float_3_3
Parameters: 1 -0.000297617 -0.000190015 0.000297071 0.999999 0.000988151 0.000189818 -0.000986849 0.999999 -0.0221968 0.100842 -0.54388
FixedParameters: 0 0 0

#Transform 15
Transform: AffineTransform_float_3_3
Parameters: 1 -0.000341788 -0.00109435 0.000342748 0.999999 0.000858985 0.00109415 -0.000859014 0.999999 0.00103849 0.123771 -0.34778
FixedParameters: 0 0 0

#Transform 16
Transform: AffineTransform_float_3_3
Parameters: 1 -5.49377e-05 -0.000129857 5.5249e-05 1 0.00119899 0.000129725 -0.00119901 1 0.000408772 0.168023 -0.272919
FixedParameters: 0 0 0

#Transform 17
Transform: AffineTransform_float_3_3
Parameters: 1 -0.000205313 -0.000410428 0.000205986 0.999999 0.000819915 0.000410091 -0.000820084 0.999999 0.0144119 0.171478 -0.25105
FixedParameters: 0 0 0

#Transform 18
Transform: AffineTransform_float_3_3
Parameters: 1 -0.000138995 -0.000497172 0.000138687 1 0.000614931 0.000497392 -0.000615069 0.999999 0.0159652 0.158302 -0.316699
FixedParameters: 0 0 0

#Transform 19
Transform: AffineTransform_float_3_3
Parameters: 1 -0.000121647 -0.000456708 0.000121652 1 0.00101295 0.000456852 -0.00101306 1 0.013002 0.169793 -0.293255
FixedParameters: 0 0 0

#Transform 20
Transform: AffineTransform_float_3_3
Parameters: 0.999999 -0.00130677 -0.000397543 0.00130664 0.999999 0.000510329 0.00039752 -0.000510673 1 0.0304642 0.151458 -0.266167
FixedParameters: 0 0 0

#Transform 21
Transform: AffineTransform_float_3_3
Parameters: 1 -0.00109946 0.000112212 0.00109979 1 0.000287611 -0.000111923 -0.000287389 1 0.016405 0.148867 -0.22331
FixedParameters: 0 0 0

#Transform 22
Transform: AffineTransform_float_3_3
Parameters: 0.999999 -0.000511174 0.00078782 0.000510082 1 0.000693042 -0.000788528 -0.000692957 0.999999 -0.0232326 0.113369 -0.164478
FixedParameters: 0 0 0

#Transform 23
Transform: AffineTransform_float_3_3
Parameters: 0.999999 -0.000714475 0.000343851 0.0007143 1 0.000822886 -0.000344106 -0.000823114 0.999999 -0.00734957 0.140706 -0.124559
FixedParameters: 0 0 0

#Transform 24
Transform: AffineTransform_float_3_3
Parameters: 0.999999 -0.000715943 0.00110162 0.000715854 1 0.000635582 -0.001102 -0.000635418 0.999999 -0.00638454 0.122996 -0.100928
FixedParameters: 0 0 0

#Transform 25
Transform: AffineTransform_float_3_3
Parameters: 0.999997 -0.000546842 0.00205645 0.000545578 1 0.000531788 -0.00205742 -0.000530211 0.999998 0.0705016 0.116057 -0.222774
FixedParameters: 0 0 0

#Transform 26
Transform: AffineTransform_float_3_3
Parameters: 0.999997 -0.000991744 0.0019092 0.000990577 1 0.000649838 -0.00190996 -0.000648162 0.999998 0.0268458 0.121055 -0.216427
FixedParameters: 0 0 0

#Transform 27
Transform: AffineTransform_float_3_3
Parameters: 0.999999 -0.000809828 0.000131954 0.000809841 1 -4.9046e-05 -0.000131874 4.99543e-05 1 0.023649 0.144549 -0.281594
FixedParameters: 0 0 0

#Transform 28
Transform: AffineTransform_float_3_3
Parameters: 0.999999 -0.00109319 0.000567408 0.00109333 1 -0.00012974 -0.000567124 0.000130261 1 0.0252821 0.141875 -0.185751
FixedParameters: 0 0 0

#Transform 29
Transform: AffineTransform_float_3_3
Parameters: 0.999999 -0.00120043 0.0014131 0.00120034 0.999999 0.000172489 -0.00141259 -0.000170511 0.999998 0.0234333 0.126598 -0.169171
FixedParameters: 0 0 0

#Transform 30
Transform: AffineTransform_float_3_3
Parameters: 0.999998 -0.00139488 0.000852697 0.0013941 0.999999 0.00068647 -0.00085369 -0.000685529 0.999999 0.039657 0.124074 -0.186969
FixedParameters: 0 0 0

#Transform 31
Transform: AffineTransform_float_3_3
Parameters: 0.999998 -0.00135744 0.000940354 0.00135768 0.999999 -0.000127083 -0.000940007 0.000128917 0.999999 0.0565516 0.111505 -0.246658
FixedParameters: 0 0 0

#Transform 32
Transform: AffineTransform_float_3_3
Parameters: 0.999998 -0.00129583 0.000911652 0.00129606 0.999999 9.19744e-05 -0.000910969 -9.10263e-05 1 0.0237273 0.116804 -0.231732
FixedParameters: 0 0 0

#Transform 33
Transform: AffineTransform_float_3_3
Parameters: 0.999999 -0.00076438 0.00113352 0.000765459 1 -0.000647981 -0.00113345 0.00064902 1 0.0166834 0.110973 -0.232402
FixedParameters: 0 0 0

#Transform 34
Transform: AffineTransform_float_3_3
Parameters: 0.999999 -0.00113593 0.00106747 0.00113665 0.999999 -0.000522994 -0.0010672 0.000524006 0.999999 0.0221771 0.119406 -0.222498
FixedParameters: 0 0 0

#Transform 35
Transform: AffineTransform_float_3_3
Parameters: 0.999999 -0.00107693 0.000833325 0.0010773 1 -0.000219462 -0.000832851 0.000220538 0.999999 0.032772 0.133682 -0.242225
FixedParameters: 0 0 0

#Transform 36
Transform: AffineTransform_float_3_3
Parameters: 0.999999 -0.00101134 0.00119467 0.00101055 0.999999 0.001043 -0.00119533 -0.001042 0.999999 0.0266374 0.147439 -0.191796
FixedParameters: 0 0 0

#Transform 37
Transform: AffineTransform_float_3_3
Parameters: 0.999999 -0.00146063 0.000974228 0.00145997 0.999999 0.000540704 -0.000974885 -0.000539296 0.999999 0.0436744 0.124994 -0.22088
FixedParameters: 0 0 0

#Transform 38
Transform: AffineTransform_float_3_3
Parameters: 0.999999 -0.0011306 0.0008814 0.00113045 0.999999 0.000309637 -0.000881178 -0.000308363 0.999999 0.0129498 0.146257 -0.0925757
FixedParameters: 0 0 0

#Transform 39
Transform: AffineTransform_float_3_3
Parameters: 1 -0.000751734 0.000576568 0.000750876 0.999999 0.00108243 -0.000577273 -0.00108157 0.999999 0.00838931 0.135018 -0.2027
FixedParameters: 0 0 0

#Transform 40
Transform: AffineTransform_float_3_3
Parameters: 1 -0.00112446 0.000386118 0.00112331 0.999999 0.000790074 -0.000386582 -0.000789925 0.999999 0.0136267 0.152381 -0.111256
FixedParameters: 0 0 0

#Transform 41
Transform: AffineTransform_float_3_3
Parameters: 0.999999 -0.00149032 0.00104243 0.00148983 0.999999 0.000422987 -0.00104277 -0.000422013 0.999999 0.0453321 0.146404 -0.216095
FixedParameters: 0 0 0

#Transform 42
Transform: AffineTransform_float_3_3
Parameters: 0.999995 -0.000669947 0.00324798 0.000663281 0.999998 0.00211765 -0.00324947 -0.00211535 0.999992 0.0699361 0.165857 -0.24265
FixedParameters: 0 0 0

#Transform 43
Transform: AffineTransform_float_3_3
Parameters: 0.999997 -0.000466205 0.0023746 0.00046376 0.999999 0.000985281 -0.00237537 -0.000983718 0.999997 0.0149131 0.131652 -0.168836
FixedParameters: 0 0 0

#Transform 44
Transform: AffineTransform_float_3_3
Parameters: 0.999996 -0.000524375 0.00279237 0.000523902 1 0.000320641 -0.00279217 -0.00031836 0.999996 0.0463613 0.1213 -0.162749
FixedParameters: 0 0 0

#Transform 45
Transform: AffineTransform_float_3_3
Parameters: 1 -0.000441924 0.00111337 0.00044109 1 0.000963645 -0.00111369 -0.000963356 0.999999 -0.0201932 0.132518 -0.199734
FixedParameters: 0 0 0

#Transform 46
Transform: AffineTransform_float_3_3
Parameters: 0.999999 -0.00113763 0.000918824 0.00113799 0.999999 0.000516686 -0.000919468 -0.000515314 0.999999 -0.00374642 0.137294 -0.234745
FixedParameters: 0 0 0

#Transform 47
Transform: AffineTransform_float_3_3
Parameters: 0.999999 -0.00101599 0.00142644 0.00101551 0.999999 0.000629755 -0.00142718 -0.000628245 0.999999 -0.0147898 0.140968 -0.285949
FixedParameters: 0 0 0

#Transform 48
Transform: AffineTransform_float_3_3
Parameters: 0.999998 -0.000897416 0.00164828 0.000895983 0.999999 0.000951424 -0.00164854 -0.000950577 0.999998 -0.0241157 0.147028 -0.181814
FixedParameters: 0 0 0

#Transform 49
Transform: AffineTransform_float_3_3
Parameters: 0.999998 -0.000801836 0.00149401 0.000801144 0.999999 0.00080235 -0.00149384 -0.00080065 0.999998 0.0287098 0.152966 -0.295717
FixedParameters: 0 0 0

#Transform 50
Transform: AffineTransform_float_3_3
Parameters: 0.999999 -0.000298734 0.00080974 0.000299074 1 0.000600242 -0.000809569 -0.000599758 0.999999 0.0198699 0.143156 -0.422619
FixedParameters: 0 0 0

#Transform 51
Transform: AffineTransform_float_3_3
Parameters: 0.999999 -0.000568922 0.000679158 0.000568704 1 0.000161386 -0.000679341 -0.000160613 1 0.0331036 0.132919 -0.447516
FixedParameters: 0 0 0

#Transform 52
Transform: AffineTransform_float_3_3
Parameters: 1 -4.36531e-05 0.000147849 4.37716e-05 1 -0.000400993 -0.000147814 0.000401006 1 0.0423027 0.130385 -0.463654
FixedParameters: 0 0 0

#Transform 53
Transform: AffineTransform_float_3_3
Parameters: 0.999999 -0.00023856 0.00125218 0.000237836 1 0.000813299 -0.00125204 -0.000812702 0.999999 0.0319801 0.148587 -0.389786
FixedParameters: 0 0 0

#Transform 54
Transform: AffineTransform_float_3_3
Parameters: 0.999998 -0.00134695 0.0013016 0.0013456 0.999999 0.000666338 -0.00130248 -0.00066566 0.999999 0.0246132 0.154073 -0.328901
FixedParameters: 0 0 0

#Transform 55
Transform: AffineTransform_float_3_3
Parameters: 0.999998 -0.00131634 0.00139471 0.00131527 0.999999 0.000853629 -0.00139643 -0.00085137 0.999999 0.0454313 0.159067 -0.306463
FixedParameters: 0 0 0

#Transform 56
Transform: AffineTransform_float_3_3
Parameters: 0.999997 -0.00141025 0.00194935 0.00140485 0.999997 0.00225633 -0.0019528 -0.00225367 0.999995 0.0094628 0.184147 -0.263075
FixedParameters: 0 0 0

#Transform 57
Transform: AffineTransform_float_3_3
Parameters: 0.999999 -0.00142843 0.00115363 0.00142724 0.999998 0.00125444 -0.00115576 -0.00125256 0.999999 0.0295942 0.170753 -0.316335
FixedParameters: 0 0 0

#Transform 58
Transform: AffineTransform_float_3_3
Parameters: 0.999997 -0.00158242 0.0014697 0.00158099 0.999998 0.00119991 -0.00147112 -0.00119809 0.999998 0.0429188 0.147395 -0.350355
FixedParameters: 0 0 0

#Transform 59
Transform: AffineTransform_float_3_3
Parameters: 0.999998 -0.00154817 0.0017066 0.00154663 0.999999 0.000951228 -0.00170809 -0.000948772 0.999998 0.0285727 0.150864 -0.268949
FixedParameters: 0 0 0

#Transform 60
Transform: AffineTransform_float_3_3
Parameters: 0.999998 -0.00142571 0.000907474 0.001426 0.999999 -0.000157066 -0.000907023 0.000158934 0.999999 0.0528187 0.138635 -0.336661
FixedParameters: 0 0 0

#Transform 61
Transform: AffineTransform_float_3_3
Parameters: 0.999998 -0.00122928 0.00108933 0.00122977 0.999999 0.00037798 -0.00108973 -0.00037602 0.999999 0.0163843 0.133368 -0.270392
FixedParameters: 0 0 0

#Transform 62
Transform: AffineTransform_float_3_3
Parameters: 0.999998 -0.000958946 0.00177462 0.000958623 0.999999 9.20065e-05 -0.0017748 -8.99926e-05 0.999999 0.0342772 0.145022 -0.178054
FixedParameters: 0 0 0

#Transform 63
Transform: AffineTransform_float_3_3
Parameters: 1 -0.00085131 0.00084094 0.000850487 1 0.000489356 -0.000841772 -0.000488643 0.999999 0.0171138 0.151038 -0.261887
FixedParameters: 0 0 0

#Transform 64
Transform: AffineTransform_float_3_3
Parameters: 0.999996 -0.00217547 0.00193458 0.002172 0.999996 0.00153959 -0.00193797 -0.00153541 0.999997 0.0885874 0.132026 -0.280872
FixedParameters: 0 0 0

#Transform 65
Transform: AffineTransform_float_3_3
Parameters: 0.999997 -0.00133472 0.00176962 0.00133114 0.999998 0.00186295 -0.0017726 -0.00186105 0.999996 0.058197 0.14794 -0.461083
FixedParameters: 0 0 0

#Transform 66
Transform: AffineTransform_float_3_3
Parameters: 0.999999 -0.00139313 0.000479886 0.00139286 0.999999 0.00109031 -0.000481082 -0.00108969 1 0.0273969 0.135857 -0.394146
FixedParameters: 0 0 0

#Transform 67
Transform: AffineTransform_float_3_3
Parameters: 0.999999 -0.00145336 0.00116079 0.00145238 0.999999 0.000760967 -0.00116116 -0.000759033 0.999998 0.0549234 0.141733 -0.354077
FixedParameters: 0 0 0

#Transform 68
Transform: AffineTransform_float_3_3
Parameters: 0.999999 -0.00176578 0.00054839 0.00176415 0.999997 0.00171361 -0.000551285 -0.00171239 0.999999 0.0356798 0.180291 -0.328335
FixedParameters: 0 0 0

#Transform 69
Transform: AffineTransform_float_3_3
Parameters: 0.999999 -0.000732171 0.00125435 0.000731673 0.999999 0.00124407 -0.00125511 -0.00124293 0.999998 0.00991507 0.169428 -0.252761
FixedParameters: 0 0 0

#Transform 70
Transform: AffineTransform_float_3_3
Parameters: 0.999998 -0.00159523 0.000342425 0.00159411 0.999996 0.00256068 -0.000346519 -0.00256032 0.999996 0.0835794 0.164194 -0.34852
FixedParameters: 0 0 0

#Transform 71
Transform: AffineTransform_float_3_3
Parameters: 0.999994 -0.00211887 0.00298374 0.00210657 0.999988 0.00429715 -0.00299343 -0.00429085 0.999986 0.198604 0.199159 -0.434385
FixedParameters: 0 0 0

#Transform 72
Transform: AffineTransform_float_3_3
Parameters: 0.999986 -0.00315061 0.00412825 0.00312292 0.999973 0.0066585 -0.00414901 -0.0066445 0.99997 0.276862 0.271021 -0.458954
FixedParameters: 0 0 0

#Transform 73
Transform: AffineTransform_float_3_3
Parameters: 0.999995 -0.00253919 0.00187333 0.00253061 0.999987 0.00447727 -0.00188431 -0.00447273 0.999988 0.124624 0.252724 -0.385832
FixedParameters: 0 0 0

#Transform 74
Transform: AffineTransform_float_3_3
Parameters: 0.999995 -0.000641536 0.00291899 0.000631903 0.999994 0.00331283 -0.00292081 -0.00331117 0.99999 0.151482 0.220213 -0.389047
FixedParameters: 0 0 0

#Transform 75
Transform: AffineTransform_float_3_3
Parameters: 0.999991 -0.00164031 0.00376409 0.00162948 0.999995 0.00271153 -0.00376831 -0.00270547 0.99999 0.175478 0.192586 -0.310678
FixedParameters: 0 0 0

#Transform 76
Transform: AffineTransform_float_3_3
Parameters: 0.999992 -0.000944415 0.00405319 0.000931055 0.999994 0.00328325 -0.00405628 -0.00327974 0.999987 0.168665 0.210857 -0.362912
FixedParameters: 0 0 0

#Transform 77
Transform: AffineTransform_float_3_3
Parameters: 0.999995 -0.00144735 0.00282025 0.00143826 0.999995 0.00307648 -0.00282502 -0.00307252 0.999992 0.132436 0.218327 -0.39194
FixedParameters: 0 0 0

#Transform 78
Transform: AffineTransform_float_3_3
Parameters: 0.999996 -0.00179997 0.00211672 0.00179245 0.999993 0.0031667 -0.0021219 -0.0031633 0.999993 0.119823 0.230925 -0.373833
FixedParameters: 0 0 0

#Transform 79
Transform: AffineTransform_float_3_3
Parameters: 0.999996 -0.00218802 0.00148231 0.00218429 0.999994 0.00249032 -0.00148714 -0.00248668 0.999995 0.115667 0.210182 -0.394126
FixedParameters: 0 0 0

#Transform 80
Transform: AffineTransform_float_3_3
Parameters: 0.999998 -0.00138848 0.0008535 0.00138593 0.999996 0.00240298 -0.000856483 -0.00240202 0.999997 0.0609311 0.208239 -0.349085
FixedParameters: 0 0 0

#Transform 81
Transform: AffineTransform_float_3_3
Parameters: 0.999999 -0.000991527 0.000741946 0.000990193 0.999998 0.00204238 -0.000744543 -0.00204162 0.999997 0.0710654 0.197493 -0.370715
FixedParameters: 0 0 0

#Transform 82
Transform: AffineTransform_float_3_3
Parameters: 0.999999 -0.00133563 0.000806354 0.00133433 0.999997 0.00234472 -0.000809321 -0.00234328 0.999997 0.0593482 0.197113 -0.278219
FixedParameters: 0 0 0

#Transform 83
Transform: AffineTransform_float_3_3
Parameters: 0.999998 -0.00107876 0.00163779 0.00107593 0.999998 0.00178471 -0.00163965 -0.00178329 0.999997 0.0841853 0.17744 -0.380891
FixedParameters: 0 0 0

#Transform 84
Transform: AffineTransform_float_3_3
Parameters: 0.999997 -0.0015951 0.00147738 0.00159226 0.999996 0.00211315 -0.00148121 -0.00210985 0.999997 0.0623911 0.205993 -0.29605
FixedParameters: 0 0 0

#Transform 85
Transform: AffineTransform_float_3_3
Parameters: 0.999998 -0.00168545 0.00115244 0.00168362 0.999997 0.00186638 -0.00115543 -0.00186462 0.999998 0.0792288 0.200314 -0.275609
FixedParameters: 0 0 0

#Transform 86
Transform: AffineTransform_float_3_3
Parameters: 0.999998 -0.0014889 0.00169372 0.00148776 0.999999 0.000337106 -0.00169472 -0.000334891 0.999998 0.0789465 0.183833 -0.290291
FixedParameters: 0 0 0

#Transform 87
Transform: AffineTransform_float_3_3
Parameters: 0.999997 -0.000525164 0.00257566 0.000519518 0.999998 0.00221716 -0.00257716 -0.00221584 0.999994 0.0612083 0.220777 -0.287852
FixedParameters: 0 0 0

#Transform 88
Transform: AffineTransform_float_3_3
Parameters: 0.999998 0.000261354 0.00197714 -0.000268422 0.999994 0.00361499 -0.00197612 -0.00361601 0.999991 0.0485669 0.263739 -0.287135
FixedParameters: 0 0 0

#Transform 89
Transform: AffineTransform_float_3_3
Parameters: 0.999997 -2.12342e-05 0.00214768 1.29563e-05 0.999992 0.00391406 -0.00214818 -0.00391394 0.99999 0.0775721 0.265205 -0.24727
FixedParameters: 0 0 0

#Transform 90
Transform: AffineTransform_float_3_3
Parameters: 0.999998 -0.000529499 0.00227762 0.000520209 0.999992 0.00388186 -0.00227983 -0.00388014 0.999989 0.0836787 0.246595 -0.273322
FixedParameters: 0 0 0

#Transform 91
Transform: AffineTransform_float_3_3
Parameters: 0.999998 -0.000262971 0.00166499 0.000255552 0.999989 0.00463094 -0.00166645 -0.00463006 0.999988 0.0831109 0.278539 -0.347657
FixedParameters: 0 0 0

#Transform 92
Transform: AffineTransform_float_3_3
Parameters: 0.999997 -0.000650837 0.00263753 0.000635624 0.999983 0.00581551 -0.00264181 -0.00581348 0.999979 0.109633 0.298758 -0.343103
FixedParameters: 0 0 0

#Transform 93
Transform: AffineTransform_float_3_3
Parameters: 0.999997 -0.00110286 0.00238251 0.00109416 0.999992 0.00402408 -0.00238711 -0.00402092 0.999989 0.0986055 0.248119 -0.301
FixedParameters: 0 0 0

#Transform 94
Transform: AffineTransform_float_3_3
Parameters: 0.999998 -0.000877875 0.00210321 0.000868926 0.99999 0.00430594 -0.00210702 -0.00430506 0.999988 0.101338 0.259266 -0.307952
FixedParameters: 0 0 0

#Transform 95
Transform: AffineTransform_float_3_3
Parameters: 0.999992 -0.00169175 0.00366769 0.00166943 0.99998 0.00600439 -0.00367754 -0.0059976 0.999975 0.194131 0.291778 -0.408577
FixedParameters: 0 0 0

#Transform 96
Transform: AffineTransform_float_3_3
Parameters: 0.999989 -0.00171326 0.00423988 0.00168748 0.99998 0.0060829 -0.00425088 -0.0060761 0.999973 0.126199 0.28813 -0.185263
FixedParameters: 0 0 0

#Transform 97
Transform: AffineTransform_float_3_3
Parameters: 0.999992 -0.00125358 0.00393298 0.00122653 0.999975 0.00690098 -0.00394212 -0.00689602 0.999969 0.119421 0.302297 -0.115182
FixedParameters: 0 0 0

#Transform 98
Transform: AffineTransform_float_3_3
Parameters: 0.999988 -0.000423274 0.00491751 0.000389477 0.999976 0.00687904 -0.00492009 -0.00687695 0.999964 0.124469 0.301789 -0.221656
FixedParameters: 0 0 0

#Transform 99
Transform: AffineTransform_float_3_3
Parameters: 0.999991 -0.000469737 0.00406802 0.000443748 0.99998 0.00641937 -0.00407091 -0.00641764 0.999971 0.0658938 0.315515 -0.166362
FixedParameters: 0 0 0

#Transform 100
Transform: AffineTransform_float_3_3
Parameters: 0.999992 -0.000383127 0.00380267 0.000356112 0.999973 0.00729576 -0.00380494 -0.00729424 0.999966 0.0826105 0.327833 -0.0471674
FixedParameters: 0 0 0

#Transform 101
Transform: AffineTransform_float_3_3
Parameters: 0.999994 0.000317617 0.00360418 -0.00034782 0.999965 0.00838321 -0.00360165 -0.00838479 0.999958 0.0873801 0.343587 -0.110706
FixedParameters: 0 0 0

#Transform 102
Transform: AffineTransform_float_3_3
Parameters: 0.999993 -0.000457638 0.00388472 0.000425431 0.999966 0.00826422 -0.00388823 -0.00826278 0.999959 0.108368 0.351777 -0.0979241
FixedParameters: 0 0 0

#Transform 103
Transform: AffineTransform_float_3_3
Parameters: 0.999994 -0.00155264 0.00307913 0.00153659 0.999986 0.00507131 -0.00308712 -0.00506668 0.999982 0.176878 0.368424 -0.412798
FixedParameters: 0 0 0

#Transform 104
Transform: AffineTransform_float_3_3
Parameters: 0.999994 -0.000182613 0.00366477 0.000150455 0.999961 0.00877397 -0.00366614 -0.00877404 0.999955 0.0810113 0.433938 -0.00926616
FixedParameters: 0 0 0

#Transform 105
Transform: AffineTransform_float_3_3
Parameters: 0.999993 -0.000527282 0.00353493 0.000502133 0.999976 0.00706367 -0.00353752 -0.00706134 0.999969 0.0808748 0.339803 -0.0588606
FixedParameters: 0 0 0

#Transform 106
Transform: AffineTransform_float_3_3
Parameters: 0.999981 -0.000184707 0.00606547 0.000132037 0.999963 0.00869226 -0.00606673 -0.00869074 0.999944 0.0909345 0.364336 -0.043944
FixedParameters: 0 0 0

#Transform 107
Transform: AffineTransform_float_3_3
Parameters: 0.999988 -0.000744482 0.00472079 0.000700872 0.999956 0.00931225 -0.00472701 -0.00930875 0.999946 0.0852529 0.385086 -0.0240437
FixedParameters: 0 0 0

#Transform 108
Transform: AffineTransform_float_3_3
Parameters: 0.999993 -0.00121644 0.00337965 0.00120166 0.999989 0.00465001 -0.00338492 -0.004646 0.999983 0.116818 0.302256 -0.321082
FixedParameters: 0 0 0

#Transform 109
Transform: AffineTransform_float_3_3
Parameters: 0.999994 -0.00125844 0.00320352 0.00124352 0.999989 0.00451592 -0.00320991 -0.00451207 0.999984 0.100782 0.33355 -0.420125
FixedParameters: 0 0 0

#Transform 110
Transform: AffineTransform_float_3_3
Parameters: 0.999994 -0.000981718 0.00333992 0.000964969 0.999986 0.00507789 -0.00334515 -0.00507411 0.999982 0.0880018 0.313886 -0.213728
FixedParameters: 0 0 0

#Transform 111
Transform: AffineTransform_float_3_3
Parameters: 0.999995 -0.00148009 0.00298948 0.00146265 0.999983 0.00573981 -0.00299725 -0.00573519 0.999979 0.0866751 0.295413 -0.25611
FixedParameters: 0 0 0

#Transform 112
Transform: AffineTransform_float_3_3
Parameters: 0.999996 -0.00141366 0.00236786 0.00140789 0.999997 0.00213159 -0.00237136 -0.00212841 0.999995 0.112256 0.259585 -0.446194
FixedParameters: 0 0 0

#Transform 113
Transform: AffineTransform_float_3_3
Parameters: 0.999991 -0.00143044 0.00395969 0.00141528 0.999991 0.00385237 -0.00396521 -0.00384663 0.999985 0.114273 0.293618 -0.260929
FixedParameters: 0 0 0

#Transform 114
Transform: AffineTransform_float_3_3
Parameters: 0.999996 -0.00121574 0.00282992 0.00120813 0.999995 0.00273519 -0.00283337 -0.0027318 0.999992 0.0915448 0.246182 -0.180736
FixedParameters: 0 0 0

#Transform 115
Transform: AffineTransform_float_3_3
Parameters: 0.999993 -0.0027585 0.00251864 0.0027513 0.999993 0.0026754 -0.00252625 -0.0026686 0.999993 0.11882 0.255123 -0.247631
FixedParameters: 0 0 0

#Transform 116
Transform: AffineTransform_float_3_3
Parameters: 0.999993 -0.00206957 0.0031073 0.00205733 0.99999 0.00397026 -0.00311483 -0.00396374 0.999987 0.112661 0.277412 -0.217607
FixedParameters: 0 0 0

#Transform 117
Transform: AffineTransform_float_3_3
Parameters: 0.999993 -0.00137507 0.00364629 0.00135857 0.999989 0.00442057 -0.00365201 -0.00441543 0.999984 0.10841 0.289896 -0.253803
FixedParameters: 0 0 0

#Transform 118
Transform: AffineTransform_float_3_3
Parameters: 0.999995 -0.00129656 0.00283557 0.00128098 0.999984 0.00542442 -0.00284188 -0.00542058 0.999981 0.141941 0.310055 -0.359411
FixedParameters: 0 0 0

#Transform 119
Transform: AffineTransform_float_3_3
Parameters: 0.999993 -0.0015268 0.00320974 0.00151055 0.999986 0.00489595 -0.00321694 -0.00489105 0.999983 0.131874 0.310539 -0.330737
FixedParameters: 0 0 0

#Transform 120
Transform: AffineTransform_float_3_3
Parameters: 0.999993 -0.00114711 0.0036999 0.00113074 0.999989 0.00458565 -0.00370477 -0.00458136 0.999983 0.121721 0.298788 -0.318601
FixedParameters: 0 0 0

#Transform 121
Transform: AffineTransform_float_3_3
Parameters: 0.999992 -0.00119329 0.0036587 0.00117803 0.999991 0.00412792 -0.00366397 -0.00412408 0.999985 0.117001 0.277729 -0.298727
FixedParameters: 0 0 0

#Transform 122
Transform: AffineTransform_float_3_3
Parameters: 0.999988 -0.00185642 0.00441428 0.00183741 0.999988 0.00438099 -0.0044225 -0.004373 0.999981 0.181696 0.292835 -0.347902
FixedParameters: 0 0 0

#Transform 123
Transform: AffineTransform_float_3_3
Parameters: 0.999986 -0.00202657 0.00485275 0.00200685 0.99999 0.00396493 -0.00486038 -0.00395507 0.999981 0.18512 0.251272 -0.228718
FixedParameters: 0 0 0

#Transform 124
Transform: AffineTransform_float_3_3
Parameters: 0.999989 -0.00157075 0.00456749 0.00155544 0.999993 0.00321369 -0.00457261 -0.0032063 0.999985 0.117286 0.222288 -0.153723
FixedParameters: 0 0 0

#Transform 125
Transform: AffineTransform_float_3_3
Parameters: 0.999991 -0.00162236 0.00388818 0.00160786 0.999992 0.00360166 -0.00389358 -0.00359534 0.999986 0.041243 0.230193 -0.33093
FixedParameters: 0 0 0

#Transform 126
Transform: AffineTransform_float_3_3
Parameters: 0.999992 -0.00228705 0.00335456 0.00227958 0.999994 0.00226881 -0.0033595 -0.00226119 0.999992 0.0955064 0.226378 -0.477498
FixedParameters: 0 0 0

#Transform 127
Transform: AffineTransform_float_3_3
Parameters: 0.999992 -0.00161489 0.00348513 0.00160622 0.999995 0.00243048 -0.00348885 -0.00242552 0.999991 0.0814261 0.255245 -0.343346
FixedParameters: 0 0 0

#Transform 128
Transform: AffineTransform_float_3_3
Parameters: 0.999991 -0.00157188 0.0039683 0.00156158 0.999995 0.00245595 -0.00397228 -0.00244904 0.999989 0.129602 0.246344 -0.470153
FixedParameters: 0 0 0

#Transform 129
Transform: AffineTransform_float_3_3
Parameters: 0.999989 -0.00190006 0.0043318 0.00189167 0.999996 0.00203154 -0.00433578 -0.00202346 0.999988 0.143132 0.207345 -0.390247
FixedParameters: 0 0 0

#Transform 130
Transform: AffineTransform_float_3_3
Parameters: 0.999978 -0.00107715 0.0064362 0.00104568 0.999987 0.00496433 -0.00644202 -0.00495667 0.999967 0.108507 0.272436 -0.151861
FixedParameters: 0 0 0

#Transform 131
Transform: AffineTransform_float_3_3
Parameters: 0.99998 -0.000267754 0.0062124 0.000216113 0.999965 0.00832947 -0.00621455 -0.00832753 0.999946 0.0308495 0.370943 0.0162235
FixedParameters: 0 0 0

#Transform 132
Transform: AffineTransform_float_3_3
Parameters: 0.999987 -0.0013823 0.00491391 0.00134911 0.999976 0.00687064 -0.00492336 -0.00686338 0.999965 0.05434 0.307152 -0.0316487
FixedParameters: 0 0 0

#Transform 133
Transform: AffineTransform_float_3_3
Parameters: 0.999981 -0.000826317 0.0059917 0.000775173 0.999963 0.00860249 -0.0059982 -0.00859753 0.999945 0.00643127 0.379745 0.142768
FixedParameters: 0 0 0

#Transform 134
Transform: AffineTransform_float_3_3
Parameters: 0.999978 -0.000303912 0.00664294 0.000248863 0.999964 0.00838162 -0.00664541 -0.00838038 0.999943 0.074237 0.351631 0.193388
FixedParameters: 0 0 0

#Transform 135
Transform: AffineTransform_float_3_3
Parameters: 0.999991 -0.00186756 0.00366542 0.00183346 0.999957 0.0091383 -0.00368283 -0.0091317 0.999951 0.0431533 0.367371 0.158496
FixedParameters: 0 0 0

#Transform 136
Transform: AffineTransform_float_3_3
Parameters: 0.999994 -0.000467155 0.00343473 0.00044404 0.999977 0.00672541 -0.00343762 -0.00672359 0.999971 -0.0215244 0.313421 0.0022108
FixedParameters: 0 0 0

#Transform 137
Transform: AffineTransform_float_3_3
Parameters: 0.999992 -0.000801797 0.003748 0.000780719 0.999984 0.00557575 -0.0037515 -0.00557324 0.999977 0.0214781 0.297413 -0.014293
FixedParameters: 0 0 0

#Transform 138
Transform: AffineTransform_float_3_3
Parameters: 0.999992 -0.000941415 0.00370095 0.000923869 0.999988 0.00481524 -0.00370566 -0.00481176 0.999981 0.00478782 0.293795 -0.121728
FixedParameters: 0 0 0

#Transform 139
Transform: AffineTransform_float_3_3
Parameters: 0.999994 -0.00100355 0.00308135 0.000992815 0.999994 0.0031672 -0.00308488 -0.0031638 0.99999 -0.00479479 0.23661 -0.114108
FixedParameters: 0 0 0

#Transform 140
Transform: AffineTransform_float_3_3
Parameters: 0.999996 -0.000862377 0.0028938 0.000853396 0.999994 0.00322861 -0.00289694 -0.00322639 0.999991 0.00622351 0.246174 -0.124758
FixedParameters: 0 0 0

#Transform 141
Transform: AffineTransform_float_3_3
Parameters: 0.999995 -0.000537042 0.00305909 0.000527537 0.999996 0.00292611 -0.00306034 -0.00292489 0.999992 0.0339216 0.251048 -0.174967
FixedParameters: 0 0 0

#Transform 142
Transform: AffineTransform_float_3_3
Parameters: 0.999994 -0.00121215 0.00345667 0.00120201 0.999996 0.00273809 -0.00346049 -0.00273391 0.99999 0.0449356 0.253072 -0.186982
FixedParameters: 0 0 0

#Transform 143
Transform: AffineTransform_float_3_3
Parameters: 0.999992 -0.000970156 0.00392264 0.000953652 0.999991 0.00424372 -0.00392707 -0.00424028 0.999983 0.0281807 0.271323 -0.00396569
FixedParameters: 0 0 0

#Transform 144
Transform: AffineTransform_float_3_3
Parameters: 0.999994 -0.00143515 0.00313835 0.0014264 0.999995 0.00271005 -0.003142 -0.00270595 0.999991 0.0236309 0.243206 -0.063714
FixedParameters: 0 0 0

#Transform 145
Transform: AffineTransform_float_3_3
Parameters: 0.999996 -0.00106975 0.00233809 0.00106248 0.999995 0.00303995 -0.002341 -0.00303705 0.999992 -0.0166673 0.251875 -0.127277
FixedParameters: 0 0 0

#Transform 146
Transform: AffineTransform_float_3_3
Parameters: 0.999997 -0.00131309 0.00236837 0.0013086 0.999997 0.00186136 -0.00237074 -0.00185864 0.999996 0.0100505 0.244981 -0.157419
FixedParameters: 0 0 0

#Transform 147
Transform: AffineTransform_float_3_3
Parameters: 0.999994 -0.00178772 0.0029258 0.00178221 0.999997 0.00190542 -0.00292956 -0.00190058 0.999994 0.0255635 0.202961 -0.0328723
FixedParameters: 0 0 0

#Transform 148
Transform: AffineTransform_float_3_3
Parameters: 0.999995 -0.000803024 0.0028483 0.000795433 0.999996 0.00264525 -0.00285027 -0.00264275 0.999992 0.00429853 0.231812 -0.0635047
FixedParameters: 0 0 0

#Transform 149
Transform: AffineTransform_float_3_3
Parameters: 0.999995 -0.000843007 0.00299005 0.000834957 0.999996 0.00259663 -0.00299214 -0.00259437 0.999992 -8.00191e-06 0.243782 -0.0343693
FixedParameters: 0 0 0

#Transform 150
Transform: AffineTransform_float_3_3
Parameters: 0.999996 -0.000947079 0.00274474 0.000938357 0.999994 0.00335656 -0.00274866 -0.00335344 0.99999 -0.00309014 0.245691 -0.0166905
FixedParameters: 0 0 0

#Transform 151
Transform: AffineTransform_float_3_3
Parameters: 0.999995 -0.00108855 0.00294068 0.00107544 0.99999 0.00438995 -0.0029458 -0.00438705 0.999986 0.000650021 0.309656 0.140284
FixedParameters: 0 0 0

#Transform 152
Transform: AffineTransform_float_3_3
Parameters: 0.999997 -0.00075401 0.00252237 0.000741222 0.999986 0.00523586 -0.00252621 -0.00523414 0.999984 -0.0235619 0.311685 0.151532
FixedParameters: 0 0 0

#Transform 153
Transform: AffineTransform_float_3_3
Parameters: 0.999996 -0.00082299 0.00291294 0.000813999 0.999994 0.00327651 -0.00291498 -0.00327449 0.99999 -0.0216935 0.232985 0.0655001
FixedParameters: 0 0 0

#Transform 154
Transform: AffineTransform_float_3_3
Parameters: 0.999996 -0.000830479 0.0026139 0.000827015 0.999998 0.00134114 -0.00261545 -0.00133886 0.999996 -0.0242931 0.1936 -0.0331647
FixedParameters: 0 0 0

#Transform 155
Transform: AffineTransform_float_3_3
Parameters: 0.999992 -0.00246903 0.00322003 0.00246039 0.999994 0.00246157 -0.00322543 -0.00245343 0.999992 0.0460835 0.230361 -0.0109636
FixedParameters: 0 0 0

#Transform 156
Transform: AffineTransform_float_3_3
Parameters: 0.999992 -0.00233036 0.00342396 0.00231988 0.999993 0.00309875 -0.00343097 -0.00309125 0.999989 0.105334 0.256894 -0.0444936
FixedParameters: 0 0 0

#Transform 157
Transform: AffineTransform_float_3_3
Parameters: 0.999983 -0.00315049 0.00476463 0.00313962 0.999993 0.00213577 -0.00477116 -0.00212123 0.999986 0.14313 0.249011 -0.115908
FixedParameters: 0 0 0

#Transform 158
Transform: AffineTransform_float_3_3
Parameters: 0.999991 -0.00207151 0.0035011 0.00205614 0.999988 0.00447674 -0.00351005 -0.00446926 0.999984 0.061267 0.263561 0.0697222
FixedParameters: 0 0 0

#Transform 159
Transform: AffineTransform_float_3_3
Parameters: 0.999992 -0.00197436 0.00326708 0.00195839 0.999986 0.00488742 -0.00327678 -0.00488158 0.999982 0.0365607 0.262826 0.146246
FixedParameters: 0 0 0

#Transform 160
Transform: AffineTransform_float_3_3
Parameters: 0.999993 -0.00109941 0.00337908 0.00107852 0.999981 0.00607511 -0.00338567 -0.00607189 0.999976 -0.00909309 0.326324 0.233265
FixedParameters: 0 0 0

#Transform 161
Transform: AffineTransform_float_3_3
Parameters: 0.999995 -0.00184131 0.00273616 0.00182764 0.999985 0.00500707 -0.00274515 -0.00500193 0.999984 0.0074714 0.292318 0.111881
FixedParameters: 0 0 0

#Transform 162
Transform: AffineTransform_float_3_3
Parameters: 0.999997 -0.00137344 0.00198478 0.00136339 0.999986 0.00522967 -0.0019917 -0.00522634 0.999985 -0.00268491 0.289203 0.061049
FixedParameters: 0 0 0

#Transform 163
Transform: AffineTransform_float_3_3
Parameters: 0.999997 -0.0014998 0.00191275 0.00149493 0.999995 0.00250596 -0.00191682 -0.00250303 0.999995 -0.000437603 0.24866 -0.085205
FixedParameters: 0 0 0

#Transform 164
Transform: AffineTransform_float_3_3
Parameters: 0.999996 -0.00237397 0.00167924 0.00236818 0.999989 0.00381786 -0.00168838 -0.00381414 0.999991 0.027528 0.254615 -0.0112359
FixedParameters: 0 0 0

#Transform 165
Transform: AffineTransform_float_3_3
Parameters: 0.999997 -0.00172418 0.00144257 0.00172057 0.999995 0.00269708 -0.00144712 -0.00269493 0.999996 0.0233506 0.240789 -0.0351827
FixedParameters: 0 0 0

#Transform 166
Transform: AffineTransform_float_3_3
Parameters: 0.999998 -0.0015692 0.000528244 0.00156877 0.999998 0.00114132 -0.000529982 -0.00113968 0.999999 0.0366856 0.222317 -0.120584
FixedParameters: 0 0 0

#Transform 167
Transform: AffineTransform_float_3_3
Parameters: 0.999999 -0.00163466 0.000773889 0.00163343 0.999997 0.00129891 -0.00077629 -0.00129709 0.999999 0.0369479 0.227868 -0.12945
FixedParameters: 0 0 0

#Transform 168
Transform: AffineTransform_float_3_3
Parameters: 0.999998 -0.00147991 0.00133061 0.00147809 0.999998 0.0018134 -0.001334 -0.0018116 0.999998 0.0779452 0.246386 -0.19321
FixedParameters: 0 0 0

#Transform 169
Transform: AffineTransform_float_3_3
Parameters: 0.999995 -0.00174135 0.00272779 0.00173581 0.999997 0.00204979 -0.00273187 -0.00204521 0.999994 0.154409 0.236977 -0.171216
FixedParameters: 0 0 0

#Transform 170
Transform: AffineTransform_float_3_3
Parameters: 0.999994 -0.00274255 0.00185546 0.00274124 0.999996 0.000813598 -0.00185846 -0.000808401 0.999998 0.112177 0.214235 -0.192189
FixedParameters: 0 0 0

#Transform 171
Transform: AffineTransform_float_3_3
Parameters: 0.999991 -0.00291193 0.00304191 0.00291346 0.999996 -0.000592233 -0.0030408 0.000600772 0.999996 0.116297 0.185498 -0.314665
FixedParameters: 0 0 0

#Transform 172
Transform: AffineTransform_float_3_3
Parameters: 0.999995 -0.00196801 0.00253893 0.00196584 0.999998 0.00102353 -0.00254097 -0.00101847 0.999996 0.073397 0.230425 -0.331184
FixedParameters: 0 0 0

#Transform 173
Transform: AffineTransform_float_3_3
Parameters: 0.999982 -0.00165518 0.0058676 0.00162737 0.999987 0.00488682 -0.00587552 -0.00487718 0.999971 0.108696 0.30434 0.19288
FixedParameters: 0 0 0

#Transform 174
Transform: AffineTransform_float_3_3
Parameters: 0.99999 -0.00207443 0.00399592 0.00205796 0.999989 0.00412743 -0.00400476 -0.00411857 0.999984 0.055807 0.253629 0.0228751
FixedParameters: 0 0 0

#Transform 175
Transform: AffineTransform_float_3_3
Parameters: 0.99999 -0.00299653 0.00349546 0.00298422 0.999989 0.00346468 -0.003506 -0.00345431 0.999988 0.0765569 0.259132 -0.0727985
FixedParameters: 0 0 0

#Transform 176
Transform: AffineTransform_float_3_3
Parameters: 0.999982 -0.00303797 0.00514441 0.00302092 0.99999 0.0032534 -0.00515364 -0.00323761 0.999982 0.109955 0.258429 -0.0559601
FixedParameters: 0 0 0

#Transform 177
Transform: AffineTransform_float_3_3
Parameters: 0.999981 -0.00252355 0.00573287 0.00250235 0.99999 0.00371696 -0.00574211 -0.00370204 0.999976 0.123481 0.282801 -0.0113541
FixedParameters: 0 0 0

#Transform 178
Transform: AffineTransform_float_3_3
Parameters: 0.999978 -0.00238178 0.006201 0.00235521 0.999989 0.00426142 -0.00621055 -0.00424659 0.999972 0.151466 0.304705 0.0259268
FixedParameters: 0 0 0

#Transform 179
Transform: AffineTransform_float_3_3
Parameters: 0.999989 -0.00221482 0.00430675 0.00220387 0.999995 0.00243048 -0.00431191 -0.00242052 0.999988 0.112291 0.244309 -0.0825674
FixedParameters: 0 0 0
