# transform file /out/sourcedata/freesurfer/sub-v1s10x0051115_ses-1/mri/transforms/cc_up.lta
# created by oesteban on Thu Mar 12 09:45:20 2026

type      = 0 # LINEAR_VOX_TO_VOX
nxforms   = 1
mean      = 129.0000 112.0000 116.0000
sigma     = 10000.0000
1 4 4
9.995492696762085e-01 -2.972348593175411e-02 4.245705436915159e-03 1.394082188606262e+00 
2.972321771085262e-02 9.995583295822144e-01 1.262529258383438e-04 3.016388702392578e+01 
-4.247582051903009e-03 1.455191696309033e-11 9.999910593032837e-01 2.055316352844238e+01 
0.000000000000000e+00 0.000000000000000e+00 0.000000000000000e+00 1.000000000000000e+00 
src volume info
valid = 1  # volume info valid
filename = /out/sourcedata/freesurfer/sub-v1s10x0051115_ses-1/mri/norm.mgz
volume = 256 256 256
voxelsize = 1.000000000000000e+00 1.000000000000000e+00 1.000000000000000e+00
xras   = -1.000000000000000e+00 0.000000000000000e+00 0.000000000000000e+00
yras   = 0.000000000000000e+00 0.000000000000000e+00 -1.000000000000000e+00
zras   = 0.000000000000000e+00 1.000000000000000e+00 0.000000000000000e+00
cras   = 6.651229858398438e-01 1.000000000000000e+00 1.000000000000000e+00
dst volume info
valid = 1  # volume info valid
filename = /out/sourcedata/freesurfer/sub-v1s10x0051115_ses-1/mri/norm.mgz
volume = 256 256 256
voxelsize = 1.000000000000000e+00 1.000000000000000e+00 1.000000000000000e+00
xras   = -1.000000000000000e+00 0.000000000000000e+00 0.000000000000000e+00
yras   = 0.000000000000000e+00 0.000000000000000e+00 -1.000000000000000e+00
zras   = 0.000000000000000e+00 1.000000000000000e+00 0.000000000000000e+00
cras   = 6.651229858398438e-01 1.000000000000000e+00 1.000000000000000e+00
