#Insight Transform File V1.0
#Transform 0
Transform: AffineTransform_float_3_3
Parameters: 1 -0.000204563 -0.000523724 0.000204242 1 -0.00118611 0.000523818 0.00118589 0.999999 -0.0593287 0.0763133 0.363665
FixedParameters: 0 0 0

#Transform 1
Transform: AffineTransform_float_3_3
Parameters: 1 0.000255764 0.000208721 -0.000255938 1 0.000415947 -0.000208508 -0.000416053 1 -0.00800179 -0.0348526 -0.119212
FixedParameters: 0 0 0

#Transform 2
Transform: AffineTransform_float_3_3
Parameters: 1 0.000337572 0.0004022 -0.000338237 0.999999 0.000826863 -0.000401641 -0.000827135 0.999999 -0.0179579 -0.0581835 -0.218988
FixedParameters: 0 0 0

#Transform 3
Transform: AffineTransform_float_3_3
Parameters: 1 0.000323087 0.000368179 -0.0003242 0.999999 0.00098124 -0.000368465 -0.000980759 1 -0.0138491 -0.0552487 -0.242158
FixedParameters: 0 0 0

#Transform 4
Transform: AffineTransform_float_3_3
Parameters: 1 0.000200133 -6.8503e-05 -0.000200041 1 0.000668013 6.87703e-05 -0.000667986 1 -0.00495733 -0.0456669 -0.235352
FixedParameters: 0 0 0

#Transform 5
Transform: AffineTransform_float_3_3
Parameters: 1 0.000173388 1.46092e-05 -0.000173817 0.999999 0.001274 -1.50874e-05 -0.001274 0.999999 -0.0031911 -0.0650135 -0.266533
FixedParameters: 0 0 0

#Transform 6
Transform: AffineTransform_float_3_3
Parameters: 1 0.000132093 -8.302e-05 -0.000131885 0.999999 0.00125101 8.33503e-05 -0.00125099 0.999999 -0.00454396 -0.0465426 -0.255311
FixedParameters: 0 0 0

#Transform 7
Transform: AffineTransform_float_3_3
Parameters: 1 -2.35568e-05 1.10495e-05 2.35285e-05 0.999999 0.001276 -1.11096e-05 -0.001276 0.999999 -0.00137578 -0.0439108 -0.243594
FixedParameters: 0 0 0

#Transform 8
Transform: AffineTransform_float_3_3
Parameters: 1 0.000169881 6.34467e-06 -0.000169899 0.999999 0.001418 -5.86286e-06 -0.001418 0.999999 -0.00323981 -0.0304147 -0.199813
FixedParameters: 0 0 0

#Transform 9
Transform: AffineTransform_float_3_3
Parameters: 1 8.23288e-05 -2.61134e-05 -8.22489e-05 0.999999 0.001523 2.63641e-05 -0.001523 0.999999 -0.0030081 -0.0248302 -0.218254
FixedParameters: 0 0 0

#Transform 10
Transform: AffineTransform_float_3_3
Parameters: 1 3.64107e-05 4.75736e-05 -3.65288e-05 0.999999 0.001242 -4.7483e-05 -0.001242 0.999999 -0.00124765 -0.0380645 -0.231186
FixedParameters: 0 0 0

#Transform 11
Transform: AffineTransform_float_3_3
Parameters: 1 0.000114729 3.50744e-05 -0.000114816 0.999999 0.001244 -3.47888e-05 -0.001244 0.999999 -0.00221412 -0.0430514 -0.242531
FixedParameters: 0 0 0

#Transform 12
Transform: AffineTransform_float_3_3
Parameters: 1 5.85516e-05 2.38325e-06 -5.89498e-05 0.999999 0.001355 -3.14454e-06 -0.001355 0.999999 -0.00228076 -0.0469794 -0.255726
FixedParameters: 0 0 0

#Transform 13
Transform: AffineTransform_float_3_3
Parameters: 1 0.000162872 -1.02347e-05 -0.000162842 0.999999 0.001416 1.06959e-05 -0.001416 0.999999 -0.00746516 -0.0531867 -0.271556
FixedParameters: 0 0 0

#Transform 14
Transform: AffineTransform_float_3_3
Parameters: 1 3.31544e-05 1.42048e-05 -3.31884e-05 1 0.001202 -1.4125e-05 -0.001202 1 -0.00187074 -0.0443707 -0.244498
FixedParameters: 0 0 0

#Transform 15
Transform: AffineTransform_float_3_3
Parameters: 1 1.86303e-05 2.98361e-06 -1.86398e-05 0.999998 0.001621 -2.9232e-06 -0.001621 0.999998 -0.00189057 -0.0483055 -0.277427
FixedParameters: 0 0 0

#Transform 16
Transform: AffineTransform_float_3_3
Parameters: 1 -4.2928e-05 5.50837e-05 4.37243e-05 1 0.001122 -5.55717e-05 -0.001122 1 -0.000368132 -0.0462175 -0.247089
FixedParameters: 0 0 0

#Transform 17
Transform: AffineTransform_float_3_3
Parameters: 1 -2.20335e-05 2.23503e-05 2.19787e-05 0.999999 0.001225 -2.24043e-05 -0.001225 0.999999 -0.00113958 -0.0607311 -0.271567
FixedParameters: 0 0 0

#Transform 18
Transform: AffineTransform_float_3_3
Parameters: 1 -1.82714e-05 -2.26751e-05 1.83381e-05 0.999999 0.001472 2.26213e-05 -0.001472 0.999999 -0.00204242 -0.042733 -0.249855
FixedParameters: 0 0 0

#Transform 19
Transform: AffineTransform_float_3_3
Parameters: 1 -1.18622e-05 3.8682e-05 1.17791e-05 1 0.001074 -3.87074e-05 -0.001074 1 0.00205948 -0.0499834 -0.253962
FixedParameters: 0 0 0

#Transform 20
Transform: AffineTransform_float_3_3
Parameters: 1 4.513e-05 -1.90856e-05 -4.50789e-05 0.999999 0.001333 1.92059e-05 -0.001333 0.999999 -0.00253233 -0.0543457 -0.272349
FixedParameters: 0 0 0

#Transform 21
Transform: AffineTransform_float_3_3
Parameters: 1 -6.11395e-05 4.54092e-05 6.14211e-05 1 0.001212 -4.46372e-05 -0.001212 1 -0.000255222 -0.0352029 -0.22424
FixedParameters: 0 0 0

#Transform 22
Transform: AffineTransform_float_3_3
Parameters: 1 -7.68751e-05 6.72553e-05 7.66964e-05 0.999999 0.00132601 -6.74589e-05 -0.001326 0.999999 0.00238622 -0.0408685 -0.241383
FixedParameters: 0 0 0

#Transform 23
Transform: AffineTransform_float_3_3
Parameters: 1 -7.66163e-05 9.86509e-05 7.67767e-05 1 0.00117201 -9.79101e-05 -0.00117199 1 0.000865724 -0.0352797 -0.223161
FixedParameters: 0 0 0

#Transform 24
Transform: AffineTransform_float_3_3
Parameters: 1 -7.31591e-05 8.63122e-05 7.29287e-05 0.999999 0.00133301 -8.6507e-05 -0.00133299 0.999999 0.000528959 -0.0399676 -0.239643
FixedParameters: 0 0 0

#Transform 25
Transform: AffineTransform_float_3_3
Parameters: 1 -5.09751e-05 8.23321e-05 5.07033e-05 0.999998 0.001649 -8.24998e-05 -0.00164899 0.999998 0.000280438 -0.0407624 -0.251883
FixedParameters: 0 0 0

#Transform 26
Transform: AffineTransform_float_3_3
Parameters: 1 -6.25904e-05 9.59348e-05 6.22923e-05 0.999999 0.00155201 -9.61286e-05 -0.00155199 0.999999 0.000621794 -0.0449488 -0.25849
FixedParameters: 0 0 0

#Transform 27
Transform: AffineTransform_float_3_3
Parameters: 1 -7.77842e-06 5.86558e-05 7.59784e-06 0.999999 0.001539 -5.86795e-05 -0.001539 0.999999 -0.000667406 -0.0283549 -0.254086
FixedParameters: 0 0 0

#Transform 28
Transform: AffineTransform_float_3_3
Parameters: 1 -3.38756e-05 0.000102247 3.35382e-05 0.999998 0.001649 -0.000102358 -0.001649 0.999998 0.000411162 -0.0468817 -0.291867
FixedParameters: 0 0 0

#Transform 29
Transform: AffineTransform_float_3_3
Parameters: 1 -0.000139119 3.81557e-05 0.000138073 0.999998 0.001649 -3.8222e-05 -0.00164899 0.999998 0.000378521 -0.0265546 -0.255966
FixedParameters: 0 0 0

#Transform 30
Transform: AffineTransform_float_3_3
Parameters: 1 -0.000153083 0.000151544 0.000152602 0.999998 0.00158602 -0.000152029 -0.00158598 0.999998 -0.00363608 -0.0535352 -0.280514
FixedParameters: 0 0 0

#Transform 31
Transform: AffineTransform_float_3_3
Parameters: 1 3.45231e-05 2.77513e-05 -3.46144e-05 0.999998 0.001649 -2.76373e-05 -0.001649 0.999998 -0.00163471 -0.0506278 -0.274269
FixedParameters: 0 0 0

#Transform 32
Transform: AffineTransform_float_3_3
Parameters: 1 -0.000351425 0.000239678 0.000351025 0.999998 0.00164908 -0.000239916 -0.00164891 0.999998 0.0087095 -0.0220372 -0.261973
FixedParameters: 0 0 0

#Transform 33
Transform: AffineTransform_float_3_3
Parameters: 1 -0.000287572 -2.29664e-05 0.000287133 0.999998 0.00196999 2.31455e-05 -0.00197001 0.999998 0.00244168 -0.0340675 -0.265338
FixedParameters: 0 0 0

#Transform 34
Transform: AffineTransform_float_3_3
Parameters: 1 -0.000370242 1.51685e-05 0.00037057 0.999998 0.00202501 -1.57482e-05 -0.00202499 0.999998 -0.00150043 -0.0353864 -0.261637
FixedParameters: 0 0 0

#Transform 35
Transform: AffineTransform_float_3_3
Parameters: 1 -0.000277849 6.6265e-08 0.000276927 0.999998 0.001967 -7.66776e-07 -0.001967 0.999998 0.00387551 -0.024184 -0.276003
FixedParameters: 0 0 0

#Transform 36
Transform: AffineTransform_float_3_3
Parameters: 1 -0.000321426 -0.000103061 0.000320874 0.999999 0.00179497 0.000102299 -0.00179503 0.999999 0.00622717 -0.0148135 -0.248426
FixedParameters: 0 0 0

#Transform 37
Transform: AffineTransform_float_3_3
Parameters: 1 -0.000299252 -5.05323e-05 0.000298505 0.999999 0.00172863 4.98895e-05 -0.00172937 0.999998 0.00112668 -0.025663 -0.27766
FixedParameters: 0 0 0

#Transform 38
Transform: AffineTransform_float_3_3
Parameters: 1 -0.000340491 -0.0001482 0.000340493 0.999999 0.00179495 0.000148289 -0.00179505 0.999999 -0.00577689 -0.0240578 -0.270111
FixedParameters: 0 0 0

#Transform 39
Transform: AffineTransform_float_3_3
Parameters: 1 -0.000187552 0.00021386 0.000186845 0.999998 0.00165104 -0.000214479 -0.00165096 0.999998 -0.000464681 -0.0386522 -0.281168
FixedParameters: 0 0 0

#Transform 40
Transform: AffineTransform_float_3_3
Parameters: 1 -0.000419022 2.82723e-05 0.000419312 0.999999 0.00176365 -2.88306e-05 -0.00176435 0.999998 0.0025382 -0.0458128 -0.288598
FixedParameters: 0 0 0

#Transform 41
Transform: AffineTransform_float_3_3
Parameters: 1 -0.000430961 0.000110583 0.000431051 0.999999 0.00135905 -0.000110834 -0.00135895 0.999999 0.00780537 -0.0203254 -0.26275
FixedParameters: 0 0 0

#Transform 42
Transform: AffineTransform_float_3_3
Parameters: 1 -0.000655405 0.000170145 0.000655438 0.999998 0.00219075 -0.000171176 -0.00219125 0.999997 0.00280395 -0.0319495 -0.287175
FixedParameters: 0 0 0

#Transform 43
Transform: AffineTransform_float_3_3
Parameters: 1 -0.000402902 0.000233405 0.000402319 0.999999 0.00124609 -0.000234409 -0.00124591 0.999999 0.00997695 -0.0274042 -0.257754
FixedParameters: 0 0 0

#Transform 44
Transform: AffineTransform_float_3_3
Parameters: 1 -0.000479478 1.36618e-05 0.00047982 0.999999 0.00172565 -1.4397e-05 -0.00172635 0.999998 0.0033759 -0.0351613 -0.293651
FixedParameters: 0 0 0

#Transform 45
Transform: AffineTransform_float_3_3
Parameters: 1 -0.00047909 1.45354e-05 0.000479426 0.999998 0.00182501 -1.53641e-05 -0.00182499 0.999999 0.00721552 -0.0255863 -0.272335
FixedParameters: 0 0 0

#Transform 46
Transform: AffineTransform_float_3_3
Parameters: 1 -0.000460262 0.000218459 0.000460012 0.999999 0.0014651 -0.000218887 -0.0014649 0.999999 0.0111685 -0.0296007 -0.2962
FixedParameters: 0 0 0

#Transform 47
Transform: AffineTransform_float_3_3
Parameters: 1 -0.000450239 0.000298741 0.000449582 0.999999 0.00175177 -0.000299396 -0.00175222 0.999998 0.00628183 -0.0446412 -0.313801
FixedParameters: 0 0 0

#Transform 48
Transform: AffineTransform_float_3_3
Parameters: 1 -0.000588003 0.000296374 0.000587547 0.999999 0.00142617 -0.00029713 -0.00142583 0.999999 0.0111446 -0.0261814 -0.27607
FixedParameters: 0 0 0

#Transform 49
Transform: AffineTransform_float_3_3
Parameters: 1 -0.000545982 0.000395798 0.000545169 0.999998 0.00151922 -0.000396535 -0.00151878 0.999999 0.0115232 -0.051467 -0.303903
FixedParameters: 0 0 0

#Transform 50
Transform: AffineTransform_float_3_3
Parameters: 1 -0.000546943 0.000393703 0.000547083 0.999998 0.00198222 -0.000394421 -0.00198178 0.999998 0.0153311 -0.0390054 -0.290056
FixedParameters: 0 0 0

#Transform 51
Transform: AffineTransform_float_3_3
Parameters: 1 -0.000548818 0.000389195 0.000547804 0.999998 0.00180321 -0.000390252 -0.00180279 0.999999 0.0203621 -0.0369711 -0.329694
FixedParameters: 0 0 0

#Transform 52
Transform: AffineTransform_float_3_3
Parameters: 0.999999 -0.000668453 0.000309018 0.000667776 0.999997 0.00235521 -0.000310323 -0.00235479 0.999997 0.0143735 -0.0407876 -0.331941
FixedParameters: 0 0 0

#Transform 53
Transform: AffineTransform_float_3_3
Parameters: 0.999999 -0.000663463 0.000325922 0.000662772 0.999999 0.00165686 -0.000327199 -0.00165714 0.999998 0.0275447 -0.03332 -0.309422
FixedParameters: 0 0 0

#Transform 54
Transform: AffineTransform_float_3_3
Parameters: 0.999999 -0.000705878 0.000312917 0.000705224 0.999997 0.00228822 -0.000314305 -0.00228778 0.999998 0.0178008 -0.0211102 -0.301463
FixedParameters: 0 0 0

#Transform 55
Transform: AffineTransform_float_3_3
Parameters: 0.999999 -0.000637886 0.000396975 0.000636712 0.999997 0.00245925 -0.000398268 -0.00245875 0.999997 0.0110711 -0.0336727 -0.317888
FixedParameters: 0 0 0

#Transform 56
Transform: AffineTransform_float_3_3
Parameters: 0.999999 -0.000715908 0.000487358 0.000714654 0.999996 0.00248735 -0.000488154 -0.00248665 0.999997 0.00787121 -0.0435226 -0.342214
FixedParameters: 0 0 0

#Transform 57
Transform: AffineTransform_float_3_3
Parameters: 1 -0.000609983 0.000244365 0.000609721 0.999998 0.00213079 -0.000245123 -0.00213121 0.999998 0.0129542 -0.0455661 -0.320984
FixedParameters: 0 0 0

#Transform 58
Transform: AffineTransform_float_3_3
Parameters: 0.999999 -0.000752117 0.000535278 0.00075126 0.999997 0.0023854 -0.000537413 -0.0023846 0.999997 0.0119528 -0.0379796 -0.336189
FixedParameters: 0 0 0

#Transform 59
Transform: AffineTransform_float_3_3
Parameters: 0.999999 -0.000649097 0.000537561 0.000648404 0.999997 0.0022245 -0.000538997 -0.0022245 0.999998 0.0100655 -0.0423671 -0.320768
FixedParameters: 0 0 0

#Transform 60
Transform: AffineTransform_float_3_3
Parameters: 1 -0.000669707 0.000581177 0.000668145 0.999997 0.00201539 -0.000582032 -0.00201461 0.999998 0.00770698 -0.0502001 -0.327796
FixedParameters: 0 0 0

#Transform 61
Transform: AffineTransform_float_3_3
Parameters: 0.999999 -0.000764177 0.000560426 0.000763795 0.999998 0.00185743 -0.000561814 -0.00185657 0.999998 0.0327056 -0.0270341 -0.294443
FixedParameters: 0 0 0

#Transform 62
Transform: AffineTransform_float_3_3
Parameters: 1 -0.000848114 0.000559734 0.000846486 0.999998 0.00214911 -0.000561534 -0.00214888 0.999997 0.0242504 -0.0279911 -0.30634
FixedParameters: 0 0 0

#Transform 63
Transform: AffineTransform_float_3_3
Parameters: 1 -0.000622804 0.000213985 0.000622295 0.999997 0.00209213 -0.00021567 -0.00209186 0.999998 0.00868825 -0.0282203 -0.303055
FixedParameters: 0 0 0

#Transform 64
Transform: AffineTransform_float_3_3
Parameters: 0.999999 -0.000758923 0.000467647 0.000758429 0.999997 0.00234236 -0.00046975 -0.00234164 0.999997 0.00306538 -0.0397411 -0.324646
FixedParameters: 0 0 0

#Transform 65
Transform: AffineTransform_float_3_3
Parameters: 0.999999 -0.000770251 0.00044058 0.000769626 0.999999 0.00159498 -0.000441195 -0.00159502 0.999998 0.0142526 -0.0301303 -0.313376
FixedParameters: 0 0 0

#Transform 66
Transform: AffineTransform_float_3_3
Parameters: 0.999999 -0.000788373 0.000539132 0.000787115 0.999997 0.00188958 -0.000540268 -0.00188942 0.999998 0.0203954 -0.00972581 -0.258467
FixedParameters: 0 0 0

#Transform 67
Transform: AffineTransform_float_3_3
Parameters: 1 -0.000861425 0.000615517 0.000859821 0.999998 0.00193553 -0.000617007 -0.00193447 0.999998 0.0206749 -0.0152503 -0.273503
FixedParameters: 0 0 0

#Transform 68
Transform: AffineTransform_float_3_3
Parameters: 1 -0.000931146 0.000694721 0.00092905 0.999998 0.00206829 -0.000696727 -0.00206771 0.999997 0.00563467 -0.0299172 -0.295267
FixedParameters: 0 0 0

#Transform 69
Transform: AffineTransform_float_3_3
Parameters: 1 -0.000738256 0.00070727 0.000735458 0.999997 0.00252716 -0.000709153 -0.00252684 0.999996 0.00626197 -0.0327824 -0.31424
FixedParameters: 0 0 0

#Transform 70
Transform: AffineTransform_float_3_3
Parameters: 1 -0.000487248 0.000813275 0.000485736 0.999997 0.0022994 -0.000815372 -0.0022986 0.999997 0.00314711 -0.0397065 -0.311985
FixedParameters: 0 0 0

#Transform 71
Transform: AffineTransform_float_3_3
Parameters: 0.999999 -0.000749816 0.000435037 0.000748663 0.999998 0.00177033 -0.000436769 -0.00176967 0.999999 0.024489 -0.0406948 -0.330382
FixedParameters: 0 0 0

#Transform 72
Transform: AffineTransform_float_3_3
Parameters: 1 -0.000986713 0.000563036 0.000985232 0.999998 0.0020052 -0.000565149 -0.0020048 0.999998 0.0350821 -0.0101966 -0.264551
FixedParameters: 0 0 0

#Transform 73
Transform: AffineTransform_float_3_3
Parameters: 1 -0.00103971 0.000437492 0.00103891 0.999997 0.00224546 -0.000439397 -0.00224455 0.999998 0.023426 -0.011855 -0.272757
FixedParameters: 0 0 0

#Transform 74
Transform: AffineTransform_float_3_3
Parameters: 1 -0.000909138 0.000747046 0.000907825 0.999997 0.00227768 -0.000748812 -0.00227632 0.999997 0.0211075 -0.020439 -0.292098
FixedParameters: 0 0 0

#Transform 75
Transform: AffineTransform_float_3_3
Parameters: 0.999999 -0.000821793 0.000954275 0.000818948 0.999996 0.00237993 -0.000956729 -0.00237906 0.999997 0.0195976 -0.0243284 -0.309862
FixedParameters: 0 0 0

#Transform 76
Transform: AffineTransform_float_3_3
Parameters: 0.999999 -0.000821555 0.000954481 0.000819188 0.999997 0.00212958 -0.000956524 -0.00212942 0.999997 0.0269879 -0.0263703 -0.313381
FixedParameters: 0 0 0

#Transform 77
Transform: AffineTransform_float_3_3
Parameters: 0.999999 -0.00110694 0.00071795 0.00110611 0.999997 0.00203159 -0.000720075 -0.00203141 0.999998 0.0324116 -0.018516 -0.282001
FixedParameters: 0 0 0

#Transform 78
Transform: AffineTransform_float_3_3
Parameters: 0.999999 -0.00082169 0.000954364 0.000819052 0.999997 0.00227178 -0.00095664 -0.00227022 0.999997 0.0187931 -0.0303788 -0.309258
FixedParameters: 0 0 0

#Transform 79
Transform: AffineTransform_float_3_3
Parameters: 0.999999 -0.00104849 0.000949694 0.00104563 0.999996 0.002606 -0.000952779 -0.002604 0.999996 0.0109953 -0.0405655 -0.338773
FixedParameters: 0 0 0

#Transform 80
Transform: AffineTransform_float_3_3
Parameters: 0.999999 -0.00128444 0.00114923 0.00128127 0.999996 0.00245427 -0.00115223 -0.00245273 0.999996 0.036227 -0.0196483 -0.328711
FixedParameters: 0 0 0

#Transform 81
Transform: AffineTransform_float_3_3
Parameters: 0.999998 -0.00139425 0.000888654 0.00139223 0.999997 0.00230988 -0.000892718 -0.00230812 0.999997 0.0448517 -0.0160735 -0.310071
FixedParameters: 0 0 0

#Transform 82
Transform: AffineTransform_float_3_3
Parameters: 0.999998 -0.00133626 0.00102647 0.00133339 0.999996 0.00260601 -0.00103013 -0.00260399 0.999996 0.031321 -0.033174 -0.337101
FixedParameters: 0 0 0

#Transform 83
Transform: AffineTransform_float_3_3
Parameters: 0.999998 -0.00131611 0.00107478 0.00131303 0.999995 0.00300921 -0.00107979 -0.00300779 0.999995 0.0290321 -0.0382442 -0.362134
FixedParameters: 0 0 0

#Transform 84
Transform: AffineTransform_float_3_3
Parameters: 0.999998 -0.00128507 0.00114851 0.00128195 0.999995 0.00300927 -0.00115242 -0.00300773 0.999995 0.019482 -0.0461355 -0.380482
FixedParameters: 0 0 0

#Transform 85
Transform: AffineTransform_float_3_3
Parameters: 0.999998 -0.00147817 0.00135131 0.00147433 0.999996 0.00248143 -0.00135442 -0.00247957 0.999996 0.0486299 -0.0363207 -0.391391
FixedParameters: 0 0 0

#Transform 86
Transform: AffineTransform_float_3_3
Parameters: 0.999998 -0.00152132 0.00124899 0.00151753 0.999996 0.00250533 -0.00125331 -0.00250366 0.999996 0.0526359 -0.0293473 -0.369981
FixedParameters: 0 0 0

#Transform 87
Transform: AffineTransform_float_3_3
Parameters: 0.999999 -0.00136519 0.00118235 0.001362 0.999995 0.00295141 -0.00118657 -0.00294959 0.999995 0.0304334 -0.0274068 -0.381321
FixedParameters: 0 0 0

#Transform 88
Transform: AffineTransform_float_3_3
Parameters: 0.999999 -0.00135597 0.00117848 0.0013519 0.999995 0.00294203 -0.00118223 -0.00294097 0.999995 0.0204326 -0.0438787 -0.412526
FixedParameters: 0 0 0

#Transform 89
Transform: AffineTransform_float_3_3
Parameters: 0.999999 -0.00142684 0.00120846 0.00142278 0.999995 0.00286716 -0.00121242 -0.00286584 0.999995 0.0231071 -0.0594906 -0.434707
FixedParameters: 0 0 0

#Transform 90
Transform: AffineTransform_float_3_3
Parameters: 0.999999 -0.00140934 0.00120108 0.00140622 0.999995 0.00287413 -0.00120535 -0.00287287 0.999995 0.0237442 -0.0549953 -0.438734
FixedParameters: 0 0 0

#Transform 91
Transform: AffineTransform_float_3_3
Parameters: 0.999998 -0.00161153 0.00128716 0.00160774 0.999996 0.00243651 -0.00129171 -0.00243449 0.999996 0.0721074 -0.0296855 -0.437071
FixedParameters: 0 0 0

#Transform 92
Transform: AffineTransform_float_3_3
Parameters: 0.999998 -0.00172217 0.0011563 0.00171876 0.999995 0.00271243 -0.00116142 -0.00271057 0.999996 0.0528404 -0.0338064 -0.408359
FixedParameters: 0 0 0

#Transform 93
Transform: AffineTransform_float_3_3
Parameters: 0.999998 -0.00152143 0.00124885 0.00151781 0.999995 0.00259869 -0.00125253 -0.00259631 0.999996 0.038756 -0.0518133 -0.445737
FixedParameters: 0 0 0

#Transform 94
Transform: AffineTransform_float_3_3
Parameters: 0.999998 -0.00152146 0.00124881 0.00151778 0.999995 0.00262369 -0.00125257 -0.00262131 0.999996 0.0281117 -0.0514085 -0.445516
FixedParameters: 0 0 0

#Transform 95
Transform: AffineTransform_float_3_3
Parameters: 0.999997 -0.00168969 0.00132039 0.00168606 0.999996 0.00231467 -0.00132491 -0.00231233 0.999997 0.071412 -0.0382833 -0.456618
FixedParameters: 0 0 0

#Transform 96
Transform: AffineTransform_float_3_3
Parameters: 0.999997 -0.00175266 0.00134482 0.00174761 0.999993 0.00323179 -0.00135007 -0.00322921 0.999993 0.0405775 -0.038758 -0.454962
FixedParameters: 0 0 0

#Transform 97
Transform: AffineTransform_float_3_3
Parameters: 0.999997 -0.0016589 0.00156627 0.00165513 0.999995 0.00253739 -0.00156993 -0.00253361 0.999996 0.0611593 -0.025961 -0.446572
FixedParameters: 0 0 0

#Transform 98
Transform: AffineTransform_float_3_3
Parameters: 0.999998 -0.00171298 0.001439 0.00170811 0.999993 0.00314005 -0.001445 -0.00313795 0.999994 0.0601996 -0.015744 -0.427984
FixedParameters: 0 0 0

#Transform 99
Transform: AffineTransform_float_3_3
Parameters: 0.999997 -0.00184941 0.00164504 0.00184466 0.999994 0.00271263 -0.00165031 -0.00270937 0.999995 0.0704656 -0.016283 -0.451323
FixedParameters: 0 0 0

#Transform 100
Transform: AffineTransform_float_3_3
Parameters: 0.999996 -0.00187274 0.00182276 0.00186641 0.999993 0.00323815 -0.00182959 -0.00323485 0.999994 0.0598407 -0.0225005 -0.46973
FixedParameters: 0 0 0

#Transform 101
Transform: AffineTransform_float_3_3
Parameters: 0.999996 -0.00194603 0.00164761 0.00194146 0.999994 0.00277243 -0.00165272 -0.00276957 0.999995 0.0797211 -0.0104701 -0.467821
FixedParameters: 0 0 0

#Transform 102
Transform: AffineTransform_float_3_3
Parameters: 0.999996 -0.00212663 0.00186419 0.00212045 0.999992 0.00333519 -0.00187123 -0.00333081 0.999993 0.0772429 -0.0247379 -0.503587
FixedParameters: 0 0 0

#Transform 103
Transform: AffineTransform_float_3_3
Parameters: 0.999996 -0.00218673 0.00172128 0.00218108 0.999992 0.00334699 -0.0017297 -0.003343 0.999993 0.0905743 -0.00308257 -0.498233
FixedParameters: 0 0 0

#Transform 104
Transform: AffineTransform_float_3_3
Parameters: 0.999996 -0.00233664 0.0016203 0.0023313 0.999992 0.00341651 -0.00162782 -0.0034125 0.999993 0.0802334 -0.0100257 -0.507542
FixedParameters: 0 0 0

#Transform 105
Transform: AffineTransform_float_3_3
Parameters: 0.999995 -0.00238653 0.00210162 0.00238033 0.999993 0.00296504 -0.00210863 -0.00295996 0.999993 0.10826 -0.00789472 -0.5176
FixedParameters: 0 0 0

#Transform 106
Transform: AffineTransform_float_3_3
Parameters: 0.999995 -0.00258638 0.00193457 0.00258009 0.999991 0.00344467 -0.00194341 -0.00344033 0.999992 0.107193 -0.0116235 -0.525899
FixedParameters: 0 0 0

#Transform 107
Transform: AffineTransform_float_3_3
Parameters: 0.999994 -0.00255142 0.0020185 0.00254354 0.999989 0.00379017 -0.00202793 -0.00378483 0.999991 0.108344 -0.00654376 -0.528597
FixedParameters: 0 0 0

#Transform 108
Transform: AffineTransform_float_3_3
Parameters: 0.999994 -0.00252319 0.00208531 0.00251603 0.99999 0.00362328 -0.00209499 -0.00361771 0.999991 0.109215 -0.0163723 -0.540057
FixedParameters: 0 0 0

#Transform 109
Transform: AffineTransform_float_3_3
Parameters: 0.999994 -0.00252509 0.00208119 0.00251765 0.99999 0.00379328 -0.00209082 -0.00378772 0.999991 0.115956 -0.0269747 -0.593236
FixedParameters: 0 0 0

#Transform 110
Transform: AffineTransform_float_3_3
Parameters: 0.999994 -0.00273476 0.00203665 0.00272681 0.999989 0.00387124 -0.00204699 -0.00386576 0.999991 0.134539 -0.00310692 -0.571426
FixedParameters: 0 0 0

#Transform 111
Transform: AffineTransform_float_3_3
Parameters: 0.999995 -0.00250121 0.00224237 0.00249223 0.999989 0.00415527 -0.00225309 -0.00414973 0.999989 0.117807 -0.026655 -0.595423
FixedParameters: 0 0 0

#Transform 112
Transform: AffineTransform_float_3_3
Parameters: 0.999995 -0.00264744 0.00200154 0.0026399 0.999989 0.00373596 -0.0020114 -0.00373103 0.999991 0.130312 -0.00572451 -0.587873
FixedParameters: 0 0 0

#Transform 113
Transform: AffineTransform_float_3_3
Parameters: 0.999995 -0.00240501 0.00202482 0.00239639 0.999988 0.0042849 -0.00203498 -0.00428011 0.999989 0.0978815 -0.0322553 -0.58968
FixedParameters: 0 0 0

#Transform 114
Transform: AffineTransform_float_3_3
Parameters: 0.999995 -0.00232619 0.00212258 0.00231714 0.999988 0.00440596 -0.00213301 -0.00440104 0.999988 0.0955339 -0.0181722 -0.596259
FixedParameters: 0 0 0

#Transform 115
Transform: AffineTransform_float_3_3
Parameters: 0.999994 -0.00242839 0.00214935 0.00241983 0.999989 0.00402524 -0.00215845 -0.00401976 0.99999 0.12105 -0.0128404 -0.596219
FixedParameters: 0 0 0

#Transform 116
Transform: AffineTransform_float_3_3
Parameters: 0.999995 -0.00266946 0.00203486 0.00266197 0.999988 0.0039851 -0.00204569 -0.0039799 0.99999 0.132023 -0.00846347 -0.575937
FixedParameters: 0 0 0

#Transform 117
Transform: AffineTransform_float_3_3
Parameters: 0.999994 -0.0026066 0.00227032 0.00259686 0.999988 0.00415558 -0.00228061 -0.00414942 0.999988 0.123607 -0.0139916 -0.603785
FixedParameters: 0 0 0

#Transform 118
Transform: AffineTransform_float_3_3
Parameters: 0.999994 -0.00265732 0.00212839 0.00264941 0.999988 0.00400232 -0.00213829 -0.00399668 0.999989 0.133573 -0.000813973 -0.579032
FixedParameters: 0 0 0

#Transform 119
Transform: AffineTransform_float_3_3
Parameters: 0.999995 -0.00253478 0.00222995 0.00252567 0.999987 0.00429367 -0.00224073 -0.00428732 0.999988 0.116294 -0.00742084 -0.589891
FixedParameters: 0 0 0

#Transform 120
Transform: AffineTransform_float_3_3
Parameters: 0.999994 -0.0025568 0.00223984 0.00254613 0.999987 0.00441654 -0.00225104 -0.00441146 0.999988 0.10813 -0.0200662 -0.612524
FixedParameters: 0 0 0

#Transform 121
Transform: AffineTransform_float_3_3
Parameters: 0.999994 -0.00256332 0.00233804 0.00255277 0.999987 0.00440281 -0.00234962 -0.00439719 0.999987 0.109213 -0.0120865 -0.606697
FixedParameters: 0 0 0

#Transform 122
Transform: AffineTransform_float_3_3
Parameters: 0.999993 -0.00277942 0.00229233 0.00277006 0.999988 0.00403019 -0.00230336 -0.00402381 0.99999 0.130948 0.0159503 -0.583426
FixedParameters: 0 0 0

#Transform 123
Transform: AffineTransform_float_3_3
Parameters: 0.999993 -0.00255612 0.00245045 0.00254525 0.999988 0.00426808 -0.00246127 -0.00426192 0.999988 0.106473 -0.0116122 -0.600913
FixedParameters: 0 0 0

#Transform 124
Transform: AffineTransform_float_3_3
Parameters: 0.999994 -0.00261808 0.00228938 0.00260928 0.999988 0.00411566 -0.00229994 -0.00410934 0.999989 0.128734 0.0121779 -0.59363
FixedParameters: 0 0 0

#Transform 125
Transform: AffineTransform_float_3_3
Parameters: 0.999993 -0.00278102 0.00230049 0.00276957 0.999985 0.00463785 -0.00231305 -0.00463214 0.999987 0.12301 -0.00617057 -0.636984
FixedParameters: 0 0 0

#Transform 126
Transform: AffineTransform_float_3_3
Parameters: 0.999993 -0.00297326 0.00236126 0.00296261 0.999986 0.00443232 -0.00237346 -0.00442467 0.999987 0.140711 0.00843671 -0.61796
FixedParameters: 0 0 0

#Transform 127
Transform: AffineTransform_float_3_3
Parameters: 0.999994 -0.00281609 0.00235452 0.00280448 0.999984 0.00484309 -0.00236803 -0.00483691 0.999985 0.115275 -0.00399063 -0.634533
FixedParameters: 0 0 0

#Transform 128
Transform: AffineTransform_float_3_3
Parameters: 0.999993 -0.00283801 0.0026855 0.00282425 0.999984 0.00489123 -0.00269895 -0.00488377 0.999985 0.117737 -0.00655728 -0.633363
FixedParameters: 0 0 0

#Transform 129
Transform: AffineTransform_float_3_3
Parameters: 0.999992 -0.00294584 0.0024267 0.00293508 0.999986 0.00444525 -0.00244004 -0.00443875 0.999987 0.14162 0.0241317 -0.597284
FixedParameters: 0 0 0

#Transform 130
Transform: AffineTransform_float_3_3
Parameters: 0.999992 -0.00291611 0.0024986 0.00290346 0.999984 0.00477174 -0.00251265 -0.00476425 0.999985 0.127931 -0.0102633 -0.633924
FixedParameters: 0 0 0

#Transform 131
Transform: AffineTransform_float_3_3
Parameters: 0.999993 -0.00282834 0.00243037 0.00281729 0.999986 0.00449869 -0.00244297 -0.00449131 0.999987 0.140421 -0.00476614 -0.658118
FixedParameters: 0 0 0

#Transform 132
Transform: AffineTransform_float_3_3
Parameters: 0.999991 -0.00342054 0.002503 0.00340922 0.999983 0.00472931 -0.00251881 -0.0047207 0.999986 0.154814 0.0192824 -0.6263
FixedParameters: 0 0 0

#Transform 133
Transform: AffineTransform_float_3_3
Parameters: 0.999992 -0.0030152 0.00282649 0.00299955 0.99998 0.00550892 -0.00284339 -0.00550108 0.999981 0.140487 0.0100475 -0.65963
FixedParameters: 0 0 0

#Transform 134
Transform: AffineTransform_float_3_3
Parameters: 0.999991 -0.00336142 0.00264454 0.0033489 0.999982 0.00487815 -0.00266118 -0.00486885 0.999985 0.168325 0.0252238 -0.651125
FixedParameters: 0 0 0

#Transform 135
Transform: AffineTransform_float_3_3
Parameters: 0.99999 -0.0033157 0.0027554 0.00330139 0.99998 0.00538303 -0.00277255 -0.00537397 0.999981 0.158823 0.00332533 -0.674155
FixedParameters: 0 0 0

#Transform 136
Transform: AffineTransform_float_3_3
Parameters: 0.999991 -0.00337821 0.00260549 0.00336494 0.999981 0.00524254 -0.0026229 -0.00523345 0.999982 0.167769 0.0154918 -0.677669
FixedParameters: 0 0 0

#Transform 137
Transform: AffineTransform_float_3_3
Parameters: 0.999991 -0.00334038 0.00269859 0.00332452 0.999976 0.00609391 -0.00271929 -0.00608508 0.999978 0.168927 0.00620904 -0.731223
FixedParameters: 0 0 0

#Transform 138
Transform: AffineTransform_float_3_3
Parameters: 0.999988 -0.00384323 0.0030084 0.00382634 0.999977 0.0056179 -0.00302932 -0.00560611 0.99998 0.193679 0.0171438 -0.732945
FixedParameters: 0 0 0

#Transform 139
Transform: AffineTransform_float_3_3
Parameters: 0.999989 -0.00353243 0.00310385 0.00351449 0.999978 0.0056368 -0.00312365 -0.0056262 0.999979 0.18743 0.00552805 -0.762736
FixedParameters: 0 0 0

#Transform 140
Transform: AffineTransform_float_3_3
Parameters: 0.999988 -0.00372777 0.00299491 0.00370943 0.999976 0.00581785 -0.00301694 -0.00580614 0.999979 0.190409 0.0218372 -0.731377
FixedParameters: 0 0 0

#Transform 141
Transform: AffineTransform_float_3_3
Parameters: 0.999988 -0.0037471 0.00319647 0.00372945 0.999978 0.00549046 -0.00321666 -0.00547854 0.99998 0.201835 0.0171772 -0.776718
FixedParameters: 0 0 0

#Transform 142
Transform: AffineTransform_float_3_3
Parameters: 0.999988 -0.00397409 0.00290224 0.00395632 0.999972 0.00632788 -0.00292789 -0.00631612 0.999976 0.192463 0.0320744 -0.752521
FixedParameters: 0 0 0

#Transform 143
Transform: AffineTransform_float_3_3
Parameters: 0.999985 -0.00431395 0.00320928 0.00429417 0.999972 0.00621911 -0.00323551 -0.00620489 0.999975 0.197758 0.0301924 -0.76241
FixedParameters: 0 0 0

#Transform 144
Transform: AffineTransform_float_3_3
Parameters: 0.999986 -0.00398662 0.00343512 0.00396482 0.999973 0.00612897 -0.00345878 -0.00611503 0.999975 0.194577 0.017212 -0.792657
FixedParameters: 0 0 0

#Transform 145
Transform: AffineTransform_float_3_3
Parameters: 0.999985 -0.00420796 0.00346005 0.00418878 0.999977 0.00540748 -0.00348274 -0.00539252 0.999979 0.213301 0.0337003 -0.805488
FixedParameters: 0 0 0

#Transform 146
Transform: AffineTransform_float_3_3
Parameters: 0.999986 -0.00389989 0.00342873 0.00387909 0.999975 0.00582364 -0.00345172 -0.00581035 0.999977 0.196795 0.025177 -0.7876
FixedParameters: 0 0 0

#Transform 147
Transform: AffineTransform_float_3_3
Parameters: 0.999986 -0.0040985 0.00356377 0.00407693 0.999973 0.00600367 -0.00358817 -0.00598932 0.999975 0.199926 0.0322143 -0.788262
FixedParameters: 0 0 0

#Transform 148
Transform: AffineTransform_float_3_3
Parameters: 0.999986 -0.00404799 0.00335272 0.00402723 0.999974 0.0060647 -0.00337754 -0.0060503 0.999976 0.188995 0.0204485 -0.809317
FixedParameters: 0 0 0

#Transform 149
Transform: AffineTransform_float_3_3
Parameters: 0.999986 -0.00410654 0.00340501 0.004088 0.999976 0.0055339 -0.00342805 -0.00552009 0.999978 0.224749 0.0206738 -0.788919
FixedParameters: 0 0 0

#Transform 150
Transform: AffineTransform_float_3_3
Parameters: 0.999985 -0.00425065 0.00332472 0.00422985 0.999972 0.00623654 -0.00335161 -0.00622245 0.999975 0.203541 0.0157319 -0.818293
FixedParameters: 0 0 0

#Transform 151
Transform: AffineTransform_float_3_3
Parameters: 0.999986 -0.00423736 0.00324672 0.00421765 0.999973 0.00601753 -0.00327213 -0.00600346 0.999977 0.224098 0.0318503 -0.794761
FixedParameters: 0 0 0

#Transform 152
Transform: AffineTransform_float_3_3
Parameters: 0.999985 -0.00416044 0.00334683 0.00413954 0.999971 0.00640586 -0.00337347 -0.00639215 0.999974 0.214879 0.0134468 -0.831784
FixedParameters: 0 0 0

#Transform 153
Transform: AffineTransform_float_3_3
Parameters: 0.999985 -0.00431938 0.00336308 0.00430109 0.999974 0.00568009 -0.00338789 -0.0056659 0.999978 0.227171 0.0383011 -0.778257
FixedParameters: 0 0 0

#Transform 154
Transform: AffineTransform_float_3_3
Parameters: 0.999984 -0.00428756 0.00352445 0.00426483 0.999971 0.00621403 -0.00355067 -0.00619797 0.999975 0.22093 0.0372717 -0.777461
FixedParameters: 0 0 0

#Transform 155
Transform: AffineTransform_float_3_3
Parameters: 0.999984 -0.00423769 0.00355234 0.0042155 0.999973 0.00603697 -0.00357736 -0.00602103 0.999976 0.212109 0.0299374 -0.790632
FixedParameters: 0 0 0

#Transform 156
Transform: AffineTransform_float_3_3
Parameters: 0.999985 -0.00420286 0.00369285 0.00418001 0.999973 0.00601974 -0.0037177 -0.00600426 0.999976 0.21295 0.0334927 -0.790739
FixedParameters: 0 0 0

#Transform 157
Transform: AffineTransform_float_3_3
Parameters: 0.999984 -0.00444447 0.00368249 0.00442416 0.999976 0.00540972 -0.00370721 -0.00539327 0.999979 0.248238 0.0573552 -0.774644
FixedParameters: 0 0 0

#Transform 158
Transform: AffineTransform_float_3_3
Parameters: 0.999985 -0.00439802 0.00348052 0.00437573 0.999971 0.00622788 -0.00350823 -0.00621213 0.999975 0.229272 0.0610162 -0.758827
FixedParameters: 0 0 0

#Transform 159
Transform: AffineTransform_float_3_3
Parameters: 0.999984 -0.0044069 0.00371673 0.00438333 0.999971 0.00630373 -0.00374507 -0.00628726 0.999973 0.233613 0.0530568 -0.774485
FixedParameters: 0 0 0

#Transform 160
Transform: AffineTransform_float_3_3
Parameters: 0.999982 -0.00458545 0.00386941 0.00455957 0.999967 0.00662189 -0.00390051 -0.0066041 0.99997 0.223628 0.0454722 -0.795327
FixedParameters: 0 0 0

#Transform 161
Transform: AffineTransform_float_3_3
Parameters: 0.999984 -0.00435465 0.00377138 0.00433077 0.999971 0.00620329 -0.00379911 -0.00618671 0.999974 0.252552 0.04725 -0.828538
FixedParameters: 0 0 0

#Transform 162
Transform: AffineTransform_float_3_3
Parameters: 0.999982 -0.00462729 0.00379354 0.00460361 0.999969 0.0062947 -0.00382272 -0.00627729 0.999973 0.246709 0.062204 -0.78222
FixedParameters: 0 0 0

#Transform 163
Transform: AffineTransform_float_3_3
Parameters: 0.999983 -0.0044283 0.00382261 0.00440507 0.999972 0.00603644 -0.00384978 -0.00601957 0.999975 0.254026 0.057842 -0.816505
FixedParameters: 0 0 0

#Transform 164
Transform: AffineTransform_float_3_3
Parameters: 0.999982 -0.00477346 0.00370085 0.00474976 0.999968 0.00643432 -0.00373097 -0.00641669 0.999973 0.245331 0.0510969 -0.815905
FixedParameters: 0 0 0

#Transform 165
Transform: AffineTransform_float_3_3
Parameters: 0.999981 -0.00484621 0.00378943 0.00482283 0.99997 0.005969 -0.00381835 -0.00594998 0.999975 0.272634 0.0575916 -0.824612
FixedParameters: 0 0 0

#Transform 166
Transform: AffineTransform_float_3_3
Parameters: 0.999981 -0.0048908 0.00376625 0.00486476 0.999965 0.00673407 -0.00379894 -0.00671493 0.99997 0.255899 0.0435091 -0.849864
FixedParameters: 0 0 0

#Transform 167
Transform: AffineTransform_float_3_3
Parameters: 0.999981 -0.00506651 0.00369428 0.00504256 0.999967 0.00640702 -0.00372657 -0.00638799 0.999973 0.263541 0.0698043 -0.809415
FixedParameters: 0 0 0

#Transform 168
Transform: AffineTransform_float_3_3
Parameters: 0.99998 -0.00492343 0.00397192 0.00489633 0.999965 0.006848 -0.0040051 -0.00682801 0.999969 0.280314 0.0751397 -0.851602
FixedParameters: 0 0 0

#Transform 169
Transform: AffineTransform_float_3_3
Parameters: 0.99998 -0.00504883 0.00375254 0.00502205 0.999962 0.00713125 -0.00378898 -0.00711175 0.999968 0.259001 0.0749315 -0.823888
FixedParameters: 0 0 0

#Transform 170
Transform: AffineTransform_float_3_3
Parameters: 0.999978 -0.0053645 0.00406491 0.00533764 0.999963 0.00680618 -0.0041009 -0.00678381 0.999968 0.286071 0.0671759 -0.890731
FixedParameters: 0 0 0

#Transform 171
Transform: AffineTransform_float_3_3
Parameters: 0.99998 -0.00517655 0.0038035 0.00514903 0.999959 0.00745579 -0.00384181 -0.00743621 0.999965 0.271072 0.0698773 -0.857568
FixedParameters: 0 0 0

#Transform 172
Transform: AffineTransform_float_3_3
Parameters: 0.999979 -0.00514867 0.00395557 0.00512254 0.999965 0.00663825 -0.00398929 -0.00661875 0.99997 0.292154 0.0802729 -0.85547
FixedParameters: 0 0 0

#Transform 173
Transform: AffineTransform_float_3_3
Parameters: 0.999978 -0.00542356 0.00398264 0.00539357 0.999958 0.00736397 -0.0040223 -0.00734201 0.999965 0.28618 0.0701543 -0.856121
FixedParameters: 0 0 0

#Transform 174
Transform: AffineTransform_float_3_3
Parameters: 0.999977 -0.00526399 0.00413147 0.00523416 0.99996 0.00725779 -0.00416937 -0.00723622 0.999965 0.307157 0.0828792 -0.895888
FixedParameters: 0 0 0

#Transform 175
Transform: AffineTransform_float_3_3
Parameters: 0.999977 -0.00538442 0.00410005 0.0053516 0.999955 0.00790961 -0.00414206 -0.0078874 0.999961 0.282659 0.085136 -0.888795
FixedParameters: 0 0 0

#Transform 176
Transform: AffineTransform_float_3_3
Parameters: 0.999975 -0.0055248 0.00436579 0.00549077 0.999955 0.00767459 -0.0044078 -0.0076504 0.999961 0.313772 0.0879479 -0.917355
FixedParameters: 0 0 0

#Transform 177
Transform: AffineTransform_float_3_3
Parameters: 0.999975 -0.0057101 0.00398672 0.00567747 0.999951 0.00813644 -0.00403331 -0.00811355 0.999959 0.305312 0.0797652 -0.912604
FixedParameters: 0 0 0

#Transform 178
Transform: AffineTransform_float_3_3
Parameters: 0.999974 -0.00588849 0.00412849 0.00585474 0.999949 0.00819779 -0.00417723 -0.00817321 0.999958 0.328441 0.0727216 -0.96935
FixedParameters: 0 0 0

#Transform 179
Transform: AffineTransform_float_3_3
Parameters: 0.999974 -0.00590472 0.00416881 0.00587005 0.999947 0.00847774 -0.00421873 -0.00845326 0.999955 0.337689 0.075318 -0.958148
FixedParameters: 0 0 0
