#Insight Transform File V1.0
#Transform 0
Transform: AffineTransform_float_3_3
Parameters: 1 -0.000404102 0.000550089 0.000401609 0.999997 0.00261786 -0.000551278 -0.00261814 0.999996 0.152829 -0.289103 -0.534053
FixedParameters: 0 0 0

#Transform 1
Transform: AffineTransform_float_3_3
Parameters: 1 0.00114132 -8.44196e-05 -0.00114191 0.999998 0.0011461 8.51952e-05 -0.0011459 1 -0.0139406 -0.0274339 -0.122354
FixedParameters: 0 0 0

#Transform 2
Transform: AffineTransform_float_3_3
Parameters: 0.999999 0.00074223 -5.28242e-05 -0.000742172 0.999999 0.000551039 5.36421e-05 -0.00055096 1 -0.00573742 -0.00365201 -0.174966
FixedParameters: 0 0 0

#Transform 3
Transform: AffineTransform_float_3_3
Parameters: 1 0.000602426 -0.000264816 -0.000602316 1 0.0009458 0.000265035 -0.0009462 0.999999 0.00456006 0.00103209 -0.221042
FixedParameters: 0 0 0

#Transform 4
Transform: AffineTransform_float_3_3
Parameters: 1 0.000619169 -0.000271451 -0.000618709 0.999998 0.00156417 0.000272466 -0.00156383 0.999998 0.00429875 -0.0277073 -0.266438
FixedParameters: 0 0 0

#Transform 5
Transform: AffineTransform_float_3_3
Parameters: 1 0.000581322 -5.79425e-05 -0.000580624 0.999999 0.00144203 5.83068e-05 -0.00144197 0.999999 -0.00930382 -0.0273277 -0.271992
FixedParameters: 0 0 0

#Transform 6
Transform: AffineTransform_float_3_3
Parameters: 1 0.000509911 -0.000111244 -0.000509017 0.999998 0.00163306 0.000111597 -0.00163294 0.999998 -0.00184512 -0.035206 -0.316809
FixedParameters: 0 0 0

#Transform 7
Transform: AffineTransform_float_3_3
Parameters: 1 0.000453188 -7.83576e-05 -0.000453246 0.999997 0.00211303 7.93524e-05 -0.00211296 0.999998 0.00552843 -0.0270502 -0.370555
FixedParameters: 0 0 0

#Transform 8
Transform: AffineTransform_float_3_3
Parameters: 1 0.000307425 -0.000166583 -0.000307068 0.999998 0.00224105 0.00016704 -0.00224095 0.999998 0.00857521 -0.016312 -0.327709
FixedParameters: 0 0 0

#Transform 9
Transform: AffineTransform_float_3_3
Parameters: 1 0.000120431 -0.000318952 -0.000120496 0.999998 0.00195404 0.000318893 -0.00195396 0.999998 0.0349667 -0.00280122 -0.360436
FixedParameters: 0 0 0

#Transform 10
Transform: AffineTransform_float_3_3
Parameters: 1 -0.000220073 -0.000367347 0.000220808 0.999998 0.00225392 0.000366744 -0.00225408 0.999998 0.040946 -0.00711109 -0.367227
FixedParameters: 0 0 0

#Transform 11
Transform: AffineTransform_float_3_3
Parameters: 1 0.000113309 -0.000508076 -0.000111334 0.999998 0.00194306 0.000508512 -0.00194294 0.999998 0.0236037 -0.00427103 -0.354444
FixedParameters: 0 0 0

#Transform 12
Transform: AffineTransform_float_3_3
Parameters: 1 9.59496e-05 -0.000125086 -9.53129e-05 0.999997 0.00254001 0.000125572 -0.00253999 0.999997 0.00872472 -0.00941686 -0.379612
FixedParameters: 0 0 0

#Transform 13
Transform: AffineTransform_float_3_3
Parameters: 1 0.000428416 0.000172245 -0.000429799 0.999995 0.00289393 -0.000170682 -0.00289407 0.999996 0.00630039 -0.00716097 -0.363303
FixedParameters: 0 0 0

#Transform 14
Transform: AffineTransform_float_3_3
Parameters: 1 0.000254246 0.000245571 -0.000255101 0.999996 0.00282094 -0.000245445 -0.00282106 0.999996 0.0171961 -0.00559025 -0.370895
FixedParameters: 0 0 0

#Transform 15
Transform: AffineTransform_float_3_3
Parameters: 1 0.000302765 0.000113322 -0.000303747 0.999996 0.00261281 -0.000112658 -0.00261218 0.999996 0.0237288 0.00362245 -0.359304
FixedParameters: 0 0 0

#Transform 16
Transform: AffineTransform_float_3_3
Parameters: 1 0.000262762 1.84872e-05 -0.000263259 0.999995 0.00292599 -1.78686e-05 -0.002926 0.999995 0.00631739 -0.00115244 -0.352425
FixedParameters: 0 0 0

#Transform 17
Transform: AffineTransform_float_3_3
Parameters: 1 6.50981e-05 -3.60853e-05 -6.48831e-05 0.999995 0.002963 3.64704e-05 -0.002963 0.999995 0.0287089 0.00514207 -0.353806
FixedParameters: 0 0 0

#Transform 18
Transform: AffineTransform_float_3_3
Parameters: 1 -0.000195239 0.000288524 0.00019517 0.999997 0.00239121 -0.000288928 -0.00239179 0.999998 0.0302893 0.00571069 -0.362618
FixedParameters: 0 0 0

#Transform 19
Transform: AffineTransform_float_3_3
Parameters: 1 0.000151318 0.000312787 -0.000152066 0.999997 0.00266795 -0.000312368 -0.00266805 0.999997 0.0244477 0.0145764 -0.334477
FixedParameters: 0 0 0

#Transform 20
Transform: AffineTransform_float_3_3
Parameters: 1 4.42476e-05 0.000187526 -4.43971e-05 0.999996 0.00285199 -0.000187664 -0.00285201 0.999996 0.010515 0.028819 -0.345239
FixedParameters: 0 0 0

#Transform 21
Transform: AffineTransform_float_3_3
Parameters: 1 -0.000195363 0.00028844 0.000195047 0.999996 0.00281806 -0.000289011 -0.00281794 0.999996 0.0302623 0.0205886 -0.397488
FixedParameters: 0 0 0

#Transform 22
Transform: AffineTransform_float_3_3
Parameters: 1 0.000156682 0.000140181 -0.000157484 0.999996 0.00287098 -0.000139279 -0.00287102 0.999996 0.00722191 0.0228375 -0.372922
FixedParameters: 0 0 0

#Transform 23
Transform: AffineTransform_float_3_3
Parameters: 1 0.000297946 0.000351954 -0.000299034 0.999996 0.00285789 -0.000350639 -0.0028581 0.999996 0.0168738 0.0198932 -0.373654
FixedParameters: 0 0 0

#Transform 24
Transform: AffineTransform_float_3_3
Parameters: 1 9.60682e-05 0.000436957 -9.64194e-05 0.999995 0.00295796 -0.000436249 -0.00295804 0.999995 0.0168449 0.0275381 -0.372464
FixedParameters: 0 0 0

#Transform 25
Transform: AffineTransform_float_3_3
Parameters: 1 0.000190797 0.00039709 -0.000192626 0.999994 0.00346492 -0.000396152 -0.00346508 0.999994 0.011275 0.00978087 -0.416285
FixedParameters: 0 0 0

#Transform 26
Transform: AffineTransform_float_3_3
Parameters: 1 0.000230544 0.000305493 -0.00023151 0.999995 0.00309293 -0.000304455 -0.00309307 0.999995 0.017217 0.0168489 -0.384205
FixedParameters: 0 0 0

#Transform 27
Transform: AffineTransform_float_3_3
Parameters: 1 0.000149731 0.00050549 -0.000152054 0.999995 0.00320992 -0.000504912 -0.00321007 0.999994 0.019123 0.00276655 -0.426732
FixedParameters: 0 0 0

#Transform 28
Transform: AffineTransform_float_3_3
Parameters: 1 -3.14282e-05 0.00067917 2.94808e-05 0.999993 0.00375302 -0.00067965 -0.00375298 0.999992 0.0130467 0.0079379 -0.433761
FixedParameters: 0 0 0

#Transform 29
Transform: AffineTransform_float_3_3
Parameters: 1 0.000213993 0.000323344 -0.000214454 0.999993 0.00356293 -0.000322599 -0.00356307 0.999993 0.0188275 0.00506665 -0.403801
FixedParameters: 0 0 0

#Transform 30
Transform: AffineTransform_float_3_3
Parameters: 0.999999 4.78706e-05 0.000867235 -5.06378e-05 0.999994 0.00341296 -0.00086715 -0.00341304 0.999994 0.0335358 0.0117037 -0.423017
FixedParameters: 0 0 0

#Transform 31
Transform: AffineTransform_float_3_3
Parameters: 0.999999 -8.00811e-06 0.00073449 6.01344e-06 0.999994 0.003503 -0.000734791 -0.00350299 0.999993 0.0156702 0.0160767 -0.458303
FixedParameters: 0 0 0

#Transform 32
Transform: AffineTransform_float_3_3
Parameters: 0.999999 -0.000107679 0.000837306 0.000105067 0.999995 0.00312709 -0.000836911 -0.00312691 0.999995 0.0299483 0.0310474 -0.434338
FixedParameters: 0 0 0

#Transform 33
Transform: AffineTransform_float_3_3
Parameters: 1 -0.00049775 0.00109673 0.000494401 0.999994 0.0033177 -0.00109844 -0.0033173 0.999994 0.0392843 0.021272 -0.428262
FixedParameters: 0 0 0

#Transform 34
Transform: AffineTransform_float_3_3
Parameters: 1 -0.000399118 0.00105525 0.000396047 0.999994 0.00331757 -0.0010563 -0.00331743 0.999994 0.0359833 0.0304042 -0.413591
FixedParameters: 0 0 0

#Transform 35
Transform: AffineTransform_float_3_3
Parameters: 0.999999 -0.000152998 0.000951743 0.000149306 0.999995 0.00331715 -0.000951687 -0.00331686 0.999994 0.0163217 0.0218566 -0.427458
FixedParameters: 0 0 0

#Transform 36
Transform: AffineTransform_float_3_3
Parameters: 1 -0.000147372 0.00107088 0.000143415 0.999995 0.00331731 -0.0010721 -0.00331769 0.999994 0.015295 0.0143143 -0.414082
FixedParameters: 0 0 0

#Transform 37
Transform: AffineTransform_float_3_3
Parameters: 0.999999 9.33536e-05 0.0013306 -9.88493e-05 0.999993 0.00394123 -0.00133088 -0.00394077 0.999992 0.0091994 0.0113561 -0.408429
FixedParameters: 0 0 0

#Transform 38
Transform: AffineTransform_float_3_3
Parameters: 0.999999 4.51807e-05 0.000900728 -4.82365e-05 0.999992 0.00395611 -0.000901001 -0.00395689 0.999992 0.0134381 0.0313985 -0.406022
FixedParameters: 0 0 0

#Transform 39
Transform: AffineTransform_float_3_3
Parameters: 0.999999 -9.48369e-05 0.000786139 9.23437e-05 0.999993 0.00358859 -0.000787062 -0.00358841 0.999994 0.0166372 0.0186924 -0.428314
FixedParameters: 0 0 0

#Transform 40
Transform: AffineTransform_float_3_3
Parameters: 0.999999 0.000209257 0.000828625 -0.000212667 0.999993 0.00372398 -0.000828226 -0.00372502 0.999993 -0.00915926 0.0339595 -0.427583
FixedParameters: 0 0 0

#Transform 41
Transform: AffineTransform_float_3_3
Parameters: 0.999999 0.000136218 0.000811644 -0.000139022 0.999994 0.00342789 -0.000811873 -0.00342811 0.999994 0.00273866 0.038861 -0.391335
FixedParameters: 0 0 0

#Transform 42
Transform: AffineTransform_float_3_3
Parameters: 0.999999 6.86291e-05 0.000839961 -7.18235e-05 0.999992 0.00377809 -0.000839682 -0.0037789 0.999992 0.0136037 0.0302551 -0.436848
FixedParameters: 0 0 0

#Transform 43
Transform: AffineTransform_float_3_3
Parameters: 0.999999 -0.000151692 0.000932519 0.000147853 0.999993 0.00374529 -0.000933892 -0.00374571 0.999992 0.0164031 0.0176759 -0.430374
FixedParameters: 0 0 0

#Transform 44
Transform: AffineTransform_float_3_3
Parameters: 1 -0.000167777 0.000493627 0.000166674 0.999994 0.00337424 -0.000494617 -0.00337477 0.999995 0.0202934 0.0214691 -0.423141
FixedParameters: 0 0 0

#Transform 45
Transform: AffineTransform_float_3_3
Parameters: 1 7.25742e-05 0.000567224 -7.44971e-05 0.999994 0.00331732 -0.000567518 -0.00331668 0.999995 0.0157723 0.0148266 -0.422262
FixedParameters: 0 0 0

#Transform 46
Transform: AffineTransform_float_3_3
Parameters: 1 0.000231269 0.000382235 -0.00023288 0.999994 0.00331727 -0.000381086 -0.00331673 0.999995 -0.00465563 0.0265429 -0.409933
FixedParameters: 0 0 0

#Transform 47
Transform: AffineTransform_float_3_3
Parameters: 1 0.000402292 0.000180128 -0.000402952 0.999995 0.00331693 -0.000178768 -0.00331708 0.999995 -0.0180655 0.0302049 -0.402732
FixedParameters: 0 0 0

#Transform 48
Transform: AffineTransform_float_3_3
Parameters: 0.999999 0.000269021 0.000658177 -0.000271475 0.999993 0.00356518 -0.000656112 -0.00356482 0.999994 -0.0105796 0.0366064 -0.425401
FixedParameters: 0 0 0

#Transform 49
Transform: AffineTransform_float_3_3
Parameters: 1 0.000368691 0.000500198 -0.000370649 0.999994 0.00340982 -0.000499379 -0.00341019 0.999994 -0.0195633 0.0435805 -0.411859
FixedParameters: 0 0 0

#Transform 50
Transform: AffineTransform_float_3_3
Parameters: 0.999999 0.000324419 0.000790011 -0.0003273 0.999993 0.0035741 -0.000788854 -0.0035739 0.999993 -0.0282014 0.0469163 -0.395291
FixedParameters: 0 0 0

#Transform 51
Transform: AffineTransform_float_3_3
Parameters: 1 0.000152833 0.000381591 -0.000154539 0.999994 0.00344494 -0.000380923 -0.00344506 0.999994 -0.0167791 0.0521438 -0.389309
FixedParameters: 0 0 0

#Transform 52
Transform: AffineTransform_float_3_3
Parameters: 1 0.000142026 0.000355762 -0.000143465 0.999994 0.00331831 -0.000355205 -0.00331769 0.999995 -0.0164189 0.0599551 -0.431936
FixedParameters: 0 0 0

#Transform 53
Transform: AffineTransform_float_3_3
Parameters: 1 0.000141894 0.000355815 -0.000143597 0.999993 0.00369095 -0.000355152 -0.00369105 0.999993 -0.020417 0.0418734 -0.419385
FixedParameters: 0 0 0

#Transform 54
Transform: AffineTransform_float_3_3
Parameters: 1 3.96758e-05 0.000398797 -4.14643e-05 0.999994 0.00339599 -0.000398912 -0.00339602 0.999994 -0.0151344 0.0442466 -0.412375
FixedParameters: 0 0 0

#Transform 55
Transform: AffineTransform_float_3_3
Parameters: 1 0.000280379 0.00038544 -0.00028144 0.999994 0.00325789 -0.000385311 -0.00325811 0.999994 -0.0240995 0.0521407 -0.433789
FixedParameters: 0 0 0

#Transform 56
Transform: AffineTransform_float_3_3
Parameters: 1 0.000226688 0.000320197 -0.000228569 0.999993 0.00376693 -0.000319794 -0.00376707 0.999993 -0.0175322 0.0302397 -0.44535
FixedParameters: 0 0 0

#Transform 57
Transform: AffineTransform_float_3_3
Parameters: 1 0.000437816 0.00023152 -0.000438109 0.999993 0.0037789 -0.000229912 -0.0037791 0.999993 -0.039382 0.0355413 -0.41704
FixedParameters: 0 0 0

#Transform 58
Transform: AffineTransform_float_3_3
Parameters: 1 0.000437832 0.000231489 -0.000438093 0.999993 0.0037089 -0.000229942 -0.0037091 0.999993 -0.0347122 0.0264854 -0.439568
FixedParameters: 0 0 0

#Transform 59
Transform: AffineTransform_float_3_3
Parameters: 1 0.000728437 0.000668096 -0.000730754 0.999992 0.00391051 -0.000665793 -0.00391149 0.999992 -0.0592279 0.033695 -0.444745
FixedParameters: 0 0 0

#Transform 60
Transform: AffineTransform_float_3_3
Parameters: 1 0.00111738 0.00034609 -0.00111823 0.999993 0.00354662 -0.000342094 -0.00354739 0.999994 -0.0542975 0.0413913 -0.401209
FixedParameters: 0 0 0

#Transform 61
Transform: AffineTransform_float_3_3
Parameters: 1 0.00111785 0.000397427 -0.00111991 0.999991 0.00412541 -0.00039305 -0.0041256 0.999991 -0.055086 0.0484423 -0.416637
FixedParameters: 0 0 0

#Transform 62
Transform: AffineTransform_float_3_3
Parameters: 0.999999 0.000788159 8.44342e-05 -0.000789053 0.999993 0.00386678 -8.14881e-05 -0.00386622 0.999993 -0.0402067 0.0534329 -0.416282
FixedParameters: 0 0 0

#Transform 63
Transform: AffineTransform_float_3_3
Parameters: 0.999999 0.000939728 7.63884e-05 -0.000940993 0.999991 0.00418278 -7.2595e-05 -0.00418222 0.999991 -0.0380129 0.04311 -0.430978
FixedParameters: 0 0 0

#Transform 64
Transform: AffineTransform_float_3_3
Parameters: 0.999999 0.000881271 4.55427e-05 -0.000881355 0.999991 0.00410796 -4.27653e-05 -0.00410804 0.999992 -0.0273237 0.0410528 -0.472935
FixedParameters: 0 0 0

#Transform 65
Transform: AffineTransform_float_3_3
Parameters: 0.999999 0.000703353 0.000119941 -0.000703567 0.999993 0.00370692 -0.000118269 -0.00370708 0.999993 -0.040302 0.044982 -0.482506
FixedParameters: 0 0 0

#Transform 66
Transform: AffineTransform_float_3_3
Parameters: 0.999999 0.000801987 7.86444e-05 -0.000802839 0.999992 0.00388894 -7.55555e-05 -0.00388906 0.999993 -0.0508208 0.0279546 -0.506714
FixedParameters: 0 0 0

#Transform 67
Transform: AffineTransform_float_3_3
Parameters: 0.999999 0.00085548 0.000252446 -0.000856338 0.999993 0.00382779 -0.000248516 -0.00382822 0.999993 -0.0509035 0.0305749 -0.506479
FixedParameters: 0 0 0

#Transform 68
Transform: AffineTransform_float_3_3
Parameters: 1 0.000511298 0.000406815 -0.000512185 0.999992 0.00401379 -0.0004048 -0.00401421 0.999992 -0.0365857 0.0287903 -0.547026
FixedParameters: 0 0 0

#Transform 69
Transform: AffineTransform_float_3_3
Parameters: 1 0.00108239 0.000364574 -0.00108377 0.999991 0.00410761 -0.000359609 -0.00410839 0.999992 -0.0652132 0.0289357 -0.586523
FixedParameters: 0 0 0

#Transform 70
Transform: AffineTransform_float_3_3
Parameters: 0.999999 0.0013152 -1.56279e-05 -0.00131462 0.999989 0.00451966 2.08195e-05 -0.00452034 0.99999 -0.0825986 0.0242283 -0.577319
FixedParameters: 0 0 0

#Transform 71
Transform: AffineTransform_float_3_3
Parameters: 0.999999 0.0015049 0.000271255 -0.00150687 0.999989 0.00445208 -0.00026454 -0.00445292 0.99999 -0.084308 0.0242823 -0.578301
FixedParameters: 0 0 0

#Transform 72
Transform: AffineTransform_float_3_3
Parameters: 0.999999 0.00128744 0.000550639 -0.00128973 0.999992 0.00402214 -0.000545517 -0.00402286 0.999992 -0.0812176 0.040047 -0.597654
FixedParameters: 0 0 0

#Transform 73
Transform: AffineTransform_float_3_3
Parameters: 0.999999 0.00172234 0.000292001 -0.00172287 0.999991 0.00390984 -0.000284695 -0.00391016 0.999992 -0.104419 0.0322121 -0.612288
FixedParameters: 0 0 0

#Transform 74
Transform: AffineTransform_float_3_3
Parameters: 0.999999 0.00127607 0.00051492 -0.00127772 0.999992 0.00367619 -0.000510776 -0.00367681 0.999993 -0.0807614 0.0330792 -0.648844
FixedParameters: 0 0 0

#Transform 75
Transform: AffineTransform_float_3_3
Parameters: 0.999999 0.00168624 0.000761714 -0.00168966 0.999991 0.00399942 -0.000754766 -0.00400059 0.999992 -0.0990404 0.0410603 -0.630493
FixedParameters: 0 0 0

#Transform 76
Transform: AffineTransform_float_3_3
Parameters: 0.999999 0.00134588 0.00068237 -0.00134843 0.999991 0.00410693 -0.000676939 -0.00410807 0.999991 -0.0933285 0.0442411 -0.677479
FixedParameters: 0 0 0

#Transform 77
Transform: AffineTransform_float_3_3
Parameters: 0.999998 0.00172377 0.000746477 -0.00172669 0.999989 0.00436641 -0.000738356 -0.00436758 0.99999 -0.104157 0.0466454 -0.657584
FixedParameters: 0 0 0

#Transform 78
Transform: AffineTransform_float_3_3
Parameters: 0.999999 0.00133355 0.000652759 -0.00133575 0.999991 0.00402898 -0.000647638 -0.00403002 0.999992 -0.0823654 0.0598542 -0.643698
FixedParameters: 0 0 0

#Transform 79
Transform: AffineTransform_float_3_3
Parameters: 0.999999 0.001374 0.000746647 -0.00137671 0.999994 0.00323967 -0.00074298 -0.00324033 0.999994 -0.0797109 0.0662208 -0.656864
FixedParameters: 0 0 0

#Transform 80
Transform: AffineTransform_float_3_3
Parameters: 0.999998 0.00153092 0.000537979 -0.00153271 0.999992 0.00365487 -0.000532026 -0.00365512 0.999993 -0.0916389 0.0601303 -0.653119
FixedParameters: 0 0 0

#Transform 81
Transform: AffineTransform_float_3_3
Parameters: 0.999998 0.00152866 0.000495006 -0.00153093 0.99999 0.0040711 -0.000488715 -0.00407191 0.999992 -0.0961611 0.04928 -0.663223
FixedParameters: 0 0 0

#Transform 82
Transform: AffineTransform_float_3_3
Parameters: 0.999999 0.00131484 0.00060878 -0.00131734 0.99999 0.00424241 -0.000604169 -0.00424259 0.999991 -0.083125 0.047451 -0.704829
FixedParameters: 0 0 0

#Transform 83
Transform: AffineTransform_float_3_3
Parameters: 0.999999 0.00135026 0.00069395 -0.00135342 0.999989 0.00448792 -0.00068745 -0.00448909 0.99999 -0.0949886 0.0516881 -0.710299
FixedParameters: 0 0 0

#Transform 84
Transform: AffineTransform_float_3_3
Parameters: 0.999999 0.00128108 0.000528817 -0.00128272 0.999989 0.00444917 -0.000523045 -0.00444982 0.99999 -0.0924423 0.0435389 -0.682714
FixedParameters: 0 0 0

#Transform 85
Transform: AffineTransform_float_3_3
Parameters: 0.999998 0.00160001 0.000271581 -0.00160123 0.999991 0.00377606 -0.000265266 -0.00377694 0.999992 -0.103758 0.0425611 -0.683009
FixedParameters: 0 0 0

#Transform 86
Transform: AffineTransform_float_3_3
Parameters: 0.999998 0.0015703 0.00043431 -0.00157165 0.99999 0.00418581 -0.000428633 -0.00418719 0.999991 -0.0965115 0.0283497 -0.692198
FixedParameters: 0 0 0

#Transform 87
Transform: AffineTransform_float_3_3
Parameters: 0.999998 0.00162214 0.000557875 -0.00162413 0.99999 0.00418544 -0.000550842 -0.00418656 0.999991 -0.104385 0.0392216 -0.680143
FixedParameters: 0 0 0

#Transform 88
Transform: AffineTransform_float_3_3
Parameters: 0.999999 0.00125453 0.000464853 -0.00125628 0.99999 0.00418627 -0.000459587 -0.00418673 0.999991 -0.091486 0.0428903 -0.669576
FixedParameters: 0 0 0

#Transform 89
Transform: AffineTransform_float_3_3
Parameters: 0.999998 0.00142514 0.000871514 -0.00142845 0.99999 0.00418597 -0.000865593 -0.00418703 0.999991 -0.0977046 0.0318753 -0.718541
FixedParameters: 0 0 0

#Transform 90
Transform: AffineTransform_float_3_3
Parameters: 0.999999 0.00111413 0.00100217 -0.00111826 0.99999 0.00443809 -0.000996448 -0.00443891 0.99999 -0.07623 0.0364547 -0.726166
FixedParameters: 0 0 0

#Transform 91
Transform: AffineTransform_float_3_3
Parameters: 0.999999 0.00118612 0.000534967 -0.00118777 0.99999 0.00440021 -0.000530156 -0.00440078 0.99999 -0.0707335 0.0394188 -0.712597
FixedParameters: 0 0 0

#Transform 92
Transform: AffineTransform_float_3_3
Parameters: 0.999999 0.0012837 0.00073512 -0.001288 0.999988 0.00474891 -0.000729461 -0.0047501 0.999989 -0.0767549 0.0491477 -0.751317
FixedParameters: 0 0 0

#Transform 93
Transform: AffineTransform_float_3_3
Parameters: 0.999998 0.00147252 0.000852381 -0.00147719 0.999987 0.0048548 -0.000845007 -0.0048552 0.999988 -0.0984512 0.0419231 -0.733672
FixedParameters: 0 0 0

#Transform 94
Transform: AffineTransform_float_3_3
Parameters: 0.999999 0.00168518 0.000762415 -0.00168888 0.99999 0.00418542 -0.000754847 -0.00418659 0.999991 -0.122825 0.0484471 -0.702925
FixedParameters: 0 0 0

#Transform 95
Transform: AffineTransform_float_3_3
Parameters: 0.999998 0.00146089 0.00085679 -0.0014645 0.999989 0.00443581 -0.00084984 -0.00443619 0.99999 -0.110587 0.0477877 -0.713955
FixedParameters: 0 0 0

#Transform 96
Transform: AffineTransform_float_3_3
Parameters: 0.999999 0.00171167 0.000751777 -0.00171486 0.999988 0.00452541 -0.000743215 -0.00452658 0.999989 -0.118981 0.0402114 -0.774097
FixedParameters: 0 0 0

#Transform 97
Transform: AffineTransform_float_3_3
Parameters: 0.999999 0.00174448 0.000527945 -0.00174623 0.999987 0.00470593 -0.000519383 -0.00470707 0.999989 -0.117758 0.0314085 -0.770302
FixedParameters: 0 0 0

#Transform 98
Transform: AffineTransform_float_3_3
Parameters: 0.999998 0.00193933 0.000479021 -0.00194105 0.999989 0.00418541 -0.000470255 -0.00418658 0.999991 -0.120455 0.026337 -0.769248
FixedParameters: 0 0 0

#Transform 99
Transform: AffineTransform_float_3_3
Parameters: 0.999998 0.00203321 0.000273714 -0.00203452 0.999989 0.00418578 -0.000264693 -0.00418621 0.999991 -0.120306 0.0368396 -0.742147
FixedParameters: 0 0 0

#Transform 100
Transform: AffineTransform_float_3_3
Parameters: 0.999998 0.00194428 0.000310091 -0.00194502 0.999988 0.00426725 -0.00030189 -0.00426775 0.999991 -0.119314 0.0422635 -0.724363
FixedParameters: 0 0 0

#Transform 101
Transform: AffineTransform_float_3_3
Parameters: 0.999999 0.00123404 0.000909278 -0.00123744 0.999991 0.00405173 -0.000905288 -0.00405328 0.999991 -0.0963884 0.0425034 -0.66714
FixedParameters: 0 0 0

#Transform 102
Transform: AffineTransform_float_3_3
Parameters: 0.999998 0.00137601 0.000982217 -0.00138043 0.999989 0.00427485 -0.000976459 -0.00427614 0.99999 -0.105556 0.0515016 -0.682782
FixedParameters: 0 0 0

#Transform 103
Transform: AffineTransform_float_3_3
Parameters: 0.999998 0.0013936 0.000967778 -0.00139642 0.999992 0.00371186 -0.000962526 -0.00371314 0.999993 -0.10261 0.0578933 -0.684984
FixedParameters: 0 0 0

#Transform 104
Transform: AffineTransform_float_3_3
Parameters: 0.999999 0.00155295 0.000861832 -0.00155544 0.999992 0.00374936 -0.000856202 -0.00375064 0.999992 -0.106299 0.0529721 -0.700903
FixedParameters: 0 0 0

#Transform 105
Transform: AffineTransform_float_3_3
Parameters: 0.999998 0.00134143 0.000902904 -0.00134465 0.999992 0.00369285 -0.0008977 -0.00369316 0.999993 -0.0973117 0.0568992 -0.740968
FixedParameters: 0 0 0

#Transform 106
Transform: AffineTransform_float_3_3
Parameters: 0.999998 0.0013252 0.00111679 -0.00132881 0.999993 0.00357058 -0.00111242 -0.00357143 0.999993 -0.115853 0.0617099 -0.73553
FixedParameters: 0 0 0

#Transform 107
Transform: AffineTransform_float_3_3
Parameters: 0.999998 0.00124886 0.00100108 -0.00125152 0.999994 0.0032438 -0.000996762 -0.00324419 0.999994 -0.102509 0.059983 -0.724296
FixedParameters: 0 0 0

#Transform 108
Transform: AffineTransform_float_3_3
Parameters: 0.999998 0.00131237 0.00113517 -0.00131603 0.999992 0.00353572 -0.00113098 -0.00353728 0.999993 -0.100895 0.0660586 -0.737286
FixedParameters: 0 0 0

#Transform 109
Transform: AffineTransform_float_3_3
Parameters: 0.999998 0.00137695 0.00102906 -0.00138034 0.999991 0.00376779 -0.00102377 -0.00376921 0.999992 -0.107303 0.0500402 -0.753878
FixedParameters: 0 0 0

#Transform 110
Transform: AffineTransform_float_3_3
Parameters: 0.999998 0.00127624 0.00104061 -0.00127968 0.999994 0.00330852 -0.00103686 -0.00331048 0.999994 -0.0882369 0.0626513 -0.76895
FixedParameters: 0 0 0

#Transform 111
Transform: AffineTransform_float_3_3
Parameters: 0.999999 0.00140173 0.00102688 -0.00140508 0.999994 0.00330877 -0.00102231 -0.00331023 0.999994 -0.101078 0.077597 -0.757881
FixedParameters: 0 0 0

#Transform 112
Transform: AffineTransform_float_3_3
Parameters: 0.999998 0.00132883 0.000924445 -0.00133255 0.999993 0.00366683 -0.000920322 -0.00366717 0.999993 -0.0964738 0.0531174 -0.747412
FixedParameters: 0 0 0

#Transform 113
Transform: AffineTransform_float_3_3
Parameters: 0.999999 0.0015827 0.000809741 -0.001585 0.999993 0.00330857 -0.000804893 -0.00331043 0.999994 -0.106739 0.051651 -0.765589
FixedParameters: 0 0 0

#Transform 114
Transform: AffineTransform_float_3_3
Parameters: 0.999999 0.00164213 0.000817502 -0.00164475 0.999993 0.00347051 -0.000811727 -0.00347249 0.999994 -0.111132 0.0548544 -0.798756
FixedParameters: 0 0 0

#Transform 115
Transform: AffineTransform_float_3_3
Parameters: 0.999999 0.00153554 0.000880097 -0.00153924 0.999992 0.00383935 -0.000873925 -0.00384065 0.999992 -0.114642 0.0452602 -0.788112
FixedParameters: 0 0 0

#Transform 116
Transform: AffineTransform_float_3_3
Parameters: 0.999999 0.00160895 0.000882108 -0.00161248 0.999993 0.00320743 -0.000877017 -0.00320957 0.999995 -0.104962 0.0657638 -0.802976
FixedParameters: 0 0 0

#Transform 117
Transform: AffineTransform_float_3_3
Parameters: 0.999999 0.00154668 0.000873708 -0.00154941 0.999993 0.0033085 -0.000869097 -0.0033105 0.999994 -0.104549 0.0588927 -0.798519
FixedParameters: 0 0 0

#Transform 118
Transform: AffineTransform_float_3_3
Parameters: 0.999999 0.00125864 0.000482752 -0.00126018 0.999994 0.00325724 -0.000478481 -0.00325776 0.999995 -0.0916079 0.0735343 -0.785785
FixedParameters: 0 0 0

#Transform 119
Transform: AffineTransform_float_3_3
Parameters: 0.999999 0.00114984 0.000528564 -0.00115174 0.999994 0.00330924 -0.000524881 -0.00330976 0.999994 -0.0739613 0.0692978 -0.812546
FixedParameters: 0 0 0

#Transform 120
Transform: AffineTransform_float_3_3
Parameters: 0.999998 0.00172354 0.000758365 -0.00172618 0.999993 0.00349639 -0.000752858 -0.00349761 0.999993 -0.110144 0.068282 -0.820228
FixedParameters: 0 0 0

#Transform 121
Transform: AffineTransform_float_3_3
Parameters: 0.999999 0.00169787 0.000768898 -0.00170122 0.999993 0.00330891 -0.000763814 -0.0033101 0.999995 -0.10976 0.0704146 -0.790486
FixedParameters: 0 0 0

#Transform 122
Transform: AffineTransform_float_3_3
Parameters: 0.999998 0.00148402 0.000858838 -0.00148757 0.999993 0.00330857 -0.000854249 -0.00331042 0.999994 -0.0957017 0.068585 -0.794551
FixedParameters: 0 0 0

#Transform 123
Transform: AffineTransform_float_3_3
Parameters: 0.999999 0.00152611 0.000841567 -0.00152924 0.999992 0.00367593 -0.000835969 -0.00367707 0.999993 -0.107584 0.0595516 -0.820665
FixedParameters: 0 0 0

#Transform 124
Transform: AffineTransform_float_3_3
Parameters: 0.999998 0.00163494 0.000589857 -0.00163723 0.999994 0.00296889 -0.000584995 -0.00297011 0.999995 -0.111774 0.0668267 -0.794927
FixedParameters: 0 0 0

#Transform 125
Transform: AffineTransform_float_3_3
Parameters: 0.999999 0.00163112 0.000632983 -0.00163301 0.999994 0.00317867 -0.000627851 -0.00317934 0.999995 -0.0974568 0.0603957 -0.801353
FixedParameters: 0 0 0

#Transform 126
Transform: AffineTransform_float_3_3
Parameters: 0.999999 0.00153394 0.000837644 -0.00153614 0.999994 0.00313857 -0.000833641 -0.00314044 0.999995 -0.104948 0.0629044 -0.776837
FixedParameters: 0 0 0

#Transform 127
Transform: AffineTransform_float_3_3
Parameters: 0.999998 0.00165404 0.000447505 -0.00165562 0.999994 0.00312475 -0.000442015 -0.00312625 0.999995 -0.11668 0.0637904 -0.781087
FixedParameters: 0 0 0

#Transform 128
Transform: AffineTransform_float_3_3
Parameters: 0.999998 0.0014549 0.000870601 -0.00145738 0.999995 0.00286658 -0.000866575 -0.00286842 0.999996 -0.10671 0.0665864 -0.765843
FixedParameters: 0 0 0

#Transform 129
Transform: AffineTransform_float_3_3
Parameters: 0.999998 0.00152703 0.000783313 -0.00153016 0.999993 0.00336086 -0.000778283 -0.00336114 0.999994 -0.107126 0.0828298 -0.753797
FixedParameters: 0 0 0

#Transform 130
Transform: AffineTransform_float_3_3
Parameters: 0.999998 0.00161723 0.000447928 -0.00161889 0.999993 0.00321113 -0.000442389 -0.00321187 0.999995 -0.105896 0.0873417 -0.804856
FixedParameters: 0 0 0

#Transform 131
Transform: AffineTransform_float_3_3
Parameters: 0.999999 0.00163696 0.000794638 -0.00164023 0.999992 0.00340291 -0.000788729 -0.00340409 0.999994 -0.108953 0.076135 -0.821774
FixedParameters: 0 0 0

#Transform 132
Transform: AffineTransform_float_3_3
Parameters: 0.999999 0.00161566 0.000803757 -0.00161867 0.999993 0.0035294 -0.000798896 -0.0035306 0.999993 -0.104816 0.0755875 -0.807684
FixedParameters: 0 0 0

#Transform 133
Transform: AffineTransform_float_3_3
Parameters: 0.999999 0.00125695 0.000945631 -0.00126063 0.999994 0.00327666 -0.000941704 -0.00327834 0.999994 -0.0872678 0.0726733 -0.809986
FixedParameters: 0 0 0

#Transform 134
Transform: AffineTransform_float_3_3
Parameters: 0.999999 0.00153692 0.000854381 -0.00154014 0.999992 0.0036759 -0.000848704 -0.0036771 0.999993 -0.0989489 0.065601 -0.800182
FixedParameters: 0 0 0

#Transform 135
Transform: AffineTransform_float_3_3
Parameters: 0.999999 0.00138527 0.000473669 -0.00138743 0.999994 0.00300619 -0.000468876 -0.00300681 0.999995 -0.0839836 0.0788153 -0.817742
FixedParameters: 0 0 0

#Transform 136
Transform: AffineTransform_float_3_3
Parameters: 0.999998 0.00146674 0.000655892 -0.00146922 0.999993 0.00351689 -0.00065081 -0.00351811 0.999994 -0.0954441 0.0675955 -0.838982
FixedParameters: 0 0 0

#Transform 137
Transform: AffineTransform_float_3_3
Parameters: 0.999999 0.00167249 0.000572847 -0.00167492 0.999992 0.00364338 -0.000566814 -0.00364462 0.999993 -0.0895383 0.0693064 -0.83874
FixedParameters: 0 0 0

#Transform 138
Transform: AffineTransform_float_3_3
Parameters: 0.999999 0.00166244 0.000576836 -0.00166471 0.999993 0.00347974 -0.000571423 -0.00348026 0.999994 -0.0894619 0.0656792 -0.866892
FixedParameters: 0 0 0

#Transform 139
Transform: AffineTransform_float_3_3
Parameters: 0.999999 0.00145651 0.000591135 -0.00145889 0.999992 0.00382099 -0.000585239 -0.00382201 0.999993 -0.0782227 0.0658152 -0.874641
FixedParameters: 0 0 0

#Transform 140
Transform: AffineTransform_float_3_3
Parameters: 0.999998 0.00159693 0.000324222 -0.00159778 0.999991 0.00402734 -0.000317521 -0.00402767 0.999992 -0.0863442 0.0707456 -0.836704
FixedParameters: 0 0 0

#Transform 141
Transform: AffineTransform_float_3_3
Parameters: 0.999998 0.00163502 0.00051676 -0.00163687 0.999993 0.00347486 -0.000511555 -0.00347515 0.999994 -0.0886385 0.0731958 -0.878134
FixedParameters: 0 0 0

#Transform 142
Transform: AffineTransform_float_3_3
Parameters: 0.999998 0.00180738 0.000489586 -0.00180991 0.99999 0.00397797 -0.00048228 -0.00397903 0.999993 -0.102763 0.0600834 -0.877248
FixedParameters: 0 0 0

#Transform 143
Transform: AffineTransform_float_3_3
Parameters: 0.999999 0.00176661 0.00032901 -0.00176803 0.999992 0.00341691 -0.000322705 -0.00341809 0.999994 -0.0950694 0.0640891 -0.874431
FixedParameters: 0 0 0

#Transform 144
Transform: AffineTransform_float_3_3
Parameters: 0.999999 0.00176411 0.000284745 -0.00176571 0.999993 0.00356784 -0.000278846 -0.00356817 0.999994 -0.0887391 0.0675496 -0.891487
FixedParameters: 0 0 0

#Transform 145
Transform: AffineTransform_float_3_3
Parameters: 0.999998 0.00159559 0.000562915 -0.0015976 0.999992 0.00368696 -0.000556385 -0.00368805 0.999994 -0.0883029 0.0759537 -0.878476
FixedParameters: 0 0 0

#Transform 146
Transform: AffineTransform_float_3_3
Parameters: 0.999998 0.00186949 0.00030372 -0.00187042 0.999991 0.00376813 -0.000296714 -0.00376787 0.999993 -0.100421 0.0784397 -0.879204
FixedParameters: 0 0 0

#Transform 147
Transform: AffineTransform_float_3_3
Parameters: 0.999998 0.00194925 0.000290029 -0.00195016 0.99999 0.00392578 -0.000281806 -0.00392622 0.999992 -0.113348 0.0753888 -0.895306
FixedParameters: 0 0 0

#Transform 148
Transform: AffineTransform_float_3_3
Parameters: 0.999998 0.00228526 0.000190801 -0.00228609 0.99999 0.00371955 -0.000182722 -0.00372045 0.999993 -0.139266 0.0602207 -0.865276
FixedParameters: 0 0 0

#Transform 149
Transform: AffineTransform_float_3_3
Parameters: 0.999998 0.00198695 0.00035225 -0.00198753 0.999993 0.00331364 -0.000345244 -0.00331436 0.999994 -0.114448 0.0657082 -0.885238
FixedParameters: 0 0 0

#Transform 150
Transform: AffineTransform_float_3_3
Parameters: 0.999997 0.00232194 0.000518002 -0.00232383 0.999991 0.00365215 -0.000509428 -0.00365386 0.999994 -0.137731 0.0690435 -0.867511
FixedParameters: 0 0 0

#Transform 151
Transform: AffineTransform_float_3_3
Parameters: 0.999997 0.0021882 0.000506983 -0.00218964 0.99999 0.00367259 -0.00049838 -0.00367341 0.999994 -0.135669 0.0731837 -0.876113
FixedParameters: 0 0 0

#Transform 152
Transform: AffineTransform_float_3_3
Parameters: 0.999997 0.00219438 0.000441162 -0.00219612 0.999991 0.00351738 -0.000432802 -0.00351862 0.999994 -0.135167 0.0792682 -0.877065
FixedParameters: 0 0 0

#Transform 153
Transform: AffineTransform_float_3_3
Parameters: 0.999998 0.00216359 0.000660917 -0.00216683 0.99999 0.00389227 -0.000652456 -0.00389373 0.999993 -0.125316 0.0712907 -0.898154
FixedParameters: 0 0 0

#Transform 154
Transform: AffineTransform_float_3_3
Parameters: 0.999998 0.00227701 0.000361431 -0.00227767 0.999988 0.00428937 -0.000351602 -0.00428963 0.999991 -0.135803 0.0821657 -0.872757
FixedParameters: 0 0 0

#Transform 155
Transform: AffineTransform_float_3_3
Parameters: 0.999998 0.00203376 0.000232522 -0.00203413 0.999991 0.00375151 -0.000224345 -0.00375249 0.999992 -0.130735 0.0787841 -0.840057
FixedParameters: 0 0 0

#Transform 156
Transform: AffineTransform_float_3_3
Parameters: 0.999997 0.00207554 0.000610853 -0.00207783 0.99999 0.00374543 -0.000602771 -0.00374656 0.999993 -0.134576 0.0769374 -0.851755
FixedParameters: 0 0 0

#Transform 157
Transform: AffineTransform_float_3_3
Parameters: 0.999998 0.00218627 0.000798 -0.0021889 0.999989 0.0039938 -0.000789702 -0.00399519 0.999991 -0.121473 0.0728408 -0.869698
FixedParameters: 0 0 0

#Transform 158
Transform: AffineTransform_float_3_3
Parameters: 0.999997 0.00204188 0.000857877 -0.0020457 0.999992 0.0035578 -0.000850808 -0.00355921 0.999994 -0.117894 0.0757297 -0.900115
FixedParameters: 0 0 0

#Transform 159
Transform: AffineTransform_float_3_3
Parameters: 0.999997 0.00203978 0.000859261 -0.00204228 0.999991 0.0038568 -0.000851773 -0.00385821 0.999992 -0.136136 0.0584621 -0.910818
FixedParameters: 0 0 0

#Transform 160
Transform: AffineTransform_float_3_3
Parameters: 0.999998 0.00228421 0.000301834 -0.00228546 0.999991 0.00369851 -0.000292939 -0.0036985 0.999993 -0.135295 0.0675164 -0.862909
FixedParameters: 0 0 0

#Transform 161
Transform: AffineTransform_float_3_3
Parameters: 0.999997 0.00218998 0.000331819 -0.00219078 0.999993 0.00324946 -0.00032467 -0.00324954 0.999994 -0.119141 0.079424 -0.891349
FixedParameters: 0 0 0

#Transform 162
Transform: AffineTransform_float_3_3
Parameters: 0.999996 0.00251828 0.00045025 -0.0025199 0.999991 0.00346406 -0.000442112 -0.00346494 0.999994 -0.140426 0.0616322 -0.893376
FixedParameters: 0 0 0

#Transform 163
Transform: AffineTransform_float_3_3
Parameters: 0.999998 0.00210551 0.000831106 -0.00210819 0.999992 0.00353996 -0.000824053 -0.00354205 0.999994 -0.134441 0.0707392 -0.878071
FixedParameters: 0 0 0

#Transform 164
Transform: AffineTransform_float_3_3
Parameters: 0.999998 0.00210933 0.000829197 -0.00211264 0.999992 0.0033698 -0.000822443 -0.0033712 0.999994 -0.119948 0.0728453 -0.897904
FixedParameters: 0 0 0

#Transform 165
Transform: AffineTransform_float_3_3
Parameters: 0.999997 0.00241932 0.000700863 -0.00242241 0.999988 0.00431886 -0.000690968 -0.00432014 0.999991 -0.140853 0.074964 -0.84026
FixedParameters: 0 0 0

#Transform 166
Transform: AffineTransform_float_3_3
Parameters: 0.999998 0.00205337 0.00104417 -0.00205867 0.999986 0.00502941 -0.00103436 -0.0050316 0.999987 -0.119761 0.079955 -0.831374
FixedParameters: 0 0 0

#Transform 167
Transform: AffineTransform_float_3_3
Parameters: 0.999997 0.00216165 0.00102955 -0.00216834 0.99998 0.00585669 -0.0010173 -0.00585831 0.999982 -0.129499 0.0699232 -0.762157
FixedParameters: 0 0 0

#Transform 168
Transform: AffineTransform_float_3_3
Parameters: 0.999998 0.00166429 0.000879865 -0.00166931 0.99998 0.00604424 -0.000869673 -0.00604576 0.999981 -0.0877325 0.083323 -0.76766
FixedParameters: 0 0 0

#Transform 169
Transform: AffineTransform_float_3_3
Parameters: 0.999998 0.00192351 0.00080909 -0.00192846 0.999981 0.00572051 -0.000797542 -0.00572149 0.999984 -0.106931 0.0831697 -0.815891
FixedParameters: 0 0 0

#Transform 170
Transform: AffineTransform_float_3_3
Parameters: 0.999997 0.00179054 0.0012567 -0.00179952 0.999978 0.00638281 -0.00124545 -0.00638519 0.999979 -0.111599 0.0810815 -0.794366
FixedParameters: 0 0 0

#Transform 171
Transform: AffineTransform_float_3_3
Parameters: 0.999999 0.0015589 0.00080812 -0.00156603 0.999967 0.00799345 -0.000795331 -0.00799456 0.999968 -0.0853347 0.0650229 -0.6969
FixedParameters: 0 0 0

#Transform 172
Transform: AffineTransform_float_3_3
Parameters: 0.999998 0.00177329 0.00107201 -0.00177972 0.999979 0.0062938 -0.00106131 -0.0062962 0.99998 -0.0950419 0.0876274 -0.759114
FixedParameters: 0 0 0

#Transform 173
Transform: AffineTransform_float_3_3
Parameters: 0.999998 0.00192525 0.00123809 -0.00193333 0.99998 0.00611768 -0.00122614 -0.00612033 0.999981 -0.100977 0.0904116 -0.773941
FixedParameters: 0 0 0

#Transform 174
Transform: AffineTransform_float_3_3
Parameters: 0.999996 0.00223021 0.00130509 -0.0022381 0.999978 0.006293 -0.00129033 -0.006296 0.999979 -0.119266 0.0888906 -0.764826
FixedParameters: 0 0 0

#Transform 175
Transform: AffineTransform_float_3_3
Parameters: 0.999998 0.00177359 0.00141997 -0.00178172 0.999982 0.0056199 -0.00140981 -0.0056221 0.999983 -0.0922092 0.107504 -0.764187
FixedParameters: 0 0 0

#Transform 176
Transform: AffineTransform_float_3_3
Parameters: 0.999998 0.00153305 0.00131546 -0.00154003 0.999984 0.00542604 -0.00130729 -0.00542796 0.999984 -0.0969684 0.0965569 -0.820473
FixedParameters: 0 0 0

#Transform 177
Transform: AffineTransform_float_3_3
Parameters: 0.999996 0.00177553 0.00189463 -0.00178555 0.999984 0.00529725 -0.00188544 -0.00529974 0.999984 -0.108653 0.108699 -0.820854
FixedParameters: 0 0 0

#Transform 178
Transform: AffineTransform_float_3_3
Parameters: 0.999998 0.0016401 0.00156948 -0.00164735 0.999986 0.00504884 -0.00156086 -0.00505116 0.999986 -0.100803 0.105539 -0.842835
FixedParameters: 0 0 0

#Transform 179
Transform: AffineTransform_float_3_3
Parameters: 0.999997 0.00176041 0.00161343 -0.00176848 0.999985 0.00504357 -0.00160453 -0.00504642 0.999986 -0.0909738 0.109262 -0.834892
FixedParameters: 0 0 0
