#Insight Transform File V1.0
#Transform 0
Transform: AffineTransform_float_3_3
Parameters: 1 -0.00024222 -0.000576162 0.000241591 0.999999 -0.00134514 0.000576422 0.00134486 0.999999 -0.045295 0.0914565 0.344546
FixedParameters: 0 0 0

#Transform 1
Transform: AffineTransform_float_3_3
Parameters: 1 0.000229816 -0.00058285 -0.000229073 0.999999 0.000637286 0.000583143 -0.000637713 1 -0.0093313 0.0236596 -0.140779
FixedParameters: 0 0 0

#Transform 2
Transform: AffineTransform_float_3_3
Parameters: 1 0.00019404 -0.000551551 -0.000195037 1 0.00028426 0.000551132 -0.00028474 1 0.00668881 0.0517534 -0.189525
FixedParameters: 0 0 0

#Transform 3
Transform: AffineTransform_float_3_3
Parameters: 1 0.000281779 -0.000344508 -0.000281816 1 -5.39028e-05 0.000344477 5.4097e-05 1 0.0074214 0.0563292 -0.228565
FixedParameters: 0 0 0

#Transform 4
Transform: AffineTransform_float_3_3
Parameters: 1 0.000238083 -0.000447564 -0.000238908 1 0.000107107 0.000448005 -0.000106893 1 -0.00491802 0.0526276 -0.218101
FixedParameters: 0 0 0

#Transform 5
Transform: AffineTransform_float_3_3
Parameters: 1 0.000252512 -0.000413519 -0.000252474 1 4.61045e-05 0.000413542 -4.58956e-05 1 0.00723065 0.0484922 -0.217976
FixedParameters: 0 0 0

#Transform 6
Transform: AffineTransform_float_3_3
Parameters: 1 0.000267551 -0.000377758 -0.000267521 1 -0.000475899 0.000378424 0.000476101 1 -0.00652513 0.0305701 -0.245397
FixedParameters: 0 0 0

#Transform 7
Transform: AffineTransform_float_3_3
Parameters: 0.999999 7.63333e-05 -0.000827788 -7.69938e-05 1 -0.000398936 0.000827726 0.000399063 0.999999 0.00876517 0.0321365 -0.233842
FixedParameters: 0 0 0

#Transform 8
Transform: AffineTransform_float_3_3
Parameters: 1 1.03894e-05 -0.000667408 -1.05217e-05 1 -0.00108099 0.000667915 0.00108101 0.999999 0.0107665 0.0132386 -0.270068
FixedParameters: 0 0 0

#Transform 9
Transform: AffineTransform_float_3_3
Parameters: 1 0.000138367 -0.000681483 -0.000138822 1 -0.000619905 0.000682232 0.000620094 0.999999 0.00977035 0.00992327 -0.252214
FixedParameters: 0 0 0

#Transform 10
Transform: AffineTransform_float_3_3
Parameters: 0.999999 1.49825e-06 -0.000737415 -2.173e-06 0.999999 -0.000721998 0.000738333 0.000722001 0.999999 0.00879172 0.0116083 -0.259246
FixedParameters: 0 0 0

#Transform 11
Transform: AffineTransform_float_3_3
Parameters: 0.999999 0.000112197 -0.000743133 -0.000113025 1 -0.000556916 0.000743008 0.000557083 0.999999 0.00602309 0.00303667 -0.270323
FixedParameters: 0 0 0

#Transform 12
Transform: AffineTransform_float_3_3
Parameters: 1 4.30971e-05 -0.00069632 -4.23542e-05 1 -0.00040797 0.000696815 0.00040803 0.999999 0.0180301 0.00938463 -0.268447
FixedParameters: 0 0 0

#Transform 13
Transform: AffineTransform_float_3_3
Parameters: 1 0.000134342 -0.000691552 -0.000134641 1 -0.000215907 0.000691494 0.000216093 0.999999 0.0103863 0.0290418 -0.251018
FixedParameters: 0 0 0

#Transform 14
Transform: AffineTransform_float_3_3
Parameters: 0.999999 -3.78017e-05 -0.000715209 3.70751e-05 1 -0.000508026 0.000715247 0.000507973 0.999999 0.0189799 0.0222792 -0.244304
FixedParameters: 0 0 0

#Transform 15
Transform: AffineTransform_float_3_3
Parameters: 1 -0.000225643 -0.000548437 0.000225798 0.999999 -0.000698124 0.000548361 0.000697876 0.999999 0.0235226 0.00967209 -0.27366
FixedParameters: 0 0 0

#Transform 16
Transform: AffineTransform_float_3_3
Parameters: 0.999999 -0.000189202 -0.000687805 0.000188396 1 -0.000586129 0.000688026 0.00058587 0.999999 0.0217442 0.0112367 -0.262693
FixedParameters: 0 0 0

#Transform 17
Transform: AffineTransform_float_3_3
Parameters: 1 -6.80328e-05 -0.000687087 6.7703e-05 1 -0.000240046 0.000687119 0.000239953 0.999999 0.00830274 0.0290331 -0.251562
FixedParameters: 0 0 0

#Transform 18
Transform: AffineTransform_float_3_3
Parameters: 1 -0.000115328 -0.000696312 0.000115148 1 -0.00012908 0.000696342 0.00012892 0.999999 0.0135786 0.0156519 -0.243398
FixedParameters: 0 0 0

#Transform 19
Transform: AffineTransform_float_3_3
Parameters: 1 -0.000136812 -0.000594922 0.000135858 0.999999 -0.00080208 0.00059514 0.000801918 0.999999 0.0183926 0.0107113 -0.274592
FixedParameters: 0 0 0

#Transform 20
Transform: AffineTransform_float_3_3
Parameters: 1 -8.58162e-05 -0.00058508 8.50286e-05 1 -0.000673049 0.000585195 0.000672949 0.999999 0.012111 0.0149945 -0.266745
FixedParameters: 0 0 0

#Transform 21
Transform: AffineTransform_float_3_3
Parameters: 0.999999 -0.000154989 -0.000766409 0.000154573 1 -0.000271118 0.000766493 0.000270881 0.999999 0.019077 0.020289 -0.230699
FixedParameters: 0 0 0

#Transform 22
Transform: AffineTransform_float_3_3
Parameters: 1 -2.7079e-05 -0.000663071 2.74132e-05 1 0.000251982 0.000663057 -0.000252018 0.999999 0.01499 0.0417325 -0.226465
FixedParameters: 0 0 0

#Transform 23
Transform: AffineTransform_float_3_3
Parameters: 1 -8.40663e-05 -0.000673749 8.38009e-05 1 -0.000197056 0.000673782 0.000196943 1 0.0114114 0.0361758 -0.220615
FixedParameters: 0 0 0

#Transform 24
Transform: AffineTransform_float_3_3
Parameters: 1 -0.000210812 -0.000539526 0.000210357 1 -0.000422113 0.000539703 0.000421886 1 0.0197338 0.0297897 -0.243976
FixedParameters: 0 0 0

#Transform 25
Transform: AffineTransform_float_3_3
Parameters: 1 -0.000235063 -0.000632441 0.000234571 1 -0.000389148 0.000632624 0.000388851 0.999999 0.0199822 0.0343416 -0.241933
FixedParameters: 0 0 0

#Transform 26
Transform: AffineTransform_float_3_3
Parameters: 1 -0.000296196 -0.000622759 0.00029562 1 -0.000462184 0.000623033 0.000461815 0.999999 0.0261077 0.0114287 -0.248692
FixedParameters: 0 0 0

#Transform 27
Transform: AffineTransform_float_3_3
Parameters: 1 -0.000340075 -0.000472606 0.000339444 0.999999 -0.00066816 0.00047306 0.000667839 0.999999 0.022485 0.0185497 -0.255227
FixedParameters: 0 0 0

#Transform 28
Transform: AffineTransform_float_3_3
Parameters: 1 -0.000268078 -0.00056408 0.000268342 1 -0.000582151 0.000564001 0.000581849 0.999999 0.0203492 0.00794893 -0.246308
FixedParameters: 0 0 0

#Transform 29
Transform: AffineTransform_float_3_3
Parameters: 1 -0.000374517 -0.000553585 0.000373771 0.999999 -0.000674207 0.000554089 0.000673792 0.999999 0.0176276 0.0114375 -0.249851
FixedParameters: 0 0 0

#Transform 30
Transform: AffineTransform_float_3_3
Parameters: 0.999999 -0.000391907 -0.000595142 0.000391547 1 -0.000302233 0.000595378 0.000301767 1 0.028114 0.013669 -0.231074
FixedParameters: 0 0 0

#Transform 31
Transform: AffineTransform_float_3_3
Parameters: 1 -0.000380262 -0.000567473 0.000379748 1 -0.000453215 0.000567817 0.000452784 0.999999 0.0215956 0.0226715 -0.230189
FixedParameters: 0 0 0

#Transform 32
Transform: AffineTransform_float_3_3
Parameters: 1 -0.000327201 -0.000443418 0.000327312 1 0.000124855 0.000443336 -0.000125145 1 0.026864 0.0444834 -0.227362
FixedParameters: 0 0 0

#Transform 33
Transform: AffineTransform_float_3_3
Parameters: 1 -0.000240475 -0.000612747 0.000240589 1 9.28526e-05 0.000612703 -9.31473e-05 1 0.0208952 0.0695485 -0.218501
FixedParameters: 0 0 0

#Transform 34
Transform: AffineTransform_float_3_3
Parameters: 1 -0.000376268 -0.000558325 0.000375927 1 -0.00030521 0.000558554 0.00030479 1 0.0274478 0.0538629 -0.239782
FixedParameters: 0 0 0

#Transform 35
Transform: AffineTransform_float_3_3
Parameters: 1 -0.000338396 -0.000469007 0.000337998 1 -0.000424311 0.000469294 0.000424688 0.999999 0.0227955 0.0521752 -0.21509
FixedParameters: 0 0 0

#Transform 36
Transform: AffineTransform_float_3_3
Parameters: 1 -0.00041593 -0.000406875 0.000416102 1 0.000211678 0.000406699 -0.000211322 0.999999 0.0263351 0.065145 -0.205062
FixedParameters: 0 0 0

#Transform 37
Transform: AffineTransform_float_3_3
Parameters: 1 -0.000350121 -0.000307602 0.000349977 1 -0.000235108 0.000307766 0.000234892 1 0.0301557 0.065484 -0.23076
FixedParameters: 0 0 0

#Transform 38
Transform: AffineTransform_float_3_3
Parameters: 0.999999 -0.000503721 -0.0005584 0.000502945 1 -0.000694433 0.000559099 0.000694565 0.999999 0.0329076 0.056621 -0.229025
FixedParameters: 0 0 0

#Transform 39
Transform: AffineTransform_float_3_3
Parameters: 0.999999 -0.000508763 -0.000641252 0.00050915 1 0.000301673 0.000640945 -0.000302326 0.999999 0.0373509 0.0793607 -0.217372
FixedParameters: 0 0 0

#Transform 40
Transform: AffineTransform_float_3_3
Parameters: 0.999999 -0.000783318 -0.000479143 0.000783534 1 0.000225472 0.00047879 -0.000225528 0.999999 0.037262 0.0722067 -0.201923
FixedParameters: 0 0 0

#Transform 41
Transform: AffineTransform_float_3_3
Parameters: 0.999999 -0.000695999 -0.000693242 0.000696306 1 0.000221365 0.000692934 -0.000221635 0.999999 0.0461074 0.0716405 -0.214393
FixedParameters: 0 0 0

#Transform 42
Transform: AffineTransform_float_3_3
Parameters: 0.999999 -0.000689809 -0.000591586 0.00069046 1 0.000219439 0.000592204 -0.000219561 0.999999 0.033248 0.0655663 -0.222844
FixedParameters: 0 0 0

#Transform 43
Transform: AffineTransform_float_3_3
Parameters: 1 -0.000693894 -0.000694289 0.00069381 1 0.000602726 0.000693844 -0.000602275 1 0.0472982 0.0895121 -0.194163
FixedParameters: 0 0 0

#Transform 44
Transform: AffineTransform_float_3_3
Parameters: 1 -0.000693772 -0.00069441 0.000695242 0.999999 0.000776877 0.000694251 -0.000777122 1 0.0417111 0.0889598 -0.212121
FixedParameters: 0 0 0

#Transform 45
Transform: AffineTransform_float_3_3
Parameters: 0.999999 -0.000675523 -0.000702048 0.000675358 0.999999 0.000537526 0.000701712 -0.000538474 0.999999 0.0404729 0.0883829 -0.197286
FixedParameters: 0 0 0

#Transform 46
Transform: AffineTransform_float_3_3
Parameters: 1 -0.00075689 -0.000667319 0.000756922 1 2.43421e-05 0.000667282 -2.46576e-05 0.999999 0.0497952 0.0645749 -0.22115
FixedParameters: 0 0 0

#Transform 47
Transform: AffineTransform_float_3_3
Parameters: 1 -0.000846807 -0.000629424 0.000847423 0.999999 0.000489827 0.000628594 -0.000490173 1 0.0476416 0.0813854 -0.214244
FixedParameters: 0 0 0

#Transform 48
Transform: AffineTransform_float_3_3
Parameters: 0.999999 -0.000718032 -0.000683933 0.000718456 1 0.000310356 0.000683487 -0.000310643 0.999999 0.047209 0.0838724 -0.199807
FixedParameters: 0 0 0

#Transform 49
Transform: AffineTransform_float_3_3
Parameters: 1 -0.000778712 -0.000658262 0.000778363 0.999999 0.000433848 0.000657977 -0.000434153 1 0.0487188 0.0860782 -0.213492
FixedParameters: 0 0 0

#Transform 50
Transform: AffineTransform_float_3_3
Parameters: 0.999999 -0.000766725 -0.000257928 0.000767122 1 1.26493e-05 0.00025883 -1.2351e-05 1 0.0403661 0.094032 -0.198207
FixedParameters: 0 0 0

#Transform 51
Transform: AffineTransform_float_3_3
Parameters: 0.999999 -0.000728875 -0.000487227 0.000729461 0.999999 0.000601644 0.000486349 -0.000602354 0.999999 0.0510124 0.107301 -0.184047
FixedParameters: 0 0 0

#Transform 52
Transform: AffineTransform_float_3_3
Parameters: 0.999999 -0.000838837 -0.00019869 0.00083921 1 0.000942681 0.000197108 -0.000942319 1 0.0423498 0.104541 -0.188569
FixedParameters: 0 0 0

#Transform 53
Transform: AffineTransform_float_3_3
Parameters: 1 -0.000915387 -0.000363775 0.000916325 1 0.000751668 0.000363318 -0.000752333 1 0.0525975 0.0951872 -0.180848
FixedParameters: 0 0 0

#Transform 54
Transform: AffineTransform_float_3_3
Parameters: 1 -0.00109472 -9.95463e-05 0.00109519 1 0.000386379 9.96204e-05 -0.000386622 1 0.0533964 0.0803643 -0.20972
FixedParameters: 0 0 0

#Transform 55
Transform: AffineTransform_float_3_3
Parameters: 0.999999 -0.000877801 -0.000156982 0.000878005 1 0.00065235 0.000155836 -0.000652649 0.999999 0.047614 0.0934666 -0.209758
FixedParameters: 0 0 0

#Transform 56
Transform: AffineTransform_float_3_3
Parameters: 1 -0.0010455 -0.00054546 0.00104586 1 0.000811278 0.000545074 -0.000811723 1 0.0629751 0.100977 -0.202845
FixedParameters: 0 0 0

#Transform 57
Transform: AffineTransform_float_3_3
Parameters: 0.999999 -0.000952476 -3.8507e-05 0.000951609 0.999999 0.000705604 3.75535e-05 -0.000706396 1 0.0526129 0.0909937 -0.212314
FixedParameters: 0 0 0

#Transform 58
Transform: AffineTransform_float_3_3
Parameters: 1 -0.00105767 -0.000139056 0.00105791 0.999998 0.00137685 0.000138375 -0.00137715 0.999999 0.062015 0.116535 -0.186813
FixedParameters: 0 0 0

#Transform 59
Transform: AffineTransform_float_3_3
Parameters: 0.999999 -0.00124903 -0.000459197 0.00124919 0.999999 0.000750275 0.000458633 -0.000750726 1 0.0784957 0.0969891 -0.191877
FixedParameters: 0 0 0

#Transform 60
Transform: AffineTransform_float_3_3
Parameters: 0.999999 -0.000915873 -0.000143683 0.000915917 0.999999 0.000153868 0.000143401 -0.000154131 1 0.052029 0.0766552 -0.18802
FixedParameters: 0 0 0

#Transform 61
Transform: AffineTransform_float_3_3
Parameters: 1 -0.00101725 -0.000557011 0.00101665 0.999999 0.000282281 0.000556827 -0.000282719 0.999999 0.0691477 0.0872088 -0.174007
FixedParameters: 0 0 0

#Transform 62
Transform: AffineTransform_float_3_3
Parameters: 1 -0.000940012 -0.000589663 0.00094016 0.999999 0.000125293 0.000589427 -0.000125707 0.999999 0.0564117 0.0883366 -0.162891
FixedParameters: 0 0 0

#Transform 63
Transform: AffineTransform_float_3_3
Parameters: 1 -0.00109279 -0.000524894 0.00109207 0.999999 0.000192274 0.000524864 -0.000192726 0.999999 0.0614678 0.0858098 -0.182461
FixedParameters: 0 0 0

#Transform 64
Transform: AffineTransform_float_3_3
Parameters: 0.999999 -0.00127876 -0.00044595 0.0012789 0.999998 0.000151429 0.000445561 -0.00015257 1 0.0742762 0.082792 -0.189033
FixedParameters: 0 0 0

#Transform 65
Transform: AffineTransform_float_3_3
Parameters: 0.999999 -0.00130997 -0.000432965 0.00131068 0.999999 0.00037692 0.000432896 -0.000378079 0.999999 0.0761207 0.0985837 -0.177225
FixedParameters: 0 0 0

#Transform 66
Transform: AffineTransform_float_3_3
Parameters: 0.999999 -0.00145445 -0.000371908 0.00145524 0.999999 0.000537154 0.000371266 -0.000536846 1 0.0901572 0.0982444 -0.188604
FixedParameters: 0 0 0

#Transform 67
Transform: AffineTransform_float_3_3
Parameters: 0.999999 -0.00148852 -0.000357443 0.00148836 0.999999 0.000519316 0.000357207 -0.000519685 1 0.0886559 0.106912 -0.167684
FixedParameters: 0 0 0

#Transform 68
Transform: AffineTransform_float_3_3
Parameters: 0.999998 -0.00162023 -0.000301399 0.00161992 0.999998 0.000372999 0.0003015 -0.000374001 1 0.0933829 0.111351 -0.15845
FixedParameters: 0 0 0

#Transform 69
Transform: AffineTransform_float_3_3
Parameters: 0.999999 -0.00141595 -0.000387654 0.00141602 0.999999 8.29386e-05 0.000387418 -8.40607e-05 1 0.0868441 0.0994303 -0.160509
FixedParameters: 0 0 0

#Transform 70
Transform: AffineTransform_float_3_3
Parameters: 0.999999 -0.00145593 -0.000585029 0.00145635 0.999999 0.000358996 0.000583982 -0.000360003 1 0.0933734 0.101459 -0.154717
FixedParameters: 0 0 0

#Transform 71
Transform: AffineTransform_float_3_3
Parameters: 0.999999 -0.00142949 -0.000382831 0.00143049 0.999999 0.000808148 0.000381441 -0.000807851 0.999999 0.0762947 0.110053 -0.153771
FixedParameters: 0 0 0

#Transform 72
Transform: AffineTransform_float_3_3
Parameters: 0.999999 -0.00138971 -0.000400238 0.00139058 0.999998 0.00126629 0.000398948 -0.00126671 0.999999 0.0819655 0.117874 -0.139476
FixedParameters: 0 0 0

#Transform 73
Transform: AffineTransform_float_3_3
Parameters: 0.999999 -0.00149486 -0.000355156 0.00149583 0.999998 0.000817317 0.000353632 -0.000817682 1 0.0912084 0.117392 -0.180554
FixedParameters: 0 0 0

#Transform 74
Transform: AffineTransform_float_3_3
Parameters: 0.999999 -0.0014305 -0.000259899 0.00143047 0.999998 0.000968476 0.000258439 -0.000968523 1 0.0788727 0.122965 -0.148877
FixedParameters: 0 0 0

#Transform 75
Transform: AffineTransform_float_3_3
Parameters: 0.999999 -0.001481 -0.000361182 0.00148207 0.999998 0.000936313 0.000359328 -0.000936686 1 0.0951855 0.110389 -0.163265
FixedParameters: 0 0 0

#Transform 76
Transform: AffineTransform_float_3_3
Parameters: 0.999999 -0.0014715 -0.00024912 0.00147147 0.999998 0.00101548 0.000247443 -0.00101552 1 0.0756397 0.122932 -0.16975
FixedParameters: 0 0 0

#Transform 77
Transform: AffineTransform_float_3_3
Parameters: 0.999999 -0.00143674 -0.000380126 0.00143744 0.999998 0.0010963 0.000379206 -0.0010967 0.999999 0.0810783 0.123199 -0.150409
FixedParameters: 0 0 0

#Transform 78
Transform: AffineTransform_float_3_3
Parameters: 0.999999 -0.00146459 -0.00020965 0.00146447 0.999998 0.000983541 0.00020808 -0.000983458 1 0.0835423 0.119469 -0.167021
FixedParameters: 0 0 0

#Transform 79
Transform: AffineTransform_float_3_3
Parameters: 0.999999 -0.00149384 -0.000286115 0.00149379 0.999998 0.000838421 0.000284922 -0.000838579 1 0.0795505 0.118905 -0.166673
FixedParameters: 0 0 0

#Transform 80
Transform: AffineTransform_float_3_3
Parameters: 0.999998 -0.00156588 -0.000324564 0.00156657 0.999999 0.000457339 0.000324052 -0.000457661 1 0.0928028 0.109756 -0.174752
FixedParameters: 0 0 0

#Transform 81
Transform: AffineTransform_float_3_3
Parameters: 0.999998 -0.00165505 -0.000287472 0.00165544 0.999998 0.00092122 0.000286654 -0.000920781 0.999999 0.086525 0.125805 -0.17199
FixedParameters: 0 0 0

#Transform 82
Transform: AffineTransform_float_3_3
Parameters: 0.999998 -0.00167341 -0.00028001 0.0016739 0.999998 0.00112202 0.000278484 -0.00112298 0.999999 0.0964348 0.132479 -0.149153
FixedParameters: 0 0 0

#Transform 83
Transform: AffineTransform_float_3_3
Parameters: 0.999999 -0.00179599 -0.000227518 0.00179672 0.999999 0.000752928 0.000225733 -0.000753072 1 0.0992672 0.11738 -0.161805
FixedParameters: 0 0 0

#Transform 84
Transform: AffineTransform_float_3_3
Parameters: 0.999999 -0.0017268 -0.000257606 0.0017273 0.999998 0.00123704 0.000255564 -0.00123796 0.999999 0.0891889 0.14456 -0.151466
FixedParameters: 0 0 0

#Transform 85
Transform: AffineTransform_float_3_3
Parameters: 0.999999 -0.00178203 -0.000234421 0.00178252 0.999997 0.00134407 0.000231861 -0.00134493 0.999999 0.0966777 0.142171 -0.147914
FixedParameters: 0 0 0

#Transform 86
Transform: AffineTransform_float_3_3
Parameters: 0.999999 -0.00148006 -0.000361674 0.00148025 0.999998 0.00100531 0.000360009 -0.00100569 0.999999 0.0887037 0.139416 -0.177756
FixedParameters: 0 0 0

#Transform 87
Transform: AffineTransform_float_3_3
Parameters: 0.999999 -0.00183913 -0.000210308 0.00183956 0.999997 0.0013631 0.000207524 -0.0013639 0.999999 0.0985292 0.1371 -0.165273
FixedParameters: 0 0 0

#Transform 88
Transform: AffineTransform_float_3_3
Parameters: 0.999999 -0.00183731 -0.00021094 0.00183679 0.999997 0.0012831 0.000208847 -0.0012839 0.999999 0.107205 0.127741 -0.143256
FixedParameters: 0 0 0

#Transform 89
Transform: AffineTransform_float_3_3
Parameters: 0.999998 -0.00188891 -0.000188872 0.0018892 0.999998 0.00114898 0.000186762 -0.00114902 0.999999 0.10456 0.132047 -0.154626
FixedParameters: 0 0 0

#Transform 90
Transform: AffineTransform_float_3_3
Parameters: 0.999999 -0.00183374 -0.000211475 0.00183352 0.999998 0.000725101 0.000210126 -0.000725899 1 0.095947 0.115409 -0.166768
FixedParameters: 0 0 0

#Transform 91
Transform: AffineTransform_float_3_3
Parameters: 0.999998 -0.00188069 -0.000191693 0.00188085 0.999998 0.000784129 0.000190973 -0.000784873 1 0.0957127 0.120563 -0.169611
FixedParameters: 0 0 0

#Transform 92
Transform: AffineTransform_float_3_3
Parameters: 0.999998 -0.00187692 -0.00019414 0.00187726 0.999997 0.00125697 0.000191653 -0.00125703 0.999999 0.0938646 0.138446 -0.152556
FixedParameters: 0 0 0

#Transform 93
Transform: AffineTransform_float_3_3
Parameters: 0.999998 -0.00201821 -0.000135515 0.00201842 0.999996 0.00128622 0.000132554 -0.00128678 0.999999 0.109284 0.13533 -0.146945
FixedParameters: 0 0 0

#Transform 94
Transform: AffineTransform_float_3_3
Parameters: 0.999998 -0.00191312 -0.000118084 0.00191328 0.999997 0.00129011 0.00011538 -0.00128989 0.999999 0.103324 0.147699 -0.160634
FixedParameters: 0 0 0

#Transform 95
Transform: AffineTransform_float_3_3
Parameters: 0.999998 -0.00202642 -0.000154581 0.00202663 0.999997 0.00115018 0.000152149 -0.00115082 0.999999 0.106603 0.13012 -0.128852
FixedParameters: 0 0 0

#Transform 96
Transform: AffineTransform_float_3_3
Parameters: 0.999998 -0.00200844 -0.000443811 0.00200951 0.999997 0.00136681 0.00044055 -0.00136719 0.999999 0.103584 0.133085 -0.147375
FixedParameters: 0 0 0

#Transform 97
Transform: AffineTransform_float_3_3
Parameters: 0.999997 -0.00237105 0.000141805 0.00237093 0.999996 0.00130031 -0.000144817 -0.00129968 0.999999 0.111033 0.121949 -0.151976
FixedParameters: 0 0 0

#Transform 98
Transform: AffineTransform_float_3_3
Parameters: 0.999998 -0.00202138 3.4217e-05 0.00202116 0.999997 0.0012382 -3.69919e-05 -0.0012388 0.999999 0.112127 0.134162 -0.14185
FixedParameters: 0 0 0

#Transform 99
Transform: AffineTransform_float_3_3
Parameters: 0.999997 -0.00219557 0.000243568 0.0021952 0.999997 0.00126267 -0.000245959 -0.00126233 0.999999 0.110329 0.131763 -0.146515
FixedParameters: 0 0 0

#Transform 100
Transform: AffineTransform_float_3_3
Parameters: 0.999998 -0.00223839 -0.000232108 0.00223878 0.999997 0.00114831 0.000229197 -0.00114869 0.999999 0.105 0.140879 -0.133715
FixedParameters: 0 0 0

#Transform 101
Transform: AffineTransform_float_3_3
Parameters: 0.999998 -0.00222408 3.1751e-05 0.00222313 0.999997 0.000383199 -3.30657e-05 -0.000383799 1 0.118514 0.106967 -0.165208
FixedParameters: 0 0 0

#Transform 102
Transform: AffineTransform_float_3_3
Parameters: 0.999997 -0.00216892 9.49803e-05 0.00216921 0.999997 0.000509182 -9.62679e-05 -0.000508816 0.999999 0.112909 0.108781 -0.164364
FixedParameters: 0 0 0

#Transform 103
Transform: AffineTransform_float_3_3
Parameters: 0.999998 -0.0022839 -7.27087e-05 0.00228392 0.999997 0.00111781 6.98336e-05 -0.00111819 0.999999 0.108416 0.133689 -0.120232
FixedParameters: 0 0 0

#Transform 104
Transform: AffineTransform_float_3_3
Parameters: 0.999998 -0.00232765 -4.55263e-05 0.00232767 0.999997 0.000184869 4.46651e-05 -0.000185129 1 0.120068 0.112777 -0.157586
FixedParameters: 0 0 0

#Transform 105
Transform: AffineTransform_float_3_3
Parameters: 0.999998 -0.00225958 -5.94955e-05 0.00226 0.999997 0.000317201 5.89833e-05 -0.000316799 1 0.113578 0.126311 -0.147466
FixedParameters: 0 0 0

#Transform 106
Transform: AffineTransform_float_3_3
Parameters: 0.999997 -0.00248682 -0.000130265 0.00248686 0.999997 0.000708653 0.000128971 -0.000709347 1 0.122433 0.120866 -0.135674
FixedParameters: 0 0 0

#Transform 107
Transform: AffineTransform_float_3_3
Parameters: 0.999997 -0.00236311 0.0001623 0.00236245 0.999997 0.000422152 -0.000162986 -0.000422847 1 0.10902 0.0998241 -0.162251
FixedParameters: 0 0 0

#Transform 108
Transform: AffineTransform_float_3_3
Parameters: 0.999997 -0.00218084 -0.000426556 0.0021806 0.999997 0.000960406 0.000424987 -0.000961593 0.999999 0.105127 0.111556 -0.114971
FixedParameters: 0 0 0

#Transform 109
Transform: AffineTransform_float_3_3
Parameters: 0.999997 -0.00246417 -0.000218977 0.00246451 0.999996 0.00109844 0.000215792 -0.00109956 0.999999 0.126457 0.120774 -0.126401
FixedParameters: 0 0 0

#Transform 110
Transform: AffineTransform_float_3_3
Parameters: 0.999997 -0.00238661 0.000105444 0.00238623 0.999997 0.00109923 -0.000108458 -0.00109877 0.999999 0.121612 0.127417 -0.150959
FixedParameters: 0 0 0

#Transform 111
Transform: AffineTransform_float_3_3
Parameters: 0.999997 -0.00252533 3.19185e-06 0.00252557 0.999996 0.00119783 -6.08803e-06 -0.00119716 0.999999 0.115247 0.126476 -0.126296
FixedParameters: 0 0 0

#Transform 112
Transform: AffineTransform_float_3_3
Parameters: 0.999997 -0.00246833 0.000303488 0.00246844 0.999997 0.000456366 -0.000304818 -0.000455633 0.999999 0.132713 0.107671 -0.172622
FixedParameters: 0 0 0

#Transform 113
Transform: AffineTransform_float_3_3
Parameters: 0.999997 -0.00247179 0.000362707 0.00247181 0.999997 -2.73357e-05 -0.000362571 2.76651e-05 1 0.126484 0.0896427 -0.190873
FixedParameters: 0 0 0

#Transform 114
Transform: AffineTransform_float_3_3
Parameters: 0.999997 -0.0024798 -0.000184512 0.00248051 0.999996 0.00125637 0.000181431 -0.00125663 0.999999 0.117787 0.132388 -0.127544
FixedParameters: 0 0 0

#Transform 115
Transform: AffineTransform_float_3_3
Parameters: 0.999996 -0.00259424 0.000163481 0.00259406 0.999996 0.00129104 -0.000167027 -0.00129095 0.999999 0.133387 0.136719 -0.128207
FixedParameters: 0 0 0

#Transform 116
Transform: AffineTransform_float_3_3
Parameters: 0.999997 -0.00249927 0.0004533 0.00249919 0.999996 0.000516902 -0.000454961 -0.000516096 1 0.122787 0.109636 -0.169727
FixedParameters: 0 0 0

#Transform 117
Transform: AffineTransform_float_3_3
Parameters: 0.999996 -0.0025609 0.000397069 0.00256101 0.999997 0.000843788 -0.000399548 -0.000843212 1 0.135466 0.121763 -0.162136
FixedParameters: 0 0 0

#Transform 118
Transform: AffineTransform_float_3_3
Parameters: 0.999997 -0.00264692 0.00024354 0.00264711 0.999996 0.000417261 -0.000244827 -0.000416737 1 0.131942 0.129508 -0.166861
FixedParameters: 0 0 0

#Transform 119
Transform: AffineTransform_float_3_3
Parameters: 0.999997 -0.00270475 4.05225e-05 0.00270435 0.999995 0.00140809 -4.3675e-05 -0.00140791 1 0.134129 0.141881 -0.127513
FixedParameters: 0 0 0

#Transform 120
Transform: AffineTransform_float_3_3
Parameters: 0.999997 -0.00271183 1.13654e-05 0.00271112 0.999996 0.0012525 -1.46147e-05 -0.0012525 0.999999 0.133916 0.142645 -0.12502
FixedParameters: 0 0 0

#Transform 121
Transform: AffineTransform_float_3_3
Parameters: 0.999997 -0.00265396 0.000130081 0.00265387 0.999996 0.00130096 -0.000133835 -0.00130103 0.999999 0.134139 0.138572 -0.1234
FixedParameters: 0 0 0

#Transform 122
Transform: AffineTransform_float_3_3
Parameters: 0.999996 -0.00261526 0.00021478 0.00261514 0.999996 0.000867539 -0.000216162 -0.000866462 1 0.137738 0.139216 -0.108012
FixedParameters: 0 0 0

#Transform 123
Transform: AffineTransform_float_3_3
Parameters: 0.999997 -0.00261538 0.000221491 0.00261509 0.999996 0.0012132 -0.000224684 -0.0012128 0.999999 0.134483 0.153945 -0.125448
FixedParameters: 0 0 0

#Transform 124
Transform: AffineTransform_float_3_3
Parameters: 0.999997 -0.00266985 0.000569977 0.0026686 0.999995 0.00131714 -0.00057385 -0.00131486 0.999999 0.132303 0.160941 -0.135951
FixedParameters: 0 0 0

#Transform 125
Transform: AffineTransform_float_3_3
Parameters: 0.999996 -0.00263088 0.000403235 0.00262986 0.999996 0.00108068 -0.000406685 -0.00107932 0.999999 0.142226 0.157326 -0.123968
FixedParameters: 0 0 0

#Transform 126
Transform: AffineTransform_float_3_3
Parameters: 0.999996 -0.00253551 0.000422844 0.00253458 0.999996 0.00138984 -0.000426737 -0.00138915 0.999999 0.13523 0.161936 -0.141968
FixedParameters: 0 0 0

#Transform 127
Transform: AffineTransform_float_3_3
Parameters: 0.999997 -0.00266034 0.000415774 0.00266024 0.999996 0.00105573 -0.000419546 -0.00105427 0.999999 0.137606 0.157036 -0.121226
FixedParameters: 0 0 0

#Transform 128
Transform: AffineTransform_float_3_3
Parameters: 0.999997 -0.00244206 0.000194844 0.00244183 0.999996 0.00121945 -0.000197645 -0.00121854 0.999999 0.127522 0.146493 -0.134027
FixedParameters: 0 0 0

#Transform 129
Transform: AffineTransform_float_3_3
Parameters: 0.999996 -0.00255093 0.000522193 0.00254991 0.999996 0.00158675 -0.000526213 -0.00158625 0.999998 0.129241 0.163142 -0.145865
FixedParameters: 0 0 0

#Transform 130
Transform: AffineTransform_float_3_3
Parameters: 0.999996 -0.00274616 0.000507493 0.00274536 0.999996 0.00141665 -0.000511196 -0.00141535 0.999999 0.140338 0.166033 -0.132363
FixedParameters: 0 0 0

#Transform 131
Transform: AffineTransform_float_3_3
Parameters: 0.999995 -0.00307845 0.000663763 0.00307739 0.999994 0.00156795 -0.000668416 -0.00156605 0.999998 0.148619 0.166386 -0.126903
FixedParameters: 0 0 0

#Transform 132
Transform: AffineTransform_float_3_3
Parameters: 0.999995 -0.0029608 0.000464449 0.00296005 0.999994 0.00149764 -0.00046924 -0.00149636 0.999998 0.151221 0.150425 -0.1173
FixedParameters: 0 0 0

#Transform 133
Transform: AffineTransform_float_3_3
Parameters: 0.999995 -0.00312779 0.000207496 0.00312757 0.999994 0.00173076 -0.000212017 -0.00173024 0.999998 0.14995 0.149598 -0.143614
FixedParameters: 0 0 0

#Transform 134
Transform: AffineTransform_float_3_3
Parameters: 0.999996 -0.00298808 0.000484718 0.00298728 0.999994 0.00148056 -0.000489485 -0.00147844 0.999998 0.151091 0.165653 -0.13039
FixedParameters: 0 0 0

#Transform 135
Transform: AffineTransform_float_3_3
Parameters: 0.999995 -0.00313817 0.000523239 0.00313761 0.999994 0.0011449 -0.000526346 -0.0011431 0.999999 0.164155 0.157544 -0.135033
FixedParameters: 0 0 0

#Transform 136
Transform: AffineTransform_float_3_3
Parameters: 0.999995 -0.00321696 0.00033652 0.00321668 0.999994 0.00135799 -0.000341184 -0.00135801 0.999999 0.151027 0.16427 -0.132796
FixedParameters: 0 0 0

#Transform 137
Transform: AffineTransform_float_3_3
Parameters: 0.999995 -0.00318472 0.000412293 0.00318445 0.999994 0.00156942 -0.00041729 -0.00156758 0.999999 0.164613 0.150789 -0.1316
FixedParameters: 0 0 0

#Transform 138
Transform: AffineTransform_float_3_3
Parameters: 0.999995 -0.00313207 0.000537202 0.00313161 0.999995 0.00139143 -0.000540918 -0.00138957 0.999998 0.148069 0.152379 -0.12408
FixedParameters: 0 0 0

#Transform 139
Transform: AffineTransform_float_3_3
Parameters: 0.999995 -0.00316913 0.00044928 0.00316839 0.999994 0.00152469 -0.000454866 -0.00152331 0.999999 0.159273 0.151747 -0.111019
FixedParameters: 0 0 0

#Transform 140
Transform: AffineTransform_float_3_3
Parameters: 0.999995 -0.00304181 0.000750503 0.00304017 0.999994 0.00151734 -0.000755654 -0.00151566 0.999999 0.158173 0.150587 -0.112759
FixedParameters: 0 0 0

#Transform 141
Transform: AffineTransform_float_3_3
Parameters: 0.999995 -0.00313722 0.000524732 0.00313662 0.999994 0.00154955 -0.000529457 -0.00154845 0.999998 0.164275 0.155628 -0.121802
FixedParameters: 0 0 0

#Transform 142
Transform: AffineTransform_float_3_3
Parameters: 0.999996 -0.00299495 0.000550725 0.00299531 0.999994 0.00143891 -0.000554737 -0.00143709 0.999999 0.154732 0.16112 -0.129324
FixedParameters: 0 0 0

#Transform 143
Transform: AffineTransform_float_3_3
Parameters: 0.999995 -0.00304305 0.000588478 0.00304241 0.999995 0.00142569 -0.000592156 -0.00142431 0.999999 0.153846 0.15803 -0.119762
FixedParameters: 0 0 0

#Transform 144
Transform: AffineTransform_float_3_3
Parameters: 0.999994 -0.00327133 0.000497441 0.00327071 0.999993 0.00165874 -0.000503291 -0.00165626 0.999999 0.159664 0.1635 -0.125125
FixedParameters: 0 0 0

#Transform 145
Transform: AffineTransform_float_3_3
Parameters: 0.999995 -0.0030346 0.000608177 0.00303367 0.999994 0.00161175 -0.000612959 -0.00161025 0.999998 0.154493 0.170335 -0.12904
FixedParameters: 0 0 0

#Transform 146
Transform: AffineTransform_float_3_3
Parameters: 0.999995 -0.00315475 0.000252154 0.0031537 0.999994 0.00151591 -0.000257251 -0.00151509 0.999999 0.166064 0.162936 -0.123354
FixedParameters: 0 0 0

#Transform 147
Transform: AffineTransform_float_3_3
Parameters: 0.999995 -0.00313623 0.000318642 0.00313618 0.999994 0.00169811 -0.000324296 -0.00169689 0.999999 0.149433 0.166787 -0.125722
FixedParameters: 0 0 0

#Transform 148
Transform: AffineTransform_float_3_3
Parameters: 0.999994 -0.00322764 0.000513169 0.0032268 0.999993 0.00181856 -0.00051991 -0.00181744 0.999998 0.164171 0.165093 -0.12189
FixedParameters: 0 0 0

#Transform 149
Transform: AffineTransform_float_3_3
Parameters: 0.999995 -0.00325962 0.000699926 0.00325875 0.999994 0.00163483 -0.000704663 -0.00163317 0.999998 0.173952 0.161361 -0.119094
FixedParameters: 0 0 0

#Transform 150
Transform: AffineTransform_float_3_3
Parameters: 0.999993 -0.00351926 0.00069418 0.00351826 0.999993 0.00173484 -0.000700466 -0.00173216 0.999998 0.17616 0.159229 -0.119121
FixedParameters: 0 0 0

#Transform 151
Transform: AffineTransform_float_3_3
Parameters: 0.999995 -0.00317037 0.000538772 0.00316974 0.999994 0.00154161 -0.000543549 -0.00154039 0.999998 0.171558 0.15805 -0.12558
FixedParameters: 0 0 0

#Transform 152
Transform: AffineTransform_float_3_3
Parameters: 0.999994 -0.0032145 0.000696354 0.00321429 0.999993 0.00155114 -0.000701716 -0.00154885 0.999998 0.173327 0.170432 -0.143871
FixedParameters: 0 0 0

#Transform 153
Transform: AffineTransform_float_3_3
Parameters: 0.999993 -0.00349935 0.00074144 0.00349831 0.999993 0.00165499 -0.000747097 -0.00165201 0.999999 0.182049 0.156805 -0.130083
FixedParameters: 0 0 0

#Transform 154
Transform: AffineTransform_float_3_3
Parameters: 0.999995 -0.00328197 0.000503203 0.00328138 0.999993 0.00160692 -0.000508751 -0.00160508 0.999999 0.175478 0.162891 -0.125987
FixedParameters: 0 0 0

#Transform 155
Transform: AffineTransform_float_3_3
Parameters: 0.999994 -0.00337651 0.000592687 0.0033755 0.999993 0.00171875 -0.00059929 -0.00171624 0.999998 0.177301 0.157397 -0.121033
FixedParameters: 0 0 0

#Transform 156
Transform: AffineTransform_float_3_3
Parameters: 0.999995 -0.00334084 0.000399677 0.00334051 0.999993 0.00169109 -0.000405979 -0.00168991 0.999999 0.181969 0.155634 -0.121016
FixedParameters: 0 0 0

#Transform 157
Transform: AffineTransform_float_3_3
Parameters: 0.999994 -0.00335503 0.00063594 0.00335303 0.999993 0.00165804 -0.000641671 -0.00165596 0.999999 0.185039 0.1664 -0.131045
FixedParameters: 0 0 0

#Transform 158
Transform: AffineTransform_float_3_3
Parameters: 0.999994 -0.00364337 0.000400479 0.00364343 0.999992 0.00169185 -0.00040689 -0.00169114 0.999999 0.190104 0.153585 -0.120101
FixedParameters: 0 0 0

#Transform 159
Transform: AffineTransform_float_3_3
Parameters: 0.999993 -0.00351811 0.000696813 0.00351706 0.999993 0.00177185 -0.000703355 -0.00176915 0.999998 0.196986 0.160557 -0.121072
FixedParameters: 0 0 0

#Transform 160
Transform: AffineTransform_float_3_3
Parameters: 0.999993 -0.00356607 0.000582908 0.00356561 0.999992 0.00193947 -0.000589898 -0.00193752 0.999998 0.186806 0.163217 -0.129908
FixedParameters: 0 0 0

#Transform 161
Transform: AffineTransform_float_3_3
Parameters: 0.999994 -0.00365397 0.000374767 0.00365341 0.999991 0.00192161 -0.00038158 -0.00192039 0.999998 0.199115 0.174756 -0.123651
FixedParameters: 0 0 0

#Transform 162
Transform: AffineTransform_float_3_3
Parameters: 0.999993 -0.00356185 0.000592678 0.00356123 0.999991 0.00204151 -0.000600378 -0.00203949 0.999997 0.196202 0.164837 -0.135493
FixedParameters: 0 0 0

#Transform 163
Transform: AffineTransform_float_3_3
Parameters: 0.999993 -0.00375274 0.000545803 0.00375082 0.99999 0.00242594 -0.000554543 -0.00242406 0.999996 0.201441 0.16625 -0.117981
FixedParameters: 0 0 0

#Transform 164
Transform: AffineTransform_float_3_3
Parameters: 0.999994 -0.00356272 0.000706779 0.00356195 0.999992 0.00182091 -0.000712908 -0.00181809 0.999998 0.197339 0.162975 -0.125405
FixedParameters: 0 0 0

#Transform 165
Transform: AffineTransform_float_3_3
Parameters: 0.999993 -0.00370005 0.000846473 0.00369883 0.999991 0.00202032 -0.000853657 -0.00201768 0.999998 0.19937 0.168668 -0.141594
FixedParameters: 0 0 0

#Transform 166
Transform: AffineTransform_float_3_3
Parameters: 0.999994 -0.00346268 0.00068399 0.00346105 0.999992 0.00184292 -0.000689518 -0.00184109 0.999998 0.205855 0.172635 -0.133279
FixedParameters: 0 0 0

#Transform 167
Transform: AffineTransform_float_3_3
Parameters: 0.999992 -0.00393582 0.00091522 0.00393454 0.99999 0.00210728 -0.000923116 -0.00210372 0.999997 0.2191 0.185808 -0.162513
FixedParameters: 0 0 0

#Transform 168
Transform: AffineTransform_float_3_3
Parameters: 0.999993 -0.00360224 0.000803109 0.00359991 0.999992 0.00199608 -0.000810252 -0.00199392 0.999998 0.205053 0.187158 -0.149725
FixedParameters: 0 0 0

#Transform 169
Transform: AffineTransform_float_3_3
Parameters: 0.999994 -0.00360043 0.000694708 0.00359979 0.999992 0.0017629 -0.000700557 -0.00176011 0.999998 0.207226 0.169763 -0.15168
FixedParameters: 0 0 0

#Transform 170
Transform: AffineTransform_float_3_3
Parameters: 0.999994 -0.00355303 0.000762856 0.00355089 0.999992 0.0019811 -0.000769693 -0.00197789 0.999997 0.20299 0.183597 -0.159572
FixedParameters: 0 0 0

#Transform 171
Transform: AffineTransform_float_3_3
Parameters: 0.999993 -0.00368468 0.000648819 0.0036829 0.999991 0.00205243 -0.000656709 -0.00205057 0.999997 0.209278 0.169694 -0.133577
FixedParameters: 0 0 0

#Transform 172
Transform: AffineTransform_float_3_3
Parameters: 0.999993 -0.00370373 0.000575306 0.0037026 0.999991 0.00208953 -0.000582629 -0.00208747 0.999998 0.218048 0.171592 -0.132314
FixedParameters: 0 0 0

#Transform 173
Transform: AffineTransform_float_3_3
Parameters: 0.999993 -0.00373745 0.000500563 0.00373625 0.999991 0.00208212 -0.000508891 -0.00207988 0.999998 0.21066 0.168432 -0.139633
FixedParameters: 0 0 0

#Transform 174
Transform: AffineTransform_float_3_3
Parameters: 0.999993 -0.00383377 0.000558374 0.00383257 0.999991 0.00186518 -0.000565442 -0.00186382 0.999998 0.232474 0.174159 -0.12445
FixedParameters: 0 0 0

#Transform 175
Transform: AffineTransform_float_3_3
Parameters: 0.999991 -0.00404928 0.000646616 0.00404796 0.99999 0.00200251 -0.000654673 -0.00199949 0.999998 0.232616 0.171527 -0.131432
FixedParameters: 0 0 0

#Transform 176
Transform: AffineTransform_float_3_3
Parameters: 0.999992 -0.00406662 0.000604561 0.0040654 0.999989 0.00237599 -0.000614808 -0.00237401 0.999997 0.237462 0.175891 -0.124458
FixedParameters: 0 0 0

#Transform 177
Transform: AffineTransform_float_3_3
Parameters: 0.999992 -0.00397421 0.000531197 0.00397292 0.99999 0.00203936 -0.000540168 -0.00203664 0.999998 0.234785 0.182581 -0.137876
FixedParameters: 0 0 0

#Transform 178
Transform: AffineTransform_float_3_3
Parameters: 0.999992 -0.00402809 0.000835136 0.00402595 0.99999 0.00226989 -0.000844337 -0.00226611 0.999997 0.221616 0.188428 -0.155837
FixedParameters: 0 0 0

#Transform 179
Transform: AffineTransform_float_3_3
Parameters: 0.999992 -0.00413246 0.0003687 0.00413146 0.999989 0.00235326 -0.000378685 -0.00235174 0.999998 0.233557 0.177527 -0.136969
FixedParameters: 0 0 0
