#Insight Transform File V1.0
#Transform 0
Transform: AffineTransform_float_3_3
Parameters: 0.999999 -0.00100738 -0.00089119 0.00100726 0.999999 -6.95382e-05 0.000891329 6.8462e-05 1 -0.0112399 0.107042 0.37617
FixedParameters: 0 0 0

#Transform 1
Transform: AffineTransform_float_3_3
Parameters: 0.999999 0.000192103 -0.000743011 -0.000191737 1 0.000246143 0.000743106 -0.000245857 0.999999 0.00614506 -0.0402702 -0.193449
FixedParameters: 0 0 0

#Transform 2
Transform: AffineTransform_float_3_3
Parameters: 0.999999 0.000759087 -0.000305182 -0.000758972 1 0.00082772 0.000305518 -0.000827281 0.999999 -0.0366616 0.0122311 -0.227966
FixedParameters: 0 0 0

#Transform 3
Transform: AffineTransform_float_3_3
Parameters: 1 0.000865271 -0.000726132 -0.000864356 1 0.000630269 0.000727222 -0.000629731 0.999999 -0.0309269 0.0115307 -0.32772
FixedParameters: 0 0 0

#Transform 4
Transform: AffineTransform_float_3_3
Parameters: 0.999999 0.00123492 -0.000481703 -0.00123489 0.999999 0.000840236 0.000481936 -0.000839765 0.999999 -0.0726943 0.0124964 -0.295665
FixedParameters: 0 0 0

#Transform 5
Transform: AffineTransform_float_3_3
Parameters: 0.999999 0.00106427 -0.000886342 -0.00106432 0.999999 -2.82634e-05 0.000886282 2.8736e-05 1 -0.0483963 -0.00343495 -0.382861
FixedParameters: 0 0 0

#Transform 6
Transform: AffineTransform_float_3_3
Parameters: 0.999999 0.00121669 -0.000951696 -0.00121751 0.999999 -0.000429201 0.000950649 0.000430797 0.999999 -0.0604757 0.00133793 -0.351332
FixedParameters: 0 0 0

#Transform 7
Transform: AffineTransform_float_3_3
Parameters: 0.999998 0.00133176 -0.00100056 -0.00133257 0.999999 -0.000405874 0.000999472 0.000407124 0.999999 -0.0523112 -0.060647 -0.4772
FixedParameters: 0 0 0

#Transform 8
Transform: AffineTransform_float_3_3
Parameters: 0.999996 0.00176879 -0.00231291 -0.00177061 0.999999 -0.000758529 0.00231167 0.000762471 0.999997 -0.0384295 -0.0482617 -0.569476
FixedParameters: 0 0 0

#Transform 9
Transform: AffineTransform_float_3_3
Parameters: 0.999995 0.00260321 -0.00212854 -0.00259218 0.999983 0.00521821 0.00214195 -0.0052128 0.999984 -0.16796 0.033767 -0.113525
FixedParameters: 0 0 0

#Transform 10
Transform: AffineTransform_float_3_3
Parameters: 0.99998 0.00272893 -0.00567263 -0.0026736 0.99995 0.00969254 0.00569824 -0.00967646 0.999937 -0.255971 0.02698 0.000514627
FixedParameters: 0 0 0

#Transform 11
Transform: AffineTransform_float_3_3
Parameters: 0.999979 0.00290609 -0.00575203 -0.00287314 0.99998 0.00565662 0.00576788 -0.00563938 0.999968 -0.211733 0.0190272 -0.175342
FixedParameters: 0 0 0

#Transform 12
Transform: AffineTransform_float_3_3
Parameters: 0.999983 0.00321238 -0.00497953 -0.00319098 0.999986 0.00439989 0.00499326 -0.00438411 0.999978 -0.262462 0.0424759 -0.217067
FixedParameters: 0 0 0

#Transform 13
Transform: AffineTransform_float_3_3
Parameters: 0.999979 0.00338454 -0.00542123 -0.00335895 0.999983 0.00482769 0.00543682 -0.00480931 0.999973 -0.250769 0.0483614 -0.287334
FixedParameters: 0 0 0

#Transform 14
Transform: AffineTransform_float_3_3
Parameters: 0.999978 0.0031526 -0.00571392 -0.00312375 0.999982 0.00510721 0.00573019 -0.00508879 0.99997 -0.266893 0.0394654 -0.344637
FixedParameters: 0 0 0

#Transform 15
Transform: AffineTransform_float_3_3
Parameters: 0.99998 0.00339845 -0.00536594 -0.00337617 0.999986 0.00413058 0.00538039 -0.00411242 0.999977 -0.266276 0.0444236 -0.279534
FixedParameters: 0 0 0

#Transform 16
Transform: AffineTransform_float_3_3
Parameters: 0.999976 0.00355464 -0.00583323 -0.00352746 0.999983 0.00459116 0.0058497 -0.00457083 0.999972 -0.266107 0.0655873 -0.366448
FixedParameters: 0 0 0

#Transform 17
Transform: AffineTransform_float_3_3
Parameters: 0.999976 0.00342889 -0.00600784 -0.00340152 0.999984 0.0044749 0.00602236 -0.0044541 0.999972 -0.285137 0.0667669 -0.35801
FixedParameters: 0 0 0

#Transform 18
Transform: AffineTransform_float_3_3
Parameters: 0.999976 0.00362128 -0.00580767 -0.00360296 0.999989 0.00322048 0.00581937 -0.00319952 0.999978 -0.264359 0.0298057 -0.467722
FixedParameters: 0 0 0

#Transform 19
Transform: AffineTransform_float_3_3
Parameters: 0.999982 0.0040461 -0.00447287 -0.00404192 0.999991 0.000857277 0.00447683 -0.000838722 0.99999 -0.279343 0.0427343 -0.518697
FixedParameters: 0 0 0

#Transform 20
Transform: AffineTransform_float_3_3
Parameters: 0.999978 0.00378667 -0.00542438 -0.00379085 0.999992 -0.000809997 0.0054216 0.000830003 0.999985 -0.247249 0.0147563 -0.625284
FixedParameters: 0 0 0

#Transform 21
Transform: AffineTransform_float_3_3
Parameters: 0.99998 0.00425312 -0.00454549 -0.00425661 0.99999 -0.000749203 0.00454193 0.000768792 0.999989 -0.291831 0.0197158 -0.606747
FixedParameters: 0 0 0

#Transform 22
Transform: AffineTransform_float_3_3
Parameters: 0.999976 0.00445452 -0.00540557 -0.00446927 0.999987 -0.00261473 0.00539373 0.00263826 0.999983 -0.265187 0.0305412 -0.726698
FixedParameters: 0 0 0

#Transform 23
Transform: AffineTransform_float_3_3
Parameters: 0.999979 0.00507461 -0.00388236 -0.00508719 0.999983 -0.00304641 0.00386722 0.00306659 0.999988 -0.328433 0.0581389 -0.595766
FixedParameters: 0 0 0

#Transform 24
Transform: AffineTransform_float_3_3
Parameters: 0.999976 0.0045533 -0.00520134 -0.00457663 0.999979 -0.00444079 0.00518138 0.0044642 0.999976 -0.289457 -0.0139178 -0.775518
FixedParameters: 0 0 0

#Transform 25
Transform: AffineTransform_float_3_3
Parameters: 0.999978 0.00472231 -0.00461626 -0.00473985 0.999981 -0.00390967 0.00459735 0.00393133 0.999982 -0.297666 -0.0156312 -0.753783
FixedParameters: 0 0 0

#Transform 26
Transform: AffineTransform_float_3_3
Parameters: 0.999978 0.00451329 -0.00487232 -0.00453609 0.999979 -0.00468959 0.00485047 0.0047124 0.999977 -0.271796 -0.00790592 -0.742995
FixedParameters: 0 0 0

#Transform 27
Transform: AffineTransform_float_3_3
Parameters: 0.999979 0.0049114 -0.00428577 -0.00492885 0.999979 -0.00418809 0.00426487 0.00420891 0.999982 -0.308036 -0.0179372 -0.756528
FixedParameters: 0 0 0

#Transform 28
Transform: AffineTransform_float_3_3
Parameters: 0.999978 0.00499469 -0.00432497 -0.00501522 0.999976 -0.0046889 0.00430202 0.0047101 0.99998 -0.308162 -0.0133508 -0.703725
FixedParameters: 0 0 0

#Transform 29
Transform: AffineTransform_float_3_3
Parameters: 0.999978 0.00501247 -0.00433209 -0.00503281 0.999977 -0.00461294 0.00430882 0.00463506 0.99998 -0.317375 -0.0225343 -0.76894
FixedParameters: 0 0 0

#Transform 30
Transform: AffineTransform_float_3_3
Parameters: 0.999976 0.00528114 -0.00450346 -0.00530956 0.999966 -0.00631729 0.00447001 0.0063407 0.99997 -0.309957 -0.0237615 -0.826191
FixedParameters: 0 0 0

#Transform 31
Transform: AffineTransform_float_3_3
Parameters: 0.999978 0.00542104 -0.00385913 -0.00544016 0.999973 -0.00493893 0.00383209 0.00496006 0.99998 -0.325741 -0.0163327 -0.786894
FixedParameters: 0 0 0

#Transform 32
Transform: AffineTransform_float_3_3
Parameters: 0.999977 0.00535651 -0.00411817 -0.00538161 0.999967 -0.00607649 0.00408572 0.00609851 0.999973 -0.313717 -0.00186941 -0.770094
FixedParameters: 0 0 0

#Transform 33
Transform: AffineTransform_float_3_3
Parameters: 0.999978 0.00576224 -0.00322945 -0.00578054 0.999967 -0.0056606 0.00319651 0.00567839 0.999979 -0.354952 -0.0142419 -0.762057
FixedParameters: 0 0 0

#Transform 34
Transform: AffineTransform_float_3_3
Parameters: 0.99998 0.00528649 -0.00346244 -0.0053109 0.99996 -0.00715652 0.0034248 0.00717448 0.999968 -0.317231 -0.0174093 -0.813553
FixedParameters: 0 0 0

#Transform 35
Transform: AffineTransform_float_3_3
Parameters: 0.999982 0.00548153 -0.00269256 -0.00550024 0.999961 -0.00683184 0.00265442 0.00684615 0.999973 -0.353055 -0.0274097 -0.890988
FixedParameters: 0 0 0

#Transform 36
Transform: AffineTransform_float_3_3
Parameters: 0.999976 0.00574903 -0.00400351 -0.00578174 0.999949 -0.00828395 0.00395563 0.00830704 0.999957 -0.327122 -0.0157569 -0.908354
FixedParameters: 0 0 0

#Transform 37
Transform: AffineTransform_float_3_3
Parameters: 0.999976 0.00640979 -0.00256452 -0.0064284 0.999951 -0.00754712 0.0025167 0.00756389 0.999969 -0.39483 -0.0134813 -0.823436
FixedParameters: 0 0 0

#Transform 38
Transform: AffineTransform_float_3_3
Parameters: 0.999974 0.00609237 -0.00387935 -0.00612647 0.999943 -0.00875223 0.00382542 0.00877576 0.999954 -0.373852 -0.025935 -0.808884
FixedParameters: 0 0 0

#Transform 39
Transform: AffineTransform_float_3_3
Parameters: 0.999978 0.00607468 -0.00288239 -0.00609697 0.999951 -0.00783236 0.00283495 0.00785064 0.999965 -0.362863 -0.0233322 -0.845044
FixedParameters: 0 0 0

#Transform 40
Transform: AffineTransform_float_3_3
Parameters: 0.999976 0.00627658 -0.00274111 -0.00629772 0.99995 -0.00769304 0.00269305 0.00770996 0.999967 -0.395888 0.00681309 -0.72401
FixedParameters: 0 0 0

#Transform 41
Transform: AffineTransform_float_3_3
Parameters: 0.999976 0.0063099 -0.00278237 -0.00633335 0.999947 -0.00821521 0.00272994 0.00823279 0.999962 -0.370146 -0.00842329 -0.828373
FixedParameters: 0 0 0

#Transform 42
Transform: AffineTransform_float_3_3
Parameters: 0.999977 0.00643421 -0.00179639 -0.00644671 0.999951 -0.00747526 0.0017484 0.00748574 0.99997 -0.393755 0.0287823 -0.7115
FixedParameters: 0 0 0

#Transform 43
Transform: AffineTransform_float_3_3
Parameters: 0.99998 0.00532496 -0.00339485 -0.00535437 0.999947 -0.0087104 0.00334792 0.0087286 0.999957 -0.295439 -0.0263683 -0.891921
FixedParameters: 0 0 0

#Transform 44
Transform: AffineTransform_float_3_3
Parameters: 0.99998 0.00586746 -0.00212676 -0.00588505 0.999947 -0.00835378 0.00207754 0.00836621 0.999963 -0.340706 -0.0174449 -0.863807
FixedParameters: 0 0 0

#Transform 45
Transform: AffineTransform_float_3_3
Parameters: 0.999978 0.00609663 -0.00268853 -0.00611843 0.99995 -0.00789563 0.00263985 0.00791235 0.999965 -0.367509 -0.0152097 -0.784501
FixedParameters: 0 0 0

#Transform 46
Transform: AffineTransform_float_3_3
Parameters: 0.999978 0.00590285 -0.00309884 -0.0059298 0.999944 -0.00887728 0.00304604 0.00889573 0.999956 -0.322752 -0.0315285 -0.950866
FixedParameters: 0 0 0

#Transform 47
Transform: AffineTransform_float_3_3
Parameters: 0.999976 0.00640418 -0.00266564 -0.00642616 0.999946 -0.00812569 0.00261322 0.0081423 0.999964 -0.367829 0.0340079 -0.817396
FixedParameters: 0 0 0

#Transform 48
Transform: AffineTransform_float_3_3
Parameters: 0.999977 0.00593763 -0.00311626 -0.00596603 0.99994 -0.00919243 0.00306092 0.00921056 0.999952 -0.331032 -0.0346017 -0.930259
FixedParameters: 0 0 0

#Transform 49
Transform: AffineTransform_float_3_3
Parameters: 0.999978 0.0062978 -0.00215757 -0.00631512 0.999946 -0.00832408 0.0021056 0.00833792 0.999963 -0.384651 -0.0140299 -0.812397
FixedParameters: 0 0 0

#Transform 50
Transform: AffineTransform_float_3_3
Parameters: 0.999976 0.00613779 -0.00320706 -0.00616856 0.999934 -0.00967647 0.00314758 0.00969553 0.999948 -0.344188 -0.0487957 -0.968668
FixedParameters: 0 0 0

#Transform 51
Transform: AffineTransform_float_3_3
Parameters: 0.999977 0.00612414 -0.00288093 -0.00614949 0.999941 -0.00886345 0.00282648 0.00888054 0.999956 -0.358964 -0.0232299 -0.868397
FixedParameters: 0 0 0

#Transform 52
Transform: AffineTransform_float_3_3
Parameters: 0.999978 0.00599213 -0.00276542 -0.00601914 0.999934 -0.00973332 0.00270785 0.00974967 0.999948 -0.331207 -0.0369987 -0.892307
FixedParameters: 0 0 0

#Transform 53
Transform: AffineTransform_float_3_3
Parameters: 0.999979 0.00599802 -0.00245344 -0.00601714 0.999952 -0.00767594 0.00240662 0.00769003 0.999967 -0.361908 -0.0142668 -0.83879
FixedParameters: 0 0 0

#Transform 54
Transform: AffineTransform_float_3_3
Parameters: 0.999977 0.00616276 -0.002564 -0.0061847 0.999942 -0.00886061 0.00250881 0.00887539 0.999957 -0.348729 -0.029175 -0.87707
FixedParameters: 0 0 0

#Transform 55
Transform: AffineTransform_float_3_3
Parameters: 0.999978 0.00602826 -0.00250466 -0.00604936 0.999944 -0.0087431 0.00245144 0.0087579 0.999958 -0.351285 -0.0352423 -0.941038
FixedParameters: 0 0 0

#Transform 56
Transform: AffineTransform_float_3_3
Parameters: 0.999978 0.006214 -0.002584 -0.00623511 0.999944 -0.00854815 0.00253087 0.00856486 0.99996 -0.365014 0.00264677 -0.850062
FixedParameters: 0 0 0

#Transform 57
Transform: AffineTransform_float_3_3
Parameters: 0.999981 0.00595484 -0.0019252 -0.00596936 0.999949 -0.00808496 0.00187724 0.00809604 0.999966 -0.360185 -0.0200094 -0.870743
FixedParameters: 0 0 0

#Transform 58
Transform: AffineTransform_float_3_3
Parameters: 0.999978 0.00591942 -0.00300689 -0.0059488 0.999931 -0.0100958 0.00294668 0.0101132 0.999944 -0.314103 -0.0625014 -1.024
FixedParameters: 0 0 0

#Transform 59
Transform: AffineTransform_float_3_3
Parameters: 0.999978 0.00607453 -0.0024661 -0.00609669 0.99994 -0.00907722 0.00241022 0.00909177 0.999956 -0.363004 -0.0198068 -0.887578
FixedParameters: 0 0 0

#Transform 60
Transform: AffineTransform_float_3_3
Parameters: 0.99998 0.00583086 -0.00221265 -0.00585314 0.999928 -0.0104996 0.00215052 0.0105114 0.999943 -0.323819 -0.0544711 -0.955435
FixedParameters: 0 0 0

#Transform 61
Transform: AffineTransform_float_3_3
Parameters: 0.999981 0.0059066 -0.00203733 -0.0059246 0.999943 -0.0088974 0.00198418 0.0089096 0.999959 -0.341857 -0.0281619 -0.914717
FixedParameters: 0 0 0

#Transform 62
Transform: AffineTransform_float_3_3
Parameters: 0.99998 0.00580739 -0.00226577 -0.00582856 0.999938 -0.00954712 0.00221061 0.00956089 0.999952 -0.354391 -0.0356175 -0.885616
FixedParameters: 0 0 0

#Transform 63
Transform: AffineTransform_float_3_3
Parameters: 0.999979 0.00616901 -0.00230156 -0.00618871 0.99994 -0.00898981 0.00224546 0.00900419 0.999957 -0.349508 -0.0383814 -0.931428
FixedParameters: 0 0 0

#Transform 64
Transform: AffineTransform_float_3_3
Parameters: 0.999981 0.00587636 -0.00194775 -0.00589252 0.99995 -0.00807397 0.00190064 0.00808504 0.999966 -0.359191 -0.0133752 -0.816612
FixedParameters: 0 0 0

#Transform 65
Transform: AffineTransform_float_3_3
Parameters: 0.99998 0.00595584 -0.00192399 -0.00597239 0.999943 -0.00880612 0.00187146 0.00881787 0.999959 -0.341393 -0.0207491 -0.931932
FixedParameters: 0 0 0

#Transform 66
Transform: AffineTransform_float_3_3
Parameters: 0.99998 0.00612349 -0.00153225 -0.00613271 0.999961 -0.00638248 0.00149314 0.00639152 0.999979 -0.367756 -0.0050517 -0.80052
FixedParameters: 0 0 0

#Transform 67
Transform: AffineTransform_float_3_3
Parameters: 0.99998 0.0061341 -0.00150855 -0.00614319 0.999959 -0.00670862 0.00146714 0.00671738 0.999976 -0.338198 -0.0158932 -0.867011
FixedParameters: 0 0 0

#Transform 68
Transform: AffineTransform_float_3_3
Parameters: 0.999978 0.00566474 -0.00360416 -0.00567807 0.999976 -0.00395311 0.00358211 0.0039739 0.999986 -0.433846 0.0983323 -0.49101
FixedParameters: 0 0 0

#Transform 69
Transform: AffineTransform_float_3_3
Parameters: 0.999961 0.00488309 -0.00737623 -0.00491817 0.999976 -0.0047028 0.00735227 0.00473919 0.999962 -0.729055 0.190623 -0.752042
FixedParameters: 0 0 0

#Transform 70
Transform: AffineTransform_float_3_3
Parameters: 0.999934 0.00646835 -0.00947654 -0.00649793 0.999974 -0.00305332 0.00945582 0.00311566 0.99995 -0.622232 0.101649 -0.672276
FixedParameters: 0 0 0

#Transform 71
Transform: AffineTransform_float_3_3
Parameters: 0.999955 0.00790465 -0.00523688 -0.00792806 0.999959 -0.00437334 0.00520232 0.00441465 0.999977 -0.476809 0.079449 -0.722086
FixedParameters: 0 0 0

#Transform 72
Transform: AffineTransform_float_3_3
Parameters: 0.999959 0.00751368 -0.00508012 -0.00754555 0.999952 -0.0062053 0.00503402 0.0062437 0.999968 -0.410834 0.0822977 -0.676683
FixedParameters: 0 0 0

#Transform 73
Transform: AffineTransform_float_3_3
Parameters: 0.999979 0.00427814 -0.00471566 -0.0042828 0.99999 -0.000887054 0.00471181 0.000906942 0.999989 -0.263803 0.184991 -0.343183
FixedParameters: 0 0 0

#Transform 74
Transform: AffineTransform_float_3_3
Parameters: 0.999989 0.00164738 -0.00436745 -0.00161125 0.999965 0.00824017 0.00438129 -0.00823284 0.999957 -0.234832 0.131635 0.242645
FixedParameters: 0 0 0

#Transform 75
Transform: AffineTransform_float_3_3
Parameters: 0.99999 0.00217277 -0.00386884 -0.00216357 0.999994 0.0024792 0.00387403 -0.0024708 0.99999 -0.219695 0.060159 -0.0914673
FixedParameters: 0 0 0

#Transform 76
Transform: AffineTransform_float_3_3
Parameters: 0.99999 0.00250809 -0.0035148 -0.00250189 0.999995 0.00179859 0.0035189 -0.00178941 0.999992 -0.296499 0.102026 -0.12117
FixedParameters: 0 0 0

#Transform 77
Transform: AffineTransform_float_3_3
Parameters: 0.999985 0.00265674 -0.00466827 -0.00264631 0.999994 0.00232809 0.0046745 -0.00231592 0.999986 -0.26354 0.124563 -0.258395
FixedParameters: 0 0 0

#Transform 78
Transform: AffineTransform_float_3_3
Parameters: 0.999988 0.00296935 -0.00371731 -0.00296814 0.999996 0.000344407 0.00371879 -0.000333594 0.999994 -0.25758 0.084328 -0.431075
FixedParameters: 0 0 0

#Transform 79
Transform: AffineTransform_float_3_3
Parameters: 0.999963 0.000252551 -0.00858116 -0.00023867 0.999999 0.00159001 0.0085811 -0.00158799 0.999962 -0.146109 0.0895462 -0.57452
FixedParameters: 0 0 0

#Transform 80
Transform: AffineTransform_float_3_3
Parameters: 0.999978 0.00241473 -0.0062893 -0.00241422 0.999997 4.80567e-05 0.00628949 -3.29429e-05 0.999981 -0.27985 0.0760031 -0.525667
FixedParameters: 0 0 0

#Transform 81
Transform: AffineTransform_float_3_3
Parameters: 0.999972 0.00345234 -0.00655531 -0.00346163 0.999994 -0.00142754 0.00654999 0.00145046 0.999977 -0.307984 0.0940409 -0.544868
FixedParameters: 0 0 0

#Transform 82
Transform: AffineTransform_float_3_3
Parameters: 0.999979 0.00398349 -0.00513182 -0.00399666 0.999988 -0.00252575 0.00512135 0.00254624 0.999983 -0.361734 0.0837425 -0.484226
FixedParameters: 0 0 0

#Transform 83
Transform: AffineTransform_float_3_3
Parameters: 0.999977 0.00396126 -0.00551752 -0.00397639 0.999989 -0.00276403 0.00550631 0.00278597 0.999981 -0.340342 0.0796583 -0.583944
FixedParameters: 0 0 0

#Transform 84
Transform: AffineTransform_float_3_3
Parameters: 0.999977 0.00414327 -0.00539689 -0.00416263 0.999984 -0.00369203 0.0053813 0.00371496 0.999978 -0.34355 0.0838475 -0.532317
FixedParameters: 0 0 0

#Transform 85
Transform: AffineTransform_float_3_3
Parameters: 0.999979 0.0043523 -0.0048062 -0.00437271 0.999981 -0.00432667 0.0047876 0.00434734 0.999979 -0.358194 0.102475 -0.54208
FixedParameters: 0 0 0

#Transform 86
Transform: AffineTransform_float_3_3
Parameters: 0.999975 0.00465877 -0.00521834 -0.00468464 0.999977 -0.00490952 0.00519634 0.00493347 0.999974 -0.347 0.0940815 -0.607886
FixedParameters: 0 0 0

#Transform 87
Transform: AffineTransform_float_3_3
Parameters: 0.999973 0.00460472 -0.00561794 -0.00463208 0.999977 -0.00482014 0.00559558 0.00484585 0.999972 -0.341164 0.0580418 -0.679585
FixedParameters: 0 0 0

#Transform 88
Transform: AffineTransform_float_3_3
Parameters: 0.999977 0.0044472 -0.00515285 -0.00447269 0.999978 -0.00498735 0.00513094 0.00501065 0.999974 -0.353431 0.0560665 -0.582448
FixedParameters: 0 0 0

#Transform 89
Transform: AffineTransform_float_3_3
Parameters: 0.999976 0.00479483 -0.0051056 -0.00482328 0.999974 -0.00547988 0.00507913 0.00550412 0.999972 -0.364115 0.0361718 -0.754579
FixedParameters: 0 0 0

#Transform 90
Transform: AffineTransform_float_3_3
Parameters: 0.999978 0.00455278 -0.00467655 -0.00457652 0.999976 -0.00511481 0.00465322 0.00513619 0.999976 -0.380323 0.0440675 -0.624765
FixedParameters: 0 0 0

#Transform 91
Transform: AffineTransform_float_3_3
Parameters: 0.999976 0.00448204 -0.00540012 -0.00451531 0.99997 -0.00632211 0.00537175 0.00634589 0.999965 -0.333879 0.0143617 -0.882705
FixedParameters: 0 0 0

#Transform 92
Transform: AffineTransform_float_3_3
Parameters: 0.999979 0.00482769 -0.00420011 -0.00484887 0.999975 -0.00506266 0.00417565 0.00508334 0.999978 -0.397688 0.0490544 -0.661529
FixedParameters: 0 0 0

#Transform 93
Transform: AffineTransform_float_3_3
Parameters: 0.999979 0.00446421 -0.0046472 -0.00449352 0.99997 -0.00630336 0.00461845 0.00632365 0.999969 -0.349166 0.031361 -0.718936
FixedParameters: 0 0 0

#Transform 94
Transform: AffineTransform_float_3_3
Parameters: 0.999979 0.00453821 -0.00447824 -0.00456435 0.999972 -0.00589194 0.00445127 0.00591206 0.999973 -0.361707 0.0285431 -0.740841
FixedParameters: 0 0 0

#Transform 95
Transform: AffineTransform_float_3_3
Parameters: 0.99998 0.00455501 -0.00444054 -0.00458013 0.999974 -0.00567719 0.0044148 0.00569782 0.999974 -0.357494 0.0502978 -0.700184
FixedParameters: 0 0 0

#Transform 96
Transform: AffineTransform_float_3_3
Parameters: 0.999983 0.00530799 -0.00269625 -0.00531737 0.999979 -0.00368154 0.00267652 0.00369646 0.999989 -0.409002 0.0463979 -0.595812
FixedParameters: 0 0 0

#Transform 97
Transform: AffineTransform_float_3_3
Parameters: 0.999993 0.00332248 0.0020113 -0.00331254 0.999984 -0.00459369 -0.00202616 0.00458731 0.999988 -0.619663 0.0872521 -0.0441849
FixedParameters: 0 0 0

#Transform 98
Transform: AffineTransform_float_3_3
Parameters: 0.999991 0.00399613 0.00179809 -0.00399311 0.99999 -0.00183236 -0.00180576 0.00182563 0.999997 -0.583692 0.0186752 -0.390188
FixedParameters: 0 0 0

#Transform 99
Transform: AffineTransform_float_3_3
Parameters: 0.99998 0.00613591 -0.000949946 -0.00613917 0.999977 -0.00281171 0.000932999 0.00281729 0.999996 -0.505756 0.0418909 -0.529582
FixedParameters: 0 0 0

#Transform 100
Transform: AffineTransform_float_3_3
Parameters: 0.999974 0.00717216 -0.000905243 -0.00717759 0.999957 -0.00588107 0.000863236 0.00588694 0.999982 -0.505383 0.0884447 -0.458684
FixedParameters: 0 0 0

#Transform 101
Transform: AffineTransform_float_3_3
Parameters: 0.999972 0.00746801 -0.000350906 -0.00746966 0.999952 -0.00628485 0.00030376 0.00628714 0.99998 -0.525776 0.0667088 -0.478527
FixedParameters: 0 0 0

#Transform 102
Transform: AffineTransform_float_3_3
Parameters: 0.999977 0.00670909 -0.000120642 -0.00670963 0.99996 -0.00588788 8.15505e-05 0.00588812 0.999982 -0.505755 0.0799732 -0.339107
FixedParameters: 0 0 0

#Transform 103
Transform: AffineTransform_float_3_3
Parameters: 0.999976 0.00681924 -0.000128107 -0.00681986 0.99996 -0.00592282 8.72402e-05 0.00592318 0.999983 -0.497858 0.0704418 -0.39345
FixedParameters: 0 0 0

#Transform 104
Transform: AffineTransform_float_3_3
Parameters: 0.999977 0.00679171 -0.000115031 -0.00679255 0.99996 -0.00574755 7.59458e-05 0.00574845 0.999984 -0.520423 0.0668489 -0.370035
FixedParameters: 0 0 0

#Transform 105
Transform: AffineTransform_float_3_3
Parameters: 0.999961 0.0088554 -2.25236e-05 -0.00885502 0.999943 -0.00584601 -2.90158e-05 0.00584598 0.999983 -0.656612 0.0817809 -0.349624
FixedParameters: 0 0 0

#Transform 106
Transform: AffineTransform_float_3_3
Parameters: 0.999972 0.00755736 -2.48403e-06 -0.00755653 0.999958 -0.00523653 -3.67419e-05 0.00523647 0.999986 -0.598596 0.0846522 -0.296848
FixedParameters: 0 0 0

#Transform 107
Transform: AffineTransform_float_3_3
Parameters: 0.999971 0.00758248 -0.000137539 -0.00758365 0.999952 -0.00610538 9.1547e-05 0.00610662 0.999982 -0.538932 0.0716802 -0.363031
FixedParameters: 0 0 0

#Transform 108
Transform: AffineTransform_float_3_3
Parameters: 0.999976 0.00682817 -2.22797e-05 -0.00682794 0.999961 -0.00565169 -1.59002e-05 0.00565131 0.999984 -0.524944 0.0758014 -0.347619
FixedParameters: 0 0 0

#Transform 109
Transform: AffineTransform_float_3_3
Parameters: 0.999983 0.00569971 0.00101433 -0.00569551 0.999977 -0.00356364 -0.00103403 0.00355736 0.999993 -0.49131 0.135183 0.119676
FixedParameters: 0 0 0

#Transform 110
Transform: AffineTransform_float_3_3
Parameters: 0.999997 -0.000414429 -0.00237167 0.000404763 0.999993 -0.00375374 0.00237346 0.00375326 0.99999 -0.571428 0.348795 0.854863
FixedParameters: 0 0 0

#Transform 111
Transform: AffineTransform_float_3_3
Parameters: 0.999943 -0.00450929 -0.00973253 0.00473069 0.999729 0.022837 0.00962713 -0.022882 0.999692 -0.00581262 0.640521 1.44584
FixedParameters: 0 0 0

#Transform 112
Transform: AffineTransform_float_3_3
Parameters: 0.999818 -0.0178005 -0.00696091 0.0179838 0.999466 0.0272886 0.00647191 -0.0274084 0.999603 -0.397632 0.387738 1.28087
FixedParameters: 0 0 0

#Transform 113
Transform: AffineTransform_float_3_3
Parameters: 0.999088 -0.0415604 -0.0097269 0.0417597 0.998899 0.0213535 0.00882946 -0.0217404 0.999724 -0.510086 0.213459 1.33808
FixedParameters: 0 0 0

#Transform 114
Transform: AffineTransform_float_3_3
Parameters: 0.999587 -0.0264765 -0.0111542 0.0267294 0.999373 0.0232383 0.0105315 -0.0235277 0.999668 -0.420719 0.36709 1.27155
FixedParameters: 0 0 0

#Transform 115
Transform: AffineTransform_float_3_3
Parameters: 0.999673 -0.0228369 -0.0114483 0.0230935 0.999473 0.022842 0.0109204 -0.0230991 0.999674 -0.465758 0.377578 1.27784
FixedParameters: 0 0 0

#Transform 116
Transform: AffineTransform_float_3_3
Parameters: 0.999727 -0.0208461 -0.0104933 0.021076 0.999528 0.0223507 0.0100234 -0.0225653 0.999695 -0.557074 0.371828 1.26388
FixedParameters: 0 0 0

#Transform 117
Transform: AffineTransform_float_3_3
Parameters: 0.999744 -0.0205649 -0.00937253 0.020769 0.999537 0.0222162 0.00891148 -0.0224048 0.999709 -0.460462 0.337987 1.14494
FixedParameters: 0 0 0

#Transform 118
Transform: AffineTransform_float_3_3
Parameters: 0.999843 -0.0173255 -0.00354772 0.0173824 0.999709 0.0167176 0.00325675 -0.0167774 0.999854 -0.225453 0.204432 0.524214
FixedParameters: 0 0 0

#Transform 119
Transform: AffineTransform_float_3_3
Parameters: 0.999911 -0.0130684 -0.00245526 0.013099 0.999837 0.012427 0.00229276 -0.012458 0.99992 -0.174622 0.155536 0.199234
FixedParameters: 0 0 0

#Transform 120
Transform: AffineTransform_float_3_3
Parameters: 0.999928 -0.0119158 -0.00179335 0.0119363 0.99986 0.0116994 0.00165393 -0.0117206 0.99993 -0.255048 0.164019 0.199078
FixedParameters: 0 0 0

#Transform 121
Transform: AffineTransform_float_3_3
Parameters: 0.999967 -0.00762386 -0.00299948 0.00765476 0.999917 0.0103558 0.00292028 -0.0103782 0.999942 -0.267861 0.127633 -0.002751
FixedParameters: 0 0 0

#Transform 122
Transform: AffineTransform_float_3_3
Parameters: 0.999968 -0.00755272 -0.00254501 0.00757591 0.999928 0.00931468 0.00247372 -0.0093333 0.999953 -0.254188 0.117588 -0.0435051
FixedParameters: 0 0 0

#Transform 123
Transform: AffineTransform_float_3_3
Parameters: 0.999974 -0.00674647 -0.00258169 0.00676717 0.999942 0.00832441 0.00252507 -0.00834158 0.999962 -0.264168 0.113882 -0.097811
FixedParameters: 0 0 0

#Transform 124
Transform: AffineTransform_float_3_3
Parameters: 0.999977 -0.00639046 -0.00195243 0.00640494 0.999949 0.00781587 0.00190245 -0.00782813 0.999968 -0.296124 0.133943 -0.0369063
FixedParameters: 0 0 0

#Transform 125
Transform: AffineTransform_float_3_3
Parameters: 0.99998 -0.00618481 -0.00169669 0.00619662 0.999956 0.00701477 0.00165385 -0.00702522 0.999973 -0.302822 0.118837 -0.0677332
FixedParameters: 0 0 0

#Transform 126
Transform: AffineTransform_float_3_3
Parameters: 0.999983 -0.00571859 -0.00153913 0.00572742 0.999968 0.00560389 0.00150668 -0.00561311 0.999983 -0.288005 0.113856 -0.10946
FixedParameters: 0 0 0

#Transform 127
Transform: AffineTransform_float_3_3
Parameters: 0.999984 -0.00561207 -0.00129013 0.00562047 0.999965 0.00628425 0.00125532 -0.00629175 0.999979 -0.298367 0.110232 -0.0647642
FixedParameters: 0 0 0

#Transform 128
Transform: AffineTransform_float_3_3
Parameters: 0.999983 -0.00574756 -0.00142546 0.00575584 0.999964 0.00629651 0.00138959 -0.00630449 0.999979 -0.277167 0.103867 -0.0621397
FixedParameters: 0 0 0

#Transform 129
Transform: AffineTransform_float_3_3
Parameters: 0.999985 -0.00481311 -0.00252579 0.00482515 0.999976 0.00509768 0.00250084 -0.00510932 0.999984 -0.336116 0.106105 -0.210259
FixedParameters: 0 0 0

#Transform 130
Transform: AffineTransform_float_3_3
Parameters: 0.999987 -0.00421964 -0.00262631 0.00422982 0.999983 0.0039307 0.00260943 -0.0039423 0.999989 -0.339537 0.0889389 -0.199028
FixedParameters: 0 0 0

#Transform 131
Transform: AffineTransform_float_3_3
Parameters: 0.999988 -0.00417766 -0.00252546 0.00418702 0.999984 0.00384687 0.00251053 -0.00385813 0.999989 -0.339732 0.096588 -0.236251
FixedParameters: 0 0 0

#Transform 132
Transform: AffineTransform_float_3_3
Parameters: 0.999992 -0.0033729 -0.00189894 0.00337905 0.999988 0.00332826 0.0018868 -0.00333474 0.999992 -0.419781 0.114103 -0.170648
FixedParameters: 0 0 0

#Transform 133
Transform: AffineTransform_float_3_3
Parameters: 0.999994 -0.00325842 -0.00162387 0.00326329 0.99999 0.00293101 0.00161431 -0.00293599 0.999994 -0.407081 0.106203 -0.163408
FixedParameters: 0 0 0

#Transform 134
Transform: AffineTransform_float_3_3
Parameters: 0.999993 -0.00306448 -0.00202824 0.00307166 0.999991 0.0031428 0.0020189 -0.0031482 0.999993 -0.420013 0.129667 -0.276143
FixedParameters: 0 0 0

#Transform 135
Transform: AffineTransform_float_3_3
Parameters: 0.999997 -0.00229935 -0.00140921 0.0023028 0.999995 0.00230451 0.00140424 -0.00230749 0.999996 -0.475666 0.172059 -0.209762
FixedParameters: 0 0 0

#Transform 136
Transform: AffineTransform_float_3_3
Parameters: 0.999995 -0.00238524 -0.0023525 0.00238776 0.999996 0.00114922 0.0023504 -0.00115478 0.999996 -0.423742 0.172724 -0.359964
FixedParameters: 0 0 0

#Transform 137
Transform: AffineTransform_float_3_3
Parameters: 0.999995 -0.00243686 -0.00164898 0.00243911 0.999996 0.00128109 0.00164574 -0.00128491 0.999998 -0.474339 0.151005 -0.247594
FixedParameters: 0 0 0

#Transform 138
Transform: AffineTransform_float_3_3
Parameters: 0.999996 -0.00220033 -0.00134721 0.00220293 0.999996 0.00189794 0.00134317 -0.00190106 0.999997 -0.460959 0.104105 -0.323367
FixedParameters: 0 0 0

#Transform 139
Transform: AffineTransform_float_3_3
Parameters: 0.999996 -0.00249238 -0.00177135 0.00249475 0.999995 0.00148606 0.00176733 -0.00148994 0.999998 -0.447409 0.112143 -0.315077
FixedParameters: 0 0 0

#Transform 140
Transform: AffineTransform_float_3_3
Parameters: 0.999997 -0.00191684 -0.00157808 0.00191703 0.999998 0.000518238 0.00157779 -0.000520765 0.999999 -0.461842 0.0983744 -0.390486
FixedParameters: 0 0 0

#Transform 141
Transform: AffineTransform_float_3_3
Parameters: 0.999998 -0.00176907 -0.00114413 0.00176895 0.999999 0.000348031 0.00114329 -0.000349969 1 -0.469967 0.107503 -0.298773
FixedParameters: 0 0 0

#Transform 142
Transform: AffineTransform_float_3_3
Parameters: 0.999998 -0.0013848 -0.00175978 0.00138553 0.999999 -5.60245e-05 0.00175954 5.39777e-05 0.999998 -0.459512 0.0753232 -0.420999
FixedParameters: 0 0 0

#Transform 143
Transform: AffineTransform_float_3_3
Parameters: 0.999998 -0.00182828 -0.0013848 0.00182887 0.999999 6.95216e-05 0.00138546 -7.24786e-05 0.999999 -0.474776 0.0954958 -0.372891
FixedParameters: 0 0 0

#Transform 144
Transform: AffineTransform_float_3_3
Parameters: 0.999997 -0.00193678 -0.00152904 0.00193629 0.999998 -0.000633702 0.00152979 0.000631301 0.999999 -0.445592 0.0836406 -0.354774
FixedParameters: 0 0 0

#Transform 145
Transform: AffineTransform_float_3_3
Parameters: 0.999997 -0.00177725 -0.00178614 0.00177615 0.999999 -0.000455913 0.00178644 0.000453088 0.999998 -0.449173 0.0748051 -0.387448
FixedParameters: 0 0 0

#Transform 146
Transform: AffineTransform_float_3_3
Parameters: 0.999998 -0.00157724 -0.00107896 0.00157821 0.999999 0.000451145 0.00107753 -0.000453853 0.999999 -0.469006 0.114152 -0.285989
FixedParameters: 0 0 0

#Transform 147
Transform: AffineTransform_float_3_3
Parameters: 0.999998 -0.0015194 -0.00168065 0.0015212 0.999998 0.000966013 0.00167941 -0.000968988 0.999999 -0.459751 0.139246 -0.255603
FixedParameters: 0 0 0

#Transform 148
Transform: AffineTransform_float_3_3
Parameters: 0.999998 -0.00162471 -0.0014938 0.00162793 0.999997 0.00204863 0.00149053 -0.00205137 0.999997 -0.458366 0.164376 -0.278757
FixedParameters: 0 0 0

#Transform 149
Transform: AffineTransform_float_3_3
Parameters: 0.999995 -0.00216837 -0.00201557 0.00217169 0.999997 0.00131289 0.00201287 -0.00131811 0.999997 -0.463884 0.127097 -0.239663
FixedParameters: 0 0 0

#Transform 150
Transform: AffineTransform_float_3_3
Parameters: 0.999996 -0.00191392 -0.0021768 0.00191765 0.999997 0.00173245 0.00217395 -0.00173655 0.999996 -0.448542 0.108937 -0.334423
FixedParameters: 0 0 0

#Transform 151
Transform: AffineTransform_float_3_3
Parameters: 0.999996 -0.00214489 -0.00219042 0.00214826 0.999997 0.00122028 0.00218819 -0.00122472 0.999997 -0.498748 0.116302 -0.259921
FixedParameters: 0 0 0

#Transform 152
Transform: AffineTransform_float_3_3
Parameters: 0.999998 -0.00208676 -0.000895152 0.00209568 0.999944 0.0103528 0.000873216 -0.0103552 0.999946 -0.510688 0.200251 0.215098
FixedParameters: 0 0 0

#Transform 153
Transform: AffineTransform_float_3_3
Parameters: 0.999993 -0.00212869 -0.00288211 0.00214762 0.999974 0.00679155 0.00286703 -0.00679744 0.999973 -0.530299 0.135388 -0.0315974
FixedParameters: 0 0 0

#Transform 154
Transform: AffineTransform_float_3_3
Parameters: 0.999993 -0.00179954 -0.0030623 0.00181266 0.999989 0.00427148 0.00305456 -0.00427752 0.999986 -0.510969 0.108561 -0.0973607
FixedParameters: 0 0 0

#Transform 155
Transform: AffineTransform_float_3_3
Parameters: 0.999996 -0.00188179 -0.00212298 0.00189042 0.999991 0.00383662 0.00211609 -0.00384038 0.99999 -0.528369 0.126864 -0.152024
FixedParameters: 0 0 0

#Transform 156
Transform: AffineTransform_float_3_3
Parameters: 0.999995 -0.00152736 -0.00258393 0.00153574 0.999993 0.00325269 0.00257971 -0.00325631 0.999992 -0.502403 0.114935 -0.143649
FixedParameters: 0 0 0

#Transform 157
Transform: AffineTransform_float_3_3
Parameters: 0.999995 -0.00158271 -0.00272553 0.00159142 0.999994 0.00321517 0.00272015 -0.00321883 0.999991 -0.519309 0.118039 -0.224818
FixedParameters: 0 0 0

#Transform 158
Transform: AffineTransform_float_3_3
Parameters: 0.999995 -0.00144281 -0.00301643 0.00144987 0.999995 0.0025418 0.00301259 -0.0025462 0.999993 -0.515376 0.13934 -0.212804
FixedParameters: 0 0 0

#Transform 159
Transform: AffineTransform_float_3_3
Parameters: 0.999994 -0.00131057 -0.00299513 0.00131859 0.999996 0.00272186 0.00299148 -0.00272614 0.999992 -0.516718 0.124756 -0.271874
FixedParameters: 0 0 0

#Transform 160
Transform: AffineTransform_float_3_3
Parameters: 0.999996 -0.00154421 -0.00241383 0.0015504 0.999995 0.00272556 0.00240944 -0.00272945 0.999994 -0.508392 0.134226 -0.203668
FixedParameters: 0 0 0

#Transform 161
Transform: AffineTransform_float_3_3
Parameters: 0.999994 -0.000810564 -0.00339021 0.000825675 0.999989 0.00451669 0.00338723 -0.00451931 0.999984 -0.443331 0.167822 -0.383875
FixedParameters: 0 0 0

#Transform 162
Transform: AffineTransform_float_3_3
Parameters: 0.999991 -0.000926228 -0.00418692 0.000942808 0.999992 0.00387842 0.00418316 -0.00388257 0.999983 -0.408972 0.133502 -0.255172
FixedParameters: 0 0 0

#Transform 163
Transform: AffineTransform_float_3_3
Parameters: 0.999995 -0.00117952 -0.00301771 0.00119055 0.999993 0.00350422 0.0030137 -0.00350777 0.999989 -0.49974 0.142632 -0.273504
FixedParameters: 0 0 0

#Transform 164
Transform: AffineTransform_float_3_3
Parameters: 0.999994 -0.0010418 -0.00326667 0.00105119 0.999995 0.0030469 0.00326367 -0.00305011 0.99999 -0.493729 0.146989 -0.294232
FixedParameters: 0 0 0

#Transform 165
Transform: AffineTransform_float_3_3
Parameters: 0.999995 -0.00122407 -0.00311944 0.00123367 0.999995 0.00301397 0.00311593 -0.00301803 0.99999 -0.504661 0.149569 -0.285353
FixedParameters: 0 0 0

#Transform 166
Transform: AffineTransform_float_3_3
Parameters: 0.999993 -0.00119871 -0.00335796 0.00120958 0.999995 0.00298847 0.00335467 -0.00299152 0.99999 -0.489399 0.151194 -0.310303
FixedParameters: 0 0 0

#Transform 167
Transform: AffineTransform_float_3_3
Parameters: 0.999994 -0.00106338 -0.00331824 0.00107429 0.999994 0.00336677 0.0033148 -0.00337024 0.999989 -0.524152 0.154193 -0.317263
FixedParameters: 0 0 0

#Transform 168
Transform: AffineTransform_float_3_3
Parameters: 0.999997 -0.000847607 -0.00237518 0.000854618 0.999995 0.00310921 0.00237209 -0.00311179 0.999993 -0.532584 0.154814 -0.338009
FixedParameters: 0 0 0

#Transform 169
Transform: AffineTransform_float_3_3
Parameters: 0.999998 -0.000660348 -0.00177705 0.000665098 0.999997 0.0023727 0.00177547 -0.00237431 0.999996 -0.545576 0.164631 -0.338517
FixedParameters: 0 0 0

#Transform 170
Transform: AffineTransform_float_3_3
Parameters: 0.999998 -0.000475837 -0.00217388 0.00048156 0.999997 0.00246483 0.00217255 -0.00246617 0.999994 -0.5519 0.152915 -0.361094
FixedParameters: 0 0 0

#Transform 171
Transform: AffineTransform_float_3_3
Parameters: 0.999995 -0.000656538 -0.00289438 0.000662344 0.999997 0.00225084 0.0028923 -0.00225317 0.999994 -0.498328 0.122829 -0.440405
FixedParameters: 0 0 0

#Transform 172
Transform: AffineTransform_float_3_3
Parameters: 0.999997 -0.000381426 -0.00268385 0.000386504 0.999998 0.00212036 0.00268272 -0.00212165 0.999995 -0.529977 0.111191 -0.511048
FixedParameters: 0 0 0

#Transform 173
Transform: AffineTransform_float_3_3
Parameters: 0.999997 -0.000341057 -0.00242216 0.000341103 1 0.000199406 0.00242242 -0.000199595 0.999997 -0.505675 0.130113 -0.445583
FixedParameters: 0 0 0

#Transform 174
Transform: AffineTransform_float_3_3
Parameters: 0.999996 2.27374e-05 -0.00307697 -2.14364e-05 1 0.000424605 0.00307646 -0.000424395 0.999995 -0.503726 0.102691 -0.570739
FixedParameters: 0 0 0

#Transform 175
Transform: AffineTransform_float_3_3
Parameters: 0.999997 5.83361e-05 -0.00243213 -5.83191e-05 1 2.95964e-06 0.00243213 -4.04056e-06 0.999997 -0.532997 0.146561 -0.473372
FixedParameters: 0 0 0

#Transform 176
Transform: AffineTransform_float_3_3
Parameters: 0.999998 0.000314189 -0.00219236 -0.000316968 0.999999 -0.00114264 0.00219177 0.00114336 0.999996 -0.526655 0.104862 -0.45066
FixedParameters: 0 0 0

#Transform 177
Transform: AffineTransform_float_3_3
Parameters: 0.999997 0.000627838 -0.00235093 -0.000632463 0.999998 -0.00182006 0.00235023 0.00182094 0.999995 -0.395667 0.0781292 -0.810353
FixedParameters: 0 0 0

#Transform 178
Transform: AffineTransform_float_3_3
Parameters: 0.999992 0.00133314 -0.00363107 -0.00134468 0.999994 -0.00321307 0.00362723 0.00321793 0.999988 -0.441265 0.0957558 -0.618386
FixedParameters: 0 0 0

#Transform 179
Transform: AffineTransform_float_3_3
Parameters: 0.999994 0.00147185 -0.00306057 -0.00148039 0.999995 -0.00280708 0.0030573 0.00281192 0.999991 -0.466229 0.102739 -0.633381
FixedParameters: 0 0 0
