# transform file /out/sourcedata/freesurfer/sub-v1s10x0051068_ses-1/mri/transforms/cc_up.lta
# created by oesteban on Thu Mar 12 07:26:39 2026

type      = 0 # LINEAR_VOX_TO_VOX
nxforms   = 1
mean      = 130.0000 132.0000 124.0000
sigma     = 10000.0000
1 4 4
9.958545565605164e-01 3.368930518627167e-02 8.449193835258484e-02 -1.598040103912354e+01 
-3.356870263814926e-02 9.994324445724487e-01 -2.848091302439570e-03 1.978916549682617e+01 
-8.453992009162903e-02 0.000000000000000e+00 9.964200854301453e-01 2.448642539978027e+01 
0.000000000000000e+00 0.000000000000000e+00 0.000000000000000e+00 1.000000000000000e+00 
src volume info
valid = 1  # volume info valid
filename = /out/sourcedata/freesurfer/sub-v1s10x0051068_ses-1/mri/norm.mgz
volume = 256 256 256
voxelsize = 1.000000000000000e+00 1.000000000000000e+00 1.000000000000000e+00
xras   = -1.000000000000000e+00 0.000000000000000e+00 0.000000000000000e+00
yras   = 0.000000000000000e+00 0.000000000000000e+00 -1.000000000000000e+00
zras   = 0.000000000000000e+00 1.000000000000000e+00 0.000000000000000e+00
cras   = 2.833793640136719e+00 -1.273492431640625e+01 1.000000000000000e+00
dst volume info
valid = 1  # volume info valid
filename = /out/sourcedata/freesurfer/sub-v1s10x0051068_ses-1/mri/norm.mgz
volume = 256 256 256
voxelsize = 1.000000000000000e+00 1.000000000000000e+00 1.000000000000000e+00
xras   = -1.000000000000000e+00 0.000000000000000e+00 0.000000000000000e+00
yras   = 0.000000000000000e+00 0.000000000000000e+00 -1.000000000000000e+00
zras   = 0.000000000000000e+00 1.000000000000000e+00 0.000000000000000e+00
cras   = 2.833793640136719e+00 -1.273492431640625e+01 1.000000000000000e+00
