# transform file /out/sourcedata/freesurfer/sub-v1s10x0051055_ses-1/mri/transforms/cc_up.lta
# created by oesteban on Thu Mar 12 06:54:26 2026

type      = 0 # LINEAR_VOX_TO_VOX
nxforms   = 1
mean      = 131.0000 131.0000 129.0000
sigma     = 10000.0000
1 4 4
9.911393523216248e-01 -1.319860517978668e-01 1.491673197597265e-02 1.311502170562744e+01 
1.319711059331894e-01 9.912515878677368e-01 1.986176474019885e-03 -1.294330954551697e+00 
-1.504838187247515e-02 -2.328306436538696e-10 9.998868107795715e-01 6.956803798675537e+00 
0.000000000000000e+00 0.000000000000000e+00 0.000000000000000e+00 1.000000000000000e+00 
src volume info
valid = 1  # volume info valid
filename = /out/sourcedata/freesurfer/sub-v1s10x0051055_ses-1/mri/norm.mgz
volume = 256 256 256
voxelsize = 1.000000000000000e+00 1.000000000000000e+00 1.000000000000000e+00
xras   = -1.000000000000000e+00 0.000000000000000e+00 0.000000000000000e+00
yras   = 0.000000000000000e+00 0.000000000000000e+00 -1.000000000000000e+00
zras   = 0.000000000000000e+00 1.000000000000000e+00 0.000000000000000e+00
cras   = 2.110420227050781e+00 2.445785522460938e+00 -4.457855224609375e-01
dst volume info
valid = 1  # volume info valid
filename = /out/sourcedata/freesurfer/sub-v1s10x0051055_ses-1/mri/norm.mgz
volume = 256 256 256
voxelsize = 1.000000000000000e+00 1.000000000000000e+00 1.000000000000000e+00
xras   = -1.000000000000000e+00 0.000000000000000e+00 0.000000000000000e+00
yras   = 0.000000000000000e+00 0.000000000000000e+00 -1.000000000000000e+00
zras   = 0.000000000000000e+00 1.000000000000000e+00 0.000000000000000e+00
cras   = 2.110420227050781e+00 2.445785522460938e+00 -4.457855224609375e-01
