# transform file /out/sourcedata/freesurfer/sub-v1s10x0051098_ses-1/mri/transforms/cc_up.lta
# created by oesteban on Thu Mar 12 08:42:50 2026

type      = 0 # LINEAR_VOX_TO_VOX
nxforms   = 1
mean      = 128.0000 119.0000 116.0000
sigma     = 10000.0000
1 4 4
9.977682232856750e-01 5.407821759581566e-02 3.916755318641663e-02 -9.677211761474609e+00 
-5.403660237789154e-02 9.985367059707642e-01 -2.121215686202049e-03 3.330677795410156e+01 
-3.922495245933533e-02 0.000000000000000e+00 9.992303848266602e-01 2.311088562011719e+01 
0.000000000000000e+00 0.000000000000000e+00 0.000000000000000e+00 1.000000000000000e+00 
src volume info
valid = 1  # volume info valid
filename = /out/sourcedata/freesurfer/sub-v1s10x0051098_ses-1/mri/norm.mgz
volume = 256 256 256
voxelsize = 1.000000000000000e+00 1.000000000000000e+00 1.000000000000000e+00
xras   = -1.000000000000000e+00 0.000000000000000e+00 0.000000000000000e+00
yras   = 0.000000000000000e+00 0.000000000000000e+00 -1.000000000000000e+00
zras   = 0.000000000000000e+00 1.000000000000000e+00 0.000000000000000e+00
cras   = -1.451560211181641e+01 1.000000000000000e+00 1.722885131835938e+00
dst volume info
valid = 1  # volume info valid
filename = /out/sourcedata/freesurfer/sub-v1s10x0051098_ses-1/mri/norm.mgz
volume = 256 256 256
voxelsize = 1.000000000000000e+00 1.000000000000000e+00 1.000000000000000e+00
xras   = -1.000000000000000e+00 0.000000000000000e+00 0.000000000000000e+00
yras   = 0.000000000000000e+00 0.000000000000000e+00 -1.000000000000000e+00
zras   = 0.000000000000000e+00 1.000000000000000e+00 0.000000000000000e+00
cras   = -1.451560211181641e+01 1.000000000000000e+00 1.722885131835938e+00
