#Insight Transform File V1.0
#Transform 0
Transform: AffineTransform_float_3_3
Parameters: 1 -0.000532292 -0.000328797 0.000531639 0.999999 -0.000990815 0.000329851 0.000991184 1 0.0850376 0.194383 0.343636
FixedParameters: 0 0 0

#Transform 1
Transform: AffineTransform_float_3_3
Parameters: 1 -0.000106276 -0.000250379 0.000106282 1 1.29734e-05 0.000250376 -1.30266e-05 1 0.0184951 0.0280075 -0.0122969
FixedParameters: 0 0 0

#Transform 2
Transform: AffineTransform_float_3_3
Parameters: 1 -0.000268867 -1.40849e-05 0.00026887 1 8.29962e-05 1.40403e-05 -8.30037e-05 1 0.0165797 0.0408395 -0.0234745
FixedParameters: 0 0 0

#Transform 3
Transform: AffineTransform_float_3_3
Parameters: 1 -0.00015839 4.65802e-05 0.000158384 1 6.40073e-05 -4.66005e-05 -6.39926e-05 1 0.0037485 0.0477867 -0.0232573
FixedParameters: 0 0 0

#Transform 4
Transform: AffineTransform_float_3_3
Parameters: 1 -0.000101907 -0.000240283 0.000102054 1 0.000305975 0.00024022 -0.000306024 1 0.0121544 0.0431127 -0.0243008
FixedParameters: 0 0 0

#Transform 5
Transform: AffineTransform_float_3_3
Parameters: 1 -0.00025367 -0.000213933 0.000253794 1 0.000289946 0.000213786 -0.000290054 1 0.0151975 0.0615341 -0.061074
FixedParameters: 0 0 0

#Transform 6
Transform: AffineTransform_float_3_3
Parameters: 1 -0.000322737 -0.000572474 0.000323265 0.999999 0.000923175 0.000573189 -0.000922825 1 0.0176673 0.0540474 -0.133404
FixedParameters: 0 0 0

#Transform 7
Transform: AffineTransform_float_3_3
Parameters: 1 -0.000262728 -0.000345924 0.000263255 0.999999 0.000761908 0.000345524 -0.00076209 0.999999 0.00255287 0.0693577 -0.0886618
FixedParameters: 0 0 0

#Transform 8
Transform: AffineTransform_float_3_3
Parameters: 1 -0.000209257 -0.000493464 0.000209607 1 0.000353897 0.000493316 -0.000354103 1 0.0150402 0.069663 -0.067326
FixedParameters: 0 0 0

#Transform 9
Transform: AffineTransform_float_3_3
Parameters: 1 -7.98412e-05 -0.000188813 8.0359e-05 0.999999 0.00137198 0.000188593 -0.00137202 0.999999 0.0116591 0.0611289 -0.116386
FixedParameters: 0 0 0

#Transform 10
Transform: AffineTransform_float_3_3
Parameters: 1 -9.63079e-05 -0.000227451 9.67135e-05 0.999999 0.000891977 0.000227278 -0.000892021 0.999999 -0.00247261 0.0748312 -0.107433
FixedParameters: 0 0 0

#Transform 11
Transform: AffineTransform_float_3_3
Parameters: 1 -0.000163126 -0.000384856 0.000163525 1 0.000518937 0.000384686 -0.000519063 1 0.0138385 0.0822316 -0.07918
FixedParameters: 0 0 0

#Transform 12
Transform: AffineTransform_float_3_3
Parameters: 1 -0.000225859 -0.000533131 0.000226608 0.999999 0.000701879 0.000532813 -0.00070212 0.999999 0.0226176 0.0700084 -0.10343
FixedParameters: 0 0 0

#Transform 13
Transform: AffineTransform_float_3_3
Parameters: 1 -0.000175184 -0.000413414 0.000175693 1 0.000614927 0.000413198 -0.000615072 0.999999 0.0141257 0.0617256 -0.0457657
FixedParameters: 0 0 0

#Transform 14
Transform: AffineTransform_float_3_3
Parameters: 1 -0.000244739 -0.000141699 0.000244843 1 0.000364965 0.00014152 -0.000365035 1 0.01469 0.0673603 -0.0203063
FixedParameters: 0 0 0

#Transform 15
Transform: AffineTransform_float_3_3
Parameters: 1 -0.000139021 -0.000327733 0.00013918 1 0.000242954 0.000327666 -0.000243046 1 0.0172757 0.0643376 -0.0286351
FixedParameters: 0 0 0

#Transform 16
Transform: AffineTransform_float_3_3
Parameters: 1 -0.000183116 -0.000431775 0.00018339 1 0.000316921 0.000431658 -0.000317079 1 0.0143345 0.0723722 -0.0397553
FixedParameters: 0 0 0

#Transform 17
Transform: AffineTransform_float_3_3
Parameters: 1 -0.000221576 -0.000153701 0.000221703 1 0.000412966 0.000153518 -0.000413034 1 0.0169638 0.0670084 -0.0352643
FixedParameters: 0 0 0

#Transform 18
Transform: AffineTransform_float_3_3
Parameters: 1 -0.000101417 -0.000239405 0.000101764 0.999999 0.000724975 0.000239257 -0.000725024 0.999999 0.0121346 0.0659853 -0.0164464
FixedParameters: 0 0 0

#Transform 19
Transform: AffineTransform_float_3_3
Parameters: 1 -0.000204408 -0.000482486 0.000205078 0.999999 0.000694901 0.000482202 -0.000695098 0.999999 0.0149035 0.0598099 -0.00999488
FixedParameters: 0 0 0

#Transform 20
Transform: AffineTransform_float_3_3
Parameters: 1 -0.000140203 -0.000330491 0.000140342 1 0.000210954 0.000330432 -0.000211046 1 0.0303434 0.0542445 -0.0213922
FixedParameters: 0 0 0

#Transform 21
Transform: AffineTransform_float_3_3
Parameters: 0.999999 -0.00029817 -0.000703413 0.000298867 1 0.00049579 0.000703117 -0.000496209 0.999999 0.0289586 0.0640373 -0.0276192
FixedParameters: 0 0 0

#Transform 22
Transform: AffineTransform_float_3_3
Parameters: 1 -0.000254867 -0.000601208 0.000255428 1 0.000465846 0.00060097 -0.000466153 0.999999 0.0163088 0.0675809 -0.0282001
FixedParameters: 0 0 0

#Transform 23
Transform: AffineTransform_float_3_3
Parameters: 1 -0.000301061 -0.000294834 0.000301171 1 0.000186911 0.000294721 -0.000187089 1 0.0270902 0.0639236 -0.0316784
FixedParameters: 0 0 0

#Transform 24
Transform: AffineTransform_float_3_3
Parameters: 0.999999 -0.000307033 -0.000724638 0.000307059 1 0.000653138 0.000724628 -0.000652863 1 0.0233876 0.0689308 -0.0439662
FixedParameters: 0 0 0

#Transform 25
Transform: AffineTransform_float_3_3
Parameters: 1 -0.000254751 -0.000601257 0.000255544 0.999999 0.000659846 0.000600921 -0.000660153 0.999999 0.0125737 0.074066 -0.0457302
FixedParameters: 0 0 0

#Transform 26
Transform: AffineTransform_float_3_3
Parameters: 1 -0.000474898 -0.000236444 0.00047465 0.999999 0.000594887 0.00023719 -0.000595112 1 0.0190074 0.0731756 -0.0404398
FixedParameters: 0 0 0

#Transform 27
Transform: AffineTransform_float_3_3
Parameters: 1 -0.000254882 -0.000601202 0.000255413 1 0.000441846 0.000600976 -0.000442153 0.999999 0.0235998 0.0742115 -0.0642484
FixedParameters: 0 0 0

#Transform 28
Transform: AffineTransform_float_3_3
Parameters: 1 -0.000254488 -0.000601369 0.000254887 1 0.00109685 0.000601201 -0.00109715 0.999999 0.0199605 0.0846156 -0.0882249
FixedParameters: 0 0 0

#Transform 29
Transform: AffineTransform_float_3_3
Parameters: 1 -0.000254649 -0.000601301 0.000254726 0.999999 0.000829207 0.000601269 -0.000828794 1 0.0216725 0.0754354 -0.0742608
FixedParameters: 0 0 0

#Transform 30
Transform: AffineTransform_float_3_3
Parameters: 1 -0.000206399 -0.000487073 0.000206994 1 0.000610899 0.00048682 -0.0006111 0.999999 0.0307833 0.0897075 -0.0865495
FixedParameters: 0 0 0

#Transform 31
Transform: AffineTransform_float_3_3
Parameters: 1 -0.000254546 -0.000601345 0.000254829 0.999999 0.00100121 0.000601226 -0.00100079 0.999999 0.00902549 0.0716711 -0.0826791
FixedParameters: 0 0 0

#Transform 32
Transform: AffineTransform_float_3_3
Parameters: 1 -0.000466646 -0.000239888 0.000467254 1 0.000450735 0.000240388 -0.000450265 0.999999 0.0175448 0.0909129 -0.0550899
FixedParameters: 0 0 0

#Transform 33
Transform: AffineTransform_float_3_3
Parameters: 1 -0.000309754 -0.000577981 0.000310473 1 0.00107982 0.000578622 -0.00108018 0.999999 0.0227127 0.0810305 -0.0939624
FixedParameters: 0 0 0

#Transform 34
Transform: AffineTransform_float_3_3
Parameters: 1 -0.000254839 -0.00060122 0.000255456 1 0.000512846 0.000600958 -0.000513153 0.999999 0.0146418 0.0854127 -0.0607443
FixedParameters: 0 0 0

#Transform 35
Transform: AffineTransform_float_3_3
Parameters: 1 -0.000234169 -0.000552417 0.000234709 1 0.00048887 0.000552188 -0.000489129 0.999999 0.0181253 0.0761187 -0.031352
FixedParameters: 0 0 0

#Transform 36
Transform: AffineTransform_float_3_3
Parameters: 1 -0.000213152 -0.000502675 0.000213527 1 0.000372893 0.000502516 -0.000373107 1 0.0167494 0.0841459 -0.0582698
FixedParameters: 0 0 0

#Transform 37
Transform: AffineTransform_float_3_3
Parameters: 1 -0.000458573 -0.000382361 0.00045937 1 0.000529824 0.000382795 -0.000530175 1 0.0251681 0.0748956 -0.0301414
FixedParameters: 0 0 0

#Transform 38
Transform: AffineTransform_float_3_3
Parameters: 1 -0.000466315 -2.3804e-05 0.000466328 1 0.000274989 2.35475e-05 -0.000275011 1 0.00785324 0.0660277 -0.0319876
FixedParameters: 0 0 0

#Transform 39
Transform: AffineTransform_float_3_3
Parameters: 0.999999 -0.00052009 -0.000488732 0.000520807 1 0.000333745 0.000489305 -0.000334254 1 0.0267145 0.085276 -0.0774049
FixedParameters: 0 0 0

#Transform 40
Transform: AffineTransform_float_3_3
Parameters: 1 -0.000157263 -0.000371049 0.000157667 1 0.000543941 0.000370878 -0.000544058 1 0.0151477 0.0853078 -0.0698585
FixedParameters: 0 0 0

#Transform 41
Transform: AffineTransform_float_3_3
Parameters: 0.999999 -0.000640106 -0.00053339 0.000639461 1 0.000257659 0.000533451 -0.000258341 1 0.0253588 0.0731981 -0.0611165
FixedParameters: 0 0 0

#Transform 42
Transform: AffineTransform_float_3_3
Parameters: 1 -0.000341394 -0.000293017 0.000342129 1 0.000586747 0.000293537 -0.000586253 0.999999 0.0246602 0.0907239 -0.0552383
FixedParameters: 0 0 0

#Transform 43
Transform: AffineTransform_float_3_3
Parameters: 1 -0.000268887 -0.000214008 0.00026904 1 0.000355942 0.000213817 -0.000356057 1 0.0110777 0.0856162 -0.0585396
FixedParameters: 0 0 0

#Transform 44
Transform: AffineTransform_float_3_3
Parameters: 1 -0.000474138 -0.000298652 0.000474458 0.999999 0.000535858 0.000298144 -0.000536141 1 0.0104805 0.0809008 -0.0380135
FixedParameters: 0 0 0

#Transform 45
Transform: AffineTransform_float_3_3
Parameters: 1 -0.00030693 -0.000293459 0.00030621 1 0.00034191 0.00029364 -0.00034209 1 0.0219352 0.0930051 -0.0470322
FixedParameters: 0 0 0

#Transform 46
Transform: AffineTransform_float_3_3
Parameters: 1 -0.000566907 -0.000310591 0.000566619 0.999999 0.00101918 0.000309826 -0.00101882 1 0.0220263 0.09437 -0.0825705
FixedParameters: 0 0 0

#Transform 47
Transform: AffineTransform_float_3_3
Parameters: 1 -0.0005329 -0.000211874 0.000533553 1 0.000617734 0.000212136 -0.000617265 0.999999 0.00739807 0.0895787 -0.0402852
FixedParameters: 0 0 0

#Transform 48
Transform: AffineTransform_float_3_3
Parameters: 1 -0.000455557 -0.00051614 0.000456469 1 0.000503764 0.0005166 -0.000504235 0.999999 0.0254843 0.106127 -0.0788794
FixedParameters: 0 0 0

#Transform 49
Transform: AffineTransform_float_3_3
Parameters: 0.999999 -0.000442388 -0.000716171 0.000442518 0.999999 0.000734043 0.000715912 -0.000733957 1 0.0258096 0.0878878 -0.0855144
FixedParameters: 0 0 0

#Transform 50
Transform: AffineTransform_float_3_3
Parameters: 1 -0.000182299 -0.000429949 0.000182644 1 0.000401921 0.000429802 -0.000402078 1 0.00257343 0.104292 -0.0673333
FixedParameters: 0 0 0

#Transform 51
Transform: AffineTransform_float_3_3
Parameters: 1 -0.00025469 -0.000601284 0.000255606 1 0.000762206 0.000600895 -0.000761794 1 0.0216674 0.0947414 -0.0857239
FixedParameters: 0 0 0

#Transform 52
Transform: AffineTransform_float_3_3
Parameters: 1 -0.000254369 -0.000601419 0.000255006 0.999999 0.00129485 0.00060115 -0.00129515 0.999999 0.0216835 0.0747232 -0.107283
FixedParameters: 0 0 0

#Transform 53
Transform: AffineTransform_float_3_3
Parameters: 1 -0.000254538 -0.000601348 0.000254837 1 0.00101385 0.000601222 -0.00101415 1 7.59185e-05 0.0876196 -0.0818388
FixedParameters: 0 0 0

#Transform 54
Transform: AffineTransform_float_3_3
Parameters: 0.999999 -0.000357432 -0.000843385 0.000357468 1 0.000567059 0.000843371 -0.000566942 1 0.024352 0.0957631 -0.0902719
FixedParameters: 0 0 0

#Transform 55
Transform: AffineTransform_float_3_3
Parameters: 1 -0.000380184 -0.000549247 0.00038035 0.999999 0.000989151 0.000548886 -0.000988849 1 0.00999947 0.0856865 -0.0882468
FixedParameters: 0 0 0

#Transform 56
Transform: AffineTransform_float_3_3
Parameters: 1 -0.000206508 -0.000488113 0.000206748 1 0.0011889 0.000488013 -0.0011891 0.999999 0.000646719 0.0927093 -0.0730967
FixedParameters: 0 0 0

#Transform 57
Transform: AffineTransform_float_3_3
Parameters: 0.999999 -0.000212073 -0.000785482 0.000213434 0.999999 0.000867192 0.000785113 -0.000866807 0.999999 0.0211876 0.102382 -0.077041
FixedParameters: 0 0 0

#Transform 58
Transform: AffineTransform_float_3_3
Parameters: 1 -0.0001677 -0.000397037 0.000168191 0.999999 0.00177893 0.00039683 -0.00177907 0.999999 0.0194284 0.0833156 -0.127909
FixedParameters: 0 0 0

#Transform 59
Transform: AffineTransform_float_3_3
Parameters: 1 -2.81933e-05 -0.000485323 2.83206e-05 0.999999 0.00148299 0.000484709 -0.00148301 0.999999 -0.00994595 0.100656 -0.117522
FixedParameters: 0 0 0

#Transform 60
Transform: AffineTransform_float_3_3
Parameters: 1 -0.000236413 -0.000559069 0.000237015 0.999999 0.00136187 0.000558815 -0.00136213 0.999999 0.0211567 0.103314 -0.111917
FixedParameters: 0 0 0

#Transform 61
Transform: AffineTransform_float_3_3
Parameters: 0.999999 -9.11533e-05 -0.000837558 9.30438e-05 0.999998 0.00167828 0.00083764 -0.00167772 0.999998 -0.00571456 0.0883771 -0.140797
FixedParameters: 0 0 0

#Transform 62
Transform: AffineTransform_float_3_3
Parameters: 1 -0.000236358 -0.000559092 0.00023707 0.999999 0.00145987 0.000558791 -0.00146013 0.999999 -0.00834887 0.099974 -0.12373
FixedParameters: 0 0 0

#Transform 63
Transform: AffineTransform_float_3_3
Parameters: 0.999999 -0.000309903 -0.000731023 0.000310578 1 0.000461773 0.000730737 -0.000462226 0.999999 0.023088 0.0918227 -0.0528448
FixedParameters: 0 0 0

#Transform 64
Transform: AffineTransform_float_3_3
Parameters: 1 -0.000260535 -0.000615098 0.000260563 0.999999 0.0007712 0.000615087 -0.000770801 1 0.00831929 0.0956886 -0.0941773
FixedParameters: 0 0 0

#Transform 65
Transform: AffineTransform_float_3_3
Parameters: 1 -6.32261e-05 -0.00039786 6.37481e-05 1 0.000655974 0.000397776 -0.000656025 0.999999 -0.0121317 0.0990226 -0.0722268
FixedParameters: 0 0 0

#Transform 66
Transform: AffineTransform_float_3_3
Parameters: 1 -4.94033e-05 -0.000426549 4.97974e-05 1 0.000461979 0.000426503 -0.000462021 1 0.00372858 0.112216 -0.075266
FixedParameters: 0 0 0

#Transform 67
Transform: AffineTransform_float_3_3
Parameters: 1 -6.90684e-05 -0.000330175 6.99306e-05 0.999999 0.00130598 0.000329994 -0.00130602 0.999999 0.00230167 0.0817516 -0.0777699
FixedParameters: 0 0 0

#Transform 68
Transform: AffineTransform_float_3_3
Parameters: 1 -0.000156554 -0.000370263 0.000156674 0.999999 0.00140594 0.000370214 -0.00140606 0.999999 -0.0125938 0.0841604 -0.0696968
FixedParameters: 0 0 0

#Transform 69
Transform: AffineTransform_float_3_3
Parameters: 1 -0.000146615 -0.000495012 0.000147497 0.999999 0.000891287 0.00049475 -0.000890713 1 -0.0059345 0.106715 -0.0904001
FixedParameters: 0 0 0

#Transform 70
Transform: AffineTransform_float_3_3
Parameters: 1 -0.00015639 -0.000370333 0.000156839 0.999999 0.00184894 0.000370144 -0.00184906 0.999998 -0.00462044 0.0922233 -0.119944
FixedParameters: 0 0 0

#Transform 71
Transform: AffineTransform_float_3_3
Parameters: 1 -0.000156627 -0.000370232 0.000157521 1 0.00120694 0.000369853 -0.00120706 0.999999 -0.0190305 0.102642 -0.0943887
FixedParameters: 0 0 0

#Transform 72
Transform: AffineTransform_float_3_3
Parameters: 1 -0.00026444 -0.000624304 0.000264471 1 0.000762195 0.000624292 -0.000761806 1 0.00725721 0.113446 -0.0903611
FixedParameters: 0 0 0

#Transform 73
Transform: AffineTransform_float_3_3
Parameters: 1 -0.000200178 -0.000473418 0.000200574 0.999999 0.00139091 0.000473251 -0.00139109 0.999999 0.00558648 0.108418 -0.113769
FixedParameters: 0 0 0

#Transform 74
Transform: AffineTransform_float_3_3
Parameters: 1 -0.000157296 -0.000372121 0.000157495 0.999999 0.00150494 0.000372038 -0.00150506 0.999999 -0.00241013 0.104044 -0.0686276
FixedParameters: 0 0 0

#Transform 75
Transform: AffineTransform_float_3_3
Parameters: 1 -0.00018137 -0.00064528 0.000182738 0.999999 0.00177288 0.000645025 -0.00177312 0.999998 0.00558061 0.118062 -0.106089
FixedParameters: 0 0 0

#Transform 76
Transform: AffineTransform_float_3_3
Parameters: 1 -0.000157155 -0.000372181 0.000157637 0.999998 0.00188494 0.000371978 -0.00188506 0.999998 0.00445702 0.103356 -0.106389
FixedParameters: 0 0 0

#Transform 77
Transform: AffineTransform_float_3_3
Parameters: 1 -5.99227e-05 -0.000141864 6.04231e-05 0.999999 0.00176499 0.000141651 -0.00176501 0.999999 -0.00896133 0.0884953 -0.0782031
FixedParameters: 0 0 0

#Transform 78
Transform: AffineTransform_float_3_3
Parameters: 1 -0.000225375 -0.000533336 0.000226172 0.999998 0.00161088 0.000532999 -0.00161112 0.999998 0.00408313 0.115046 -0.0898447
FixedParameters: 0 0 0

#Transform 79
Transform: AffineTransform_float_3_3
Parameters: 1 -0.000153623 -0.000363903 0.000154136 0.999998 0.00196994 0.000363687 -0.00197006 0.999998 0.00440059 0.109888 -0.106563
FixedParameters: 0 0 0

#Transform 80
Transform: AffineTransform_float_3_3
Parameters: 1 -0.000152555 -0.000361097 0.000152858 0.999998 0.00169394 0.00036097 -0.00169405 0.999998 -0.0146172 0.113147 -0.0637863
FixedParameters: 0 0 0

#Transform 81
Transform: AffineTransform_float_3_3
Parameters: 1 -0.000305401 -0.000355099 0.000306396 0.999999 0.00140289 0.000354241 -0.00140311 0.999999 -0.0018404 0.112299 -0.0467262
FixedParameters: 0 0 0

#Transform 82
Transform: AffineTransform_float_3_3
Parameters: 1 -0.000173439 -0.000410895 0.000174174 0.999998 0.00201493 0.000410586 -0.00201507 0.999998 0.0048606 0.111102 -0.095064
FixedParameters: 0 0 0

#Transform 83
Transform: AffineTransform_float_3_3
Parameters: 1 -0.00017345 -0.000410891 0.000174163 0.999998 0.00198893 0.00041059 -0.00198907 0.999998 -0.0218059 0.0956582 -0.0897333
FixedParameters: 0 0 0

#Transform 84
Transform: AffineTransform_float_3_3
Parameters: 1 -0.000173523 -0.00041086 0.00017409 0.999999 0.00181093 0.000410621 -0.00181107 0.999999 -0.0218296 0.102357 -0.0543049
FixedParameters: 0 0 0

#Transform 85
Transform: AffineTransform_float_3_3
Parameters: 1 -0.000164089 -0.000614588 0.000165304 0.999998 0.00173726 0.000614407 -0.00173674 0.999998 0.00558051 0.11504 -0.0916593
FixedParameters: 0 0 0

#Transform 86
Transform: AffineTransform_float_3_3
Parameters: 1 -0.000183927 -0.000435775 0.000184785 0.999998 0.00204092 0.000435413 -0.00204108 0.999998 -0.00789829 0.112537 -0.111838
FixedParameters: 0 0 0

#Transform 87
Transform: AffineTransform_float_3_3
Parameters: 1 -0.000131144 -0.000310436 0.00013129 0.999998 0.00171832 0.000310376 -0.00171768 0.999999 -0.0228879 0.114432 -0.062433
FixedParameters: 0 0 0

#Transform 88
Transform: AffineTransform_float_3_3
Parameters: 1 -0.000207248 -0.000489972 0.000207571 0.999999 0.0012689 0.000489836 -0.0012691 0.999999 0.0013486 0.108519 -0.0771857
FixedParameters: 0 0 0

#Transform 89
Transform: AffineTransform_float_3_3
Parameters: 1 -0.000186595 -0.000442247 0.000187587 0.999997 0.00216292 0.000441828 -0.00216308 0.999997 -0.00521041 0.112077 -0.133386
FixedParameters: 0 0 0

#Transform 90
Transform: AffineTransform_float_3_3
Parameters: 1 -0.000227915 -0.000539862 0.000229102 0.999998 0.00195288 0.00053936 -0.00195312 0.999998 -0.0041091 0.108854 -0.0995356
FixedParameters: 0 0 0

#Transform 91
Transform: AffineTransform_float_3_3
Parameters: 1 -0.000207042 -0.000490059 0.000207776 0.999998 0.00168926 0.000489749 -0.00168874 0.999999 0.00216576 0.122278 -0.0956067
FixedParameters: 0 0 0

#Transform 92
Transform: AffineTransform_float_3_3
Parameters: 1 -0.00015282 -0.000512982 0.000153379 0.999999 0.00144192 0.000512932 -0.00144208 0.999999 -0.00569548 0.115482 -0.123609
FixedParameters: 0 0 0

#Transform 93
Transform: AffineTransform_float_3_3
Parameters: 1 -0.000242881 -7.14463e-06 0.000243302 0.999997 0.002163 7.01352e-06 -0.002163 0.999997 -0.0186288 0.108099 -0.10464
FixedParameters: 0 0 0

#Transform 94
Transform: AffineTransform_float_3_3
Parameters: 1 -0.000540853 -9.24014e-05 0.000540086 0.999999 0.000831949 9.18928e-05 -0.000832049 0.999999 -0.00524095 0.141514 -0.0883878
FixedParameters: 0 0 0

#Transform 95
Transform: AffineTransform_float_3_3
Parameters: 1 -0.000425088 -0.000236975 0.000425455 0.999999 0.000775899 0.000236315 -0.0007761 0.999999 -0.00891789 0.130554 -0.0897797
FixedParameters: 0 0 0

#Transform 96
Transform: AffineTransform_float_3_3
Parameters: 1 -0.000340044 -0.000162463 0.000340053 0.999998 0.00165794 0.000162647 -0.00165805 0.999998 -0.0106565 0.107967 -0.10486
FixedParameters: 0 0 0

#Transform 97
Transform: AffineTransform_float_3_3
Parameters: 1 -0.000206721 -9.6107e-05 0.000206101 0.999999 0.00156498 9.58516e-05 -0.00156502 0.999999 -0.0214543 0.120798 -0.0782947
FixedParameters: 0 0 0

#Transform 98
Transform: AffineTransform_float_3_3
Parameters: 1 -0.000207269 -0.000489963 0.000207549 0.999999 0.0012249 0.000489845 -0.0012251 0.999999 0.00119425 0.114434 -0.0994089
FixedParameters: 0 0 0

#Transform 99
Transform: AffineTransform_float_3_3
Parameters: 1 -7.81816e-05 -0.000185172 7.88929e-05 0.999998 0.00192199 0.00018487 -0.00192202 0.999998 -0.0121837 0.112721 -0.126204
FixedParameters: 0 0 0

#Transform 100
Transform: AffineTransform_float_3_3
Parameters: 1 3.77164e-05 8.9367e-05 -3.80845e-05 0.999998 0.002061 -8.92107e-05 -0.002061 0.999998 -0.0394773 0.109368 -0.100075
FixedParameters: 0 0 0

#Transform 101
Transform: AffineTransform_float_3_3
Parameters: 1 -0.000365532 -0.000423077 0.000366331 0.999998 0.00156984 0.000423239 -0.00157015 0.999998 0.00424997 0.120542 -0.133993
FixedParameters: 0 0 0

#Transform 102
Transform: AffineTransform_float_3_3
Parameters: 1 -0.000109663 -0.000259804 0.00010979 0.999998 0.00201597 0.000259752 -0.00201603 0.999998 -0.0180467 0.109781 -0.12278
FixedParameters: 0 0 0

#Transform 103
Transform: AffineTransform_float_3_3
Parameters: 1 -0.000135315 -0.000320615 0.000135714 0.999998 0.00205796 0.000320448 -0.00205804 0.999998 -0.0304033 0.111605 -0.102842
FixedParameters: 0 0 0

#Transform 104
Transform: AffineTransform_float_3_3
Parameters: 1 -0.000428261 -0.000396505 0.000428791 0.999999 0.00133483 0.000396672 -0.00133517 0.999999 -0.00718976 0.130649 -0.0902659
FixedParameters: 0 0 0

#Transform 105
Transform: AffineTransform_float_3_3
Parameters: 1 -0.000159486 -0.000377709 0.000159995 0.999998 0.00189294 0.000377495 -0.00189306 0.999998 -0.0126826 0.120096 -0.13662
FixedParameters: 0 0 0

#Transform 106
Transform: AffineTransform_float_3_3
Parameters: 1 -0.000206866 -0.000490133 0.000207953 0.999998 0.0020489 0.000489674 -0.0020491 0.999998 -0.0114533 0.116016 -0.109251
FixedParameters: 0 0 0

#Transform 107
Transform: AffineTransform_float_3_3
Parameters: 1 -0.000206978 -0.000490086 0.00020784 0.999999 0.0018189 0.000489722 -0.0018191 0.999998 -0.0181021 0.112641 -0.077444
FixedParameters: 0 0 0

#Transform 108
Transform: AffineTransform_float_3_3
Parameters: 1 -0.000247097 -4.3668e-06 0.000247116 0.999997 0.002516 3.12336e-06 -0.002516 0.999997 -0.0371439 0.130563 0.0448143
FixedParameters: 0 0 0

#Transform 109
Transform: AffineTransform_float_3_3
Parameters: 0.999999 -0.000656128 -0.000445884 0.000657272 0.999998 0.00187871 0.000444728 -0.00187929 0.999998 -0.016883 0.10763 -0.0698232
FixedParameters: 0 0 0

#Transform 110
Transform: AffineTransform_float_3_3
Parameters: 1 -0.000395913 -0.000463325 0.000396863 1 0.00102582 0.000462512 -0.00102618 1 -0.0214588 0.130588 -0.118253
FixedParameters: 0 0 0

#Transform 111
Transform: AffineTransform_float_3_3
Parameters: 1 -0.000482569 -0.000260692 0.000482835 0.999998 0.00152687 0.000260529 -0.00152713 0.999999 -0.0128334 0.138358 -0.112267
FixedParameters: 0 0 0

#Transform 112
Transform: AffineTransform_float_3_3
Parameters: 1 -0.000423548 -9.02003e-05 0.000424204 0.999999 0.00147496 8.98704e-05 -0.00147504 0.999999 -0.015948 0.128826 -0.121811
FixedParameters: 0 0 0

#Transform 113
Transform: AffineTransform_float_3_3
Parameters: 0.999999 -0.000558435 -0.000735635 0.000559275 0.999998 0.00155695 0.000735597 -0.00155705 0.999999 -0.00514785 0.134506 -0.155762
FixedParameters: 0 0 0

#Transform 114
Transform: AffineTransform_float_3_3
Parameters: 0.999999 -0.000347656 -0.000824719 0.000349913 0.999997 0.00248607 0.000823766 -0.00248593 0.999997 -0.00244183 0.12788 -0.233518
FixedParameters: 0 0 0

#Transform 115
Transform: AffineTransform_float_3_3
Parameters: 1 -0.000514561 -0.0003472 0.00051498 0.999998 0.00193282 0.0003456 -0.00193318 0.999998 -0.0140624 0.151636 -0.179162
FixedParameters: 0 0 0

#Transform 116
Transform: AffineTransform_float_3_3
Parameters: 1 -5.24441e-05 -0.000124397 5.3054e-05 0.999997 0.00245399 0.000124138 -0.00245401 0.999997 -0.0101395 0.138943 -0.204853
FixedParameters: 0 0 0

#Transform 117
Transform: AffineTransform_float_3_3
Parameters: 0.999999 -0.000692821 -0.000678896 0.000694597 0.999998 0.00169974 0.00067785 -0.00169926 0.999998 0.00943254 0.133245 -0.183593
FixedParameters: 0 0 0

#Transform 118
Transform: AffineTransform_float_3_3
Parameters: 0.999999 -0.00032574 -0.000771014 0.000327424 0.999998 0.00169011 0.000770301 -0.00168989 0.999998 -0.0135215 0.145919 -0.168377
FixedParameters: 0 0 0

#Transform 119
Transform: AffineTransform_float_3_3
Parameters: 0.999999 -0.000608192 -0.000692696 0.000608952 0.999999 0.000931785 0.000692874 -0.000931214 0.999999 0.0108519 0.139264 -0.131554
FixedParameters: 0 0 0

#Transform 120
Transform: AffineTransform_float_3_3
Parameters: 0.999999 -0.000840578 -0.00104209 0.000842128 0.999998 0.00188148 0.00104102 -0.00188252 0.999998 0.0256137 0.142973 -0.227516
FixedParameters: 0 0 0

#Transform 121
Transform: AffineTransform_float_3_3
Parameters: 0.999999 -0.000779983 -0.000206655 0.000780094 0.999998 0.00155384 0.000205542 -0.00155416 0.999999 0.0108983 0.134127 -0.209156
FixedParameters: 0 0 0

#Transform 122
Transform: AffineTransform_float_3_3
Parameters: 0.999999 0.000278884 0.000854702 -0.000281915 0.999993 0.00362112 -0.000852923 -0.00362088 0.999993 0.0272483 -0.0361331 -0.621635
FixedParameters: 0 0 0

#Transform 123
Transform: AffineTransform_float_3_3
Parameters: 0.999994 0.00290109 0.0014764 -0.00291118 0.999969 0.00740734 -0.00145457 -0.00741167 0.999972 0.212445 -0.250291 -1.66615
FixedParameters: 0 0 0

#Transform 124
Transform: AffineTransform_float_3_3
Parameters: 0.999999 0.000808966 -0.000206127 -0.00080769 0.999978 0.00647717 0.000210685 -0.00647683 0.999979 0.0461814 0.0943634 -1.23427
FixedParameters: 0 0 0

#Transform 125
Transform: AffineTransform_float_3_3
Parameters: 1 0.000623433 0.000285608 -0.000624906 0.999986 0.00538767 -0.000282816 -0.00538733 0.999986 -0.00904039 0.147334 -1.21479
FixedParameters: 0 0 0

#Transform 126
Transform: AffineTransform_float_3_3
Parameters: 0.999999 0.0010725 0.000744694 -0.0010783 0.999968 0.00792605 -0.000736685 -0.00792695 0.999968 -0.0286302 0.267567 -1.00089
FixedParameters: 0 0 0

#Transform 127
Transform: AffineTransform_float_3_3
Parameters: 0.999997 0.000975439 0.00199038 -0.000994712 0.999951 0.00985377 -0.00198048 -0.00985624 0.99995 -0.0743082 0.29943 -1.06704
FixedParameters: 0 0 0

#Transform 128
Transform: AffineTransform_float_3_3
Parameters: 0.999997 0.00112975 0.00207105 -0.00115408 0.999932 0.0116272 -0.00205781 -0.0116298 0.99993 -0.0881183 0.322511 -0.984765
FixedParameters: 0 0 0

#Transform 129
Transform: AffineTransform_float_3_3
Parameters: 0.999995 0.00103899 0.00296248 -0.00107229 0.999937 0.0112097 -0.00295064 -0.0112123 0.999933 -0.0901992 0.282935 -1.02271
FixedParameters: 0 0 0

#Transform 130
Transform: AffineTransform_float_3_3
Parameters: 0.999999 0.000314444 0.00145638 -0.000327406 0.999957 0.00928689 -0.00145313 -0.0092871 0.999955 -0.0702331 0.254862 -1.03457
FixedParameters: 0 0 0

#Transform 131
Transform: AffineTransform_float_3_3
Parameters: 0.999999 0.000130771 0.00156984 -0.000146435 0.99995 0.0100133 -0.00156832 -0.0100137 0.999948 -0.0719797 0.258217 -1.02885
FixedParameters: 0 0 0

#Transform 132
Transform: AffineTransform_float_3_3
Parameters: 1 0.000339274 0.000145438 -0.000340426 0.999954 0.00950995 -0.000142908 -0.00951004 0.999955 -0.00595014 0.183757 -1.27764
FixedParameters: 0 0 0

#Transform 133
Transform: AffineTransform_float_3_3
Parameters: 1 0.000339268 0.000145451 -0.000340432 0.999955 0.00954696 -0.000142895 -0.00954706 0.999955 -0.0193607 0.182118 -1.27053
FixedParameters: 0 0 0

#Transform 134
Transform: AffineTransform_float_3_3
Parameters: 1 -5.41184e-05 0.00026693 5.13366e-05 0.999956 0.00937601 -0.00026778 -0.00937599 0.999956 -0.0141515 0.250233 -1.07976
FixedParameters: 0 0 0

#Transform 135
Transform: AffineTransform_float_3_3
Parameters: 1 0.000253754 -6.14157e-05 -0.000252739 0.999949 0.0101497 6.34045e-05 -0.0101503 0.999948 -0.0139169 0.231462 -1.12472
FixedParameters: 0 0 0

#Transform 136
Transform: AffineTransform_float_3_3
Parameters: 1 0.000227857 -0.00012421 -0.000226415 0.999946 0.010441 0.000126192 -0.010441 0.999946 -0.0626801 0.206579 -1.23367
FixedParameters: 0 0 0

#Transform 137
Transform: AffineTransform_float_3_3
Parameters: 0.999999 -0.000625358 0.000395601 0.000621151 0.999951 0.00986025 -0.000401839 -0.00985976 0.999952 -0.0229067 0.242648 -1.184
FixedParameters: 0 0 0

#Transform 138
Transform: AffineTransform_float_3_3
Parameters: 0.999999 -0.000545053 0.000591661 0.000539856 0.999963 0.00867033 -0.000596717 -0.00866968 0.999962 -0.0208168 0.22419 -1.1993
FixedParameters: 0 0 0

#Transform 139
Transform: AffineTransform_float_3_3
Parameters: 0.999999 -0.000213161 0.00083172 0.000206495 0.999959 0.00904433 -0.000833648 -0.00904467 0.999959 -0.0405457 0.249552 -1.18481
FixedParameters: 0 0 0

#Transform 140
Transform: AffineTransform_float_3_3
Parameters: 0.999999 -0.000239695 0.00073265 0.000233503 0.999965 0.00842018 -0.000734906 -0.00841983 0.999965 -0.0315547 0.228104 -1.23896
FixedParameters: 0 0 0

#Transform 141
Transform: AffineTransform_float_3_3
Parameters: 1 -0.000363903 0.000603149 0.000358019 0.999962 0.00876486 -0.000606047 -0.00876514 0.999961 -0.028674 0.206871 -1.27581
FixedParameters: 0 0 0

#Transform 142
Transform: AffineTransform_float_3_3
Parameters: 0.999999 -0.000435578 0.00081613 0.000428976 0.999966 0.00828215 -0.000819721 -0.00828285 0.999965 -0.0434336 0.246337 -1.17631
FixedParameters: 0 0 0

#Transform 143
Transform: AffineTransform_float_3_3
Parameters: 1 -0.000345582 0.00026811 0.000343549 0.99997 0.00765209 -0.000271013 -0.0076519 0.99997 -0.012529 0.202545 -1.33206
FixedParameters: 0 0 0

#Transform 144
Transform: AffineTransform_float_3_3
Parameters: 1 7.62238e-05 0.00102111 -8.33276e-05 0.999976 0.00701692 -0.00102088 -0.00701708 0.999975 0.0305993 0.122824 -1.46841
FixedParameters: 0 0 0

#Transform 145
Transform: AffineTransform_float_3_3
Parameters: 0.999999 -0.000568358 0.00109492 0.000559956 0.999971 0.00759277 -0.00109939 -0.00759222 0.999971 0.00851185 0.180421 -1.36486
FixedParameters: 0 0 0

#Transform 146
Transform: AffineTransform_float_3_3
Parameters: 1 -0.000469781 0.000414439 0.000466569 0.999977 0.00684583 -0.000417558 -0.00684616 0.999976 0.00601743 0.239953 -1.18497
FixedParameters: 0 0 0

#Transform 147
Transform: AffineTransform_float_3_3
Parameters: 1 -0.000648768 0.000901768 0.000642346 0.999969 0.00782574 -0.000906461 -0.00782526 0.999969 -0.00159413 0.246811 -1.20662
FixedParameters: 0 0 0

#Transform 148
Transform: AffineTransform_float_3_3
Parameters: 0.999999 -0.000749794 0.000658694 0.000745002 0.999967 0.00807065 -0.000664566 -0.00807036 0.999968 -0.0144939 0.238846 -1.20445
FixedParameters: 0 0 0

#Transform 149
Transform: AffineTransform_float_3_3
Parameters: 1 -0.000672316 2.42754e-05 0.000672066 0.999976 0.00691202 -2.81839e-05 -0.00691198 0.999976 0.0177238 0.239122 -1.19494
FixedParameters: 0 0 0

#Transform 150
Transform: AffineTransform_float_3_3
Parameters: 0.999999 -0.000923627 0.000240061 0.000921879 0.999973 0.00731922 -0.000246734 -0.00731877 0.999973 0.0284931 0.212578 -1.32382
FixedParameters: 0 0 0

#Transform 151
Transform: AffineTransform_float_3_3
Parameters: 1 -0.000497281 0.000479234 0.000493753 0.999967 0.00802123 -0.000482442 -0.00802076 0.999967 -0.00772395 0.240432 -1.26871
FixedParameters: 0 0 0

#Transform 152
Transform: AffineTransform_float_3_3
Parameters: 1 -0.000989575 -4.89444e-05 0.000990229 0.999971 0.0075116 4.16876e-05 -0.0075124 0.999972 0.0222147 0.258721 -1.22642
FixedParameters: 0 0 0

#Transform 153
Transform: AffineTransform_float_3_3
Parameters: 0.999999 -0.0008408 0.000439475 0.000837359 0.999964 0.00845037 -0.000446682 -0.00844963 0.999964 0.0245344 0.259164 -1.26053
FixedParameters: 0 0 0

#Transform 154
Transform: AffineTransform_float_3_3
Parameters: 1 -0.00089499 0.000577738 0.000889572 0.999963 0.00847652 -0.00058497 -0.00847548 0.999964 0.011975 0.293779 -1.1034
FixedParameters: 0 0 0

#Transform 155
Transform: AffineTransform_float_3_3
Parameters: 0.999999 -0.000886796 0.000328506 0.000884217 0.999963 0.00858029 -0.000336338 -0.0085797 0.999963 0.0131686 0.290304 -1.12221
FixedParameters: 0 0 0

#Transform 156
Transform: AffineTransform_float_3_3
Parameters: 1 -0.000980978 0.000101167 0.000980434 0.999962 0.00866111 -0.000110009 -0.0086609 0.999963 0.0207146 0.290207 -1.13945
FixedParameters: 0 0 0

#Transform 157
Transform: AffineTransform_float_3_3
Parameters: 0.999999 -0.000825448 0.000293749 0.000823735 0.999967 0.00815089 -0.000299828 -0.00815112 0.999967 0.0113551 0.277005 -1.08229
FixedParameters: 0 0 0

#Transform 158
Transform: AffineTransform_float_3_3
Parameters: 1 -0.00103934 0.000555814 0.00103473 0.999967 0.00807358 -0.000564664 -0.00807242 0.999968 0.0117943 0.302964 -1.04707
FixedParameters: 0 0 0

#Transform 159
Transform: AffineTransform_float_3_3
Parameters: 0.999999 -0.000916963 0.000255797 0.000914869 0.999965 0.00828288 -0.000263216 -0.00828312 0.999965 -0.00187261 0.300658 -1.0348
FixedParameters: 0 0 0

#Transform 160
Transform: AffineTransform_float_3_3
Parameters: 0.999999 -0.000846266 0.000426334 0.000842831 0.999962 0.00869636 -0.000434049 -0.00869564 0.999962 0.00698632 0.293514 -1.14907
FixedParameters: 0 0 0

#Transform 161
Transform: AffineTransform_float_3_3
Parameters: 0.999999 -0.000554129 0.000478401 0.000549823 0.999961 0.00882826 -0.000483406 -0.00882773 0.999961 -0.00569695 0.294775 -1.07565
FixedParameters: 0 0 0

#Transform 162
Transform: AffineTransform_float_3_3
Parameters: 1 -0.000635636 0.00072562 0.000628652 0.999963 0.00856746 -0.00073118 -0.00856654 0.999963 -0.000149008 0.303746 -1.08768
FixedParameters: 0 0 0

#Transform 163
Transform: AffineTransform_float_3_3
Parameters: 1 -0.000677763 0.00101116 0.000668735 0.99996 0.00890783 -0.00101721 -0.00890716 0.99996 0.00441353 0.262886 -1.20526
FixedParameters: 0 0 0

#Transform 164
Transform: AffineTransform_float_3_3
Parameters: 1 -0.000480593 0.00106378 0.000471295 0.999961 0.00885215 -0.00106758 -0.00885185 0.99996 -0.000899737 0.280765 -1.15336
FixedParameters: 0 0 0

#Transform 165
Transform: AffineTransform_float_3_3
Parameters: 0.999999 -0.000934863 0.0011617 0.000923867 0.999958 0.00909624 -0.00116991 -0.00909476 0.999958 -0.00084647 0.288092 -1.07616
FixedParameters: 0 0 0

#Transform 166
Transform: AffineTransform_float_3_3
Parameters: 0.999999 -0.00115819 0.00103967 0.00114968 0.999963 0.00851799 -0.00105023 -0.00851699 0.999963 0.0335259 0.271643 -1.14833
FixedParameters: 0 0 0

#Transform 167
Transform: AffineTransform_float_3_3
Parameters: 0.999999 -0.000817733 0.0011928 0.000806827 0.999962 0.00866612 -0.0011991 -0.00866487 0.999962 0.00927549 0.286975 -1.10179
FixedParameters: 0 0 0

#Transform 168
Transform: AffineTransform_float_3_3
Parameters: 0.999999 -0.000871842 0.00108252 0.000862247 0.999964 0.00833509 -0.00108972 -0.0083339 0.999965 0.00420604 0.294915 -1.04976
FixedParameters: 0 0 0

#Transform 169
Transform: AffineTransform_float_3_3
Parameters: 0.999999 -0.000908654 0.00109796 0.00090039 0.999965 0.00821015 -0.00110503 -0.00820885 0.999966 0.0147873 0.269558 -1.18878
FixedParameters: 0 0 0

#Transform 170
Transform: AffineTransform_float_3_3
Parameters: 0.999998 0.000196789 0.00160212 -0.000209927 0.999971 0.00762918 -0.00160055 -0.00762981 0.999969 0.0210249 0.256819 -1.14996
FixedParameters: 0 0 0

#Transform 171
Transform: AffineTransform_float_3_3
Parameters: 0.999999 -0.000531549 0.00166415 0.000517596 0.999962 0.00867317 -0.00166873 -0.00867281 0.999961 -0.0112592 0.349165 -0.885865
FixedParameters: 0 0 0

#Transform 172
Transform: AffineTransform_float_3_3
Parameters: 0.999999 -8.95413e-05 0.00148347 7.74002e-05 0.999966 0.00829428 -0.00148363 -0.00829472 0.999964 -0.0320949 0.336747 -0.801318
FixedParameters: 0 0 0

#Transform 173
Transform: AffineTransform_float_3_3
Parameters: 0.999999 -0.000381068 0.00172593 0.000369119 0.999975 0.00703031 -0.00172775 -0.00702969 0.999974 -0.0343413 0.339268 -0.782004
FixedParameters: 0 0 0

#Transform 174
Transform: AffineTransform_float_3_3
Parameters: 1 -0.000579334 0.000805482 0.000574677 0.999983 0.00580562 -0.000808751 -0.00580538 0.999983 0.00991235 0.347998 -0.804351
FixedParameters: 0 0 0

#Transform 175
Transform: AffineTransform_float_3_3
Parameters: 0.999999 -0.000247124 0.00135198 0.000238244 0.999977 0.00672548 -0.00135377 -0.00672552 0.999976 0.0567357 0.474419 0.286823
FixedParameters: 0 0 0

#Transform 176
Transform: AffineTransform_float_3_3
Parameters: 0.999993 0.00215015 0.00327931 -0.00221976 0.999771 0.021314 -0.00323291 -0.0213211 0.999768 -0.130725 0.685359 0.92483
FixedParameters: 0 0 0

#Transform 177
Transform: AffineTransform_float_3_3
Parameters: 0.999993 0.00238731 0.00306684 -0.0024455 0.999814 0.0191566 -0.00302078 -0.0191635 0.999812 -0.187314 0.572626 0.446137
FixedParameters: 0 0 0

#Transform 178
Transform: AffineTransform_float_3_3
Parameters: 0.999995 2.91944e-05 0.00308446 -5.65656e-05 0.999961 0.0088654 -0.00308334 -0.00886559 0.999956 -0.07316 0.256059 -1.17928
FixedParameters: 0 0 0

#Transform 179
Transform: AffineTransform_float_3_3
Parameters: 0.999992 -0.000797767 0.00375776 0.000751354 0.999925 0.0122201 -0.00376668 -0.0122169 0.999919 -0.0507477 0.455316 -1.06438
FixedParameters: 0 0 0
