#Insight Transform File V1.0
#Transform 0
Transform: AffineTransform_float_3_3
Parameters: 1 -0.00102546 -0.000484099 0.00102509 0.999999 -0.000934497 0.000484703 0.000933504 1 -0.0253347 0.0865859 0.349027
FixedParameters: 0 0 0

#Transform 1
Transform: AffineTransform_float_3_3
Parameters: 0.999999 0.000545537 -0.000514001 -0.000545512 1 2.52805e-05 0.000514029 -2.47197e-05 1 0.00361945 -0.00854094 -0.0704972
FixedParameters: 0 0 0

#Transform 2
Transform: AffineTransform_float_3_3
Parameters: 1 0.000951026 -0.000408393 -0.000951684 0.999998 -0.00128661 0.000406865 0.00128739 0.999999 -0.0275279 0.0226529 -0.090704
FixedParameters: 0 0 0

#Transform 3
Transform: AffineTransform_float_3_3
Parameters: 1 0.000937244 -0.000632717 -0.000937482 1 -0.000187766 0.000632365 0.000188233 1 -0.0284232 0.0286133 -0.0931692
FixedParameters: 0 0 0

#Transform 4
Transform: AffineTransform_float_3_3
Parameters: 1 0.000402132 -0.000286094 -0.000402399 1 -0.000467885 0.000285718 0.000468115 1 -0.013915 0.0259023 -0.102529
FixedParameters: 0 0 0

#Transform 5
Transform: AffineTransform_float_3_3
Parameters: 1 0.000351269 -0.000264906 -0.000352007 0.999999 -0.00139591 0.000263925 0.00139609 0.999999 -0.000874046 0.0281191 -0.133077
FixedParameters: 0 0 0

#Transform 6
Transform: AffineTransform_float_3_3
Parameters: 1 0.000127264 -0.000579162 -0.000127286 1 -0.00115093 0.000579399 0.00115107 0.999999 0.0111556 0.0275889 -0.096063
FixedParameters: 0 0 0

#Transform 7
Transform: AffineTransform_float_3_3
Parameters: 0.999999 0.000253916 -0.00069738 -0.000254613 0.999999 -0.00143982 0.000697178 0.00144018 0.999998 0.0126547 0.0283455 -0.151512
FixedParameters: 0 0 0

#Transform 8
Transform: AffineTransform_float_3_3
Parameters: 0.999999 8.6934e-05 -0.000716511 -8.79461e-05 0.999998 -0.00162094 0.000716757 0.00162106 0.999998 0.0208785 0.0166385 -0.176969
FixedParameters: 0 0 0

#Transform 9
Transform: AffineTransform_float_3_3
Parameters: 1 -4.06554e-05 -0.0010164 3.8831e-05 0.999999 -0.00135089 0.00101612 0.00135011 0.999999 0.0428628 0.0189862 -0.121438
FixedParameters: 0 0 0

#Transform 10
Transform: AffineTransform_float_3_3
Parameters: 0.999999 -1.19669e-05 -0.000948318 9.69125e-06 0.999999 -0.00168586 0.000947964 0.00168514 0.999999 0.0234966 0.0199277 -0.128287
FixedParameters: 0 0 0

#Transform 11
Transform: AffineTransform_float_3_3
Parameters: 0.999999 0.000280905 -0.000835136 -0.000281493 0.999999 -0.00168877 0.000834325 0.00168924 0.999998 0.00587755 0.0278563 -0.160465
FixedParameters: 0 0 0

#Transform 12
Transform: AffineTransform_float_3_3
Parameters: 0.999999 0.000345041 -0.000699624 -0.000346542 0.999998 -0.00201076 0.000698763 0.00201124 0.999997 -0.0148089 0.0355262 -0.142403
FixedParameters: 0 0 0

#Transform 13
Transform: AffineTransform_float_3_3
Parameters: 0.999999 0.000434174 -0.000611128 -0.000434586 0.999998 -0.00141058 0.000610433 0.00141042 0.999999 -0.0178194 0.0293619 -0.0982779
FixedParameters: 0 0 0

#Transform 14
Transform: AffineTransform_float_3_3
Parameters: 1 0.000189751 -0.000474721 -0.000190653 0.999998 -0.00233191 0.000474363 0.00233209 0.999997 -0.000240512 0.0354513 -0.176673
FixedParameters: 0 0 0

#Transform 15
Transform: AffineTransform_float_3_3
Parameters: 1 0.000294871 -0.000228904 -0.000295494 0.999999 -0.00136293 0.000228099 0.00136307 0.999999 -0.0164203 0.0371941 -0.0788971
FixedParameters: 0 0 0

#Transform 16
Transform: AffineTransform_float_3_3
Parameters: 1 0.000230741 -0.000651035 -0.000231637 0.999997 -0.00240385 0.000650063 0.00240415 0.999997 -0.000822808 0.0318223 -0.176116
FixedParameters: 0 0 0

#Transform 17
Transform: AffineTransform_float_3_3
Parameters: 1 9.44939e-05 -0.000699019 -9.56233e-05 0.999999 -0.00146693 0.000698349 0.00146707 0.999998 -0.00627279 0.0323145 -0.0932757
FixedParameters: 0 0 0

#Transform 18
Transform: AffineTransform_float_3_3
Parameters: 1 2.31033e-05 -0.000562222 -2.41285e-05 0.999998 -0.00207699 0.000562654 0.00207701 0.999997 0.0188814 0.018362 -0.215746
FixedParameters: 0 0 0

#Transform 19
Transform: AffineTransform_float_3_3
Parameters: 0.999999 -3.1617e-05 -0.000993376 2.92554e-05 0.999998 -0.00211567 0.000992724 0.00211633 0.999997 0.0211025 0.0456982 -0.163545
FixedParameters: 0 0 0

#Transform 20
Transform: AffineTransform_float_3_3
Parameters: 1 0.000305469 -0.000204044 -0.000305996 0.999999 -0.00129394 0.000203253 0.00129406 0.999999 -0.0131827 0.0430975 -0.0865135
FixedParameters: 0 0 0

#Transform 21
Transform: AffineTransform_float_3_3
Parameters: 1 5.23812e-05 -0.000574801 -5.3763e-05 0.999998 -0.00234197 0.000575082 0.00234203 0.999997 -0.000251645 0.0414745 -0.197114
FixedParameters: 0 0 0

#Transform 22
Transform: AffineTransform_float_3_3
Parameters: 1 7.59471e-05 -0.000382513 -7.74444e-05 0.999998 -0.00195797 0.000382213 0.00195803 0.999998 -0.00632759 0.0486069 -0.120896
FixedParameters: 0 0 0

#Transform 23
Transform: AffineTransform_float_3_3
Parameters: 1 0.000205948 -0.000436975 -0.000206496 0.999997 -0.00212791 0.000436627 0.00212809 0.999997 -0.0089149 0.0416328 -0.14194
FixedParameters: 0 0 0

#Transform 24
Transform: AffineTransform_float_3_3
Parameters: 1 2.142e-05 -0.000561431 -2.25187e-05 0.999999 -0.00179899 0.000560962 0.00179901 0.999998 -0.00434033 0.0354164 -0.129176
FixedParameters: 0 0 0

#Transform 25
Transform: AffineTransform_float_3_3
Parameters: 1 0.000132482 -0.000608962 -0.00013383 0.999997 -0.00218341 0.00060891 0.00218359 0.999998 -0.00812446 0.0329337 -0.15888
FixedParameters: 0 0 0

#Transform 26
Transform: AffineTransform_float_3_3
Parameters: 1 0.000132842 -0.000608883 -0.000133469 0.999998 -0.00159177 0.000608988 0.00159123 0.999998 -0.0119543 0.0354309 -0.11753
FixedParameters: 0 0 0

#Transform 27
Transform: AffineTransform_float_3_3
Parameters: 1 -3.58723e-05 -0.000537086 3.43314e-05 0.999998 -0.00229202 0.000536856 0.00229198 0.999997 0.0016326 0.0396875 -0.165042
FixedParameters: 0 0 0

#Transform 28
Transform: AffineTransform_float_3_3
Parameters: 1 6.26275e-05 -0.000307125 -6.34553e-05 0.999999 -0.00134798 0.000306955 0.00134802 0.999999 -0.00528937 0.0355009 -0.0892748
FixedParameters: 0 0 0

#Transform 29
Transform: AffineTransform_float_3_3
Parameters: 1 -0.00016563 -0.000481663 0.000164155 0.999997 -0.00248508 0.000482092 0.00248492 0.999997 0.00440937 0.0556723 -0.181535
FixedParameters: 0 0 0

#Transform 30
Transform: AffineTransform_float_3_3
Parameters: 1 -0.00018755 -0.000390736 0.000186722 0.999998 -0.00223708 0.000391183 0.00223693 0.999998 0.00469109 0.0454407 -0.150392
FixedParameters: 0 0 0

#Transform 31
Transform: AffineTransform_float_3_3
Parameters: 1 -0.000267452 -0.000438189 0.000266685 0.999998 -0.00192412 0.000438826 0.00192388 0.999998 0.0065867 0.0475384 -0.131773
FixedParameters: 0 0 0

#Transform 32
Transform: AffineTransform_float_3_3
Parameters: 1 -0.000102101 -0.000508798 0.000100655 0.999998 -0.00232505 0.000508879 0.00232495 0.999997 0.00303142 0.0451377 -0.16757
FixedParameters: 0 0 0

#Transform 33
Transform: AffineTransform_float_3_3
Parameters: 1 1.56902e-05 -0.000184983 -1.63183e-05 0.999998 -0.001698 0.000184929 0.001698 0.999998 -0.00353696 0.0471391 -0.10326
FixedParameters: 0 0 0

#Transform 34
Transform: AffineTransform_float_3_3
Parameters: 0.999999 -0.000281114 -0.000729191 0.000279889 0.999997 -0.00236821 0.000730658 0.0023678 0.999997 0.0260944 0.049527 -0.185701
FixedParameters: 0 0 0

#Transform 35
Transform: AffineTransform_float_3_3
Parameters: 1 -0.000220678 -0.000114582 0.000220241 0.999998 -0.00190203 0.000115421 0.00190198 0.999998 0.00486454 0.0537657 -0.103628
FixedParameters: 0 0 0

#Transform 36
Transform: AffineTransform_float_3_3
Parameters: 1 -1.4358e-05 -0.000267884 1.31968e-05 0.999997 -0.002167 0.000267944 0.00216699 0.999997 0.00429707 0.0508772 -0.134718
FixedParameters: 0 0 0

#Transform 37
Transform: AffineTransform_float_3_3
Parameters: 1 -0.000293033 -0.000283675 0.000291674 0.999997 -0.00238908 0.000285072 0.00238892 0.999997 0.01301 0.0464842 -0.154451
FixedParameters: 0 0 0

#Transform 38
Transform: AffineTransform_float_3_3
Parameters: 1 -0.000238017 -2.77966e-05 0.000237905 0.999998 -0.00198101 2.87394e-05 0.00198099 0.999998 0.00499953 0.0426618 -0.10781
FixedParameters: 0 0 0

#Transform 39
Transform: AffineTransform_float_3_3
Parameters: 1 -0.000609526 -0.00029233 0.000608155 0.999998 -0.00167418 0.000293448 0.00167382 0.999998 0.0314023 0.0411504 -0.102118
FixedParameters: 0 0 0

#Transform 40
Transform: AffineTransform_float_3_3
Parameters: 0.999999 -0.000509326 -0.000553415 0.000507353 0.999998 -0.00225928 0.000554401 0.00225872 0.999998 0.0297249 0.0394539 -0.153939
FixedParameters: 0 0 0

#Transform 41
Transform: AffineTransform_float_3_3
Parameters: 1 -0.000696923 -9.21211e-05 0.000696259 0.999998 -0.00147406 9.32541e-05 0.00147393 0.999999 0.0228936 0.0395561 -0.0791528
FixedParameters: 0 0 0

#Transform 42
Transform: AffineTransform_float_3_3
Parameters: 0.999999 -0.00123774 -0.000321963 0.0012366 0.999997 -0.00198155 0.000324634 0.00198145 0.999998 0.0807069 0.037701 -0.135113
FixedParameters: 0 0 0

#Transform 43
Transform: AffineTransform_float_3_3
Parameters: 0.999999 -0.000833474 -0.000434816 0.000832419 0.999998 -0.00181936 0.000436535 0.00181864 0.999999 0.0440636 0.0387407 -0.113416
FixedParameters: 0 0 0

#Transform 44
Transform: AffineTransform_float_3_3
Parameters: 0.999998 -0.0010747 -0.00158395 0.00106985 0.999995 -0.00285713 0.0015872 0.00285587 0.999995 0.0768383 0.0269579 -0.241017
FixedParameters: 0 0 0

#Transform 45
Transform: AffineTransform_float_3_3
Parameters: 0.999999 -0.000915531 -0.00101779 0.000912419 0.999995 -0.00314073 0.00102105 0.00314028 0.999995 0.035599 0.0327121 -0.2237
FixedParameters: 0 0 0

#Transform 46
Transform: AffineTransform_float_3_3
Parameters: 0.999998 -0.00150928 -0.0013021 0.00150411 0.99999 -0.00420391 0.00130796 0.00420209 0.99999 0.0803882 0.0366165 -0.357514
FixedParameters: 0 0 0

#Transform 47
Transform: AffineTransform_float_3_3
Parameters: 0.999999 -0.000893006 -5.80284e-05 0.000893281 0.999994 -0.00332906 6.0432e-05 0.00332895 0.999995 0.0251444 0.0331742 -0.1845
FixedParameters: 0 0 0

#Transform 48
Transform: AffineTransform_float_3_3
Parameters: 1 -0.000532873 -8.17905e-05 0.000532099 0.999985 -0.00546304 8.53767e-05 0.00546296 0.999985 0.0115322 0.020198 -0.280964
FixedParameters: 0 0 0

#Transform 49
Transform: AffineTransform_float_3_3
Parameters: 0.999999 -0.000691998 -0.000446348 0.000690585 0.999993 -0.00379146 0.000448577 0.00379154 0.999992 0.0267359 0.0318156 -0.259857
FixedParameters: 0 0 0

#Transform 50
Transform: AffineTransform_float_3_3
Parameters: 1 -0.000682693 -9.99649e-05 0.000682985 0.999992 -0.00379107 0.00010252 0.00379093 0.999993 0.0107435 0.039395 -0.211495
FixedParameters: 0 0 0

#Transform 51
Transform: AffineTransform_float_3_3
Parameters: 1 -0.000608237 -0.00025197 0.000607224 0.999996 -0.00304531 0.000254361 0.00304569 0.999995 0.000894013 0.0479189 -0.175351
FixedParameters: 0 0 0

#Transform 52
Transform: AffineTransform_float_3_3
Parameters: 0.999999 -0.000458249 -0.000609794 0.000456408 0.999994 -0.00345128 0.000610857 0.00345072 0.999994 0.017861 0.0535318 -0.213013
FixedParameters: 0 0 0

#Transform 53
Transform: AffineTransform_float_3_3
Parameters: 0.999999 -0.000693143 -0.000449163 0.000691785 0.999993 -0.00370746 0.000451285 0.00370754 0.999993 0.00846334 0.0553142 -0.222807
FixedParameters: 0 0 0

#Transform 54
Transform: AffineTransform_float_3_3
Parameters: 0.999998 -0.00223984 -0.000385458 0.00223805 0.999989 -0.00419554 0.000394926 0.00419447 0.999992 0.0677882 0.056666 -0.241069
FixedParameters: 0 0 0

#Transform 55
Transform: AffineTransform_float_3_3
Parameters: 0.999998 -0.00162186 -0.000938064 0.00161739 0.99999 -0.00426983 0.000944945 0.00426817 0.99999 0.0551646 0.0576387 -0.290389
FixedParameters: 0 0 0

#Transform 56
Transform: AffineTransform_float_3_3
Parameters: 0.999998 -0.00157208 -0.000486881 0.00156933 0.999992 -0.00363507 0.000492525 0.00363492 0.999993 0.027505 0.0705825 -0.201507
FixedParameters: 0 0 0

#Transform 57
Transform: AffineTransform_float_3_3
Parameters: 0.999999 -0.00144595 -0.000264555 0.00144528 0.999989 -0.0044839 0.000271353 0.0044831 0.99999 0.0429562 0.0712798 -0.263542
FixedParameters: 0 0 0

#Transform 58
Transform: AffineTransform_float_3_3
Parameters: 0.999999 -0.00153456 -0.000371139 0.00153294 0.999992 -0.00376473 0.000377833 0.00376427 0.999993 0.0298607 0.0602914 -0.240303
FixedParameters: 0 0 0

#Transform 59
Transform: AffineTransform_float_3_3
Parameters: 0.999999 -0.00151577 -0.000133714 0.00151503 0.99999 -0.00421672 0.000139798 0.00421628 0.999991 0.041376 0.0404582 -0.261786
FixedParameters: 0 0 0

#Transform 60
Transform: AffineTransform_float_3_3
Parameters: 0.999998 -0.00197958 -0.000598927 0.00197804 0.999991 -0.0039115 0.000606538 0.0039105 0.999993 0.0644643 0.0364406 -0.262991
FixedParameters: 0 0 0

#Transform 61
Transform: AffineTransform_float_3_3
Parameters: 0.999999 -0.00151648 -5.99798e-05 0.00151642 0.999991 -0.00383025 6.49022e-05 0.00383075 0.999993 0.038715 0.0412071 -0.233472
FixedParameters: 0 0 0

#Transform 62
Transform: AffineTransform_float_3_3
Parameters: 0.999999 -0.001805 -0.000281352 0.00180331 0.999991 -0.00370502 0.000288024 0.00370397 0.999993 0.0559014 0.0410649 -0.233853
FixedParameters: 0 0 0

#Transform 63
Transform: AffineTransform_float_3_3
Parameters: 0.999998 -0.00162778 0.000224379 0.00162859 0.999988 -0.00474151 -0.000217084 0.00474149 0.999988 0.0305882 0.0333375 -0.251583
FixedParameters: 0 0 0

#Transform 64
Transform: AffineTransform_float_3_3
Parameters: 0.999999 -0.00182061 -0.000263551 0.00181934 0.999985 -0.00511479 0.000272852 0.00511521 0.999987 0.0533141 0.0472762 -0.307863
FixedParameters: 0 0 0

#Transform 65
Transform: AffineTransform_float_3_3
Parameters: 0.999998 -0.00167847 2.96409e-05 0.00167872 0.99999 -0.00414947 -2.33259e-05 0.00414953 0.999992 0.0413912 0.0515852 -0.239645
FixedParameters: 0 0 0

#Transform 66
Transform: AffineTransform_float_3_3
Parameters: 0.999999 -0.00172842 -0.000413547 0.00172627 0.99999 -0.00418939 0.000420933 0.00418861 0.999991 0.0434019 0.0492502 -0.262064
FixedParameters: 0 0 0

#Transform 67
Transform: AffineTransform_float_3_3
Parameters: 0.999999 -0.00177488 -3.82887e-05 0.00177367 0.999991 -0.00386559 4.47807e-05 0.00386542 0.999993 0.0522115 0.0388445 -0.24834
FixedParameters: 0 0 0

#Transform 68
Transform: AffineTransform_float_3_3
Parameters: 0.999999 -0.00179142 -3.15083e-05 0.00179158 0.999992 -0.00368873 3.80308e-05 0.00368927 0.999993 0.0363739 0.0553822 -0.204535
FixedParameters: 0 0 0

#Transform 69
Transform: AffineTransform_float_3_3
Parameters: 0.999998 -0.0019978 -0.000529937 0.00199561 0.999987 -0.00465737 0.000539747 0.00465663 0.999989 0.0657228 0.0518313 -0.295689
FixedParameters: 0 0 0

#Transform 70
Transform: AffineTransform_float_3_3
Parameters: 0.999998 -0.00203222 7.1559e-05 0.00203274 0.999992 -0.00359353 -6.45652e-05 0.00359447 0.999994 0.0549748 0.0599608 -0.191578
FixedParameters: 0 0 0

#Transform 71
Transform: AffineTransform_float_3_3
Parameters: 0.999999 -0.00180247 -2.54435e-05 0.00180185 0.999988 -0.00442956 3.28727e-05 0.00442943 0.99999 0.0450984 0.0614995 -0.264279
FixedParameters: 0 0 0

#Transform 72
Transform: AffineTransform_float_3_3
Parameters: 0.999999 -0.00178497 -3.5242e-05 0.00178462 0.999993 -0.00314258 4.10755e-05 0.00314242 0.999995 0.0260096 0.0618681 -0.173349
FixedParameters: 0 0 0

#Transform 73
Transform: AffineTransform_float_3_3
Parameters: 0.999999 -0.00178869 -3.12547e-05 0.00178801 0.999988 -0.00449157 3.87833e-05 0.00449142 0.99999 0.045827 0.0553928 -0.273825
FixedParameters: 0 0 0

#Transform 74
Transform: AffineTransform_float_3_3
Parameters: 0.999998 -0.00206328 -0.000124362 0.00206282 0.99999 -0.00396814 0.000131805 0.00396687 0.999992 0.0391454 0.0480854 -0.211274
FixedParameters: 0 0 0

#Transform 75
Transform: AffineTransform_float_3_3
Parameters: 0.999998 -0.00202944 7.09428e-05 0.0020296 0.99999 -0.00387238 -6.37603e-05 0.00387263 0.999993 0.0439522 0.0488382 -0.198816
FixedParameters: 0 0 0

#Transform 76
Transform: AffineTransform_float_3_3
Parameters: 0.999998 -0.00223408 -0.000184061 0.0022326 0.999989 -0.0043616 0.000193695 0.0043614 0.99999 0.049143 0.0581739 -0.237566
FixedParameters: 0 0 0

#Transform 77
Transform: AffineTransform_float_3_3
Parameters: 0.999998 -0.00205333 8.13122e-05 0.00205358 0.99999 -0.00392972 -7.37102e-05 0.00392929 0.999992 0.047367 0.0606376 -0.193865
FixedParameters: 0 0 0

#Transform 78
Transform: AffineTransform_float_3_3
Parameters: 0.999998 -0.00162697 -0.000101005 0.0016261 0.999989 -0.00433532 0.000107493 0.00433568 0.999991 0.0291705 0.0745349 -0.212687
FixedParameters: 0 0 0

#Transform 79
Transform: AffineTransform_float_3_3
Parameters: 0.999999 -0.00182064 -0.000152304 0.00181943 0.99999 -0.00397695 0.000159165 0.00397705 0.999992 0.0398401 0.0700616 -0.220615
FixedParameters: 0 0 0

#Transform 80
Transform: AffineTransform_float_3_3
Parameters: 0.999998 -0.0018962 1.27711e-05 0.00189668 0.999992 -0.00334549 -6.77719e-06 0.00334551 0.999995 0.0238975 0.0624615 -0.144467
FixedParameters: 0 0 0

#Transform 81
Transform: AffineTransform_float_3_3
Parameters: 0.999998 -0.00187827 -9.35413e-05 0.00187749 0.99999 -0.00413785 0.000101467 0.00413815 0.999991 0.0433384 0.0718889 -0.240622
FixedParameters: 0 0 0

#Transform 82
Transform: AffineTransform_float_3_3
Parameters: 0.999998 -0.00227971 9.857e-05 0.00228006 0.99999 -0.00373566 -9.0073e-05 0.00373534 0.999993 0.0576599 0.0696363 -0.184528
FixedParameters: 0 0 0

#Transform 83
Transform: AffineTransform_float_3_3
Parameters: 0.999998 -0.00231313 -0.000304458 0.00231146 0.999988 -0.00444954 0.000314797 0.00444947 0.99999 0.0699211 0.0671248 -0.264823
FixedParameters: 0 0 0

#Transform 84
Transform: AffineTransform_float_3_3
Parameters: 0.999998 -0.00192112 -0.000119353 0.00192099 0.999989 -0.0043569 0.000128087 0.0043571 0.99999 0.0297856 0.0738774 -0.245336
FixedParameters: 0 0 0

#Transform 85
Transform: AffineTransform_float_3_3
Parameters: 0.999999 -0.00182588 4.04823e-05 0.0018255 0.999985 -0.0052136 -3.09006e-05 0.0052144 0.999986 0.0425945 0.0642044 -0.292062
FixedParameters: 0 0 0

#Transform 86
Transform: AffineTransform_float_3_3
Parameters: 0.999998 -0.00188319 2.10584e-05 0.00188282 0.999992 -0.00377099 -1.31612e-05 0.00377101 0.999992 0.0194123 0.0693116 -0.155213
FixedParameters: 0 0 0

#Transform 87
Transform: AffineTransform_float_3_3
Parameters: 0.999998 -0.00170444 3.12439e-05 0.00170473 0.999986 -0.00492546 -2.20676e-05 0.00492553 0.999988 0.0329322 0.0717359 -0.271047
FixedParameters: 0 0 0

#Transform 88
Transform: AffineTransform_float_3_3
Parameters: 0.999999 -0.00141879 0.000125174 0.00141934 0.999989 -0.00432634 -0.000119199 0.00432666 0.99999 0.00702564 0.0738423 -0.186668
FixedParameters: 0 0 0

#Transform 89
Transform: AffineTransform_float_3_3
Parameters: 0.999999 -0.00179034 0.000462402 0.00179344 0.99998 -0.0060719 -0.000451548 0.0060721 0.999981 0.0199139 0.0649729 -0.327403
FixedParameters: 0 0 0

#Transform 90
Transform: AffineTransform_float_3_3
Parameters: 0.999999 -0.00148155 0.000122302 0.00148248 0.999984 -0.00545334 -0.000114674 0.00545366 0.999985 0.0134653 0.07829 -0.235762
FixedParameters: 0 0 0

#Transform 91
Transform: AffineTransform_float_3_3
Parameters: 0.999998 -0.00195489 5.78985e-05 0.00195488 0.999982 -0.00574556 -4.71212e-05 0.00574644 0.999983 0.036328 0.0609021 -0.282667
FixedParameters: 0 0 0

#Transform 92
Transform: AffineTransform_float_3_3
Parameters: 0.999999 -0.00174035 0.000106032 0.00174169 0.999981 -0.00584333 -9.55318e-05 0.00584366 0.999983 0.0222718 0.0514507 -0.251751
FixedParameters: 0 0 0

#Transform 93
Transform: AffineTransform_float_3_3
Parameters: 0.999998 -0.0020002 5.17776e-05 0.00200013 0.99998 -0.00598178 -3.95379e-05 0.00598122 0.999982 0.0378045 0.0502536 -0.301126
FixedParameters: 0 0 0

#Transform 94
Transform: AffineTransform_float_3_3
Parameters: 0.999997 -0.00222346 -8.02568e-05 0.0022224 0.999982 -0.00563822 9.23231e-05 0.00563778 0.999984 0.0269059 0.0629494 -0.238897
FixedParameters: 0 0 0

#Transform 95
Transform: AffineTransform_float_3_3
Parameters: 0.999998 -0.00210423 -6.5389e-05 0.00210458 0.999979 -0.00608766 7.85405e-05 0.00608733 0.999982 0.0410623 0.0843324 -0.306333
FixedParameters: 0 0 0

#Transform 96
Transform: AffineTransform_float_3_3
Parameters: 0.999999 -0.00176703 3.91666e-05 0.00176759 0.999982 -0.00586481 -2.82851e-05 0.00586419 0.999983 0.0030368 0.0722765 -0.234443
FixedParameters: 0 0 0

#Transform 97
Transform: AffineTransform_float_3_3
Parameters: 0.999999 -0.00176057 -4.27962e-05 0.00176061 0.999977 -0.0066786 5.51541e-05 0.00667841 0.999978 0.0334972 0.0703606 -0.30955
FixedParameters: 0 0 0

#Transform 98
Transform: AffineTransform_float_3_3
Parameters: 0.999998 -0.00189069 4.19554e-07 0.00189131 0.999979 -0.00611852 1.15622e-05 0.00611848 0.999981 0.0167164 0.0700764 -0.259918
FixedParameters: 0 0 0

#Transform 99
Transform: AffineTransform_float_3_3
Parameters: 0.999999 -0.00180542 -6.59906e-05 0.00180477 0.999976 -0.00662479 7.78292e-05 0.0066252 0.999978 0.01238 0.0622786 -0.302182
FixedParameters: 0 0 0

#Transform 100
Transform: AffineTransform_float_3_3
Parameters: 0.999999 -0.00186692 -4.301e-08 0.00186662 0.999979 -0.00611552 1.21078e-05 0.00611548 0.999981 0.0221361 0.0592948 -0.290749
FixedParameters: 0 0 0

#Transform 101
Transform: AffineTransform_float_3_3
Parameters: 0.999998 -0.00208903 0.000133458 0.00208952 0.99998 -0.00587825 -0.000121503 0.00587876 0.999983 0.0404668 0.0738901 -0.248761
FixedParameters: 0 0 0

#Transform 102
Transform: AffineTransform_float_3_3
Parameters: 0.999998 -0.00189641 -9.72158e-05 0.00189504 0.999982 -0.00558671 0.000107629 0.00558629 0.999985 0.00905725 0.0621761 -0.226915
FixedParameters: 0 0 0

#Transform 103
Transform: AffineTransform_float_3_3
Parameters: 0.999999 -0.00186209 -6.22932e-05 0.00186159 0.99998 -0.00597564 7.24651e-05 0.00597536 0.999982 0.0271749 0.0668558 -0.259509
FixedParameters: 0 0 0

#Transform 104
Transform: AffineTransform_float_3_3
Parameters: 0.999998 -0.00198292 5.199e-05 0.00198262 0.999986 -0.00491893 -4.19401e-05 0.00491907 0.999987 0.00484149 0.0748207 -0.188045
FixedParameters: 0 0 0

#Transform 105
Transform: AffineTransform_float_3_3
Parameters: 0.999997 -0.00213783 -7.35892e-05 0.00213724 0.999982 -0.00565019 8.56644e-05 0.0056498 0.999984 0.00371325 0.05874 -0.187121
FixedParameters: 0 0 0

#Transform 106
Transform: AffineTransform_float_3_3
Parameters: 0.999997 -0.0022431 -0.000120797 0.00224277 0.999975 -0.00662931 0.000135833 0.00662868 0.999978 0.0507193 0.0514257 -0.315495
FixedParameters: 0 0 0

#Transform 107
Transform: AffineTransform_float_3_3
Parameters: 0.999997 -0.00239125 -0.000257376 0.00238951 0.999981 -0.00560165 0.000271683 0.00560034 0.999984 0.0125292 0.0735746 -0.201124
FixedParameters: 0 0 0

#Transform 108
Transform: AffineTransform_float_3_3
Parameters: 0.999997 -0.00217408 -8.75928e-06 0.0021743 0.999975 -0.00674491 2.37764e-05 0.00674409 0.999977 0.0426297 0.0659402 -0.276655
FixedParameters: 0 0 0

#Transform 109
Transform: AffineTransform_float_3_3
Parameters: 0.999998 -0.00198477 2.48144e-05 0.00198438 0.999979 -0.00617699 -1.19851e-05 0.00617701 0.99998 0.0296455 0.0848602 -0.234688
FixedParameters: 0 0 0

#Transform 110
Transform: AffineTransform_float_3_3
Parameters: 0.999997 -0.00240469 -0.000122818 0.00240352 0.999978 -0.00617698 0.000138208 0.00617702 0.999981 0.0738789 0.0665344 -0.261037
FixedParameters: 0 0 0

#Transform 111
Transform: AffineTransform_float_3_3
Parameters: 0.999997 -0.00270798 -0.000234142 0.00270598 0.999975 -0.00641583 0.000251022 0.00641516 0.999979 0.0442106 0.0734852 -0.219917
FixedParameters: 0 0 0

#Transform 112
Transform: AffineTransform_float_3_3
Parameters: 0.999997 -0.00253013 -0.00022558 0.00252884 0.999981 -0.00569977 0.000239712 0.00569924 0.999984 0.0207546 0.0612664 -0.177271
FixedParameters: 0 0 0

#Transform 113
Transform: AffineTransform_float_3_3
Parameters: 0.999997 -0.00250116 -0.000214721 0.00249958 0.999982 -0.00544722 0.00022857 0.00544678 0.999986 0.0184697 0.0683551 -0.175661
FixedParameters: 0 0 0

#Transform 114
Transform: AffineTransform_float_3_3
Parameters: 0.999997 -0.00244539 -0.00014805 0.00244433 0.999976 -0.00649941 0.000164206 0.0064986 0.999979 0.0481167 0.0661646 -0.270082
FixedParameters: 0 0 0

#Transform 115
Transform: AffineTransform_float_3_3
Parameters: 0.999998 -0.00187788 -5.98737e-05 0.00187693 0.999977 -0.00654379 7.14458e-05 0.00654422 0.999979 0.00555983 0.0608951 -0.203592
FixedParameters: 0 0 0

#Transform 116
Transform: AffineTransform_float_3_3
Parameters: 0.999996 -0.00257255 -0.000277776 0.00257021 0.999974 -0.00670891 0.000295343 0.00670808 0.999977 0.0513603 0.0379357 -0.273442
FixedParameters: 0 0 0

#Transform 117
Transform: AffineTransform_float_3_3
Parameters: 0.999997 -0.00221232 -1.06987e-05 0.00221272 0.999964 -0.00824507 2.84094e-05 0.00824493 0.999966 0.0326809 0.0367138 -0.26863
FixedParameters: 0 0 0

#Transform 118
Transform: AffineTransform_float_3_3
Parameters: 0.999996 -0.00280318 -0.000278884 0.00280177 0.999973 -0.00689014 0.000297947 0.00688987 0.999976 0.0442443 0.0601288 -0.244299
FixedParameters: 0 0 0

#Transform 119
Transform: AffineTransform_float_3_3
Parameters: 0.999997 -0.00269156 -0.000460357 0.00268826 0.99997 -0.00722544 0.000479277 0.00722356 0.999974 0.0519509 0.0643124 -0.251962
FixedParameters: 0 0 0

#Transform 120
Transform: AffineTransform_float_3_3
Parameters: 0.999997 -0.00235643 -0.000160972 0.00235514 0.999975 -0.00670258 0.000176929 0.00670243 0.999977 0.0178843 0.0732617 -0.166623
FixedParameters: 0 0 0

#Transform 121
Transform: AffineTransform_float_3_3
Parameters: 0.999998 -0.00218323 -0.00055565 0.00217896 0.999974 -0.00697405 0.000571508 0.00697295 0.999975 0.0200778 0.0708097 -0.226257
FixedParameters: 0 0 0

#Transform 122
Transform: AffineTransform_float_3_3
Parameters: 0.999997 -0.0022223 -0.000220187 0.00222035 0.999979 -0.00613168 0.000234037 0.00613132 0.999981 0.0186312 0.0553743 -0.193345
FixedParameters: 0 0 0

#Transform 123
Transform: AffineTransform_float_3_3
Parameters: 0.999998 -0.00231235 -0.000180289 0.00231124 0.999976 -0.00658746 0.000196043 0.00658654 0.999978 0.0404478 0.0561678 -0.2269
FixedParameters: 0 0 0

#Transform 124
Transform: AffineTransform_float_3_3
Parameters: 0.999998 -0.0022939 -0.000189446 0.00229235 0.999979 -0.00605511 0.000203825 0.00605488 0.999982 0.0203261 0.0677602 -0.187193
FixedParameters: 0 0 0

#Transform 125
Transform: AffineTransform_float_3_3
Parameters: 0.999997 -0.00211602 -0.000264408 0.00211398 0.999974 -0.00696224 0.000280077 0.00696176 0.999976 0.0294546 0.04989 -0.276969
FixedParameters: 0 0 0

#Transform 126
Transform: AffineTransform_float_3_3
Parameters: 0.999997 -0.00220927 -0.000405949 0.00220661 0.999977 -0.00646173 0.000420311 0.00646128 0.999979 -0.00567517 0.0681147 -0.181295
FixedParameters: 0 0 0

#Transform 127
Transform: AffineTransform_float_3_3
Parameters: 0.999996 -0.0025611 -7.3159e-05 0.00256063 0.999976 -0.00643138 8.95571e-05 0.00643161 0.999979 0.0443182 0.0627785 -0.245955
FixedParameters: 0 0 0

#Transform 128
Transform: AffineTransform_float_3_3
Parameters: 0.999996 -0.00288717 -0.000256994 0.00288548 0.999977 -0.00600394 0.000274717 0.00600305 0.999982 -0.0163056 0.0553871 -0.129888
FixedParameters: 0 0 0

#Transform 129
Transform: AffineTransform_float_3_3
Parameters: 0.999997 -0.00238614 -0.000888206 0.00237894 0.999968 -0.0076316 0.0009066 0.00762941 0.999971 -0.0100593 0.0563648 -0.109395
FixedParameters: 0 0 0

#Transform 130
Transform: AffineTransform_float_3_3
Parameters: 0.999997 -0.00214996 -0.000538454 0.00214525 0.99996 -0.00867664 0.000556305 0.00867637 0.999962 0.029019 0.0599886 -0.252201
FixedParameters: 0 0 0

#Transform 131
Transform: AffineTransform_float_3_3
Parameters: 0.999999 -0.00171269 -0.00072996 0.00170762 0.999969 -0.00767056 0.000742692 0.00766943 0.99997 0.00178416 0.0676492 -0.213254
FixedParameters: 0 0 0

#Transform 132
Transform: AffineTransform_float_3_3
Parameters: 0.999998 -0.00218904 -0.000738657 0.00218434 0.99997 -0.00740194 0.00075529 0.00740007 0.999973 -0.000683366 0.0587847 -0.190567
FixedParameters: 0 0 0

#Transform 133
Transform: AffineTransform_float_3_3
Parameters: 0.999998 -0.00223585 -0.000502366 0.00223188 0.999965 -0.00805496 0.000520247 0.00805404 0.999967 0.0308688 0.059049 -0.245179
FixedParameters: 0 0 0

#Transform 134
Transform: AffineTransform_float_3_3
Parameters: 0.999997 -0.00223332 -0.000757206 0.00222726 0.999964 -0.00819117 0.000775775 0.00818983 0.999966 0.0116885 0.058114 -0.235535
FixedParameters: 0 0 0

#Transform 135
Transform: AffineTransform_float_3_3
Parameters: 0.999997 -0.00220823 -0.000514741 0.00220427 0.999967 -0.00785998 0.000531316 0.00785903 0.999969 0.00169855 0.0516711 -0.221076
FixedParameters: 0 0 0

#Transform 136
Transform: AffineTransform_float_3_3
Parameters: 0.999997 -0.00204907 -0.00058235 0.0020431 0.99996 -0.00865787 0.000599671 0.00865612 0.999962 0.0109134 0.0521915 -0.286854
FixedParameters: 0 0 0

#Transform 137
Transform: AffineTransform_float_3_3
Parameters: 0.999996 -0.00239497 -0.000915893 0.00238818 0.999968 -0.00767882 0.000934262 0.00767718 0.99997 -0.024641 0.0557999 -0.165923
FixedParameters: 0 0 0

#Transform 138
Transform: AffineTransform_float_3_3
Parameters: 0.999997 -0.00204705 -0.000583777 0.00204274 0.999963 -0.00835052 0.000600351 0.00834948 0.999965 0.0111692 0.0456749 -0.266629
FixedParameters: 0 0 0

#Transform 139
Transform: AffineTransform_float_3_3
Parameters: 0.999998 -0.00220955 -0.000723094 0.00220334 0.999965 -0.00805108 0.000741044 0.00804993 0.999968 -0.0182069 0.0568307 -0.20147
FixedParameters: 0 0 0

#Transform 140
Transform: AffineTransform_float_3_3
Parameters: 0.999998 -0.00197564 -0.000614438 0.00196963 0.999962 -0.00856054 0.000631025 0.00855947 0.999964 0.000455293 0.0624587 -0.262094
FixedParameters: 0 0 0

#Transform 141
Transform: AffineTransform_float_3_3
Parameters: 0.999998 -0.00192159 -0.000637785 0.00191545 0.999961 -0.00864891 0.000654703 0.0086471 0.999962 -0.00866799 0.0611242 -0.23412
FixedParameters: 0 0 0

#Transform 142
Transform: AffineTransform_float_3_3
Parameters: 0.999997 -0.00218297 -0.000524104 0.00217851 0.99996 -0.00867547 0.000542523 0.00867453 0.999963 -0.00495542 0.0585611 -0.224343
FixedParameters: 0 0 0

#Transform 143
Transform: AffineTransform_float_3_3
Parameters: 0.999997 -0.00207338 -0.000573189 0.00206795 0.999966 -0.00788451 0.000589046 0.00788349 0.999969 0.00380504 0.0710046 -0.211766
FixedParameters: 0 0 0

#Transform 144
Transform: AffineTransform_float_3_3
Parameters: 0.999998 -0.00200575 -0.00060181 0.00200121 0.999964 -0.00829789 0.000617481 0.00829611 0.999965 -0.0119553 0.0986904 -0.16515
FixedParameters: 0 0 0

#Transform 145
Transform: AffineTransform_float_3_3
Parameters: 0.999998 -0.00200612 -0.000600569 0.00200044 0.999959 -0.00891668 0.000617798 0.00891633 0.99996 -0.00389102 0.0833106 -0.216045
FixedParameters: 0 0 0

#Transform 146
Transform: AffineTransform_float_3_3
Parameters: 0.999997 -0.00237361 -0.000854381 0.00236742 0.999963 -0.00818551 0.000873516 0.00818349 0.999966 -0.0167797 0.0708625 -0.202682
FixedParameters: 0 0 0

#Transform 147
Transform: AffineTransform_float_3_3
Parameters: 0.999998 -0.00197813 -0.000614088 0.00197306 0.999965 -0.00813253 0.000629955 0.00813146 0.999967 -0.01438 0.0734336 -0.196758
FixedParameters: 0 0 0

#Transform 148
Transform: AffineTransform_float_3_3
Parameters: 0.999997 -0.00199824 -0.00073642 0.00199226 0.99996 -0.00863579 0.000753833 0.0086342 0.999962 -0.0069583 0.0779638 -0.242578
FixedParameters: 0 0 0

#Transform 149
Transform: AffineTransform_float_3_3
Parameters: 0.999997 -0.00204915 -0.000653609 0.00204396 0.999962 -0.00842102 0.000671419 0.00841898 0.999964 -0.0187628 0.0927643 -0.174965
FixedParameters: 0 0 0

#Transform 150
Transform: AffineTransform_float_3_3
Parameters: 0.999997 -0.00206718 -0.000735093 0.00206054 0.999962 -0.00846999 0.000753398 0.008469 0.999964 0.00137176 0.0928838 -0.239681
FixedParameters: 0 0 0

#Transform 151
Transform: AffineTransform_float_3_3
Parameters: 0.999999 -0.00147859 -0.000441092 0.00147509 0.999968 -0.00779781 0.000451793 0.00779719 0.99997 -0.0182077 0.088248 -0.155192
FixedParameters: 0 0 0

#Transform 152
Transform: AffineTransform_float_3_3
Parameters: 0.999999 -0.00170883 -0.00068008 0.00170328 0.999967 -0.00790132 0.000693926 0.00789967 0.999969 -0.0099774 0.0894039 -0.20346
FixedParameters: 0 0 0

#Transform 153
Transform: AffineTransform_float_3_3
Parameters: 0.999998 -0.00159605 -0.000459651 0.00159227 0.999973 -0.0072039 0.000471598 0.00720311 0.999975 -0.0280328 0.076059 -0.202684
FixedParameters: 0 0 0

#Transform 154
Transform: AffineTransform_float_3_3
Parameters: 1 -0.00105429 -0.000281373 0.001052 0.999966 -0.00821745 0.000288974 0.00821755 0.999966 -0.00763283 0.103132 -0.282701
FixedParameters: 0 0 0

#Transform 155
Transform: AffineTransform_float_3_3
Parameters: 0.999998 -0.00174956 -0.000663572 0.00174433 0.999968 -0.00785233 0.000677893 0.00785068 0.99997 -0.0257254 0.0876267 -0.206146
FixedParameters: 0 0 0

#Transform 156
Transform: AffineTransform_float_3_3
Parameters: 0.999999 -0.001644 -0.000593884 0.00163858 0.999962 -0.0085923 0.000608056 0.00859171 0.999963 -0.012866 0.0805809 -0.268044
FixedParameters: 0 0 0

#Transform 157
Transform: AffineTransform_float_3_3
Parameters: 0.999999 -0.0017452 -0.000670772 0.00173933 0.999966 -0.00795133 0.000684443 0.00794966 0.999968 -0.0435138 0.0706837 -0.221354
FixedParameters: 0 0 0

#Transform 158
Transform: AffineTransform_float_3_3
Parameters: 0.999999 -0.00144855 -0.00035334 0.0014452 0.999965 -0.00818667 0.00036509 0.00818633 0.999966 -0.0205845 0.0752791 -0.273411
FixedParameters: 0 0 0

#Transform 159
Transform: AffineTransform_float_3_3
Parameters: 0.999999 -0.0017274 -0.000569527 0.00172225 0.999967 -0.00792514 0.000583222 0.00792385 0.999969 -0.0310171 0.0726442 -0.228546
FixedParameters: 0 0 0

#Transform 160
Transform: AffineTransform_float_3_3
Parameters: 0.999999 -0.00163222 -0.000658473 0.00162629 0.999966 -0.00815439 0.000671011 0.00815361 0.999966 -0.0287582 0.0711094 -0.257824
FixedParameters: 0 0 0

#Transform 161
Transform: AffineTransform_float_3_3
Parameters: 0.999999 -0.00163917 -0.00069295 0.00163381 0.999961 -0.0086513 0.000706449 0.0086497 0.999962 -0.0281525 0.0729556 -0.264535
FixedParameters: 0 0 0

#Transform 162
Transform: AffineTransform_float_3_3
Parameters: 0.999998 -0.00158517 -0.000294297 0.00158289 0.999967 -0.00799899 0.000307697 0.00799801 0.999968 -0.0385962 0.0759988 -0.199387
FixedParameters: 0 0 0

#Transform 163
Transform: AffineTransform_float_3_3
Parameters: 0.999999 -0.00166687 -0.000460576 0.00166364 0.999961 -0.00869729 0.000475508 0.00869571 0.999962 -0.0219349 0.0673821 -0.277742
FixedParameters: 0 0 0

#Transform 164
Transform: AffineTransform_float_3_3
Parameters: 0.999999 -0.00137051 -0.00038745 0.00136715 0.999967 -0.00799805 0.000398325 0.00799695 0.999968 -0.0599163 0.0684055 -0.23479
FixedParameters: 0 0 0

#Transform 165
Transform: AffineTransform_float_3_3
Parameters: 0.999999 -0.00133204 -0.000403973 0.0013296 0.999966 -0.0081457 0.000415164 0.00814531 0.999967 -0.0714446 0.0728644 -0.247811
FixedParameters: 0 0 0

#Transform 166
Transform: AffineTransform_float_3_3
Parameters: 1 -0.0011028 -0.000503337 0.00109898 0.999965 -0.00831771 0.000512081 0.00831729 0.999965 -0.0641289 0.0757191 -0.254496
FixedParameters: 0 0 0

#Transform 167
Transform: AffineTransform_float_3_3
Parameters: 0.999999 -0.0012345 -0.000447018 0.00123054 0.999971 -0.0074697 0.000456643 0.00746929 0.999972 -0.0846913 0.08125 -0.177848
FixedParameters: 0 0 0

#Transform 168
Transform: AffineTransform_float_3_3
Parameters: 1 -0.00110279 -0.000503359 0.001099 0.999965 -0.00829772 0.000512059 0.00829729 0.999966 -0.0573641 0.0694948 -0.275868
FixedParameters: 0 0 0

#Transform 169
Transform: AffineTransform_float_3_3
Parameters: 0.999999 -0.00147236 -0.000252553 0.00147067 0.999966 -0.00816054 0.000264629 0.00816047 0.999967 -0.0720862 0.0955186 -0.222533
FixedParameters: 0 0 0

#Transform 170
Transform: AffineTransform_float_3_3
Parameters: 0.999999 -0.00149441 -0.000333439 0.00149139 0.999965 -0.00817866 0.000345919 0.00817834 0.999967 -0.0390377 0.0921811 -0.281955
FixedParameters: 0 0 0

#Transform 171
Transform: AffineTransform_float_3_3
Parameters: 0.999999 -0.00143519 -0.000360235 0.00143304 0.999965 -0.00818368 0.000372297 0.00818332 0.999967 -0.0686961 0.090148 -0.20555
FixedParameters: 0 0 0

#Transform 172
Transform: AffineTransform_float_3_3
Parameters: 0.999999 -0.00145179 -0.000420123 0.00144793 0.999962 -0.00857477 0.000432656 0.00857422 0.999963 -0.049757 0.0784974 -0.274958
FixedParameters: 0 0 0

#Transform 173
Transform: AffineTransform_float_3_3
Parameters: 0.999999 -0.0011151 -0.000531874 0.00111091 0.999965 -0.00822475 0.000540613 0.00822425 0.999966 -0.0647555 0.0708785 -0.248035
FixedParameters: 0 0 0

#Transform 174
Transform: AffineTransform_float_3_3
Parameters: 1 -0.00113184 -0.000246708 0.00113054 0.999966 -0.00812343 0.000256299 0.00812356 0.999967 -0.0574161 0.0795485 -0.240687
FixedParameters: 0 0 0

#Transform 175
Transform: AffineTransform_float_3_3
Parameters: 0.999999 -0.0012311 -0.000380502 0.00122837 0.999968 -0.00786162 0.000389738 0.00786137 0.999969 -0.0620097 0.0761092 -0.229655
FixedParameters: 0 0 0

#Transform 176
Transform: AffineTransform_float_3_3
Parameters: 0.999999 -0.00153577 -0.000279105 0.00153392 0.999969 -0.00769159 0.000290775 0.00769141 0.99997 -0.0408265 0.0723042 -0.21858
FixedParameters: 0 0 0

#Transform 177
Transform: AffineTransform_float_3_3
Parameters: 0.999998 -0.00168845 -0.000340467 0.00168531 0.999964 -0.0083739 0.000354548 0.00837411 0.999965 -0.0372819 0.0806443 -0.254328
FixedParameters: 0 0 0

#Transform 178
Transform: AffineTransform_float_3_3
Parameters: 0.999998 -0.00157349 -0.000418285 0.00156983 0.999967 -0.00792782 0.000429953 0.00792718 0.999969 -0.0584556 0.0766651 -0.174728
FixedParameters: 0 0 0

#Transform 179
Transform: AffineTransform_float_3_3
Parameters: 0.999999 -0.00129526 -0.000485627 0.00129084 0.999968 -0.00788779 0.000495926 0.00788722 0.999969 -0.0409373 0.0811516 -0.257341
FixedParameters: 0 0 0
