#Insight Transform File V1.0
#Transform 0
Transform: AffineTransform_float_3_3
Parameters: 1 -0.000300249 0.000496337 0.000300249 1 0.000926789 -0.000497284 -0.00092721 0.999999 -0.0323514 -0.182952 -0.283693
FixedParameters: 0 0 0

#Transform 1
Transform: AffineTransform_float_3_3
Parameters: 0.999999 0.000715236 4.15319e-05 -0.000714806 0.999999 -0.000474029 -4.12893e-05 0.00047397 1 0.00334828 0.0691831 -0.0635227
FixedParameters: 0 0 0

#Transform 2
Transform: AffineTransform_float_3_3
Parameters: 1 0.000464777 -0.000356071 -0.000464981 1 -0.000285834 0.000355805 0.000286165 1 0.0194469 0.0901425 -0.0275392
FixedParameters: 0 0 0

#Transform 3
Transform: AffineTransform_float_3_3
Parameters: 1 -0.000134258 0.000118844 0.000134171 1 0.000366016 -0.000118942 -0.000365984 1 0.0336848 0.0807536 -0.0374529
FixedParameters: 0 0 0

#Transform 4
Transform: AffineTransform_float_3_3
Parameters: 1 -0.000555891 -0.00030207 0.00055537 0.999999 0.000662832 0.000301724 -0.000663167 0.999999 0.0772255 0.0882884 -0.0556029
FixedParameters: 0 0 0

#Transform 5
Transform: AffineTransform_float_3_3
Parameters: 0.999999 -0.000922222 -0.000418481 0.000921979 0.999999 0.000809615 0.000417378 -0.000810386 1 0.0821221 0.069605 -0.0211186
FixedParameters: 0 0 0

#Transform 6
Transform: AffineTransform_float_3_3
Parameters: 0.999999 -0.00133257 -0.000114505 0.00133323 0.999997 0.0017597 0.000112967 -0.0017593 0.999999 0.094489 0.0466015 0.0170885
FixedParameters: 0 0 0

#Transform 7
Transform: AffineTransform_float_3_3
Parameters: 0.999998 -0.00127539 -0.00139109 0.00127467 0.999999 -0.000258207 0.00139175 0.000256792 0.999999 0.0910724 0.109569 -0.0155552
FixedParameters: 0 0 0

#Transform 8
Transform: AffineTransform_float_3_3
Parameters: 0.999999 -0.000965178 -0.00152325 0.000966301 0.999999 0.00097189 0.00152215 -0.000974111 0.999999 0.103005 0.0855361 -0.0353968
FixedParameters: 0 0 0

#Transform 9
Transform: AffineTransform_float_3_3
Parameters: 0.999999 -0.000472842 -0.00123651 0.000473586 0.999999 0.000672774 0.00123626 -0.000673225 0.999999 0.0642936 0.0849059 -0.0373325
FixedParameters: 0 0 0

#Transform 10
Transform: AffineTransform_float_3_3
Parameters: 1 -6.78436e-05 -0.000592572 6.80225e-05 1 0.00015096 0.000592552 -0.00015104 1 0.0549417 0.102594 -0.0494572
FixedParameters: 0 0 0

#Transform 11
Transform: AffineTransform_float_3_3
Parameters: 1 -8.4967e-05 -0.000253989 8.50224e-05 1 0.000108978 0.000253971 -0.000109022 1 0.0697403 0.112635 -0.0859846
FixedParameters: 0 0 0

#Transform 12
Transform: AffineTransform_float_3_3
Parameters: 0.999999 -0.000660653 -0.000471927 0.000660178 1 -0.00106447 0.000472022 0.00106454 0.999999 0.0223679 0.103496 0.0214448
FixedParameters: 0 0 0

#Transform 13
Transform: AffineTransform_float_3_3
Parameters: 0.999999 -0.000779296 -0.00110552 0.000779406 0.999999 0.000465498 0.00110519 -0.000466502 0.999999 0.0562037 0.0719037 0.0272584
FixedParameters: 0 0 0

#Transform 14
Transform: AffineTransform_float_3_3
Parameters: 1 -1.65309e-05 -0.00110069 1.70717e-05 0.999999 0.000841494 0.00110013 -0.000841506 0.999999 0.066118 0.0729146 0.0191706
FixedParameters: 0 0 0

#Transform 15
Transform: AffineTransform_float_3_3
Parameters: 0.999999 0.000271364 -0.00121294 -0.000270546 0.999999 0.000716841 0.00121371 -0.000716159 0.999999 0.0509401 0.0710757 0.00316614
FixedParameters: 0 0 0

#Transform 16
Transform: AffineTransform_float_3_3
Parameters: 0.999999 -0.000463796 -0.00071796 0.000464824 0.999999 0.000716026 0.000717295 -0.000715973 1 0.0662534 0.0752759 0.010637
FixedParameters: 0 0 0

#Transform 17
Transform: AffineTransform_float_3_3
Parameters: 1 6.86364e-05 -0.00112713 -6.73322e-05 0.999999 0.000578589 0.00112721 -0.000578411 1 0.0876653 0.0605288 0.0173643
FixedParameters: 0 0 0

#Transform 18
Transform: AffineTransform_float_3_3
Parameters: 1 0.000324108 -0.00114052 -0.000323002 0.999999 0.00105952 0.00114067 -0.00105948 0.999999 0.0558601 0.0603973 0.00671473
FixedParameters: 0 0 0

#Transform 19
Transform: AffineTransform_float_3_3
Parameters: 0.999999 0.000143083 -0.000975005 -0.000142442 0.999999 0.000800652 0.000975624 -0.000800348 1 0.0566207 0.0748365 -0.0176558
FixedParameters: 0 0 0

#Transform 20
Transform: AffineTransform_float_3_3
Parameters: 0.999999 -0.000157242 -0.000737105 0.000156855 1 0.000361884 0.000737382 -0.000362116 0.999999 0.0572911 0.0827823 -0.0176637
FixedParameters: 0 0 0

#Transform 21
Transform: AffineTransform_float_3_3
Parameters: 1 -0.000266307 0.00116701 0.000264912 0.999999 0.00115946 -0.0011671 -0.00115954 0.999999 -0.00764364 0.073559 0.0230282
FixedParameters: 0 0 0

#Transform 22
Transform: AffineTransform_float_3_3
Parameters: 1 -0.000571862 0.00108218 0.000572108 1 0.000311412 -0.00108292 -0.000311588 0.999999 0.0373985 0.0843703 -0.0220011
FixedParameters: 0 0 0

#Transform 23
Transform: AffineTransform_float_3_3
Parameters: 0.999999 -0.000869848 -0.00018997 0.000870628 0.999999 0.00102584 0.000189105 -0.00102617 1 0.0574093 0.0918053 -0.0135236
FixedParameters: 0 0 0

#Transform 24
Transform: AffineTransform_float_3_3
Parameters: 1 -0.00104652 -0.000437454 0.00104756 1 0.00073939 0.000436826 -0.000739611 1 0.089453 0.1042 -0.0123746
FixedParameters: 0 0 0

#Transform 25
Transform: AffineTransform_float_3_3
Parameters: 0.999999 -0.00130096 -0.000705424 0.00130245 0.999997 0.00180993 0.000703333 -0.00181107 0.999998 0.127509 0.102672 -0.00571696
FixedParameters: 0 0 0

#Transform 26
Transform: AffineTransform_float_3_3
Parameters: 0.999999 -0.00124374 -0.000621113 0.00124509 0.999999 0.000779075 0.000620093 -0.000779925 1 0.102643 0.110158 -0.033637
FixedParameters: 0 0 0

#Transform 27
Transform: AffineTransform_float_3_3
Parameters: 1 -0.0011118 -0.000355318 0.00111127 1 0.000549093 0.000354487 -0.000549907 0.999999 0.0782683 0.109866 -0.0443023
FixedParameters: 0 0 0

#Transform 28
Transform: AffineTransform_float_3_3
Parameters: 1 -0.000158882 0.000124862 0.000159089 0.999999 0.000741019 -0.000124177 -0.00074098 0.999999 0.0470686 0.103409 -0.0119878
FixedParameters: 0 0 0

#Transform 29
Transform: AffineTransform_float_3_3
Parameters: 1 -9.06801e-05 9.60579e-05 9.06645e-05 1 8.10087e-05 -9.60726e-05 -8.09913e-05 1 0.044615 0.107867 -0.0441853
FixedParameters: 0 0 0

#Transform 30
Transform: AffineTransform_float_3_3
Parameters: 1 0.000431061 -0.000248642 -0.000431121 1 -0.000906253 0.000248782 0.000905748 0.999999 0.040043 0.135443 -0.123972
FixedParameters: 0 0 0

#Transform 31
Transform: AffineTransform_float_3_3
Parameters: 0.999999 0.000679658 -0.0013485 -0.000682021 0.999999 -0.00150693 0.0013479 0.00150807 0.999998 0.0461055 0.158502 -0.130541
FixedParameters: 0 0 0

#Transform 32
Transform: AffineTransform_float_3_3
Parameters: 0.999998 0.00189214 -0.000914453 -0.00189165 0.999998 0.000267011 0.00091546 -0.000264988 0.999999 -0.038445 0.0958352 -0.0721298
FixedParameters: 0 0 0

#Transform 33
Transform: AffineTransform_float_3_3
Parameters: 0.999998 0.0020206 0.000612296 -0.00202047 0.999997 -0.000536543 -0.00061315 0.000535456 1 -0.0814954 0.102461 -0.060284
FixedParameters: 0 0 0

#Transform 34
Transform: AffineTransform_float_3_3
Parameters: 0.999998 0.00154213 0.000390583 -0.00154219 0.999999 7.38857e-05 -0.000390353 -7.51147e-05 1 -0.054912 0.089651 -0.0693872
FixedParameters: 0 0 0

#Transform 35
Transform: AffineTransform_float_3_3
Parameters: 0.999998 0.00120605 0.00119586 -0.00120657 0.999999 5.47644e-05 -0.00119665 -5.62365e-05 0.999999 -0.0469874 0.0973279 -0.0773337
FixedParameters: 0 0 0

#Transform 36
Transform: AffineTransform_float_3_3
Parameters: 0.999998 0.00129043 0.00143687 -0.0012907 0.999999 -0.000227288 -0.00143707 0.000225712 0.999999 -0.065415 0.100812 -0.0845555
FixedParameters: 0 0 0

#Transform 37
Transform: AffineTransform_float_3_3
Parameters: 0.999998 0.00125002 0.00101121 -0.00125068 0.999999 0.000322943 -0.0010104 -0.000324057 0.999999 -0.0357781 0.0787257 -0.114414
FixedParameters: 0 0 0

#Transform 38
Transform: AffineTransform_float_3_3
Parameters: 0.999999 0.000594506 0.000899955 -0.000593622 0.999999 -0.00151318 -0.000900971 0.00151283 0.999999 0.00938719 0.143908 -0.184401
FixedParameters: 0 0 0

#Transform 39
Transform: AffineTransform_float_3_3
Parameters: 0.999999 0.000801378 0.000290942 -0.000800913 0.999998 -0.00170523 -0.000292363 0.00170477 0.999999 0.00765969 0.156216 -0.141985
FixedParameters: 0 0 0

#Transform 40
Transform: AffineTransform_float_3_3
Parameters: 0.999999 0.000768261 0.000214264 -0.000767856 1 -0.000940165 -0.000215708 0.000939835 1 0.00179384 0.135287 -0.121504
FixedParameters: 0 0 0

#Transform 41
Transform: AffineTransform_float_3_3
Parameters: 0.999999 0.000749852 0.000171036 -0.000749147 1 -0.000915282 -0.000171488 0.00091572 1 0.0237789 0.140623 -0.136894
FixedParameters: 0 0 0

#Transform 42
Transform: AffineTransform_float_3_3
Parameters: 0.999999 0.000925261 0.000987704 -0.000924579 0.999999 -0.000613706 -0.000987528 0.000613294 0.999999 -0.00284382 0.113395 -0.145965
FixedParameters: 0 0 0

#Transform 43
Transform: AffineTransform_float_3_3
Parameters: 1 0.000897847 0.000520482 -0.000897717 1 -0.00012462 -0.000520705 0.00012438 0.999999 -0.00116608 0.101314 -0.127774
FixedParameters: 0 0 0

#Transform 44
Transform: AffineTransform_float_3_3
Parameters: 0.999999 0.000512054 0.000678867 -0.0005119 1 -0.000113347 -0.000678983 0.000112652 1 0.0135759 0.10832 -0.158952
FixedParameters: 0 0 0

#Transform 45
Transform: AffineTransform_float_3_3
Parameters: 1 0.00045389 0.000515503 -0.000453281 0.999999 -0.000591233 -0.000516039 0.000590765 0.999999 0.0242986 0.101558 -0.200651
FixedParameters: 0 0 0

#Transform 46
Transform: AffineTransform_float_3_3
Parameters: 0.999999 0.000837579 0.000377114 -0.000837777 0.999999 -0.000957317 -0.000378326 0.000956684 1 0.0149135 0.124076 -0.176672
FixedParameters: 0 0 0

#Transform 47
Transform: AffineTransform_float_3_3
Parameters: 0.999999 0.000713062 8.43859e-05 -0.000712479 0.999999 -0.00113406 -8.5082e-05 0.00113394 1 0.0182323 0.139485 -0.139712
FixedParameters: 0 0 0

#Transform 48
Transform: AffineTransform_float_3_3
Parameters: 0.999999 0.000837228 0.000376105 -0.000836957 0.999999 -0.00106332 -0.000376573 0.00106269 1 0.00641739 0.138516 -0.143209
FixedParameters: 0 0 0

#Transform 49
Transform: AffineTransform_float_3_3
Parameters: 0.999999 0.000544494 0.000735523 -0.000543673 0.999999 -0.00091904 -0.000735212 0.000918959 0.999999 0.0217414 0.124693 -0.199805
FixedParameters: 0 0 0

#Transform 50
Transform: AffineTransform_float_3_3
Parameters: 1 0.000438856 0.000456612 -0.000438917 0.999999 -0.000940841 -0.000457047 0.000941159 1 0.00475204 0.114955 -0.206735
FixedParameters: 0 0 0

#Transform 51
Transform: AffineTransform_float_3_3
Parameters: 0.999999 0.000752782 0.000281098 -0.000753595 0.999999 -0.000192212 -0.000280997 0.000191788 1 0.0103718 0.0899368 -0.245028
FixedParameters: 0 0 0

#Transform 52
Transform: AffineTransform_float_3_3
Parameters: 1 0.000323665 0.000575244 -0.000323368 1 -0.000258186 -0.000575411 0.000257814 1 0.00300789 0.114504 -0.210378
FixedParameters: 0 0 0

#Transform 53
Transform: AffineTransform_float_3_3
Parameters: 1 0.000315255 0.000429953 -0.000314928 1 -0.000380135 -0.000430192 0.000379864 1 0.0056522 0.106663 -0.209786
FixedParameters: 0 0 0

#Transform 54
Transform: AffineTransform_float_3_3
Parameters: 0.999999 0.000404113 0.000644092 -0.000402766 0.999999 -0.00175926 -0.000645121 0.00175874 0.999998 0.0111554 0.12386 -0.231645
FixedParameters: 0 0 0

#Transform 55
Transform: AffineTransform_float_3_3
Parameters: 1 0.000507827 0.000179489 -0.000507115 0.999999 -0.00089409 -0.000179476 0.000893908 0.999999 0.0150776 0.110729 -0.207371
FixedParameters: 0 0 0

#Transform 56
Transform: AffineTransform_float_3_3
Parameters: 1 0.000298964 0.00033042 -0.000298819 1 -0.000219251 -0.000330551 0.000219748 0.999999 0.0225053 0.138394 -0.165408
FixedParameters: 0 0 0

#Transform 57
Transform: AffineTransform_float_3_3
Parameters: 1 0.000341514 0.000465443 -0.000341603 1 -0.000891952 -0.000465662 0.000893048 0.999999 0.00626774 0.107418 -0.209394
FixedParameters: 0 0 0

#Transform 58
Transform: AffineTransform_float_3_3
Parameters: 1 0.000131466 8.98252e-05 -0.000131576 1 0.000611988 -8.96642e-05 -0.000612012 1 0.0127144 0.132949 -0.137382
FixedParameters: 0 0 0

#Transform 59
Transform: AffineTransform_float_3_3
Parameters: 1 0.000292916 -0.00045434 -0.00029245 1 0.000513133 0.00045464 -0.000512867 1 0.029491 0.112654 -0.154433
FixedParameters: 0 0 0

#Transform 60
Transform: AffineTransform_float_3_3
Parameters: 1 0.00011351 -0.000502669 -0.000112278 0.999997 0.00213906 0.000503543 -0.00213894 0.999997 0.0322996 0.0807802 -0.158961
FixedParameters: 0 0 0

#Transform 61
Transform: AffineTransform_float_3_3
Parameters: 0.999999 0.000659704 -0.000440602 -0.000658003 0.999996 0.00281129 0.000442465 -0.00281071 0.999996 0.0220989 0.0484327 -0.152227
FixedParameters: 0 0 0

#Transform 62
Transform: AffineTransform_float_3_3
Parameters: 0.999999 0.000729189 -0.000147065 -0.000729345 0.999998 0.00211675 0.000148312 -0.00211725 0.999998 0.0425286 0.0691841 -0.121395
FixedParameters: 0 0 0

#Transform 63
Transform: AffineTransform_float_3_3
Parameters: 0.999998 -0.000499351 -0.00155734 0.000503024 0.999997 0.00236158 0.00155654 -0.00236242 0.999996 0.102347 0.0827553 -0.111115
FixedParameters: 0 0 0

#Transform 64
Transform: AffineTransform_float_3_3
Parameters: 0.999999 0.000266182 -0.00124495 -0.000264919 0.999999 0.00140369 0.00124555 -0.00140231 0.999998 0.0560449 0.0988197 -0.142779
FixedParameters: 0 0 0

#Transform 65
Transform: AffineTransform_float_3_3
Parameters: 0.999999 0.000923575 0.000296516 -0.00092423 0.999999 0.00110873 -0.000294467 -0.00110927 1 0.00897719 0.100881 -0.129827
FixedParameters: 0 0 0

#Transform 66
Transform: AffineTransform_float_3_3
Parameters: 0.999999 0.000532907 -0.000665842 -0.000530966 0.999999 0.00175036 0.000666783 -0.00174965 0.999998 0.0511954 0.093961 -0.15523
FixedParameters: 0 0 0

#Transform 67
Transform: AffineTransform_float_3_3
Parameters: 0.999999 0.000605237 -0.000542904 -0.000604583 1 0.000962329 0.000543147 -0.000961672 1 0.041355 0.0949329 -0.193101
FixedParameters: 0 0 0

#Transform 68
Transform: AffineTransform_float_3_3
Parameters: 1 0.000436535 -0.000940119 -0.000436085 0.999999 0.000239563 0.000940328 -0.000239437 0.999999 0.0319937 0.126349 -0.132101
FixedParameters: 0 0 0

#Transform 69
Transform: AffineTransform_float_3_3
Parameters: 1 0.000651453 -0.000977388 -0.000650672 0.999999 0.00086979 0.000978911 -0.000869211 1 0.0325179 0.129656 -0.150469
FixedParameters: 0 0 0

#Transform 70
Transform: AffineTransform_float_3_3
Parameters: 1 0.000312885 -0.000273912 -0.000312724 1 0.000294086 0.000274096 -0.000293914 1 0.0274181 0.153758 -0.174537
FixedParameters: 0 0 0

#Transform 71
Transform: AffineTransform_float_3_3
Parameters: 0.999999 0.000728784 0.000131521 -0.000729524 0.999999 0.0013309 -0.000130501 -0.0013311 0.999999 0.00105697 0.0859987 -0.220186
FixedParameters: 0 0 0

#Transform 72
Transform: AffineTransform_float_3_3
Parameters: 0.999999 0.000742259 -0.000165298 -0.000741346 0.999999 0.00115912 0.000165706 -0.00115888 1 0.0217637 0.10954 -0.21634
FixedParameters: 0 0 0

#Transform 73
Transform: AffineTransform_float_3_3
Parameters: 1 0.000619725 -0.000316348 -0.000619252 0.999998 0.00136435 0.000317118 -0.00136465 0.999999 -0.00438129 0.10064 -0.186527
FixedParameters: 0 0 0

#Transform 74
Transform: AffineTransform_float_3_3
Parameters: 1 0.000408516 -0.000286487 -0.000408234 0.999999 -0.00019073 0.000287252 0.00019027 1 0.0161199 0.117825 -0.21586
FixedParameters: 0 0 0

#Transform 75
Transform: AffineTransform_float_3_3
Parameters: 1 0.000482711 -0.000344778 -0.000482424 0.999999 0.000416319 0.00034518 -0.000416681 1 0.0244383 0.135486 -0.189383
FixedParameters: 0 0 0

#Transform 76
Transform: AffineTransform_float_3_3
Parameters: 1 0.00011891 0.00018311 -0.000119062 1 0.000415978 -0.000183011 -0.000416022 1 0.0140116 0.128297 -0.168355
FixedParameters: 0 0 0

#Transform 77
Transform: AffineTransform_float_3_3
Parameters: 0.999999 0.000394029 0.000845254 -0.000394126 1 0.000602027 -0.00084517 -0.000601974 1 0.0133432 0.136265 -0.171728
FixedParameters: 0 0 0

#Transform 78
Transform: AffineTransform_float_3_3
Parameters: 1 0.000263484 0.000309845 -0.000263405 0.999999 0.00135892 -0.00030952 -0.00135908 0.999999 0.0217193 0.113548 -0.146549
FixedParameters: 0 0 0

#Transform 79
Transform: AffineTransform_float_3_3
Parameters: 1 2.74061e-05 0.000528222 -2.77579e-05 1 0.000332985 -0.000528204 -0.000333014 1 0.0117887 0.133663 -0.162873
FixedParameters: 0 0 0

#Transform 80
Transform: AffineTransform_float_3_3
Parameters: 1 0.000152218 0.000663242 -0.000152282 1 4.7899e-05 -0.000663228 -4.8101e-05 1 0.0184543 0.138305 -0.181022
FixedParameters: 0 0 0

#Transform 81
Transform: AffineTransform_float_3_3
Parameters: 0.999999 1.53878e-05 0.000828616 -1.57652e-05 1 0.000783347 -0.000828983 -0.000782653 1 0.0226246 0.120455 -0.163589
FixedParameters: 0 0 0

#Transform 82
Transform: AffineTransform_float_3_3
Parameters: 0.999999 9.62997e-05 0.000795278 -9.7642e-05 0.999999 0.00142207 -0.000795393 -0.00142292 0.999999 0.0246887 0.113742 -0.199043
FixedParameters: 0 0 0

#Transform 83
Transform: AffineTransform_float_3_3
Parameters: 1 0.000139153 0.000495966 -0.000139588 0.999999 0.00136693 -0.000495976 -0.00136707 0.999999 0.0273834 0.112552 -0.156591
FixedParameters: 0 0 0

#Transform 84
Transform: AffineTransform_float_3_3
Parameters: 1 0.000449814 0.000453304 -0.000449912 1 0.000107796 -0.000453207 -0.000108204 1 0.00669225 0.133051 -0.162146
FixedParameters: 0 0 0

#Transform 85
Transform: AffineTransform_float_3_3
Parameters: 0.999999 0.000174766 0.000801182 -0.00017618 0.999999 0.00145686 -0.000801062 -0.00145714 0.999998 -0.00111057 0.112688 -0.174661
FixedParameters: 0 0 0

#Transform 86
Transform: AffineTransform_float_3_3
Parameters: 0.999999 0.00016775 0.000846469 -0.000169097 0.999999 0.00157122 -0.00084541 -0.00157078 0.999999 -0.000713719 0.106514 -0.167001
FixedParameters: 0 0 0

#Transform 87
Transform: AffineTransform_float_3_3
Parameters: 1 0.000183618 0.00101018 -0.000185181 0.999998 0.00168517 -0.00101034 -0.00168483 0.999998 0.0176136 0.127181 -0.181173
FixedParameters: 0 0 0

#Transform 88
Transform: AffineTransform_float_3_3
Parameters: 0.999999 0.000808115 0.00131018 -0.000812597 0.999994 0.0033203 -0.00130767 -0.0033217 0.999994 0.0165837 0.0930892 -0.169713
FixedParameters: 0 0 0

#Transform 89
Transform: AffineTransform_float_3_3
Parameters: 0.999999 0.000692066 0.0016779 -0.000701436 0.999983 0.00581556 -0.00167409 -0.00581645 0.999982 0.0171912 0.0564095 -0.106353
FixedParameters: 0 0 0

#Transform 90
Transform: AffineTransform_float_3_3
Parameters: 1 0.000410215 0.000816892 -0.000412938 0.999992 0.00392367 -0.000815224 -0.00392434 0.999992 0.0436177 0.0769323 -0.138846
FixedParameters: 0 0 0

#Transform 91
Transform: AffineTransform_float_3_3
Parameters: 0.999998 0.000825188 0.00137892 -0.000829581 0.999994 0.00326558 -0.00137547 -0.00326642 0.999994 0.0183054 0.0886561 -0.129183
FixedParameters: 0 0 0

#Transform 92
Transform: AffineTransform_float_3_3
Parameters: 0.999999 0.000976175 0.00145051 -0.000978264 0.999998 0.00185479 -0.00144936 -0.00185621 0.999997 -0.000357464 0.0878307 -0.196968
FixedParameters: 0 0 0

#Transform 93
Transform: AffineTransform_float_3_3
Parameters: 0.999998 0.000614994 0.00183521 -0.000619447 0.999996 0.00257459 -0.00183306 -0.00257541 0.999995 0.00804113 0.0897381 -0.15049
FixedParameters: 0 0 0

#Transform 94
Transform: AffineTransform_float_3_3
Parameters: 0.999999 0.000630102 0.00166281 -0.000634289 0.999997 0.00264331 -0.00166142 -0.00264469 0.999995 0.00749756 0.0991007 -0.137623
FixedParameters: 0 0 0

#Transform 95
Transform: AffineTransform_float_3_3
Parameters: 0.999999 0.000707298 0.00110065 -0.000710024 0.999998 0.00231643 -0.00109946 -0.00231657 0.999997 0.0104719 0.0998612 -0.158378
FixedParameters: 0 0 0

#Transform 96
Transform: AffineTransform_float_3_3
Parameters: 0.999999 0.00086979 0.00105597 -0.000871779 0.999998 0.00225193 -0.00105322 -0.00225307 0.999996 -0.00526799 0.0957014 -0.178571
FixedParameters: 0 0 0

#Transform 97
Transform: AffineTransform_float_3_3
Parameters: 0.999999 0.000777273 0.00108327 -0.000780277 0.999995 0.00290836 -0.00108122 -0.00290864 0.999995 0.00213029 0.0769886 -0.211842
FixedParameters: 0 0 0

#Transform 98
Transform: AffineTransform_float_3_3
Parameters: 0.999999 0.000984688 0.00152668 -0.000989975 0.999994 0.0034157 -0.0015232 -0.0034173 0.999992 0.00672458 0.0804999 -0.193324
FixedParameters: 0 0 0

#Transform 99
Transform: AffineTransform_float_3_3
Parameters: 0.999999 0.000784536 0.00113688 -0.000788795 0.999993 0.00373031 -0.00113389 -0.00373069 0.999992 0.0194333 0.0883539 -0.174862
FixedParameters: 0 0 0

#Transform 100
Transform: AffineTransform_float_3_3
Parameters: 0.999999 0.00134501 0.00123518 -0.0013498 0.999994 0.00333055 -0.00123092 -0.00333246 0.999994 0.0298479 0.0912174 -0.220603
FixedParameters: 0 0 0

#Transform 101
Transform: AffineTransform_float_3_3
Parameters: 1 0.0009792 0.000364616 -0.000980276 0.999996 0.00294049 -0.000361477 -0.00294051 0.999996 0.0216189 0.0931627 -0.185111
FixedParameters: 0 0 0

#Transform 102
Transform: AffineTransform_float_3_3
Parameters: 0.999999 0.000836226 0.00102145 -0.000839271 0.999996 0.00265315 -0.00101909 -0.00265485 0.999996 0.0102574 0.105598 -0.162542
FixedParameters: 0 0 0

#Transform 103
Transform: AffineTransform_float_3_3
Parameters: 0.999999 0.0011206 0.00070138 -0.00112358 0.999994 0.00326306 -0.00069799 -0.00326394 0.999995 0.0321478 0.0724585 -0.167524
FixedParameters: 0 0 0

#Transform 104
Transform: AffineTransform_float_3_3
Parameters: 0.999998 0.00126789 0.00104893 -0.00127037 0.999996 0.00257152 -0.00104581 -0.00257348 0.999996 0.0180936 0.103592 -0.16835
FixedParameters: 0 0 0

#Transform 105
Transform: AffineTransform_float_3_3
Parameters: 0.999999 0.000209167 0.000726754 -0.000211626 0.999995 0.00323021 -0.000725256 -0.00322979 0.999995 0.0186687 0.0783259 -0.153663
FixedParameters: 0 0 0

#Transform 106
Transform: AffineTransform_float_3_3
Parameters: 0.999999 0.000571091 0.000761015 -0.000573627 0.999996 0.00287993 -0.0007585 -0.00288008 0.999996 0.0268844 0.0924268 -0.162952
FixedParameters: 0 0 0

#Transform 107
Transform: AffineTransform_float_3_3
Parameters: 1 0.00028957 0.00118888 -0.000292679 0.999997 0.00246901 -0.00118862 -0.00246899 0.999996 0.0299043 0.101846 -0.192082
FixedParameters: 0 0 0

#Transform 108
Transform: AffineTransform_float_3_3
Parameters: 1 0.000178784 0.00114349 -0.000181083 0.999998 0.00198215 -0.00114264 -0.00198185 0.999998 0.0152193 0.104653 -0.184906
FixedParameters: 0 0 0

#Transform 109
Transform: AffineTransform_float_3_3
Parameters: 0.999999 0.000203458 0.00127097 -0.00020634 0.999999 0.0018581 -0.00127099 -0.0018579 0.999998 -0.00503131 0.124086 -0.187794
FixedParameters: 0 0 0

#Transform 110
Transform: AffineTransform_float_3_3
Parameters: 0.999997 0.000315458 0.00215336 -0.000321426 0.999996 0.00285019 -0.00215205 -0.00285081 0.999993 0.0235195 0.0883371 -0.185568
FixedParameters: 0 0 0

#Transform 111
Transform: AffineTransform_float_3_3
Parameters: 0.999999 0.00053028 0.00169713 -0.000535862 0.999994 0.00338846 -0.00169494 -0.00338954 0.999992 0.0184528 0.0772369 -0.262406
FixedParameters: 0 0 0

#Transform 112
Transform: AffineTransform_float_3_3
Parameters: 0.999999 0.000727042 0.000990571 -0.000730042 0.999995 0.00317864 -0.000988422 -0.00317936 0.999995 0.0135012 0.0834806 -0.274493
FixedParameters: 0 0 0

#Transform 113
Transform: AffineTransform_float_3_3
Parameters: 0.999999 0.00019362 0.000956874 -0.000196164 0.999996 0.00277181 -0.000956966 -0.00277219 0.999995 0.0339046 0.0995704 -0.23945
FixedParameters: 0 0 0

#Transform 114
Transform: AffineTransform_float_3_3
Parameters: 0.999999 0.000808918 0.00118502 -0.000812134 0.999995 0.0031364 -0.00118281 -0.0031376 0.999995 0.0150197 0.0849855 -0.249814
FixedParameters: 0 0 0

#Transform 115
Transform: AffineTransform_float_3_3
Parameters: 0.999999 0.000306603 0.00151688 -0.000311451 0.999995 0.00294104 -0.0015157 -0.00294195 0.999994 0.0117198 0.108082 -0.295348
FixedParameters: 0 0 0

#Transform 116
Transform: AffineTransform_float_3_3
Parameters: 0.999999 -7.49296e-05 0.00122622 7.11813e-05 0.999996 0.00281345 -0.00122688 -0.00281255 0.999995 0.0166241 0.115895 -0.238428
FixedParameters: 0 0 0

#Transform 117
Transform: AffineTransform_float_3_3
Parameters: 0.999998 -0.000174666 0.0016602 0.000168921 0.999993 0.0037458 -0.00166107 -0.0037452 0.999991 0.0078405 0.0880414 -0.272901
FixedParameters: 0 0 0

#Transform 118
Transform: AffineTransform_float_3_3
Parameters: 0.999999 -2.50733e-05 0.00127879 2.09515e-05 0.999995 0.00320339 -0.00127958 -0.00320261 0.999994 0.0207946 0.105707 -0.244406
FixedParameters: 0 0 0

#Transform 119
Transform: AffineTransform_float_3_3
Parameters: 0.999999 0.000205803 0.00147357 -0.000210602 0.999996 0.00301106 -0.00147296 -0.00301095 0.999995 0.0162392 0.109991 -0.245337
FixedParameters: 0 0 0

#Transform 120
Transform: AffineTransform_float_3_3
Parameters: 1 -8.66415e-05 9.83177e-05 8.6448e-05 0.999995 0.00297701 -9.79124e-05 -0.00297699 0.999995 0.00705219 0.097422 -0.250891
FixedParameters: 0 0 0

#Transform 121
Transform: AffineTransform_float_3_3
Parameters: 0.999999 0.000585105 0.00113001 -0.000593564 0.999969 0.00783333 -0.00112468 -0.00783466 0.999968 0.00712358 0.07109 -0.143793
FixedParameters: 0 0 0

#Transform 122
Transform: AffineTransform_float_3_3
Parameters: 0.999998 0.000805227 0.00153308 -0.000814733 0.999984 0.00568333 -0.00152831 -0.00568367 0.999983 -0.0259282 0.0493025 -0.238931
FixedParameters: 0 0 0

#Transform 123
Transform: AffineTransform_float_3_3
Parameters: 0.999999 0.000846713 0.00117541 -0.0008532 0.999985 0.00557022 -0.00117091 -0.0055708 0.999984 -0.0136184 0.0427441 -0.253191
FixedParameters: 0 0 0

#Transform 124
Transform: AffineTransform_float_3_3
Parameters: 1 0.00045049 0.00106137 -0.000456057 0.999986 0.00522952 -0.00105897 -0.00523048 0.999986 0.00641061 0.0716294 -0.262381
FixedParameters: 0 0 0

#Transform 125
Transform: AffineTransform_float_3_3
Parameters: 1 0.000175176 0.000656282 -0.000177694 0.999989 0.00472388 -0.000656178 -0.00472411 0.999988 0.0420673 0.0940237 -0.239349
FixedParameters: 0 0 0

#Transform 126
Transform: AffineTransform_float_3_3
Parameters: 0.999999 -7.80636e-05 0.000712838 7.48632e-05 0.999992 0.00380905 -0.000713282 -0.00380894 0.999992 0.024893 0.104734 -0.21294
FixedParameters: 0 0 0

#Transform 127
Transform: AffineTransform_float_3_3
Parameters: 0.999999 0.000115035 0.000912563 -0.000119456 0.999992 0.00415089 -0.000911841 -0.00415111 0.999991 0.00998775 0.103012 -0.246295
FixedParameters: 0 0 0

#Transform 128
Transform: AffineTransform_float_3_3
Parameters: 1 -2.74703e-05 0.00100351 2.22951e-05 0.999989 0.00480218 -0.00100348 -0.00480282 0.999988 0.0178012 0.0953801 -0.247175
FixedParameters: 0 0 0

#Transform 129
Transform: AffineTransform_float_3_3
Parameters: 1 0.000222222 0.00109315 -0.000226364 0.999991 0.00417975 -0.00109231 -0.00418024 0.99999 0.00926716 0.0941615 -0.238894
FixedParameters: 0 0 0

#Transform 130
Transform: AffineTransform_float_3_3
Parameters: 0.999999 0.000659755 0.00127979 -0.000670064 0.999972 0.00748551 -0.00127467 -0.00748649 0.999971 0.0219321 0.0138816 -0.337391
FixedParameters: 0 0 0

#Transform 131
Transform: AffineTransform_float_3_3
Parameters: 0.999999 0.000997339 0.00113922 -0.00100523 0.999975 0.00701107 -0.00113185 -0.00701193 0.999975 0.0104589 0.0397918 -0.273191
FixedParameters: 0 0 0

#Transform 132
Transform: AffineTransform_float_3_3
Parameters: 0.999999 0.00077465 0.000469996 -0.000778361 0.999981 0.00623164 -0.000465562 -0.00623237 0.999981 0.0319141 0.0291589 -0.275572
FixedParameters: 0 0 0

#Transform 133
Transform: AffineTransform_float_3_3
Parameters: 0.999999 0.00092496 0.00103786 -0.000931508 0.999981 0.00615325 -0.00103233 -0.00615375 0.999981 0.00891581 0.0522873 -0.301584
FixedParameters: 0 0 0

#Transform 134
Transform: AffineTransform_float_3_3
Parameters: 0.999999 0.000553334 0.000471132 -0.000555844 0.999984 0.00575974 -0.000468147 -0.00576026 0.999984 -0.00204409 0.056688 -0.272853
FixedParameters: 0 0 0

#Transform 135
Transform: AffineTransform_float_3_3
Parameters: 1 -4.71327e-05 1.43041e-05 4.69849e-05 0.999987 0.005083 -1.47825e-05 -0.005083 0.999987 0.0246489 0.0958912 -0.232489
FixedParameters: 0 0 0

#Transform 136
Transform: AffineTransform_float_3_3
Parameters: 1 6.9922e-05 0.000461861 -7.19698e-05 0.999989 0.00463697 -0.000461064 -0.00463703 0.999989 0.0200618 0.084265 -0.242109
FixedParameters: 0 0 0

#Transform 137
Transform: AffineTransform_float_3_3
Parameters: 0.999999 0.000275032 0.000809596 -0.000279253 0.999988 0.00488377 -0.000808452 -0.00488422 0.999987 0.00982273 0.0737407 -0.242734
FixedParameters: 0 0 0

#Transform 138
Transform: AffineTransform_float_3_3
Parameters: 0.999999 0.000114714 0.000876777 -0.000118844 0.999989 0.0046789 -0.000876326 -0.0046791 0.999988 0.0259729 0.0772744 -0.250504
FixedParameters: 0 0 0

#Transform 139
Transform: AffineTransform_float_3_3
Parameters: 0.999999 0.000127627 0.000871367 -0.000131705 0.999989 0.00467889 -0.000870796 -0.00467911 0.999988 0.0213787 0.064434 -0.218533
FixedParameters: 0 0 0

#Transform 140
Transform: AffineTransform_float_3_3
Parameters: 1 -0.000354947 0.000872427 0.000351106 0.999992 0.00392646 -0.000873219 -0.00392654 0.999992 0.0317786 0.105056 -0.22532
FixedParameters: 0 0 0

#Transform 141
Transform: AffineTransform_float_3_3
Parameters: 1 0.000495962 0.00033959 -0.000497786 0.999991 0.00425483 -0.000337984 -0.00425517 0.999991 0.0207656 0.0771452 -0.296124
FixedParameters: 0 0 0

#Transform 142
Transform: AffineTransform_float_3_3
Parameters: 1 -0.000215057 0.000376541 0.00021365 0.999992 0.00412608 -0.00037686 -0.00412592 0.999992 0.0194855 0.0896363 -0.265247
FixedParameters: 0 0 0

#Transform 143
Transform: AffineTransform_float_3_3
Parameters: 1 -0.000224096 0.000458404 0.000221986 0.999992 0.0041551 -0.000458807 -0.0041549 0.999992 0.0459838 0.101701 -0.258846
FixedParameters: 0 0 0

#Transform 144
Transform: AffineTransform_float_3_3
Parameters: 1 -9.97665e-05 0.000406747 9.92272e-05 0.999998 0.00227504 -0.00040667 -0.00227496 0.999998 0.029557 0.100371 -0.263108
FixedParameters: 0 0 0

#Transform 145
Transform: AffineTransform_float_3_3
Parameters: 1 -0.00032862 0.000337966 0.000327374 0.999995 0.0029989 -0.000338093 -0.0030001 0.999995 0.00942973 0.107079 -0.213241
FixedParameters: 0 0 0

#Transform 146
Transform: AffineTransform_float_3_3
Parameters: 0.999999 4.91214e-05 0.000707297 -5.14149e-05 0.999995 0.00319996 -0.000706836 -0.00320003 0.999994 0.0247557 0.116243 -0.164816
FixedParameters: 0 0 0

#Transform 147
Transform: AffineTransform_float_3_3
Parameters: 1 -0.00027828 0.000406504 0.000276558 0.999993 0.00372411 -0.000408041 -0.00372389 0.999993 0.0398683 0.101957 -0.248828
FixedParameters: 0 0 0

#Transform 148
Transform: AffineTransform_float_3_3
Parameters: 0.999997 0.0021787 0.000597692 -0.0021942 0.999616 0.0276141 -0.000536863 -0.0276159 0.999618 0.0869155 0.0249813 0.157462
FixedParameters: 0 0 0

#Transform 149
Transform: AffineTransform_float_3_3
Parameters: 1 0.000272045 -0.000375327 -0.000262631 0.999691 0.0248861 0.000381774 -0.0248859 0.99969 0.0111354 -0.028995 0.0498308
FixedParameters: 0 0 0

#Transform 150
Transform: AffineTransform_float_3_3
Parameters: 0.999999 -6.76096e-05 -0.00128996 7.6822e-05 0.999974 0.00723727 0.00128967 -0.00723673 0.999973 0.0722189 0.098358 -0.130503
FixedParameters: 0 0 0

#Transform 151
Transform: AffineTransform_float_3_3
Parameters: 1 0.000223932 -0.00117819 -0.000214662 0.999972 0.00749362 0.00117961 -0.00749238 0.999971 0.0501562 0.105839 -0.129378
FixedParameters: 0 0 0

#Transform 152
Transform: AffineTransform_float_3_3
Parameters: 0.999999 -0.000339119 -0.000839099 0.000346017 0.999964 0.00851207 0.000836393 -0.00851193 0.999964 0.0489927 0.0788201 -0.21901
FixedParameters: 0 0 0

#Transform 153
Transform: AffineTransform_float_3_3
Parameters: 0.999998 -0.00191757 0.000710164 0.00191472 0.99999 0.00418465 -0.000718834 -0.00418335 0.999991 0.0637692 0.120438 -0.00180661
FixedParameters: 0 0 0

#Transform 154
Transform: AffineTransform_float_3_3
Parameters: 0.999991 -0.00160805 0.00374866 0.0016163 0.999996 -0.00214895 -0.0037449 0.00215405 0.999991 0.0891813 0.220596 -0.41713
FixedParameters: 0 0 0

#Transform 155
Transform: AffineTransform_float_3_3
Parameters: 0.999998 -0.00161047 0.00160206 0.00161188 0.999998 -0.000681474 -0.0016017 0.000684527 0.999999 0.0782795 0.196921 -0.311409
FixedParameters: 0 0 0

#Transform 156
Transform: AffineTransform_float_3_3
Parameters: 0.999998 -0.00112573 0.00115285 0.00112447 0.999999 0.00111309 -0.00115482 -0.00111191 0.999999 0.0915379 0.193487 -0.317589
FixedParameters: 0 0 0

#Transform 157
Transform: AffineTransform_float_3_3
Parameters: 0.999997 -0.00143561 0.00163745 0.00143326 0.999998 0.00135594 -0.00163896 -0.00135406 0.999998 0.0940057 0.221189 -0.303847
FixedParameters: 0 0 0

#Transform 158
Transform: AffineTransform_float_3_3
Parameters: 0.999994 -0.00207703 0.00285337 0.00206962 0.999994 0.00265361 -0.00285895 -0.00264739 0.999992 0.150092 0.199265 -0.279453
FixedParameters: 0 0 0

#Transform 159
Transform: AffineTransform_float_3_3
Parameters: 0.999995 -0.00175898 0.00278277 0.00174759 0.999991 0.00397393 -0.00278931 -0.00396907 0.999989 0.169082 0.166214 -0.338835
FixedParameters: 0 0 0

#Transform 160
Transform: AffineTransform_float_3_3
Parameters: 0.999996 -0.00178609 0.00187923 0.00177869 0.99999 0.00422558 -0.00188704 -0.00422242 0.999989 0.173734 0.157282 -0.395155
FixedParameters: 0 0 0

#Transform 161
Transform: AffineTransform_float_3_3
Parameters: 0.999997 -0.00199573 0.00146774 0.00198967 0.999988 0.00445501 -0.00147654 -0.00445199 0.999989 0.175612 0.137642 -0.446939
FixedParameters: 0 0 0

#Transform 162
Transform: AffineTransform_float_3_3
Parameters: 0.999996 -0.00261392 0.000818245 0.00261034 0.999987 0.00445356 -0.00083007 -0.00445144 0.99999 0.214182 0.169003 -0.3368
FixedParameters: 0 0 0

#Transform 163
Transform: AffineTransform_float_3_3
Parameters: 0.999992 -0.00381088 0.00117299 0.0038067 0.999983 0.00435868 -0.00118922 -0.00435333 0.99999 0.270837 0.182153 -0.305299
FixedParameters: 0 0 0

#Transform 164
Transform: AffineTransform_float_3_3
Parameters: 0.999992 -0.00402091 -6.37555e-05 0.00402179 0.999986 0.0034747 4.97272e-05 -0.0034753 0.999994 0.272545 0.218669 -0.327137
FixedParameters: 0 0 0

#Transform 165
Transform: AffineTransform_float_3_3
Parameters: 0.999994 -0.00364197 -0.000176148 0.00364282 0.999987 0.00340118 0.000163448 -0.00340182 0.999994 0.248794 0.213987 -0.325651
FixedParameters: 0 0 0

#Transform 166
Transform: AffineTransform_float_3_3
Parameters: 0.999993 -0.00353863 -5.88662e-05 0.00353912 0.999986 0.00396661 4.37918e-05 -0.00396638 0.999992 0.228656 0.215508 -0.318901
FixedParameters: 0 0 0

#Transform 167
Transform: AffineTransform_float_3_3
Parameters: 0.999996 -0.00288073 -0.000115766 0.00288135 0.999972 0.00695416 9.66996e-05 -0.00695485 0.999976 0.238571 0.140067 -0.317682
FixedParameters: 0 0 0

#Transform 168
Transform: AffineTransform_float_3_3
Parameters: 0.999994 -0.00329781 0.000128922 0.00329713 0.999981 0.00514256 -0.000145765 -0.00514244 0.999987 0.215352 0.183699 -0.30764
FixedParameters: 0 0 0

#Transform 169
Transform: AffineTransform_float_3_3
Parameters: 0.999995 -0.00312764 -0.000331738 0.00312915 0.999975 0.0063293 0.000311688 -0.0063307 0.99998 0.232903 0.167873 -0.317146
FixedParameters: 0 0 0

#Transform 170
Transform: AffineTransform_float_3_3
Parameters: 0.999992 -0.00404427 -2.8906e-05 0.00404492 0.999978 0.00533721 7.26947e-06 -0.00533679 0.999986 0.273323 0.202174 -0.277698
FixedParameters: 0 0 0

#Transform 171
Transform: AffineTransform_float_3_3
Parameters: 0.999991 -0.00418328 -0.000103187 0.00418325 0.999972 0.00616439 7.70801e-05 -0.0061646 0.99998 0.267545 0.195974 -0.253118
FixedParameters: 0 0 0

#Transform 172
Transform: AffineTransform_float_3_3
Parameters: 0.999991 -0.00409793 -0.00107798 0.0041056 0.999967 0.00698354 0.0010498 -0.00698746 0.999975 0.302367 0.185879 -0.304579
FixedParameters: 0 0 0

#Transform 173
Transform: AffineTransform_float_3_3
Parameters: 0.999993 -0.00372734 -0.00114027 0.00373571 0.999968 0.00701437 0.00111388 -0.00701863 0.999975 0.280401 0.196205 -0.250581
FixedParameters: 0 0 0

#Transform 174
Transform: AffineTransform_float_3_3
Parameters: 0.999994 -0.00322386 -0.00109449 0.00323159 0.99997 0.00712023 0.00107134 -0.00712377 0.999974 0.285947 0.183624 -0.2951
FixedParameters: 0 0 0

#Transform 175
Transform: AffineTransform_float_3_3
Parameters: 0.999992 -0.00412423 -0.000304013 0.00412655 0.999966 0.00714093 0.000274102 -0.00714205 0.999974 0.2564 0.195537 -0.254162
FixedParameters: 0 0 0

#Transform 176
Transform: AffineTransform_float_3_3
Parameters: 0.999992 -0.00412571 -0.000445283 0.00412881 0.999969 0.00659071 0.000418045 -0.00659229 0.999978 0.28759 0.183064 -0.291291
FixedParameters: 0 0 0

#Transform 177
Transform: AffineTransform_float_3_3
Parameters: 0.999992 -0.00412237 -0.000279166 0.0041232 0.999973 0.00615204 0.000253374 -0.00615297 0.999981 0.269175 0.182142 -0.331574
FixedParameters: 0 0 0

#Transform 178
Transform: AffineTransform_float_3_3
Parameters: 0.999991 -0.00413061 -0.000716603 0.00413544 0.999968 0.00696544 0.000688277 -0.00696857 0.999976 0.268986 0.165126 -0.409842
FixedParameters: 0 0 0

#Transform 179
Transform: AffineTransform_float_3_3
Parameters: 0.999992 -0.00387788 -0.000923234 0.00388422 0.999969 0.00685217 0.000896535 -0.00685583 0.999976 0.284634 0.177677 -0.33625
FixedParameters: 0 0 0
