# transform file /out/sourcedata/freesurfer/sub-v1s10x0051117_ses-1/mri/transforms/cc_up.lta
# created by oesteban on Thu Mar 12 09:41:01 2026

type      = 0 # LINEAR_VOX_TO_VOX
nxforms   = 1
mean      = 129.0000 130.0000 134.0000
sigma     = 10000.0000
1 4 4
9.985885620117188e-01 5.310424417257309e-02 -9.050014778040349e-04 -6.179293632507324e+00 
-5.310422182083130e-02 9.985889792442322e-01 4.812732731807046e-05 2.297729873657227e+01 
9.062803001143038e-04 0.000000000000000e+00 9.999995827674866e-01 -1.164317280054092e-01 
0.000000000000000e+00 0.000000000000000e+00 0.000000000000000e+00 1.000000000000000e+00 
src volume info
valid = 1  # volume info valid
filename = /out/sourcedata/freesurfer/sub-v1s10x0051117_ses-1/mri/norm.mgz
volume = 256 256 256
voxelsize = 1.000000000000000e+00 1.000000000000000e+00 1.000000000000000e+00
xras   = -1.000000000000000e+00 0.000000000000000e+00 0.000000000000000e+00
yras   = 0.000000000000000e+00 0.000000000000000e+00 -1.000000000000000e+00
zras   = 0.000000000000000e+00 1.000000000000000e+00 0.000000000000000e+00
cras   = 4.184002685546875e+01 3.757110595703125e+00 -7.716033935546875e+00
dst volume info
valid = 1  # volume info valid
filename = /out/sourcedata/freesurfer/sub-v1s10x0051117_ses-1/mri/norm.mgz
volume = 256 256 256
voxelsize = 1.000000000000000e+00 1.000000000000000e+00 1.000000000000000e+00
xras   = -1.000000000000000e+00 0.000000000000000e+00 0.000000000000000e+00
yras   = 0.000000000000000e+00 0.000000000000000e+00 -1.000000000000000e+00
zras   = 0.000000000000000e+00 1.000000000000000e+00 0.000000000000000e+00
cras   = 4.184002685546875e+01 3.757110595703125e+00 -7.716033935546875e+00
