#Insight Transform File V1.0
#Transform 0
Transform: AffineTransform_float_3_3
Parameters: 1 -9.62096e-05 -5.2571e-05 9.61848e-05 1 -0.000236005 5.26164e-05 0.000235995 1 0.0516315 0.0754853 0.369337
FixedParameters: 0 0 0

#Transform 1
Transform: AffineTransform_float_3_3
Parameters: 1 0.000248334 0.000112048 -0.000248544 0.999999 0.000936971 -0.000111583 -0.000937027 0.999999 -0.0192186 0.110663 -0.115389
FixedParameters: 0 0 0

#Transform 2
Transform: AffineTransform_float_3_3
Parameters: 0.999999 0.000557274 -0.00057205 -0.000555846 0.999999 0.00158796 0.000572897 -0.00158804 0.999998 -0.0238541 0.198179 -0.238473
FixedParameters: 0 0 0

#Transform 3
Transform: AffineTransform_float_3_3
Parameters: 0.999999 0.000701622 -0.000256145 -0.000701466 0.999998 0.00182818 0.000256868 -0.00182782 0.999999 -0.0120759 0.212575 -0.225479
FixedParameters: 0 0 0

#Transform 4
Transform: AffineTransform_float_3_3
Parameters: 1 0.000935763 -0.000408575 -0.000934921 0.999999 0.00150502 0.00041047 -0.00150498 0.999999 -0.0227112 0.191612 -0.197989
FixedParameters: 0 0 0

#Transform 5
Transform: AffineTransform_float_3_3
Parameters: 0.999999 0.000672995 -0.00028024 -0.000672617 0.999999 0.00136919 0.000281162 -0.00136881 0.999999 -0.0229944 0.211222 -0.186955
FixedParameters: 0 0 0

#Transform 6
Transform: AffineTransform_float_3_3
Parameters: 0.999999 0.000841425 -0.000441647 -0.000840664 0.999999 0.00130237 0.000442916 -0.00130163 0.999999 -0.0321701 0.220003 -0.192192
FixedParameters: 0 0 0

#Transform 7
Transform: AffineTransform_float_3_3
Parameters: 0.999999 0.000688157 -0.000496073 -0.00068797 0.999998 0.00150834 0.000497618 -0.00150766 0.999998 -0.0290974 0.20144 -0.201374
FixedParameters: 0 0 0

#Transform 8
Transform: AffineTransform_float_3_3
Parameters: 0.999999 0.000835567 -0.000327127 -0.000835355 0.999999 0.00151691 0.00032782 -0.00151709 0.999999 -0.0196302 0.192371 -0.208016
FixedParameters: 0 0 0

#Transform 9
Transform: AffineTransform_float_3_3
Parameters: 0.999999 0.000813071 -0.000334121 -0.000812991 0.999999 0.00128827 0.000334374 -0.00128773 0.999999 -0.0254145 0.198722 -0.194004
FixedParameters: 0 0 0

#Transform 10
Transform: AffineTransform_float_3_3
Parameters: 0.999999 0.000739059 -0.000242159 -0.000738908 0.999999 0.00111718 0.000242889 -0.00111682 1 -0.0209601 0.194632 -0.208657
FixedParameters: 0 0 0

#Transform 11
Transform: AffineTransform_float_3_3
Parameters: 1 0.000564099 -0.000188564 -0.000563957 0.999999 0.00141211 0.000189236 -0.00141189 0.999999 -0.0204429 0.200935 -0.212988
FixedParameters: 0 0 0

#Transform 12
Transform: AffineTransform_float_3_3
Parameters: 0.999999 0.000705516 -0.000136589 -0.000705541 0.999999 0.0013321 0.000137548 -0.0013319 0.999999 -0.0219908 0.198128 -0.212404
FixedParameters: 0 0 0

#Transform 13
Transform: AffineTransform_float_3_3
Parameters: 0.999999 0.000641897 -0.000399876 -0.000641515 1 0.000964897 0.000400194 -0.000965103 0.999999 -0.0240564 0.196318 -0.238021
FixedParameters: 0 0 0

#Transform 14
Transform: AffineTransform_float_3_3
Parameters: 0.999999 0.000693712 -0.000254368 -0.000693476 0.999999 0.00123118 0.000255155 -0.00123082 0.999999 -0.0181019 0.226953 -0.226693
FixedParameters: 0 0 0

#Transform 15
Transform: AffineTransform_float_3_3
Parameters: 0.999999 0.000751356 -0.000251564 -0.0007511 0.999999 0.00128219 0.000252569 -0.00128181 0.999999 -0.0109234 0.214205 -0.239633
FixedParameters: 0 0 0

#Transform 16
Transform: AffineTransform_float_3_3
Parameters: 1 0.000698164 -5.64889e-05 -0.000698027 0.999999 0.00119804 5.81615e-05 -0.00119796 1 -0.0146256 0.20232 -0.223978
FixedParameters: 0 0 0

#Transform 17
Transform: AffineTransform_float_3_3
Parameters: 1 0.000526526 -0.000161894 -0.000526499 0.999999 0.00128909 0.000162331 -0.00128892 0.999999 -0.0138715 0.21253 -0.200826
FixedParameters: 0 0 0

#Transform 18
Transform: AffineTransform_float_3_3
Parameters: 0.999999 0.000704095 0.000103988 -0.000703458 0.999999 0.00137093 -0.000102448 -0.00137107 0.999999 -0.0346461 0.224602 -0.215791
FixedParameters: 0 0 0

#Transform 19
Transform: AffineTransform_float_3_3
Parameters: 0.999999 0.000553296 -0.000488487 -0.000552548 1 0.000764063 0.000489333 -0.000764937 1 -0.0314711 0.205185 -0.247572
FixedParameters: 0 0 0

#Transform 20
Transform: AffineTransform_float_3_3
Parameters: 0.999999 0.000669939 -0.000269508 -0.00066982 1 0.000945821 0.000269855 -0.000946179 0.999999 -0.0116602 0.199133 -0.273775
FixedParameters: 0 0 0

#Transform 21
Transform: AffineTransform_float_3_3
Parameters: 0.999999 0.000693694 -0.000290347 -0.000693088 0.999999 0.0010402 0.000291789 -0.0010398 1 0.00325333 0.195811 -0.290442
FixedParameters: 0 0 0

#Transform 22
Transform: AffineTransform_float_3_3
Parameters: 1 0.000331648 -7.84522e-05 -0.000331474 1 0.00110003 7.91816e-05 -0.00109997 1 -0.00789906 0.221472 -0.225643
FixedParameters: 0 0 0

#Transform 23
Transform: AffineTransform_float_3_3
Parameters: 1 0.000353885 -0.000202957 -0.000353432 1 0.00111407 0.000203745 -0.00111393 1 -0.0195467 0.219448 -0.238157
FixedParameters: 0 0 0

#Transform 24
Transform: AffineTransform_float_3_3
Parameters: 1 0.000527103 -0.000258034 -0.000527112 0.999999 0.000741136 0.000257895 -0.000740864 0.999999 -0.0126204 0.203032 -0.223599
FixedParameters: 0 0 0

#Transform 25
Transform: AffineTransform_float_3_3
Parameters: 1 0.000308531 -0.000194652 -0.000308126 1 0.00104006 0.000195294 -0.00103994 1 0.00342897 0.20663 -0.22089
FixedParameters: 0 0 0

#Transform 26
Transform: AffineTransform_float_3_3
Parameters: 1 0.000340481 5.78754e-05 -0.000340604 1 0.00106983 -5.7147e-05 -0.00106917 0.999999 -0.015325 0.194631 -0.251734
FixedParameters: 0 0 0

#Transform 27
Transform: AffineTransform_float_3_3
Parameters: 1 0.000438611 6.45028e-05 -0.000437945 0.999998 0.00199197 -6.31474e-05 -0.00199203 0.999998 -0.0242019 0.220312 -0.236047
FixedParameters: 0 0 0

#Transform 28
Transform: AffineTransform_float_3_3
Parameters: 1 0.000396569 -0.000320489 -0.000395729 0.999998 0.00191813 0.000321089 -0.00191787 0.999998 -0.00365118 0.227907 -0.255345
FixedParameters: 0 0 0

#Transform 29
Transform: AffineTransform_float_3_3
Parameters: 1 0.000411323 -0.000236681 -0.000410858 0.999999 0.0018061 0.000237246 -0.0018059 0.999999 -0.00367596 0.227084 -0.233674
FixedParameters: 0 0 0

#Transform 30
Transform: AffineTransform_float_3_3
Parameters: 1 0.000517856 3.08106e-05 -0.000517947 0.999998 0.00151498 -2.92414e-05 -0.00151501 0.999999 -0.00423288 0.230105 -0.227316
FixedParameters: 0 0 0

#Transform 31
Transform: AffineTransform_float_3_3
Parameters: 1 3.16033e-05 -0.00025118 -3.14559e-05 1 0.00107301 0.000250327 -0.00107299 1 -0.00811396 0.23545 -0.190521
FixedParameters: 0 0 0

#Transform 32
Transform: AffineTransform_float_3_3
Parameters: 1 0.000474756 -0.000199579 -0.000474535 0.999998 0.00153109 0.000200112 -0.0015309 0.999999 -0.00771572 0.229298 -0.212214
FixedParameters: 0 0 0

#Transform 33
Transform: AffineTransform_float_3_3
Parameters: 1 0.000311786 -1.23859e-05 -0.000311749 0.999999 0.00145 1.329e-05 -0.00145 0.999999 -0.0109291 0.211729 -0.201374
FixedParameters: 0 0 0

#Transform 34
Transform: AffineTransform_float_3_3
Parameters: 1 0.000391411 3.75248e-06 -0.00039181 1 0.001089 -3.82006e-06 -0.001089 1 -0.0109029 0.227382 -0.195249
FixedParameters: 0 0 0

#Transform 35
Transform: AffineTransform_float_3_3
Parameters: 1 -4.12802e-05 -0.000336483 4.13433e-05 0.999999 0.00146099 0.000336753 -0.00146101 0.999999 -0.0121831 0.231995 -0.195165
FixedParameters: 0 0 0

#Transform 36
Transform: AffineTransform_float_3_3
Parameters: 1 4.14882e-05 -0.000202158 -4.14525e-05 1 0.00105701 0.000201325 -0.00105699 1 -0.00343418 0.217563 -0.170018
FixedParameters: 0 0 0

#Transform 37
Transform: AffineTransform_float_3_3
Parameters: 1 0.000144396 -0.000200137 -0.000144949 0.999999 0.000916028 0.000200792 -0.00091597 0.999999 -0.00934938 0.213808 -0.155517
FixedParameters: 0 0 0

#Transform 38
Transform: AffineTransform_float_3_3
Parameters: 1 -3.91306e-05 -0.000182161 3.85219e-05 0.999999 0.000854992 0.000182486 -0.000855007 0.999999 -0.0108017 0.207186 -0.147609
FixedParameters: 0 0 0

#Transform 39
Transform: AffineTransform_float_3_3
Parameters: 1 0.000121886 0.000198164 -0.000121365 1 0.00100898 -0.000198309 -0.00100903 1 -0.00937131 0.212438 -0.159167
FixedParameters: 0 0 0

#Transform 40
Transform: AffineTransform_float_3_3
Parameters: 1 7.02759e-05 0.000220005 -6.98788e-05 1 0.00118899 -0.000220229 -0.00118902 1 -0.00193583 0.228407 -0.185488
FixedParameters: 0 0 0

#Transform 41
Transform: AffineTransform_float_3_3
Parameters: 1 5.85853e-05 0.000107684 -5.88447e-05 1 0.00120499 -0.000107542 -0.00120501 1 -0.0115556 0.215603 -0.184175
FixedParameters: 0 0 0

#Transform 42
Transform: AffineTransform_float_3_3
Parameters: 1 -2.28511e-05 5.63547e-05 2.27099e-05 0.999999 0.001252 -5.64117e-05 -0.001252 0.999999 -0.00753014 0.224283 -0.170644
FixedParameters: 0 0 0

#Transform 43
Transform: AffineTransform_float_3_3
Parameters: 1 9.25991e-05 -0.000117347 -9.23073e-05 0.999999 0.00124201 0.000117577 -0.00124199 0.999999 -0.0106156 0.211272 -0.169464
FixedParameters: 0 0 0

#Transform 44
Transform: AffineTransform_float_3_3
Parameters: 1 -0.000273517 0.000192766 0.000273402 0.999999 0.00131205 -0.000192563 -0.00131195 0.999999 -0.00483346 0.21542 -0.168534
FixedParameters: 0 0 0

#Transform 45
Transform: AffineTransform_float_3_3
Parameters: 1 7.09096e-05 0.000329396 -7.17704e-05 0.999999 0.00130698 -0.00032921 -0.00130702 0.999999 0.00356427 0.224147 -0.167725
FixedParameters: 0 0 0

#Transform 46
Transform: AffineTransform_float_3_3
Parameters: 1 2.71089e-05 -0.000179764 -2.75798e-05 0.999999 0.00124901 0.000180223 -0.001249 0.999999 -0.00761531 0.226094 -0.174889
FixedParameters: 0 0 0

#Transform 47
Transform: AffineTransform_float_3_3
Parameters: 1 -8.17224e-05 6.60568e-05 8.15575e-05 0.999999 0.00124601 -6.62602e-05 -0.001246 0.999999 -0.00815692 0.199401 -0.162235
FixedParameters: 0 0 0

#Transform 48
Transform: AffineTransform_float_3_3
Parameters: 1 -0.000203341 0.00018155 0.000203262 0.999999 0.00129504 -0.000181156 -0.00129496 0.999999 -0.00892826 0.211476 -0.153884
FixedParameters: 0 0 0

#Transform 49
Transform: AffineTransform_float_3_3
Parameters: 1 -0.000215199 0.000340809 0.000214831 1 0.00111407 -0.000340367 -0.00111393 1 -0.00259574 0.226842 -0.172528
FixedParameters: 0 0 0

#Transform 50
Transform: AffineTransform_float_3_3
Parameters: 1 -0.000221245 -1.93923e-06 0.000221641 1 0.001145 2.35264e-06 -0.001145 1 0.000756292 0.210484 -0.17006
FixedParameters: 0 0 0

#Transform 51
Transform: AffineTransform_float_3_3
Parameters: 1 -9.66298e-05 0.000187435 9.61166e-05 0.999999 0.00136802 -0.000187698 -0.00136798 0.999999 -0.00488203 0.209343 -0.165286
FixedParameters: 0 0 0

#Transform 52
Transform: AffineTransform_float_3_3
Parameters: 1 -0.000237373 0.000350113 0.000236841 0.999999 0.00131908 -0.000349818 -0.00131892 0.999999 -0.000509158 0.225241 -0.181859
FixedParameters: 0 0 0

#Transform 53
Transform: AffineTransform_float_3_3
Parameters: 1 -0.000139031 0.000184733 0.000138521 0.999999 0.00137803 -0.000185116 -0.00137797 0.999999 -0.00322672 0.222946 -0.19118
FixedParameters: 0 0 0

#Transform 54
Transform: AffineTransform_float_3_3
Parameters: 1 -0.000131719 0.000140393 0.000131345 0.999999 0.00133102 -0.000140743 -0.00133098 0.999999 -0.00949208 0.225918 -0.182989
FixedParameters: 0 0 0

#Transform 55
Transform: AffineTransform_float_3_3
Parameters: 1 -7.9888e-05 0.000283503 8.04336e-05 0.999999 0.00135102 -0.00028319 -0.00135098 0.999999 -0.00585105 0.223843 -0.202573
FixedParameters: 0 0 0

#Transform 56
Transform: AffineTransform_float_3_3
Parameters: 1 -0.000131342 0.000113063 0.000131927 0.999999 0.00147901 -0.000113843 -0.00147898 0.999999 -0.00621764 0.216024 -0.185734
FixedParameters: 0 0 0

#Transform 57
Transform: AffineTransform_float_3_3
Parameters: 1 -0.000268767 0.000209164 0.000268549 0.999998 0.00145521 -0.000209026 -0.00145579 0.999999 -0.00482807 0.21692 -0.177215
FixedParameters: 0 0 0

#Transform 58
Transform: AffineTransform_float_3_3
Parameters: 1 -0.000112874 0.000125907 0.000112536 0.999999 0.00134001 -0.000126209 -0.00133999 0.999999 -0.00694097 0.241338 -0.178596
FixedParameters: 0 0 0

#Transform 59
Transform: AffineTransform_float_3_3
Parameters: 1 -0.000176566 0.000126778 0.000176218 0.999999 0.00136802 -0.000127261 -0.00136798 0.999999 -0.0020669 0.227923 -0.183559
FixedParameters: 0 0 0

#Transform 60
Transform: AffineTransform_float_3_3
Parameters: 1 -0.000103135 0.000177167 0.000102671 0.999999 0.00131002 -0.000177437 -0.00130998 0.999999 -0.0119357 0.226836 -0.194393
FixedParameters: 0 0 0

#Transform 61
Transform: AffineTransform_float_3_3
Parameters: 1 -0.000228897 5.60061e-06 0.000229273 0.999999 0.001323 -5.28626e-06 -0.001323 0.999999 0.000508424 0.213724 -0.178933
FixedParameters: 0 0 0

#Transform 62
Transform: AffineTransform_float_3_3
Parameters: 1 -0.000201834 2.86181e-06 0.000201826 0.999999 0.001222 -3.35508e-06 -0.001222 1 -0.000594612 0.224356 -0.168601
FixedParameters: 0 0 0

#Transform 63
Transform: AffineTransform_float_3_3
Parameters: 1 -0.000163798 7.48005e-05 0.000163676 0.999999 0.000816012 -7.50678e-05 -0.000815987 0.999999 -0.00923434 0.23599 -0.161348
FixedParameters: 0 0 0

#Transform 64
Transform: AffineTransform_float_3_3
Parameters: 1 -0.000336778 -6.69722e-05 0.000337282 0.999999 0.000838977 6.73272e-05 -0.000839022 0.999999 -0.00822623 0.219542 -0.155826
FixedParameters: 0 0 0

#Transform 65
Transform: AffineTransform_float_3_3
Parameters: 1 -0.000245517 0.000133172 0.000245185 0.999999 0.00124303 -0.000133782 -0.00124297 0.999999 0.000860746 0.20929 -0.169989
FixedParameters: 0 0 0

#Transform 66
Transform: AffineTransform_float_3_3
Parameters: 1 -0.000451391 9.30071e-05 0.000450549 0.999999 0.00167968 -9.32111e-05 -0.00168032 0.999998 0.0003412 0.224315 -0.204199
FixedParameters: 0 0 0

#Transform 67
Transform: AffineTransform_float_3_3
Parameters: 1 -0.000178862 0.000113641 0.000178558 0.999999 0.00133902 -0.00011412 -0.00133898 0.999999 -0.00139975 0.244561 -0.208697
FixedParameters: 0 0 0

#Transform 68
Transform: AffineTransform_float_3_3
Parameters: 1 -0.000342803 0.000126492 0.000342842 0.999999 0.00139004 -0.000126525 -0.00138996 0.999999 -0.00243449 0.248141 -0.199436
FixedParameters: 0 0 0

#Transform 69
Transform: AffineTransform_float_3_3
Parameters: 1 -0.000392652 -6.85964e-05 0.000392881 0.999998 0.00168697 6.72712e-05 -0.00168702 0.999998 -0.00731522 0.238245 -0.206186
FixedParameters: 0 0 0

#Transform 70
Transform: AffineTransform_float_3_3
Parameters: 1 -0.000306478 -0.000134241 0.000307242 0.999999 0.00139096 0.000134308 -0.00139104 0.999999 -0.00646244 0.239094 -0.196279
FixedParameters: 0 0 0

#Transform 71
Transform: AffineTransform_float_3_3
Parameters: 1 -0.000298741 -2.35303e-05 0.000299201 0.999999 0.00145699 2.35796e-05 -0.00145701 0.999999 0.00252516 0.247428 -0.20458
FixedParameters: 0 0 0

#Transform 72
Transform: AffineTransform_float_3_3
Parameters: 1 -0.000375226 0.000206441 0.00037466 0.999999 0.00136708 -0.000207466 -0.00136692 0.999999 -0.00949056 0.259255 -0.209871
FixedParameters: 0 0 0

#Transform 73
Transform: AffineTransform_float_3_3
Parameters: 1 -0.000129723 2.44342e-05 0.000129648 0.999999 0.001512 -2.48263e-05 -0.001512 0.999999 -0.00704121 0.245102 -0.207588
FixedParameters: 0 0 0

#Transform 74
Transform: AffineTransform_float_3_3
Parameters: 1 -0.000400148 6.2727e-05 0.000400344 0.999998 0.00155202 -6.30489e-05 -0.00155197 0.999999 -0.0136185 0.248313 -0.203344
FixedParameters: 0 0 0

#Transform 75
Transform: AffineTransform_float_3_3
Parameters: 1 -0.000357476 0.000173958 0.000357386 0.999999 0.00138006 -0.000174024 -0.00137994 0.999999 -0.00949395 0.260909 -0.207403
FixedParameters: 0 0 0

#Transform 76
Transform: AffineTransform_float_3_3
Parameters: 1 -0.00054335 5.27339e-05 0.000543585 0.999999 0.00146303 -5.34036e-05 -0.00146297 0.999999 -0.00118836 0.253062 -0.207066
FixedParameters: 0 0 0

#Transform 77
Transform: AffineTransform_float_3_3
Parameters: 1 -0.000235327 -4.81789e-05 0.000234552 0.999999 0.00150899 4.78606e-05 -0.00150901 0.999999 -0.00868127 0.237279 -0.183694
FixedParameters: 0 0 0

#Transform 78
Transform: AffineTransform_float_3_3
Parameters: 1 -0.000132519 0.000117948 0.000132228 0.999999 0.00123302 -0.000118275 -0.00123298 0.999999 -0.00874967 0.233295 -0.157996
FixedParameters: 0 0 0

#Transform 79
Transform: AffineTransform_float_3_3
Parameters: 1 -0.000356806 0.000306338 0.000356218 1 0.000957749 -0.000307021 -0.00095825 0.999999 -0.0117882 0.2345 -0.156092
FixedParameters: 0 0 0

#Transform 80
Transform: AffineTransform_float_3_3
Parameters: 1 -0.000248208 0.000175576 0.000247777 0.999999 0.00122504 -0.000176184 -0.00122496 0.999999 -0.013821 0.226758 -0.161842
FixedParameters: 0 0 0

#Transform 81
Transform: AffineTransform_float_3_3
Parameters: 1 -0.000252556 -1.69603e-05 0.000251679 0.999999 0.001299 1.6696e-05 -0.001299 0.999999 -0.0129138 0.235967 -0.152481
FixedParameters: 0 0 0

#Transform 82
Transform: AffineTransform_float_3_3
Parameters: 1 -0.000277993 5.89666e-05 0.00027732 0.999999 0.00122402 -5.83351e-05 -0.00122398 0.999999 -0.00723642 0.25017 -0.159472
FixedParameters: 0 0 0

#Transform 83
Transform: AffineTransform_float_3_3
Parameters: 1 -0.000678692 0.000102482 0.000677899 0.999999 0.00128007 -0.000102907 -0.00127993 0.999999 -0.00530405 0.24865 -0.159125
FixedParameters: 0 0 0

#Transform 84
Transform: AffineTransform_float_3_3
Parameters: 1 -0.000456195 6.38122e-05 0.00045644 0.999999 0.00114703 -6.39385e-05 -0.00114697 1 -0.0104871 0.24852 -0.158915
FixedParameters: 0 0 0

#Transform 85
Transform: AffineTransform_float_3_3
Parameters: 1 0.00011407 0.000320917 -0.000114806 1 0.00114696 -0.000320655 -0.00114704 1 -0.0367226 0.235881 -0.146476
FixedParameters: 0 0 0

#Transform 86
Transform: AffineTransform_float_3_3
Parameters: 1 -0.000225428 -9.13796e-05 0.000224717 1 0.00114698 9.1254e-05 -0.00114702 1 -0.00958336 0.234571 -0.156341
FixedParameters: 0 0 0

#Transform 87
Transform: AffineTransform_float_3_3
Parameters: 0.999999 -0.000885262 -3.29568e-06 0.000884739 0.999999 0.001147 2.57673e-06 -0.001147 1 0.0115253 0.275632 -0.190585
FixedParameters: 0 0 0

#Transform 88
Transform: AffineTransform_float_3_3
Parameters: 1 -0.000629238 -0.000111627 0.000628964 1 0.00114978 0.000111492 -0.00114922 0.999999 0.00108972 0.270932 -0.188615
FixedParameters: 0 0 0

#Transform 89
Transform: AffineTransform_float_3_3
Parameters: 0.999999 -0.000699577 0.000107072 0.000698801 0.999999 0.00114708 -0.000107364 -0.00114693 1 -0.0074925 0.25732 -0.181709
FixedParameters: 0 0 0

#Transform 90
Transform: AffineTransform_float_3_3
Parameters: 1 -0.000611239 2.4092e-07 0.000610317 0.999999 0.001081 -1.17068e-06 -0.001081 1 -0.0243539 0.262506 -0.185269
FixedParameters: 0 0 0

#Transform 91
Transform: AffineTransform_float_3_3
Parameters: 1 -0.000546339 0.000192078 0.000546289 0.999999 0.00114711 -0.000192411 -0.0011469 1 -0.0211776 0.278669 -0.192403
FixedParameters: 0 0 0

#Transform 92
Transform: AffineTransform_float_3_3
Parameters: 0.999999 -0.000758172 -5.70496e-05 0.00075869 0.999999 0.00111896 5.62728e-05 -0.00111904 1 -0.00785283 0.269925 -0.188542
FixedParameters: 0 0 0

#Transform 93
Transform: AffineTransform_float_3_3
Parameters: 1 -0.00063291 -0.000110129 0.000633575 0.999999 0.00124593 0.000109472 -0.00124607 0.999999 -0.00968112 0.259122 -0.182127
FixedParameters: 0 0 0

#Transform 94
Transform: AffineTransform_float_3_3
Parameters: 1 -0.000597672 -3.70611e-05 0.000598151 0.999999 0.00120198 3.65443e-05 -0.00120202 1 -0.0131169 0.262297 -0.183647
FixedParameters: 0 0 0

#Transform 95
Transform: AffineTransform_float_3_3
Parameters: 1 -0.000626467 -0.000112836 0.000626211 0.999999 0.00121378 0.000112627 -0.00121322 0.999999 -0.0157133 0.270626 -0.187557
FixedParameters: 0 0 0

#Transform 96
Transform: AffineTransform_float_3_3
Parameters: 1 -0.000493624 0.000201181 0.000493104 0.999999 0.0012881 -0.000202452 -0.0012879 0.999999 -0.0121522 0.283957 -0.18304
FixedParameters: 0 0 0

#Transform 97
Transform: AffineTransform_float_3_3
Parameters: 1 -0.000494722 0.00021142 0.00049457 0.999999 0.0012821 -0.000211768 -0.0012819 0.999999 -0.0245938 0.2584 -0.179211
FixedParameters: 0 0 0

#Transform 98
Transform: AffineTransform_float_3_3
Parameters: 1 -0.000626645 -1.83482e-05 0.000625771 0.999999 0.00129799 1.71133e-05 -0.00129801 0.999999 -0.0369782 0.257881 -0.18037
FixedParameters: 0 0 0

#Transform 99
Transform: AffineTransform_float_3_3
Parameters: 1 -0.000603698 4.36222e-05 0.000603977 0.999999 0.00127303 -4.42391e-05 -0.00127297 0.999999 -0.0336217 0.282981 -0.180102
FixedParameters: 0 0 0

#Transform 100
Transform: AffineTransform_float_3_3
Parameters: 0.999999 -0.000785099 8.4491e-05 0.000784348 0.999999 0.00130807 -8.52326e-05 -0.00130793 0.999999 -0.030346 0.291811 -0.192002
FixedParameters: 0 0 0

#Transform 101
Transform: AffineTransform_float_3_3
Parameters: 1 -0.000602907 -3.9295e-05 0.000603405 0.999999 0.00138198 3.85484e-05 -0.00138202 0.999999 -0.0280375 0.26748 -0.183288
FixedParameters: 0 0 0

#Transform 102
Transform: AffineTransform_float_3_3
Parameters: 1 -0.000579453 0.000134291 0.000579479 0.999999 0.00135708 -0.000134943 -0.00135692 0.999999 -0.0187867 0.267813 -0.182799
FixedParameters: 0 0 0

#Transform 103
Transform: AffineTransform_float_3_3
Parameters: 1 -0.000582308 0.000101894 0.000582439 0.999999 0.00127206 -0.000102455 -0.00127194 0.999999 -0.0100446 0.291502 -0.194246
FixedParameters: 0 0 0

#Transform 104
Transform: AffineTransform_float_3_3
Parameters: 0.999999 -0.000722431 2.2157e-05 0.000722762 0.999999 0.00130702 -2.31254e-05 -0.00130698 0.999999 -0.0210425 0.264735 -0.183177
FixedParameters: 0 0 0

#Transform 105
Transform: AffineTransform_float_3_3
Parameters: 1 -0.000578732 6.66783e-05 0.000578551 0.999999 0.00134404 -6.82337e-05 -0.00134396 0.999999 -0.0189943 0.265569 -0.174377
FixedParameters: 0 0 0

#Transform 106
Transform: AffineTransform_float_3_3
Parameters: 1 -0.000614869 0.000127576 0.000614922 0.999999 0.00132208 -0.000128281 -0.00132192 0.999999 -0.0136874 0.266677 -0.172439
FixedParameters: 0 0 0

#Transform 107
Transform: AffineTransform_float_3_3
Parameters: 1 -0.000652863 2.7486e-05 0.000653181 0.999999 0.00129602 -2.82581e-05 -0.00129598 0.999999 -0.0259864 0.282848 -0.177181
FixedParameters: 0 0 0

#Transform 108
Transform: AffineTransform_float_3_3
Parameters: 0.999999 -0.000732366 -6.81699e-05 0.000732027 0.999998 0.00140395 6.74252e-05 -0.00140405 0.999999 -0.0291879 0.271427 -0.185173
FixedParameters: 0 0 0

#Transform 109
Transform: AffineTransform_float_3_3
Parameters: 1 -0.00063131 0.000160584 0.000631274 0.999999 0.0013271 -0.000161339 -0.0013269 0.999999 -0.0271156 0.262395 -0.180829
FixedParameters: 0 0 0

#Transform 110
Transform: AffineTransform_float_3_3
Parameters: 0.999999 -0.000800258 4.08878e-05 0.000800533 0.999999 0.00139288 -4.21964e-05 -0.00139212 0.999999 -0.00917669 0.270906 -0.1905
FixedParameters: 0 0 0

#Transform 111
Transform: AffineTransform_float_3_3
Parameters: 0.999999 -0.000931311 1.60679e-05 0.000930739 0.999999 0.00127602 -1.71327e-05 -0.00127598 0.999999 -0.0138211 0.283618 -0.192121
FixedParameters: 0 0 0

#Transform 112
Transform: AffineTransform_float_3_3
Parameters: 0.999999 -0.000653439 0.000282839 0.000653062 0.999999 0.00135418 -0.000283688 -0.00135381 0.999999 -0.0209655 0.263805 -0.183651
FixedParameters: 0 0 0

#Transform 113
Transform: AffineTransform_float_3_3
Parameters: 0.999999 -0.000899484 0.000219606 0.000899244 0.999998 0.0014322 -0.000221261 -0.0014318 0.999999 -0.0218137 0.249212 -0.173984
FixedParameters: 0 0 0

#Transform 114
Transform: AffineTransform_float_3_3
Parameters: 0.999999 -0.000725906 9.09784e-05 0.000724754 0.999999 0.00126207 -9.24184e-05 -0.00126193 0.999999 -0.0257129 0.265867 -0.183926
FixedParameters: 0 0 0

#Transform 115
Transform: AffineTransform_float_3_3
Parameters: 0.999999 -0.000852107 -1.73674e-05 0.000852538 0.999999 0.00119799 1.62458e-05 -0.00119801 1 -0.0284498 0.274076 -0.189204
FixedParameters: 0 0 0

#Transform 116
Transform: AffineTransform_float_3_3
Parameters: 0.999999 -0.000919341 1.07996e-05 0.000918776 0.999998 0.00149801 -1.22419e-05 -0.00149799 0.999999 -0.0129674 0.264137 -0.180008
FixedParameters: 0 0 0

#Transform 117
Transform: AffineTransform_float_3_3
Parameters: 0.999998 -0.001576 -0.000330571 0.0015769 0.999997 0.00157633 0.000327832 -0.00157667 0.999999 -0.0102308 0.269515 -0.19425
FixedParameters: 0 0 0

#Transform 118
Transform: AffineTransform_float_3_3
Parameters: 0.999999 -0.00126104 -0.000189072 0.00126112 0.999998 0.00162725 0.000186279 -0.00162775 0.999998 -0.0270457 0.264488 -0.161998
FixedParameters: 0 0 0

#Transform 119
Transform: AffineTransform_float_3_3
Parameters: 1 -0.00104924 6.53405e-05 0.00104886 0.999998 0.00183907 -6.69671e-05 -0.00183893 0.999999 -0.0327581 0.284072 -0.165193
FixedParameters: 0 0 0

#Transform 120
Transform: AffineTransform_float_3_3
Parameters: 1 -0.00112539 -0.0001928 0.00112612 0.999997 0.00228563 0.000189886 -0.00228537 0.999997 -0.0362922 0.307934 -0.204564
FixedParameters: 0 0 0

#Transform 121
Transform: AffineTransform_float_3_3
Parameters: 0.999999 -0.000793118 -4.31689e-05 0.000793174 0.999997 0.00228897 4.17696e-05 -0.00228903 0.999998 -0.0351657 0.279789 -0.181951
FixedParameters: 0 0 0

#Transform 122
Transform: AffineTransform_float_3_3
Parameters: 1 -0.00102805 5.63774e-05 0.0010277 0.999998 0.00185391 -5.79559e-05 -0.00185309 0.999998 -0.0275032 0.284134 -0.184022
FixedParameters: 0 0 0

#Transform 123
Transform: AffineTransform_float_3_3
Parameters: 0.999999 -0.000916581 9.39799e-06 0.000917327 0.999998 0.00175286 -1.07709e-05 -0.00175214 0.999999 -0.0277374 0.276293 -0.16163
FixedParameters: 0 0 0

#Transform 124
Transform: AffineTransform_float_3_3
Parameters: 0.999999 -0.000919346 1.03749e-05 0.000920083 0.999997 0.00196001 -1.21392e-05 -0.00195999 0.999998 -0.0215498 0.264907 -0.161188
FixedParameters: 0 0 0

#Transform 125
Transform: AffineTransform_float_3_3
Parameters: 1 -0.000946065 2.15828e-05 0.000945835 0.999997 0.00203502 -2.32011e-05 -0.00203498 0.999998 -0.0147928 0.268006 -0.177818
FixedParameters: 0 0 0

#Transform 126
Transform: AffineTransform_float_3_3
Parameters: 1 -0.000964484 2.96282e-05 0.000964238 0.999998 0.00175688 -3.07843e-05 -0.00175612 0.999999 -0.0372408 0.29297 -0.177476
FixedParameters: 0 0 0

#Transform 127
Transform: AffineTransform_float_3_3
Parameters: 0.999999 -0.00126334 -0.000221553 0.00126333 0.999996 0.00238272 0.000218155 -0.00238328 0.999997 -0.0401327 0.280929 -0.189227
FixedParameters: 0 0 0

#Transform 128
Transform: AffineTransform_float_3_3
Parameters: 0.999999 -0.00093594 1.68097e-05 0.000935708 0.999996 0.00256466 -1.93787e-05 -0.00256534 0.999997 -0.0329453 0.287022 -0.179562
FixedParameters: 0 0 0

#Transform 129
Transform: AffineTransform_float_3_3
Parameters: 0.999999 -0.000954557 -5.53953e-05 0.000954667 0.999997 0.00229395 5.32473e-05 -0.00229405 0.999998 -0.0324822 0.304019 -0.166809
FixedParameters: 0 0 0

#Transform 130
Transform: AffineTransform_float_3_3
Parameters: 1 -0.000992894 -0.000141488 0.000992551 0.999996 0.0025545 0.000139038 -0.0025555 0.999997 -0.0333519 0.306787 -0.16726
FixedParameters: 0 0 0

#Transform 131
Transform: AffineTransform_float_3_3
Parameters: 1 -0.00103315 -0.000314617 0.00103421 0.999996 0.00276252 0.000312449 -0.00276248 0.999996 -0.0431915 0.299854 -0.175921
FixedParameters: 0 0 0

#Transform 132
Transform: AffineTransform_float_3_3
Parameters: 1 -0.00112758 -7.55528e-05 0.00112829 0.999994 0.00309976 7.17129e-05 -0.00309923 0.999995 -0.032156 0.305178 -0.184278
FixedParameters: 0 0 0

#Transform 133
Transform: AffineTransform_float_3_3
Parameters: 0.999999 -0.00070909 -8.01596e-05 0.000710061 0.99999 0.00458179 7.681e-05 -0.00458121 0.99999 -0.025682 0.358721 -0.179072
FixedParameters: 0 0 0

#Transform 134
Transform: AffineTransform_float_3_3
Parameters: 0.999999 -0.000707167 -8.16191e-05 0.000707776 0.999985 0.00555258 7.82254e-05 -0.00555342 0.999984 -0.0274739 0.38876 -0.152281
FixedParameters: 0 0 0

#Transform 135
Transform: AffineTransform_float_3_3
Parameters: 0.999999 -0.000878819 0.00014801 0.000877545 0.999983 0.00592398 -0.000152109 -0.00592302 0.999983 -0.0368847 0.381907 -0.135964
FixedParameters: 0 0 0

#Transform 136
Transform: AffineTransform_float_3_3
Parameters: 1 -0.000350139 -0.000122815 0.000350727 0.999977 0.00676596 0.000120695 -0.00676604 0.999977 -0.0394619 0.425406 -0.137044
FixedParameters: 0 0 0

#Transform 137
Transform: AffineTransform_float_3_3
Parameters: 1 -0.000670054 -9.84647e-05 0.00067164 0.999971 0.00767294 9.35537e-05 -0.00767307 0.999971 -0.0384357 0.464229 -0.108884
FixedParameters: 0 0 0

#Transform 138
Transform: AffineTransform_float_3_3
Parameters: 0.999999 -0.000787331 -4.97937e-05 0.000787642 0.999969 0.00774096 4.42969e-05 -0.00774104 0.99997 -0.036758 0.434787 -0.108009
FixedParameters: 0 0 0

#Transform 139
Transform: AffineTransform_float_3_3
Parameters: 1 -0.00041923 0.000390662 0.000416504 0.99997 0.0078098 -0.000394288 -0.00781019 0.999969 -0.0323938 0.431624 -0.0847692
FixedParameters: 0 0 0

#Transform 140
Transform: AffineTransform_float_3_3
Parameters: 1 -0.000208851 0.000465321 0.000204587 0.999962 0.0087891 -0.000467365 -0.00878891 0.999962 -0.0343258 0.474982 -0.102213
FixedParameters: 0 0 0

#Transform 141
Transform: AffineTransform_float_3_3
Parameters: 1 -0.000222648 0.000552216 0.000218181 0.999962 0.00878013 -0.000553968 -0.00877988 0.999962 -0.0349655 0.464016 -0.126698
FixedParameters: 0 0 0

#Transform 142
Transform: AffineTransform_float_3_3
Parameters: 1 -0.000238101 0.000368958 0.000234551 0.999956 0.00940408 -0.000370502 -0.00940391 0.999955 -0.0155158 0.464116 -0.149414
FixedParameters: 0 0 0

#Transform 143
Transform: AffineTransform_float_3_3
Parameters: 1 -0.000124297 0.000648304 0.000116955 0.999946 0.0104111 -0.000649088 -0.0104109 0.999945 -0.0207698 0.53102 -0.12712
FixedParameters: 0 0 0

#Transform 144
Transform: AffineTransform_float_3_3
Parameters: 1 -6.45777e-05 0.000457155 5.96605e-05 0.999948 0.0102482 -0.00045815 -0.0102488 0.999948 -0.0155624 0.509657 -0.127922
FixedParameters: 0 0 0

#Transform 145
Transform: AffineTransform_float_3_3
Parameters: 1 -0.00034196 0.000468934 0.000337276 0.99995 0.00998516 -0.000472286 -0.00998484 0.99995 -0.0194596 0.524815 -0.140004
FixedParameters: 0 0 0

#Transform 146
Transform: AffineTransform_float_3_3
Parameters: 1 -0.000291831 0.000462177 0.00028664 0.999948 0.0102561 -0.000465601 -0.0102559 0.999948 -0.0341392 0.559296 -0.12721
FixedParameters: 0 0 0

#Transform 147
Transform: AffineTransform_float_3_3
Parameters: 1 -2.93642e-05 0.000510826 2.48696e-05 0.99995 0.010054 -0.000510564 -0.010054 0.99995 -0.0330355 0.540418 -0.0869691
FixedParameters: 0 0 0

#Transform 148
Transform: AffineTransform_float_3_3
Parameters: 1 -0.000253962 0.00045652 0.000249364 0.999953 0.00974612 -0.000458916 -0.00974589 0.999953 -0.0236016 0.523898 -0.0879294
FixedParameters: 0 0 0

#Transform 149
Transform: AffineTransform_float_3_3
Parameters: 0.999999 -0.000402521 0.000671157 0.000394719 0.999947 0.0102694 -0.000675385 -0.0102696 0.999947 -0.0330271 0.524838 -0.0875553
FixedParameters: 0 0 0

#Transform 150
Transform: AffineTransform_float_3_3
Parameters: 0.999999 -0.000491645 0.000600167 0.000485002 0.999937 0.0111583 -0.000605263 -0.0111577 0.999937 -0.0286076 0.548984 -0.101531
FixedParameters: 0 0 0

#Transform 151
Transform: AffineTransform_float_3_3
Parameters: 1 0.000268793 0.000414274 -0.000275363 0.999882 0.0153209 -0.000409592 -0.0153211 0.999882 -0.0202849 0.722664 -0.119727
FixedParameters: 0 0 0

#Transform 152
Transform: AffineTransform_float_3_3
Parameters: 1 9.95654e-05 0.000323259 -0.000104473 0.999859 0.016789 -0.000321257 -0.016789 0.999859 -0.0112065 0.772636 -0.10115
FixedParameters: 0 0 0

#Transform 153
Transform: AffineTransform_float_3_3
Parameters: 1 -5.82679e-05 0.000481256 5.10434e-05 0.999875 0.0158102 -0.000482037 -0.0158108 0.999875 -0.0117564 0.728436 -0.132005
FixedParameters: 0 0 0

#Transform 154
Transform: AffineTransform_float_3_3
Parameters: 1 -0.000189377 0.000509537 0.000180784 0.99987 0.0161073 -0.000512321 -0.0161078 0.999871 -0.011639 0.74698 -0.0980828
FixedParameters: 0 0 0

#Transform 155
Transform: AffineTransform_float_3_3
Parameters: 1 -0.000228312 0.000450108 0.000221403 0.999883 0.0153341 -0.000453435 -0.0153339 0.999883 -0.0108385 0.718243 -0.0977724
FixedParameters: 0 0 0

#Transform 156
Transform: AffineTransform_float_3_3
Parameters: 1 -0.000144156 0.000355154 0.000138146 0.999866 0.0163581 -0.000356733 -0.016358 0.999866 -0.00838002 0.754894 -0.0877398
FixedParameters: 0 0 0

#Transform 157
Transform: AffineTransform_float_3_3
Parameters: 1 0.000174468 0.000613193 -0.000186194 0.99982 0.0189329 -0.000610132 -0.0189331 0.99982 -0.0190791 0.847769 -0.0680029
FixedParameters: 0 0 0

#Transform 158
Transform: AffineTransform_float_3_3
Parameters: 0.999999 -3.1649e-05 0.000764221 1.79068e-05 0.999832 0.0183474 -0.000764687 -0.0183466 0.999832 -0.0200272 0.834194 -0.0639432
FixedParameters: 0 0 0

#Transform 159
Transform: AffineTransform_float_3_3
Parameters: 0.999999 0.000123438 0.000716724 -0.000136446 0.999821 0.0189099 -0.000714518 -0.0189101 0.999821 -0.0122494 0.86743 -0.108304
FixedParameters: 0 0 0

#Transform 160
Transform: AffineTransform_float_3_3
Parameters: 0.999999 0.000413657 0.00133217 -0.000435222 0.999866 0.0163738 -0.00132541 -0.0163742 0.999865 -0.010883 0.779976 -0.091282
FixedParameters: 0 0 0

#Transform 161
Transform: AffineTransform_float_3_3
Parameters: 1 -0.000638933 0.000200637 0.000637863 0.999972 0.00744413 -0.000205539 -0.00744387 0.999973 -0.00743517 0.496655 0.115107
FixedParameters: 0 0 0

#Transform 162
Transform: AffineTransform_float_3_3
Parameters: 1 -0.000573895 4.77406e-05 0.000573549 0.999981 0.00601503 -5.14902e-05 -0.00601497 0.999982 -0.0250487 0.440766 0.0228009
FixedParameters: 0 0 0

#Transform 163
Transform: AffineTransform_float_3_3
Parameters: 0.999999 -0.000728907 -0.000300514 0.00073153 0.999968 0.00797378 0.000294114 -0.00797422 0.999968 -0.0342783 0.505002 0.00495839
FixedParameters: 0 0 0

#Transform 164
Transform: AffineTransform_float_3_3
Parameters: 0.999999 -0.000697994 -0.000240283 0.000700493 0.99996 0.00891284 0.000233983 -0.00891317 0.999961 -0.0236513 0.533148 -0.03376
FixedParameters: 0 0 0

#Transform 165
Transform: AffineTransform_float_3_3
Parameters: 0.999999 -0.000835841 0.000104365 0.000835007 0.999968 0.00803973 -0.000110573 -0.00804027 0.999967 -0.0259708 0.476653 -0.0181685
FixedParameters: 0 0 0

#Transform 166
Transform: AffineTransform_float_3_3
Parameters: 0.999999 -0.00119638 -0.000422115 0.00119786 0.999991 0.00428635 0.000417097 -0.00428666 0.999991 -0.0293456 0.383475 -0.0805676
FixedParameters: 0 0 0

#Transform 167
Transform: AffineTransform_float_3_3
Parameters: 0.999999 -0.00072853 -0.000398134 0.000730834 0.999982 0.00607972 0.000393585 -0.00608029 0.999982 -0.0257995 0.441869 -0.0517693
FixedParameters: 0 0 0

#Transform 168
Transform: AffineTransform_float_3_3
Parameters: 1 -0.000612628 -0.00028395 0.000614454 0.999981 0.00605182 0.000280458 -0.00605217 0.999981 -0.0225164 0.45571 -0.0619051
FixedParameters: 0 0 0

#Transform 169
Transform: AffineTransform_float_3_3
Parameters: 1 -0.000856926 -0.000567114 0.000860604 0.999976 0.00676751 0.000561516 -0.00676848 0.999977 -0.0441573 0.475092 -0.0589946
FixedParameters: 0 0 0

#Transform 170
Transform: AffineTransform_float_3_3
Parameters: 0.999999 -0.000719646 -0.000250596 0.000720915 0.999976 0.00682282 0.000246012 -0.00682317 0.999976 -0.0361525 0.482616 -0.0471021
FixedParameters: 0 0 0

#Transform 171
Transform: AffineTransform_float_3_3
Parameters: 1 -0.00100834 -0.000387151 0.0010118 0.999967 0.00815747 0.00037946 -0.00815755 0.999967 -0.0392037 0.498499 -0.0220052
FixedParameters: 0 0 0

#Transform 172
Transform: AffineTransform_float_3_3
Parameters: 0.999999 -0.000884542 -0.000164881 0.000885421 0.999964 0.00850035 0.000158232 -0.00850066 0.999964 -0.0302797 0.531214 -0.0125532
FixedParameters: 0 0 0

#Transform 173
Transform: AffineTransform_float_3_3
Parameters: 1 -0.000579733 0.000160156 0.000577824 0.999947 0.0102151 -0.000166067 -0.0102149 0.999948 -0.0200897 0.598395 0.00188878
FixedParameters: 0 0 0

#Transform 174
Transform: AffineTransform_float_3_3
Parameters: 0.999999 -0.000744308 9.131e-05 0.000743542 0.999942 0.0107671 -9.91847e-05 -0.0107669 0.999942 -0.0256973 0.608984 -0.00377675
FixedParameters: 0 0 0

#Transform 175
Transform: AffineTransform_float_3_3
Parameters: 0.999999 -0.0008636 -6.23747e-06 0.000863081 0.999947 0.0102948 -2.61133e-06 -0.0102942 0.999947 -0.033451 0.576208 -0.0118085
FixedParameters: 0 0 0

#Transform 176
Transform: AffineTransform_float_3_3
Parameters: 0.999999 -0.000815643 6.80713e-05 0.000815433 0.999947 0.0103207 -7.67606e-05 -0.0103213 0.999947 -0.0303516 0.59973 -0.0121671
FixedParameters: 0 0 0

#Transform 177
Transform: AffineTransform_float_3_3
Parameters: 0.999999 -0.000697481 -0.000193881 0.000699234 0.999945 0.0105437 0.000186631 -0.0105433 0.999944 -0.0274165 0.611588 0.00618921
FixedParameters: 0 0 0

#Transform 178
Transform: AffineTransform_float_3_3
Parameters: 1 -0.0010189 0.000587731 0.0010122 0.999945 0.0103766 -0.000598151 -0.0103754 0.999946 -0.0280626 0.581543 -0.0581146
FixedParameters: 0 0 0

#Transform 179
Transform: AffineTransform_float_3_3
Parameters: 0.999999 -0.00101683 -9.97805e-05 0.00101792 0.999922 0.0123939 8.70308e-05 -0.0123941 0.999923 -0.0313959 0.640755 -0.0304575
FixedParameters: 0 0 0
