#Insight Transform File V1.0
#Transform 0
Transform: AffineTransform_float_3_3
Parameters: 1 -0.000511398 -6.28645e-05 0.000510919 0.999999 -0.000703032 6.26627e-05 0.000702968 1 0.0661026 0.106873 0.395093
FixedParameters: 0 0 0

#Transform 1
Transform: AffineTransform_float_3_3
Parameters: 1 0.000223553 -0.000458774 -0.000223446 1 0.000117103 0.000458827 -0.000116897 1 -0.00636802 0.0194172 -0.209479
FixedParameters: 0 0 0

#Transform 2
Transform: AffineTransform_float_3_3
Parameters: 1 0.000326208 -0.000531692 -0.000326135 1 6.91735e-05 0.000531737 -6.88266e-05 1 -0.00774196 0.0638693 -0.303751
FixedParameters: 0 0 0

#Transform 3
Transform: AffineTransform_float_3_3
Parameters: 0.999999 0.000372404 -0.00061681 -0.000372968 1 -0.00045777 0.000616469 0.000458229 0.999999 -0.0126568 0.0643929 -0.315624
FixedParameters: 0 0 0

#Transform 4
Transform: AffineTransform_float_3_3
Parameters: 0.999999 0.000103109 -0.000989238 -0.000103464 1 -0.000644538 0.000988714 0.000645462 0.999999 -0.0123879 0.0662973 -0.304453
FixedParameters: 0 0 0

#Transform 5
Transform: AffineTransform_float_3_3
Parameters: 0.999999 0.0002641 -0.000745898 -0.000265247 0.999999 -0.000768802 0.000745491 0.000769196 0.999999 -0.012364 0.0387506 -0.339281
FixedParameters: 0 0 0

#Transform 6
Transform: AffineTransform_float_3_3
Parameters: 1 0.000114032 -0.000324556 -0.00011367 0.999999 -0.000859962 0.000323969 0.000860036 0.999999 -0.0062566 0.0643937 -0.302228
FixedParameters: 0 0 0

#Transform 7
Transform: AffineTransform_float_3_3
Parameters: 1 0.000127484 -0.000512792 -0.00012818 1 -0.000678934 0.000512618 0.000679065 0.999999 -0.00695791 0.0576541 -0.298508
FixedParameters: 0 0 0

#Transform 8
Transform: AffineTransform_float_3_3
Parameters: 1 0.00014888 -0.000521727 -0.000149127 1 -0.000235922 0.000521657 0.000236078 1 -0.00480905 0.0449276 -0.314963
FixedParameters: 0 0 0

#Transform 9
Transform: AffineTransform_float_3_3
Parameters: 1 0.00010537 -0.000640008 -0.000105219 1 0.00011822 0.000640033 -0.00011878 1 -0.0128283 0.0777679 -0.304841
FixedParameters: 0 0 0

#Transform 10
Transform: AffineTransform_float_3_3
Parameters: 0.999999 0.000231521 -0.000823921 -0.000231402 1 7.21907e-05 0.000823955 -7.18093e-05 0.999999 -0.0135067 0.0728505 -0.314299
FixedParameters: 0 0 0

#Transform 11
Transform: AffineTransform_float_3_3
Parameters: 1 0.000110292 -0.000505292 -0.000110392 1 -9.89442e-05 0.000505271 9.90557e-05 1 -0.010372 0.0708268 -0.313505
FixedParameters: 0 0 0

#Transform 12
Transform: AffineTransform_float_3_3
Parameters: 0.999999 -2.1993e-05 -0.00132588 2.16019e-05 1 -0.000147516 0.00132589 0.000147483 0.999999 -0.0103031 0.075192 -0.2756
FixedParameters: 0 0 0

#Transform 13
Transform: AffineTransform_float_3_3
Parameters: 0.999999 0.000266383 -0.000861675 -0.000266656 1 -0.000158617 0.000861591 0.000158382 1 -0.0181581 0.0614958 -0.290867
FixedParameters: 0 0 0

#Transform 14
Transform: AffineTransform_float_3_3
Parameters: 1 0.000184969 -0.00109156 -0.00018448 1 0.000824355 0.00109133 -0.000824647 0.999999 -0.0201204 0.0827057 -0.308554
FixedParameters: 0 0 0

#Transform 15
Transform: AffineTransform_float_3_3
Parameters: 0.999999 0.000254776 -0.000947967 -0.000254964 1 -9.87582e-05 0.000947916 9.92414e-05 0.999999 -0.0115224 0.0746572 -0.324985
FixedParameters: 0 0 0

#Transform 16
Transform: AffineTransform_float_3_3
Parameters: 1 4.24961e-05 -0.0011086 -4.18709e-05 1 0.000282406 0.00110862 -0.000281594 1 -0.0148823 0.0774989 -0.301163
FixedParameters: 0 0 0

#Transform 17
Transform: AffineTransform_float_3_3
Parameters: 1 0.000155662 -0.00102538 -0.000155817 1 -7.56875e-05 0.00102535 7.53122e-05 0.999999 -0.0122335 0.0694501 -0.327231
FixedParameters: 0 0 0

#Transform 18
Transform: AffineTransform_float_3_3
Parameters: 0.999999 0.00025681 -0.000854133 -0.000256482 1 0.000192372 0.000854232 -0.000192628 1 -0.0148223 0.0700084 -0.304219
FixedParameters: 0 0 0

#Transform 19
Transform: AffineTransform_float_3_3
Parameters: 1 6.38639e-05 -0.00098852 -6.37908e-05 1 3.70631e-05 0.000988525 -3.69369e-05 0.999999 -0.0161555 0.0808037 -0.304987
FixedParameters: 0 0 0

#Transform 20
Transform: AffineTransform_float_3_3
Parameters: 1 0.000204318 -0.00105232 -0.000204118 1 0.000280368 0.00105151 -0.000280633 0.999999 -0.0112573 0.0838763 -0.319618
FixedParameters: 0 0 0

#Transform 21
Transform: AffineTransform_float_3_3
Parameters: 0.999999 0.000532367 -0.0013201 -0.000532756 1 -0.000147144 0.00131995 0.000147855 1 -0.0282936 0.0508009 -0.347869
FixedParameters: 0 0 0

#Transform 22
Transform: AffineTransform_float_3_3
Parameters: 0.999998 0.000126868 -0.00168898 -0.000127495 1 -0.000185272 0.00168893 0.000185727 0.999998 -0.0147887 0.0727025 -0.330394
FixedParameters: 0 0 0

#Transform 23
Transform: AffineTransform_float_3_3
Parameters: 0.999999 0.000260047 -0.00124558 -0.000259897 1 6.08362e-05 0.00124561 -6.01639e-05 1 -0.0156844 0.0675215 -0.32575
FixedParameters: 0 0 0

#Transform 24
Transform: AffineTransform_float_3_3
Parameters: 1 0.000124208 -0.00118821 -0.000123797 1 -0.000378341 0.00118864 0.00037866 1 -0.013923 0.068822 -0.316814
FixedParameters: 0 0 0

#Transform 25
Transform: AffineTransform_float_3_3
Parameters: 0.999999 0.000284422 -0.00125624 -0.000283918 1 -0.000321131 0.00125659 0.00032187 1 -0.02048 0.076554 -0.317122
FixedParameters: 0 0 0

#Transform 26
Transform: AffineTransform_float_3_3
Parameters: 0.999999 9.60715e-05 -0.0013172 -9.58383e-05 1 8.86387e-05 0.00131721 -8.83613e-05 0.999999 -0.0283808 0.0756597 -0.315045
FixedParameters: 0 0 0

#Transform 27
Transform: AffineTransform_float_3_3
Parameters: 0.999998 0.00042071 -0.00158168 -0.000421556 1 -0.000558181 0.00158082 0.000558819 0.999999 -0.0317999 0.0529668 -0.345255
FixedParameters: 0 0 0

#Transform 28
Transform: AffineTransform_float_3_3
Parameters: 0.999999 0.000171791 -0.00123767 -0.000171488 1 -0.000249276 0.0012372 0.000249725 1 -0.0248544 0.062634 -0.353821
FixedParameters: 0 0 0

#Transform 29
Transform: AffineTransform_float_3_3
Parameters: 0.999999 -4.9675e-05 -0.00153685 5.01038e-05 1 -0.000159717 0.00153648 0.000160283 0.999998 -0.0218508 0.0710687 -0.324539
FixedParameters: 0 0 0

#Transform 30
Transform: AffineTransform_float_3_3
Parameters: 0.999999 3.45576e-05 -0.00146619 -3.52189e-05 1 -0.000225436 0.00146618 0.000225563 0.999999 -0.0198571 0.0673335 -0.239874
FixedParameters: 0 0 0

#Transform 31
Transform: AffineTransform_float_3_3
Parameters: 0.999998 0.000230475 -0.00160455 -0.000230242 1 7.2882e-05 0.00160458 -7.2118e-05 0.999999 -0.0329378 0.0789103 -0.270971
FixedParameters: 0 0 0

#Transform 32
Transform: AffineTransform_float_3_3
Parameters: 0.999999 8.77471e-06 -0.00151119 -1.0633e-05 1 -0.00104883 0.0015117 0.00104817 0.999998 -0.03712 0.0730788 -0.22791
FixedParameters: 0 0 0

#Transform 33
Transform: AffineTransform_float_3_3
Parameters: 0.999997 -0.00070966 -0.00260863 0.000705996 0.999999 -0.00148326 0.00261009 0.00148174 0.999996 0.019025 0.0477681 -0.221244
FixedParameters: 0 0 0

#Transform 34
Transform: AffineTransform_float_3_3
Parameters: 0.99999 -0.00159768 -0.00418073 0.00160745 0.999996 0.00220305 0.00417626 -0.00220994 0.999989 0.0865629 0.0565648 -0.739141
FixedParameters: 0 0 0

#Transform 35
Transform: AffineTransform_float_3_3
Parameters: 0.999997 0.000218109 -0.00262593 -0.000211741 0.999997 0.00248759 0.00262658 -0.00248641 0.999993 -0.0437664 0.0518757 -0.44084
FixedParameters: 0 0 0

#Transform 36
Transform: AffineTransform_float_3_3
Parameters: 0.999999 0.000212176 -0.00138681 -0.000209741 0.999998 0.00182344 0.00138652 -0.00182355 0.999997 -0.0179799 0.0969163 -0.0918229
FixedParameters: 0 0 0

#Transform 37
Transform: AffineTransform_float_3_3
Parameters: 0.999999 2.8056e-06 -0.00137504 -1.86813e-06 0.999999 0.000675515 0.00137544 -0.000675484 0.999999 -0.0190223 0.0915976 -0.089357
FixedParameters: 0 0 0

#Transform 38
Transform: AffineTransform_float_3_3
Parameters: 0.999999 9.5935e-05 -0.00170346 -9.48468e-05 1 0.000589315 0.00170396 -0.000589685 0.999998 -0.0198056 0.0668526 -0.110743
FixedParameters: 0 0 0

#Transform 39
Transform: AffineTransform_float_3_3
Parameters: 0.999996 0.000257013 -0.0025402 -0.000254441 0.999999 0.000945827 0.00254054 -0.000945173 0.999996 -0.0513691 0.0712609 -0.194034
FixedParameters: 0 0 0

#Transform 40
Transform: AffineTransform_float_3_3
Parameters: 0.999997 8.99057e-05 -0.00249117 -8.74265e-05 0.999999 0.000945398 0.0024912 -0.000945602 0.999997 -0.0450646 0.0565153 -0.25809
FixedParameters: 0 0 0

#Transform 41
Transform: AffineTransform_float_3_3
Parameters: 0.999995 -0.000281535 -0.00293924 0.000282016 0.999999 0.00046107 0.00293884 -0.000461932 0.999996 -0.0358466 0.0569632 -0.240472
FixedParameters: 0 0 0

#Transform 42
Transform: AffineTransform_float_3_3
Parameters: 0.999995 -0.000507526 -0.00307116 0.000510483 1 0.000930181 0.00307138 -0.00093182 0.999995 -0.0493482 0.0765152 -0.211072
FixedParameters: 0 0 0

#Transform 43
Transform: AffineTransform_float_3_3
Parameters: 0.999994 0.000135494 -0.00325896 -0.000135269 1 3.42835e-05 0.00325897 -3.47164e-05 0.999995 -0.0410246 0.067832 -0.155325
FixedParameters: 0 0 0

#Transform 44
Transform: AffineTransform_float_3_3
Parameters: 0.999997 0.00015706 -0.00246317 -0.000157033 1 5.20463e-06 0.00246317 -5.7956e-06 0.999997 -0.048687 0.0521317 -0.174438
FixedParameters: 0 0 0

#Transform 45
Transform: AffineTransform_float_3_3
Parameters: 0.999996 -0.000256079 -0.00262399 0.000253982 0.999999 -0.000575284 0.00262389 0.000574714 0.999996 -0.0267958 0.038504 -0.138188
FixedParameters: 0 0 0

#Transform 46
Transform: AffineTransform_float_3_3
Parameters: 0.999996 -0.000143663 -0.00260697 0.000143556 1 0.000156011 0.00260731 -0.000155991 0.999996 -0.0663256 0.0512678 -0.153707
FixedParameters: 0 0 0

#Transform 47
Transform: AffineTransform_float_3_3
Parameters: 0.999996 -0.000148685 -0.0026748 0.000148043 1 -0.000292372 0.0026745 0.000291628 0.999996 -0.058675 0.0599016 -0.134182
FixedParameters: 0 0 0

#Transform 48
Transform: AffineTransform_float_3_3
Parameters: 0.999996 0.000188815 -0.0025804 -0.000190033 1 -0.000414334 0.00257985 0.000414666 0.999997 -0.0654919 0.0479722 -0.128359
FixedParameters: 0 0 0

#Transform 49
Transform: AffineTransform_float_3_3
Parameters: 0.999997 1.24536e-05 -0.00213922 -1.26186e-05 0.999999 -0.000344949 0.00213974 0.000345052 0.999998 -0.0573907 0.0718192 -0.123184
FixedParameters: 0 0 0

#Transform 50
Transform: AffineTransform_float_3_3
Parameters: 0.999996 -0.000170185 -0.00278634 0.000169495 1 -0.00035873 0.00278699 0.000359271 0.999996 -0.0527435 0.0570886 -0.13638
FixedParameters: 0 0 0

#Transform 51
Transform: AffineTransform_float_3_3
Parameters: 0.999998 0.000111999 -0.00231764 -0.000113636 1 -0.000636073 0.00231803 0.000635926 0.999997 -0.064263 0.043087 -0.159112
FixedParameters: 0 0 0

#Transform 52
Transform: AffineTransform_float_3_3
Parameters: 0.999997 -0.000118427 -0.00219379 0.000116767 1 -0.000887234 0.00219413 0.000886768 0.999998 -0.0380969 0.0439054 -0.149268
FixedParameters: 0 0 0

#Transform 53
Transform: AffineTransform_float_3_3
Parameters: 0.999997 -0.000175585 -0.00240173 0.000173984 0.999999 -0.000525035 0.00240152 0.000524964 0.999997 -0.0447823 0.0635283 -0.121927
FixedParameters: 0 0 0

#Transform 54
Transform: AffineTransform_float_3_3
Parameters: 0.999998 -0.000121829 -0.00227377 0.000119116 1 -0.000799249 0.00227358 0.00079875 0.999998 -0.05603 0.0733591 -0.128308
FixedParameters: 0 0 0

#Transform 55
Transform: AffineTransform_float_3_3
Parameters: 0.999997 -9.19374e-05 -0.00220478 9.07878e-05 0.999999 -0.000558176 0.00220541 0.000557823 0.999997 -0.059788 0.0666548 -0.11877
FixedParameters: 0 0 0

#Transform 56
Transform: AffineTransform_float_3_3
Parameters: 0.999997 -0.000414957 -0.00237809 0.000414699 0.999999 -0.000330603 0.0023789 0.000329398 0.999997 -0.0618619 0.0761783 -0.138854
FixedParameters: 0 0 0

#Transform 57
Transform: AffineTransform_float_3_3
Parameters: 0.999996 -0.000535678 -0.00252451 0.000534308 1 -0.000272118 0.0025248 0.00027088 0.999996 -0.0604277 0.0756406 -0.151026
FixedParameters: 0 0 0

#Transform 58
Transform: AffineTransform_float_3_3
Parameters: 0.999997 -0.000277119 -0.00264199 0.000276412 1 -0.000308347 0.00264177 0.000307653 0.999996 -0.0662174 0.0586841 -0.134505
FixedParameters: 0 0 0

#Transform 59
Transform: AffineTransform_float_3_3
Parameters: 0.999997 -0.000499939 -0.0023106 0.00049813 1 -0.000590921 0.0023108 0.000590078 0.999997 -0.0564523 0.0659685 -0.154097
FixedParameters: 0 0 0

#Transform 60
Transform: AffineTransform_float_3_3
Parameters: 0.999996 -0.000514265 -0.00250892 0.000511974 0.999999 -0.000824055 0.00250899 0.000822943 0.999996 -0.0604401 0.061201 -0.157007
FixedParameters: 0 0 0

#Transform 61
Transform: AffineTransform_float_3_3
Parameters: 0.999997 -9.0758e-05 -0.00220483 9.06566e-05 1 -2.31752e-05 0.00220483 2.28246e-05 0.999998 -0.0794925 0.0654417 -0.129405
FixedParameters: 0 0 0

#Transform 62
Transform: AffineTransform_float_3_3
Parameters: 0.999996 -0.000402795 -0.0025767 0.000401721 0.999999 -0.000387652 0.00257662 0.000386348 0.999996 -0.076808 0.0567878 -0.131116
FixedParameters: 0 0 0

#Transform 63
Transform: AffineTransform_float_3_3
Parameters: 0.999996 -0.00052211 -0.0025121 0.000519863 0.999999 -0.000814076 0.00251217 0.000812922 0.999996 -0.0603986 0.0428013 -0.131516
FixedParameters: 0 0 0

#Transform 64
Transform: AffineTransform_float_3_3
Parameters: 0.999996 -0.000267784 -0.00261989 0.000266991 1 -0.000327316 0.00261967 0.000326684 0.999996 -0.0659826 0.0632494 -0.125398
FixedParameters: 0 0 0

#Transform 65
Transform: AffineTransform_float_3_3
Parameters: 0.999996 -0.000506389 -0.00270367 0.000503662 0.999999 -0.00101598 0.00270352 0.00101402 0.999996 -0.0645107 0.0483647 -0.136479
FixedParameters: 0 0 0

#Transform 66
Transform: AffineTransform_float_3_3
Parameters: 0.999997 -0.000485567 -0.00268216 0.000481431 0.999999 -0.00111491 0.00268246 0.00111309 0.999996 -0.0755028 0.0405272 -0.125775
FixedParameters: 0 0 0

#Transform 67
Transform: AffineTransform_float_3_3
Parameters: 0.999997 -0.000701309 -0.00231661 0.000696934 0.999998 -0.00182339 0.00231852 0.00182161 0.999996 -0.0539788 0.0360301 -0.138217
FixedParameters: 0 0 0

#Transform 68
Transform: AffineTransform_float_3_3
Parameters: 0.999997 -0.000962302 -0.00255639 0.000958982 0.999998 -0.00144687 0.00255852 0.00144413 0.999996 -0.0758063 0.0296672 -0.141165
FixedParameters: 0 0 0

#Transform 69
Transform: AffineTransform_float_3_3
Parameters: 0.999996 -0.000727108 -0.00264158 0.000722984 0.999998 -0.00190068 0.00264291 0.00189832 0.999994 -0.0602554 0.0255502 -0.140069
FixedParameters: 0 0 0

#Transform 70
Transform: AffineTransform_float_3_3
Parameters: 0.999996 -0.000727018 -0.00264161 0.000722153 0.999998 -0.00186668 0.00264328 0.00186432 0.999994 -0.0769231 0.0267325 -0.158343
FixedParameters: 0 0 0

#Transform 71
Transform: AffineTransform_float_3_3
Parameters: 0.999997 -0.00104333 -0.00243162 0.0010373 0.999997 -0.00237645 0.00243422 0.00237355 0.999994 -0.0728415 0.0182821 -0.161368
FixedParameters: 0 0 0

#Transform 72
Transform: AffineTransform_float_3_3
Parameters: 0.999997 -0.00104714 -0.00250503 0.00104139 0.999997 -0.00225154 0.00250738 0.00224846 0.999994 -0.064752 0.0210262 -0.159103
FixedParameters: 0 0 0

#Transform 73
Transform: AffineTransform_float_3_3
Parameters: 0.999997 -0.00114466 -0.00246337 0.00113903 0.999997 -0.00226389 0.0024662 0.00226111 0.999994 -0.0649 0.0224668 -0.139689
FixedParameters: 0 0 0

#Transform 74
Transform: AffineTransform_float_3_3
Parameters: 0.999997 -0.00116951 -0.00245271 0.00116296 0.999996 -0.00264894 0.00245615 0.00264606 0.999993 -0.0783249 0.0115889 -0.167889
FixedParameters: 0 0 0

#Transform 75
Transform: AffineTransform_float_3_3
Parameters: 0.999996 -0.00104037 -0.00269385 0.00103451 0.999997 -0.00211336 0.00269589 0.00211064 0.999994 -0.0640459 0.016301 -0.1496
FixedParameters: 0 0 0

#Transform 76
Transform: AffineTransform_float_3_3
Parameters: 0.999997 -0.00104557 -0.00227306 0.00104195 0.999999 -0.00132029 0.00227372 0.00131771 0.999997 -0.05811 0.0421385 -0.142356
FixedParameters: 0 0 0

#Transform 77
Transform: AffineTransform_float_3_3
Parameters: 0.999997 -0.00120659 -0.00242384 0.00119987 0.999997 -0.00244463 0.00242646 0.00244237 0.999994 -0.0719464 0.0116478 -0.175069
FixedParameters: 0 0 0

#Transform 78
Transform: AffineTransform_float_3_3
Parameters: 0.999995 -0.00117376 -0.00267604 0.00116859 0.999997 -0.0019987 0.00267838 0.0019953 0.999994 -0.0624899 0.0153763 -0.150953
FixedParameters: 0 0 0

#Transform 79
Transform: AffineTransform_float_3_3
Parameters: 0.999996 -0.00112998 -0.00278715 0.00112414 0.999997 -0.00203934 0.0027894 0.00203666 0.999994 -0.0836736 0.0330173 -0.138409
FixedParameters: 0 0 0

#Transform 80
Transform: AffineTransform_float_3_3
Parameters: 0.999996 -0.00117625 -0.0028011 0.00117114 0.999998 -0.0017347 0.00280322 0.0017303 0.999995 -0.0811486 0.0226009 -0.148014
FixedParameters: 0 0 0

#Transform 81
Transform: AffineTransform_float_3_3
Parameters: 0.999997 -0.00102935 -0.00247348 0.00102369 0.999997 -0.00226046 0.00247578 0.00225754 0.999994 -0.0659385 0.0193679 -0.162833
FixedParameters: 0 0 0

#Transform 82
Transform: AffineTransform_float_3_3
Parameters: 0.999996 -0.00113654 -0.00251031 0.00112961 0.999996 -0.00266277 0.00251361 0.00265923 0.999993 -0.0726657 0.00713525 -0.177933
FixedParameters: 0 0 0

#Transform 83
Transform: AffineTransform_float_3_3
Parameters: 0.999995 -0.00119073 -0.00267641 0.0011847 0.999997 -0.00215738 0.00267918 0.00215462 0.999994 -0.085808 0.0186733 -0.168567
FixedParameters: 0 0 0

#Transform 84
Transform: AffineTransform_float_3_3
Parameters: 0.999995 -0.00130379 -0.00280208 0.00129662 0.999997 -0.002359 0.00280456 0.002356 0.999993 -0.0868927 0.0202527 -0.157849
FixedParameters: 0 0 0

#Transform 85
Transform: AffineTransform_float_3_3
Parameters: 0.999997 -0.00115581 -0.00245643 0.00115024 0.999997 -0.00225891 0.0024593 0.00225609 0.999994 -0.0738986 0.0196109 -0.151053
FixedParameters: 0 0 0

#Transform 86
Transform: AffineTransform_float_3_3
Parameters: 0.999995 -0.00126104 -0.00270291 0.00125497 0.999997 -0.00224296 0.0027049 0.00223904 0.999994 -0.0675132 0.0232612 -0.13793
FixedParameters: 0 0 0

#Transform 87
Transform: AffineTransform_float_3_3
Parameters: 0.999996 -0.00130918 -0.00255959 0.00130486 0.999997 -0.0017417 0.00256218 0.0017393 0.999995 -0.0528695 0.0292284 -0.100417
FixedParameters: 0 0 0

#Transform 88
Transform: AffineTransform_float_3_3
Parameters: 0.999996 -0.00121214 -0.00263687 0.00120769 0.999998 -0.00154375 0.00263904 0.00154025 0.999995 -0.063645 0.0304749 -0.126456
FixedParameters: 0 0 0

#Transform 89
Transform: AffineTransform_float_3_3
Parameters: 0.999995 -0.00108162 -0.00277183 0.00107899 0.999999 -0.00120956 0.0027738 0.00120644 0.999995 -0.0821444 0.0363436 -0.148565
FixedParameters: 0 0 0

#Transform 90
Transform: AffineTransform_float_3_3
Parameters: 0.999995 -0.0013394 -0.00283803 0.00133403 0.999998 -0.00192015 0.00284082 0.00191685 0.999994 -0.0368923 0.0241515 -0.102029
FixedParameters: 0 0 0

#Transform 91
Transform: AffineTransform_float_3_3
Parameters: 0.999997 -0.000973666 -0.00251783 0.000970868 0.999998 -0.00128822 0.00251877 0.00128478 0.999996 -0.0723847 0.0355804 -0.111533
FixedParameters: 0 0 0

#Transform 92
Transform: AffineTransform_float_3_3
Parameters: 0.999995 -0.00118206 -0.00272254 0.00118059 0.999999 -0.000778419 0.00272321 0.000775583 0.999996 -0.0832538 0.0437863 -0.127702
FixedParameters: 0 0 0

#Transform 93
Transform: AffineTransform_float_3_3
Parameters: 0.999996 -0.00132731 -0.00224327 0.00132491 0.999998 -0.00127105 0.00224415 0.00126795 0.999997 -0.0887264 0.0391501 -0.141018
FixedParameters: 0 0 0

#Transform 94
Transform: AffineTransform_float_3_3
Parameters: 0.999998 -0.00106509 -0.00164012 0.00106503 0.999999 -0.000297181 0.00164036 0.00029582 0.999999 -0.0373959 -0.00867528 -0.0400333
FixedParameters: 0 0 0

#Transform 95
Transform: AffineTransform_float_3_3
Parameters: 0.999999 -0.000529285 -0.00168513 0.000529716 1 0.000127827 0.001685 -0.000128173 0.999999 -0.0405112 0.0463924 -0.0833165
FixedParameters: 0 0 0

#Transform 96
Transform: AffineTransform_float_3_3
Parameters: 0.999994 -0.00108928 -0.00348563 0.0011079 0.999985 0.005295 0.00347957 -0.005299 0.99998 -0.0202167 0.145121 -0.508419
FixedParameters: 0 0 0

#Transform 97
Transform: AffineTransform_float_3_3
Parameters: 0.999996 -0.00130538 -0.00220897 0.00131427 0.999991 0.00413004 0.00220429 -0.00413297 0.999989 -0.000795723 0.11081 -0.214132
FixedParameters: 0 0 0

#Transform 98
Transform: AffineTransform_float_3_3
Parameters: 1 -0.000617695 -0.000816101 0.000620002 0.999997 0.0023025 0.000814953 -0.0023035 0.999997 -0.0362357 0.11411 -0.136681
FixedParameters: 0 0 0

#Transform 99
Transform: AffineTransform_float_3_3
Parameters: 0.999999 -0.000957384 -0.00116673 0.000960815 0.999996 0.00248909 0.00116405 -0.00248991 0.999996 -0.0493183 0.100896 -0.164048
FixedParameters: 0 0 0

#Transform 100
Transform: AffineTransform_float_3_3
Parameters: 0.999997 -0.000639207 -0.00211013 0.000647037 0.999993 0.00369436 0.00210758 -0.00369564 0.999991 -0.0805967 0.144503 -0.166297
FixedParameters: 0 0 0

#Transform 101
Transform: AffineTransform_float_3_3
Parameters: 0.999998 0.000171772 -0.00186971 -0.00016473 0.999994 0.00342698 0.00187006 -0.00342702 0.999992 -0.0541723 0.117898 -0.217379
FixedParameters: 0 0 0

#Transform 102
Transform: AffineTransform_float_3_3
Parameters: 0.999999 -0.00026736 -0.00184223 0.000274255 0.999993 0.00372637 0.00184203 -0.00372663 0.999992 -0.0704247 0.109588 -0.23438
FixedParameters: 0 0 0

#Transform 103
Transform: AffineTransform_float_3_3
Parameters: 0.999999 -0.00051355 -0.00138855 0.000517966 0.999996 0.00258564 0.00138705 -0.00258635 0.999995 -0.0341521 0.0768799 -0.166071
FixedParameters: 0 0 0

#Transform 104
Transform: AffineTransform_float_3_3
Parameters: 0.999998 -0.000457831 -0.00184813 0.000464008 0.999995 0.00302266 0.00184637 -0.00302434 0.999994 -0.0982956 0.0866621 -0.202158
FixedParameters: 0 0 0

#Transform 105
Transform: AffineTransform_float_3_3
Parameters: 1 -0.000176265 -0.00119321 0.000179189 0.999997 0.00254715 0.00119256 -0.00254685 0.999996 -0.0673502 0.0942578 -0.167045
FixedParameters: 0 0 0

#Transform 106
Transform: AffineTransform_float_3_3
Parameters: 1 -4.25513e-05 -0.00102217 4.4248e-05 0.999999 0.00127996 0.00102245 -0.00128004 0.999998 -0.00819457 0.0702409 -0.041213
FixedParameters: 0 0 0

#Transform 107
Transform: AffineTransform_float_3_3
Parameters: 1 -4.80126e-05 -0.000535476 4.8859e-05 0.999998 0.00201597 0.000534751 -0.00201603 0.999998 -0.0499185 0.102808 -0.128162
FixedParameters: 0 0 0

#Transform 108
Transform: AffineTransform_float_3_3
Parameters: 0.999998 -0.000321471 -0.00190333 0.000327259 0.999995 0.00307389 0.00190276 -0.0030751 0.999993 -0.0782703 0.10824 -0.162605
FixedParameters: 0 0 0

#Transform 109
Transform: AffineTransform_float_3_3
Parameters: 0.999999 6.54051e-05 -0.00127524 -6.21364e-05 0.999995 0.00303123 0.00127535 -0.00303177 0.999995 -0.0863427 0.11306 -0.172582
FixedParameters: 0 0 0

#Transform 110
Transform: AffineTransform_float_3_3
Parameters: 1 9.26748e-05 0.000366949 -9.28136e-05 1 0.000188966 -0.000366914 -0.000189034 1 -0.0531923 0.0037543 -0.250751
FixedParameters: 0 0 0

#Transform 111
Transform: AffineTransform_float_3_3
Parameters: 0.999999 4.4283e-05 -0.000750026 -4.20643e-05 0.999996 0.00270419 0.000751041 -0.00270482 0.999996 -0.0947567 0.116323 -0.161301
FixedParameters: 0 0 0

#Transform 112
Transform: AffineTransform_float_3_3
Parameters: 0.999999 -0.000206858 -0.0015105 0.000209816 0.999999 0.00189305 0.00151088 -0.00189296 0.999997 -0.0563906 0.094081 -0.0879266
FixedParameters: 0 0 0

#Transform 113
Transform: AffineTransform_float_3_3
Parameters: 0.999999 5.334e-05 -0.000895086 -5.14756e-05 0.999998 0.00228805 0.000895187 -0.00228795 0.999997 -0.0604487 0.0976195 -0.120252
FixedParameters: 0 0 0

#Transform 114
Transform: AffineTransform_float_3_3
Parameters: 0.999997 -0.00156328 -0.00158094 0.00156888 0.999991 0.00373609 0.00157512 -0.0037389 0.999992 -0.0698556 0.165505 -0.221978
FixedParameters: 0 0 0

#Transform 115
Transform: AffineTransform_float_3_3
Parameters: 0.999998 0.00118627 -0.00173089 -0.00117785 0.999988 0.00465836 0.00173649 -0.00465565 0.999988 -0.15626 0.290661 -0.581915
FixedParameters: 0 0 0

#Transform 116
Transform: AffineTransform_float_3_3
Parameters: 1 0.000758899 -0.000769396 -0.000755825 0.999986 0.00530323 0.000773078 -0.00530278 0.999985 -0.0340499 0.143133 -0.516271
FixedParameters: 0 0 0

#Transform 117
Transform: AffineTransform_float_3_3
Parameters: 0.999998 0.00113355 -0.00204938 -0.00111684 0.999964 0.00840541 0.00205957 -0.00840359 0.999962 -0.0418243 0.298436 -0.181877
FixedParameters: 0 0 0

#Transform 118
Transform: AffineTransform_float_3_3
Parameters: 0.999998 0.00141076 -0.000995155 -0.00140364 0.999977 0.00663404 0.00100448 -0.00663195 0.999977 -0.067233 0.20999 -0.32017
FixedParameters: 0 0 0

#Transform 119
Transform: AffineTransform_float_3_3
Parameters: 0.999999 0.00112779 -0.000866401 -0.00112202 0.999972 0.00737062 0.000874029 -0.00736938 0.999972 -0.0593208 0.240265 -0.33139
FixedParameters: 0 0 0

#Transform 120
Transform: AffineTransform_float_3_3
Parameters: 0.999999 0.000956242 -0.000955679 -0.000948844 0.999974 0.00713192 0.000962152 -0.00713009 0.999974 -0.0607121 0.231549 -0.33268
FixedParameters: 0 0 0

#Transform 121
Transform: AffineTransform_float_3_3
Parameters: 0.999999 0.000724551 -0.000731527 -0.000719663 0.999975 0.00707417 0.000736472 -0.00707383 0.999975 -0.0455011 0.236286 -0.321709
FixedParameters: 0 0 0

#Transform 122
Transform: AffineTransform_float_3_3
Parameters: 0.999999 0.000798569 -0.00150495 -0.000788619 0.999978 0.00660414 0.00150988 -0.00660386 0.999977 -0.0570583 0.218706 -0.300225
FixedParameters: 0 0 0

#Transform 123
Transform: AffineTransform_float_3_3
Parameters: 0.999998 0.00042806 -0.00205499 -0.000411591 0.999967 0.00808752 0.00205805 -0.00808647 0.999965 -0.0745758 0.273118 -0.288007
FixedParameters: 0 0 0

#Transform 124
Transform: AffineTransform_float_3_3
Parameters: 0.999998 0.000572296 -0.00183156 -0.000557309 0.999969 0.0078057 0.00183639 -0.0078043 0.999968 -0.0636415 0.262558 -0.270718
FixedParameters: 0 0 0

#Transform 125
Transform: AffineTransform_float_3_3
Parameters: 0.999998 0.000665279 -0.00181604 -0.000652385 0.999975 0.00704351 0.00182094 -0.0070425 0.999974 -0.0725574 0.254297 -0.292729
FixedParameters: 0 0 0

#Transform 126
Transform: AffineTransform_float_3_3
Parameters: 0.999997 0.000388556 -0.0020933 -0.000372967 0.999971 0.00763647 0.0020963 -0.00763554 0.999969 -0.0748154 0.272905 -0.233086
FixedParameters: 0 0 0

#Transform 127
Transform: AffineTransform_float_3_3
Parameters: 0.999998 0.000498465 -0.00220433 -0.00048482 0.999979 0.00660276 0.00220761 -0.00660126 0.999976 -0.0490015 0.249328 -0.200029
FixedParameters: 0 0 0

#Transform 128
Transform: AffineTransform_float_3_3
Parameters: 0.999998 -0.000467339 -0.00229715 0.000486464 0.999965 0.00842978 0.00229416 -0.00843122 0.999962 -0.0374097 0.306579 -0.230569
FixedParameters: 0 0 0

#Transform 129
Transform: AffineTransform_float_3_3
Parameters: 0.999996 -4.77443e-05 -0.00288125 7.22632e-05 0.999963 0.00853936 0.00288093 -0.00853964 0.999959 -0.055054 0.281533 -0.185418
FixedParameters: 0 0 0

#Transform 130
Transform: AffineTransform_float_3_3
Parameters: 0.999998 0.000455907 -0.00165821 -0.000445858 0.99998 0.0063479 0.001661 -0.0063471 0.999978 -0.0596033 0.227481 -0.281524
FixedParameters: 0 0 0

#Transform 131
Transform: AffineTransform_float_3_3
Parameters: 0.999997 0.000241292 -0.00241973 -0.000224293 0.999977 0.00681974 0.00242101 -0.00681926 0.999974 -0.0825972 0.275078 -0.27066
FixedParameters: 0 0 0

#Transform 132
Transform: AffineTransform_float_3_3
Parameters: 0.999997 -0.00020854 -0.00268558 0.000229012 0.999971 0.0075798 0.00268325 -0.0075802 0.999968 -0.0615928 0.296214 -0.218883
FixedParameters: 0 0 0

#Transform 133
Transform: AffineTransform_float_3_3
Parameters: 0.999998 0.000631453 -0.0014996 -0.000622957 0.999985 0.00544889 0.00150325 -0.00544911 0.999984 -0.060953 0.210447 -0.304068
FixedParameters: 0 0 0

#Transform 134
Transform: AffineTransform_float_3_3
Parameters: 0.999997 0.000397641 -0.00210932 -0.000382902 0.999973 0.00737749 0.00211226 -0.00737651 0.999971 -0.0569814 0.235315 -0.30446
FixedParameters: 0 0 0

#Transform 135
Transform: AffineTransform_float_3_3
Parameters: 0.999997 -0.000297713 -0.00214518 0.000313369 0.999973 0.00723521 0.00214293 -0.00723578 0.999971 -0.0538049 0.246044 -0.299996
FixedParameters: 0 0 0

#Transform 136
Transform: AffineTransform_float_3_3
Parameters: 0.999997 -0.000410072 -0.00237575 0.000426839 0.999975 0.00715488 0.00237272 -0.00715612 0.999971 -0.0424322 0.241322 -0.28454
FixedParameters: 0 0 0

#Transform 137
Transform: AffineTransform_float_3_3
Parameters: 0.999997 -0.000402321 -0.0024375 0.000419717 0.999974 0.00710238 0.00243462 -0.00710361 0.999972 -0.0460334 0.246676 -0.294218
FixedParameters: 0 0 0

#Transform 138
Transform: AffineTransform_float_3_3
Parameters: 0.999997 -0.00058519 -0.00260655 0.000601632 0.99998 0.00638384 0.00260285 -0.00638617 0.999977 -0.0335439 0.235119 -0.28829
FixedParameters: 0 0 0

#Transform 139
Transform: AffineTransform_float_3_3
Parameters: 0.999996 -0.000780668 -0.00274992 0.000801586 0.99997 0.00770642 0.00274356 -0.00770859 0.999967 -0.0549645 0.256282 -0.261998
FixedParameters: 0 0 0

#Transform 140
Transform: AffineTransform_float_3_3
Parameters: 0.999996 -0.000668507 -0.00276691 0.000692905 0.999964 0.00845371 0.00276163 -0.00845529 0.999961 -0.0568646 0.29548 -0.23479
FixedParameters: 0 0 0

#Transform 141
Transform: AffineTransform_float_3_3
Parameters: 0.999997 -0.000409481 -0.0022019 0.000424431 0.999978 0.00659095 0.00219912 -0.00659205 0.999976 -0.0405986 0.251551 -0.298619
FixedParameters: 0 0 0

#Transform 142
Transform: AffineTransform_float_3_3
Parameters: 0.999998 -0.00031135 -0.00201731 0.000324647 0.999976 0.00688124 0.00201472 -0.00688177 0.999975 -0.0395309 0.241179 -0.279584
FixedParameters: 0 0 0

#Transform 143
Transform: AffineTransform_float_3_3
Parameters: 0.999997 -0.000284171 -0.00234546 0.000298339 0.999981 0.00610234 0.0023437 -0.00610366 0.999979 -0.0343243 0.232439 -0.250318
FixedParameters: 0 0 0

#Transform 144
Transform: AffineTransform_float_3_3
Parameters: 0.999998 -0.000256487 -0.00190198 0.000267907 0.999982 0.00597401 0.00190039 -0.00597498 0.99998 -0.0382804 0.228402 -0.250491
FixedParameters: 0 0 0

#Transform 145
Transform: AffineTransform_float_3_3
Parameters: 0.999999 -8.35073e-05 -0.00133069 9.0839e-05 0.999984 0.0056184 0.00132968 -0.00561861 0.999984 -0.028971 0.207634 -0.251293
FixedParameters: 0 0 0

#Transform 146
Transform: AffineTransform_float_3_3
Parameters: 0.999997 -0.000538442 -0.00258834 0.000558826 0.999968 0.00797896 0.00258411 -0.00798103 0.999965 -0.0487503 0.306201 -0.158404
FixedParameters: 0 0 0

#Transform 147
Transform: AffineTransform_float_3_3
Parameters: 0.999995 -0.000801339 -0.00308105 0.000827471 0.999965 0.0083216 0.00307489 -0.00832441 0.999961 -0.0763572 0.287492 -0.19133
FixedParameters: 0 0 0

#Transform 148
Transform: AffineTransform_float_3_3
Parameters: 0.999996 -0.000317282 -0.00300757 0.000343237 0.999963 0.00866475 0.00300426 -0.00866525 0.999958 -0.0786992 0.325555 -0.126188
FixedParameters: 0 0 0

#Transform 149
Transform: AffineTransform_float_3_3
Parameters: 0.999997 -0.000607171 -0.00241677 0.000627586 0.999965 0.00828273 0.0024116 -0.00828425 0.999962 -0.0627863 0.293126 -0.154314
FixedParameters: 0 0 0

#Transform 150
Transform: AffineTransform_float_3_3
Parameters: 0.999996 -0.00070931 -0.00268137 0.000727667 0.999976 0.00683466 0.00267713 -0.00683633 0.999973 -0.0547243 0.24637 -0.180186
FixedParameters: 0 0 0

#Transform 151
Transform: AffineTransform_float_3_3
Parameters: 0.999998 -0.000366475 -0.00157766 0.000375382 0.999983 0.00570029 0.00157511 -0.00570071 0.999983 -0.0459401 0.21442 -0.240794
FixedParameters: 0 0 0

#Transform 152
Transform: AffineTransform_float_3_3
Parameters: 0.999995 -0.000340401 -0.00315924 0.00036345 0.999971 0.00757963 0.00315684 -0.00758036 0.999966 -0.08722 0.290792 -0.164795
FixedParameters: 0 0 0

#Transform 153
Transform: AffineTransform_float_3_3
Parameters: 0.999993 -0.0025755 -0.00295054 0.00259534 0.999974 0.00674895 0.00293275 -0.00675706 0.999973 -0.0208457 0.235844 -0.228879
FixedParameters: 0 0 0

#Transform 154
Transform: AffineTransform_float_3_3
Parameters: 0.999999 -0.000455772 -0.00162929 0.000464703 0.999986 0.00540661 0.00162691 -0.00540739 0.999984 -0.0413296 0.198786 -0.275011
FixedParameters: 0 0 0

#Transform 155
Transform: AffineTransform_float_3_3
Parameters: 0.999999 -0.000759462 -0.00157277 0.00076726 0.999985 0.00541216 0.00156841 -0.00541384 0.999984 -0.038696 0.211072 -0.261319
FixedParameters: 0 0 0

#Transform 156
Transform: AffineTransform_float_3_3
Parameters: 0.999998 -0.000803671 -0.0020886 0.000815597 0.999982 0.00594503 0.00208444 -0.00594697 0.99998 -0.0615025 0.216041 -0.239643
FixedParameters: 0 0 0

#Transform 157
Transform: AffineTransform_float_3_3
Parameters: 0.999996 -0.000932017 -0.00260812 0.000950209 0.999976 0.00692299 0.00260159 -0.00692501 0.999973 -0.0522189 0.266782 -0.187923
FixedParameters: 0 0 0

#Transform 158
Transform: AffineTransform_float_3_3
Parameters: 0.999999 -0.000548352 -0.00170006 0.000556908 0.999985 0.00534278 0.00169714 -0.00534322 0.999984 -0.0559259 0.185986 -0.242783
FixedParameters: 0 0 0

#Transform 159
Transform: AffineTransform_float_3_3
Parameters: 0.999998 -0.000498277 -0.00157801 0.000505668 0.999989 0.00480257 0.0015754 -0.00480343 0.999987 -0.0313033 0.199672 -0.234213
FixedParameters: 0 0 0

#Transform 160
Transform: AffineTransform_float_3_3
Parameters: 0.999997 -0.00139107 -0.00223228 0.00140373 0.999983 0.00567381 0.00222504 -0.00567718 0.999981 -0.0381321 0.211944 -0.260107
FixedParameters: 0 0 0

#Transform 161
Transform: AffineTransform_float_3_3
Parameters: 0.999996 -0.0015055 -0.00220337 0.00151599 0.999988 0.0046276 0.00219683 -0.0046314 0.999987 -0.0274111 0.207801 -0.250026
FixedParameters: 0 0 0

#Transform 162
Transform: AffineTransform_float_3_3
Parameters: 0.999999 -0.00118159 -0.00120961 0.00118802 0.999986 0.00506378 0.00120441 -0.00506522 0.999986 -0.00742335 0.195003 -0.252899
FixedParameters: 0 0 0

#Transform 163
Transform: AffineTransform_float_3_3
Parameters: 0.999996 -0.00113451 -0.00250871 0.00115363 0.999971 0.00759758 0.00250045 -0.00760043 0.999968 -0.0446394 0.29219 -0.175613
FixedParameters: 0 0 0

#Transform 164
Transform: AffineTransform_float_3_3
Parameters: 0.999998 -0.00112532 -0.00179504 0.00113559 0.999982 0.00598654 0.00178842 -0.00598846 0.99998 -0.0274878 0.222565 -0.237304
FixedParameters: 0 0 0

#Transform 165
Transform: AffineTransform_float_3_3
Parameters: 0.999996 -0.00140011 -0.00272322 0.0014211 0.99997 0.00761097 0.00271257 -0.00761504 0.999968 -0.0569282 0.279202 -0.195686
FixedParameters: 0 0 0

#Transform 166
Transform: AffineTransform_float_3_3
Parameters: 0.999994 -0.00152903 -0.00292852 0.00155166 0.999968 0.00783015 0.00291639 -0.00783486 0.999965 -0.0427327 0.292957 -0.165953
FixedParameters: 0 0 0

#Transform 167
Transform: AffineTransform_float_3_3
Parameters: 0.999994 -0.000949543 -0.0035468 0.000971605 0.99998 0.00626306 0.00354099 -0.00626694 0.999974 -0.0942042 0.255533 -0.190318
FixedParameters: 0 0 0

#Transform 168
Transform: AffineTransform_float_3_3
Parameters: 0.999996 -0.00110789 -0.00268115 0.00112047 0.999988 0.00475182 0.00267603 -0.00475419 0.999985 -0.028731 0.210015 -0.133585
FixedParameters: 0 0 0

#Transform 169
Transform: AffineTransform_float_3_3
Parameters: 0.999996 -0.000934165 -0.00269942 0.000950972 0.999981 0.0062599 0.00269373 -0.00626211 0.999977 -0.0748379 0.272434 -0.14504
FixedParameters: 0 0 0

#Transform 170
Transform: AffineTransform_float_3_3
Parameters: 0.999993 -0.00182174 -0.00344572 0.00184744 0.99997 0.00757706 0.00343239 -0.00758394 0.999965 -0.0676219 0.29498 -0.143967
FixedParameters: 0 0 0

#Transform 171
Transform: AffineTransform_float_3_3
Parameters: 0.999997 -0.000963682 -0.00228405 0.00097817 0.999978 0.00660487 0.00227786 -0.00660714 0.999976 -0.054779 0.236163 -0.192363
FixedParameters: 0 0 0

#Transform 172
Transform: AffineTransform_float_3_3
Parameters: 0.999996 -0.00141832 -0.0027296 0.0014379 0.999974 0.00716339 0.00271957 -0.0071676 0.99997 -0.0326907 0.250267 -0.146294
FixedParameters: 0 0 0

#Transform 173
Transform: AffineTransform_float_3_3
Parameters: 0.999995 -0.00136055 -0.00283054 0.00138047 0.999973 0.00719978 0.00282071 -0.00720323 0.99997 -0.0557042 0.262194 -0.182098
FixedParameters: 0 0 0

#Transform 174
Transform: AffineTransform_float_3_3
Parameters: 0.999997 -0.00140649 -0.00222939 0.00142063 0.999979 0.00631078 0.00221964 -0.00631422 0.999977 -0.032899 0.229101 -0.203499
FixedParameters: 0 0 0

#Transform 175
Transform: AffineTransform_float_3_3
Parameters: 0.999992 -0.00173685 -0.00364467 0.00176643 0.999964 0.0082565 0.00363086 -0.00826349 0.999959 -0.0769057 0.277513 -0.157382
FixedParameters: 0 0 0

#Transform 176
Transform: AffineTransform_float_3_3
Parameters: 0.999998 0.000686153 -0.00198463 -0.000676139 0.999986 0.00516302 0.00198742 -0.00516098 0.999985 -0.0974195 0.219415 -0.202056
FixedParameters: 0 0 0

#Transform 177
Transform: AffineTransform_float_3_3
Parameters: 0.999997 -0.00085851 -0.00230852 0.000870053 0.999986 0.00518108 0.00230372 -0.00518291 0.999983 -0.0660634 0.218797 -0.206573
FixedParameters: 0 0 0

#Transform 178
Transform: AffineTransform_float_3_3
Parameters: 0.999996 -0.00215295 -0.00212103 0.00216514 0.999981 0.00571505 0.00210903 -0.00571994 0.999981 0.00210078 0.225545 -0.231576
FixedParameters: 0 0 0

#Transform 179
Transform: AffineTransform_float_3_3
Parameters: 0.999996 -0.00146564 -0.00218059 0.00147815 0.999982 0.00577572 0.0021722 -0.00577928 0.999981 -0.0248564 0.211471 -0.196114
FixedParameters: 0 0 0
