#Insight Transform File V1.0
#Transform 0
Transform: AffineTransform_float_3_3
Parameters: 1 2.57139e-05 -0.000704544 -2.70951e-05 0.999998 -0.00163398 0.000704067 0.00163402 0.999998 0.045828 0.224251 0.429232
FixedParameters: 0 0 0

#Transform 1
Transform: AffineTransform_float_3_3
Parameters: 0.999999 0.000671973 -0.00038259 -0.000671981 0.999999 0.000501257 0.000382343 -0.000500743 1 -0.0308393 0.0384199 0.0100614
FixedParameters: 0 0 0

#Transform 2
Transform: AffineTransform_float_3_3
Parameters: 1 0.000321202 -0.000603948 -0.000321795 0.999999 -0.000814294 0.000604345 0.000814707 1 -0.00285415 0.0657766 -0.0872444
FixedParameters: 0 0 0

#Transform 3
Transform: AffineTransform_float_3_3
Parameters: 0.999999 0.000538558 -0.000696189 -0.000538918 0.999999 -0.000538625 0.000696528 0.000539375 0.999999 -0.00394062 0.0732744 -0.0972843
FixedParameters: 0 0 0

#Transform 4
Transform: AffineTransform_float_3_3
Parameters: 1 0.000748002 -0.000785754 -0.000749225 0.999999 -0.00102641 0.000785137 0.00102759 0.999999 -0.0190349 0.0631563 -0.119576
FixedParameters: 0 0 0

#Transform 5
Transform: AffineTransform_float_3_3
Parameters: 0.999999 0.000289923 -0.000865835 -0.000291068 0.999999 -0.0011936 0.00086475 0.0011934 0.999999 0.00599147 0.0622933 -0.112203
FixedParameters: 0 0 0

#Transform 6
Transform: AffineTransform_float_3_3
Parameters: 1 0.000670616 -0.00075294 -0.000671966 0.999999 -0.00115549 0.000752309 0.00115651 0.999999 -0.0122659 0.0663491 -0.104427
FixedParameters: 0 0 0

#Transform 7
Transform: AffineTransform_float_3_3
Parameters: 0.999999 0.000349281 -0.000788611 -0.000351196 0.999998 -0.00229272 0.000788455 0.00229328 0.999997 -0.00140129 0.0525317 -0.180973
FixedParameters: 0 0 0

#Transform 8
Transform: AffineTransform_float_3_3
Parameters: 0.999999 0.000247202 -0.000739578 -0.000249927 0.999991 -0.00424182 0.000738138 0.00424218 0.99999 0.00234674 0.0451586 -0.278715
FixedParameters: 0 0 0

#Transform 9
Transform: AffineTransform_float_3_3
Parameters: 0.999999 0.000276198 -0.00126104 -0.000281012 0.999993 -0.00383465 0.0012601 0.00383535 0.999992 0.0046913 0.0458574 -0.286181
FixedParameters: 0 0 0

#Transform 10
Transform: AffineTransform_float_3_3
Parameters: 0.999999 -3.137e-05 -0.0013006 2.65809e-05 0.999996 -0.00305304 0.00130053 0.00305296 0.999994 0.0021797 0.0448389 -0.269717
FixedParameters: 0 0 0

#Transform 11
Transform: AffineTransform_float_3_3
Parameters: 0.999999 0.000124687 -0.001368 -0.000130864 0.999993 -0.00388982 0.00136729 0.00389017 0.999991 0.00714783 0.0451306 -0.288086
FixedParameters: 0 0 0

#Transform 12
Transform: AffineTransform_float_3_3
Parameters: 0.999999 4.08836e-05 -0.0013317 -4.52959e-05 0.999995 -0.00333279 0.0013317 0.00333221 0.999993 0.0134622 0.0622064 -0.252039
FixedParameters: 0 0 0

#Transform 13
Transform: AffineTransform_float_3_3
Parameters: 0.999998 0.000176752 -0.00160774 -0.000182619 0.999993 -0.00362105 0.00160725 0.00362096 0.999993 -0.00992733 0.0619311 -0.263613
FixedParameters: 0 0 0

#Transform 14
Transform: AffineTransform_float_3_3
Parameters: 0.999998 -0.000286117 -0.00165291 0.000280831 0.999994 -0.00338796 0.0016534 0.00338704 0.999993 0.00447659 0.0552318 -0.267853
FixedParameters: 0 0 0

#Transform 15
Transform: AffineTransform_float_3_3
Parameters: 0.999999 2.7119e-05 -0.00145618 -3.15604e-05 0.999995 -0.00305745 0.00145628 0.00305756 0.999995 -0.00596563 0.0570127 -0.25217
FixedParameters: 0 0 0

#Transform 16
Transform: AffineTransform_float_3_3
Parameters: 0.999999 -2.08933e-05 -0.00156833 1.57652e-05 0.999995 -0.00305752 0.00156872 0.00305748 0.999994 0.00562765 0.0606927 -0.246348
FixedParameters: 0 0 0

#Transform 17
Transform: AffineTransform_float_3_3
Parameters: 0.999999 -0.000395716 -0.00138938 0.000392207 0.999996 -0.00305819 0.00139076 0.00305781 0.999995 0.00678231 0.0476087 -0.274675
FixedParameters: 0 0 0

#Transform 18
Transform: AffineTransform_float_3_3
Parameters: 0.999999 -0.000166108 -0.00156264 0.000161174 0.999995 -0.00288174 0.00156294 0.00288125 0.999994 0.0004014 0.0471317 -0.249594
FixedParameters: 0 0 0

#Transform 19
Transform: AffineTransform_float_3_3
Parameters: 0.999998 0.00017924 -0.00163843 -0.000183494 0.999996 -0.00266104 0.00163774 0.00266096 0.999996 -0.0231105 0.0512067 -0.235952
FixedParameters: 0 0 0

#Transform 20
Transform: AffineTransform_float_3_3
Parameters: 0.999998 0.000445206 -0.00165297 -0.000448503 0.999997 -0.00246611 0.00165196 0.00246689 0.999996 -0.0180948 0.0551077 -0.217446
FixedParameters: 0 0 0

#Transform 21
Transform: AffineTransform_float_3_3
Parameters: 0.999998 0.000203742 -0.00160875 -0.000208155 0.999996 -0.00275916 0.0016079 0.00275984 0.999995 -0.0150995 0.0554068 -0.214215
FixedParameters: 0 0 0

#Transform 22
Transform: AffineTransform_float_3_3
Parameters: 0.999998 -0.000135507 -0.00191929 0.000130738 0.999997 -0.00264474 0.00191988 0.00264426 0.999995 -0.0133696 0.071935 -0.227445
FixedParameters: 0 0 0

#Transform 23
Transform: AffineTransform_float_3_3
Parameters: 0.999999 -0.000567629 -0.00173451 0.000563501 0.999996 -0.00262826 0.00173645 0.00262774 0.999995 0.00777672 0.065304 -0.225968
FixedParameters: 0 0 0

#Transform 24
Transform: AffineTransform_float_3_3
Parameters: 0.999999 -0.000478231 -0.0017727 0.0004734 0.999997 -0.00251012 0.00177445 0.00250987 0.999995 0.00612346 0.0621558 -0.21709
FixedParameters: 0 0 0

#Transform 25
Transform: AffineTransform_float_3_3
Parameters: 0.999998 -0.000665421 -0.00196455 0.000661074 0.999997 -0.00237659 0.00196666 0.00237542 0.999995 0.0191076 0.0637022 -0.206638
FixedParameters: 0 0 0

#Transform 26
Transform: AffineTransform_float_3_3
Parameters: 0.999999 -0.000567424 -0.00173458 0.000563706 0.999997 -0.00251026 0.00173638 0.00250974 0.999995 0.0079068 0.0701873 -0.197066
FixedParameters: 0 0 0

#Transform 27
Transform: AffineTransform_float_3_3
Parameters: 0.999999 -0.000338927 -0.00171693 0.000334722 0.999997 -0.00241022 0.00171791 0.00240978 0.999995 0.00963859 0.0656295 -0.180876
FixedParameters: 0 0 0

#Transform 28
Transform: AffineTransform_float_3_3
Parameters: 0.999998 -0.00065907 -0.00198582 0.000653094 0.999996 -0.00276058 0.00198841 0.00275942 0.999994 0.0119068 0.0658794 -0.217615
FixedParameters: 0 0 0

#Transform 29
Transform: AffineTransform_float_3_3
Parameters: 0.999999 -0.000411205 -0.00181999 0.000405509 0.999995 -0.00293587 0.00182136 0.00293513 0.999994 0.00450512 0.0660977 -0.2264
FixedParameters: 0 0 0

#Transform 30
Transform: AffineTransform_float_3_3
Parameters: 0.999999 -0.000702738 -0.00169524 0.000697186 0.999995 -0.00299347 0.00169747 0.00299253 0.999994 0.0104614 0.0498623 -0.234289
FixedParameters: 0 0 0

#Transform 31
Transform: AffineTransform_float_3_3
Parameters: 0.999998 -0.000639125 -0.00219881 0.000632703 0.999996 -0.00271653 0.00219992 0.00271447 0.999994 0.0163961 0.0553196 -0.217564
FixedParameters: 0 0 0

#Transform 32
Transform: AffineTransform_float_3_3
Parameters: 0.999997 -0.000641107 -0.00230911 0.000633497 0.999994 -0.0033266 0.00231115 0.0033244 0.999992 0.0169907 0.0678398 -0.238161
FixedParameters: 0 0 0

#Transform 33
Transform: AffineTransform_float_3_3
Parameters: 0.999998 -0.000649227 -0.00201071 0.000643726 0.999996 -0.00283758 0.00201295 0.00283642 0.999994 0.0158527 0.0679449 -0.216378
FixedParameters: 0 0 0

#Transform 34
Transform: AffineTransform_float_3_3
Parameters: 0.999998 -0.000703612 -0.00187101 0.00069864 0.999997 -0.00231244 0.00187269 0.00231056 0.999996 0.0146493 0.0710065 -0.185678
FixedParameters: 0 0 0

#Transform 35
Transform: AffineTransform_float_3_3
Parameters: 0.999998 -0.00102589 -0.00181813 0.00102144 0.999997 -0.00238214 0.00182013 0.00237986 0.999996 0.0265547 0.0628141 -0.21007
FixedParameters: 0 0 0

#Transform 36
Transform: AffineTransform_float_3_3
Parameters: 0.999998 -0.000738277 -0.00196606 0.000732778 0.999996 -0.00256873 0.00196788 0.00256727 0.999994 0.0110793 0.0630024 -0.215757
FixedParameters: 0 0 0

#Transform 37
Transform: AffineTransform_float_3_3
Parameters: 0.999997 -0.000855081 -0.00223477 0.000849014 0.999997 -0.00247383 0.00223795 0.00247217 0.999994 0.0325953 0.0621011 -0.213844
FixedParameters: 0 0 0

#Transform 38
Transform: AffineTransform_float_3_3
Parameters: 0.999998 -0.00101486 -0.00163804 0.00101101 0.999997 -0.00217909 0.00163997 0.00217791 0.999996 0.0197597 0.071503 -0.196265
FixedParameters: 0 0 0

#Transform 39
Transform: AffineTransform_float_3_3
Parameters: 0.999997 -0.000910458 -0.00194139 0.000904663 0.999996 -0.00257668 0.00194319 0.00257532 0.999995 0.0235902 0.0623492 -0.2158
FixedParameters: 0 0 0

#Transform 40
Transform: AffineTransform_float_3_3
Parameters: 0.999997 -0.00089312 -0.00194883 0.000889253 0.999997 -0.00217266 0.00195074 0.00217134 0.999996 0.023006 0.072494 -0.19751
FixedParameters: 0 0 0

#Transform 41
Transform: AffineTransform_float_3_3
Parameters: 0.999998 -0.000849197 -0.00169574 0.000845119 0.999997 -0.00217272 0.00169694 0.00217128 0.999996 0.0228767 0.0544203 -0.217391
FixedParameters: 0 0 0

#Transform 42
Transform: AffineTransform_float_3_3
Parameters: 0.999998 -0.000721365 -0.00175033 0.000717441 0.999997 -0.00217254 0.00175189 0.00217146 0.999996 0.0168448 0.0730524 -0.203804
FixedParameters: 0 0 0

#Transform 43
Transform: AffineTransform_float_3_3
Parameters: 0.999998 -0.000736999 -0.00174365 0.000733104 0.999997 -0.00217256 0.00174528 0.00217144 0.999996 0.0173181 0.0791279 -0.191516
FixedParameters: 0 0 0

#Transform 44
Transform: AffineTransform_float_3_3
Parameters: 0.999998 -0.000945174 -0.00165471 0.000940607 0.999997 -0.00237384 0.0016567 0.00237216 0.999996 0.0149897 0.0775161 -0.190888
FixedParameters: 0 0 0

#Transform 45
Transform: AffineTransform_float_3_3
Parameters: 0.999998 -0.000843975 -0.00182845 0.000840489 0.999997 -0.00221182 0.00183022 0.00221018 0.999995 0.0209215 0.0833809 -0.192989
FixedParameters: 0 0 0

#Transform 46
Transform: AffineTransform_float_3_3
Parameters: 0.999998 -0.00117318 -0.00192493 0.00116821 0.999997 -0.00214533 0.00192747 0.00214367 0.999996 0.0252288 0.0918199 -0.191854
FixedParameters: 0 0 0

#Transform 47
Transform: AffineTransform_float_3_3
Parameters: 0.999998 -0.00100229 -0.00175967 0.000997654 0.999996 -0.00251404 0.00176183 0.00251196 0.999995 0.0108858 0.0721034 -0.188189
FixedParameters: 0 0 0

#Transform 48
Transform: AffineTransform_float_3_3
Parameters: 0.999998 -0.00114075 -0.00170059 0.00113719 0.999997 -0.00228522 0.00170292 0.00228278 0.999997 0.0101408 0.0818647 -0.181592
FixedParameters: 0 0 0

#Transform 49
Transform: AffineTransform_float_3_3
Parameters: 0.999997 -0.000959803 -0.002165 0.000954215 0.999997 -0.002353 0.00216755 0.00235101 0.999995 0.00793657 0.0745508 -0.177661
FixedParameters: 0 0 0

#Transform 50
Transform: AffineTransform_float_3_3
Parameters: 0.999998 -0.000958849 -0.00201539 0.000955028 0.999998 -0.00186136 0.00201739 0.00185964 0.999996 0.0106633 0.0679366 -0.172461
FixedParameters: 0 0 0

#Transform 51
Transform: AffineTransform_float_3_3
Parameters: 0.999997 -0.000927565 -0.00195799 0.000922626 0.999996 -0.00267109 0.00196059 0.00266891 0.999995 0.00306187 0.0708695 -0.199107
FixedParameters: 0 0 0

#Transform 52
Transform: AffineTransform_float_3_3
Parameters: 0.999998 -0.000875518 -0.00173236 0.000871982 0.999997 -0.00208279 0.00173443 0.0020812 0.999996 -0.00535492 0.0725243 -0.1775
FixedParameters: 0 0 0

#Transform 53
Transform: AffineTransform_float_3_3
Parameters: 0.999998 -0.00108536 -0.00200598 0.00108201 0.999998 -0.00188561 0.00200719 0.00188339 0.999996 0.0135123 0.06334 -0.18306
FixedParameters: 0 0 0

#Transform 54
Transform: AffineTransform_float_3_3
Parameters: 0.999997 -0.00110248 -0.00225632 0.00109768 0.999997 -0.0020834 0.00225895 0.00208059 0.999995 0.0178681 0.0653514 -0.192904
FixedParameters: 0 0 0

#Transform 55
Transform: AffineTransform_float_3_3
Parameters: 0.999998 -0.00107783 -0.00178957 0.00107436 0.999998 -0.00189021 0.00179115 0.00188779 0.999997 0.0132095 0.0674191 -0.178613
FixedParameters: 0 0 0

#Transform 56
Transform: AffineTransform_float_3_3
Parameters: 0.999997 -0.00138563 -0.00193005 0.00138259 0.999997 -0.00187811 0.00193237 0.00187489 0.999996 0.0232723 0.0680171 -0.168179
FixedParameters: 0 0 0

#Transform 57
Transform: AffineTransform_float_3_3
Parameters: 0.999998 -0.00103291 -0.00180872 0.00102907 0.999998 -0.0019703 0.0018103 0.0019687 0.999996 0.00959746 0.0693386 -0.171879
FixedParameters: 0 0 0

#Transform 58
Transform: AffineTransform_float_3_3
Parameters: 0.999998 -0.00133863 -0.00182082 0.00133607 0.999998 -0.00171287 0.00182383 0.00171013 0.999997 0.0192274 0.066001 -0.165836
FixedParameters: 0 0 0

#Transform 59
Transform: AffineTransform_float_3_3
Parameters: 0.999998 -0.00110235 -0.00177917 0.00109863 0.999999 -0.00171239 0.00178084 0.00171061 0.999997 0.0116595 0.0739672 -0.149223
FixedParameters: 0 0 0

#Transform 60
Transform: AffineTransform_float_3_3
Parameters: 0.999997 -0.00134518 -0.00171576 0.0013422 0.999998 -0.00182489 0.00171818 0.00182311 0.999997 0.0125671 0.0742654 -0.15742
FixedParameters: 0 0 0

#Transform 61
Transform: AffineTransform_float_3_3
Parameters: 0.999998 -0.00131148 -0.00191619 0.00130794 0.999998 -0.00154058 0.00191813 0.00153841 0.999997 0.00233029 0.0679901 -0.154902
FixedParameters: 0 0 0

#Transform 62
Transform: AffineTransform_float_3_3
Parameters: 0.999997 -0.00151487 -0.00203266 0.00151211 0.999998 -0.00171331 0.00203497 0.0017107 0.999997 0.0258627 0.06957 -0.156704
FixedParameters: 0 0 0

#Transform 63
Transform: AffineTransform_float_3_3
Parameters: 0.999997 -0.0015098 -0.0022641 0.00150625 0.999997 -0.00191649 0.00226661 0.00191251 0.999995 0.0246972 0.0700424 -0.165114
FixedParameters: 0 0 0

#Transform 64
Transform: AffineTransform_float_3_3
Parameters: 0.999998 -0.00148263 -0.00177104 0.00147881 0.999997 -0.00215706 0.00177363 0.00215394 0.999997 0.0165416 0.0668628 -0.180661
FixedParameters: 0 0 0

#Transform 65
Transform: AffineTransform_float_3_3
Parameters: 0.999998 -0.00154278 -0.00174518 0.00153832 0.999996 -0.00237028 0.00174868 0.00236772 0.999995 0.00769506 0.0691931 -0.183472
FixedParameters: 0 0 0

#Transform 66
Transform: AffineTransform_float_3_3
Parameters: 0.999997 -0.00179335 -0.00163905 0.00179034 0.999998 -0.00152153 0.00164148 0.00151848 0.999998 0.0149011 0.0666975 -0.150678
FixedParameters: 0 0 0

#Transform 67
Transform: AffineTransform_float_3_3
Parameters: 0.999997 -0.00163689 -0.00170529 0.00163291 0.999996 -0.00201537 0.00170847 0.00201262 0.999996 0.0235573 0.0611012 -0.186672
FixedParameters: 0 0 0

#Transform 68
Transform: AffineTransform_float_3_3
Parameters: 0.999997 -0.00169163 -0.0018841 0.00168762 0.999997 -0.00207977 0.00188733 0.00207623 0.999996 0.0179337 0.0754683 -0.188907
FixedParameters: 0 0 0

#Transform 69
Transform: AffineTransform_float_3_3
Parameters: 0.999997 -0.00143297 -0.00187988 0.0014279 0.999995 -0.00285277 0.00188346 0.00285024 0.999995 0.0143956 0.0811057 -0.228485
FixedParameters: 0 0 0

#Transform 70
Transform: AffineTransform_float_3_3
Parameters: 0.999998 -0.00151391 -0.00175767 0.00151011 0.999997 -0.0021691 0.00176043 0.00216591 0.999997 0.000921237 0.0664952 -0.199534
FixedParameters: 0 0 0

#Transform 71
Transform: AffineTransform_float_3_3
Parameters: 0.999997 -0.0014509 -0.00194877 0.00144666 0.999997 -0.00216926 0.00195217 0.00216574 0.999996 0.00572745 0.0619762 -0.193418
FixedParameters: 0 0 0

#Transform 72
Transform: AffineTransform_float_3_3
Parameters: 0.999997 -0.00159521 -0.00195776 0.00159156 0.999996 -0.00224256 0.00196164 0.00223844 0.999995 0.0102226 0.0636157 -0.191372
FixedParameters: 0 0 0

#Transform 73
Transform: AffineTransform_float_3_3
Parameters: 0.999997 -0.00161647 -0.00171363 0.00161191 0.999995 -0.00244435 0.00171772 0.00244164 0.999995 0.0180494 0.071658 -0.179648
FixedParameters: 0 0 0

#Transform 74
Transform: AffineTransform_float_3_3
Parameters: 0.999997 -0.0013418 -0.00199527 0.0013376 0.999997 -0.00233975 0.00199827 0.00233725 0.999996 0.00854147 0.07094 -0.180892
FixedParameters: 0 0 0

#Transform 75
Transform: AffineTransform_float_3_3
Parameters: 0.999996 -0.00123572 -0.00247874 0.00122879 0.999995 -0.00288262 0.00248271 0.00287938 0.999993 0.0219275 0.0638482 -0.181505
FixedParameters: 0 0 0

#Transform 76
Transform: AffineTransform_float_3_3
Parameters: 0.999997 -0.00153597 -0.00222405 0.00152933 0.999995 -0.00297049 0.00222818 0.00296652 0.999993 0.0274911 0.0622998 -0.20858
FixedParameters: 0 0 0

#Transform 77
Transform: AffineTransform_float_3_3
Parameters: 0.999997 -0.00113122 -0.00239073 0.00112381 0.999995 -0.00308762 0.00239457 0.00308438 0.999992 0.00967343 0.068524 -0.221666
FixedParameters: 0 0 0

#Transform 78
Transform: AffineTransform_float_3_3
Parameters: 0.999995 -0.00165536 -0.00263211 0.00164767 0.999995 -0.00271106 0.00263609 0.00270594 0.999993 0.0151098 0.054227 -0.235657
FixedParameters: 0 0 0

#Transform 79
Transform: AffineTransform_float_3_3
Parameters: 0.999994 -0.00165388 -0.00283046 0.00164448 0.999993 -0.00321618 0.00283623 0.00321182 0.99999 0.037312 0.055049 -0.255988
FixedParameters: 0 0 0

#Transform 80
Transform: AffineTransform_float_3_3
Parameters: 0.999995 -0.00157019 -0.00269908 0.00156272 0.999995 -0.00250358 0.00270326 0.00249941 0.999993 0.0205476 0.0536283 -0.229744
FixedParameters: 0 0 0

#Transform 81
Transform: AffineTransform_float_3_3
Parameters: 0.999994 -0.00191876 -0.00270013 0.00191164 0.999994 -0.00253668 0.00270487 0.00253131 0.999993 0.0234912 0.0711853 -0.22398
FixedParameters: 0 0 0

#Transform 82
Transform: AffineTransform_float_3_3
Parameters: 0.999995 -0.00159152 -0.00252149 0.00158504 0.999997 -0.00230287 0.00252554 0.00229912 0.999994 0.0125958 0.0624474 -0.199348
FixedParameters: 0 0 0

#Transform 83
Transform: AffineTransform_float_3_3
Parameters: 0.999995 -0.00184703 -0.00253413 0.00184102 0.999996 -0.0023037 0.00253805 0.0022993 0.999994 0.0205464 0.0776324 -0.198548
FixedParameters: 0 0 0

#Transform 84
Transform: AffineTransform_float_3_3
Parameters: 0.999994 -0.00182081 -0.00287131 0.00181263 0.999995 -0.00273073 0.00287586 0.00272527 0.999992 0.0336429 0.0682747 -0.218663
FixedParameters: 0 0 0

#Transform 85
Transform: AffineTransform_float_3_3
Parameters: 0.999995 -0.00181002 -0.00280716 0.00180181 0.999993 -0.00312658 0.00281231 0.00312142 0.999991 0.0347261 0.0687341 -0.217948
FixedParameters: 0 0 0

#Transform 86
Transform: AffineTransform_float_3_3
Parameters: 0.999996 -0.00180454 -0.00246502 0.00179798 0.999995 -0.00266531 0.00246965 0.00266069 0.999993 0.0214844 0.0737632 -0.204279
FixedParameters: 0 0 0

#Transform 87
Transform: AffineTransform_float_3_3
Parameters: 0.999995 -0.00174493 -0.00239179 0.0017386 0.999996 -0.00231604 0.00239566 0.00231196 0.999995 0.0202591 0.0670781 -0.186742
FixedParameters: 0 0 0

#Transform 88
Transform: AffineTransform_float_3_3
Parameters: 0.999995 -0.00190159 -0.00232474 0.00189675 0.999995 -0.00245529 0.00232909 0.00245071 0.999994 0.0211325 0.0756302 -0.198234
FixedParameters: 0 0 0

#Transform 89
Transform: AffineTransform_float_3_3
Parameters: 0.999997 -0.00158811 -0.00219446 0.0015831 0.999996 -0.00243071 0.00219759 0.00242729 0.999994 0.00410578 0.0745529 -0.174669
FixedParameters: 0 0 0

#Transform 90
Transform: AffineTransform_float_3_3
Parameters: 0.999997 -0.00153415 -0.00193284 0.00152989 0.999996 -0.00209204 0.00193545 0.00208896 0.999996 -0.0108585 0.0791906 -0.163214
FixedParameters: 0 0 0

#Transform 91
Transform: AffineTransform_float_3_3
Parameters: 0.999996 -0.00197796 -0.00229248 0.00197319 0.999996 -0.00207691 0.00229649 0.00207209 0.999995 0.0173651 0.0652011 -0.178368
FixedParameters: 0 0 0

#Transform 92
Transform: AffineTransform_float_3_3
Parameters: 0.999997 -0.00154776 -0.00216722 0.00154263 0.999996 -0.00227843 0.00217007 0.00227458 0.999995 0.00277989 0.0732228 -0.171628
FixedParameters: 0 0 0

#Transform 93
Transform: AffineTransform_float_3_3
Parameters: 0.999996 -0.00148814 -0.00215459 0.00148323 0.999996 -0.00233028 0.00215825 0.00232672 0.999995 0.00319751 0.0748053 -0.170574
FixedParameters: 0 0 0

#Transform 94
Transform: AffineTransform_float_3_3
Parameters: 0.999997 -0.00207116 -0.00163304 0.00206734 0.999994 -0.00278013 0.00163904 0.00277688 0.999995 0.0240756 0.0907462 -0.236061
FixedParameters: 0 0 0

#Transform 95
Transform: AffineTransform_float_3_3
Parameters: 0.999995 -0.0018439 -0.00231797 0.00183882 0.999996 -0.00231729 0.00232193 0.00231371 0.999995 0.00620651 0.08688 -0.173834
FixedParameters: 0 0 0

#Transform 96
Transform: AffineTransform_float_3_3
Parameters: 0.999995 -0.00182626 -0.00227903 0.0018214 0.999996 -0.00199003 0.00228341 0.00198597 0.999996 -0.00268197 0.083243 -0.163463
FixedParameters: 0 0 0

#Transform 97
Transform: AffineTransform_float_3_3
Parameters: 0.999994 -0.00206636 -0.00269503 0.00206044 0.999996 -0.00215023 0.00269932 0.00214478 0.999994 0.0212164 0.062247 -0.184515
FixedParameters: 0 0 0

#Transform 98
Transform: AffineTransform_float_3_3
Parameters: 0.999995 -0.00233802 -0.00210125 0.00233125 0.999992 -0.00320745 0.00210902 0.00320255 0.999992 0.0448624 0.0713852 -0.236199
FixedParameters: 0 0 0

#Transform 99
Transform: AffineTransform_float_3_3
Parameters: 0.999997 -0.00182273 -0.00197066 0.00181708 0.999993 -0.00310082 0.00197697 0.00309718 0.999993 0.0114806 0.0469132 -0.203773
FixedParameters: 0 0 0

#Transform 100
Transform: AffineTransform_float_3_3
Parameters: 0.999996 -0.00185062 -0.00212306 0.00184657 0.999997 -0.00185431 0.00212612 0.00185069 0.999996 -0.0136712 0.0585744 -0.17598
FixedParameters: 0 0 0

#Transform 101
Transform: AffineTransform_float_3_3
Parameters: 0.999994 -0.00182905 -0.00273004 0.00182336 0.999997 -0.0021515 0.00273423 0.00214651 0.999994 0.00533895 0.065998 -0.187501
FixedParameters: 0 0 0

#Transform 102
Transform: AffineTransform_float_3_3
Parameters: 0.999993 -0.00210844 -0.00292154 0.00210254 0.999995 -0.00236146 0.00292703 0.00235554 0.999993 -0.00208469 0.0742248 -0.202017
FixedParameters: 0 0 0

#Transform 103
Transform: AffineTransform_float_3_3
Parameters: 0.999996 -0.00193819 -0.00231678 0.00193282 0.999995 -0.00238036 0.00232141 0.00237564 0.999995 -0.0100305 0.0625201 -0.165403
FixedParameters: 0 0 0

#Transform 104
Transform: AffineTransform_float_3_3
Parameters: 0.999997 -0.00173556 -0.00210425 0.00173131 0.999995 -0.00244688 0.00210907 0.00244312 0.999994 -0.0172755 0.0641297 -0.16561
FixedParameters: 0 0 0

#Transform 105
Transform: AffineTransform_float_3_3
Parameters: 0.999996 -0.0015603 -0.0021023 0.00155653 0.999997 -0.00190051 0.00210534 0.0018975 0.999996 -0.0166227 0.045975 -0.145725
FixedParameters: 0 0 0

#Transform 106
Transform: AffineTransform_float_3_3
Parameters: 0.999994 -0.0019893 -0.0025672 0.00198542 0.999996 -0.00193561 0.00257123 0.00193039 0.999995 0.00030517 0.0598289 -0.164904
FixedParameters: 0 0 0

#Transform 107
Transform: AffineTransform_float_3_3
Parameters: 0.999996 -0.00189691 -0.00233438 0.00189126 0.999995 -0.00242344 0.00233898 0.00241955 0.999994 -0.0111291 0.0638258 -0.185249
FixedParameters: 0 0 0

#Transform 108
Transform: AffineTransform_float_3_3
Parameters: 0.999997 -0.0017662 -0.0020868 0.00176068 0.999996 -0.0024587 0.00209128 0.0024563 0.999995 -0.016347 0.0772565 -0.176142
FixedParameters: 0 0 0

#Transform 109
Transform: AffineTransform_float_3_3
Parameters: 0.999995 -0.00174522 -0.00239946 0.00174048 0.999996 -0.0020579 0.00240336 0.0020531 0.999995 -0.0156878 0.0711215 -0.156621
FixedParameters: 0 0 0

#Transform 110
Transform: AffineTransform_float_3_3
Parameters: 0.999995 -0.00177786 -0.00238568 0.00177413 0.999997 -0.00185711 0.00238901 0.00185289 0.999996 -0.00157044 0.0803513 -0.14121
FixedParameters: 0 0 0

#Transform 111
Transform: AffineTransform_float_3_3
Parameters: 0.999996 -0.00198758 -0.0022958 0.00198193 0.999995 -0.00226343 0.00230059 0.00225857 0.999995 0.00609912 0.0806981 -0.154588
FixedParameters: 0 0 0

#Transform 112
Transform: AffineTransform_float_3_3
Parameters: 0.999995 -0.00223771 -0.0021743 0.00223358 0.999995 -0.00182888 0.00217867 0.00182411 0.999996 -0.0014993 0.0925858 -0.139091
FixedParameters: 0 0 0

#Transform 113
Transform: AffineTransform_float_3_3
Parameters: 0.999996 -0.00215309 -0.00184002 0.00215021 0.999996 -0.0015697 0.00184336 0.0015653 0.999997 -0.00555958 0.0805413 -0.122615
FixedParameters: 0 0 0

#Transform 114
Transform: AffineTransform_float_3_3
Parameters: 0.999994 -0.00202696 -0.00259163 0.00202361 0.999997 -0.00163912 0.00259499 0.00163288 0.999995 0.00789581 0.0795057 -0.13237
FixedParameters: 0 0 0

#Transform 115
Transform: AffineTransform_float_3_3
Parameters: 0.999992 -0.00230535 -0.00341251 0.00227455 0.999957 -0.00907878 0.00343318 0.00907022 0.999953 0.00646756 0.0384728 -0.486142
FixedParameters: 0 0 0

#Transform 116
Transform: AffineTransform_float_3_3
Parameters: 0.999989 -0.00384265 -0.00294511 0.00378676 0.999812 -0.0189987 0.00301788 0.0189872 0.999815 0.077436 0.0206051 -0.885029
FixedParameters: 0 0 0

#Transform 117
Transform: AffineTransform_float_3_3
Parameters: 0.999988 -0.00291205 -0.00399675 0.00285231 0.999885 -0.0149074 0.0040398 0.0148956 0.999881 0.0236945 -0.0122724 -0.699729
FixedParameters: 0 0 0

#Transform 118
Transform: AffineTransform_float_3_3
Parameters: 0.999991 -0.00285255 -0.00333596 0.00281467 0.999932 -0.011291 0.00336867 0.011282 0.999931 0.0127583 0.051102 -0.433131
FixedParameters: 0 0 0

#Transform 119
Transform: AffineTransform_float_3_3
Parameters: 0.999993 -0.00251976 -0.0025238 0.0024979 0.99996 -0.00855217 0.00254563 0.00854582 0.99996 -0.00897282 0.0602026 -0.349159
FixedParameters: 0 0 0

#Transform 120
Transform: AffineTransform_float_3_3
Parameters: 0.999994 -0.00233264 -0.00231162 0.00231463 0.999966 -0.00788342 0.00233058 0.00787759 0.999967 -0.00314621 0.0627898 -0.315596
FixedParameters: 0 0 0

#Transform 121
Transform: AffineTransform_float_3_3
Parameters: 0.999993 -0.00302429 -0.0022179 0.00300919 0.99997 -0.00720756 0.00224002 0.00720044 0.999972 0.0331706 0.0539719 -0.300831
FixedParameters: 0 0 0

#Transform 122
Transform: AffineTransform_float_3_3
Parameters: 0.999992 -0.00292564 -0.002439 0.00290883 0.999973 -0.00680063 0.00245863 0.00679338 0.999974 0.0266519 0.0516709 -0.290986
FixedParameters: 0 0 0

#Transform 123
Transform: AffineTransform_float_3_3
Parameters: 0.999994 -0.00282688 -0.00233406 0.00281042 0.999971 -0.00711194 0.00235503 0.00710507 0.999973 0.0168526 0.0529102 -0.30149
FixedParameters: 0 0 0

#Transform 124
Transform: AffineTransform_float_3_3
Parameters: 0.999994 -0.00279679 -0.00229126 0.00277857 0.999965 -0.00785489 0.00231331 0.0078491 0.999966 -0.00303593 0.0393472 -0.348617
FixedParameters: 0 0 0

#Transform 125
Transform: AffineTransform_float_3_3
Parameters: 0.99999 -0.00274954 -0.00366777 0.00270661 0.999928 -0.0116404 0.00369897 0.0116296 0.999925 -0.00279039 0.00964945 -0.507729
FixedParameters: 0 0 0

#Transform 126
Transform: AffineTransform_float_3_3
Parameters: 0.999918 -0.00652827 -0.0110355 0.00571999 0.997408 -0.0717171 0.0114752 0.0716478 0.997364 -0.0559383 -0.217 -2.95438
FixedParameters: 0 0 0

#Transform 127
Transform: AffineTransform_float_3_3
Parameters: 0.999981 -0.00283708 -0.00558992 0.00261637 0.999235 -0.0390329 0.00569644 0.0390171 0.999222 -0.136505 -0.173223 -1.14454
FixedParameters: 0 0 0

#Transform 128
Transform: AffineTransform_float_3_3
Parameters: 0.999985 -0.00362162 -0.00421749 0.00370419 0.999798 0.019724 0.00414486 -0.019739 0.999797 -0.0375907 0.344975 1.47709
FixedParameters: 0 0 0

#Transform 129
Transform: AffineTransform_float_3_3
Parameters: 0.999993 -0.00240407 -0.00281084 0.00240633 0.999997 0.000657428 0.00280936 -0.00066457 0.999995 -0.0778606 0.0990003 0.420859
FixedParameters: 0 0 0

#Transform 130
Transform: AffineTransform_float_3_3
Parameters: 0.999995 -0.00207059 -0.00260152 0.0020675 0.999997 -0.00140405 0.00260445 0.00139895 0.999995 -0.0964782 0.115043 0.305787
FixedParameters: 0 0 0

#Transform 131
Transform: AffineTransform_float_3_3
Parameters: 0.999994 -0.00158188 -0.00328457 0.0015735 0.999995 -0.00267803 0.0032891 0.00267197 0.999991 -0.116459 0.125467 0.236907
FixedParameters: 0 0 0

#Transform 132
Transform: AffineTransform_float_3_3
Parameters: 0.999997 -0.00170698 -0.00202672 0.00170622 0.999998 -0.000546686 0.00202688 0.000543316 0.999997 -0.0891284 0.162387 0.328826
FixedParameters: 0 0 0

#Transform 133
Transform: AffineTransform_float_3_3
Parameters: 0.999997 -0.00215443 -0.000474004 0.00215628 0.999989 0.00395768 0.000465339 -0.00395832 0.999992 -0.0205935 0.191899 0.347867
FixedParameters: 0 0 0

#Transform 134
Transform: AffineTransform_float_3_3
Parameters: 0.999998 -0.00162549 -0.00109199 0.0016244 0.999997 -0.00158257 0.00109504 0.00158043 0.999999 -0.0674903 0.139468 0.155842
FixedParameters: 0 0 0

#Transform 135
Transform: AffineTransform_float_3_3
Parameters: 0.999998 -0.00115242 -0.0012165 0.00115094 0.999998 -0.00158184 0.00121805 0.00158117 0.999998 -0.103043 0.134542 0.148306
FixedParameters: 0 0 0

#Transform 136
Transform: AffineTransform_float_3_3
Parameters: 0.999998 -0.00128316 -0.00157469 0.00128019 0.999997 -0.00198945 0.0015773 0.00198755 0.999997 -0.101973 0.130786 0.140176
FixedParameters: 0 0 0

#Transform 137
Transform: AffineTransform_float_3_3
Parameters: 0.999998 -0.00119943 -0.00161592 0.00119662 0.999998 -0.00188637 0.00161795 0.00188463 0.999997 -0.11571 0.133321 0.131654
FixedParameters: 0 0 0

#Transform 138
Transform: AffineTransform_float_3_3
Parameters: 0.999997 -0.00118219 -0.0017818 0.0011779 0.999997 -0.00238454 0.00178455 0.00238246 0.999995 -0.0968086 0.140971 0.128219
FixedParameters: 0 0 0

#Transform 139
Transform: AffineTransform_float_3_3
Parameters: 0.999998 -0.00101237 -0.00182172 0.00100763 0.999996 -0.00245412 0.0018238 0.00245188 0.999995 -0.105119 0.135927 0.125808
FixedParameters: 0 0 0

#Transform 140
Transform: AffineTransform_float_3_3
Parameters: 0.999997 -0.00129914 -0.00173755 0.00129592 0.999997 -0.00187369 0.00173992 0.00187131 0.999997 -0.0997014 0.100044 0.194262
FixedParameters: 0 0 0

#Transform 141
Transform: AffineTransform_float_3_3
Parameters: 0.999997 -0.00161421 -0.0017655 0.00160948 0.999995 -0.00268044 0.00176995 0.00267756 0.999995 -0.0788095 0.11508 0.159409
FixedParameters: 0 0 0

#Transform 142
Transform: AffineTransform_float_3_3
Parameters: 0.999997 -0.00154258 -0.0018823 0.00153756 0.999996 -0.00234813 0.00188573 0.00234587 0.999996 -0.0864689 0.120186 0.152534
FixedParameters: 0 0 0

#Transform 143
Transform: AffineTransform_float_3_3
Parameters: 0.999997 -0.00152659 -0.00203596 0.0015219 0.999997 -0.00231433 0.00203883 0.00231167 0.999995 -0.10207 0.117068 0.166876
FixedParameters: 0 0 0

#Transform 144
Transform: AffineTransform_float_3_3
Parameters: 0.999996 -0.00176237 -0.0021929 0.0017576 0.999995 -0.00238009 0.00219669 0.00237591 0.999994 -0.0798919 0.110413 0.152961
FixedParameters: 0 0 0

#Transform 145
Transform: AffineTransform_float_3_3
Parameters: 0.999997 -0.0017135 -0.002079 0.00170865 0.999996 -0.00230579 0.0020827 0.00230221 0.999995 -0.0840644 0.127983 0.173271
FixedParameters: 0 0 0

#Transform 146
Transform: AffineTransform_float_3_3
Parameters: 0.999996 -0.00177936 -0.0022336 0.00177407 0.999996 -0.0022452 0.00223738 0.0022408 0.999995 -0.0883829 0.133588 0.17146
FixedParameters: 0 0 0

#Transform 147
Transform: AffineTransform_float_3_3
Parameters: 0.999996 -0.00148464 -0.00216912 0.00147954 0.999996 -0.00235644 0.00217284 0.00235356 0.999995 -0.0961128 0.127778 0.17987
FixedParameters: 0 0 0

#Transform 148
Transform: AffineTransform_float_3_3
Parameters: 0.999996 -0.00144206 -0.00219499 0.00143738 0.999997 -0.00223524 0.00219816 0.00223177 0.999995 -0.0919021 0.12093 0.180171
FixedParameters: 0 0 0

#Transform 149
Transform: AffineTransform_float_3_3
Parameters: 0.999996 -0.00149385 -0.00217279 0.00148868 0.999996 -0.00236932 0.00217659 0.00236568 0.999995 -0.0861266 0.130876 0.199555
FixedParameters: 0 0 0

#Transform 150
Transform: AffineTransform_float_3_3
Parameters: 0.999996 -0.00158034 -0.0023413 0.00157475 0.999995 -0.00248641 0.00234548 0.00248259 0.999994 -0.0833388 0.122197 0.186704
FixedParameters: 0 0 0

#Transform 151
Transform: AffineTransform_float_3_3
Parameters: 0.999996 -0.00184948 -0.00239837 0.00184477 0.999997 -0.00216246 0.00240177 0.00215855 0.999995 -0.0756628 0.14478 0.198705
FixedParameters: 0 0 0

#Transform 152
Transform: AffineTransform_float_3_3
Parameters: 0.999996 -0.00185011 -0.00202084 0.00184543 0.999996 -0.00210197 0.00202481 0.00209804 0.999996 -0.0750118 0.127281 0.208854
FixedParameters: 0 0 0

#Transform 153
Transform: AffineTransform_float_3_3
Parameters: 0.999996 -0.00180109 -0.00249501 0.00179505 0.999996 -0.00234636 0.00249886 0.00234164 0.999994 -0.0762995 0.134671 0.196963
FixedParameters: 0 0 0

#Transform 154
Transform: AffineTransform_float_3_3
Parameters: 0.999996 -0.00190659 -0.00213008 0.00190164 0.999995 -0.00248993 0.00213498 0.00248607 0.999995 -0.0772196 0.133217 0.179589
FixedParameters: 0 0 0

#Transform 155
Transform: AffineTransform_float_3_3
Parameters: 0.999997 -0.00140312 -0.00232368 0.00139849 0.999997 -0.00210097 0.0023263 0.00209803 0.999995 -0.0960658 0.13547 0.197755
FixedParameters: 0 0 0

#Transform 156
Transform: AffineTransform_float_3_3
Parameters: 0.999996 -0.00126638 -0.00226572 0.00126106 0.999997 -0.00210243 0.00226815 0.00209957 0.999996 -0.10014 0.133088 0.194525
FixedParameters: 0 0 0

#Transform 157
Transform: AffineTransform_float_3_3
Parameters: 0.999997 -0.00139682 -0.0023055 0.00139086 0.999996 -0.00260629 0.00230911 0.00260271 0.999994 -0.0870139 0.130689 0.183542
FixedParameters: 0 0 0

#Transform 158
Transform: AffineTransform_float_3_3
Parameters: 0.999992 -0.00199437 -0.00365894 0.0019692 0.999975 -0.00679318 0.00367215 0.00678582 0.999971 -0.0849741 0.14906 -0.036613
FixedParameters: 0 0 0

#Transform 159
Transform: AffineTransform_float_3_3
Parameters: 0.999992 -0.00174531 -0.00357179 0.00172346 0.99998 -0.00603748 0.0035815 0.00603152 0.999975 -0.102078 0.145901 0.0256511
FixedParameters: 0 0 0

#Transform 160
Transform: AffineTransform_float_3_3
Parameters: 0.999993 -0.00189769 -0.0034474 0.00187867 0.999983 -0.00557731 0.00345801 0.00557069 0.999978 -0.0900728 0.125208 0.0307621
FixedParameters: 0 0 0

#Transform 161
Transform: AffineTransform_float_3_3
Parameters: 0.999992 -0.00163585 -0.0034819 0.00161701 0.999984 -0.00528915 0.00349036 0.00528285 0.99998 -0.103606 0.13261 0.0406294
FixedParameters: 0 0 0

#Transform 162
Transform: AffineTransform_float_3_3
Parameters: 0.999993 -0.00189171 -0.00342796 0.00187086 0.99998 -0.00614225 0.00343984 0.00613575 0.999975 -0.0845042 0.120001 0.0171502
FixedParameters: 0 0 0

#Transform 163
Transform: AffineTransform_float_3_3
Parameters: 0.999992 -0.00186976 -0.00338096 0.00185033 0.999982 -0.00574694 0.00339189 0.00574007 0.999978 -0.0915272 0.129243 0.0292364
FixedParameters: 0 0 0

#Transform 164
Transform: AffineTransform_float_3_3
Parameters: 0.999992 -0.00204251 -0.0033817 0.00202383 0.999983 -0.00557768 0.00339301 0.00557033 0.999979 -0.0856848 0.12899 0.0377108
FixedParameters: 0 0 0

#Transform 165
Transform: AffineTransform_float_3_3
Parameters: 0.999992 -0.00179959 -0.00337436 0.00178163 0.999984 -0.00527069 0.00338357 0.00526431 0.99998 -0.0875276 0.138901 0.0518764
FixedParameters: 0 0 0

#Transform 166
Transform: AffineTransform_float_3_3
Parameters: 0.999992 -0.00190491 -0.00346501 0.0018863 0.999983 -0.00549001 0.00347538 0.005484 0.999979 -0.072179 0.131742 0.0519473
FixedParameters: 0 0 0

#Transform 167
Transform: AffineTransform_float_3_3
Parameters: 0.999992 -0.00186185 -0.00336487 0.00184326 0.999983 -0.00551267 0.00337524 0.00550733 0.999979 -0.0812948 0.124386 0.0359374
FixedParameters: 0 0 0

#Transform 168
Transform: AffineTransform_float_3_3
Parameters: 0.999993 -0.00183935 -0.00331363 0.00182107 0.999984 -0.00541271 0.00332377 0.00540629 0.99998 -0.0823788 0.132752 0.0476144
FixedParameters: 0 0 0

#Transform 169
Transform: AffineTransform_float_3_3
Parameters: 0.999993 -0.00208416 -0.00326904 0.00206608 0.999983 -0.00553659 0.00328104 0.00552942 0.99998 -0.0825067 0.129542 0.0474007
FixedParameters: 0 0 0

#Transform 170
Transform: AffineTransform_float_3_3
Parameters: 0.999993 -0.00193573 -0.00324692 0.00191713 0.999982 -0.00565405 0.00325773 0.00564795 0.999979 -0.0900023 0.130404 0.0439333
FixedParameters: 0 0 0

#Transform 171
Transform: AffineTransform_float_3_3
Parameters: 0.999994 -0.00177443 -0.00303672 0.00175739 0.999984 -0.00539837 0.0030469 0.00539264 0.999981 -0.0846754 0.136385 0.0758626
FixedParameters: 0 0 0

#Transform 172
Transform: AffineTransform_float_3_3
Parameters: 0.999991 -0.00208211 -0.00367597 0.00206045 0.999981 -0.0057867 0.00368779 0.00577931 0.999977 -0.071594 0.126064 0.0635721
FixedParameters: 0 0 0

#Transform 173
Transform: AffineTransform_float_3_3
Parameters: 0.999993 -0.00186104 -0.00304709 0.00184285 0.999982 -0.0058058 0.00305801 0.0058002 0.999978 -0.0749651 0.11943 0.069916
FixedParameters: 0 0 0

#Transform 174
Transform: AffineTransform_float_3_3
Parameters: 0.999993 -0.00200165 -0.00317063 0.00198435 0.999983 -0.00558512 0.00318191 0.00557889 0.99998 -0.0755672 0.119256 0.0881604
FixedParameters: 0 0 0

#Transform 175
Transform: AffineTransform_float_3_3
Parameters: 0.999991 -0.00229689 -0.00357768 0.00227493 0.999979 -0.00605778 0.00359191 0.00604923 0.999975 -0.065649 0.128545 0.0652741
FixedParameters: 0 0 0

#Transform 176
Transform: AffineTransform_float_3_3
Parameters: 0.999992 -0.00236069 -0.0031575 0.00233957 0.999975 -0.00660438 0.00317323 0.00659662 0.999973 -0.0472659 0.164572 0.0322665
FixedParameters: 0 0 0

#Transform 177
Transform: AffineTransform_float_3_3
Parameters: 0.999995 -0.00205432 -0.0024439 0.00203637 0.999972 -0.00723704 0.00245845 0.00723197 0.999971 -0.0572419 0.111369 0.00784942
FixedParameters: 0 0 0

#Transform 178
Transform: AffineTransform_float_3_3
Parameters: 0.999994 -0.00211375 -0.00258293 0.00209532 0.999973 -0.00701611 0.00259833 0.00701089 0.999972 -0.0513264 0.124014 0.0298234
FixedParameters: 0 0 0

#Transform 179
Transform: AffineTransform_float_3_3
Parameters: 0.999994 -0.00199834 -0.00260501 0.00198186 0.999977 -0.00648585 0.00261801 0.00648114 0.999975 -0.0628858 0.126546 0.0370733
FixedParameters: 0 0 0
