#Insight Transform File V1.0
#Transform 0
Transform: AffineTransform_float_3_3
Parameters: 1 -0.000160671 1.80525e-05 0.000160633 1 0.001044 -1.83879e-05 -0.001044 1 0.0898458 -0.337049 -0.474627
FixedParameters: 0 0 0

#Transform 1
Transform: AffineTransform_float_3_3
Parameters: 0.999998 0.0017298 -0.000116616 -0.00173028 0.999997 -0.00150131 0.000113653 0.00150169 0.999999 -0.0281548 0.00855136 -0.0482083
FixedParameters: 0 0 0

#Transform 2
Transform: AffineTransform_float_3_3
Parameters: 0.999998 0.00190362 0.000112133 -0.0019027 0.99999 -0.00408789 -0.000120078 0.00408812 0.999992 -0.0427767 0.0183972 -0.106116
FixedParameters: 0 0 0

#Transform 3
Transform: AffineTransform_float_3_3
Parameters: 0.999998 0.00159023 6.32091e-05 -0.0015901 0.999994 -0.00310362 -6.86158e-05 0.00310338 0.999995 -0.00799709 0.0266068 -0.119561
FixedParameters: 0 0 0

#Transform 4
Transform: AffineTransform_float_3_3
Parameters: 0.999999 0.00146221 0.000106908 -0.00146269 0.999994 -0.00326931 -0.000111617 0.00326969 0.999995 -0.0125631 0.037413 -0.10796
FixedParameters: 0 0 0

#Transform 5
Transform: AffineTransform_float_3_3
Parameters: 0.999998 0.00165278 0.000551811 -0.00165127 0.999993 -0.00327007 -0.000557369 0.00326893 0.999995 -0.0123871 0.0293197 -0.0914524
FixedParameters: 0 0 0

#Transform 6
Transform: AffineTransform_float_3_3
Parameters: 0.999999 0.00127044 0.00036887 -0.0012687 0.999991 -0.00395862 -0.000374067 0.00395837 0.999992 -0.00752292 0.019683 -0.0933453
FixedParameters: 0 0 0

#Transform 7
Transform: AffineTransform_float_3_3
Parameters: 0.999999 0.000700926 0.000540364 -0.000698989 0.999992 -0.00397353 -0.000543834 0.00397347 0.999992 -0.000610147 0.0266316 -0.0137302
FixedParameters: 0 0 0

#Transform 8
Transform: AffineTransform_float_3_3
Parameters: 0.999999 0.000591328 0.000805998 -0.000586949 0.999989 -0.00451012 -0.000807908 0.00450988 0.99999 0.000631967 0.0230635 -0.0439063
FixedParameters: 0 0 0

#Transform 9
Transform: AffineTransform_float_3_3
Parameters: 1 0.000707275 0.00075607 -0.000702968 0.999988 -0.00475633 -0.000759374 0.00475667 0.999988 -0.00567797 -0.000528377 -0.0912565
FixedParameters: 0 0 0

#Transform 10
Transform: AffineTransform_float_3_3
Parameters: 1 0.000479708 0.000294036 -0.000478236 0.999983 -0.00584529 -0.000296622 0.0058457 0.999982 0.00221941 -0.00155083 -0.131023
FixedParameters: 0 0 0

#Transform 11
Transform: AffineTransform_float_3_3
Parameters: 1 0.000229384 8.71811e-05 -0.000229718 0.99998 -0.00635617 -8.83974e-05 0.00635682 0.999979 0.0116504 0.0102743 -0.0905655
FixedParameters: 0 0 0

#Transform 12
Transform: AffineTransform_float_3_3
Parameters: 1 0.000340073 0.000237664 -0.000338574 0.999981 -0.00617208 -0.000240151 0.00617192 0.999981 0.00411736 0.00845729 -0.0529422
FixedParameters: 0 0 0

#Transform 13
Transform: AffineTransform_float_3_3
Parameters: 0.999998 0.00148146 0.00117061 -0.00147413 0.99998 -0.00620569 -0.00118044 0.00620432 0.99998 -0.0106519 -0.00141079 -0.110288
FixedParameters: 0 0 0

#Transform 14
Transform: AffineTransform_float_3_3
Parameters: 0.999999 0.000784364 0.000964963 -0.000778051 0.999977 -0.0066634 -0.000970407 0.0066626 0.999978 0.000190984 -0.0142924 -0.112264
FixedParameters: 0 0 0

#Transform 15
Transform: AffineTransform_float_3_3
Parameters: 1 0.000528602 0.00105921 -0.000521732 0.999978 -0.0065262 -0.00106202 0.0065258 0.999978 0.0293687 -0.00175536 -0.154518
FixedParameters: 0 0 0

#Transform 16
Transform: AffineTransform_float_3_3
Parameters: 0.999999 0.000363641 0.000852712 -0.000358017 0.999975 -0.00706631 -0.000855077 0.00706569 0.999974 0.0250324 -0.00558349 -0.153829
FixedParameters: 0 0 0

#Transform 17
Transform: AffineTransform_float_3_3
Parameters: 1 0.000216237 0.000644154 -0.000210642 0.999968 -0.00790713 -0.000645575 0.00790686 0.999968 0.0261151 -0.0257425 -0.217551
FixedParameters: 0 0 0

#Transform 18
Transform: AffineTransform_float_3_3
Parameters: 1 0.00021158 0.000240549 -0.000209561 0.999958 -0.00909004 -0.000242284 0.00908994 0.999958 0.0310163 -0.0333525 -0.251228
FixedParameters: 0 0 0

#Transform 19
Transform: AffineTransform_float_3_3
Parameters: 1 0.000337367 0.000386433 -0.000333413 0.999957 -0.00932914 -0.000390207 0.00932888 0.999957 0.0202059 -0.0329495 -0.254194
FixedParameters: 0 0 0

#Transform 20
Transform: AffineTransform_float_3_3
Parameters: 1 0.000307019 0.000216348 -0.000304812 0.999954 -0.00961206 -0.000219216 0.00961193 0.999954 0.00432518 -0.0321034 -0.233925
FixedParameters: 0 0 0

#Transform 21
Transform: AffineTransform_float_3_3
Parameters: 0.999999 0.000517659 0.000785467 -0.000508826 0.999947 -0.0103636 -0.000790748 0.0103634 0.999946 0.0013282 -0.0354788 -0.267411
FixedParameters: 0 0 0

#Transform 22
Transform: AffineTransform_float_3_3
Parameters: 0.999999 0.000651454 0.000727031 -0.000644347 0.999947 -0.0103636 -0.000733791 0.0103634 0.999946 0.016896 -0.0381417 -0.260542
FixedParameters: 0 0 0

#Transform 23
Transform: AffineTransform_float_3_3
Parameters: 0.999999 0.000520633 0.000784325 -0.000512294 0.999955 -0.0094834 -0.000789154 0.00948259 0.999954 0.0118975 -0.022744 -0.20591
FixedParameters: 0 0 0

#Transform 24
Transform: AffineTransform_float_3_3
Parameters: 0.999999 0.000583299 0.000756912 -0.000575733 0.999951 -0.00991408 -0.000763046 0.00991392 0.999951 0.0132627 -0.0240245 -0.247161
FixedParameters: 0 0 0

#Transform 25
Transform: AffineTransform_float_3_3
Parameters: 1 0.000447963 -2.87019e-05 -0.000447862 0.999946 -0.010377 2.34784e-05 0.010377 0.999946 -0.00717948 -0.0379073 -0.257393
FixedParameters: 0 0 0

#Transform 26
Transform: AffineTransform_float_3_3
Parameters: 0.999999 0.000505346 -0.000585994 -0.000511867 0.999935 -0.0114301 0.000580168 0.0114299 0.999934 -0.0085973 -0.0381919 -0.219469
FixedParameters: 0 0 0

#Transform 27
Transform: AffineTransform_float_3_3
Parameters: 1 0.000352142 0.00022156 -0.000349998 0.999945 -0.0104321 -0.000224561 0.0104319 0.999945 -0.00596153 -0.0339964 -0.225415
FixedParameters: 0 0 0

#Transform 28
Transform: AffineTransform_float_3_3
Parameters: 1 0.000433474 0.000200101 -0.000431238 0.999942 -0.0107711 -0.00020417 0.0107709 0.999942 -0.00481041 -0.0374846 -0.227961
FixedParameters: 0 0 0

#Transform 29
Transform: AffineTransform_float_3_3
Parameters: 0.999999 0.000567855 0.000593357 -0.000561855 0.999947 -0.010225 -0.000599021 0.010225 0.999948 -0.00812578 -0.0325716 -0.228654
FixedParameters: 0 0 0

#Transform 30
Transform: AffineTransform_float_3_3
Parameters: 1 0.000596028 0.00105459 -0.000584193 0.999946 -0.0104488 -0.00106039 0.0104482 0.999944 0.00353323 -0.0442609 -0.260217
FixedParameters: 0 0 0

#Transform 31
Transform: AffineTransform_float_3_3
Parameters: 0.999999 0.000989241 0.00108244 -0.000978085 0.999943 -0.0105787 -0.00109279 0.0105773 0.999944 -0.00892898 -0.047079 -0.276291
FixedParameters: 0 0 0

#Transform 32
Transform: AffineTransform_float_3_3
Parameters: 0.999999 0.000853586 0.000933095 -0.000842979 0.99994 -0.010997 -0.00094207 0.0109961 0.999939 0.0029438 -0.0431031 -0.233857
FixedParameters: 0 0 0

#Transform 33
Transform: AffineTransform_float_3_3
Parameters: 1 0.000524232 0.00107717 -0.000512054 0.999934 -0.0114242 -0.00108262 0.0114238 0.999934 -0.0369608 -0.0317549 -0.257274
FixedParameters: 0 0 0

#Transform 34
Transform: AffineTransform_float_3_3
Parameters: 1 0.000269345 0.00118896 -0.000254852 0.999928 -0.011989 -0.00119254 0.0119891 0.999928 -0.0245166 -0.0567703 -0.282459
FixedParameters: 0 0 0

#Transform 35
Transform: AffineTransform_float_3_3
Parameters: 1 0.000471974 0.00019497 -0.00046984 0.999897 -0.0143815 -0.000201568 0.0143805 0.999896 -0.0136617 -0.0799211 -0.327145
FixedParameters: 0 0 0

#Transform 36
Transform: AffineTransform_float_3_3
Parameters: 0.999999 0.000542421 0.00062015 -0.000534573 0.999919 -0.0127313 -0.000627193 0.0127307 0.999919 -0.0369835 -0.0562335 -0.297586
FixedParameters: 0 0 0

#Transform 37
Transform: AffineTransform_float_3_3
Parameters: 0.999999 0.000580199 0.000701253 -0.000569503 0.999888 -0.0149534 -0.000709684 0.0149526 0.999888 -0.0168703 -0.095986 -0.384873
FixedParameters: 0 0 0

#Transform 38
Transform: AffineTransform_float_3_3
Parameters: 1 3.35524e-05 -0.000159134 -3.65079e-05 0.999893 -0.014613 0.000159561 0.014613 0.999893 -0.00150849 -0.0919313 -0.359749
FixedParameters: 0 0 0

#Transform 39
Transform: AffineTransform_float_3_3
Parameters: 0.999999 0.00107165 0.000649215 -0.00105739 0.999793 -0.0203035 -0.000670824 0.0203035 0.999794 -0.0173348 -0.159658 -0.450197
FixedParameters: 0 0 0

#Transform 40
Transform: AffineTransform_float_3_3
Parameters: 0.999999 0.000894307 -0.000245569 -0.00089992 0.999722 -0.0235521 0.000223808 0.0235518 0.999722 -0.0163891 -0.229166 -0.539024
FixedParameters: 0 0 0

#Transform 41
Transform: AffineTransform_float_3_3
Parameters: 0.999999 0.000964821 3.35972e-06 -0.000963722 0.999745 -0.0225742 -2.53652e-05 0.0225748 0.999745 -0.0183648 -0.204002 -0.527327
FixedParameters: 0 0 0

#Transform 42
Transform: AffineTransform_float_3_3
Parameters: 0.999999 0.000701924 -0.000175767 -0.000704894 0.999732 -0.0231704 0.000159597 0.0231706 0.999731 -0.00147258 -0.22787 -0.582285
FixedParameters: 0 0 0

#Transform 43
Transform: AffineTransform_float_3_3
Parameters: 1 0.000685869 7.50086e-05 -0.000683887 0.999727 -0.0233481 -9.0981e-05 0.023348 0.999728 -0.00452788 -0.202095 -0.560786
FixedParameters: 0 0 0

#Transform 44
Transform: AffineTransform_float_3_3
Parameters: 1 0.000563743 0.000132243 -0.000560209 0.999718 -0.0237451 -0.000145683 0.0237449 0.999718 -0.00935452 -0.217404 -0.575102
FixedParameters: 0 0 0

#Transform 45
Transform: AffineTransform_float_3_3
Parameters: 1 0.000594991 0.00010117 -0.000591954 0.999697 -0.0245801 -0.000115256 0.0245799 0.999698 0.000394512 -0.232439 -0.6381
FixedParameters: 0 0 0

#Transform 46
Transform: AffineTransform_float_3_3
Parameters: 1 0.000550728 0.000204911 -0.000545803 0.999709 -0.0241533 -0.000218287 0.0241537 0.999708 -0.0103271 -0.226732 -0.585797
FixedParameters: 0 0 0

#Transform 47
Transform: AffineTransform_float_3_3
Parameters: 0.999999 -0.000822017 -0.00101191 0.000796882 0.999709 -0.0240975 0.00103092 0.0240965 0.999709 0.0402696 -0.206368 -0.539593
FixedParameters: 0 0 0

#Transform 48
Transform: AffineTransform_float_3_3
Parameters: 1 0.000665271 -0.000999505 -0.000690002 0.999692 -0.0248317 0.000982606 0.0248323 0.99969 -0.0259408 -0.225488 -0.550813
FixedParameters: 0 0 0

#Transform 49
Transform: AffineTransform_float_3_3
Parameters: 0.999999 0.000699702 -0.000485878 -0.000710697 0.999689 -0.024948 0.000468063 0.024948 0.999688 -0.0244162 -0.220408 -0.54955
FixedParameters: 0 0 0

#Transform 50
Transform: AffineTransform_float_3_3
Parameters: 0.999999 0.000944015 0.000952356 -0.000920984 0.999715 -0.0238531 -0.000974079 0.023852 0.999715 -0.00539043 -0.210415 -0.518077
FixedParameters: 0 0 0

#Transform 51
Transform: AffineTransform_float_3_3
Parameters: 0.999999 0.000703461 0.000566774 -0.000688763 0.999687 -0.0250384 -0.000583697 0.0250376 0.999687 -0.00845244 -0.23772 -0.575061
FixedParameters: 0 0 0

#Transform 52
Transform: AffineTransform_float_3_3
Parameters: 1 0.000573702 0.000133569 -0.000570203 0.999682 -0.0252081 -0.000147847 0.0252079 0.999682 -0.00823622 -0.242072 -0.62269
FixedParameters: 0 0 0

#Transform 53
Transform: AffineTransform_float_3_3
Parameters: 0.999994 0.000294713 -0.00340443 -0.00039589 0.999563 -0.02955 0.00339382 0.029551 0.999557 -0.0342619 -0.284393 -0.705435
FixedParameters: 0 0 0

#Transform 54
Transform: AffineTransform_float_3_3
Parameters: 0.999972 0.00093732 -0.00742338 -0.00117831 0.999469 -0.0325687 0.00738877 0.0325763 0.999442 -0.113552 -0.32608 -0.770585
FixedParameters: 0 0 0

#Transform 55
Transform: AffineTransform_float_3_3
Parameters: 0.999981 0.000917806 -0.00618421 -0.00111218 0.999507 -0.0313808 0.00615267 0.0313873 0.999489 -0.0959604 -0.308448 -0.731232
FixedParameters: 0 0 0

#Transform 56
Transform: AffineTransform_float_3_3
Parameters: 0.999995 0.00154831 -0.00270909 -0.0016242 0.999601 -0.0281825 0.00266469 0.0281875 0.999599 -0.0540774 -0.291784 -0.747559
FixedParameters: 0 0 0

#Transform 57
Transform: AffineTransform_float_3_3
Parameters: 0.999998 0.00138914 -0.00141976 -0.00142386 0.999686 -0.0250236 0.00138428 0.0250254 0.999685 -0.0490979 -0.23597 -0.6141
FixedParameters: 0 0 0

#Transform 58
Transform: AffineTransform_float_3_3
Parameters: 0.999997 0.000899796 -0.0020151 -0.000951764 0.999664 -0.0258867 0.00199189 0.0258883 0.999663 -0.0469817 -0.220146 -0.567956
FixedParameters: 0 0 0

#Transform 59
Transform: AffineTransform_float_3_3
Parameters: 0.999994 0.00123624 -0.00317797 -0.00131703 0.999666 -0.0258341 0.00314537 0.025838 0.999662 -0.0770021 -0.23752 -0.661023
FixedParameters: 0 0 0

#Transform 60
Transform: AffineTransform_float_3_3
Parameters: 0.999996 0.00103804 -0.00239673 -0.0011 0.999663 -0.0258998 0.00236848 0.0259021 0.999662 -0.0675179 -0.218164 -0.606638
FixedParameters: 0 0 0

#Transform 61
Transform: AffineTransform_float_3_3
Parameters: 0.999996 -2.44571e-05 -0.00260953 -4.08274e-05 0.999688 -0.0249626 0.00260869 0.0249634 0.999685 -0.0734629 -0.198176 -0.548967
FixedParameters: 0 0 0

#Transform 62
Transform: AffineTransform_float_3_3
Parameters: 0.999997 -0.000558718 -0.00233033 0.000496916 0.999645 -0.026622 0.00234486 0.026621 0.999643 -0.0402167 -0.231578 -0.535643
FixedParameters: 0 0 0

#Transform 63
Transform: AffineTransform_float_3_3
Parameters: 0.999997 -0.000815012 -0.00236294 0.00075142 0.999638 -0.0268766 0.00238439 0.0268744 0.999636 -0.047368 -0.225612 -0.59168
FixedParameters: 0 0 0

#Transform 64
Transform: AffineTransform_float_3_3
Parameters: 0.999998 -0.000154259 -0.00191268 0.000102287 0.999639 -0.0268414 0.00191646 0.0268416 0.999638 -0.0613707 -0.230851 -0.56682
FixedParameters: 0 0 0

#Transform 65
Transform: AffineTransform_float_3_3
Parameters: 0.999997 -0.000451368 -0.0023159 0.000388531 0.99963 -0.0271978 0.00232702 0.0271973 0.999628 -0.04929 -0.238466 -0.562049
FixedParameters: 0 0 0

#Transform 66
Transform: AffineTransform_float_3_3
Parameters: 0.999979 -0.00444965 -0.00466436 0.00431886 0.999604 -0.0277849 0.00478576 0.027764 0.999603 0.0596598 -0.243177 -0.582499
FixedParameters: 0 0 0

#Transform 67
Transform: AffineTransform_float_3_3
Parameters: 0.99999 -0.00251049 -0.00365837 0.00240997 0.999621 -0.0274063 0.00372609 0.0273967 0.999618 0.0104557 -0.244681 -0.588886
FixedParameters: 0 0 0

#Transform 68
Transform: AffineTransform_float_3_3
Parameters: 0.999994 -0.0014334 -0.00318211 0.00134506 0.99962 -0.0275373 0.0032202 0.0275327 0.999616 -0.020445 -0.241321 -0.556595
FixedParameters: 0 0 0

#Transform 69
Transform: AffineTransform_float_3_3
Parameters: 0.999998 0.000523226 -0.00226043 -0.000585527 0.99962 -0.0275379 0.00224494 0.0275391 0.999618 -0.0527812 -0.233596 -0.580994
FixedParameters: 0 0 0

#Transform 70
Transform: AffineTransform_float_3_3
Parameters: 1 0.000566688 -0.000186752 -0.000572199 0.999614 -0.0277549 0.000170645 0.0277551 0.999614 -0.0372496 -0.23796 -0.53805
FixedParameters: 0 0 0

#Transform 71
Transform: AffineTransform_float_3_3
Parameters: 1 0.000488791 -0.000955831 -0.00051535 0.999623 -0.0274494 0.000942401 0.0274496 0.999623 -0.0355125 -0.236561 -0.549511
FixedParameters: 0 0 0

#Transform 72
Transform: AffineTransform_float_3_3
Parameters: 0.999999 0.000666717 -0.00138454 -0.000703686 0.999626 -0.0273559 0.00136556 0.0273571 0.999625 -0.047155 -0.24167 -0.568371
FixedParameters: 0 0 0

#Transform 73
Transform: AffineTransform_float_3_3
Parameters: 0.999999 0.000759225 -0.00125426 -0.000793319 0.999624 -0.0273969 0.0012331 0.0273981 0.999624 -0.0416472 -0.222516 -0.604398
FixedParameters: 0 0 0

#Transform 74
Transform: AffineTransform_float_3_3
Parameters: 0.999999 0.000548202 -0.000826451 -0.000570959 0.999635 -0.0270124 0.000810995 0.0270126 0.999635 -0.0518292 -0.237672 -0.606913
FixedParameters: 0 0 0

#Transform 75
Transform: AffineTransform_float_3_3
Parameters: 0.999999 0.000530056 -0.00132149 -0.000565225 0.999639 -0.0268501 0.00130638 0.0268509 0.999639 -0.0598665 -0.244835 -0.600447
FixedParameters: 0 0 0

#Transform 76
Transform: AffineTransform_float_3_3
Parameters: 0.999998 0.000627835 -0.0018752 -0.000677437 0.999637 -0.0269155 0.00185757 0.0269165 0.999636 -0.048537 -0.224115 -0.599818
FixedParameters: 0 0 0

#Transform 77
Transform: AffineTransform_float_3_3
Parameters: 0.999999 0.000509109 -0.00121989 -0.000542685 0.999632 -0.0271312 0.0012059 0.0271318 0.999632 -0.0459765 -0.214695 -0.584293
FixedParameters: 0 0 0

#Transform 78
Transform: AffineTransform_float_3_3
Parameters: 0.999999 0.000109505 -0.000864739 -0.000132999 0.99963 -0.0271999 0.000862294 0.0272001 0.999629 -0.0201589 -0.220351 -0.595334
FixedParameters: 0 0 0

#Transform 79
Transform: AffineTransform_float_3_3
Parameters: 1 -7.80534e-05 -0.000130373 7.49056e-05 0.999663 -0.02595 0.000132781 0.02595 0.999663 -0.0182613 -0.21873 -0.620717
FixedParameters: 0 0 0

#Transform 80
Transform: AffineTransform_float_3_3
Parameters: 1 0.000228797 -0.00059917 -0.000244796 0.999638 -0.0269259 0.000593694 0.0269262 0.999638 -0.0352816 -0.238704 -0.618339
FixedParameters: 0 0 0

#Transform 81
Transform: AffineTransform_float_3_3
Parameters: 0.99999 -0.00210702 -0.00395509 0.00199891 0.999631 -0.0271102 0.00401084 0.0271018 0.999624 -0.0500886 -0.222446 -0.625028
FixedParameters: 0 0 0

#Transform 82
Transform: AffineTransform_float_3_3
Parameters: 0.999959 -0.00169441 -0.00889903 0.00147077 0.999686 -0.0249891 0.00893818 0.0249749 0.999648 -0.0915859 -0.180182 -0.589004
FixedParameters: 0 0 0

#Transform 83
Transform: AffineTransform_float_3_3
Parameters: 0.999989 -0.000890662 -0.00449803 0.000779969 0.999695 -0.0246484 0.00451794 0.0246446 0.999686 -0.0544248 -0.182683 -0.596472
FixedParameters: 0 0 0

#Transform 84
Transform: AffineTransform_float_3_3
Parameters: 0.999993 -0.000304736 -0.00370819 0.00021404 0.999704 -0.0243336 0.00371522 0.0243324 0.999697 -0.0697342 -0.183967 -0.580326
FixedParameters: 0 0 0

#Transform 85
Transform: AffineTransform_float_3_3
Parameters: 0.999992 0.000151307 -0.00394153 -0.000248136 0.999702 -0.0244175 0.00393683 0.0244185 0.999695 -0.0828405 -0.180699 -0.579442
FixedParameters: 0 0 0

#Transform 86
Transform: AffineTransform_float_3_3
Parameters: 0.999991 -0.00101896 -0.00407282 0.00092533 0.999733 -0.0230926 0.00409586 0.0230884 0.999725 -0.0360248 -0.183627 -0.600974
FixedParameters: 0 0 0

#Transform 87
Transform: AffineTransform_float_3_3
Parameters: 0.999992 -0.00125811 -0.00396577 0.00115921 0.999686 -0.0250303 0.0039967 0.0250257 0.999679 -0.0393589 -0.189909 -0.618918
FixedParameters: 0 0 0

#Transform 88
Transform: AffineTransform_float_3_3
Parameters: 0.999992 -0.0013523 -0.00392302 0.00125347 0.999683 -0.0251381 0.00395618 0.0251329 0.999676 -0.0396339 -0.187925 -0.624782
FixedParameters: 0 0 0

#Transform 89
Transform: AffineTransform_float_3_3
Parameters: 0.999992 -0.00125785 -0.00380984 0.00116242 0.999691 -0.0248456 0.00383958 0.0248414 0.999684 -0.0482713 -0.175979 -0.605775
FixedParameters: 0 0 0

#Transform 90
Transform: AffineTransform_float_3_3
Parameters: 0.999994 -0.000650567 -0.00347114 0.000562238 0.999675 -0.0254595 0.00348605 0.0254575 0.99967 -0.0537841 -0.174954 -0.572784
FixedParameters: 0 0 0

#Transform 91
Transform: AffineTransform_float_3_3
Parameters: 0.999997 0.000374641 -0.00269824 -0.000439119 0.99971 -0.0240721 0.00268898 0.0240729 0.999706 -0.0855843 -0.162889 -0.522925
FixedParameters: 0 0 0

#Transform 92
Transform: AffineTransform_float_3_3
Parameters: 0.999998 0.000618869 -0.00200977 -0.000663052 0.999758 -0.0219984 0.00199551 0.0219996 0.999756 -0.0674648 -0.16552 -0.540733
FixedParameters: 0 0 0

#Transform 93
Transform: AffineTransform_float_3_3
Parameters: 0.999997 7.30059e-05 -0.00253964 -0.000138395 0.999664 -0.0259127 0.00253649 0.0259133 0.99966 -0.0281822 -0.211309 -0.671291
FixedParameters: 0 0 0

#Transform 94
Transform: AffineTransform_float_3_3
Parameters: 1 0.00105282 -8.99323e-05 -0.00105441 0.99977 -0.0213981 6.69011e-05 0.0213989 0.999771 -0.0621013 -0.162471 -0.54437
FixedParameters: 0 0 0

#Transform 95
Transform: AffineTransform_float_3_3
Parameters: 0.999998 0.00127999 0.00147165 -0.00124617 0.999742 -0.0226773 -0.00150057 0.0226757 0.999742 -0.0459731 -0.183278 -0.526962
FixedParameters: 0 0 0

#Transform 96
Transform: AffineTransform_float_3_3
Parameters: 0.999999 0.000914542 0.000200255 -0.000909853 0.999738 -0.0228742 -0.000220343 0.0228738 0.999739 -0.0558886 -0.17037 -0.577302
FixedParameters: 0 0 0

#Transform 97
Transform: AffineTransform_float_3_3
Parameters: 1 0.000377449 -0.000351969 -0.000385513 0.99972 -0.0236309 0.000343421 0.0236311 0.99972 -0.0355949 -0.196797 -0.610399
FixedParameters: 0 0 0

#Transform 98
Transform: AffineTransform_float_3_3
Parameters: 0.999997 -0.00101415 -0.00226099 0.000958188 0.999696 -0.0246562 0.00228579 0.0246538 0.999693 -0.00272238 -0.202493 -0.669169
FixedParameters: 0 0 0

#Transform 99
Transform: AffineTransform_float_3_3
Parameters: 0.999998 -0.000357889 -0.00163007 0.000316734 0.999678 -0.025375 0.00163815 0.025374 0.999677 -0.0245887 -0.233377 -0.649063
FixedParameters: 0 0 0

#Transform 100
Transform: AffineTransform_float_3_3
Parameters: 0.999999 0.000205035 -0.00126204 -0.000237264 0.99968 -0.0253034 0.00125594 0.0253046 0.999679 -0.0291541 -0.209405 -0.630859
FixedParameters: 0 0 0

#Transform 101
Transform: AffineTransform_float_3_3
Parameters: 0.999999 -0.000773968 -0.000579107 0.000758477 0.999653 -0.0263364 0.000599831 0.0263355 0.999653 -0.00464659 -0.231352 -0.664903
FixedParameters: 0 0 0

#Transform 102
Transform: AffineTransform_float_3_3
Parameters: 0.999999 -0.00129608 -0.000577909 0.00127971 0.999638 -0.0268666 0.000612251 0.0268664 0.999639 0.0217903 -0.248751 -0.673314
FixedParameters: 0 0 0

#Transform 103
Transform: AffineTransform_float_3_3
Parameters: 0.999998 -0.00147803 0.00077138 0.00149892 0.999608 -0.0279746 -0.000730175 0.0279754 0.999608 0.0530727 -0.23596 -0.690021
FixedParameters: 0 0 0

#Transform 104
Transform: AffineTransform_float_3_3
Parameters: 0.999998 -0.00145176 0.00179834 0.00150039 0.999626 -0.0273278 -0.00175786 0.0273302 0.999625 0.0542304 -0.242824 -0.661753
FixedParameters: 0 0 0

#Transform 105
Transform: AffineTransform_float_3_3
Parameters: 1 -0.000974819 0.000713261 0.000993835 0.999639 -0.0268425 -0.000686208 0.0268425 0.999639 0.0341845 -0.22207 -0.682625
FixedParameters: 0 0 0

#Transform 106
Transform: AffineTransform_float_3_3
Parameters: 0.999999 -0.00106858 0.000770023 0.00108946 0.999625 -0.0273825 -0.000741321 0.0273835 0.999625 0.0136466 -0.227569 -0.683277
FixedParameters: 0 0 0

#Transform 107
Transform: AffineTransform_float_3_3
Parameters: 0.999999 -0.00104338 0.000238217 0.00104884 0.999629 -0.0272121 -0.000209921 0.0272119 0.999629 0.0177753 -0.242216 -0.65592
FixedParameters: 0 0 0

#Transform 108
Transform: AffineTransform_float_3_3
Parameters: 0.999999 -0.00082093 0.000614131 0.000837725 0.999619 -0.0275737 -0.000591817 0.0275733 0.99962 -0.00527824 -0.235061 -0.634049
FixedParameters: 0 0 0

#Transform 109
Transform: AffineTransform_float_3_3
Parameters: 0.999999 -0.000521944 0.000741286 0.000541878 0.99962 -0.0275738 -0.000727119 0.0275732 0.99962 -0.0121655 -0.230517 -0.626372
FixedParameters: 0 0 0

#Transform 110
Transform: AffineTransform_float_3_3
Parameters: 0.999999 -0.00088544 0.000369803 0.000896228 0.99959 -0.0285937 -0.000344091 0.0285943 0.999591 -0.00718962 -0.270806 -0.620772
FixedParameters: 0 0 0

#Transform 111
Transform: AffineTransform_float_3_3
Parameters: 1 -0.00106885 0.000254077 0.0010761 0.999526 -0.0307708 -0.00022078 0.0307713 0.999527 -0.011211 -0.295799 -0.656877
FixedParameters: 0 0 0

#Transform 112
Transform: AffineTransform_float_3_3
Parameters: 0.999999 -0.000924622 0.000186748 0.000930513 0.99955 -0.0299829 -0.000159622 0.0299832 0.999551 -0.0066783 -0.263603 -0.669451
FixedParameters: 0 0 0

#Transform 113
Transform: AffineTransform_float_3_3
Parameters: 0.999997 0.000932291 0.002346 -0.00086313 0.999575 -0.0291419 -0.00237257 0.0291391 0.999573 -0.0443221 -0.277491 -0.758106
FixedParameters: 0 0 0

#Transform 114
Transform: AffineTransform_float_3_3
Parameters: 0.999996 0.00176081 0.00245725 -0.00168801 0.999569 -0.0292976 -0.00250682 0.0292934 0.999568 -0.0840332 -0.252211 -0.701426
FixedParameters: 0 0 0

#Transform 115
Transform: AffineTransform_float_3_3
Parameters: 0.999998 -0.000769874 0.00156911 0.000816319 0.999563 -0.029553 -0.00154523 0.029554 0.999561 0.00355965 -0.262865 -0.707316
FixedParameters: 0 0 0

#Transform 116
Transform: AffineTransform_float_3_3
Parameters: 0.999999 0.000275408 0.00079916 -0.000250047 0.999514 -0.0311652 -0.000807222 0.0311648 0.999514 -0.0499704 -0.267339 -0.655476
FixedParameters: 0 0 0

#Transform 117
Transform: AffineTransform_float_3_3
Parameters: 0.999999 0.000208064 0.000890927 -0.000180581 0.9995 -0.0315978 -0.000897402 0.0315982 0.9995 -0.020822 -0.283848 -0.745556
FixedParameters: 0 0 0

#Transform 118
Transform: AffineTransform_float_3_3
Parameters: 0.999999 0.000375499 0.00070777 -0.000352924 0.999507 -0.0313953 -0.000719035 0.0313947 0.999507 -0.0414348 -0.282246 -0.735089
FixedParameters: 0 0 0

#Transform 119
Transform: AffineTransform_float_3_3
Parameters: 1 0.000290994 0.000408458 -0.000277769 0.999452 -0.0330791 -0.000416952 0.0330789 0.999452 -0.0417665 -0.318611 -0.769808
FixedParameters: 0 0 0

#Transform 120
Transform: AffineTransform_float_3_3
Parameters: 0.999999 0.000244106 0.000692687 -0.000220238 0.999415 -0.0341972 -0.000700643 0.0341968 0.999415 -0.0395472 -0.300026 -0.782938
FixedParameters: 0 0 0

#Transform 121
Transform: AffineTransform_float_3_3
Parameters: 1 0.00016199 0.000570956 -0.000142483 0.999419 -0.0340631 -0.000576277 0.0340629 0.999419 -0.0467587 -0.311917 -0.787602
FixedParameters: 0 0 0

#Transform 122
Transform: AffineTransform_float_3_3
Parameters: 1 8.60889e-05 0.000436404 -7.07895e-05 0.999424 -0.033937 -0.000439942 0.033937 0.999424 -0.0431921 -0.314679 -0.782699
FixedParameters: 0 0 0

#Transform 123
Transform: AffineTransform_float_3_3
Parameters: 1 0.000144651 5.74088e-05 -0.000142789 0.999442 -0.033396 -6.17655e-05 0.033396 0.999442 -0.0401306 -0.316181 -0.771878
FixedParameters: 0 0 0

#Transform 124
Transform: AffineTransform_float_3_3
Parameters: 1 2.06919e-05 0.000167919 -1.47721e-05 0.999438 -0.033541 -0.000168996 0.033541 0.999438 -0.0551836 -0.294673 -0.688881
FixedParameters: 0 0 0

#Transform 125
Transform: AffineTransform_float_3_3
Parameters: 0.999999 0.000624205 0.000789074 -0.000597051 0.999382 -0.0351425 -0.000810965 0.0351415 0.999382 -0.062904 -0.350645 -0.703383
FixedParameters: 0 0 0

#Transform 126
Transform: AffineTransform_float_3_3
Parameters: 0.999981 -0.00403153 0.00478517 0.00430873 0.998225 -0.0593946 -0.00453775 0.0594145 0.998223 0.201798 -0.68028 -1.18458
FixedParameters: 0 0 0

#Transform 127
Transform: AffineTransform_float_3_3
Parameters: 0.999978 -0.00413318 0.00532147 0.00446734 0.997918 -0.0643435 -0.00504404 0.0643656 0.997914 0.208521 -0.69901 -1.36667
FixedParameters: 0 0 0

#Transform 128
Transform: AffineTransform_float_3_3
Parameters: 0.999994 -0.00273689 0.00178845 0.00283095 0.998482 -0.0550027 -0.00163526 0.0550073 0.998485 0.0870584 -0.56025 -1.09933
FixedParameters: 0 0 0

#Transform 129
Transform: AffineTransform_float_3_3
Parameters: 0.999994 -0.00277407 0.00197227 0.00287675 0.998521 -0.0542935 -0.00181909 0.0542985 0.998523 0.099718 -0.549569 -1.11345
FixedParameters: 0 0 0

#Transform 130
Transform: AffineTransform_float_3_3
Parameters: 0.999995 -0.00260585 0.00187711 0.00270345 0.998528 -0.0541647 -0.00173343 0.0541693 0.99853 0.095843 -0.548011 -1.07888
FixedParameters: 0 0 0

#Transform 131
Transform: AffineTransform_float_3_3
Parameters: 0.999996 -0.00236849 0.00148514 0.00244347 0.998597 -0.0528939 -0.00135701 0.0528971 0.998599 0.0653023 -0.552937 -1.06096
FixedParameters: 0 0 0

#Transform 132
Transform: AffineTransform_float_3_3
Parameters: 0.999996 -0.002307 0.0019403 0.00240807 0.998562 -0.0535637 -0.00181342 0.0535683 0.998562 0.0642797 -0.546515 -1.05498
FixedParameters: 0 0 0

#Transform 133
Transform: AffineTransform_float_3_3
Parameters: 0.999994 -0.00276928 0.00204386 0.00287283 0.998625 -0.0523441 -0.00189587 0.0523489 0.998627 0.0824616 -0.540224 -1.02959
FixedParameters: 0 0 0

#Transform 134
Transform: AffineTransform_float_3_3
Parameters: 0.999995 -0.00276478 0.00149622 0.00284084 0.998578 -0.0532216 -0.00134709 0.0532253 0.998581 0.0776161 -0.543054 -1.04996
FixedParameters: 0 0 0

#Transform 135
Transform: AffineTransform_float_3_3
Parameters: 0.999995 -0.0026423 0.00172891 0.00273019 0.998599 -0.0528511 -0.00158687 0.052855 0.998601 0.0752636 -0.54844 -1.05716
FixedParameters: 0 0 0

#Transform 136
Transform: AffineTransform_float_3_3
Parameters: 0.999995 -0.00270631 0.00162068 0.0027887 0.998604 -0.0527424 -0.0014755 0.0527466 0.998607 0.0649969 -0.545532 -1.04388
FixedParameters: 0 0 0

#Transform 137
Transform: AffineTransform_float_3_3
Parameters: 0.999995 -0.00258129 0.00184872 0.00267674 0.998575 -0.0533068 -0.00170852 0.0533112 0.998576 0.0721383 -0.554734 -1.07619
FixedParameters: 0 0 0

#Transform 138
Transform: AffineTransform_float_3_3
Parameters: 0.999995 -0.00258576 0.00140482 0.00265647 0.998588 -0.0530543 -0.00126579 0.0530577 0.99859 0.084396 -0.565718 -1.10278
FixedParameters: 0 0 0

#Transform 139
Transform: AffineTransform_float_3_3
Parameters: 0.999995 -0.00257074 0.00174092 0.0026587 0.998596 -0.0529133 -0.00160218 0.0529177 0.998597 0.067639 -0.536789 -1.03396
FixedParameters: 0 0 0

#Transform 140
Transform: AffineTransform_float_3_3
Parameters: 0.999992 -0.00203758 0.00350863 0.0022174 0.998638 -0.0521283 -0.00339692 0.0521367 0.998634 0.0292039 -0.506968 -0.871561
FixedParameters: 0 0 0

#Transform 141
Transform: AffineTransform_float_3_3
Parameters: 0.999986 -0.00492778 0.00192288 0.00502529 0.998495 -0.0546184 -0.00165016 0.0546276 0.998505 0.14718 -0.59284 -1.07243
FixedParameters: 0 0 0

#Transform 142
Transform: AffineTransform_float_3_3
Parameters: 0.999993 -0.0035151 0.000597718 0.00354236 0.998603 -0.0527155 -0.000412091 0.0527175 0.998609 0.0800724 -0.546605 -1.01114
FixedParameters: 0 0 0

#Transform 143
Transform: AffineTransform_float_3_3
Parameters: 0.999996 -0.00294921 0.000584001 0.00297571 0.998643 -0.0520073 -0.00042963 0.0520088 0.998647 0.0665894 -0.541405 -1.0054
FixedParameters: 0 0 0

#Transform 144
Transform: AffineTransform_float_3_3
Parameters: 0.999989 -0.00453122 0.000281348 0.00453958 0.99865 -0.0517442 -4.69996e-05 0.0517448 0.99866 0.0927252 -0.529445 -0.9562
FixedParameters: 0 0 0

#Transform 145
Transform: AffineTransform_float_3_3
Parameters: 0.99999 -0.00429148 0.000471187 0.00430976 0.99863 -0.0521468 -0.000246685 0.0521483 0.99864 0.0897145 -0.538355 -1.00909
FixedParameters: 0 0 0

#Transform 146
Transform: AffineTransform_float_3_3
Parameters: 0.999993 -0.00367771 0.000488257 0.00369863 0.998553 -0.0536514 -0.000289772 0.0536527 0.99856 0.0959143 -0.527669 -1.03713
FixedParameters: 0 0 0

#Transform 147
Transform: AffineTransform_float_3_3
Parameters: 0.999992 -0.00393996 0.000308192 0.00395062 0.99861 -0.0525611 -0.000100402 0.0525619 0.998617 0.0910929 -0.545145 -0.985304
FixedParameters: 0 0 0

#Transform 148
Transform: AffineTransform_float_3_3
Parameters: 0.999994 -0.00365333 0.000297319 0.0036637 0.998702 -0.0507886 -0.000111157 0.0507893 0.998709 0.0769717 -0.499984 -0.955676
FixedParameters: 0 0 0

#Transform 149
Transform: AffineTransform_float_3_3
Parameters: 0.999992 -0.00410278 0.000265551 0.00411066 0.998754 -0.0497466 -6.06546e-05 0.0497464 0.998762 0.0672201 -0.489698 -0.92755
FixedParameters: 0 0 0

#Transform 150
Transform: AffineTransform_float_3_3
Parameters: 0.999992 -0.0041584 0.000271674 0.00416694 0.998698 -0.0508474 -5.96357e-05 0.0508486 0.998707 0.0853066 -0.498042 -0.984653
FixedParameters: 0 0 0

#Transform 151
Transform: AffineTransform_float_3_3
Parameters: 0.999991 -0.00435288 0.000340087 0.00436392 0.998702 -0.0507344 -0.000118322 0.0507356 0.998712 0.0905068 -0.508393 -0.988952
FixedParameters: 0 0 0

#Transform 152
Transform: AffineTransform_float_3_3
Parameters: 0.99999 -0.00429734 0.000442376 0.00431464 0.998712 -0.050556 -0.000224595 0.050558 0.998721 0.0841256 -0.5038 -0.961393
FixedParameters: 0 0 0

#Transform 153
Transform: AffineTransform_float_3_3
Parameters: 0.999992 -0.00401958 0.000442211 0.00403678 0.99871 -0.0506005 -0.00023879 0.0506024 0.998719 0.0774827 -0.519601 -0.984553
FixedParameters: 0 0 0

#Transform 154
Transform: AffineTransform_float_3_3
Parameters: 0.999992 -0.00414188 0.000234774 0.00414897 0.998697 -0.0508555 -2.42857e-05 0.0508564 0.998706 0.0687912 -0.514541 -1.00089
FixedParameters: 0 0 0

#Transform 155
Transform: AffineTransform_float_3_3
Parameters: 0.999992 -0.00410969 0.000399943 0.00412462 0.998689 -0.0510171 -0.000189323 0.0510179 0.998698 0.0789668 -0.506702 -0.987056
FixedParameters: 0 0 0

#Transform 156
Transform: AffineTransform_float_3_3
Parameters: 0.999992 -0.00405283 0.000191707 0.00405677 0.998696 -0.0509048 1.49502e-05 0.0509053 0.998704 0.0867787 -0.49956 -0.987633
FixedParameters: 0 0 0

#Transform 157
Transform: AffineTransform_float_3_3
Parameters: 0.999991 -0.0043927 0.000358342 0.00440556 0.998678 -0.0512267 -0.00013349 0.0512273 0.998687 0.0909203 -0.512748 -1.02429
FixedParameters: 0 0 0

#Transform 158
Transform: AffineTransform_float_3_3
Parameters: 0.999991 -0.00438093 0.0003536 0.00439338 0.998667 -0.0514419 -0.00012808 0.0514431 0.998676 0.0825857 -0.512712 -1.01585
FixedParameters: 0 0 0

#Transform 159
Transform: AffineTransform_float_3_3
Parameters: 0.999993 -0.00354094 0.000627345 0.0035691 0.998644 -0.0519313 -0.000442828 0.0519336 0.998651 0.0694053 -0.515251 -0.979357
FixedParameters: 0 0 0

#Transform 160
Transform: AffineTransform_float_3_3
Parameters: 0.999997 -0.000843356 0.00258885 0.000975895 0.998652 -0.0518797 -0.00254082 0.0518823 0.99865 -0.00299109 -0.50872 -1.02571
FixedParameters: 0 0 0

#Transform 161
Transform: AffineTransform_float_3_3
Parameters: 0.999987 -0.00488522 0.000904278 0.00492513 0.998648 -0.0517531 -0.000650551 0.051757 0.99866 0.122181 -0.498828 -0.98895
FixedParameters: 0 0 0

#Transform 162
Transform: AffineTransform_float_3_3
Parameters: 0.999985 -0.00541071 0.000869426 0.00544829 0.998639 -0.0518639 -0.000587352 0.0518681 0.998654 0.132602 -0.515123 -1.02125
FixedParameters: 0 0 0

#Transform 163
Transform: AffineTransform_float_3_3
Parameters: 0.999989 -0.0046697 0.000101829 0.00466843 0.998625 -0.0522079 0.000142329 0.0522082 0.998637 0.103952 -0.541566 -1.0484
FixedParameters: 0 0 0

#Transform 164
Transform: AffineTransform_float_3_3
Parameters: 0.999987 -0.00504971 0.00018408 0.00505293 0.998607 -0.0525083 8.0464e-05 0.0525086 0.99862 0.126524 -0.521752 -1.045
FixedParameters: 0 0 0

#Transform 165
Transform: AffineTransform_float_3_3
Parameters: 0.999985 -0.0054556 0.000161358 0.00545654 0.99861 -0.0524254 0.000124725 0.0524246 0.998625 0.141166 -0.510596 -1.01837
FixedParameters: 0 0 0

#Transform 166
Transform: AffineTransform_float_3_3
Parameters: 0.999987 -0.0051441 0.00017523 0.00514636 0.998634 -0.0520094 9.18073e-05 0.0520097 0.998647 0.127847 -0.514901 -1.02403
FixedParameters: 0 0 0

#Transform 167
Transform: AffineTransform_float_3_3
Parameters: 0.999988 -0.00491269 -0.000106103 0.00490077 0.998641 -0.0518904 0.000360577 0.0518886 0.998653 0.110092 -0.52115 -1.04862
FixedParameters: 0 0 0

#Transform 168
Transform: AffineTransform_float_3_3
Parameters: 0.999988 -0.00485373 0.000288611 0.00486254 0.998645 -0.0518157 -3.66855e-05 0.0518164 0.998657 0.105974 -0.505712 -0.986834
FixedParameters: 0 0 0

#Transform 169
Transform: AffineTransform_float_3_3
Parameters: 0.999989 -0.00467776 0.000288313 0.00468607 0.998684 -0.0510752 -4.82183e-05 0.0510759 0.998695 0.103828 -0.497652 -0.976501
FixedParameters: 0 0 0

#Transform 170
Transform: AffineTransform_float_3_3
Parameters: 0.99999 -0.00445242 0.000411972 0.0044685 0.998639 -0.0519674 -0.000179729 0.0519685 0.998648 0.100834 -0.498456 -1.01128
FixedParameters: 0 0 0

#Transform 171
Transform: AffineTransform_float_3_3
Parameters: 0.999989 -0.00465325 0.000310853 0.00466326 0.99866 -0.0515352 -7.07215e-05 0.0515368 0.998671 0.109522 -0.508696 -1.00559
FixedParameters: 0 0 0

#Transform 172
Transform: AffineTransform_float_3_3
Parameters: 0.999989 -0.00451655 0.000551293 0.00453878 0.998685 -0.0510742 -0.00032019 0.0510758 0.998695 0.101601 -0.495939 -0.993602
FixedParameters: 0 0 0

#Transform 173
Transform: AffineTransform_float_3_3
Parameters: 0.999989 -0.00460081 0.000754745 0.00463329 0.998694 -0.050879 -0.000519622 0.0508819 0.998705 0.102359 -0.491559 -1.00859
FixedParameters: 0 0 0

#Transform 174
Transform: AffineTransform_float_3_3
Parameters: 0.999989 -0.00453555 0.000452983 0.00455271 0.998681 -0.0511393 -0.000220639 0.0511408 0.998692 0.0893408 -0.501732 -0.989594
FixedParameters: 0 0 0

#Transform 175
Transform: AffineTransform_float_3_3
Parameters: 0.999989 -0.00468624 0.000226213 0.00469162 0.998643 -0.0518725 1.73722e-05 0.0518726 0.998654 0.103836 -0.497865 -1.01511
FixedParameters: 0 0 0

#Transform 176
Transform: AffineTransform_float_3_3
Parameters: 0.999989 -0.0045257 0.000448776 0.00454255 0.998638 -0.0519643 -0.000213112 0.0519657 0.998649 0.101726 -0.497251 -1.0076
FixedParameters: 0 0 0

#Transform 177
Transform: AffineTransform_float_3_3
Parameters: 0.99999 -0.0044079 0.000391865 0.00442282 0.998633 -0.0520712 -0.000161552 0.0520728 0.998643 0.100264 -0.487481 -0.99546
FixedParameters: 0 0 0

#Transform 178
Transform: AffineTransform_float_3_3
Parameters: 0.999989 -0.0045203 0.00044618 0.0045382 0.998638 -0.0519713 -0.000210428 0.0519727 0.998649 0.10486 -0.491931 -0.992698
FixedParameters: 0 0 0

#Transform 179
Transform: AffineTransform_float_3_3
Parameters: 0.999986 -0.00530527 0.00106614 0.00535483 0.998549 -0.0535849 -0.000779848 0.0535902 0.998563 0.130808 -0.511027 -1.02481
FixedParameters: 0 0 0
