#Insight Transform File V1.0
#Transform 0
Transform: AffineTransform_float_3_3
Parameters: 1 -0.000319002 -0.000366308 0.000319105 1 -0.00111512 0.000366629 0.00111488 1 0.066151 0.131236 0.357615
FixedParameters: 0 0 0

#Transform 1
Transform: AffineTransform_float_3_3
Parameters: 1 0.000576604 -4.92685e-05 -0.000576614 1 -9.89715e-05 4.91543e-05 9.90282e-05 1 -0.0139801 0.0189961 -0.0183158
FixedParameters: 0 0 0

#Transform 2
Transform: AffineTransform_float_3_3
Parameters: 1 0.000475226 -4.75417e-05 -0.000475242 1 -0.000167977 4.7382e-05 0.000168022 1 -0.00607483 0.0498063 -0.0688482
FixedParameters: 0 0 0

#Transform 3
Transform: AffineTransform_float_3_3
Parameters: 1 0.000488364 -0.00015728 -0.000488339 1 8.20769e-05 0.00015736 -8.19233e-05 1 0.000294587 0.0510009 -0.0312316
FixedParameters: 0 0 0

#Transform 4
Transform: AffineTransform_float_3_3
Parameters: 1 0.000660392 -1.29237e-05 -0.000660386 1 0.000227856 1.32241e-05 -0.000227144 1 -0.0143179 0.0403306 -0.0491362
FixedParameters: 0 0 0

#Transform 5
Transform: AffineTransform_float_3_3
Parameters: 1 0.000506878 -8.65203e-06 -0.000506874 1 0.000189004 8.84362e-06 -0.000188996 1 -0.00883805 0.0577339 -0.0724267
FixedParameters: 0 0 0

#Transform 6
Transform: AffineTransform_float_3_3
Parameters: 1 0.000553901 9.20359e-05 -0.000554348 1 0.000307949 -9.2615e-05 -0.000308051 1 -0.0137047 0.0457118 -0.0716149
FixedParameters: 0 0 0

#Transform 7
Transform: AffineTransform_float_3_3
Parameters: 1 0.000454182 2.72635e-06 -0.000454182 1 -6.50012e-05 -2.7854e-06 6.49986e-05 1 -0.00106339 0.0651319 -0.0579468
FixedParameters: 0 0 0

#Transform 8
Transform: AffineTransform_float_3_3
Parameters: 1 0.000374054 5.19181e-05 -0.000374037 1 -0.000168019 -5.20438e-05 0.00016798 1 -0.00722338 0.0677627 -0.0728051
FixedParameters: 0 0 0

#Transform 9
Transform: AffineTransform_float_3_3
Parameters: 1 0.000183315 0.000178585 -0.00018337 1 0.000155967 -0.000178528 -0.000156033 1 -0.00705831 0.0722543 -0.0840382
FixedParameters: 0 0 0

#Transform 10
Transform: AffineTransform_float_3_3
Parameters: 1 0.000209918 0.000225964 -0.000210012 1 0.000209953 -0.000225875 -0.000210047 1 -0.00800266 0.0650497 -0.0776839
FixedParameters: 0 0 0

#Transform 11
Transform: AffineTransform_float_3_3
Parameters: 1 0.000537809 0.000127946 -0.00053776 1 -0.000193069 -0.000128154 0.000192931 1 -0.00701277 0.0647928 -0.0711649
FixedParameters: 0 0 0

#Transform 12
Transform: AffineTransform_float_3_3
Parameters: 1 0.000378036 0.000117597 -0.000378004 1 -0.000137044 -0.0001177 0.000136955 1 -0.00156652 0.0672039 -0.106027
FixedParameters: 0 0 0

#Transform 13
Transform: AffineTransform_float_3_3
Parameters: 1 0.000444358 3.09656e-05 -0.000444378 1 0.000323986 -3.06776e-05 -0.000324014 1 -0.00551 0.0502435 -0.0815466
FixedParameters: 0 0 0

#Transform 14
Transform: AffineTransform_float_3_3
Parameters: 1 0.000379888 7.3364e-05 -0.000379872 1 -0.000106028 -7.34445e-05 0.000105972 1 -0.000120716 0.0653852 -0.0662014
FixedParameters: 0 0 0

#Transform 15
Transform: AffineTransform_float_3_3
Parameters: 1 0.000328766 0.000285087 -0.000328028 1 -0.000609093 -0.000284567 0.000608906 1 -0.00162655 0.0663972 -0.0880511
FixedParameters: 0 0 0

#Transform 16
Transform: AffineTransform_float_3_3
Parameters: 1 0.000255772 0.000116318 -0.000255783 1 4.79703e-05 -0.000116293 -4.80298e-05 1 -0.00122981 0.0671689 -0.0888859
FixedParameters: 0 0 0

#Transform 17
Transform: AffineTransform_float_3_3
Parameters: 1 4.13334e-05 0.00064418 -4.06016e-05 1 -0.000568026 -0.000644227 0.000567973 0.999999 -0.0171906 0.0707057 -0.0782197
FixedParameters: 0 0 0

#Transform 18
Transform: AffineTransform_float_3_3
Parameters: 1 0.000323065 0.000238665 -0.000322887 1 -0.000374077 -0.000238906 0.000373923 1 -0.00482823 0.065697 -0.0912865
FixedParameters: 0 0 0

#Transform 19
Transform: AffineTransform_float_3_3
Parameters: 1 -3.70399e-05 0.000135267 3.71668e-05 1 -0.000468995 -0.000135232 0.000469005 1 -0.00727467 0.0805219 -0.0952314
FixedParameters: 0 0 0

#Transform 20
Transform: AffineTransform_float_3_3
Parameters: 1 -0.000299211 0.000172875 0.000299434 0.999999 -0.000644948 -0.000172489 0.000645051 1 -0.00640209 0.0762019 -0.0695059
FixedParameters: 0 0 0

#Transform 21
Transform: AffineTransform_float_3_3
Parameters: 1 -0.000429735 0.000147057 0.00043003 1 -0.0010053 -0.000146193 0.0010047 0.999999 -0.0031124 0.0776895 -0.0831994
FixedParameters: 0 0 0

#Transform 22
Transform: AffineTransform_float_3_3
Parameters: 1 -0.000329769 0.000139346 0.000330093 1 -0.00116495 -0.000138577 0.00116505 1 -0.00392726 0.0738941 -0.0923112
FixedParameters: 0 0 0

#Transform 23
Transform: AffineTransform_float_3_3
Parameters: 1 -0.000269988 0.000106162 0.000269766 0.999999 -0.000793971 -0.000106654 0.000794028 0.999999 -0.00416176 0.0714627 -0.0875035
FixedParameters: 0 0 0

#Transform 24
Transform: AffineTransform_float_3_3
Parameters: 1 -0.000415396 0.000132225 0.000415252 1 -0.000934305 -0.000132369 0.000933696 0.999999 0.000753507 0.0781772 -0.0786651
FixedParameters: 0 0 0

#Transform 25
Transform: AffineTransform_float_3_3
Parameters: 1 -0.000444401 0.00024791 0.00044495 0.999999 -0.00110825 -0.000246924 0.00110775 0.999999 -0.000630777 0.0619492 -0.076054
FixedParameters: 0 0 0

#Transform 26
Transform: AffineTransform_float_3_3
Parameters: 1 -0.000381044 0.000376322 0.00038183 1 -0.00104586 -0.000375524 0.00104614 1 0.00129568 0.0566472 -0.0858355
FixedParameters: 0 0 0

#Transform 27
Transform: AffineTransform_float_3_3
Parameters: 1 -0.00043094 0.000128839 0.000431064 1 -0.000481944 -0.000128424 0.000482055 1 0.00509977 0.0707384 -0.0761851
FixedParameters: 0 0 0

#Transform 28
Transform: AffineTransform_float_3_3
Parameters: 1 -0.000530408 0.000439404 0.000530709 1 -0.000342767 -0.00043904 0.000343233 1 -0.00739539 0.0768128 -0.0658574
FixedParameters: 0 0 0

#Transform 29
Transform: AffineTransform_float_3_3
Parameters: 0.999999 -0.000585309 0.000463274 0.000585348 1 -0.00103773 -0.000461668 0.00103827 1 -0.000538158 0.076264 -0.0819715
FixedParameters: 0 0 0

#Transform 30
Transform: AffineTransform_float_3_3
Parameters: 0.999999 -0.000711453 0.000516809 0.000711422 1 -0.000861992 -0.000515192 0.000862007 0.999999 0.00973307 0.0727678 -0.0903542
FixedParameters: 0 0 0

#Transform 31
Transform: AffineTransform_float_3_3
Parameters: 0.999999 -0.000736373 0.000527276 0.000737131 0.999999 -0.000719819 -0.000526216 0.000719181 1 0.00225265 0.0786741 -0.0788478
FixedParameters: 0 0 0

#Transform 32
Transform: AffineTransform_float_3_3
Parameters: 0.999999 -0.000630478 0.000482355 0.000631309 1 -0.000862056 -0.000481268 0.000861944 0.999999 -0.00148991 0.0743574 -0.0700604
FixedParameters: 0 0 0

#Transform 33
Transform: AffineTransform_float_3_3
Parameters: 0.999999 -0.000652966 0.000577703 0.000653865 1 -0.000778982 -0.000576685 0.000779017 0.999999 0.000887931 0.0697012 -0.0788186
FixedParameters: 0 0 0

#Transform 34
Transform: AffineTransform_float_3_3
Parameters: 1 -0.000449589 0.00028962 0.00044951 1 0.00013613 -0.000289742 -0.00013587 1 -0.000968647 0.0630697 -0.08308
FixedParameters: 0 0 0

#Transform 35
Transform: AffineTransform_float_3_3
Parameters: 0.999999 -0.000559922 0.000451841 0.000560108 1 -0.000205747 -0.00045161 0.000206253 1 -0.00205027 0.0624573 -0.0777561
FixedParameters: 0 0 0

#Transform 36
Transform: AffineTransform_float_3_3
Parameters: 0.999999 -0.000631612 0.000482466 0.000632016 0.999999 -0.000417695 -0.000481938 0.000418304 1 7.37115e-05 0.0575106 -0.0740228
FixedParameters: 0 0 0

#Transform 37
Transform: AffineTransform_float_3_3
Parameters: 0.999999 -0.000816604 0.000561077 0.000817068 1 -0.000412902 -0.000560402 0.000413098 1 0.00942316 0.0596994 -0.0695529
FixedParameters: 0 0 0

#Transform 38
Transform: AffineTransform_float_3_3
Parameters: 0.999999 -0.000631848 0.000482159 0.000631781 0.999999 6.94571e-05 -0.000482247 -6.95425e-05 1 0.00161476 0.0623109 -0.0655598
FixedParameters: 0 0 0

#Transform 39
Transform: AffineTransform_float_3_3
Parameters: 0.999999 -0.000992831 0.000767599 0.00099326 1 -0.000533598 -0.000767458 0.000534403 0.999999 0.00424693 0.0813038 -0.0712756
FixedParameters: 0 0 0

#Transform 40
Transform: AffineTransform_float_3_3
Parameters: 0.999999 -0.000934168 0.000956718 0.000934794 1 -0.000530466 -0.000956646 0.000531535 0.999999 0.00420794 0.0686217 -0.0810998
FixedParameters: 0 0 0

#Transform 41
Transform: AffineTransform_float_3_3
Parameters: 0.999999 -0.000942411 0.00100484 0.000942378 1 0.00021074 -0.00100432 -0.00021026 0.999999 -0.0065001 0.0677662 -0.0667164
FixedParameters: 0 0 0

#Transform 42
Transform: AffineTransform_float_3_3
Parameters: 0.999999 -0.000845658 0.0010797 0.000845054 1 0.000460706 -0.00107956 -0.000460294 0.999999 -0.00877068 0.0520478 -0.0738165
FixedParameters: 0 0 0

#Transform 43
Transform: AffineTransform_float_3_3
Parameters: 0.999999 -0.000995072 0.000847648 0.000994726 0.999999 0.000434636 -0.000847592 -0.000434364 1 -0.0102542 0.0556071 -0.0669272
FixedParameters: 0 0 0

#Transform 44
Transform: AffineTransform_float_3_3
Parameters: 0.999999 -0.000817362 0.00126662 0.00081687 1 0.000348828 -0.00126627 -0.000348172 0.999999 -0.0209163 0.059661 -0.0807308
FixedParameters: 0 0 0

#Transform 45
Transform: AffineTransform_float_3_3
Parameters: 0.999999 -0.000909665 0.00104921 0.000908601 1 0.000507594 -0.00105013 -0.000506405 0.999999 -0.0202461 0.0488456 -0.0793844
FixedParameters: 0 0 0

#Transform 46
Transform: AffineTransform_float_3_3
Parameters: 0.999998 -0.000983624 0.00125122 0.000983499 0.999999 0.000418024 -0.00125243 -0.000416975 0.999999 -0.00839782 0.0675516 -0.0831545
FixedParameters: 0 0 0

#Transform 47
Transform: AffineTransform_float_3_3
Parameters: 0.999999 -0.00107122 0.000668057 0.00107096 0.999999 0.000490356 -0.000668186 -0.000489644 0.999999 0.0202002 0.0660226 -0.0814447
FixedParameters: 0 0 0

#Transform 48
Transform: AffineTransform_float_3_3
Parameters: 0.999999 -0.000864052 0.0011569 0.000863174 0.999999 0.000548792 -0.00115692 -0.000548208 0.999999 0.000489936 0.071883 -0.106458
FixedParameters: 0 0 0

#Transform 49
Transform: AffineTransform_float_3_3
Parameters: 0.999999 -0.00100127 0.00083342 0.00100024 0.999999 0.000851627 -0.000834204 -0.000851372 0.999999 0.00688754 0.0580508 -0.10672
FixedParameters: 0 0 0

#Transform 50
Transform: AffineTransform_float_3_3
Parameters: 0.999998 -0.00144592 0.000963071 0.00144466 0.999999 0.000851825 -0.000964611 -0.000851173 0.999999 0.025906 0.0766999 -0.114764
FixedParameters: 0 0 0

#Transform 51
Transform: AffineTransform_float_3_3
Parameters: 0.999998 -0.00142806 0.0009231 0.00142705 0.999999 0.000758599 -0.000924344 -0.0007574 0.999999 0.0234402 0.0561712 -0.134326
FixedParameters: 0 0 0

#Transform 52
Transform: AffineTransform_float_3_3
Parameters: 0.999998 -0.00148633 0.000842276 0.00148508 0.999997 0.00143704 -0.000843783 -0.00143595 0.999999 0.0354533 0.0550383 -0.138534
FixedParameters: 0 0 0

#Transform 53
Transform: AffineTransform_float_3_3
Parameters: 0.999999 -0.00153089 0.000798457 0.00152964 0.999998 0.00126986 -0.0008005 -0.00126814 0.999999 0.0364396 0.0617059 -0.11523
FixedParameters: 0 0 0

#Transform 54
Transform: AffineTransform_float_3_3
Parameters: 0.999998 -0.00152837 0.00113256 0.00152804 0.999998 0.000898525 -0.00113385 -0.000896476 0.999999 0.0363478 0.071715 -0.125286
FixedParameters: 0 0 0

#Transform 55
Transform: AffineTransform_float_3_3
Parameters: 0.999998 -0.00149206 0.000846277 0.00149146 0.999999 0.000582544 -0.000847093 -0.000581456 0.999999 0.0325673 0.0736899 -0.134194
FixedParameters: 0 0 0

#Transform 56
Transform: AffineTransform_float_3_3
Parameters: 0.999998 -0.00151324 0.00113532 0.00151221 0.999998 0.00120051 -0.0011375 -0.00119849 0.999999 0.0214839 0.0621816 -0.13351
FixedParameters: 0 0 0

#Transform 57
Transform: AffineTransform_float_3_3
Parameters: 0.999997 -0.00207764 0.00109445 0.00207716 0.999998 0.000578195 -0.00109501 -0.000575805 0.999999 0.0330387 0.0803743 -0.122242
FixedParameters: 0 0 0

#Transform 58
Transform: AffineTransform_float_3_3
Parameters: 0.999997 -0.001889 0.00101426 0.00188839 0.999999 0.000681838 -0.001015 -0.000680163 0.999999 0.0395584 0.0884415 -0.0973055
FixedParameters: 0 0 0

#Transform 59
Transform: AffineTransform_float_3_3
Parameters: 0.999997 -0.00188857 0.00101505 0.00188842 0.999998 0.00026635 -0.00101513 -0.00026465 1 0.0424481 0.093437 -0.105014
FixedParameters: 0 0 0

#Transform 60
Transform: AffineTransform_float_3_3
Parameters: 0.999997 -0.00186358 0.00107396 0.0018634 0.999998 0.000268282 -0.00107404 -0.000265718 0.999999 0.0379766 0.0745037 -0.11876
FixedParameters: 0 0 0

#Transform 61
Transform: AffineTransform_float_3_3
Parameters: 0.999997 -0.00184899 0.00110854 0.0018483 0.999998 0.000488483 -0.00110942 -0.000486516 0.999999 0.0358034 0.0701526 -0.123888
FixedParameters: 0 0 0

#Transform 62
Transform: AffineTransform_float_3_3
Parameters: 0.999997 -0.00209841 0.00110419 0.00209834 0.999998 0.000212238 -0.00110416 -0.000209762 0.999999 0.0440545 0.0788812 -0.117047
FixedParameters: 0 0 0

#Transform 63
Transform: AffineTransform_float_3_3
Parameters: 0.999997 -0.00224361 0.00116639 0.00224363 0.999998 -5.46257e-06 -0.00116636 8.53835e-06 0.999999 0.060999 0.0834462 -0.143097
FixedParameters: 0 0 0

#Transform 64
Transform: AffineTransform_float_3_3
Parameters: 0.999997 -0.00224068 0.00100439 0.00224071 0.999998 -1.4829e-05 -0.00100431 1.71719e-05 0.999999 0.0522287 0.0710777 -0.135564
FixedParameters: 0 0 0

#Transform 65
Transform: AffineTransform_float_3_3
Parameters: 0.999997 -0.00221135 0.0011528 0.00221145 0.999997 -4.33776e-05 -0.0011526 4.56231e-05 0.999999 0.0494421 0.0622072 -0.153484
FixedParameters: 0 0 0

#Transform 66
Transform: AffineTransform_float_3_3
Parameters: 0.999998 -0.00206332 0.00108957 0.00206347 0.999998 0.000109322 -0.00108909 -0.000107679 1 0.0409147 0.0747877 -0.145735
FixedParameters: 0 0 0

#Transform 67
Transform: AffineTransform_float_3_3
Parameters: 0.999998 -0.00206669 0.00109172 0.00206708 0.999998 -0.000175823 -0.00109099 0.000178177 0.999999 0.0359685 0.0905318 -0.0991324
FixedParameters: 0 0 0

#Transform 68
Transform: AffineTransform_float_3_3
Parameters: 0.999996 -0.00224294 0.00124465 0.00224326 0.999997 -0.000124135 -0.00124409 0.000126865 0.999999 0.0415825 0.0784241 -0.122311
FixedParameters: 0 0 0

#Transform 69
Transform: AffineTransform_float_3_3
Parameters: 0.999997 -0.00220071 0.001224 0.00220053 0.999997 7.57669e-05 -0.00122433 -7.32317e-05 0.999999 0.0431484 0.0796983 -0.148196
FixedParameters: 0 0 0

#Transform 70
Transform: AffineTransform_float_3_3
Parameters: 0.999996 -0.00224858 0.00122381 0.00224851 0.999997 2.86723e-05 -0.00122393 -2.53265e-05 0.999999 0.0400697 0.0732383 -0.165804
FixedParameters: 0 0 0

#Transform 71
Transform: AffineTransform_float_3_3
Parameters: 0.999997 -0.00232225 0.00104258 0.0023217 0.999997 0.000266342 -0.00104381 -0.000263655 0.999999 0.0419484 0.0601718 -0.159803
FixedParameters: 0 0 0

#Transform 72
Transform: AffineTransform_float_3_3
Parameters: 0.999996 -0.00232896 0.00120323 0.00232949 0.999997 -0.000221125 -0.00120219 0.000223875 0.999999 0.0316364 0.0775201 -0.141979
FixedParameters: 0 0 0

#Transform 73
Transform: AffineTransform_float_3_3
Parameters: 0.999996 -0.00234518 0.00121093 0.00234602 0.999998 -0.0005046 -0.00120948 0.0005074 0.999999 0.0361824 0.0904007 -0.150469
FixedParameters: 0 0 0

#Transform 74
Transform: AffineTransform_float_3_3
Parameters: 0.999996 -0.00242145 0.00136903 0.00242119 0.999997 -0.000383126 -0.0013677 0.000386875 0.999999 0.0333456 0.0891735 -0.148287
FixedParameters: 0 0 0

#Transform 75
Transform: AffineTransform_float_3_3
Parameters: 0.999996 -0.0024612 0.00126011 0.00246197 0.999997 -0.000459186 -0.00125876 0.000461814 0.999999 0.0347054 0.0834356 -0.165414
FixedParameters: 0 0 0

#Transform 76
Transform: AffineTransform_float_3_3
Parameters: 0.999995 -0.00267112 0.00134911 0.00267179 0.999997 -0.000392044 -0.00134793 0.000394957 0.999999 0.0443619 0.0742515 -0.185131
FixedParameters: 0 0 0

#Transform 77
Transform: AffineTransform_float_3_3
Parameters: 0.999996 -0.0025492 0.00129834 0.00255031 0.999996 -0.000724978 -0.00129648 0.000728022 0.999999 0.0402663 0.0791448 -0.170124
FixedParameters: 0 0 0

#Transform 78
Transform: AffineTransform_float_3_3
Parameters: 0.999995 -0.0026403 0.00133709 0.00264147 0.999996 -0.000727118 -0.00133509 0.000729883 0.999999 0.0443022 0.0856844 -0.18032
FixedParameters: 0 0 0

#Transform 79
Transform: AffineTransform_float_3_3
Parameters: 0.999995 -0.00265574 0.00134416 0.00265733 0.999996 -0.000881078 -0.00134131 0.000883921 0.999999 0.0531828 0.0805792 -0.193182
FixedParameters: 0 0 0

#Transform 80
Transform: AffineTransform_float_3_3
Parameters: 0.999995 -0.00287126 0.00123864 0.00287229 0.999995 -0.000727092 -0.0012363 0.000729908 0.999999 0.0607719 0.0678933 -0.216771
FixedParameters: 0 0 0

#Transform 81
Transform: AffineTransform_float_3_3
Parameters: 0.999995 -0.0027706 0.00139342 0.00277129 0.999996 -0.000997941 -0.00139025 0.00100206 0.999998 0.0566622 0.0902809 -0.195046
FixedParameters: 0 0 0

#Transform 82
Transform: AffineTransform_float_3_3
Parameters: 0.999995 -0.00280507 0.00140928 0.00280638 0.999995 -0.0013447 -0.00140502 0.0013483 0.999998 0.0458908 0.0867261 -0.217609
FixedParameters: 0 0 0

#Transform 83
Transform: AffineTransform_float_3_3
Parameters: 0.999995 -0.00279677 0.00140579 0.00279903 0.999995 -0.00135872 -0.00140186 0.00136228 0.999998 0.0439314 0.0903622 -0.238852
FixedParameters: 0 0 0

#Transform 84
Transform: AffineTransform_float_3_3
Parameters: 0.999995 -0.00285904 0.0014308 0.0028605 0.999995 -0.000920557 -0.00142829 0.000924442 0.999998 0.0517995 0.0763216 -0.206234
FixedParameters: 0 0 0

#Transform 85
Transform: AffineTransform_float_3_3
Parameters: 0.999995 -0.00299314 0.00149069 0.00299625 0.999994 -0.00169755 -0.00148511 0.00170145 0.999997 0.0491448 0.0999397 -0.187369
FixedParameters: 0 0 0

#Transform 86
Transform: AffineTransform_float_3_3
Parameters: 0.999994 -0.00300174 0.00138384 0.00300437 0.999994 -0.00180065 -0.00137853 0.00180535 0.999998 0.0571451 0.105777 -0.183945
FixedParameters: 0 0 0

#Transform 87
Transform: AffineTransform_float_3_3
Parameters: 0.999993 -0.00318089 0.00157052 0.00318406 0.999994 -0.00163438 -0.0015647 0.00163862 0.999997 0.0594752 0.0920407 -0.204111
FixedParameters: 0 0 0

#Transform 88
Transform: AffineTransform_float_3_3
Parameters: 0.999995 -0.00305751 0.00139588 0.00305991 0.999994 -0.0015609 -0.00139092 0.0015651 0.999998 0.0557917 0.102427 -0.175179
FixedParameters: 0 0 0

#Transform 89
Transform: AffineTransform_float_3_3
Parameters: 0.999994 -0.00321433 0.00172636 0.00321841 0.999993 -0.00197282 -0.00172009 0.00197818 0.999997 0.0509709 0.0944602 -0.171864
FixedParameters: 0 0 0

#Transform 90
Transform: AffineTransform_float_3_3
Parameters: 0.999994 -0.00326506 0.00160753 0.00326849 0.999992 -0.00191876 -0.00160142 0.00192424 0.999997 0.0621486 0.103783 -0.190492
FixedParameters: 0 0 0

#Transform 91
Transform: AffineTransform_float_3_3
Parameters: 0.999994 -0.00290736 0.00145244 0.00290844 0.999995 -0.00122443 -0.0014486 0.00122857 0.999999 0.0555902 0.0869389 -0.195619
FixedParameters: 0 0 0

#Transform 92
Transform: AffineTransform_float_3_3
Parameters: 0.999995 -0.00303573 0.00150818 0.00303834 0.999994 -0.00151443 -0.00150357 0.00151857 0.999998 0.0550253 0.104669 -0.178711
FixedParameters: 0 0 0

#Transform 93
Transform: AffineTransform_float_3_3
Parameters: 0.999994 -0.00326512 0.00160741 0.00326843 0.999993 -0.00187976 -0.00160155 0.00188524 0.999997 0.068803 0.0950599 -0.2093
FixedParameters: 0 0 0

#Transform 94
Transform: AffineTransform_float_3_3
Parameters: 0.999994 -0.00324243 0.00140576 0.00324572 0.999992 -0.00228661 -0.00139827 0.00229139 0.999997 0.0554897 0.110276 -0.223776
FixedParameters: 0 0 0

#Transform 95
Transform: AffineTransform_float_3_3
Parameters: 0.999993 -0.00336674 0.0016701 0.00336959 0.999993 -0.0015539 -0.00166513 0.0015601 0.999997 0.0622633 0.0904034 -0.205743
FixedParameters: 0 0 0

#Transform 96
Transform: AffineTransform_float_3_3
Parameters: 0.999994 -0.00331041 0.00150123 0.00331379 0.999993 -0.00203656 -0.00149417 0.00204144 0.999997 0.0709832 0.104856 -0.193179
FixedParameters: 0 0 0

#Transform 97
Transform: AffineTransform_float_3_3
Parameters: 0.999994 -0.00322441 0.00170287 0.00322787 0.999993 -0.00181852 -0.00169756 0.00182448 0.999997 0.063655 0.103642 -0.203102
FixedParameters: 0 0 0

#Transform 98
Transform: AffineTransform_float_3_3
Parameters: 0.999993 -0.00367458 0.00133324 0.00367655 0.999991 -0.00191378 -0.00132652 0.00191922 0.999997 0.0779448 0.0989156 -0.203308
FixedParameters: 0 0 0

#Transform 99
Transform: AffineTransform_float_3_3
Parameters: 0.999994 -0.00338398 0.00132879 0.00338688 0.999993 -0.00163003 -0.00132365 0.00163397 0.999998 0.0782583 0.104613 -0.228574
FixedParameters: 0 0 0

#Transform 100
Transform: AffineTransform_float_3_3
Parameters: 0.999993 -0.00340719 0.00164667 0.00340999 0.999993 -0.00144491 -0.0016414 0.00145109 0.999997 0.0580754 0.0934919 -0.207305
FixedParameters: 0 0 0

#Transform 101
Transform: AffineTransform_float_3_3
Parameters: 0.999994 -0.00342677 0.00122877 0.00343005 0.999991 -0.00223796 -0.00122116 0.00224204 0.999997 0.0693191 0.111669 -0.217317
FixedParameters: 0 0 0

#Transform 102
Transform: AffineTransform_float_3_3
Parameters: 0.999992 -0.00376645 0.00137277 0.00376878 0.999991 -0.00198772 -0.00136514 0.00199228 0.999997 0.0800447 0.103403 -0.236024
FixedParameters: 0 0 0

#Transform 103
Transform: AffineTransform_float_3_3
Parameters: 0.999992 -0.00371398 0.0015874 0.00371716 0.999991 -0.00198699 -0.00157997 0.00199301 0.999997 0.092495 0.101861 -0.281326
FixedParameters: 0 0 0

#Transform 104
Transform: AffineTransform_float_3_3
Parameters: 0.99999 -0.00384561 0.00193136 0.00384936 0.999991 -0.00167903 -0.00192486 0.00168597 0.999996 0.0744065 0.10876 -0.254625
FixedParameters: 0 0 0

#Transform 105
Transform: AffineTransform_float_3_3
Parameters: 0.999991 -0.00381723 0.00139384 0.00381926 0.999991 -0.00185072 -0.00138705 0.00185628 0.999997 0.082396 0.099402 -0.274177
FixedParameters: 0 0 0

#Transform 106
Transform: AffineTransform_float_3_3
Parameters: 0.999991 -0.00381725 0.00139379 0.00381924 0.999991 -0.00183872 -0.00138709 0.00184428 0.999998 0.0966757 0.0981487 -0.277229
FixedParameters: 0 0 0

#Transform 107
Transform: AffineTransform_float_3_3
Parameters: 0.999992 -0.00389639 0.00136903 0.0038996 0.99999 -0.00212307 -0.00136114 0.00212793 0.999997 0.0983419 0.109304 -0.273922
FixedParameters: 0 0 0

#Transform 108
Transform: AffineTransform_float_3_3
Parameters: 0.999992 -0.00374805 0.00155599 0.00375129 0.999991 -0.00192206 -0.00154799 0.00192794 0.999997 0.0889985 0.0980831 -0.291128
FixedParameters: 0 0 0

#Transform 109
Transform: AffineTransform_float_3_3
Parameters: 0.999992 -0.00374649 0.00155964 0.00374934 0.999991 -0.0019162 -0.00155262 0.0019228 0.999997 0.0934714 0.0797306 -0.298276
FixedParameters: 0 0 0

#Transform 110
Transform: AffineTransform_float_3_3
Parameters: 0.999991 -0.00396224 0.0014567 0.00396566 0.99999 -0.00206663 -0.00144897 0.00207237 0.999997 0.09853 0.0774388 -0.311458
FixedParameters: 0 0 0

#Transform 111
Transform: AffineTransform_float_3_3
Parameters: 0.999989 -0.00428637 0.00152031 0.00428956 0.999988 -0.00233825 -0.00150943 0.00234475 0.999996 0.108141 0.0978397 -0.313197
FixedParameters: 0 0 0

#Transform 112
Transform: AffineTransform_float_3_3
Parameters: 0.99999 -0.00416623 0.00154434 0.00416905 0.999989 -0.00218133 -0.00153534 0.00218767 0.999996 0.108765 0.100133 -0.325818
FixedParameters: 0 0 0

#Transform 113
Transform: AffineTransform_float_3_3
Parameters: 0.99999 -0.00424202 0.00157552 0.00424462 0.999989 -0.00194008 -0.00156731 0.00194692 0.999997 0.0941523 0.108557 -0.294873
FixedParameters: 0 0 0

#Transform 114
Transform: AffineTransform_float_3_3
Parameters: 0.999989 -0.00424621 0.00157861 0.00425017 0.999989 -0.00220442 -0.00156945 0.00221058 0.999996 0.0980843 0.102114 -0.322459
FixedParameters: 0 0 0

#Transform 115
Transform: AffineTransform_float_3_3
Parameters: 0.999989 -0.00424633 0.00157828 0.00425005 0.999989 -0.00212742 -0.00156978 0.00213358 0.999996 0.108043 0.0975446 -0.315331
FixedParameters: 0 0 0

#Transform 116
Transform: AffineTransform_float_3_3
Parameters: 0.999989 -0.0045902 0.00135678 0.00459308 0.999986 -0.00260306 -0.00134521 0.00260895 0.999996 0.123485 0.0980831 -0.351998
FixedParameters: 0 0 0

#Transform 117
Transform: AffineTransform_float_3_3
Parameters: 0.999989 -0.00440884 0.00164852 0.00441209 0.999988 -0.00229286 -0.00163839 0.00230014 0.999996 0.106155 0.102004 -0.327749
FixedParameters: 0 0 0

#Transform 118
Transform: AffineTransform_float_3_3
Parameters: 0.999989 -0.00441877 0.00165048 0.00442227 0.999989 -0.00184783 -0.00164279 0.00185517 0.999997 0.102368 0.0932387 -0.32814
FixedParameters: 0 0 0

#Transform 119
Transform: AffineTransform_float_3_3
Parameters: 0.999988 -0.00455238 0.00145556 0.00455712 0.999986 -0.00274766 -0.00144325 0.00275434 0.999995 0.107275 0.0970766 -0.333334
FixedParameters: 0 0 0

#Transform 120
Transform: AffineTransform_float_3_3
Parameters: 0.99999 -0.00437053 0.00108524 0.00437373 0.999986 -0.00298098 -0.0010719 0.00298602 0.999995 0.0666323 0.0926007 -0.3807
FixedParameters: 0 0 0

#Transform 121
Transform: AffineTransform_float_3_3
Parameters: 0.99999 -0.00392013 0.00210962 0.00392574 0.999988 -0.00297304 -0.00209745 0.00298096 0.999993 0.0417144 0.108895 -0.341265
FixedParameters: 0 0 0

#Transform 122
Transform: AffineTransform_float_3_3
Parameters: 0.99999 -0.00406982 0.00175988 0.0040751 0.999986 -0.0033271 -0.00174524 0.0033349 0.999993 0.0641251 0.107888 -0.366689
FixedParameters: 0 0 0

#Transform 123
Transform: AffineTransform_float_3_3
Parameters: 0.99999 -0.00409045 0.00171164 0.00409485 0.999988 -0.00254561 -0.0017009 0.00255239 0.999995 0.0544004 0.105873 -0.344158
FixedParameters: 0 0 0

#Transform 124
Transform: AffineTransform_float_3_3
Parameters: 0.999989 -0.00414287 0.00197279 0.00414914 0.999986 -0.0033143 -0.00195869 0.00332271 0.999993 0.0518153 0.111083 -0.360313
FixedParameters: 0 0 0

#Transform 125
Transform: AffineTransform_float_3_3
Parameters: 0.999989 -0.00427085 0.00193055 0.00427758 0.999985 -0.00326673 -0.0019164 0.00327526 0.999992 0.0551271 0.10844 -0.387632
FixedParameters: 0 0 0

#Transform 126
Transform: AffineTransform_float_3_3
Parameters: 0.999987 -0.00456463 0.00201422 0.00457172 0.999984 -0.00351451 -0.00199864 0.00352349 0.999992 0.0564078 0.140578 -0.317772
FixedParameters: 0 0 0

#Transform 127
Transform: AffineTransform_float_3_3
Parameters: 0.999988 -0.00441229 0.00208782 0.00442085 0.999984 -0.00365098 -0.00207118 0.00366002 0.999992 0.0507306 0.138215 -0.305625
FixedParameters: 0 0 0

#Transform 128
Transform: AffineTransform_float_3_3
Parameters: 0.99999 -0.00414721 0.00197022 0.00415386 0.999985 -0.00351666 -0.00195533 0.00352434 0.999992 0.0476055 0.126031 -0.337619
FixedParameters: 0 0 0

#Transform 129
Transform: AffineTransform_float_3_3
Parameters: 0.999988 -0.00465028 0.00163738 0.00465756 0.99998 -0.00430605 -0.00161829 0.00431395 0.999989 0.0966008 0.139391 -0.343098
FixedParameters: 0 0 0

#Transform 130
Transform: AffineTransform_float_3_3
Parameters: 0.999989 -0.00419637 0.00216786 0.00420376 0.999986 -0.00336558 -0.00215389 0.00337443 0.999992 0.0373936 0.117156 -0.341485
FixedParameters: 0 0 0

#Transform 131
Transform: AffineTransform_float_3_3
Parameters: 0.999988 -0.00434462 0.00233457 0.00435354 0.999984 -0.00353789 -0.00231901 0.00354811 0.999991 0.0481569 0.117383 -0.34173
FixedParameters: 0 0 0

#Transform 132
Transform: AffineTransform_float_3_3
Parameters: 0.999988 -0.00438084 0.00224976 0.00438961 0.999983 -0.00390034 -0.00223353 0.00391067 0.99999 0.0484461 0.112374 -0.379248
FixedParameters: 0 0 0

#Transform 133
Transform: AffineTransform_float_3_3
Parameters: 0.999988 -0.00437881 0.00225539 0.004385 0.999986 -0.00287731 -0.00224354 0.0028877 0.999993 0.0538725 0.090912 -0.403586
FixedParameters: 0 0 0

#Transform 134
Transform: AffineTransform_float_3_3
Parameters: 0.999989 -0.00409545 0.00217803 0.00410175 0.999987 -0.00273539 -0.00216622 0.00274461 0.999994 0.0226266 0.0993588 -0.399774
FixedParameters: 0 0 0

#Transform 135
Transform: AffineTransform_float_3_3
Parameters: 0.999994 -0.00276914 0.00204848 0.00277399 0.999994 -0.00198103 -0.00204262 0.00198597 0.999996 -0.0394596 0.0788393 -0.379141
FixedParameters: 0 0 0

#Transform 136
Transform: AffineTransform_float_3_3
Parameters: 0.999993 -0.00322495 0.00224545 0.00323068 0.999992 -0.00255783 -0.00223733 0.00256518 0.999995 -0.018409 0.0886374 -0.402676
FixedParameters: 0 0 0

#Transform 137
Transform: AffineTransform_float_3_3
Parameters: 0.99999 -0.00369027 0.00244604 0.00369797 0.999989 -0.00290977 -0.00243477 0.00291924 0.999993 0.00996518 0.093489 -0.425027
FixedParameters: 0 0 0

#Transform 138
Transform: AffineTransform_float_3_3
Parameters: 0.999989 -0.00379178 0.00249053 0.00380003 0.999988 -0.00312671 -0.00247886 0.00313629 0.999992 0.0105124 0.0985214 -0.439599
FixedParameters: 0 0 0

#Transform 139
Transform: AffineTransform_float_3_3
Parameters: 0.999988 -0.00424698 0.00245308 0.00425583 0.999984 -0.0036181 -0.00243806 0.0036289 0.999991 0.0215266 0.0996457 -0.463498
FixedParameters: 0 0 0

#Transform 140
Transform: AffineTransform_float_3_3
Parameters: 0.999989 -0.0040506 0.00260584 0.00406119 0.999983 -0.00399381 -0.00258971 0.00400419 0.999988 0.00526069 0.107003 -0.454747
FixedParameters: 0 0 0

#Transform 141
Transform: AffineTransform_float_3_3
Parameters: 0.999988 -0.00430496 0.00230495 0.00431368 0.999983 -0.00382611 -0.00228772 0.00383588 0.99999 0.0339587 0.095231 -0.475497
FixedParameters: 0 0 0

#Transform 142
Transform: AffineTransform_float_3_3
Parameters: 0.999987 -0.00435202 0.00273145 0.00436163 0.999985 -0.00331284 -0.0027174 0.00332516 0.999991 0.0274877 0.0885669 -0.503093
FixedParameters: 0 0 0

#Transform 143
Transform: AffineTransform_float_3_3
Parameters: 0.999986 -0.00445676 0.00278018 0.00446798 0.999982 -0.00399691 -0.00276262 0.0040081 0.999988 0.0227254 0.10278 -0.496273
FixedParameters: 0 0 0

#Transform 144
Transform: AffineTransform_float_3_3
Parameters: 0.999984 -0.0048178 0.00293913 0.00483124 0.999977 -0.00465166 -0.00291655 0.00466634 0.999984 0.0295317 0.106937 -0.518484
FixedParameters: 0 0 0

#Transform 145
Transform: AffineTransform_float_3_3
Parameters: 0.999985 -0.00490214 0.00250462 0.00491485 0.999975 -0.00510986 -0.00247939 0.00512214 0.999984 0.0557493 0.113123 -0.526719
FixedParameters: 0 0 0

#Transform 146
Transform: AffineTransform_float_3_3
Parameters: 0.999985 -0.00495266 0.00263122 0.00496331 0.999979 -0.00408994 -0.00261099 0.00410306 0.999989 0.0588939 0.0996354 -0.524062
FixedParameters: 0 0 0

#Transform 147
Transform: AffineTransform_float_3_3
Parameters: 0.999984 -0.00512651 0.0025861 0.00513778 0.999978 -0.00425759 -0.00256496 0.00427041 0.999987 0.0860498 0.0978364 -0.535271
FixedParameters: 0 0 0

#Transform 148
Transform: AffineTransform_float_3_3
Parameters: 0.999984 -0.00511148 0.00262034 0.00512453 0.999974 -0.00502295 -0.00259477 0.00503605 0.999984 0.0843983 0.103124 -0.548319
FixedParameters: 0 0 0

#Transform 149
Transform: AffineTransform_float_3_3
Parameters: 0.999981 -0.00553454 0.00277821 0.00554817 0.999973 -0.00498122 -0.00275067 0.0049968 0.999984 0.0965074 0.100226 -0.553781
FixedParameters: 0 0 0

#Transform 150
Transform: AffineTransform_float_3_3
Parameters: 0.999979 -0.00576773 0.00271704 0.00578096 0.999971 -0.00492243 -0.00268916 0.00493857 0.999984 0.0982524 0.105767 -0.558527
FixedParameters: 0 0 0

#Transform 151
Transform: AffineTransform_float_3_3
Parameters: 0.999979 -0.00575781 0.00276756 0.00577322 0.999968 -0.00544402 -0.00273652 0.00545998 0.999981 0.0967312 0.100644 -0.58758
FixedParameters: 0 0 0

#Transform 152
Transform: AffineTransform_float_3_3
Parameters: 0.999979 -0.00572612 0.00282818 0.00574243 0.999967 -0.00579077 -0.00279495 0.00580724 0.999979 0.100567 0.11102 -0.603651
FixedParameters: 0 0 0

#Transform 153
Transform: AffineTransform_float_3_3
Parameters: 0.99998 -0.00577836 0.0026414 0.00579369 0.999966 -0.00591786 -0.00260742 0.00593315 0.999979 0.109281 0.112594 -0.61774
FixedParameters: 0 0 0

#Transform 154
Transform: AffineTransform_float_3_3
Parameters: 0.999981 -0.00565983 0.00269439 0.0056744 0.99997 -0.0052165 -0.00266423 0.0052325 0.999983 0.106563 0.0931026 -0.594481
FixedParameters: 0 0 0

#Transform 155
Transform: AffineTransform_float_3_3
Parameters: 0.999979 -0.00583823 0.00272986 0.00585457 0.999966 -0.00583954 -0.00269515 0.00585546 0.999979 0.108839 0.100081 -0.608161
FixedParameters: 0 0 0

#Transform 156
Transform: AffineTransform_float_3_3
Parameters: 0.999978 -0.00607652 0.00285387 0.00609352 0.999962 -0.00620872 -0.00281609 0.00622529 0.999977 0.12247 0.105783 -0.656022
FixedParameters: 0 0 0

#Transform 157
Transform: AffineTransform_float_3_3
Parameters: 0.999977 -0.00607237 0.0029573 0.0060888 0.999966 -0.00555558 -0.00292291 0.00557342 0.999981 0.110957 0.0954176 -0.607469
FixedParameters: 0 0 0

#Transform 158
Transform: AffineTransform_float_3_3
Parameters: 0.999977 -0.00607349 0.00295449 0.00609043 0.999964 -0.00585011 -0.00291926 0.0058679 0.999978 0.12005 0.102226 -0.605201
FixedParameters: 0 0 0

#Transform 159
Transform: AffineTransform_float_3_3
Parameters: 0.999976 -0.0063089 0.00294378 0.00632657 0.99996 -0.00626686 -0.00290419 0.00628515 0.999976 0.123073 0.116185 -0.612752
FixedParameters: 0 0 0

#Transform 160
Transform: AffineTransform_float_3_3
Parameters: 0.999977 -0.00617919 0.00270946 0.00619469 0.999963 -0.00601947 -0.00267223 0.00603553 0.999978 0.124883 0.108201 -0.623199
FixedParameters: 0 0 0

#Transform 161
Transform: AffineTransform_float_3_3
Parameters: 0.999976 -0.00627829 0.00285849 0.00629436 0.999964 -0.00566447 -0.00282267 0.00568153 0.99998 0.122489 0.10747 -0.635956
FixedParameters: 0 0 0

#Transform 162
Transform: AffineTransform_float_3_3
Parameters: 0.999976 -0.00625784 0.00276438 0.00627595 0.999959 -0.00649529 -0.00272429 0.00651172 0.999975 0.128438 0.124696 -0.638982
FixedParameters: 0 0 0

#Transform 163
Transform: AffineTransform_float_3_3
Parameters: 0.999973 -0.00657223 0.00306019 0.0065932 0.999955 -0.00674405 -0.00301598 0.00676396 0.999973 0.130367 0.134744 -0.65316
FixedParameters: 0 0 0

#Transform 164
Transform: AffineTransform_float_3_3
Parameters: 0.999974 -0.00640526 0.00309636 0.00642389 0.999959 -0.00638881 -0.00305544 0.00640821 0.999975 0.128179 0.122721 -0.649393
FixedParameters: 0 0 0

#Transform 165
Transform: AffineTransform_float_3_3
Parameters: 0.999976 -0.00627952 0.0027142 0.00629723 0.99996 -0.00639834 -0.0026732 0.00641567 0.999976 0.124162 0.121555 -0.630812
FixedParameters: 0 0 0

#Transform 166
Transform: AffineTransform_float_3_3
Parameters: 0.999974 -0.00670902 0.00284971 0.00672862 0.999955 -0.00667887 -0.00280533 0.00669813 0.999973 0.129313 0.135114 -0.6206
FixedParameters: 0 0 0

#Transform 167
Transform: AffineTransform_float_3_3
Parameters: 0.999973 -0.00686439 0.00287099 0.00688508 0.99995 -0.00733251 -0.00281975 0.00735149 0.999969 0.133386 0.11753 -0.646712
FixedParameters: 0 0 0

#Transform 168
Transform: AffineTransform_float_3_3
Parameters: 0.999974 -0.00679872 0.00245614 0.00681593 0.999953 -0.00697826 -0.00240822 0.00699475 0.999973 0.146744 0.105921 -0.676312
FixedParameters: 0 0 0

#Transform 169
Transform: AffineTransform_float_3_3
Parameters: 0.999974 -0.00678725 0.00264612 0.00680509 0.999954 -0.00669003 -0.00260095 0.00670697 0.999974 0.13195 0.104016 -0.638732
FixedParameters: 0 0 0

#Transform 170
Transform: AffineTransform_float_3_3
Parameters: 0.999971 -0.00697184 0.00304309 0.00699272 0.99995 -0.00709635 -0.00299316 0.00711764 0.99997 0.140838 0.119276 -0.645443
FixedParameters: 0 0 0

#Transform 171
Transform: AffineTransform_float_3_3
Parameters: 0.999974 -0.0067311 0.00277603 0.00675052 0.999953 -0.00689895 -0.0027293 0.00691805 0.999972 0.134439 0.11009 -0.656369
FixedParameters: 0 0 0

#Transform 172
Transform: AffineTransform_float_3_3
Parameters: 0.999971 -0.00711209 0.00269621 0.00713015 0.999951 -0.00682786 -0.00264747 0.00684714 0.999972 0.148379 0.102467 -0.673252
FixedParameters: 0 0 0

#Transform 173
Transform: AffineTransform_float_3_3
Parameters: 0.999973 -0.00679922 0.00284516 0.00681747 0.999955 -0.00654585 -0.00280008 0.00656415 0.999974 0.128567 0.111047 -0.6624
FixedParameters: 0 0 0

#Transform 174
Transform: AffineTransform_float_3_3
Parameters: 0.99997 -0.00710328 0.00301633 0.0071241 0.99995 -0.00699515 -0.00296636 0.00701685 0.999971 0.136341 0.116651 -0.647562
FixedParameters: 0 0 0

#Transform 175
Transform: AffineTransform_float_3_3
Parameters: 0.999969 -0.0071429 0.00314888 0.0071651 0.999951 -0.00685529 -0.00309942 0.00687771 0.999972 0.144074 0.109396 -0.659048
FixedParameters: 0 0 0

#Transform 176
Transform: AffineTransform_float_3_3
Parameters: 0.99997 -0.00732053 0.00276628 0.00733975 0.999947 -0.00715417 -0.00271357 0.00717484 0.999971 0.148048 0.10968 -0.672437
FixedParameters: 0 0 0

#Transform 177
Transform: AffineTransform_float_3_3
Parameters: 0.999968 -0.00729465 0.00307254 0.00731405 0.999952 -0.00643688 -0.00302529 0.00645912 0.999975 0.144519 0.109775 -0.662041
FixedParameters: 0 0 0

#Transform 178
Transform: AffineTransform_float_3_3
Parameters: 0.99997 -0.00712051 0.00298157 0.00714104 0.99995 -0.00702887 -0.00293088 0.00705014 0.999971 0.14512 0.117699 -0.652344
FixedParameters: 0 0 0

#Transform 179
Transform: AffineTransform_float_3_3
Parameters: 0.99997 -0.00704086 0.00304473 0.0070612 0.999953 -0.00671613 -0.00299773 0.00673788 0.999973 0.135427 0.11758 -0.632835
FixedParameters: 0 0 0
