#Insight Transform File V1.0
#Transform 0
Transform: AffineTransform_float_3_3
Parameters: 1 5.09595e-05 0.000322697 -5.04039e-05 1 0.000564984 -0.00032303 -0.000565016 1 0.0569905 -0.216582 -0.279495
FixedParameters: 0 0 0

#Transform 1
Transform: AffineTransform_float_3_3
Parameters: 0.999999 0.000665465 -0.000466991 -0.000665287 0.999999 0.000190463 0.000467244 -0.000190537 1 0.0269129 0.0072153 -0.00583957
FixedParameters: 0 0 0

#Transform 2
Transform: AffineTransform_float_3_3
Parameters: 0.999999 0.000751215 -7.54483e-05 -0.0007512 0.999999 0.000101057 7.56001e-05 -0.000100943 1 -0.0205852 0.025688 -0.0214335
FixedParameters: 0 0 0

#Transform 3
Transform: AffineTransform_float_3_3
Parameters: 0.999999 0.000751183 -7.57676e-05 -0.000751232 0.999999 -0.000323943 7.52808e-05 0.000324056 1 -0.0240178 0.0480008 -0.043118
FixedParameters: 0 0 0

#Transform 4
Transform: AffineTransform_float_3_3
Parameters: 1 0.000906701 -0.000142025 -0.000906847 1 -0.000515231 0.000141091 0.000514768 1 -0.0359434 0.0398065 -0.0527602
FixedParameters: 0 0 0

#Transform 5
Transform: AffineTransform_float_3_3
Parameters: 0.999999 0.000845076 -0.000115544 -0.000845121 0.999999 -0.000195902 0.000115213 0.000196097 1 -0.0253092 0.0269719 -0.0632963
FixedParameters: 0 0 0

#Transform 6
Transform: AffineTransform_float_3_3
Parameters: 0.999999 0.0012918 -0.00063189 -0.00129172 0.999999 6.16096e-05 0.000632049 -6.13909e-05 1 0.0422195 0.0388426 -0.0614211
FixedParameters: 0 0 0

#Transform 7
Transform: AffineTransform_float_3_3
Parameters: 1 0.00115163 -0.000245489 -0.00115163 1 2.92328e-06 0.000245496 -3.07719e-06 1 -0.00122177 0.0369179 -0.0375539
FixedParameters: 0 0 0

#Transform 8
Transform: AffineTransform_float_3_3
Parameters: 1 0.000533049 1.70396e-05 -0.000533047 1 -7.4009e-05 -1.71185e-05 7.39908e-05 1 -0.0174317 0.0483063 -0.0835409
FixedParameters: 0 0 0

#Transform 9
Transform: AffineTransform_float_3_3
Parameters: 1 0.000554414 0.000105744 -0.000554398 1 -7.40585e-05 -0.000105826 7.39412e-05 1 -0.0176621 0.0452556 -0.0674485
FixedParameters: 0 0 0

#Transform 10
Transform: AffineTransform_float_3_3
Parameters: 1 0.000430856 6.05657e-05 -0.000430888 1 0.000267974 -6.03348e-05 -0.000268026 1 -0.00911752 0.0372175 -0.0789862
FixedParameters: 0 0 0

#Transform 11
Transform: AffineTransform_float_3_3
Parameters: 1 0.000683119 -4.61859e-05 -0.000683061 0.999999 0.000621031 4.70343e-05 -0.000620968 1 -0.00979238 0.0302909 -0.0616675
FixedParameters: 0 0 0

#Transform 12
Transform: AffineTransform_float_3_3
Parameters: 0.999999 0.00081934 -0.000104313 -0.000818388 0.999999 0.000153086 0.000104173 -0.000152915 1 -0.0248826 0.0284932 -0.0995343
FixedParameters: 0 0 0

#Transform 13
Transform: AffineTransform_float_3_3
Parameters: 0.999999 0.000802606 9.9233e-05 -0.000802592 0.999999 -7.40795e-05 -9.93518e-05 7.39201e-05 1 -0.0273222 0.0391599 -0.0929895
FixedParameters: 0 0 0

#Transform 14
Transform: AffineTransform_float_3_3
Parameters: 1 0.000433651 -9.9373e-05 -0.000433665 1 -7.39568e-05 9.93089e-05 7.4043e-05 1 -0.00624535 0.0333972 -0.0948591
FixedParameters: 0 0 0

#Transform 15
Transform: AffineTransform_float_3_3
Parameters: 1 0.000332279 -0.000348476 -0.000332187 1 0.000132116 0.000348563 -0.000131884 1 0.0157293 0.033557 -0.0723199
FixedParameters: 0 0 0

#Transform 16
Transform: AffineTransform_float_3_3
Parameters: 1 0.000537607 0.000294516 -0.000536939 1 0.000429842 -0.000294445 -0.000430158 1 -0.0184898 0.0268284 -0.0645135
FixedParameters: 0 0 0

#Transform 17
Transform: AffineTransform_float_3_3
Parameters: 1 0.000257825 1.87204e-05 -0.00025782 1 -0.000120005 -1.87823e-05 0.000119995 1 -0.000543029 0.0342152 -0.142888
FixedParameters: 0 0 0

#Transform 18
Transform: AffineTransform_float_3_3
Parameters: 1 0.000489265 0.00018019 -0.00048838 1 9.79121e-05 -0.000180485 -9.80884e-05 1 -0.0142046 0.0390227 -0.107645
FixedParameters: 0 0 0

#Transform 19
Transform: AffineTransform_float_3_3
Parameters: 1 0.0004817 0.000163123 -0.000481489 1 0.000974923 -0.000163495 -0.00097508 1 0.00280529 0.0415526 -0.114042
FixedParameters: 0 0 0

#Transform 20
Transform: AffineTransform_float_3_3
Parameters: 1 0.000471586 0.000139103 -0.000470892 0.999999 0.000813934 -0.000138727 -0.000814065 0.999999 -0.0129387 0.0344773 -0.0790344
FixedParameters: 0 0 0

#Transform 21
Transform: AffineTransform_float_3_3
Parameters: 1 0.00039242 -4.78242e-05 -0.000391422 0.999999 0.000812018 4.807e-05 -0.000811981 0.999999 -0.00805531 0.0262606 -0.0744097
FixedParameters: 0 0 0

#Transform 22
Transform: AffineTransform_float_3_3
Parameters: 1 -0.00010471 -0.000229323 0.000105106 0.999999 0.000863975 0.000229141 -0.000864023 0.999999 0.0147813 0.0357767 -0.0715987
FixedParameters: 0 0 0

#Transform 23
Transform: AffineTransform_float_3_3
Parameters: 1 5.11435e-05 -1.51433e-05 -5.11183e-05 0.999999 0.00083 1.52281e-05 -0.000829999 0.999999 -0.00172459 0.0302549 -0.0691384
FixedParameters: 0 0 0

#Transform 24
Transform: AffineTransform_float_3_3
Parameters: 1 8.23938e-05 -0.000267221 -8.17544e-05 1 0.00119602 0.000267418 -0.00119598 0.999999 0.0456967 0.0268001 -0.080464
FixedParameters: 0 0 0

#Transform 25
Transform: AffineTransform_float_3_3
Parameters: 1 -9.23324e-05 6.40605e-05 9.22052e-05 0.999999 0.000992005 -6.42436e-05 -0.000991993 0.999999 0.00462091 0.0417508 -0.081174
FixedParameters: 0 0 0

#Transform 26
Transform: AffineTransform_float_3_3
Parameters: 1 1.51712e-05 4.35297e-05 -1.52527e-05 0.999999 0.000935999 -4.35012e-05 -0.000936 0.999999 -0.00737834 0.0367016 -0.0728457
FixedParameters: 0 0 0

#Transform 27
Transform: AffineTransform_float_3_3
Parameters: 1 -4.05866e-05 -8.81517e-05 4.07386e-05 0.999999 0.000861996 8.80816e-05 -0.000862003 0.999999 0.00487967 0.0476307 -0.08222
FixedParameters: 0 0 0

#Transform 28
Transform: AffineTransform_float_3_3
Parameters: 1 0.000328438 2.16363e-05 -0.000328866 0.999999 0.000841992 -2.20033e-05 -0.000842007 0.999999 -0.0142321 0.057801 -0.0768768
FixedParameters: 0 0 0

#Transform 29
Transform: AffineTransform_float_3_3
Parameters: 1 -8.80115e-05 -0.000428592 8.79895e-05 1 0.00104796 0.000428798 -0.00104804 1 0.0280151 0.0397121 -0.108175
FixedParameters: 0 0 0

#Transform 30
Transform: AffineTransform_float_3_3
Parameters: 1 -6.26667e-05 -0.000368734 6.25392e-05 1 0.00107498 0.00036899 -0.00107502 1 0.00981427 0.0465737 -0.0907639
FixedParameters: 0 0 0

#Transform 31
Transform: AffineTransform_float_3_3
Parameters: 1 -2.12664e-06 -2.29886e-05 2.17891e-06 1 0.001137 2.29837e-05 -0.001137 1 0.00219157 0.0365103 -0.0916268
FixedParameters: 0 0 0

#Transform 32
Transform: AffineTransform_float_3_3
Parameters: 1 -0.000275652 9.27356e-05 0.000275433 1 0.00118103 -9.33864e-05 -0.00118097 1 0.00144468 0.0367494 -0.107594
FixedParameters: 0 0 0

#Transform 33
Transform: AffineTransform_float_3_3
Parameters: 1 -0.000443096 -0.00010773 0.000443271 1 0.000813799 0.000107009 -0.000813199 0.999999 0.0133244 0.042133 -0.0890023
FixedParameters: 0 0 0

#Transform 34
Transform: AffineTransform_float_3_3
Parameters: 1 9.57702e-05 0.000108227 -9.59761e-05 1 0.00095163 -0.000108044 -0.00095237 0.999999 -0.0089137 0.0354232 -0.0808671
FixedParameters: 0 0 0

#Transform 35
Transform: AffineTransform_float_3_3
Parameters: 1 -0.000277118 0.000209761 0.000276878 1 0.000572058 -0.000210078 -0.000571942 1 0.00734775 0.0457334 -0.118636
FixedParameters: 0 0 0

#Transform 36
Transform: AffineTransform_float_3_3
Parameters: 1 -0.000253102 0.000266679 0.000252443 0.999999 0.00123307 -0.000267302 -0.00123293 0.999999 0.00814637 0.0322996 -0.115296
FixedParameters: 0 0 0

#Transform 37
Transform: AffineTransform_float_3_3
Parameters: 1 -0.000373491 -1.78141e-05 0.000373526 1 0.000987634 1.70761e-05 -0.000988366 0.999999 0.0106019 0.0454372 -0.0972412
FixedParameters: 0 0 0

#Transform 38
Transform: AffineTransform_float_3_3
Parameters: 1 -9.83343e-05 -6.80249e-05 9.84183e-05 1 0.000617993 6.79033e-05 -0.000618006 1 0.0377096 0.0531385 -0.104316
FixedParameters: 0 0 0

#Transform 39
Transform: AffineTransform_float_3_3
Parameters: 1 -0.000285711 0.000189492 0.000285477 1 0.000618054 -0.000189845 -0.000617945 1 0.0109204 0.0576897 -0.0635672
FixedParameters: 0 0 0

#Transform 40
Transform: AffineTransform_float_3_3
Parameters: 1 4.37114e-05 3.20894e-06 -4.37168e-05 0.999999 0.000853999 -3.13427e-06 -0.000854 0.999999 -0.00233656 0.0498473 -0.0841291
FixedParameters: 0 0 0

#Transform 41
Transform: AffineTransform_float_3_3
Parameters: 1 -1.80719e-05 0.000252038 1.78153e-05 1 0.000509004 -0.000252057 -0.000508995 1 -0.00620991 0.0450276 -0.108296
FixedParameters: 0 0 0

#Transform 42
Transform: AffineTransform_float_3_3
Parameters: 1 -2.66577e-05 0.000231783 2.64217e-05 1 0.000509006 -0.00023181 -0.000508994 1 -0.00145841 0.0364073 -0.0871169
FixedParameters: 0 0 0

#Transform 43
Transform: AffineTransform_float_3_3
Parameters: 1 -0.000124224 1.59115e-06 0.000124221 1 0.000638 -1.74966e-06 -0.000637999 1 0.00523599 0.0395068 -0.128786
FixedParameters: 0 0 0

#Transform 44
Transform: AffineTransform_float_3_3
Parameters: 1 -0.000386432 -6.86105e-05 0.000386493 1 0.000447973 6.82642e-05 -0.000448026 1 0.00906972 0.0422806 -0.131739
FixedParameters: 0 0 0

#Transform 45
Transform: AffineTransform_float_3_3
Parameters: 1 -0.000163561 0.000323625 0.000163537 1 3.70529e-05 -0.000323637 -3.6947e-05 1 -0.00415839 0.0441861 -0.149028
FixedParameters: 0 0 0

#Transform 46
Transform: AffineTransform_float_3_3
Parameters: 1 -0.000234732 -0.000258894 0.000234867 1 0.000261939 0.000258771 -0.000262061 1 0.00825839 0.0460877 -0.132919
FixedParameters: 0 0 0

#Transform 47
Transform: AffineTransform_float_3_3
Parameters: 1 -0.00034502 9.31565e-05 0.000344989 1 0.000167032 -9.32718e-05 -0.000166968 1 0.00927006 0.0480292 -0.139643
FixedParameters: 0 0 0

#Transform 48
Transform: AffineTransform_float_3_3
Parameters: 1 -0.000448598 0.000445594 0.000449351 0.999999 0.000188353 -0.000446153 -0.000188647 1 0.00423406 0.039548 -0.138649
FixedParameters: 0 0 0

#Transform 49
Transform: AffineTransform_float_3_3
Parameters: 1 -0.000631951 0.000246418 0.000631883 1 0.000138156 -0.000246593 -0.000137844 1 0.0265086 0.0531622 -0.131444
FixedParameters: 0 0 0

#Transform 50
Transform: AffineTransform_float_3_3
Parameters: 1 -0.00017483 0.000245861 0.000174838 1 -1.58044e-05 -0.000245855 1.51957e-05 1 -0.00124952 0.0455249 -0.120009
FixedParameters: 0 0 0

#Transform 51
Transform: AffineTransform_float_3_3
Parameters: 1 -0.00026031 0.000172443 0.000260337 1 -7.69552e-05 -0.000172403 7.70449e-05 1 0.0032628 0.0496794 -0.13348
FixedParameters: 0 0 0

#Transform 52
Transform: AffineTransform_float_3_3
Parameters: 1 -0.000346804 0.000403673 0.000346932 1 -0.00015786 -0.000403563 0.00015814 1 -0.000586611 0.0650436 -0.128299
FixedParameters: 0 0 0

#Transform 53
Transform: AffineTransform_float_3_3
Parameters: 1 -0.000665202 0.000198835 0.000665267 1 -0.000163868 -0.000198617 0.000164132 1 0.0175932 0.0461388 -0.200086
FixedParameters: 0 0 0

#Transform 54
Transform: AffineTransform_float_3_3
Parameters: 0.999999 -0.000929791 9.97721e-05 0.00093008 1 0.000511581 -9.98029e-05 -0.00051142 1 0.081353 0.0364102 -0.179218
FixedParameters: 0 0 0

#Transform 55
Transform: AffineTransform_float_3_3
Parameters: 1 -0.00061821 4.07009e-05 0.000618198 1 0.000152025 -4.08888e-05 -0.000151975 1 0.026541 0.0684829 -0.122786
FixedParameters: 0 0 0

#Transform 56
Transform: AffineTransform_float_3_3
Parameters: 0.999999 -0.000455691 0.000641085 0.000455822 0.999999 -0.000102555 -0.000640991 0.000102445 1 -0.00310803 0.0583508 -0.196147
FixedParameters: 0 0 0

#Transform 57
Transform: AffineTransform_float_3_3
Parameters: 0.999999 -0.000506598 0.000798803 0.000505672 1 0.000824044 -0.000798716 -0.000823955 0.999999 0.0171433 0.0286783 -0.186026
FixedParameters: 0 0 0

#Transform 58
Transform: AffineTransform_float_3_3
Parameters: 0.999999 -0.000923804 4.72661e-05 0.000923226 0.999999 0.000519043 -4.69134e-05 -0.000518956 1 0.0802607 0.0523273 -0.155386
FixedParameters: 0 0 0

#Transform 59
Transform: AffineTransform_float_3_3
Parameters: 0.999999 -0.000798704 0.000211859 0.000798672 0.999999 7.5169e-05 -0.000211979 -7.48305e-05 1 0.0234937 0.0484421 -0.172996
FixedParameters: 0 0 0

#Transform 60
Transform: AffineTransform_float_3_3
Parameters: 1 -0.000776936 0.000703426 0.000776841 0.999999 6.76989e-05 -0.000703531 -6.73005e-05 1 0.00884956 0.049656 -0.213334
FixedParameters: 0 0 0

#Transform 61
Transform: AffineTransform_float_3_3
Parameters: 0.999999 -0.000695901 0.00039771 0.000696084 0.999999 -0.000230723 -0.000397389 0.000231277 1 0.0116277 0.050074 -0.233818
FixedParameters: 0 0 0

#Transform 62
Transform: AffineTransform_float_3_3
Parameters: 0.999999 -0.000957526 0.000779794 0.00095801 0.999999 0.00027954 -0.00078072 -0.000279459 1 0.0199511 0.0445325 -0.219465
FixedParameters: 0 0 0

#Transform 63
Transform: AffineTransform_float_3_3
Parameters: 0.999998 -0.00118916 0.00113088 0.00118982 0.999999 -0.000873864 -0.00112933 0.000875138 0.999999 0.031306 0.0427782 -0.298103
FixedParameters: 0 0 0

#Transform 64
Transform: AffineTransform_float_3_3
Parameters: 0.999999 -0.000730669 0.00116393 0.00073123 0.999999 -0.000803998 -0.00116328 0.000805004 0.999999 -0.00166503 0.0506387 -0.261846
FixedParameters: 0 0 0

#Transform 65
Transform: AffineTransform_float_3_3
Parameters: 0.999998 -0.00110864 0.00126395 0.00111002 0.999999 -0.000851446 -0.0012639 0.000853555 0.999999 0.0245172 0.0457351 -0.275774
FixedParameters: 0 0 0

#Transform 66
Transform: AffineTransform_float_3_3
Parameters: 0.999999 -0.000941249 0.00092958 0.000942229 0.999999 -0.000736973 -0.000929112 0.000738028 1 0.00520858 0.0476828 -0.265262
FixedParameters: 0 0 0

#Transform 67
Transform: AffineTransform_float_3_3
Parameters: 0.999999 -0.00107736 0.000594227 0.00107797 0.999999 -0.000842567 -0.000593331 0.000842433 0.999999 0.0222244 0.0523458 -0.259816
FixedParameters: 0 0 0

#Transform 68
Transform: AffineTransform_float_3_3
Parameters: 0.999999 -0.00109215 0.00108068 0.00109241 0.999999 -0.000727027 -0.00107963 0.000727973 0.999999 0.00688625 0.0589649 -0.26497
FixedParameters: 0 0 0

#Transform 69
Transform: AffineTransform_float_3_3
Parameters: 0.999998 -0.00120554 0.00118393 0.0012065 0.999999 -0.00112678 -0.00118266 0.00112822 0.999999 0.00619474 0.0667906 -0.247807
FixedParameters: 0 0 0

#Transform 70
Transform: AffineTransform_float_3_3
Parameters: 0.999999 -0.00116855 0.00143199 0.00116958 0.999999 -0.000952382 -0.00143121 0.00095362 0.999999 0.0367085 0.0661227 -0.279425
FixedParameters: 0 0 0

#Transform 71
Transform: AffineTransform_float_3_3
Parameters: 0.999998 -0.000947538 0.00139218 0.000948727 0.999999 -0.000897528 -0.001391 0.000899472 0.999999 0.0036835 0.0495753 -0.272852
FixedParameters: 0 0 0

#Transform 72
Transform: AffineTransform_float_3_3
Parameters: 0.999998 -0.00152139 0.00138911 0.00152287 0.999999 -0.00114445 -0.00138707 0.00114655 0.999998 0.0241185 0.047882 -0.291568
FixedParameters: 0 0 0

#Transform 73
Transform: AffineTransform_float_3_3
Parameters: 0.999999 -0.00129716 0.00126508 0.00129796 0.999999 -0.000986567 -0.00126397 0.000988435 0.999999 0.0175991 0.0589047 -0.286564
FixedParameters: 0 0 0

#Transform 74
Transform: AffineTransform_float_3_3
Parameters: 0.999999 -0.00135306 0.0012434 0.00135536 0.999998 -0.00108052 -0.00124139 0.00108247 0.999999 0.00973844 0.0551531 -0.276118
FixedParameters: 0 0 0

#Transform 75
Transform: AffineTransform_float_3_3
Parameters: 0.999999 -0.00132361 0.00129536 0.00132411 0.999999 -0.000699494 -0.00129404 0.000701508 0.999999 0.0601811 0.0476916 -0.26747
FixedParameters: 0 0 0

#Transform 76
Transform: AffineTransform_float_3_3
Parameters: 0.999998 -0.00162754 0.00105361 0.00162817 0.999999 -0.000483005 -0.00105296 0.000484996 0.999999 0.0376655 0.0412233 -0.22444
FixedParameters: 0 0 0

#Transform 77
Transform: AffineTransform_float_3_3
Parameters: 0.999998 -0.00133819 0.00142212 0.00133878 0.999999 -0.000667305 -0.00142086 0.000669696 0.999999 0.0118376 0.0496435 -0.265473
FixedParameters: 0 0 0

#Transform 78
Transform: AffineTransform_float_3_3
Parameters: 0.999998 -0.00147053 0.00132252 0.0014723 0.999998 -0.000964262 -0.00132152 0.000966739 0.999999 0.032929 0.0370836 -0.286415
FixedParameters: 0 0 0

#Transform 79
Transform: AffineTransform_float_3_3
Parameters: 0.999998 -0.00136458 0.00145319 0.00136683 0.999999 -0.00135858 -0.00145092 0.00136042 0.999998 0.0239307 0.0450872 -0.317896
FixedParameters: 0 0 0

#Transform 80
Transform: AffineTransform_float_3_3
Parameters: 0.999999 -0.00141825 0.00111536 0.00141941 0.999998 -0.00145999 -0.00111359 0.00146102 0.999998 0.0206295 0.0638409 -0.308021
FixedParameters: 0 0 0

#Transform 81
Transform: AffineTransform_float_3_3
Parameters: 0.999998 -0.00137017 0.000851157 0.00137098 0.999998 -0.000705193 -0.000850142 0.000706806 0.999999 0.0100686 0.0518409 -0.287532
FixedParameters: 0 0 0

#Transform 82
Transform: AffineTransform_float_3_3
Parameters: 0.999998 -0.00153656 0.00119662 0.00153671 0.999999 -6.07283e-05 -0.00119644 6.22722e-05 0.999999 0.0430698 0.0351364 -0.232433
FixedParameters: 0 0 0

#Transform 83
Transform: AffineTransform_float_3_3
Parameters: 0.999999 -0.000997624 0.000968482 0.000997342 0.999999 -0.000531242 -0.000967951 0.000531759 0.999999 0.000986435 0.0519029 -0.247513
FixedParameters: 0 0 0

#Transform 84
Transform: AffineTransform_float_3_3
Parameters: 0.999998 -0.00180435 0.000978248 0.00180366 0.999998 0.000752198 -0.000979118 -0.000750801 0.999999 0.0469807 0.0428829 -0.216112
FixedParameters: 0 0 0

#Transform 85
Transform: AffineTransform_float_3_3
Parameters: 0.999999 -0.00168517 0.0005416 0.00168478 0.999998 0.0010804 -0.000543397 -0.0010786 0.999999 0.0422796 0.0462904 -0.154376
FixedParameters: 0 0 0

#Transform 86
Transform: AffineTransform_float_3_3
Parameters: 0.999999 -0.00145921 0.0011623 0.00145797 0.999999 0.000701129 -0.00116342 -0.00069987 0.999999 0.0105263 0.0524534 -0.194769
FixedParameters: 0 0 0

#Transform 87
Transform: AffineTransform_float_3_3
Parameters: 0.999998 -0.00170325 0.000781168 0.00170291 0.999998 0.00130461 -0.00078416 -0.00130339 0.999999 0.0278777 0.0434238 -0.184996
FixedParameters: 0 0 0

#Transform 88
Transform: AffineTransform_float_3_3
Parameters: 0.999998 -0.00181402 0.00131205 0.00181326 0.999998 0.000937815 -0.001314 -0.000935186 0.999999 0.00834065 0.0565435 -0.187402
FixedParameters: 0 0 0

#Transform 89
Transform: AffineTransform_float_3_3
Parameters: 0.999998 -0.00189708 0.0012312 0.00189574 0.999998 0.000864409 -0.00123263 -0.000862589 0.999999 0.0456793 0.0283532 -0.23062
FixedParameters: 0 0 0

#Transform 90
Transform: AffineTransform_float_3_3
Parameters: 0.999998 -0.00189734 0.00134988 0.0018976 0.999999 -9.53655e-05 -0.00134951 9.76349e-05 0.999999 0.0325003 0.0362629 -0.238365
FixedParameters: 0 0 0

#Transform 91
Transform: AffineTransform_float_3_3
Parameters: 0.999997 -0.00206967 0.00141744 0.00206937 0.999998 -2.89937e-05 -0.00141824 3.20095e-05 0.999999 0.0483658 0.0433602 -0.219837
FixedParameters: 0 0 0

#Transform 92
Transform: AffineTransform_float_3_3
Parameters: 0.999998 -0.00188004 0.00139655 0.00187913 0.999998 0.000465852 -0.00139738 -0.000464147 0.999999 0.0148263 0.0628562 -0.181219
FixedParameters: 0 0 0

#Transform 93
Transform: AffineTransform_float_3_3
Parameters: 0.999997 -0.00215343 0.00164632 0.00215174 0.999997 0.000750411 -0.0016477 -0.000747587 0.999998 0.0439528 0.0551926 -0.166083
FixedParameters: 0 0 0

#Transform 94
Transform: AffineTransform_float_3_3
Parameters: 0.999996 -0.00198797 0.00168772 0.00198711 0.999998 0.000487581 -0.00168781 -0.000484419 0.999998 0.0138421 0.0531051 -0.184757
FixedParameters: 0 0 0

#Transform 95
Transform: AffineTransform_float_3_3
Parameters: 0.999997 -0.00176416 0.00156811 0.00176233 0.999998 0.000833352 -0.0015692 -0.000830648 0.999999 0.0050712 0.0558585 -0.178562
FixedParameters: 0 0 0

#Transform 96
Transform: AffineTransform_float_3_3
Parameters: 0.999997 -0.00214467 0.00137493 0.00214325 0.999998 0.000943024 -0.0013762 -0.000939978 0.999999 0.050479 0.0583236 -0.197899
FixedParameters: 0 0 0

#Transform 97
Transform: AffineTransform_float_3_3
Parameters: 0.999996 -0.00220743 0.00187202 0.00220605 0.999998 0.000475998 -0.00187319 -0.000472 0.999998 0.0243928 0.0540557 -0.195256
FixedParameters: 0 0 0

#Transform 98
Transform: AffineTransform_float_3_3
Parameters: 0.999996 -0.00220099 0.00143128 0.00220011 0.999997 0.000579017 -0.00143198 -0.000576983 0.999999 0.0630719 0.049151 -0.177264
FixedParameters: 0 0 0

#Transform 99
Transform: AffineTransform_float_3_3
Parameters: 0.999996 -0.00245593 0.00128559 0.00245612 0.999997 7.88714e-05 -0.00128505 -7.61298e-05 0.999999 0.0401828 0.0648697 -0.207473
FixedParameters: 0 0 0

#Transform 100
Transform: AffineTransform_float_3_3
Parameters: 0.999996 -0.00220615 0.00187353 0.00220655 0.999998 -0.000208001 -0.00187352 0.000212001 0.999998 0.0362736 0.067987 -0.232873
FixedParameters: 0 0 0

#Transform 101
Transform: AffineTransform_float_3_3
Parameters: 0.999996 -0.00233469 0.00157116 0.00233472 0.999997 -6.46567e-06 -0.00157112 9.53531e-06 0.999999 0.0381951 0.0573519 -0.225232
FixedParameters: 0 0 0

#Transform 102
Transform: AffineTransform_float_3_3
Parameters: 0.999996 -0.0022057 0.00187405 0.00220607 0.999998 -0.000446001 -0.00187261 0.000449999 0.999998 0.0393578 0.0682347 -0.247449
FixedParameters: 0 0 0

#Transform 103
Transform: AffineTransform_float_3_3
Parameters: 0.999996 -0.00232528 0.00159331 0.00232538 0.999997 -3.04289e-05 -0.00159316 3.35718e-05 0.999999 0.00812902 0.056344 -0.230218
FixedParameters: 0 0 0

#Transform 104
Transform: AffineTransform_float_3_3
Parameters: 0.999997 -0.00195943 0.00139844 0.00195902 0.999998 0.000146813 -0.00139901 -0.000144185 0.999999 0.0332475 0.0529062 -0.237087
FixedParameters: 0 0 0

#Transform 105
Transform: AffineTransform_float_3_3
Parameters: 0.999997 -0.00212656 0.00135314 0.00212549 0.999997 0.000540951 -0.00135451 -0.000538047 0.999999 0.0311624 0.0631816 -0.214671
FixedParameters: 0 0 0

#Transform 106
Transform: AffineTransform_float_3_3
Parameters: 0.999995 -0.00225545 0.00212296 0.00225641 0.999997 -0.000314833 -0.00212245 0.000320168 0.999998 0.0468305 0.0593041 -0.257187
FixedParameters: 0 0 0

#Transform 107
Transform: AffineTransform_float_3_3
Parameters: 0.999997 -0.00208243 0.00163286 0.00208253 0.999997 -0.000149374 -0.00163315 0.000152628 0.999998 0.0161743 0.0565599 -0.22303
FixedParameters: 0 0 0

#Transform 108
Transform: AffineTransform_float_3_3
Parameters: 0.999995 -0.00237117 0.00172779 0.00237193 0.999997 -0.000329037 -0.00172714 0.000332964 0.999998 0.0482846 0.0557669 -0.234094
FixedParameters: 0 0 0

#Transform 109
Transform: AffineTransform_float_3_3
Parameters: 0.999995 -0.00212028 0.00208932 0.00212032 0.999998 8.4809e-05 -0.00208875 -8.01922e-05 0.999998 0.0227246 0.0536974 -0.246285
FixedParameters: 0 0 0

#Transform 110
Transform: AffineTransform_float_3_3
Parameters: 0.999996 -0.00241399 0.0015534 0.00241365 0.999997 0.000110463 -0.00155393 -0.000106535 0.999999 0.0737914 0.0569224 -0.251916
FixedParameters: 0 0 0

#Transform 111
Transform: AffineTransform_float_3_3
Parameters: 0.999995 -0.00212398 0.00208953 0.00212345 0.999998 0.000536818 -0.00209035 -0.000532183 0.999998 0.023658 0.0546092 -0.229491
FixedParameters: 0 0 0

#Transform 112
Transform: AffineTransform_float_3_3
Parameters: 0.999995 -0.00238324 0.00177942 0.00238333 0.999997 8.71074e-05 -0.0017789 -8.28936e-05 0.999998 0.0492092 0.0570456 -0.229586
FixedParameters: 0 0 0

#Transform 113
Transform: AffineTransform_float_3_3
Parameters: 0.999996 -0.00230292 0.00193873 0.00230168 0.999997 0.00042233 -0.00193975 -0.000417667 0.999997 0.0410268 0.0587802 -0.238396
FixedParameters: 0 0 0

#Transform 114
Transform: AffineTransform_float_3_3
Parameters: 0.999995 -0.0025892 0.00187211 0.00258953 0.999997 -0.000190647 -0.00187203 0.000195356 0.999998 0.0441725 0.0643931 -0.248567
FixedParameters: 0 0 0

#Transform 115
Transform: AffineTransform_float_3_3
Parameters: 0.999994 -0.00274025 0.00176458 0.00274092 0.999996 -0.000184811 -0.00176355 0.000190188 0.999998 0.0587546 0.0611971 -0.264185
FixedParameters: 0 0 0

#Transform 116
Transform: AffineTransform_float_3_3
Parameters: 0.999994 -0.00268751 0.00192743 0.00268764 0.999996 -3.13135e-05 -0.00192724 3.66873e-05 0.999998 0.0411941 0.0737192 -0.247974
FixedParameters: 0 0 0

#Transform 117
Transform: AffineTransform_float_3_3
Parameters: 0.999994 -0.00289893 0.00218038 0.00290013 0.999995 -0.000663022 -0.00217796 0.000669978 0.999998 0.0579471 0.0825473 -0.26285
FixedParameters: 0 0 0

#Transform 118
Transform: AffineTransform_float_3_3
Parameters: 0.999992 -0.0028205 0.00258284 0.00282221 0.999997 -0.000402262 -0.00258147 0.000409738 0.999997 0.0432124 0.0764116 -0.233404
FixedParameters: 0 0 0

#Transform 119
Transform: AffineTransform_float_3_3
Parameters: 0.999991 -0.00341848 0.00244416 0.00341816 0.999994 -0.000277915 -0.00244369 0.00028609 0.999997 0.0554357 0.0788351 -0.25239
FixedParameters: 0 0 0

#Transform 120
Transform: AffineTransform_float_3_3
Parameters: 0.999993 -0.00294334 0.0023408 0.00294598 0.999995 -0.00100666 -0.00233722 0.00101334 0.999997 0.0438895 0.0805784 -0.293253
FixedParameters: 0 0 0

#Transform 121
Transform: AffineTransform_float_3_3
Parameters: 0.999992 -0.00287423 0.00256403 0.00287666 0.999995 -0.00113503 -0.00256039 0.00114197 0.999996 0.0638785 0.068773 -0.309867
FixedParameters: 0 0 0

#Transform 122
Transform: AffineTransform_float_3_3
Parameters: 0.999993 -0.00332742 0.0019543 0.00332975 0.999994 -0.000993714 -0.00195134 0.00100029 0.999998 0.111124 0.0781732 -0.25379
FixedParameters: 0 0 0

#Transform 123
Transform: AffineTransform_float_3_3
Parameters: 0.999993 -0.00294548 0.00237571 0.00294855 0.999995 -0.00136007 -0.00237057 0.00136693 0.999996 0.0547602 0.0674303 -0.319535
FixedParameters: 0 0 0

#Transform 124
Transform: AffineTransform_float_3_3
Parameters: 0.999991 -0.00319788 0.00250758 0.00320232 0.999994 -0.00145589 -0.00250245 0.00146411 0.999996 0.072902 0.0823143 -0.322964
FixedParameters: 0 0 0

#Transform 125
Transform: AffineTransform_float_3_3
Parameters: 0.999992 -0.00314148 0.0024764 0.00314507 0.999994 -0.00156713 -0.00247127 0.00157487 0.999996 0.043641 0.0616712 -0.37439
FixedParameters: 0 0 0

#Transform 126
Transform: AffineTransform_float_3_3
Parameters: 0.999991 -0.00325588 0.00244621 0.00325866 0.999994 -0.00115295 -0.00244289 0.00116106 0.999996 0.0791966 0.0685543 -0.325112
FixedParameters: 0 0 0

#Transform 127
Transform: AffineTransform_float_3_3
Parameters: 0.999992 -0.00317954 0.00261596 0.0031823 0.999995 -0.00092259 -0.00261244 0.000931408 0.999996 0.0648588 0.0550541 -0.336795
FixedParameters: 0 0 0

#Transform 128
Transform: AffineTransform_float_3_3
Parameters: 0.999993 -0.00318323 0.00230992 0.00318606 0.999993 -0.00143256 -0.0023046 0.00143944 0.999996 0.074072 0.0633368 -0.344246
FixedParameters: 0 0 0

#Transform 129
Transform: AffineTransform_float_3_3
Parameters: 0.999992 -0.00324799 0.00228787 0.00325167 0.999994 -0.00151463 -0.00228313 0.00152237 0.999997 0.0791149 0.0587482 -0.34956
FixedParameters: 0 0 0

#Transform 130
Transform: AffineTransform_float_3_3
Parameters: 0.999991 -0.00324046 0.00249074 0.00324288 0.999994 -0.000902838 -0.00248723 0.000911161 0.999996 0.0667713 0.054079 -0.333719
FixedParameters: 0 0 0

#Transform 131
Transform: AffineTransform_float_3_3
Parameters: 0.999991 -0.0033957 0.00231929 0.0033987 0.999994 -0.00126255 -0.00231489 0.00127045 0.999996 0.0784274 0.062097 -0.321141
FixedParameters: 0 0 0

#Transform 132
Transform: AffineTransform_float_3_3
Parameters: 0.999992 -0.00305642 0.00231592 0.00305846 0.999995 -0.000689623 -0.00231444 0.00069738 0.999997 0.0422661 0.0577517 -0.294745
FixedParameters: 0 0 0

#Transform 133
Transform: AffineTransform_float_3_3
Parameters: 0.999993 -0.00332846 0.00176067 0.0033288 0.999994 -0.000576509 -0.00175827 0.000582492 0.999998 0.0993905 0.067402 -0.264738
FixedParameters: 0 0 0

#Transform 134
Transform: AffineTransform_float_3_3
Parameters: 0.999992 -0.00323442 0.00202305 0.00323558 0.999995 -0.00037867 -0.0020215 0.000385329 0.999998 0.0751499 0.0753299 -0.216557
FixedParameters: 0 0 0

#Transform 135
Transform: AffineTransform_float_3_3
Parameters: 0.999992 -0.00316627 0.00236845 0.00316629 0.999994 5.91488e-07 -0.00236844 6.59287e-06 0.999997 0.0749805 0.0556042 -0.243461
FixedParameters: 0 0 0

#Transform 136
Transform: AffineTransform_float_3_3
Parameters: 0.999993 -0.00346956 0.000830703 0.00346831 0.999993 0.00113842 -0.000834519 -0.00113557 0.999999 0.19722 0.0554252 -0.21471
FixedParameters: 0 0 0

#Transform 137
Transform: AffineTransform_float_3_3
Parameters: 0.999992 -0.0030088 0.00271318 0.00300787 0.999996 0.000561411 -0.00271417 -0.000553592 0.999996 0.0706588 0.0836205 -0.135244
FixedParameters: 0 0 0

#Transform 138
Transform: AffineTransform_float_3_3
Parameters: 0.999991 -0.00313044 0.00287603 0.00312752 0.999994 0.000944247 -0.00287861 -0.00093475 0.999995 0.0894425 0.0660905 -0.154898
FixedParameters: 0 0 0

#Transform 139
Transform: AffineTransform_float_3_3
Parameters: 0.999992 -0.0028705 0.0027677 0.00286936 0.999996 0.00051755 -0.0027692 -0.000509449 0.999996 0.0424096 0.0574782 -0.209268
FixedParameters: 0 0 0

#Transform 140
Transform: AffineTransform_float_3_3
Parameters: 0.999991 -0.00300861 0.00276593 0.00300788 0.999995 0.000136925 -0.00276672 -0.000128071 0.999996 0.042391 0.0472633 -0.268363
FixedParameters: 0 0 0

#Transform 141
Transform: AffineTransform_float_3_3
Parameters: 0.999991 -0.00286403 0.0028939 0.00286369 0.999996 6.30451e-05 -0.00289423 -5.49526e-05 0.999996 0.0457976 0.0399423 -0.310709
FixedParameters: 0 0 0

#Transform 142
Transform: AffineTransform_float_3_3
Parameters: 0.999991 -0.00319952 0.00274078 0.00319917 0.999995 6.70138e-05 -0.00274118 -5.79837e-05 0.999996 0.0884148 0.027243 -0.306107
FixedParameters: 0 0 0

#Transform 143
Transform: AffineTransform_float_3_3
Parameters: 0.999991 -0.0031697 0.00276026 0.00317121 0.999995 -0.000579007 -0.00275801 0.000587994 0.999996 0.0532538 0.0387774 -0.315642
FixedParameters: 0 0 0

#Transform 144
Transform: AffineTransform_float_3_3
Parameters: 0.999991 -0.00332301 0.00286424 0.00332522 0.999994 -0.000746445 -0.00286162 0.000755556 0.999996 0.0453809 0.037131 -0.350017
FixedParameters: 0 0 0

#Transform 145
Transform: AffineTransform_float_3_3
Parameters: 0.999991 -0.00328791 0.00274495 0.00328951 0.999995 -0.000740092 -0.00274335 0.000748914 0.999996 0.0533304 0.0498167 -0.344848
FixedParameters: 0 0 0

#Transform 146
Transform: AffineTransform_float_3_3
Parameters: 0.999991 -0.00330804 0.00272136 0.00331241 0.999993 -0.00132775 -0.00271675 0.00133725 0.999996 0.0445709 0.0772948 -0.363969
FixedParameters: 0 0 0

#Transform 147
Transform: AffineTransform_float_3_3
Parameters: 0.999989 -0.00342831 0.00298961 0.00343296 0.999993 -0.00147371 -0.0029842 0.00148428 0.999994 0.0631383 0.0629544 -0.375971
FixedParameters: 0 0 0

#Transform 148
Transform: AffineTransform_float_3_3
Parameters: 0.999991 -0.00333678 0.00281167 0.00334311 0.999992 -0.00224074 -0.00280378 0.00225026 0.999993 0.0717602 0.0829288 -0.374495
FixedParameters: 0 0 0

#Transform 149
Transform: AffineTransform_float_3_3
Parameters: 0.999988 -0.00333427 0.00354661 0.00334008 0.999993 -0.00153468 -0.00354068 0.00154632 0.999993 0.069166 0.0590657 -0.361473
FixedParameters: 0 0 0

#Transform 150
Transform: AffineTransform_float_3_3
Parameters: 0.999988 -0.00392031 0.00313722 0.00392574 0.99999 -0.00186139 -0.00312967 0.00187461 0.999993 0.0682181 0.0965918 -0.338643
FixedParameters: 0 0 0

#Transform 151
Transform: AffineTransform_float_3_3
Parameters: 0.999988 -0.00378101 0.00315431 0.00378797 0.99999 -0.00215676 -0.00314597 0.00216924 0.999992 0.0675783 0.0915358 -0.381891
FixedParameters: 0 0 0

#Transform 152
Transform: AffineTransform_float_3_3
Parameters: 0.999986 -0.00403576 0.00362679 0.00404412 0.99999 -0.00224831 -0.00361713 0.00226269 0.999991 0.0662301 0.0965687 -0.373761
FixedParameters: 0 0 0

#Transform 153
Transform: AffineTransform_float_3_3
Parameters: 0.999985 -0.00426112 0.00336773 0.00426829 0.999989 -0.00191311 -0.00335978 0.00192689 0.999993 0.0924211 0.0786396 -0.378263
FixedParameters: 0 0 0

#Transform 154
Transform: AffineTransform_float_3_3
Parameters: 0.999985 -0.00430265 0.00321652 0.00430961 0.999989 -0.00203178 -0.0032083 0.00204523 0.999993 0.0831296 0.0928504 -0.371365
FixedParameters: 0 0 0

#Transform 155
Transform: AffineTransform_float_3_3
Parameters: 0.999985 -0.0041786 0.00333207 0.00418418 0.99999 -0.00183233 -0.00332472 0.00184667 0.999993 0.0863391 0.0798408 -0.376669
FixedParameters: 0 0 0

#Transform 156
Transform: AffineTransform_float_3_3
Parameters: 0.999985 -0.00408358 0.00362959 0.00409127 0.999989 -0.00220813 -0.00362096 0.00222288 0.999991 0.05408 0.0927664 -0.385645
FixedParameters: 0 0 0

#Transform 157
Transform: AffineTransform_float_3_3
Parameters: 0.999984 -0.00433552 0.00357035 0.00434183 0.999989 -0.00194134 -0.00356108 0.00195666 0.999992 0.0836444 0.0951597 -0.360863
FixedParameters: 0 0 0

#Transform 158
Transform: AffineTransform_float_3_3
Parameters: 0.999984 -0.00427907 0.00352525 0.00428569 0.99999 -0.00169237 -0.00351819 0.00170763 0.999993 0.0747624 0.084134 -0.35342
FixedParameters: 0 0 0

#Transform 159
Transform: AffineTransform_float_3_3
Parameters: 0.999983 -0.00447102 0.00359954 0.00447792 0.999988 -0.00187957 -0.00359068 0.00189542 0.999992 0.102093 0.0989548 -0.350006
FixedParameters: 0 0 0

#Transform 160
Transform: AffineTransform_float_3_3
Parameters: 0.999983 -0.00444818 0.00359521 0.00445413 0.999989 -0.00169468 -0.00358717 0.00171033 0.999993 0.0906737 0.0740626 -0.35792
FixedParameters: 0 0 0

#Transform 161
Transform: AffineTransform_float_3_3
Parameters: 0.999983 -0.00443589 0.00384238 0.00444554 0.999988 -0.00244147 -0.00383195 0.00245853 0.99999 0.0892906 0.0941169 -0.337242
FixedParameters: 0 0 0

#Transform 162
Transform: AffineTransform_float_3_3
Parameters: 0.999984 -0.00445325 0.00347393 0.00446069 0.999988 -0.00232751 -0.00346352 0.0023435 0.999991 0.104152 0.0889015 -0.366614
FixedParameters: 0 0 0

#Transform 163
Transform: AffineTransform_float_3_3
Parameters: 0.999986 -0.00422138 0.00316072 0.00422623 0.99999 -0.00175627 -0.00315294 0.00176873 0.999993 0.0842299 0.0866395 -0.331864
FixedParameters: 0 0 0

#Transform 164
Transform: AffineTransform_float_3_3
Parameters: 0.999984 -0.00445744 0.00354477 0.00446369 0.999988 -0.00187187 -0.00353696 0.00188714 0.999992 0.100867 0.0966876 -0.343642
FixedParameters: 0 0 0

#Transform 165
Transform: AffineTransform_float_3_3
Parameters: 0.999983 -0.00447544 0.00356598 0.00448234 0.999988 -0.00195186 -0.00355737 0.00196814 0.999991 0.0926651 0.0836968 -0.344575
FixedParameters: 0 0 0

#Transform 166
Transform: AffineTransform_float_3_3
Parameters: 0.999984 -0.00446418 0.00346435 0.00447188 0.999987 -0.00212536 -0.00345424 0.00214064 0.999991 0.0944913 0.0971568 -0.324867
FixedParameters: 0 0 0

#Transform 167
Transform: AffineTransform_float_3_3
Parameters: 0.999981 -0.00460431 0.00398514 0.00461347 0.999986 -0.00245638 -0.00397427 0.00247463 0.999989 0.100575 0.109276 -0.343111
FixedParameters: 0 0 0

#Transform 168
Transform: AffineTransform_float_3_3
Parameters: 0.999982 -0.00462721 0.00397929 0.00463518 0.999987 -0.00204631 -0.00396973 0.00206469 0.99999 0.0863755 0.085528 -0.336119
FixedParameters: 0 0 0

#Transform 169
Transform: AffineTransform_float_3_3
Parameters: 0.99998 -0.00477474 0.00420662 0.00478347 0.999986 -0.00207084 -0.00419713 0.00209116 0.999989 0.0938462 0.0815864 -0.349424
FixedParameters: 0 0 0

#Transform 170
Transform: AffineTransform_float_3_3
Parameters: 0.999981 -0.00449767 0.00434782 0.00450939 0.999986 -0.00269586 -0.00433583 0.00271515 0.999987 0.107093 0.0874754 -0.374725
FixedParameters: 0 0 0

#Transform 171
Transform: AffineTransform_float_3_3
Parameters: 0.999981 -0.00454141 0.00413326 0.00455016 0.999987 -0.00226944 -0.00412348 0.00228857 0.999989 0.100364 0.0883462 -0.344187
FixedParameters: 0 0 0

#Transform 172
Transform: AffineTransform_float_3_3
Parameters: 0.999981 -0.00457732 0.00407706 0.00458438 0.999988 -0.00178927 -0.00406822 0.00180673 0.99999 0.0878552 0.0756506 -0.344267
FixedParameters: 0 0 0

#Transform 173
Transform: AffineTransform_float_3_3
Parameters: 0.999983 -0.00456332 0.00366868 0.00456786 0.999989 -0.00123529 -0.00366299 0.00125172 0.999993 0.0764498 0.0806614 -0.288616
FixedParameters: 0 0 0

#Transform 174
Transform: AffineTransform_float_3_3
Parameters: 0.999979 -0.00465916 0.00437677 0.00466547 0.999988 -0.00138338 -0.00436997 0.00140362 0.999989 0.0894704 0.0915369 -0.303583
FixedParameters: 0 0 0

#Transform 175
Transform: AffineTransform_float_3_3
Parameters: 0.99998 -0.00460714 0.00421897 0.00461188 0.999988 -0.00125098 -0.00421354 0.00127003 0.999991 0.0804626 0.0643266 -0.311487
FixedParameters: 0 0 0

#Transform 176
Transform: AffineTransform_float_3_3
Parameters: 0.99998 -0.00463515 0.00432652 0.00464369 0.999988 -0.00174951 -0.00431822 0.00177049 0.999989 0.0862506 0.0925261 -0.295225
FixedParameters: 0 0 0

#Transform 177
Transform: AffineTransform_float_3_3
Parameters: 0.999981 -0.00452049 0.0041842 0.00452654 0.999989 -0.00141865 -0.00417747 0.00143735 0.99999 0.11419 0.0713454 -0.338406
FixedParameters: 0 0 0

#Transform 178
Transform: AffineTransform_float_3_3
Parameters: 0.999977 -0.00481388 0.00492765 0.00482431 0.999986 -0.00203044 -0.00491798 0.00205457 0.999986 0.0968747 0.0893068 -0.327018
FixedParameters: 0 0 0

#Transform 179
Transform: AffineTransform_float_3_3
Parameters: 0.999979 -0.00488398 0.0042593 0.00489271 0.999986 -0.00199933 -0.00424914 0.00201967 0.999989 0.11215 0.0868617 -0.331423
FixedParameters: 0 0 0
