#Insight Transform File V1.0
#Transform 0
Transform: AffineTransform_float_3_3
Parameters: 0.999998 -0.000340954 -0.00158251 0.000357807 0.999946 0.01036 0.00157876 -0.010361 0.999945 -0.100948 0.137163 0.0283885
FixedParameters: 0 0 0

#Transform 1
Transform: AffineTransform_float_3_3
Parameters: 0.999999 0.00074484 0.000217934 -0.000744776 1 0.00106869 -0.000217654 -0.00106832 0.999999 -0.0240781 -0.019199 -0.256339
FixedParameters: 0 0 0

#Transform 2
Transform: AffineTransform_float_3_3
Parameters: 1 0.00023165 -3.50859e-05 -0.000231583 0.999999 0.000953007 3.55274e-05 -0.000952991 0.999999 -0.00836894 0.0150597 -0.294267
FixedParameters: 0 0 0

#Transform 3
Transform: AffineTransform_float_3_3
Parameters: 1 0.000123907 1.05325e-05 -0.000123928 0.999999 0.000997998 -1.02852e-05 -0.000998 0.999999 0.00242857 0.0211762 -0.393524
FixedParameters: 0 0 0

#Transform 4
Transform: AffineTransform_float_3_3
Parameters: 1 0.000294185 1.7672e-05 -0.000294213 0.999999 0.000811994 -1.71942e-05 -0.000812005 0.999999 -0.00607551 0.00771221 -0.373209
FixedParameters: 0 0 0

#Transform 5
Transform: AffineTransform_float_3_3
Parameters: 1 -4.03691e-05 0.000276616 4.07282e-05 1 0.00101401 -0.000277089 -0.00101399 1 -0.00289453 0.0145522 -0.338831
FixedParameters: 0 0 0

#Transform 6
Transform: AffineTransform_float_3_3
Parameters: 1 6.12979e-05 3.7021e-05 -6.1349e-05 1 0.000691997 -3.69361e-05 -0.000692002 1 0.00229026 -0.0130633 -0.419407
FixedParameters: 0 0 0

#Transform 7
Transform: AffineTransform_float_3_3
Parameters: 1 6.2576e-05 0.000209163 -6.28169e-05 1 0.000575987 -0.000209091 -0.000576013 1 -0.00382681 -0.00996996 -0.40695
FixedParameters: 0 0 0

#Transform 8
Transform: AffineTransform_float_3_3
Parameters: 1 -6.27301e-05 0.000121074 6.25889e-05 1 0.000583007 -0.000121147 -0.000582992 1 -0.00411874 -0.00264687 -0.378622
FixedParameters: 0 0 0

#Transform 9
Transform: AffineTransform_float_3_3
Parameters: 1 -3.44278e-06 7.64078e-05 3.38975e-06 1 0.000347 -7.64102e-05 -0.000347 1 0.0065138 -0.0311488 -0.476636
FixedParameters: 0 0 0

#Transform 10
Transform: AffineTransform_float_3_3
Parameters: 1 -3.41211e-05 0.000201295 3.39785e-05 1 0.000354007 -0.000201319 -0.000353993 1 -0.000879034 -0.0120293 -0.432429
FixedParameters: 0 0 0

#Transform 11
Transform: AffineTransform_float_3_3
Parameters: 1 -5.25207e-05 0.00022971 5.22794e-05 1 0.000525012 -0.000229765 -0.000524988 1 -0.000654689 -0.00506052 -0.378657
FixedParameters: 0 0 0

#Transform 12
Transform: AffineTransform_float_3_3
Parameters: 1 -0.000106171 -1.47234e-05 0.000106183 1 0.000403998 1.46376e-05 -0.000404001 1 0.00313297 -0.0273564 -0.427842
FixedParameters: 0 0 0

#Transform 13
Transform: AffineTransform_float_3_3
Parameters: 1 -0.000123653 0.000256612 0.000123408 1 0.000478032 -0.00025673 -0.000477968 1 -0.00180004 -0.00936965 -0.404159
FixedParameters: 0 0 0

#Transform 14
Transform: AffineTransform_float_3_3
Parameters: 1 -0.000118346 0.000200018 0.000118081 1 0.000663023 -0.000200175 -0.000662976 1 -0.00405041 0.00374032 -0.378868
FixedParameters: 0 0 0

#Transform 15
Transform: AffineTransform_float_3_3
Parameters: 1 -0.000208203 0.00015452 0.000208062 1 0.000458032 -0.00015471 -0.000457968 1 0.0065212 -0.0194928 -0.444768
FixedParameters: 0 0 0

#Transform 16
Transform: AffineTransform_float_3_3
Parameters: 1 -0.000143617 0.000273699 0.000143609 0.999999 0.000731039 -0.000272988 -0.00073096 0.999999 -0.00532109 0.00692844 -0.415094
FixedParameters: 0 0 0

#Transform 17
Transform: AffineTransform_float_3_3
Parameters: 1 -0.000309162 -5.03295e-05 0.00030921 1 0.000481984 5.00314e-05 -0.000482015 1 0.00102889 0.00452152 -0.389962
FixedParameters: 0 0 0

#Transform 18
Transform: AffineTransform_float_3_3
Parameters: 1 -0.000216803 -2.97435e-05 0.000216831 1 0.000481993 2.95345e-05 -0.000482006 1 0.00350328 -0.0191265 -0.462873
FixedParameters: 0 0 0

#Transform 19
Transform: AffineTransform_float_3_3
Parameters: 1 -0.000292604 8.61204e-05 0.000292573 1 0.000183025 -8.62275e-05 -0.000182975 1 -0.00254261 -0.00704331 -0.405103
FixedParameters: 0 0 0

#Transform 20
Transform: AffineTransform_float_3_3
Parameters: 1 -0.000419114 -4.81978e-06 0.000419119 1 0.000514998 4.38809e-06 -0.000515002 1 0.000786012 -0.00995338 -0.403093
FixedParameters: 0 0 0

#Transform 21
Transform: AffineTransform_float_3_3
Parameters: 1 -0.000388122 6.58097e-05 0.000388097 1 0.000192025 -6.59587e-05 -0.000191974 1 0.000140437 -0.0268609 -0.452364
FixedParameters: 0 0 0

#Transform 22
Transform: AffineTransform_float_3_3
Parameters: 1 -0.000381735 7.05366e-05 0.00038165 1 0.000597874 -7.09927e-05 -0.000597125 0.999999 -0.00934443 0.0016627 -0.423636
FixedParameters: 0 0 0

#Transform 23
Transform: AffineTransform_float_3_3
Parameters: 1 -0.000575091 -0.000147156 0.000575193 1 0.000346763 0.000146757 -0.000346237 0.999999 0.0015454 -0.0079721 -0.386789
FixedParameters: 0 0 0

#Transform 24
Transform: AffineTransform_float_3_3
Parameters: 1 -0.000492612 -4.74783e-05 0.000492652 1 0.000420976 4.70636e-05 -0.000421023 1 -0.00854675 -0.0115556 -0.430252
FixedParameters: 0 0 0

#Transform 25
Transform: AffineTransform_float_3_3
Parameters: 1 -0.00066747 0.000103603 0.000667723 0.999999 0.000663069 -0.000103568 -0.00066293 1 -0.00969438 0.00297865 -0.383492
FixedParameters: 0 0 0

#Transform 26
Transform: AffineTransform_float_3_3
Parameters: 1 -0.000414336 -0.000124058 0.000414403 1 0.000270948 0.000123833 -0.000271051 1 0.000476374 0.00135149 -0.387494
FixedParameters: 0 0 0

#Transform 27
Transform: AffineTransform_float_3_3
Parameters: 0.999999 -0.000698979 -0.000157722 0.000698219 1 0.000510737 0.0001574 -0.000510262 0.999999 0.00308067 -0.00562397 -0.444152
FixedParameters: 0 0 0

#Transform 28
Transform: AffineTransform_float_3_3
Parameters: 1 -0.000619027 0.000102539 0.000619254 0.999999 0.000797063 -0.000102605 -0.000796936 0.999999 -0.0167433 0.0299033 -0.410142
FixedParameters: 0 0 0

#Transform 29
Transform: AffineTransform_float_3_3
Parameters: 0.999999 -0.000779993 -0.000123429 0.000780134 0.999999 0.000574903 0.000122532 -0.000575095 1 -0.00532017 0.0152574 -0.408525
FixedParameters: 0 0 0

#Transform 30
Transform: AffineTransform_float_3_3
Parameters: 0.999999 -0.0006962 -0.000158969 0.000696396 0.999999 0.000619736 0.000158106 -0.000619262 0.999999 -0.00225839 -0.00640032 -0.441694
FixedParameters: 0 0 0

#Transform 31
Transform: AffineTransform_float_3_3
Parameters: 1 -0.000644419 0.000150322 0.000644223 0.999999 0.000649096 -0.000151158 -0.000648902 1 -0.0156097 0.0105625 -0.396985
FixedParameters: 0 0 0

#Transform 32
Transform: AffineTransform_float_3_3
Parameters: 0.999999 -0.000721071 -0.000148378 0.000721232 1 0.00054174 0.000147597 -0.000541259 0.999999 -0.00199351 0.010293 -0.400953
FixedParameters: 0 0 0

#Transform 33
Transform: AffineTransform_float_3_3
Parameters: 1 -0.000641928 8.95974e-05 0.000641829 0.999999 0.000554057 -9.03086e-05 -0.000553942 1 0.00797571 -0.00331953 -0.42699
FixedParameters: 0 0 0

#Transform 34
Transform: AffineTransform_float_3_3
Parameters: 0.999999 -0.0008286 0.000128127 0.000828732 0.999999 0.00100711 -0.000128875 -0.00100689 1 -0.0179676 0.0205477 -0.411811
FixedParameters: 0 0 0

#Transform 35
Transform: AffineTransform_float_3_3
Parameters: 0.999999 -0.000901531 -7.18912e-05 0.000901608 0.999999 0.000539935 7.09175e-05 -0.000540064 1 -0.00382023 0.0123209 -0.391093
FixedParameters: 0 0 0

#Transform 36
Transform: AffineTransform_float_3_3
Parameters: 0.999999 -0.000830225 0.000183435 0.000829457 1 0.000648793 -0.0001832 -0.000649208 1 -0.000205982 0.007197 -0.421611
FixedParameters: 0 0 0

#Transform 37
Transform: AffineTransform_float_3_3
Parameters: 0.999999 -0.000745999 0.000246315 0.000745917 0.999999 0.000958824 -0.000246825 -0.000959175 0.999999 -0.0170164 0.0234827 -0.401322
FixedParameters: 0 0 0

#Transform 38
Transform: AffineTransform_float_3_3
Parameters: 0.999999 -0.000860824 -6.81111e-06 0.000861225 0.999999 0.000785635 6.3781e-06 -0.000786365 1 0.00314961 0.0211367 -0.390071
FixedParameters: 0 0 0

#Transform 39
Transform: AffineTransform_float_3_3
Parameters: 0.999999 -0.000880213 0.000101119 0.000880402 1 0.000995937 -0.000101951 -0.000995064 1 0.00608893 0.0177575 -0.44378
FixedParameters: 0 0 0

#Transform 40
Transform: AffineTransform_float_3_3
Parameters: 0.999999 -0.000991142 6.20145e-05 0.000991374 0.999998 0.00126606 -6.36038e-05 -0.00126594 0.999999 -0.0136809 0.0276708 -0.418004
FixedParameters: 0 0 0

#Transform 41
Transform: AffineTransform_float_3_3
Parameters: 0.999999 -0.000973979 -7.41176e-05 0.000973583 0.999999 0.000909929 7.36566e-05 -0.000910073 1 0.00306345 0.014426 -0.445015
FixedParameters: 0 0 0

#Transform 42
Transform: AffineTransform_float_3_3
Parameters: 0.999999 -0.000881887 -0.00011315 0.000882494 0.999999 0.000958901 0.000112379 -0.0009591 1 0.00207883 -0.00892076 -0.50361
FixedParameters: 0 0 0

#Transform 43
Transform: AffineTransform_float_3_3
Parameters: 1 -0.00111812 -0.000253222 0.00111813 0.999999 0.00105072 0.000252183 -0.00105128 1 -0.00787429 0.0183416 -0.400549
FixedParameters: 0 0 0

#Transform 44
Transform: AffineTransform_float_3_3
Parameters: 1 -0.00105658 -0.000213072 0.00105744 0.999999 0.00109378 0.00021168 -0.00109422 1 0.00626568 0.00483536 -0.4704
FixedParameters: 0 0 0

#Transform 45
Transform: AffineTransform_float_3_3
Parameters: 0.999999 -0.00128523 5.75753e-05 0.0012859 0.999999 0.000980922 -5.82553e-05 -0.000980079 1 -0.00282715 0.0155711 -0.446143
FixedParameters: 0 0 0

#Transform 46
Transform: AffineTransform_float_3_3
Parameters: 1 -0.00117139 -0.000168972 0.00117128 0.999998 0.00122365 0.000167417 -0.00122335 0.999999 -0.00302547 0.0372052 -0.408276
FixedParameters: 0 0 0

#Transform 47
Transform: AffineTransform_float_3_3
Parameters: 0.999999 -0.001234 -0.000157315 0.00123467 0.999999 0.000903807 0.000156004 -0.000904193 1 0.0165803 -0.00445395 -0.473138
FixedParameters: 0 0 0

#Transform 48
Transform: AffineTransform_float_3_3
Parameters: 1 -0.00108971 -3.00314e-05 0.00108926 0.999999 0.00143961 2.82049e-05 -0.00144039 0.999999 -0.0114685 0.0379698 -0.42631
FixedParameters: 0 0 0

#Transform 49
Transform: AffineTransform_float_3_3
Parameters: 0.999999 -0.00128808 -0.000251677 0.00128761 0.999999 0.000886524 0.000249784 -0.000886475 1 0.0103642 0.00571481 -0.442431
FixedParameters: 0 0 0

#Transform 50
Transform: AffineTransform_float_3_3
Parameters: 0.999999 -0.00139955 -0.000204234 0.00139983 0.999999 0.000698562 0.000202279 -0.000698437 1 0.000218413 -0.00470212 -0.495132
FixedParameters: 0 0 0

#Transform 51
Transform: AffineTransform_float_3_3
Parameters: 0.999999 -0.00145419 -0.000239216 0.00145458 0.999998 0.0011205 0.000238188 -0.0011205 0.999999 -0.0178117 0.0190552 -0.449796
FixedParameters: 0 0 0

#Transform 52
Transform: AffineTransform_float_3_3
Parameters: 0.999999 -0.00148322 -0.000491224 0.00148329 0.999999 0.000608119 0.000490731 -0.000608881 1 0.000405567 -0.0125769 -0.55414
FixedParameters: 0 0 0

#Transform 53
Transform: AffineTransform_float_3_3
Parameters: 0.999999 -0.00141514 -0.00030518 0.00141597 0.999999 0.000724416 0.00030405 -0.000724584 1 -0.00143123 -0.0112757 -0.510761
FixedParameters: 0 0 0

#Transform 54
Transform: AffineTransform_float_3_3
Parameters: 0.999999 -0.00141898 -0.0001585 0.00141918 0.999998 0.00107662 0.000157677 -0.00107638 0.999999 -0.0140285 0.0176638 -0.451744
FixedParameters: 0 0 0

#Transform 55
Transform: AffineTransform_float_3_3
Parameters: 0.999998 -0.0015983 -0.000619647 0.00159867 0.999999 0.000727705 0.000618631 -0.000728295 0.999999 0.00612812 -0.0100351 -0.536001
FixedParameters: 0 0 0

#Transform 56
Transform: AffineTransform_float_3_3
Parameters: 0.999999 -0.0013951 -0.000168115 0.00139481 0.999999 0.000705253 0.000167458 -0.000705746 0.999999 -0.00159088 -0.00337502 -0.540285
FixedParameters: 0 0 0

#Transform 57
Transform: AffineTransform_float_3_3
Parameters: 0.999999 -0.00139369 -0.000382607 0.00139459 0.999999 0.000662315 0.00038168 -0.000662685 1 -0.0144411 0.00744813 -0.489497
FixedParameters: 0 0 0

#Transform 58
Transform: AffineTransform_float_3_3
Parameters: 0.999999 -0.00132051 -0.000299546 0.00132036 0.999999 0.000636453 0.000299177 -0.000636548 1 0.00471723 -0.0187804 -0.599368
FixedParameters: 0 0 0

#Transform 59
Transform: AffineTransform_float_3_3
Parameters: 0.999999 -0.00124512 -0.000370957 0.00124531 0.999999 0.000973386 0.000369844 -0.000973614 1 -0.0230959 0.0161688 -0.505719
FixedParameters: 0 0 0

#Transform 60
Transform: AffineTransform_float_3_3
Parameters: 0.999999 -0.00148392 -0.000444262 0.00148488 0.999999 0.000637188 0.00044329 -0.000637811 1 0.00585756 -0.00860878 -0.557385
FixedParameters: 0 0 0

#Transform 61
Transform: AffineTransform_float_3_3
Parameters: 0.999999 -0.00149051 -8.33817e-05 0.00149012 0.999998 0.000851724 8.2155e-05 -0.000851276 1 -0.00232825 -0.00879939 -0.542967
FixedParameters: 0 0 0

#Transform 62
Transform: AffineTransform_float_3_3
Parameters: 0.999998 -0.0016413 -0.000349582 0.00164225 0.999998 0.000799274 0.000347878 -0.000799724 1 -0.0147208 0.0109005 -0.492929
FixedParameters: 0 0 0

#Transform 63
Transform: AffineTransform_float_3_3
Parameters: 0.999999 -0.00145544 -0.000411105 0.00145568 0.999999 0.000941097 0.000409677 -0.000940902 0.999999 0.00461278 0.0029088 -0.559464
FixedParameters: 0 0 0

#Transform 64
Transform: AffineTransform_float_3_3
Parameters: 0.999999 -0.00164383 -0.000452493 0.00164386 0.999998 0.000612104 0.000451791 -0.000612896 1 -0.00257753 -0.027741 -0.592095
FixedParameters: 0 0 0

#Transform 65
Transform: AffineTransform_float_3_3
Parameters: 0.999999 -0.00174075 -0.000533581 0.00174032 0.999999 0.000953408 0.000531962 -0.000954593 0.999999 -0.00346285 0.000356164 -0.534591
FixedParameters: 0 0 0

#Transform 66
Transform: AffineTransform_float_3_3
Parameters: 0.999998 -0.00159682 -0.000472578 0.00159698 0.999999 0.000728941 0.000471561 -0.000729059 1 0.0169467 -0.0210681 -0.5791
FixedParameters: 0 0 0

#Transform 67
Transform: AffineTransform_float_3_3
Parameters: 0.999999 -0.00148908 -0.000454173 0.00148924 0.999999 0.000753172 0.00045324 -0.000753828 1 -0.00094712 -0.0160139 -0.578575
FixedParameters: 0 0 0

#Transform 68
Transform: AffineTransform_float_3_3
Parameters: 0.999998 -0.00147525 -0.000695599 0.00147565 0.999999 0.000670822 0.000694929 -0.000672179 1 -0.00473613 -0.00167154 -0.530677
FixedParameters: 0 0 0

#Transform 69
Transform: AffineTransform_float_3_3
Parameters: 0.999998 -0.00166801 -0.000441456 0.00166808 0.999999 7.69581e-05 0.000441199 -7.70411e-05 1 0.0104541 -0.0322758 -0.628698
FixedParameters: 0 0 0

#Transform 70
Transform: AffineTransform_float_3_3
Parameters: 0.999998 -0.00166864 -0.000442165 0.00166876 0.999998 0.000735958 0.00044102 -0.000736042 1 -0.0122338 -0.00504605 -0.59232
FixedParameters: 0 0 0

#Transform 71
Transform: AffineTransform_float_3_3
Parameters: 0.999998 -0.00187435 -0.000789547 0.00187451 0.999998 0.000104215 0.000789153 -0.000105784 1 0.0108439 -0.0247983 -0.653648
FixedParameters: 0 0 0

#Transform 72
Transform: AffineTransform_float_3_3
Parameters: 0.999998 -0.00180896 -0.000488882 0.00180885 0.999998 -0.00011319 0.000489291 0.00011281 1 0.0051509 -0.0511244 -0.695191
FixedParameters: 0 0 0

#Transform 73
Transform: AffineTransform_float_3_3
Parameters: 0.999998 -0.00175227 -0.000670851 0.00175292 0.999998 0.000879672 0.000669076 -0.000881326 0.999999 0.0157076 -0.0205983 -0.577686
FixedParameters: 0 0 0

#Transform 74
Transform: AffineTransform_float_3_3
Parameters: 0.999998 -0.00210058 -0.00091665 0.00210121 0.999997 0.000342769 0.000915204 -0.000345228 0.999999 0.0968817 0.00419045 -0.48122
FixedParameters: 0 0 0

#Transform 75
Transform: AffineTransform_float_3_3
Parameters: 0.999998 -0.00180351 -0.000548101 0.0018039 0.999998 0.000841707 0.000546374 -0.000842291 0.999999 0.0207695 0.0409411 -0.406184
FixedParameters: 0 0 0

#Transform 76
Transform: AffineTransform_float_3_3
Parameters: 0.999999 -0.00173614 -0.000394287 0.00173632 0.999998 0.000903011 0.000392462 -0.000902987 0.999999 0.00447035 0.0174446 -0.533935
FixedParameters: 0 0 0

#Transform 77
Transform: AffineTransform_float_3_3
Parameters: 0.999998 -0.00194297 -0.000418562 0.00194359 0.999998 0.000902523 0.000417284 -0.000903477 0.999999 -0.0129446 0.00928313 -0.524338
FixedParameters: 0 0 0

#Transform 78
Transform: AffineTransform_float_3_3
Parameters: 0.999998 -0.00192091 -0.000589818 0.00192191 0.999998 0.000968203 0.000588326 -0.000969797 0.999999 0.0109273 0.0105281 -0.560673
FixedParameters: 0 0 0

#Transform 79
Transform: AffineTransform_float_3_3
Parameters: 0.999999 -0.00184722 -0.000259767 0.00184769 0.999998 0.00117586 0.000257653 -0.00117614 0.999999 0.00484504 0.00256462 -0.586613
FixedParameters: 0 0 0

#Transform 80
Transform: AffineTransform_float_3_3
Parameters: 0.999998 -0.00193198 -0.000223583 0.00193229 0.999998 0.0010019 0.000221943 -0.0010021 0.999999 -0.00187356 0.0111418 -0.537076
FixedParameters: 0 0 0

#Transform 81
Transform: AffineTransform_float_3_3
Parameters: 0.999997 -0.00229163 -0.000814095 0.00229219 0.999997 0.000996679 0.000812145 -0.000998322 0.999999 0.0158289 0.0203217 -0.608187
FixedParameters: 0 0 0

#Transform 82
Transform: AffineTransform_float_3_3
Parameters: 0.999998 -0.00167977 -0.000215279 0.00168007 0.999999 0.00102897 0.000214054 -0.00102903 0.999999 0.0126209 0.0237635 -0.605765
FixedParameters: 0 0 0

#Transform 83
Transform: AffineTransform_float_3_3
Parameters: 0.999998 -0.00204732 -0.000242108 0.00204727 0.999997 0.00101184 0.000239275 -0.00101216 0.999999 0.0134708 0.0306581 -0.555785
FixedParameters: 0 0 0

#Transform 84
Transform: AffineTransform_float_3_3
Parameters: 0.999998 -0.00194478 -0.000404555 0.00194528 0.999998 0.00078555 0.000403729 -0.000786452 1 0.023912 0.0226135 -0.619284
FixedParameters: 0 0 0

#Transform 85
Transform: AffineTransform_float_3_3
Parameters: 0.999997 -0.00206562 -0.000553995 0.00206566 0.999997 3.455e-05 0.00055385 -3.54491e-05 1 0.019571 0.00540768 -0.642305
FixedParameters: 0 0 0

#Transform 86
Transform: AffineTransform_float_3_3
Parameters: 0.999998 -0.00206088 -0.000483168 0.00206092 0.999998 0.00059034 0.000482043 -0.00059166 1 0.0134492 0.0192713 -0.572575
FixedParameters: 0 0 0

#Transform 87
Transform: AffineTransform_float_3_3
Parameters: 0.999997 -0.00216309 -0.000507172 0.00216312 0.999998 2.32376e-05 0.000507068 -2.47615e-05 1 0.0357237 -0.00901442 -0.627006
FixedParameters: 0 0 0

#Transform 88
Transform: AffineTransform_float_3_3
Parameters: 0.999997 -0.0021715 -0.000120758 0.00217105 0.999998 0.000323073 0.000120667 -0.000322928 1 0.0256621 0.00847582 -0.576734
FixedParameters: 0 0 0

#Transform 89
Transform: AffineTransform_float_3_3
Parameters: 0.999998 -0.00224514 -0.000621823 0.00224612 0.999997 0.0008973 0.000620022 -0.0008987 1 0.0140601 0.0273229 -0.523959
FixedParameters: 0 0 0

#Transform 90
Transform: AffineTransform_float_3_3
Parameters: 0.999998 -0.00221281 -0.000675099 0.00221308 0.999997 0.000589842 0.000673795 -0.000592157 1 0.0286352 0.0091404 -0.597445
FixedParameters: 0 0 0

#Transform 91
Transform: AffineTransform_float_3_3
Parameters: 0.999997 -0.00240987 -0.000597332 0.00241022 0.999996 0.000734897 0.000595096 -0.0007371 1 0.0165916 0.0151016 -0.571654
FixedParameters: 0 0 0

#Transform 92
Transform: AffineTransform_float_3_3
Parameters: 0.999996 -0.00247083 -0.000786092 0.00247178 0.999997 0.00103124 0.000784532 -0.00103376 0.999999 0.0147502 0.0262366 -0.552258
FixedParameters: 0 0 0

#Transform 93
Transform: AffineTransform_float_3_3
Parameters: 0.999997 -0.00234825 -0.000751372 0.00234866 0.999997 0.000628419 0.000749727 -0.000630579 0.999999 0.0473681 0.00910999 -0.649332
FixedParameters: 0 0 0

#Transform 94
Transform: AffineTransform_float_3_3
Parameters: 0.999997 -0.00234166 -0.000343518 0.00234153 0.999997 0.000578532 0.000342118 -0.000579467 1 0.0125044 0.00658183 -0.58791
FixedParameters: 0 0 0

#Transform 95
Transform: AffineTransform_float_3_3
Parameters: 0.999997 -0.00256169 -0.000815695 0.0025627 0.999996 0.000382453 0.00081465 -0.000384546 1 0.0398823 0.000307629 -0.598048
FixedParameters: 0 0 0

#Transform 96
Transform: AffineTransform_float_3_3
Parameters: 0.999997 -0.00232834 -0.000448168 0.00232839 0.999997 0.00065714 0.000446417 -0.000657858 0.999999 0.0275694 0.0211486 -0.634882
FixedParameters: 0 0 0

#Transform 97
Transform: AffineTransform_float_3_3
Parameters: 0.999997 -0.00238137 -0.000575147 0.00238097 0.999997 0.000456814 0.000573359 -0.000458184 1 0.0196007 0.0355751 -0.597406
FixedParameters: 0 0 0

#Transform 98
Transform: AffineTransform_float_3_3
Parameters: 0.999996 -0.00238743 -0.00109199 0.00238747 0.999998 1.47819e-05 0.00109191 -1.72172e-05 0.999999 0.0474569 0.0192784 -0.631335
FixedParameters: 0 0 0

#Transform 99
Transform: AffineTransform_float_3_3
Parameters: 0.999997 -0.00255097 -0.000717515 0.00255112 0.999997 0.000105199 0.000716974 -0.000106799 0.999999 0.0470761 0.0141321 -0.641343
FixedParameters: 0 0 0

#Transform 100
Transform: AffineTransform_float_3_3
Parameters: 0.999997 -0.00243335 -0.000331864 0.00243322 0.999997 0.000601376 0.000330248 -0.000601622 1 0.0370258 0.0271577 -0.572785
FixedParameters: 0 0 0

#Transform 101
Transform: AffineTransform_float_3_3
Parameters: 0.999996 -0.0026651 -0.000857745 0.00266502 0.999996 -4.98973e-05 0.000858007 4.81033e-05 1 0.0358635 -0.00569457 -0.620102
FixedParameters: 0 0 0

#Transform 102
Transform: AffineTransform_float_3_3
Parameters: 0.999997 -0.00262147 -0.000690574 0.00262157 0.999996 0.000450733 0.000689518 -0.000452267 1 0.0217206 0.0235209 -0.616856
FixedParameters: 0 0 0

#Transform 103
Transform: AffineTransform_float_3_3
Parameters: 0.999995 -0.0028292 -0.000726134 0.00282931 0.999996 0.000803978 0.000724201 -0.000806022 1 0.00740373 0.048262 -0.565462
FixedParameters: 0 0 0

#Transform 104
Transform: AffineTransform_float_3_3
Parameters: 0.999996 -0.00271619 -0.000667501 0.0027157 0.999996 0.000328011 0.000666102 -0.000330987 1 0.0382122 0.015283 -0.663958
FixedParameters: 0 0 0

#Transform 105
Transform: AffineTransform_float_3_3
Parameters: 0.999996 -0.00250602 -0.0005668 0.00250691 0.999996 0.000441762 0.000565502 -0.000443236 1 0.0157976 0.0372054 -0.633005
FixedParameters: 0 0 0

#Transform 106
Transform: AffineTransform_float_3_3
Parameters: 0.999997 -0.00240426 -0.000605055 0.00240449 0.999997 0.000188728 0.000604143 -0.00019027 1 0.0157743 0.0200442 -0.58488
FixedParameters: 0 0 0

#Transform 107
Transform: AffineTransform_float_3_3
Parameters: 0.999998 -0.00227701 -0.000452393 0.00227701 0.999997 0.000587153 0.000451028 -0.000587846 1 0.0365327 0.0286697 -0.637208
FixedParameters: 0 0 0

#Transform 108
Transform: AffineTransform_float_3_3
Parameters: 0.999997 -0.00251546 -0.000280026 0.00251574 0.999997 0.00074112 0.000278528 -0.00074188 1 0.029279 0.039425 -0.574752
FixedParameters: 0 0 0

#Transform 109
Transform: AffineTransform_float_3_3
Parameters: 0.999996 -0.00262862 -0.000479856 0.00262968 0.999995 0.00125092 0.000475507 -0.00125207 0.999999 0.0346834 0.0697801 -0.572005
FixedParameters: 0 0 0

#Transform 110
Transform: AffineTransform_float_3_3
Parameters: 0.999996 -0.00277171 -0.000444263 0.0027719 0.999996 0.000814801 0.000441056 -0.000815196 1 0.0379415 0.0385953 -0.635441
FixedParameters: 0 0 0

#Transform 111
Transform: AffineTransform_float_3_3
Parameters: 0.999996 -0.00286652 -0.000355055 0.00286691 0.999995 0.000747654 0.000352998 -0.000748344 0.999999 0.0208482 0.0540727 -0.59824
FixedParameters: 0 0 0

#Transform 112
Transform: AffineTransform_float_3_3
Parameters: 0.999995 -0.00307879 -0.000434302 0.00307994 0.999995 0.00103334 0.000431086 -0.00103466 1 0.0291507 0.0697313 -0.569465
FixedParameters: 0 0 0

#Transform 113
Transform: AffineTransform_float_3_3
Parameters: 0.999996 -0.00285293 -0.000499721 0.00285219 0.999995 0.000709399 0.00049737 -0.000711598 0.999999 0.0541568 0.0342374 -0.643317
FixedParameters: 0 0 0

#Transform 114
Transform: AffineTransform_float_3_3
Parameters: 0.999996 -0.00298591 -0.000352128 0.00298627 0.999996 0.000698261 0.000350185 -0.000699738 0.999999 0.050029 0.0495388 -0.664435
FixedParameters: 0 0 0

#Transform 115
Transform: AffineTransform_float_3_3
Parameters: 0.999995 -0.00294206 -0.00047924 0.00294217 0.999995 0.000673262 0.000476585 -0.000674734 0.999999 0.0290981 0.0620401 -0.605057
FixedParameters: 0 0 0

#Transform 116
Transform: AffineTransform_float_3_3
Parameters: 0.999995 -0.00315302 -0.000396483 0.00315368 0.999995 0.000344061 0.000395227 -0.000345937 1 0.0557469 0.0308278 -0.602398
FixedParameters: 0 0 0

#Transform 117
Transform: AffineTransform_float_3_3
Parameters: 0.999996 -0.00288326 -0.00031091 0.00288384 0.999996 0.000304774 0.000310072 -0.000305225 1 0.0587265 0.0281967 -0.650075
FixedParameters: 0 0 0

#Transform 118
Transform: AffineTransform_float_3_3
Parameters: 0.999995 -0.00310622 -0.000405462 0.00310535 0.999995 0.000713414 0.000402729 -0.000714584 1 0.0378294 0.0618869 -0.604584
FixedParameters: 0 0 0

#Transform 119
Transform: AffineTransform_float_3_3
Parameters: 0.999996 -0.00302849 -0.000538521 0.00302932 0.999995 0.000401887 0.000537003 -0.00040311 0.999999 0.0420089 0.0478446 -0.596809
FixedParameters: 0 0 0

#Transform 120
Transform: AffineTransform_float_3_3
Parameters: 0.999995 -0.00309611 -0.000461492 0.0030963 0.999995 0.000205882 0.00046021 -0.000208115 1 0.0524483 0.0227995 -0.661363
FixedParameters: 0 0 0

#Transform 121
Transform: AffineTransform_float_3_3
Parameters: 0.999995 -0.00299037 -0.000316736 0.00299071 0.999995 0.000756518 0.000314437 -0.00075848 1 0.0280924 0.0601972 -0.629978
FixedParameters: 0 0 0

#Transform 122
Transform: AffineTransform_float_3_3
Parameters: 0.999994 -0.00342593 -0.000507595 0.00342624 0.999994 0.000967424 0.000504502 -0.000969576 0.999999 0.0410531 0.065038 -0.58817
FixedParameters: 0 0 0

#Transform 123
Transform: AffineTransform_float_3_3
Parameters: 0.999995 -0.00313601 -0.000444881 0.00313648 0.999995 0.000682278 0.000442829 -0.000683722 1 0.0484814 0.0416032 -0.678789
FixedParameters: 0 0 0

#Transform 124
Transform: AffineTransform_float_3_3
Parameters: 0.999996 -0.00302447 -0.000507696 0.00302423 0.999995 0.000808138 0.000505425 -0.000809862 1 0.0203838 0.0726354 -0.607847
FixedParameters: 0 0 0

#Transform 125
Transform: AffineTransform_float_3_3
Parameters: 0.999995 -0.00328795 -0.000816461 0.00328843 0.999995 -0.000274322 0.000817866 0.000271678 0.999999 0.0421377 0.0413753 -0.655978
FixedParameters: 0 0 0

#Transform 126
Transform: AffineTransform_float_3_3
Parameters: 0.999994 -0.00321109 -0.00053983 0.00321107 0.999995 -0.00051422 0.000541816 0.000512781 1 0.0525163 0.0329282 -0.734143
FixedParameters: 0 0 0

#Transform 127
Transform: AffineTransform_float_3_3
Parameters: 0.999995 -0.00325845 -0.000781521 0.00325815 0.999995 -0.000531033 0.000783661 0.000527967 1 0.018699 0.0597552 -0.605999
FixedParameters: 0 0 0

#Transform 128
Transform: AffineTransform_float_3_3
Parameters: 0.999994 -0.00333783 -0.00110797 0.00333604 0.999994 -0.00110698 0.0011118 0.00110302 0.999999 0.0418599 -0.0121275 -0.726456
FixedParameters: 0 0 0

#Transform 129
Transform: AffineTransform_float_3_3
Parameters: 0.999994 -0.00336936 -0.000766216 0.00336887 0.999994 -6.52177e-05 0.000765727 6.27856e-05 1 0.0449452 0.0320312 -0.630417
FixedParameters: 0 0 0

#Transform 130
Transform: AffineTransform_float_3_3
Parameters: 0.999994 -0.00351555 -0.000841733 0.00351591 0.999994 0.000842411 0.000838421 -0.000845588 1 0.036976 0.0593094 -0.547461
FixedParameters: 0 0 0

#Transform 131
Transform: AffineTransform_float_3_3
Parameters: 0.999994 -0.00354247 -0.000829497 0.0035433 0.999993 0.000580636 0.000827608 -0.000582363 1 0.0502048 0.0423679 -0.622713
FixedParameters: 0 0 0

#Transform 132
Transform: AffineTransform_float_3_3
Parameters: 0.999993 -0.00352096 -0.000400998 0.00352195 0.999993 0.00092975 0.000397597 -0.000931247 1 0.044293 0.0469163 -0.621413
FixedParameters: 0 0 0

#Transform 133
Transform: AffineTransform_float_3_3
Parameters: 0.999994 -0.00329694 -0.000935455 0.00329767 0.999994 0.00123765 0.000931218 -0.00124035 0.999999 0.0168667 0.0674082 -0.568636
FixedParameters: 0 0 0

#Transform 134
Transform: AffineTransform_float_3_3
Parameters: 0.999994 -0.00355421 -0.000825429 0.00355457 0.999994 0.000863284 0.000821906 -0.000865715 0.999999 0.0499162 0.0473508 -0.664043
FixedParameters: 0 0 0

#Transform 135
Transform: AffineTransform_float_3_3
Parameters: 0.999993 -0.00367741 -0.000500177 0.00367746 0.999993 0.00071817 0.000498432 -0.000719832 1 0.0558139 0.0434903 -0.656127
FixedParameters: 0 0 0

#Transform 136
Transform: AffineTransform_float_3_3
Parameters: 0.999995 -0.00330239 -0.000682562 0.00330263 0.999994 0.000954115 0.000678877 -0.000955882 0.999999 0.0334294 0.0697693 -0.621557
FixedParameters: 0 0 0

#Transform 137
Transform: AffineTransform_float_3_3
Parameters: 0.999994 -0.00356237 -0.000853994 0.00356341 0.999994 0.000689173 0.000851306 -0.000691825 1 0.057412 0.0576411 -0.632057
FixedParameters: 0 0 0

#Transform 138
Transform: AffineTransform_float_3_3
Parameters: 0.999994 -0.00334905 -0.000677803 0.00334923 0.999994 0.00053025 0.000675554 -0.000532748 1 0.0571187 0.0478947 -0.680446
FixedParameters: 0 0 0

#Transform 139
Transform: AffineTransform_float_3_3
Parameters: 0.999994 -0.00341262 -0.000135867 0.00341257 0.999994 -0.000167515 0.000137007 0.000166485 1 0.0427875 0.0430503 -0.595455
FixedParameters: 0 0 0

#Transform 140
Transform: AffineTransform_float_3_3
Parameters: 0.999993 -0.00356503 -0.000549327 0.00356509 0.999994 0.000530049 0.000546852 -0.000531947 1 0.0657046 0.0441825 -0.617717
FixedParameters: 0 0 0

#Transform 141
Transform: AffineTransform_float_3_3
Parameters: 0.999994 -0.003381 -0.000476179 0.00338092 0.999994 0.000472909 0.000474288 -0.000474088 1 0.0485899 0.0415339 -0.621655
FixedParameters: 0 0 0

#Transform 142
Transform: AffineTransform_float_3_3
Parameters: 0.999992 -0.00372122 -0.000830685 0.00372104 0.999993 0.000529124 0.00082936 -0.000531878 1 0.0229934 0.053649 -0.595304
FixedParameters: 0 0 0

#Transform 143
Transform: AffineTransform_float_3_3
Parameters: 0.999993 -0.00375475 -0.00103179 0.00375466 0.999993 -4.68158e-05 0.00103213 4.3185e-05 0.999999 0.0591727 0.0317674 -0.682245
FixedParameters: 0 0 0

#Transform 144
Transform: AffineTransform_float_3_3
Parameters: 0.999994 -0.00361432 -0.000515322 0.00361359 0.999994 0.000186143 0.000514361 -0.000187855 1 0.0538381 0.0351003 -0.694814
FixedParameters: 0 0 0

#Transform 145
Transform: AffineTransform_float_3_3
Parameters: 0.999994 -0.0035872 -0.000633487 0.00358698 0.999994 0.000246734 0.000633019 -0.000249267 1 0.0316581 0.0502202 -0.624226
FixedParameters: 0 0 0

#Transform 146
Transform: AffineTransform_float_3_3
Parameters: 0.999991 -0.00403931 -0.000629042 0.00403868 0.999992 -0.000196203 0.000629697 0.000193799 0.999999 0.0524131 0.0321401 -0.653669
FixedParameters: 0 0 0

#Transform 147
Transform: AffineTransform_float_3_3
Parameters: 0.999992 -0.00379806 -0.000702052 0.00379818 0.999993 8.11856e-05 0.000701425 -8.38116e-05 0.999999 0.0452279 0.025758 -0.665895
FixedParameters: 0 0 0

#Transform 148
Transform: AffineTransform_float_3_3
Parameters: 0.999992 -0.00389191 -0.000682043 0.003892 0.999993 0.000454841 0.000679801 -0.000458156 0.999999 0.0269685 0.0595212 -0.61399
FixedParameters: 0 0 0

#Transform 149
Transform: AffineTransform_float_3_3
Parameters: 0.999992 -0.00386977 -0.00108898 0.00386955 0.999993 0.000140846 0.00108918 -0.000145156 0.999999 0.0477869 0.0697431 -0.654322
FixedParameters: 0 0 0

#Transform 150
Transform: AffineTransform_float_3_3
Parameters: 0.999992 -0.00377897 -0.00061331 0.00377902 0.999993 3.55341e-05 0.000613034 -3.74639e-05 1 0.0687843 0.0610475 -0.701493
FixedParameters: 0 0 0

#Transform 151
Transform: AffineTransform_float_3_3
Parameters: 0.999993 -0.00390429 -0.000357357 0.00390379 0.999992 -0.000152752 0.000357623 0.000151251 1 0.0710568 0.0423965 -0.660387
FixedParameters: 0 0 0

#Transform 152
Transform: AffineTransform_float_3_3
Parameters: 0.999992 -0.00394408 -0.000523648 0.00394411 0.999992 2.74268e-05 0.000523423 -2.95713e-05 1 0.0299977 0.0560698 -0.641762
FixedParameters: 0 0 0

#Transform 153
Transform: AffineTransform_float_3_3
Parameters: 0.999991 -0.00422488 -0.000637081 0.00422478 0.999991 -0.000488357 0.000639885 0.000485642 1 0.0629947 0.0465223 -0.666233
FixedParameters: 0 0 0

#Transform 154
Transform: AffineTransform_float_3_3
Parameters: 0.999992 -0.00416613 -0.000180899 0.00416562 0.999991 -0.000702627 0.0001836 0.000702375 1 0.0568095 0.029968 -0.700867
FixedParameters: 0 0 0

#Transform 155
Transform: AffineTransform_float_3_3
Parameters: 0.999993 -0.00371491 -0.000304468 0.00371522 0.999992 -0.000364977 0.000305865 0.000364025 1 0.0409484 0.0550281 -0.683427
FixedParameters: 0 0 0

#Transform 156
Transform: AffineTransform_float_3_3
Parameters: 0.99999 -0.00435885 -0.000955238 0.00435818 0.99999 -0.000429981 0.000956733 0.000425022 0.999999 0.040072 0.0532978 -0.673268
FixedParameters: 0 0 0

#Transform 157
Transform: AffineTransform_float_3_3
Parameters: 0.999992 -0.00410761 -0.000440651 0.00410745 0.999991 -0.000944838 0.000444864 0.000943161 0.999999 0.0568062 0.0323331 -0.764731
FixedParameters: 0 0 0

#Transform 158
Transform: AffineTransform_float_3_3
Parameters: 0.999992 -0.00391656 -0.00055953 0.00391583 0.999992 -0.000776705 0.000563373 0.000774293 0.999999 0.0291934 0.047162 -0.72536
FixedParameters: 0 0 0

#Transform 159
Transform: AffineTransform_float_3_3
Parameters: 0.999991 -0.00417583 -0.000733933 0.00417466 0.99999 -0.00134638 0.00073939 0.00134363 0.999999 0.033593 0.047141 -0.704044
FixedParameters: 0 0 0

#Transform 160
Transform: AffineTransform_float_3_3
Parameters: 0.999992 -0.00410549 -0.000411487 0.00410451 0.99999 -0.00168257 0.000418597 0.00168043 0.999998 0.050418 0.0159149 -0.71812
FixedParameters: 0 0 0

#Transform 161
Transform: AffineTransform_float_3_3
Parameters: 0.999991 -0.00431647 -0.000609881 0.00431563 0.99999 -0.00134666 0.000615717 0.00134334 0.999999 0.0329939 0.0154392 -0.681856
FixedParameters: 0 0 0

#Transform 162
Transform: AffineTransform_float_3_3
Parameters: 0.99999 -0.00436694 -0.000829958 0.00436485 0.999988 -0.00182109 0.000837839 0.00181791 0.999998 0.0468751 0.00477405 -0.677232
FixedParameters: 0 0 0

#Transform 163
Transform: AffineTransform_float_3_3
Parameters: 0.999991 -0.00431081 -0.000777129 0.00430936 0.99999 -0.00144418 0.000783789 0.00144082 0.999999 0.0442802 0.0128761 -0.741421
FixedParameters: 0 0 0

#Transform 164
Transform: AffineTransform_float_3_3
Parameters: 0.999991 -0.00414684 -0.000678023 0.00414706 0.999991 -0.00100848 0.000682441 0.00100552 0.999999 0.00866703 0.0365311 -0.67571
FixedParameters: 0 0 0

#Transform 165
Transform: AffineTransform_float_3_3
Parameters: 0.99999 -0.00433035 -0.00107682 0.00432857 0.99999 -0.00162428 0.0010847 0.00161971 0.999998 0.0336473 0.0241835 -0.792035
FixedParameters: 0 0 0

#Transform 166
Transform: AffineTransform_float_3_3
Parameters: 0.999991 -0.00408036 -0.000588269 0.00407904 0.99999 -0.00146807 0.000593544 0.00146593 0.999998 0.00832635 0.0370719 -0.717437
FixedParameters: 0 0 0

#Transform 167
Transform: AffineTransform_float_3_3
Parameters: 0.99999 -0.00431762 -0.000599 0.00431755 0.999989 -0.00149526 0.000605735 0.00149274 0.999999 0.0422301 0.0393946 -0.67129
FixedParameters: 0 0 0

#Transform 168
Transform: AffineTransform_float_3_3
Parameters: 0.999989 -0.00449846 -0.000885602 0.004497 0.999988 -0.00187582 0.000894058 0.00187119 0.999998 0.0529884 -0.00772926 -0.718539
FixedParameters: 0 0 0

#Transform 169
Transform: AffineTransform_float_3_3
Parameters: 0.99999 -0.00455315 -0.000864679 0.00455171 0.999988 -0.00129976 0.000870718 0.00129524 0.999999 0.0395997 0.0313927 -0.659022
FixedParameters: 0 0 0

#Transform 170
Transform: AffineTransform_float_3_3
Parameters: 0.99999 -0.00453258 -0.000777508 0.00453142 0.99999 -0.000590855 0.000779695 0.000587148 0.999999 0.019748 0.0493672 -0.631902
FixedParameters: 0 0 0

#Transform 171
Transform: AffineTransform_float_3_3
Parameters: 0.999988 -0.00472554 -0.00125701 0.00472392 0.999988 -0.000909708 0.00126204 0.00090329 0.999999 0.0471413 0.0376446 -0.711957
FixedParameters: 0 0 0

#Transform 172
Transform: AffineTransform_float_3_3
Parameters: 0.99999 -0.0044218 -0.000613183 0.00442064 0.99999 -0.000739892 0.000616561 0.00073711 1 0.046546 0.0376468 -0.724641
FixedParameters: 0 0 0

#Transform 173
Transform: AffineTransform_float_3_3
Parameters: 0.999991 -0.00416407 -0.00067685 0.00416333 0.999991 -0.000260121 0.000678086 0.000257879 1 0.0160612 0.0818144 -0.652393
FixedParameters: 0 0 0

#Transform 174
Transform: AffineTransform_float_3_3
Parameters: 0.99999 -0.00448745 -0.00098959 0.00448577 0.999989 -0.00152306 0.000996152 0.00151894 0.999999 0.041083 0.016642 -0.805542
FixedParameters: 0 0 0

#Transform 175
Transform: AffineTransform_float_3_3
Parameters: 0.99999 -0.00452068 -0.000965793 0.00451914 0.999989 -0.00148599 0.000972122 0.00148202 0.999999 -0.00843836 0.0469305 -0.737518
FixedParameters: 0 0 0

#Transform 176
Transform: AffineTransform_float_3_3
Parameters: 0.999989 -0.00462344 -0.00134591 0.00462016 0.999987 -0.0023 0.00135612 0.002293 0.999996 -0.0152686 0.00533945 -0.707008
FixedParameters: 0 0 0

#Transform 177
Transform: AffineTransform_float_3_3
Parameters: 0.999989 -0.00454967 -0.00133073 0.00454671 0.999988 -0.00201147 0.00133929 0.00200553 0.999998 0.00199046 -0.015122 -0.76224
FixedParameters: 0 0 0

#Transform 178
Transform: AffineTransform_float_3_3
Parameters: 0.999991 -0.00431018 -0.000866272 0.00430924 0.99999 -0.0012342 0.000872042 0.0012308 0.999999 -0.00600548 0.039182 -0.66899
FixedParameters: 0 0 0

#Transform 179
Transform: AffineTransform_float_3_3
Parameters: 0.999989 -0.00438325 -0.00118903 0.00438243 0.99999 -0.000791826 0.00119332 0.000786173 0.999999 0.00382681 0.0513299 -0.633674
FixedParameters: 0 0 0
