#Insight Transform File V1.0
#Transform 0
Transform: AffineTransform_float_3_3
Parameters: 1 -0.000207764 0.000201371 0.000208036 0.999999 -0.000677958 -0.000201089 0.000678042 0.999999 0.0573638 0.0894068 0.351064
FixedParameters: 0 0 0

#Transform 1
Transform: AffineTransform_float_3_3
Parameters: 1 0.00026629 -0.000642845 -0.000265497 0.999999 0.000616323 0.000643173 -0.000616676 1 0.00974331 0.0421429 -0.066896
FixedParameters: 0 0 0

#Transform 2
Transform: AffineTransform_float_3_3
Parameters: 1 0.000825325 -0.000680066 -0.000825067 0.999999 0.00144036 0.000680993 -0.00144065 0.999999 0.0242869 0.0705819 -0.14776
FixedParameters: 0 0 0

#Transform 3
Transform: AffineTransform_float_3_3
Parameters: 1 0.000449592 -0.000218045 -0.000448751 0.999998 0.0019201 0.00021977 -0.0019199 0.999998 0.0108915 0.0765449 -0.187577
FixedParameters: 0 0 0

#Transform 4
Transform: AffineTransform_float_3_3
Parameters: 1 0.00041015 -5.21976e-05 -0.000409174 1 0.000529021 5.22402e-05 -0.000528979 1 -0.000544902 0.0565731 -0.270441
FixedParameters: 0 0 0

#Transform 5
Transform: AffineTransform_float_3_3
Parameters: 1 0.000150429 -0.000666183 -0.00014858 0.999999 0.0013871 0.000666598 -0.0013869 0.999999 0.0262991 0.0769746 -0.239437
FixedParameters: 0 0 0

#Transform 6
Transform: AffineTransform_float_3_3
Parameters: 0.999999 0.000635536 -0.000548688 -0.000635124 0.999999 0.00156799 0.000550151 -0.00156801 0.999998 0.0156219 0.076622 -0.263933
FixedParameters: 0 0 0

#Transform 7
Transform: AffineTransform_float_3_3
Parameters: 0.999999 0.000461653 -0.000787918 -0.000460596 0.999999 0.00150236 0.000788773 -0.00150164 0.999998 0.0232616 0.0935892 -0.288856
FixedParameters: 0 0 0

#Transform 8
Transform: AffineTransform_float_3_3
Parameters: 1 0.000343547 -0.00106785 -0.00034206 0.999998 0.00174052 0.0010689 -0.00174048 0.999998 0.01945 0.0993556 -0.325538
FixedParameters: 0 0 0

#Transform 9
Transform: AffineTransform_float_3_3
Parameters: 1 0.000609553 -0.000905677 -0.000608299 0.999998 0.00163134 0.000906214 -0.00163166 0.999998 0.0364124 0.0945333 -0.331115
FixedParameters: 0 0 0

#Transform 10
Transform: AffineTransform_float_3_3
Parameters: 1 0.000350708 -0.0010848 -0.000348672 0.999998 0.00196638 0.00108604 -0.00196562 0.999997 0.0138519 0.102292 -0.323242
FixedParameters: 0 0 0

#Transform 11
Transform: AffineTransform_float_3_3
Parameters: 0.999999 0.000223454 -0.00121666 -0.000221181 0.999998 0.00201263 0.0012165 -0.00201137 0.999997 0.0218842 0.115036 -0.312081
FixedParameters: 0 0 0

#Transform 12
Transform: AffineTransform_float_3_3
Parameters: 1 0.000368872 -0.000878984 -0.000367553 0.999999 0.00149632 0.000879556 -0.00149568 0.999998 0.0271024 0.111142 -0.345039
FixedParameters: 0 0 0

#Transform 13
Transform: AffineTransform_float_3_3
Parameters: 1 0.000223618 -0.00105994 -0.000222558 0.999999 0.00111839 0.00105991 -0.00111861 0.999999 0.0147442 0.0784276 -0.413244
FixedParameters: 0 0 0

#Transform 14
Transform: AffineTransform_float_3_3
Parameters: 0.999999 0.000185239 -0.000705546 -0.000184555 0.999998 0.00206513 0.00070617 -0.00206487 0.999997 0.0170841 0.107033 -0.357015
FixedParameters: 0 0 0

#Transform 15
Transform: AffineTransform_float_3_3
Parameters: 0.999999 0.000342724 -0.000772062 -0.000340962 0.999998 0.00198942 0.000772892 -0.00198958 0.999998 0.0333046 0.122592 -0.351878
FixedParameters: 0 0 0

#Transform 16
Transform: AffineTransform_float_3_3
Parameters: 0.999999 0.000216668 -0.000718735 -0.000214801 0.999998 0.00221016 0.000719159 -0.00220985 0.999998 0.0167891 0.102184 -0.372908
FixedParameters: 0 0 0

#Transform 17
Transform: AffineTransform_float_3_3
Parameters: 0.999999 0.000221047 -0.000936745 -0.000218761 0.999998 0.00191936 0.000937059 -0.00191964 0.999998 0.0156917 0.100402 -0.350091
FixedParameters: 0 0 0

#Transform 18
Transform: AffineTransform_float_3_3
Parameters: 0.999999 0.000163133 -0.000696212 -0.000162477 0.999998 0.00207311 0.000696748 -0.00207289 0.999997 0.0203232 0.100778 -0.335051
FixedParameters: 0 0 0

#Transform 19
Transform: AffineTransform_float_3_3
Parameters: 0.999999 0.00018745 -0.000706859 -0.000186948 0.999999 0.00128313 0.00070681 -0.00128287 0.999999 0.0199085 0.0863399 -0.352701
FixedParameters: 0 0 0

#Transform 20
Transform: AffineTransform_float_3_3
Parameters: 0.999999 4.07011e-05 -0.000781178 -3.91643e-05 0.999997 0.00241203 0.000781232 -0.00241197 0.999997 0.0220569 0.126053 -0.356932
FixedParameters: 0 0 0

#Transform 21
Transform: AffineTransform_float_3_3
Parameters: 1 8.93866e-05 -0.000665113 -8.80237e-05 0.999998 0.00201021 0.00066494 -0.00201079 0.999998 0.0214107 0.119663 -0.351943
FixedParameters: 0 0 0

#Transform 22
Transform: AffineTransform_float_3_3
Parameters: 1 -0.000114979 -0.00114973 0.00011682 0.999998 0.00217187 0.00114948 -0.00217213 0.999997 0.043739 0.138839 -0.322483
FixedParameters: 0 0 0

#Transform 23
Transform: AffineTransform_float_3_3
Parameters: 1 -1.55036e-05 -0.000620784 1.73538e-05 0.999998 0.00223099 0.000621101 -0.00223101 0.999998 0.0194076 0.130602 -0.334637
FixedParameters: 0 0 0

#Transform 24
Transform: AffineTransform_float_3_3
Parameters: 1 -9.13172e-05 -0.00109448 9.35952e-05 0.999997 0.00248126 0.00109427 -0.00248074 0.999996 0.0253769 0.138416 -0.368095
FixedParameters: 0 0 0

#Transform 25
Transform: AffineTransform_float_3_3
Parameters: 0.999999 3.78319e-05 -0.000788539 -3.57817e-05 0.999997 0.00271503 0.000788599 -0.00271497 0.999996 0.0222303 0.145577 -0.368983
FixedParameters: 0 0 0

#Transform 26
Transform: AffineTransform_float_3_3
Parameters: 0.999999 0.000322541 -0.00118413 -0.000319752 0.999996 0.00267253 0.00118518 -0.00267247 0.999996 0.0121442 0.138585 -0.38788
FixedParameters: 0 0 0

#Transform 27
Transform: AffineTransform_float_3_3
Parameters: 1 0.000195 -0.00115971 -0.000191467 0.999997 0.00265422 0.00115967 -0.00265378 0.999996 0.0151233 0.151797 -0.359456
FixedParameters: 0 0 0

#Transform 28
Transform: AffineTransform_float_3_3
Parameters: 1 2.32809e-06 -0.00107094 1.57803e-07 0.999997 0.002632 0.0010712 -0.002632 0.999996 0.0173579 0.156998 -0.350746
FixedParameters: 0 0 0

#Transform 29
Transform: AffineTransform_float_3_3
Parameters: 1 0.000162889 -0.000620829 -0.00016049 0.999995 0.00298746 0.000621265 -0.00298654 0.999996 0.0160076 0.157378 -0.385582
FixedParameters: 0 0 0

#Transform 30
Transform: AffineTransform_float_3_3
Parameters: 1 -2.32003e-05 -0.00108478 2.75832e-05 0.999994 0.00347333 0.00108485 -0.00347267 0.999994 0.0122603 0.18089 -0.384211
FixedParameters: 0 0 0

#Transform 31
Transform: AffineTransform_float_3_3
Parameters: 1 0.000144207 -0.00114773 -0.000140414 0.999995 0.00319568 0.00114797 -0.00319532 0.999995 0.0195864 0.180735 -0.376875
FixedParameters: 0 0 0

#Transform 32
Transform: AffineTransform_float_3_3
Parameters: 1 0.000181847 -0.00105832 -0.000178574 0.999994 0.0032197 0.00105881 -0.0032193 0.999995 0.0215106 0.178857 -0.383072
FixedParameters: 0 0 0

#Transform 33
Transform: AffineTransform_float_3_3
Parameters: 1 0.00014189 -0.00115414 -0.000137259 0.999993 0.00354067 0.00115446 -0.00354033 0.999993 0.0160876 0.187088 -0.396603
FixedParameters: 0 0 0

#Transform 34
Transform: AffineTransform_float_3_3
Parameters: 1 0.000139487 -0.00115968 -0.000134974 0.999994 0.00347352 0.00115996 -0.00347248 0.999993 0.0313229 0.193345 -0.369365
FixedParameters: 0 0 0

#Transform 35
Transform: AffineTransform_float_3_3
Parameters: 1 -0.000282894 -0.000966938 0.000286716 0.999994 0.00340572 0.00096617 -0.00340627 0.999993 0.0310189 0.190269 -0.393797
FixedParameters: 0 0 0

#Transform 36
Transform: AffineTransform_float_3_3
Parameters: 0.999999 -9.50923e-05 -0.000849659 9.7032e-05 0.999995 0.00299728 0.000849335 -0.00299672 0.999995 0.026924 0.177139 -0.377711
FixedParameters: 0 0 0

#Transform 37
Transform: AffineTransform_float_3_3
Parameters: 0.999999 -0.000236527 -0.000834632 0.000238406 0.999996 0.0027798 0.000834484 -0.0027802 0.999996 0.0304599 0.188766 -0.368425
FixedParameters: 0 0 0

#Transform 38
Transform: AffineTransform_float_3_3
Parameters: 1 -0.000126494 -0.000573863 0.000128206 0.999995 0.00309493 0.000573856 -0.00309507 0.999995 0.0255124 0.186792 -0.345847
FixedParameters: 0 0 0

#Transform 39
Transform: AffineTransform_float_3_3
Parameters: 1 -0.000336461 -0.000485554 0.000337987 0.999994 0.00347284 0.000483993 -0.00347316 0.999994 0.0221699 0.201482 -0.365578
FixedParameters: 0 0 0

#Transform 40
Transform: AffineTransform_float_3_3
Parameters: 0.999999 -0.000356777 -0.00070699 0.000359073 0.999993 0.00358011 0.0007056 -0.00357989 0.999994 0.0318369 0.216019 -0.358662
FixedParameters: 0 0 0

#Transform 41
Transform: AffineTransform_float_3_3
Parameters: 0.999999 -0.000152923 -0.000802443 0.000155736 0.999994 0.00347287 0.000802543 -0.00347312 0.999993 0.023828 0.217079 -0.342471
FixedParameters: 0 0 0

#Transform 42
Transform: AffineTransform_float_3_3
Parameters: 1 -0.000374695 -0.000880608 0.000377769 0.999995 0.00331567 0.000879285 -0.00331633 0.999994 0.016777 0.211483 -0.331785
FixedParameters: 0 0 0

#Transform 43
Transform: AffineTransform_float_3_3
Parameters: 1 -0.000254537 -0.00106676 0.000257787 0.999995 0.00324909 0.00106666 -0.00324891 0.999994 0.0258205 0.209871 -0.328323
FixedParameters: 0 0 0

#Transform 44
Transform: AffineTransform_float_3_3
Parameters: 1 -0.000424421 -0.000998554 0.000428069 0.999995 0.00321193 0.000996988 -0.00321207 0.999995 0.037077 0.212096 -0.330753
FixedParameters: 0 0 0

#Transform 45
Transform: AffineTransform_float_3_3
Parameters: 1 -0.000227682 -0.000531282 0.000229528 0.999994 0.00347288 0.000530476 -0.00347312 0.999994 0.013879 0.209961 -0.348262
FixedParameters: 0 0 0

#Transform 46
Transform: AffineTransform_float_3_3
Parameters: 0.999999 -0.000343941 -0.000807839 0.000346787 0.999994 0.00347272 0.000806612 -0.00347328 0.999993 0.0211592 0.215963 -0.342796
FixedParameters: 0 0 0

#Transform 47
Transform: AffineTransform_float_3_3
Parameters: 0.999999 -0.000303203 -0.000711065 0.000306785 0.999994 0.00354014 0.000710608 -0.00353986 0.999994 0.0268763 0.218919 -0.370317
FixedParameters: 0 0 0

#Transform 48
Transform: AffineTransform_float_3_3
Parameters: 1 -0.000148402 -0.00056461 0.000150482 0.999994 0.00347291 0.000564354 -0.00347308 0.999994 0.0203795 0.201004 -0.364514
FixedParameters: 0 0 0

#Transform 49
Transform: AffineTransform_float_3_3
Parameters: 0.999999 -0.00027634 -0.000690899 0.000279295 0.999994 0.00347381 0.00068975 -0.00347419 0.999993 0.0202546 0.215199 -0.36427
FixedParameters: 0 0 0

#Transform 50
Transform: AffineTransform_float_3_3
Parameters: 1 -0.000231522 -0.000432039 0.000233992 0.999994 0.0034729 0.000431734 -0.0034731 0.999994 0.0194115 0.209706 -0.343302
FixedParameters: 0 0 0

#Transform 51
Transform: AffineTransform_float_3_3
Parameters: 1 -0.000328997 -0.000488714 0.000330722 0.999994 0.00365484 0.000487084 -0.00365516 0.999993 0.0204347 0.220873 -0.358597
FixedParameters: 0 0 0

#Transform 52
Transform: AffineTransform_float_3_3
Parameters: 1 -0.000298755 -0.000501389 0.000300212 0.999994 0.00329321 0.000500198 -0.00329279 0.999995 0.023568 0.208987 -0.390004
FixedParameters: 0 0 0

#Transform 53
Transform: AffineTransform_float_3_3
Parameters: 1 -0.000447251 -0.000927126 0.000450906 0.999994 0.00346395 0.000925187 -0.00346406 0.999994 0.0159488 0.210907 -0.364981
FixedParameters: 0 0 0

#Transform 54
Transform: AffineTransform_float_3_3
Parameters: 1 -0.00050214 -0.00107544 0.000505681 0.999994 0.00336046 0.00107361 -0.00336154 0.999994 0.0223605 0.220943 -0.335384
FixedParameters: 0 0 0

#Transform 55
Transform: AffineTransform_float_3_3
Parameters: 1 -0.000296792 -0.000587945 0.000299474 0.999992 0.00385118 0.00058643 -0.00385081 0.999993 0.0194166 0.223426 -0.362777
FixedParameters: 0 0 0

#Transform 56
Transform: AffineTransform_float_3_3
Parameters: 0.999999 -0.00070973 -0.000328781 0.000711109 0.999993 0.00372277 0.000326113 -0.00372323 0.999993 0.0161436 0.223922 -0.348032
FixedParameters: 0 0 0

#Transform 57
Transform: AffineTransform_float_3_3
Parameters: 1 -0.000715999 -0.00076978 0.000718855 0.999993 0.00374381 0.000767812 -0.00374419 0.999993 0.0171003 0.226191 -0.361849
FixedParameters: 0 0 0

#Transform 58
Transform: AffineTransform_float_3_3
Parameters: 0.999999 -0.000465516 -0.000754612 0.000468501 0.999992 0.00381301 0.000752223 -0.00381299 0.999993 0.0291444 0.23255 -0.348038
FixedParameters: 0 0 0

#Transform 59
Transform: AffineTransform_float_3_3
Parameters: 1 -0.000537343 -0.000401182 0.000538836 0.999993 0.00367879 0.000398925 -0.00367922 0.999993 0.0175332 0.23082 -0.367917
FixedParameters: 0 0 0

#Transform 60
Transform: AffineTransform_float_3_3
Parameters: 1 -0.000479327 -0.000425511 0.00048087 0.999994 0.00352464 0.000423829 -0.00352435 0.999993 0.00351227 0.222037 -0.334196
FixedParameters: 0 0 0

#Transform 61
Transform: AffineTransform_float_3_3
Parameters: 1 -0.000607253 -0.000898811 0.000610308 0.999996 0.00302045 0.000897226 -0.00302155 0.999995 0.0183641 0.212379 -0.330432
FixedParameters: 0 0 0

#Transform 62
Transform: AffineTransform_float_3_3
Parameters: 1 -0.000116901 -0.000577818 0.000119389 0.999993 0.00374693 0.000577714 -0.00374707 0.999993 0.00593971 0.224806 -0.370291
FixedParameters: 0 0 0

#Transform 63
Transform: AffineTransform_float_3_3
Parameters: 1 -0.000159151 -0.000560049 0.000161824 0.999992 0.00403191 0.000559536 -0.00403209 0.999991 0.0064657 0.232007 -0.401189
FixedParameters: 0 0 0

#Transform 64
Transform: AffineTransform_float_3_3
Parameters: 1 -0.000137127 -0.000569312 0.000139665 0.999992 0.00384728 0.000569029 -0.00384672 0.999993 -0.00125416 0.239216 -0.366747
FixedParameters: 0 0 0

#Transform 65
Transform: AffineTransform_float_3_3
Parameters: 1 -0.000202593 -0.00054182 0.000204909 0.999992 0.00383925 0.000541037 -0.00383875 0.999993 0.00157347 0.234958 -0.376408
FixedParameters: 0 0 0

#Transform 66
Transform: AffineTransform_float_3_3
Parameters: 1 -0.000323187 -0.000491221 0.000325486 0.999991 0.00422184 0.000489264 -0.00422216 0.999991 0.00693981 0.239426 -0.364472
FixedParameters: 0 0 0

#Transform 67
Transform: AffineTransform_float_3_3
Parameters: 1 -0.000502153 -0.00041609 0.000503149 0.999992 0.00405564 0.000414106 -0.00405536 0.999991 0.00203804 0.228423 -0.399609
FixedParameters: 0 0 0

#Transform 68
Transform: AffineTransform_float_3_3
Parameters: 1 -0.000528407 -0.000898442 0.000531063 0.999993 0.00353188 0.000896263 -0.00353212 0.999994 0.0219597 0.236311 -0.357037
FixedParameters: 0 0 0

#Transform 69
Transform: AffineTransform_float_3_3
Parameters: 0.999999 -0.000562925 -0.000889486 0.000566726 0.999991 0.00421386 0.000886288 -0.00421414 0.999991 0.0203273 0.250279 -0.366659
FixedParameters: 0 0 0

#Transform 70
Transform: AffineTransform_float_3_3
Parameters: 0.999999 -0.000319072 -0.000854055 0.000322885 0.999991 0.00439073 0.000852799 -0.00439128 0.99999 0.0019037 0.251877 -0.375729
FixedParameters: 0 0 0

#Transform 71
Transform: AffineTransform_float_3_3
Parameters: 1 -0.00061294 -0.000908696 0.0006169 0.999989 0.0045028 0.000906032 -0.0045032 0.99999 0.00740663 0.250615 -0.385785
FixedParameters: 0 0 0

#Transform 72
Transform: AffineTransform_float_3_3
Parameters: 1 -0.000454569 -0.000972906 0.000458503 0.999991 0.00439156 0.000970849 -0.00439244 0.99999 0.0169065 0.243683 -0.396258
FixedParameters: 0 0 0

#Transform 73
Transform: AffineTransform_float_3_3
Parameters: 1 -0.000367098 -0.000322113 0.000368492 0.99999 0.00442588 0.000320559 -0.00442612 0.99999 0.00749482 0.241765 -0.404894
FixedParameters: 0 0 0

#Transform 74
Transform: AffineTransform_float_3_3
Parameters: 0.999999 -0.000513565 -0.000671693 0.000516359 0.999989 0.00453701 0.000669504 -0.00453699 0.99999 0.0137606 0.262212 -0.382856
FixedParameters: 0 0 0

#Transform 75
Transform: AffineTransform_float_3_3
Parameters: 1 -0.000689696 -0.000687767 0.000692286 0.999991 0.00428673 0.000684327 -0.00428627 0.999991 0.0379117 0.262096 -0.397046
FixedParameters: 0 0 0

#Transform 76
Transform: AffineTransform_float_3_3
Parameters: 0.999999 -0.000986614 -0.000749884 0.000989895 0.999989 0.00448747 0.000745729 -0.00448753 0.99999 0.046848 0.286077 -0.396642
FixedParameters: 0 0 0

#Transform 77
Transform: AffineTransform_float_3_3
Parameters: 1 -0.0007404 -0.000808539 0.000744346 0.999991 0.00424161 0.000805645 -0.00424139 0.999991 0.0388125 0.265359 -0.349628
FixedParameters: 0 0 0

#Transform 78
Transform: AffineTransform_float_3_3
Parameters: 0.999999 -0.000750101 -0.000780737 0.000753353 0.999989 0.00453862 0.000777708 -0.00453838 0.999989 0.0314739 0.267076 -0.378771
FixedParameters: 0 0 0

#Transform 79
Transform: AffineTransform_float_3_3
Parameters: 0.999999 -0.000474595 -0.000599076 0.00047744 0.99999 0.00436007 0.000597017 -0.00435992 0.99999 0.0232624 0.258052 -0.365917
FixedParameters: 0 0 0

#Transform 80
Transform: AffineTransform_float_3_3
Parameters: 0.999999 -0.000611216 -0.000718618 0.000614951 0.999989 0.00462356 0.000716352 -0.00462444 0.999989 0.0265998 0.279543 -0.385657
FixedParameters: 0 0 0

#Transform 81
Transform: AffineTransform_float_3_3
Parameters: 1 -0.000559888 -0.000961333 0.000564803 0.999988 0.00475282 0.000958861 -0.00475318 0.999988 0.0263725 0.284125 -0.384587
FixedParameters: 0 0 0

#Transform 82
Transform: AffineTransform_float_3_3
Parameters: 0.999999 -0.000562035 -0.000743563 0.000565608 0.999989 0.00462358 0.000740832 -0.00462442 0.999989 0.0266153 0.278158 -0.405908
FixedParameters: 0 0 0

#Transform 83
Transform: AffineTransform_float_3_3
Parameters: 0.999999 -0.00101054 -0.000993661 0.00101536 0.999989 0.00462284 0.0009894 -0.00462416 0.999988 0.0206677 0.283562 -0.39949
FixedParameters: 0 0 0

#Transform 84
Transform: AffineTransform_float_3_3
Parameters: 1 -0.000693245 -0.000885915 0.000697605 0.999989 0.00462338 0.000883279 -0.00462462 0.999989 0.0296937 0.27897 -0.362271
FixedParameters: 0 0 0

#Transform 85
Transform: AffineTransform_float_3_3
Parameters: 1 -0.000696769 -0.000809736 0.000700913 0.999987 0.0049278 0.000806642 -0.00492821 0.999988 0.0172409 0.285822 -0.362438
FixedParameters: 0 0 0

#Transform 86
Transform: AffineTransform_float_3_3
Parameters: 0.999999 -0.000594476 -0.000479532 0.000596975 0.999989 0.00468271 0.000476966 -0.00468328 0.999989 0.0154578 0.288376 -0.377603
FixedParameters: 0 0 0

#Transform 87
Transform: AffineTransform_float_3_3
Parameters: 0.999999 -0.00058818 -0.000832412 0.000592423 0.999988 0.00484851 0.000830482 -0.00484949 0.999988 0.0396644 0.287543 -0.371077
FixedParameters: 0 0 0

#Transform 88
Transform: AffineTransform_float_3_3
Parameters: 0.999999 -0.00103041 -0.000687385 0.00103372 0.999987 0.0049165 0.000681952 -0.0049165 0.999988 0.0511835 0.298319 -0.374005
FixedParameters: 0 0 0

#Transform 89
Transform: AffineTransform_float_3_3
Parameters: 1 -0.00100969 -0.000666952 0.00101348 0.999986 0.00513869 0.000662191 -0.00513931 0.999987 0.0244458 0.307512 -0.356847
FixedParameters: 0 0 0

#Transform 90
Transform: AffineTransform_float_3_3
Parameters: 0.999999 -0.00101909 -0.000688889 0.00102284 0.999987 0.00493951 0.000684439 -0.00493949 0.999988 0.0333602 0.303281 -0.362827
FixedParameters: 0 0 0

#Transform 91
Transform: AffineTransform_float_3_3
Parameters: 1 -0.000931259 -0.000479831 0.000934199 0.999985 0.00529655 0.000475195 -0.00529744 0.999986 0.0297826 0.299414 -0.361907
FixedParameters: 0 0 0

#Transform 92
Transform: AffineTransform_float_3_3
Parameters: 1 -0.00102755 -0.000196476 0.00102829 0.999987 0.00500165 0.000191048 -0.00500135 0.999988 0.0248727 0.303547 -0.367208
FixedParameters: 0 0 0

#Transform 93
Transform: AffineTransform_float_3_3
Parameters: 0.999999 -0.00134058 -0.000540276 0.0013433 0.999987 0.00500413 0.000533401 -0.00500487 0.999987 0.0462868 0.319401 -0.333472
FixedParameters: 0 0 0

#Transform 94
Transform: AffineTransform_float_3_3
Parameters: 0.999999 -0.00114149 -0.000507677 0.00114449 0.999986 0.00507127 0.000501329 -0.00507173 0.999987 0.0463781 0.309985 -0.331409
FixedParameters: 0 0 0

#Transform 95
Transform: AffineTransform_float_3_3
Parameters: 1 -0.000962076 -0.000223829 0.000963983 0.999988 0.00493727 0.000218782 -0.00493773 0.999987 0.0271944 0.303842 -0.36377
FixedParameters: 0 0 0

#Transform 96
Transform: AffineTransform_float_3_3
Parameters: 0.999999 -0.00128855 -0.000421091 0.00129098 0.999987 0.00497331 0.000414427 -0.00497369 0.999988 0.0271871 0.307407 -0.339498
FixedParameters: 0 0 0

#Transform 97
Transform: AffineTransform_float_3_3
Parameters: 0.999999 -0.00120618 -0.000493402 0.00120831 0.999987 0.00486325 0.000488216 -0.00486374 0.999988 0.0517329 0.31288 -0.343784
FixedParameters: 0 0 0

#Transform 98
Transform: AffineTransform_float_3_3
Parameters: 0.999999 -0.0013043 -8.03799e-05 0.00130463 0.999987 0.0048029 7.45443e-05 -0.0048031 0.999989 0.0356769 0.306653 -0.362056
FixedParameters: 0 0 0

#Transform 99
Transform: AffineTransform_float_3_3
Parameters: 0.999999 -0.00124243 -0.000580234 0.00124512 0.999987 0.00496428 0.000573518 -0.00496572 0.999988 0.0555373 0.327685 -0.358514
FixedParameters: 0 0 0

#Transform 100
Transform: AffineTransform_float_3_3
Parameters: 0.999999 -0.00114419 -0.000583217 0.00114665 0.999989 0.00473919 0.000577995 -0.00473982 0.999989 0.0474451 0.32057 -0.348535
FixedParameters: 0 0 0

#Transform 101
Transform: AffineTransform_float_3_3
Parameters: 0.999999 -0.00108755 -0.000671042 0.00109067 0.999987 0.00490412 0.000665074 -0.00490488 0.999987 0.0363768 0.311447 -0.344653
FixedParameters: 0 0 0

#Transform 102
Transform: AffineTransform_float_3_3
Parameters: 0.999999 -0.00130135 -0.00055398 0.00130457 0.999989 0.00449013 0.000548444 -0.00449087 0.99999 0.0415515 0.309412 -0.332572
FixedParameters: 0 0 0

#Transform 103
Transform: AffineTransform_float_3_3
Parameters: 0.999999 -0.00148061 -0.000500533 0.00148283 0.999989 0.00450011 0.000494673 -0.00450089 0.99999 0.0596318 0.325236 -0.312902
FixedParameters: 0 0 0

#Transform 104
Transform: AffineTransform_float_3_3
Parameters: 0.999999 -0.00125991 -0.000619825 0.00126295 0.99999 0.00417407 0.000614538 -0.00417493 0.999991 0.048445 0.31517 -0.325165
FixedParameters: 0 0 0

#Transform 105
Transform: AffineTransform_float_3_3
Parameters: 0.999998 -0.00152558 -0.000607196 0.00152812 0.99999 0.00429093 0.000600647 -0.00429208 0.999991 0.0505003 0.3108 -0.310152
FixedParameters: 0 0 0

#Transform 106
Transform: AffineTransform_float_3_3
Parameters: 0.999999 -0.00125419 -0.000880377 0.00125859 0.99999 0.0042341 0.000875372 -0.0042349 0.999991 0.0645455 0.310585 -0.309916
FixedParameters: 0 0 0

#Transform 107
Transform: AffineTransform_float_3_3
Parameters: 0.999998 -0.00192715 -0.000579931 0.00192903 0.999989 0.00440259 0.00057082 -0.00440342 0.999991 0.0643431 0.313858 -0.308075
FixedParameters: 0 0 0

#Transform 108
Transform: AffineTransform_float_3_3
Parameters: 0.999998 -0.00193085 -0.000789338 0.00193411 0.999989 0.00409854 0.000781362 -0.00409946 0.999992 0.0713366 0.31003 -0.282712
FixedParameters: 0 0 0

#Transform 109
Transform: AffineTransform_float_3_3
Parameters: 0.999997 -0.00194395 -0.000949773 0.00194761 0.99999 0.00410206 0.000942066 -0.00410294 0.999991 0.0674572 0.315388 -0.286293
FixedParameters: 0 0 0

#Transform 110
Transform: AffineTransform_float_3_3
Parameters: 0.999999 -0.00159467 -0.000970664 0.00159792 0.99999 0.00420251 0.000963662 -0.00420349 0.999991 0.0493983 0.301146 -0.311918
FixedParameters: 0 0 0

#Transform 111
Transform: AffineTransform_float_3_3
Parameters: 0.999998 -0.0019256 -0.000768538 0.00192848 0.99999 0.00395622 0.000761155 -0.00395778 0.999992 0.0467906 0.305931 -0.291567
FixedParameters: 0 0 0

#Transform 112
Transform: AffineTransform_float_3_3
Parameters: 0.999998 -0.00191424 -0.000742165 0.00191718 0.99999 0.00414728 0.00073414 -0.00414872 0.999992 0.0620341 0.306022 -0.270774
FixedParameters: 0 0 0

#Transform 113
Transform: AffineTransform_float_3_3
Parameters: 0.999997 -0.00209948 -0.00047035 0.00210096 0.999989 0.00416235 0.000462571 -0.00416364 0.999991 0.0518519 0.302655 -0.28928
FixedParameters: 0 0 0

#Transform 114
Transform: AffineTransform_float_3_3
Parameters: 0.999998 -0.0022325 -0.000690378 0.00223494 0.99999 0.00380465 0.000682165 -0.00380635 0.999992 0.0274322 0.304528 -0.271852
FixedParameters: 0 0 0

#Transform 115
Transform: AffineTransform_float_3_3
Parameters: 0.999997 -0.00227118 -0.000640587 0.00227329 0.99999 0.00384325 0.000631906 -0.00384475 0.999993 0.0337609 0.294321 -0.251535
FixedParameters: 0 0 0

#Transform 116
Transform: AffineTransform_float_3_3
Parameters: 0.999998 -0.00224511 -0.000344872 0.00224652 0.999992 0.00345857 0.000337342 -0.00345943 0.999994 0.0292766 0.291265 -0.252945
FixedParameters: 0 0 0

#Transform 117
Transform: AffineTransform_float_3_3
Parameters: 0.999998 -0.00199966 -0.000327424 0.00200126 0.99999 0.00392269 0.000319735 -0.00392331 0.999992 0.0215688 0.293344 -0.252895
FixedParameters: 0 0 0

#Transform 118
Transform: AffineTransform_float_3_3
Parameters: 0.999998 -0.002037 -0.000305187 0.0020384 0.99999 0.00389372 0.000297324 -0.00389428 0.999992 0.0181765 0.280942 -0.248282
FixedParameters: 0 0 0

#Transform 119
Transform: AffineTransform_float_3_3
Parameters: 0.999997 -0.00218083 -0.000190631 0.00218174 0.99999 0.00392557 0.00018243 -0.00392643 0.999992 0.046631 0.30023 -0.241207
FixedParameters: 0 0 0

#Transform 120
Transform: AffineTransform_float_3_3
Parameters: 0.999997 -0.00241703 -0.000298769 0.00241921 0.999989 0.00399247 0.000289308 -0.00399253 0.999992 0.0284434 0.306898 -0.256083
FixedParameters: 0 0 0

#Transform 121
Transform: AffineTransform_float_3_3
Parameters: 0.999997 -0.00236382 -0.000359126 0.00236538 0.999991 0.00353049 0.000350434 -0.0035315 0.999994 0.0267108 0.294899 -0.230619
FixedParameters: 0 0 0

#Transform 122
Transform: AffineTransform_float_3_3
Parameters: 0.999997 -0.00218816 -0.000338476 0.00218954 0.999992 0.0034766 0.000331261 -0.0034774 0.999994 0.0294722 0.296159 -0.263056
FixedParameters: 0 0 0

#Transform 123
Transform: AffineTransform_float_3_3
Parameters: 0.999997 -0.00214584 -0.000204899 0.0021473 0.999991 0.00371954 0.000196544 -0.00372045 0.999993 0.0139691 0.299002 -0.268988
FixedParameters: 0 0 0

#Transform 124
Transform: AffineTransform_float_3_3
Parameters: 0.999998 -0.00210249 -0.000223246 0.00210321 0.999991 0.00378788 0.000215322 -0.00378813 0.999993 0.0220781 0.303478 -0.27686
FixedParameters: 0 0 0

#Transform 125
Transform: AffineTransform_float_3_3
Parameters: 0.999996 -0.00249235 -0.000583429 0.00249528 0.999989 0.00381174 0.000573731 -0.00381326 0.999992 0.0254922 0.312895 -0.257048
FixedParameters: 0 0 0

#Transform 126
Transform: AffineTransform_float_3_3
Parameters: 0.999998 -0.00212958 -0.000914334 0.00213291 0.999992 0.0035736 0.000906965 -0.0035754 0.999993 0.0513087 0.297777 -0.233566
FixedParameters: 0 0 0

#Transform 127
Transform: AffineTransform_float_3_3
Parameters: 0.999997 -0.00246974 -0.000608588 0.00247215 0.99999 0.00353869 0.000599494 -0.00354031 0.999993 0.0214043 0.299902 -0.236526
FixedParameters: 0 0 0

#Transform 128
Transform: AffineTransform_float_3_3
Parameters: 0.999997 -0.00240688 -0.000437786 0.00240896 0.999989 0.00411593 0.000427277 -0.00411807 0.999991 0.00746751 0.30184 -0.219857
FixedParameters: 0 0 0

#Transform 129
Transform: AffineTransform_float_3_3
Parameters: 0.999996 -0.00246425 -0.000727295 0.00246738 0.999989 0.00419325 0.000717631 -0.00419475 0.999991 0.0265147 0.309372 -0.226254
FixedParameters: 0 0 0

#Transform 130
Transform: AffineTransform_float_3_3
Parameters: 0.999997 -0.0027245 -0.000258277 0.00272576 0.999988 0.00385613 0.000248417 -0.00385687 0.999992 -0.00850434 0.304486 -0.178517
FixedParameters: 0 0 0

#Transform 131
Transform: AffineTransform_float_3_3
Parameters: 0.999998 -0.00229252 -0.000148742 0.00229304 0.999991 0.00373685 0.000140535 -0.00373615 0.999993 0.00681745 0.296441 -0.169669
FixedParameters: 0 0 0

#Transform 132
Transform: AffineTransform_float_3_3
Parameters: 0.999998 -0.00224407 -0.000108803 0.00224434 0.99999 0.00394174 0.000100037 -0.00394226 0.999992 0.0265944 0.302712 -0.220849
FixedParameters: 0 0 0

#Transform 133
Transform: AffineTransform_float_3_3
Parameters: 0.999996 -0.00260836 7.21844e-05 0.00260757 0.999989 0.00399866 -8.31929e-05 -0.00399833 0.999991 0.0182486 0.306829 -0.237122
FixedParameters: 0 0 0

#Transform 134
Transform: AffineTransform_float_3_3
Parameters: 0.999997 -0.0023914 -0.000252864 0.00239277 0.99999 0.00387538 0.000243248 -0.00387662 0.999993 0.0318593 0.308048 -0.225624
FixedParameters: 0 0 0

#Transform 135
Transform: AffineTransform_float_3_3
Parameters: 0.999998 -0.00227723 -4.77855e-05 0.00227792 0.99999 0.00373687 3.92991e-05 -0.00373712 0.999993 0.0128896 0.307964 -0.210449
FixedParameters: 0 0 0

#Transform 136
Transform: AffineTransform_float_3_3
Parameters: 0.999997 -0.00237105 -0.000174496 0.00237216 0.999992 0.00333957 0.000166269 -0.00334043 0.999994 -0.00569165 0.295298 -0.201684
FixedParameters: 0 0 0

#Transform 137
Transform: AffineTransform_float_3_3
Parameters: 0.999998 -0.00225758 4.74442e-05 0.002257 0.999989 0.00401909 -5.57408e-05 -0.00401891 0.999991 0.0133918 0.300673 -0.209189
FixedParameters: 0 0 0

#Transform 138
Transform: AffineTransform_float_3_3
Parameters: 0.999998 -0.00193307 0.000228634 0.0019324 0.99999 0.00419858 -0.000236718 -0.00419842 0.999991 0.00675505 0.307515 -0.209325
FixedParameters: 0 0 0

#Transform 139
Transform: AffineTransform_float_3_3
Parameters: 0.999998 -0.00221776 -0.000228885 0.00221848 0.999991 0.00370348 0.00022046 -0.00370452 0.999993 -0.0183898 0.309384 -0.215739
FixedParameters: 0 0 0

#Transform 140
Transform: AffineTransform_float_3_3
Parameters: 0.999997 -0.0021966 -0.000115185 0.00219697 0.999989 0.00419773 0.000105668 -0.00419827 0.999991 0.00974316 0.314237 -0.214578
FixedParameters: 0 0 0

#Transform 141
Transform: AffineTransform_float_3_3
Parameters: 0.999998 -0.00196062 -0.000199253 0.00196136 0.999989 0.00433111 0.000190272 -0.00433189 0.999991 0.0154344 0.309017 -0.224417
FixedParameters: 0 0 0

#Transform 142
Transform: AffineTransform_float_3_3
Parameters: 0.999998 -0.00228169 0.000339219 0.00227982 0.999983 0.00549456 -0.000352064 -0.00549444 0.999985 0.0119259 0.348469 -0.214967
FixedParameters: 0 0 0

#Transform 143
Transform: AffineTransform_float_3_3
Parameters: 0.999998 -0.00223431 -0.00014791 0.00223506 0.999985 0.00507966 0.000136364 -0.00508034 0.999987 0.00348128 0.350647 -0.220773
FixedParameters: 0 0 0

#Transform 144
Transform: AffineTransform_float_3_3
Parameters: 0.999997 -0.0021589 -0.000156195 0.00216019 0.999986 0.00483665 0.000145151 -0.00483735 0.999988 0.034747 0.340732 -0.221645
FixedParameters: 0 0 0

#Transform 145
Transform: AffineTransform_float_3_3
Parameters: 0.999997 -0.00219924 9.63989e-05 0.00219842 0.999984 0.00512456 -0.000108165 -0.00512344 0.999987 0.00712626 0.34042 -0.204361
FixedParameters: 0 0 0

#Transform 146
Transform: AffineTransform_float_3_3
Parameters: 0.999997 -0.0022044 -6.66427e-05 0.00220566 0.999983 0.0053212 5.48651e-05 -0.0053208 0.999986 0.018338 0.36275 -0.215605
FixedParameters: 0 0 0

#Transform 147
Transform: AffineTransform_float_3_3
Parameters: 0.999997 -0.00234289 -0.000239302 0.00234369 0.999984 0.00518743 0.000226537 -0.00518857 0.999987 0.0245103 0.366023 -0.21034
FixedParameters: 0 0 0

#Transform 148
Transform: AffineTransform_float_3_3
Parameters: 0.999996 -0.00260354 3.81981e-06 0.00260313 0.999985 0.00490185 -1.72612e-05 -0.00490115 0.999988 0.00948661 0.346073 -0.233655
FixedParameters: 0 0 0

#Transform 149
Transform: AffineTransform_float_3_3
Parameters: 0.999997 -0.00235054 -8.58529e-05 0.00235063 0.999985 0.00490315 7.39616e-05 -0.00490285 0.999988 0.0347431 0.349547 -0.231555
FixedParameters: 0 0 0

#Transform 150
Transform: AffineTransform_float_3_3
Parameters: 0.999997 -0.00263287 -6.71391e-05 0.00263397 0.999982 0.00522681 5.35294e-05 -0.00522718 0.999986 0.0422715 0.362927 -0.229105
FixedParameters: 0 0 0

#Transform 151
Transform: AffineTransform_float_3_3
Parameters: 0.999996 -0.00260701 -6.1064e-06 0.00260747 0.999981 0.00552498 -8.78362e-06 -0.00552502 0.999985 0.0259602 0.37279 -0.220413
FixedParameters: 0 0 0

#Transform 152
Transform: AffineTransform_float_3_3
Parameters: 0.999997 -0.00232906 -0.000278405 0.00233059 0.999985 0.0050577 0.000267306 -0.0050583 0.999988 0.036783 0.366706 -0.214033
FixedParameters: 0 0 0

#Transform 153
Transform: AffineTransform_float_3_3
Parameters: 0.999998 -0.0022839 -0.000104028 0.00228465 0.999983 0.00540075 9.14321e-05 -0.00540125 0.999985 0.0454207 0.374616 -0.223232
FixedParameters: 0 0 0

#Transform 154
Transform: AffineTransform_float_3_3
Parameters: 0.999997 -0.00267068 -0.000157704 0.00267183 0.999983 0.00528542 0.000143777 -0.00528558 0.999986 0.0165104 0.377993 -0.21405
FixedParameters: 0 0 0

#Transform 155
Transform: AffineTransform_float_3_3
Parameters: 0.999997 -0.00241725 -0.00021953 0.00241838 0.99998 0.00586731 0.000205858 -0.0058677 0.999983 0.0500345 0.394319 -0.209562
FixedParameters: 0 0 0

#Transform 156
Transform: AffineTransform_float_3_3
Parameters: 0.999997 -0.00243078 0.000414184 0.00242842 0.999977 0.00646464 -0.000430615 -0.00646336 0.999979 0.0375372 0.39556 -0.223533
FixedParameters: 0 0 0

#Transform 157
Transform: AffineTransform_float_3_3
Parameters: 0.999996 -0.00258777 3.71121e-05 0.00258789 0.999974 0.0066511 -5.44634e-05 -0.00665091 0.999978 0.0355884 0.399613 -0.217696
FixedParameters: 0 0 0

#Transform 158
Transform: AffineTransform_float_3_3
Parameters: 0.999998 -0.00227646 -0.000154327 0.00227744 0.999975 0.006643 0.000139697 -0.006643 0.999978 0.0441813 0.40462 -0.199004
FixedParameters: 0 0 0

#Transform 159
Transform: AffineTransform_float_3_3
Parameters: 0.999997 -0.00254293 3.28167e-06 0.00254295 0.999972 0.00706865 -2.08505e-05 -0.00706935 0.999975 0.0381437 0.423127 -0.206391
FixedParameters: 0 0 0

#Transform 160
Transform: AffineTransform_float_3_3
Parameters: 0.999996 -0.00274086 -0.000330083 0.00274306 0.999974 0.0065803 0.00031224 -0.0065807 0.999979 0.0124217 0.403228 -0.20782
FixedParameters: 0 0 0

#Transform 161
Transform: AffineTransform_float_3_3
Parameters: 0.999998 -0.00223548 -0.000209111 0.00223636 0.999976 0.00654688 0.000193615 -0.00654711 0.999979 0.0556742 0.413136 -0.210377
FixedParameters: 0 0 0

#Transform 162
Transform: AffineTransform_float_3_3
Parameters: 0.999996 -0.00266037 -0.000139102 0.00266153 0.99997 0.00730912 0.000118975 -0.00730988 0.999973 0.00107549 0.432717 -0.178068
FixedParameters: 0 0 0

#Transform 163
Transform: AffineTransform_float_3_3
Parameters: 0.999995 -0.00312645 -1.33355e-05 0.00312679 0.999966 0.00760331 -1.04409e-05 -0.0076027 0.999971 0.0335522 0.442845 -0.129
FixedParameters: 0 0 0

#Transform 164
Transform: AffineTransform_float_3_3
Parameters: 0.999994 -0.00324859 -0.000661473 0.00325317 0.99997 0.0070164 0.000638415 -0.00701859 0.999975 0.079576 0.448191 -0.137734
FixedParameters: 0 0 0

#Transform 165
Transform: AffineTransform_float_3_3
Parameters: 0.999997 -0.00263713 -0.000615027 0.0026405 0.999977 0.00617758 0.000598293 -0.00617941 0.999981 0.0895089 0.415765 -0.222392
FixedParameters: 0 0 0

#Transform 166
Transform: AffineTransform_float_3_3
Parameters: 0.999995 -0.00307731 -0.000859522 0.00308325 0.999973 0.00662826 0.000839408 -0.00663074 0.999978 0.0689458 0.433476 -0.18958
FixedParameters: 0 0 0

#Transform 167
Transform: AffineTransform_float_3_3
Parameters: 0.999996 -0.00294945 -0.000632173 0.00295296 0.999979 0.00580583 0.000614692 -0.00580817 0.999983 0.0915682 0.40684 -0.204227
FixedParameters: 0 0 0

#Transform 168
Transform: AffineTransform_float_3_3
Parameters: 0.999994 -0.0032465 -0.000297898 0.00324846 0.999973 0.00650822 0.000277022 -0.00650877 0.999978 0.0765924 0.4126 -0.212746
FixedParameters: 0 0 0

#Transform 169
Transform: AffineTransform_float_3_3
Parameters: 0.999995 -0.0033278 -0.000414615 0.00332995 0.999977 0.00582496 0.000395382 -0.00582703 0.999983 0.105398 0.41601 -0.192076
FixedParameters: 0 0 0

#Transform 170
Transform: AffineTransform_float_3_3
Parameters: 0.999995 -0.00308578 -0.000498227 0.00308832 0.999976 0.00615916 0.00048014 -0.00616084 0.999981 0.12636 0.422779 -0.188323
FixedParameters: 0 0 0

#Transform 171
Transform: AffineTransform_float_3_3
Parameters: 0.999992 -0.00380168 -0.000530842 0.00380477 0.999974 0.00608651 0.000507636 -0.00608848 0.999981 0.124634 0.437268 -0.184186
FixedParameters: 0 0 0

#Transform 172
Transform: AffineTransform_float_3_3
Parameters: 0.999994 -0.00344286 -0.000708643 0.00344777 0.999974 0.00639597 0.000685821 -0.00639804 0.99998 0.124149 0.433473 -0.162745
FixedParameters: 0 0 0

#Transform 173
Transform: AffineTransform_float_3_3
Parameters: 0.999994 -0.00345436 -0.000523618 0.00345698 0.999976 0.00594438 0.000502473 -0.00594661 0.999982 0.135098 0.422328 -0.18134
FixedParameters: 0 0 0

#Transform 174
Transform: AffineTransform_float_3_3
Parameters: 0.999993 -0.00365991 -0.000554576 0.00366247 0.999977 0.00555101 0.000533868 -0.00555298 0.999984 0.11433 0.407355 -0.164468
FixedParameters: 0 0 0

#Transform 175
Transform: AffineTransform_float_3_3
Parameters: 0.999993 -0.00373564 -0.000577009 0.00374009 0.999972 0.00645089 0.000552794 -0.00645311 0.999979 0.152805 0.429906 -0.178694
FixedParameters: 0 0 0

#Transform 176
Transform: AffineTransform_float_3_3
Parameters: 0.999993 -0.00348225 -0.000635848 0.0034861 0.999971 0.00672283 0.000611561 -0.00672516 0.999977 0.122073 0.435628 -0.165635
FixedParameters: 0 0 0

#Transform 177
Transform: AffineTransform_float_3_3
Parameters: 0.999994 -0.00361782 -0.000624883 0.00362216 0.999969 0.00704779 0.000599569 -0.00705021 0.999975 0.0908549 0.445356 -0.186651
FixedParameters: 0 0 0

#Transform 178
Transform: AffineTransform_float_3_3
Parameters: 0.999992 -0.00369198 -0.000951506 0.00369911 0.999969 0.00706175 0.000925801 -0.00706526 0.999975 0.103452 0.460504 -0.166228
FixedParameters: 0 0 0

#Transform 179
Transform: AffineTransform_float_3_3
Parameters: 0.999993 -0.0034986 -0.000688058 0.00350208 0.999975 0.00621063 0.000666218 -0.00621336 0.99998 0.133586 0.435894 -0.174198
FixedParameters: 0 0 0
