# transform file /out/sourcedata/freesurfer/sub-v1s10x0050990_ses-1/mri/transforms/cc_up.lta
# created by oesteban on Thu Mar 12 03:07:25 2026

type      = 0 # LINEAR_VOX_TO_VOX
nxforms   = 1
mean      = 130.0000 115.0000 116.0000
sigma     = 10000.0000
1 4 4
9.954553842544556e-01 9.238643199205399e-02 -2.309306338429451e-02 -8.941358566284180e+00 
-9.236158430576324e-02 9.957232475280762e-01 2.142649609595537e-03 4.429353713989258e+01 
2.319225296378136e-02 -2.328306436538696e-10 9.997310042381287e-01 2.398897552490234e+01 
0.000000000000000e+00 0.000000000000000e+00 0.000000000000000e+00 1.000000000000000e+00 
src volume info
valid = 1  # volume info valid
filename = /out/sourcedata/freesurfer/sub-v1s10x0050990_ses-1/mri/norm.mgz
volume = 256 256 256
voxelsize = 1.000000000000000e+00 1.000000000000000e+00 1.000000000000000e+00
xras   = -1.000000000000000e+00 0.000000000000000e+00 0.000000000000000e+00
yras   = 0.000000000000000e+00 0.000000000000000e+00 -1.000000000000000e+00
zras   = 0.000000000000000e+00 1.000000000000000e+00 0.000000000000000e+00
cras   = -5.776977539062500e-02 2.771072387695312e-01 -1.891571044921875e+00
dst volume info
valid = 1  # volume info valid
filename = /out/sourcedata/freesurfer/sub-v1s10x0050990_ses-1/mri/norm.mgz
volume = 256 256 256
voxelsize = 1.000000000000000e+00 1.000000000000000e+00 1.000000000000000e+00
xras   = -1.000000000000000e+00 0.000000000000000e+00 0.000000000000000e+00
yras   = 0.000000000000000e+00 0.000000000000000e+00 -1.000000000000000e+00
zras   = 0.000000000000000e+00 1.000000000000000e+00 0.000000000000000e+00
cras   = -5.776977539062500e-02 2.771072387695312e-01 -1.891571044921875e+00
