# transform file /out/sourcedata/freesurfer/sub-v1s10x0050978_ses-1/mri/transforms/cc_up.lta
# created by oesteban on Thu Mar 12 02:29:32 2026

type      = 0 # LINEAR_VOX_TO_VOX
nxforms   = 1
mean      = 140.0000 148.0000 117.0000
sigma     = 10000.0000
1 4 4
9.873074293136597e-01 -2.335937507450581e-02 1.570929586887360e-01 -2.412903213500977e+01 
2.306918054819107e-02 9.997270703315735e-01 3.670594654977322e-03 -7.590635299682617e+00 
-1.571358293294907e-01 2.328306158982940e-10 9.875769019126892e-01 4.030669021606445e+01 
0.000000000000000e+00 0.000000000000000e+00 0.000000000000000e+00 1.000000000000000e+00 
src volume info
valid = 1  # volume info valid
filename = /out/sourcedata/freesurfer/sub-v1s10x0050978_ses-1/mri/norm.mgz
volume = 256 256 256
voxelsize = 1.000000000000000e+00 1.000000000000000e+00 1.000000000000000e+00
xras   = -1.000000000000000e+00 0.000000000000000e+00 0.000000000000000e+00
yras   = 0.000000000000000e+00 0.000000000000000e+00 -1.000000000000000e+00
zras   = 0.000000000000000e+00 1.000000000000000e+00 0.000000000000000e+00
cras   = 6.651229858398438e-01 1.000000000000000e+00 1.000000000000000e+00
dst volume info
valid = 1  # volume info valid
filename = /out/sourcedata/freesurfer/sub-v1s10x0050978_ses-1/mri/norm.mgz
volume = 256 256 256
voxelsize = 1.000000000000000e+00 1.000000000000000e+00 1.000000000000000e+00
xras   = -1.000000000000000e+00 0.000000000000000e+00 0.000000000000000e+00
yras   = 0.000000000000000e+00 0.000000000000000e+00 -1.000000000000000e+00
zras   = 0.000000000000000e+00 1.000000000000000e+00 0.000000000000000e+00
cras   = 6.651229858398438e-01 1.000000000000000e+00 1.000000000000000e+00
