# transform file transforms/talairach.lta
# created by oesteban on Thu Mar 12 01:13:12 2026

type      = 0 # LINEAR_VOX_TO_VOX
nxforms   = 1
mean      = 140.0000 148.0000 117.0000
sigma     = 10000.0000
1 4 4
1.011012673377991e+00 -2.082266286015511e-02 1.505806893110275e-01 -2.918931961059570e+01 
-1.752447709441185e-02 1.110397815704346e+00 3.042236268520355e-01 -7.792964935302734e+01 
-1.223651319742203e-01 -2.915434837341309e-01 1.051652431488037e+00 4.814762878417969e+01 
0.000000000000000e+00 0.000000000000000e+00 0.000000000000000e+00 1.000000000000000e+00 
src volume info
valid = 1  # volume info valid
filename = nu.mgz
volume = 256 256 256
voxelsize = 1.000000000000000e+00 1.000000000000000e+00 1.000000000000000e+00
xras   = -1.000000000000000e+00 0.000000000000000e+00 0.000000000000000e+00
yras   = 0.000000000000000e+00 0.000000000000000e+00 -1.000000000000000e+00
zras   = 0.000000000000000e+00 1.000000000000000e+00 0.000000000000000e+00
cras   = 6.651229858398438e-01 1.000000000000000e+00 1.000000000000000e+00
dst volume info
valid = 1  # volume info valid
filename = /opt/freesurfer/average/RB_all_2020-01-02.gca
volume = 256 256 256
voxelsize = 1.000000000000000e+00 1.000000000000000e+00 1.000000000000000e+00
xras   = -1.000000000000000e+00 0.000000000000000e+00 0.000000000000000e+00
yras   = 0.000000000000000e+00 0.000000000000000e+00 -1.000000000000000e+00
zras   = 0.000000000000000e+00 1.000000000000000e+00 0.000000000000000e+00
cras   = 0.000000000000000e+00 0.000000000000000e+00 0.000000000000000e+00
