#Insight Transform File V1.0
#Transform 0
Transform: AffineTransform_float_3_3
Parameters: 1 -5.70876e-05 2.41871e-05 5.70552e-05 1 0.000670001 -2.42636e-05 -0.000669998 1 -0.0720973 -0.127918 -0.341179
FixedParameters: 0 0 0

#Transform 1
Transform: AffineTransform_float_3_3
Parameters: 0.999999 0.000974898 1.63782e-05 -0.000974898 0.999999 -1.57768e-08 -1.63782e-05 -1.61575e-08 1 0.0201563 0.0571027 -0.0155476
FixedParameters: 0 0 0

#Transform 2
Transform: AffineTransform_float_3_3
Parameters: 0.999999 0.000817342 1.35971e-05 -0.000817337 1 -0.000164164 -1.3866e-05 0.000164836 1 0.0176216 0.0962835 -0.0374583
FixedParameters: 0 0 0

#Transform 3
Transform: AffineTransform_float_3_3
Parameters: 0.999999 0.000926065 0.000254217 -0.000925965 0.999999 -0.000197235 -0.000254582 0.000196764 1 0.014517 0.103796 -0.0431038
FixedParameters: 0 0 0

#Transform 4
Transform: AffineTransform_float_3_3
Parameters: 0.999999 0.000650001 0.000371381 -0.000649728 1 -0.000366394 -0.000371858 0.000366605 0.999999 0.00533558 0.118933 -0.0511693
FixedParameters: 0 0 0

#Transform 5
Transform: AffineTransform_float_3_3
Parameters: 1 0.00100254 0.000221418 -0.0010023 1 -0.000550582 -0.00022252 0.000549417 1 0.00869561 0.1219 -0.0526951
FixedParameters: 0 0 0

#Transform 6
Transform: AffineTransform_float_3_3
Parameters: 1 0.00100254 0.00022144 -0.0010023 0.999999 -0.000528374 -0.000222499 0.000528624 0.999999 0.00499461 0.136161 -0.0630365
FixedParameters: 0 0 0

#Transform 7
Transform: AffineTransform_float_3_3
Parameters: 0.999999 0.000900032 -1.98566e-05 -0.00089967 1 -0.000726342 1.94705e-05 0.000725658 1 0.00334834 0.125088 -0.05651
FixedParameters: 0 0 0

#Transform 8
Transform: AffineTransform_float_3_3
Parameters: 1 0.000427111 -0.000331887 -0.000427505 0.999999 -0.00118186 0.000331798 0.00118214 0.999999 0.0117752 0.1374 -0.0532492
FixedParameters: 0 0 0

#Transform 9
Transform: AffineTransform_float_3_3
Parameters: 0.999999 0.000803493 -6.04134e-05 -0.000803596 0.999999 -0.000866311 5.90217e-05 0.000865688 0.999999 0.0107951 0.138505 -0.0605215
FixedParameters: 0 0 0

#Transform 10
Transform: AffineTransform_float_3_3
Parameters: 0.999999 0.000867518 -9.64879e-05 -0.000867323 0.999999 -0.00101792 9.56423e-05 0.00101808 1 0.0117699 0.139311 -0.0690508
FixedParameters: 0 0 0

#Transform 11
Transform: AffineTransform_float_3_3
Parameters: 0.999999 0.000842028 1.95248e-05 -0.000841584 0.999999 -0.00133002 -2.08435e-05 0.00132998 0.999999 0.013876 0.143194 -0.0735488
FixedParameters: 0 0 0

#Transform 12
Transform: AffineTransform_float_3_3
Parameters: 0.999999 0.000809038 -0.000234006 -0.000809365 0.999999 -0.00153917 0.000232435 0.00153883 0.999999 0.0250035 0.162439 -0.0957934
FixedParameters: 0 0 0

#Transform 13
Transform: AffineTransform_float_3_3
Parameters: 0.999999 0.000782913 4.10986e-05 -0.000783293 0.999998 -0.00178903 -4.25893e-05 0.00178897 0.999999 0.0040217 0.141938 -0.103044
FixedParameters: 0 0 0

#Transform 14
Transform: AffineTransform_float_3_3
Parameters: 0.999999 0.000703915 -0.000138605 -0.00070413 1 -0.000776262 0.000137513 0.000775737 1 0.00879586 0.121017 -0.0571802
FixedParameters: 0 0 0

#Transform 15
Transform: AffineTransform_float_3_3
Parameters: 0.999999 0.00128743 0.00064896 -0.001288 0.999999 0.000439372 -0.000647828 -0.000439628 1 0.0621608 0.0546252 0.0772668
FixedParameters: 0 0 0

#Transform 16
Transform: AffineTransform_float_3_3
Parameters: 0.999999 0.000786939 -0.000486824 -0.000787652 0.999996 -0.00288798 0.000484647 0.00288802 0.999996 0.0175407 0.16339 -0.32258
FixedParameters: 0 0 0

#Transform 17
Transform: AffineTransform_float_3_3
Parameters: 0.999999 0.000914483 -0.000379397 -0.000915541 0.999995 -0.00294901 0.000376762 0.00294899 0.999995 0.0208634 0.183462 -0.238936
FixedParameters: 0 0 0

#Transform 18
Transform: AffineTransform_float_3_3
Parameters: 0.999999 0.000722267 9.66204e-05 -0.000722219 0.999996 -0.00294943 -9.9569e-05 0.00294857 0.999995 0.0166118 0.186986 -0.169298
FixedParameters: 0 0 0

#Transform 19
Transform: AffineTransform_float_3_3
Parameters: 1 0.00107724 -0.000260875 -0.00107852 0.999995 -0.00294908 0.00025767 0.00294892 0.999995 0.0342369 0.186095 -0.161526
FixedParameters: 0 0 0

#Transform 20
Transform: AffineTransform_float_3_3
Parameters: 1 0.00104883 -0.000408609 -0.00104967 0.999995 -0.00294893 0.000406103 0.00294907 0.999995 0.0314726 0.184099 -0.171046
FixedParameters: 0 0 0

#Transform 21
Transform: AffineTransform_float_3_3
Parameters: 1 0.00111628 0.000100228 -0.0011155 0.999996 -0.00260527 -0.000102891 0.00260574 0.999997 0.0254233 0.180358 -0.163369
FixedParameters: 0 0 0

#Transform 22
Transform: AffineTransform_float_3_3
Parameters: 0.999999 0.000966717 -7.43455e-05 -0.000966896 0.999995 -0.00294929 7.17955e-05 0.00294871 0.999995 0.0260422 0.175258 -0.156907
FixedParameters: 0 0 0

#Transform 23
Transform: AffineTransform_float_3_3
Parameters: 1 0.00116781 7.76457e-05 -0.0011676 0.999994 -0.00309109 -8.0401e-05 0.00309091 0.999995 0.0309214 0.187399 -0.171763
FixedParameters: 0 0 0

#Transform 24
Transform: AffineTransform_float_3_3
Parameters: 0.999999 0.000886963 0.000349114 -0.000885881 0.999995 -0.00305531 -0.000351908 0.00305469 0.999996 0.0167329 0.183732 -0.161175
FixedParameters: 0 0 0

#Transform 25
Transform: AffineTransform_float_3_3
Parameters: 0.999999 0.000955749 0.000285694 -0.000954489 0.999994 -0.00335827 -0.000288566 0.00335773 0.999995 0.0278713 0.196392 -0.160913
FixedParameters: 0 0 0

#Transform 26
Transform: AffineTransform_float_3_3
Parameters: 0.999999 0.00095459 0.000168641 -0.000954095 0.999993 -0.00342016 -0.000171626 0.00341984 0.999994 0.0411457 0.177074 -0.167843
FixedParameters: 0 0 0

#Transform 27
Transform: AffineTransform_float_3_3
Parameters: 1 0.000994469 0.000599972 -0.000992636 0.999994 -0.00316875 -0.000603255 0.00316825 0.999994 0.0177518 0.175273 -0.152852
FixedParameters: 0 0 0

#Transform 28
Transform: AffineTransform_float_3_3
Parameters: 0.999999 0.000909397 0.00012943 -0.000908303 0.999994 -0.00321927 -0.000132129 0.00321973 0.999994 0.0308631 0.182764 -0.140707
FixedParameters: 0 0 0

#Transform 29
Transform: AffineTransform_float_3_3
Parameters: 1 0.000818085 0.000450622 -0.000817103 0.999996 -0.00269052 -0.000453319 0.00269048 0.999996 0.0340485 0.168693 -0.141389
FixedParameters: 0 0 0

#Transform 30
Transform: AffineTransform_float_3_3
Parameters: 0.999999 0.000912464 0.00038815 -0.000911054 0.999994 -0.00316835 -0.000391305 0.00316764 0.999995 0.0147675 0.159854 -0.159842
FixedParameters: 0 0 0

#Transform 31
Transform: AffineTransform_float_3_3
Parameters: 0.999999 0.000755572 0.000449357 -0.000753831 0.999992 -0.0041255 -0.000452571 0.00412551 0.999991 0.0344765 0.202134 -0.169614
FixedParameters: 0 0 0

#Transform 32
Transform: AffineTransform_float_3_3
Parameters: 0.999999 0.000426955 0.000586071 -0.000424314 0.999991 -0.00427025 -0.000587613 0.00426975 0.99999 0.0209997 0.149025 0.00357694
FixedParameters: 0 0 0

#Transform 33
Transform: AffineTransform_float_3_3
Parameters: 1 0.000611505 0.000114311 -0.000611745 0.999993 -0.00355907 -0.000116042 0.00355893 0.999993 0.0503598 0.162262 -0.0781726
FixedParameters: 0 0 0

#Transform 34
Transform: AffineTransform_float_3_3
Parameters: 1 0.000966029 0.00051312 -0.000964304 0.999994 -0.00322129 -0.000515404 0.00322171 0.999995 0.0464279 0.177357 -0.155076
FixedParameters: 0 0 0

#Transform 35
Transform: AffineTransform_float_3_3
Parameters: 0.999999 0.000434902 0.000575143 -0.00043299 0.999993 -0.00371925 -0.000576278 0.00371875 0.999993 0.020027 0.174554 -0.133039
FixedParameters: 0 0 0

#Transform 36
Transform: AffineTransform_float_3_3
Parameters: 0.999999 0.000700727 0.000416729 -0.000700312 0.999994 -0.00333229 -0.000419304 0.00333171 0.999995 0.0326166 0.175462 -0.136169
FixedParameters: 0 0 0

#Transform 37
Transform: AffineTransform_float_3_3
Parameters: 0.999999 0.000720603 0.000492873 -0.000718909 0.999993 -0.00371935 -0.000495213 0.00371864 0.999993 0.0412881 0.179725 -0.147938
FixedParameters: 0 0 0

#Transform 38
Transform: AffineTransform_float_3_3
Parameters: 0.999999 0.000525936 0.000477214 -0.000523437 0.999992 -0.00412625 -0.000479842 0.00412575 0.999992 0.0303603 0.195433 -0.159197
FixedParameters: 0 0 0

#Transform 39
Transform: AffineTransform_float_3_3
Parameters: 0.999999 0.000634784 0.000374142 -0.000633535 0.999994 -0.00359324 -0.000376998 0.00359276 0.999994 0.0367199 0.168611 -0.1549
FixedParameters: 0 0 0

#Transform 40
Transform: AffineTransform_float_3_3
Parameters: 0.999999 0.000616297 0.000420262 -0.00061586 0.999995 -0.00333326 -0.000422276 0.00333274 0.999995 0.0332489 0.172518 -0.128772
FixedParameters: 0 0 0

#Transform 41
Transform: AffineTransform_float_3_3
Parameters: 0.999999 0.000445427 0.00057384 -0.000443219 0.999992 -0.00398525 -0.000575289 0.00398474 0.999992 0.0260885 0.190807 -0.137704
FixedParameters: 0 0 0

#Transform 42
Transform: AffineTransform_float_3_3
Parameters: 1 0.000491996 0.000479931 -0.000490791 0.999993 -0.00371924 -0.000481494 0.00371876 0.999993 0.0374134 0.172488 -0.154316
FixedParameters: 0 0 0

#Transform 43
Transform: AffineTransform_float_3_3
Parameters: 0.999999 0.000457138 0.000679819 -0.000454533 0.999992 -0.00394031 -0.000682239 0.00393969 0.999992 0.0246627 0.169704 -0.149185
FixedParameters: 0 0 0

#Transform 44
Transform: AffineTransform_float_3_3
Parameters: 1 0.000416711 0.00103015 -0.000412835 0.999993 -0.00366643 -0.00103162 0.00366557 0.999992 0.0221488 0.188604 -0.153615
FixedParameters: 0 0 0

#Transform 45
Transform: AffineTransform_float_3_3
Parameters: 0.999999 0.000437103 0.000585049 -0.000434922 0.999993 -0.00388526 -0.000586345 0.00388475 0.999993 0.0592437 0.201205 -0.157089
FixedParameters: 0 0 0

#Transform 46
Transform: AffineTransform_float_3_3
Parameters: 0.999999 0.000562767 0.00074665 -0.000560641 0.999994 -0.00362457 -0.000748238 0.00362443 0.999993 0.0287242 0.185412 -0.14246
FixedParameters: 0 0 0

#Transform 47
Transform: AffineTransform_float_3_3
Parameters: 1 0.000114642 0.000680931 -0.000111866 0.999993 -0.00367508 -0.000681902 0.00367492 0.999993 0.0119184 0.182339 -0.135232
FixedParameters: 0 0 0

#Transform 48
Transform: AffineTransform_float_3_3
Parameters: 0.999999 0.000383765 0.00089521 -0.000380142 0.999993 -0.00356298 -0.000896759 0.00356302 0.999993 0.0207082 0.178626 -0.152869
FixedParameters: 0 0 0

#Transform 49
Transform: AffineTransform_float_3_3
Parameters: 0.999999 0.000561707 0.000742583 -0.000558573 0.99999 -0.00432006 -0.00074494 0.00431994 0.999991 0.028958 0.197708 -0.167874
FixedParameters: 0 0 0

#Transform 50
Transform: AffineTransform_float_3_3
Parameters: 1 0.000291357 0.00118081 -0.000286873 0.999992 -0.00401098 -0.0011821 0.00401102 0.999991 0.0173199 0.202529 -0.138312
FixedParameters: 0 0 0

#Transform 51
Transform: AffineTransform_float_3_3
Parameters: 0.999999 0.000148604 0.000849142 -0.000145677 0.999993 -0.00357776 -0.000849943 0.00357823 0.999993 0.0286147 0.192461 -0.121859
FixedParameters: 0 0 0

#Transform 52
Transform: AffineTransform_float_3_3
Parameters: 0.999999 0.000180131 0.000689792 -0.000178805 0.999994 -0.00324412 -0.000690705 0.00324387 0.999994 0.0403561 0.177825 -0.133953
FixedParameters: 0 0 0

#Transform 53
Transform: AffineTransform_float_3_3
Parameters: 0.999999 0.000283319 0.000805533 -0.000280701 0.999993 -0.00357787 -0.000807299 0.00357813 0.999993 0.0424611 0.185898 -0.120909
FixedParameters: 0 0 0

#Transform 54
Transform: AffineTransform_float_3_3
Parameters: 1 0.000196831 0.000603266 -0.000194345 0.999993 -0.00390512 -0.000604933 0.00390488 0.999992 0.0491049 0.191513 -0.14062
FixedParameters: 0 0 0

#Transform 55
Transform: AffineTransform_float_3_3
Parameters: 1 0.000157907 0.000513294 -0.000155377 0.999995 -0.00335908 -0.000513955 0.00335892 0.999994 0.0403232 0.182538 -0.151129
FixedParameters: 0 0 0

#Transform 56
Transform: AffineTransform_float_3_3
Parameters: 1 0.000125328 0.00103544 -0.000121576 0.999993 -0.00377777 -0.00103573 0.00377823 0.999993 0.0385238 0.191781 -0.143833
FixedParameters: 0 0 0

#Transform 57
Transform: AffineTransform_float_3_3
Parameters: 0.999999 0.000192419 0.000816257 -0.000188888 0.999992 -0.0038538 -0.000816554 0.0038542 0.999992 0.0558991 0.19624 -0.112312
FixedParameters: 0 0 0

#Transform 58
Transform: AffineTransform_float_3_3
Parameters: 1 0.000194226 0.000620678 -0.000192638 0.999994 -0.00350312 -0.000620861 0.00350288 0.999993 0.0562965 0.185625 -0.144069
FixedParameters: 0 0 0

#Transform 59
Transform: AffineTransform_float_3_3
Parameters: 0.999999 0.000188482 0.000926722 -0.000185752 0.999994 -0.00366917 -0.000927452 0.00366883 0.999993 0.0396505 0.169488 -0.102732
FixedParameters: 0 0 0

#Transform 60
Transform: AffineTransform_float_3_3
Parameters: 1 0.000207275 0.00102418 -0.000203713 0.999993 -0.0035367 -0.00102407 0.0035363 0.999994 0.0422267 0.194652 -0.0995544
FixedParameters: 0 0 0

#Transform 61
Transform: AffineTransform_float_3_3
Parameters: 1 9.60731e-05 0.000631105 -9.45413e-05 0.999995 -0.0029797 -0.000631812 0.0029803 0.999996 0.0542337 0.185557 -0.126183
FixedParameters: 0 0 0

#Transform 62
Transform: AffineTransform_float_3_3
Parameters: 1 6.77595e-05 0.000536665 -6.5213e-05 0.999995 -0.00323003 -0.000536704 0.00322996 0.999994 0.0527725 0.201385 -0.1304
FixedParameters: 0 0 0

#Transform 63
Transform: AffineTransform_float_3_3
Parameters: 0.999999 3.17006e-05 0.000736095 -2.93779e-05 0.999993 -0.00371902 -0.000736071 0.00371898 0.999993 0.0493151 0.207622 -0.134678
FixedParameters: 0 0 0

#Transform 64
Transform: AffineTransform_float_3_3
Parameters: 0.999999 -7.66566e-05 0.00074317 7.91013e-05 0.999995 -0.00314694 -0.000742818 0.00314706 0.999995 0.0436383 0.200333 -0.120552
FixedParameters: 0 0 0

#Transform 65
Transform: AffineTransform_float_3_3
Parameters: 1 -0.000266052 0.000491395 0.00026783 0.999995 -0.00314687 -0.000490245 0.00314713 0.999995 0.0817195 0.194298 -0.116067
FixedParameters: 0 0 0

#Transform 66
Transform: AffineTransform_float_3_3
Parameters: 1 -0.000129712 0.00117817 0.000133584 0.999995 -0.00314684 -0.00117801 0.00314715 0.999994 0.055337 0.203744 -0.11069
FixedParameters: 0 0 0

#Transform 67
Transform: AffineTransform_float_3_3
Parameters: 0.999999 6.06281e-05 0.000936759 -5.7884e-05 0.999995 -0.00314705 -0.00093688 0.00314694 0.999994 0.0406956 0.191669 -0.102606
FixedParameters: 0 0 0

#Transform 68
Transform: AffineTransform_float_3_3
Parameters: 0.999999 -0.000176133 0.000803132 0.000178449 0.999996 -0.00307486 -0.000803101 0.00307514 0.999995 0.0586965 0.195417 -0.110206
FixedParameters: 0 0 0

#Transform 69
Transform: AffineTransform_float_3_3
Parameters: 0.999999 -0.000228718 0.00076912 0.000230935 0.999995 -0.00314682 -0.000768733 0.00314718 0.999995 0.0512171 0.209775 -0.112678
FixedParameters: 0 0 0

#Transform 70
Transform: AffineTransform_float_3_3
Parameters: 0.999999 -0.000173564 0.00078049 0.000175474 0.999993 -0.00349471 -0.000779939 0.00349429 0.999994 0.0461442 0.218085 -0.114207
FixedParameters: 0 0 0

#Transform 71
Transform: AffineTransform_float_3_3
Parameters: 1 -7.10872e-07 0.00115445 4.66227e-06 0.999996 -0.003077 -0.00115418 0.003077 0.999994 0.053335 0.194725 -0.124375
FixedParameters: 0 0 0

#Transform 72
Transform: AffineTransform_float_3_3
Parameters: 0.999999 -0.000252583 0.00094239 0.000254619 0.999996 -0.00296076 -0.000941557 0.00296124 0.999995 0.0628173 0.19446 -0.125405
FixedParameters: 0 0 0

#Transform 73
Transform: AffineTransform_float_3_3
Parameters: 1 -0.000285915 0.00109813 0.00028907 0.999996 -0.00305068 -0.00109704 0.00305132 0.999994 0.0539395 0.203709 -0.12014
FixedParameters: 0 0 0

#Transform 74
Transform: AffineTransform_float_3_3
Parameters: 1 3.6132e-05 0.00110508 -3.31522e-05 0.999995 -0.00336704 -0.00110559 0.00336696 0.999993 0.0556232 0.21166 -0.129768
FixedParameters: 0 0 0

#Transform 75
Transform: AffineTransform_float_3_3
Parameters: 0.999999 -0.000281846 0.000741757 0.000283712 0.999996 -0.00302679 -0.000741105 0.00302721 0.999995 0.0543846 0.194781 -0.129129
FixedParameters: 0 0 0

#Transform 76
Transform: AffineTransform_float_3_3
Parameters: 1 -0.000264728 0.00110206 0.000267742 0.999996 -0.00297656 -0.00110114 0.00297645 0.999995 0.0577976 0.196735 -0.094315
FixedParameters: 0 0 0

#Transform 77
Transform: AffineTransform_float_3_3
Parameters: 0.999999 -0.000378261 0.000841031 0.000381526 0.999993 -0.00350353 -0.000839429 0.00350347 0.999993 0.0394655 0.204753 -0.0977146
FixedParameters: 0 0 0

#Transform 78
Transform: AffineTransform_float_3_3
Parameters: 0.999999 -0.00037242 0.000878389 0.000375024 0.999996 -0.00297652 -0.000877224 0.00297648 0.999996 0.0543555 0.191137 -0.107895
FixedParameters: 0 0 0

#Transform 79
Transform: AffineTransform_float_3_3
Parameters: 0.999999 -0.000366951 0.000703098 0.000368511 0.999996 -0.00297674 -0.000701968 0.00297726 0.999996 0.0492494 0.196834 -0.117171
FixedParameters: 0 0 0

#Transform 80
Transform: AffineTransform_float_3_3
Parameters: 1 -0.000248744 0.00114483 0.00025316 0.999993 -0.00388056 -0.00114316 0.00388044 0.999992 0.0388682 0.226236 -0.0989632
FixedParameters: 0 0 0

#Transform 81
Transform: AffineTransform_float_3_3
Parameters: 0.999999 -0.000623371 0.000701005 0.000624827 0.999994 -0.00319156 -0.000699001 0.00319244 0.999994 0.0390824 0.188935 -0.103343
FixedParameters: 0 0 0

#Transform 82
Transform: AffineTransform_float_3_3
Parameters: 0.999999 -0.000282305 0.000948742 0.000285738 0.999994 -0.00319258 -0.000947989 0.00319242 0.999994 0.0523072 0.205751 -0.0991822
FixedParameters: 0 0 0

#Transform 83
Transform: AffineTransform_float_3_3
Parameters: 0.999999 -0.000396417 0.000839109 0.00039986 0.999993 -0.00361852 -0.000837287 0.00361849 0.999994 0.0521715 0.223143 -0.0983147
FixedParameters: 0 0 0

#Transform 84
Transform: AffineTransform_float_3_3
Parameters: 1 -0.000254748 0.00117077 0.000258502 0.999995 -0.00311755 -0.00116984 0.00311745 0.999994 0.0510238 0.193318 -0.102055
FixedParameters: 0 0 0

#Transform 85
Transform: AffineTransform_float_3_3
Parameters: 0.999999 -0.000363905 0.000788874 0.000367033 0.999995 -0.00306256 -0.000788085 0.00306244 0.999995 0.0420224 0.193884 -0.11596
FixedParameters: 0 0 0

#Transform 86
Transform: AffineTransform_float_3_3
Parameters: 1 -0.000309129 0.00108344 0.000312898 0.999994 -0.00355551 -0.00108282 0.00355549 0.999994 0.0464975 0.223333 -0.103844
FixedParameters: 0 0 0

#Transform 87
Transform: AffineTransform_float_3_3
Parameters: 1 -0.000387912 0.000971208 0.000391687 0.999995 -0.00329562 -0.000969698 0.00329638 0.999994 0.0499934 0.211614 -0.10846
FixedParameters: 0 0 0

#Transform 88
Transform: AffineTransform_float_3_3
Parameters: 1 -0.000476724 0.00110703 0.00047977 0.999994 -0.00315432 -0.0011056 0.00315468 0.999994 0.0465757 0.190954 -0.110629
FixedParameters: 0 0 0

#Transform 89
Transform: AffineTransform_float_3_3
Parameters: 0.999999 -0.00040068 0.00130197 0.000405376 0.999994 -0.00331532 -0.00130089 0.00331568 0.999994 0.0628035 0.196894 -0.103318
FixedParameters: 0 0 0

#Transform 90
Transform: AffineTransform_float_3_3
Parameters: 0.999999 -0.000454146 0.00133921 0.000459187 0.999994 -0.00349724 -0.00133852 0.00349777 0.999993 0.0553349 0.211654 -0.0848999
FixedParameters: 0 0 0

#Transform 91
Transform: AffineTransform_float_3_3
Parameters: 0.999999 -0.000647106 0.00120572 0.00065094 0.999993 -0.00376943 -0.00120295 0.00376957 0.999992 0.0414142 0.220337 -0.0987464
FixedParameters: 0 0 0

#Transform 92
Transform: AffineTransform_float_3_3
Parameters: 0.999999 -0.000512156 0.00118424 0.0005167 0.999995 -0.00319224 -0.00118294 0.00319276 0.999995 0.0413842 0.213375 -0.132671
FixedParameters: 0 0 0

#Transform 93
Transform: AffineTransform_float_3_3
Parameters: 1 -0.000394163 0.00112486 0.000397933 0.999995 -0.0030154 -0.00112445 0.0030156 0.999995 0.0460271 0.212355 -0.115134
FixedParameters: 0 0 0

#Transform 94
Transform: AffineTransform_float_3_3
Parameters: 0.999999 -0.00035344 0.0012196 0.000357242 0.999995 -0.00317156 -0.00121894 0.00317243 0.999993 0.0509633 0.20748 -0.103018
FixedParameters: 0 0 0

#Transform 95
Transform: AffineTransform_float_3_3
Parameters: 0.999999 -0.000539457 0.0013226 0.000544184 0.999993 -0.00362513 -0.00131987 0.00362587 0.999992 0.0536779 0.224816 -0.0842849
FixedParameters: 0 0 0

#Transform 96
Transform: AffineTransform_float_3_3
Parameters: 0.999999 -0.000457375 0.00127168 0.000461394 0.999995 -0.00312826 -0.00127039 0.00312873 0.999994 0.063731 0.20228 -0.100162
FixedParameters: 0 0 0

#Transform 97
Transform: AffineTransform_float_3_3
Parameters: 0.999999 -0.000480727 0.00126004 0.000484968 0.999995 -0.00324524 -0.0012585 0.00324576 0.999994 0.0641811 0.205489 -0.0753007
FixedParameters: 0 0 0

#Transform 98
Transform: AffineTransform_float_3_3
Parameters: 0.999999 -0.000621862 0.00126527 0.000626699 0.999994 -0.00346942 -0.00126253 0.00346958 0.999993 0.055123 0.217358 -0.0598887
FixedParameters: 0 0 0

#Transform 99
Transform: AffineTransform_float_3_3
Parameters: 0.999999 -0.000585216 0.00110935 0.000590179 0.999994 -0.00359835 -0.0011071 0.00359965 0.999993 0.0611221 0.205664 -0.06032
FixedParameters: 0 0 0

#Transform 100
Transform: AffineTransform_float_3_3
Parameters: 0.999999 -0.000775498 0.00112134 0.000778281 0.999995 -0.00275998 -0.00111995 0.00276102 0.999995 0.0679947 0.198315 -0.0998606
FixedParameters: 0 0 0

#Transform 101
Transform: AffineTransform_float_3_3
Parameters: 1 -0.000576859 0.000977774 0.000579509 0.999996 -0.00289779 -0.000976403 0.00289821 0.999995 0.0710087 0.211421 -0.0984737
FixedParameters: 0 0 0

#Transform 102
Transform: AffineTransform_float_3_3
Parameters: 0.999999 -0.0006213 0.00114443 0.000625246 0.999993 -0.00361614 -0.00114243 0.00361687 0.999993 0.0779583 0.23263 -0.0919912
FixedParameters: 0 0 0

#Transform 103
Transform: AffineTransform_float_3_3
Parameters: 1 -0.000687859 0.000997392 0.000690948 0.999995 -0.00325732 -0.000995801 0.00325869 0.999994 0.0759408 0.208408 -0.0829014
FixedParameters: 0 0 0

#Transform 104
Transform: AffineTransform_float_3_3
Parameters: 0.999999 -0.000779998 0.00113563 0.000783982 0.999995 -0.00308396 -0.00113279 0.00308504 0.999995 0.0846973 0.201351 -0.0958495
FixedParameters: 0 0 0

#Transform 105
Transform: AffineTransform_float_3_3
Parameters: 0.999999 -0.000716718 0.00110474 0.000721131 0.999994 -0.00354106 -0.00110254 0.00354195 0.999994 0.0666791 0.211645 -0.0850929
FixedParameters: 0 0 0

#Transform 106
Transform: AffineTransform_float_3_3
Parameters: 0.999999 -0.000833232 0.00107117 0.000837843 0.999993 -0.00374647 -0.00106781 0.00374753 0.999992 0.0738591 0.216502 -0.0873041
FixedParameters: 0 0 0

#Transform 107
Transform: AffineTransform_float_3_3
Parameters: 0.999999 -0.000913889 0.00095669 0.000917246 0.999993 -0.00374333 -0.000953656 0.00374367 0.999993 0.0853276 0.226046 -0.0908448
FixedParameters: 0 0 0

#Transform 108
Transform: AffineTransform_float_3_3
Parameters: 0.999999 -0.000881615 0.00114856 0.000886897 0.999992 -0.00378719 -0.00114476 0.0037878 0.999992 0.0752408 0.222606 -0.0900668
FixedParameters: 0 0 0

#Transform 109
Transform: AffineTransform_float_3_3
Parameters: 0.999999 -0.000845364 0.000987694 0.000848507 0.999994 -0.00331801 -0.000984974 0.00331899 0.999994 0.0853921 0.216128 -0.107479
FixedParameters: 0 0 0

#Transform 110
Transform: AffineTransform_float_3_3
Parameters: 0.999998 -0.000867561 0.00133682 0.000872451 0.999993 -0.00345089 -0.00133332 0.00345111 0.999993 0.0704325 0.213113 -0.112455
FixedParameters: 0 0 0

#Transform 111
Transform: AffineTransform_float_3_3
Parameters: 0.999999 -0.000814586 0.0010711 0.000818798 0.999992 -0.00399233 -0.00106709 0.00399267 0.999991 0.0724153 0.236323 -0.114624
FixedParameters: 0 0 0

#Transform 112
Transform: AffineTransform_float_3_3
Parameters: 0.999999 -0.000860433 0.00093217 0.000863252 0.999994 -0.0033422 -0.000929308 0.0033438 0.999994 0.0853653 0.216452 -0.129653
FixedParameters: 0 0 0

#Transform 113
Transform: AffineTransform_float_3_3
Parameters: 0.999999 -0.000872298 0.00131453 0.000877935 0.999992 -0.00394291 -0.00131106 0.0039431 0.999992 0.0705515 0.235281 -0.110606
FixedParameters: 0 0 0

#Transform 114
Transform: AffineTransform_float_3_3
Parameters: 1 -0.000912523 0.000772173 0.000915756 0.999993 -0.00370966 -0.000768682 0.00371035 0.999993 0.107466 0.221673 -0.101691
FixedParameters: 0 0 0

#Transform 115
Transform: AffineTransform_float_3_3
Parameters: 0.999999 -0.000972361 0.00141849 0.000977654 0.999992 -0.00399482 -0.00141466 0.00399617 0.999991 0.0582332 0.22974 -0.119802
FixedParameters: 0 0 0

#Transform 116
Transform: AffineTransform_float_3_3
Parameters: 0.999998 -0.00117751 0.00157775 0.00118302 0.999993 -0.00366135 -0.00157306 0.00366365 0.999992 0.0767988 0.21589 -0.0880226
FixedParameters: 0 0 0

#Transform 117
Transform: AffineTransform_float_3_3
Parameters: 0.999999 -0.00136355 0.000745556 0.00136557 0.999993 -0.00356055 -0.000740971 0.00356045 0.999993 0.0973688 0.211747 -0.114415
FixedParameters: 0 0 0

#Transform 118
Transform: AffineTransform_float_3_3
Parameters: 0.999999 -0.00100592 0.00118226 0.00101139 0.999989 -0.00448402 -0.00117756 0.00448498 0.999989 0.0923063 0.227555 -0.0750235
FixedParameters: 0 0 0

#Transform 119
Transform: AffineTransform_float_3_3
Parameters: 0.999999 -0.00159883 0.000856534 0.00160245 0.999992 -0.00372536 -0.00085105 0.00372665 0.999993 0.111702 0.221944 -0.124038
FixedParameters: 0 0 0

#Transform 120
Transform: AffineTransform_float_3_3
Parameters: 0.999998 -0.0013451 0.00095545 0.0013487 0.99999 -0.00429444 -0.000949542 0.00429556 0.99999 0.0927847 0.237237 -0.119038
FixedParameters: 0 0 0

#Transform 121
Transform: AffineTransform_float_3_3
Parameters: 0.999999 -0.00131086 0.000858186 0.001314 0.999992 -0.00374124 -0.000853496 0.00374276 0.999992 0.1057 0.219057 -0.127988
FixedParameters: 0 0 0

#Transform 122
Transform: AffineTransform_float_3_3
Parameters: 0.999998 -0.0012797 0.00156506 0.00128793 0.999988 -0.0048122 -0.0015585 0.0048148 0.999987 0.0717883 0.243785 -0.106571
FixedParameters: 0 0 0

#Transform 123
Transform: AffineTransform_float_3_3
Parameters: 0.999998 -0.00153827 0.000738878 0.00154165 0.99999 -0.00415923 -0.000732509 0.00416077 0.999991 0.0915491 0.236341 -0.122177
FixedParameters: 0 0 0

#Transform 124
Transform: AffineTransform_float_3_3
Parameters: 0.999999 -0.00137821 0.00121216 0.00138381 0.999988 -0.00475254 -0.00120522 0.00475447 0.999988 0.0901677 0.236527 -0.147001
FixedParameters: 0 0 0

#Transform 125
Transform: AffineTransform_float_3_3
Parameters: 0.999999 -0.0012833 0.00132751 0.00129057 0.999983 -0.0056125 -0.0013207 0.0056145 0.999983 0.0706001 0.271945 -0.168999
FixedParameters: 0 0 0

#Transform 126
Transform: AffineTransform_float_3_3
Parameters: 0.999999 -0.00125145 0.00133908 0.00125896 0.999986 -0.00515753 -0.00133325 0.00515947 0.999986 0.0888878 0.266943 -0.155179
FixedParameters: 0 0 0

#Transform 127
Transform: AffineTransform_float_3_3
Parameters: 0.999997 -0.00141129 0.0019182 0.00142507 0.999975 -0.00695434 -0.00190823 0.00695766 0.999974 0.0713219 0.259526 -0.193834
FixedParameters: 0 0 0

#Transform 128
Transform: AffineTransform_float_3_3
Parameters: 0.999998 -0.00112016 0.00127607 0.00112784 0.999982 -0.00584162 -0.00126966 0.00584237 0.999982 0.0654304 0.252566 -0.151788
FixedParameters: 0 0 0

#Transform 129
Transform: AffineTransform_float_3_3
Parameters: 0.999998 -0.00143342 0.0014317 0.00144224 0.999976 -0.00680416 -0.00142175 0.00680685 0.999976 0.0848935 0.281016 -0.193031
FixedParameters: 0 0 0

#Transform 130
Transform: AffineTransform_float_3_3
Parameters: 0.999998 -0.00132818 0.000972203 0.00133526 0.999976 -0.00683028 -0.000963354 0.00683072 0.999976 0.0529892 0.267112 -0.217987
FixedParameters: 0 0 0

#Transform 131
Transform: AffineTransform_float_3_3
Parameters: 0.999998 -0.00135046 0.00158847 0.00136112 0.999976 -0.00671091 -0.00157989 0.00671309 0.999976 0.0576955 0.256275 -0.184715
FixedParameters: 0 0 0

#Transform 132
Transform: AffineTransform_float_3_3
Parameters: 0.999998 -0.00114878 0.00173857 0.00116033 0.999973 -0.00717905 -0.00173044 0.00718094 0.999972 0.060836 0.284142 -0.215634
FixedParameters: 0 0 0

#Transform 133
Transform: AffineTransform_float_3_3
Parameters: 0.999997 -0.00133511 0.00166328 0.00134717 0.999974 -0.00710883 -0.00165344 0.00711117 0.999974 0.0529475 0.280977 -0.198105
FixedParameters: 0 0 0

#Transform 134
Transform: AffineTransform_float_3_3
Parameters: 0.999998 -0.00139999 0.00149244 0.00140941 0.999979 -0.00628533 -0.00148388 0.00628668 0.999979 0.0622751 0.264115 -0.181372
FixedParameters: 0 0 0

#Transform 135
Transform: AffineTransform_float_3_3
Parameters: 0.999997 -0.00145841 0.00161396 0.00146868 0.999978 -0.00648306 -0.00160461 0.00648494 0.999977 0.0726951 0.2772 -0.1887
FixedParameters: 0 0 0

#Transform 136
Transform: AffineTransform_float_3_3
Parameters: 0.999998 -0.00129288 0.00182732 0.00130545 0.999977 -0.00675604 -0.00181769 0.00675795 0.999975 0.0683715 0.277499 -0.195137
FixedParameters: 0 0 0

#Transform 137
Transform: AffineTransform_float_3_3
Parameters: 0.999998 -0.00141345 0.00148711 0.00142387 0.999973 -0.00722046 -0.00147716 0.00722253 0.999972 0.054731 0.280415 -0.198007
FixedParameters: 0 0 0

#Transform 138
Transform: AffineTransform_float_3_3
Parameters: 0.999998 -0.0013952 0.00154805 0.001408 0.999969 -0.00783741 -0.00153754 0.0078396 0.999968 0.0804189 0.279794 -0.179812
FixedParameters: 0 0 0

#Transform 139
Transform: AffineTransform_float_3_3
Parameters: 0.999997 -0.00151696 0.00227999 0.00153462 0.999967 -0.00785528 -0.0022679 0.00785872 0.999967 0.0758801 0.297947 -0.217289
FixedParameters: 0 0 0

#Transform 140
Transform: AffineTransform_float_3_3
Parameters: 0.999997 -0.00149669 0.00222712 0.00151683 0.999959 -0.00898791 -0.00221336 0.00899108 0.999957 0.0637538 0.302225 -0.254023
FixedParameters: 0 0 0

#Transform 141
Transform: AffineTransform_float_3_3
Parameters: 0.999997 -0.00162736 0.00206412 0.0016458 0.999957 -0.0091619 -0.00204877 0.00916511 0.999956 0.064751 0.302284 -0.23182
FixedParameters: 0 0 0

#Transform 142
Transform: AffineTransform_float_3_3
Parameters: 0.999996 -0.00137653 0.00220457 0.00139682 0.999958 -0.00911186 -0.00219262 0.00911515 0.999956 0.0617188 0.307535 -0.257541
FixedParameters: 0 0 0

#Transform 143
Transform: AffineTransform_float_3_3
Parameters: 0.999996 -0.0012366 0.0022498 0.00125698 0.999956 -0.0092701 -0.00223831 0.00927289 0.999954 0.0624522 0.309428 -0.253667
FixedParameters: 0 0 0

#Transform 144
Transform: AffineTransform_float_3_3
Parameters: 0.999996 -0.0014823 0.00235845 0.00150495 0.999954 -0.0094976 -0.00234355 0.0095004 0.999952 0.0643421 0.30319 -0.250226
FixedParameters: 0 0 0

#Transform 145
Transform: AffineTransform_float_3_3
Parameters: 0.999996 -0.00155127 0.00226525 0.00157361 0.999954 -0.00949873 -0.00225073 0.00950227 0.999952 0.069754 0.295668 -0.279864
FixedParameters: 0 0 0

#Transform 146
Transform: AffineTransform_float_3_3
Parameters: 0.999996 -0.00134916 0.00241541 0.00137193 0.999952 -0.00967647 -0.00240176 0.00967952 0.99995 0.0669838 0.297073 -0.25877
FixedParameters: 0 0 0

#Transform 147
Transform: AffineTransform_float_3_3
Parameters: 0.999997 -0.00132555 0.00232303 0.00134869 0.999949 -0.010027 -0.00231021 0.010029 0.999947 0.0649975 0.319468 -0.272286
FixedParameters: 0 0 0

#Transform 148
Transform: AffineTransform_float_3_3
Parameters: 0.999996 -0.000918588 0.00260645 0.00094693 0.999941 -0.010841 -0.00259604 0.010843 0.999938 0.0806627 0.311029 -0.281778
FixedParameters: 0 0 0

#Transform 149
Transform: AffineTransform_float_3_3
Parameters: 0.999999 -0.00117161 0.000587963 0.0011781 0.999947 -0.0102667 -0.000576724 0.0102673 0.999947 0.129218 0.299884 -0.547843
FixedParameters: 0 0 0

#Transform 150
Transform: AffineTransform_float_3_3
Parameters: 0.999996 -0.00187225 0.00177784 0.00189276 0.999936 -0.0111273 -0.00175728 0.0111297 0.999937 0.0785643 0.313646 -0.42804
FixedParameters: 0 0 0

#Transform 151
Transform: AffineTransform_float_3_3
Parameters: 0.999996 -0.00188881 0.00174015 0.00190862 0.999937 -0.0110551 -0.00171858 0.0110589 0.999938 0.0588385 0.326288 -0.394175
FixedParameters: 0 0 0

#Transform 152
Transform: AffineTransform_float_3_3
Parameters: 0.999997 -0.00199801 0.00149038 0.00201514 0.999935 -0.0112208 -0.00146785 0.0112232 0.999936 0.089186 0.322704 -0.410003
FixedParameters: 0 0 0

#Transform 153
Transform: AffineTransform_float_3_3
Parameters: 0.999995 -0.00226789 0.00209275 0.00229146 0.999933 -0.0114192 -0.00206636 0.0114238 0.999933 0.072415 0.326904 -0.412244
FixedParameters: 0 0 0

#Transform 154
Transform: AffineTransform_float_3_3
Parameters: 0.999995 -0.00239395 0.00167189 0.00241105 0.999944 -0.0103453 -0.00164744 0.0103497 0.999945 0.104474 0.322371 -0.397938
FixedParameters: 0 0 0

#Transform 155
Transform: AffineTransform_float_3_3
Parameters: 0.999995 -0.00218315 0.00198465 0.00220554 0.999932 -0.0114123 -0.00195971 0.0114167 0.999933 0.0855333 0.338889 -0.422891
FixedParameters: 0 0 0

#Transform 156
Transform: AffineTransform_float_3_3
Parameters: 0.999995 -0.00220341 0.00191743 0.00222564 0.999928 -0.0118799 -0.00189088 0.0118841 0.999928 0.0894325 0.335943 -0.439347
FixedParameters: 0 0 0

#Transform 157
Transform: AffineTransform_float_3_3
Parameters: 0.999995 -0.00230999 0.00210698 0.00233572 0.999923 -0.0121411 -0.00207901 0.0121459 0.999924 0.0844566 0.334482 -0.445094
FixedParameters: 0 0 0

#Transform 158
Transform: AffineTransform_float_3_3
Parameters: 0.999997 -0.00198432 0.0015208 0.00200212 0.999928 -0.0117814 -0.00149779 0.0117846 0.99993 0.106089 0.341787 -0.431394
FixedParameters: 0 0 0

#Transform 159
Transform: AffineTransform_float_3_3
Parameters: 0.999995 -0.00182178 0.00231113 0.00184792 0.999934 -0.0114254 -0.00229055 0.0114296 0.999932 0.0816368 0.327398 -0.43446
FixedParameters: 0 0 0

#Transform 160
Transform: AffineTransform_float_3_3
Parameters: 0.999996 -0.00204638 0.00191243 0.00206895 0.99993 -0.0116849 -0.00188765 0.0116891 0.99993 0.0847135 0.348591 -0.403748
FixedParameters: 0 0 0

#Transform 161
Transform: AffineTransform_float_3_3
Parameters: 0.999996 -0.00197181 0.00231833 0.00199874 0.999927 -0.0119389 -0.00229373 0.0119431 0.999926 0.0854331 0.343477 -0.449253
FixedParameters: 0 0 0

#Transform 162
Transform: AffineTransform_float_3_3
Parameters: 0.999996 -0.0021987 0.00209573 0.00222306 0.99993 -0.011591 -0.00207016 0.011596 0.999931 0.0850067 0.339627 -0.443013
FixedParameters: 0 0 0

#Transform 163
Transform: AffineTransform_float_3_3
Parameters: 0.999995 -0.00218282 0.0020067 0.00220628 0.999927 -0.0118866 -0.0019802 0.0118904 0.999927 0.0865145 0.349722 -0.418218
FixedParameters: 0 0 0

#Transform 164
Transform: AffineTransform_float_3_3
Parameters: 0.999996 -0.0022878 0.00199903 0.00231134 0.999927 -0.0118224 -0.00197165 0.0118266 0.999928 0.100956 0.34508 -0.443756
FixedParameters: 0 0 0

#Transform 165
Transform: AffineTransform_float_3_3
Parameters: 0.999995 -0.00231577 0.00181576 0.00233711 0.999928 -0.0117969 -0.00178772 0.0118011 0.999929 0.103808 0.337258 -0.422943
FixedParameters: 0 0 0

#Transform 166
Transform: AffineTransform_float_3_3
Parameters: 0.999996 -0.00229223 0.00199984 0.00231675 0.999919 -0.012496 -0.00197068 0.012501 0.99992 0.0964524 0.348402 -0.418913
FixedParameters: 0 0 0

#Transform 167
Transform: AffineTransform_float_3_3
Parameters: 0.999996 -0.00238484 0.00153132 0.0024029 0.999929 -0.0117115 -0.00150366 0.0117145 0.999931 0.0984127 0.324071 -0.417997
FixedParameters: 0 0 0

#Transform 168
Transform: AffineTransform_float_3_3
Parameters: 0.999996 -0.00221494 0.00200795 0.00223838 0.999926 -0.0119727 -0.00198123 0.0119773 0.999926 0.100314 0.349953 -0.423873
FixedParameters: 0 0 0

#Transform 169
Transform: AffineTransform_float_3_3
Parameters: 0.999996 -0.00241304 0.00154407 0.00243138 0.999927 -0.0118366 -0.00151606 0.0118404 0.999928 0.0961467 0.341998 -0.42949
FixedParameters: 0 0 0

#Transform 170
Transform: AffineTransform_float_3_3
Parameters: 0.999995 -0.00247326 0.00157093 0.00249228 0.999925 -0.0119814 -0.00154169 0.0119856 0.999927 0.115336 0.350477 -0.398952
FixedParameters: 0 0 0

#Transform 171
Transform: AffineTransform_float_3_3
Parameters: 0.999996 -0.00234912 0.00170794 0.0023688 0.999932 -0.0113941 -0.00168089 0.0113979 0.999934 0.117778 0.329797 -0.429576
FixedParameters: 0 0 0

#Transform 172
Transform: AffineTransform_float_3_3
Parameters: 0.999996 -0.00230258 0.001223 0.00231716 0.999921 -0.0123455 -0.00119425 0.0123475 0.999923 0.184093 0.356629 -0.45286
FixedParameters: 0 0 0

#Transform 173
Transform: AffineTransform_float_3_3
Parameters: 0.999997 -0.00231164 0.000821632 0.00232135 0.999927 -0.0118792 -0.000794066 0.0118808 0.99993 0.131373 0.327959 -0.472788
FixedParameters: 0 0 0

#Transform 174
Transform: AffineTransform_float_3_3
Parameters: 0.999997 -0.00239616 0.00118895 0.00241059 0.99992 -0.0124196 -0.00115884 0.0124224 0.999922 0.126872 0.337519 -0.502997
FixedParameters: 0 0 0

#Transform 175
Transform: AffineTransform_float_3_3
Parameters: 0.999996 -0.00217966 0.00180612 0.00220187 0.99992 -0.0124658 -0.00177888 0.0124701 0.999921 0.116274 0.341526 -0.495782
FixedParameters: 0 0 0

#Transform 176
Transform: AffineTransform_float_3_3
Parameters: 0.999996 -0.00243362 0.00130731 0.00245049 0.999914 -0.0128931 -0.00127538 0.0128959 0.999916 0.125425 0.365867 -0.508036
FixedParameters: 0 0 0

#Transform 177
Transform: AffineTransform_float_3_3
Parameters: 0.999996 -0.00261217 0.00151993 0.00263215 0.999915 -0.0128086 -0.00148616 0.0128115 0.999917 0.117758 0.349548 -0.514401
FixedParameters: 0 0 0

#Transform 178
Transform: AffineTransform_float_3_3
Parameters: 0.999994 -0.00284595 0.00164598 0.00286812 0.999905 -0.0135124 -0.0016073 0.0135166 0.999907 0.123734 0.354707 -0.563352
FixedParameters: 0 0 0

#Transform 179
Transform: AffineTransform_float_3_3
Parameters: 0.999995 -0.00260176 0.00216452 0.00263334 0.999883 -0.0150404 -0.00212501 0.0150466 0.999885 0.118804 0.389119 -0.655129
FixedParameters: 0 0 0
