#Insight Transform File V1.0
#Transform 0
Transform: AffineTransform_float_3_3
Parameters: 1 -0.000573033 -5.59888e-06 0.000573623 0.999984 -0.00561101 8.48986e-06 0.005611 0.999985 0.0416951 -0.181565 0.184526
FixedParameters: 0 0 0

#Transform 1
Transform: AffineTransform_float_3_3
Parameters: 1 0.000185878 0.0011269 -0.000186315 1 0.00019415 -0.00112683 -0.00019385 1 0.00234849 0.127727 -0.0948789
FixedParameters: 0 0 0

#Transform 2
Transform: AffineTransform_float_3_3
Parameters: 0.999998 0.000752578 0.00146439 -0.000753345 1 0.000261257 -0.00146399 -0.000262742 0.999999 0.00296827 0.149222 -0.153287
FixedParameters: 0 0 0

#Transform 3
Transform: AffineTransform_float_3_3
Parameters: 1 0.000582154 0.00106196 -0.000582272 1 5.55888e-05 -0.0010619 -5.54113e-05 0.999999 0.0336478 0.162006 -0.202981
FixedParameters: 0 0 0

#Transform 4
Transform: AffineTransform_float_3_3
Parameters: 1 0.000825964 0.000649663 -0.000824925 0.999999 -0.000499176 -0.000649567 0.000498823 1 0.0452689 0.117341 -0.205157
FixedParameters: 0 0 0

#Transform 5
Transform: AffineTransform_float_3_3
Parameters: 0.999999 0.000759632 0.000589562 -0.00075892 0.999999 -0.00105345 -0.00058985 0.00105255 1 0.0295114 0.069337 -0.224691
FixedParameters: 0 0 0

#Transform 6
Transform: AffineTransform_float_3_3
Parameters: 0.999999 0.000939407 0.00034774 -0.000939553 0.999999 0.000209521 -0.000347347 -0.000209479 0.999999 0.0237693 0.138777 -0.229214
FixedParameters: 0 0 0

#Transform 7
Transform: AffineTransform_float_3_3
Parameters: 0.999999 0.000925645 0.000302549 -0.000926182 0.999999 0.000240567 -0.000303024 -0.000240433 0.999999 0.0151046 0.131052 -0.225338
FixedParameters: 0 0 0

#Transform 8
Transform: AffineTransform_float_3_3
Parameters: 0.999998 0.00170354 -2.83554e-05 -0.00170355 0.999998 -0.000301464 2.73281e-05 0.000301534 1 -0.0225073 0.123806 -0.228977
FixedParameters: 0 0 0

#Transform 9
Transform: AffineTransform_float_3_3
Parameters: 0.999998 0.00157863 -0.000138152 -0.00157869 0.999999 -0.000232294 0.000137418 0.000232704 1 -0.0261371 0.117248 -0.25639
FixedParameters: 0 0 0

#Transform 10
Transform: AffineTransform_float_3_3
Parameters: 0.999999 0.00126031 -0.000179143 -0.00126006 0.999999 -0.000372134 0.000179126 0.000371866 1 -0.0227245 0.112397 -0.258119
FixedParameters: 0 0 0

#Transform 11
Transform: AffineTransform_float_3_3
Parameters: 0.999999 0.0013732 1.55102e-06 -0.00137373 0.999998 -0.000806362 -2.45383e-06 0.000805637 1 -0.0130205 0.090032 -0.256351
FixedParameters: 0 0 0

#Transform 12
Transform: AffineTransform_float_3_3
Parameters: 0.999999 0.00141414 0.000301588 -0.00141423 0.999999 0.000138062 -0.000301197 -0.000138939 1 -2.08339e-05 0.148418 -0.263043
FixedParameters: 0 0 0

#Transform 13
Transform: AffineTransform_float_3_3
Parameters: 1 0.00120382 3.86921e-05 -0.00120382 1 -1.15587e-05 -3.87198e-05 1.14408e-05 1 -0.00505132 0.145679 -0.27681
FixedParameters: 0 0 0

#Transform 14
Transform: AffineTransform_float_3_3
Parameters: 0.999998 0.00176374 0.000687647 -0.00176339 0.999998 -0.000641519 -0.000688597 0.000640481 0.999999 0.00549359 0.127911 -0.291105
FixedParameters: 0 0 0

#Transform 15
Transform: AffineTransform_float_3_3
Parameters: 1 0.00108991 0.000397925 -0.00109004 0.999999 -0.000996435 -0.000399706 0.000995565 1 0.00347497 0.100539 -0.320811
FixedParameters: 0 0 0

#Transform 16
Transform: AffineTransform_float_3_3
Parameters: 1 0.00090407 0.000582731 -0.000903402 0.999999 -0.00057232 -0.000583766 0.000572679 1 0.0136276 0.127157 -0.283829
FixedParameters: 0 0 0

#Transform 17
Transform: AffineTransform_float_3_3
Parameters: 1 0.000958081 0.000709705 -0.000957233 0.999999 -0.000597473 -0.00071085 0.000597526 1 0.0235571 0.140576 -0.262142
FixedParameters: 0 0 0

#Transform 18
Transform: AffineTransform_float_3_3
Parameters: 1 0.000926934 0.000637346 -0.000926643 0.999999 -0.00022859 -0.000637768 0.000227409 1 0.0181727 0.151701 -0.290243
FixedParameters: 0 0 0

#Transform 19
Transform: AffineTransform_float_3_3
Parameters: 1 0.000907369 0.000591353 -0.000907136 0.999999 -0.000197536 -0.000591711 0.000196463 1 0.0194141 0.145467 -0.273145
FixedParameters: 0 0 0

#Transform 20
Transform: AffineTransform_float_3_3
Parameters: 0.999999 0.00067592 0.000534076 -0.000676123 1 -0.000671154 -0.000534593 0.000671846 1 0.0178613 0.10875 -0.276526
FixedParameters: 0 0 0

#Transform 21
Transform: AffineTransform_float_3_3
Parameters: 0.999999 0.000994929 0.00080306 -0.000994849 0.999999 -5.04391e-05 -0.000803159 4.95605e-05 1 0.0177272 0.144063 -0.258674
FixedParameters: 0 0 0

#Transform 22
Transform: AffineTransform_float_3_3
Parameters: 1 0.00096809 0.000673194 -0.000967964 0.999999 -9.42919e-05 -0.000673376 9.37077e-05 1 0.00591973 0.145825 -0.266429
FixedParameters: 0 0 0

#Transform 23
Transform: AffineTransform_float_3_3
Parameters: 0.999999 0.00143534 0.000626586 -0.0014345 0.999999 -0.000364052 -0.000626708 0.000362948 1 0.0117432 0.141486 -0.268726
FixedParameters: 0 0 0

#Transform 24
Transform: AffineTransform_float_3_3
Parameters: 0.999999 0.00130814 0.00127268 -0.00130735 0.999999 -0.000519098 -0.00127272 0.000517902 0.999999 0.031215 0.132091 -0.306309
FixedParameters: 0 0 0

#Transform 25
Transform: AffineTransform_float_3_3
Parameters: 0.999998 0.0013624 0.000950927 -0.00136259 1 -0.000380602 -0.000951572 0.000379399 0.999999 0.0284919 0.128351 -0.321701
FixedParameters: 0 0 0

#Transform 26
Transform: AffineTransform_float_3_3
Parameters: 0.999999 0.00120979 0.000825101 -0.00120868 0.999999 -0.000995151 -0.000826195 0.000993849 0.999999 0.0299836 0.0927671 -0.359214
FixedParameters: 0 0 0

#Transform 27
Transform: AffineTransform_float_3_3
Parameters: 0.999998 0.00120327 0.00122559 -0.00120205 0.999999 -0.00108827 -0.0012265 0.00108673 0.999999 0.0206772 0.115456 -0.353603
FixedParameters: 0 0 0

#Transform 28
Transform: AffineTransform_float_3_3
Parameters: 0.999999 0.00152302 0.00104396 -0.00152092 0.999997 -0.00195354 -0.00104689 0.00195246 0.999997 0.00164713 0.0678094 -0.348495
FixedParameters: 0 0 0

#Transform 29
Transform: AffineTransform_float_3_3
Parameters: 0.999998 0.00130247 0.000976865 -0.00129995 0.999997 -0.00229907 -0.000979834 0.00229793 0.999997 0.00337673 0.0664061 -0.34879
FixedParameters: 0 0 0

#Transform 30
Transform: AffineTransform_float_3_3
Parameters: 0.999998 0.00130154 0.000944229 -0.00130006 0.999998 -0.00154738 -0.00094655 0.00154562 0.999998 0.00223974 0.097163 -0.335629
FixedParameters: 0 0 0

#Transform 31
Transform: AffineTransform_float_3_3
Parameters: 0.999998 0.00115891 0.00149328 -0.00115658 0.999999 -0.00126552 -0.0014945 0.00126348 0.999998 0.0174834 0.138606 -0.313918
FixedParameters: 0 0 0

#Transform 32
Transform: AffineTransform_float_3_3
Parameters: 0.999998 0.001089 0.0013284 -0.00108661 0.999998 -0.00144724 -0.00132984 0.00144576 0.999998 0.0129341 0.12911 -0.311287
FixedParameters: 0 0 0

#Transform 33
Transform: AffineTransform_float_3_3
Parameters: 0.999997 0.001372 0.00168056 -0.00136907 0.999997 -0.00157574 -0.00168278 0.00157326 0.999997 0.0149949 0.115755 -0.350014
FixedParameters: 0 0 0

#Transform 34
Transform: AffineTransform_float_3_3
Parameters: 0.999997 0.0011016 0.00194812 -0.00109939 0.999999 -0.00127558 -0.00194975 0.00127342 0.999997 0.0196029 0.125129 -0.337116
FixedParameters: 0 0 0

#Transform 35
Transform: AffineTransform_float_3_3
Parameters: 0.999996 0.00105194 0.00236708 -0.00104753 0.999998 -0.00170805 -0.0023691 0.00170595 0.999996 0.0191814 0.125619 -0.338392
FixedParameters: 0 0 0

#Transform 36
Transform: AffineTransform_float_3_3
Parameters: 0.999998 0.000620178 0.00201951 -0.000617575 0.999999 -0.00132853 -0.00201998 0.00132747 0.999997 0.019064 0.144571 -0.332605
FixedParameters: 0 0 0

#Transform 37
Transform: AffineTransform_float_3_3
Parameters: 0.999998 0.000942664 0.00169506 -0.000939955 0.999998 -0.00177039 -0.00169591 0.00176861 0.999996 0.0279916 0.116192 -0.311283
FixedParameters: 0 0 0

#Transform 38
Transform: AffineTransform_float_3_3
Parameters: 0.999998 0.000872459 0.0014925 -0.000870929 0.999999 -0.00112994 -0.00149369 0.00112806 0.999998 0.0462656 0.150812 -0.201059
FixedParameters: 0 0 0

#Transform 39
Transform: AffineTransform_float_3_3
Parameters: 0.999996 0.00109315 0.00252997 -0.00109002 0.999999 -0.00134832 -0.00253135 0.00134568 0.999996 -0.00696108 0.144883 -0.190322
FixedParameters: 0 0 0

#Transform 40
Transform: AffineTransform_float_3_3
Parameters: 0.999997 0.00108181 0.00249565 -0.00107599 0.999996 -0.00245826 -0.00249822 0.00245575 0.999994 0.0107331 0.103314 -0.22336
FixedParameters: 0 0 0

#Transform 41
Transform: AffineTransform_float_3_3
Parameters: 0.999996 0.000674533 0.00274537 -0.000669932 0.999999 -0.00150925 -0.00274583 0.00150774 0.999995 0.0308578 0.107581 -0.16482
FixedParameters: 0 0 0

#Transform 42
Transform: AffineTransform_float_3_3
Parameters: 0.999997 0.000602448 0.0025771 -0.000599009 0.999999 -0.00138232 -0.0025772 0.00138068 0.999995 0.0282372 0.132148 -0.244939
FixedParameters: 0 0 0

#Transform 43
Transform: AffineTransform_float_3_3
Parameters: 0.999998 0.000941198 0.00209251 -0.000937617 0.999998 -0.00164289 -0.00209311 0.00164111 0.999996 0.0118235 0.0992504 -0.32582
FixedParameters: 0 0 0

#Transform 44
Transform: AffineTransform_float_3_3
Parameters: 0.999997 0.000630583 0.00263728 -0.000624681 0.999998 -0.00224042 -0.00263866 0.00223858 0.999994 0.0156895 0.0946914 -0.347455
FixedParameters: 0 0 0

#Transform 45
Transform: AffineTransform_float_3_3
Parameters: 0.999995 0.00160526 0.00264484 -0.00159801 0.999995 -0.00268895 -0.0026494 0.00268405 0.999993 0.0201534 0.0990673 -0.312153
FixedParameters: 0 0 0

#Transform 46
Transform: AffineTransform_float_3_3
Parameters: 0.999995 0.000903054 0.00301554 -0.0008974 0.999998 -0.00191877 -0.00301757 0.00191624 0.999994 0.00341184 0.116586 -0.288244
FixedParameters: 0 0 0

#Transform 47
Transform: AffineTransform_float_3_3
Parameters: 0.999994 0.00223362 0.0029158 -0.00224886 0.999985 0.00512618 -0.00290444 -0.00513283 0.999983 -0.0193751 0.385807 0.65728
FixedParameters: 0 0 0

#Transform 48
Transform: AffineTransform_float_3_3
Parameters: 0.999994 0.00333827 0.00141504 -0.00333955 0.999994 0.00115321 -0.00141034 -0.00115779 0.999998 -0.0789542 0.160133 0.103232
FixedParameters: 0 0 0

#Transform 49
Transform: AffineTransform_float_3_3
Parameters: 0.999996 0.00283045 0.00121501 -0.00282965 0.999995 -0.000766692 -0.00121672 0.000763308 0.999999 -0.0771143 0.0773352 -0.00291927
FixedParameters: 0 0 0

#Transform 50
Transform: AffineTransform_float_3_3
Parameters: 0.999996 0.00231438 0.00118064 -0.00231362 0.999997 -0.000547831 -0.00118186 0.000545167 0.999999 -0.0673624 0.0943801 -0.0305583
FixedParameters: 0 0 0

#Transform 51
Transform: AffineTransform_float_3_3
Parameters: 0.999995 0.00193898 0.0021783 -0.00193786 0.999998 -0.000258241 -0.0021793 0.000254756 0.999997 -0.0538421 0.121758 -0.0766415
FixedParameters: 0 0 0

#Transform 52
Transform: AffineTransform_float_3_3
Parameters: 0.999989 0.00458535 0.00106546 -0.00458658 0.99999 0.000892006 -0.0010608 -0.000896993 0.999999 -0.199829 0.118044 -0.0722265
FixedParameters: 0 0 0

#Transform 53
Transform: AffineTransform_float_3_3
Parameters: 0.999986 0.00407609 0.0033393 -0.00406396 0.999986 -0.00349457 -0.00335315 0.00348143 0.999988 -0.145015 -0.0222711 -0.21772
FixedParameters: 0 0 0

#Transform 54
Transform: AffineTransform_float_3_3
Parameters: 0.999975 0.00444228 0.0054956 -0.00440918 0.999973 -0.00601596 -0.00552168 0.00599204 0.999966 -0.112663 -0.0824692 -0.351425
FixedParameters: 0 0 0

#Transform 55
Transform: AffineTransform_float_3_3
Parameters: 0.999983 0.00562774 0.00162023 -0.00561882 0.999971 -0.00521322 -0.00164929 0.00520377 0.999985 -0.239919 -0.0464451 -0.339696
FixedParameters: 0 0 0

#Transform 56
Transform: AffineTransform_float_3_3
Parameters: 0.999984 0.00516153 0.00229074 -0.0051489 0.999973 -0.00536096 -0.00231803 0.00534904 0.999983 -0.198126 -0.0457581 -0.39622
FixedParameters: 0 0 0

#Transform 57
Transform: AffineTransform_float_3_3
Parameters: 0.999983 0.00510302 0.00286025 -0.00508977 0.999979 -0.00427079 -0.00288155 0.00425621 0.999987 -0.16159 -0.00589167 -0.424475
FixedParameters: 0 0 0

#Transform 58
Transform: AffineTransform_float_3_3
Parameters: 0.999974 0.00513012 0.00504046 -0.00510294 0.999972 -0.00539978 -0.00506772 0.00537423 0.999973 -0.169252 -0.0497113 -0.42452
FixedParameters: 0 0 0

#Transform 59
Transform: AffineTransform_float_3_3
Parameters: 0.999976 0.00623211 0.0029574 -0.00621541 0.999963 -0.0058381 -0.00299299 0.0058199 0.999978 -0.220586 -0.0446326 -0.385222
FixedParameters: 0 0 0

#Transform 60
Transform: AffineTransform_float_3_3
Parameters: 0.999953 0.0096407 0.00107221 -0.00963387 0.999936 -0.00594034 -0.00112964 0.00592965 0.999982 -0.401335 -0.0710552 -0.435061
FixedParameters: 0 0 0

#Transform 61
Transform: AffineTransform_float_3_3
Parameters: 0.999968 0.00787324 0.00154283 -0.00786371 0.999953 -0.00565906 -0.00158704 0.00564594 0.999983 -0.279786 -0.0658014 -0.434525
FixedParameters: 0 0 0

#Transform 62
Transform: AffineTransform_float_3_3
Parameters: 0.999976 0.00647895 0.00239729 -0.00646471 0.999961 -0.00594266 -0.00243648 0.00592733 0.999979 -0.244328 -0.0754878 -0.441274
FixedParameters: 0 0 0

#Transform 63
Transform: AffineTransform_float_3_3
Parameters: 0.999978 0.00578261 0.00321142 -0.00576121 0.999963 -0.00653321 -0.00324859 0.0065148 0.999973 -0.180997 -0.10872 -0.476802
FixedParameters: 0 0 0

#Transform 64
Transform: AffineTransform_float_3_3
Parameters: 0.999979 0.00590826 0.00288215 -0.00589141 0.999965 -0.00592524 -0.00291631 0.00590777 0.999979 -0.208774 -0.065039 -0.500747
FixedParameters: 0 0 0

#Transform 65
Transform: AffineTransform_float_3_3
Parameters: 0.999981 0.00561686 0.00252803 -0.00560002 0.999965 -0.00630482 -0.00256288 0.00629018 0.999977 -0.232782 -0.0688116 -0.493113
FixedParameters: 0 0 0

#Transform 66
Transform: AffineTransform_float_3_3
Parameters: 0.999981 0.00547927 0.00278896 -0.00546083 0.999964 -0.00656582 -0.00282466 0.00655118 0.999975 -0.189652 -0.0712986 -0.527749
FixedParameters: 0 0 0

#Transform 67
Transform: AffineTransform_float_3_3
Parameters: 0.999983 0.00519886 0.0026859 -0.00517904 0.99996 -0.00733555 -0.00272421 0.00732145 0.999969 -0.184733 -0.112997 -0.558236
FixedParameters: 0 0 0

#Transform 68
Transform: AffineTransform_float_3_3
Parameters: 0.99998 0.0060342 0.00193294 -0.00601925 0.999954 -0.00752592 -0.00197833 0.00751408 0.99997 -0.273226 -0.0860647 -0.534009
FixedParameters: 0 0 0

#Transform 69
Transform: AffineTransform_float_3_3
Parameters: 0.999979 0.00627329 0.00150895 -0.00626172 0.999953 -0.00751582 -0.00155587 0.00750619 0.999971 -0.329896 -0.0841567 -0.515374
FixedParameters: 0 0 0

#Transform 70
Transform: AffineTransform_float_3_3
Parameters: 0.999977 0.00632008 0.00268681 -0.00630077 0.999954 -0.0072344 -0.00273265 0.00721759 0.99997 -0.28582 -0.0755823 -0.5303
FixedParameters: 0 0 0

#Transform 71
Transform: AffineTransform_float_3_3
Parameters: 0.99998 0.00587629 0.00235547 -0.00585844 0.999954 -0.00754964 -0.0023994 0.00753636 0.999969 -0.301323 -0.105367 -0.531136
FixedParameters: 0 0 0

#Transform 72
Transform: AffineTransform_float_3_3
Parameters: 0.999978 0.00644204 0.00163078 -0.00642877 0.999947 -0.00810703 -0.00168258 0.00809598 0.999966 -0.356129 -0.103895 -0.522045
FixedParameters: 0 0 0

#Transform 73
Transform: AffineTransform_float_3_3
Parameters: 0.999979 0.00621867 0.0021713 -0.0061997 0.999943 -0.00875273 -0.00222602 0.00873927 0.999959 -0.313262 -0.114848 -0.571986
FixedParameters: 0 0 0

#Transform 74
Transform: AffineTransform_float_3_3
Parameters: 0.999977 0.00636366 0.00255379 -0.0063399 0.999941 -0.00884307 -0.00261004 0.00882694 0.999958 -0.308578 -0.128642 -0.606454
FixedParameters: 0 0 0

#Transform 75
Transform: AffineTransform_float_3_3
Parameters: 0.99998 0.0059777 0.00234511 -0.00595825 0.999946 -0.0084682 -0.00239496 0.0084538 0.999962 -0.321018 -0.121186 -0.591285
FixedParameters: 0 0 0

#Transform 76
Transform: AffineTransform_float_3_3
Parameters: 0.999979 0.0060167 0.00250434 -0.00599588 0.999951 -0.00789739 -0.00255191 0.00788161 0.999966 -0.324715 -0.0878696 -0.548823
FixedParameters: 0 0 0

#Transform 77
Transform: AffineTransform_float_3_3
Parameters: 0.999978 0.00637989 0.00209103 -0.00636286 0.999949 -0.00782256 -0.00214144 0.00780944 0.999968 -0.351216 -0.0945393 -0.551206
FixedParameters: 0 0 0

#Transform 78
Transform: AffineTransform_float_3_3
Parameters: 0.999979 0.00581656 0.00285794 -0.00579164 0.999947 -0.0084375 -0.00290663 0.0084215 0.99996 -0.37479 -0.134399 -0.4944
FixedParameters: 0 0 0

#Transform 79
Transform: AffineTransform_float_3_3
Parameters: 0.99997 0.00708292 0.00297387 -0.00705483 0.999931 -0.00939147 -0.00304015 0.00937052 0.999951 -0.354013 -0.122063 -0.493905
FixedParameters: 0 0 0

#Transform 80
Transform: AffineTransform_float_3_3
Parameters: 0.999964 0.00761224 0.00376667 -0.0075736 0.999919 -0.0102691 -0.00384375 0.0102399 0.999941 -0.352516 -0.175553 -0.554786
FixedParameters: 0 0 0

#Transform 81
Transform: AffineTransform_float_3_3
Parameters: 0.999968 0.0072687 0.00351465 -0.00723428 0.999926 -0.00977919 -0.00358498 0.00975281 0.999946 -0.369819 -0.168153 -0.539311
FixedParameters: 0 0 0

#Transform 82
Transform: AffineTransform_float_3_3
Parameters: 0.999971 0.00672058 0.00338487 -0.00668966 0.999936 -0.00916339 -0.00344639 0.00914063 0.999953 -0.364646 -0.138171 -0.524526
FixedParameters: 0 0 0

#Transform 83
Transform: AffineTransform_float_3_3
Parameters: 0.999968 0.00715771 0.00359742 -0.00712355 0.999929 -0.00948351 -0.00366583 0.00945749 0.999949 -0.369933 -0.146864 -0.518019
FixedParameters: 0 0 0

#Transform 84
Transform: AffineTransform_float_3_3
Parameters: 0.999971 0.00694976 0.00315983 -0.00691937 0.999933 -0.00933084 -0.00322459 0.00930815 0.999951 -0.362649 -0.145127 -0.5217
FixedParameters: 0 0 0

#Transform 85
Transform: AffineTransform_float_3_3
Parameters: 0.999969 0.00731139 0.00300531 -0.00728349 0.999932 -0.00919906 -0.00307214 0.00917694 0.999953 -0.377685 -0.13085 -0.542844
FixedParameters: 0 0 0

#Transform 86
Transform: AffineTransform_float_3_3
Parameters: 0.999967 0.00762997 0.00259596 -0.00760747 0.999934 -0.00855299 -0.00266121 0.008533 0.99996 -0.373542 -0.101448 -0.502599
FixedParameters: 0 0 0

#Transform 87
Transform: AffineTransform_float_3_3
Parameters: 0.999969 0.00686159 0.00389578 -0.00682545 0.999934 -0.00922258 -0.00395866 0.00919542 0.99995 -0.425631 -0.124697 -0.511894
FixedParameters: 0 0 0

#Transform 88
Transform: AffineTransform_float_3_3
Parameters: 0.999949 0.00999948 0.00123349 -0.00998673 0.999906 -0.00937051 -0.0013268 0.0093575 0.999956 -0.540517 -0.141608 -0.528984
FixedParameters: 0 0 0

#Transform 89
Transform: AffineTransform_float_3_3
Parameters: 0.999944 0.0103966 0.00196841 -0.0103798 0.999912 -0.00830339 -0.00205437 0.00828261 0.999964 -0.535708 -0.176147 -0.530438
FixedParameters: 0 0 0

#Transform 90
Transform: AffineTransform_float_3_3
Parameters: 0.999943 0.0104697 0.00179823 -0.0104582 0.999925 -0.00638638 -0.00186477 0.00636762 0.999978 -0.528948 -0.140334 -0.81893
FixedParameters: 0 0 0

#Transform 91
Transform: AffineTransform_float_3_3
Parameters: 0.999936 0.01129 0.000930232 -0.0112795 0.999884 -0.0103414 -0.0010463 0.0103307 0.999946 -0.552145 -0.208026 -0.800912
FixedParameters: 0 0 0

#Transform 92
Transform: AffineTransform_float_3_3
Parameters: 0.999941 0.0109126 0.000317147 -0.010908 0.999872 -0.0117429 -0.000445482 0.0117392 0.999931 -0.598673 -0.254904 -0.781366
FixedParameters: 0 0 0

#Transform 93
Transform: AffineTransform_float_3_3
Parameters: 0.999941 0.0108396 0.000574495 -0.0108333 0.999878 -0.011293 -0.00069736 0.011286 0.999936 -0.582082 -0.22823 -0.769764
FixedParameters: 0 0 0

#Transform 94
Transform: AffineTransform_float_3_3
Parameters: 0.99994 0.0108282 0.00152999 -0.0108101 0.999881 -0.011008 -0.00164897 0.010991 0.999939 -0.578165 -0.195107 -0.746544
FixedParameters: 0 0 0

#Transform 95
Transform: AffineTransform_float_3_3
Parameters: 0.999946 0.0101193 0.00206017 -0.0100982 0.999899 -0.0099968 -0.00216078 0.0099752 0.999948 -0.52044 -0.151837 -0.72258
FixedParameters: 0 0 0

#Transform 96
Transform: AffineTransform_float_3_3
Parameters: 0.999946 0.0100647 0.00228934 -0.0100419 0.999902 -0.00972905 -0.00238713 0.00970595 0.99995 -0.545954 -0.153111 -0.710469
FixedParameters: 0 0 0

#Transform 97
Transform: AffineTransform_float_3_3
Parameters: 0.999946 0.00994132 0.00283251 -0.00991192 0.9999 -0.0101597 -0.00293359 0.0101313 0.999944 -0.510576 -0.177505 -0.741557
FixedParameters: 0 0 0

#Transform 98
Transform: AffineTransform_float_3_3
Parameters: 0.999944 0.0102231 0.0026604 -0.0101946 0.999891 -0.01064 -0.0027694 0.010612 0.999939 -0.514212 -0.182644 -0.768539
FixedParameters: 0 0 0

#Transform 99
Transform: AffineTransform_float_3_3
Parameters: 0.999944 0.0102958 0.0024272 -0.010269 0.999888 -0.0109455 -0.0025404 0.0109205 0.999937 -0.536751 -0.183702 -0.787602
FixedParameters: 0 0 0

#Transform 100
Transform: AffineTransform_float_3_3
Parameters: 0.999933 0.0108817 0.00392614 -0.0108405 0.999886 -0.0104629 -0.00403953 0.0104201 0.999938 -0.532488 -0.17312 -0.752491
FixedParameters: 0 0 0

#Transform 101
Transform: AffineTransform_float_3_3
Parameters: 0.999934 0.0107128 0.00399013 -0.0106645 0.999872 -0.0119213 -0.00411759 0.0118777 0.999921 -0.562319 -0.210322 -0.628379
FixedParameters: 0 0 0

#Transform 102
Transform: AffineTransform_float_3_3
Parameters: 0.999938 0.0106229 0.00310777 -0.0105871 0.999881 -0.0112277 -0.00322633 0.0111943 0.999932 -0.569819 -0.199105 -0.660606
FixedParameters: 0 0 0

#Transform 103
Transform: AffineTransform_float_3_3
Parameters: 0.999944 0.0100428 0.00333224 -0.0100064 0.999893 -0.0105955 -0.00343811 0.0105615 0.999939 -0.544029 -0.184956 -0.636994
FixedParameters: 0 0 0

#Transform 104
Transform: AffineTransform_float_3_3
Parameters: 0.999942 0.0102353 0.00329192 -0.0101985 0.999888 -0.0109518 -0.00340427 0.0109172 0.999935 -0.545936 -0.189458 -0.69111
FixedParameters: 0 0 0

#Transform 105
Transform: AffineTransform_float_3_3
Parameters: 0.999945 0.00997039 0.00347548 -0.00993061 0.999886 -0.011337 -0.00358811 0.011302 0.99993 -0.52512 -0.206108 -0.739591
FixedParameters: 0 0 0

#Transform 106
Transform: AffineTransform_float_3_3
Parameters: 0.999947 0.00980201 0.00336695 -0.00976482 0.999895 -0.0108065 -0.00347238 0.0107735 0.999936 -0.522988 -0.184436 -0.724939
FixedParameters: 0 0 0

#Transform 107
Transform: AffineTransform_float_3_3
Parameters: 0.99995 0.00930247 0.00380695 -0.00925984 0.999897 -0.0109494 -0.00390851 0.0109126 0.999933 -0.49 -0.186851 -0.723985
FixedParameters: 0 0 0

#Transform 108
Transform: AffineTransform_float_3_3
Parameters: 0.999951 0.00931388 0.00317435 -0.00927839 0.999897 -0.0109451 -0.00327581 0.0109149 0.999935 -0.481913 -0.169414 -0.699147
FixedParameters: 0 0 0

#Transform 109
Transform: AffineTransform_float_3_3
Parameters: 0.999959 0.00840806 0.00355643 -0.00836865 0.999905 -0.0109421 -0.0036481 0.0109109 0.999934 -0.450404 -0.182158 -0.730369
FixedParameters: 0 0 0

#Transform 110
Transform: AffineTransform_float_3_3
Parameters: 0.99996 0.0082222 0.0034831 -0.00819005 0.999924 -0.00925964 -0.00355893 0.00923035 0.999951 -0.462559 -0.124109 -0.641078
FixedParameters: 0 0 0

#Transform 111
Transform: AffineTransform_float_3_3
Parameters: 0.999947 0.00990834 0.00281149 -0.00987938 0.999897 -0.0103422 -0.00291289 0.0103138 0.999942 -0.53054 -0.17726 -0.678724
FixedParameters: 0 0 0

#Transform 112
Transform: AffineTransform_float_3_3
Parameters: 0.99995 0.00940577 0.00333114 -0.00937404 0.999913 -0.00923625 -0.00341749 0.00920475 0.999952 -0.484644 -0.117129 -0.700806
FixedParameters: 0 0 0

#Transform 113
Transform: AffineTransform_float_3_3
Parameters: 0.999957 0.00878682 0.00316432 -0.00875779 0.999921 -0.00909376 -0.00324388 0.00906525 0.999954 -0.505663 -0.115377 -0.700722
FixedParameters: 0 0 0

#Transform 114
Transform: AffineTransform_float_3_3
Parameters: 0.999957 0.00874245 0.00304881 -0.00871287 0.999917 -0.00947697 -0.00313112 0.00945002 0.99995 -0.502046 -0.14241 -0.697442
FixedParameters: 0 0 0

#Transform 115
Transform: AffineTransform_float_3_3
Parameters: 0.999955 0.00877516 0.0037816 -0.00873784 0.999914 -0.0098088 -0.00386761 0.00977521 0.999945 -0.443113 -0.117643 -0.705785
FixedParameters: 0 0 0

#Transform 116
Transform: AffineTransform_float_3_3
Parameters: 0.999959 0.00840205 0.00355554 -0.00836644 0.999916 -0.00986184 -0.00363728 0.00983215 0.999945 -0.435843 -0.128491 -0.7186
FixedParameters: 0 0 0

#Transform 117
Transform: AffineTransform_float_3_3
Parameters: 0.999955 0.00872761 0.00372089 -0.00869034 0.999913 -0.00990757 -0.00380679 0.00987543 0.999944 -0.453462 -0.124062 -0.712988
FixedParameters: 0 0 0

#Transform 118
Transform: AffineTransform_float_3_3
Parameters: 0.999948 0.00973776 0.00281087 -0.0097123 0.999914 -0.00878298 -0.00289604 0.00875501 0.999958 -0.484745 -0.0873724 -0.615725
FixedParameters: 0 0 0

#Transform 119
Transform: AffineTransform_float_3_3
Parameters: 0.999948 0.00972221 0.00302726 -0.00969074 0.999903 -0.0100517 -0.00312453 0.0100223 0.999944 -0.458413 -0.12088 -0.791304
FixedParameters: 0 0 0

#Transform 120
Transform: AffineTransform_float_3_3
Parameters: 0.999951 0.0093823 0.00294547 -0.00935341 0.999908 -0.00976886 -0.00303643 0.00974113 0.999948 -0.478732 -0.110188 -0.70091
FixedParameters: 0 0 0

#Transform 121
Transform: AffineTransform_float_3_3
Parameters: 0.999955 0.00915032 0.00274401 -0.00912197 0.999906 -0.0102332 -0.00283712 0.0102078 0.999944 -0.468504 -0.140917 -0.746833
FixedParameters: 0 0 0

#Transform 122
Transform: AffineTransform_float_3_3
Parameters: 0.999951 0.00948766 0.00285001 -0.00945669 0.999902 -0.0103498 -0.00294773 0.0103232 0.999942 -0.506374 -0.144021 -0.730185
FixedParameters: 0 0 0

#Transform 123
Transform: AffineTransform_float_3_3
Parameters: 0.999953 0.00948952 0.00156631 -0.00947331 0.999904 -0.0100535 -0.00166194 0.0100384 0.999948 -0.499862 -0.118035 -0.672554
FixedParameters: 0 0 0

#Transform 124
Transform: AffineTransform_float_3_3
Parameters: 0.999955 0.00920702 0.00197376 -0.00918628 0.999905 -0.0102584 -0.00206768 0.0102396 0.999945 -0.498835 -0.126346 -0.687676
FixedParameters: 0 0 0

#Transform 125
Transform: AffineTransform_float_3_3
Parameters: 0.999952 0.00954132 0.00188097 -0.00952201 0.999903 -0.0101672 -0.00197818 0.0101488 0.999947 -0.501779 -0.118309 -0.689924
FixedParameters: 0 0 0

#Transform 126
Transform: AffineTransform_float_3_3
Parameters: 0.999953 0.00940969 0.00224686 -0.00938747 0.999908 -0.0098221 -0.00233907 0.0098009 0.999949 -0.492094 -0.119452 -0.718205
FixedParameters: 0 0 0

#Transform 127
Transform: AffineTransform_float_3_3
Parameters: 0.999953 0.00944737 0.00223877 -0.00942335 0.999899 -0.0106405 -0.00233874 0.0106185 0.999941 -0.49044 -0.125482 -0.72699
FixedParameters: 0 0 0

#Transform 128
Transform: AffineTransform_float_3_3
Parameters: 0.99995 0.00967956 0.00254081 -0.00965192 0.999894 -0.0109299 -0.00264614 0.0109051 0.999937 -0.48671 -0.152317 -0.788786
FixedParameters: 0 0 0

#Transform 129
Transform: AffineTransform_float_3_3
Parameters: 0.999967 0.0076404 0.00273712 -0.00761655 0.999932 -0.00878689 -0.00280401 0.00876611 0.999958 -0.527485 -0.0864572 -0.660694
FixedParameters: 0 0 0

#Transform 130
Transform: AffineTransform_float_3_3
Parameters: 0.999953 0.00951203 0.00176691 -0.00949514 0.999909 -0.00957326 -0.00185752 0.00955573 0.999953 -0.585054 -0.0802204 -0.624178
FixedParameters: 0 0 0

#Transform 131
Transform: AffineTransform_float_3_3
Parameters: 0.999935 0.0109407 0.00302355 -0.01091 0.999891 -0.00994827 -0.00313314 0.00991469 0.999945 -0.513267 -0.107911 -0.695773
FixedParameters: 0 0 0

#Transform 132
Transform: AffineTransform_float_3_3
Parameters: 0.99994 0.0107076 0.00256121 -0.0106825 0.999895 -0.00982892 -0.00266661 0.00980107 0.999949 -0.558058 -0.11131 -0.710092
FixedParameters: 0 0 0

#Transform 133
Transform: AffineTransform_float_3_3
Parameters: 0.99994 0.0106186 0.00264725 -0.0105912 0.999892 -0.0101392 -0.00275483 0.0101107 0.999945 -0.521373 -0.107633 -0.729496
FixedParameters: 0 0 0

#Transform 134
Transform: AffineTransform_float_3_3
Parameters: 0.999937 0.0108392 0.00314515 -0.0108065 0.999887 -0.0104216 -0.00325823 0.0103874 0.999941 -0.534899 -0.104789 -0.707153
FixedParameters: 0 0 0

#Transform 135
Transform: AffineTransform_float_3_3
Parameters: 0.999927 0.0118462 0.00207799 -0.0118242 0.999877 -0.010404 -0.00220037 0.010379 0.999944 -0.635045 -0.122926 -0.687127
FixedParameters: 0 0 0

#Transform 136
Transform: AffineTransform_float_3_3
Parameters: 0.999932 0.011414 0.00236443 -0.0113932 0.999898 -0.00867057 -0.00246282 0.00864343 0.99996 -0.607905 -0.0521751 -0.580314
FixedParameters: 0 0 0

#Transform 137
Transform: AffineTransform_float_3_3
Parameters: 0.999939 0.010638 0.00319487 -0.0106156 0.99992 -0.00688646 -0.00326741 0.00685155 0.999971 -0.558574 -0.00492515 -0.552811
FixedParameters: 0 0 0

#Transform 138
Transform: AffineTransform_float_3_3
Parameters: 0.999933 0.0111875 0.00302676 -0.0111718 0.999924 -0.00524184 -0.00308455 0.00520716 0.999981 -0.561203 0.0397679 -0.486112
FixedParameters: 0 0 0

#Transform 139
Transform: AffineTransform_float_3_3
Parameters: 0.999932 0.011381 0.00232339 -0.0113643 0.999909 -0.00717878 -0.00240411 0.00715223 0.999972 -0.603041 -0.00933292 -0.597218
FixedParameters: 0 0 0

#Transform 140
Transform: AffineTransform_float_3_3
Parameters: 0.999953 0.00942936 0.00255833 -0.00941368 0.999938 -0.00597634 -0.0026143 0.00595165 0.999979 -0.526533 0.101374 -0.414494
FixedParameters: 0 0 0

#Transform 141
Transform: AffineTransform_float_3_3
Parameters: 0.999935 0.0111338 0.00267073 -0.0111183 0.999922 -0.00559636 -0.00273221 0.00556565 0.999981 -0.690984 0.0864402 -0.424738
FixedParameters: 0 0 0

#Transform 142
Transform: AffineTransform_float_3_3
Parameters: 0.999916 0.0129651 0.00062839 -0.0129613 0.9999 -0.0056304 -0.000701003 0.0056216 0.999984 -0.763716 0.0396309 -0.389435
FixedParameters: 0 0 0

#Transform 143
Transform: AffineTransform_float_3_3
Parameters: 0.999929 0.0117869 -0.00176749 -0.0118027 0.99989 -0.00905443 0.00166125 0.00907459 0.999958 -0.718139 -0.0535779 -0.6711
FixedParameters: 0 0 0

#Transform 144
Transform: AffineTransform_float_3_3
Parameters: 0.999936 0.0112954 -0.000656463 -0.0113007 0.999897 -0.00881402 0.000557023 0.00882096 0.999961 -0.6859 0.00533197 -0.601459
FixedParameters: 0 0 0

#Transform 145
Transform: AffineTransform_float_3_3
Parameters: 0.99993 0.0118847 -0.000444323 -0.0118887 0.999891 -0.00876422 0.000340039 0.00876878 0.999962 -0.701785 0.00401764 -0.624303
FixedParameters: 0 0 0

#Transform 146
Transform: AffineTransform_float_3_3
Parameters: 0.999931 0.0117562 -0.000258025 -0.0117587 0.99988 -0.0100876 0.000139607 0.0100904 0.999949 -0.686158 -0.0814039 -0.724958
FixedParameters: 0 0 0

#Transform 147
Transform: AffineTransform_float_3_3
Parameters: 0.999932 0.0116183 -0.00086889 -0.0116282 0.999868 -0.0113611 0.000736908 0.0113709 0.999935 -0.68971 -0.113464 -0.718485
FixedParameters: 0 0 0

#Transform 148
Transform: AffineTransform_float_3_3
Parameters: 0.999928 0.0119365 -0.001324 -0.0119508 0.999864 -0.0113777 0.00118824 0.0113923 0.999935 -0.756783 -0.0942819 -0.716627
FixedParameters: 0 0 0

#Transform 149
Transform: AffineTransform_float_3_3
Parameters: 0.999922 0.0124447 3.42848e-05 -0.0124433 0.999849 -0.0120851 -0.000184593 0.0120839 0.999927 -0.716151 -0.141827 -0.810337
FixedParameters: 0 0 0

#Transform 150
Transform: AffineTransform_float_3_3
Parameters: 0.999884 0.0152258 0.00115914 -0.01521 0.999798 -0.0131646 -0.00135991 0.0131454 0.999913 -0.813757 -0.204073 -0.860766
FixedParameters: 0 0 0

#Transform 151
Transform: AffineTransform_float_3_3
Parameters: 0.999879 0.0155428 0.000404928 -0.0155365 0.999798 -0.0127049 -0.000602504 0.0126971 0.999919 -0.84141 -0.156366 -0.823507
FixedParameters: 0 0 0

#Transform 152
Transform: AffineTransform_float_3_3
Parameters: 0.999894 0.0145961 0.000157573 -0.0145924 0.999805 -0.0133355 -0.000352093 0.0133325 0.999911 -0.799464 -0.173812 -0.889049
FixedParameters: 0 0 0

#Transform 153
Transform: AffineTransform_float_3_3
Parameters: 0.999913 0.0131721 0.000390701 -0.0131654 0.999827 -0.0131241 -0.000563262 0.0131179 0.999914 -0.75121 -0.187949 -0.851244
FixedParameters: 0 0 0

#Transform 154
Transform: AffineTransform_float_3_3
Parameters: 0.999919 0.012694 0.00138915 -0.0126776 0.999856 -0.011293 -0.00153266 0.011275 0.999936 -0.686326 -0.103298 -0.717818
FixedParameters: 0 0 0

#Transform 155
Transform: AffineTransform_float_3_3
Parameters: 0.999913 0.0130626 0.00138173 -0.0130446 0.999841 -0.0121642 -0.00154066 0.0121458 0.999925 -0.712014 -0.12941 -0.738519
FixedParameters: 0 0 0

#Transform 156
Transform: AffineTransform_float_3_3
Parameters: 0.999925 0.0122603 0.000953033 -0.0122456 0.999832 -0.0136383 -0.00111949 0.0136257 0.999907 -0.740821 -0.175562 -0.789995
FixedParameters: 0 0 0

#Transform 157
Transform: AffineTransform_float_3_3
Parameters: 0.999928 0.011884 0.00122183 -0.0118655 0.999829 -0.0141941 -0.00139012 0.0141789 0.999899 -0.722872 -0.191649 -0.809837
FixedParameters: 0 0 0

#Transform 158
Transform: AffineTransform_float_3_3
Parameters: 0.999919 0.0127179 0.00118522 -0.0126993 0.999813 -0.0146256 -0.00137066 0.0146094 0.999893 -0.74919 -0.202121 -0.825329
FixedParameters: 0 0 0

#Transform 159
Transform: AffineTransform_float_3_3
Parameters: 0.999932 0.0115815 0.00131989 -0.0115597 0.999815 -0.0153294 -0.00149701 0.0153126 0.999882 -0.72174 -0.217131 -0.803697
FixedParameters: 0 0 0

#Transform 160
Transform: AffineTransform_float_3_3
Parameters: 0.999929 0.0118621 0.00101742 -0.0118448 0.999812 -0.0153282 -0.00119979 0.0153148 0.999882 -0.723111 -0.202857 -0.822134
FixedParameters: 0 0 0

#Transform 161
Transform: AffineTransform_float_3_3
Parameters: 0.999928 0.0119563 0.00154989 -0.0119323 0.999824 -0.0144579 -0.00172221 0.0144381 0.999894 -0.711648 -0.185059 -0.836327
FixedParameters: 0 0 0

#Transform 162
Transform: AffineTransform_float_3_3
Parameters: 0.999924 0.0122496 0.00153428 -0.0122261 0.999817 -0.0147194 -0.00171348 0.0146996 0.999891 -0.71008 -0.201339 -0.848295
FixedParameters: 0 0 0

#Transform 163
Transform: AffineTransform_float_3_3
Parameters: 0.999933 0.0113976 0.00208901 -0.011364 0.999819 -0.0152472 -0.00226221 0.0152228 0.999882 -0.657601 -0.218384 -0.916606
FixedParameters: 0 0 0

#Transform 164
Transform: AffineTransform_float_3_3
Parameters: 0.99994 0.0106442 0.00267655 -0.0106015 0.999825 -0.0154391 -0.00284069 0.0154099 0.999877 -0.600152 -0.235942 -0.895318
FixedParameters: 0 0 0

#Transform 165
Transform: AffineTransform_float_3_3
Parameters: 0.999946 0.0100416 0.00294179 -0.00999228 0.99982 -0.0161221 -0.00310395 0.0160919 0.999866 -0.5598 -0.244533 -0.90596
FixedParameters: 0 0 0

#Transform 166
Transform: AffineTransform_float_3_3
Parameters: 0.999948 0.00970089 0.00308323 -0.00965109 0.99983 -0.0157109 -0.00323459 0.0156801 0.999872 -0.512964 -0.245154 -0.92377
FixedParameters: 0 0 0

#Transform 167
Transform: AffineTransform_float_3_3
Parameters: 0.99995 0.00963634 0.0029111 -0.00959025 0.999834 -0.0155156 -0.00306016 0.0154864 0.999875 -0.523393 -0.233869 -0.865403
FixedParameters: 0 0 0

#Transform 168
Transform: AffineTransform_float_3_3
Parameters: 0.999942 0.010053 0.00370352 -0.0100002 0.999851 -0.0140556 -0.00384405 0.0140174 0.999895 -0.537056 -0.190564 -0.824097
FixedParameters: 0 0 0

#Transform 169
Transform: AffineTransform_float_3_3
Parameters: 0.999925 0.0116445 0.0036291 -0.0115908 0.999827 -0.0145743 -0.00379859 0.0145308 0.999888 -0.586745 -0.228378 -0.865917
FixedParameters: 0 0 0

#Transform 170
Transform: AffineTransform_float_3_3
Parameters: 0.999862 0.013982 0.00905263 -0.0137948 0.999697 -0.0203848 -0.00933486 0.0202572 0.999751 -0.529471 -0.53932 -1.265
FixedParameters: 0 0 0

#Transform 171
Transform: AffineTransform_float_3_3
Parameters: 0.999897 0.0133226 0.00521723 -0.0132425 0.999798 -0.0151046 -0.00541735 0.0150334 0.999872 -0.612848 -0.259521 -0.94408
FixedParameters: 0 0 0

#Transform 172
Transform: AffineTransform_float_3_3
Parameters: 0.999891 0.0140872 0.00437585 -0.014014 0.99977 -0.0161932 -0.00460289 0.0161298 0.99986 -0.587747 -0.300715 -1.01556
FixedParameters: 0 0 0

#Transform 173
Transform: AffineTransform_float_3_3
Parameters: 0.999905 0.01331 0.00377968 -0.0132362 0.999733 -0.018932 -0.00403082 0.01888 0.999813 -0.590413 -0.416366 -1.10401
FixedParameters: 0 0 0

#Transform 174
Transform: AffineTransform_float_3_3
Parameters: 0.99992 0.0121317 0.00356876 -0.0120619 0.999748 -0.018968 -0.00379764 0.018923 0.999813 -0.600981 -0.41929 -1.12175
FixedParameters: 0 0 0

#Transform 175
Transform: AffineTransform_float_3_3
Parameters: 0.999914 0.01251 0.00398541 -0.0124368 0.999763 -0.0178712 -0.00420849 0.0178208 0.999832 -0.634309 -0.381714 -1.05363
FixedParameters: 0 0 0

#Transform 176
Transform: AffineTransform_float_3_3
Parameters: 0.999833 0.0182365 0.00108953 -0.0182122 0.999647 -0.0193259 -0.00144209 0.0193031 0.999813 -0.943649 -0.410476 -1.05048
FixedParameters: 0 0 0

#Transform 177
Transform: AffineTransform_float_3_3
Parameters: 0.999849 0.0174063 0.000263514 -0.017395 0.99958 -0.0231903 -0.000667527 0.0231827 0.999731 -0.963262 -0.593509 -1.1173
FixedParameters: 0 0 0

#Transform 178
Transform: AffineTransform_float_3_3
Parameters: 0.999878 0.0155861 0.000312514 -0.0155752 0.999622 -0.0226367 -0.000665531 0.0226293 0.999744 -0.912412 -0.604517 -1.16137
FixedParameters: 0 0 0

#Transform 179
Transform: AffineTransform_float_3_3
Parameters: 0.999878 0.0156535 0.000432783 -0.0156399 0.999635 -0.022045 -0.000777077 0.022036 0.999757 -0.920383 -0.568555 -1.21677
FixedParameters: 0 0 0
