# transform file transforms/talairach.lta
# created by oesteban on Thu Mar 12 02:13:11 2026

type      = 0 # LINEAR_VOX_TO_VOX
nxforms   = 1
mean      = 133.0000 140.0000 116.0000
sigma     = 10000.0000
1 4 4
1.052597165107727e+00 -1.316474974155426e-01 4.502295330166817e-02 1.011651873588562e+00 
8.382219076156616e-02 1.117147207260132e+00 3.318604230880737e-01 -8.162763977050781e+01 
-8.021801710128784e-02 -3.017107844352722e-01 1.015455126762390e+00 4.756972885131836e+01 
0.000000000000000e+00 0.000000000000000e+00 0.000000000000000e+00 1.000000000000000e+00 
src volume info
valid = 1  # volume info valid
filename = nu.mgz
volume = 256 256 256
voxelsize = 1.000000000000000e+00 1.000000000000000e+00 1.000000000000000e+00
xras   = -1.000000000000000e+00 0.000000000000000e+00 0.000000000000000e+00
yras   = 0.000000000000000e+00 0.000000000000000e+00 -1.000000000000000e+00
zras   = 0.000000000000000e+00 1.000000000000000e+00 0.000000000000000e+00
cras   = 3.556671142578125e+00 1.000000000000000e+00 1.000000000000000e+00
dst volume info
valid = 1  # volume info valid
filename = /opt/freesurfer/average/RB_all_2020-01-02.gca
volume = 256 256 256
voxelsize = 1.000000000000000e+00 1.000000000000000e+00 1.000000000000000e+00
xras   = -1.000000000000000e+00 0.000000000000000e+00 0.000000000000000e+00
yras   = 0.000000000000000e+00 0.000000000000000e+00 -1.000000000000000e+00
zras   = 0.000000000000000e+00 1.000000000000000e+00 0.000000000000000e+00
cras   = 0.000000000000000e+00 0.000000000000000e+00 0.000000000000000e+00
