#Insight Transform File V1.0
#Transform 0
Transform: AffineTransform_float_3_3
Parameters: 0.999999 0.000227355 0.00153995 -0.000229164 0.999999 0.00161137 -0.00153947 -0.00161063 0.999998 -0.0512624 -0.340006 -0.482417
FixedParameters: 0 0 0

#Transform 1
Transform: AffineTransform_float_3_3
Parameters: 1 0.000291552 -0.000185815 -0.000291689 1 -0.000367946 0.000185601 0.000368054 1 -0.0151353 0.0691241 0.0247609
FixedParameters: 0 0 0

#Transform 2
Transform: AffineTransform_float_3_3
Parameters: 1 0.000286307 -0.000412889 -0.00028669 1 -0.000464881 0.000412623 0.000465118 1 -0.00562993 0.0714031 -0.000607816
FixedParameters: 0 0 0

#Transform 3
Transform: AffineTransform_float_3_3
Parameters: 1 0.000379708 -0.000193101 -0.000379669 1 -0.000910286 0.000193331 0.000909714 0.999999 -0.0226808 0.0888785 0.00101082
FixedParameters: 0 0 0

#Transform 4
Transform: AffineTransform_float_3_3
Parameters: 1 0.000286206 -0.000412959 -0.000286791 0.999999 -0.000708881 0.000412553 0.000709118 0.999999 -0.0239968 0.0851253 -0.0131513
FixedParameters: 0 0 0

#Transform 5
Transform: AffineTransform_float_3_3
Parameters: 1 0.000189305 -0.000185962 -0.000189623 0.999999 -0.000856964 0.000185637 0.000857034 0.999999 -0.0222933 0.0846354 -0.0105569
FixedParameters: 0 0 0

#Transform 6
Transform: AffineTransform_float_3_3
Parameters: 1 0.000180337 -0.000127842 -0.000180203 0.999999 -0.00100198 0.000128402 0.00100202 0.999999 -0.0142647 0.0892871 -0.0178621
FixedParameters: 0 0 0

#Transform 7
Transform: AffineTransform_float_3_3
Parameters: 1 -9.16265e-05 -0.000156632 9.13796e-05 0.999999 -0.000788014 0.000156776 0.000787985 0.999999 -0.0211427 0.0883759 -0.0169117
FixedParameters: 0 0 0

#Transform 8
Transform: AffineTransform_float_3_3
Parameters: 0.999999 0.000110498 -0.00082527 -0.000111093 1 -0.00115491 0.000825544 0.00115509 0.999999 -0.00795671 0.105037 -0.0186937
FixedParameters: 0 0 0

#Transform 9
Transform: AffineTransform_float_3_3
Parameters: 1 -1.79705e-05 -6.48524e-06 1.79624e-05 1 -0.000618 6.50745e-06 0.000618 1 -0.0313916 0.100955 -0.026218
FixedParameters: 0 0 0

#Transform 10
Transform: AffineTransform_float_3_3
Parameters: 0.999999 -0.000789046 0.000252599 0.000789177 0.999999 -0.000258801 -0.00025219 0.000259199 1 0.00241283 0.0752835 -0.0225602
FixedParameters: 0 0 0

#Transform 11
Transform: AffineTransform_float_3_3
Parameters: 1 -0.000489067 0.000319127 0.000489413 0.999999 -0.00115484 -0.000318917 0.00115516 1 0.00992332 0.0962189 -0.0169818
FixedParameters: 0 0 0

#Transform 12
Transform: AffineTransform_float_3_3
Parameters: 1 -0.000510678 0.000245437 0.000511014 0.999999 -0.000685874 -0.000244736 0.000686125 0.999999 0.00100101 0.090914 -0.0321623
FixedParameters: 0 0 0

#Transform 13
Transform: AffineTransform_float_3_3
Parameters: 1 -0.00019676 0.000344589 0.000197058 1 -0.000998292 -0.000345116 0.000997708 0.999999 -0.00286887 0.0888019 -0.0370168
FixedParameters: 0 0 0

#Transform 14
Transform: AffineTransform_float_3_3
Parameters: 1 -0.00032009 0.000552587 0.000320975 1 -0.00115482 -0.000552767 0.00115518 0.999999 -0.00990369 0.0943377 -0.0511863
FixedParameters: 0 0 0

#Transform 15
Transform: AffineTransform_float_3_3
Parameters: 1 -0.000534753 0.000260335 0.000534971 0.999999 -0.00116986 -0.000260004 0.00117014 1 -0.00417674 0.0969489 -0.0486165
FixedParameters: 0 0 0

#Transform 16
Transform: AffineTransform_float_3_3
Parameters: 1 -0.000365298 0.00010438 0.000365101 0.999999 -0.000925961 -0.000104624 0.000926037 0.999999 -0.00778367 0.0966304 -0.0449507
FixedParameters: 0 0 0

#Transform 17
Transform: AffineTransform_float_3_3
Parameters: 1 -0.000279508 0.000101688 0.000279775 0.999999 -0.00131797 -0.00010095 0.00131803 0.999999 -0.00204134 0.0902005 -0.0252469
FixedParameters: 0 0 0

#Transform 18
Transform: AffineTransform_float_3_3
Parameters: 0.999999 -0.000746921 2.25472e-05 0.000747509 0.999999 -0.00130598 -2.19067e-05 0.00130602 0.999999 0.0144726 0.0883997 -0.031715
FixedParameters: 0 0 0

#Transform 19
Transform: AffineTransform_float_3_3
Parameters: 1 -0.000521646 0.00046222 0.000522168 1 -0.000987118 -0.00046211 0.000986882 0.999999 -0.000586073 0.0985994 -0.0328833
FixedParameters: 0 0 0

#Transform 20
Transform: AffineTransform_float_3_3
Parameters: 1 -0.00038782 0.00041636 0.000388985 0.999999 -0.00140084 -0.000415272 0.00140116 0.999999 -0.00519634 0.100212 -0.0578716
FixedParameters: 0 0 0

#Transform 21
Transform: AffineTransform_float_3_3
Parameters: 1 -0.000557197 0.000222935 0.000557567 1 -0.000831236 -0.000222009 0.000830764 0.999999 -0.00834481 0.118801 -0.0386322
FixedParameters: 0 0 0

#Transform 22
Transform: AffineTransform_float_3_3
Parameters: 0.999999 -0.000737635 0.00039403 0.000738098 1 -0.000588069 -0.000393163 0.000587931 1 0.0027223 0.110556 -0.0179804
FixedParameters: 0 0 0

#Transform 23
Transform: AffineTransform_float_3_3
Parameters: 0.999999 -0.000911287 0.00013944 0.000911827 0.999998 -0.00143987 -0.000139046 0.00144013 0.999999 0.00214885 0.107332 -0.0206214
FixedParameters: 0 0 0

#Transform 24
Transform: AffineTransform_float_3_3
Parameters: 0.999999 -0.000747857 0.000522974 0.000748858 0.999999 -0.00133161 -0.000521901 0.00133239 0.999999 -0.00537631 0.102713 -0.0415757
FixedParameters: 0 0 0

#Transform 25
Transform: AffineTransform_float_3_3
Parameters: 1 -0.00057784 0.000284209 0.000578187 0.999999 -0.00129884 -0.000283627 0.00129916 0.999999 -0.00465871 0.101078 -0.038811
FixedParameters: 0 0 0

#Transform 26
Transform: AffineTransform_float_3_3
Parameters: 1 -0.000577843 0.000284203 0.000578184 0.999999 -0.00128884 -0.000283633 0.00128916 0.999999 0.00156811 0.097787 -0.0250049
FixedParameters: 0 0 0

#Transform 27
Transform: AffineTransform_float_3_3
Parameters: 0.999999 -0.000718078 0.000342847 0.000718563 0.999999 -0.00127875 -0.00034193 0.00127925 0.999999 0.0132409 0.0900429 -0.0264775
FixedParameters: 0 0 0

#Transform 28
Transform: AffineTransform_float_3_3
Parameters: 1 -0.000530961 0.000394011 0.000532071 0.999998 -0.00190679 -0.000392904 0.00190721 0.999998 -0.00142374 0.0922103 -0.0216285
FixedParameters: 0 0 0

#Transform 29
Transform: AffineTransform_float_3_3
Parameters: 0.999999 -0.000812516 0.000371206 0.000813139 0.999998 -0.0013677 -0.000369903 0.0013683 0.999999 -0.00147792 0.0789581 -0.0306895
FixedParameters: 0 0 0

#Transform 30
Transform: AffineTransform_float_3_3
Parameters: 1 -0.000609085 0.000210923 0.000609458 0.999998 -0.00181387 -0.000209633 0.00181413 0.999999 0.0017659 0.0917622 -0.0402571
FixedParameters: 0 0 0

#Transform 31
Transform: AffineTransform_float_3_3
Parameters: 0.999999 -0.000820796 0.000351775 0.000821271 0.999999 -0.00123171 -0.000350673 0.00123229 0.999999 0.00653784 0.090682 -0.032254
FixedParameters: 0 0 0

#Transform 32
Transform: AffineTransform_float_3_3
Parameters: 0.999999 -0.000877604 0.000218422 0.000877775 0.999999 -0.00128896 -0.000217079 0.00129004 0.999999 0.0127302 0.0984447 -0.0150789
FixedParameters: 0 0 0

#Transform 33
Transform: AffineTransform_float_3_3
Parameters: 1 -0.000554581 4.305e-05 0.000554341 0.999999 -0.00177513 -4.20016e-05 0.00177587 0.999998 -0.0106593 0.0922988 -0.0374352
FixedParameters: 0 0 0

#Transform 34
Transform: AffineTransform_float_3_3
Parameters: 0.999999 -0.000819204 0.000164098 0.00082012 0.999999 -0.00117887 -0.000163477 0.00117913 1 -0.0092599 0.0920014 -0.0276095
FixedParameters: 0 0 0

#Transform 35
Transform: AffineTransform_float_3_3
Parameters: 0.999999 -0.000894541 -0.000180523 0.000894053 0.999998 -0.00173116 0.000181387 0.00173084 0.999999 -0.00511234 0.0905494 -0.0260844
FixedParameters: 0 0 0

#Transform 36
Transform: AffineTransform_float_3_3
Parameters: 0.999999 -0.000979 0.000269003 0.000979333 0.999998 -0.0020791 -0.000266772 0.0020789 0.999998 -0.00116987 0.0825413 -0.0233605
FixedParameters: 0 0 0

#Transform 37
Transform: AffineTransform_float_3_3
Parameters: 0.999999 -0.000794482 -0.000222565 0.000794363 0.999996 -0.00263918 0.000224135 0.00263882 0.999997 -0.00646962 0.0747727 -0.0494007
FixedParameters: 0 0 0

#Transform 38
Transform: AffineTransform_float_3_3
Parameters: 0.999999 -0.00136364 2.02538e-05 0.00136347 0.999996 -0.00223797 -1.73027e-05 0.00223803 0.999998 0.00137692 0.0990034 -0.0359309
FixedParameters: 0 0 0

#Transform 39
Transform: AffineTransform_float_3_3
Parameters: 0.999999 -0.000964198 7.87439e-06 0.000964751 0.999998 -0.00169135 -5.92376e-06 0.00169065 0.999998 -0.00450015 0.0900804 -0.0433707
FixedParameters: 0 0 0

#Transform 40
Transform: AffineTransform_float_3_3
Parameters: 1 -0.00111135 8.64795e-05 0.00111187 0.999997 -0.00223791 -8.37356e-05 0.0022381 0.999998 0.000557879 0.0989553 -0.0346713
FixedParameters: 0 0 0

#Transform 41
Transform: AffineTransform_float_3_3
Parameters: 1 -0.000696592 5.6869e-06 0.000697139 0.999999 -0.00163936 -4.7138e-06 0.00163864 0.999998 -0.00846441 0.0768892 -0.03737
FixedParameters: 0 0 0

#Transform 42
Transform: AffineTransform_float_3_3
Parameters: 1 -0.000663632 8.30487e-05 0.000664456 0.999998 -0.00177995 -8.19959e-05 0.00178006 0.999999 0.0031164 0.0732533 -0.0284755
FixedParameters: 0 0 0

#Transform 43
Transform: AffineTransform_float_3_3
Parameters: 1 -0.00106567 0.000210943 0.00106598 0.999998 -0.00167829 -0.000208286 0.00167871 0.999998 0.0140581 0.0870545 -0.0163779
FixedParameters: 0 0 0

#Transform 44
Transform: AffineTransform_float_3_3
Parameters: 1 -0.00109389 0.000144879 0.00109363 0.999997 -0.00182884 -0.000142719 0.00182916 0.999999 0.0079878 0.0890925 -0.0190448
FixedParameters: 0 0 0

#Transform 45
Transform: AffineTransform_float_3_3
Parameters: 1 -0.000968297 0.000439256 0.000969159 0.999998 -0.00187458 -0.000437464 0.00187542 0.999998 0.00485074 0.110005 -0.00116037
FixedParameters: 0 0 0

#Transform 46
Transform: AffineTransform_float_3_3
Parameters: 1 4.88612e-05 0.000206372 -4.91098e-05 0.999998 -0.00162901 -0.000206141 0.00162899 0.999998 -0.00918323 0.0965289 0.0229233
FixedParameters: 0 0 0

#Transform 47
Transform: AffineTransform_float_3_3
Parameters: 1 -0.000953895 0.000473179 0.000954258 0.999999 -0.000796909 -0.000472579 0.000797092 0.999999 -0.00212829 0.085904 0.00928876
FixedParameters: 0 0 0

#Transform 48
Transform: AffineTransform_float_3_3
Parameters: 0.999999 -0.00117956 0.000581445 0.00117946 0.999999 -0.000251674 -0.000581771 0.000252327 1 0.0062438 0.0890796 0.05205
FixedParameters: 0 0 0

#Transform 49
Transform: AffineTransform_float_3_3
Parameters: 1 -0.00111164 0.0001025 0.00111144 0.999999 -0.000939399 -0.000101332 0.000939601 0.999999 0.0320336 0.0712676 0.0511871
FixedParameters: 0 0 0

#Transform 50
Transform: AffineTransform_float_3_3
Parameters: 1 -0.000966596 0.000443285 0.000967343 0.999998 -0.00128557 -0.000441719 0.00128643 0.999999 0.00226996 0.0888685 0.0188674
FixedParameters: 0 0 0

#Transform 51
Transform: AffineTransform_float_3_3
Parameters: 0.999999 -0.000972496 0.000429435 0.000972774 0.999999 -0.00123458 -0.000428874 0.00123542 0.999999 0.00346625 0.0889143 0.0142751
FixedParameters: 0 0 0

#Transform 52
Transform: AffineTransform_float_3_3
Parameters: 1 -0.00105153 0.000417404 0.00105214 0.999998 -0.00119856 -0.000415802 0.00119944 0.999999 0.00903041 0.106328 0.0152342
FixedParameters: 0 0 0

#Transform 53
Transform: AffineTransform_float_3_3
Parameters: 0.999999 -0.00135991 0.000206213 0.00135958 0.999998 -0.00109687 -0.000205069 0.00109813 0.999999 0.0203286 0.0989268 0.0195935
FixedParameters: 0 0 0

#Transform 54
Transform: AffineTransform_float_3_3
Parameters: 0.999999 -0.00139185 0.000317477 0.00139209 0.999998 -0.000996559 -0.000315622 0.000997441 1 0.0256618 0.100439 0.0307584
FixedParameters: 0 0 0

#Transform 55
Transform: AffineTransform_float_3_3
Parameters: 0.999999 -0.00129522 0.000424563 0.00129552 0.999999 -0.00127281 -0.000423106 0.00127319 0.999999 0.0210974 0.091117 0.0241261
FixedParameters: 0 0 0

#Transform 56
Transform: AffineTransform_float_3_3
Parameters: 0.999999 -0.000739225 0.000433758 0.000739281 0.999999 -0.000514679 -0.000433917 0.000515321 1 -0.00848165 0.107567 0.0383829
FixedParameters: 0 0 0

#Transform 57
Transform: AffineTransform_float_3_3
Parameters: 1 -0.00108776 0.000526407 0.00108784 0.999999 -0.000444788 -0.000526359 0.000445213 1 -0.00545652 0.105012 0.0404996
FixedParameters: 0 0 0

#Transform 58
Transform: AffineTransform_float_3_3
Parameters: 1 -0.00102568 0.000493528 0.00102614 1 -0.000466854 -0.000492569 0.000467146 1 -0.00725435 0.102919 0.041203
FixedParameters: 0 0 0

#Transform 59
Transform: AffineTransform_float_3_3
Parameters: 1 -0.00112149 0.000447031 0.00112171 1 -0.000241859 -0.000446488 0.000242142 1 0.0028893 0.103456 0.0497287
FixedParameters: 0 0 0

#Transform 60
Transform: AffineTransform_float_3_3
Parameters: 0.999998 -0.00165427 0.000464136 0.00165435 0.999999 -0.000508105 -0.000463374 0.000508896 0.999999 0.022954 0.10419 0.0407076
FixedParameters: 0 0 0

#Transform 61
Transform: AffineTransform_float_3_3
Parameters: 0.999999 -0.000850244 0.000469297 0.000850023 0.999999 0.000235399 -0.000469696 -0.0002346 1 0.00380277 0.11724 0.0785957
FixedParameters: 0 0 0

#Transform 62
Transform: AffineTransform_float_3_3
Parameters: 0.999999 -0.00133433 0.000364283 0.00133427 0.999996 0.00221713 -0.000366517 -0.00221687 0.999997 0.00103415 0.103764 0.0812793
FixedParameters: 0 0 0

#Transform 63
Transform: AffineTransform_float_3_3
Parameters: 0.999999 -0.00131371 0.00071388 0.0013124 0.999998 0.00146358 -0.000715881 -0.00146242 0.999999 -0.0135537 0.113634 0.0878946
FixedParameters: 0 0 0

#Transform 64
Transform: AffineTransform_float_3_3
Parameters: 0.999999 -0.00143782 0.000620632 0.001437 0.999998 0.00160017 -0.00062247 -0.00159983 0.999998 -0.00231571 0.101306 0.0614505
FixedParameters: 0 0 0

#Transform 65
Transform: AffineTransform_float_3_3
Parameters: 0.999998 -0.00130568 0.000938378 0.00130399 0.999998 0.00152386 -0.000939591 -0.00152213 0.999998 -0.00078277 0.0985784 0.0582869
FixedParameters: 0 0 0

#Transform 66
Transform: AffineTransform_float_3_3
Parameters: 0.999998 -0.0015468 0.000717038 0.00154651 0.999998 0.000204749 -0.000717669 -0.000203249 1 -0.00739016 0.0987092 0.0829068
FixedParameters: 0 0 0

#Transform 67
Transform: AffineTransform_float_3_3
Parameters: 0.999999 -0.00138017 0.000446708 0.00138012 0.999999 5.42566e-05 -0.000446857 -5.37427e-05 1 -0.00265172 0.0967703 0.0814148
FixedParameters: 0 0 0

#Transform 68
Transform: AffineTransform_float_3_3
Parameters: 0.999998 -0.00190733 -0.000898872 0.00190577 0.999998 -0.000948022 0.000900252 0.000945981 1 0.0413934 0.0924557 0.0507256
FixedParameters: 0 0 0

#Transform 69
Transform: AffineTransform_float_3_3
Parameters: 0.999999 -0.000783576 0.000226974 0.000783443 0.999999 0.000293178 -0.000227433 -0.000292822 1 0.0091359 0.103549 0.0664255
FixedParameters: 0 0 0

#Transform 70
Transform: AffineTransform_float_3_3
Parameters: 0.999999 -0.000732864 0.000346552 0.000732564 0.999999 0.000433254 -0.000347186 -0.000432745 1 -0.00230804 0.0730999 0.0488961
FixedParameters: 0 0 0

#Transform 71
Transform: AffineTransform_float_3_3
Parameters: 0.999999 -0.00114385 0.00047622 0.0011438 0.999999 0.000465185 -0.000476364 -0.000464815 1 0.00704239 0.077476 0.0398973
FixedParameters: 0 0 0

#Transform 72
Transform: AffineTransform_float_3_3
Parameters: 0.999999 -0.00107059 0.000826883 0.00106902 0.999998 0.00165268 -0.000827657 -0.00165232 0.999998 0.00451961 0.0745722 0.0569627
FixedParameters: 0 0 0

#Transform 73
Transform: AffineTransform_float_3_3
Parameters: 0.999999 -0.000970192 0.000804127 0.000969409 0.999999 0.00073042 -0.000804623 -0.000729579 0.999999 -0.00173452 0.0976463 0.0724313
FixedParameters: 0 0 0

#Transform 74
Transform: AffineTransform_float_3_3
Parameters: 1 -0.000775908 0.000887013 0.000774813 0.999999 0.00157633 -0.000888007 -0.00157567 0.999998 0.000507217 0.0997425 0.0658024
FixedParameters: 0 0 0

#Transform 75
Transform: AffineTransform_float_3_3
Parameters: 0.999999 -0.00118355 0.000708538 0.00118201 0.999998 0.00163848 -0.000710572 -0.00163752 0.999998 -0.00640256 0.0908149 0.0629926
FixedParameters: 0 0 0

#Transform 76
Transform: AffineTransform_float_3_3
Parameters: 0.999999 -0.0012539 0.000444478 0.00125309 0.999998 0.0013512 -0.000446944 -0.0013508 0.999999 0.00185586 0.0897604 0.0866088
FixedParameters: 0 0 0

#Transform 77
Transform: AffineTransform_float_3_3
Parameters: 0.999999 -0.00109086 0.00061436 0.00108995 0.999999 0.00137731 -0.000615522 -0.00137669 0.999999 -0.00743808 0.0959135 0.101985
FixedParameters: 0 0 0

#Transform 78
Transform: AffineTransform_float_3_3
Parameters: 0.999999 -0.00134515 0.000590704 0.00134445 0.999998 0.00125744 -0.000592244 -0.00125656 0.999999 0.00932995 0.0834224 0.106044
FixedParameters: 0 0 0

#Transform 79
Transform: AffineTransform_float_3_3
Parameters: 0.999999 -0.00127782 0.000567635 0.00127716 0.999999 0.00126837 -0.000569034 -0.00126763 0.999999 0.0121111 0.0804393 0.094043
FixedParameters: 0 0 0

#Transform 80
Transform: AffineTransform_float_3_3
Parameters: 0.999999 -0.00130514 0.000795571 0.0013042 0.999999 0.00107968 -0.000796545 -0.00107832 0.999999 -0.00483517 0.0774576 0.0821836
FixedParameters: 0 0 0

#Transform 81
Transform: AffineTransform_float_3_3
Parameters: 0.999999 -0.00108672 0.000670025 0.00108581 0.999999 0.000677368 -0.000671496 -0.00067663 0.999999 -0.00776301 0.0930088 0.0785993
FixedParameters: 0 0 0

#Transform 82
Transform: AffineTransform_float_3_3
Parameters: 0.999998 -0.00143274 0.000901328 0.00143298 0.999999 8.39317e-05 -0.000900646 -8.2069e-05 0.999999 0.00365012 0.0794707 0.0759353
FixedParameters: 0 0 0

#Transform 83
Transform: AffineTransform_float_3_3
Parameters: 0.999998 -0.00157959 0.000557936 0.00158038 0.999998 -0.000231478 -0.000558515 0.000232523 1 0.0153157 0.0812626 0.0718395
FixedParameters: 0 0 0

#Transform 84
Transform: AffineTransform_float_3_3
Parameters: 0.999998 -0.00162107 0.000508748 0.00162101 0.999998 5.94647e-05 -0.000508939 -5.85344e-05 1 0.00786481 0.0848678 0.0744081
FixedParameters: 0 0 0

#Transform 85
Transform: AffineTransform_float_3_3
Parameters: 0.999998 -0.00129681 0.00107919 0.00129584 0.999999 0.000811833 -0.00107945 -0.000811168 0.999999 -0.00785295 0.0909745 0.0749157
FixedParameters: 0 0 0

#Transform 86
Transform: AffineTransform_float_3_3
Parameters: 0.999999 -0.00115312 0.000513318 0.00115265 0.999999 0.000830232 -0.000514311 -0.000829767 0.999999 -0.006359 0.0955245 0.0878294
FixedParameters: 0 0 0

#Transform 87
Transform: AffineTransform_float_3_3
Parameters: 0.999999 -0.0015202 0.00100278 0.00151955 0.999999 0.000518958 -0.00100343 -0.000518042 0.999999 -0.00212837 0.117379 0.0978005
FixedParameters: 0 0 0

#Transform 88
Transform: AffineTransform_float_3_3
Parameters: 0.999998 -0.00133293 0.00096273 0.00133258 0.999999 0.000388076 -0.000962843 -0.000386924 0.999999 -0.00485244 0.113167 0.0743494
FixedParameters: 0 0 0

#Transform 89
Transform: AffineTransform_float_3_3
Parameters: 0.999999 -0.00116538 0.000484344 0.00116462 0.999998 0.00198821 -0.000486214 -0.00198779 0.999998 -0.00614705 0.131135 0.115064
FixedParameters: 0 0 0

#Transform 90
Transform: AffineTransform_float_3_3
Parameters: 0.999998 -0.00226752 -0.000154448 0.00226909 0.999938 0.0109027 0.000129534 -0.0109034 0.999941 0.0280206 0.184296 0.300144
FixedParameters: 0 0 0

#Transform 91
Transform: AffineTransform_float_3_3
Parameters: 0.999993 -0.00365036 -0.000921819 0.00366316 0.999892 0.0142043 0.000870006 -0.0142067 0.999899 0.0822863 0.183003 0.348353
FixedParameters: 0 0 0

#Transform 92
Transform: AffineTransform_float_3_3
Parameters: 0.999996 -0.00302332 -3.33628e-05 0.00302355 0.999916 0.0126064 -4.79153e-06 -0.0126066 0.99992 0.0410313 0.156976 0.300689
FixedParameters: 0 0 0

#Transform 93
Transform: AffineTransform_float_3_3
Parameters: 0.999996 -0.00257995 -7.74717e-05 0.00258039 0.999929 0.0116473 4.82182e-05 -0.0116477 0.999932 0.0189907 0.162928 0.319469
FixedParameters: 0 0 0

#Transform 94
Transform: AffineTransform_float_3_3
Parameters: 0.999997 -0.0027012 0.000372104 0.00269742 0.999944 0.0102144 -0.000399661 -0.0102145 0.999948 0.0117477 0.183033 0.312993
FixedParameters: 0 0 0

#Transform 95
Transform: AffineTransform_float_3_3
Parameters: 0.999997 -0.00225772 8.6652e-05 0.00225663 0.99996 0.00869719 -0.00010661 -0.0086968 0.999962 0.00574591 0.146675 0.280933
FixedParameters: 0 0 0

#Transform 96
Transform: AffineTransform_float_3_3
Parameters: 0.999996 -0.00256549 0.000255614 0.0025631 0.99997 0.00735529 -0.000274422 -0.0073547 0.999973 0.0182267 0.128621 0.252766
FixedParameters: 0 0 0

#Transform 97
Transform: AffineTransform_float_3_3
Parameters: 0.999998 -0.002325 1.11015e-05 0.00232433 0.999978 0.00616117 -2.54376e-05 -0.00616182 0.999981 0.0124832 0.118293 0.227247
FixedParameters: 0 0 0

#Transform 98
Transform: AffineTransform_float_3_3
Parameters: 0.999997 -0.00232444 0.000351718 0.00232277 0.999984 0.00503596 -0.000362901 -0.00503504 0.999987 -0.000483425 0.126651 0.222827
FixedParameters: 0 0 0

#Transform 99
Transform: AffineTransform_float_3_3
Parameters: 0.999998 -0.00232766 0.000269816 0.00232633 0.999988 0.00450026 -0.000280382 -0.00449974 0.999989 -0.0099816 0.103141 0.213079
FixedParameters: 0 0 0

#Transform 100
Transform: AffineTransform_float_3_3
Parameters: 0.999998 -0.00224094 -0.000108576 0.00224077 0.99999 0.00373374 9.9848e-05 -0.00373426 0.999993 0.00404338 0.118063 0.221203
FixedParameters: 0 0 0

#Transform 101
Transform: AffineTransform_float_3_3
Parameters: 0.999998 -0.00228522 6.00125e-05 0.00228473 0.999991 0.00360012 -6.88486e-05 -0.00359988 0.999994 -0.00164976 0.109963 0.227723
FixedParameters: 0 0 0

#Transform 102
Transform: AffineTransform_float_3_3
Parameters: 0.999998 -0.0022835 0.000169834 0.0022826 0.999991 0.00364253 -0.00017793 -0.00364248 0.999994 0.0113339 0.0908854 0.196476
FixedParameters: 0 0 0

#Transform 103
Transform: AffineTransform_float_3_3
Parameters: 0.999997 -0.0024052 1.63376e-05 0.00240579 0.999989 0.00393602 -2.5817e-05 -0.00393597 0.999992 0.0137134 0.105399 0.229215
FixedParameters: 0 0 0

#Transform 104
Transform: AffineTransform_float_3_3
Parameters: 0.999998 -0.00196902 2.20708e-05 0.0019688 0.999991 0.00386439 -2.96708e-05 -0.00386361 0.999993 0.0103999 0.109371 0.22602
FixedParameters: 0 0 0

#Transform 105
Transform: AffineTransform_float_3_3
Parameters: 0.999998 -0.00223721 1.18272e-05 0.00223746 0.999991 0.00351452 -1.90172e-05 -0.00351448 0.999994 0.0144873 0.0952796 0.218937
FixedParameters: 0 0 0

#Transform 106
Transform: AffineTransform_float_3_3
Parameters: 0.999998 -0.0023096 0.000326997 0.00230841 0.999991 0.00373938 -0.000336119 -0.00373862 0.999993 0.00954744 0.0877963 0.216858
FixedParameters: 0 0 0

#Transform 107
Transform: AffineTransform_float_3_3
Parameters: 0.999998 -0.00227836 0.000400972 0.00227675 0.999989 0.00404869 -0.000410347 -0.00404831 0.999992 0.00618799 0.107614 0.231764
FixedParameters: 0 0 0

#Transform 108
Transform: AffineTransform_float_3_3
Parameters: 0.999997 -0.00218744 0.000388712 0.00218676 0.999992 0.00318098 -0.00039579 -0.00318001 0.999995 -0.00451165 0.111684 0.215211
FixedParameters: 0 0 0

#Transform 109
Transform: AffineTransform_float_3_3
Parameters: 0.999997 -0.00226954 0.000119624 0.00226929 0.999989 0.00405562 -0.000128572 -0.00405438 0.999992 0.00396004 0.0991997 0.197517
FixedParameters: 0 0 0

#Transform 110
Transform: AffineTransform_float_3_3
Parameters: 0.999997 -0.00219781 0.000120628 0.00219685 0.99999 0.0037244 -0.000129381 -0.0037246 0.999993 0.00396557 0.114589 0.217773
FixedParameters: 0 0 0

#Transform 111
Transform: AffineTransform_float_3_3
Parameters: 0.999997 -0.00233091 0.000276231 0.00232956 0.99999 0.00376442 -0.000284319 -0.00376458 0.999993 -0.0112032 0.113266 0.208202
FixedParameters: 0 0 0

#Transform 112
Transform: AffineTransform_float_3_3
Parameters: 0.999997 -0.00243544 3.00957e-05 0.00243485 0.999994 0.00261606 -3.61411e-05 -0.00261594 0.999997 -0.000406444 0.118787 0.195218
FixedParameters: 0 0 0

#Transform 113
Transform: AffineTransform_float_3_3
Parameters: 0.999997 -0.00250379 -0.000131862 0.00250363 0.999994 0.00252365 0.000124998 -0.00252435 0.999997 -0.00139144 0.121563 0.203383
FixedParameters: 0 0 0

#Transform 114
Transform: AffineTransform_float_3_3
Parameters: 0.999997 -0.00249797 -0.000118039 0.00249774 0.999994 0.00252369 0.000111205 -0.00252431 0.999997 -0.0151985 0.127319 0.215028
FixedParameters: 0 0 0

#Transform 115
Transform: AffineTransform_float_3_3
Parameters: 0.999997 -0.00237397 0.000177202 0.00237337 0.999995 0.00198219 -0.000181229 -0.00198281 0.999998 -0.0103792 0.114865 0.192993
FixedParameters: 0 0 0

#Transform 116
Transform: AffineTransform_float_3_3
Parameters: 0.999997 -0.00242681 5.41088e-05 0.00242656 0.999996 0.00107511 -5.70944e-05 -0.00107489 0.999999 -0.00937204 0.125564 0.208502
FixedParameters: 0 0 0

#Transform 117
Transform: AffineTransform_float_3_3
Parameters: 0.999997 -0.00247174 0.000160182 0.00247153 0.999996 0.00142717 -0.000164087 -0.00142783 0.999999 -0.0216459 0.120036 0.200297
FixedParameters: 0 0 0

#Transform 118
Transform: AffineTransform_float_3_3
Parameters: 0.999996 -0.00262283 -6.36144e-05 0.00262273 0.999996 0.00141366 6.06634e-05 -0.00141334 0.999999 -0.00882074 0.104347 0.208709
FixedParameters: 0 0 0

#Transform 119
Transform: AffineTransform_float_3_3
Parameters: 0.999997 -0.00247162 -5.24373e-05 0.00247201 0.999996 0.00133385 4.89947e-05 -0.00133415 0.999999 -0.00609339 0.103026 0.185553
FixedParameters: 0 0 0

#Transform 120
Transform: AffineTransform_float_3_3
Parameters: 0.999997 -0.00238551 0.000151579 0.00238542 0.999996 0.00113734 -0.000153851 -0.00113666 0.999999 -0.0126468 0.125721 0.207498
FixedParameters: 0 0 0

#Transform 121
Transform: AffineTransform_float_3_3
Parameters: 0.999998 -0.00223189 0.000514793 0.00223167 0.999997 0.000976279 -0.000517306 -0.00097472 1 -0.021984 0.124179 0.20055
FixedParameters: 0 0 0

#Transform 122
Transform: AffineTransform_float_3_3
Parameters: 0.999997 -0.00236035 0.000212947 0.00236031 0.999998 0.000109118 -0.000213461 -0.00010888 1 -0.0165341 0.125379 0.185763
FixedParameters: 0 0 0

#Transform 123
Transform: AffineTransform_float_3_3
Parameters: 0.999997 -0.00246723 0.000309027 0.00246747 0.999997 0.000235378 -0.000309266 -0.000234622 1 -0.0326209 0.134346 0.208811
FixedParameters: 0 0 0

#Transform 124
Transform: AffineTransform_float_3_3
Parameters: 0.999997 -0.00246487 0.000607037 0.0024648 0.999997 -0.000270737 -0.000606619 0.000272265 1 -0.047037 0.112466 0.146069
FixedParameters: 0 0 0

#Transform 125
Transform: AffineTransform_float_3_3
Parameters: 0.999998 -0.00222445 0.000534569 0.00222465 0.999996 -0.00128969 -0.000531589 0.00129131 0.999999 -0.0246495 0.143809 0.159371
FixedParameters: 0 0 0

#Transform 126
Transform: AffineTransform_float_3_3
Parameters: 0.999997 -0.00245838 0.000419454 0.00245934 0.999996 -0.00146036 -0.000415421 0.00146164 0.999998 -0.0302523 0.138082 0.133814
FixedParameters: 0 0 0

#Transform 127
Transform: AffineTransform_float_3_3
Parameters: 0.999997 -0.0023678 0.000198894 0.00236784 0.999996 -0.00173156 -0.000194765 0.00173244 0.999999 -0.0475372 0.124095 0.125625
FixedParameters: 0 0 0

#Transform 128
Transform: AffineTransform_float_3_3
Parameters: 0.999997 -0.00217284 0.000220227 0.00217298 0.999997 -0.00178555 -0.000216538 0.00178645 0.999998 -0.0505314 0.141825 0.138208
FixedParameters: 0 0 0

#Transform 129
Transform: AffineTransform_float_3_3
Parameters: 0.999998 -0.00227242 0.000422673 0.00227333 0.999995 -0.00184592 -0.000418352 0.00184708 0.999998 -0.0494875 0.13864 0.128133
FixedParameters: 0 0 0

#Transform 130
Transform: AffineTransform_float_3_3
Parameters: 0.999998 -0.00215078 0.00070833 0.00215258 0.999994 -0.00294471 -0.000701177 0.00294628 0.999995 -0.0519103 0.110068 0.0462815
FixedParameters: 0 0 0

#Transform 131
Transform: AffineTransform_float_3_3
Parameters: 0.999998 -0.00214133 0.000730648 0.00214328 0.999992 -0.00349268 -0.000723044 0.00349433 0.999993 -0.0480755 0.115733 0.069427
FixedParameters: 0 0 0

#Transform 132
Transform: AffineTransform_float_3_3
Parameters: 0.999998 -0.00201638 0.00102215 0.00201958 0.999991 -0.00356087 -0.00101475 0.00356213 0.999993 -0.0628093 0.0998042 0.0339895
FixedParameters: 0 0 0

#Transform 133
Transform: AffineTransform_float_3_3
Parameters: 0.999998 -0.00227757 0.00041296 0.00227926 0.999991 -0.00363894 -0.000404521 0.00364006 0.999994 -0.0311164 0.09911 0.0457886
FixedParameters: 0 0 0

#Transform 134
Transform: AffineTransform_float_3_3
Parameters: 0.999997 -0.00234136 0.000898588 0.00234449 0.99999 -0.00371398 -0.000889465 0.00371602 0.999993 -0.0499156 0.109 0.0665253
FixedParameters: 0 0 0

#Transform 135
Transform: AffineTransform_float_3_3
Parameters: 0.999998 -0.00196822 0.00113443 0.00197201 0.999991 -0.00363734 -0.00112799 0.00363966 0.999993 -0.0536355 0.100275 0.0487501
FixedParameters: 0 0 0

#Transform 136
Transform: AffineTransform_float_3_3
Parameters: 0.999998 -0.00204611 0.00095275 0.00204977 0.999991 -0.00378098 -0.000945546 0.00378202 0.999993 -0.0542971 0.093581 0.0716513
FixedParameters: 0 0 0

#Transform 137
Transform: AffineTransform_float_3_3
Parameters: 0.999997 -0.00215588 0.00133091 0.00216045 0.99999 -0.00388707 -0.00132255 0.00388994 0.999992 -0.0537402 0.101457 0.0218923
FixedParameters: 0 0 0

#Transform 138
Transform: AffineTransform_float_3_3
Parameters: 0.999998 -0.00205547 0.000930914 0.00205955 0.99999 -0.00388781 -0.000922274 0.00389019 0.999992 -0.0541272 0.10003 0.0295517
FixedParameters: 0 0 0

#Transform 139
Transform: AffineTransform_float_3_3
Parameters: 0.999998 -0.00202838 0.000993974 0.00203219 0.999989 -0.00416871 -0.000984935 0.00417129 0.999991 -0.0547417 0.114743 0.0378126
FixedParameters: 0 0 0

#Transform 140
Transform: AffineTransform_float_3_3
Parameters: 0.999998 -0.00196853 0.00113342 0.00197326 0.99999 -0.0040547 -0.00112533 0.0040563 0.999991 -0.0672448 0.110236 0.0299791
FixedParameters: 0 0 0

#Transform 141
Transform: AffineTransform_float_3_3
Parameters: 0.999998 -0.00208915 0.00101477 0.00209238 0.999991 -0.00379297 -0.00100679 0.00379503 0.999992 -0.0763411 0.10517 0.0408289
FixedParameters: 0 0 0

#Transform 142
Transform: AffineTransform_float_3_3
Parameters: 0.999997 -0.00242432 0.00120996 0.00242887 0.99999 -0.00388716 -0.0011999 0.00389085 0.999992 -0.051794 0.113806 0.0328373
FixedParameters: 0 0 0

#Transform 143
Transform: AffineTransform_float_3_3
Parameters: 0.999996 -0.00255154 0.00104032 0.00255561 0.999988 -0.0042278 -0.00102977 0.00423021 0.999991 -0.0558924 0.112447 0.0382866
FixedParameters: 0 0 0

#Transform 144
Transform: AffineTransform_float_3_3
Parameters: 0.999997 -0.00242866 0.00119986 0.00243313 0.99999 -0.00388718 -0.00118976 0.00389083 0.999992 -0.053376 0.104825 0.0274145
FixedParameters: 0 0 0

#Transform 145
Transform: AffineTransform_float_3_3
Parameters: 0.999997 -0.00235234 0.000946623 0.00235604 0.999989 -0.00403786 -0.000936811 0.00404014 0.999991 -0.055189 0.113085 0.0737654
FixedParameters: 0 0 0

#Transform 146
Transform: AffineTransform_float_3_3
Parameters: 0.999995 -0.00291892 0.00107716 0.00292432 0.999984 -0.00483268 -0.00106312 0.00483533 0.999988 -0.0206097 0.0962843 0.0499434
FixedParameters: 0 0 0

#Transform 147
Transform: AffineTransform_float_3_3
Parameters: 0.999996 -0.00267034 0.000898113 0.00267348 0.999987 -0.00439021 -0.000885692 0.00439279 0.99999 -0.0320942 0.0910759 0.0616575
FixedParameters: 0 0 0

#Transform 148
Transform: AffineTransform_float_3_3
Parameters: 0.999999 -0.0012708 0.000900489 0.00127412 0.999991 -0.00418022 -0.00089459 0.00418178 0.999991 -0.0709514 0.10233 0.064138
FixedParameters: 0 0 0

#Transform 149
Transform: AffineTransform_float_3_3
Parameters: 0.999997 -0.00203256 0.000717892 0.00203451 0.999992 -0.00354963 -0.000710818 0.00355037 0.999993 -0.0116193 0.0925076 0.0924635
FixedParameters: 0 0 0

#Transform 150
Transform: AffineTransform_float_3_3
Parameters: 0.999997 -0.00190046 0.001026 0.00190429 0.999992 -0.00365778 -0.00101813 0.00366023 0.999993 -0.0259416 0.107774 0.0838184
FixedParameters: 0 0 0

#Transform 151
Transform: AffineTransform_float_3_3
Parameters: 0.999998 -0.00173621 0.00140915 0.00174137 0.999992 -0.00359997 -0.00140321 0.00360203 0.999993 -0.0420367 0.096319 0.0515727
FixedParameters: 0 0 0

#Transform 152
Transform: AffineTransform_float_3_3
Parameters: 0.999996 -0.00222988 0.00163747 0.00223617 0.999989 -0.00408613 -0.00162816 0.00408987 0.999991 -0.0425655 0.116917 0.0450959
FixedParameters: 0 0 0

#Transform 153
Transform: AffineTransform_float_3_3
Parameters: 0.999998 -0.00199768 0.00118697 0.00200318 0.999988 -0.00436271 -0.00117832 0.00436528 0.999989 -0.0319602 0.10061 0.0489325
FixedParameters: 0 0 0

#Transform 154
Transform: AffineTransform_float_3_3
Parameters: 0.999997 -0.00248251 0.00106421 0.00248693 0.999988 -0.00429981 -0.00105388 0.00430219 0.99999 -0.0142998 0.124875 0.0593132
FixedParameters: 0 0 0

#Transform 155
Transform: AffineTransform_float_3_3
Parameters: 0.999997 -0.00233509 0.00134691 0.00233943 0.999989 -0.00390079 -0.00133801 0.00390421 0.999992 -0.046871 0.109818 0.076074
FixedParameters: 0 0 0

#Transform 156
Transform: AffineTransform_float_3_3
Parameters: 0.999996 -0.00260846 0.00125238 0.00261334 0.999988 -0.00436219 -0.00124117 0.00436582 0.99999 -0.042623 0.118451 0.117004
FixedParameters: 0 0 0

#Transform 157
Transform: AffineTransform_float_3_3
Parameters: 0.999996 -0.00248823 0.0011852 0.00249269 0.999988 -0.0042655 -0.0011746 0.0042685 0.99999 -0.0237248 0.110376 0.100514
FixedParameters: 0 0 0

#Transform 158
Transform: AffineTransform_float_3_3
Parameters: 0.999996 -0.00254495 0.00105313 0.00254941 0.999987 -0.00436241 -0.00104195 0.00436559 0.99999 -0.0344638 0.117381 0.114952
FixedParameters: 0 0 0

#Transform 159
Transform: AffineTransform_float_3_3
Parameters: 0.999996 -0.00257767 0.000977239 0.00258233 0.999983 -0.00521773 -0.000963193 0.00522127 0.999986 -0.0243839 0.0884636 0.0281062
FixedParameters: 0 0 0

#Transform 160
Transform: AffineTransform_float_3_3
Parameters: 0.999996 -0.00251607 0.000594225 0.00251878 0.999984 -0.00505575 -0.000581514 0.00505725 0.999987 -0.0218888 0.0975123 0.0545219
FixedParameters: 0 0 0

#Transform 161
Transform: AffineTransform_float_3_3
Parameters: 0.999997 -0.00238385 0.000812897 0.00238793 0.999984 -0.00510831 -0.000800873 0.00511069 0.999986 -0.026821 0.097406 0.0531557
FixedParameters: 0 0 0

#Transform 162
Transform: AffineTransform_float_3_3
Parameters: 0.999997 -0.00216423 0.00129035 0.00217019 0.999986 -0.0048583 -0.00127954 0.00486171 0.999987 -0.0250036 0.0886478 0.0376956
FixedParameters: 0 0 0

#Transform 163
Transform: AffineTransform_float_3_3
Parameters: 0.999997 -0.00220176 0.000826194 0.00220522 0.999984 -0.00519991 -0.00081524 0.00520209 0.999987 -0.0209193 0.0857343 0.0681614
FixedParameters: 0 0 0

#Transform 164
Transform: AffineTransform_float_3_3
Parameters: 0.999998 -0.00216295 0.0008481 0.00216736 0.999983 -0.0054029 -0.000835745 0.0054051 0.999985 -0.0208346 0.0718194 0.0664137
FixedParameters: 0 0 0

#Transform 165
Transform: AffineTransform_float_3_3
Parameters: 0.999998 -0.00208583 0.000936166 0.00209029 0.999987 -0.00470014 -0.00092666 0.00470187 0.999988 -0.0280198 0.0812196 0.0762557
FixedParameters: 0 0 0

#Transform 166
Transform: AffineTransform_float_3_3
Parameters: 0.999998 -0.00210705 0.000886813 0.00211126 0.999986 -0.00482086 -0.000876598 0.00482314 0.999988 -0.0117553 0.0791364 0.0685827
FixedParameters: 0 0 0

#Transform 167
Transform: AffineTransform_float_3_3
Parameters: 0.999997 -0.00223588 0.000845599 0.00224069 0.999983 -0.0053372 -0.00083406 0.0053388 0.999985 0.0109127 0.0921145 0.0882177
FixedParameters: 0 0 0

#Transform 168
Transform: AffineTransform_float_3_3
Parameters: 0.999997 -0.00234704 0.000615102 0.00235036 0.999985 -0.0050578 -0.000603167 0.0050592 0.999987 0.00632976 0.107833 0.115094
FixedParameters: 0 0 0

#Transform 169
Transform: AffineTransform_float_3_3
Parameters: 0.999997 -0.00263327 0.000698669 0.00263682 0.999985 -0.00490577 -0.000685559 0.00490723 0.999988 -0.00359872 0.091515 0.0941673
FixedParameters: 0 0 0

#Transform 170
Transform: AffineTransform_float_3_3
Parameters: 0.999997 -0.00244851 0.00115579 0.0024538 0.999983 -0.00524611 -0.00114348 0.00524889 0.999986 -0.00465829 0.0872674 0.0767222
FixedParameters: 0 0 0

#Transform 171
Transform: AffineTransform_float_3_3
Parameters: 0.999997 -0.00248161 0.00107896 0.00248727 0.999984 -0.00500442 -0.00106605 0.00500759 0.999987 -0.0237099 0.100776 0.06792
FixedParameters: 0 0 0

#Transform 172
Transform: AffineTransform_float_3_3
Parameters: 0.999997 -0.00249317 0.00105209 0.00249798 0.999985 -0.00491183 -0.00104046 0.00491417 0.999987 -0.0185693 0.0989468 0.0517429
FixedParameters: 0 0 0

#Transform 173
Transform: AffineTransform_float_3_3
Parameters: 0.999997 -0.00247703 0.00108958 0.00248286 0.999983 -0.00521139 -0.00107661 0.00521461 0.999986 -0.00860412 0.100486 0.0645178
FixedParameters: 0 0 0

#Transform 174
Transform: AffineTransform_float_3_3
Parameters: 0.999997 -0.00242798 0.00120348 0.00243409 0.999983 -0.00521717 -0.0011906 0.00522083 0.999986 -0.0056439 0.0857363 0.0513413
FixedParameters: 0 0 0

#Transform 175
Transform: AffineTransform_float_3_3
Parameters: 0.999997 -0.00249194 0.00105496 0.00249764 0.999983 -0.00532582 -0.00104127 0.00532818 0.999985 -0.00260817 0.103047 0.0621367
FixedParameters: 0 0 0

#Transform 176
Transform: AffineTransform_float_3_3
Parameters: 0.999997 -0.0024386 0.00117891 0.00244418 0.999985 -0.00493442 -0.00116639 0.00493658 0.999987 -0.020595 0.0880598 0.0448606
FixedParameters: 0 0 0

#Transform 177
Transform: AffineTransform_float_3_3
Parameters: 0.999997 -0.00239476 0.00128063 0.00240167 0.999983 -0.00521687 -0.0012681 0.00522013 0.999986 -0.0255001 0.102073 0.0634201
FixedParameters: 0 0 0

#Transform 178
Transform: AffineTransform_float_3_3
Parameters: 0.999996 -0.0022999 0.00150127 0.00230767 0.999986 -0.00490984 -0.00148983 0.00491316 0.999987 -0.0274317 0.108176 0.0904205
FixedParameters: 0 0 0

#Transform 179
Transform: AffineTransform_float_3_3
Parameters: 0.999995 -0.00254828 0.00151054 0.00255633 0.999983 -0.00536581 -0.00149709 0.00536919 0.999984 -0.0123595 0.123659 0.0567923
FixedParameters: 0 0 0
