#Insight Transform File V1.0
#Transform 0
Transform: AffineTransform_float_3_3
Parameters: 1 -0.000126379 0.00061854 0.000126342 1 3.00781e-05 -0.000618548 -2.99218e-05 1 0.0960402 -0.241513 -0.319226
FixedParameters: 0 0 0

#Transform 1
Transform: AffineTransform_float_3_3
Parameters: 1 0.000350747 -0.0002358 -0.000350755 1 -1.79172e-05 0.000235788 1.80826e-05 1 -0.00819732 0.0587372 -0.0343872
FixedParameters: 0 0 0

#Transform 2
Transform: AffineTransform_float_3_3
Parameters: 1 0.000378225 -0.000352804 -0.000378187 1 5.41335e-05 0.000352845 -5.38666e-05 1 -0.0056942 0.103594 -0.053156
FixedParameters: 0 0 0

#Transform 3
Transform: AffineTransform_float_3_3
Parameters: 1 0.000438235 -0.000377994 -0.000438232 1 0.000521166 0.00037753 -0.000520835 1 -0.00466656 0.112156 -0.0615192
FixedParameters: 0 0 0

#Transform 4
Transform: AffineTransform_float_3_3
Parameters: 1 0.000438238 -0.000377991 -0.00043823 1 0.000528166 0.000377533 -0.000527834 1 -0.0225364 0.126811 -0.100467
FixedParameters: 0 0 0

#Transform 5
Transform: AffineTransform_float_3_3
Parameters: 0.999999 0.00072534 -0.000499979 -0.000725131 0.999999 0.000209363 0.000500282 -0.000208637 1 -0.0239173 0.121118 -0.117022
FixedParameters: 0 0 0

#Transform 6
Transform: AffineTransform_float_3_3
Parameters: 0.999999 0.000589402 -0.00113305 -0.000588664 1 0.00032546 0.00113343 -0.000325539 0.999999 -0.0175268 0.12498 -0.12632
FixedParameters: 0 0 0

#Transform 7
Transform: AffineTransform_float_3_3
Parameters: 0.999999 0.000557863 -0.000500517 -0.000558436 1 0.00034728 0.000501295 -0.00034672 1 0.00282971 0.113108 -0.133847
FixedParameters: 0 0 0

#Transform 8
Transform: AffineTransform_float_3_3
Parameters: 1 0.000521638 -0.000467965 -0.000521558 0.999999 8.53969e-05 0.000468054 -8.56033e-05 1 -0.019059 0.132828 -0.164646
FixedParameters: 0 0 0

#Transform 9
Transform: AffineTransform_float_3_3
Parameters: 0.999999 0.000582312 -0.00052968 -0.000582377 1 -6.16914e-05 0.000529608 6.23083e-05 1 0.003878 0.127801 -0.150634
FixedParameters: 0 0 0

#Transform 10
Transform: AffineTransform_float_3_3
Parameters: 0.999999 0.000653886 -0.000676075 -0.00065363 0.999999 0.000189595 0.000676322 -0.000189405 1 -0.0137316 0.118579 -0.119562
FixedParameters: 0 0 0

#Transform 11
Transform: AffineTransform_float_3_3
Parameters: 0.999999 0.000207351 -0.000920522 -0.000208444 1 -0.000593808 0.000920275 0.000594191 0.999999 -0.0120948 0.102024 -0.182029
FixedParameters: 0 0 0

#Transform 12
Transform: AffineTransform_float_3_3
Parameters: 0.999999 0.000245598 -0.00083117 -0.000245609 1 -0.000241643 0.000831972 0.000241357 1 0.00626567 0.117441 -0.168634
FixedParameters: 0 0 0

#Transform 13
Transform: AffineTransform_float_3_3
Parameters: 0.999998 0.000364513 -0.00159141 -0.00036569 1 -0.000492266 0.00159197 0.000492734 0.999999 -0.00375892 0.117067 -0.224962
FixedParameters: 0 0 0

#Transform 14
Transform: AffineTransform_float_3_3
Parameters: 0.999998 0.000247318 -0.00165016 -0.000247722 1 -0.000401079 0.00164958 0.000401921 0.999998 -0.00300667 0.11335 -0.173542
FixedParameters: 0 0 0

#Transform 15
Transform: AffineTransform_float_3_3
Parameters: 0.999999 0.000300733 -0.00174118 -0.000299859 1 0.000779676 0.00174242 -0.000779325 0.999998 -0.00835001 0.126996 -0.197495
FixedParameters: 0 0 0

#Transform 16
Transform: AffineTransform_float_3_3
Parameters: 0.999999 4.04619e-05 -0.00145826 -3.91086e-05 0.999999 0.00077957 0.00145871 -0.000779429 0.999998 0.00454911 0.132624 -0.187281
FixedParameters: 0 0 0

#Transform 17
Transform: AffineTransform_float_3_3
Parameters: 0.999999 1.26236e-05 -0.00138524 -1.07648e-05 0.999999 0.00147653 0.00138513 -0.00147647 0.999998 0.00545776 0.133973 -0.183411
FixedParameters: 0 0 0

#Transform 18
Transform: AffineTransform_float_3_3
Parameters: 0.999999 0.000175391 -0.0012938 -0.00017445 1 0.00087038 0.00129358 -0.000870622 0.999999 0.0216708 0.135342 -0.240151
FixedParameters: 0 0 0

#Transform 19
Transform: AffineTransform_float_3_3
Parameters: 0.999999 -0.000155848 -0.00178408 0.000158217 0.999999 0.00154759 0.00178384 -0.00154741 0.999997 0.0474467 0.140405 -0.183064
FixedParameters: 0 0 0

#Transform 20
Transform: AffineTransform_float_3_3
Parameters: 0.999998 -8.39925e-05 -0.0016146 8.6283e-05 0.999999 0.00168538 0.00161457 -0.00168563 0.999998 0.0211524 0.12985 -0.161859
FixedParameters: 0 0 0

#Transform 21
Transform: AffineTransform_float_3_3
Parameters: 0.999999 -0.000141381 -0.00131865 0.000144659 0.999997 0.00243832 0.0013182 -0.00243868 0.999997 0.00983852 0.154513 -0.256346
FixedParameters: 0 0 0

#Transform 22
Transform: AffineTransform_float_3_3
Parameters: 0.999998 -0.000663143 -0.00156967 0.000667155 0.999997 0.00228332 0.00156688 -0.00228468 0.999996 0.00259705 0.138991 -0.225227
FixedParameters: 0 0 0

#Transform 23
Transform: AffineTransform_float_3_3
Parameters: 0.999999 8.62062e-06 -0.000774278 -7.64396e-06 0.999998 0.00207201 0.000774172 -0.00207199 0.999997 0.00497541 0.140018 -0.128459
FixedParameters: 0 0 0

#Transform 24
Transform: AffineTransform_float_3_3
Parameters: 0.999999 -0.000379834 -0.000897971 0.000382093 0.999998 0.00228366 0.000897012 -0.00228434 0.999997 -0.000313373 0.144319 -0.160584
FixedParameters: 0 0 0

#Transform 25
Transform: AffineTransform_float_3_3
Parameters: 0.999999 -0.00037938 -0.000898162 0.000382546 0.999996 0.00278866 0.000896819 -0.00278934 0.999995 -8.79962e-06 0.170586 -0.264946
FixedParameters: 0 0 0

#Transform 26
Transform: AffineTransform_float_3_3
Parameters: 0.999999 -0.000303774 -0.000718417 0.000305768 0.999997 0.00267078 0.00071757 -0.00267122 0.999996 0.00199727 0.159492 -0.262073
FixedParameters: 0 0 0

#Transform 27
Transform: AffineTransform_float_3_3
Parameters: 0.999999 -0.000282459 -0.000667715 0.000285022 0.999996 0.00261117 0.000666624 -0.00261083 0.999997 0.00227617 0.169258 -0.208011
FixedParameters: 0 0 0

#Transform 28
Transform: AffineTransform_float_3_3
Parameters: 1 -0.000165065 -0.00102756 0.000167112 0.999996 0.00253034 0.00102697 -0.00253066 0.999997 0.0366133 0.137717 -0.16618
FixedParameters: 0 0 0

#Transform 29
Transform: AffineTransform_float_3_3
Parameters: 1 -0.000265761 -0.00062809 0.000268118 0.999996 0.00261119 0.000627086 -0.00261081 0.999997 0.0140672 0.14613 -0.162875
FixedParameters: 0 0 0

#Transform 30
Transform: AffineTransform_float_3_3
Parameters: 1 -0.000161433 -0.000380144 0.000163152 0.999998 0.00226294 0.00037941 -0.00226306 0.999998 0.00392406 0.156115 -0.163189
FixedParameters: 0 0 0

#Transform 31
Transform: AffineTransform_float_3_3
Parameters: 1 -8.53251e-05 -0.000199524 8.60938e-05 0.999998 0.00192798 0.000199193 -0.00192802 0.999998 0.00499196 0.152433 -0.157444
FixedParameters: 0 0 0

#Transform 32
Transform: AffineTransform_float_3_3
Parameters: 1 -8.53323e-05 -0.000199521 8.60866e-05 0.999998 0.00189198 0.000199196 -0.00189202 0.999998 0.00498855 0.15303 -0.115491
FixedParameters: 0 0 0

#Transform 33
Transform: AffineTransform_float_3_3
Parameters: 1 -0.000173582 -0.000658302 0.000174548 0.999998 0.00213225 0.000658341 -0.00213176 0.999998 0.00141467 0.156882 -0.161601
FixedParameters: 0 0 0

#Transform 34
Transform: AffineTransform_float_3_3
Parameters: 1 -8.52595e-05 -0.000199552 8.61594e-05 0.999998 0.00225698 0.000199165 -0.00225702 0.999998 -0.0019571 0.171913 -0.21071
FixedParameters: 0 0 0

#Transform 35
Transform: AffineTransform_float_3_3
Parameters: 1 -8.37086e-05 -0.000195865 8.45845e-05 0.999998 0.00223799 0.000195488 -0.00223802 0.999998 -0.0029581 0.174226 -0.359182
FixedParameters: 0 0 0

#Transform 36
Transform: AffineTransform_float_3_3
Parameters: 0.999999 -0.000116995 -0.000699505 0.000119369 0.999997 0.00235492 0.000699339 -0.00235508 0.999997 -0.00410699 0.186883 -0.335356
FixedParameters: 0 0 0

#Transform 37
Transform: AffineTransform_float_3_3
Parameters: 1 -0.000239265 -0.000565464 0.000241474 0.999996 0.00276886 0.000564523 -0.00276914 0.999996 -0.000879156 0.187405 -0.202509
FixedParameters: 0 0 0

#Transform 38
Transform: AffineTransform_float_3_3
Parameters: 1 -0.000134213 -0.000609714 0.000135339 0.999996 0.00275492 0.000608833 -0.00275508 0.999996 0.00755152 0.166471 -0.192458
FixedParameters: 0 0 0

#Transform 39
Transform: AffineTransform_float_3_3
Parameters: 1 -0.000394677 0.000114013 0.000394356 0.999995 0.00309705 -0.000115536 -0.00309696 0.999995 0.00706261 0.164819 -0.160017
FixedParameters: 0 0 0

#Transform 40
Transform: AffineTransform_float_3_3
Parameters: 0.999999 -0.000966283 -8.81552e-05 0.000966751 0.99999 0.00432756 8.42524e-05 -0.00432844 0.99999 0.0101311 0.162485 -0.306554
FixedParameters: 0 0 0

#Transform 41
Transform: AffineTransform_float_3_3
Parameters: 1 -0.000553657 -0.000930134 0.000556541 0.999993 0.00353384 0.000927774 -0.00353416 0.999993 -0.00789005 0.145956 -0.258068
FixedParameters: 0 0 0

#Transform 42
Transform: AffineTransform_float_3_3
Parameters: 1 -0.000637956 -0.00087822 0.000640936 0.999996 0.00274844 0.000875486 -0.00274956 0.999996 0.00609165 0.138332 -0.221428
FixedParameters: 0 0 0

#Transform 43
Transform: AffineTransform_float_3_3
Parameters: 1 -0.000841056 -0.000806828 0.000843287 0.999996 0.00285653 0.00080411 -0.00285647 0.999996 0.00428597 0.145942 -0.260753
FixedParameters: 0 0 0

#Transform 44
Transform: AffineTransform_float_3_3
Parameters: 1 -0.00103944 -0.000259738 0.00104065 0.999996 0.00260658 0.000256548 -0.00260642 0.999997 0.0246933 0.14523 -0.259185
FixedParameters: 0 0 0

#Transform 45
Transform: AffineTransform_float_3_3
Parameters: 1 -0.00100358 -0.000175743 0.00100409 0.999994 0.00338867 0.000172483 -0.00338833 0.999994 0.0237792 0.147526 -0.249149
FixedParameters: 0 0 0

#Transform 46
Transform: AffineTransform_float_3_3
Parameters: 0.999999 -0.000844436 -0.000442269 0.000846372 0.999994 0.00339863 0.000439145 -0.00339937 0.999994 0.00566871 0.152158 -0.286508
FixedParameters: 0 0 0

#Transform 47
Transform: AffineTransform_float_3_3
Parameters: 0.999999 -0.0010009 -0.000169071 0.00100221 0.999994 0.00316968 0.000165874 -0.00316932 0.999995 0.0235771 0.149406 -0.284001
FixedParameters: 0 0 0

#Transform 48
Transform: AffineTransform_float_3_3
Parameters: 0.999999 -0.00139813 8.53547e-05 0.00139722 0.999992 0.00357561 -9.0886e-05 -0.00357539 0.999993 0.0265842 0.132514 -0.313782
FixedParameters: 0 0 0

#Transform 49
Transform: AffineTransform_float_3_3
Parameters: 0.999999 -0.00143494 -2.81932e-06 0.00143413 0.999991 0.00398949 -2.85213e-06 -0.00398951 0.999992 0.0234206 0.158956 -0.276244
FixedParameters: 0 0 0

#Transform 50
Transform: AffineTransform_float_3_3
Parameters: 0.999999 -0.00147187 -0.000360698 0.0014731 0.999993 0.00339732 0.000355547 -0.00339768 0.999994 0.012043 0.161511 -0.266279
FixedParameters: 0 0 0

#Transform 51
Transform: AffineTransform_float_3_3
Parameters: 0.999997 -0.00194368 -0.0013945 0.00194795 0.999993 0.00328719 0.00138812 -0.0032898 0.999993 -0.0346658 0.142405 -0.200705
FixedParameters: 0 0 0

#Transform 52
Transform: AffineTransform_float_3_3
Parameters: 0.999997 -0.00180646 -0.00152285 0.0018101 0.999996 0.0024533 0.00151776 -0.00245669 0.999996 -0.0161469 0.137004 -0.211439
FixedParameters: 0 0 0

#Transform 53
Transform: AffineTransform_float_3_3
Parameters: 0.999998 -0.0014765 -0.00144741 0.00147998 0.999994 0.00284343 0.00144319 -0.00284557 0.999995 -0.0161825 0.13077 -0.207162
FixedParameters: 0 0 0

#Transform 54
Transform: AffineTransform_float_3_3
Parameters: 0.999997 -0.00181721 -0.00130331 0.00182083 0.999995 0.00235405 0.00129907 -0.00235595 0.999997 -0.02638 0.124436 -0.459879
FixedParameters: 0 0 0

#Transform 55
Transform: AffineTransform_float_3_3
Parameters: 0.999999 -0.00122016 -0.000729254 0.00122171 0.999996 0.00242432 0.000726347 -0.00242468 0.999997 0.0218129 0.142413 -0.243135
FixedParameters: 0 0 0

#Transform 56
Transform: AffineTransform_float_3_3
Parameters: 1 -0.00109313 -0.000224056 0.00109317 0.999993 0.0036596 0.000219989 -0.0036594 0.999993 0.0525637 0.168589 -0.316932
FixedParameters: 0 0 0

#Transform 57
Transform: AffineTransform_float_3_3
Parameters: 0.999999 -0.00136722 4.62525e-05 0.00136759 0.999995 0.00284971 -4.9974e-05 -0.00285029 0.999996 0.0738489 0.131818 -0.553527
FixedParameters: 0 0 0

#Transform 58
Transform: AffineTransform_float_3_3
Parameters: 1 -0.00094921 -0.000730169 0.000951272 0.999994 0.00340515 0.000727101 -0.00340584 0.999994 0.0633387 0.176254 -0.402846
FixedParameters: 0 0 0

#Transform 59
Transform: AffineTransform_float_3_3
Parameters: 0.999999 -0.00120724 -0.000462786 0.00120838 0.999991 0.00397129 0.000457517 -0.00397171 0.999992 0.0761783 0.173527 -0.572426
FixedParameters: 0 0 0

#Transform 60
Transform: AffineTransform_float_3_3
Parameters: 0.999999 -0.00136279 4.54651e-05 0.00136216 0.999992 0.00364091 -5.09219e-05 -0.00364009 0.999993 0.100443 0.145789 -0.664269
FixedParameters: 0 0 0

#Transform 61
Transform: AffineTransform_float_3_3
Parameters: 0.999999 -0.00136421 -0.000443055 0.00136616 0.999993 0.00357225 0.000438155 -0.00357275 0.999994 0.0957448 0.158272 -0.577009
FixedParameters: 0 0 0

#Transform 62
Transform: AffineTransform_float_3_3
Parameters: 0.999997 -0.00220696 -0.000908171 0.00220932 0.999995 0.00196654 0.000904336 -0.00196846 0.999997 0.127259 0.0887262 -0.863015
FixedParameters: 0 0 0

#Transform 63
Transform: AffineTransform_float_3_3
Parameters: 0.999997 -0.0020623 -0.00129451 0.00206387 0.999996 0.00172823 0.00129078 -0.00173076 0.999997 0.131838 0.112285 -0.811564
FixedParameters: 0 0 0

#Transform 64
Transform: AffineTransform_float_3_3
Parameters: 0.999999 -0.00120706 -0.000927359 0.00120914 0.999998 0.00169673 0.00092588 -0.00169827 0.999998 0.0874665 0.107846 -0.476049
FixedParameters: 0 0 0

#Transform 65
Transform: AffineTransform_float_3_3
Parameters: 0.999998 -0.00154696 -0.000387685 0.0015483 0.999995 0.00260025 0.000383179 -0.00260075 0.999997 0.0946504 0.129292 -0.425704
FixedParameters: 0 0 0

#Transform 66
Transform: AffineTransform_float_3_3
Parameters: 0.999999 -0.0014829 0.000202804 0.0014833 0.999997 0.00189294 -0.000205657 -0.00189306 0.999999 0.0997269 0.121772 -0.524961
FixedParameters: 0 0 0

#Transform 67
Transform: AffineTransform_float_3_3
Parameters: 0.999999 -0.000896596 -0.00089943 0.000898977 0.999997 0.00264504 0.000896773 -0.00264596 0.999996 0.154744 0.184852 -0.417374
FixedParameters: 0 0 0

#Transform 68
Transform: AffineTransform_float_3_3
Parameters: 1 -0.00110663 0.00021996 0.00110572 0.999998 0.00173788 -0.000221574 -0.00173811 0.999998 0.118309 0.193115 -0.209397
FixedParameters: 0 0 0

#Transform 69
Transform: AffineTransform_float_3_3
Parameters: 0.999999 -0.00127135 -0.000168829 0.00127117 0.999999 0.00105263 0.000167464 -0.00105237 1 0.120094 0.153221 -0.276622
FixedParameters: 0 0 0

#Transform 70
Transform: AffineTransform_float_3_3
Parameters: 1 -0.00108675 0.00012536 0.00108608 0.999997 0.00212878 -0.000127754 -0.00212922 0.999998 0.121317 0.153153 -0.20698
FixedParameters: 0 0 0

#Transform 71
Transform: AffineTransform_float_3_3
Parameters: 0.999999 -0.00123291 -0.000151762 0.00123345 0.999997 0.00226066 0.000148419 -0.00226034 0.999998 0.1007 0.162411 -0.246389
FixedParameters: 0 0 0

#Transform 72
Transform: AffineTransform_float_3_3
Parameters: 0.999998 -0.00164663 -0.000101882 0.00164691 0.999995 0.00282532 9.70392e-05 -0.00282567 0.999996 0.10484 0.162271 -0.421932
FixedParameters: 0 0 0

#Transform 73
Transform: AffineTransform_float_3_3
Parameters: 0.999997 -0.00153218 0.00162255 0.00152973 0.999997 0.00152343 -0.00162392 -0.00152057 0.999998 0.127199 0.113908 -0.759212
FixedParameters: 0 0 0

#Transform 74
Transform: AffineTransform_float_3_3
Parameters: 1 -0.000980302 0.000444488 0.000979527 0.999998 0.00174808 -0.000446073 -0.00174792 0.999998 0.0895052 0.15087 -0.317383
FixedParameters: 0 0 0

#Transform 75
Transform: AffineTransform_float_3_3
Parameters: 1 -0.00100873 0.000202381 0.00100785 0.999998 0.0018372 -0.000203853 -0.0018368 0.999999 0.126436 0.158248 -0.192724
FixedParameters: 0 0 0

#Transform 76
Transform: AffineTransform_float_3_3
Parameters: 0.999999 3.69593e-05 0.000885231 -3.87087e-05 0.999998 0.00224897 -0.000884922 -0.00224903 0.999997 0.116635 0.126667 0.111095
FixedParameters: 0 0 0

#Transform 77
Transform: AffineTransform_float_3_3
Parameters: 0.999999 0.000556812 0.00119459 -0.000562055 0.999992 0.00395969 -0.00119304 -0.00396031 0.999992 0.116877 0.188825 0.328456
FixedParameters: 0 0 0

#Transform 78
Transform: AffineTransform_float_3_3
Parameters: 0.999999 5.75217e-05 0.0014456 -6.29766e-05 0.999994 0.00361291 -0.0014462 -0.00361309 0.999992 0.0901933 0.186255 0.312859
FixedParameters: 0 0 0

#Transform 79
Transform: AffineTransform_float_3_3
Parameters: 0.999998 7.42572e-06 0.0017046 -1.5422e-05 0.99999 0.0045795 -0.00170447 -0.00457951 0.999988 0.114802 0.200211 0.329627
FixedParameters: 0 0 0

#Transform 80
Transform: AffineTransform_float_3_3
Parameters: 0.999998 -0.00123297 0.00103861 0.00122811 0.999992 0.00371307 -0.00104353 -0.00371192 0.999993 0.172622 0.183131 0.0337455
FixedParameters: 0 0 0

#Transform 81
Transform: AffineTransform_float_3_3
Parameters: 0.999998 -0.00184822 -0.000843939 0.00185078 0.999992 0.00364414 0.000837403 -0.00364586 0.999993 0.125505 0.185835 -0.295391
FixedParameters: 0 0 0

#Transform 82
Transform: AffineTransform_float_3_3
Parameters: 0.999999 -0.00130554 -0.000491244 0.00130671 0.999996 0.00228121 0.000487907 -0.00228179 0.999997 0.121346 0.197616 -0.219483
FixedParameters: 0 0 0

#Transform 83
Transform: AffineTransform_float_3_3
Parameters: 0.999999 -0.000991668 3.52051e-05 0.000991056 0.999999 0.00115388 -3.61809e-05 -0.00115312 0.999999 0.126258 0.150775 -0.0749551
FixedParameters: 0 0 0

#Transform 84
Transform: AffineTransform_float_3_3
Parameters: 0.999999 -0.000793495 -0.000128282 0.00079378 0.999998 0.00165654 0.000127884 -0.00165746 0.999998 0.103417 0.15442 -0.078863
FixedParameters: 0 0 0

#Transform 85
Transform: AffineTransform_float_3_3
Parameters: 1 -0.000990493 0.000244213 0.00098897 0.999986 0.00517788 -0.000249469 -0.00517811 0.999986 0.078101 0.217423 -0.0687038
FixedParameters: 0 0 0

#Transform 86
Transform: AffineTransform_float_3_3
Parameters: 1 -0.00115389 2.20663e-05 0.00115374 0.999986 0.00517767 -2.86313e-05 -0.00517833 0.999986 0.078421 0.213736 -0.0698854
FixedParameters: 0 0 0

#Transform 87
Transform: AffineTransform_float_3_3
Parameters: 1 -0.00101364 -7.02155e-05 0.00101446 0.999986 0.00517793 6.50979e-05 -0.00517807 0.999987 0.073564 0.21394 -0.0289344
FixedParameters: 0 0 0

#Transform 88
Transform: AffineTransform_float_3_3
Parameters: 0.999999 -0.00123397 0.000392958 0.00123184 0.999986 0.00498612 -0.000398419 -0.00498587 0.999987 0.0769108 0.223765 -0.0388922
FixedParameters: 0 0 0

#Transform 89
Transform: AffineTransform_float_3_3
Parameters: 0.999999 -0.0011533 0.000590912 0.0011508 0.999985 0.00517847 -0.000596791 -0.00517852 0.999986 0.0851398 0.222776 -0.0437033
FixedParameters: 0 0 0

#Transform 90
Transform: AffineTransform_float_3_3
Parameters: 0.999999 -0.00121351 0.000465172 0.00121156 0.999988 0.00459257 -0.000470785 -0.00459143 0.99999 0.0835452 0.212867 -0.0586992
FixedParameters: 0 0 0

#Transform 91
Transform: AffineTransform_float_3_3
Parameters: 0.999999 -0.00135071 0.000497272 0.00134824 0.999984 0.00557996 -0.000504968 -0.00558004 0.999984 0.0685081 0.22566 -0.0385466
FixedParameters: 0 0 0

#Transform 92
Transform: AffineTransform_float_3_3
Parameters: 0.999999 -0.00110448 0.000858242 0.00109984 0.999983 0.0055811 -0.000863961 -0.0055799 0.999984 0.0722802 0.227283 -0.0371377
FixedParameters: 0 0 0

#Transform 93
Transform: AffineTransform_float_3_3
Parameters: 0.999999 -0.00116455 0.000652083 0.00116059 0.999986 0.0051114 -0.000657523 -0.0051106 0.999987 0.0603263 0.228989 -0.0180998
FixedParameters: 0 0 0

#Transform 94
Transform: AffineTransform_float_3_3
Parameters: 0.999999 -0.0010529 0.000949526 0.00104844 0.999988 0.00474879 -0.000953843 -0.0047482 0.999988 0.0791747 0.229983 -0.0198681
FixedParameters: 0 0 0

#Transform 95
Transform: AffineTransform_float_3_3
Parameters: 0.999999 -0.0010512 0.00112444 0.00104597 0.999988 0.00475797 -0.00112914 -0.00475702 0.999988 0.0753735 0.223804 -0.0329602
FixedParameters: 0 0 0

#Transform 96
Transform: AffineTransform_float_3_3
Parameters: 0.999999 -0.00105426 0.000907139 0.00105033 0.99999 0.0044626 -0.000911788 -0.0044614 0.999989 0.0630001 0.212214 -0.0683619
FixedParameters: 0 0 0

#Transform 97
Transform: AffineTransform_float_3_3
Parameters: 1 -0.00113422 0.000132055 0.00113412 0.99999 0.00421315 -0.000136618 -0.00421285 0.999991 0.0850618 0.236648 -0.147645
FixedParameters: 0 0 0

#Transform 98
Transform: AffineTransform_float_3_3
Parameters: 0.999999 -0.00121454 0.000524844 0.00121214 0.999988 0.00486428 -0.000530204 -0.00486372 0.999988 0.0700312 0.225626 -0.180713
FixedParameters: 0 0 0

#Transform 99
Transform: AffineTransform_float_3_3
Parameters: 0.999999 -0.00126216 0.000411303 0.00126011 0.999991 0.00420216 -0.000415988 -0.00420184 0.999991 0.0684118 0.223263 -0.0658242
FixedParameters: 0 0 0

#Transform 100
Transform: AffineTransform_float_3_3
Parameters: 0.999999 -0.00109272 0.000815186 0.00108871 0.999991 0.00421453 -0.000820167 -0.00421347 0.999991 0.0707572 0.221072 -0.0711777
FixedParameters: 0 0 0

#Transform 101
Transform: AffineTransform_float_3_3
Parameters: 1 -0.000845824 0.000783766 0.000842326 0.999988 0.00464081 -0.000787779 -0.00464018 0.999989 0.0700033 0.227642 -0.067597
FixedParameters: 0 0 0

#Transform 102
Transform: AffineTransform_float_3_3
Parameters: 0.999998 -0.000244854 0.00159813 0.000238409 0.999991 0.0042329 -0.00159884 -0.0042321 0.99999 0.0897626 0.220074 -0.085454
FixedParameters: 0 0 0

#Transform 103
Transform: AffineTransform_float_3_3
Parameters: 1 -0.000922493 0.000269626 0.000921632 0.999989 0.00445625 -0.000274162 -0.00445575 0.99999 0.0607031 0.229475 -0.204877
FixedParameters: 0 0 0

#Transform 104
Transform: AffineTransform_float_3_3
Parameters: 1 -0.001114 -5.72844e-05 0.00111416 0.999991 0.00398994 5.28575e-05 -0.00399006 0.999992 0.0753608 0.227414 -0.194448
FixedParameters: 0 0 0

#Transform 105
Transform: AffineTransform_float_3_3
Parameters: 1 -0.00103143 -0.000316762 0.00103158 0.999997 0.00192567 0.000315411 -0.00192633 0.999998 0.0457765 0.196933 -0.175852
FixedParameters: 0 0 0

#Transform 106
Transform: AffineTransform_float_3_3
Parameters: 1 -0.000970096 0.000301067 0.000969313 0.999992 0.0038713 -0.000304893 -0.00387071 0.999993 0.0568147 0.205522 -0.164261
FixedParameters: 0 0 0

#Transform 107
Transform: AffineTransform_float_3_3
Parameters: 0.999999 -0.00131549 0.000284297 0.00131422 0.999991 0.00401302 -0.000289856 -0.00401298 0.999992 0.0822276 0.223583 -0.166655
FixedParameters: 0 0 0

#Transform 108
Transform: AffineTransform_float_3_3
Parameters: 0.999999 -0.00125754 -8.26091e-05 0.00125749 0.999988 0.00479475 7.63255e-05 -0.00479425 0.999989 0.0781127 0.22814 -0.209572
FixedParameters: 0 0 0

#Transform 109
Transform: AffineTransform_float_3_3
Parameters: 0.999999 -0.00123674 9.73667e-05 0.00123568 0.999991 0.00391312 -0.000102578 -0.00391288 0.999993 0.0756153 0.233978 -0.392557
FixedParameters: 0 0 0

#Transform 110
Transform: AffineTransform_float_3_3
Parameters: 0.999999 -0.00140759 6.52381e-05 0.00140719 0.999992 0.00373358 -7.03631e-05 -0.00373342 0.999993 0.0601864 0.232302 -0.205845
FixedParameters: 0 0 0

#Transform 111
Transform: AffineTransform_float_3_3
Parameters: 0.999999 -0.00131318 0.000289791 0.00131185 0.999991 0.00404187 -0.000295407 -0.00404113 0.999991 0.0581829 0.227072 -0.221662
FixedParameters: 0 0 0

#Transform 112
Transform: AffineTransform_float_3_3
Parameters: 0.999999 -0.00130678 0.000106325 0.00130607 0.999992 0.00379663 -0.000110861 -0.00379637 0.999992 0.0523471 0.218967 -0.22
FixedParameters: 0 0 0

#Transform 113
Transform: AffineTransform_float_3_3
Parameters: 0.999999 -0.00129319 0.000337231 0.00129159 0.99999 0.00443508 -0.00034278 -0.00443492 0.99999 0.05442 0.238622 -0.252995
FixedParameters: 0 0 0

#Transform 114
Transform: AffineTransform_float_3_3
Parameters: 0.999999 -0.00114359 0.000693796 0.00114047 0.999992 0.00392344 -0.000697234 -0.00392257 0.999992 0.0589443 0.218975 -0.077134
FixedParameters: 0 0 0

#Transform 115
Transform: AffineTransform_float_3_3
Parameters: 0.999999 -0.00104536 0.000927878 0.00104073 0.999991 0.00403276 -0.000932078 -0.00403224 0.999991 0.060875 0.201424 -0.031811
FixedParameters: 0 0 0

#Transform 116
Transform: AffineTransform_float_3_3
Parameters: 0.999999 -0.00105336 0.000723214 0.00104983 0.999988 0.00468156 -0.000727927 -0.00468145 0.999989 0.049414 0.217617 -0.0635037
FixedParameters: 0 0 0

#Transform 117
Transform: AffineTransform_float_3_3
Parameters: 0.999999 -0.000989408 0.00106198 0.000983902 0.999989 0.00455505 -0.00106623 -0.00455295 0.999989 0.0549614 0.22114 -0.0521706
FixedParameters: 0 0 0

#Transform 118
Transform: AffineTransform_float_3_3
Parameters: 0.999999 -0.000946378 0.000983393 0.000941826 0.99999 0.00443472 -0.000987025 -0.00443428 0.99999 0.0709521 0.214566 -0.0671709
FixedParameters: 0 0 0

#Transform 119
Transform: AffineTransform_float_3_3
Parameters: 0.999999 -0.000978467 0.00108734 0.000973745 0.999991 0.00409022 -0.00109058 -0.00408879 0.999991 0.0562164 0.211064 -0.035349
FixedParameters: 0 0 0

#Transform 120
Transform: AffineTransform_float_3_3
Parameters: 0.999999 -0.000776603 0.0011979 0.0007709 0.999988 0.00488872 -0.0012015 -0.00488828 0.999987 0.0686576 0.224788 -0.0515406
FixedParameters: 0 0 0

#Transform 121
Transform: AffineTransform_float_3_3
Parameters: 0.999999 -0.00114859 0.000682121 0.00114484 0.999989 0.00445558 -0.000686816 -0.00445542 0.99999 0.049604 0.202827 -0.165191
FixedParameters: 0 0 0

#Transform 122
Transform: AffineTransform_float_3_3
Parameters: 0.999999 -0.000960444 0.00113113 0.000955175 0.999989 0.00457824 -0.00113555 -0.00457676 0.999989 0.0564348 0.233075 -0.105894
FixedParameters: 0 0 0

#Transform 123
Transform: AffineTransform_float_3_3
Parameters: 1 -0.0011435 0.000376317 0.00114229 0.999992 0.00366843 -0.00038102 -0.00366757 0.999993 0.0702785 0.189678 -0.0735943
FixedParameters: 0 0 0

#Transform 124
Transform: AffineTransform_float_3_3
Parameters: 0.999999 -0.000304274 0.00148919 0.000297201 0.999989 0.0047516 -0.00149071 -0.0047514 0.999988 0.0735941 0.232065 -0.0386614
FixedParameters: 0 0 0

#Transform 125
Transform: AffineTransform_float_3_3
Parameters: 0.999999 -0.000984147 0.00115555 0.000983099 0.999999 0.000622929 -0.00115586 -0.00062207 0.999999 0.0554974 0.132343 -0.110387
FixedParameters: 0 0 0

#Transform 126
Transform: AffineTransform_float_3_3
Parameters: 1 -0.000572361 0.00103323 0.000567467 0.999988 0.00489859 -0.00103669 -0.00489741 0.999987 0.0608491 0.238438 -0.144278
FixedParameters: 0 0 0

#Transform 127
Transform: AffineTransform_float_3_3
Parameters: 0.999999 -0.000716951 0.00111998 0.000711044 0.999989 0.0047358 -0.00112331 -0.0047342 0.999988 0.0647897 0.25982 -0.0887125
FixedParameters: 0 0 0

#Transform 128
Transform: AffineTransform_float_3_3
Parameters: 0.999998 -0.000914486 0.00133071 0.000906799 0.999985 0.00543816 -0.00133481 -0.00543784 0.999985 0.0562576 0.240622 -0.0513543
FixedParameters: 0 0 0

#Transform 129
Transform: AffineTransform_float_3_3
Parameters: 0.999999 -0.000538946 0.00122417 0.000531435 0.999983 0.00589881 -0.00122691 -0.00589819 0.999982 0.0770833 0.279158 -0.0484417
FixedParameters: 0 0 0

#Transform 130
Transform: AffineTransform_float_3_3
Parameters: 1 -0.000672997 0.00077137 0.000668157 0.999979 0.00642952 -0.000775641 -0.00642848 0.999979 0.0455373 0.261411 -0.0409215
FixedParameters: 0 0 0

#Transform 131
Transform: AffineTransform_float_3_3
Parameters: 0.999999 -0.00141375 0.000135405 0.0014127 0.999979 0.00645769 -0.0001442 -0.00645732 0.999979 0.0836297 0.263768 -0.196106
FixedParameters: 0 0 0

#Transform 132
Transform: AffineTransform_float_3_3
Parameters: 0.999998 -0.00187068 -0.00016917 0.00187058 0.999981 0.00582102 0.000158021 -0.00582097 0.999983 0.0685772 0.241691 -0.483574
FixedParameters: 0 0 0

#Transform 133
Transform: AffineTransform_float_3_3
Parameters: 0.999992 -0.00378377 -0.00177001 0.00379466 0.999973 0.00632848 0.0017464 -0.00633553 0.999979 0.0747358 0.16804 -0.893248
FixedParameters: 0 0 0

#Transform 134
Transform: AffineTransform_float_3_3
Parameters: 0.999997 -0.00251488 -0.000297972 0.0025173 0.999974 0.00677645 0.000280805 -0.00677654 0.999977 0.0798613 0.247812 -0.498408
FixedParameters: 0 0 0

#Transform 135
Transform: AffineTransform_float_3_3
Parameters: 0.999997 -0.00217336 -0.0001284 0.00217457 0.999974 0.00685407 0.00011291 -0.00685392 0.999976 0.0763849 0.250009 -0.42614
FixedParameters: 0 0 0

#Transform 136
Transform: AffineTransform_float_3_3
Parameters: 0.999998 -0.00227883 0.000268693 0.00227722 0.999974 0.00683761 -0.000284472 -0.0068364 0.999977 0.0711306 0.272121 -0.367194
FixedParameters: 0 0 0

#Transform 137
Transform: AffineTransform_float_3_3
Parameters: 0.999998 -0.00223384 0.00037676 0.0022317 0.999975 0.00681163 -0.000392198 -0.00681137 0.999977 0.0675753 0.256756 -0.257437
FixedParameters: 0 0 0

#Transform 138
Transform: AffineTransform_float_3_3
Parameters: 0.999997 -0.00198522 0.000973636 0.00197878 0.999976 0.00654801 -0.000987094 -0.00654698 0.999978 0.0692542 0.238947 -0.204587
FixedParameters: 0 0 0

#Transform 139
Transform: AffineTransform_float_3_3
Parameters: 0.999998 -0.00182694 0.00135325 0.00181865 0.999978 0.00641791 -0.00136531 -0.00641509 0.999979 0.0687936 0.236371 -0.221712
FixedParameters: 0 0 0

#Transform 140
Transform: AffineTransform_float_3_3
Parameters: 0.999997 -0.00152246 0.00152724 0.00151112 0.99997 0.00754227 -0.00153773 -0.00753973 0.999971 0.0753468 0.258684 -0.544889
FixedParameters: 0 0 0

#Transform 141
Transform: AffineTransform_float_3_3
Parameters: 0.999996 -0.00150913 0.00267607 0.00148673 0.999964 0.00837927 -0.00268901 -0.00837473 0.999961 0.1035 0.274315 -0.759227
FixedParameters: 0 0 0

#Transform 142
Transform: AffineTransform_float_3_3
Parameters: 0.999996 -0.00211162 0.0015321 0.00209997 0.999971 0.00738896 -0.00154729 -0.00738604 0.999971 0.104292 0.26395 -0.504064
FixedParameters: 0 0 0

#Transform 143
Transform: AffineTransform_float_3_3
Parameters: 0.999993 -0.00248481 0.00284068 0.00246186 0.999965 0.00797717 -0.00286035 -0.00797083 0.999964 0.117751 0.262038 -0.438931
FixedParameters: 0 0 0

#Transform 144
Transform: AffineTransform_float_3_3
Parameters: 0.999994 -0.00253273 0.00204676 0.00251664 0.999966 0.00785685 -0.00206614 -0.00785215 0.999967 0.0915795 0.228534 -0.405801
FixedParameters: 0 0 0

#Transform 145
Transform: AffineTransform_float_3_3
Parameters: 0.999996 -0.00214318 0.00217546 0.00212331 0.999956 0.00918904 -0.00219502 -0.00918396 0.999955 0.0892667 0.270667 -0.427442
FixedParameters: 0 0 0

#Transform 146
Transform: AffineTransform_float_3_3
Parameters: 0.999995 -0.00212154 0.00208353 0.00210255 0.999957 0.0090708 -0.00210274 -0.0090662 0.999957 0.0885088 0.293228 -0.318757
FixedParameters: 0 0 0

#Transform 147
Transform: AffineTransform_float_3_3
Parameters: 0.999997 -0.00244277 0.000629912 0.0024388 0.999978 0.00626233 -0.000645889 -0.00626068 0.99998 0.0503606 0.210366 -0.365651
FixedParameters: 0 0 0

#Transform 148
Transform: AffineTransform_float_3_3
Parameters: 0.999996 -0.00225289 0.00133495 0.00224331 0.999975 0.00672809 -0.00135032 -0.00672491 0.999977 0.0548687 0.241902 -0.448942
FixedParameters: 0 0 0

#Transform 149
Transform: AffineTransform_float_3_3
Parameters: 0.999996 -0.0018913 0.00220813 0.00187354 0.999964 0.00823491 -0.00222318 -0.00823009 0.999964 0.0804918 0.2906 -0.374773
FixedParameters: 0 0 0

#Transform 150
Transform: AffineTransform_float_3_3
Parameters: 0.999996 -0.00197035 0.00198952 0.00195501 0.99997 0.0075443 -0.00200476 -0.0075407 0.99997 0.0522986 0.265367 -0.262427
FixedParameters: 0 0 0

#Transform 151
Transform: AffineTransform_float_3_3
Parameters: 0.999994 -0.00169095 0.00304626 0.00166608 0.999965 0.00826132 -0.00305984 -0.00825668 0.999961 0.0602704 0.29079 -0.288652
FixedParameters: 0 0 0

#Transform 152
Transform: AffineTransform_float_3_3
Parameters: 0.999994 -0.00186204 0.0028517 0.00183963 0.999966 0.00799949 -0.0028673 -0.00799451 0.999964 0.0593829 0.27527 -0.318837
FixedParameters: 0 0 0

#Transform 153
Transform: AffineTransform_float_3_3
Parameters: 0.999995 -0.00178383 0.00285892 0.00176138 0.999969 0.00775912 -0.00287295 -0.00775388 0.999966 0.0713258 0.260955 -0.306424
FixedParameters: 0 0 0

#Transform 154
Transform: AffineTransform_float_3_3
Parameters: 0.999992 -0.0019174 0.00330364 0.00188813 0.999962 0.00859666 -0.00331983 -0.00859035 0.999958 0.0813506 0.241103 -0.451172
FixedParameters: 0 0 0

#Transform 155
Transform: AffineTransform_float_3_3
Parameters: 0.99999 -0.00200671 0.00412775 0.00197273 0.999964 0.0082644 -0.00414369 -0.00825561 0.999957 0.0926425 0.22108 -0.432281
FixedParameters: 0 0 0

#Transform 156
Transform: AffineTransform_float_3_3
Parameters: 0.999994 -0.00171871 0.00317054 0.00169498 0.999971 0.00749198 -0.00318341 -0.00748602 0.999967 0.0998453 0.279485 -0.178744
FixedParameters: 0 0 0

#Transform 157
Transform: AffineTransform_float_3_3
Parameters: 0.999992 -0.00355265 0.00148105 0.00354082 0.999961 0.00800978 -0.00150931 -0.00800421 0.999967 0.0349456 0.227235 -0.334936
FixedParameters: 0 0 0

#Transform 158
Transform: AffineTransform_float_3_3
Parameters: 0.999995 -0.00286381 0.00141859 0.00285388 0.999969 0.00726443 -0.00143972 -0.00726055 0.999972 0.0279027 0.236751 -0.394355
FixedParameters: 0 0 0

#Transform 159
Transform: AffineTransform_float_3_3
Parameters: 0.999994 -0.00201999 0.00289225 0.00199816 0.999968 0.00769666 -0.00290785 -0.00769133 0.999966 0.0768153 0.250164 -0.348911
FixedParameters: 0 0 0

#Transform 160
Transform: AffineTransform_float_3_3
Parameters: 0.999995 -0.00172307 0.00267872 0.00170022 0.999965 0.00818349 -0.00269287 -0.00817851 0.999963 0.0494152 0.256217 -0.346069
FixedParameters: 0 0 0

#Transform 161
Transform: AffineTransform_float_3_3
Parameters: 0.999994 -0.00213223 0.00247631 0.00211334 0.999967 0.00775596 -0.00249366 -0.00775104 0.999967 0.0745081 0.283051 -0.271738
FixedParameters: 0 0 0

#Transform 162
Transform: AffineTransform_float_3_3
Parameters: 0.999995 -0.0021569 0.00228514 0.00213791 0.999965 0.00810731 -0.00230268 -0.0081017 0.999965 0.0852469 0.268591 -0.310985
FixedParameters: 0 0 0

#Transform 163
Transform: AffineTransform_float_3_3
Parameters: 0.999997 -0.00205823 0.00126256 0.00204816 0.999966 0.00797269 -0.00127898 -0.00797032 0.999968 0.0558859 0.28094 -0.292164
FixedParameters: 0 0 0

#Transform 164
Transform: AffineTransform_float_3_3
Parameters: 0.999997 -0.00208645 0.00118396 0.0020769 0.999968 0.00772556 -0.00120033 -0.00772345 0.99997 0.0820552 0.293698 -0.259788
FixedParameters: 0 0 0

#Transform 165
Transform: AffineTransform_float_3_3
Parameters: 0.999997 -0.00183519 0.00152032 0.00182417 0.999968 0.00771838 -0.00153434 -0.00771562 0.999969 0.0676436 0.274435 -0.306628
FixedParameters: 0 0 0

#Transform 166
Transform: AffineTransform_float_3_3
Parameters: 0.999997 -0.00205411 0.00142606 0.00204304 0.999968 0.00773301 -0.00144181 -0.00772999 0.999969 0.0570092 0.277258 -0.354904
FixedParameters: 0 0 0

#Transform 167
Transform: AffineTransform_float_3_3
Parameters: 0.999996 -0.00239027 0.00140438 0.00237876 0.999964 0.00808744 -0.00142386 -0.00808355 0.999966 0.127175 0.298144 -0.264002
FixedParameters: 0 0 0

#Transform 168
Transform: AffineTransform_float_3_3
Parameters: 0.999996 -0.00279148 0.000803032 0.00278552 0.999966 0.00780968 -0.000825548 -0.00780733 0.99997 0.106459 0.298333 -0.271394
FixedParameters: 0 0 0

#Transform 169
Transform: AffineTransform_float_3_3
Parameters: 0.999994 -0.00263082 0.00215514 0.00261403 0.999964 0.0080167 -0.00217545 -0.0080103 0.999966 0.0678576 0.299952 -0.287098
FixedParameters: 0 0 0

#Transform 170
Transform: AffineTransform_float_3_3
Parameters: 0.999993 -0.00277947 0.00219638 0.00275941 0.999954 0.00916042 -0.00222208 -0.00915458 0.999955 0.119069 0.293189 -0.459272
FixedParameters: 0 0 0

#Transform 171
Transform: AffineTransform_float_3_3
Parameters: 0.999994 -0.0031222 0.00185115 0.00310681 0.999958 0.00861095 -0.00187819 -0.00860504 0.999961 0.136214 0.283367 -0.390544
FixedParameters: 0 0 0

#Transform 172
Transform: AffineTransform_float_3_3
Parameters: 0.999996 -0.00256931 0.0013541 0.00255746 0.999961 0.00845322 -0.00137612 -0.00844979 0.999964 0.119842 0.306424 -0.402844
FixedParameters: 0 0 0

#Transform 173
Transform: AffineTransform_float_3_3
Parameters: 0.999997 -0.00201138 0.00137498 0.00200097 0.999969 0.00763984 -0.00139062 -0.00763715 0.99997 0.0898055 0.285589 -0.449825
FixedParameters: 0 0 0

#Transform 174
Transform: AffineTransform_float_3_3
Parameters: 0.999996 -0.00219099 0.00212217 0.00217151 0.999957 0.00901967 -0.00214241 -0.00901533 0.999957 0.0983217 0.266974 -0.687687
FixedParameters: 0 0 0

#Transform 175
Transform: AffineTransform_float_3_3
Parameters: 0.999994 -0.00225674 0.00261998 0.00222766 0.999937 0.0110214 -0.00264473 -0.0110146 0.999936 0.115664 0.317067 -0.741972
FixedParameters: 0 0 0

#Transform 176
Transform: AffineTransform_float_3_3
Parameters: 0.999994 -0.00225712 0.00262501 0.00222627 0.999928 0.0118282 -0.00265232 -0.0118228 0.999927 0.127626 0.358164 -0.531702
FixedParameters: 0 0 0

#Transform 177
Transform: AffineTransform_float_3_3
Parameters: 0.999993 -0.00232944 0.00271083 0.00230108 0.999945 0.0102836 -0.00273431 -0.0102774 0.999943 0.149667 0.326754 -0.753978
FixedParameters: 0 0 0

#Transform 178
Transform: AffineTransform_float_3_3
Parameters: 0.999992 -0.00301337 0.00286505 0.00298331 0.999942 0.010331 -0.00289602 -0.010323 0.999942 0.160337 0.314474 -0.659839
FixedParameters: 0 0 0

#Transform 179
Transform: AffineTransform_float_3_3
Parameters: 0.999993 -0.00242788 0.00263362 0.00240353 0.999954 0.00933272 -0.00265563 -0.00932629 0.999953 0.155122 0.326792 -0.365835
FixedParameters: 0 0 0
