#Insight Transform File V1.0
#Transform 0
Transform: AffineTransform_float_3_3
Parameters: 1 -0.000178696 3.45787e-05 0.000178699 1 -4.29939e-05 -3.45633e-05 4.30062e-05 1 0.0370634 -0.171916 -0.313086
FixedParameters: 0 0 0

#Transform 1
Transform: AffineTransform_float_3_3
Parameters: 1 0.000893355 -0.000472613 -0.000893337 1 1.90627e-05 0.000472647 -1.89376e-05 1 -0.00876138 0.0623296 -0.0218886
FixedParameters: 0 0 0

#Transform 2
Transform: AffineTransform_float_3_3
Parameters: 0.999998 0.00170316 0.000291379 -0.00170369 0.999998 0.00116399 -0.000289644 -0.00116501 0.999999 -0.0633983 0.0879297 -0.000909098
FixedParameters: 0 0 0

#Transform 3
Transform: AffineTransform_float_3_3
Parameters: 0.999999 0.000966303 -8.746e-05 -0.000965572 0.999999 0.00114493 8.83598e-05 -0.00114407 0.999999 -0.0205818 0.0867629 -0.0324709
FixedParameters: 0 0 0

#Transform 4
Transform: AffineTransform_float_3_3
Parameters: 1 0.000428569 -0.000102927 -0.000427616 0.999992 0.00393505 0.000104064 -0.00393496 0.999993 -0.0052174 0.0808555 -0.0241893
FixedParameters: 0 0 0

#Transform 5
Transform: AffineTransform_float_3_3
Parameters: 1 0.000140208 -0.000356753 -0.000137351 0.99996 0.00894605 0.000358568 -0.00894595 0.99996 0.030337 0.0412454 -0.252188
FixedParameters: 0 0 0

#Transform 6
Transform: AffineTransform_float_3_3
Parameters: 0.999999 0.000929307 0.00123936 -0.000932317 0.999996 0.00254405 -0.00123711 -0.00254494 0.999995 -0.035869 0.105659 -0.150604
FixedParameters: 0 0 0

#Transform 7
Transform: AffineTransform_float_3_3
Parameters: 0.999998 0.00106576 0.001761 -0.00106825 0.999998 0.00149169 -0.00175899 -0.00149331 0.999997 -0.0494621 0.105801 -0.0676534
FixedParameters: 0 0 0

#Transform 8
Transform: AffineTransform_float_3_3
Parameters: 0.999999 0.00116072 0.000929212 -0.00116157 0.999999 0.00123813 -0.000928038 -0.00123887 0.999999 -0.0348801 0.0952565 -0.0706054
FixedParameters: 0 0 0

#Transform 9
Transform: AffineTransform_float_3_3
Parameters: 0.999998 0.00132605 0.000925787 -0.00132783 0.999998 0.00153362 -0.000924337 -0.00153538 0.999998 -0.0351889 0.0990147 -0.051271
FixedParameters: 0 0 0

#Transform 10
Transform: AffineTransform_float_3_3
Parameters: 0.999998 0.00130585 0.00093426 -0.00130713 0.999998 0.00146383 -0.000932137 -0.00146416 0.999998 -0.0307037 0.105862 -0.0723236
FixedParameters: 0 0 0

#Transform 11
Transform: AffineTransform_float_3_3
Parameters: 0.999999 0.00108825 0.00110425 -0.00109036 0.999999 0.00119601 -0.00110296 -0.001197 0.999999 -0.0327802 0.12024 -0.08069
FixedParameters: 0 0 0

#Transform 12
Transform: AffineTransform_float_3_3
Parameters: 0.999999 0.000846951 0.00098768 -0.000847422 1 0.00023837 -0.000987276 -0.00023863 0.999999 -0.0335592 0.124484 -0.0806024
FixedParameters: 0 0 0

#Transform 13
Transform: AffineTransform_float_3_3
Parameters: 0.999999 0.000698525 0.00119061 -0.000698078 1 -0.000574624 -0.00119102 0.000574375 0.999999 -0.0303583 0.126406 -0.094338
FixedParameters: 0 0 0

#Transform 14
Transform: AffineTransform_float_3_3
Parameters: 0.999999 0.000887621 0.00111005 -0.000886387 0.999999 -0.000970985 -0.00111138 0.000969014 0.999999 -0.000674444 0.113525 -0.0914197
FixedParameters: 0 0 0

#Transform 15
Transform: AffineTransform_float_3_3
Parameters: 1 0.000586352 -0.000187642 -0.00058634 1 -0.00100989 0.000187378 0.00101011 1 -0.0200031 0.122683 -0.0672094
FixedParameters: 0 0 0

#Transform 16
Transform: AffineTransform_float_3_3
Parameters: 1 0.000395112 -6.62184e-06 -0.000394746 0.999998 -0.001947 6.00449e-06 0.001947 0.999998 -0.0106774 0.134158 -0.0541327
FixedParameters: 0 0 0

#Transform 17
Transform: AffineTransform_float_3_3
Parameters: 1 0.000415346 -1.52573e-05 -0.000415935 0.999998 -0.00194699 1.49501e-05 0.00194701 0.999998 -0.0094402 0.12021 -0.0661035
FixedParameters: 0 0 0

#Transform 18
Transform: AffineTransform_float_3_3
Parameters: 1 0.000537514 0.000105602 -0.000537152 0.999998 -0.00169706 -0.000107426 0.00169694 0.999998 -0.00484807 0.114354 -0.0444187
FixedParameters: 0 0 0

#Transform 19
Transform: AffineTransform_float_3_3
Parameters: 0.999999 0.000291464 0.000660616 -0.000290242 0.999998 -0.00162083 -0.000661169 0.00162117 0.999999 -0.031626 0.105287 -0.046867
FixedParameters: 0 0 0

#Transform 20
Transform: AffineTransform_float_3_3
Parameters: 1 0.000390223 0.000500064 -0.000389819 0.999999 -0.0013242 -0.000500706 0.0013238 0.999999 -0.0314223 0.115968 -0.0454607
FixedParameters: 0 0 0

#Transform 21
Transform: AffineTransform_float_3_3
Parameters: 1 7.77404e-05 0.000468982 -7.80233e-05 1 -0.000680036 -0.000468697 0.000679963 0.999999 -0.0280841 0.11926 -0.0622819
FixedParameters: 0 0 0

#Transform 22
Transform: AffineTransform_float_3_3
Parameters: 1 0.000270142 -0.000159453 -0.000270372 0.999999 -0.000721956 0.000159063 0.000722043 0.999999 0.00664886 0.130226 -0.0643401
FixedParameters: 0 0 0

#Transform 23
Transform: AffineTransform_float_3_3
Parameters: 1 0.000427067 -0.000176304 -0.000427387 1 -0.000910284 0.000175527 0.000909715 0.999999 -0.00637355 0.108177 -0.0313551
FixedParameters: 0 0 0

#Transform 24
Transform: AffineTransform_float_3_3
Parameters: 1 0.000455177 0.000189057 -0.000455046 1 -0.000348086 -0.000189374 0.000347914 1 -0.00454649 0.119337 -0.048902
FixedParameters: 0 0 0

#Transform 25
Transform: AffineTransform_float_3_3
Parameters: 1 0.000499764 0.00022782 -0.000499743 1 -4.61138e-05 -0.000227866 4.5886e-05 1 -0.0265852 0.0963303 -0.03835
FixedParameters: 0 0 0

#Transform 26
Transform: AffineTransform_float_3_3
Parameters: 1 0.00041184 -0.000529823 -0.000412373 1 0.000366219 0.000530515 -0.000365782 1 0.0102178 0.130288 -0.171875
FixedParameters: 0 0 0

#Transform 27
Transform: AffineTransform_float_3_3
Parameters: 1 4.75776e-05 0.000114514 -4.7483e-05 1 -0.000413005 -0.000114553 0.000412994 1 -0.0454265 0.151729 -0.0888105
FixedParameters: 0 0 0

#Transform 28
Transform: AffineTransform_float_3_3
Parameters: 1 -0.000224954 -0.000100098 0.000224999 1 0.000222977 9.99978e-05 -0.000223022 1 -0.0250903 0.145928 -0.0640264
FixedParameters: 0 0 0

#Transform 29
Transform: AffineTransform_float_3_3
Parameters: 1 -0.000360066 0.000398243 0.000359895 1 0.000214143 -0.000398397 -0.000213856 1 -0.0187893 0.129925 -0.0568592
FixedParameters: 0 0 0

#Transform 30
Transform: AffineTransform_float_3_3
Parameters: 0.999999 -0.000221827 0.00129768 0.00022127 1 0.0002148 -0.00129778 -0.0002142 0.999999 -0.0329378 0.132733 -0.0589491
FixedParameters: 0 0 0

#Transform 31
Transform: AffineTransform_float_3_3
Parameters: 0.999999 -0.000156118 0.000878806 0.000156311 1 0.00011229 -0.00087792 -0.00011271 1 -0.0201301 0.129236 -0.0715454
FixedParameters: 0 0 0

#Transform 32
Transform: AffineTransform_float_3_3
Parameters: 0.999999 0.000311607 0.000819368 -0.0003122 1 0.000361744 -0.000819143 -0.000362255 0.999999 -0.024279 0.14419 -0.0841192
FixedParameters: 0 0 0

#Transform 33
Transform: AffineTransform_float_3_3
Parameters: 0.999997 0.00210207 0.00164244 -0.00209953 0.999997 -0.00137819 -0.00164521 0.00137481 0.999998 -0.0994078 0.10903 -0.139838
FixedParameters: 0 0 0

#Transform 34
Transform: AffineTransform_float_3_3
Parameters: 0.999996 0.00262907 0.00101676 -0.00262917 0.999996 -0.000403285 -0.00101848 0.000400713 0.999999 -0.0932415 0.108564 -0.0850528
FixedParameters: 0 0 0

#Transform 35
Transform: AffineTransform_float_3_3
Parameters: 0.999998 0.00141771 0.00088386 -0.00141778 0.999999 -0.000479559 -0.000884827 0.000478441 0.999999 -0.0651158 0.123764 -0.0850615
FixedParameters: 0 0 0

#Transform 36
Transform: AffineTransform_float_3_3
Parameters: 1 0.000652967 0.00097542 -0.000652162 1 5.87237e-05 -0.000975734 -5.92776e-05 1 -0.0431814 0.147166 -0.0906895
FixedParameters: 0 0 0

#Transform 37
Transform: AffineTransform_float_3_3
Parameters: 0.999999 0.000953952 0.00122866 -0.000953167 0.999999 -0.000694812 -0.00122959 0.000693187 0.999999 -0.0353213 0.154459 -0.115956
FixedParameters: 0 0 0

#Transform 38
Transform: AffineTransform_float_3_3
Parameters: 0.999999 0.00147519 0.00098937 -0.00147393 0.999999 -0.000904253 -0.000990723 0.000902747 1 -0.0760513 0.147105 -0.141189
FixedParameters: 0 0 0

#Transform 39
Transform: AffineTransform_float_3_3
Parameters: 0.999999 0.000962533 0.000781018 -0.000961347 0.999999 -0.00168691 -0.00078256 0.0016861 0.999998 -0.0343391 0.135457 -0.131806
FixedParameters: 0 0 0

#Transform 40
Transform: AffineTransform_float_3_3
Parameters: 1 0.00090269 0.000805302 -0.000900214 0.999992 -0.00390273 -0.000808543 0.00390127 0.999992 -0.0368995 0.143159 -0.173468
FixedParameters: 0 0 0

#Transform 41
Transform: AffineTransform_float_3_3
Parameters: 0.999998 0.00101685 0.00121722 -0.00101061 0.999988 -0.00487903 -0.00122253 0.00487797 0.999987 -0.047848 0.141291 -0.210921
FixedParameters: 0 0 0

#Transform 42
Transform: AffineTransform_float_3_3
Parameters: 0.999999 0.00114562 0.000969589 -0.00114171 0.99999 -0.00424975 -0.000974202 0.00424825 0.999991 -0.0519027 0.15116 -0.160173
FixedParameters: 0 0 0

#Transform 43
Transform: AffineTransform_float_3_3
Parameters: 0.999998 0.00124136 0.00127605 -0.00123673 0.999993 -0.00366638 -0.00128095 0.00366462 0.999992 -0.0338266 0.130278 -0.144241
FixedParameters: 0 0 0

#Transform 44
Transform: AffineTransform_float_3_3
Parameters: 0.999999 0.00102296 0.00155922 -0.00101382 0.99998 -0.00620902 -0.00156534 0.00620797 0.999979 -0.027087 0.145486 -0.213363
FixedParameters: 0 0 0

#Transform 45
Transform: AffineTransform_float_3_3
Parameters: 0.999997 0.000972516 0.00202981 -0.000960422 0.999982 -0.00582424 -0.00203506 0.00582175 0.999981 -0.020351 0.133913 -0.205623
FixedParameters: 0 0 0

#Transform 46
Transform: AffineTransform_float_3_3
Parameters: 0.999997 0.000815274 0.0020269 -0.000802156 0.999978 -0.00663492 -0.00203177 0.00663308 0.999976 -0.0187669 0.136466 -0.209105
FixedParameters: 0 0 0

#Transform 47
Transform: AffineTransform_float_3_3
Parameters: 0.999997 0.000626002 0.0021087 -0.000611653 0.999978 -0.00654522 -0.00211225 0.00654477 0.999976 -0.0176382 0.122684 -0.215617
FixedParameters: 0 0 0

#Transform 48
Transform: AffineTransform_float_3_3
Parameters: 0.999997 0.000523673 0.00215337 -0.000507644 0.999971 -0.00762124 -0.00215735 0.00761976 0.999968 -0.0169807 0.139832 -0.229161
FixedParameters: 0 0 0

#Transform 49
Transform: AffineTransform_float_3_3
Parameters: 0.999998 0.000248546 0.0020492 -0.000232673 0.999971 -0.00762062 -0.00205069 0.00762038 0.999969 -0.00529586 0.127831 -0.253447
FixedParameters: 0 0 0

#Transform 50
Transform: AffineTransform_float_3_3
Parameters: 0.999998 0.000218972 0.0019746 -0.000201178 0.999959 -0.00895939 -0.00197632 0.00895861 0.999958 -0.00887811 0.126659 -0.293389
FixedParameters: 0 0 0

#Transform 51
Transform: AffineTransform_float_3_3
Parameters: 0.999998 -0.000469941 0.00164785 0.000485703 0.999955 -0.00944805 -0.00164425 0.00944893 0.999953 -0.0220398 0.119157 -0.337981
FixedParameters: 0 0 0

#Transform 52
Transform: AffineTransform_float_3_3
Parameters: 1 -0.000131174 0.000408124 0.00013465 0.999963 -0.00861494 -0.000406503 0.00861505 0.999963 -0.00137899 0.122404 -0.262328
FixedParameters: 0 0 0

#Transform 53
Transform: AffineTransform_float_3_3
Parameters: 0.999999 -0.000391004 0.00118046 0.000401987 0.999955 -0.00949939 -0.00117678 0.00949963 0.999955 -0.00576576 0.137629 -0.26243
FixedParameters: 0 0 0

#Transform 54
Transform: AffineTransform_float_3_3
Parameters: 1 -0.000526818 0.000912244 0.00053598 0.999945 -0.0105129 -0.00090662 0.0105131 0.999944 0.00208553 0.130503 -0.330679
FixedParameters: 0 0 0

#Transform 55
Transform: AffineTransform_float_3_3
Parameters: 1 -0.000313558 0.000556781 0.000318854 0.999952 -0.00984468 -0.000553595 0.00984434 0.999952 -0.0114467 0.127152 -0.283232
FixedParameters: 0 0 0

#Transform 56
Transform: AffineTransform_float_3_3
Parameters: 0.999999 -0.000359192 0.000645176 0.00036536 0.999955 -0.00947077 -0.000642273 0.00947123 0.999955 -0.00772222 0.136135 -0.275986
FixedParameters: 0 0 0

#Transform 57
Transform: AffineTransform_float_3_3
Parameters: 1 -1.78914e-05 0.00112623 2.97026e-05 0.999948 -0.0101965 -0.00112644 0.0101965 0.999948 -0.022497 0.138995 -0.263603
FixedParameters: 0 0 0

#Transform 58
Transform: AffineTransform_float_3_3
Parameters: 1 -0.000268407 0.00111393 0.00027976 0.999955 -0.00946554 -0.00111114 0.00946545 0.999955 -0.0199856 0.129426 -0.250716
FixedParameters: 0 0 0

#Transform 59
Transform: AffineTransform_float_3_3
Parameters: 1 -0.000176302 0.000641037 0.000183053 0.999949 -0.0100889 -0.00063914 0.0100891 0.999949 -0.01752 0.142043 -0.250949
FixedParameters: 0 0 0

#Transform 60
Transform: AffineTransform_float_3_3
Parameters: 1 -0.000165492 0.000620983 0.000171667 0.999951 -0.0099489 -0.000619357 0.00994911 0.999951 -0.0118892 0.12749 -0.265152
FixedParameters: 0 0 0

#Transform 61
Transform: AffineTransform_float_3_3
Parameters: 1 -0.000338467 0.000951113 0.000348408 0.999944 -0.0105565 -0.00094718 0.0105565 0.999944 -0.014339 0.13454 -0.269594
FixedParameters: 0 0 0

#Transform 62
Transform: AffineTransform_float_3_3
Parameters: 1 -0.00029308 0.000845105 0.000302197 0.999944 -0.0106156 -0.000841574 0.0106154 0.999944 -0.0082554 0.142419 -0.243891
FixedParameters: 0 0 0

#Transform 63
Transform: AffineTransform_float_3_3
Parameters: 0.999999 -0.000314862 0.000651231 0.000321218 0.999951 -0.0099418 -0.000647556 0.00994222 0.999951 -0.0142686 0.12436 -0.266575
FixedParameters: 0 0 0

#Transform 64
Transform: AffineTransform_float_3_3
Parameters: 0.999999 -0.00054367 0.000816054 0.000551944 0.999943 -0.0106446 -0.000810331 0.0106454 0.999943 -0.00909052 0.145757 -0.274067
FixedParameters: 0 0 0

#Transform 65
Transform: AffineTransform_float_3_3
Parameters: 1 -0.000567373 0.000766577 0.000575826 0.999941 -0.0108516 -0.000760501 0.0108524 0.999941 -0.00509079 0.128904 -0.310078
FixedParameters: 0 0 0

#Transform 66
Transform: AffineTransform_float_3_3
Parameters: 0.999999 -0.000405546 0.000624255 0.000413523 0.999933 -0.0115707 -0.000619658 0.0115713 0.999933 0.00482639 0.138617 -0.290251
FixedParameters: 0 0 0

#Transform 67
Transform: AffineTransform_float_3_3
Parameters: 0.999999 -0.000241741 0.000896267 0.000252389 0.999936 -0.0113758 -0.000893043 0.0113762 0.999935 0.00766847 0.136752 -0.314433
FixedParameters: 0 0 0

#Transform 68
Transform: AffineTransform_float_3_3
Parameters: 0.999998 -0.000496868 0.00168108 0.00051573 0.99994 -0.010968 -0.00167647 0.010969 0.999938 0.00437921 0.14805 -0.337241
FixedParameters: 0 0 0

#Transform 69
Transform: AffineTransform_float_3_3
Parameters: 0.999998 -0.000446273 0.00215058 0.000468852 0.999945 -0.0105084 -0.00214551 0.0105096 0.999943 0.0103992 0.142579 -0.350824
FixedParameters: 0 0 0

#Transform 70
Transform: AffineTransform_float_3_3
Parameters: 0.999998 -0.000667554 0.00213206 0.000691387 0.999934 -0.0114842 -0.00212429 0.0114857 0.999931 0.0175747 0.131867 -0.40349
FixedParameters: 0 0 0

#Transform 71
Transform: AffineTransform_float_3_3
Parameters: 0.999997 -0.000707284 0.00207176 0.000730152 0.999936 -0.0113642 -0.00206364 0.0113658 0.999933 0.0283595 0.151105 -0.357824
FixedParameters: 0 0 0

#Transform 72
Transform: AffineTransform_float_3_3
Parameters: 0.999998 -0.000716573 0.00216836 0.000740968 0.999937 -0.01121 -0.00216025 0.011211 0.999935 0.0251724 0.132064 -0.382576
FixedParameters: 0 0 0

#Transform 73
Transform: AffineTransform_float_3_3
Parameters: 0.999997 -0.000538842 0.00216783 0.000564299 0.99993 -0.0117881 -0.00216135 0.0117899 0.999928 0.025988 0.135748 -0.386722
FixedParameters: 0 0 0

#Transform 74
Transform: AffineTransform_float_3_3
Parameters: 0.999997 -0.000863994 0.00220866 0.000889265 0.999932 -0.0116826 -0.00219877 0.0116844 0.99993 0.03792 0.146377 -0.414147
FixedParameters: 0 0 0

#Transform 75
Transform: AffineTransform_float_3_3
Parameters: 0.999998 -0.000981885 0.00174124 0.00100158 0.999934 -0.011413 -0.00172969 0.011415 0.999933 0.0446028 0.135169 -0.381846
FixedParameters: 0 0 0

#Transform 76
Transform: AffineTransform_float_3_3
Parameters: 0.999997 -0.00103904 0.00187388 0.00106075 0.99993 -0.0117457 -0.00186045 0.0117483 0.999929 0.0329361 0.151498 -0.395527
FixedParameters: 0 0 0

#Transform 77
Transform: AffineTransform_float_3_3
Parameters: 0.999998 -0.000780907 0.00184174 0.00079951 0.999944 -0.0105172 -0.00183398 0.0105188 0.999943 0.0217496 0.130941 -0.285963
FixedParameters: 0 0 0

#Transform 78
Transform: AffineTransform_float_3_3
Parameters: 0.999997 -0.00103322 0.00192751 0.0010537 0.99994 -0.0108495 -0.0019165 0.0108515 0.99994 0.026015 0.144866 -0.258027
FixedParameters: 0 0 0

#Transform 79
Transform: AffineTransform_float_3_3
Parameters: 0.999998 -0.000811896 0.00177184 0.000829599 0.999948 -0.0102014 -0.00176251 0.0102036 0.999946 0.0273704 0.148775 -0.238021
FixedParameters: 0 0 0

#Transform 80
Transform: AffineTransform_float_3_3
Parameters: 0.999998 -0.000968493 0.00170101 0.00098465 0.999957 -0.00919819 -0.00169294 0.0092008 0.999956 0.0138409 0.16091 -0.213651
FixedParameters: 0 0 0

#Transform 81
Transform: AffineTransform_float_3_3
Parameters: 0.999999 -0.00120992 0.00142617 0.00121849 0.999981 -0.00600148 -0.00141885 0.00600352 0.99998 0.0338774 0.176246 -0.0893446
FixedParameters: 0 0 0

#Transform 82
Transform: AffineTransform_float_3_3
Parameters: 0.999999 -0.000820048 0.00125854 0.000827629 0.999979 -0.00646217 -0.00125291 0.00646283 0.999978 0.027813 0.169986 -0.102516
FixedParameters: 0 0 0

#Transform 83
Transform: AffineTransform_float_3_3
Parameters: 0.999999 -0.000667205 0.00142793 0.000676364 0.999978 -0.00656689 -0.00142374 0.00656811 0.999977 -0.00532914 0.170233 -0.111854
FixedParameters: 0 0 0

#Transform 84
Transform: AffineTransform_float_3_3
Parameters: 0.999999 -0.000592114 0.00174216 0.000602897 0.999977 -0.00675266 -0.00173847 0.00675335 0.999976 -0.0193603 0.18377 -0.102297
FixedParameters: 0 0 0

#Transform 85
Transform: AffineTransform_float_3_3
Parameters: 0.999999 -0.000423998 0.00137672 0.00043377 0.999975 -0.00708426 -0.00137304 0.00708475 0.999974 -0.0056891 0.179281 -0.0767663
FixedParameters: 0 0 0

#Transform 86
Transform: AffineTransform_float_3_3
Parameters: 0.999998 -0.00082426 0.00135552 0.000834985 0.999965 -0.00827758 -0.00134878 0.00827843 0.999965 0.00218771 0.171177 -0.118921
FixedParameters: 0 0 0

#Transform 87
Transform: AffineTransform_float_3_3
Parameters: 0.999999 -0.000528252 0.00113399 0.000537133 0.999968 -0.00797924 -0.0011292 0.00797975 0.999967 -0.0062175 0.184748 -0.0585674
FixedParameters: 0 0 0

#Transform 88
Transform: AffineTransform_float_3_3
Parameters: 0.999998 -0.00093418 0.00131067 0.00094521 0.999965 -0.00833098 -0.0013024 0.00833202 0.999964 0.0042065 0.184119 -0.0942569
FixedParameters: 0 0 0

#Transform 89
Transform: AffineTransform_float_3_3
Parameters: 1 -0.000682778 0.000776857 0.000689367 0.99996 -0.00890447 -0.00077136 0.00890553 0.99996 -0.00216023 0.186831 -0.0717256
FixedParameters: 0 0 0

#Transform 90
Transform: AffineTransform_float_3_3
Parameters: 0.999999 -0.000527333 0.00113442 0.000537665 0.999961 -0.00878924 -0.00112969 0.00878975 0.999961 0.00461947 0.179688 -0.0840184
FixedParameters: 0 0 0

#Transform 91
Transform: AffineTransform_float_3_3
Parameters: 0.999999 -0.000527022 0.00113457 0.000537974 0.999958 -0.00906324 -0.00112954 0.00906375 0.999958 0.0142622 0.174581 -0.107912
FixedParameters: 0 0 0

#Transform 92
Transform: AffineTransform_float_3_3
Parameters: 0.999999 -0.000695663 0.00120804 0.000706376 0.999958 -0.009124 -0.00120132 0.009125 0.999958 0.014034 0.187361 -0.0664166
FixedParameters: 0 0 0

#Transform 93
Transform: AffineTransform_float_3_3
Parameters: 0.999999 -0.00104269 0.000963926 0.00105147 0.999953 -0.0096242 -0.000953783 0.00962479 0.999953 0.0243734 0.163934 -0.133356
FixedParameters: 0 0 0

#Transform 94
Transform: AffineTransform_float_3_3
Parameters: 0.999999 -0.000935032 0.00121762 0.000947527 0.999949 -0.0100587 -0.00120884 0.0100603 0.999949 0.0335999 0.181263 -0.154753
FixedParameters: 0 0 0

#Transform 95
Transform: AffineTransform_float_3_3
Parameters: 0.999999 -0.000522454 0.00114473 0.00053264 0.999957 -0.00921925 -0.00114017 0.00921976 0.999957 0.0202158 0.161795 -0.138698
FixedParameters: 0 0 0

#Transform 96
Transform: AffineTransform_float_3_3
Parameters: 1 -0.000651539 0.000847258 0.000659904 0.99995 -0.00999244 -0.000841404 0.00999355 0.999949 0.0163031 0.182091 -0.0912101
FixedParameters: 0 0 0

#Transform 97
Transform: AffineTransform_float_3_3
Parameters: 0.999999 -0.000757459 0.000605275 0.000763045 0.999962 -0.00876555 -0.000598528 0.00876646 0.999962 0.018907 0.162268 -0.105657
FixedParameters: 0 0 0

#Transform 98
Transform: AffineTransform_float_3_3
Parameters: 0.999999 -0.000527265 0.00113372 0.000537206 0.999958 -0.00920125 -0.00112909 0.00920176 0.999957 -0.00628549 0.182912 -0.0916886
FixedParameters: 0 0 0

#Transform 99
Transform: AffineTransform_float_3_3
Parameters: 1 -0.000686315 0.000944177 0.000694993 0.99996 -0.00892319 -0.000938181 0.0089238 0.99996 -0.00336366 0.166385 -0.112909
FixedParameters: 0 0 0

#Transform 100
Transform: AffineTransform_float_3_3
Parameters: 0.999999 -0.000796813 0.00125571 0.000808682 0.999955 -0.0093992 -0.00124761 0.00939979 0.999955 -0.00453714 0.190785 -0.0984461
FixedParameters: 0 0 0

#Transform 101
Transform: AffineTransform_float_3_3
Parameters: 0.999999 -0.000786643 0.00125039 0.000796765 0.999962 -0.00873387 -0.00124356 0.00873515 0.999962 -0.0181888 0.168986 -0.101012
FixedParameters: 0 0 0

#Transform 102
Transform: AffineTransform_float_3_3
Parameters: 0.999999 -0.000895293 0.00028811 0.000897967 0.999969 -0.00788926 -0.000280796 0.00788975 0.999968 0.0105604 0.176272 -0.123937
FixedParameters: 0 0 0

#Transform 103
Transform: AffineTransform_float_3_3
Parameters: 0.999999 -0.00107317 0.000964101 0.00108075 0.999973 -0.00741933 -0.000956151 0.00742068 0.999972 0.0125476 0.197021 -0.115991
FixedParameters: 0 0 0

#Transform 104
Transform: AffineTransform_float_3_3
Parameters: 1 -0.000613718 0.000938813 0.000620108 0.999977 -0.00683327 -0.000935262 0.00683374 0.999977 -0.0037707 0.183909 -0.103174
FixedParameters: 0 0 0

#Transform 105
Transform: AffineTransform_float_3_3
Parameters: 0.999999 -0.000895481 0.000287525 0.000897783 0.999974 -0.00723611 -0.000281383 0.0072359 0.999974 0.00337819 0.191249 -0.0733259
FixedParameters: 0 0 0

#Transform 106
Transform: AffineTransform_float_3_3
Parameters: 0.999999 -0.000895481 0.000287525 0.000897783 0.999974 -0.00723611 -0.000281383 0.0072359 0.999974 0.00148667 0.187822 -0.0719005
FixedParameters: 0 0 0

#Transform 107
Transform: AffineTransform_float_3_3
Parameters: 0.999999 -0.000948672 0.000310673 0.000950443 0.999972 -0.00734071 -0.000303174 0.00734129 0.999973 -0.00141546 0.188537 -0.0693627
FixedParameters: 0 0 0

#Transform 108
Transform: AffineTransform_float_3_3
Parameters: 0.999999 -0.000885467 0.000310691 0.000888258 0.999971 -0.00748972 -0.00030424 0.00749027 0.999972 0.00817425 0.191275 -0.0479028
FixedParameters: 0 0 0

#Transform 109
Transform: AffineTransform_float_3_3
Parameters: 0.999999 -0.000863662 0.000361039 0.000866553 0.999964 -0.00841605 -0.000353841 0.00841595 0.999964 0.00382812 0.184447 -0.0487756
FixedParameters: 0 0 0

#Transform 110
Transform: AffineTransform_float_3_3
Parameters: 1 -0.00105984 0.000163197 0.00106095 0.999961 -0.00877484 -0.000153652 0.00877517 0.999962 0.012362 0.193762 -0.0790098
FixedParameters: 0 0 0

#Transform 111
Transform: AffineTransform_float_3_3
Parameters: 1 -0.00103458 0.000243892 0.00103583 0.999961 -0.00884727 -0.00023517 0.00884774 0.99996 0.01335 0.181686 -0.0882855
FixedParameters: 0 0 0

#Transform 112
Transform: AffineTransform_float_3_3
Parameters: 0.999999 -0.00124008 9.25917e-05 0.00124105 0.999958 -0.0090934 -8.17176e-05 0.00909359 0.999958 0.00639176 0.189916 -0.0944904
FixedParameters: 0 0 0

#Transform 113
Transform: AffineTransform_float_3_3
Parameters: 1 -0.00115226 0.00020619 0.00115396 0.999964 -0.00839728 -0.000195889 0.00839772 0.999964 0.00858707 0.182364 -0.0714517
FixedParameters: 0 0 0

#Transform 114
Transform: AffineTransform_float_3_3
Parameters: 0.999999 -0.000774109 0.000381414 0.000778059 0.999961 -0.00884707 -0.000374125 0.00884694 0.999961 0.00432029 0.188188 -0.0524292
FixedParameters: 0 0 0

#Transform 115
Transform: AffineTransform_float_3_3
Parameters: 0.999999 -0.00125535 0.000285392 0.00125784 0.99996 -0.00884716 -0.000274063 0.00884784 0.99996 0.0136027 0.18328 -0.0976507
FixedParameters: 0 0 0

#Transform 116
Transform: AffineTransform_float_3_3
Parameters: 0.999999 -0.00102656 1.77357e-06 0.00102575 0.999958 -0.009031 7.30451e-06 0.009031 0.999959 0.0171232 0.179207 -0.0793903
FixedParameters: 0 0 0

#Transform 117
Transform: AffineTransform_float_3_3
Parameters: 1 -0.00111183 0.000214141 0.00111344 0.999961 -0.00875977 -0.000204634 0.00876024 0.999962 0.0243115 0.184897 -0.0465208
FixedParameters: 0 0 0

#Transform 118
Transform: AffineTransform_float_3_3
Parameters: 1 -0.001087 0.000203769 0.00108856 0.999958 -0.00912279 -0.000193907 0.00912322 0.999959 0.0255066 0.179513 -0.054516
FixedParameters: 0 0 0

#Transform 119
Transform: AffineTransform_float_3_3
Parameters: 1 -0.000986131 0.000437987 0.000990548 0.999948 -0.0100614 -0.000428224 0.0100616 0.99995 0.0183347 0.200979 -0.0280466
FixedParameters: 0 0 0

#Transform 120
Transform: AffineTransform_float_3_3
Parameters: 1 -0.00118669 0.000248492 0.00118876 0.999948 -0.0101507 -0.000236206 0.0101513 0.999949 0.0333545 0.183031 -0.0802507
FixedParameters: 0 0 0

#Transform 121
Transform: AffineTransform_float_3_3
Parameters: 0.999999 -0.000933686 0.000138406 0.000934426 0.999945 -0.0105034 -0.00012877 0.0105036 0.999944 0.0178537 0.200161 0.0243869
FixedParameters: 0 0 0

#Transform 122
Transform: AffineTransform_float_3_3
Parameters: 0.999999 -0.00122047 0.000263875 0.0012227 0.999943 -0.0106268 -0.000250657 0.0106282 0.999944 0.0252677 0.193295 0.0268407
FixedParameters: 0 0 0

#Transform 123
Transform: AffineTransform_float_3_3
Parameters: 0.999999 -0.00130924 0.00030322 0.00131174 0.999938 -0.0110068 -0.000288958 0.0110082 0.999939 0.0258276 0.19971 0.00411988
FixedParameters: 0 0 0

#Transform 124
Transform: AffineTransform_float_3_3
Parameters: 0.999999 -0.00129823 0.000298481 0.00130065 0.999938 -0.0110611 -0.000284321 0.0110619 0.999938 0.025792 0.206948 0.0465509
FixedParameters: 0 0 0

#Transform 125
Transform: AffineTransform_float_3_3
Parameters: 0.999999 -0.00127247 0.00028774 0.00127579 0.999934 -0.0114421 -0.000273561 0.0114428 0.999934 0.0315076 0.198409 0.00741639
FixedParameters: 0 0 0

#Transform 126
Transform: AffineTransform_float_3_3
Parameters: 0.999999 -0.00118421 0.000434333 0.00118924 0.999936 -0.0111925 -0.000421044 0.0111935 0.999938 0.0218563 0.209318 0.0534532
FixedParameters: 0 0 0

#Transform 127
Transform: AffineTransform_float_3_3
Parameters: 0.999999 -0.00122957 0.000268174 0.00123255 0.99994 -0.010866 -0.000255479 0.010866 0.999941 0.0185359 0.196412 0.0338021
FixedParameters: 0 0 0

#Transform 128
Transform: AffineTransform_float_3_3
Parameters: 0.999999 -0.00113269 0.000933134 0.00114298 0.999931 -0.0116151 -0.000920395 0.0116158 0.999932 0.0199792 0.188304 0.0189321
FixedParameters: 0 0 0

#Transform 129
Transform: AffineTransform_float_3_3
Parameters: 1 -0.000603547 0.000140016 0.000604893 0.999933 -0.0115799 -0.000132856 0.0115801 0.999933 0.0258506 0.187694 0.0126927
FixedParameters: 0 0 0

#Transform 130
Transform: AffineTransform_float_3_3
Parameters: 1 -0.00112416 0.000222322 0.00112664 0.999938 -0.0110701 -0.000210543 0.0110699 0.999939 0.0270694 0.187106 -0.00226052
FixedParameters: 0 0 0

#Transform 131
Transform: AffineTransform_float_3_3
Parameters: 1 -0.00117315 8.90082e-05 0.00117466 0.999926 -0.0121784 -7.43345e-05 0.0121786 0.999925 0.0268092 0.189966 0.00537612
FixedParameters: 0 0 0

#Transform 132
Transform: AffineTransform_float_3_3
Parameters: 0.999999 -0.00134053 0.000192477 0.00134269 0.999929 -0.0117731 -0.000176257 0.0117729 0.999931 0.0254489 0.195222 -0.0236748
FixedParameters: 0 0 0

#Transform 133
Transform: AffineTransform_float_3_3
Parameters: 0.999999 -0.0012968 3.52953e-05 0.00129695 0.999933 -0.011444 -1.95315e-05 0.011444 0.999935 0.0277466 0.192109 -0.0300322
FixedParameters: 0 0 0

#Transform 134
Transform: AffineTransform_float_3_3
Parameters: 1 -0.00118085 6.39423e-05 0.00118175 0.999925 -0.0121339 -4.91936e-05 0.0121341 0.999927 0.0317779 0.203807 -0.0160327
FixedParameters: 0 0 0

#Transform 135
Transform: AffineTransform_float_3_3
Parameters: 1 -0.00110065 0.000475606 0.00110594 0.999933 -0.0114575 -0.000463209 0.0114585 0.999934 0.0280159 0.193565 -0.0238857
FixedParameters: 0 0 0

#Transform 136
Transform: AffineTransform_float_3_3
Parameters: 0.999999 -0.00115757 0.000437971 0.00116299 0.999927 -0.0120149 -0.000424287 0.0120151 0.999928 0.0253387 0.196765 -0.0330611
FixedParameters: 0 0 0

#Transform 137
Transform: AffineTransform_float_3_3
Parameters: 0.999999 -0.00135428 0.000118749 0.00135524 0.999931 -0.0117394 -0.000103621 0.0117396 0.999931 0.0314274 0.205298 -0.0363518
FixedParameters: 0 0 0

#Transform 138
Transform: AffineTransform_float_3_3
Parameters: 0.999999 -0.00122882 0.000170853 0.0012309 0.999929 -0.0118149 -0.000156239 0.011816 0.99993 0.0248849 0.196996 -0.0328386
FixedParameters: 0 0 0

#Transform 139
Transform: AffineTransform_float_3_3
Parameters: 1 -0.00121351 -3.44964e-05 0.00121248 0.999917 -0.0128034 5.03263e-05 0.0128026 0.999918 0.025187 0.200705 -0.0361022
FixedParameters: 0 0 0

#Transform 140
Transform: AffineTransform_float_3_3
Parameters: 0.999999 -0.00136639 3.24808e-05 0.00136719 0.999919 -0.0126293 -1.54201e-05 0.0126287 0.999921 0.0277383 0.191671 -0.0869163
FixedParameters: 0 0 0

#Transform 141
Transform: AffineTransform_float_3_3
Parameters: 1 -0.00118202 -0.000162777 0.00117967 0.999926 -0.0120612 0.000177481 0.0120608 0.999927 0.0306246 0.199031 -0.053791
FixedParameters: 0 0 0

#Transform 142
Transform: AffineTransform_float_3_3
Parameters: 0.999999 -0.00136773 -0.000129845 0.00136577 0.999921 -0.0125067 0.0001471 0.0125063 0.999921 0.0286856 0.200157 -0.0649337
FixedParameters: 0 0 0

#Transform 143
Transform: AffineTransform_float_3_3
Parameters: 0.999999 -0.00147623 -0.000316813 0.00147223 0.999919 -0.0126568 0.000336028 0.0126572 0.99992 0.0343863 0.193858 -0.0965071
FixedParameters: 0 0 0

#Transform 144
Transform: AffineTransform_float_3_3
Parameters: 0.999999 -0.00141631 -0.000411902 0.00141095 0.999907 -0.0135908 0.000431441 0.0135903 0.999908 0.0379815 0.213003 -0.0613258
FixedParameters: 0 0 0

#Transform 145
Transform: AffineTransform_float_3_3
Parameters: 0.999998 -0.00160343 -0.000428336 0.00159807 0.999911 -0.0132149 0.000449525 0.0132141 0.999913 0.0552892 0.192801 -0.0580075
FixedParameters: 0 0 0

#Transform 146
Transform: AffineTransform_float_3_3
Parameters: 0.999998 -0.00176396 -0.000759029 0.00175381 0.999904 -0.0137177 0.00078198 0.0137163 0.999906 0.0635991 0.196961 -0.0809281
FixedParameters: 0 0 0

#Transform 147
Transform: AffineTransform_float_3_3
Parameters: 0.999999 -0.00167571 -0.000814409 0.00166494 0.999906 -0.0136507 0.000836548 0.0136493 0.999906 0.0631951 0.193708 -0.0767264
FixedParameters: 0 0 0

#Transform 148
Transform: AffineTransform_float_3_3
Parameters: 0.999998 -0.00170599 -0.000824006 0.00169485 0.999916 -0.0128442 0.000845925 0.0128428 0.999918 0.0483302 0.190927 -0.113491
FixedParameters: 0 0 0

#Transform 149
Transform: AffineTransform_float_3_3
Parameters: 0.999998 -0.00180299 -0.000812851 0.00179134 0.999904 -0.0137236 0.000836872 0.0137214 0.999906 0.053007 0.193743 -0.0873339
FixedParameters: 0 0 0

#Transform 150
Transform: AffineTransform_float_3_3
Parameters: 0.999998 -0.00175863 -0.000966059 0.00174589 0.999908 -0.013478 0.000989047 0.013476 0.999909 0.0531452 0.184069 -0.0957402
FixedParameters: 0 0 0

#Transform 151
Transform: AffineTransform_float_3_3
Parameters: 0.999998 -0.00156533 -0.000309824 0.00156136 0.999913 -0.0130757 0.000330372 0.0130753 0.999915 0.0366886 0.199142 -0.0379602
FixedParameters: 0 0 0

#Transform 152
Transform: AffineTransform_float_3_3
Parameters: 0.999999 -0.00152689 -0.000326744 0.00152287 0.999913 -0.0130727 0.000347197 0.0130723 0.999915 0.0449137 0.201573 -0.0343444
FixedParameters: 0 0 0

#Transform 153
Transform: AffineTransform_float_3_3
Parameters: 0.999998 -0.00172452 -0.000240265 0.00172173 0.999917 -0.0127761 0.000262118 0.0127759 0.999918 0.0479454 0.188302 -0.0544717
FixedParameters: 0 0 0

#Transform 154
Transform: AffineTransform_float_3_3
Parameters: 0.999998 -0.00174209 -0.000231305 0.00173874 0.999907 -0.0135301 0.000255304 0.0135299 0.999908 0.0530342 0.195445 -0.0393938
FixedParameters: 0 0 0

#Transform 155
Transform: AffineTransform_float_3_3
Parameters: 0.999998 -0.00169134 -0.000132662 0.00168948 0.999918 -0.0126828 0.000154144 0.0126823 0.99992 0.0411538 0.191725 -0.0544368
FixedParameters: 0 0 0

#Transform 156
Transform: AffineTransform_float_3_3
Parameters: 0.999998 -0.00164914 0.000100097 0.00165097 0.999918 -0.0127244 -7.96388e-05 0.0127246 0.999919 0.0389157 0.198962 -0.0180251
FixedParameters: 0 0 0

#Transform 157
Transform: AffineTransform_float_3_3
Parameters: 0.999999 -0.00125266 -0.000339369 0.0012487 0.999916 -0.012959 0.000355519 0.0129581 0.999916 0.0347603 0.206153 0.0158054
FixedParameters: 0 0 0

#Transform 158
Transform: AffineTransform_float_3_3
Parameters: 0.999999 -0.00142537 -0.00102208 0.00141198 0.999922 -0.0124406 0.00104021 0.0124384 0.999922 0.0648515 0.199592 0.0073732
FixedParameters: 0 0 0

#Transform 159
Transform: AffineTransform_float_3_3
Parameters: 0.999999 -0.0014945 -2.14213e-05 0.00149396 0.999928 -0.0119766 3.97508e-05 0.0119764 0.999928 0.0471515 0.195909 0.0152711
FixedParameters: 0 0 0

#Transform 160
Transform: AffineTransform_float_3_3
Parameters: 1 -0.00105503 0.000338089 0.00105961 0.99993 -0.01177 -0.000325947 0.01177 0.999931 0.0325138 0.202367 0.0471935
FixedParameters: 0 0 0

#Transform 161
Transform: AffineTransform_float_3_3
Parameters: 0.999999 -0.00129072 -0.000199624 0.00128909 0.999931 -0.0116818 0.000214278 0.0116812 0.999931 0.0475759 0.203889 0.0397155
FixedParameters: 0 0 0

#Transform 162
Transform: AffineTransform_float_3_3
Parameters: 1 -0.00119373 -0.000241729 0.00119001 0.999927 -0.0120584 0.000255382 0.0120585 0.999927 0.0438257 0.212683 0.0475011
FixedParameters: 0 0 0

#Transform 163
Transform: AffineTransform_float_3_3
Parameters: 0.999999 -0.00140979 -0.000183865 0.00140752 0.999925 -0.0122004 0.000200915 0.0122006 0.999926 0.0486189 0.201812 0.00734101
FixedParameters: 0 0 0

#Transform 164
Transform: AffineTransform_float_3_3
Parameters: 0.999998 -0.00157888 -0.000170076 0.00157649 0.999918 -0.0126804 0.000189613 0.0126806 0.99992 0.0664693 0.211806 0.015862
FixedParameters: 0 0 0

#Transform 165
Transform: AffineTransform_float_3_3
Parameters: 1 -0.00111264 0.000393393 0.00111727 0.999935 -0.0113606 -0.000380415 0.0113614 0.999936 0.0569793 0.231057 0.0420851
FixedParameters: 0 0 0

#Transform 166
Transform: AffineTransform_float_3_3
Parameters: 0.999996 -0.00189012 0.00234175 0.00190875 0.999967 -0.00791503 -0.00232671 0.00791896 0.999966 0.0707785 0.215751 0.0753158
FixedParameters: 0 0 0

#Transform 167
Transform: AffineTransform_float_3_3
Parameters: 0.999998 -0.00168454 0.000935166 0.00169385 0.999946 -0.0102351 -0.000918213 0.0102368 0.999947 0.0611859 0.233257 0.053476
FixedParameters: 0 0 0

#Transform 168
Transform: AffineTransform_float_3_3
Parameters: 0.999994 -0.00314786 0.0018602 0.00316113 0.999967 -0.00754118 -0.00183682 0.00754783 0.99997 0.0980989 0.228467 0.0433293
FixedParameters: 0 0 0

#Transform 169
Transform: AffineTransform_float_3_3
Parameters: 0.999998 -0.00201783 0.00119181 0.00202545 0.999978 -0.00629853 -0.00117845 0.00630047 0.99998 0.0754324 0.230125 0.0426204
FixedParameters: 0 0 0

#Transform 170
Transform: AffineTransform_float_3_3
Parameters: 0.999997 -0.00192329 0.00148124 0.00193005 0.999988 -0.00467808 -0.00147216 0.00468092 0.999988 0.072432 0.201047 0.0852419
FixedParameters: 0 0 0

#Transform 171
Transform: AffineTransform_float_3_3
Parameters: 0.999997 -0.00166239 0.00178523 0.00167135 0.999984 -0.00527344 -0.00177543 0.00527655 0.999984 0.0703891 0.214127 0.0276084
FixedParameters: 0 0 0

#Transform 172
Transform: AffineTransform_float_3_3
Parameters: 0.999997 -0.0015267 0.00181716 0.001536 0.999985 -0.00527328 -0.00180878 0.00527672 0.999985 0.102527 0.222512 0.0983705
FixedParameters: 0 0 0

#Transform 173
Transform: AffineTransform_float_3_3
Parameters: 0.999997 -0.00202361 0.00153486 0.00203295 0.999982 -0.00574368 -0.00152327 0.00574633 0.999983 0.103619 0.20488 0.0441117
FixedParameters: 0 0 0

#Transform 174
Transform: AffineTransform_float_3_3
Parameters: 0.999996 -0.00197764 0.00162969 0.00198845 0.999976 -0.00667235 -0.001616 0.00667665 0.999976 0.110945 0.214585 0.0163213
FixedParameters: 0 0 0

#Transform 175
Transform: AffineTransform_float_3_3
Parameters: 0.999997 -0.00217666 0.00116631 0.00218538 0.999967 -0.0077644 -0.00114915 0.0077666 0.999969 0.106367 0.218111 -0.00892677
FixedParameters: 0 0 0

#Transform 176
Transform: AffineTransform_float_3_3
Parameters: 0.999997 -0.00192768 0.00103701 0.00193542 0.999973 -0.00704773 -0.0010232 0.00705027 0.999975 0.112353 0.223129 0.0205384
FixedParameters: 0 0 0

#Transform 177
Transform: AffineTransform_float_3_3
Parameters: 0.999998 -0.00183834 0.00086328 0.00184406 0.999973 -0.00707214 -0.00084973 0.00707386 0.999975 0.114865 0.204099 -0.00905713
FixedParameters: 0 0 0

#Transform 178
Transform: AffineTransform_float_3_3
Parameters: 0.999998 -0.00196074 0.00113072 0.00197115 0.99996 -0.00876537 -0.00111296 0.00876764 0.999962 0.118391 0.221752 0.0160522
FixedParameters: 0 0 0

#Transform 179
Transform: AffineTransform_float_3_3
Parameters: 0.999997 -0.00220289 0.000980117 0.00221117 0.999962 -0.00848694 -0.00096198 0.00848907 0.999963 0.11326 0.207653 -0.00264999
FixedParameters: 0 0 0
