# transform file /out/sourcedata/freesurfer/sub-v1s10x0051063_ses-1/mri/transforms/cc_up.lta
# created by oesteban on Thu Mar 12 07:23:40 2026

type      = 0 # LINEAR_VOX_TO_VOX
nxforms   = 1
mean      = 127.0000 135.0000 123.0000
sigma     = 10000.0000
1 4 4
9.998327493667603e-01 1.807587407529354e-02 2.816196065396070e-03 -2.156556367874146e+00 
-1.807580329477787e-02 9.998366832733154e-01 -5.091352431918494e-05 1.335204124450684e+01 
-2.816656371578574e-03 0.000000000000000e+00 9.999961256980896e-01 1.136305332183838e+01 
0.000000000000000e+00 0.000000000000000e+00 0.000000000000000e+00 1.000000000000000e+00 
src volume info
valid = 1  # volume info valid
filename = /out/sourcedata/freesurfer/sub-v1s10x0051063_ses-1/mri/norm.mgz
volume = 256 256 256
voxelsize = 1.000000000000000e+00 1.000000000000000e+00 1.000000000000000e+00
xras   = -1.000000000000000e+00 0.000000000000000e+00 0.000000000000000e+00
yras   = 0.000000000000000e+00 0.000000000000000e+00 -1.000000000000000e+00
zras   = 0.000000000000000e+00 1.000000000000000e+00 0.000000000000000e+00
cras   = 4.279579162597656e+00 -3.337341308593750e+00 3.891571044921875e+00
dst volume info
valid = 1  # volume info valid
filename = /out/sourcedata/freesurfer/sub-v1s10x0051063_ses-1/mri/norm.mgz
volume = 256 256 256
voxelsize = 1.000000000000000e+00 1.000000000000000e+00 1.000000000000000e+00
xras   = -1.000000000000000e+00 0.000000000000000e+00 0.000000000000000e+00
yras   = 0.000000000000000e+00 0.000000000000000e+00 -1.000000000000000e+00
zras   = 0.000000000000000e+00 1.000000000000000e+00 0.000000000000000e+00
cras   = 4.279579162597656e+00 -3.337341308593750e+00 3.891571044921875e+00
