#Insight Transform File V1.0
#Transform 0
Transform: AffineTransform_float_3_3
Parameters: 0.999999 -0.00100082 -0.000983027 0.00100058 0.999999 -0.000125624 0.000983277 0.000124376 1 -0.0113952 0.0825229 0.340875
FixedParameters: 0 0 0

#Transform 1
Transform: AffineTransform_float_3_3
Parameters: 1 0.000195836 -0.000427254 -0.00019527 1 0.000663083 0.000427513 -0.000662916 0.999999 -0.0126646 0.0248737 -0.148635
FixedParameters: 0 0 0

#Transform 2
Transform: AffineTransform_float_3_3
Parameters: 1 0.00019086 -0.000126338 -0.000190545 0.999999 0.00124402 0.000126813 -0.00124398 0.999999 -0.0019471 0.075458 -0.226029
FixedParameters: 0 0 0

#Transform 3
Transform: AffineTransform_float_3_3
Parameters: 1 0.000174892 -0.000274031 -0.000174709 0.999999 0.000333201 0.000274147 -0.000333799 1 -0.00418773 0.0407669 -0.272274
FixedParameters: 0 0 0

#Transform 4
Transform: AffineTransform_float_3_3
Parameters: 1 6.25659e-05 -0.00031108 -6.22315e-05 0.999999 0.000537172 0.000311147 -0.000537828 1 -0.001259 0.0624437 -0.232516
FixedParameters: 0 0 0

#Transform 5
Transform: AffineTransform_float_3_3
Parameters: 1 0.000185305 -0.000659599 -0.000185485 0.999999 0.000561275 0.000660198 -0.000561725 1 0.00773583 0.0716306 -0.286317
FixedParameters: 0 0 0

#Transform 6
Transform: AffineTransform_float_3_3
Parameters: 1 9.46684e-05 -0.000222571 -9.43812e-05 1 0.000645021 0.000222693 -0.000644979 1 -0.00285117 0.0625753 -0.29677
FixedParameters: 0 0 0

#Transform 7
Transform: AffineTransform_float_3_3
Parameters: 1 0.000119647 -0.0004146 -0.000119318 1 0.000397049 0.000414695 -0.00039695 1 -0.00046422 0.0533059 -0.28592
FixedParameters: 0 0 0

#Transform 8
Transform: AffineTransform_float_3_3
Parameters: 1 0.000181386 -0.000658103 -0.00018112 1 0.000202119 0.000658176 -0.000201881 1 -4.68194e-05 0.0572923 -0.272103
FixedParameters: 0 0 0

#Transform 9
Transform: AffineTransform_float_3_3
Parameters: 1 -3.1976e-05 -8.31116e-05 3.20513e-05 1 0.000452997 8.30826e-05 -0.000453003 1 0.000106305 0.0561712 -0.262914
FixedParameters: 0 0 0

#Transform 10
Transform: AffineTransform_float_3_3
Parameters: 1 6.33591e-05 -0.000324479 -6.31067e-05 1 0.00038902 0.000324528 -0.000388979 1 -0.00444743 0.0304976 -0.275631
FixedParameters: 0 0 0

#Transform 11
Transform: AffineTransform_float_3_3
Parameters: 1 3.67066e-05 -0.000387094 -3.66199e-05 1 0.000112014 0.000387102 -0.000111986 1 -0.000160555 0.0353313 -0.254933
FixedParameters: 0 0 0

#Transform 12
Transform: AffineTransform_float_3_3
Parameters: 1 0.000176177 -0.000352842 -0.000176071 1 0.000150062 0.000352895 -0.000149938 1 0.00844384 0.0518999 -0.245187
FixedParameters: 0 0 0

#Transform 13
Transform: AffineTransform_float_3_3
Parameters: 1 0.000162567 -9.05362e-05 -0.00016239 0.999999 0.000979014 9.08543e-05 -0.000978984 0.999999 -0.00114826 0.0661035 -0.260817
FixedParameters: 0 0 0

#Transform 14
Transform: AffineTransform_float_3_3
Parameters: 1 6.76102e-05 -0.000314361 -6.74517e-05 1 0.000252021 0.000314395 -0.000251979 1 0.00425231 0.0514631 -0.279842
FixedParameters: 0 0 0

#Transform 15
Transform: AffineTransform_float_3_3
Parameters: 1 9.7082e-06 -0.000450613 -9.69738e-06 1 1.20044e-05 0.000450613 -1.19956e-05 1 0.00754272 0.0317449 -0.285314
FixedParameters: 0 0 0

#Transform 16
Transform: AffineTransform_float_3_3
Parameters: 1 0.000103952 -0.000228734 -0.000103786 1 0.000361024 0.000228809 -0.000360976 1 -0.000603167 0.0671737 -0.289788
FixedParameters: 0 0 0

#Transform 17
Transform: AffineTransform_float_3_3
Parameters: 1 1.94445e-05 -2.81171e-06 -1.94417e-05 1 0.000496 2.831e-06 -0.000496 1 0.00125064 0.0536929 -0.289464
FixedParameters: 0 0 0

#Transform 18
Transform: AffineTransform_float_3_3
Parameters: 1 7.77067e-05 -0.000505517 -7.75884e-05 1 0.000117039 0.000505535 -0.000116961 1 0.00936914 0.0522749 -0.317637
FixedParameters: 0 0 0

#Transform 19
Transform: AffineTransform_float_3_3
Parameters: 1 -5.00839e-06 -6.30469e-05 5.05934e-06 1 0.000404 6.30429e-05 -0.000404 1 0.000386299 0.0692313 -0.308879
FixedParameters: 0 0 0

#Transform 20
Transform: AffineTransform_float_3_3
Parameters: 1 0.00025187 0.000120281 -0.000252042 0.999999 0.000717969 -0.000119919 -0.00071803 0.999999 0.0123896 0.0655888 -0.30314
FixedParameters: 0 0 0

#Transform 21
Transform: AffineTransform_float_3_3
Parameters: 1 -0.00045536 -0.000445439 0.000455187 1 -0.000194203 0.000445616 0.000193797 1 0.0316669 0.0310545 -0.324252
FixedParameters: 0 0 0

#Transform 22
Transform: AffineTransform_float_3_3
Parameters: 1 0.000100739 0.000224483 -0.000100706 1 -7.50226e-05 -0.000224498 7.49774e-05 1 0.0199359 0.0507072 -0.310725
FixedParameters: 0 0 0

#Transform 23
Transform: AffineTransform_float_3_3
Parameters: 1 -0.000101138 0.000388484 0.000101404 1 -0.000341961 -0.000388415 0.000342039 1 0.0355307 0.0389224 -0.329279
FixedParameters: 0 0 0

#Transform 24
Transform: AffineTransform_float_3_3
Parameters: 1 -0.000167258 0.000232918 0.000167352 1 -0.000201961 -0.000232851 0.000202039 1 0.0497797 0.0239849 -0.340675
FixedParameters: 0 0 0

#Transform 25
Transform: AffineTransform_float_3_3
Parameters: 1 -8.59421e-05 0.000424368 8.61229e-05 1 -0.000212963 -0.000424331 0.000213036 1 0.0327049 0.018639 -0.321132
FixedParameters: 0 0 0

#Transform 26
Transform: AffineTransform_float_3_3
Parameters: 1 -6.19841e-05 0.000117571 6.1997e-05 1 -5.49927e-05 -0.000117564 5.50073e-05 1 0.0243797 0.0339962 -0.312799
FixedParameters: 0 0 0

#Transform 27
Transform: AffineTransform_float_3_3
Parameters: 1 0.000284194 6.29583e-05 -0.000284192 1 -1.30178e-05 -6.29657e-05 1.29821e-05 1 0.0340154 0.0437494 -0.337705
FixedParameters: 0 0 0

#Transform 28
Transform: AffineTransform_float_3_3
Parameters: 1 -0.000105241 0.000379227 0.000105116 1 0.000164192 -0.000379262 -0.000164807 1 0.0320435 0.0504068 -0.337344
FixedParameters: 0 0 0

#Transform 29
Transform: AffineTransform_float_3_3
Parameters: 1 -0.000235279 7.27594e-05 0.000235305 1 -0.000181983 -7.26737e-05 0.000182017 1 0.0342436 0.0565445 -0.320471
FixedParameters: 0 0 0

#Transform 30
Transform: AffineTransform_float_3_3
Parameters: 1 0.000111914 0.000493537 -0.000111564 1 -0.000355055 -0.000493617 0.000354945 1 0.029176 0.0549073 -0.323731
FixedParameters: 0 0 0

#Transform 31
Transform: AffineTransform_float_3_3
Parameters: 1 -5.7078e-05 0.000492471 5.71588e-05 1 -8.19719e-05 -0.000492462 8.20281e-05 1 0.0296883 0.0491511 -0.318252
FixedParameters: 0 0 0

#Transform 32
Transform: AffineTransform_float_3_3
Parameters: 1 -0.000382035 1.8826e-05 0.000382041 1 -0.000157146 -1.87056e-05 0.000157855 1 0.0258962 0.0329191 -0.305029
FixedParameters: 0 0 0

#Transform 33
Transform: AffineTransform_float_3_3
Parameters: 1 -0.000385563 0.000378885 0.000385735 0.999999 -0.000226701 -0.000378711 0.000226299 1 0.0317454 0.0350827 -0.295487
FixedParameters: 0 0 0

#Transform 34
Transform: AffineTransform_float_3_3
Parameters: 0.999999 -0.000450566 0.000752967 0.000450693 1 -8.36608e-05 -0.000752891 8.43393e-05 0.999999 0.0356697 0.0370392 -0.292605
FixedParameters: 0 0 0

#Transform 35
Transform: AffineTransform_float_3_3
Parameters: 0.999999 -0.000542026 0.000537566 0.000541704 1 -6.37089e-05 -0.000538417 6.4292e-05 1 0.0529056 0.0278872 -0.302077
FixedParameters: 0 0 0

#Transform 36
Transform: AffineTransform_float_3_3
Parameters: 0.999999 -0.00056843 0.000475177 0.000568831 0.999999 -0.00042173 -0.000474697 0.00042227 1 0.0477877 0.02254 -0.315538
FixedParameters: 0 0 0

#Transform 37
Transform: AffineTransform_float_3_3
Parameters: 0.999999 -0.000509161 0.000614919 0.000509318 0.999999 -0.000127534 -0.000614789 0.000127466 1 0.0497582 0.0212333 -0.328453
FixedParameters: 0 0 0

#Transform 38
Transform: AffineTransform_float_3_3
Parameters: 0.999999 -0.000617857 0.000686236 0.000617906 1 -0.000319576 -0.000686761 0.000320424 0.999999 0.0456698 0.0292407 -0.301223
FixedParameters: 0 0 0

#Transform 39
Transform: AffineTransform_float_3_3
Parameters: 0.999999 -0.000895899 0.000857722 0.00089661 1 -0.000414439 -0.000856979 0.000414561 1 0.0560699 0.0326668 -0.318184
FixedParameters: 0 0 0

#Transform 40
Transform: AffineTransform_float_3_3
Parameters: 1 -0.000942454 0.000748186 0.00094305 1 -0.000398655 -0.000747434 0.000399345 0.999999 0.0593145 0.0161473 -0.324571
FixedParameters: 0 0 0

#Transform 41
Transform: AffineTransform_float_3_3
Parameters: 1 -0.000921397 0.000797812 0.000921908 1 -0.000319625 -0.000797222 0.000320375 0.999999 0.0552033 0.0304428 -0.321655
FixedParameters: 0 0 0

#Transform 42
Transform: AffineTransform_float_3_3
Parameters: 0.999999 -0.000888566 0.000875109 0.000888705 1 -0.00030243 -0.000875492 0.000302571 1 0.0563206 0.0144546 -0.303191
FixedParameters: 0 0 0

#Transform 43
Transform: AffineTransform_float_3_3
Parameters: 1 -0.000836344 0.000765127 0.000837084 1 -0.00048372 -0.000764317 0.00048428 0.999999 0.0626419 0.0214896 -0.291483
FixedParameters: 0 0 0

#Transform 44
Transform: AffineTransform_float_3_3
Parameters: 1 -0.000925871 0.000787024 0.00092642 1 -0.000596631 -0.000786839 0.000597369 0.999999 0.0736147 0.0224034 -0.355862
FixedParameters: 0 0 0

#Transform 45
Transform: AffineTransform_float_3_3
Parameters: 0.999999 -0.000818747 0.00103972 0.000819033 1 -0.000137356 -0.0010395 0.000137644 0.999999 0.0674252 0.0161252 -0.35925
FixedParameters: 0 0 0

#Transform 46
Transform: AffineTransform_float_3_3
Parameters: 0.999998 -0.00124461 0.00112404 0.00124475 0.999999 -0.000233808 -0.00112437 0.000235193 0.999999 0.079001 -0.00239417 -0.352841
FixedParameters: 0 0 0

#Transform 47
Transform: AffineTransform_float_3_3
Parameters: 0.999998 -0.0013102 0.00113243 0.00131183 0.999999 -0.000891724 -0.00113101 0.000893277 0.999999 0.0883188 -0.0239658 -0.345283
FixedParameters: 0 0 0

#Transform 48
Transform: AffineTransform_float_3_3
Parameters: 0.999998 -0.00155694 0.00161553 0.00155979 0.999997 -0.0018159 -0.00161184 0.0018181 0.999997 0.107094 -0.0430075 -0.374503
FixedParameters: 0 0 0

#Transform 49
Transform: AffineTransform_float_3_3
Parameters: 0.999997 -0.00195132 0.00179935 0.00195453 0.999996 -0.00194526 -0.00179557 0.00194874 0.999996 0.13626 -0.0315065 -0.356806
FixedParameters: 0 0 0

#Transform 50
Transform: AffineTransform_float_3_3
Parameters: 0.999996 -0.00182762 0.00208846 0.00182945 0.999998 -0.000528443 -0.00208744 0.000532556 0.999998 0.122366 0.0057932 -0.294686
FixedParameters: 0 0 0

#Transform 51
Transform: AffineTransform_float_3_3
Parameters: 0.999996 -0.00170065 0.00198746 0.00170229 0.999998 -0.000837034 -0.00198605 0.000840967 0.999997 0.119871 0.0111104 -0.295274
FixedParameters: 0 0 0

#Transform 52
Transform: AffineTransform_float_3_3
Parameters: 0.999997 -0.00176029 0.00208116 0.00176226 0.999998 -0.00119596 -0.00207892 0.00119904 0.999997 0.127825 0.000897967 -0.295205
FixedParameters: 0 0 0

#Transform 53
Transform: AffineTransform_float_3_3
Parameters: 0.999995 -0.00189956 0.00249286 0.00190107 0.999998 -0.000905375 -0.00249139 0.000910629 0.999997 0.153655 0.00441831 -0.320723
FixedParameters: 0 0 0

#Transform 54
Transform: AffineTransform_float_3_3
Parameters: 0.999995 -0.00204215 0.00244379 0.00204452 0.999997 -0.000909476 -0.00244243 0.000914524 0.999996 0.151652 -0.00220567 -0.334137
FixedParameters: 0 0 0

#Transform 55
Transform: AffineTransform_float_3_3
Parameters: 0.999996 -0.0018734 0.00214347 0.00187479 0.999998 -0.000809606 -0.0021428 0.000813397 0.999997 0.145613 -0.0210549 -0.357956
FixedParameters: 0 0 0

#Transform 56
Transform: AffineTransform_float_3_3
Parameters: 0.999996 -0.00190691 0.0021214 0.00190888 0.999998 -0.000645575 -0.00212077 0.000649427 0.999998 0.132111 -0.00944881 -0.33602
FixedParameters: 0 0 0

#Transform 57
Transform: AffineTransform_float_3_3
Parameters: 0.999997 -0.00188281 0.00195704 0.00188508 0.999998 -0.00111394 -0.0019552 0.00111706 0.999997 0.119655 -0.00858318 -0.319112
FixedParameters: 0 0 0

#Transform 58
Transform: AffineTransform_float_3_3
Parameters: 0.999996 -0.00190975 0.00189311 0.00191245 0.999997 -0.00136816 -0.00189117 0.00137184 0.999997 0.123257 -0.0128848 -0.321054
FixedParameters: 0 0 0

#Transform 59
Transform: AffineTransform_float_3_3
Parameters: 0.999996 -0.00184079 0.00205557 0.00184349 0.999998 -0.00116284 -0.00205365 0.00116616 0.999997 0.138623 -0.0183762 -0.340862
FixedParameters: 0 0 0

#Transform 60
Transform: AffineTransform_float_3_3
Parameters: 0.999996 -0.00181535 0.00211535 0.00181813 0.999998 -0.00114978 -0.00211354 0.00115322 0.999997 0.133614 -0.0179703 -0.314645
FixedParameters: 0 0 0

#Transform 61
Transform: AffineTransform_float_3_3
Parameters: 0.999997 -0.0018723 0.00198071 0.00187566 0.999997 -0.0014737 -0.00197847 0.0014783 0.999997 0.123313 -0.00756006 -0.305009
FixedParameters: 0 0 0

#Transform 62
Transform: AffineTransform_float_3_3
Parameters: 0.999996 -0.00161513 0.00199325 0.00161689 0.999998 -0.00119619 -0.00199136 0.00119981 0.999997 0.118297 -0.00520903 -0.283481
FixedParameters: 0 0 0

#Transform 63
Transform: AffineTransform_float_3_3
Parameters: 0.999996 -0.00178966 0.00217475 0.00179342 0.999997 -0.00143521 -0.00217289 0.00143879 0.999997 0.126059 -0.00550098 -0.28488
FixedParameters: 0 0 0

#Transform 64
Transform: AffineTransform_float_3_3
Parameters: 0.999996 -0.00177186 0.00221627 0.00177513 0.999997 -0.00150333 -0.00221383 0.00150767 0.999996 0.12663 -0.0165007 -0.299326
FixedParameters: 0 0 0

#Transform 65
Transform: AffineTransform_float_3_3
Parameters: 0.999996 -0.00183492 0.0020688 0.00183842 0.999997 -0.00135146 -0.0020662 0.00135554 0.999997 0.121578 -0.019398 -0.29705
FixedParameters: 0 0 0

#Transform 66
Transform: AffineTransform_float_3_3
Parameters: 0.999997 -0.00180377 0.00202548 0.00180768 0.999997 -0.00190197 -0.00202242 0.00190503 0.999996 0.123752 -0.0151483 -0.306197
FixedParameters: 0 0 0

#Transform 67
Transform: AffineTransform_float_3_3
Parameters: 0.999997 -0.00168267 0.00200744 0.00168548 0.999998 -0.00144888 -0.00200454 0.00145212 0.999997 0.12272 -0.0224791 -0.340352
FixedParameters: 0 0 0

#Transform 68
Transform: AffineTransform_float_3_3
Parameters: 0.999996 -0.0019724 0.00208756 0.00197523 0.999996 -0.00149214 -0.00208456 0.00149686 0.999997 0.125666 -0.0167731 -0.321276
FixedParameters: 0 0 0

#Transform 69
Transform: AffineTransform_float_3_3
Parameters: 0.999996 -0.00174003 0.00187135 0.00174377 0.999997 -0.00201401 -0.00186815 0.002017 0.999997 0.140164 -0.0305571 -0.322833
FixedParameters: 0 0 0

#Transform 70
Transform: AffineTransform_float_3_3
Parameters: 0.999997 -0.00162296 0.00214611 0.00162758 0.999997 -0.00186842 -0.00214293 0.00187258 0.999996 0.124742 -0.00717354 -0.286376
FixedParameters: 0 0 0

#Transform 71
Transform: AffineTransform_float_3_3
Parameters: 0.999996 -0.00152382 0.00211354 0.0015273 0.999997 -0.00184568 -0.00211041 0.00184932 0.999996 0.123642 -0.00736273 -0.29203
FixedParameters: 0 0 0

#Transform 72
Transform: AffineTransform_float_3_3
Parameters: 0.999998 -0.00148236 0.00170056 0.00148593 0.999997 -0.00205189 -0.00169736 0.00205411 0.999996 0.123441 -0.0312989 -0.31181
FixedParameters: 0 0 0

#Transform 73
Transform: AffineTransform_float_3_3
Parameters: 0.999997 -0.00166489 0.00180133 0.00166861 0.999998 -0.00161141 -0.00179833 0.00161459 0.999997 0.115797 -0.0329924 -0.31819
FixedParameters: 0 0 0

#Transform 74
Transform: AffineTransform_float_3_3
Parameters: 0.999998 -0.00148407 0.00171905 0.00148829 0.999997 -0.00221786 -0.00171536 0.00222014 0.999996 0.116806 -0.0194485 -0.307297
FixedParameters: 0 0 0

#Transform 75
Transform: AffineTransform_float_3_3
Parameters: 0.999996 -0.00156922 0.00227145 0.00157372 0.999997 -0.00202769 -0.0022685 0.00203131 0.999995 0.137078 -0.0186963 -0.315623
FixedParameters: 0 0 0

#Transform 76
Transform: AffineTransform_float_3_3
Parameters: 0.999996 -0.00166257 0.00224278 0.00166546 0.999997 -0.00160753 -0.00223994 0.00161147 0.999996 0.126586 -0.0260796 -0.307502
FixedParameters: 0 0 0

#Transform 77
Transform: AffineTransform_float_3_3
Parameters: 0.999997 -0.00175735 0.0020901 0.00176171 0.999996 -0.00217259 -0.00208588 0.00217641 0.999995 0.139441 -0.0138823 -0.310645
FixedParameters: 0 0 0

#Transform 78
Transform: AffineTransform_float_3_3
Parameters: 0.999997 -0.00164313 0.00177941 0.00164728 0.999996 -0.00223149 -0.00177588 0.00223451 0.999996 0.139179 -0.0178892 -0.321569
FixedParameters: 0 0 0

#Transform 79
Transform: AffineTransform_float_3_3
Parameters: 0.999997 -0.00143153 0.00227704 0.0014348 0.999998 -0.00166664 -0.00227477 0.00167036 0.999996 0.131635 -0.0137762 -0.277615
FixedParameters: 0 0 0

#Transform 80
Transform: AffineTransform_float_3_3
Parameters: 0.999996 -0.00184208 0.00211673 0.00184524 0.999997 -0.00186072 -0.00211329 0.00186428 0.999996 0.153336 -0.0299046 -0.30481
FixedParameters: 0 0 0

#Transform 81
Transform: AffineTransform_float_3_3
Parameters: 0.999997 -0.00172219 0.00159495 0.0017249 0.999996 -0.00191967 -0.00159123 0.00192233 0.999997 0.134293 -0.0211649 -0.329045
FixedParameters: 0 0 0

#Transform 82
Transform: AffineTransform_float_3_3
Parameters: 0.999997 -0.00164269 0.00178317 0.00164473 0.999998 -0.00115933 -0.00178172 0.00116167 0.999998 0.118796 0.0203657 -0.25587
FixedParameters: 0 0 0

#Transform 83
Transform: AffineTransform_float_3_3
Parameters: 0.999997 -0.00170215 0.00164341 0.00170405 0.999998 -0.00121362 -0.00164164 0.00121638 0.999998 0.130587 -0.00622882 -0.268793
FixedParameters: 0 0 0

#Transform 84
Transform: AffineTransform_float_3_3
Parameters: 0.999997 -0.00156406 0.00196557 0.00156771 0.999997 -0.00189283 -0.00196345 0.00189618 0.999997 0.137833 -0.00430915 -0.275993
FixedParameters: 0 0 0

#Transform 85
Transform: AffineTransform_float_3_3
Parameters: 0.999996 -0.00139435 0.00236506 0.00139826 0.999999 -0.00146296 -0.00236295 0.00146604 0.999996 0.132355 -0.013998 -0.309468
FixedParameters: 0 0 0

#Transform 86
Transform: AffineTransform_float_3_3
Parameters: 0.999996 -0.00180604 0.00209101 0.00181085 0.999996 -0.00205848 -0.00208738 0.00206252 0.999996 0.153337 -0.0214418 -0.341939
FixedParameters: 0 0 0

#Transform 87
Transform: AffineTransform_float_3_3
Parameters: 0.999997 -0.00165321 0.00192508 0.00165633 0.999997 -0.00179408 -0.00192296 0.00179692 0.999996 0.137598 -0.0280127 -0.34436
FixedParameters: 0 0 0

#Transform 88
Transform: AffineTransform_float_3_3
Parameters: 0.999996 -0.00147082 0.00218436 0.00147443 0.999997 -0.00181669 -0.00218151 0.00182031 0.999996 0.140876 -0.028103 -0.334244
FixedParameters: 0 0 0

#Transform 89
Transform: AffineTransform_float_3_3
Parameters: 0.999997 -0.00170692 0.00210649 0.00171168 0.999996 -0.00212266 -0.00210397 0.00212634 0.999995 0.138733 -0.018336 -0.329065
FixedParameters: 0 0 0

#Transform 90
Transform: AffineTransform_float_3_3
Parameters: 0.999997 -0.00159054 0.00190319 0.00159476 0.999997 -0.00200139 -0.00189971 0.00200462 0.999996 0.136954 -0.029838 -0.337789
FixedParameters: 0 0 0

#Transform 91
Transform: AffineTransform_float_3_3
Parameters: 0.999996 -0.00119607 0.00233453 0.0012024 0.999997 -0.0022821 -0.00233156 0.0022849 0.999995 0.13557 -0.0133796 -0.317517
FixedParameters: 0 0 0

#Transform 92
Transform: AffineTransform_float_3_3
Parameters: 0.999995 -0.00174721 0.00237906 0.00175232 0.999996 -0.00206495 -0.00237526 0.00206905 0.999995 0.124111 -0.00991061 -0.308684
FixedParameters: 0 0 0

#Transform 93
Transform: AffineTransform_float_3_3
Parameters: 0.999997 -0.00180798 0.00204894 0.00181348 0.999995 -0.00268307 -0.00204449 0.00268693 0.999994 0.130693 -0.0327374 -0.301095
FixedParameters: 0 0 0

#Transform 94
Transform: AffineTransform_float_3_3
Parameters: 0.999997 -0.00172004 0.00159726 0.00172496 0.999993 -0.00326367 -0.00159128 0.00326633 0.999994 0.109708 -0.0343544 -0.331068
FixedParameters: 0 0 0

#Transform 95
Transform: AffineTransform_float_3_3
Parameters: 0.999996 -0.00167006 0.00227191 0.00167628 0.999995 -0.00278247 -0.00226747 0.00278654 0.999993 0.125805 -0.0300914 -0.334082
FixedParameters: 0 0 0

#Transform 96
Transform: AffineTransform_float_3_3
Parameters: 0.999996 -0.0019143 0.00230762 0.00192166 0.999993 -0.00307169 -0.00230163 0.00307631 0.999993 0.135464 -0.043702 -0.35336
FixedParameters: 0 0 0

#Transform 97
Transform: AffineTransform_float_3_3
Parameters: 0.999997 -0.00154745 0.0022086 0.00155395 0.999994 -0.00322284 -0.002204 0.00322616 0.999992 0.139372 -0.0223457 -0.347483
FixedParameters: 0 0 0

#Transform 98
Transform: AffineTransform_float_3_3
Parameters: 0.999995 -0.00168309 0.00270658 0.00169225 0.999993 -0.00336339 -0.00270116 0.00336761 0.99999 0.140714 -0.0353743 -0.344489
FixedParameters: 0 0 0

#Transform 99
Transform: AffineTransform_float_3_3
Parameters: 0.999995 -0.00192512 0.00230196 0.00193207 0.999993 -0.00327604 -0.00229565 0.00327997 0.999992 0.135371 -0.0425509 -0.343307
FixedParameters: 0 0 0

#Transform 100
Transform: AffineTransform_float_3_3
Parameters: 0.999995 -0.00195862 0.00221974 0.0019676 0.999992 -0.00373527 -0.00221271 0.00373973 0.999991 0.144795 -0.0484527 -0.371764
FixedParameters: 0 0 0

#Transform 101
Transform: AffineTransform_float_3_3
Parameters: 0.999995 -0.00172869 0.00272651 0.0017374 0.999993 -0.00349724 -0.00272085 0.00350177 0.99999 0.141248 -0.0490031 -0.38263
FixedParameters: 0 0 0

#Transform 102
Transform: AffineTransform_float_3_3
Parameters: 0.999996 -0.0020121 0.00229689 0.00201917 0.999992 -0.003309 -0.00228988 0.003314 0.999991 0.135815 -0.0465102 -0.363674
FixedParameters: 0 0 0

#Transform 103
Transform: AffineTransform_float_3_3
Parameters: 0.999995 -0.00191298 0.00246162 0.00192156 0.999992 -0.00347476 -0.00245554 0.00347925 0.999991 0.137893 -0.059132 -0.375569
FixedParameters: 0 0 0

#Transform 104
Transform: AffineTransform_float_3_3
Parameters: 0.999995 -0.00173531 0.00242682 0.00174313 0.999992 -0.00347589 -0.00242067 0.00348011 0.999991 0.12914 -0.0547576 -0.367591
FixedParameters: 0 0 0

#Transform 105
Transform: AffineTransform_float_3_3
Parameters: 0.999995 -0.00199694 0.00222122 0.00200439 0.999993 -0.00309167 -0.00221596 0.00309633 0.999993 0.116501 -0.0649826 -0.402633
FixedParameters: 0 0 0

#Transform 106
Transform: AffineTransform_float_3_3
Parameters: 0.999995 -0.00209305 0.00226418 0.00210081 0.999991 -0.00368188 -0.0022569 0.00368712 0.999991 0.140076 -0.0754032 -0.405874
FixedParameters: 0 0 0

#Transform 107
Transform: AffineTransform_float_3_3
Parameters: 0.999995 -0.00175558 0.00259706 0.00176423 0.999991 -0.00366139 -0.00259064 0.00366561 0.99999 0.141324 -0.0530764 -0.386254
FixedParameters: 0 0 0

#Transform 108
Transform: AffineTransform_float_3_3
Parameters: 0.999994 -0.00182357 0.00276264 0.0018342 0.999991 -0.00379991 -0.0027552 0.00380509 0.999989 0.144224 -0.0561065 -0.393638
FixedParameters: 0 0 0

#Transform 109
Transform: AffineTransform_float_3_3
Parameters: 0.999995 -0.00197739 0.00221439 0.00198582 0.999991 -0.00361924 -0.00220768 0.00362376 0.999991 0.134162 -0.0679366 -0.435388
FixedParameters: 0 0 0

#Transform 110
Transform: AffineTransform_float_3_3
Parameters: 0.999994 -0.0019591 0.00293089 0.00197099 0.999991 -0.00386341 -0.00292308 0.00386859 0.999988 0.150204 -0.0494128 -0.406133
FixedParameters: 0 0 0

#Transform 111
Transform: AffineTransform_float_3_3
Parameters: 0.999994 -0.00194779 0.00282802 0.00195875 0.999991 -0.0038388 -0.00282041 0.0038442 0.999989 0.162366 -0.0587051 -0.402566
FixedParameters: 0 0 0

#Transform 112
Transform: AffineTransform_float_3_3
Parameters: 0.999995 -0.0017827 0.00279491 0.0017931 0.999992 -0.00371397 -0.00278809 0.00371904 0.999989 0.158753 -0.0556154 -0.401979
FixedParameters: 0 0 0

#Transform 113
Transform: AffineTransform_float_3_3
Parameters: 0.999994 -0.0017924 0.00287999 0.00180304 0.999992 -0.00348678 -0.0028743 0.00349222 0.99999 0.138451 -0.0655307 -0.37969
FixedParameters: 0 0 0

#Transform 114
Transform: AffineTransform_float_3_3
Parameters: 0.999996 -0.00149921 0.00233212 0.00150995 0.999989 -0.00433025 -0.00232595 0.00433376 0.999988 0.146626 -0.0437133 -0.359512
FixedParameters: 0 0 0

#Transform 115
Transform: AffineTransform_float_3_3
Parameters: 0.999995 -0.00159204 0.00264368 0.00160284 0.99999 -0.00417874 -0.0026364 0.00418226 0.999988 0.146161 -0.0404854 -0.353551
FixedParameters: 0 0 0

#Transform 116
Transform: AffineTransform_float_3_3
Parameters: 0.999996 -0.00180583 0.00243979 0.00181492 0.999992 -0.00352906 -0.00243334 0.00353294 0.99999 0.138521 -0.0471456 -0.359532
FixedParameters: 0 0 0

#Transform 117
Transform: AffineTransform_float_3_3
Parameters: 0.999995 -0.00187431 0.00247202 0.00188348 0.999991 -0.00376683 -0.00246472 0.00377117 0.99999 0.137156 -0.0570186 -0.358439
FixedParameters: 0 0 0

#Transform 118
Transform: AffineTransform_float_3_3
Parameters: 0.999994 -0.00169084 0.00308822 0.00170199 0.999992 -0.00363057 -0.00308197 0.00363543 0.999989 0.147822 -0.0400908 -0.339393
FixedParameters: 0 0 0

#Transform 119
Transform: AffineTransform_float_3_3
Parameters: 0.999994 -0.00179127 0.00274728 0.00180194 0.999991 -0.00366002 -0.00274098 0.00366497 0.999989 0.159792 -0.0541371 -0.382185
FixedParameters: 0 0 0

#Transform 120
Transform: AffineTransform_float_3_3
Parameters: 0.999994 -0.0017397 0.00276567 0.00175003 0.999992 -0.00374114 -0.00275907 0.00374587 0.999989 0.143194 -0.0658795 -0.377929
FixedParameters: 0 0 0

#Transform 121
Transform: AffineTransform_float_3_3
Parameters: 0.999996 -0.0019168 0.00235173 0.0019259 0.99999 -0.00402896 -0.00234402 0.00403304 0.999989 0.147962 -0.0770603 -0.379831
FixedParameters: 0 0 0

#Transform 122
Transform: AffineTransform_float_3_3
Parameters: 0.999995 -0.00182684 0.00256126 0.00183676 0.99999 -0.00403763 -0.00255385 0.00404137 0.999988 0.150923 -0.0662464 -0.353754
FixedParameters: 0 0 0

#Transform 123
Transform: AffineTransform_float_3_3
Parameters: 0.999994 -0.0019536 0.0026633 0.00196295 0.999991 -0.00360175 -0.00265696 0.00360725 0.99999 0.134373 -0.0730677 -0.37577
FixedParameters: 0 0 0

#Transform 124
Transform: AffineTransform_float_3_3
Parameters: 0.999994 -0.00216318 0.00277057 0.00217521 0.999989 -0.00425567 -0.00276133 0.00426132 0.999987 0.160337 -0.0548191 -0.383606
FixedParameters: 0 0 0

#Transform 125
Transform: AffineTransform_float_3_3
Parameters: 0.999995 -0.00198183 0.00267956 0.00199392 0.999988 -0.004582 -0.00267017 0.004587 0.999986 0.168819 -0.0687884 -0.429136
FixedParameters: 0 0 0

#Transform 126
Transform: AffineTransform_float_3_3
Parameters: 0.999993 -0.00183889 0.00327507 0.00185054 0.999992 -0.00375977 -0.00326871 0.00376624 0.999988 0.144146 -0.0557456 -0.357157
FixedParameters: 0 0 0

#Transform 127
Transform: AffineTransform_float_3_3
Parameters: 0.999994 -0.00178453 0.00290885 0.00179731 0.999989 -0.00442876 -0.00290051 0.00443425 0.999986 0.156447 -0.0590971 -0.340497
FixedParameters: 0 0 0

#Transform 128
Transform: AffineTransform_float_3_3
Parameters: 0.999995 -0.00171244 0.00274035 0.00172486 0.999989 -0.00430025 -0.00273388 0.00430475 0.999987 0.17108 -0.045892 -0.370913
FixedParameters: 0 0 0

#Transform 129
Transform: AffineTransform_float_3_3
Parameters: 0.999992 -0.00186419 0.00353657 0.00187485 0.999993 -0.00322989 -0.00353017 0.00323611 0.999988 0.167388 -0.0132697 -0.304268
FixedParameters: 0 0 0

#Transform 130
Transform: AffineTransform_float_3_3
Parameters: 0.999992 -0.00195279 0.00332492 0.00196546 0.99999 -0.00405515 -0.00331707 0.00406186 0.999986 0.159003 -0.0504031 -0.331712
FixedParameters: 0 0 0

#Transform 131
Transform: AffineTransform_float_3_3
Parameters: 0.999993 -0.00202135 0.00316241 0.00203522 0.999987 -0.00457825 -0.00315372 0.00458476 0.999985 0.162099 -0.0643924 -0.312712
FixedParameters: 0 0 0

#Transform 132
Transform: AffineTransform_float_3_3
Parameters: 0.999994 -0.00202765 0.00277083 0.00203972 0.999988 -0.00449733 -0.00276228 0.00450367 0.999986 0.155649 -0.0583693 -0.310481
FixedParameters: 0 0 0

#Transform 133
Transform: AffineTransform_float_3_3
Parameters: 0.999996 -0.00171063 0.00251222 0.00172231 0.999987 -0.00472844 -0.0025039 0.00473356 0.999986 0.149502 -0.0653875 -0.362661
FixedParameters: 0 0 0

#Transform 134
Transform: AffineTransform_float_3_3
Parameters: 0.999996 -0.00185467 0.00246166 0.00186417 0.999991 -0.00384854 -0.0024542 0.00385346 0.99999 0.14941 -0.059902 -0.367594
FixedParameters: 0 0 0

#Transform 135
Transform: AffineTransform_float_3_3
Parameters: 0.999996 -0.00181883 0.00244736 0.00182967 0.999989 -0.00422465 -0.00243972 0.00422935 0.999988 0.148843 -0.0619162 -0.377992
FixedParameters: 0 0 0

#Transform 136
Transform: AffineTransform_float_3_3
Parameters: 0.999995 -0.00179937 0.00260535 0.00181057 0.999988 -0.00454042 -0.00259779 0.00454559 0.999986 0.151415 -0.0520125 -0.342757
FixedParameters: 0 0 0

#Transform 137
Transform: AffineTransform_float_3_3
Parameters: 0.999995 -0.00191604 0.00248934 0.0019263 0.999989 -0.00430069 -0.00248111 0.00430531 0.999987 0.144233 -0.0692766 -0.34433
FixedParameters: 0 0 0

#Transform 138
Transform: AffineTransform_float_3_3
Parameters: 0.999994 -0.00204873 0.00254587 0.00205963 0.999989 -0.0041511 -0.0025375 0.00415591 0.999989 0.141819 -0.069603 -0.39483
FixedParameters: 0 0 0

#Transform 139
Transform: AffineTransform_float_3_3
Parameters: 0.999996 -0.00219147 0.00202684 0.00220164 0.999986 -0.00477618 -0.00201717 0.00478082 0.999987 0.143856 -0.0708087 -0.415627
FixedParameters: 0 0 0

#Transform 140
Transform: AffineTransform_float_3_3
Parameters: 0.999994 -0.00212712 0.00266169 0.00213856 0.999989 -0.00431665 -0.0026525 0.00432235 0.999988 0.159004 -0.0636009 -0.411267
FixedParameters: 0 0 0

#Transform 141
Transform: AffineTransform_float_3_3
Parameters: 0.999994 -0.00226282 0.0026255 0.0022735 0.999989 -0.00405573 -0.00261671 0.00406127 0.999988 0.158325 -0.0684941 -0.377498
FixedParameters: 0 0 0

#Transform 142
Transform: AffineTransform_float_3_3
Parameters: 0.999995 -0.00238292 0.00210859 0.00239312 0.999986 -0.00459596 -0.00209795 0.00460104 0.999987 0.146287 -0.0809585 -0.390477
FixedParameters: 0 0 0

#Transform 143
Transform: AffineTransform_float_3_3
Parameters: 0.999995 -0.00204874 0.00236146 0.00205939 0.999987 -0.00470363 -0.00235136 0.00470837 0.999986 0.148734 -0.0693604 -0.361836
FixedParameters: 0 0 0

#Transform 144
Transform: AffineTransform_float_3_3
Parameters: 0.999994 -0.00188682 0.00273871 0.0018992 0.999988 -0.00453578 -0.00273037 0.00454122 0.999986 0.15412 -0.0516115 -0.325501
FixedParameters: 0 0 0

#Transform 145
Transform: AffineTransform_float_3_3
Parameters: 0.999995 -0.0018867 0.0027388 0.00189933 0.999987 -0.00458078 -0.00273029 0.00458622 0.999986 0.161535 -0.0542537 -0.330317
FixedParameters: 0 0 0

#Transform 146
Transform: AffineTransform_float_3_3
Parameters: 0.999995 -0.00182859 0.00230858 0.0018376 0.99999 -0.00408224 -0.00230139 0.00408576 0.999989 0.15668 -0.0611602 -0.391585
FixedParameters: 0 0 0

#Transform 147
Transform: AffineTransform_float_3_3
Parameters: 0.999995 -0.00179157 0.00269745 0.00180431 0.999989 -0.00442847 -0.00268983 0.00443253 0.999986 0.152656 -0.0689493 -0.369782
FixedParameters: 0 0 0

#Transform 148
Transform: AffineTransform_float_3_3
Parameters: 0.999995 -0.00203023 0.00270133 0.0020423 0.999988 -0.00454283 -0.00269166 0.00454818 0.999986 0.154252 -0.0748773 -0.332571
FixedParameters: 0 0 0

#Transform 149
Transform: AffineTransform_float_3_3
Parameters: 0.999994 -0.00183262 0.0027144 0.00184334 0.99999 -0.00419734 -0.00270688 0.00420167 0.999987 0.17069 -0.0495904 -0.348697
FixedParameters: 0 0 0

#Transform 150
Transform: AffineTransform_float_3_3
Parameters: 0.999994 -0.00201528 0.00279412 0.0020281 0.999988 -0.00459468 -0.00278529 0.00460032 0.999985 0.170948 -0.0675035 -0.353661
FixedParameters: 0 0 0

#Transform 151
Transform: AffineTransform_float_3_3
Parameters: 0.999994 -0.00206722 0.00281695 0.00208018 0.999987 -0.00474749 -0.00280662 0.00475352 0.999985 0.173797 -0.0681667 -0.355226
FixedParameters: 0 0 0

#Transform 152
Transform: AffineTransform_float_3_3
Parameters: 0.999993 -0.0021984 0.00278766 0.00221022 0.999989 -0.00419054 -0.0027784 0.00419646 0.999987 0.157203 -0.0677736 -0.338045
FixedParameters: 0 0 0

#Transform 153
Transform: AffineTransform_float_3_3
Parameters: 0.999994 -0.00232353 0.00247132 0.00233501 0.999985 -0.00481973 -0.00245993 0.00482628 0.999986 0.169463 -0.0717222 -0.344287
FixedParameters: 0 0 0

#Transform 154
Transform: AffineTransform_float_3_3
Parameters: 0.999995 -0.00210737 0.00237871 0.00211892 0.999985 -0.00494045 -0.00236797 0.00494554 0.999985 0.166713 -0.0703806 -0.348645
FixedParameters: 0 0 0

#Transform 155
Transform: AffineTransform_float_3_3
Parameters: 0.999994 -0.00212651 0.00269668 0.00213902 0.999986 -0.00477558 -0.00268698 0.00478143 0.999985 0.161369 -0.0739149 -0.340251
FixedParameters: 0 0 0

#Transform 156
Transform: AffineTransform_float_3_3
Parameters: 0.999995 -0.00231079 0.00246567 0.00232328 0.999986 -0.00477013 -0.0024541 0.00477587 0.999985 0.149068 -0.0804912 -0.352978
FixedParameters: 0 0 0

#Transform 157
Transform: AffineTransform_float_3_3
Parameters: 0.999994 -0.00237413 0.00249425 0.00238711 0.999984 -0.0051549 -0.00248168 0.00516109 0.999983 0.164177 -0.0909816 -0.408317
FixedParameters: 0 0 0

#Transform 158
Transform: AffineTransform_float_3_3
Parameters: 0.999994 -0.00245144 0.00240434 0.00246307 0.999986 -0.00479529 -0.00239222 0.00480071 0.999985 0.149099 -0.0688302 -0.395851
FixedParameters: 0 0 0

#Transform 159
Transform: AffineTransform_float_3_3
Parameters: 0.999995 -0.00227869 0.00245555 0.00229307 0.99998 -0.00587423 -0.00244212 0.00587977 0.99998 0.145806 -0.0934081 -0.420373
FixedParameters: 0 0 0

#Transform 160
Transform: AffineTransform_float_3_3
Parameters: 0.999994 -0.00249315 0.00231703 0.00250715 0.99998 -0.00582921 -0.00230301 0.0058358 0.99998 0.142961 -0.105904 -0.429833
FixedParameters: 0 0 0

#Transform 161
Transform: AffineTransform_float_3_3
Parameters: 0.999994 -0.00246182 0.00244987 0.00247664 0.999979 -0.0059478 -0.00243616 0.00595421 0.99998 0.157385 -0.100372 -0.432201
FixedParameters: 0 0 0

#Transform 162
Transform: AffineTransform_float_3_3
Parameters: 0.999995 -0.00240662 0.00200474 0.00241806 0.99998 -0.00600468 -0.00198998 0.00600933 0.999979 0.134591 -0.105998 -0.42225
FixedParameters: 0 0 0

#Transform 163
Transform: AffineTransform_float_3_3
Parameters: 0.999996 -0.00250003 0.00178821 0.00251053 0.999979 -0.00606468 -0.00177373 0.00606933 0.99998 0.126206 -0.0923754 -0.42309
FixedParameters: 0 0 0

#Transform 164
Transform: AffineTransform_float_3_3
Parameters: 0.999996 -0.00250116 0.00178662 0.00251017 0.999982 -0.00542867 -0.00177348 0.00543333 0.999984 0.116353 -0.083312 -0.434508
FixedParameters: 0 0 0

#Transform 165
Transform: AffineTransform_float_3_3
Parameters: 0.999994 -0.00250565 0.00228924 0.00252018 0.999977 -0.0063066 -0.0022732 0.00631239 0.999977 0.155906 -0.104563 -0.473869
FixedParameters: 0 0 0

#Transform 166
Transform: AffineTransform_float_3_3
Parameters: 0.999995 -0.00241505 0.00198576 0.00242619 0.999981 -0.00575134 -0.00197252 0.00575666 0.999981 0.145717 -0.107442 -0.488297
FixedParameters: 0 0 0

#Transform 167
Transform: AffineTransform_float_3_3
Parameters: 0.999994 -0.00224892 0.0023734 0.0022603 0.999985 -0.00499849 -0.00236193 0.00500351 0.999984 0.13398 -0.0957763 -0.460662
FixedParameters: 0 0 0

#Transform 168
Transform: AffineTransform_float_3_3
Parameters: 0.999995 -0.00238716 0.00238296 0.00240088 0.999979 -0.00599514 -0.00236861 0.00600086 0.999979 0.163673 -0.071063 -0.479113
FixedParameters: 0 0 0

#Transform 169
Transform: AffineTransform_float_3_3
Parameters: 0.999994 -0.00211746 0.0028142 0.0021326 0.999984 -0.00527935 -0.00280296 0.00528566 0.999982 0.15771 -0.0708222 -0.460005
FixedParameters: 0 0 0

#Transform 170
Transform: AffineTransform_float_3_3
Parameters: 0.999993 -0.00218479 0.00284176 0.0021982 0.999986 -0.00485431 -0.00283076 0.00485969 0.999984 0.143331 -0.0749914 -0.462116
FixedParameters: 0 0 0

#Transform 171
Transform: AffineTransform_float_3_3
Parameters: 0.999993 -0.00241365 0.00282833 0.00243118 0.999978 -0.00612069 -0.00281317 0.00612731 0.999977 0.159681 -0.114376 -0.475177
FixedParameters: 0 0 0

#Transform 172
Transform: AffineTransform_float_3_3
Parameters: 0.999991 -0.00272658 0.0033132 0.00274468 0.999982 -0.00536589 -0.00329924 0.00537411 0.99998 0.200035 -0.0781187 -0.442363
FixedParameters: 0 0 0

#Transform 173
Transform: AffineTransform_float_3_3
Parameters: 0.999991 -0.00262988 0.00328655 0.00264633 0.999984 -0.00503708 -0.00327353 0.00504593 0.999982 0.18775 -0.0815406 -0.463017
FixedParameters: 0 0 0

#Transform 174
Transform: AffineTransform_float_3_3
Parameters: 0.999992 -0.00275895 0.00308995 0.00277403 0.999983 -0.0051402 -0.00307506 0.0051488 0.999982 0.202043 -0.0875915 -0.473553
FixedParameters: 0 0 0

#Transform 175
Transform: AffineTransform_float_3_3
Parameters: 0.999991 -0.00295873 0.00317782 0.00297718 0.99998 -0.00556868 -0.00316147 0.00557832 0.999979 0.204535 -0.0974323 -0.479598
FixedParameters: 0 0 0

#Transform 176
Transform: AffineTransform_float_3_3
Parameters: 0.999992 -0.00271398 0.00294665 0.00273029 0.99998 -0.00573388 -0.00293083 0.00574212 0.999979 0.168662 -0.0752583 -0.425152
FixedParameters: 0 0 0

#Transform 177
Transform: AffineTransform_float_3_3
Parameters: 0.999992 -0.00265162 0.00304595 0.00266925 0.99998 -0.0056988 -0.0030301 0.0057072 0.999979 0.200622 -0.0838493 -0.447408
FixedParameters: 0 0 0

#Transform 178
Transform: AffineTransform_float_3_3
Parameters: 0.999991 -0.00286552 0.00313702 0.002883 0.999981 -0.00542309 -0.00312164 0.0054319 0.99998 0.183605 -0.088811 -0.465257
FixedParameters: 0 0 0

#Transform 179
Transform: AffineTransform_float_3_3
Parameters: 0.999991 -0.0029437 0.00305042 0.00296269 0.999976 -0.00632647 -0.00303083 0.00633453 0.999975 0.210021 -0.124499 -0.456344
FixedParameters: 0 0 0
