#Insight Transform File V1.0
#Transform 0
Transform: AffineTransform_float_3_3
Parameters: 1 0.000245989 0.000320268 -0.000245505 0.999999 -0.000754078 -0.000320639 0.000753921 0.999999 -0.126813 0.391199 0.577677
FixedParameters: 0 0 0

#Transform 1
Transform: AffineTransform_float_3_3
Parameters: 0.999999 -0.000953953 -0.000768317 0.00095268 0.999998 -0.00177089 0.00076999 0.00177011 0.999998 0.0292852 -0.0685938 -0.366071
FixedParameters: 0 0 0

#Transform 2
Transform: AffineTransform_float_3_3
Parameters: 0.999999 -0.00110459 -0.00112417 0.00110369 0.999999 -0.00104604 0.00112477 0.00104497 0.999999 0.0496404 -0.0231149 -0.353483
FixedParameters: 0 0 0

#Transform 3
Transform: AffineTransform_float_3_3
Parameters: 0.999999 -0.00120269 -0.00135403 0.00120095 0.999999 -0.00118042 0.00135516 0.00117858 0.999998 0.0507341 -0.0176098 -0.415769
FixedParameters: 0 0 0

#Transform 4
Transform: AffineTransform_float_3_3
Parameters: 0.999998 -0.00157451 -0.00125981 0.00157298 0.999998 -0.00118093 0.00126182 0.00117907 0.999998 0.0562654 -0.0296075 -0.445843
FixedParameters: 0 0 0

#Transform 5
Transform: AffineTransform_float_3_3
Parameters: 0.999998 -0.00164208 -0.00110158 0.00164032 0.999998 -0.00127975 0.00110315 0.00127824 0.999998 0.0751637 -0.024217 -0.475461
FixedParameters: 0 0 0

#Transform 6
Transform: AffineTransform_float_3_3
Parameters: 0.999998 -0.00162096 -0.00105183 0.00161962 0.999997 -0.0013245 0.00105441 0.0013225 0.999999 0.0864951 -0.0324396 -0.479726
FixedParameters: 0 0 0

#Transform 7
Transform: AffineTransform_float_3_3
Parameters: 0.999998 -0.00200179 -0.00102783 0.00200041 0.999997 -0.00118936 0.00102997 0.00118664 0.999999 0.080943 -0.0168255 -0.46924
FixedParameters: 0 0 0

#Transform 8
Transform: AffineTransform_float_3_3
Parameters: 0.999998 -0.00208228 -0.00101729 0.00208071 0.999997 -0.00129443 0.00102005 0.00129157 0.999999 0.092907 -0.0169453 -0.470766
FixedParameters: 0 0 0

#Transform 9
Transform: AffineTransform_float_3_3
Parameters: 0.999996 -0.0023897 -0.00134817 0.00238801 0.999996 -0.00136048 0.00135165 0.00135752 0.999998 0.109752 -0.0253211 -0.491764
FixedParameters: 0 0 0

#Transform 10
Transform: AffineTransform_float_3_3
Parameters: 0.999997 -0.00221879 -0.00094714 0.00221675 0.999995 -0.00191656 0.000951703 0.00191444 0.999997 0.0950257 -0.0366752 -0.523888
FixedParameters: 0 0 0

#Transform 11
Transform: AffineTransform_float_3_3
Parameters: 0.999997 -0.00226084 -0.00143091 0.00225736 0.999995 -0.00227734 0.00143556 0.00227367 0.999997 0.110764 -0.0299315 -0.5248
FixedParameters: 0 0 0

#Transform 12
Transform: AffineTransform_float_3_3
Parameters: 0.999996 -0.00256756 -0.00119428 0.00256443 0.999995 -0.00181332 0.00119872 0.00181068 0.999998 0.108553 -0.0163666 -0.526893
FixedParameters: 0 0 0

#Transform 13
Transform: AffineTransform_float_3_3
Parameters: 0.999995 -0.00263605 -0.00127821 0.00263321 0.999993 -0.00229563 0.00128466 0.00229237 0.999997 0.103406 -0.0197884 -0.539935
FixedParameters: 0 0 0

#Transform 14
Transform: AffineTransform_float_3_3
Parameters: 0.999996 -0.00259507 -0.00118285 0.00259162 0.999994 -0.00218733 0.00118802 0.00218468 0.999997 0.109193 -0.0205764 -0.540658
FixedParameters: 0 0 0

#Transform 15
Transform: AffineTransform_float_3_3
Parameters: 0.999995 -0.00265632 -0.00132636 0.00265228 0.999994 -0.00217178 0.00133171 0.00216822 0.999997 0.100263 -0.00678258 -0.515695
FixedParameters: 0 0 0

#Transform 16
Transform: AffineTransform_float_3_3
Parameters: 0.999995 -0.00267649 -0.00137297 0.00267327 0.999994 -0.00227908 0.00137952 0.00227591 0.999996 0.108612 0.000997915 -0.499435
FixedParameters: 0 0 0

#Transform 17
Transform: AffineTransform_float_3_3
Parameters: 0.999995 -0.0028199 -0.00153578 0.00281695 0.999993 -0.00224938 0.00154243 0.00224562 0.999996 0.114325 -0.00086451 -0.498049
FixedParameters: 0 0 0

#Transform 18
Transform: AffineTransform_float_3_3
Parameters: 0.999995 -0.00296936 -0.00150187 0.00296461 0.999992 -0.00294188 0.00151106 0.00293713 0.999995 0.118256 -0.0147829 -0.529117
FixedParameters: 0 0 0

#Transform 19
Transform: AffineTransform_float_3_3
Parameters: 0.999994 -0.00321824 -0.00141856 0.00321463 0.999992 -0.00238864 0.00142605 0.00238436 0.999996 0.120065 -0.000789724 -0.503859
FixedParameters: 0 0 0

#Transform 20
Transform: AffineTransform_float_3_3
Parameters: 0.999994 -0.00326773 -0.0015327 0.00326373 0.999991 -0.00263658 0.00154165 0.00263142 0.999995 0.127275 -0.00034812 -0.507457
FixedParameters: 0 0 0

#Transform 21
Transform: AffineTransform_float_3_3
Parameters: 0.999994 -0.00328558 -0.00156852 0.0032803 0.999989 -0.00348788 0.00157922 0.00348313 0.999993 0.129096 -0.0209056 -0.547247
FixedParameters: 0 0 0

#Transform 22
Transform: AffineTransform_float_3_3
Parameters: 0.999993 -0.00327515 -0.00155027 0.00327116 0.999991 -0.0026058 0.00155906 0.0026012 0.999995 0.136845 -0.0157425 -0.563105
FixedParameters: 0 0 0

#Transform 23
Transform: AffineTransform_float_3_3
Parameters: 0.999994 -0.00337911 -0.000773706 0.00337944 0.999994 0.000897115 0.000770259 -0.000898883 1 0.158729 -0.0358249 -0.269077
FixedParameters: 0 0 0

#Transform 24
Transform: AffineTransform_float_3_3
Parameters: 0.999996 -0.00306671 -4.27511e-05 0.00306678 0.999991 0.00306699 3.3784e-05 -0.00306801 0.999995 0.174654 -0.0140515 -0.356103
FixedParameters: 0 0 0

#Transform 25
Transform: AffineTransform_float_3_3
Parameters: 0.999992 -0.00401657 0.000503141 0.00401419 0.999982 0.00468578 -0.000522239 -0.00468322 0.999989 0.206298 -0.0328784 -0.566974
FixedParameters: 0 0 0

#Transform 26
Transform: AffineTransform_float_3_3
Parameters: 0.999984 -0.00525019 0.00173948 0.00524861 0.999986 0.00113129 -0.00174579 -0.0011217 0.999998 0.240924 0.00999746 -0.387012
FixedParameters: 0 0 0

#Transform 27
Transform: AffineTransform_float_3_3
Parameters: 0.999986 -0.00518198 0.000880558 0.00518332 0.999985 -0.00171805 -0.000871795 0.00172195 0.999998 0.218518 -0.0237409 -0.526492
FixedParameters: 0 0 0

#Transform 28
Transform: AffineTransform_float_3_3
Parameters: 0.999985 -0.00544095 0.00129482 0.00544338 0.999984 -0.00143513 -0.0012873 0.00144187 0.999998 0.223191 -0.0100023 -0.506951
FixedParameters: 0 0 0

#Transform 29
Transform: AffineTransform_float_3_3
Parameters: 0.99998 -0.00600208 0.00160813 0.00600239 0.999982 -0.000334952 -0.0016059 0.000344049 0.999998 0.262645 -0.00508991 -0.486408
FixedParameters: 0 0 0

#Transform 30
Transform: AffineTransform_float_3_3
Parameters: 0.999986 -0.00534965 0.000932447 0.00535047 0.999985 -0.000573612 -0.000929435 0.00057839 1 0.218441 0.00515587 -0.506405
FixedParameters: 0 0 0

#Transform 31
Transform: AffineTransform_float_3_3
Parameters: 0.999986 -0.00528754 0.00109374 0.0052879 0.999986 -0.000522817 -0.00109001 0.000529181 0.999999 0.213279 0.00709092 -0.501278
FixedParameters: 0 0 0

#Transform 32
Transform: AffineTransform_float_3_3
Parameters: 0.999986 -0.00520452 0.00076524 0.00520568 0.999986 -0.00134142 -0.000758478 0.00134558 0.999999 0.203143 -0.0313851 -0.537773
FixedParameters: 0 0 0

#Transform 33
Transform: AffineTransform_float_3_3
Parameters: 0.999985 -0.00546493 0.00114908 0.00546516 0.999985 -0.00043768 -0.0011461 0.00044432 0.999999 0.206764 0.0110459 -0.492168
FixedParameters: 0 0 0

#Transform 34
Transform: AffineTransform_float_3_3
Parameters: 0.999985 -0.00540709 0.000550167 0.00540685 0.999985 -0.000135566 -0.000549606 0.000138437 1 0.237148 0.0159608 -0.523012
FixedParameters: 0 0 0

#Transform 35
Transform: AffineTransform_float_3_3
Parameters: 0.999983 -0.00579827 0.000363534 0.00579802 0.999983 -0.000194252 -0.000362188 0.000196749 1 0.249945 0.027383 -0.473484
FixedParameters: 0 0 0

#Transform 36
Transform: AffineTransform_float_3_3
Parameters: 0.999986 -0.00524639 0.000446791 0.00524519 0.999981 0.00312821 -0.000462916 -0.00312579 0.999995 0.266214 -0.0323599 -0.243565
FixedParameters: 0 0 0

#Transform 37
Transform: AffineTransform_float_3_3
Parameters: 0.999984 -0.0053649 0.00136897 0.00535492 0.999961 0.00695927 -0.00140621 -0.00695171 0.999974 0.273455 -0.0252837 -0.0327257
FixedParameters: 0 0 0

#Transform 38
Transform: AffineTransform_float_3_3
Parameters: 0.999981 -0.00597533 0.0016336 0.00596589 0.999968 0.00538061 -0.00166546 -0.00537039 0.999984 0.270542 -0.00200405 -0.0101684
FixedParameters: 0 0 0

#Transform 39
Transform: AffineTransform_float_3_3
Parameters: 0.999982 -0.0059026 0.00161015 0.00589506 0.999974 0.00432134 -0.00163558 -0.00431167 0.99999 0.261671 -0.00962625 -0.0441901
FixedParameters: 0 0 0

#Transform 40
Transform: AffineTransform_float_3_3
Parameters: 0.999984 -0.00560313 0.00103523 0.00559821 0.999973 0.00474456 -0.00106114 -0.00473944 0.999989 0.220076 0.00756253 -0.0638673
FixedParameters: 0 0 0

#Transform 41
Transform: AffineTransform_float_3_3
Parameters: 0.999983 -0.00561946 0.00104894 0.00561504 0.999978 0.00360948 -0.0010691 -0.00360351 0.999993 0.222645 0.00845893 -0.090395
FixedParameters: 0 0 0

#Transform 42
Transform: AffineTransform_float_3_3
Parameters: 0.999983 -0.00581394 0.00113095 0.00581033 0.999977 0.00356481 -0.00115146 -0.00355819 0.999993 0.245318 0.0125934 -0.0645262
FixedParameters: 0 0 0

#Transform 43
Transform: AffineTransform_float_3_3
Parameters: 0.999982 -0.00596938 0.00119823 0.00596564 0.999977 0.00326302 -0.00121716 -0.00325598 0.999994 0.240521 0.00763643 -0.119854
FixedParameters: 0 0 0

#Transform 44
Transform: AffineTransform_float_3_3
Parameters: 0.999982 -0.00584004 0.00136292 0.00583326 0.999972 0.004624 -0.00139005 -0.00461599 0.999988 0.232142 0.0266027 -0.055266
FixedParameters: 0 0 0

#Transform 45
Transform: AffineTransform_float_3_3
Parameters: 0.999979 -0.00630878 0.00138714 0.00630496 0.999975 0.00317976 -0.00140761 -0.00317024 0.999994 0.24668 0.0249004 -0.103916
FixedParameters: 0 0 0

#Transform 46
Transform: AffineTransform_float_3_3
Parameters: 0.999977 -0.00652315 0.00150196 0.00651839 0.999975 0.00307372 -0.00152109 -0.00306428 0.999994 0.246177 0.0466872 -0.0894549
FixedParameters: 0 0 0

#Transform 47
Transform: AffineTransform_float_3_3
Parameters: 0.999977 -0.00646484 0.00193348 0.00645473 0.999967 0.00496107 -0.00196556 -0.00494893 0.999987 0.25484 0.0694832 -0.0143371
FixedParameters: 0 0 0

#Transform 48
Transform: AffineTransform_float_3_3
Parameters: 0.999976 -0.00684712 0.00126225 0.0068448 0.999974 0.00198725 -0.00127534 -0.00197875 0.999997 0.255509 0.0395277 -0.087654
FixedParameters: 0 0 0

#Transform 49
Transform: AffineTransform_float_3_3
Parameters: 0.999975 -0.00693754 0.000851382 0.00693718 0.999975 0.00119576 -0.000858862 -0.00118925 0.999999 0.25243 0.0258365 -0.0944763
FixedParameters: 0 0 0

#Transform 50
Transform: AffineTransform_float_3_3
Parameters: 0.999976 -0.00695552 0.000998423 0.00695463 0.999975 0.00128223 -0.00100715 -0.00127577 0.999998 0.248564 0.0259851 -0.0821337
FixedParameters: 0 0 0

#Transform 51
Transform: AffineTransform_float_3_3
Parameters: 0.999976 -0.00685316 0.00081841 0.00685247 0.999976 0.000967451 -0.000824404 -0.000961549 0.999999 0.255897 0.0301489 -0.0950451
FixedParameters: 0 0 0

#Transform 52
Transform: AffineTransform_float_3_3
Parameters: 0.999978 -0.00654112 0.00155224 0.00653726 0.999976 0.00211342 -0.00156575 -0.00210258 0.999996 0.243694 0.0550796 -0.0650414
FixedParameters: 0 0 0

#Transform 53
Transform: AffineTransform_float_3_3
Parameters: 0.999976 -0.00699935 0.000473116 0.00699841 0.999975 0.000961209 -0.000478931 -0.000957793 0.999999 0.231776 0.0229733 -0.0923945
FixedParameters: 0 0 0

#Transform 54
Transform: AffineTransform_float_3_3
Parameters: 0.999975 -0.00692277 0.00107911 0.00692162 0.999975 0.0011249 -0.00108649 -0.0011181 0.999999 0.248126 0.0272699 -0.100979
FixedParameters: 0 0 0

#Transform 55
Transform: AffineTransform_float_3_3
Parameters: 0.999975 -0.00714295 0.000615252 0.00714154 0.999974 0.00112158 -0.000623628 -0.00111742 0.999999 0.24072 0.0267538 -0.0944468
FixedParameters: 0 0 0

#Transform 56
Transform: AffineTransform_float_3_3
Parameters: 0.999975 -0.00700254 0.00112155 0.0070013 0.999975 0.00112513 -0.0011291 -0.00111686 0.999999 0.235385 0.0225994 -0.0772445
FixedParameters: 0 0 0

#Transform 57
Transform: AffineTransform_float_3_3
Parameters: 0.999975 -0.00711335 0.000790928 0.00711117 0.999974 0.00151261 -0.00080164 -0.00150739 0.999998 0.248009 0.0266017 -0.0929859
FixedParameters: 0 0 0

#Transform 58
Transform: AffineTransform_float_3_3
Parameters: 0.999974 -0.00715402 0.000987953 0.00715235 0.999973 0.0014212 -0.000997855 -0.00141379 0.999999 0.233614 0.019534 -0.0971931
FixedParameters: 0 0 0

#Transform 59
Transform: AffineTransform_float_3_3
Parameters: 0.999974 -0.00723743 0.000883061 0.00723604 0.999973 0.00143402 -0.000893395 -0.00142798 0.999999 0.238432 0.0156266 -0.103552
FixedParameters: 0 0 0

#Transform 60
Transform: AffineTransform_float_3_3
Parameters: 0.999973 -0.00735046 0.0006186 0.00734989 0.999972 0.00137643 -0.000628414 -0.00137057 0.999999 0.230921 0.00999623 -0.10649
FixedParameters: 0 0 0

#Transform 61
Transform: AffineTransform_float_3_3
Parameters: 0.999971 -0.00757984 0.000715093 0.00757931 0.99997 0.00144074 -0.000725595 -0.00143526 0.999999 0.23703 0.0296935 -0.123728
FixedParameters: 0 0 0

#Transform 62
Transform: AffineTransform_float_3_3
Parameters: 0.999969 -0.00779509 0.000219899 0.00779473 0.999969 0.00129063 -0.000229234 -0.00128837 0.999999 0.215663 0.0211623 -0.109245
FixedParameters: 0 0 0

#Transform 63
Transform: AffineTransform_float_3_3
Parameters: 0.999971 -0.00764215 0.000995414 0.00764016 0.99997 0.0011812 -0.00100487 -0.00117279 0.999999 0.240896 0.0294463 -0.104107
FixedParameters: 0 0 0

#Transform 64
Transform: AffineTransform_float_3_3
Parameters: 0.999971 -0.0073509 0.0016268 0.00734379 0.999964 0.00429383 -0.00165801 -0.00428217 0.999989 0.233327 0.0908671 -0.00944094
FixedParameters: 0 0 0

#Transform 65
Transform: AffineTransform_float_3_3
Parameters: 0.999969 -0.0076874 0.00166779 0.00768298 0.999967 0.00278779 -0.00168873 -0.00277521 0.999995 0.248917 0.0710638 -0.0429332
FixedParameters: 0 0 0

#Transform 66
Transform: AffineTransform_float_3_3
Parameters: 0.999969 -0.007563 0.00248434 0.00756517 0.999971 -0.000715502 -0.0024793 0.000733503 0.999996 0.233865 0.00810644 -0.164836
FixedParameters: 0 0 0

#Transform 67
Transform: AffineTransform_float_3_3
Parameters: 0.999969 -0.00761468 0.00188801 0.00761649 0.99997 -0.000848452 -0.0018809 0.000862546 0.999998 0.217062 0.0238524 -0.153814
FixedParameters: 0 0 0

#Transform 68
Transform: AffineTransform_float_3_3
Parameters: 0.999966 -0.00821012 0.000846662 0.00820903 0.999966 0.000713001 -0.000852928 -0.000705991 0.999999 0.234019 0.026754 -0.0964332
FixedParameters: 0 0 0

#Transform 69
Transform: AffineTransform_float_3_3
Parameters: 0.999967 -0.00805523 0.00121239 0.00805368 0.999967 0.000691912 -0.00121808 -0.000682082 0.999999 0.240618 0.0479883 -0.0887471
FixedParameters: 0 0 0

#Transform 70
Transform: AffineTransform_float_3_3
Parameters: 0.999967 -0.00780275 0.00215223 0.00779683 0.999966 0.00245613 -0.00217175 -0.00243986 0.999994 0.237463 0.0567142 -0.0567386
FixedParameters: 0 0 0

#Transform 71
Transform: AffineTransform_float_3_3
Parameters: 0.999969 -0.00763243 0.00220523 0.00762574 0.999967 0.00283553 -0.00222694 -0.00281846 0.999993 0.217817 0.0525513 -0.0488418
FixedParameters: 0 0 0

#Transform 72
Transform: AffineTransform_float_3_3
Parameters: 0.999963 -0.00847898 0.0015502 0.00847817 0.999964 0.000724497 -0.00155646 -0.000711499 0.999999 0.250848 0.021965 -0.0948227
FixedParameters: 0 0 0

#Transform 73
Transform: AffineTransform_float_3_3
Parameters: 0.999966 -0.0082069 0.00137557 0.0082053 0.999965 0.00105288 -0.00138462 -0.00104211 0.999998 0.241054 0.0456056 -0.0827834
FixedParameters: 0 0 0

#Transform 74
Transform: AffineTransform_float_3_3
Parameters: 0.999967 -0.00777894 0.00256457 0.00778166 0.999969 -0.000874707 -0.00255764 0.000894295 0.999997 0.225983 0.0166942 -0.146575
FixedParameters: 0 0 0

#Transform 75
Transform: AffineTransform_float_3_3
Parameters: 0.999964 -0.00804004 0.00267643 0.00804208 0.999967 -0.000956017 -0.00266824 0.000977985 0.999996 0.248765 0.00441877 -0.163963
FixedParameters: 0 0 0

#Transform 76
Transform: AffineTransform_float_3_3
Parameters: 0.999965 -0.00801187 0.0024863 0.0080034 0.999963 0.0031055 -0.00251169 -0.00308649 0.999992 0.247523 0.084266 -0.0470079
FixedParameters: 0 0 0

#Transform 77
Transform: AffineTransform_float_3_3
Parameters: 0.999967 -0.0075767 0.00298105 0.00758011 0.999971 -0.000801605 -0.00297464 0.000824392 0.999995 0.215727 0.0179555 -0.164927
FixedParameters: 0 0 0

#Transform 78
Transform: AffineTransform_float_3_3
Parameters: 0.999966 -0.00766874 0.00322963 0.00767218 0.99997 -0.00100585 -0.00322138 0.00103015 0.999994 0.223839 0.00694499 -0.198003
FixedParameters: 0 0 0

#Transform 79
Transform: AffineTransform_float_3_3
Parameters: 0.999966 -0.00784224 0.00273064 0.00784633 0.999968 -0.00135961 -0.00271965 0.00138138 0.999995 0.245792 0.0156791 -0.211367
FixedParameters: 0 0 0

#Transform 80
Transform: AffineTransform_float_3_3
Parameters: 0.999965 -0.00762409 0.00361011 0.00762887 0.99997 -0.00119063 -0.00360094 0.00121837 0.999993 0.244374 0.0117177 -0.203113
FixedParameters: 0 0 0

#Transform 81
Transform: AffineTransform_float_3_3
Parameters: 0.999962 -0.00794244 0.00374426 0.00795285 0.999965 -0.0028629 -0.00372206 0.00289211 0.999989 0.249216 0.0144012 -0.22409
FixedParameters: 0 0 0

#Transform 82
Transform: AffineTransform_float_3_3
Parameters: 0.999963 -0.00761613 0.00398109 0.00762035 0.99997 -0.00112274 -0.00397256 0.00115327 0.999992 0.24503 0.0140443 -0.251644
FixedParameters: 0 0 0

#Transform 83
Transform: AffineTransform_float_3_3
Parameters: 0.999958 -0.00810941 0.00427036 0.0081131 0.999967 -0.000890071 -0.00426261 0.00092493 0.999991 0.277479 0.0208483 -0.26289
FixedParameters: 0 0 0

#Transform 84
Transform: AffineTransform_float_3_3
Parameters: 0.999958 -0.00821749 0.00406959 0.00822225 0.999966 -0.00121193 -0.00405913 0.00124507 0.999991 0.310037 0.0268327 -0.256738
FixedParameters: 0 0 0

#Transform 85
Transform: AffineTransform_float_3_3
Parameters: 0.99997 -0.00710946 0.00328516 0.0071109 0.999975 -0.000386497 -0.00328226 0.000409505 0.999995 0.31585 -0.00424163 -0.305543
FixedParameters: 0 0 0

#Transform 86
Transform: AffineTransform_float_3_3
Parameters: 0.999983 -0.00490067 0.00308214 0.00488362 0.999972 0.00573516 -0.00311015 -0.00571985 0.999979 0.261515 0.0681939 -0.127152
FixedParameters: 0 0 0

#Transform 87
Transform: AffineTransform_float_3_3
Parameters: 0.999978 -0.0051438 0.00435876 0.00511118 0.999959 0.00741059 -0.00439724 -0.00738839 0.999963 0.281944 0.0523956 -0.0645684
FixedParameters: 0 0 0

#Transform 88
Transform: AffineTransform_float_3_3
Parameters: 0.999973 -0.00581889 0.00432937 0.00579384 0.999966 0.00575094 -0.0043631 -0.00572605 0.999974 0.271205 0.0639706 -0.0594574
FixedParameters: 0 0 0

#Transform 89
Transform: AffineTransform_float_3_3
Parameters: 0.999969 -0.00651894 0.00444298 0.00650021 0.999969 0.00432978 -0.0044706 -0.00430023 0.999981 0.282274 0.0419305 -0.0786859
FixedParameters: 0 0 0

#Transform 90
Transform: AffineTransform_float_3_3
Parameters: 0.999965 -0.00693638 0.00466413 0.00690962 0.999959 0.0058567 -0.00470473 -0.0058253 0.999972 0.274377 0.08062 -0.0598138
FixedParameters: 0 0 0

#Transform 91
Transform: AffineTransform_float_3_3
Parameters: 0.999964 -0.00721497 0.00441624 0.00719756 0.999966 0.00395538 -0.00444459 -0.00392362 0.999983 0.254056 0.048608 -0.148697
FixedParameters: 0 0 0

#Transform 92
Transform: AffineTransform_float_3_3
Parameters: 0.999964 -0.00717936 0.00467693 0.0071523 0.999957 0.00595442 -0.00471991 -0.00592057 0.999972 0.260786 0.0792608 -0.0870777
FixedParameters: 0 0 0

#Transform 93
Transform: AffineTransform_float_3_3
Parameters: 0.999957 -0.00777955 0.00489985 0.00776437 0.999965 0.00314693 -0.00492465 -0.00310907 0.999983 0.28949 0.0302958 -0.197421
FixedParameters: 0 0 0

#Transform 94
Transform: AffineTransform_float_3_3
Parameters: 0.999959 -0.00785711 0.00463153 0.00783718 0.99996 0.00429677 -0.00466473 -0.00426023 0.99998 0.298577 0.0647324 -0.152363
FixedParameters: 0 0 0

#Transform 95
Transform: AffineTransform_float_3_3
Parameters: 0.999956 -0.00807454 0.00488561 0.00805834 0.999961 0.0034194 -0.00491296 -0.0033796 0.999983 0.30411 0.0292768 -0.184471
FixedParameters: 0 0 0

#Transform 96
Transform: AffineTransform_float_3_3
Parameters: 0.999955 -0.00793524 0.00522144 0.00791243 0.999959 0.00442985 -0.0052567 -0.00438814 0.999976 0.305135 0.0746898 -0.146091
FixedParameters: 0 0 0

#Transform 97
Transform: AffineTransform_float_3_3
Parameters: 0.999953 -0.00841725 0.0048472 0.00839648 0.999955 0.00427539 -0.00488295 -0.0042336 0.999979 0.314048 0.0771469 -0.148991
FixedParameters: 0 0 0

#Transform 98
Transform: AffineTransform_float_3_3
Parameters: 0.999944 -0.00854403 0.00614785 0.00852855 0.99996 0.00258825 -0.00616908 -0.00253575 0.999978 0.339546 0.0851309 -0.18449
FixedParameters: 0 0 0

#Transform 99
Transform: AffineTransform_float_3_3
Parameters: 0.999945 -0.00895867 0.005556 0.00896033 0.999959 -0.000348705 -0.0055526 0.000398301 0.999984 0.331516 0.010286 -0.260239
FixedParameters: 0 0 0

#Transform 100
Transform: AffineTransform_float_3_3
Parameters: 0.999942 -0.00940425 0.00535231 0.00940415 0.999956 -2.18473e-06 -0.00535272 5.28269e-05 0.999986 0.339885 0.0383898 -0.22236
FixedParameters: 0 0 0

#Transform 101
Transform: AffineTransform_float_3_3
Parameters: 0.99994 -0.00964836 0.00522511 0.00965348 0.999953 -0.000965161 -0.00521572 0.00101585 0.999986 0.367127 0.0373921 -0.251385
FixedParameters: 0 0 0

#Transform 102
Transform: AffineTransform_float_3_3
Parameters: 0.999942 -0.0091033 0.00586996 0.00910896 0.999958 -0.000945316 -0.00586068 0.000998683 0.999982 0.342327 0.0582016 -0.227809
FixedParameters: 0 0 0

#Transform 103
Transform: AffineTransform_float_3_3
Parameters: 0.999942 -0.00923771 0.0056542 0.00924304 0.999957 -0.000837336 -0.00564613 0.000889666 0.999984 0.326032 0.0477321 -0.220725
FixedParameters: 0 0 0

#Transform 104
Transform: AffineTransform_float_3_3
Parameters: 0.999944 -0.00913748 0.00534834 0.00914207 0.999957 -0.000820437 -0.00534079 0.000869567 0.999985 0.342502 0.0284503 -0.236612
FixedParameters: 0 0 0

#Transform 105
Transform: AffineTransform_float_3_3
Parameters: 0.999942 -0.00905847 0.00582499 0.00906315 0.999959 -0.000869141 -0.00581719 0.000921869 0.999983 0.337232 0.0310844 -0.252769
FixedParameters: 0 0 0

#Transform 106
Transform: AffineTransform_float_3_3
Parameters: 0.999942 -0.00882867 0.00605892 0.00883327 0.99996 -0.000794872 -0.00605191 0.000849137 0.999982 0.286875 0.02971 -0.210108
FixedParameters: 0 0 0

#Transform 107
Transform: AffineTransform_float_3_3
Parameters: 0.999944 -0.00906789 0.00547645 0.00907218 0.999958 -0.00073698 -0.0054696 0.000787024 0.999985 0.262181 0.031206 -0.256118
FixedParameters: 0 0 0

#Transform 108
Transform: AffineTransform_float_3_3
Parameters: 0.999945 -0.00867301 0.00593843 0.00868227 0.999961 -0.00148151 -0.00592491 0.00153249 0.999981 0.257562 0.0192545 -0.29581
FixedParameters: 0 0 0

#Transform 109
Transform: AffineTransform_float_3_3
Parameters: 0.999946 -0.00865609 0.00586843 0.00866824 0.999961 -0.00199238 -0.00585032 0.00204262 0.999981 0.257317 0.0348755 -0.273146
FixedParameters: 0 0 0

#Transform 110
Transform: AffineTransform_float_3_3
Parameters: 0.999942 -0.00848933 0.00660543 0.00850094 0.999962 -0.0016335 -0.00659128 0.0016895 0.999977 0.256497 0.0302805 -0.279662
FixedParameters: 0 0 0

#Transform 111
Transform: AffineTransform_float_3_3
Parameters: 0.999944 -0.00844261 0.00628734 0.00844753 0.999964 -0.000729944 -0.00628023 0.000782053 0.99998 0.238861 0.00180066 -0.336382
FixedParameters: 0 0 0

#Transform 112
Transform: AffineTransform_float_3_3
Parameters: 0.999956 -0.00733658 0.00582356 0.0073419 0.999972 -0.000862439 -0.00581717 0.000904563 0.999982 0.178166 -0.00571884 -0.43476
FixedParameters: 0 0 0

#Transform 113
Transform: AffineTransform_float_3_3
Parameters: 0.999959 -0.00675378 0.005947 0.0067564 0.999977 -0.000486893 -0.00594306 0.000526109 0.999982 0.176546 -0.0180455 -0.541909
FixedParameters: 0 0 0

#Transform 114
Transform: AffineTransform_float_3_3
Parameters: 0.999949 -0.00696429 0.00729749 0.00697711 0.999974 -0.00172411 -0.00728509 0.00177489 0.999971 0.193646 -0.012688 -0.632286
FixedParameters: 0 0 0

#Transform 115
Transform: AffineTransform_float_3_3
Parameters: 0.999943 -0.00576837 0.00892456 0.00579921 0.999977 -0.00351906 -0.00890349 0.00357095 0.999954 0.176091 0.00820048 -0.704082
FixedParameters: 0 0 0

#Transform 116
Transform: AffineTransform_float_3_3
Parameters: 0.999954 -0.00611297 0.00749084 0.00613642 0.999977 -0.00311109 -0.00747184 0.00315692 0.999967 0.202648 -0.0179495 -0.676203
FixedParameters: 0 0 0

#Transform 117
Transform: AffineTransform_float_3_3
Parameters: 0.999949 -0.00636597 0.00785144 0.00639156 0.999974 -0.00320985 -0.00783101 0.00325915 0.999964 0.199413 -0.0249661 -0.695044
FixedParameters: 0 0 0

#Transform 118
Transform: AffineTransform_float_3_3
Parameters: 0.99995 -0.00644288 0.00764925 0.00646441 0.999975 -0.00274622 -0.00763181 0.00279478 0.999967 0.208499 0.00155057 -0.646403
FixedParameters: 0 0 0

#Transform 119
Transform: AffineTransform_float_3_3
Parameters: 0.999953 -0.00599375 0.00771454 0.00601441 0.999979 -0.00259146 -0.00769871 0.00263754 0.999967 0.21889 -0.000739704 -0.71694
FixedParameters: 0 0 0

#Transform 120
Transform: AffineTransform_float_3_3
Parameters: 0.999943 -0.00662365 0.00839677 0.00666141 0.999968 -0.00446614 -0.00836674 0.00452186 0.999955 0.21143 -0.0165768 -0.842528
FixedParameters: 0 0 0

#Transform 121
Transform: AffineTransform_float_3_3
Parameters: 0.999932 -0.0059182 0.0101067 0.0059622 0.999973 -0.00431116 -0.0100812 0.00437085 0.99994 0.224459 -0.0218812 -0.908367
FixedParameters: 0 0 0

#Transform 122
Transform: AffineTransform_float_3_3
Parameters: 0.999932 -0.00538034 0.0102785 0.00542991 0.999974 -0.00477447 -0.0102525 0.00482953 0.999935 0.185979 -0.0149055 -0.902597
FixedParameters: 0 0 0

#Transform 123
Transform: AffineTransform_float_3_3
Parameters: 0.999928 -0.00548901 0.0106029 0.00555862 0.999963 -0.00662089 -0.0105666 0.00667913 0.999922 0.192593 -0.0118225 -1.0145
FixedParameters: 0 0 0

#Transform 124
Transform: AffineTransform_float_3_3
Parameters: 0.999925 -0.0055101 0.0109925 0.00559155 0.999958 -0.00738448 -0.0109506 0.00744553 0.999912 0.210039 -0.00285983 -1.05676
FixedParameters: 0 0 0

#Transform 125
Transform: AffineTransform_float_3_3
Parameters: 0.999913 -0.00577586 0.0118538 0.00587928 0.999944 -0.00874726 -0.0118028 0.00881675 0.999892 0.24718 0.0175944 -1.04483
FixedParameters: 0 0 0

#Transform 126
Transform: AffineTransform_float_3_3
Parameters: 0.999907 -0.00527049 0.012633 0.00539199 0.999938 -0.00966751 -0.0125816 0.00973449 0.999873 0.261705 -0.0145503 -1.16195
FixedParameters: 0 0 0

#Transform 127
Transform: AffineTransform_float_3_3
Parameters: 0.99988 -0.00657277 0.0140248 0.00672189 0.999921 -0.0106329 -0.013954 0.0107261 0.999845 0.377193 0.0242468 -1.12288
FixedParameters: 0 0 0

#Transform 128
Transform: AffineTransform_float_3_3
Parameters: 0.999859 -0.00644619 0.0155046 0.00662132 0.999915 -0.0112552 -0.0154305 0.0113558 0.999816 0.40882 -0.00527134 -1.22772
FixedParameters: 0 0 0

#Transform 129
Transform: AffineTransform_float_3_3
Parameters: 0.999905 -0.00595767 0.0124215 0.00598385 0.99998 -0.00210484 -0.0124083 0.00217917 0.999921 0.386298 0.0355281 -0.627915
FixedParameters: 0 0 0

#Transform 130
Transform: AffineTransform_float_3_3
Parameters: 0.999865 -0.00561392 0.0154453 0.0055173 0.999965 0.00631327 -0.0154804 -0.00622772 0.999861 0.387715 0.10293 -0.226346
FixedParameters: 0 0 0

#Transform 131
Transform: AffineTransform_float_3_3
Parameters: 0.999876 -0.00510118 0.0149023 0.00505518 0.999982 0.00314154 -0.0149188 -0.00306546 0.999884 0.326567 0.0984366 -0.318861
FixedParameters: 0 0 0

#Transform 132
Transform: AffineTransform_float_3_3
Parameters: 0.999906 -0.00514759 0.012765 0.00516708 0.999986 -0.00150168 -0.0127571 0.00156732 0.999918 0.325856 0.051706 -0.555858
FixedParameters: 0 0 0

#Transform 133
Transform: AffineTransform_float_3_3
Parameters: 0.999903 -0.00564618 0.01268 0.00567604 0.999981 -0.00231111 -0.0126669 0.00238289 0.999916 0.349224 0.0104431 -0.622246
FixedParameters: 0 0 0

#Transform 134
Transform: AffineTransform_float_3_3
Parameters: 0.999902 -0.00511007 0.0129912 0.00512712 0.999986 -0.00127935 -0.0129847 0.00134565 0.999914 0.342197 0.0296112 -0.590584
FixedParameters: 0 0 0

#Transform 135
Transform: AffineTransform_float_3_3
Parameters: 0.999894 -0.00565946 0.0134609 0.00568671 0.999982 -0.00201241 -0.0134497 0.0020886 0.999908 0.350874 0.0181024 -0.625679
FixedParameters: 0 0 0

#Transform 136
Transform: AffineTransform_float_3_3
Parameters: 0.9999 -0.00600279 0.012819 0.00603693 0.999979 -0.00256771 -0.0128031 0.00264528 0.999914 0.34994 0.00572845 -0.649906
FixedParameters: 0 0 0

#Transform 137
Transform: AffineTransform_float_3_3
Parameters: 0.999892 -0.00581715 0.0134438 0.0058376 0.999981 -0.00148214 -0.0134359 0.00156086 0.999908 0.352482 0.0344598 -0.635225
FixedParameters: 0 0 0

#Transform 138
Transform: AffineTransform_float_3_3
Parameters: 0.999889 -0.00635613 0.0134284 0.00637957 0.999978 -0.0017044 -0.013418 0.0017896 0.999908 0.372158 0.0340175 -0.660536
FixedParameters: 0 0 0

#Transform 139
Transform: AffineTransform_float_3_3
Parameters: 0.999892 -0.00638538 0.0132253 0.00640747 0.999978 -0.00158113 -0.0132152 0.00166587 0.999911 0.35942 0.0269767 -0.685932
FixedParameters: 0 0 0

#Transform 140
Transform: AffineTransform_float_3_3
Parameters: 0.999904 -0.00618693 0.0123444 0.0062106 0.999979 -0.00192456 -0.0123324 0.00200145 0.999922 0.33334 0.0137162 -0.707338
FixedParameters: 0 0 0

#Transform 141
Transform: AffineTransform_float_3_3
Parameters: 0.999904 -0.00629521 0.0123943 0.00632393 0.999977 -0.00224229 -0.0123798 0.0023197 0.99992 0.33846 0.0113381 -0.73945
FixedParameters: 0 0 0

#Transform 142
Transform: AffineTransform_float_3_3
Parameters: 0.999896 -0.00624899 0.0129909 0.00628431 0.999976 -0.00267759 -0.0129733 0.00275941 0.999912 0.321183 0.00432996 -0.756714
FixedParameters: 0 0 0

#Transform 143
Transform: AffineTransform_float_3_3
Parameters: 0.99989 -0.00645605 0.0133007 0.00648923 0.999975 -0.00244771 -0.0132849 0.00253329 0.999909 0.324373 0.013673 -0.761509
FixedParameters: 0 0 0

#Transform 144
Transform: AffineTransform_float_3_3
Parameters: 0.999891 -0.00612839 0.0134735 0.00616535 0.999977 -0.00268882 -0.0134569 0.00277218 0.999906 0.3201 0.0116447 -0.777738
FixedParameters: 0 0 0

#Transform 145
Transform: AffineTransform_float_3_3
Parameters: 0.999887 -0.00636885 0.013635 0.00641301 0.999974 -0.00322214 -0.0136144 0.00330987 0.999902 0.30618 0.020905 -0.813425
FixedParameters: 0 0 0

#Transform 146
Transform: AffineTransform_float_3_3
Parameters: 0.999885 -0.00590009 0.0139293 0.00594484 0.999978 -0.0032286 -0.01391 0.00331142 0.999898 0.279695 0.0390296 -0.79692
FixedParameters: 0 0 0

#Transform 147
Transform: AffineTransform_float_3_3
Parameters: 0.999878 -0.00597905 0.0144155 0.00606655 0.999964 -0.00598189 -0.0143792 0.00606911 0.999878 0.298332 0.0473962 -0.909426
FixedParameters: 0 0 0

#Transform 148
Transform: AffineTransform_float_3_3
Parameters: 0.999846 -0.0062569 0.0164402 0.00639303 0.999945 -0.00824071 -0.0163872 0.00834428 0.999831 0.359537 0.0643134 -0.975525
FixedParameters: 0 0 0

#Transform 149
Transform: AffineTransform_float_3_3
Parameters: 0.999847 -0.00631833 0.01627 0.00645595 0.999944 -0.00843797 -0.0162158 0.00854205 0.999832 0.359613 0.0611391 -1.00254
FixedParameters: 0 0 0

#Transform 150
Transform: AffineTransform_float_3_3
Parameters: 0.999844 -0.00613475 0.0165636 0.00627168 0.999946 -0.00823071 -0.0165124 0.00833329 0.999829 0.357972 0.0625738 -0.980762
FixedParameters: 0 0 0

#Transform 151
Transform: AffineTransform_float_3_3
Parameters: 0.99983 -0.00666724 0.0171798 0.0068161 0.99994 -0.00861633 -0.0171214 0.00873167 0.999815 0.394017 0.0704956 -0.982528
FixedParameters: 0 0 0

#Transform 152
Transform: AffineTransform_float_3_3
Parameters: 0.999831 -0.00581054 0.017439 0.0059752 0.999938 -0.00937654 -0.0173833 0.00947945 0.999804 0.384155 0.046847 -1.05112
FixedParameters: 0 0 0

#Transform 153
Transform: AffineTransform_float_3_3
Parameters: 0.999844 -0.00593271 0.0166748 0.00610207 0.999931 -0.0100907 -0.0166139 0.0101913 0.99981 0.409145 0.0230956 -1.04713
FixedParameters: 0 0 0

#Transform 154
Transform: AffineTransform_float_3_3
Parameters: 0.999833 -0.00635921 0.01712 0.00651968 0.999935 -0.00932756 -0.0170593 0.00943743 0.99981 0.439941 0.0411951 -1.02643
FixedParameters: 0 0 0

#Transform 155
Transform: AffineTransform_float_3_3
Parameters: 0.999872 -0.00603764 0.0148503 0.00613978 0.999958 -0.00685988 -0.0148085 0.00695012 0.999866 0.402682 0.0551908 -0.889606
FixedParameters: 0 0 0

#Transform 156
Transform: AffineTransform_float_3_3
Parameters: 0.999822 -0.00480797 0.018234 0.00474332 0.999982 0.00361658 -0.0182515 -0.00352943 0.999827 0.417372 0.101163 -0.364958
FixedParameters: 0 0 0

#Transform 157
Transform: AffineTransform_float_3_3
Parameters: 0.999833 -0.0054088 0.0174272 0.00534073 0.999978 0.00400285 -0.0174484 -0.00390916 0.99984 0.404513 0.0820916 -0.340112
FixedParameters: 0 0 0

#Transform 158
Transform: AffineTransform_float_3_3
Parameters: 0.999828 -0.00718645 0.0171069 0.00715879 0.999973 0.00171222 -0.017119 -0.00158979 0.999852 0.461682 0.0895891 -0.377047
FixedParameters: 0 0 0

#Transform 159
Transform: AffineTransform_float_3_3
Parameters: 0.999818 -0.00750915 0.0175261 0.00747675 0.99997 0.0018985 -0.0175399 -0.00176649 0.999844 0.444941 0.08556 -0.425733
FixedParameters: 0 0 0

#Transform 160
Transform: AffineTransform_float_3_3
Parameters: 0.999792 -0.00771103 0.0188926 0.00765844 0.999966 0.00285104 -0.0189142 -0.00270496 0.999818 0.457253 0.130096 -0.410818
FixedParameters: 0 0 0

#Transform 161
Transform: AffineTransform_float_3_3
Parameters: 0.999801 -0.0078799 0.0183668 0.00783876 0.999966 0.00230809 -0.0183846 -0.0021639 0.999828 0.446819 0.106377 -0.451717
FixedParameters: 0 0 0

#Transform 162
Transform: AffineTransform_float_3_3
Parameters: 0.999807 -0.00869136 0.0175772 0.00867666 0.999962 0.000889257 -0.0175842 -0.000736732 0.999845 0.478198 0.0885433 -0.517409
FixedParameters: 0 0 0

#Transform 163
Transform: AffineTransform_float_3_3
Parameters: 0.999783 -0.0088623 0.0188157 0.00882645 0.999959 0.0020067 -0.0188327 -0.0018403 0.999821 0.489272 0.131278 -0.476451
FixedParameters: 0 0 0

#Transform 164
Transform: AffineTransform_float_3_3
Parameters: 0.999798 -0.00923407 0.0178539 0.00924524 0.999957 -0.000535333 -0.0178476 0.000699664 0.99984 0.458627 0.0763124 -0.557546
FixedParameters: 0 0 0

#Transform 165
Transform: AffineTransform_float_3_3
Parameters: 0.999807 -0.00889821 0.0175538 0.00889926 0.99996 -2.65004e-05 -0.017553 0.000182519 0.999846 0.465932 0.0891158 -0.552844
FixedParameters: 0 0 0

#Transform 166
Transform: AffineTransform_float_3_3
Parameters: 0.999806 -0.00916762 0.0174719 0.00917028 0.999958 -0.000108669 -0.01747 0.000268346 0.999847 0.472954 0.0774501 -0.563537
FixedParameters: 0 0 0

#Transform 167
Transform: AffineTransform_float_3_3
Parameters: 0.999809 -0.0095791 0.0170276 0.00959813 0.999953 -0.00102378 -0.017017 0.00118722 0.999855 0.46018 0.0650032 -0.607287
FixedParameters: 0 0 0

#Transform 168
Transform: AffineTransform_float_3_3
Parameters: 0.999793 -0.00947109 0.0179772 0.00948938 0.999955 -0.000893862 -0.0179677 0.00106413 0.999838 0.452283 0.0658603 -0.595729
FixedParameters: 0 0 0

#Transform 169
Transform: AffineTransform_float_3_3
Parameters: 0.999788 -0.00979059 0.0180722 0.00981118 0.999951 -0.00103237 -0.0180613 0.00120964 0.999837 0.482456 0.076951 -0.583933
FixedParameters: 0 0 0

#Transform 170
Transform: AffineTransform_float_3_3
Parameters: 0.999803 -0.00964679 0.0173454 0.00967852 0.999952 -0.00177994 -0.017328 0.00194708 0.999848 0.455937 0.063046 -0.60499
FixedParameters: 0 0 0

#Transform 171
Transform: AffineTransform_float_3_3
Parameters: 0.999798 -0.0100752 0.0173556 0.0101223 0.999946 -0.00260488 -0.0173283 0.00278011 0.999846 0.462497 0.0693177 -0.631067
FixedParameters: 0 0 0

#Transform 172
Transform: AffineTransform_float_3_3
Parameters: 0.999786 -0.0101903 0.0180082 0.0102399 0.999944 -0.00264571 -0.0179804 0.0028293 0.999835 0.470758 0.0823719 -0.627976
FixedParameters: 0 0 0

#Transform 173
Transform: AffineTransform_float_3_3
Parameters: 0.999799 -0.0101747 0.017307 0.0102358 0.999942 -0.00341566 -0.0172719 0.00359135 0.999844 0.453012 0.0621614 -0.629991
FixedParameters: 0 0 0

#Transform 174
Transform: AffineTransform_float_3_3
Parameters: 0.999806 -0.00988853 0.0170662 0.00995106 0.999944 -0.0035739 -0.0170302 0.00374411 0.999848 0.435863 0.0740639 -0.613665
FixedParameters: 0 0 0

#Transform 175
Transform: AffineTransform_float_3_3
Parameters: 0.999801 -0.00935391 0.0175888 0.00941507 0.999949 -0.00344757 -0.0175556 0.00361244 0.999839 0.419361 0.0694556 -0.602794
FixedParameters: 0 0 0

#Transform 176
Transform: AffineTransform_float_3_3
Parameters: 0.999808 -0.00933944 0.0171922 0.00939201 0.999951 -0.00300202 -0.0171629 0.00316298 0.999848 0.410327 0.0703626 -0.578718
FixedParameters: 0 0 0

#Transform 177
Transform: AffineTransform_float_3_3
Parameters: 0.999793 -0.00951935 0.0179398 0.00957592 0.99995 -0.00302782 -0.0179102 0.00319817 0.999834 0.432957 0.0956543 -0.552683
FixedParameters: 0 0 0

#Transform 178
Transform: AffineTransform_float_3_3
Parameters: 0.999809 -0.00991715 0.0168288 0.00998315 0.999942 -0.00385909 -0.0167894 0.00402692 0.999851 0.461963 0.0852528 -0.604377
FixedParameters: 0 0 0

#Transform 179
Transform: AffineTransform_float_3_3
Parameters: 0.999812 -0.00921475 0.0170746 0.00927861 0.99995 -0.00365943 -0.0170403 0.00381758 0.999847 0.430799 0.099787 -0.58285
FixedParameters: 0 0 0
