#Insight Transform File V1.0
#Transform 0
Transform: AffineTransform_float_3_3
Parameters: 0.999998 -0.00137783 -0.000915312 0.00137616 0.999998 -0.00119905 0.000917302 0.00119795 0.999999 0.173794 0.181627 0.812497
FixedParameters: 0 0 0

#Transform 1
Transform: AffineTransform_float_3_3
Parameters: 0.999999 0.00165719 -0.000587707 -0.00165779 0.999998 -0.000836746 0.000585853 0.000837252 0.999999 -0.00991512 -0.102882 -0.36327
FixedParameters: 0 0 0

#Transform 2
Transform: AffineTransform_float_3_3
Parameters: 1 0.000608321 -0.000907164 -0.000607968 1 0.000701345 0.000908408 -0.000701655 0.999999 0.00849129 -0.0340903 -0.326375
FixedParameters: 0 0 0

#Transform 3
Transform: AffineTransform_float_3_3
Parameters: 1 0.000931905 -0.000376654 -0.000931595 1 0.000410992 0.00037742 -0.000411008 1 0.0100734 -0.0186871 -0.327464
FixedParameters: 0 0 0

#Transform 4
Transform: AffineTransform_float_3_3
Parameters: 0.999999 0.000765325 -0.000385275 -0.000764974 0.999999 0.000455295 0.000385971 -0.000454705 1 0.0124365 -0.024979 -0.302108
FixedParameters: 0 0 0

#Transform 5
Transform: AffineTransform_float_3_3
Parameters: 1 0.000533695 2.10307e-05 -0.000533686 1 -0.000227011 -2.1273e-05 0.000226989 1 0.0493236 -0.010247 -0.194708
FixedParameters: 0 0 0

#Transform 6
Transform: AffineTransform_float_3_3
Parameters: 1 0.000344572 -0.000332144 -0.000344729 1 -0.000235885 0.000331982 0.000236114 1 0.0552595 -0.00138446 -0.20903
FixedParameters: 0 0 0

#Transform 7
Transform: AffineTransform_float_3_3
Parameters: 1 0.000580962 -0.00022836 -0.000581113 1 -0.000330867 0.000227975 0.000331132 1 0.0309072 -0.00100616 -0.234913
FixedParameters: 0 0 0

#Transform 8
Transform: AffineTransform_float_3_3
Parameters: 1 0.000409709 -0.000350112 -0.000409052 1 -0.000377857 0.000349412 0.000378143 1 0.0437797 -0.017672 -0.296486
FixedParameters: 0 0 0

#Transform 9
Transform: AffineTransform_float_3_3
Parameters: 1 0.000372977 -0.000139932 -0.000373029 1 -0.000185948 0.000139793 0.000186052 1 0.054113 -0.0296142 -0.316317
FixedParameters: 0 0 0

#Transform 10
Transform: AffineTransform_float_3_3
Parameters: 1 2.87354e-05 6.26703e-06 -2.87337e-05 1 -0.000139 -6.27502e-06 0.000139 1 0.0540854 -0.0150932 -0.293386
FixedParameters: 0 0 0

#Transform 11
Transform: AffineTransform_float_3_3
Parameters: 1 -0.000218799 0.000111539 0.000218963 0.999999 -0.000735975 -0.000111217 0.000736024 0.999999 0.0788003 -0.0281058 -0.295581
FixedParameters: 0 0 0

#Transform 12
Transform: AffineTransform_float_3_3
Parameters: 1 -0.000128066 0.00051409 0.000127736 1 -0.000573934 -0.000513553 0.000574066 0.999999 0.100695 -0.0220755 -0.283885
FixedParameters: 0 0 0

#Transform 13
Transform: AffineTransform_float_3_3
Parameters: 1 -0.000183246 0.000412534 0.000183596 1 -0.000423924 -0.000412379 0.000424076 1 0.100214 -0.0148413 -0.282058
FixedParameters: 0 0 0

#Transform 14
Transform: AffineTransform_float_3_3
Parameters: 0.999999 -0.000216407 0.000774309 0.00021702 1 -0.000395832 -0.000774138 0.000396168 0.999999 0.0952613 -0.0118228 -0.295956
FixedParameters: 0 0 0

#Transform 15
Transform: AffineTransform_float_3_3
Parameters: 1 -0.000277107 0.000327337 0.000277177 1 -0.000107909 -0.000327278 0.000108091 1 0.0910007 -0.0119107 -0.330721
FixedParameters: 0 0 0

#Transform 16
Transform: AffineTransform_float_3_3
Parameters: 1 -0.000278193 0.000644149 0.000278811 1 -0.00047982 -0.000643882 0.000480179 0.999999 0.104918 -0.00850431 -0.303046
FixedParameters: 0 0 0

#Transform 17
Transform: AffineTransform_float_3_3
Parameters: 0.999999 -0.000585893 0.00136484 0.000585637 1 -0.000386049 -0.00136492 0.000386953 0.999999 0.119417 -0.00246524 -0.307535
FixedParameters: 0 0 0

#Transform 18
Transform: AffineTransform_float_3_3
Parameters: 0.999999 -0.000649622 0.00121412 0.000650458 1 -0.000723059 -0.00121279 0.000723942 0.999999 0.118592 -0.00529753 -0.309641
FixedParameters: 0 0 0

#Transform 19
Transform: AffineTransform_float_3_3
Parameters: 0.999999 -0.000585837 0.00136486 0.000585693 1 -0.000427049 -0.00136489 0.000427953 0.999999 0.115684 0.000969021 -0.298922
FixedParameters: 0 0 0

#Transform 20
Transform: AffineTransform_float_3_3
Parameters: 0.999999 -0.000965542 0.00152665 0.000967245 0.999999 -0.000685219 -0.00152624 0.00068678 0.999999 0.136407 -0.00569123 -0.271598
FixedParameters: 0 0 0

#Transform 21
Transform: AffineTransform_float_3_3
Parameters: 0.999999 -0.000950214 0.00156394 0.000950533 0.999999 -0.000226209 -0.00156443 0.000227793 0.999999 0.135967 -4.09626e-05 -0.264587
FixedParameters: 0 0 0

#Transform 22
Transform: AffineTransform_float_3_3
Parameters: 0.999999 -0.000950536 0.0015617 0.000952555 0.999999 -0.000770361 -0.00156115 0.000772638 0.999998 0.142497 -0.00607161 -0.284127
FixedParameters: 0 0 0

#Transform 23
Transform: AffineTransform_float_3_3
Parameters: 0.999996 -0.000835163 0.00248096 0.00084004 0.999997 -0.00196095 -0.00247888 0.00196305 0.999995 0.133077 -0.0284461 -0.308005
FixedParameters: 0 0 0

#Transform 24
Transform: AffineTransform_float_3_3
Parameters: 0.999998 -0.000972301 0.00131421 0.000973457 0.999999 -0.000587928 -0.00131399 0.000589071 0.999998 0.13583 -0.0201565 -0.283235
FixedParameters: 0 0 0

#Transform 25
Transform: AffineTransform_float_3_3
Parameters: 0.999998 -0.00140467 0.00186879 0.00140552 0.999999 -0.00068243 -0.00186832 0.000685572 0.999998 0.139889 -0.0128544 -0.290002
FixedParameters: 0 0 0

#Transform 26
Transform: AffineTransform_float_3_3
Parameters: 0.999998 -0.00143478 0.00179856 0.00143611 0.999999 -0.000477473 -0.00179811 0.000480527 0.999998 0.130318 -0.0213024 -0.312819
FixedParameters: 0 0 0

#Transform 27
Transform: AffineTransform_float_3_3
Parameters: 0.999997 -0.00132089 0.00174988 0.00132172 0.999999 -0.000346743 -0.00174988 0.000349258 0.999999 0.128727 -0.00877332 -0.284633
FixedParameters: 0 0 0

#Transform 28
Transform: AffineTransform_float_3_3
Parameters: 0.999998 -0.00143455 0.00179874 0.00143503 0.999999 -0.000604475 -0.00179845 0.000607528 0.999998 0.140009 -0.0194548 -0.263485
FixedParameters: 0 0 0

#Transform 29
Transform: AffineTransform_float_3_3
Parameters: 0.999998 -0.00143434 0.00179891 0.00143524 0.999998 -0.000724322 -0.00179828 0.00072668 0.999998 0.151934 -0.00153267 -0.262612
FixedParameters: 0 0 0

#Transform 30
Transform: AffineTransform_float_3_3
Parameters: 0.999997 -0.00132879 0.00204596 0.00133136 0.999999 -0.00104354 -0.00204463 0.00104546 0.999997 0.129582 -0.00566724 -0.267811
FixedParameters: 0 0 0

#Transform 31
Transform: AffineTransform_float_3_3
Parameters: 0.999997 -0.00135052 0.00199523 0.00135262 0.999999 -0.000952566 -0.0019941 0.000954435 0.999997 0.125037 -0.00997125 -0.279127
FixedParameters: 0 0 0

#Transform 32
Transform: AffineTransform_float_3_3
Parameters: 0.999997 -0.00135133 0.00199467 0.0013518 0.999999 -0.00054236 -0.00199465 0.000545643 0.999998 0.140321 0.000616436 -0.260154
FixedParameters: 0 0 0

#Transform 33
Transform: AffineTransform_float_3_3
Parameters: 0.999996 -0.00151006 0.00206378 0.00151302 0.999998 -0.00122278 -0.00206245 0.00122622 0.999997 0.133253 -0.0129454 -0.283279
FixedParameters: 0 0 0

#Transform 34
Transform: AffineTransform_float_3_3
Parameters: 0.999997 -0.00146067 0.00204241 0.00146207 0.999998 -0.00107928 -0.00204123 0.00108172 0.999997 0.126187 -0.0273297 -0.318772
FixedParameters: 0 0 0

#Transform 35
Transform: AffineTransform_float_3_3
Parameters: 0.999997 -0.0013506 0.00199517 0.00135253 0.999998 -0.000908205 -0.00199416 0.000910794 0.999997 0.16121 -0.0219446 -0.308565
FixedParameters: 0 0 0

#Transform 36
Transform: AffineTransform_float_3_3
Parameters: 0.999996 -0.00158083 0.00209292 0.00158255 0.999998 -0.000817952 -0.00209178 0.000821049 0.999997 0.150334 -0.0361969 -0.308088
FixedParameters: 0 0 0

#Transform 37
Transform: AffineTransform_float_3_3
Parameters: 0.999997 -0.00148578 0.00205279 0.00148758 0.999999 -0.000947211 -0.00205234 0.000949791 0.999997 0.132375 -0.0422659 -0.321848
FixedParameters: 0 0 0

#Transform 38
Transform: AffineTransform_float_3_3
Parameters: 0.999997 -0.0013508 0.00199503 0.00135233 0.999998 -0.000807206 -0.0019943 0.000809794 0.999998 0.13073 -0.0103539 -0.288745
FixedParameters: 0 0 0

#Transform 39
Transform: AffineTransform_float_3_3
Parameters: 0.999996 -0.00150732 0.00206152 0.00150879 0.999999 -0.000768154 -0.00206065 0.000770848 0.999998 0.137367 -0.00984029 -0.288215
FixedParameters: 0 0 0

#Transform 40
Transform: AffineTransform_float_3_3
Parameters: 0.999996 -0.0015167 0.00206638 0.00151834 0.999998 -0.00112677 -0.00206493 0.00113023 0.999998 0.122588 -0.0086458 -0.280637
FixedParameters: 0 0 0

#Transform 41
Transform: AffineTransform_float_3_3
Parameters: 0.999996 -0.00157952 0.00209391 0.00158216 0.999998 -0.00144295 -0.00209224 0.00144605 0.999997 0.123857 -0.0187663 -0.262322
FixedParameters: 0 0 0

#Transform 42
Transform: AffineTransform_float_3_3
Parameters: 0.999997 -0.00134953 0.00199589 0.00135228 0.999998 -0.00144336 -0.00199397 0.00144664 0.999997 0.138919 -0.0209981 -0.227769
FixedParameters: 0 0 0

#Transform 43
Transform: AffineTransform_float_3_3
Parameters: 0.999997 -0.00134321 0.00201262 0.00134546 0.999998 -0.000882196 -0.00201077 0.000884802 0.999997 0.124516 0.00218273 -0.21513
FixedParameters: 0 0 0

#Transform 44
Transform: AffineTransform_float_3_3
Parameters: 0.999996 -0.0016353 0.00196437 0.00163709 0.999998 -0.000987049 -0.00196351 0.000989953 0.999998 0.11785 -0.00974684 -0.24241
FixedParameters: 0 0 0

#Transform 45
Transform: AffineTransform_float_3_3
Parameters: 0.999996 -0.00170939 0.00226581 0.00171294 0.999997 -0.00153423 -0.00226346 0.00153777 0.999996 0.14798 -0.0198412 -0.272111
FixedParameters: 0 0 0

#Transform 46
Transform: AffineTransform_float_3_3
Parameters: 0.999995 -0.00185548 0.00233013 0.00185762 0.999998 -0.00110479 -0.002328 0.00110922 0.999997 0.146441 -0.0363712 -0.30475
FixedParameters: 0 0 0

#Transform 47
Transform: AffineTransform_float_3_3
Parameters: 0.999996 -0.00167216 0.00237567 0.00167478 0.999998 -0.000989135 -0.00237472 0.000992868 0.999997 0.148615 -0.0252568 -0.279702
FixedParameters: 0 0 0

#Transform 48
Transform: AffineTransform_float_3_3
Parameters: 0.999996 -0.00190102 0.00217286 0.00190448 0.999997 -0.00166649 -0.00217033 0.00167051 0.999996 0.142539 -0.0186608 -0.255101
FixedParameters: 0 0 0

#Transform 49
Transform: AffineTransform_float_3_3
Parameters: 0.999996 -0.00163208 0.00229117 0.00163444 0.999998 -0.000970161 -0.00229037 0.000974841 0.999997 0.12546 -0.00493017 -0.222707
FixedParameters: 0 0 0

#Transform 50
Transform: AffineTransform_float_3_3
Parameters: 0.999997 -0.00128638 0.00214471 0.00128885 0.999998 -0.00127714 -0.0021434 0.00127986 0.999997 0.156002 -0.00609155 -0.245583
FixedParameters: 0 0 0

#Transform 51
Transform: AffineTransform_float_3_3
Parameters: 0.999996 -0.00190176 0.00213342 0.00190294 0.999998 -0.000674565 -0.0021323 0.000678438 0.999998 0.133736 -0.0214493 -0.264899
FixedParameters: 0 0 0

#Transform 52
Transform: AffineTransform_float_3_3
Parameters: 0.999997 -0.00162009 0.00192447 0.0016213 0.999999 -0.000651297 -0.00192289 0.000654704 0.999998 0.139956 -0.0303693 -0.286678
FixedParameters: 0 0 0

#Transform 53
Transform: AffineTransform_float_3_3
Parameters: 0.999997 -0.00156398 0.0021467 0.00156446 0.999999 -0.000416905 -0.00214592 0.000420097 0.999998 0.156756 -0.0272852 -0.282706
FixedParameters: 0 0 0

#Transform 54
Transform: AffineTransform_float_3_3
Parameters: 0.999997 -0.00179917 0.00201047 0.00180024 0.999998 -0.000265643 -0.0020095 0.000269356 0.999998 0.143764 -0.0298445 -0.265134
FixedParameters: 0 0 0

#Transform 55
Transform: AffineTransform_float_3_3
Parameters: 0.999996 -0.00188373 0.00215283 0.00188408 0.999998 0.000133795 -0.00215372 -0.000129204 0.999998 0.153481 -0.0113563 -0.247834
FixedParameters: 0 0 0

#Transform 56
Transform: AffineTransform_float_3_3
Parameters: 0.999996 -0.002052 0.00220227 0.00205296 0.999998 -0.00051495 -0.00220068 0.00051905 0.999998 0.162182 -0.0252621 -0.277982
FixedParameters: 0 0 0

#Transform 57
Transform: AffineTransform_float_3_3
Parameters: 0.999996 -0.00222307 0.00213033 0.00222594 0.999997 -0.00116324 -0.00212751 0.00116775 0.999997 0.159422 -0.0453172 -0.316614
FixedParameters: 0 0 0

#Transform 58
Transform: AffineTransform_float_3_3
Parameters: 0.999995 -0.00200921 0.00239313 0.00201198 0.999997 -0.0010123 -0.00239142 0.0010177 0.999997 0.138253 -0.0336667 -0.316904
FixedParameters: 0 0 0

#Transform 59
Transform: AffineTransform_float_3_3
Parameters: 0.999995 -0.00202437 0.00239787 0.00202522 0.999998 -0.000448615 -0.00239657 0.000453386 0.999997 0.138633 -0.0326625 -0.296453
FixedParameters: 0 0 0

#Transform 60
Transform: AffineTransform_float_3_3
Parameters: 0.999995 -0.00197382 0.0023763 0.00197452 0.999998 -0.000420779 -0.00237516 0.000425222 0.999997 0.137608 -0.0265085 -0.282062
FixedParameters: 0 0 0

#Transform 61
Transform: AffineTransform_float_3_3
Parameters: 0.999996 -0.0019161 0.00208131 0.00191791 0.999998 -0.000842633 -0.00207953 0.000846368 0.999997 0.129301 -0.030975 -0.218462
FixedParameters: 0 0 0

#Transform 62
Transform: AffineTransform_float_3_3
Parameters: 0.999995 -0.0022126 0.00236655 0.00221689 0.999995 -0.00198323 -0.0023621 0.00198877 0.999995 0.154198 -0.0167087 -0.178691
FixedParameters: 0 0 0

#Transform 63
Transform: AffineTransform_float_3_3
Parameters: 0.999995 -0.00209617 0.00263958 0.00210162 0.999996 -0.00192378 -0.00263492 0.00192922 0.999995 0.139443 -0.0205264 -0.241296
FixedParameters: 0 0 0

#Transform 64
Transform: AffineTransform_float_3_3
Parameters: 0.999995 -0.00221244 0.00222314 0.00221463 0.999998 -0.000667061 -0.00222202 0.00067194 0.999997 0.132063 -0.00544015 -0.260634
FixedParameters: 0 0 0

#Transform 65
Transform: AffineTransform_float_3_3
Parameters: 0.999995 -0.00228587 0.00186646 0.0022867 0.999997 -0.000676357 -0.00186481 0.000680645 0.999999 0.13346 -0.0230023 -0.312267
FixedParameters: 0 0 0

#Transform 66
Transform: AffineTransform_float_3_3
Parameters: 0.999996 -0.00182648 0.00178698 0.00182797 0.999998 -0.00052715 -0.00178596 0.00053085 0.999999 0.107499 -0.0122489 -0.313822
FixedParameters: 0 0 0

#Transform 67
Transform: AffineTransform_float_3_3
Parameters: 0.999995 -0.00206972 0.00229348 0.00207079 0.999998 -0.000516722 -0.00229186 0.000521278 0.999997 0.131209 -0.00263101 -0.237767
FixedParameters: 0 0 0

#Transform 68
Transform: AffineTransform_float_3_3
Parameters: 0.999996 -0.00187969 0.00181985 0.00188095 0.999998 -0.000705994 -0.00181772 0.000710006 0.999998 0.111989 0.00820758 -0.208655
FixedParameters: 0 0 0

#Transform 69
Transform: AffineTransform_float_3_3
Parameters: 0.999996 -0.00235016 0.00148835 0.00235058 0.999997 -0.000271789 -0.00148798 0.000275213 0.999999 0.142282 0.0183618 -0.191706
FixedParameters: 0 0 0

#Transform 70
Transform: AffineTransform_float_3_3
Parameters: 0.999995 -0.00214951 0.00205517 0.00215047 0.999998 -0.000327204 -0.00205468 0.000331798 0.999998 0.132186 0.0145472 -0.223515
FixedParameters: 0 0 0

#Transform 71
Transform: AffineTransform_float_3_3
Parameters: 0.999996 -0.0021712 0.00179853 0.00217203 0.999997 -0.000810871 -0.00179737 0.000815133 0.999998 0.140296 -0.00383922 -0.253535
FixedParameters: 0 0 0

#Transform 72
Transform: AffineTransform_float_3_3
Parameters: 0.999995 -0.00230272 0.00185306 0.00230364 0.999997 -0.000349866 -0.00185235 0.000354134 0.999998 0.139693 -0.00798474 -0.253125
FixedParameters: 0 0 0

#Transform 73
Transform: AffineTransform_float_3_3
Parameters: 0.999994 -0.00208933 0.00247824 0.00209042 0.999997 -0.000297137 -0.00247791 0.000301863 0.999997 0.116667 0.000352998 -0.234221
FixedParameters: 0 0 0

#Transform 74
Transform: AffineTransform_float_3_3
Parameters: 0.999994 -0.00222428 0.00245965 0.00222557 0.999998 -0.000339356 -0.00245905 0.000344644 0.999997 0.124525 -9.76521e-06 -0.234824
FixedParameters: 0 0 0

#Transform 75
Transform: AffineTransform_float_3_3
Parameters: 0.999996 -0.00194304 0.00214464 0.0019442 0.999998 -0.000358094 -0.00214416 0.000362907 0.999998 0.127951 0.00588511 -0.219883
FixedParameters: 0 0 0

#Transform 76
Transform: AffineTransform_float_3_3
Parameters: 0.999994 -0.00215719 0.00250857 0.00215932 0.999998 -0.000761416 -0.00250672 0.000766584 0.999996 0.144993 -0.00776764 -0.206027
FixedParameters: 0 0 0

#Transform 77
Transform: AffineTransform_float_3_3
Parameters: 0.999994 -0.00236307 0.00232262 0.00236368 0.999998 -0.000211493 -0.00232253 0.000217509 0.999997 0.140297 0.0109912 -0.165748
FixedParameters: 0 0 0

#Transform 78
Transform: AffineTransform_float_3_3
Parameters: 0.999996 -0.0022771 0.00199766 0.00227827 0.999997 -0.000387072 -0.00199681 0.000391928 0.999998 0.141706 0.0143249 -0.157117
FixedParameters: 0 0 0

#Transform 79
Transform: AffineTransform_float_3_3
Parameters: 0.999995 -0.00210198 0.00263824 0.00210566 0.999996 -0.00141377 -0.0026361 0.00141923 0.999995 0.156305 0.0104931 -0.199378
FixedParameters: 0 0 0

#Transform 80
Transform: AffineTransform_float_3_3
Parameters: 0.999995 -0.00243821 0.00208805 0.00244066 0.999997 -0.000771889 -0.00208611 0.00077711 0.999998 0.143837 0.00244244 -0.223537
FixedParameters: 0 0 0

#Transform 81
Transform: AffineTransform_float_3_3
Parameters: 0.999995 -0.00220553 0.00216661 0.00220605 0.999998 -0.000208843 -0.0021666 0.000214159 0.999998 0.130454 0.0230992 -0.208242
FixedParameters: 0 0 0

#Transform 82
Transform: AffineTransform_float_3_3
Parameters: 0.999994 -0.00266731 0.00210433 0.00266798 0.999997 -0.00056073 -0.00210278 0.000566273 0.999998 0.148335 0.0193494 -0.253689
FixedParameters: 0 0 0

#Transform 83
Transform: AffineTransform_float_3_3
Parameters: 0.999993 -0.00266303 0.00236227 0.00266406 0.999996 -0.000574899 -0.00236064 0.000581103 0.999997 0.157306 0.0130277 -0.223515
FixedParameters: 0 0 0

#Transform 84
Transform: AffineTransform_float_3_3
Parameters: 0.999993 -0.00244184 0.00277607 0.00244521 0.999996 -0.000981742 -0.00277363 0.000988258 0.999996 0.138316 0.0221183 -0.160579
FixedParameters: 0 0 0

#Transform 85
Transform: AffineTransform_float_3_3
Parameters: 0.999994 -0.00252006 0.00216924 0.00252128 0.999997 -0.000670516 -0.0021673 0.000676485 0.999998 0.115371 0.0165045 -0.203309
FixedParameters: 0 0 0

#Transform 86
Transform: AffineTransform_float_3_3
Parameters: 0.999994 -0.00267197 0.00224229 0.00267294 0.999997 -0.00030035 -0.00224158 0.000306652 0.999998 0.141549 0.0245417 -0.163443
FixedParameters: 0 0 0

#Transform 87
Transform: AffineTransform_float_3_3
Parameters: 0.999994 -0.00240749 0.00275947 0.00240817 0.999997 -0.000428393 -0.00275884 0.00043461 0.999996 0.146422 0.0296169 -0.114757
FixedParameters: 0 0 0

#Transform 88
Transform: AffineTransform_float_3_3
Parameters: 0.999992 -0.00254561 0.0028902 0.00254275 0.999997 0.000927474 -0.00289161 -0.000920528 0.999996 0.15427 0.0589555 -0.0997038
FixedParameters: 0 0 0

#Transform 89
Transform: AffineTransform_float_3_3
Parameters: 0.999992 -0.00250523 0.00308345 0.00250149 0.999996 0.00101299 -0.00308521 -0.00100601 0.999995 0.159045 0.0486721 -0.125503
FixedParameters: 0 0 0

#Transform 90
Transform: AffineTransform_float_3_3
Parameters: 0.999995 -0.00261864 0.00214309 0.00261935 0.999996 -0.000161576 -0.00214223 0.000166423 0.999998 0.149942 0.0119392 -0.195053
FixedParameters: 0 0 0

#Transform 91
Transform: AffineTransform_float_3_3
Parameters: 0.999993 -0.00277979 0.00242354 0.0027808 0.999996 -0.00020545 -0.00242238 0.000212548 0.999997 0.145429 0.0110877 -0.25318
FixedParameters: 0 0 0

#Transform 92
Transform: AffineTransform_float_3_3
Parameters: 0.999994 -0.00285229 0.00224099 0.00285187 0.999995 0.000184844 -0.00224111 -0.000179155 0.999997 0.147581 0.0152224 -0.19295
FixedParameters: 0 0 0

#Transform 93
Transform: AffineTransform_float_3_3
Parameters: 0.999993 -0.00289785 0.00225955 0.00289691 0.999995 0.00038436 -0.00225992 -0.000377641 0.999998 0.171977 0.0102391 -0.146973
FixedParameters: 0 0 0

#Transform 94
Transform: AffineTransform_float_3_3
Parameters: 0.999993 -0.00278776 0.00221376 0.00278752 0.999996 0.000145831 -0.00221363 -0.00013917 0.999998 0.159187 0.0337848 -0.148462
FixedParameters: 0 0 0

#Transform 95
Transform: AffineTransform_float_3_3
Parameters: 0.999994 -0.0027937 0.00208096 0.00278713 0.999991 0.00326948 -0.00209024 -0.00326352 0.999993 0.151484 0.10766 -0.0772124
FixedParameters: 0 0 0

#Transform 96
Transform: AffineTransform_float_3_3
Parameters: 0.999993 -0.00267526 0.00258508 0.002674 0.999996 0.00050088 -0.00258722 -0.000494116 0.999997 0.154893 0.0188213 -0.206935
FixedParameters: 0 0 0

#Transform 97
Transform: AffineTransform_float_3_3
Parameters: 0.999992 -0.00280474 0.00264048 0.00280319 0.999996 0.000371009 -0.00264162 -0.000363988 0.999997 0.127685 0.0130016 -0.255125
FixedParameters: 0 0 0

#Transform 98
Transform: AffineTransform_float_3_3
Parameters: 0.999991 -0.00286193 0.00288864 0.00286156 0.999996 6.80239e-05 -0.002889 -5.99737e-05 0.999996 0.120277 0.0115676 -0.20037
FixedParameters: 0 0 0

#Transform 99
Transform: AffineTransform_float_3_3
Parameters: 0.999992 -0.00260429 0.00305062 0.0026048 0.999996 0.000134424 -0.00305077 -0.000125578 0.999995 0.146527 0.00632066 -0.220042
FixedParameters: 0 0 0

#Transform 100
Transform: AffineTransform_float_3_3
Parameters: 0.999992 -0.0029108 0.0026517 0.00291005 0.999996 0.000391324 -0.00265342 -0.000383673 0.999997 0.151702 0.0203146 -0.184196
FixedParameters: 0 0 0

#Transform 101
Transform: AffineTransform_float_3_3
Parameters: 0.999992 -0.00302838 0.002692 0.00302151 0.999992 0.0026844 -0.00270057 -0.0026766 0.999992 0.154195 0.0949028 -0.0408786
FixedParameters: 0 0 0

#Transform 102
Transform: AffineTransform_float_3_3
Parameters: 0.999992 -0.00296074 0.00250974 0.00295434 0.999992 0.00260304 -0.00251708 -0.00259596 0.999994 0.158755 0.0916504 -0.0471691
FixedParameters: 0 0 0

#Transform 103
Transform: AffineTransform_float_3_3
Parameters: 0.999994 -0.00286859 0.00226128 0.00286147 0.99999 0.0032193 -0.00226984 -0.0032127 0.999993 0.168494 0.124116 -0.0696216
FixedParameters: 0 0 0

#Transform 104
Transform: AffineTransform_float_3_3
Parameters: 0.999992 -0.00295628 0.0024586 0.00294769 0.99999 0.00352473 -0.00246899 -0.00351727 0.999991 0.161737 0.111075 -0.0749554
FixedParameters: 0 0 0

#Transform 105
Transform: AffineTransform_float_3_3
Parameters: 0.999992 -0.00302887 0.00233626 0.00301949 0.999988 0.00404138 -0.00234843 -0.00403362 0.999989 0.171766 0.109417 -0.0649713
FixedParameters: 0 0 0

#Transform 106
Transform: AffineTransform_float_3_3
Parameters: 0.999992 -0.00280264 0.00259129 0.00279172 0.999988 0.00412087 -0.00260247 -0.00411413 0.999988 0.133476 0.105023 -0.0932363
FixedParameters: 0 0 0

#Transform 107
Transform: AffineTransform_float_3_3
Parameters: 0.999988 -0.00215246 0.00452457 0.00215413 0.999998 -0.000222785 -0.00452451 0.000233215 0.99999 0.0768859 0.00714933 -0.206184
FixedParameters: 0 0 0

#Transform 108
Transform: AffineTransform_float_3_3
Parameters: 0.999986 -0.0025357 0.00462876 0.00252927 0.999996 0.00145027 -0.00463251 -0.00143873 0.999988 0.143909 0.0496354 -0.110708
FixedParameters: 0 0 0

#Transform 109
Transform: AffineTransform_float_3_3
Parameters: 0.99999 -0.0030711 0.00317867 0.00306017 0.999989 0.00344731 -0.00318923 -0.00343769 0.999989 0.153954 0.109401 -0.00549766
FixedParameters: 0 0 0

#Transform 110
Transform: AffineTransform_float_3_3
Parameters: 0.999992 -0.00326744 0.00260086 0.00325587 0.999986 0.00437724 -0.00261569 -0.00436876 0.999987 0.166027 0.14712 0.0573637
FixedParameters: 0 0 0

#Transform 111
Transform: AffineTransform_float_3_3
Parameters: 0.99999 -0.00344947 0.00285537 0.00343839 0.999987 0.00383638 -0.00286899 -0.00382662 0.999988 0.161059 0.129638 -0.0122845
FixedParameters: 0 0 0

#Transform 112
Transform: AffineTransform_float_3_3
Parameters: 0.999992 -0.00291817 0.00293342 0.00290494 0.999984 0.00470332 -0.00294734 -0.00469468 0.999984 0.136072 0.138328 0.010432
FixedParameters: 0 0 0

#Transform 113
Transform: AffineTransform_float_3_3
Parameters: 0.999993 -0.00289484 0.00234139 0.0028849 0.999986 0.00443124 -0.00235421 -0.00442476 0.999987 0.13935 0.115352 -0.073956
FixedParameters: 0 0 0

#Transform 114
Transform: AffineTransform_float_3_3
Parameters: 0.999992 -0.00315373 0.00274234 0.00314247 0.999986 0.0042659 -0.00275587 -0.0042571 0.999987 0.148512 0.132698 -0.0132234
FixedParameters: 0 0 0

#Transform 115
Transform: AffineTransform_float_3_3
Parameters: 0.999993 -0.0026565 0.00290396 0.00264773 0.999992 0.00304283 -0.0029119 -0.00303517 0.999991 0.142942 0.0810469 -0.0393166
FixedParameters: 0 0 0

#Transform 116
Transform: AffineTransform_float_3_3
Parameters: 0.999991 -0.00322143 0.00268283 0.00321105 0.999988 0.00378289 -0.00269397 -0.00377411 0.999989 0.188569 0.119886 0.0223797
FixedParameters: 0 0 0

#Transform 117
Transform: AffineTransform_float_3_3
Parameters: 0.999992 -0.00332122 0.00244472 0.00331194 0.999988 0.00357622 -0.0024567 -0.00356778 0.999991 0.173044 0.13377 0.0371566
FixedParameters: 0 0 0

#Transform 118
Transform: AffineTransform_float_3_3
Parameters: 0.999992 -0.00328596 0.00253071 0.00327467 0.999985 0.00434142 -0.00254416 -0.00433258 0.999987 0.165532 0.143229 0.00774011
FixedParameters: 0 0 0

#Transform 119
Transform: AffineTransform_float_3_3
Parameters: 0.999991 -0.00310882 0.00295258 0.00309614 0.999987 0.00420258 -0.00296533 -0.00419342 0.999987 0.172944 0.114359 -0.0464066
FixedParameters: 0 0 0

#Transform 120
Transform: AffineTransform_float_3_3
Parameters: 0.999991 -0.00352869 0.00232435 0.00351845 0.999984 0.00438495 -0.0023389 -0.00437705 0.999988 0.17051 0.117865 -0.11208
FixedParameters: 0 0 0

#Transform 121
Transform: AffineTransform_float_3_3
Parameters: 0.999991 -0.00340461 0.00276337 0.00339085 0.999984 0.0046573 -0.00277945 -0.0046477 0.999986 0.164735 0.123211 -0.0586425
FixedParameters: 0 0 0

#Transform 122
Transform: AffineTransform_float_3_3
Parameters: 0.999992 -0.00345444 0.00212916 0.00344429 0.999984 0.00445495 -0.00214409 -0.00444805 0.999988 0.181914 0.134039 -0.014249
FixedParameters: 0 0 0

#Transform 123
Transform: AffineTransform_float_3_3
Parameters: 0.999991 -0.00365056 0.00210322 0.00364243 0.999985 0.00415712 -0.00211903 -0.00414887 0.999989 0.184532 0.126565 -0.0326502
FixedParameters: 0 0 0

#Transform 124
Transform: AffineTransform_float_3_3
Parameters: 0.999991 -0.00372054 0.0023677 0.0037111 0.999985 0.00397204 -0.00238271 -0.00396295 0.999989 0.180518 0.125396 0.0108979
FixedParameters: 0 0 0

#Transform 125
Transform: AffineTransform_float_3_3
Parameters: 0.999991 -0.00337935 0.00230748 0.00336987 0.999986 0.00408475 -0.00232055 -0.00407625 0.999989 0.183089 0.131129 0.0235422
FixedParameters: 0 0 0

#Transform 126
Transform: AffineTransform_float_3_3
Parameters: 0.999991 -0.0033482 0.00238114 0.00333849 0.999987 0.00384192 -0.00239417 -0.00383307 0.99999 0.183351 0.138633 -0.025509
FixedParameters: 0 0 0

#Transform 127
Transform: AffineTransform_float_3_3
Parameters: 0.999991 -0.00322001 0.00268774 0.00320831 0.999986 0.00426191 -0.00270141 -0.00425309 0.999987 0.161322 0.149957 0.0221074
FixedParameters: 0 0 0

#Transform 128
Transform: AffineTransform_float_3_3
Parameters: 0.999992 -0.00351967 0.00197374 0.00351034 0.999984 0.0045934 -0.00199022 -0.00458661 0.999988 0.180702 0.138082 -0.084946
FixedParameters: 0 0 0

#Transform 129
Transform: AffineTransform_float_3_3
Parameters: 0.999991 -0.0033882 0.00228845 0.00337639 0.999981 0.0050775 -0.00230592 -0.00507049 0.999985 0.152399 0.153897 -0.0390213
FixedParameters: 0 0 0

#Transform 130
Transform: AffineTransform_float_3_3
Parameters: 0.999991 -0.00342929 0.00242241 0.00341777 0.999983 0.00465905 -0.00243836 -0.00465094 0.999986 0.174824 0.142963 -0.0393762
FixedParameters: 0 0 0

#Transform 131
Transform: AffineTransform_float_3_3
Parameters: 0.999991 -0.0035649 0.0024028 0.00355566 0.999986 0.00406416 -0.00241762 -0.00405484 0.999989 0.190456 0.141157 -0.0299399
FixedParameters: 0 0 0

#Transform 132
Transform: AffineTransform_float_3_3
Parameters: 0.99999 -0.00367159 0.00248766 0.00366124 0.999984 0.00430353 -0.00250326 -0.00429448 0.999988 0.183155 0.142054 -0.00440143
FixedParameters: 0 0 0

#Transform 133
Transform: AffineTransform_float_3_3
Parameters: 0.999991 -0.00321852 0.00269181 0.00320627 0.999985 0.00442992 -0.00270563 -0.00442109 0.999987 0.161398 0.172585 0.0336834
FixedParameters: 0 0 0

#Transform 134
Transform: AffineTransform_float_3_3
Parameters: 0.999988 -0.00362905 0.00313123 0.00361591 0.999985 0.00409884 -0.00314666 -0.00408815 0.999986 0.190415 0.14981 0.00386714
FixedParameters: 0 0 0

#Transform 135
Transform: AffineTransform_float_3_3
Parameters: 0.999989 -0.00317842 0.00329024 0.00316543 0.999986 0.00409916 -0.00330369 -0.00408884 0.999986 0.175473 0.124335 0.00694166
FixedParameters: 0 0 0

#Transform 136
Transform: AffineTransform_float_3_3
Parameters: 0.999991 -0.00338 0.00283236 0.0033667 0.999984 0.00462462 -0.00284838 -0.00461538 0.999986 0.195759 0.127922 0.00797197
FixedParameters: 0 0 0

#Transform 137
Transform: AffineTransform_float_3_3
Parameters: 0.999989 -0.0035433 0.0028286 0.00352875 0.999983 0.00475656 -0.00284575 -0.00474644 0.999985 0.185387 0.150186 -0.00175285
FixedParameters: 0 0 0

#Transform 138
Transform: AffineTransform_float_3_3
Parameters: 0.999989 -0.00376708 0.00299193 0.00375163 0.99998 0.0051486 -0.00301216 -0.00513739 0.999982 0.190803 0.158996 0.0217945
FixedParameters: 0 0 0

#Transform 139
Transform: AffineTransform_float_3_3
Parameters: 0.999989 -0.00363666 0.00293488 0.00361957 0.999977 0.00565936 -0.00295563 -0.00564863 0.99998 0.181295 0.153933 -0.0344881
FixedParameters: 0 0 0

#Transform 140
Transform: AffineTransform_float_3_3
Parameters: 0.999989 -0.00355741 0.00322237 0.00354009 0.999979 0.0054773 -0.00324171 -0.0054657 0.99998 0.172568 0.150528 -0.0149538
FixedParameters: 0 0 0

#Transform 141
Transform: AffineTransform_float_3_3
Parameters: 0.99999 -0.0035221 0.00269855 0.00350952 0.999981 0.0049354 -0.00271531 -0.0049256 0.999984 0.178051 0.127139 0.000766124
FixedParameters: 0 0 0

#Transform 142
Transform: AffineTransform_float_3_3
Parameters: 0.999991 -0.00311276 0.00294584 0.00309779 0.999983 0.00488657 -0.00296141 -0.00487743 0.999984 0.153791 0.152853 -0.0169926
FixedParameters: 0 0 0

#Transform 143
Transform: AffineTransform_float_3_3
Parameters: 0.99999 -0.00367452 0.00280893 0.00366289 0.999984 0.00427501 -0.00282381 -0.00426499 0.999987 0.170397 0.129358 -0.0140847
FixedParameters: 0 0 0

#Transform 144
Transform: AffineTransform_float_3_3
Parameters: 0.99999 -0.00334516 0.00304743 0.00333276 0.999986 0.00396239 -0.00306147 -0.00395261 0.999988 0.188495 0.113269 0.00958085
FixedParameters: 0 0 0

#Transform 145
Transform: AffineTransform_float_3_3
Parameters: 0.99999 -0.00382377 0.00255772 0.00381234 0.999981 0.00480282 -0.00257606 -0.00479319 0.999985 0.186874 0.158306 0.0747304
FixedParameters: 0 0 0

#Transform 146
Transform: AffineTransform_float_3_3
Parameters: 0.999988 -0.00409736 0.00268484 0.00408313 0.999978 0.00530932 -0.00270717 -0.00529868 0.999982 0.187263 0.158579 0.0218486
FixedParameters: 0 0 0

#Transform 147
Transform: AffineTransform_float_3_3
Parameters: 0.999988 -0.00370943 0.00319443 0.0036929 0.99998 0.00513633 -0.00321436 -0.00512466 0.999981 0.203019 0.170163 0.0471773
FixedParameters: 0 0 0

#Transform 148
Transform: AffineTransform_float_3_3
Parameters: 0.999988 -0.00389707 0.00289523 0.00388032 0.999976 0.0056541 -0.00291665 -0.00564289 0.999979 0.202327 0.155784 0.0563011
FixedParameters: 0 0 0

#Transform 149
Transform: AffineTransform_float_3_3
Parameters: 0.999988 -0.00419729 0.00253201 0.00418291 0.999976 0.00562995 -0.00255586 -0.00562005 0.999981 0.190209 0.152901 0.000587568
FixedParameters: 0 0 0

#Transform 150
Transform: AffineTransform_float_3_3
Parameters: 0.99999 -0.00370962 0.0024176 0.00369679 0.999978 0.00552422 -0.00243834 -0.00551479 0.999982 0.162295 0.17139 0.0488271
FixedParameters: 0 0 0

#Transform 151
Transform: AffineTransform_float_3_3
Parameters: 0.99999 -0.00388249 0.00229451 0.00386933 0.999978 0.00557665 -0.00231586 -0.00556736 0.999982 0.177047 0.157912 0.0350112
FixedParameters: 0 0 0

#Transform 152
Transform: AffineTransform_float_3_3
Parameters: 0.999989 -0.00384702 0.00275481 0.00383509 0.999983 0.00441078 -0.0027722 -0.00440021 0.999986 0.187635 0.14072 0.0202552
FixedParameters: 0 0 0

#Transform 153
Transform: AffineTransform_float_3_3
Parameters: 0.999989 -0.00389197 0.00284534 0.00387863 0.999981 0.0048139 -0.0028648 -0.0048031 0.999984 0.177435 0.178234 0.0732879
FixedParameters: 0 0 0

#Transform 154
Transform: AffineTransform_float_3_3
Parameters: 0.999988 -0.00394306 0.00286132 0.0039315 0.999984 0.0041821 -0.00287775 -0.00417089 0.999987 0.189492 0.16564 0.0526423
FixedParameters: 0 0 0

#Transform 155
Transform: AffineTransform_float_3_3
Parameters: 0.999986 -0.00415256 0.00325594 0.00413744 0.999979 0.00480429 -0.00327544 -0.00479071 0.999983 0.191381 0.166192 0.0161073
FixedParameters: 0 0 0

#Transform 156
Transform: AffineTransform_float_3_3
Parameters: 0.999983 -0.0043147 0.0037388 0.00429721 0.99998 0.00485348 -0.00375919 -0.00483752 0.999981 0.202391 0.166873 0.0370374
FixedParameters: 0 0 0

#Transform 157
Transform: AffineTransform_float_3_3
Parameters: 0.999987 -0.00407566 0.00307321 0.00406038 0.999979 0.00517515 -0.00309407 -0.00516286 0.999982 0.202052 0.16 0.01747
FixedParameters: 0 0 0

#Transform 158
Transform: AffineTransform_float_3_3
Parameters: 0.999987 -0.00419388 0.00290396 0.00417918 0.99998 0.00492665 -0.00292503 -0.00491435 0.999984 0.20978 0.147075 -0.00569321
FixedParameters: 0 0 0

#Transform 159
Transform: AffineTransform_float_3_3
Parameters: 0.999988 -0.00380719 0.00311044 0.00379204 0.99998 0.00496917 -0.0031288 -0.00495682 0.999982 0.170213 0.166071 0.0443989
FixedParameters: 0 0 0

#Transform 160
Transform: AffineTransform_float_3_3
Parameters: 0.999987 -0.00418753 0.00283591 0.00417336 0.99998 0.00479034 -0.00285538 -0.00477866 0.999985 0.200988 0.149472 0.00651961
FixedParameters: 0 0 0

#Transform 161
Transform: AffineTransform_float_3_3
Parameters: 0.999987 -0.00408815 0.00301312 0.00407385 0.999981 0.00461893 -0.00303155 -0.00460706 0.999985 0.201613 0.1567 0.00495485
FixedParameters: 0 0 0

#Transform 162
Transform: AffineTransform_float_3_3
Parameters: 0.999988 -0.00337836 0.00355212 0.00335992 0.999982 0.00496649 -0.00356881 -0.0049545 0.999981 0.134391 0.178739 0.120401
FixedParameters: 0 0 0

#Transform 163
Transform: AffineTransform_float_3_3
Parameters: 0.999987 -0.0039936 0.00318307 0.00397774 0.99998 0.00496868 -0.00320326 -0.00495531 0.999982 0.166322 0.179706 0.058475
FixedParameters: 0 0 0

#Transform 164
Transform: AffineTransform_float_3_3
Parameters: 0.999988 -0.00334704 0.00362858 0.00332823 0.999981 0.00527264 -0.00364594 -0.00526036 0.999979 0.13225 0.209796 0.139979
FixedParameters: 0 0 0

#Transform 165
Transform: AffineTransform_float_3_3
Parameters: 0.999986 -0.0038957 0.00343637 0.0038799 0.999982 0.00467266 -0.0034546 -0.00465934 0.999983 0.168051 0.174012 0.0842644
FixedParameters: 0 0 0

#Transform 166
Transform: AffineTransform_float_3_3
Parameters: 0.999986 -0.00398324 0.00329853 0.00397168 0.999986 0.00365326 -0.00331331 -0.00363974 0.999988 0.202222 0.140987 0.0676733
FixedParameters: 0 0 0

#Transform 167
Transform: AffineTransform_float_3_3
Parameters: 0.999985 -0.00429613 0.00335183 0.00428092 0.999982 0.00442881 -0.00337092 -0.00441419 0.999985 0.202865 0.175014 0.0697189
FixedParameters: 0 0 0

#Transform 168
Transform: AffineTransform_float_3_3
Parameters: 0.999985 -0.0044587 0.00313026 0.00444482 0.999979 0.00465222 -0.00315095 -0.00463778 0.999985 0.207357 0.17768 0.0605566
FixedParameters: 0 0 0

#Transform 169
Transform: AffineTransform_float_3_3
Parameters: 0.999987 -0.00407069 0.00309325 0.00405353 0.999978 0.00529657 -0.00311463 -0.00528343 0.999981 0.208174 0.175749 0.0183733
FixedParameters: 0 0 0

#Transform 170
Transform: AffineTransform_float_3_3
Parameters: 0.999987 -0.00405436 0.00331611 0.00403373 0.999974 0.00591372 -0.00334032 -0.00590027 0.999978 0.180488 0.17815 0.0352304
FixedParameters: 0 0 0

#Transform 171
Transform: AffineTransform_float_3_3
Parameters: 0.999987 -0.00396964 0.00336515 0.00395019 0.999976 0.00573349 -0.00338824 -0.00571952 0.999978 0.189969 0.180294 0.0464715
FixedParameters: 0 0 0

#Transform 172
Transform: AffineTransform_float_3_3
Parameters: 0.999983 -0.0043558 0.00384655 0.00433382 0.999974 0.00566962 -0.0038702 -0.00565239 0.999977 0.207239 0.179817 0.0369486
FixedParameters: 0 0 0

#Transform 173
Transform: AffineTransform_float_3_3
Parameters: 0.999983 -0.00430144 0.00388955 0.00428014 0.999976 0.00537059 -0.00391278 -0.0053534 0.999978 0.184432 0.180064 0.0594635
FixedParameters: 0 0 0

#Transform 174
Transform: AffineTransform_float_3_3
Parameters: 0.999986 -0.00399622 0.0034011 0.0039777 0.999978 0.00534651 -0.00342195 -0.00533349 0.99998 0.186877 0.172303 0.0567169
FixedParameters: 0 0 0

#Transform 175
Transform: AffineTransform_float_3_3
Parameters: 0.999985 -0.00432833 0.0033867 0.00430977 0.999977 0.00523722 -0.00340976 -0.00522278 0.999981 0.190233 0.180902 0.0146362
FixedParameters: 0 0 0

#Transform 176
Transform: AffineTransform_float_3_3
Parameters: 0.999984 -0.00445994 0.00342973 0.00444121 0.999977 0.0052545 -0.0034534 -0.0052395 0.999981 0.199037 0.177653 0.0530983
FixedParameters: 0 0 0

#Transform 177
Transform: AffineTransform_float_3_3
Parameters: 0.999985 -0.00446439 0.0031489 0.00444833 0.999978 0.00502796 -0.00317206 -0.00501403 0.999982 0.205312 0.185342 0.072994
FixedParameters: 0 0 0

#Transform 178
Transform: AffineTransform_float_3_3
Parameters: 0.999985 -0.00456014 0.00295626 0.00454454 0.999978 0.00496724 -0.00297905 -0.00495376 0.999984 0.204484 0.176473 0.0705606
FixedParameters: 0 0 0

#Transform 179
Transform: AffineTransform_float_3_3
Parameters: 0.999986 -0.00411016 0.00354081 0.00409137 0.999978 0.00535947 -0.00356245 -0.00534453 0.999979 0.170128 0.197429 0.092393
FixedParameters: 0 0 0
