#Insight Transform File V1.0
#Transform 0
Transform: AffineTransform_float_3_3
Parameters: 1 0.000111232 -0.000228139 -0.000111598 0.999996 -0.00282497 0.000227119 0.00282503 0.999996 -0.125158 0.175394 0.635793
FixedParameters: 0 0 0

#Transform 1
Transform: AffineTransform_float_3_3
Parameters: 1 0.000430983 0.000278966 -0.000431348 0.999999 0.000654879 -0.000278401 -0.00065512 0.999999 0.0254985 -0.0646568 -0.23673
FixedParameters: 0 0 0

#Transform 2
Transform: AffineTransform_float_3_3
Parameters: 1 0.000512084 -0.000178176 -0.000512034 1 0.000140091 0.000178319 -0.000139909 1 0.0555837 -0.096283 -0.37218
FixedParameters: 0 0 0

#Transform 3
Transform: AffineTransform_float_3_3
Parameters: 1 0.000458658 -0.000304162 -0.000458399 0.999999 0.000425292 0.000304552 -0.000425708 1 0.0358598 -0.104148 -0.409397
FixedParameters: 0 0 0

#Transform 4
Transform: AffineTransform_float_3_3
Parameters: 1 0.000458648 -0.000304177 -0.00045841 1 0.000391139 0.000304536 -0.00039086 1 0.0419698 -0.0913569 -0.46909
FixedParameters: 0 0 0

#Transform 5
Transform: AffineTransform_float_3_3
Parameters: 1 0.000458587 -0.00030427 -0.000458471 1 0.00018914 0.000304443 -0.00018886 1 0.034313 -0.101756 -0.492062
FixedParameters: 0 0 0

#Transform 6
Transform: AffineTransform_float_3_3
Parameters: 1 -0.000262622 -0.000344788 0.00026258 1 -6.10906e-05 0.00034482 6.09095e-05 1 0.0528631 -0.0986173 -0.451909
FixedParameters: 0 0 0

#Transform 7
Transform: AffineTransform_float_3_3
Parameters: 1 0.000256034 -0.000218378 -0.000256003 1 7.1056e-05 0.000218414 -7.09441e-05 1 0.0553735 -0.0942038 -0.466909
FixedParameters: 0 0 0

#Transform 8
Transform: AffineTransform_float_3_3
Parameters: 1 0.000202678 -0.000195683 -0.0002035 1 0.00024904 0.000196175 -0.00024896 1 0.035106 -0.103333 -0.474975
FixedParameters: 0 0 0

#Transform 9
Transform: AffineTransform_float_3_3
Parameters: 1 2.95935e-05 -0.000122271 -2.95544e-05 1 0.000160004 0.000122281 -0.000159996 1 0.0459771 -0.0888807 -0.422458
FixedParameters: 0 0 0

#Transform 10
Transform: AffineTransform_float_3_3
Parameters: 1 3.42541e-05 -0.000124208 -3.40986e-05 1 0.000626004 0.000124251 -0.000625996 1 0.0345639 -0.0779282 -0.387524
FixedParameters: 0 0 0

#Transform 11
Transform: AffineTransform_float_3_3
Parameters: 1 0.000444504 -6.99163e-06 -0.000444495 0.999999 0.000597003 7.52236e-06 -0.000596997 1 0.0283062 -0.0752096 -0.377608
FixedParameters: 0 0 0

#Transform 12
Transform: AffineTransform_float_3_3
Parameters: 1 9.84042e-05 -0.000167656 -9.81432e-05 0.999999 0.000778016 0.000167809 -0.000777983 0.999999 0.0317052 -0.0790995 -0.401671
FixedParameters: 0 0 0

#Transform 13
Transform: AffineTransform_float_3_3
Parameters: 1 0.000537601 -4.11111e-05 -0.000537957 1 0.000420022 4.06423e-05 -0.000419978 1 0.0201947 -0.0728501 -0.394309
FixedParameters: 0 0 0

#Transform 14
Transform: AffineTransform_float_3_3
Parameters: 1 0.000244998 6.56639e-05 -0.000245503 0.999999 0.000862983 -6.61611e-05 -0.000863016 0.999999 0.00815893 -0.0692341 -0.389759
FixedParameters: 0 0 0

#Transform 15
Transform: AffineTransform_float_3_3
Parameters: 1 0.000202595 0.000127045 -0.00020279 0.999999 0.000768974 -0.000126733 -0.000769025 0.999999 0.0301389 -0.0615024 -0.391244
FixedParameters: 0 0 0

#Transform 16
Transform: AffineTransform_float_3_3
Parameters: 1 5.71202e-05 0.000188664 -5.7385e-05 1 0.000701989 -0.000188584 -0.00070201 0.999999 0.038381 -0.0708325 -0.428062
FixedParameters: 0 0 0

#Transform 17
Transform: AffineTransform_float_3_3
Parameters: 1 0.000136168 0.000226873 -0.000136692 1 0.00115597 -0.000226557 -0.00115603 1 0.0236785 -0.0681139 -0.401717
FixedParameters: 0 0 0

#Transform 18
Transform: AffineTransform_float_3_3
Parameters: 1 -2.21166e-05 0.000222207 2.1705e-05 0.999999 0.000926004 -0.000222247 -0.000925994 0.999999 0.0295939 -0.0595178 -0.420936
FixedParameters: 0 0 0

#Transform 19
Transform: AffineTransform_float_3_3
Parameters: 1 -0.000219951 3.45456e-05 0.000219906 1 0.000660007 -3.48359e-05 -0.000659992 1 0.0357468 -0.0723221 -0.403832
FixedParameters: 0 0 0

#Transform 20
Transform: AffineTransform_float_3_3
Parameters: 1 -2.20859e-05 0.00022221 2.17357e-05 0.999999 0.000788004 -0.000222244 -0.000787995 0.999999 0.0318809 -0.0601954 -0.403265
FixedParameters: 0 0 0

#Transform 21
Transform: AffineTransform_float_3_3
Parameters: 1 -0.000119585 -8.02836e-06 0.000119602 1 0.001082 7.76956e-06 -0.001082 1 0.0286283 -0.0647643 -0.42051
FixedParameters: 0 0 0

#Transform 22
Transform: AffineTransform_float_3_3
Parameters: 1 -0.000119583 -8.0647e-06 0.000119605 0.999999 0.001386 7.73318e-06 -0.001386 0.999999 0.0335371 -0.0651464 -0.398416
FixedParameters: 0 0 0

#Transform 23
Transform: AffineTransform_float_3_3
Parameters: 0.999999 -0.000565583 0.000452041 0.000564825 0.999999 0.00127026 -0.000452556 -0.00126974 0.999999 0.0549958 -0.0518664 -0.36168
FixedParameters: 0 0 0

#Transform 24
Transform: AffineTransform_float_3_3
Parameters: 1 -0.000402264 0.000478633 0.000401635 0.999999 0.00106535 -0.000478569 -0.00106566 1 0.0575784 -0.0613388 -0.375467
FixedParameters: 0 0 0

#Transform 25
Transform: AffineTransform_float_3_3
Parameters: 1 -0.000412442 0.000454648 0.000411774 0.999999 0.00116419 -0.000454687 -0.00116381 0.999999 0.0637883 -0.0601622 -0.393792
FixedParameters: 0 0 0

#Transform 26
Transform: AffineTransform_float_3_3
Parameters: 1 -0.000552742 0.000123 0.000552408 0.999999 0.00135007 -0.000124492 -0.00134993 0.999999 0.0605792 -0.0532001 -0.373647
FixedParameters: 0 0 0

#Transform 27
Transform: AffineTransform_float_3_3
Parameters: 1 -0.00041259 0.000454513 0.000411626 0.999999 0.00149019 -0.000454821 -0.00148981 0.999999 0.0539529 -0.057236 -0.411607
FixedParameters: 0 0 0

#Transform 28
Transform: AffineTransform_float_3_3
Parameters: 1 -0.000509885 0.000224344 0.000509697 0.999999 0.00128911 -0.000224738 -0.00128889 0.999999 0.0576111 -0.0615238 -0.413142
FixedParameters: 0 0 0

#Transform 29
Transform: AffineTransform_float_3_3
Parameters: 1 -0.00046882 0.000321641 0.000467926 0.999998 0.00199415 -0.000322588 -0.00199385 0.999998 0.0741013 -0.0553768 -0.38517
FixedParameters: 0 0 0

#Transform 30
Transform: AffineTransform_float_3_3
Parameters: 1 -0.00055358 0.000120892 0.000553526 0.999998 0.00183107 -0.000121998 -0.00183093 0.999999 0.0757251 -0.0484753 -0.405517
FixedParameters: 0 0 0

#Transform 31
Transform: AffineTransform_float_3_3
Parameters: 1 -0.000597145 1.79646e-05 0.000597484 0.999999 0.00141301 -1.87321e-05 -0.00141299 0.999999 0.0686393 -0.0559924 -0.411437
FixedParameters: 0 0 0

#Transform 32
Transform: AffineTransform_float_3_3
Parameters: 1 -0.000109877 -5.66043e-06 0.000109893 0.999999 0.001444 5.34309e-06 -0.001444 0.999999 0.0389435 -0.038993 -0.365179
FixedParameters: 0 0 0

#Transform 33
Transform: AffineTransform_float_3_3
Parameters: 1 -0.000360027 -4.11964e-06 0.000359117 0.999999 0.001412 3.49494e-06 -0.001412 0.999999 0.0514085 -0.0464742 -0.376711
FixedParameters: 0 0 0

#Transform 34
Transform: AffineTransform_float_3_3
Parameters: 1 -0.000500603 0.000246312 0.000499831 0.999998 0.00156112 -0.000247874 -0.00156088 0.999999 0.0606586 -0.052178 -0.39954
FixedParameters: 0 0 0

#Transform 35
Transform: AffineTransform_float_3_3
Parameters: 1 -0.000412665 0.000454446 0.000411552 0.999999 0.00165383 -0.000454888 -0.00165417 0.999998 0.0730532 -0.0401609 -0.369295
FixedParameters: 0 0 0

#Transform 36
Transform: AffineTransform_float_3_3
Parameters: 1 -0.000482332 0.000289563 0.000481767 0.999999 0.00164778 -0.000290231 -0.00164822 0.999998 0.0743783 -0.0447435 -0.380112
FixedParameters: 0 0 0

#Transform 37
Transform: AffineTransform_float_3_3
Parameters: 0.999999 -0.000810242 0.000189178 0.000809042 0.999998 0.00176579 -0.000190727 -0.0017662 0.999998 0.071611 -0.0482457 -0.386697
FixedParameters: 0 0 0

#Transform 38
Transform: AffineTransform_float_3_3
Parameters: 1 -0.000557093 0.000112541 0.000557045 0.999998 0.00193806 -0.00011378 -0.00193794 0.999998 0.0932648 -0.0519036 -0.414445
FixedParameters: 0 0 0

#Transform 39
Transform: AffineTransform_float_3_3
Parameters: 1 -0.000573839 7.27634e-05 0.000573903 0.999998 0.00222268 -7.43943e-05 -0.00222332 0.999997 0.0728517 -0.0483692 -0.404218
FixedParameters: 0 0 0

#Transform 40
Transform: AffineTransform_float_3_3
Parameters: 0.999999 -0.000735192 -0.000309488 0.000735935 0.999997 0.00206277 0.000307764 -0.00206323 0.999998 0.0867044 -0.0420995 -0.404215
FixedParameters: 0 0 0

#Transform 41
Transform: AffineTransform_float_3_3
Parameters: 1 -0.000576947 6.54028e-05 0.000577046 0.999998 0.00220468 -6.70269e-05 -0.00220532 0.999997 0.0772422 -0.0559783 -0.441765
FixedParameters: 0 0 0

#Transform 42
Transform: AffineTransform_float_3_3
Parameters: 0.999999 -0.00070524 -0.000238582 0.000705715 0.999997 0.00211268 0.000236913 -0.00211232 0.999997 0.0750206 -0.0514786 -0.450797
FixedParameters: 0 0 0

#Transform 43
Transform: AffineTransform_float_3_3
Parameters: 0.999999 -0.000726211 -0.000288395 0.000727336 0.999998 0.00219579 0.000287434 -0.00219621 0.999998 0.0811033 -0.0516657 -0.42368
FixedParameters: 0 0 0

#Transform 44
Transform: AffineTransform_float_3_3
Parameters: 0.999999 -0.000723614 -0.000281627 0.000724071 0.999998 0.0017558 0.000280396 -0.0017562 0.999999 0.0797426 -0.0585641 -0.46243
FixedParameters: 0 0 0

#Transform 45
Transform: AffineTransform_float_3_3
Parameters: 0.999999 -0.00101884 -0.0001503 0.0010188 0.999998 0.00164249 0.000148263 -0.00164351 0.999998 0.0974522 -0.0568531 -0.450874
FixedParameters: 0 0 0

#Transform 46
Transform: AffineTransform_float_3_3
Parameters: 0.999999 -0.00074202 -0.000324651 0.000742 0.999999 0.00138976 0.000322979 -0.00139024 0.999999 0.081241 -0.0450594 -0.438194
FixedParameters: 0 0 0

#Transform 47
Transform: AffineTransform_float_3_3
Parameters: 1 -0.0005769 6.58099e-05 0.000577093 0.999998 0.00149904 -6.66192e-05 -0.00149896 0.999999 0.083615 -0.0544124 -0.462016
FixedParameters: 0 0 0

#Transform 48
Transform: AffineTransform_float_3_3
Parameters: 0.999999 -0.000846752 -0.00022076 0.000846897 0.999998 0.00153281 0.000219474 -0.00153319 0.999999 0.0771772 -0.0460198 -0.434767
FixedParameters: 0 0 0

#Transform 49
Transform: AffineTransform_float_3_3
Parameters: 0.999999 -0.000833236 -0.000376297 0.000832942 0.999998 0.00153853 0.000375435 -0.00153846 0.999998 0.0788111 -0.051306 -0.474707
FixedParameters: 0 0 0

#Transform 50
Transform: AffineTransform_float_3_3
Parameters: 0.999999 -0.000705383 -0.000238158 0.000705572 0.999998 0.00151083 0.000237337 -0.00151117 0.999999 0.0742705 -0.0530075 -0.475462
FixedParameters: 0 0 0

#Transform 51
Transform: AffineTransform_float_3_3
Parameters: 0.999999 -0.000842275 -0.000318304 0.000843214 0.999998 0.00169373 0.00031768 -0.00169427 0.999999 0.0772323 -0.053272 -0.442565
FixedParameters: 0 0 0

#Transform 52
Transform: AffineTransform_float_3_3
Parameters: 0.999999 -0.000931481 -0.000156852 0.000931476 0.999999 0.0016837 0.000155026 -0.0016833 0.999999 0.0794242 -0.0425913 -0.444087
FixedParameters: 0 0 0

#Transform 53
Transform: AffineTransform_float_3_3
Parameters: 0.999999 -0.000952964 -9.43612e-05 0.000953624 0.999998 0.00144291 9.25305e-05 -0.00144309 0.999999 0.0799497 -0.0541758 -0.473587
FixedParameters: 0 0 0

#Transform 54
Transform: AffineTransform_float_3_3
Parameters: 0.999999 -0.000922038 -0.000264522 0.000922048 0.999999 0.0010226 0.000263947 -0.0010224 1 0.0901334 -0.0476649 -0.475686
FixedParameters: 0 0 0

#Transform 55
Transform: AffineTransform_float_3_3
Parameters: 1 -0.000855829 -0.000254762 0.00085597 0.999999 0.00131863 0.000253816 -0.00131837 0.999999 0.0926327 -0.0469249 -0.46937
FixedParameters: 0 0 0

#Transform 56
Transform: AffineTransform_float_3_3
Parameters: 1 -0.00103071 -0.000576092 0.00103181 0.999998 0.00141725 0.000574479 -0.00141774 0.999998 0.0865362 -0.0306425 -0.407786
FixedParameters: 0 0 0

#Transform 57
Transform: AffineTransform_float_3_3
Parameters: 0.999999 -0.000866459 -0.000426114 0.000866998 0.999999 0.00125548 0.000425249 -0.00125552 0.999999 0.0822396 -0.0405956 -0.476753
FixedParameters: 0 0 0

#Transform 58
Transform: AffineTransform_float_3_3
Parameters: 0.999999 -0.00124967 -0.000425668 0.0012501 0.999999 0.00113132 0.00042415 -0.00113168 0.999999 0.10153 -0.0405945 -0.476921
FixedParameters: 0 0 0

#Transform 59
Transform: AffineTransform_float_3_3
Parameters: 1 -0.00117205 -0.000242758 0.00117221 0.999999 0.0014372 0.000240699 -0.0014378 0.999999 0.0920782 -0.0462733 -0.476393
FixedParameters: 0 0 0

#Transform 60
Transform: AffineTransform_float_3_3
Parameters: 1 -0.000931198 -0.000458408 0.000931768 0.999999 0.00120042 0.000457483 -0.00120058 0.999999 0.089874 -0.0400526 -0.481993
FixedParameters: 0 0 0

#Transform 61
Transform: AffineTransform_float_3_3
Parameters: 0.999999 -0.00079416 -0.000280745 0.00079521 0.999999 0.00117462 0.000279799 -0.00117438 0.999999 0.0779822 -0.0463505 -0.481024
FixedParameters: 0 0 0

#Transform 62
Transform: AffineTransform_float_3_3
Parameters: 1 -0.00103516 -0.000371424 0.00103588 0.999998 0.00168946 0.000369236 -0.00168954 0.999999 0.0833466 -0.0374866 -0.449699
FixedParameters: 0 0 0

#Transform 63
Transform: AffineTransform_float_3_3
Parameters: 0.999999 -0.000934067 -0.000221848 0.000934213 0.999998 0.00152779 0.000220304 -0.00152821 0.999999 0.0766465 -0.0366762 -0.451503
FixedParameters: 0 0 0

#Transform 64
Transform: AffineTransform_float_3_3
Parameters: 0.999999 -0.000877986 -0.000245219 0.000877994 0.999999 0.00109779 0.000244602 -0.00109822 1 0.0718142 -0.0432518 -0.47598
FixedParameters: 0 0 0

#Transform 65
Transform: AffineTransform_float_3_3
Parameters: 0.999999 -0.000951726 -0.000213751 0.000952455 0.999999 0.000792437 0.000213161 -0.000793563 0.999999 0.0816272 -0.0490903 -0.483676
FixedParameters: 0 0 0

#Transform 66
Transform: AffineTransform_float_3_3
Parameters: 1 -0.000993102 -0.000196515 0.000993007 0.999999 0.00110865 0.000195625 -0.00110835 0.999999 0.0827035 -0.0463335 -0.473611
FixedParameters: 0 0 0

#Transform 67
Transform: AffineTransform_float_3_3
Parameters: 1 -0.00100685 -0.000190996 0.00100687 0.999998 0.00143265 0.000189422 -0.00143234 0.999999 0.0829952 -0.0390746 -0.467803
FixedParameters: 0 0 0

#Transform 68
Transform: AffineTransform_float_3_3
Parameters: 1 -0.00112844 -0.000139572 0.00112922 0.999998 0.00141369 0.000137301 -0.00141331 0.999999 0.0857071 -0.0392976 -0.460925
FixedParameters: 0 0 0

#Transform 69
Transform: AffineTransform_float_3_3
Parameters: 1 -0.00112842 -0.000139691 0.00112923 0.999998 0.00151948 0.00013718 -0.00152052 0.999999 0.0789058 -0.0362084 -0.447483
FixedParameters: 0 0 0

#Transform 70
Transform: AffineTransform_float_3_3
Parameters: 1 -0.00112845 -0.00013947 0.00112921 0.999998 0.00132369 0.000137403 -0.00132331 0.999999 0.0857061 -0.0358432 -0.453002
FixedParameters: 0 0 0

#Transform 71
Transform: AffineTransform_float_3_3
Parameters: 0.999999 -0.00121032 -0.000332611 0.00121144 0.999999 0.00109745 0.000330874 -0.00109755 0.999999 0.0872641 -0.0424814 -0.480023
FixedParameters: 0 0 0

#Transform 72
Transform: AffineTransform_float_3_3
Parameters: 0.999999 -0.00120559 -0.000321766 0.00120587 0.999998 0.00126846 0.000320018 -0.00126854 0.999999 0.0788495 -0.0316857 -0.469559
FixedParameters: 0 0 0

#Transform 73
Transform: AffineTransform_float_3_3
Parameters: 1 -0.00112842 -0.000139711 0.00112924 0.999998 0.00153748 0.00013716 -0.00153852 0.999999 0.0757149 -0.0450566 -0.469951
FixedParameters: 0 0 0

#Transform 74
Transform: AffineTransform_float_3_3
Parameters: 0.999999 -0.00121198 -0.000335936 0.00121252 0.999999 0.000801441 0.000333993 -0.000801558 1 0.0872859 -0.0362951 -0.489547
FixedParameters: 0 0 0

#Transform 75
Transform: AffineTransform_float_3_3
Parameters: 1 -0.00112851 -0.000138971 0.00112915 0.999999 0.000880844 0.000137902 -0.000881156 1 0.0757186 -0.0411994 -0.528535
FixedParameters: 0 0 0

#Transform 76
Transform: AffineTransform_float_3_3
Parameters: 1 -0.00112848 -0.000139261 0.00112918 0.999998 0.00113784 0.000137612 -0.00113816 1 0.0857074 -0.0393383 -0.499168
FixedParameters: 0 0 0

#Transform 77
Transform: AffineTransform_float_3_3
Parameters: 0.999999 -0.00117259 -0.000404982 0.0011729 0.999999 0.00103737 0.000403859 -0.00103763 0.999999 0.0864018 -0.0315937 -0.512515
FixedParameters: 0 0 0

#Transform 78
Transform: AffineTransform_float_3_3
Parameters: 0.999999 -0.00124386 -0.000411752 0.00124511 0.999999 0.00104934 0.00041006 -0.00104966 0.999999 0.0793583 -0.0472252 -0.550771
FixedParameters: 0 0 0

#Transform 79
Transform: AffineTransform_float_3_3
Parameters: 0.999999 -0.00142097 -0.000477508 0.00142141 0.999998 0.00157417 0.000475655 -0.00157483 0.999999 0.0918739 -0.0244903 -0.511054
FixedParameters: 0 0 0

#Transform 80
Transform: AffineTransform_float_3_3
Parameters: 0.999999 -0.00129364 -0.000531767 0.00129469 0.999997 0.00199016 0.000529237 -0.00199084 0.999997 0.0888846 -0.0226703 -0.470397
FixedParameters: 0 0 0

#Transform 81
Transform: AffineTransform_float_3_3
Parameters: 0.999999 -0.00171491 -0.000699058 0.00171605 0.999997 0.0019535 0.000696287 -0.0019545 0.999998 0.116207 -0.0319317 -0.517227
FixedParameters: 0 0 0

#Transform 82
Transform: AffineTransform_float_3_3
Parameters: 0.999998 -0.00157012 -0.00064402 0.00157194 0.999997 0.00193969 0.000641468 -0.00194032 0.999998 0.111613 -0.0312019 -0.511526
FixedParameters: 0 0 0

#Transform 83
Transform: AffineTransform_float_3_3
Parameters: 0.999999 -0.0017357 -0.000533458 0.00173659 0.999996 0.00233041 0.000529297 -0.00233159 0.999997 0.11548 -0.0304723 -0.482718
FixedParameters: 0 0 0

#Transform 84
Transform: AffineTransform_float_3_3
Parameters: 0.999999 -0.00147237 -0.000954282 0.00147465 0.999998 0.00174965 0.000951747 -0.00175035 0.999998 0.109049 -0.0285954 -0.532105
FixedParameters: 0 0 0

#Transform 85
Transform: AffineTransform_float_3_3
Parameters: 0.999998 -0.001561 -0.00074172 0.00156213 0.999998 0.00147154 0.000739745 -0.00147246 0.999999 0.111296 -0.0313011 -0.545777
FixedParameters: 0 0 0

#Transform 86
Transform: AffineTransform_float_3_3
Parameters: 0.999999 -0.00160604 -0.000861942 0.001607 0.999997 0.00170631 0.000859471 -0.00170769 0.999998 0.112221 -0.0193423 -0.531183
FixedParameters: 0 0 0

#Transform 87
Transform: AffineTransform_float_3_3
Parameters: 0.999999 -0.00148698 -0.000988044 0.00148895 0.999998 0.00153338 0.0009861 -0.00153562 0.999998 0.111599 -0.0311965 -0.557805
FixedParameters: 0 0 0

#Transform 88
Transform: AffineTransform_float_3_3
Parameters: 0.999998 -0.00143695 -0.000868913 0.0014391 0.999998 0.00131896 0.00086735 -0.00132004 0.999999 0.108295 -0.044143 -0.570276
FixedParameters: 0 0 0

#Transform 89
Transform: AffineTransform_float_3_3
Parameters: 0.999999 -0.00132279 -0.000599123 0.0013239 0.999998 0.00137142 0.000596805 -0.00137158 0.999999 0.0933352 -0.0353543 -0.555943
FixedParameters: 0 0 0

#Transform 90
Transform: AffineTransform_float_3_3
Parameters: 0.999999 -0.00135428 -0.000809376 0.0013549 0.999998 0.00128011 0.000807609 -0.00128089 0.999999 0.100195 -0.0272622 -0.546625
FixedParameters: 0 0 0

#Transform 91
Transform: AffineTransform_float_3_3
Parameters: 0.999999 -0.00129408 -0.000530686 0.00129478 0.999998 0.00115516 0.000529006 -0.00115584 0.999999 0.0929644 -0.046332 -0.58035
FixedParameters: 0 0 0

#Transform 92
Transform: AffineTransform_float_3_3
Parameters: 0.999999 -0.00136344 -0.000694611 0.00136451 0.999998 0.0011509 0.000692781 -0.0011521 0.999999 0.0879493 -0.0387316 -0.570839
FixedParameters: 0 0 0

#Transform 93
Transform: AffineTransform_float_3_3
Parameters: 0.999998 -0.00134554 -0.00089119 0.00134626 0.999998 0.00122001 0.000889606 -0.00122099 0.999999 0.0905058 -0.0393799 -0.555422
FixedParameters: 0 0 0

#Transform 94
Transform: AffineTransform_float_3_3
Parameters: 0.999998 -0.00139961 -0.000780399 0.00140103 0.999998 0.00125012 0.000778208 -0.00125088 0.999999 0.0950072 -0.038627 -0.584047
FixedParameters: 0 0 0

#Transform 95
Transform: AffineTransform_float_3_3
Parameters: 0.999999 -0.00129392 -0.000531079 0.00129533 0.999999 0.00145816 0.000529534 -0.00145884 0.999999 0.0879866 -0.045386 -0.573628
FixedParameters: 0 0 0

#Transform 96
Transform: AffineTransform_float_3_3
Parameters: 0.999998 -0.00143791 -0.000872015 0.00143956 0.999998 0.00155459 0.000870161 -0.00155641 0.999998 0.101842 -0.0448873 -0.553261
FixedParameters: 0 0 0

#Transform 97
Transform: AffineTransform_float_3_3
Parameters: 0.999998 -0.00145869 -0.000920596 0.0014598 0.999997 0.00139186 0.000918234 -0.00139313 0.999999 0.102266 -0.0507651 -0.615808
FixedParameters: 0 0 0

#Transform 98
Transform: AffineTransform_float_3_3
Parameters: 0.999998 -0.00145861 -0.000920722 0.00146027 0.999998 0.00147835 0.000919027 -0.00147965 0.999998 0.0950721 -0.0605797 -0.635709
FixedParameters: 0 0 0

#Transform 99
Transform: AffineTransform_float_3_3
Parameters: 0.999999 -0.0014586 -0.00092074 0.00146029 0.999998 0.00149035 0.000919011 -0.00149165 0.999998 0.0888782 -0.0609724 -0.634028
FixedParameters: 0 0 0

#Transform 100
Transform: AffineTransform_float_3_3
Parameters: 0.999998 -0.0014126 -0.000812156 0.00141369 0.999998 0.00156455 0.000809435 -0.00156545 0.999998 0.0913564 -0.0411876 -0.622591
FixedParameters: 0 0 0

#Transform 101
Transform: AffineTransform_float_3_3
Parameters: 0.999999 -0.00135194 -0.000668309 0.00135374 0.999998 0.0014513 0.000666614 -0.0014517 0.999999 0.100204 -0.0314218 -0.608332
FixedParameters: 0 0 0

#Transform 102
Transform: AffineTransform_float_3_3
Parameters: 0.999998 -0.00122844 -0.00101795 0.0012298 0.999998 0.00138296 0.00101625 -0.00138404 0.999999 0.0969636 -0.037543 -0.639334
FixedParameters: 0 0 0

#Transform 103
Transform: AffineTransform_float_3_3
Parameters: 0.999999 -0.00116723 -0.00106415 0.0011674 0.999999 0.000945967 0.00106272 -0.000947035 0.999999 0.0956703 -0.056023 -0.675005
FixedParameters: 0 0 0

#Transform 104
Transform: AffineTransform_float_3_3
Parameters: 0.999999 -0.00117451 -0.000889656 0.00117564 0.999999 0.0011568 0.000887327 -0.0011582 0.999999 0.0769281 -0.0565794 -0.661638
FixedParameters: 0 0 0

#Transform 105
Transform: AffineTransform_float_3_3
Parameters: 0.999998 -0.00140632 -0.000795887 0.00140759 0.999998 0.00113073 0.000794014 -0.00113227 0.999999 0.101259 -0.052611 -0.668523
FixedParameters: 0 0 0

#Transform 106
Transform: AffineTransform_float_3_3
Parameters: 0.999998 -0.00143073 -0.000852568 0.00143124 0.999999 0.000838475 0.000850557 -0.000839523 0.999999 0.101767 -0.056459 -0.719182
FixedParameters: 0 0 0

#Transform 107
Transform: AffineTransform_float_3_3
Parameters: 0.999998 -0.00146438 -0.000931585 0.00146519 0.999999 0.000719331 0.000930787 -0.000720669 0.999999 0.102431 -0.0702727 -0.700322
FixedParameters: 0 0 0

#Transform 108
Transform: AffineTransform_float_3_3
Parameters: 0.999998 -0.00143101 -0.000852101 0.00143189 0.999999 0.000512475 0.000850633 -0.000513523 0.999999 0.104577 -0.0730479 -0.697552
FixedParameters: 0 0 0

#Transform 109
Transform: AffineTransform_float_3_3
Parameters: 0.999999 -0.00152108 -0.0010649 0.00152181 0.999999 0.000589227 0.00106442 -0.000591772 0.999999 0.101104 -0.0688307 -0.718255
FixedParameters: 0 0 0

#Transform 110
Transform: AffineTransform_float_3_3
Parameters: 0.999998 -0.00146637 -0.000936123 0.00146672 0.999999 0.000674322 0.000934533 -0.000675677 0.999999 0.0869676 -0.0511813 -0.699586
FixedParameters: 0 0 0

#Transform 111
Transform: AffineTransform_float_3_3
Parameters: 0.999998 -0.00143143 -0.0008514 0.00143147 0.999998 2.1988e-05 0.000851335 -2.30114e-05 1 0.0737039 -0.0670175 -0.691233
FixedParameters: 0 0 0

#Transform 112
Transform: AffineTransform_float_3_3
Parameters: 0.999998 -0.00140317 -0.00078536 0.00140347 0.999999 0.000191105 0.000784823 -0.000191894 1 0.073239 -0.0802357 -0.749545
FixedParameters: 0 0 0

#Transform 113
Transform: AffineTransform_float_3_3
Parameters: 0.999998 -0.00155977 -0.000647025 0.00155981 0.999999 3.28379e-05 0.000646921 -3.41615e-05 1 0.0769375 -0.0850817 -0.740161
FixedParameters: 0 0 0

#Transform 114
Transform: AffineTransform_float_3_3
Parameters: 0.999999 -0.00149308 -0.000998475 0.00149447 0.999999 0.000499356 0.0009979 -0.000501643 0.999999 0.0750362 -0.0760403 -0.699674
FixedParameters: 0 0 0

#Transform 115
Transform: AffineTransform_float_3_3
Parameters: 0.999999 -0.00146543 -0.00107898 0.00146587 0.999998 -0.000222375 0.00107924 0.000220626 0.999999 0.0743579 -0.088917 -0.750012
FixedParameters: 0 0 0

#Transform 116
Transform: AffineTransform_float_3_3
Parameters: 0.999999 -0.00125997 -0.00121741 0.00125978 0.999999 -8.13269e-05 0.00121762 7.96731e-05 0.999999 0.0543171 -0.0955399 -0.754404
FixedParameters: 0 0 0

#Transform 117
Transform: AffineTransform_float_3_3
Parameters: 0.999998 -0.0015909 -0.00122832 0.00159162 0.999999 0.000289253 0.00122739 -0.000291746 1 0.0768994 -0.0603038 -0.723887
FixedParameters: 0 0 0

#Transform 118
Transform: AffineTransform_float_3_3
Parameters: 0.999998 -0.00153253 -0.00108994 0.00153276 0.999999 0.000105384 0.00108962 -0.000106615 0.999999 0.087747 -0.0746095 -0.750525
FixedParameters: 0 0 0

#Transform 119
Transform: AffineTransform_float_3_3
Parameters: 0.999998 -0.00159063 -0.00122867 0.00159228 0.999999 0.000511099 0.00122796 -0.0005129 0.999999 0.0768755 -0.0542632 -0.71638
FixedParameters: 0 0 0

#Transform 120
Transform: AffineTransform_float_3_3
Parameters: 0.999998 -0.00141221 -0.00103261 0.00141294 0.999999 0.000353595 0.00103161 -0.000354403 0.999999 0.0731509 -0.0560334 -0.754667
FixedParameters: 0 0 0

#Transform 121
Transform: AffineTransform_float_3_3
Parameters: 0.999998 -0.00133128 -0.00133791 0.00133115 0.999999 -0.000396215 0.00133857 0.000394786 0.999999 0.0710525 -0.0817991 -0.771717
FixedParameters: 0 0 0

#Transform 122
Transform: AffineTransform_float_3_3
Parameters: 0.999998 -0.00159136 -0.00122772 0.00159208 0.999998 -8.35411e-05 0.0012276 8.24609e-05 0.999999 0.0769995 -0.0781534 -0.782295
FixedParameters: 0 0 0

#Transform 123
Transform: AffineTransform_float_3_3
Parameters: 0.999999 -0.000955867 -0.00122357 0.000955492 0.999999 -0.000529963 0.00122419 0.000529037 0.999999 0.0627404 -0.0866117 -0.787514
FixedParameters: 0 0 0

#Transform 124
Transform: AffineTransform_float_3_3
Parameters: 0.999998 -0.00124565 -0.00116595 0.00124557 0.999999 -3.22455e-05 0.00116603 3.07548e-05 0.999999 0.0608056 -0.09453 -0.801574
FixedParameters: 0 0 0

#Transform 125
Transform: AffineTransform_float_3_3
Parameters: 0.999999 -0.000960547 -0.00112866 0.000960928 0.999999 0.000576275 0.00112795 -0.000577724 0.999999 0.0492783 -0.0816478 -0.785169
FixedParameters: 0 0 0

#Transform 126
Transform: AffineTransform_float_3_3
Parameters: 0.999999 -0.00112916 -0.000806301 0.00112913 0.999999 0.000552297 0.000805444 -0.000552703 1 0.0493287 -0.0886257 -0.792649
FixedParameters: 0 0 0

#Transform 127
Transform: AffineTransform_float_3_3
Parameters: 0.999998 -0.00152583 -0.000781702 0.00152598 0.999999 0.000682655 0.000780006 -0.000684344 1 0.06716 -0.0683724 -0.78827
FixedParameters: 0 0 0

#Transform 128
Transform: AffineTransform_float_3_3
Parameters: 0.999998 -0.00130783 -0.00134862 0.00130897 0.999999 0.00061865 0.00134831 -0.00061935 0.999999 0.062193 -0.0907699 -0.787187
FixedParameters: 0 0 0

#Transform 129
Transform: AffineTransform_float_3_3
Parameters: 0.999998 -0.00123922 -0.0011865 0.00123964 0.999999 0.000564736 0.00118549 -0.000566262 0.999999 0.0607769 -0.0976112 -0.804115
FixedParameters: 0 0 0

#Transform 130
Transform: AffineTransform_float_3_3
Parameters: 0.999999 -0.00143979 -0.00105475 0.00144035 0.999999 0.000516329 0.00105457 -0.000518672 0.999999 0.0655305 -0.0844392 -0.818203
FixedParameters: 0 0 0

#Transform 131
Transform: AffineTransform_float_3_3
Parameters: 0.999998 -0.00178783 -0.00107278 0.00178916 0.999998 0.000864137 0.001071 -0.000865862 0.999999 0.0731534 -0.0837311 -0.772404
FixedParameters: 0 0 0

#Transform 132
Transform: AffineTransform_float_3_3
Parameters: 0.999999 -0.00144017 -0.00118525 0.0014413 0.999999 0.000863348 0.00118315 -0.000864651 0.999999 0.0788892 -0.0728572 -0.777387
FixedParameters: 0 0 0

#Transform 133
Transform: AffineTransform_float_3_3
Parameters: 0.999998 -0.00165414 -0.000911206 0.0016544 0.999998 0.000937188 0.000909805 -0.000938811 0.999999 0.086645 -0.0951878 -0.797096
FixedParameters: 0 0 0

#Transform 134
Transform: AffineTransform_float_3_3
Parameters: 0.999998 -0.00144127 -0.00126453 0.00144332 0.999998 0.00138523 0.00126223 -0.00138677 0.999998 0.0813028 -0.0641518 -0.772585
FixedParameters: 0 0 0

#Transform 135
Transform: AffineTransform_float_3_3
Parameters: 0.999998 -0.00139528 -0.00137906 0.001397 0.999999 0.000815282 0.00137809 -0.000817717 0.999999 0.0775924 -0.070186 -0.795246
FixedParameters: 0 0 0

#Transform 136
Transform: AffineTransform_float_3_3
Parameters: 0.999998 -0.00147 -0.00173427 0.00147161 0.999998 0.00114702 0.00173298 -0.00114998 0.999998 0.0816089 -0.0903125 -0.828928
FixedParameters: 0 0 0

#Transform 137
Transform: AffineTransform_float_3_3
Parameters: 0.999998 -0.00119567 -0.00172766 0.00119791 0.999998 0.00117965 0.00172561 -0.00118235 0.999998 0.0627825 -0.0923782 -0.874701
FixedParameters: 0 0 0

#Transform 138
Transform: AffineTransform_float_3_3
Parameters: 0.999998 -0.00126791 -0.00167662 0.00127046 0.999998 0.00146444 0.00167499 -0.00146656 0.999997 0.0603549 -0.0988009 -0.908991
FixedParameters: 0 0 0

#Transform 139
Transform: AffineTransform_float_3_3
Parameters: 0.999998 -0.00146942 -0.00173476 0.00147219 0.999998 0.00148086 0.00173249 -0.00148313 0.999997 0.0721194 -0.0987425 -0.933481
FixedParameters: 0 0 0

#Transform 140
Transform: AffineTransform_float_3_3
Parameters: 0.999998 -0.00136751 -0.00148823 0.00136768 0.999999 0.000367532 0.00148761 -0.000369468 0.999999 0.0596137 -0.126898 -1.04419
FixedParameters: 0 0 0

#Transform 141
Transform: AffineTransform_float_3_3
Parameters: 0.999998 -0.00147165 -0.00173287 0.00147233 0.999999 0.000193863 0.00173229 -0.000196135 0.999998 0.0708351 -0.137126 -1.05598
FixedParameters: 0 0 0

#Transform 142
Transform: AffineTransform_float_3_3
Parameters: 0.999998 -0.00138023 -0.0013024 0.00137988 0.999999 0.00021541 0.00130219 -0.00021759 0.999999 0.0782463 -0.111192 -1.04428
FixedParameters: 0 0 0

#Transform 143
Transform: AffineTransform_float_3_3
Parameters: 0.999998 -0.0014711 -0.00173334 0.00147235 0.999999 0.000514223 0.00173313 -0.000515777 0.999999 0.0799875 -0.142471 -1.10762
FixedParameters: 0 0 0

#Transform 144
Transform: AffineTransform_float_3_3
Parameters: 0.999997 -0.00142887 -0.00163144 0.00142915 0.999999 8.3235e-05 0.0016312 -8.57641e-05 0.999999 0.078979 -0.131429 -1.08244
FixedParameters: 0 0 0

#Transform 145
Transform: AffineTransform_float_3_3
Parameters: 0.999997 -0.00144109 -0.00165988 0.00144115 0.999999 1.50217e-05 0.00165984 -1.69778e-05 0.999998 0.0962786 -0.131973 -1.10484
FixedParameters: 0 0 0

#Transform 146
Transform: AffineTransform_float_3_3
Parameters: 0.999995 -0.00254593 -0.00175385 0.00254477 0.999997 -0.00048515 0.001755 0.00048185 0.999998 0.271423 -0.192743 -1.25677
FixedParameters: 0 0 0

#Transform 147
Transform: AffineTransform_float_3_3
Parameters: 0.999994 -0.00281518 -0.00230401 0.00281308 0.999995 -0.00128697 0.00230744 0.00128104 0.999996 0.236844 -0.19578 -1.33574
FixedParameters: 0 0 0

#Transform 148
Transform: AffineTransform_float_3_3
Parameters: 0.999993 -0.00270158 -0.00235206 0.00269747 0.999995 -0.00149068 0.00235668 0.00148432 0.999996 0.19366 -0.177811 -1.29
FixedParameters: 0 0 0

#Transform 149
Transform: AffineTransform_float_3_3
Parameters: 0.999995 -0.00249181 -0.00186133 0.00248902 0.999996 -0.00128453 0.0018647 0.00127947 0.999997 0.162562 -0.218743 -1.41397
FixedParameters: 0 0 0

#Transform 150
Transform: AffineTransform_float_3_3
Parameters: 0.999995 -0.00254743 -0.00220606 0.00254604 0.999996 -0.000645793 0.00220763 0.000640208 0.999998 0.161237 -0.197232 -1.36001
FixedParameters: 0 0 0

#Transform 151
Transform: AffineTransform_float_3_3
Parameters: 0.999995 -0.00233091 -0.00239411 0.00232965 0.999997 -0.000376599 0.00239454 0.000370402 0.999997 0.138027 -0.184355 -1.35735
FixedParameters: 0 0 0

#Transform 152
Transform: AffineTransform_float_3_3
Parameters: 0.999996 -0.00202361 -0.00226556 0.0020211 0.999998 -0.000875962 0.00226739 0.000871037 0.999997 0.118092 -0.199758 -1.4042
FixedParameters: 0 0 0

#Transform 153
Transform: AffineTransform_float_3_3
Parameters: 0.999995 -0.00196296 -0.0022031 0.00196045 0.999998 -0.00110934 0.00220535 0.00110566 0.999997 0.101571 -0.206321 -1.41104
FixedParameters: 0 0 0

#Transform 154
Transform: AffineTransform_float_3_3
Parameters: 0.999996 -0.00168949 -0.00196373 0.0016862 0.999998 -0.0015779 0.00196565 0.0015741 0.999997 0.0982446 -0.205647 -1.43566
FixedParameters: 0 0 0

#Transform 155
Transform: AffineTransform_float_3_3
Parameters: 0.999997 -0.00161766 -0.0018664 0.00161558 0.999998 -0.00119425 0.00186816 0.00119176 0.999998 0.093146 -0.199049 -1.40684
FixedParameters: 0 0 0

#Transform 156
Transform: AffineTransform_float_3_3
Parameters: 0.999996 -0.00188057 -0.00211597 0.00188036 0.999999 -0.00048636 0.00211701 0.000482642 0.999998 0.0846454 -0.173847 -1.36092
FixedParameters: 0 0 0

#Transform 157
Transform: AffineTransform_float_3_3
Parameters: 0.999997 -0.00177197 -0.00201318 0.00177105 0.999998 -0.000589794 0.00201356 0.000586208 0.999997 0.0923367 -0.184098 -1.38109
FixedParameters: 0 0 0

#Transform 158
Transform: AffineTransform_float_3_3
Parameters: 0.999998 -0.00163277 -0.00166008 0.00163065 0.999998 -0.0010743 0.00166188 0.0010717 0.999998 0.0657864 -0.182656 -1.39983
FixedParameters: 0 0 0

#Transform 159
Transform: AffineTransform_float_3_3
Parameters: 0.999997 -0.0016336 -0.00172897 0.00163065 0.999997 -0.00142605 0.00173061 0.00142395 0.999998 0.0936093 -0.195259 -1.42631
FixedParameters: 0 0 0

#Transform 160
Transform: AffineTransform_float_3_3
Parameters: 0.999998 -0.00149763 -0.0017163 0.0014953 0.999998 -0.001371 0.0017183 0.001368 0.999998 0.0730645 -0.197364 -1.41771
FixedParameters: 0 0 0

#Transform 161
Transform: AffineTransform_float_3_3
Parameters: 0.999997 -0.00175493 -0.00179264 0.00175272 0.999997 -0.00127637 0.00179502 0.00127363 0.999998 0.0945626 -0.202544 -1.42662
FixedParameters: 0 0 0

#Transform 162
Transform: AffineTransform_float_3_3
Parameters: 0.999997 -0.00206145 -0.00170752 0.00205855 0.999997 -0.00142726 0.00171038 0.00142374 0.999998 0.104906 -0.21249 -1.47175
FixedParameters: 0 0 0

#Transform 163
Transform: AffineTransform_float_3_3
Parameters: 0.999997 -0.00185785 -0.00184949 0.00185648 0.999999 -0.000622175 0.00185141 0.000618824 0.999998 0.0938911 -0.194294 -1.42434
FixedParameters: 0 0 0

#Transform 164
Transform: AffineTransform_float_3_3
Parameters: 0.999996 -0.00197055 -0.00206347 0.00196855 0.999998 -0.000614444 0.00206457 0.000610556 0.999998 0.105558 -0.188788 -1.37903
FixedParameters: 0 0 0

#Transform 165
Transform: AffineTransform_float_3_3
Parameters: 0.999997 -0.00160365 -0.00180321 0.00160205 0.999999 -0.000699325 0.00180506 0.000695675 0.999999 0.114933 -0.190798 -1.44426
FixedParameters: 0 0 0

#Transform 166
Transform: AffineTransform_float_3_3
Parameters: 0.999997 -0.00178116 -0.00199746 0.00178088 0.999998 -0.000435785 0.0019973 0.000432218 0.999998 0.0933838 -0.185978 -1.41457
FixedParameters: 0 0 0

#Transform 167
Transform: AffineTransform_float_3_3
Parameters: 0.999997 -0.00162059 -0.00183762 0.00161704 0.999998 -0.00161256 0.00184075 0.00160944 0.999997 0.0824948 -0.196474 -1.45653
FixedParameters: 0 0 0

#Transform 168
Transform: AffineTransform_float_3_3
Parameters: 0.999997 -0.0019309 -0.0015053 0.00192696 0.999996 -0.00244801 0.00151002 0.00244499 0.999996 0.0843867 -0.228149 -1.53199
FixedParameters: 0 0 0

#Transform 169
Transform: AffineTransform_float_3_3
Parameters: 0.999997 -0.00153594 -0.00163242 0.00153136 0.999995 -0.00285309 0.00163699 0.00285091 0.999994 0.0756218 -0.260319 -1.61851
FixedParameters: 0 0 0

#Transform 170
Transform: AffineTransform_float_3_3
Parameters: 0.999997 -0.00143341 -0.00202874 0.00142722 0.999995 -0.00278913 0.00203345 0.00278687 0.999994 0.0730289 -0.264659 -1.62834
FixedParameters: 0 0 0

#Transform 171
Transform: AffineTransform_float_3_3
Parameters: 0.999997 -0.00108557 -0.00187752 0.00108202 0.999997 -0.00216896 0.00188026 0.00216704 0.999996 0.0653111 -0.271741 -1.65096
FixedParameters: 0 0 0

#Transform 172
Transform: AffineTransform_float_3_3
Parameters: 0.999999 -0.00108921 -0.00149954 0.0010856 0.999996 -0.00260406 0.00150233 0.00260293 0.999995 0.0703512 -0.277492 -1.71035
FixedParameters: 0 0 0

#Transform 173
Transform: AffineTransform_float_3_3
Parameters: 0.999999 -0.00109152 -0.00145943 0.00108699 0.999996 -0.00254402 0.00146157 0.00254298 0.999996 0.0642103 -0.245896 -1.63316
FixedParameters: 0 0 0

#Transform 174
Transform: AffineTransform_float_3_3
Parameters: 0.999999 -0.000765446 -0.00103794 0.00076391 0.999998 -0.00162559 0.00103965 0.00162541 0.999998 0.0562456 -0.248916 -1.61555
FixedParameters: 0 0 0

#Transform 175
Transform: AffineTransform_float_3_3
Parameters: 0.999998 -0.000936368 -0.001329 0.000933938 0.999997 -0.00229789 0.00133173 0.00229612 0.999997 0.0716047 -0.248641 -1.6301
FixedParameters: 0 0 0

#Transform 176
Transform: AffineTransform_float_3_3
Parameters: 0.999999 -0.00100307 -0.0015648 0.00100006 0.999997 -0.002135 0.00156752 0.002134 0.999996 0.0619732 -0.248549 -1.61344
FixedParameters: 0 0 0

#Transform 177
Transform: AffineTransform_float_3_3
Parameters: 0.999999 -0.000863186 -0.00120489 0.000860925 0.999998 -0.00192168 0.00120611 0.00192032 0.999998 0.0697638 -0.231917 -1.55747
FixedParameters: 0 0 0

#Transform 178
Transform: AffineTransform_float_3_3
Parameters: 0.999998 -0.00135949 -0.00140263 0.00135659 0.999996 -0.00239534 0.00140534 0.00239366 0.999997 0.074309 -0.241087 -1.58434
FixedParameters: 0 0 0

#Transform 179
Transform: AffineTransform_float_3_3
Parameters: 0.999999 -0.00106182 -0.00153641 0.00105824 0.999997 -0.00223642 0.00153867 0.00223458 0.999996 0.0854912 -0.222478 -1.57412
FixedParameters: 0 0 0
