# transform file /out/sourcedata/freesurfer/sub-v1s10x0051094_ses-1/mri/transforms/cc_up.lta
# created by oesteban on Thu Mar 12 08:17:34 2026

type      = 0 # LINEAR_VOX_TO_VOX
nxforms   = 1
mean      = 128.0000 135.0000 118.0000
sigma     = 10000.0000
1 4 4
9.886363744735718e-01 1.489118784666061e-01 -2.058201096951962e-02 -1.666424179077148e+01 
-1.488796323537827e-01 9.888505339622498e-01 3.099463647231460e-03 2.640953636169434e+01 
2.081407792866230e-02 0.000000000000000e+00 9.997835159301758e-01 1.631320190429688e+01 
0.000000000000000e+00 0.000000000000000e+00 0.000000000000000e+00 1.000000000000000e+00 
src volume info
valid = 1  # volume info valid
filename = /out/sourcedata/freesurfer/sub-v1s10x0051094_ses-1/mri/norm.mgz
volume = 256 256 256
voxelsize = 1.000000000000000e+00 1.000000000000000e+00 1.000000000000000e+00
xras   = -1.000000000000000e+00 0.000000000000000e+00 0.000000000000000e+00
yras   = 0.000000000000000e+00 0.000000000000000e+00 -1.000000000000000e+00
zras   = 0.000000000000000e+00 1.000000000000000e+00 0.000000000000000e+00
cras   = -1.503555297851562e+00 1.722885131835938e+00 -9.120483398437500e+00
dst volume info
valid = 1  # volume info valid
filename = /out/sourcedata/freesurfer/sub-v1s10x0051094_ses-1/mri/norm.mgz
volume = 256 256 256
voxelsize = 1.000000000000000e+00 1.000000000000000e+00 1.000000000000000e+00
xras   = -1.000000000000000e+00 0.000000000000000e+00 0.000000000000000e+00
yras   = 0.000000000000000e+00 0.000000000000000e+00 -1.000000000000000e+00
zras   = 0.000000000000000e+00 1.000000000000000e+00 0.000000000000000e+00
cras   = -1.503555297851562e+00 1.722885131835938e+00 -9.120483398437500e+00
