# transform file transforms/talairach.lta
# created by oesteban on Thu Mar 12 05:14:51 2026

type      = 0 # LINEAR_VOX_TO_VOX
nxforms   = 1
mean      = 135.0000 150.0000 123.0000
sigma     = 10000.0000
1 4 4
1.065288901329041e+00 -7.585754245519638e-02 -1.199709326028824e-01 6.717100620269775e+00 
6.557002663612366e-02 1.168955326080322e+00 2.013098150491714e-01 -8.647885894775391e+01 
9.475237876176834e-02 -2.315697222948074e-01 9.536032676696777e-01 1.589169883728027e+01 
0.000000000000000e+00 0.000000000000000e+00 0.000000000000000e+00 1.000000000000000e+00 
src volume info
valid = 1  # volume info valid
filename = nu.mgz
volume = 256 256 256
voxelsize = 1.000000000000000e+00 1.000000000000000e+00 1.000000000000000e+00
xras   = -1.000000000000000e+00 0.000000000000000e+00 0.000000000000000e+00
yras   = 0.000000000000000e+00 0.000000000000000e+00 -1.000000000000000e+00
zras   = 0.000000000000000e+00 1.000000000000000e+00 0.000000000000000e+00
cras   = 6.651229858398438e-01 1.000000000000000e+00 1.000000000000000e+00
dst volume info
valid = 1  # volume info valid
filename = /opt/freesurfer/average/RB_all_2020-01-02.gca
volume = 256 256 256
voxelsize = 1.000000000000000e+00 1.000000000000000e+00 1.000000000000000e+00
xras   = -1.000000000000000e+00 0.000000000000000e+00 0.000000000000000e+00
yras   = 0.000000000000000e+00 0.000000000000000e+00 -1.000000000000000e+00
zras   = 0.000000000000000e+00 1.000000000000000e+00 0.000000000000000e+00
cras   = 0.000000000000000e+00 0.000000000000000e+00 0.000000000000000e+00
