#Insight Transform File V1.0
#Transform 0
Transform: AffineTransform_float_3_3
Parameters: 1 -0.000116704 -0.000256814 0.000116556 1 -0.00028803 0.000256881 0.00028797 1 -0.0523983 -0.218841 -0.323498
FixedParameters: 0 0 0

#Transform 1
Transform: AffineTransform_float_3_3
Parameters: 0.999999 0.000855046 -0.000201877 -0.000854923 0.999999 0.000306173 0.0002024 -0.000305827 1 -0.00787724 0.0554314 -0.167705
FixedParameters: 0 0 0

#Transform 2
Transform: AffineTransform_float_3_3
Parameters: 1 0.00095801 0.00040541 -0.000958241 0.999997 0.00207946 -0.000403127 -0.00207954 0.999997 -0.00180851 0.122777 -0.16247
FixedParameters: 0 0 0

#Transform 3
Transform: AffineTransform_float_3_3
Parameters: 0.999999 0.000791316 1.5196e-05 -0.000791753 0.999998 0.00163299 -1.35314e-05 -0.00163301 0.999998 0.0101613 0.133863 -0.11271
FixedParameters: 0 0 0

#Transform 4
Transform: AffineTransform_float_3_3
Parameters: 0.999999 0.000854172 4.83979e-05 -0.000853804 0.999998 0.0016966 -4.68107e-05 -0.0016974 0.999998 0.0164482 0.134969 -0.234225
FixedParameters: 0 0 0

#Transform 5
Transform: AffineTransform_float_3_3
Parameters: 1 0.00111306 0.000189347 -0.00111287 0.999997 0.00231464 -0.000186818 -0.00231436 0.999997 0.00470815 0.160871 -0.210251
FixedParameters: 0 0 0

#Transform 6
Transform: AffineTransform_float_3_3
Parameters: 0.999999 0.00143152 -0.000198573 -0.00143065 0.999998 0.00182978 0.000201578 -0.00182923 0.999998 -0.00408793 0.14669 -0.23556
FixedParameters: 0 0 0

#Transform 7
Transform: AffineTransform_float_3_3
Parameters: 0.999999 0.00118677 -0.000443902 -0.00118484 0.999996 0.00244317 0.000446543 -0.00244283 0.999997 0.00906089 0.164864 -0.220391
FixedParameters: 0 0 0

#Transform 8
Transform: AffineTransform_float_3_3
Parameters: 0.999999 0.000867217 -0.000406479 -0.000865711 0.999995 0.00280435 0.000409497 -0.00280365 0.999996 0.0089921 0.170154 -0.254178
FixedParameters: 0 0 0

#Transform 9
Transform: AffineTransform_float_3_3
Parameters: 0.999999 0.000842716 -4.53971e-05 -0.000842405 0.999998 0.00187404 4.63232e-05 -0.00187396 0.999998 -0.00341856 0.129288 -0.320201
FixedParameters: 0 0 0

#Transform 10
Transform: AffineTransform_float_3_3
Parameters: 0.999999 0.00127565 -0.000367167 -0.00127506 0.999998 0.00186396 0.00037008 -0.00186304 0.999998 0.00305673 0.171606 -0.250305
FixedParameters: 0 0 0

#Transform 11
Transform: AffineTransform_float_3_3
Parameters: 1 0.00110828 -0.000347271 -0.00110692 0.999998 0.00118939 0.000348594 -0.00118861 0.999999 -0.0157258 0.125455 -0.184308
FixedParameters: 0 0 0

#Transform 12
Transform: AffineTransform_float_3_3
Parameters: 1 0.00112136 -0.000236917 -0.0011213 0.999999 0.000949906 0.000238127 -0.000950093 0.999999 -0.000107276 0.113792 -0.251051
FixedParameters: 0 0 0

#Transform 13
Transform: AffineTransform_float_3_3
Parameters: 0.999999 0.00131762 1.17379e-05 -0.00131751 0.999998 0.00135663 -1.03938e-05 -0.00135738 0.999999 0.00377562 0.123767 -0.30227
FixedParameters: 0 0 0

#Transform 14
Transform: AffineTransform_float_3_3
Parameters: 1 0.000975037 -0.000138241 -0.000975314 0.999998 0.00181414 0.000139937 -0.00181387 0.999999 -0.014903 0.161122 -0.174392
FixedParameters: 0 0 0

#Transform 15
Transform: AffineTransform_float_3_3
Parameters: 1 0.000586889 -0.000350591 -0.000586017 0.999997 0.00235621 0.000351514 -0.00235579 0.999997 0.00448509 0.174118 -0.199044
FixedParameters: 0 0 0

#Transform 16
Transform: AffineTransform_float_3_3
Parameters: 1 0.000678579 -8.41958e-05 -0.000677625 0.999996 0.00249306 8.62655e-05 -0.00249294 0.999997 0.00832625 0.16702 -0.197848
FixedParameters: 0 0 0

#Transform 17
Transform: AffineTransform_float_3_3
Parameters: 1 0.000499958 -0.000147408 -0.000498871 0.999994 0.00320507 0.000148377 -0.00320493 0.999995 0.0110438 0.165796 -0.234808
FixedParameters: 0 0 0

#Transform 18
Transform: AffineTransform_float_3_3
Parameters: 1 0.000372879 0.000599242 -0.000374702 0.999996 0.00273178 -0.000598901 -0.00273222 0.999996 0.0152642 0.165549 -0.183685
FixedParameters: 0 0 0

#Transform 19
Transform: AffineTransform_float_3_3
Parameters: 1 0.000533023 3.1974e-05 -0.000533106 0.999993 0.00355498 -3.04157e-05 -0.00355501 0.999993 0.00471448 0.2307 -0.0536751
FixedParameters: 0 0 0

#Transform 20
Transform: AffineTransform_float_3_3
Parameters: 1 0.000348972 -6.82001e-05 -0.000348744 0.999998 0.00165502 6.93548e-05 -0.00165497 0.999998 0.013623 0.173003 -0.143083
FixedParameters: 0 0 0

#Transform 21
Transform: AffineTransform_float_3_3
Parameters: 1 0.000672979 -0.000180043 -0.00067312 0.999998 0.00177412 0.000180589 -0.00177388 0.999999 0.0133197 0.187802 -0.154864
FixedParameters: 0 0 0

#Transform 22
Transform: AffineTransform_float_3_3
Parameters: 1 0.000404799 -0.000249733 -0.000404211 0.999996 0.0027391 0.000250108 -0.0027389 0.999996 0.00577708 0.212685 -0.163852
FixedParameters: 0 0 0

#Transform 23
Transform: AffineTransform_float_3_3
Parameters: 1 0.000598667 -0.000722018 -0.000596773 0.999996 0.00275943 0.000722946 -0.00275857 0.999996 0.0195732 0.212059 -0.168287
FixedParameters: 0 0 0

#Transform 24
Transform: AffineTransform_float_3_3
Parameters: 1 0.000243444 -0.000442176 -0.000242308 0.999996 0.00276511 0.000442989 -0.00276489 0.999996 0.00743106 0.216759 -0.174452
FixedParameters: 0 0 0

#Transform 25
Transform: AffineTransform_float_3_3
Parameters: 1 0.000673393 -3.24694e-05 -0.000672735 0.999998 0.00194002 3.37697e-05 -0.00193998 0.999998 0.000608862 0.206699 -0.172395
FixedParameters: 0 0 0

#Transform 26
Transform: AffineTransform_float_3_3
Parameters: 0.999999 0.000715058 -0.000417094 -0.000713965 0.999998 0.0017763 0.000418712 -0.0017757 0.999999 -0.00261973 0.221124 -0.183774
FixedParameters: 0 0 0

#Transform 27
Transform: AffineTransform_float_3_3
Parameters: 1 0.00105349 -0.000484561 -0.0010521 0.999997 0.00223751 0.00048743 -0.00223649 0.999998 0.00470088 0.217548 -0.192913
FixedParameters: 0 0 0

#Transform 28
Transform: AffineTransform_float_3_3
Parameters: 1 0.000630328 -0.000162623 -0.000629908 0.999996 0.0024751 0.000164822 -0.0024749 0.999997 0.026628 0.230839 -0.185267
FixedParameters: 0 0 0

#Transform 29
Transform: AffineTransform_float_3_3
Parameters: 1 0.000533257 -0.000431739 -0.00053241 0.999996 0.00294602 0.000433429 -0.00294698 0.999996 0.00635753 0.230838 -0.18497
FixedParameters: 0 0 0

#Transform 30
Transform: AffineTransform_float_3_3
Parameters: 1 0.000901648 -0.000458738 -0.000900975 0.999995 0.00300405 0.000461783 -0.00300394 0.999995 0.00361912 0.231152 -0.149075
FixedParameters: 0 0 0

#Transform 31
Transform: AffineTransform_float_3_3
Parameters: 1 0.000830971 -0.000665389 -0.000828907 0.999995 0.00311755 0.000668192 -0.00311645 0.999995 0.0157368 0.227681 -0.193087
FixedParameters: 0 0 0

#Transform 32
Transform: AffineTransform_float_3_3
Parameters: 0.999999 0.0011315 -0.00050041 -0.00112981 0.999993 0.00362357 0.000504 -0.00362243 0.999994 0.00877672 0.232061 -0.300308
FixedParameters: 0 0 0

#Transform 33
Transform: AffineTransform_float_3_3
Parameters: 1 0.00117718 0.000132202 -0.00117783 0.999993 0.00353849 -0.000128331 -0.00353951 0.999994 -0.000812265 0.244975 -0.281215
FixedParameters: 0 0 0

#Transform 34
Transform: AffineTransform_float_3_3
Parameters: 0.999999 0.000949433 -6.36811e-05 -0.000949589 0.999992 0.00373006 6.66917e-05 -0.00372994 0.999993 0.00361778 0.238065 -0.220952
FixedParameters: 0 0 0

#Transform 35
Transform: AffineTransform_float_3_3
Parameters: 0.999999 0.000893737 -0.000382167 -0.000892204 0.999994 0.00352298 0.000385698 -0.00352302 0.999994 -0.00493793 0.264472 -0.182828
FixedParameters: 0 0 0

#Transform 36
Transform: AffineTransform_float_3_3
Parameters: 0.999999 0.000558196 -0.000434891 -0.000556735 0.999992 0.00407588 0.000437065 -0.00407612 0.999991 0.0209756 0.266817 -0.193788
FixedParameters: 0 0 0

#Transform 37
Transform: AffineTransform_float_3_3
Parameters: 1 5.28859e-05 -1.35276e-05 -5.2778e-05 0.999993 0.00393 1.39428e-05 -0.00393 0.999993 0.0292533 0.262239 -0.164598
FixedParameters: 0 0 0

#Transform 38
Transform: AffineTransform_float_3_3
Parameters: 0.999999 0.0010102 -0.000172571 -0.00100998 0.999996 0.00287282 0.000176534 -0.00287318 0.999996 -0.0134356 0.233364 -0.238105
FixedParameters: 0 0 0

#Transform 39
Transform: AffineTransform_float_3_3
Parameters: 0.999999 0.000836142 -0.000134884 -0.000836078 0.999995 0.00309511 0.000138218 -0.00309489 0.999995 -0.00597466 0.250121 -0.186989
FixedParameters: 0 0 0

#Transform 40
Transform: AffineTransform_float_3_3
Parameters: 1 0.000341942 -0.000272905 -0.000341437 0.999995 0.00331773 0.000274642 -0.00331827 0.999994 0.0310939 0.276201 -0.170488
FixedParameters: 0 0 0

#Transform 41
Transform: AffineTransform_float_3_3
Parameters: 0.999999 0.000950659 -0.000355253 -0.000949724 0.999996 0.00240734 0.000357986 -0.00240666 0.999997 0.000798421 0.24868 -0.235753
FixedParameters: 0 0 0

#Transform 42
Transform: AffineTransform_float_3_3
Parameters: 1 0.00112907 -0.000140377 -0.00112856 0.999996 0.00269101 0.000143299 -0.00268999 0.999996 0.00890609 0.238645 -0.26076
FixedParameters: 0 0 0

#Transform 43
Transform: AffineTransform_float_3_3
Parameters: 0.999999 0.000515687 -0.000552295 -0.000514309 0.999998 0.00160044 0.000553023 -0.00160056 0.999998 -0.0335416 0.242286 -0.0485906
FixedParameters: 0 0 0

#Transform 44
Transform: AffineTransform_float_3_3
Parameters: 1 0.000352684 -0.000509562 -0.000350326 0.999986 0.00526118 0.00051128 -0.00526082 0.999986 0.00327935 0.373718 0.154332
FixedParameters: 0 0 0

#Transform 45
Transform: AffineTransform_float_3_3
Parameters: 1 0.000163245 -0.000409947 -0.000160775 0.99999 0.00460707 0.00041091 -0.00460694 0.99999 -0.000993975 0.310782 0.011759
FixedParameters: 0 0 0

#Transform 46
Transform: AffineTransform_float_3_3
Parameters: 1 0.000139141 -0.000224217 -0.000138421 0.99999 0.00452403 0.000224943 -0.00452397 0.999989 -0.00960908 0.325434 0.000882771
FixedParameters: 0 0 0

#Transform 47
Transform: AffineTransform_float_3_3
Parameters: 1 -8.60996e-06 -0.000488674 1.07206e-05 0.99999 0.004444 0.000488449 -0.00444401 0.99999 -0.0209626 0.315128 -0.0125083
FixedParameters: 0 0 0

#Transform 48
Transform: AffineTransform_float_3_3
Parameters: 1 0.000195526 -0.00066335 -0.000192358 0.999991 0.00406613 0.000664788 -0.00406587 0.999991 -0.016262 0.303824 -0.0927399
FixedParameters: 0 0 0

#Transform 49
Transform: AffineTransform_float_3_3
Parameters: 1 0.000994387 -0.000676668 -0.000992659 0.999995 0.00310547 0.000679548 -0.00310554 0.999995 -0.044397 0.284413 -0.149724
FixedParameters: 0 0 0

#Transform 50
Transform: AffineTransform_float_3_3
Parameters: 0.999999 0.00134358 -0.000566181 -0.00134218 0.999995 0.0026104 0.000569509 -0.0026096 0.999996 -0.0398996 0.274261 -0.182859
FixedParameters: 0 0 0

#Transform 51
Transform: AffineTransform_float_3_3
Parameters: 0.999998 0.0014242 -0.000972323 -0.00142155 0.999996 0.00263303 0.000976522 -0.00263097 0.999996 -0.0735964 0.278956 -0.141101
FixedParameters: 0 0 0

#Transform 52
Transform: AffineTransform_float_3_3
Parameters: 1 0.000829234 -0.000851918 -0.000827866 0.999997 0.00256871 0.000854193 -0.0025673 0.999997 -0.0251935 0.272615 -0.173737
FixedParameters: 0 0 0

#Transform 53
Transform: AffineTransform_float_3_3
Parameters: 0.999999 0.00123601 -0.000821114 -0.00123367 0.999996 0.00213081 0.000823614 -0.00213019 0.999997 -0.0569352 0.278051 -0.133971
FixedParameters: 0 0 0

#Transform 54
Transform: AffineTransform_float_3_3
Parameters: 1 0.000850572 -0.000705444 -0.00084963 0.999998 0.0018726 0.000707176 -0.0018714 0.999998 -0.0423832 0.257412 -0.108049
FixedParameters: 0 0 0

#Transform 55
Transform: AffineTransform_float_3_3
Parameters: 0.999999 0.00129016 -0.000692447 -0.00128932 0.999999 0.00116954 0.000693621 -0.00116847 0.999999 -0.0353639 0.24633 -0.166035
FixedParameters: 0 0 0

#Transform 56
Transform: AffineTransform_float_3_3
Parameters: 0.999999 0.00128867 -0.000696199 -0.0012869 0.999997 0.00183169 0.000699075 -0.00183131 0.999999 -0.0535101 0.251237 -0.142181
FixedParameters: 0 0 0

#Transform 57
Transform: AffineTransform_float_3_3
Parameters: 0.999999 0.00125793 -0.000812916 -0.00125647 0.999996 0.00218282 0.000816033 -0.00218218 0.999997 -0.0484792 0.244092 -0.158695
FixedParameters: 0 0 0

#Transform 58
Transform: AffineTransform_float_3_3
Parameters: 0.999999 0.0011514 -0.000489161 -0.00115053 0.999997 0.0020902 0.000491211 -0.0020898 0.999998 -0.0185095 0.247949 -0.207438
FixedParameters: 0 0 0

#Transform 59
Transform: AffineTransform_float_3_3
Parameters: 0.999999 0.00133434 -0.00058807 -0.00133305 0.999997 0.00209043 0.000590883 -0.00208957 0.999997 -0.0347114 0.273675 -0.154814
FixedParameters: 0 0 0

#Transform 60
Transform: AffineTransform_float_3_3
Parameters: 0.999999 0.000597523 0.0004273 -0.000600063 0.999989 0.00468974 -0.000423385 -0.00469025 0.999989 0.0225287 0.357516 0.0106172
FixedParameters: 0 0 0

#Transform 61
Transform: AffineTransform_float_3_3
Parameters: 1 -0.000110991 0.000330593 0.000108619 0.99996 0.00892904 -0.000331885 -0.00892897 0.99996 -0.00288869 0.50464 0.101183
FixedParameters: 0 0 0

#Transform 62
Transform: AffineTransform_float_3_3
Parameters: 1 0.000252145 8.21731e-05 -0.000252558 0.999983 0.00579498 -8.05596e-05 -0.00579502 0.999983 0.00648654 0.408364 0.0379883
FixedParameters: 0 0 0

#Transform 63
Transform: AffineTransform_float_3_3
Parameters: 1 0.000431641 -0.000258598 -0.000429694 0.999986 0.00524911 0.000261278 -0.00524889 0.999986 0.00834003 0.384774 0.0180596
FixedParameters: 0 0 0

#Transform 64
Transform: AffineTransform_float_3_3
Parameters: 1 0.000167219 -0.00035941 -0.000164854 0.999987 0.00510506 0.000360575 -0.00510494 0.999987 0.00298615 0.361399 -0.0853003
FixedParameters: 0 0 0

#Transform 65
Transform: AffineTransform_float_3_3
Parameters: 0.999999 0.000259064 -0.000761169 -0.000255291 0.999989 0.0048002 0.000762969 -0.00479981 0.999988 -0.0203761 0.347004 -0.0868876
FixedParameters: 0 0 0

#Transform 66
Transform: AffineTransform_float_3_3
Parameters: 0.999999 0.000203037 -0.000732993 -0.000199775 0.999984 0.0055323 0.000734023 -0.00553269 0.999984 -0.0196833 0.359368 -0.0788801
FixedParameters: 0 0 0

#Transform 67
Transform: AffineTransform_float_3_3
Parameters: 0.999999 0.00036674 -0.000855378 -0.000362302 0.999991 0.00435247 0.000856571 -0.00435254 0.999991 -0.0179264 0.33 -0.107895
FixedParameters: 0 0 0

#Transform 68
Transform: AffineTransform_float_3_3
Parameters: 1 0.000719093 -0.000779571 -0.000716649 0.999994 0.0034932 0.000782606 -0.0034928 0.999993 -0.0153402 0.306095 -0.185721
FixedParameters: 0 0 0

#Transform 69
Transform: AffineTransform_float_3_3
Parameters: 1 0.000924369 -0.000613588 -0.00092174 0.999995 0.00309057 0.000616531 -0.00308943 0.999995 -0.0310327 0.307043 -0.173154
FixedParameters: 0 0 0

#Transform 70
Transform: AffineTransform_float_3_3
Parameters: 0.999999 0.00114077 -0.000970163 -0.00113915 0.999996 0.00258775 0.000973161 -0.00258625 0.999996 -0.0553154 0.290981 -0.160021
FixedParameters: 0 0 0

#Transform 71
Transform: AffineTransform_float_3_3
Parameters: 0.999999 0.000673637 -0.000495182 -0.000672811 0.999996 0.00294297 0.000496774 -0.00294303 0.999995 -0.0156356 0.312811 -0.16438
FixedParameters: 0 0 0

#Transform 72
Transform: AffineTransform_float_3_3
Parameters: 0.999999 0.000528938 -0.000534969 -0.000527201 0.999994 0.00320828 0.000536907 -0.00320772 0.999994 -0.0089918 0.317463 -0.208263
FixedParameters: 0 0 0

#Transform 73
Transform: AffineTransform_float_3_3
Parameters: 0.999999 0.000705988 -0.000707169 -0.000704563 0.999995 0.0031325 0.000709607 -0.0031315 0.999995 -0.0305785 0.339107 -0.146238
FixedParameters: 0 0 0

#Transform 74
Transform: AffineTransform_float_3_3
Parameters: 1 0.000757466 -0.000717447 -0.000756888 0.999999 0.00158818 0.000718402 -0.00158782 0.999998 -0.0328294 0.292018 -0.126062
FixedParameters: 0 0 0

#Transform 75
Transform: AffineTransform_float_3_3
Parameters: 0.999999 0.000784251 -0.000778021 -0.000782521 0.999998 0.00220361 0.000780023 -0.00220239 0.999998 -0.0214967 0.301524 -0.135266
FixedParameters: 0 0 0

#Transform 76
Transform: AffineTransform_float_3_3
Parameters: 0.999999 0.00117057 -0.000735142 -0.001168 0.999993 0.00342866 0.000739869 -0.00342835 0.999994 -0.0257034 0.30423 -0.230606
FixedParameters: 0 0 0

#Transform 77
Transform: AffineTransform_float_3_3
Parameters: 0.999999 0.000747106 -0.000387785 -0.000746453 0.999994 0.00352693 0.000390682 -0.00352707 0.999994 -0.0185378 0.311427 -0.228524
FixedParameters: 0 0 0

#Transform 78
Transform: AffineTransform_float_3_3
Parameters: 0.999996 0.0017559 -0.00216096 -0.00175016 0.999995 0.00281353 0.00216594 -0.00280947 0.999994 -0.0623427 0.311262 -0.201303
FixedParameters: 0 0 0

#Transform 79
Transform: AffineTransform_float_3_3
Parameters: 0.999998 0.0012692 -0.00141013 -0.00126588 0.999995 0.00284658 0.00141391 -0.00284442 0.999994 -0.0479244 0.315961 -0.22443
FixedParameters: 0 0 0

#Transform 80
Transform: AffineTransform_float_3_3
Parameters: 0.999999 0.00154877 -0.000924184 -0.00154639 0.999994 0.00304408 0.00092847 -0.00304193 0.999995 -0.0436706 0.340658 -0.240782
FixedParameters: 0 0 0

#Transform 81
Transform: AffineTransform_float_3_3
Parameters: 0.999999 0.00123909 -0.000649283 -0.0012374 0.999996 0.00250045 0.000651792 -0.00249955 0.999996 -0.0324957 0.306997 -0.25364
FixedParameters: 0 0 0

#Transform 82
Transform: AffineTransform_float_3_3
Parameters: 0.999999 0.00146325 -0.000900417 -0.00146 0.999995 0.00288575 0.000904249 -0.00288525 0.999996 -0.035858 0.310978 -0.274923
FixedParameters: 0 0 0

#Transform 83
Transform: AffineTransform_float_3_3
Parameters: 0.999999 0.0011252 -0.000942391 -0.00112302 0.999997 0.0022627 0.000945105 -0.0022613 0.999997 -0.0480342 0.315643 -0.198616
FixedParameters: 0 0 0

#Transform 84
Transform: AffineTransform_float_3_3
Parameters: 1 0.000529089 -0.000354021 -0.000527767 0.999995 0.00296498 0.000355314 -0.00296602 0.999996 -0.0146947 0.332309 -0.248837
FixedParameters: 0 0 0

#Transform 85
Transform: AffineTransform_float_3_3
Parameters: 0.999999 0.000428808 -0.00067671 -0.000426757 0.999996 0.00248144 0.000678303 -0.00248156 0.999997 -0.0265963 0.318569 -0.223854
FixedParameters: 0 0 0

#Transform 86
Transform: AffineTransform_float_3_3
Parameters: 1 0.000432896 -0.000229333 -0.000432696 0.999997 0.0021381 0.000229343 -0.0021379 0.999997 -0.0227651 0.321729 -0.176571
FixedParameters: 0 0 0

#Transform 87
Transform: AffineTransform_float_3_3
Parameters: 1 0.00029341 -0.000354003 -0.00029205 0.999998 0.0019191 0.000355126 -0.0019189 0.999998 -0.0214507 0.309104 -0.167988
FixedParameters: 0 0 0

#Transform 88
Transform: AffineTransform_float_3_3
Parameters: 0.999999 0.000909907 -0.000336103 -0.000909195 0.999997 0.00221395 0.000338289 -0.00221405 0.999997 -0.00983061 0.303733 -0.24012
FixedParameters: 0 0 0

#Transform 89
Transform: AffineTransform_float_3_3
Parameters: 0.999999 0.000864863 0.000158328 -0.00086494 0.999993 0.00363287 -0.000154666 -0.00363314 0.999994 -0.0102083 0.311909 -0.23407
FixedParameters: 0 0 0

#Transform 90
Transform: AffineTransform_float_3_3
Parameters: 0.999999 0.00125304 -0.000918326 -0.00124949 0.999993 0.00349294 0.000922855 -0.00349205 0.999993 -0.0458153 0.301242 -0.250572
FixedParameters: 0 0 0

#Transform 91
Transform: AffineTransform_float_3_3
Parameters: 0.999999 0.00179904 -0.000134779 -0.0017979 0.999991 0.00402138 0.000141629 -0.00402162 0.999992 -0.0214863 0.307063 -0.367339
FixedParameters: 0 0 0

#Transform 92
Transform: AffineTransform_float_3_3
Parameters: 0.999999 0.00142667 -0.000131086 -0.00142585 0.999993 0.00350183 0.000135691 -0.00350217 0.999994 -0.0330324 0.299614 -0.321667
FixedParameters: 0 0 0

#Transform 93
Transform: AffineTransform_float_3_3
Parameters: 0.999998 0.00134051 -0.00107423 -0.00133695 0.999993 0.00359587 0.00107912 -0.00359512 0.999993 -0.0432156 0.315215 -0.268228
FixedParameters: 0 0 0

#Transform 94
Transform: AffineTransform_float_3_3
Parameters: 1 0.000858781 -0.000633139 -0.000856682 0.999993 0.0036107 0.000636042 -0.0036103 0.999994 -0.0206166 0.330819 -0.3257
FixedParameters: 0 0 0

#Transform 95
Transform: AffineTransform_float_3_3
Parameters: 1 0.000570677 -0.000157074 -0.00057056 0.999992 0.00407873 0.000158968 -0.00407927 0.999991 -0.0288041 0.371109 -0.251954
FixedParameters: 0 0 0

#Transform 96
Transform: AffineTransform_float_3_3
Parameters: 0.999999 0.000849605 1.53238e-05 -0.000849542 0.999997 0.00266984 -1.30197e-05 -0.00266917 0.999997 -0.0179701 0.323356 -0.268433
FixedParameters: 0 0 0

#Transform 97
Transform: AffineTransform_float_3_3
Parameters: 1 0.000371468 -4.82926e-05 -0.000371281 0.999998 0.00191402 4.97142e-05 -0.00191398 0.999998 -0.0240848 0.313104 -0.157237
FixedParameters: 0 0 0

#Transform 98
Transform: AffineTransform_float_3_3
Parameters: 1 -0.000102896 0.000283335 0.000101809 0.999998 0.00191703 -0.000283727 -0.00191697 0.999998 -0.00946596 0.327393 -0.129849
FixedParameters: 0 0 0

#Transform 99
Transform: AffineTransform_float_3_3
Parameters: 0.999999 0.000845101 -0.000149907 -0.000844161 0.999996 0.00264977 0.000152152 -0.00265023 0.999996 -0.0128787 0.338121 -0.222822
FixedParameters: 0 0 0

#Transform 100
Transform: AffineTransform_float_3_3
Parameters: 0.999999 0.00121193 -0.000355552 -0.00121054 0.999993 0.00338828 0.000358765 -0.00338672 0.999994 -0.0363854 0.330981 -0.308588
FixedParameters: 0 0 0

#Transform 101
Transform: AffineTransform_float_3_3
Parameters: 0.999998 0.00170609 2.35289e-06 -0.00170567 0.999992 0.00368549 3.52595e-06 -0.00368551 0.999993 -0.0469036 0.346337 -0.287219
FixedParameters: 0 0 0

#Transform 102
Transform: AffineTransform_float_3_3
Parameters: 0.999999 0.00165682 -0.000368322 -0.00165588 0.999993 0.00319225 0.000372982 -0.00319174 0.999995 -0.0495958 0.348868 -0.234063
FixedParameters: 0 0 0

#Transform 103
Transform: AffineTransform_float_3_3
Parameters: 0.999998 0.00166909 -6.35462e-05 -0.00166881 0.999994 0.0029896 6.81408e-05 -0.00298941 0.999996 -0.0329053 0.315156 -0.305862
FixedParameters: 0 0 0

#Transform 104
Transform: AffineTransform_float_3_3
Parameters: 0.999998 0.00176971 -0.000190439 -0.00176865 0.999994 0.00304083 0.000195813 -0.00304017 0.999996 -0.0445354 0.318233 -0.30146
FixedParameters: 0 0 0

#Transform 105
Transform: AffineTransform_float_3_3
Parameters: 0.999999 0.0012469 -0.000931789 -0.00124508 0.999997 0.0023078 0.000934247 -0.0023062 0.999997 -0.0474412 0.332651 -0.193779
FixedParameters: 0 0 0

#Transform 106
Transform: AffineTransform_float_3_3
Parameters: 0.999999 0.000793602 -0.000114776 -0.000793128 0.999995 0.00313709 0.000116602 -0.00313691 0.999995 -0.00496597 0.324085 -0.276825
FixedParameters: 0 0 0

#Transform 107
Transform: AffineTransform_float_3_3
Parameters: 0.999999 0.00145882 0.00017221 -0.00145843 0.999997 0.00197924 -0.000169058 -0.00197976 0.999998 -0.0491503 0.349251 -0.17776
FixedParameters: 0 0 0

#Transform 108
Transform: AffineTransform_float_3_3
Parameters: 0.999999 0.00120536 -0.000729362 -0.00120316 0.999995 0.00257467 0.000731881 -0.00257433 0.999996 -0.0367794 0.333025 -0.218473
FixedParameters: 0 0 0

#Transform 109
Transform: AffineTransform_float_3_3
Parameters: 1 0.000603492 2.32814e-05 -0.000603984 0.999998 0.00225699 -2.14766e-05 -0.00225702 0.999998 0.002172 0.339822 -0.289455
FixedParameters: 0 0 0

#Transform 110
Transform: AffineTransform_float_3_3
Parameters: 1 0.000587991 -0.000355901 -0.000586529 0.999995 0.00314421 0.000357752 -0.00314379 0.999995 -0.00846882 0.365012 -0.211944
FixedParameters: 0 0 0

#Transform 111
Transform: AffineTransform_float_3_3
Parameters: 0.999999 0.000598274 -0.000684658 -0.000595726 0.999995 0.00309941 0.000686908 -0.00309859 0.999995 0.00570991 0.367897 -0.288567
FixedParameters: 0 0 0

#Transform 112
Transform: AffineTransform_float_3_3
Parameters: 0.999998 0.00120521 -0.00149274 -0.00119954 0.999992 0.00404359 0.00149759 -0.00404141 0.999991 -0.0387645 0.377046 -0.302126
FixedParameters: 0 0 0

#Transform 113
Transform: AffineTransform_float_3_3
Parameters: 0.999999 0.000412853 -0.000877012 -0.000408516 0.999991 0.00418736 0.000878471 -0.00418664 0.999991 -0.00141263 0.355241 -0.311978
FixedParameters: 0 0 0

#Transform 114
Transform: AffineTransform_float_3_3
Parameters: 0.999999 0.000162816 -0.00139524 -0.000158055 0.999995 0.00330438 0.00139602 -0.00330462 0.999993 0.0381258 0.279433 -0.500471
FixedParameters: 0 0 0

#Transform 115
Transform: AffineTransform_float_3_3
Parameters: 1 0.000613552 -0.000125215 -0.000613336 0.999997 0.00240008 0.000127239 -0.00239992 0.999997 -0.01855 0.35704 -0.238383
FixedParameters: 0 0 0

#Transform 116
Transform: AffineTransform_float_3_3
Parameters: 0.999999 0.00118082 -0.000473434 -0.00117878 0.999996 0.0028182 0.00047601 -0.0028178 0.999996 -0.0189651 0.378885 -0.231689
FixedParameters: 0 0 0

#Transform 117
Transform: AffineTransform_float_3_3
Parameters: 0.999999 0.000815016 -0.000267718 -0.000814529 0.999997 0.00235922 0.000269721 -0.00235878 0.999997 -0.00525885 0.331197 -0.389405
FixedParameters: 0 0 0

#Transform 118
Transform: AffineTransform_float_3_3
Parameters: 0.999999 0.0009109 -0.000398109 -0.000909291 0.999993 0.00347736 0.000401676 -0.00347663 0.999994 -0.00729759 0.372744 -0.293241
FixedParameters: 0 0 0

#Transform 119
Transform: AffineTransform_float_3_3
Parameters: 0.999999 0.00125648 -0.000667676 -0.00125429 0.999992 0.00377248 0.000672935 -0.00377152 0.999992 0.0136686 0.354577 -0.46841
FixedParameters: 0 0 0

#Transform 120
Transform: AffineTransform_float_3_3
Parameters: 0.999998 0.00157986 0.000286683 -0.00158044 0.999994 0.00312204 -0.000281669 -0.00312296 0.999995 -0.0125907 0.371609 -0.380638
FixedParameters: 0 0 0

#Transform 121
Transform: AffineTransform_float_3_3
Parameters: 1 0.00118887 -0.000284644 -0.00118885 0.999997 0.00208398 0.000286838 -0.00208402 0.999998 -0.0313442 0.332286 -0.182389
FixedParameters: 0 0 0

#Transform 122
Transform: AffineTransform_float_3_3
Parameters: 1 0.000196866 -0.000992441 -0.000190805 0.999982 0.00595835 0.000993944 -0.00595865 0.999982 -0.0200272 0.437613 -0.117174
FixedParameters: 0 0 0

#Transform 123
Transform: AffineTransform_float_3_3
Parameters: 0.999999 0.000241511 -0.000988558 -0.000235687 0.999985 0.00559724 0.00098911 -0.00559676 0.999984 -0.0123955 0.445713 -0.191194
FixedParameters: 0 0 0

#Transform 124
Transform: AffineTransform_float_3_3
Parameters: 0.999997 -0.00017231 -0.00235847 0.000183602 0.999988 0.0048726 0.00235735 -0.00487339 0.999985 -0.0619803 0.413661 -0.354074
FixedParameters: 0 0 0

#Transform 125
Transform: AffineTransform_float_3_3
Parameters: 0.999999 1.62099e-05 -0.000998079 -9.61269e-06 0.999979 0.00646101 0.000998749 -0.00646099 0.999978 -0.024228 0.442386 -0.239067
FixedParameters: 0 0 0

#Transform 126
Transform: AffineTransform_float_3_3
Parameters: 0.999999 -0.000153136 -0.00125456 0.000161978 0.999977 0.00677232 0.00125371 -0.00677269 0.999977 0.0108144 0.436668 -0.298443
FixedParameters: 0 0 0

#Transform 127
Transform: AffineTransform_float_3_3
Parameters: 0.999999 0.000318334 -0.000794973 -0.000314041 0.999982 0.0059924 0.000796644 -0.00599259 0.999982 0.012005 0.402569 -0.441432
FixedParameters: 0 0 0

#Transform 128
Transform: AffineTransform_float_3_3
Parameters: 0.999999 0.000691002 -0.000626 -0.000687085 0.999985 0.00541043 0.000629244 -0.00540957 0.999985 -0.00996551 0.399867 -0.363813
FixedParameters: 0 0 0

#Transform 129
Transform: AffineTransform_float_3_3
Parameters: 0.999999 0.000991102 9.18967e-05 -0.000991803 0.999985 0.0055214 -8.54115e-05 -0.0055216 0.999984 -0.00790082 0.422812 -0.328305
FixedParameters: 0 0 0

#Transform 130
Transform: AffineTransform_float_3_3
Parameters: 1 0.00101071 -0.000224303 -0.00100971 0.999985 0.00534587 0.00022919 -0.00534613 0.999986 0.0214591 0.389834 -0.461868
FixedParameters: 0 0 0

#Transform 131
Transform: AffineTransform_float_3_3
Parameters: 1 0.00112329 -0.000382728 -0.00112172 0.999984 0.00557643 0.000388803 -0.00557557 0.999985 -0.0100268 0.447858 -0.337251
FixedParameters: 0 0 0

#Transform 132
Transform: AffineTransform_float_3_3
Parameters: 0.999999 0.000822815 -0.00036515 -0.000820804 0.999988 0.0048643 0.000369462 -0.0048637 0.999988 -0.0226644 0.426363 -0.320691
FixedParameters: 0 0 0

#Transform 133
Transform: AffineTransform_float_3_3
Parameters: 1 0.00099854 -0.000546136 -0.000996535 0.999988 0.0048057 0.000550591 -0.0048053 0.999989 -0.0166366 0.411565 -0.354715
FixedParameters: 0 0 0

#Transform 134
Transform: AffineTransform_float_3_3
Parameters: 0.999999 0.000779499 -7.55545e-05 -0.000779126 0.999992 0.0040487 7.87131e-05 -0.0040493 0.999992 -0.011024 0.387874 -0.384461
FixedParameters: 0 0 0

#Transform 135
Transform: AffineTransform_float_3_3
Parameters: 1 0.0011265 -0.000204788 -0.00112581 0.99999 0.00416023 0.000209165 -0.00415977 0.999992 -0.0383717 0.445144 -0.241525
FixedParameters: 0 0 0

#Transform 136
Transform: AffineTransform_float_3_3
Parameters: 1 0.000875003 -0.000589245 -0.000873113 0.999994 0.00336952 0.000592764 -0.00336848 0.999994 -0.0330796 0.421877 -0.232561
FixedParameters: 0 0 0

#Transform 137
Transform: AffineTransform_float_3_3
Parameters: 1 0.00102881 -0.000334524 -0.00102808 0.999996 0.00283783 0.000337599 -0.00283717 0.999996 -0.0340892 0.4144 -0.320716
FixedParameters: 0 0 0

#Transform 138
Transform: AffineTransform_float_3_3
Parameters: 0.999999 0.000657869 -0.000440156 -0.000655766 0.999993 0.00371129 0.000442269 -0.00371071 0.999993 -0.0305216 0.431221 -0.226933
FixedParameters: 0 0 0

#Transform 139
Transform: AffineTransform_float_3_3
Parameters: 0.999999 0.000296778 -0.000962688 -0.000291983 0.999991 0.00432644 0.000964566 -0.00432657 0.999991 -0.01044 0.427149 -0.346177
FixedParameters: 0 0 0

#Transform 140
Transform: AffineTransform_float_3_3
Parameters: 1 0.000348785 -0.000442636 -0.000347195 0.999993 0.00371415 0.00044377 -0.00371385 0.999993 -0.019314 0.437515 -0.301285
FixedParameters: 0 0 0

#Transform 141
Transform: AffineTransform_float_3_3
Parameters: 0.999999 0.000583848 -0.000500169 -0.000581824 0.999993 0.00371429 0.000503048 -0.00371371 0.999993 -0.0199098 0.431965 -0.280221
FixedParameters: 0 0 0

#Transform 142
Transform: AffineTransform_float_3_3
Parameters: 1 0.000576241 -0.000737756 -0.000572828 0.999992 0.00372658 0.000739668 -0.00372642 0.999993 -0.00376954 0.41935 -0.334681
FixedParameters: 0 0 0

#Transform 143
Transform: AffineTransform_float_3_3
Parameters: 1 0.000664434 -7.87394e-05 -0.000663765 0.999994 0.00332269 8.09213e-05 -0.00332331 0.999994 -0.0153631 0.417652 -0.312129
FixedParameters: 0 0 0

#Transform 144
Transform: AffineTransform_float_3_3
Parameters: 1 0.000549056 -0.000347659 -0.000548723 0.999997 0.00235719 0.000349717 -0.00235681 0.999997 -0.0227053 0.380669 -0.233333
FixedParameters: 0 0 0

#Transform 145
Transform: AffineTransform_float_3_3
Parameters: 0.999999 0.0005977 -0.000764746 -0.000594229 0.999991 0.00423146 0.000767809 -0.00423054 0.999991 0.00483185 0.399985 -0.377953
FixedParameters: 0 0 0

#Transform 146
Transform: AffineTransform_float_3_3
Parameters: 0.999997 0.0012643 -0.0017072 -0.00125853 0.999993 0.0035651 0.00171131 -0.0035629 0.999992 -0.040653 0.428153 -0.306997
FixedParameters: 0 0 0

#Transform 147
Transform: AffineTransform_float_3_3
Parameters: 0.999999 0.000349574 -0.000850179 -0.000346997 0.999996 0.0030563 0.000851248 -0.0030557 0.999995 -0.0152797 0.378191 -0.220413
FixedParameters: 0 0 0

#Transform 148
Transform: AffineTransform_float_3_3
Parameters: 1 0.000276636 -3.61841e-05 -0.00027642 0.999995 0.00291101 3.77941e-05 -0.00291099 0.999996 0.0260201 0.34638 -0.465085
FixedParameters: 0 0 0

#Transform 149
Transform: AffineTransform_float_3_3
Parameters: 0.999999 0.000703542 9.08046e-05 -0.000703447 0.999997 0.00241978 -8.87117e-05 -0.00241922 0.999997 -0.0322766 0.373775 -0.177284
FixedParameters: 0 0 0

#Transform 150
Transform: AffineTransform_float_3_3
Parameters: 1 3.59667e-05 0.000116152 -3.64971e-05 0.999998 0.002285 -0.000115987 -0.00228501 0.999998 0.0239634 0.389159 -0.152225
FixedParameters: 0 0 0

#Transform 151
Transform: AffineTransform_float_3_3
Parameters: 1 0.000199559 4.89085e-06 -0.000199582 0.999996 0.002618 -3.84589e-06 -0.002618 0.999996 0.02487 0.421201 -0.227988
FixedParameters: 0 0 0

#Transform 152
Transform: AffineTransform_float_3_3
Parameters: 0.999999 0.000805117 1.0596e-05 -0.00080543 0.999994 0.00317099 -8.64118e-06 -0.00317101 0.999995 9.6988e-05 0.450679 -0.187531
FixedParameters: 0 0 0

#Transform 153
Transform: AffineTransform_float_3_3
Parameters: 0.999999 0.000849584 -0.000322014 -0.000848227 0.999992 0.00390328 0.000325879 -0.00390273 0.999993 -0.00252789 0.445299 -0.222613
FixedParameters: 0 0 0

#Transform 154
Transform: AffineTransform_float_3_3
Parameters: 0.999999 0.0013572 0.000434367 -0.00135865 0.999988 0.00475026 -0.000428021 -0.00475074 0.999989 0.0322089 0.403816 -0.528589
FixedParameters: 0 0 0

#Transform 155
Transform: AffineTransform_float_3_3
Parameters: 0.999999 0.00137314 -0.00020288 -0.00137287 0.999987 0.00504193 0.000209891 -0.00504208 0.999988 -0.0150544 0.447345 -0.342376
FixedParameters: 0 0 0

#Transform 156
Transform: AffineTransform_float_3_3
Parameters: 0.999999 0.00130902 -0.000224255 -0.00130832 0.999989 0.00467779 0.000230584 -0.00467722 0.999989 0.000326666 0.430517 -0.346082
FixedParameters: 0 0 0

#Transform 157
Transform: AffineTransform_float_3_3
Parameters: 0.999999 0.00143293 0.000140878 -0.00143373 0.999989 0.00440165 -0.000134955 -0.00440135 0.99999 0.0109122 0.38649 -0.553097
FixedParameters: 0 0 0

#Transform 158
Transform: AffineTransform_float_3_3
Parameters: 0.999999 0.00134717 -0.000374476 -0.00134658 0.999994 0.00337115 0.000378954 -0.00337085 0.999995 -0.0361598 0.408833 -0.29894
FixedParameters: 0 0 0

#Transform 159
Transform: AffineTransform_float_3_3
Parameters: 1 0.000498778 -0.000279406 -0.000496896 0.999988 0.00474214 0.000282286 -0.00474186 0.999988 0.0167513 0.400397 -0.422772
FixedParameters: 0 0 0

#Transform 160
Transform: AffineTransform_float_3_3
Parameters: 0.999999 0.000753194 1.70545e-05 -0.000753579 0.99999 0.00435799 -1.36402e-05 -0.00435801 0.999991 0.00199675 0.412069 -0.449706
FixedParameters: 0 0 0

#Transform 161
Transform: AffineTransform_float_3_3
Parameters: 1 0.000267838 -0.00095697 -0.000263239 0.99999 0.00445625 0.000957748 -0.00445574 0.999989 0.00187394 0.42709 -0.311568
FixedParameters: 0 0 0

#Transform 162
Transform: AffineTransform_float_3_3
Parameters: 0.999999 0.000261188 -0.000801515 -0.000257256 0.999992 0.00408636 0.000802574 -0.00408664 0.999992 0.00278005 0.420177 -0.326437
FixedParameters: 0 0 0

#Transform 163
Transform: AffineTransform_float_3_3
Parameters: 0.999999 0.000716547 0.000218576 -0.000717133 0.999992 0.00378784 -0.000215768 -0.00378815 0.999993 -0.0110028 0.415819 -0.423863
FixedParameters: 0 0 0

#Transform 164
Transform: AffineTransform_float_3_3
Parameters: 1 0.000942816 -0.000373812 -0.000941943 0.999994 0.00324699 0.00037625 -0.00324701 0.999994 -0.0340103 0.42228 -0.270678
FixedParameters: 0 0 0

#Transform 165
Transform: AffineTransform_float_3_3
Parameters: 0.999999 0.000638593 -0.000331135 -0.000637257 0.999992 0.00377521 0.00033319 -0.00377479 0.999993 -0.0026524 0.424012 -0.32878
FixedParameters: 0 0 0

#Transform 166
Transform: AffineTransform_float_3_3
Parameters: 0.999999 0.000711676 0.000260377 -0.000712258 0.999994 0.00316281 -0.000258495 -0.00316318 0.999995 -0.00793522 0.417689 -0.376716
FixedParameters: 0 0 0

#Transform 167
Transform: AffineTransform_float_3_3
Parameters: 1 0.000675342 -2.77456e-05 -0.000675611 0.999997 0.00211402 2.9681e-05 -0.00211398 0.999998 -0.0146252 0.407749 -0.18428
FixedParameters: 0 0 0

#Transform 168
Transform: AffineTransform_float_3_3
Parameters: 1 0.000133938 -8.13301e-05 -0.000133837 0.999996 0.00302501 8.12196e-05 -0.00302499 0.999996 0.0215057 0.421891 -0.221284
FixedParameters: 0 0 0

#Transform 169
Transform: AffineTransform_float_3_3
Parameters: 0.999999 0.000845084 0.000350832 -0.000845831 0.999994 0.00333855 -0.00034912 -0.00333845 0.999994 0.0233162 0.38688 -0.457118
FixedParameters: 0 0 0

#Transform 170
Transform: AffineTransform_float_3_3
Parameters: 1 0.000157346 -0.000278688 -0.000156572 0.999993 0.00373804 0.000279331 -0.00373796 0.999993 0.0213338 0.420805 -0.305183
FixedParameters: 0 0 0

#Transform 171
Transform: AffineTransform_float_3_3
Parameters: 0.999999 0.000862602 -5.86527e-05 -0.000862402 0.999992 0.00373805 6.19486e-05 -0.00373795 0.999993 0.025245 0.357944 -0.621873
FixedParameters: 0 0 0

#Transform 172
Transform: AffineTransform_float_3_3
Parameters: 0.999999 0.000909745 0.000473189 -0.000910708 0.999994 0.00311857 -0.000470524 -0.00311943 0.999995 0.00187615 0.409067 -0.295103
FixedParameters: 0 0 0

#Transform 173
Transform: AffineTransform_float_3_3
Parameters: 1 0.000324421 -1.27453e-05 -0.000324721 0.999994 0.00338901 1.40247e-05 -0.003389 0.999995 0.0230695 0.40735 -0.282618
FixedParameters: 0 0 0

#Transform 174
Transform: AffineTransform_float_3_3
Parameters: 0.999999 0.000722383 0.000695139 -0.000724011 0.999995 0.00288086 -0.000693065 -0.00288114 0.999996 0.0293925 0.363263 -0.49213
FixedParameters: 0 0 0

#Transform 175
Transform: AffineTransform_float_3_3
Parameters: 1 -0.000338008 0.000550229 0.000336397 0.999996 0.00300919 -0.000550808 -0.00300882 0.999996 0.00805856 0.418452 -0.225688
FixedParameters: 0 0 0

#Transform 176
Transform: AffineTransform_float_3_3
Parameters: 0.999999 -0.000562525 0.000738891 0.000560685 0.999995 0.00328006 -0.000740595 -0.00327994 0.999994 0.0300511 0.422722 -0.293141
FixedParameters: 0 0 0

#Transform 177
Transform: AffineTransform_float_3_3
Parameters: 1 -8.95903e-05 -0.000392866 9.17833e-05 0.999987 0.00513496 0.000392716 -0.00513503 0.999986 0.0397893 0.441376 -0.457183
FixedParameters: 0 0 0

#Transform 178
Transform: AffineTransform_float_3_3
Parameters: 1 0.000978937 -0.000272267 -0.000977076 0.999992 0.00384891 0.000276643 -0.00384909 0.999992 0.00608369 0.458429 -0.326443
FixedParameters: 0 0 0

#Transform 179
Transform: AffineTransform_float_3_3
Parameters: 1 0.000653447 -4.82435e-05 -0.000653005 0.999995 0.00308403 5.00409e-05 -0.00308397 0.999995 0.0227033 0.402613 -0.309624
FixedParameters: 0 0 0
