#Insight Transform File V1.0
#Transform 0
Transform: AffineTransform_float_3_3
Parameters: 1 0.000117537 0.00032816 -0.000117591 1 8.19614e-05 -0.000328141 -8.20386e-05 1 0.074746 -0.182852 -0.302233
FixedParameters: 0 0 0

#Transform 1
Transform: AffineTransform_float_3_3
Parameters: 0.999999 0.000729303 -0.000303712 -0.000729 0.999999 0.000498221 0.000304438 -0.000497778 1 0.0155951 0.0106738 -0.0213283
FixedParameters: 0 0 0

#Transform 2
Transform: AffineTransform_float_3_3
Parameters: 0.999999 0.000817166 -0.000270745 -0.000817121 0.999999 8.22214e-05 0.000270879 -8.17788e-05 1 0.00424949 0.0562294 -0.0222992
FixedParameters: 0 0 0

#Transform 3
Transform: AffineTransform_float_3_3
Parameters: 0.999999 0.000729153 -0.000304072 -0.000729151 0.999999 4.22187e-06 0.000304078 -3.77844e-06 1 -0.00582104 0.0798842 -0.0358868
FixedParameters: 0 0 0

#Transform 4
Transform: AffineTransform_float_3_3
Parameters: 0.999999 0.00087738 -0.000366919 -0.000877326 0.999999 7.33221e-05 0.000367047 -7.26781e-05 1 0.000610392 0.0866904 -0.041834
FixedParameters: 0 0 0

#Transform 5
Transform: AffineTransform_float_3_3
Parameters: 1 0.00104971 -0.000111613 -0.00105001 1 0.000410758 0.000111555 -0.000411243 1 0.00402829 0.0704035 -0.0616764
FixedParameters: 0 0 0

#Transform 6
Transform: AffineTransform_float_3_3
Parameters: 1 0.00105534 -0.000208478 -0.00105556 1 0.000427708 0.00020846 -0.000427293 1 -0.0155144 0.06279 -0.0646
FixedParameters: 0 0 0

#Transform 7
Transform: AffineTransform_float_3_3
Parameters: 0.999999 0.00144713 0.000584171 -0.00144769 1 0.00015285 -0.000584649 -0.000153152 1 -0.00527975 0.0731217 -0.0867649
FixedParameters: 0 0 0

#Transform 8
Transform: AffineTransform_float_3_3
Parameters: 1 0.00120134 0.000114612 -0.00120093 0.999999 -9.34972e-05 -0.000113915 9.25033e-05 1 0.00545533 0.0704319 -0.0982952
FixedParameters: 0 0 0

#Transform 9
Transform: AffineTransform_float_3_3
Parameters: 1 0.00120806 -7.2289e-06 -0.00120805 0.999999 0.00033265 8.03344e-06 -0.00033335 1 -0.0119431 0.0891474 -0.0822863
FixedParameters: 0 0 0

#Transform 10
Transform: AffineTransform_float_3_3
Parameters: 0.999999 0.000782311 7.96941e-05 -0.000782318 0.999999 4.69378e-05 -7.96206e-05 -4.70624e-05 1 0.00769745 0.0964404 -0.143561
FixedParameters: 0 0 0

#Transform 11
Transform: AffineTransform_float_3_3
Parameters: 0.999999 0.0012859 0.000586886 -0.00128549 1 -0.000344908 -0.000587772 0.000344092 1 -0.0106647 0.0978868 -0.0900821
FixedParameters: 0 0 0

#Transform 12
Transform: AffineTransform_float_3_3
Parameters: 1 0.000885626 0.000322236 -0.000884919 0.999999 -0.000491285 -0.000322185 0.000490714 1 -0.00500811 0.0810545 -0.148859
FixedParameters: 0 0 0

#Transform 13
Transform: AffineTransform_float_3_3
Parameters: 1 0.00112783 0.000252987 -0.00112812 0.999999 -0.000475645 -0.000252748 0.000474355 1 -0.012152 0.0915547 -0.091691
FixedParameters: 0 0 0

#Transform 14
Transform: AffineTransform_float_3_3
Parameters: 0.999999 0.00133212 0.00052335 -0.00133227 0.999999 -0.000735851 -0.000524919 0.000735149 1 -0.0291362 0.0837001 -0.124786
FixedParameters: 0 0 0

#Transform 15
Transform: AffineTransform_float_3_3
Parameters: 0.999999 0.00138692 0.000521697 -0.001387 0.999999 -0.000804877 -0.000523538 0.000804122 1 -0.0254319 0.0880639 -0.11073
FixedParameters: 0 0 0

#Transform 16
Transform: AffineTransform_float_3_3
Parameters: 0.999999 0.00134372 0.000335676 -0.00134273 0.999999 -0.000883604 -0.000337129 0.000883395 1 -0.0256709 0.0867018 -0.151443
FixedParameters: 0 0 0

#Transform 17
Transform: AffineTransform_float_3_3
Parameters: 0.999999 0.0012708 0.000267102 -0.00127142 0.999999 -0.000553852 -0.000268119 0.000553147 0.999999 -0.0197742 0.0815915 -0.149525
FixedParameters: 0 0 0

#Transform 18
Transform: AffineTransform_float_3_3
Parameters: 1 0.00106959 0.000349965 -0.00106934 0.999999 -0.00110353 -0.000351014 0.00110347 0.999999 -0.0106408 0.0758211 -0.218339
FixedParameters: 0 0 0

#Transform 19
Transform: AffineTransform_float_3_3
Parameters: 0.999999 0.000917445 0.000296143 -0.000917223 0.999999 -0.00126827 -0.000297158 0.00126773 0.999999 -0.0113766 0.0861007 -0.224405
FixedParameters: 0 0 0

#Transform 20
Transform: AffineTransform_float_3_3
Parameters: 0.999999 0.000713062 0.000230172 -0.000712257 1 -0.000900165 -0.000230534 0.000899837 1 -0.00595442 0.0661764 -0.28654
FixedParameters: 0 0 0

#Transform 21
Transform: AffineTransform_float_3_3
Parameters: 0.999999 0.000726652 0.000262693 -0.000726408 0.999999 -0.000465191 -0.000263369 0.000464808 1 -0.00759173 0.0750534 -0.248968
FixedParameters: 0 0 0

#Transform 22
Transform: AffineTransform_float_3_3
Parameters: 0.999999 0.000899162 6.71257e-05 -0.000898622 0.999999 -0.00109821 -6.818e-05 0.00109879 0.999999 -0.00971417 0.0534564 -0.337649
FixedParameters: 0 0 0

#Transform 23
Transform: AffineTransform_float_3_3
Parameters: 0.999999 0.000749835 0.000316745 -0.00074933 0.999999 -0.000795237 -0.000317937 0.000794761 0.999999 -0.0102165 0.0673096 -0.281416
FixedParameters: 0 0 0

#Transform 24
Transform: AffineTransform_float_3_3
Parameters: 0.999999 0.000813492 0.000126713 -0.000812918 0.999999 -0.000720102 -0.000126963 0.000719896 0.999999 -0.0128395 0.0671227 -0.289893
FixedParameters: 0 0 0

#Transform 25
Transform: AffineTransform_float_3_3
Parameters: 1 0.000939519 -6.03464e-06 -0.000940446 0.999999 -0.000524994 5.43838e-06 0.000525005 1 -0.0183847 0.0778366 -0.270793
FixedParameters: 0 0 0

#Transform 26
Transform: AffineTransform_float_3_3
Parameters: 0.999999 0.000920667 -2.76024e-05 -0.000920319 0.999999 -0.000786334 2.70759e-05 0.000785665 1 -0.00988897 0.055082 -0.331749
FixedParameters: 0 0 0

#Transform 27
Transform: AffineTransform_float_3_3
Parameters: 0.999999 0.00147494 -3.49695e-05 -0.00147459 0.999998 -0.000645308 3.39875e-05 0.000644691 1 -0.0333792 0.0635995 -0.321768
FixedParameters: 0 0 0

#Transform 28
Transform: AffineTransform_float_3_3
Parameters: 1 0.000689965 0.000102315 -0.000689887 0.999999 -0.00038207 -0.000102842 0.000381929 1 -0.00676483 0.054113 -0.321004
FixedParameters: 0 0 0

#Transform 29
Transform: AffineTransform_float_3_3
Parameters: 0.999999 0.000750161 -1.69798e-06 -0.000750163 0.999999 -0.000653151 7.17507e-07 0.000653847 0.999999 -0.00740438 0.0510602 -0.359816
FixedParameters: 0 0 0

#Transform 30
Transform: AffineTransform_float_3_3
Parameters: 0.999999 0.0013607 0.000168658 -0.00136 0.999998 -0.00091323 -0.000170221 0.000912769 1 -0.0340211 0.0635969 -0.342616
FixedParameters: 0 0 0

#Transform 31
Transform: AffineTransform_float_3_3
Parameters: 1 0.000300791 1.22466e-05 -0.000301693 0.999999 -0.000730003 -1.22957e-05 0.000729996 0.999999 -0.00084098 0.0717668 -0.375527
FixedParameters: 0 0 0

#Transform 32
Transform: AffineTransform_float_3_3
Parameters: 0.999999 0.000846126 4.79043e-05 -0.000846088 0.999999 -0.00038904 -4.85625e-05 0.000388959 1 -0.0175078 0.0749253 -0.353941
FixedParameters: 0 0 0

#Transform 33
Transform: AffineTransform_float_3_3
Parameters: 1 0.00042621 5.43606e-06 -0.000427117 0.999999 -0.001186 -6.05738e-06 0.001186 1 -0.00269023 0.0514888 -0.388369
FixedParameters: 0 0 0

#Transform 34
Transform: AffineTransform_float_3_3
Parameters: 1 0.00106327 5.79968e-05 -0.00106325 0.999999 -0.000170061 -5.83583e-05 0.000169938 1 -0.0231938 0.0584692 -0.411997
FixedParameters: 0 0 0

#Transform 35
Transform: AffineTransform_float_3_3
Parameters: 1 0.00103795 -9.17707e-05 -0.00103773 0.999999 -0.000923264 9.07753e-05 0.000922734 0.999999 -0.0187179 0.0520922 -0.394968
FixedParameters: 0 0 0

#Transform 36
Transform: AffineTransform_float_3_3
Parameters: 1 0.000587747 -5.16877e-06 -0.000587749 1 -0.000195997 4.93836e-06 0.000196003 1 -0.0106138 0.0673067 -0.413418
FixedParameters: 0 0 0

#Transform 37
Transform: AffineTransform_float_3_3
Parameters: 1 0.00040576 0.000111264 -0.000405735 1 -0.000115045 -0.000111357 0.000114955 1 -0.00271076 0.0621927 -0.373177
FixedParameters: 0 0 0

#Transform 38
Transform: AffineTransform_float_3_3
Parameters: 1 0.000373714 3.57595e-05 -0.000373701 1 -0.000186013 -3.58985e-05 0.000185987 1 -0.00209433 0.0645752 -0.415903
FixedParameters: 0 0 0

#Transform 39
Transform: AffineTransform_float_3_3
Parameters: 1 0.00036903 2.46139e-05 -0.000369007 1 -0.000458009 -2.49519e-05 0.000457991 1 -0.00199374 0.0655784 -0.389024
FixedParameters: 0 0 0

#Transform 40
Transform: AffineTransform_float_3_3
Parameters: 1 0.000381547 5.40643e-05 -0.000381497 1 -0.00045802 -5.44138e-05 0.000457979 1 -0.00222568 0.0579763 -0.414468
FixedParameters: 0 0 0

#Transform 41
Transform: AffineTransform_float_3_3
Parameters: 1 0.000388922 7.18598e-05 -0.000389361 1 0.000336972 -7.2518e-05 -0.000337028 1 -0.00243978 0.0551281 -0.398585
FixedParameters: 0 0 0

#Transform 42
Transform: AffineTransform_float_3_3
Parameters: 1 6.03301e-05 -6.25803e-05 -6.03811e-05 1 -0.000407996 6.2531e-05 0.000408004 1 0.00281932 0.0577281 -0.408167
FixedParameters: 0 0 0

#Transform 43
Transform: AffineTransform_float_3_3
Parameters: 1 0.000621162 -5.93812e-05 -0.000621153 1 7.9037e-05 5.94793e-05 -7.89632e-05 1 -0.0171377 0.0658149 -0.41308
FixedParameters: 0 0 0

#Transform 44
Transform: AffineTransform_float_3_3
Parameters: 1 0.000387065 6.67081e-05 -0.00038653 1 -0.00108018 -6.66234e-05 0.00108082 0.999999 -0.00509179 0.0678826 -0.426192
FixedParameters: 0 0 0

#Transform 45
Transform: AffineTransform_float_3_3
Parameters: 1 0.000375277 3.9451e-05 -0.000375264 1 -0.000160015 -3.95711e-05 0.000159985 1 -0.00664169 0.0486533 -0.446366
FixedParameters: 0 0 0

#Transform 46
Transform: AffineTransform_float_3_3
Parameters: 1 0.000621812 -0.000265192 -0.000621538 1 -0.000219835 0.000265839 0.000220165 1 -0.0125876 0.0544567 -0.453609
FixedParameters: 0 0 0

#Transform 47
Transform: AffineTransform_float_3_3
Parameters: 1 0.000340854 -4.17545e-05 -0.000340918 0.999999 -0.000765985 4.12323e-05 0.000766014 0.999999 -0.00146146 0.0415228 -0.437643
FixedParameters: 0 0 0

#Transform 48
Transform: AffineTransform_float_3_3
Parameters: 1 0.000381934 5.50122e-05 -0.000381892 1 -0.000386021 -5.5307e-05 0.000385979 1 -0.00711574 0.0496028 -0.469993
FixedParameters: 0 0 0

#Transform 49
Transform: AffineTransform_float_3_3
Parameters: 1 0.000367088 1.97722e-05 -0.000367043 1 -0.00111201 -2.05885e-05 0.00111199 1 -0.00398201 0.0512547 -0.480642
FixedParameters: 0 0 0

#Transform 50
Transform: AffineTransform_float_3_3
Parameters: 1 0.000129381 3.83742e-05 -0.000130211 1 -0.00118401 -3.82908e-05 0.001184 1 0.00154243 0.0314985 -0.493778
FixedParameters: 0 0 0

#Transform 51
Transform: AffineTransform_float_3_3
Parameters: 1 0.000319504 -5.87121e-05 -0.00031958 0.999999 -0.000644981 5.82999e-05 0.000645018 1 -0.00934931 0.0347423 -0.450882
FixedParameters: 0 0 0

#Transform 52
Transform: AffineTransform_float_3_3
Parameters: 1 8.55063e-05 -5.70149e-05 -8.55881e-05 0.999999 -0.000717995 5.6892e-05 0.000718004 0.999999 0.00246897 0.0413545 -0.467715
FixedParameters: 0 0 0

#Transform 53
Transform: AffineTransform_float_3_3
Parameters: 1 0.000174344 9.52336e-05 -0.000174009 0.999999 -0.00175102 -9.58436e-05 0.00175098 0.999999 0.000696356 0.0247802 -0.558492
FixedParameters: 0 0 0

#Transform 54
Transform: AffineTransform_float_3_3
Parameters: 1 0.000174041 -2.51971e-05 -0.000173707 1 -0.001123 2.57271e-05 0.00112301 1 -0.00200074 0.0480955 -0.510804
FixedParameters: 0 0 0

#Transform 55
Transform: AffineTransform_float_3_3
Parameters: 1 0.000296813 -0.000135063 -0.000297104 1 -0.00107896 0.000134422 0.00107904 1 -0.00490194 0.0382932 -0.550357
FixedParameters: 0 0 0

#Transform 56
Transform: AffineTransform_float_3_3
Parameters: 1 3.77831e-06 5.48974e-05 -3.71979e-06 1 -0.000533 -5.49014e-05 0.000533 1 0.00329653 0.0461458 -0.515278
FixedParameters: 0 0 0

#Transform 57
Transform: AffineTransform_float_3_3
Parameters: 1 0.000127356 -0.000104214 -0.000127577 1 -0.00105999 0.000103944 0.00106001 1 0.00186722 0.0208344 -0.585475
FixedParameters: 0 0 0

#Transform 58
Transform: AffineTransform_float_3_3
Parameters: 1 8.99316e-05 -0.000151302 -9.02198e-05 0.999999 -0.000952985 0.00015113 0.000953013 0.999999 -0.000466953 0.0391726 -0.526243
FixedParameters: 0 0 0

#Transform 59
Transform: AffineTransform_float_3_3
Parameters: 1 0.00012646 -5.27047e-05 -0.000126539 0.999999 -0.000750993 5.25147e-05 0.000751006 0.999999 -0.00439648 0.0207597 -0.568607
FixedParameters: 0 0 0

#Transform 60
Transform: AffineTransform_float_3_3
Parameters: 1 0.000141971 -0.000365898 -0.000142875 0.999999 -0.00123695 0.000365546 0.00123705 0.999999 -0.00456095 0.0112848 -0.597278
FixedParameters: 0 0 0

#Transform 61
Transform: AffineTransform_float_3_3
Parameters: 1 2.15116e-05 -0.000349507 -2.20084e-05 0.999998 -0.00202899 0.000349028 0.00202901 0.999998 -0.00280019 0.0118973 -0.601456
FixedParameters: 0 0 0

#Transform 62
Transform: AffineTransform_float_3_3
Parameters: 1 6.48074e-05 -0.000204864 -6.5556e-05 0.999999 -0.00182799 0.000204625 0.00182801 0.999999 0.000798828 0.0145198 -0.637437
FixedParameters: 0 0 0

#Transform 63
Transform: AffineTransform_float_3_3
Parameters: 1 7.68503e-05 -0.000393628 -7.75422e-05 0.999999 -0.00137397 0.000394336 0.00137403 0.999999 0.00333395 0.0145165 -0.594569
FixedParameters: 0 0 0

#Transform 64
Transform: AffineTransform_float_3_3
Parameters: 1 3.96374e-05 -0.000179939 -3.88212e-05 0.999999 -0.00137399 0.000180361 0.00137401 0.999999 0.00335807 0.00959254 -0.658257
FixedParameters: 0 0 0

#Transform 65
Transform: AffineTransform_float_3_3
Parameters: 1 0.000150291 -0.000221501 -0.000150234 0.999999 -0.000750966 0.000222195 0.000751033 0.999999 -0.00204733 0.0166821 -0.619768
FixedParameters: 0 0 0

#Transform 66
Transform: AffineTransform_float_3_3
Parameters: 1 7.85156e-05 -5.29938e-05 -7.86323e-05 1 -0.001103 5.28205e-05 0.001103 1 0.000223254 0.0338405 -0.601392
FixedParameters: 0 0 0

#Transform 67
Transform: AffineTransform_float_3_3
Parameters: 1 -8.47779e-05 -0.000237785 8.45353e-05 1 -0.00051002 0.000237871 0.00050998 1 -0.00426801 0.0322618 -0.620545
FixedParameters: 0 0 0

#Transform 68
Transform: AffineTransform_float_3_3
Parameters: 1 9.03926e-05 -1.998e-05 -9.04243e-05 0.999999 -0.000795998 1.9836e-05 0.000796001 0.999999 -0.00194896 0.00553981 -0.626784
FixedParameters: 0 0 0

#Transform 69
Transform: AffineTransform_float_3_3
Parameters: 1 8.64923e-05 -7.26092e-05 -8.65486e-05 1 -0.000387994 7.25421e-05 0.000388006 1 -0.00203283 0.0219927 -0.647984
FixedParameters: 0 0 0

#Transform 70
Transform: AffineTransform_float_3_3
Parameters: 1 0.000578189 -7.66689e-05 -0.000578366 0.999999 -0.00116996 7.53157e-05 0.00117004 1 -0.0212194 0.0414848 -0.633834
FixedParameters: 0 0 0

#Transform 71
Transform: AffineTransform_float_3_3
Parameters: 1 0.00038779 -0.000445134 -0.000388169 1 -0.000425827 0.000444803 0.000426172 1 -0.0183842 0.0295172 -0.655399
FixedParameters: 0 0 0

#Transform 72
Transform: AffineTransform_float_3_3
Parameters: 1 0.000112164 -0.000418317 -0.000112907 0.999999 -0.000887593 0.000418117 0.000888407 1 -0.0143142 0.0183591 -0.640387
FixedParameters: 0 0 0

#Transform 73
Transform: AffineTransform_float_3_3
Parameters: 1 0.000196631 -0.000391128 -0.000197112 1 -0.000615923 0.000390886 0.000616077 0.999999 -0.0156756 0.0130551 -0.65294
FixedParameters: 0 0 0

#Transform 74
Transform: AffineTransform_float_3_3
Parameters: 1 0.000150356 -0.00049975 -0.000151175 0.999999 -0.000818924 0.000499503 0.000819074 0.999999 -0.0147543 0.018201 -0.656051
FixedParameters: 0 0 0

#Transform 75
Transform: AffineTransform_float_3_3
Parameters: 1 -2.43302e-05 -0.000292768 2.4325e-05 1 -9.00711e-06 0.000292768 8.99287e-06 1 -0.00911182 0.0166882 -0.651436
FixedParameters: 0 0 0

#Transform 76
Transform: AffineTransform_float_3_3
Parameters: 1 0.000177502 -0.000436203 -0.00017795 1 -0.000512922 0.00043602 0.000513077 1 -0.0152638 0.00582033 -0.688392
FixedParameters: 0 0 0

#Transform 77
Transform: AffineTransform_float_3_3
Parameters: 1 3.60448e-05 -0.000340085 -3.59053e-05 1 0.000205012 0.0003401 -0.000204988 1 -0.0133275 0.00178898 -0.674838
FixedParameters: 0 0 0

#Transform 78
Transform: AffineTransform_float_3_3
Parameters: 1 0.000186917 -0.000414104 -0.00018729 1 -0.000450922 0.000413935 0.000451077 1 -0.0154412 0.00808595 -0.666351
FixedParameters: 0 0 0

#Transform 79
Transform: AffineTransform_float_3_3
Parameters: 1 0.000212019 -0.000355162 -0.000212201 1 -0.000256925 0.000355053 0.000257075 1 -0.0159449 0.017348 -0.695752
FixedParameters: 0 0 0

#Transform 80
Transform: AffineTransform_float_3_3
Parameters: 1 0.000187854 -0.000412193 -0.000187915 1 -7.39225e-05 0.000412165 7.40774e-05 1 -0.0155024 -0.000193546 -0.667329
FixedParameters: 0 0 0

#Transform 81
Transform: AffineTransform_float_3_3
Parameters: 1 0.000190628 -0.000405731 -0.000190612 1 2.02301e-05 0.000405739 -2.077e-05 1 -0.0155183 0.009528 -0.72072
FixedParameters: 0 0 0

#Transform 82
Transform: AffineTransform_float_3_3
Parameters: 1 0.00018962 -0.000408417 -0.000189275 1 0.000422077 0.000408576 -0.000421922 1 -0.0155168 0.0151661 -0.679387
FixedParameters: 0 0 0

#Transform 83
Transform: AffineTransform_float_3_3
Parameters: 1 0.000226113 -0.000322014 -0.00022624 1 -0.000197927 0.000321924 0.000198073 1 -0.0162519 0.00804441 -0.722716
FixedParameters: 0 0 0

#Transform 84
Transform: AffineTransform_float_3_3
Parameters: 1 3.65453e-05 -0.000372755 -3.68139e-05 0.999999 0.000874013 0.00037321 -0.000873986 0.999999 -0.0132289 0.0217358 -0.683191
FixedParameters: 0 0 0

#Transform 85
Transform: AffineTransform_float_3_3
Parameters: 1 -3.68675e-05 -0.000363464 3.7034e-05 1 0.000228987 0.000363447 -0.000229013 1 -0.012207 0.00672 -0.722682
FixedParameters: 0 0 0

#Transform 86
Transform: AffineTransform_float_3_3
Parameters: 1 2.08451e-05 -0.00032804 -2.04246e-05 0.999999 0.00123801 0.000327171 -0.00123799 0.999999 -0.0132715 0.0243936 -0.667283
FixedParameters: 0 0 0

#Transform 87
Transform: AffineTransform_float_3_3
Parameters: 1 0.000192591 -0.000401124 -0.000192556 1 4.30773e-05 0.000401141 -4.29228e-05 1 -0.0155965 0.00458704 -0.721186
FixedParameters: 0 0 0

#Transform 88
Transform: AffineTransform_float_3_3
Parameters: 1 8.51753e-06 -0.000382593 -8.70995e-06 0.999999 0.000951363 0.000383 -0.000950637 1 -0.0128493 0.028723 -0.670035
FixedParameters: 0 0 0

#Transform 89
Transform: AffineTransform_float_3_3
Parameters: 1 -9.18557e-05 -0.000280399 9.18691e-05 1 2.39742e-05 0.000280394 -2.40257e-05 1 -0.0116561 -0.00512401 -0.759643
FixedParameters: 0 0 0

#Transform 90
Transform: AffineTransform_float_3_3
Parameters: 1 0.000189296 -0.000399378 -0.000189798 1 0.00101408 0.000399233 -0.00101393 1 -0.0222845 0.00295927 -0.716953
FixedParameters: 0 0 0

#Transform 91
Transform: AffineTransform_float_3_3
Parameters: 1 -2.46863e-06 -0.000623458 2.26908e-06 1 0.000577998 0.000623846 -0.000578001 0.999999 -0.0285326 -0.000980856 -0.753949
FixedParameters: 0 0 0

#Transform 92
Transform: AffineTransform_float_3_3
Parameters: 1 4.35582e-05 -0.000641622 -4.30863e-05 0.999999 0.00139003 0.000641212 -0.00138997 0.999999 -0.036479 0.015745 -0.732324
FixedParameters: 0 0 0

#Transform 93
Transform: AffineTransform_float_3_3
Parameters: 0.999999 8.68954e-05 -0.000770217 -8.61212e-05 1 -9.49336e-05 0.00076981 9.50668e-05 0.999999 -0.0326256 -0.00895554 -0.762053
FixedParameters: 0 0 0

#Transform 94
Transform: AffineTransform_float_3_3
Parameters: 0.999999 0.000153623 -0.00083186 -0.000153495 0.999999 0.00062928 0.000832444 -0.000629719 0.999999 -0.0503833 -0.0251643 -0.787684
FixedParameters: 0 0 0

#Transform 95
Transform: AffineTransform_float_3_3
Parameters: 1 -0.000229431 -0.000513153 0.000229082 1 0.000556882 0.000513289 -0.000557118 0.999999 -0.015119 0.000809152 -0.741429
FixedParameters: 0 0 0

#Transform 96
Transform: AffineTransform_float_3_3
Parameters: 0.999999 -0.000296791 -0.000851702 0.000297906 1 0.000655106 0.000851312 -0.000654893 1 -0.0300331 0.0197559 -0.762635
FixedParameters: 0 0 0

#Transform 97
Transform: AffineTransform_float_3_3
Parameters: 0.999999 -1.25029e-05 -0.000761627 1.26811e-05 1 0.00011699 0.000761624 -0.00011701 0.999999 -0.0517724 0.0108033 -0.746153
FixedParameters: 0 0 0

#Transform 98
Transform: AffineTransform_float_3_3
Parameters: 0.999999 -1.45863e-05 -0.000950848 1.48003e-05 1 0.000112139 0.000950844 -0.000112861 0.999999 -0.0445434 -0.0163744 -0.818601
FixedParameters: 0 0 0

#Transform 99
Transform: AffineTransform_float_3_3
Parameters: 1 0.000110878 -0.000985965 -0.000110119 0.999998 0.00151626 0.000986161 -0.00151674 0.999998 -0.0562635 0.0104416 -0.745659
FixedParameters: 0 0 0

#Transform 100
Transform: AffineTransform_float_3_3
Parameters: 1 0.000474039 -0.000950073 -0.000473758 1 0.000837604 0.000950337 -0.000837398 1 -0.0517389 0.00141092 -0.798361
FixedParameters: 0 0 0

#Transform 101
Transform: AffineTransform_float_3_3
Parameters: 1 0.000876579 -0.000719552 -0.000876373 1 0.000143424 0.000719804 -0.000143576 1 -0.0683268 9.06436e-05 -0.792275
FixedParameters: 0 0 0

#Transform 102
Transform: AffineTransform_float_3_3
Parameters: 0.999999 0.000363381 -0.000730969 -0.000363088 0.999999 0.000200418 0.000731114 -0.000200582 1 -0.0547103 0.00891967 -0.80843
FixedParameters: 0 0 0

#Transform 103
Transform: AffineTransform_float_3_3
Parameters: 0.999999 0.000337583 -0.00079249 -0.000336918 0.999999 0.000666267 0.000792019 -0.000665732 0.999999 -0.0501774 0.0105148 -0.790055
FixedParameters: 0 0 0

#Transform 104
Transform: AffineTransform_float_3_3
Parameters: 1 0.000277027 -0.000535515 -0.000277649 1 0.000644149 0.000535342 -0.000643851 0.999999 -0.0433496 -0.00586865 -0.82452
FixedParameters: 0 0 0

#Transform 105
Transform: AffineTransform_float_3_3
Parameters: 0.999999 0.000318615 -0.000837552 -0.000317204 1 0.000842267 0.000838087 -0.000841734 1 -0.0534001 -0.0078335 -0.835719
FixedParameters: 0 0 0

#Transform 106
Transform: AffineTransform_float_3_3
Parameters: 0.999999 0.000272469 -0.000946248 -0.000271137 0.999999 0.000703769 0.000946631 -0.00070323 1 -0.0584355 0.0112551 -0.80991
FixedParameters: 0 0 0

#Transform 107
Transform: AffineTransform_float_3_3
Parameters: 0.999999 0.000178913 -0.000787273 -0.000178185 1 0.00046214 0.000787438 -0.000461859 0.999999 -0.0473832 0.00223651 -0.859032
FixedParameters: 0 0 0

#Transform 108
Transform: AffineTransform_float_3_3
Parameters: 0.999999 0.000711947 -0.00100992 -0.00070976 0.999999 0.00146951 0.00101017 -0.00146949 0.999998 -0.0648179 0.0250356 -0.799305
FixedParameters: 0 0 0

#Transform 109
Transform: AffineTransform_float_3_3
Parameters: 0.999999 0.00114254 -0.00100649 -0.00114261 0.999999 -3.60567e-05 0.00100641 3.69426e-05 0.999999 -0.0749651 -0.0103708 -0.856148
FixedParameters: 0 0 0

#Transform 110
Transform: AffineTransform_float_3_3
Parameters: 1 0.000264216 -0.00101689 -0.00026268 0.999998 0.00185142 0.00101773 -0.00185158 0.999998 -0.058075 0.0130044 -0.807511
FixedParameters: 0 0 0

#Transform 111
Transform: AffineTransform_float_3_3
Parameters: 0.999999 0.000330607 -0.00101426 -0.000329942 1 0.000781489 0.00101517 -0.000781513 1 -0.0490818 0.00930157 -0.803549
FixedParameters: 0 0 0

#Transform 112
Transform: AffineTransform_float_3_3
Parameters: 1 0.000459493 -0.00101546 -0.000457899 0.999999 0.000977619 0.00101544 -0.000977382 0.999999 -0.061041 0.00795798 -0.81752
FixedParameters: 0 0 0

#Transform 113
Transform: AffineTransform_float_3_3
Parameters: 1 0.000159443 -0.00103123 -0.000158115 0.999998 0.00191532 0.00103077 -0.00191568 0.999998 -0.0564402 0.0233335 -0.746489
FixedParameters: 0 0 0

#Transform 114
Transform: AffineTransform_float_3_3
Parameters: 1 0.000844583 -0.000871971 -0.000844426 1 0.000314377 0.000871581 -0.000313624 0.999999 -0.0670249 -0.000440233 -0.852673
FixedParameters: 0 0 0

#Transform 115
Transform: AffineTransform_float_3_3
Parameters: 0.999999 4.74973e-07 -0.000939244 1.31995e-06 0.999998 0.00165436 0.000938713 -0.00165364 0.999998 -0.0544164 0.0196013 -0.783761
FixedParameters: 0 0 0

#Transform 116
Transform: AffineTransform_float_3_3
Parameters: 0.999999 0.000433636 -0.000884036 -0.00043203 1 0.000908383 0.000884822 -0.000907617 0.999999 -0.0509642 0.00219392 -0.818039
FixedParameters: 0 0 0

#Transform 117
Transform: AffineTransform_float_3_3
Parameters: 1 -0.000209297 -0.00106998 0.000211217 0.999999 0.00132693 0.00106981 -0.00132807 0.999998 -0.0508852 0.0103408 -0.813565
FixedParameters: 0 0 0

#Transform 118
Transform: AffineTransform_float_3_3
Parameters: 1 0.00019502 -0.00106312 -0.000194191 1 0.00100636 0.00106298 -0.00100664 0.999999 -0.060693 0.0117983 -0.804223
FixedParameters: 0 0 0

#Transform 119
Transform: AffineTransform_float_3_3
Parameters: 0.999999 0.000480729 -0.000877933 -0.000480486 1 0.000884576 0.000878253 -0.000884426 1 -0.0616722 0.00878336 -0.846735
FixedParameters: 0 0 0

#Transform 120
Transform: AffineTransform_float_3_3
Parameters: 0.999999 0.000306737 -0.000784388 -0.000305865 0.999999 0.00139224 0.000784711 -0.00139176 0.999998 -0.0593188 0.0142885 -0.802822
FixedParameters: 0 0 0

#Transform 121
Transform: AffineTransform_float_3_3
Parameters: 0.999999 9.36874e-05 -0.000950785 -9.29264e-05 1 0.000884089 0.000951341 -0.000883912 0.999999 -0.0557314 -0.00918292 -0.823113
FixedParameters: 0 0 0

#Transform 122
Transform: AffineTransform_float_3_3
Parameters: 0.999999 -2.25402e-05 -0.000856892 2.39115e-05 0.999999 0.00133698 0.000857221 -0.00133702 0.999998 -0.0542165 -0.00443181 -0.826863
FixedParameters: 0 0 0

#Transform 123
Transform: AffineTransform_float_3_3
Parameters: 1 6.81642e-05 -0.00101244 -6.64832e-05 0.999999 0.00147807 0.00101211 -0.00147793 0.999998 -0.0615866 0.0123977 -0.812007
FixedParameters: 0 0 0

#Transform 124
Transform: AffineTransform_float_3_3
Parameters: 1 2.66024e-05 -0.00111008 -2.48182e-05 1 0.00121803 0.00111054 -0.00121797 0.999998 -0.0613504 -0.024369 -0.876928
FixedParameters: 0 0 0

#Transform 125
Transform: AffineTransform_float_3_3
Parameters: 0.999999 -4.00667e-05 -0.00126944 4.2393e-05 0.999998 0.0017951 0.00126915 -0.0017959 0.999998 -0.070112 -0.0108937 -0.805912
FixedParameters: 0 0 0

#Transform 126
Transform: AffineTransform_float_3_3
Parameters: 1 -0.000359688 -0.00115079 0.000360438 0.999999 0.00129595 0.00114972 -0.00129606 0.999999 -0.0595755 -0.01913 -0.85045
FixedParameters: 0 0 0

#Transform 127
Transform: AffineTransform_float_3_3
Parameters: 0.999999 -0.00046876 -0.00120236 0.00047121 0.999999 0.00178443 0.00120146 -0.00178556 0.999997 -0.0638931 -0.00176887 -0.816558
FixedParameters: 0 0 0

#Transform 128
Transform: AffineTransform_float_3_3
Parameters: 1 -0.000193858 -0.00106995 0.000195274 0.999999 0.00152215 0.00107014 -0.00152185 0.999998 -0.0621323 -0.0197122 -0.870452
FixedParameters: 0 0 0

#Transform 129
Transform: AffineTransform_float_3_3
Parameters: 0.999999 -3.81401e-05 -0.00126483 4.04132e-05 0.999999 0.00178095 0.00126455 -0.00178105 0.999997 -0.076909 -0.00390759 -0.85429
FixedParameters: 0 0 0

#Transform 130
Transform: AffineTransform_float_3_3
Parameters: 1 -0.000642664 -0.00102249 0.000644154 0.999998 0.0016297 0.00102117 -0.0016303 0.999998 -0.0584137 -0.000952699 -0.821515
FixedParameters: 0 0 0

#Transform 131
Transform: AffineTransform_float_3_3
Parameters: 1 -0.000367874 -0.000997504 0.000367758 1 0.00106063 0.000996584 -0.00106137 0.999999 -0.0525001 -0.0124843 -0.871916
FixedParameters: 0 0 0

#Transform 132
Transform: AffineTransform_float_3_3
Parameters: 0.999999 -0.000527496 -0.00120144 0.000530001 0.999997 0.00219272 0.00120029 -0.00219327 0.999997 -0.0598041 0.013477 -0.80322
FixedParameters: 0 0 0

#Transform 133
Transform: AffineTransform_float_3_3
Parameters: 1 -0.000372106 -0.000995695 0.00037365 0.999999 0.00143499 0.000994095 -0.00143501 0.999999 -0.0459884 -0.00842603 -0.860693
FixedParameters: 0 0 0

#Transform 134
Transform: AffineTransform_float_3_3
Parameters: 0.999999 0.000406004 -0.00132413 -0.000403362 0.999998 0.00198805 0.00132468 -0.00198695 0.999998 -0.0865883 -0.0198835 -0.872048
FixedParameters: 0 0 0

#Transform 135
Transform: AffineTransform_float_3_3
Parameters: 0.999999 -2.22676e-05 -0.00134221 2.42353e-05 0.999998 0.00156448 0.001342 -0.00156452 0.999998 -0.0814613 0.00120251 -0.865907
FixedParameters: 0 0 0

#Transform 136
Transform: AffineTransform_float_3_3
Parameters: 0.999999 0.000337388 -0.00123446 -0.000335321 0.999998 0.00189941 0.00123468 -0.00189858 0.999997 -0.0916955 0.00793116 -0.883339
FixedParameters: 0 0 0

#Transform 137
Transform: AffineTransform_float_3_3
Parameters: 0.999999 0.000812312 -0.00130623 -0.00080907 0.999997 0.00239285 0.00130813 -0.00239215 0.999996 -0.0854447 0.0166439 -0.881154
FixedParameters: 0 0 0

#Transform 138
Transform: AffineTransform_float_3_3
Parameters: 0.999999 0.000582994 -0.001369 -0.000580557 0.999999 0.00151195 0.00136931 -0.00151105 0.999998 -0.0679141 -0.00501503 -0.934875
FixedParameters: 0 0 0

#Transform 139
Transform: AffineTransform_float_3_3
Parameters: 0.999999 0.000598846 -0.00133278 -0.000596101 0.999998 0.00201295 0.00133413 -0.00201205 0.999998 -0.095684 0.0264644 -0.844271
FixedParameters: 0 0 0

#Transform 140
Transform: AffineTransform_float_3_3
Parameters: 0.999999 0.000151722 -0.00131861 -0.00015102 1 0.000763353 0.00131831 -0.000763648 0.999999 -0.0709123 0.0236577 -0.930155
FixedParameters: 0 0 0

#Transform 141
Transform: AffineTransform_float_3_3
Parameters: 0.999999 0.00048435 -0.00112744 -0.00048201 0.999999 0.0016187 0.00112848 -0.0016183 0.999998 -0.094473 0.0257444 -0.864099
FixedParameters: 0 0 0

#Transform 142
Transform: AffineTransform_float_3_3
Parameters: 0.999999 0.000693499 -0.00110311 -0.000692351 1 0.000520557 0.00110383 -0.000520442 0.999999 -0.0975836 0.0350652 -0.907799
FixedParameters: 0 0 0

#Transform 143
Transform: AffineTransform_float_3_3
Parameters: 0.999999 0.000207575 -0.00135663 -0.000204811 0.999999 0.00184128 0.00135725 -0.00184072 0.999997 -0.0836667 0.0130178 -0.890492
FixedParameters: 0 0 0

#Transform 144
Transform: AffineTransform_float_3_3
Parameters: 0.999999 0.000600703 -0.00119306 -0.000597872 0.999997 0.00244851 0.00119402 -0.00244849 0.999996 -0.0963253 0.00835309 -0.859305
FixedParameters: 0 0 0

#Transform 145
Transform: AffineTransform_float_3_3
Parameters: 0.999999 0.000638519 -0.00110291 -0.000635326 0.999997 0.00221786 0.00110428 -0.00221714 0.999997 -0.0583197 -0.0211021 -0.984676
FixedParameters: 0 0 0

#Transform 146
Transform: AffineTransform_float_3_3
Parameters: 1 -5.95184e-05 -0.00120762 6.28944e-05 0.999997 0.00270293 0.00120754 -0.00270307 0.999995 -0.0628971 0.0175988 -0.88474
FixedParameters: 0 0 0

#Transform 147
Transform: AffineTransform_float_3_3
Parameters: 1 -0.000172055 -0.00118553 0.000173604 0.999999 0.00159515 0.00118484 -0.00159484 0.999998 -0.056094 -0.00276152 -0.908031
FixedParameters: 0 0 0

#Transform 148
Transform: AffineTransform_float_3_3
Parameters: 1 4.92853e-06 -0.00105464 -2.775e-06 0.999996 0.00270116 0.001054 -0.00270184 0.999996 -0.0641991 0.000964637 -0.896861
FixedParameters: 0 0 0

#Transform 149
Transform: AffineTransform_float_3_3
Parameters: 1 -4.49558e-05 -0.00117166 4.78986e-05 0.999998 0.0022081 0.00117132 -0.0022089 0.999997 -0.0632611 -0.00204188 -0.909983
FixedParameters: 0 0 0

#Transform 150
Transform: AffineTransform_float_3_3
Parameters: 1 8.1298e-05 -0.00111735 -7.90262e-05 0.999997 0.0024266 0.00111799 -0.0024264 0.999997 -0.0620085 -0.0111238 -0.947326
FixedParameters: 0 0 0

#Transform 151
Transform: AffineTransform_float_3_3
Parameters: 0.999999 -8.53196e-06 -0.00108782 1.22913e-05 0.999995 0.0031765 0.00108801 -0.0031765 0.999995 -0.0640424 -0.00685562 -0.89816
FixedParameters: 0 0 0

#Transform 152
Transform: AffineTransform_float_3_3
Parameters: 1 0.000102748 -0.00118138 -9.87257e-05 0.999995 0.00303527 0.00118224 -0.00303573 0.999995 -0.0553185 -0.0116387 -0.975842
FixedParameters: 0 0 0

#Transform 153
Transform: AffineTransform_float_3_3
Parameters: 1 -1.91563e-05 -0.00111457 2.34112e-05 0.999993 0.00373534 0.00111505 -0.00373467 0.999993 -0.06374 -0.00128356 -0.897707
FixedParameters: 0 0 0

#Transform 154
Transform: AffineTransform_float_3_3
Parameters: 1 -1.08329e-05 -0.00109428 1.45425e-05 0.999994 0.00355535 0.00109483 -0.00355465 0.999993 -0.0664968 -0.0278724 -0.956801
FixedParameters: 0 0 0

#Transform 155
Transform: AffineTransform_float_3_3
Parameters: 0.999999 0.0001016 -0.00137728 -9.5585e-05 0.999989 0.00461329 0.00137778 -0.00461371 0.999988 -0.076527 -0.00761351 -0.997539
FixedParameters: 0 0 0

#Transform 156
Transform: AffineTransform_float_3_3
Parameters: 0.999999 0.000504201 -0.00129803 -0.000498273 0.999991 0.00430081 0.00130022 -0.0043002 0.99999 -0.0846682 -0.0219319 -1.05494
FixedParameters: 0 0 0

#Transform 157
Transform: AffineTransform_float_3_3
Parameters: 0.999998 0.000839319 -0.0013928 -0.000835448 0.999995 0.00294032 0.00139522 -0.00293868 0.999995 -0.104943 -0.0250812 -1.10332
FixedParameters: 0 0 0

#Transform 158
Transform: AffineTransform_float_3_3
Parameters: 0.999999 0.00030531 -0.00173019 -0.000300586 0.999996 0.00276804 0.00173067 -0.00276696 0.999995 -0.100201 -0.00273139 -1.04775
FixedParameters: 0 0 0

#Transform 159
Transform: AffineTransform_float_3_3
Parameters: 0.999998 0.000205157 -0.00196884 -0.000198868 0.999996 0.00296391 0.00197015 -0.00296309 0.999994 -0.0919082 0.00359206 -1.02895
FixedParameters: 0 0 0

#Transform 160
Transform: AffineTransform_float_3_3
Parameters: 0.999995 -0.000473515 -0.00288499 0.000475404 0.999999 0.000486374 0.00288492 -0.000487624 0.999996 -0.0846652 -0.0359099 -1.13434
FixedParameters: 0 0 0

#Transform 161
Transform: AffineTransform_float_3_3
Parameters: 0.999994 -0.000423647 -0.00341928 0.000416516 0.999998 -0.00210003 0.00342015 0.00209797 0.999993 -0.100448 -0.0677685 -1.24668
FixedParameters: 0 0 0

#Transform 162
Transform: AffineTransform_float_3_3
Parameters: 0.999995 -0.000880398 -0.00322478 0.000869754 0.999994 -0.00313872 0.00322729 0.00313528 0.99999 -0.0849853 -0.0539854 -1.2206
FixedParameters: 0 0 0

#Transform 163
Transform: AffineTransform_float_3_3
Parameters: 0.999995 -0.000836275 -0.00311261 0.000823394 0.999991 -0.00426363 0.00311605 0.00426137 0.999986 -0.07088 -0.0919651 -1.35112
FixedParameters: 0 0 0

#Transform 164
Transform: AffineTransform_float_3_3
Parameters: 0.999995 -0.00113879 -0.00299797 0.00112516 0.999989 -0.0046386 0.00300353 0.0046354 0.999985 -0.0855518 -0.0874781 -1.2287
FixedParameters: 0 0 0

#Transform 165
Transform: AffineTransform_float_3_3
Parameters: 0.999995 -0.000995548 -0.00301728 0.00098057 0.999987 -0.00520119 0.00302275 0.00519882 0.999982 -0.0719827 -0.116618 -1.18744
FixedParameters: 0 0 0

#Transform 166
Transform: AffineTransform_float_3_3
Parameters: 0.999994 -0.00159648 -0.00314275 0.00157943 0.999984 -0.005573 0.00315171 0.00556801 0.99998 -0.0477362 -0.132123 -1.20769
FixedParameters: 0 0 0

#Transform 167
Transform: AffineTransform_float_3_3
Parameters: 0.999995 -0.00154726 -0.00268177 0.00153336 0.999987 -0.005015 0.00268952 0.005011 0.999983 -0.0228989 -0.139158 -1.16741
FixedParameters: 0 0 0

#Transform 168
Transform: AffineTransform_float_3_3
Parameters: 0.999997 -0.000905409 -0.00251384 0.000892863 0.999987 -0.00494967 0.00251858 0.00494733 0.999985 -0.0365347 -0.17241 -1.23901
FixedParameters: 0 0 0

#Transform 169
Transform: AffineTransform_float_3_3
Parameters: 0.999995 -0.00143916 -0.00278163 0.00142517 0.999986 -0.00508635 0.00278903 0.00508266 0.999983 -0.00753794 -0.165732 -1.2053
FixedParameters: 0 0 0

#Transform 170
Transform: AffineTransform_float_3_3
Parameters: 0.999996 -0.00134822 -0.0021743 0.00133873 0.999989 -0.00453964 0.00217997 0.00453736 0.999988 -0.0198845 -0.166887 -1.2003
FixedParameters: 0 0 0

#Transform 171
Transform: AffineTransform_float_3_3
Parameters: 0.999997 -0.00125109 -0.0022159 0.0012398 0.999987 -0.00506584 0.00222159 0.00506316 0.999985 -0.0122561 -0.148023 -1.173
FixedParameters: 0 0 0

#Transform 172
Transform: AffineTransform_float_3_3
Parameters: 0.999997 -0.000688314 -0.00229922 0.000676558 0.999987 -0.00512449 0.00230337 0.00512351 0.999984 -0.045778 -0.154276 -1.19268
FixedParameters: 0 0 0

#Transform 173
Transform: AffineTransform_float_3_3
Parameters: 0.999998 -0.00104668 -0.00207198 0.00103551 0.999986 -0.00513408 0.00207837 0.00513192 0.999985 -0.0315963 -0.153388 -1.23427
FixedParameters: 0 0 0

#Transform 174
Transform: AffineTransform_float_3_3
Parameters: 0.999998 -0.00101083 -0.00180448 0.00100219 0.999989 -0.00457489 0.00180925 0.00457411 0.999988 -0.0330108 -0.141928 -1.14287
FixedParameters: 0 0 0

#Transform 175
Transform: AffineTransform_float_3_3
Parameters: 0.999999 -0.000752086 -0.00162287 0.00074366 0.999986 -0.0051425 0.00162705 0.0051415 0.999986 -0.0402507 -0.144432 -1.20678
FixedParameters: 0 0 0

#Transform 176
Transform: AffineTransform_float_3_3
Parameters: 0.999999 -0.000917977 -0.00159204 0.000912289 0.999992 -0.00380574 0.00159627 0.00380426 0.999992 -0.0348395 -0.119315 -1.12374
FixedParameters: 0 0 0

#Transform 177
Transform: AffineTransform_float_3_3
Parameters: 0.999999 -0.000767564 -0.00123621 0.000760668 0.999986 -0.00522859 0.00124055 0.00522742 0.999986 -0.0255367 -0.148796 -1.19875
FixedParameters: 0 0 0

#Transform 178
Transform: AffineTransform_float_3_3
Parameters: 0.999999 -0.000770701 -0.00102972 0.000767243 0.999995 -0.00327379 0.00103227 0.00327221 0.999994 -0.0384643 -0.109375 -1.0714
FixedParameters: 0 0 0

#Transform 179
Transform: AffineTransform_float_3_3
Parameters: 0.999999 -0.000481404 -0.000899027 0.00047825 0.999992 -0.00379807 0.000901108 0.00379793 0.999993 -0.0360742 -0.118744 -1.13487
FixedParameters: 0 0 0
