#Insight Transform File V1.0
#Transform 0
Transform: AffineTransform_float_3_3
Parameters: 0.999998 0.00156316 0.000437067 -0.00156339 0.999998 0.000866165 -0.000435669 -0.000866835 1 -0.0261526 -0.0860511 -0.306944
FixedParameters: 0 0 0

#Transform 1
Transform: AffineTransform_float_3_3
Parameters: 1 0.000429549 -0.000424468 -0.000431082 0.999995 -0.00335982 0.000422106 0.00336018 0.999995 -0.0205579 -0.0204344 -0.154436
FixedParameters: 0 0 0

#Transform 2
Transform: AffineTransform_float_3_3
Parameters: 0.999998 0.00126833 0.00108497 -0.00126019 0.99997 -0.00772732 -0.0010943 0.00772668 0.999969 -0.0270071 -0.0680667 -0.221886
FixedParameters: 0 0 0

#Transform 3
Transform: AffineTransform_float_3_3
Parameters: 0.999997 0.00145613 0.00221564 -0.00143481 0.999951 -0.00982808 -0.00223021 0.00982592 0.999949 -0.0374568 -0.0809537 -0.309458
FixedParameters: 0 0 0

#Transform 4
Transform: AffineTransform_float_3_3
Parameters: 1 -0.00107501 0.000152978 0.0010768 0.999886 -0.0150659 -0.000136848 0.0150662 0.999887 -0.0101289 -0.188946 -0.348638
FixedParameters: 0 0 0

#Transform 5
Transform: AffineTransform_float_3_3
Parameters: 0.999998 0.000111782 0.00199712 -7.75116e-05 0.99985 -0.0173517 -0.00199856 0.0173513 0.999847 -0.0216599 -0.242938 -0.302805
FixedParameters: 0 0 0

#Transform 6
Transform: AffineTransform_float_3_3
Parameters: 0.999996 0.000483683 0.00270036 -0.000437995 0.999857 -0.016899 -0.00270848 0.016898 0.999853 -0.0354901 -0.209321 -0.289976
FixedParameters: 0 0 0

#Transform 7
Transform: AffineTransform_float_3_3
Parameters: 0.999993 0.00116498 0.00370748 -0.00108466 0.99977 -0.021416 -0.0037319 0.021412 0.999764 -0.0424971 -0.275047 -0.374749
FixedParameters: 0 0 0

#Transform 8
Transform: AffineTransform_float_3_3
Parameters: 0.999991 0.00105663 0.00406875 -0.000969411 0.99977 -0.0214004 -0.00409022 0.0213966 0.999763 -0.0297322 -0.261037 -0.32034
FixedParameters: 0 0 0

#Transform 9
Transform: AffineTransform_float_3_3
Parameters: 0.999999 0.000486897 -0.00129988 -0.000512792 0.9998 -0.0199742 0.00128958 0.0199748 0.9998 -0.124591 -0.269056 -0.369085
FixedParameters: 0 0 0

#Transform 10
Transform: AffineTransform_float_3_3
Parameters: 0.999999 -0.00055959 -0.000476583 0.000546836 0.999634 -0.0270393 0.000492108 0.0270387 0.999635 -0.109636 -0.359196 -0.420321
FixedParameters: 0 0 0

#Transform 11
Transform: AffineTransform_float_3_3
Parameters: 0.999998 -0.00108738 -0.00122262 0.0010559 0.999682 -0.025199 0.00124943 0.0251971 0.999682 -0.0931615 -0.343344 -0.351819
FixedParameters: 0 0 0

#Transform 12
Transform: AffineTransform_float_3_3
Parameters: 1 -0.00062272 -9.99673e-05 0.000620249 0.999714 -0.023884 0.000115487 0.0238839 0.999714 -0.0826054 -0.286383 -0.330401
FixedParameters: 0 0 0

#Transform 13
Transform: AffineTransform_float_3_3
Parameters: 1 -0.000547229 -0.000133747 0.000543337 0.999694 -0.0247361 0.000147476 0.0247359 0.999694 -0.0973518 -0.313247 -0.314688
FixedParameters: 0 0 0

#Transform 14
Transform: AffineTransform_float_3_3
Parameters: 1 4.61058e-05 0.000398349 -3.69014e-05 0.999737 -0.022923 -0.000398576 0.022923 0.999737 -0.101526 -0.273526 -0.268935
FixedParameters: 0 0 0

#Transform 15
Transform: AffineTransform_float_3_3
Parameters: 1 -0.000126906 0.000146391 0.000130396 0.999716 -0.023802 -0.000143166 0.023802 0.999716 -0.10726 -0.305059 -0.24259
FixedParameters: 0 0 0

#Transform 16
Transform: AffineTransform_float_3_3
Parameters: 1 -7.52971e-05 0.00118503 0.000108074 0.999604 -0.0281385 -0.00118287 0.0281395 0.999603 -0.0951925 -0.368721 -0.307079
FixedParameters: 0 0 0

#Transform 17
Transform: AffineTransform_float_3_3
Parameters: 0.999999 -0.000218085 0.00143606 0.000258352 0.999612 -0.0278385 -0.00142884 0.0278385 0.999611 -0.0731498 -0.366209 -0.315876
FixedParameters: 0 0 0

#Transform 18
Transform: AffineTransform_float_3_3
Parameters: 0.999999 -3.61034e-07 0.00133659 3.84333e-05 0.999604 -0.0281426 -0.00133602 0.0281434 0.999603 -0.0936151 -0.361649 -0.324136
FixedParameters: 0 0 0

#Transform 19
Transform: AffineTransform_float_3_3
Parameters: 0.999998 -0.000289469 0.00193722 0.000344728 0.999587 -0.0287549 -0.00192784 0.0287561 0.999584 -0.0963757 -0.372448 -0.34323
FixedParameters: 0 0 0

#Transform 20
Transform: AffineTransform_float_3_3
Parameters: 0.999997 0.000253619 0.00219972 -0.000193323 0.999625 -0.0273965 -0.00220587 0.0273956 0.999623 -0.0932421 -0.344127 -0.267092
FixedParameters: 0 0 0

#Transform 21
Transform: AffineTransform_float_3_3
Parameters: 0.999999 -0.000240297 0.00149318 0.000283182 0.999589 -0.028658 -0.0014862 0.0286581 0.999589 -0.0874821 -0.358219 -0.297905
FixedParameters: 0 0 0

#Transform 22
Transform: AffineTransform_float_3_3
Parameters: 0.999997 0.000441877 0.00218396 -0.000382674 0.999627 -0.0272877 -0.00219499 0.0272873 0.999625 -0.105467 -0.331617 -0.280186
FixedParameters: 0 0 0

#Transform 23
Transform: AffineTransform_float_3_3
Parameters: 1 0.000292705 0.000584139 -0.000275202 0.999567 -0.0294008 -0.000592495 0.0294012 0.999568 -0.131042 -0.352771 -0.488047
FixedParameters: 0 0 0

#Transform 24
Transform: AffineTransform_float_3_3
Parameters: 1 3.15848e-05 0.000234178 -2.52345e-05 0.999582 -0.028933 -0.000234928 0.028933 0.999582 -0.135153 -0.361316 -0.405659
FixedParameters: 0 0 0

#Transform 25
Transform: AffineTransform_float_3_3
Parameters: 1 0.000180616 0.000528927 -0.000165371 0.999557 -0.0297821 -0.000534432 0.0297819 0.999557 -0.12191 -0.377466 -0.38746
FixedParameters: 0 0 0

#Transform 26
Transform: AffineTransform_float_3_3
Parameters: 1 -7.20527e-05 0.000634938 9.19802e-05 0.999491 -0.0318856 -0.000631877 0.0318864 0.999491 -0.090993 -0.40984 -0.437669
FixedParameters: 0 0 0

#Transform 27
Transform: AffineTransform_float_3_3
Parameters: 1 -0.00112304 -0.000408442 0.00110896 0.999462 -0.0327815 0.000445306 0.0327805 0.999463 -0.108192 -0.424742 -0.440808
FixedParameters: 0 0 0

#Transform 28
Transform: AffineTransform_float_3_3
Parameters: 1 -0.000974515 1.47127e-05 0.000974968 0.999521 -0.0309534 1.61022e-05 0.0309526 0.999521 -0.092087 -0.379259 -0.358933
FixedParameters: 0 0 0

#Transform 29
Transform: AffineTransform_float_3_3
Parameters: 1 -0.00114319 0.000114548 0.00114603 0.999522 -0.0309214 -7.93398e-05 0.0309216 0.999521 -0.0985423 -0.397098 -0.354274
FixedParameters: 0 0 0

#Transform 30
Transform: AffineTransform_float_3_3
Parameters: 1 -0.000277094 0.000149034 0.000280904 0.999596 -0.028421 -0.000141066 0.028421 0.999596 -0.125802 -0.346631 -0.363308
FixedParameters: 0 0 0

#Transform 31
Transform: AffineTransform_float_3_3
Parameters: 1 -0.000690896 -7.92489e-05 0.00068838 0.999594 -0.0284861 9.89912e-05 0.0284859 0.999594 -0.0981354 -0.345455 -0.351959
FixedParameters: 0 0 0

#Transform 32
Transform: AffineTransform_float_3_3
Parameters: 0.999999 -0.00020078 0.000769366 0.000223129 0.999555 -0.0298147 -0.000763108 0.0298143 0.999556 -0.128595 -0.366827 -0.394628
FixedParameters: 0 0 0

#Transform 33
Transform: AffineTransform_float_3_3
Parameters: 1 0.000560958 0.00106601 -0.000527119 0.999504 -0.0314752 -0.00108266 0.0314748 0.999504 -0.164347 -0.397889 -0.4688
FixedParameters: 0 0 0

#Transform 34
Transform: AffineTransform_float_3_3
Parameters: 1 -0.000428492 0.000825051 0.00045481 0.999453 -0.0330808 -0.0008101 0.0330802 0.999452 -0.127594 -0.43301 -0.501261
FixedParameters: 0 0 0

#Transform 35
Transform: AffineTransform_float_3_3
Parameters: 1 -0.000258227 0.000311713 0.000267146 0.999536 -0.0304539 -0.00030349 0.0304541 0.999536 -0.128595 -0.380403 -0.465788
FixedParameters: 0 0 0

#Transform 36
Transform: AffineTransform_float_3_3
Parameters: 0.999999 -0.000938577 -0.000344618 0.000927287 0.999529 -0.0306674 0.000373396 0.0306667 0.99953 -0.122111 -0.420703 -0.56078
FixedParameters: 0 0 0

#Transform 37
Transform: AffineTransform_float_3_3
Parameters: 0.999998 -0.00146022 -0.00150711 0.00141557 0.999576 -0.0290868 0.00154918 0.0290852 0.999575 -0.120485 -0.375314 -0.572946
FixedParameters: 0 0 0

#Transform 38
Transform: AffineTransform_float_3_3
Parameters: 0.999995 -0.00216548 -0.00225291 0.00209692 0.999548 -0.0299889 0.00231691 0.0299841 0.999548 -0.0872942 -0.417952 -0.540745
FixedParameters: 0 0 0

#Transform 39
Transform: AffineTransform_float_3_3
Parameters: 0.999998 0.000544565 -0.00151075 -0.000589465 0.999561 -0.029641 0.00149422 0.029642 0.999559 -0.173823 -0.377998 -0.534884
FixedParameters: 0 0 0

#Transform 40
Transform: AffineTransform_float_3_3
Parameters: 0.999995 0.000372629 -0.00289343 -0.000456785 0.999578 -0.0290185 0.00288173 0.0290195 0.999575 -0.15103 -0.351872 -0.522569
FixedParameters: 0 0 0

#Transform 41
Transform: AffineTransform_float_3_3
Parameters: 0.999998 0.000958297 -0.00206484 -0.0010187 0.999569 -0.029366 0.0020356 0.029368 0.999566 -0.184176 -0.346542 -0.529928
FixedParameters: 0 0 0

#Transform 42
Transform: AffineTransform_float_3_3
Parameters: 0.999999 0.000143386 -0.000876144 -0.00016365 0.999718 -0.0237369 0.000872868 0.0237371 0.999718 -0.123205 -0.227326 -0.610166
FixedParameters: 0 0 0

#Transform 43
Transform: AffineTransform_float_3_3
Parameters: 1 0.000424685 -0.000165219 -0.000428215 0.9997 -0.0244839 0.000154459 0.0244841 0.9997 -0.136443 -0.260016 -0.580635
FixedParameters: 0 0 0

#Transform 44
Transform: AffineTransform_float_3_3
Parameters: 0.999999 -0.000691011 0.000227564 0.00069734 0.9996 -0.0282719 -0.000207496 0.0282722 0.9996 -0.104942 -0.341807 -0.624679
FixedParameters: 0 0 0

#Transform 45
Transform: AffineTransform_float_3_3
Parameters: 0.999999 -0.00100616 -0.000191081 0.00100076 0.999595 -0.0284203 0.000219396 0.0284206 0.999596 -0.11089 -0.323658 -0.694606
FixedParameters: 0 0 0

#Transform 46
Transform: AffineTransform_float_3_3
Parameters: 1 -0.00102043 -0.000428739 0.00100849 0.999632 -0.0271086 0.000455823 0.0271084 0.999632 -0.11172 -0.298165 -0.637032
FixedParameters: 0 0 0

#Transform 47
Transform: AffineTransform_float_3_3
Parameters: 0.999998 -0.0011801 -0.00118437 0.00114832 0.999662 -0.0259832 0.00121452 0.0259818 0.999662 -0.092464 -0.266305 -0.612004
FixedParameters: 0 0 0

#Transform 48
Transform: AffineTransform_float_3_3
Parameters: 0.999999 -0.0012482 -0.000748474 0.00122716 0.999647 -0.0265367 0.000780888 0.0265363 0.999648 -0.134329 -0.272973 -0.619808
FixedParameters: 0 0 0

#Transform 49
Transform: AffineTransform_float_3_3
Parameters: 1 -7.61743e-05 -0.000171878 7.25732e-05 0.999777 -0.021088 0.000173453 0.021088 0.999777 -0.130463 -0.19021 -0.430305
FixedParameters: 0 0 0

#Transform 50
Transform: AffineTransform_float_3_3
Parameters: 1 0.000142177 0.000467819 -0.000132297 0.999784 -0.020753 -0.000470529 0.0207529 0.999784 -0.119584 -0.204395 -0.451408
FixedParameters: 0 0 0

#Transform 51
Transform: AffineTransform_float_3_3
Parameters: 1 0.000295891 -0.000198121 -0.000299773 0.999814 -0.0192869 0.000192685 0.0192871 0.999814 -0.144057 -0.148207 -0.464386
FixedParameters: 0 0 0

#Transform 52
Transform: AffineTransform_float_3_3
Parameters: 1 0.000117516 -0.000277537 -0.000122591 0.999867 -0.016296 0.000275214 0.016296 0.999867 -0.149736 -0.112135 -0.525252
FixedParameters: 0 0 0

#Transform 53
Transform: AffineTransform_float_3_3
Parameters: 1 -0.000329777 -0.000291091 0.000324975 0.999853 -0.0171331 0.000296814 0.0171329 0.999853 -0.114609 -0.134886 -0.492553
FixedParameters: 0 0 0

#Transform 54
Transform: AffineTransform_float_3_3
Parameters: 1 -0.000374236 -0.000528488 0.000365133 0.999849 -0.0173418 0.000535172 0.0173422 0.99985 -0.121292 -0.143094 -0.518505
FixedParameters: 0 0 0

#Transform 55
Transform: AffineTransform_float_3_3
Parameters: 0.999999 -0.000450665 -0.00132103 0.000426471 0.999829 -0.0184552 0.0013289 0.0184548 0.999828 -0.140861 -0.144048 -0.554747
FixedParameters: 0 0 0

#Transform 56
Transform: AffineTransform_float_3_3
Parameters: 0.999999 -0.000527853 -0.000794668 0.000511923 0.999808 -0.0195784 0.000805233 0.0195776 0.999808 -0.131655 -0.159964 -0.567136
FixedParameters: 0 0 0

#Transform 57
Transform: AffineTransform_float_3_3
Parameters: 1 -0.000773127 -0.00068438 0.000759551 0.999788 -0.0205665 0.000699805 0.0205655 0.999789 -0.115586 -0.186466 -0.539266
FixedParameters: 0 0 0

#Transform 58
Transform: AffineTransform_float_3_3
Parameters: 1 -0.000104268 -0.000545837 9.46792e-05 0.999839 -0.0179059 0.000547333 0.0179051 0.999839 -0.120691 -0.127054 -0.505354
FixedParameters: 0 0 0

#Transform 59
Transform: AffineTransform_float_3_3
Parameters: 1 -0.00032556 -4.92066e-05 0.000325216 0.999806 -0.019723 5.58778e-05 0.019723 0.999806 -0.121805 -0.145062 -0.479764
FixedParameters: 0 0 0

#Transform 60
Transform: AffineTransform_float_3_3
Parameters: 1 6.74142e-05 -0.000160456 -6.98527e-05 0.999824 -0.018749 0.000158551 0.018749 0.999824 -0.145163 -0.13258 -0.49158
FixedParameters: 0 0 0

#Transform 61
Transform: AffineTransform_float_3_3
Parameters: 1 0.000141368 0.00118981 -0.000122441 0.999874 -0.0158828 -0.00119249 0.0158832 0.999873 -0.115243 -0.103744 -0.312788
FixedParameters: 0 0 0

#Transform 62
Transform: AffineTransform_float_3_3
Parameters: 1 -6.9917e-05 0.000452897 7.70061e-05 0.999893 -0.014639 -0.000452474 0.014639 0.999892 -0.115709 -0.100544 -0.226464
FixedParameters: 0 0 0

#Transform 63
Transform: AffineTransform_float_3_3
Parameters: 1 -0.000345323 -0.000138225 0.000343325 0.999893 -0.014637 0.00014306 0.0146369 0.999893 -0.114426 -0.0891569 -0.264058
FixedParameters: 0 0 0

#Transform 64
Transform: AffineTransform_float_3_3
Parameters: 1 -0.000111536 -0.000426081 0.000105976 0.999929 -0.011917 0.00042672 0.011917 0.999929 -0.130092 -0.0541639 -0.301725
FixedParameters: 0 0 0

#Transform 65
Transform: AffineTransform_float_3_3
Parameters: 1 -0.00012953 -0.000369082 0.000124612 0.999917 -0.012874 0.000370401 0.012874 0.999917 -0.130566 -0.0933997 -0.356424
FixedParameters: 0 0 0

#Transform 66
Transform: AffineTransform_float_3_3
Parameters: 1 -0.000408601 -0.000575523 0.000397943 0.999842 -0.0177312 0.000582375 0.0177308 0.999842 -0.139907 -0.13609 -0.462453
FixedParameters: 0 0 0

#Transform 67
Transform: AffineTransform_float_3_3
Parameters: 0.999999 -0.000670942 -0.00114047 0.000649142 0.999819 -0.0190264 0.00115306 0.0190256 0.999819 -0.143333 -0.153876 -0.504331
FixedParameters: 0 0 0

#Transform 68
Transform: AffineTransform_float_3_3
Parameters: 0.999997 -9.04446e-05 -0.00273637 2.77956e-05 0.999739 -0.0228368 0.00273758 0.0228372 0.999735 -0.182871 -0.228939 -0.549863
FixedParameters: 0 0 0

#Transform 69
Transform: AffineTransform_float_3_3
Parameters: 0.999996 -0.000721582 -0.00273609 0.000655324 0.999712 -0.0240197 0.00275219 0.0240173 0.999707 -0.170686 -0.234559 -0.598434
FixedParameters: 0 0 0

#Transform 70
Transform: AffineTransform_float_3_3
Parameters: 0.999995 0.000561382 -0.00330415 -0.00061949 0.999845 -0.0175361 0.00329375 0.0175379 0.999841 -0.227362 -0.110226 -0.762674
FixedParameters: 0 0 0

#Transform 71
Transform: AffineTransform_float_3_3
Parameters: 0.999991 -0.00181226 -0.00368014 0.00172393 0.999717 -0.0237318 0.00372155 0.0237252 0.999712 -0.114772 -0.198818 -0.816187
FixedParameters: 0 0 0

#Transform 72
Transform: AffineTransform_float_3_3
Parameters: 0.999993 -0.00111567 -0.003441 0.00101798 0.999602 -0.0281974 0.00347183 0.0281936 0.999596 -0.167368 -0.256029 -0.728699
FixedParameters: 0 0 0

#Transform 73
Transform: AffineTransform_float_3_3
Parameters: 0.999997 -0.00105271 -0.00217976 0.000997809 0.999678 -0.0253512 0.00220568 0.0253488 0.999676 -0.179096 -0.224934 -0.617755
FixedParameters: 0 0 0

#Transform 74
Transform: AffineTransform_float_3_3
Parameters: 0.999994 -0.000572599 -0.00342949 0.000485558 0.999681 -0.0252436 0.00344232 0.0252414 0.999675 -0.161656 -0.241515 -0.646035
FixedParameters: 0 0 0

#Transform 75
Transform: AffineTransform_float_3_3
Parameters: 0.999999 -0.000899904 -0.00119664 0.000867766 0.999663 -0.0259357 0.00121975 0.0259343 0.999663 -0.16314 -0.251451 -0.620491
FixedParameters: 0 0 0

#Transform 76
Transform: AffineTransform_float_3_3
Parameters: 0.999997 -0.00150731 -0.00203848 0.00145727 0.999705 -0.0242666 0.00207409 0.0242634 0.999703 -0.17082 -0.250901 -0.670848
FixedParameters: 0 0 0

#Transform 77
Transform: AffineTransform_float_3_3
Parameters: 0.999997 -0.00129609 -0.00213438 0.00124463 0.999714 -0.0238738 0.00216462 0.0238712 0.999713 -0.17428 -0.220182 -0.676531
FixedParameters: 0 0 0

#Transform 78
Transform: AffineTransform_float_3_3
Parameters: 0.999996 -0.00167208 -0.00225724 0.00161803 0.999715 -0.0238006 0.00229727 0.0237974 0.999714 -0.148444 -0.212366 -0.691494
FixedParameters: 0 0 0

#Transform 79
Transform: AffineTransform_float_3_3
Parameters: 0.999997 -0.00118328 -0.00218604 0.00113678 0.999779 -0.0210206 0.00220989 0.0210184 0.999776 -0.157041 -0.162828 -0.56633
FixedParameters: 0 0 0

#Transform 80
Transform: AffineTransform_float_3_3
Parameters: 0.999998 -0.00034029 -0.00209374 0.000299082 0.999809 -0.0195368 0.0020998 0.0195362 0.999807 -0.197451 -0.119185 -0.552281
FixedParameters: 0 0 0

#Transform 81
Transform: AffineTransform_float_3_3
Parameters: 0.999997 -0.000430628 -0.0024073 0.000391453 0.999867 -0.0163008 0.00241374 0.0163002 0.999864 -0.187831 -0.0952512 -0.552164
FixedParameters: 0 0 0

#Transform 82
Transform: AffineTransform_float_3_3
Parameters: 0.999999 0.00116389 -0.00103683 -0.00119086 0.99966 -0.026057 0.00100667 0.026058 0.99966 -0.191861 -0.244549 -0.907392
FixedParameters: 0 0 0

#Transform 83
Transform: AffineTransform_float_3_3
Parameters: 0.999999 0.000211555 -0.00148877 -0.000241666 0.999801 -0.0199665 0.00148468 0.0199665 0.999799 -0.170917 -0.179027 -0.947931
FixedParameters: 0 0 0

#Transform 84
Transform: AffineTransform_float_3_3
Parameters: 1 -0.000122212 0.000377947 0.000129477 0.999809 -0.01957 -0.000375279 0.0195701 0.999809 -0.0733194 -0.142776 -1.11181
FixedParameters: 0 0 0

#Transform 85
Transform: AffineTransform_float_3_3
Parameters: 0.999996 -0.000695539 -0.00279585 0.000646436 0.999846 -0.0175353 0.00280721 0.0175337 0.999842 -0.119069 -0.0884774 -1.03692
FixedParameters: 0 0 0

#Transform 86
Transform: AffineTransform_float_3_3
Parameters: 1 0.00106742 0.00045135 -0.00105868 0.999835 -0.0181025 -0.000470171 0.0181015 0.999836 -0.125215 -0.0574701 -0.947719
FixedParameters: 0 0 0

#Transform 87
Transform: AffineTransform_float_3_3
Parameters: 1 6.74332e-05 -0.00105393 -8.66803e-05 0.999834 -0.0182316 0.00105276 0.0182324 0.999833 -0.139457 -0.0954552 -0.953583
FixedParameters: 0 0 0

#Transform 88
Transform: AffineTransform_float_3_3
Parameters: 0.999998 0.000363449 -0.00165339 -0.000391986 0.999854 -0.0170717 0.00164715 0.0170723 0.999853 -0.152704 -0.0533586 -0.858678
FixedParameters: 0 0 0

#Transform 89
Transform: AffineTransform_float_3_3
Parameters: 1 -0.000386649 -0.00105028 0.000372488 0.999904 -0.0139044 0.00105551 0.0139036 0.999903 -0.114953 -0.01257 -0.857571
FixedParameters: 0 0 0

#Transform 90
Transform: AffineTransform_float_3_3
Parameters: 0.999999 -0.000249107 -0.00125299 0.000227626 0.999848 -0.0174018 0.00125729 0.0174012 0.999848 -0.12888 -0.0660959 -0.918058
FixedParameters: 0 0 0

#Transform 91
Transform: AffineTransform_float_3_3
Parameters: 0.999999 7.88791e-05 -0.00127274 -0.000100255 0.999858 -0.0168104 0.00127151 0.0168106 0.999858 -0.159903 -0.0455215 -0.879731
FixedParameters: 0 0 0

#Transform 92
Transform: AffineTransform_float_3_3
Parameters: 0.999999 0.000950024 -0.000787873 -0.000965773 0.999811 -0.0194272 0.000769477 0.0194287 0.999811 -0.193135 -0.0763619 -0.936655
FixedParameters: 0 0 0

#Transform 93
Transform: AffineTransform_float_3_3
Parameters: 1 0.000404019 -0.000830337 -0.000419122 0.999842 -0.0177655 0.000823772 0.0177655 0.999842 -0.178206 -0.0544721 -0.880021
FixedParameters: 0 0 0

#Transform 94
Transform: AffineTransform_float_3_3
Parameters: 0.999997 -0.000954483 -0.00195478 0.000920372 0.999848 -0.0174008 0.00197072 0.0173992 0.999847 -0.149069 -0.0647312 -0.842738
FixedParameters: 0 0 0

#Transform 95
Transform: AffineTransform_float_3_3
Parameters: 0.999996 -0.000940004 -0.00242633 0.000899402 0.999861 -0.0166308 0.00244196 0.0166292 0.999859 -0.135945 -0.0596222 -0.814087
FixedParameters: 0 0 0

#Transform 96
Transform: AffineTransform_float_3_3
Parameters: 0.999997 -0.000949723 -0.00246969 0.0009167 0.999911 -0.0133321 0.00248273 0.0133289 0.999908 -0.122143 -0.0133654 -0.75387
FixedParameters: 0 0 0

#Transform 97
Transform: AffineTransform_float_3_3
Parameters: 0.999998 0.000795337 0.00151339 -0.000782443 0.999962 -0.00867384 -0.00152029 0.00867217 0.999961 -0.057942 0.022683 -0.441603
FixedParameters: 0 0 0

#Transform 98
Transform: AffineTransform_float_3_3
Parameters: 1 0.000997967 6.60873e-06 -0.000997835 0.999971 -0.00763237 -1.42252e-05 0.00763163 0.999971 -0.0910767 0.0369352 -0.357399
FixedParameters: 0 0 0

#Transform 99
Transform: AffineTransform_float_3_3
Parameters: 1 -8.61079e-05 0.000135551 8.70983e-05 0.999963 -0.00851983 -0.000134605 0.00851916 0.999964 -0.0966164 0.0408209 -0.368906
FixedParameters: 0 0 0

#Transform 100
Transform: AffineTransform_float_3_3
Parameters: 0.999998 0.000618136 0.00215678 -0.00059725 0.99995 -0.0100082 -0.00216272 0.0100078 0.999948 -0.0908854 -0.03951 -0.648515
FixedParameters: 0 0 0

#Transform 101
Transform: AffineTransform_float_3_3
Parameters: 0.999999 0.000731463 -4.67469e-05 -0.000732388 0.999945 -0.010467 3.90401e-05 0.010467 0.999945 -0.140092 -0.0355936 -0.418202
FixedParameters: 0 0 0

#Transform 102
Transform: AffineTransform_float_3_3
Parameters: 1 -0.000243229 7.02045e-05 0.000244785 0.999947 -0.010296 -6.74115e-05 0.010296 0.999947 -0.145381 -0.0156586 -0.411779
FixedParameters: 0 0 0

#Transform 103
Transform: AffineTransform_float_3_3
Parameters: 0.999998 -0.000908107 -0.00136321 0.000893392 0.999935 -0.0113395 0.00137345 0.0113385 0.999935 -0.177611 -0.0527675 -0.484263
FixedParameters: 0 0 0

#Transform 104
Transform: AffineTransform_float_3_3
Parameters: 0.999999 -0.000347558 -0.00085219 0.000335481 0.999915 -0.0129909 0.000856765 0.0129911 0.999915 -0.198761 -0.0765646 -0.471503
FixedParameters: 0 0 0

#Transform 105
Transform: AffineTransform_float_3_3
Parameters: 0.999996 -0.00171293 -0.00214757 0.00167146 0.999809 -0.0194649 0.00218116 0.0194611 0.999808 -0.178784 -0.170488 -0.649001
FixedParameters: 0 0 0

#Transform 106
Transform: AffineTransform_float_3_3
Parameters: 0.999992 -0.00117091 -0.00383217 0.00109466 0.999805 -0.0197185 0.00385465 0.0197135 0.999798 -0.241716 -0.160195 -0.847196
FixedParameters: 0 0 0

#Transform 107
Transform: AffineTransform_float_3_3
Parameters: 0.999989 -0.00182325 -0.00414491 0.00173085 0.999751 -0.0222568 0.00418455 0.0222492 0.999744 -0.228199 -0.179499 -0.832484
FixedParameters: 0 0 0

#Transform 108
Transform: AffineTransform_float_3_3
Parameters: 0.999993 -0.00158905 -0.00332207 0.00153618 0.999876 -0.0156787 0.00334695 0.0156733 0.999872 -0.199681 -0.0698813 -0.725093
FixedParameters: 0 0 0

#Transform 109
Transform: AffineTransform_float_3_3
Parameters: 0.999991 -0.00188298 -0.00397693 0.00181254 0.999844 -0.0175973 0.00401003 0.0175897 0.999837 -0.148706 -0.122352 -0.748412
FixedParameters: 0 0 0

#Transform 110
Transform: AffineTransform_float_3_3
Parameters: 0.999996 -0.00253019 -0.00163136 0.00249933 0.999816 -0.0190071 0.00167967 0.0190029 0.999818 -0.121846 -0.120079 -0.613764
FixedParameters: 0 0 0

#Transform 111
Transform: AffineTransform_float_3_3
Parameters: 0.999999 8.89175e-05 0.00122906 -7.37937e-05 0.999921 -0.0125597 -0.00122984 0.0125603 0.999921 -0.111642 -0.168816 -1.14755
FixedParameters: 0 0 0

#Transform 112
Transform: AffineTransform_float_3_3
Parameters: 0.999999 -0.00114018 -0.00107751 0.00112352 0.999877 -0.0156179 0.00109468 0.0156161 0.999878 -0.17188 -0.0572423 -0.705967
FixedParameters: 0 0 0

#Transform 113
Transform: AffineTransform_float_3_3
Parameters: 0.999998 -0.0012042 -0.00121669 0.00118406 0.999855 -0.0169653 0.00123614 0.0169637 0.999855 -0.176015 -0.0902905 -0.702107
FixedParameters: 0 0 0

#Transform 114
Transform: AffineTransform_float_3_3
Parameters: 0.999996 -0.00203314 -0.00206274 0.00199287 0.999816 -0.0190686 0.00210117 0.0190644 0.999816 -0.189401 -0.113067 -0.77731
FixedParameters: 0 0 0

#Transform 115
Transform: AffineTransform_float_3_3
Parameters: 0.999996 -0.00170923 -0.00234279 0.00166583 0.99983 -0.0183572 0.00237338 0.0183528 0.999828 -0.202119 -0.103525 -0.773225
FixedParameters: 0 0 0

#Transform 116
Transform: AffineTransform_float_3_3
Parameters: 0.999995 -0.00098263 -0.00299031 0.000925749 0.999822 -0.0188629 0.00300785 0.0188601 0.999818 -0.218391 -0.141531 -0.760962
FixedParameters: 0 0 0

#Transform 117
Transform: AffineTransform_float_3_3
Parameters: 0.999992 -0.00222725 -0.00313722 0.00215433 0.999734 -0.0229339 0.00318753 0.0229271 0.999732 -0.157258 -0.218531 -0.787962
FixedParameters: 0 0 0

#Transform 118
Transform: AffineTransform_float_3_3
Parameters: 0.999996 -0.00128886 -0.0024278 0.00123382 0.999754 -0.0221778 0.00245571 0.0221752 0.999751 -0.201589 -0.192597 -0.758271
FixedParameters: 0 0 0

#Transform 119
Transform: AffineTransform_float_3_3
Parameters: 0.999999 -0.000852898 -0.00133 0.000822752 0.999756 -0.0220644 0.00134816 0.0220636 0.999756 -0.226667 -0.167443 -0.478007
FixedParameters: 0 0 0

#Transform 120
Transform: AffineTransform_float_3_3
Parameters: 0.999998 -0.00185835 -0.000424718 0.00184691 0.999658 -0.0260955 0.000472881 0.0260945 0.999659 -0.177709 -0.228904 -0.669839
FixedParameters: 0 0 0

#Transform 121
Transform: AffineTransform_float_3_3
Parameters: 0.999995 -0.00222355 -0.00197264 0.00218148 0.999774 -0.0211348 0.00201953 0.0211302 0.999775 -0.137043 -0.163545 -0.685908
FixedParameters: 0 0 0

#Transform 122
Transform: AffineTransform_float_3_3
Parameters: 0.999996 -0.00191207 -0.00197649 0.00187623 0.999833 -0.0181701 0.00201131 0.0181668 0.999832 -0.152455 -0.123146 -0.71839
FixedParameters: 0 0 0

#Transform 123
Transform: AffineTransform_float_3_3
Parameters: 0.999999 -0.00150811 -0.00104728 0.00148963 0.999849 -0.0173034 0.00107295 0.0173016 0.99985 -0.153826 -0.0942854 -0.69124
FixedParameters: 0 0 0

#Transform 124
Transform: AffineTransform_float_3_3
Parameters: 1 -0.000272874 -0.000261701 0.000268255 0.999856 -0.0170021 0.000265796 0.0170019 0.999856 -0.186841 -0.064453 -0.633851
FixedParameters: 0 0 0

#Transform 125
Transform: AffineTransform_float_3_3
Parameters: 0.999998 -0.00114956 -0.00127733 0.00112572 0.999829 -0.0184579 0.0012984 0.0184571 0.999829 -0.157549 -0.0895622 -0.730796
FixedParameters: 0 0 0

#Transform 126
Transform: AffineTransform_float_3_3
Parameters: 1 -0.000531008 -0.000107804 0.000528793 0.99993 -0.0118791 0.000113698 0.011879 0.99993 -0.13426 0.0101679 -0.699842
FixedParameters: 0 0 0

#Transform 127
Transform: AffineTransform_float_3_3
Parameters: 0.999999 -0.00122648 -0.000786869 0.00121756 0.999945 -0.0103748 0.000799252 0.0103742 0.999946 -0.127993 0.0146027 -0.682368
FixedParameters: 0 0 0

#Transform 128
Transform: AffineTransform_float_3_3
Parameters: 1 -0.000674864 -0.00093138 0.000663496 0.99993 -0.0118464 0.000939395 0.0118466 0.999929 -0.140431 0.00961603 -0.765771
FixedParameters: 0 0 0

#Transform 129
Transform: AffineTransform_float_3_3
Parameters: 1 -0.000523278 -0.00106661 0.000509238 0.999921 -0.0125782 0.00107412 0.0125778 0.99992 -0.134902 0.0157529 -0.879273
FixedParameters: 0 0 0

#Transform 130
Transform: AffineTransform_float_3_3
Parameters: 0.999999 -0.000902849 -0.000909027 0.00089209 0.999932 -0.0116535 0.000918951 0.0116525 0.999932 -0.143044 -0.000907242 -0.825888
FixedParameters: 0 0 0

#Transform 131
Transform: AffineTransform_float_3_3
Parameters: 0.999993 -0.00113571 -0.00338342 0.00107759 0.999855 -0.0169931 0.00340219 0.0169899 0.99985 -0.170961 -0.0713098 -0.945393
FixedParameters: 0 0 0

#Transform 132
Transform: AffineTransform_float_3_3
Parameters: 0.999997 -0.00111731 -0.00227302 0.0010761 0.999839 -0.0179254 0.00229291 0.0179226 0.999837 -0.187092 -0.079656 -0.985357
FixedParameters: 0 0 0

#Transform 133
Transform: AffineTransform_float_3_3
Parameters: 0.999996 -0.00132318 -0.00218089 0.0012816 0.99982 -0.0189309 0.002205 0.0189281 0.999818 -0.15122 -0.101741 -1.00227
FixedParameters: 0 0 0

#Transform 134
Transform: AffineTransform_float_3_3
Parameters: 0.999996 -0.00155359 -0.00244405 0.00150272 0.999786 -0.0206626 0.00247586 0.0206594 0.999784 -0.149011 -0.147523 -1.10122
FixedParameters: 0 0 0

#Transform 135
Transform: AffineTransform_float_3_3
Parameters: 0.999997 -0.00116064 -0.00242433 0.00111142 0.999797 -0.0201455 0.00244716 0.0201435 0.999794 -0.175191 -0.123362 -1.08935
FixedParameters: 0 0 0

#Transform 136
Transform: AffineTransform_float_3_3
Parameters: 0.999996 -0.000467742 -0.00302688 0.000397416 0.999737 -0.0229254 0.00303711 0.0229236 0.999733 -0.178145 -0.215626 -1.38006
FixedParameters: 0 0 0

#Transform 137
Transform: AffineTransform_float_3_3
Parameters: 0.999994 -0.00153397 -0.00311758 0.00145187 0.999656 -0.0261845 0.00315653 0.0261795 0.999653 -0.13378 -0.277079 -1.40352
FixedParameters: 0 0 0

#Transform 138
Transform: AffineTransform_float_3_3
Parameters: 0.999994 -0.000947508 -0.00338132 0.000879357 0.999797 -0.0201276 0.00339995 0.0201244 0.999792 -0.145827 -0.13183 -1.20958
FixedParameters: 0 0 0

#Transform 139
Transform: AffineTransform_float_3_3
Parameters: 0.999997 -2.47073e-05 -0.00214832 -1.63552e-05 0.999812 -0.019367 0.00214797 0.019367 0.999811 -0.167624 -0.161704 -1.43539
FixedParameters: 0 0 0

#Transform 140
Transform: AffineTransform_float_3_3
Parameters: 0.999993 0.00343273 0.00164463 -0.00340849 0.999891 -0.0143554 -0.00169366 0.0143496 0.999896 -0.183197 -0.292996 -1.71835
FixedParameters: 0 0 0

#Transform 141
Transform: AffineTransform_float_3_3
Parameters: 0.999998 0.00159619 -0.000201543 -0.00159866 0.999908 -0.0134872 0.000180126 0.0134878 0.999909 -0.232188 -0.162182 -1.30877
FixedParameters: 0 0 0

#Transform 142
Transform: AffineTransform_float_3_3
Parameters: 0.999988 -0.000809975 -0.00468421 0.000725842 0.999836 -0.0180431 0.00469751 0.0180389 0.999826 -0.22687 -0.205406 -1.37547
FixedParameters: 0 0 0

#Transform 143
Transform: AffineTransform_float_3_3
Parameters: 0.999993 -0.000335349 -0.00391279 0.000231389 0.999647 -0.0265972 0.00392048 0.0265958 0.999639 -0.25703 -0.322104 -1.56642
FixedParameters: 0 0 0

#Transform 144
Transform: AffineTransform_float_3_3
Parameters: 0.999995 0.000935622 -0.00322799 -0.00100011 0.999801 -0.0199186 0.00320908 0.0199214 0.999797 -0.276058 -0.238308 -1.56931
FixedParameters: 0 0 0

#Transform 145
Transform: AffineTransform_float_3_3
Parameters: 0.99998 -0.000576839 -0.00619701 0.000457011 0.999812 -0.0193911 0.0062071 0.0193879 0.999792 -0.298255 -0.240481 -1.68364
FixedParameters: 0 0 0

#Transform 146
Transform: AffineTransform_float_3_3
Parameters: 0.999989 -0.000948982 -0.00459092 0.000846255 0.999749 -0.0223999 0.00461114 0.0223961 0.999738 -0.252854 -0.270416 -1.65029
FixedParameters: 0 0 0

#Transform 147
Transform: AffineTransform_float_3_3
Parameters: 0.999993 -0.00055367 -0.00369454 0.000462071 0.999695 -0.0247083 0.00370696 0.0247067 0.999688 -0.253184 -0.290884 -1.39092
FixedParameters: 0 0 0

#Transform 148
Transform: AffineTransform_float_3_3
Parameters: 0.999996 -0.00250165 -0.00177389 0.00242375 0.999105 -0.0422324 0.00187786 0.0422276 0.999106 -0.160472 -0.553205 -1.38306
FixedParameters: 0 0 0

#Transform 149
Transform: AffineTransform_float_3_3
Parameters: 0.99999 -0.00269732 -0.00355978 0.00254423 0.999103 -0.0422649 0.00366991 0.0422552 0.9991 -0.177505 -0.563504 -1.33431
FixedParameters: 0 0 0

#Transform 150
Transform: AffineTransform_float_3_3
Parameters: 0.999997 -0.00220632 -0.00153881 0.0021397 0.999102 -0.0423062 0.00163107 0.0423028 0.999104 -0.145771 -0.526243 -1.2911
FixedParameters: 0 0 0

#Transform 151
Transform: AffineTransform_float_3_3
Parameters: 0.999957 0.00260803 0.00891715 -0.00240932 0.999751 -0.0221998 -0.00897364 0.0221782 0.999714 -0.0960204 -0.385433 -1.0382
FixedParameters: 0 0 0

#Transform 152
Transform: AffineTransform_float_3_3
Parameters: 0.999993 -0.000598333 0.00370881 0.000677102 0.999774 -0.0212348 -0.00369512 0.0212361 0.999768 -0.100666 -0.266152 -0.781179
FixedParameters: 0 0 0

#Transform 153
Transform: AffineTransform_float_3_3
Parameters: 0.999979 -0.005125 -0.00391143 0.00502664 0.999683 -0.0246938 0.00403686 0.0246732 0.999688 -0.105545 -0.309307 -0.84095
FixedParameters: 0 0 0

#Transform 154
Transform: AffineTransform_float_3_3
Parameters: 0.999991 -0.00363813 -0.00226299 0.00357402 0.999605 -0.0278916 0.00236381 0.0278834 0.999608 -0.118963 -0.31373 -0.808871
FixedParameters: 0 0 0

#Transform 155
Transform: AffineTransform_float_3_3
Parameters: 0.999996 -0.00287676 -0.0010565 0.00284665 0.999621 -0.0273943 0.00113542 0.0273907 0.999624 -0.123912 -0.305701 -0.75732
FixedParameters: 0 0 0

#Transform 156
Transform: AffineTransform_float_3_3
Parameters: 0.999996 -0.00277773 0.000385933 0.00278738 0.999631 -0.0270228 -0.000310922 0.0270232 0.999634 -0.0958674 -0.291885 -0.9115
FixedParameters: 0 0 0

#Transform 157
Transform: AffineTransform_float_3_3
Parameters: 0.999999 -0.00182344 -0.000192172 0.00181806 0.999639 -0.0267869 0.000240382 0.0267861 0.999641 -0.142596 -0.285023 -0.909744
FixedParameters: 0 0 0

#Transform 158
Transform: AffineTransform_float_3_3
Parameters: 0.999994 -0.0025753 -0.00227026 0.00251843 0.999687 -0.0248921 0.00233344 0.024886 0.999688 -0.118952 -0.325421 -1.16687
FixedParameters: 0 0 0

#Transform 159
Transform: AffineTransform_float_3_3
Parameters: 0.999968 -0.00625978 -0.00501757 0.00615896 0.999782 -0.0199572 0.00514165 0.0199258 0.999788 -0.173731 -0.305026 -0.902786
FixedParameters: 0 0 0

#Transform 160
Transform: AffineTransform_float_3_3
Parameters: 0.999997 -0.00189549 -0.00138262 0.00187649 0.999912 -0.0131504 0.00140733 0.0131486 0.999913 -0.279658 -0.133645 -0.586804
FixedParameters: 0 0 0

#Transform 161
Transform: AffineTransform_float_3_3
Parameters: 0.999993 -0.00365203 -0.00064368 0.00364967 0.999989 -0.00306737 0.000654517 0.00306464 0.999995 -0.122469 0.00819524 0.946277
FixedParameters: 0 0 0

#Transform 162
Transform: AffineTransform_float_3_3
Parameters: 0.999995 -0.00304536 -0.00137058 0.0030433 0.999995 -0.0015261 0.00137462 0.00152191 0.999998 -0.0987125 0.0819931 0.638429
FixedParameters: 0 0 0

#Transform 163
Transform: AffineTransform_float_3_3
Parameters: 0.999993 -0.00247858 -0.00274502 0.00251491 0.99991 0.0131952 0.00271273 -0.0132018 0.999909 -0.102382 0.273134 0.746577
FixedParameters: 0 0 0

#Transform 164
Transform: AffineTransform_float_3_3
Parameters: 0.999994 -0.00262159 -0.00195255 0.00263126 0.999983 0.00522921 0.0019383 -0.00523379 0.999985 -0.0753081 0.170539 0.575819
FixedParameters: 0 0 0

#Transform 165
Transform: AffineTransform_float_3_3
Parameters: 0.999995 -0.00293125 -0.000595876 0.00292757 0.999983 -0.00494274 0.000609738 0.00494127 0.999988 -0.0508711 0.00997875 0.430569
FixedParameters: 0 0 0

#Transform 166
Transform: AffineTransform_float_3_3
Parameters: 0.999993 -0.00363596 0.000756199 0.00364643 0.999898 -0.0138553 -0.00070653 0.0138577 0.999903 -0.029032 -0.112877 0.397149
FixedParameters: 0 0 0

#Transform 167
Transform: AffineTransform_float_3_3
Parameters: 0.999991 -0.00378987 0.00179507 0.00381521 0.999892 -0.0142034 -0.00174055 0.0142096 0.999898 -0.0333044 -0.0915178 0.372554
FixedParameters: 0 0 0

#Transform 168
Transform: AffineTransform_float_3_3
Parameters: 0.999992 -0.00313721 0.00241631 0.00316418 0.999931 -0.0113105 -0.00238122 0.0113185 0.999932 -0.00510313 -0.0319065 0.26423
FixedParameters: 0 0 0

#Transform 169
Transform: AffineTransform_float_3_3
Parameters: 0.999991 -0.00439154 8.01389e-05 0.00439218 0.999965 -0.00709294 -4.92138e-05 0.00709406 0.999975 0.0518946 0.00652621 -0.0319121
FixedParameters: 0 0 0

#Transform 170
Transform: AffineTransform_float_3_3
Parameters: 0.999996 -0.00223371 0.00162933 0.00226631 0.999789 -0.0203851 -0.00158444 0.0203888 0.999791 -0.0520741 -0.176967 -0.38447
FixedParameters: 0 0 0

#Transform 171
Transform: AffineTransform_float_3_3
Parameters: 0.999992 -0.00404477 0.0010047 0.00407224 0.999568 -0.0290773 -0.000887278 0.0290806 0.999577 -0.0540744 -0.288919 -0.0626384
FixedParameters: 0 0 0

#Transform 172
Transform: AffineTransform_float_3_3
Parameters: 0.999989 -0.00454737 0.00127931 0.00458085 0.999592 -0.0281789 -0.00115055 0.0281841 0.999602 -0.025645 -0.297218 0.0163988
FixedParameters: 0 0 0

#Transform 173
Transform: AffineTransform_float_3_3
Parameters: 0.99999 -0.00411561 0.00140679 0.00415218 0.999621 -0.0271908 -0.00129444 0.0271962 0.99963 -0.0107719 -0.278206 0.0804697
FixedParameters: 0 0 0

#Transform 174
Transform: AffineTransform_float_3_3
Parameters: 0.999991 -0.00403662 0.0011781 0.00406561 0.999661 -0.0257098 -0.0010737 0.0257152 0.999669 -0.0379802 -0.246871 0.00749606
FixedParameters: 0 0 0

#Transform 175
Transform: AffineTransform_float_3_3
Parameters: 0.999993 -0.00339351 0.0014244 0.00342502 0.999733 -0.022882 -0.00134605 0.0228871 0.999737 -0.0193882 -0.238017 -0.0493574
FixedParameters: 0 0 0

#Transform 176
Transform: AffineTransform_float_3_3
Parameters: 0.999991 -0.00396621 0.00101666 0.00399098 0.99966 -0.0257675 -0.000913946 0.0257715 0.999667 -0.0262931 -0.252086 0.155514
FixedParameters: 0 0 0

#Transform 177
Transform: AffineTransform_float_3_3
Parameters: 0.99999 -0.00401569 0.00156203 0.00405504 0.99966 -0.0257333 -0.00145749 0.0257397 0.999667 -0.035419 -0.255369 0.109155
FixedParameters: 0 0 0

#Transform 178
Transform: AffineTransform_float_3_3
Parameters: 0.999992 -0.00375148 0.00144813 0.00378944 0.999623 -0.0271757 -0.00134543 0.0271812 0.999629 -0.0271063 -0.291195 0.0613942
FixedParameters: 0 0 0

#Transform 179
Transform: AffineTransform_float_3_3
Parameters: 0.999991 -0.00367301 0.00239416 0.0037404 0.999571 -0.0290361 -0.0022866 0.0290449 0.999575 0.00414724 -0.324359 0.0512346
FixedParameters: 0 0 0
