# transform file /out/sourcedata/freesurfer/sub-v1s10x0051124_ses-1/mri/transforms/cc_up.lta
# created by oesteban on Thu Mar 12 10:02:43 2026

type      = 0 # LINEAR_VOX_TO_VOX
nxforms   = 1
mean      = 130.0000 122.0000 116.0000
sigma     = 10000.0000
1 4 4
9.998504519462585e-01 -1.643376797437668e-02 -5.401983857154846e-03 1.383187651634216e+00 
1.643352769315243e-02 9.998650550842285e-01 -8.878693188307807e-05 1.690420532226562e+01 
5.402713082730770e-03 7.275958481545164e-12 9.999854564666748e-01 2.130459403991699e+01 
0.000000000000000e+00 0.000000000000000e+00 0.000000000000000e+00 1.000000000000000e+00 
src volume info
valid = 1  # volume info valid
filename = /out/sourcedata/freesurfer/sub-v1s10x0051124_ses-1/mri/norm.mgz
volume = 256 256 256
voxelsize = 1.000000000000000e+00 1.000000000000000e+00 1.000000000000000e+00
xras   = -1.000000000000000e+00 0.000000000000000e+00 0.000000000000000e+00
yras   = 0.000000000000000e+00 0.000000000000000e+00 -1.000000000000000e+00
zras   = 0.000000000000000e+00 1.000000000000000e+00 0.000000000000000e+00
cras   = 1.387512207031250e+00 1.000000000000000e+00 2.771072387695312e-01
dst volume info
valid = 1  # volume info valid
filename = /out/sourcedata/freesurfer/sub-v1s10x0051124_ses-1/mri/norm.mgz
volume = 256 256 256
voxelsize = 1.000000000000000e+00 1.000000000000000e+00 1.000000000000000e+00
xras   = -1.000000000000000e+00 0.000000000000000e+00 0.000000000000000e+00
yras   = 0.000000000000000e+00 0.000000000000000e+00 -1.000000000000000e+00
zras   = 0.000000000000000e+00 1.000000000000000e+00 0.000000000000000e+00
cras   = 1.387512207031250e+00 1.000000000000000e+00 2.771072387695312e-01
