#Insight Transform File V1.0
#Transform 0
Transform: AffineTransform_float_3_3
Parameters: 1 0.000207671 -0.000437722 -0.000207535 1 0.000602091 0.000437052 -0.000601909 0.999999 -0.0442806 0.106277 0.328908
FixedParameters: 0 0 0

#Transform 1
Transform: AffineTransform_float_3_3
Parameters: 1 0.00014055 2.39703e-05 -0.000140543 1 -0.000148003 -2.40119e-05 0.000147997 1 -0.0110019 0.177205 -0.152437
FixedParameters: 0 0 0

#Transform 2
Transform: AffineTransform_float_3_3
Parameters: 1 0.000159034 -0.000362817 -0.000158619 1 0.000572057 0.000362999 -0.000571942 1 -0.0160968 0.239814 -0.259081
FixedParameters: 0 0 0

#Transform 3
Transform: AffineTransform_float_3_3
Parameters: 1 -0.000340246 0.00031699 0.000340023 1 0.000351108 -0.000317229 -0.000350892 1 -0.0173111 0.233957 -0.250768
FixedParameters: 0 0 0

#Transform 4
Transform: AffineTransform_float_3_3
Parameters: 1 -0.000177513 0.000242424 0.000177123 0.999999 0.000804042 -0.000242709 -0.000803956 0.999999 -0.00861648 0.240201 -0.260127
FixedParameters: 0 0 0

#Transform 5
Transform: AffineTransform_float_3_3
Parameters: 1 -0.000523596 0.000432763 0.000523297 1 0.000345226 -0.000433124 -0.000344773 1 -0.0186917 0.238523 -0.261065
FixedParameters: 0 0 0

#Transform 6
Transform: AffineTransform_float_3_3
Parameters: 1 -0.00036734 0.000568384 0.000366669 1 0.000590208 -0.000568817 -0.000589791 0.999999 -0.0141935 0.22656 -0.279333
FixedParameters: 0 0 0

#Transform 7
Transform: AffineTransform_float_3_3
Parameters: 0.999999 -0.000258997 0.00093949 0.000257776 0.999999 0.000649755 -0.000939826 -0.000649245 1 -0.00444044 0.254715 -0.296519
FixedParameters: 0 0 0

#Transform 8
Transform: AffineTransform_float_3_3
Parameters: 1 -0.0004863 0.000479834 0.000486732 1 0.000508233 -0.000480719 -0.000507766 1 -0.0189954 0.244117 -0.315219
FixedParameters: 0 0 0

#Transform 9
Transform: AffineTransform_float_3_3
Parameters: 1 -0.000139392 0.000390584 0.000139585 1 -0.000246946 -0.000390515 0.000247054 1 -0.0154985 0.244383 -0.328066
FixedParameters: 0 0 0

#Transform 10
Transform: AffineTransform_float_3_3
Parameters: 1 -0.000158791 0.000620634 0.000158676 1 -0.000648901 -0.000620037 0.000649098 0.999999 -0.00926528 0.231176 -0.316455
FixedParameters: 0 0 0

#Transform 11
Transform: AffineTransform_float_3_3
Parameters: 1 -0.000294492 0.000873149 0.000296011 0.999999 -0.00109359 -0.000873424 0.00109341 0.999999 -0.015109 0.215278 -0.343726
FixedParameters: 0 0 0

#Transform 12
Transform: AffineTransform_float_3_3
Parameters: 0.999999 -2.16939e-05 0.00148387 2.46959e-05 0.999997 -0.00238445 -0.00148312 0.00238455 0.999996 -0.0029389 0.208373 -0.29723
FixedParameters: 0 0 0

#Transform 13
Transform: AffineTransform_float_3_3
Parameters: 0.999999 -0.000153888 0.00142437 0.000155757 0.999999 -0.00143927 -0.00142406 0.00143973 0.999998 -0.00662478 0.204291 -0.315905
FixedParameters: 0 0 0

#Transform 14
Transform: AffineTransform_float_3_3
Parameters: 0.999999 -0.000306948 0.00145781 0.000310187 0.999997 -0.0023264 -0.00145704 0.0023266 0.999996 -0.00923068 0.185148 -0.320188
FixedParameters: 0 0 0

#Transform 15
Transform: AffineTransform_float_3_3
Parameters: 0.999999 -0.000180104 0.00153045 0.000183981 0.999995 -0.00315321 -0.00153011 0.00315379 0.999994 -0.0129247 0.171198 -0.347202
FixedParameters: 0 0 0

#Transform 16
Transform: AffineTransform_float_3_3
Parameters: 0.999998 -0.000169117 0.00203912 0.000175911 0.999995 -0.00308198 -0.00203887 0.00308201 0.999993 -0.010874 0.168529 -0.317608
FixedParameters: 0 0 0

#Transform 17
Transform: AffineTransform_float_3_3
Parameters: 0.999998 -0.00032495 0.00187141 0.00033116 0.999994 -0.00355288 -0.00187041 0.00355413 0.999992 -0.0054888 0.147163 -0.343506
FixedParameters: 0 0 0

#Transform 18
Transform: AffineTransform_float_3_3
Parameters: 0.999999 -0.00015232 0.00151818 0.000156006 0.999996 -0.00268461 -0.00151763 0.00268439 0.999995 -0.00329307 0.163713 -0.350722
FixedParameters: 0 0 0

#Transform 19
Transform: AffineTransform_float_3_3
Parameters: 0.999999 -7.71304e-05 0.00148681 8.26041e-05 0.999992 -0.00378237 -0.00148701 0.00378263 0.999992 0.0222924 0.157683 -0.309858
FixedParameters: 0 0 0

#Transform 20
Transform: AffineTransform_float_3_3
Parameters: 0.999999 -0.000186307 0.00153222 0.000189216 0.999998 -0.00210556 -0.0015321 0.00210544 0.999997 0.00660682 0.174872 -0.335797
FixedParameters: 0 0 0

#Transform 21
Transform: AffineTransform_float_3_3
Parameters: 0.999999 -0.000205145 0.00154105 0.00020957 0.999996 -0.00301053 -0.001541 0.00301047 0.999994 0.00670281 0.165143 -0.330486
FixedParameters: 0 0 0

#Transform 22
Transform: AffineTransform_float_3_3
Parameters: 0.999999 -0.000313337 0.00121371 0.000315499 0.999997 -0.00235062 -0.0012129 0.00235138 0.999996 -0.0165327 0.164462 -0.365704
FixedParameters: 0 0 0

#Transform 23
Transform: AffineTransform_float_3_3
Parameters: 0.999999 -0.000295058 0.00144959 0.000298258 0.999997 -0.00246006 -0.00144972 0.00246094 0.999996 -0.00977586 0.172605 -0.34028
FixedParameters: 0 0 0

#Transform 24
Transform: AffineTransform_float_3_3
Parameters: 0.999998 -0.000294004 0.0017099 0.000298092 0.999997 -0.00223183 -0.00170925 0.00223217 0.999997 -0.00187871 0.173821 -0.387314
FixedParameters: 0 0 0

#Transform 25
Transform: AffineTransform_float_3_3
Parameters: 0.999999 -0.000230809 0.00180914 0.000234738 0.999997 -0.00231991 -0.00180834 0.00232009 0.999996 0.00100556 0.177607 -0.365186
FixedParameters: 0 0 0

#Transform 26
Transform: AffineTransform_float_3_3
Parameters: 0.999998 -0.000212116 0.00170404 0.000215283 0.999998 -0.00196897 -0.00170387 0.00196903 0.999997 -0.00198022 0.184372 -0.383915
FixedParameters: 0 0 0

#Transform 27
Transform: AffineTransform_float_3_3
Parameters: 0.999998 -0.000142871 0.00196181 0.00014818 0.999997 -0.00225605 -0.00196182 0.00225595 0.999996 0.0013451 0.179426 -0.37978
FixedParameters: 0 0 0

#Transform 28
Transform: AffineTransform_float_3_3
Parameters: 0.999999 -0.000302281 0.00176536 0.000305694 0.999998 -0.00196995 -0.00176483 0.00197105 0.999996 0.00260157 0.186217 -0.388914
FixedParameters: 0 0 0

#Transform 29
Transform: AffineTransform_float_3_3
Parameters: 0.999998 -0.000299631 0.00189956 0.000304025 0.999998 -0.00243428 -0.00189929 0.00243473 0.999995 -2.95346e-05 0.178614 -0.380905
FixedParameters: 0 0 0

#Transform 30
Transform: AffineTransform_float_3_3
Parameters: 0.999999 -0.000351562 0.00168057 0.000355619 0.999996 -0.00265174 -0.00167989 0.00265226 0.999996 -0.00798333 0.164504 -0.36748
FixedParameters: 0 0 0

#Transform 31
Transform: AffineTransform_float_3_3
Parameters: 0.999998 -0.000236688 0.00185628 0.000241003 0.999997 -0.00236489 -0.00185543 0.00236511 0.999996 0.000819975 0.176895 -0.355756
FixedParameters: 0 0 0

#Transform 32
Transform: AffineTransform_float_3_3
Parameters: 0.999999 -0.000354138 0.00178785 0.000358774 0.999997 -0.0022877 -0.00178689 0.0022883 0.999996 0.0101253 0.181683 -0.326178
FixedParameters: 0 0 0

#Transform 33
Transform: AffineTransform_float_3_3
Parameters: 0.999999 -0.000139997 0.00182579 0.00014486 0.999997 -0.00230207 -0.0018258 0.00230192 0.999996 0.00406074 0.18492 -0.319182
FixedParameters: 0 0 0

#Transform 34
Transform: AffineTransform_float_3_3
Parameters: 0.999998 -0.000589121 0.00194735 0.000592609 0.999998 -0.00180518 -0.00194588 0.00180681 0.999997 -0.00111464 0.178713 -0.329063
FixedParameters: 0 0 0

#Transform 35
Transform: AffineTransform_float_3_3
Parameters: 0.999998 -0.000497942 0.00205843 0.000502697 0.999997 -0.00255831 -0.00205668 0.0025597 0.999995 0.0107029 0.177074 -0.315553
FixedParameters: 0 0 0

#Transform 36
Transform: AffineTransform_float_3_3
Parameters: 0.999998 -0.000958278 0.0017679 0.000961857 0.999996 -0.00249615 -0.00176522 0.00249885 0.999995 0.0322511 0.169994 -0.317542
FixedParameters: 0 0 0

#Transform 37
Transform: AffineTransform_float_3_3
Parameters: 0.999998 -0.00099147 0.00180166 0.000994295 0.999998 -0.00187627 -0.00179952 0.00187773 0.999996 0.0261677 0.167743 -0.358337
FixedParameters: 0 0 0

#Transform 38
Transform: AffineTransform_float_3_3
Parameters: 0.999999 -0.00061919 0.0016487 0.000622971 0.999997 -0.00222182 -0.00164661 0.00222317 0.999996 0.0074103 0.170726 -0.343313
FixedParameters: 0 0 0

#Transform 39
Transform: AffineTransform_float_3_3
Parameters: 0.999999 -0.000629973 0.00168782 0.000633208 0.999998 -0.00200863 -0.00168595 0.00200937 0.999997 0.00316816 0.165184 -0.314664
FixedParameters: 0 0 0

#Transform 40
Transform: AffineTransform_float_3_3
Parameters: 0.999998 -0.000718399 0.00177574 0.000720691 0.999999 -0.00138342 -0.00177481 0.00138458 0.999998 -0.00514846 0.194576 -0.372888
FixedParameters: 0 0 0

#Transform 41
Transform: AffineTransform_float_3_3
Parameters: 0.999998 -0.00054612 0.00179009 0.000549698 0.999998 -0.00198971 -0.00178857 0.00199029 0.999997 -0.00579701 0.177087 -0.347082
FixedParameters: 0 0 0

#Transform 42
Transform: AffineTransform_float_3_3
Parameters: 0.999998 -0.000852006 0.00192098 0.000855556 0.999998 -0.00218842 -0.00191844 0.00218959 0.999995 -0.00640512 0.175339 -0.375581
FixedParameters: 0 0 0

#Transform 43
Transform: AffineTransform_float_3_3
Parameters: 0.999998 -0.00055221 0.00179294 0.000556106 0.999997 -0.0021837 -0.00179211 0.0021843 0.999996 -0.00584402 0.180498 -0.350249
FixedParameters: 0 0 0

#Transform 44
Transform: AffineTransform_float_3_3
Parameters: 0.999998 -0.000793278 0.00170224 0.000796565 0.999997 -0.00212134 -0.00170046 0.00212266 0.999996 -0.00923854 0.177029 -0.371803
FixedParameters: 0 0 0

#Transform 45
Transform: AffineTransform_float_3_3
Parameters: 0.999999 -0.000511667 0.00177502 0.000514193 0.999998 -0.00170978 -0.00177394 0.00171021 0.999997 -0.00588042 0.185929 -0.370889
FixedParameters: 0 0 0

#Transform 46
Transform: AffineTransform_float_3_3
Parameters: 0.999999 -0.00077009 0.00166662 0.000773684 0.999997 -0.00237556 -0.00166546 0.00237744 0.999996 -0.00972085 0.16768 -0.368249
FixedParameters: 0 0 0

#Transform 47
Transform: AffineTransform_float_3_3
Parameters: 0.999998 -0.00068081 0.00188302 0.000686013 0.999997 -0.00242641 -0.00188129 0.00242759 0.999995 -0.00510861 0.175658 -0.315124
FixedParameters: 0 0 0

#Transform 48
Transform: AffineTransform_float_3_3
Parameters: 0.999998 -0.000886307 0.00145912 0.000889225 0.999998 -0.00203255 -0.00145749 0.00203445 0.999997 -0.0315061 0.164556 -0.349776
FixedParameters: 0 0 0

#Transform 49
Transform: AffineTransform_float_3_3
Parameters: 0.999998 -0.000643746 0.00189559 0.000648981 0.999997 -0.00252147 -0.00189484 0.00252253 0.999995 -0.00471406 0.152478 -0.354145
FixedParameters: 0 0 0

#Transform 50
Transform: AffineTransform_float_3_3
Parameters: 0.999998 -0.000871998 0.00211718 0.000878811 0.999994 -0.00315869 -0.0021143 0.00316031 0.999993 -0.00130231 0.131142 -0.395745
FixedParameters: 0 0 0

#Transform 51
Transform: AffineTransform_float_3_3
Parameters: 0.999997 -0.000901569 0.00225844 0.000908131 0.999996 -0.0027005 -0.00225659 0.0027025 0.999994 0.0111596 0.153654 -0.339406
FixedParameters: 0 0 0

#Transform 52
Transform: AffineTransform_float_3_3
Parameters: 0.999998 -0.000953739 0.00161812 0.000957614 0.999996 -0.0025343 -0.00161578 0.0025367 0.999995 -0.000375897 0.158053 -0.36977
FixedParameters: 0 0 0

#Transform 53
Transform: AffineTransform_float_3_3
Parameters: 0.999999 -0.000752848 0.00133366 0.000755264 0.999998 -0.00203584 -0.00133256 0.00203716 0.999997 -0.0105932 0.161578 -0.371458
FixedParameters: 0 0 0

#Transform 54
Transform: AffineTransform_float_3_3
Parameters: 0.999999 -0.000611406 0.00144609 0.000614128 0.999998 -0.00198296 -0.00144564 0.00198404 0.999997 -0.00844226 0.186555 -0.400022
FixedParameters: 0 0 0

#Transform 55
Transform: AffineTransform_float_3_3
Parameters: 0.999997 -0.000827802 0.00196043 0.000833158 0.999996 -0.00270492 -0.00195806 0.00270609 0.999995 -0.000850851 0.158766 -0.390541
FixedParameters: 0 0 0

#Transform 56
Transform: AffineTransform_float_3_3
Parameters: 0.999999 -0.000702568 0.00169904 0.000706312 0.999999 -0.00187365 -0.00169746 0.00187535 0.999997 -0.000182188 0.177495 -0.42834
FixedParameters: 0 0 0

#Transform 57
Transform: AffineTransform_float_3_3
Parameters: 0.999998 -0.000123933 0.0020642 0.000129222 0.999996 -0.00290308 -0.00206388 0.00290293 0.999994 -0.000692693 0.172071 -0.375131
FixedParameters: 0 0 0

#Transform 58
Transform: AffineTransform_float_3_3
Parameters: 0.999998 -0.000689801 0.00189008 0.00069454 0.999997 -0.00239739 -0.00188927 0.00239861 0.999995 -0.00249607 0.154192 -0.412278
FixedParameters: 0 0 0

#Transform 59
Transform: AffineTransform_float_3_3
Parameters: 0.999997 -0.000692131 0.00211065 0.000700294 0.999993 -0.00370707 -0.00210775 0.00370793 0.999991 0.00598237 0.127184 -0.380882
FixedParameters: 0 0 0

#Transform 60
Transform: AffineTransform_float_3_3
Parameters: 0.999998 -0.000740566 0.00195653 0.000746517 0.999995 -0.00319724 -0.00195442 0.00319876 0.999993 0.000721678 0.141499 -0.396546
FixedParameters: 0 0 0

#Transform 61
Transform: AffineTransform_float_3_3
Parameters: 0.999998 -0.000609205 0.00177983 0.000616141 0.999994 -0.00342361 -0.00177776 0.0034244 0.999993 -0.00474659 0.140834 -0.373824
FixedParameters: 0 0 0

#Transform 62
Transform: AffineTransform_float_3_3
Parameters: 0.999997 -0.000474582 0.00207893 0.000481556 0.999995 -0.0033827 -0.00207704 0.0033833 0.999992 0.00355274 0.145384 -0.388193
FixedParameters: 0 0 0

#Transform 63
Transform: AffineTransform_float_3_3
Parameters: 0.999998 -0.000731806 0.00195696 0.000739123 0.999992 -0.00378225 -0.00195365 0.00378374 0.999991 -0.0064824 0.129755 -0.343064
FixedParameters: 0 0 0

#Transform 64
Transform: AffineTransform_float_3_3
Parameters: 0.999997 -0.00075046 0.00200205 0.000757948 0.999993 -0.00383704 -0.00199944 0.00383797 0.999991 0.000531574 0.11963 -0.391935
FixedParameters: 0 0 0

#Transform 65
Transform: AffineTransform_float_3_3
Parameters: 0.999997 -0.000694344 0.00213783 0.000703646 0.99999 -0.0044492 -0.002134 0.0044508 0.999987 0.0021243 0.109465 -0.369941
FixedParameters: 0 0 0

#Transform 66
Transform: AffineTransform_float_3_3
Parameters: 0.999998 -0.00076786 0.00212456 0.000775925 0.999993 -0.0036599 -0.00212116 0.0036611 0.999991 -0.00684553 0.124859 -0.416015
FixedParameters: 0 0 0

#Transform 67
Transform: AffineTransform_float_3_3
Parameters: 0.999998 -0.00065472 0.00190701 0.000662633 0.999991 -0.00413908 -0.00190474 0.00414092 0.99999 -0.00787919 0.123682 -0.38294
FixedParameters: 0 0 0

#Transform 68
Transform: AffineTransform_float_3_3
Parameters: 0.999997 -0.000822663 0.00205086 0.000830256 0.999992 -0.00409101 -0.00204781 0.004093 0.99999 -0.0125032 0.134424 -0.388889
FixedParameters: 0 0 0

#Transform 69
Transform: AffineTransform_float_3_3
Parameters: 0.999997 -0.000863058 0.00225859 0.000872186 0.999992 -0.00405459 -0.00225526 0.00405642 0.99999 -0.00802484 0.135311 -0.351706
FixedParameters: 0 0 0

#Transform 70
Transform: AffineTransform_float_3_3
Parameters: 0.999997 -0.00082653 0.0025039 0.000837146 0.999991 -0.00395395 -0.00250102 0.00395605 0.999989 0.0117376 0.139673 -0.364786
FixedParameters: 0 0 0

#Transform 71
Transform: AffineTransform_float_3_3
Parameters: 0.999998 -0.00112673 0.00197294 0.00113517 0.99999 -0.00433367 -0.00196816 0.00433533 0.999989 -0.0148381 0.126995 -0.385541
FixedParameters: 0 0 0

#Transform 72
Transform: AffineTransform_float_3_3
Parameters: 0.999997 -0.00100996 0.00229434 0.00101874 0.999992 -0.00400222 -0.00229084 0.00400479 0.99999 -0.00815308 0.137685 -0.361324
FixedParameters: 0 0 0

#Transform 73
Transform: AffineTransform_float_3_3
Parameters: 0.999998 -0.00117631 0.00199334 0.00118447 0.999991 -0.00389219 -0.00198864 0.00389481 0.999991 -0.00185529 0.130503 -0.388261
FixedParameters: 0 0 0

#Transform 74
Transform: AffineTransform_float_3_3
Parameters: 0.999996 -0.00101418 0.00238633 0.001025 0.99999 -0.00446996 -0.00238145 0.00447204 0.999988 0.000995617 0.127515 -0.357676
FixedParameters: 0 0 0

#Transform 75
Transform: AffineTransform_float_3_3
Parameters: 0.999996 -0.00112388 0.002296 0.00113211 0.999992 -0.00379296 -0.00229115 0.00379605 0.99999 0.000348894 0.120893 -0.415913
FixedParameters: 0 0 0

#Transform 76
Transform: AffineTransform_float_3_3
Parameters: 0.999995 -0.000839764 0.00284875 0.000852568 0.99999 -0.00431947 -0.00284621 0.00432153 0.999987 0.016181 0.135522 -0.384295
FixedParameters: 0 0 0

#Transform 77
Transform: AffineTransform_float_3_3
Parameters: 0.999997 -0.000895996 0.00217538 0.000904585 0.999993 -0.00378459 -0.00217174 0.00378642 0.999991 0.00128545 0.133885 -0.419719
FixedParameters: 0 0 0

#Transform 78
Transform: AffineTransform_float_3_3
Parameters: 0.999996 -0.000731268 0.0024724 0.000743366 0.999988 -0.00494357 -0.00246857 0.00494443 0.999985 -0.00418594 0.123761 -0.343609
FixedParameters: 0 0 0

#Transform 79
Transform: AffineTransform_float_3_3
Parameters: 0.999997 -0.000827656 0.00229023 0.000837165 0.999992 -0.00408164 -0.00228714 0.00408336 0.999989 0.0019417 0.11943 -0.37673
FixedParameters: 0 0 0

#Transform 80
Transform: AffineTransform_float_3_3
Parameters: 0.999997 -0.00109651 0.00241745 0.00110741 0.999989 -0.00450888 -0.00241267 0.00451212 0.999987 -0.00130003 0.111469 -0.345259
FixedParameters: 0 0 0

#Transform 81
Transform: AffineTransform_float_3_3
Parameters: 0.999997 -0.000840211 0.00224261 0.000848702 0.999993 -0.00364865 -0.00223962 0.00365035 0.999991 0.000919482 0.146038 -0.359365
FixedParameters: 0 0 0

#Transform 82
Transform: AffineTransform_float_3_3
Parameters: 0.999997 -0.000854077 0.00222562 0.000863604 0.99999 -0.00420463 -0.0022221 0.00420637 0.999988 0.00250772 0.11198 -0.368177
FixedParameters: 0 0 0

#Transform 83
Transform: AffineTransform_float_3_3
Parameters: 0.999997 -0.000952367 0.00221914 0.000962099 0.99999 -0.00435142 -0.00221543 0.00435358 0.999988 0.00661409 0.122436 -0.35016
FixedParameters: 0 0 0

#Transform 84
Transform: AffineTransform_float_3_3
Parameters: 0.999996 -0.00114774 0.00230397 0.00115637 0.999992 -0.00375125 -0.00230034 0.00375375 0.99999 -0.00535497 0.13608 -0.376256
FixedParameters: 0 0 0

#Transform 85
Transform: AffineTransform_float_3_3
Parameters: 0.999996 -0.000871333 0.00260618 0.000883381 0.999989 -0.00468026 -0.00260142 0.00468274 0.999985 0.0215072 0.127631 -0.34905
FixedParameters: 0 0 0

#Transform 86
Transform: AffineTransform_float_3_3
Parameters: 0.999996 -0.000885966 0.00239335 0.000895643 0.999991 -0.00394126 -0.00239003 0.00394274 0.999989 0.00751838 0.131857 -0.38563
FixedParameters: 0 0 0

#Transform 87
Transform: AffineTransform_float_3_3
Parameters: 0.999997 -0.000904852 0.0025045 0.000917445 0.999988 -0.00487311 -0.00250039 0.00487489 0.999985 0.00800284 0.107951 -0.335911
FixedParameters: 0 0 0

#Transform 88
Transform: AffineTransform_float_3_3
Parameters: 0.999996 -0.00111011 0.00230021 0.00112215 0.999987 -0.00498698 -0.00229423 0.00499002 0.999985 0.0105933 0.118654 -0.37273
FixedParameters: 0 0 0

#Transform 89
Transform: AffineTransform_float_3_3
Parameters: 0.999997 -0.000846362 0.00252627 0.000859488 0.999987 -0.00493624 -0.00252262 0.00493776 0.999985 0.0131336 0.121087 -0.351689
FixedParameters: 0 0 0

#Transform 90
Transform: AffineTransform_float_3_3
Parameters: 0.999996 -0.00101801 0.00255381 0.00103126 0.999986 -0.00516677 -0.00254852 0.00516922 0.999983 0.00220877 0.112592 -0.355101
FixedParameters: 0 0 0

#Transform 91
Transform: AffineTransform_float_3_3
Parameters: 0.999995 -0.00111755 0.0026938 0.00113148 0.999986 -0.00526736 -0.00268778 0.00527064 0.999982 -0.0028427 0.0982392 -0.363299
FixedParameters: 0 0 0

#Transform 92
Transform: AffineTransform_float_3_3
Parameters: 0.999995 -0.00114416 0.002754 0.00115938 0.999983 -0.00562507 -0.0027474 0.00562793 0.999981 -0.00910063 0.104158 -0.365799
FixedParameters: 0 0 0

#Transform 93
Transform: AffineTransform_float_3_3
Parameters: 0.999995 -0.000989035 0.00298834 0.00100678 0.999982 -0.00591426 -0.00298211 0.00591674 0.999978 0.0173326 0.103221 -0.329752
FixedParameters: 0 0 0

#Transform 94
Transform: AffineTransform_float_3_3
Parameters: 0.999995 -0.00108513 0.00272953 0.00110243 0.999981 -0.00605605 -0.00272264 0.00605995 0.999978 0.0121429 0.0864512 -0.325136
FixedParameters: 0 0 0

#Transform 95
Transform: AffineTransform_float_3_3
Parameters: 0.999995 -0.00133818 0.00283742 0.00135343 0.999984 -0.00553443 -0.0028298 0.00553858 0.999981 0.00575511 0.10264 -0.315828
FixedParameters: 0 0 0

#Transform 96
Transform: AffineTransform_float_3_3
Parameters: 0.999995 -0.00127932 0.00307616 0.0012955 0.999985 -0.00534028 -0.00306837 0.00534472 0.999981 0.00574208 0.10014 -0.368537
FixedParameters: 0 0 0

#Transform 97
Transform: AffineTransform_float_3_3
Parameters: 0.999994 -0.00109677 0.0032431 0.00111536 0.999984 -0.00558029 -0.00323633 0.00558471 0.999979 0.0186627 0.0804845 -0.403086
FixedParameters: 0 0 0

#Transform 98
Transform: AffineTransform_float_3_3
Parameters: 0.999994 -0.00122166 0.00329771 0.00123968 0.999985 -0.00545903 -0.00329076 0.00546297 0.999979 0.018761 0.0998548 -0.386994
FixedParameters: 0 0 0

#Transform 99
Transform: AffineTransform_float_3_3
Parameters: 0.999993 -0.00122065 0.00333544 0.0012378 0.999987 -0.00507099 -0.00332894 0.00507501 0.999981 0.0194881 0.109484 -0.373861
FixedParameters: 0 0 0

#Transform 100
Transform: AffineTransform_float_3_3
Parameters: 0.999995 -0.00112673 0.00312998 0.00114437 0.999983 -0.00569269 -0.00312354 0.00569631 0.999979 0.0064793 0.0989793 -0.368233
FixedParameters: 0 0 0

#Transform 101
Transform: AffineTransform_float_3_3
Parameters: 0.999995 -0.00120372 0.00314656 0.00122177 0.999984 -0.00558007 -0.0031399 0.00558494 0.99998 0.00465123 0.100958 -0.345818
FixedParameters: 0 0 0

#Transform 102
Transform: AffineTransform_float_3_3
Parameters: 0.999993 -0.00120277 0.00337536 0.00121814 0.999989 -0.00455064 -0.00336977 0.00455536 0.999984 0.00781401 0.118859 -0.381245
FixedParameters: 0 0 0

#Transform 103
Transform: AffineTransform_float_3_3
Parameters: 0.999993 -0.00112706 0.003543 0.00114663 0.999982 -0.00574419 -0.00353618 0.00574881 0.999978 0.0171544 0.109064 -0.345859
FixedParameters: 0 0 0

#Transform 104
Transform: AffineTransform_float_3_3
Parameters: 0.999994 -0.00140225 0.00334384 0.00142011 0.999984 -0.00541922 -0.00333596 0.00542378 0.99998 0.0123728 0.105731 -0.37692
FixedParameters: 0 0 0

#Transform 105
Transform: AffineTransform_float_3_3
Parameters: 0.999994 -0.00142384 0.00309566 0.00144235 0.999981 -0.00602281 -0.00308672 0.00602819 0.999977 0.00845109 0.0913634 -0.365154
FixedParameters: 0 0 0

#Transform 106
Transform: AffineTransform_float_3_3
Parameters: 0.999993 -0.00139879 0.00326229 0.00141749 0.999983 -0.0056015 -0.00325523 0.00560651 0.999979 0.0112853 0.0960786 -0.373365
FixedParameters: 0 0 0

#Transform 107
Transform: AffineTransform_float_3_3
Parameters: 0.999994 -0.00134036 0.00323911 0.00135915 0.999982 -0.00594072 -0.00323102 0.00594529 0.999977 0.0224636 0.101311 -0.380887
FixedParameters: 0 0 0

#Transform 108
Transform: AffineTransform_float_3_3
Parameters: 0.999994 -0.00115364 0.00322734 0.00117171 0.999984 -0.00558613 -0.00322084 0.00559087 0.999979 0.0255958 0.0976126 -0.360779
FixedParameters: 0 0 0

#Transform 109
Transform: AffineTransform_float_3_3
Parameters: 0.999994 -0.000795008 0.00357953 0.000816639 0.99998 -0.00623133 -0.00357495 0.00623367 0.999975 0.0383111 0.0849725 -0.34231
FixedParameters: 0 0 0

#Transform 110
Transform: AffineTransform_float_3_3
Parameters: 0.999994 -0.00125405 0.00302155 0.0012705 0.999983 -0.00570128 -0.00301365 0.00570473 0.99998 0.016663 0.0952331 -0.343169
FixedParameters: 0 0 0

#Transform 111
Transform: AffineTransform_float_3_3
Parameters: 0.999993 -0.00136286 0.00332225 0.00138371 0.999981 -0.00610353 -0.00331342 0.00610847 0.999976 0.0264201 0.102761 -0.340604
FixedParameters: 0 0 0

#Transform 112
Transform: AffineTransform_float_3_3
Parameters: 0.999994 -0.00094812 0.00333248 0.000968274 0.999981 -0.00599917 -0.00332669 0.00600283 0.999977 0.0300636 0.106594 -0.323993
FixedParameters: 0 0 0

#Transform 113
Transform: AffineTransform_float_3_3
Parameters: 0.999993 -0.00113788 0.00342448 0.00115916 0.999981 -0.006118 -0.00341798 0.006121 0.999975 0.0212699 0.0897459 -0.334563
FixedParameters: 0 0 0

#Transform 114
Transform: AffineTransform_float_3_3
Parameters: 0.999993 -0.00131947 0.003516 0.00133929 0.999983 -0.00575026 -0.00350826 0.00575474 0.999977 0.0143936 0.0990712 -0.359362
FixedParameters: 0 0 0

#Transform 115
Transform: AffineTransform_float_3_3
Parameters: 0.999993 -0.00137763 0.00343355 0.00139847 0.99998 -0.00623017 -0.00342433 0.00623483 0.999975 0.0209708 0.102961 -0.338643
FixedParameters: 0 0 0

#Transform 116
Transform: AffineTransform_float_3_3
Parameters: 0.999993 -0.00110261 0.00356332 0.00112343 0.999982 -0.00588861 -0.00355645 0.00589239 0.999976 0.0349594 0.113096 -0.355106
FixedParameters: 0 0 0

#Transform 117
Transform: AffineTransform_float_3_3
Parameters: 0.999993 -0.00115582 0.00360598 0.00117859 0.999979 -0.00632621 -0.0035989 0.00632979 0.999974 0.0332751 0.0971798 -0.337196
FixedParameters: 0 0 0

#Transform 118
Transform: AffineTransform_float_3_3
Parameters: 0.999994 -0.00140857 0.00294882 0.0014268 0.999981 -0.00611942 -0.00294019 0.00612358 0.999977 0.0164249 0.0974925 -0.315513
FixedParameters: 0 0 0

#Transform 119
Transform: AffineTransform_float_3_3
Parameters: 0.999993 -0.00136216 0.00327079 0.00138155 0.99998 -0.00611861 -0.00326156 0.0061234 0.999976 0.00968058 0.0921238 -0.327669
FixedParameters: 0 0 0

#Transform 120
Transform: AffineTransform_float_3_3
Parameters: 0.999994 -0.00125063 0.00328693 0.00126985 0.999983 -0.00571994 -0.00327993 0.00572405 0.999978 0.0249767 0.108616 -0.346037
FixedParameters: 0 0 0

#Transform 121
Transform: AffineTransform_float_3_3
Parameters: 0.999993 -0.00125291 0.00356134 0.00127525 0.999978 -0.00652944 -0.00355305 0.00653357 0.999972 0.0335949 0.102778 -0.323813
FixedParameters: 0 0 0

#Transform 122
Transform: AffineTransform_float_3_3
Parameters: 0.999992 -0.00144326 0.00354445 0.00146583 0.999978 -0.00651878 -0.00353501 0.00652422 0.999972 0.0335446 0.0883923 -0.355686
FixedParameters: 0 0 0

#Transform 123
Transform: AffineTransform_float_3_3
Parameters: 0.999993 -0.00127354 0.00353716 0.00129817 0.999976 -0.00676903 -0.00352836 0.00677397 0.999971 0.0331817 0.0923437 -0.321709
FixedParameters: 0 0 0

#Transform 124
Transform: AffineTransform_float_3_3
Parameters: 0.999993 -0.00150628 0.00345628 0.00152759 0.99998 -0.0061797 -0.00344692 0.00618531 0.999975 0.0255614 0.0926425 -0.321891
FixedParameters: 0 0 0

#Transform 125
Transform: AffineTransform_float_3_3
Parameters: 0.99999 -0.00156052 0.00403498 0.00158661 0.999978 -0.00643977 -0.00402438 0.00644623 0.999972 0.0926336 0.0981395 -0.293361
FixedParameters: 0 0 0

#Transform 126
Transform: AffineTransform_float_3_3
Parameters: 0.999994 -0.00117694 0.00347822 0.00119754 0.999981 -0.00605744 -0.003471 0.00606155 0.999976 0.0478301 0.0845901 -0.28749
FixedParameters: 0 0 0

#Transform 127
Transform: AffineTransform_float_3_3
Parameters: 0.999995 -0.000799058 0.00306388 0.00080587 0.999997 -0.00211742 -0.00306221 0.00211958 0.999993 0.0345254 0.213259 -0.148851
FixedParameters: 0 0 0

#Transform 128
Transform: AffineTransform_float_3_3
Parameters: 0.999995 -0.000453059 0.00292002 0.00046584 0.99999 -0.00439133 -0.00291813 0.00439267 0.999986 0.0164314 0.128616 -0.243902
FixedParameters: 0 0 0

#Transform 129
Transform: AffineTransform_float_3_3
Parameters: 0.999989 -0.00128552 0.00447178 0.00132982 0.999951 -0.00983292 -0.00445907 0.00983909 0.999942 0.0671576 0.00959149 -0.452711
FixedParameters: 0 0 0

#Transform 130
Transform: AffineTransform_float_3_3
Parameters: 0.999992 -0.00169195 0.00362141 0.0017237 0.99996 -0.00885297 -0.00360572 0.00885904 0.999955 0.069262 0.0143342 -0.438879
FixedParameters: 0 0 0

#Transform 131
Transform: AffineTransform_float_3_3
Parameters: 0.99999 -0.00130657 0.0041296 0.00134238 0.999961 -0.00875944 -0.00411807 0.00876556 0.999953 0.0442711 0.0326917 -0.39472
FixedParameters: 0 0 0

#Transform 132
Transform: AffineTransform_float_3_3
Parameters: 0.999988 -0.000652963 0.00482024 0.000694679 0.999962 -0.00875543 -0.00481423 0.00875858 0.99995 0.0471927 0.0349368 -0.419356
FixedParameters: 0 0 0

#Transform 133
Transform: AffineTransform_float_3_3
Parameters: 0.999991 -0.000860974 0.0042089 0.000900113 0.999956 -0.00933285 -0.00420074 0.00933616 0.999948 0.0302618 0.030692 -0.367571
FixedParameters: 0 0 0

#Transform 134
Transform: AffineTransform_float_3_3
Parameters: 0.999987 -0.00148435 0.00472665 0.00152785 0.999956 -0.00925934 -0.00471269 0.00926666 0.999946 0.0469473 0.0162924 -0.405822
FixedParameters: 0 0 0

#Transform 135
Transform: AffineTransform_float_3_3
Parameters: 0.999987 -0.00135137 0.00487009 0.00140355 0.999942 -0.0107024 -0.00485548 0.0107096 0.999931 0.0484048 -0.016891 -0.395403
FixedParameters: 0 0 0

#Transform 136
Transform: AffineTransform_float_3_3
Parameters: 0.999985 -0.00187002 0.00504727 0.00193115 0.999924 -0.0121979 -0.00502355 0.0122081 0.999913 0.0655757 -0.0708336 -0.482247
FixedParameters: 0 0 0

#Transform 137
Transform: AffineTransform_float_3_3
Parameters: 0.999988 -0.00134079 0.00476154 0.00139472 0.999935 -0.0112696 -0.00474612 0.0112764 0.999925 0.0829646 -0.0564186 -0.522548
FixedParameters: 0 0 0

#Transform 138
Transform: AffineTransform_float_3_3
Parameters: 0.999986 -0.00133705 0.00508804 0.00139259 0.999936 -0.0111415 -0.00507331 0.0111485 0.999925 0.0581911 -0.0375352 -0.464178
FixedParameters: 0 0 0

#Transform 139
Transform: AffineTransform_float_3_3
Parameters: 0.999984 -0.00162669 0.0054465 0.00171057 0.999881 -0.0152814 -0.00542032 0.0152906 0.999868 0.0810498 -0.13795 -0.516203
FixedParameters: 0 0 0

#Transform 140
Transform: AffineTransform_float_3_3
Parameters: 0.999982 -0.00235448 0.00542136 0.00244926 0.999845 -0.0174471 -0.00537919 0.0174598 0.999833 0.106912 -0.213157 -0.491643
FixedParameters: 0 0 0

#Transform 141
Transform: AffineTransform_float_3_3
Parameters: 0.999982 -0.00168885 0.00563112 0.00177313 0.999887 -0.0149316 -0.00560478 0.0149414 0.999873 0.099402 -0.118576 -0.492177
FixedParameters: 0 0 0

#Transform 142
Transform: AffineTransform_float_3_3
Parameters: 0.999983 -0.00187473 0.00565551 0.00195887 0.999886 -0.0149617 -0.00562626 0.0149723 0.999872 0.097771 -0.128293 -0.479613
FixedParameters: 0 0 0

#Transform 143
Transform: AffineTransform_float_3_3
Parameters: 0.999984 -0.00169626 0.00552029 0.00178319 0.999876 -0.0156289 -0.00549271 0.0156391 0.999863 0.0967047 -0.125443 -0.414482
FixedParameters: 0 0 0

#Transform 144
Transform: AffineTransform_float_3_3
Parameters: 0.999981 -0.00175388 0.00580978 0.00184236 0.999882 -0.0152076 -0.00578294 0.0152174 0.999867 0.101473 -0.125849 -0.427446
FixedParameters: 0 0 0

#Transform 145
Transform: AffineTransform_float_3_3
Parameters: 0.999982 -0.00161854 0.00574989 0.0017051 0.999883 -0.0152086 -0.00572497 0.0152174 0.999868 0.101423 -0.114532 -0.433836
FixedParameters: 0 0 0

#Transform 146
Transform: AffineTransform_float_3_3
Parameters: 0.999983 -0.00176014 0.00558375 0.00184463 0.999883 -0.0151483 -0.00555633 0.0151587 0.99987 0.0973147 -0.116699 -0.424103
FixedParameters: 0 0 0

#Transform 147
Transform: AffineTransform_float_3_3
Parameters: 0.999983 -0.00163289 0.00559451 0.00171488 0.999891 -0.0147041 -0.0055701 0.0147139 0.999876 0.0956593 -0.124704 -0.423046
FixedParameters: 0 0 0

#Transform 148
Transform: AffineTransform_float_3_3
Parameters: 0.99998 -0.00205708 0.00594212 0.0021446 0.999888 -0.0148118 -0.00591088 0.0148242 0.999873 0.0998785 -0.104818 -0.430582
FixedParameters: 0 0 0

#Transform 149
Transform: AffineTransform_float_3_3
Parameters: 0.99998 -0.00215324 0.00598305 0.0022399 0.999892 -0.0144841 -0.0059512 0.0144979 0.999877 0.100335 -0.102954 -0.438394
FixedParameters: 0 0 0

#Transform 150
Transform: AffineTransform_float_3_3
Parameters: 0.99998 -0.00197053 0.00590358 0.00205664 0.99989 -0.0147535 -0.00587425 0.0147655 0.999874 0.0976547 -0.116315 -0.460362
FixedParameters: 0 0 0

#Transform 151
Transform: AffineTransform_float_3_3
Parameters: 0.99998 -0.00212787 0.00597238 0.00221556 0.999891 -0.0145966 -0.00594076 0.0146093 0.999875 0.0987219 -0.121976 -0.463073
FixedParameters: 0 0 0

#Transform 152
Transform: AffineTransform_float_3_3
Parameters: 0.99998 -0.00212415 0.00592678 0.00221173 0.999888 -0.0147784 -0.00589409 0.0147916 0.999873 0.0965961 -0.124553 -0.463248
FixedParameters: 0 0 0

#Transform 153
Transform: AffineTransform_float_3_3
Parameters: 0.99998 -0.00204196 0.00595731 0.00212411 0.999901 -0.0138788 -0.00592837 0.0138911 0.999886 0.0981917 -0.0994624 -0.463549
FixedParameters: 0 0 0

#Transform 154
Transform: AffineTransform_float_3_3
Parameters: 0.999981 -0.00217501 0.00586246 0.00225602 0.999903 -0.0137718 -0.00583149 0.0137852 0.999888 0.0980342 -0.0849913 -0.438392
FixedParameters: 0 0 0

#Transform 155
Transform: AffineTransform_float_3_3
Parameters: 0.999979 -0.00195049 0.00617927 0.00203763 0.999899 -0.0141116 -0.00615123 0.0141244 0.999881 0.100274 -0.106818 -0.466037
FixedParameters: 0 0 0

#Transform 156
Transform: AffineTransform_float_3_3
Parameters: 0.99998 -0.00203005 0.00587829 0.00211669 0.99989 -0.0147062 -0.00584817 0.0147188 0.999875 0.0961962 -0.100512 -0.471171
FixedParameters: 0 0 0

#Transform 157
Transform: AffineTransform_float_3_3
Parameters: 0.99998 -0.00166057 0.00599024 0.00174772 0.999891 -0.0146445 -0.00596595 0.0146545 0.999875 0.102256 -0.110763 -0.474599
FixedParameters: 0 0 0

#Transform 158
Transform: AffineTransform_float_3_3
Parameters: 0.999979 -0.00203663 0.0061549 0.00212491 0.999895 -0.0143263 -0.00612536 0.0143387 0.999878 0.102581 -0.0973026 -0.443161
FixedParameters: 0 0 0

#Transform 159
Transform: AffineTransform_float_3_3
Parameters: 0.999981 -0.00214002 0.00575923 0.00221992 0.999901 -0.0139232 -0.00572857 0.0139358 0.999887 0.0978464 -0.0930282 -0.45079
FixedParameters: 0 0 0

#Transform 160
Transform: AffineTransform_float_3_3
Parameters: 0.99998 -0.00208457 0.00596872 0.00217021 0.999894 -0.0143986 -0.00593832 0.0144114 0.999879 0.093359 -0.102274 -0.431333
FixedParameters: 0 0 0

#Transform 161
Transform: AffineTransform_float_3_3
Parameters: 0.999978 -0.00222512 0.00622604 0.00231127 0.999901 -0.0138752 -0.00619487 0.0138888 0.999884 0.101886 -0.0982969 -0.45986
FixedParameters: 0 0 0

#Transform 162
Transform: AffineTransform_float_3_3
Parameters: 0.999981 -0.00203862 0.00570293 0.00211991 0.999896 -0.0142627 -0.00567329 0.0142753 0.999882 0.0933399 -0.0939246 -0.435458
FixedParameters: 0 0 0

#Transform 163
Transform: AffineTransform_float_3_3
Parameters: 0.99998 -0.00231991 0.00588359 0.00239871 0.999905 -0.0135227 -0.00585206 0.0135373 0.999892 0.0969674 -0.09342 -0.455399
FixedParameters: 0 0 0

#Transform 164
Transform: AffineTransform_float_3_3
Parameters: 0.999977 -0.00223116 0.00642766 0.00232131 0.999898 -0.0140992 -0.00639552 0.0141138 0.99988 0.111026 -0.0956713 -0.432702
FixedParameters: 0 0 0

#Transform 165
Transform: AffineTransform_float_3_3
Parameters: 0.99998 -0.00247021 0.00594588 0.00255214 0.999901 -0.0138239 -0.0059111 0.0138391 0.999887 0.0912995 -0.0948388 -0.444346
FixedParameters: 0 0 0

#Transform 166
Transform: AffineTransform_float_3_3
Parameters: 0.999978 -0.00230905 0.00613122 0.00239852 0.99989 -0.014612 -0.00609619 0.014627 0.999874 0.10411 -0.106164 -0.429786
FixedParameters: 0 0 0

#Transform 167
Transform: AffineTransform_float_3_3
Parameters: 0.99998 -0.00234461 0.00588994 0.0024254 0.999903 -0.0137109 -0.00585773 0.0137251 0.999888 0.0994099 -0.0994652 -0.432652
FixedParameters: 0 0 0

#Transform 168
Transform: AffineTransform_float_3_3
Parameters: 0.999979 -0.00194496 0.00620643 0.00203218 0.999898 -0.0141314 -0.00617808 0.0141436 0.999881 0.11458 -0.101073 -0.430853
FixedParameters: 0 0 0

#Transform 169
Transform: AffineTransform_float_3_3
Parameters: 0.999978 -0.00226834 0.00634879 0.00235766 0.999899 -0.0140645 -0.00631657 0.0140785 0.999881 0.129699 -0.107186 -0.428357
FixedParameters: 0 0 0

#Transform 170
Transform: AffineTransform_float_3_3
Parameters: 0.999981 -0.00216196 0.00579618 0.00224551 0.999894 -0.0143784 -0.00576392 0.0143906 0.999879 0.11854 -0.112255 -0.403436
FixedParameters: 0 0 0

#Transform 171
Transform: AffineTransform_float_3_3
Parameters: 0.999978 -0.00211463 0.00627955 0.00220087 0.999903 -0.0137734 -0.00624966 0.0137866 0.999885 0.136389 -0.0989858 -0.401153
FixedParameters: 0 0 0

#Transform 172
Transform: AffineTransform_float_3_3
Parameters: 0.999978 -0.00211182 0.00627907 0.00219868 0.999901 -0.0139286 -0.00624911 0.0139424 0.999883 0.13644 -0.0951194 -0.39897
FixedParameters: 0 0 0

#Transform 173
Transform: AffineTransform_float_3_3
Parameters: 0.999978 -0.00212522 0.00628382 0.00221146 0.999904 -0.0136903 -0.00625438 0.0137037 0.999887 0.123557 -0.105354 -0.39744
FixedParameters: 0 0 0

#Transform 174
Transform: AffineTransform_float_3_3
Parameters: 0.999979 -0.00204833 0.00626497 0.00213589 0.999898 -0.0140895 -0.0062357 0.0141025 0.999882 0.136547 -0.0829665 -0.413569
FixedParameters: 0 0 0

#Transform 175
Transform: AffineTransform_float_3_3
Parameters: 0.999977 -0.00251067 0.00632841 0.0026014 0.999893 -0.0143802 -0.00629233 0.0143958 0.999877 0.124594 -0.0946628 -0.440999
FixedParameters: 0 0 0

#Transform 176
Transform: AffineTransform_float_3_3
Parameters: 0.99998 -0.00208967 0.00604803 0.00217329 0.999902 -0.0138234 -0.0060189 0.0138366 0.999886 0.114354 -0.0757161 -0.403822
FixedParameters: 0 0 0

#Transform 177
Transform: AffineTransform_float_3_3
Parameters: 0.999978 -0.00214808 0.00616052 0.00222885 0.999909 -0.0132315 -0.00613188 0.0132445 0.999894 0.110862 -0.0836629 -0.412627
FixedParameters: 0 0 0

#Transform 178
Transform: AffineTransform_float_3_3
Parameters: 0.999978 -0.00224778 0.006256 0.00233266 0.999907 -0.013497 -0.00622489 0.013511 0.999889 0.131568 -0.0903013 -0.45428
FixedParameters: 0 0 0

#Transform 179
Transform: AffineTransform_float_3_3
Parameters: 0.999977 -0.00228891 0.00648649 0.00237794 0.999902 -0.0137845 -0.00645369 0.0137995 0.999884 0.126443 -0.0665078 -0.422545
FixedParameters: 0 0 0
