#Insight Transform File V1.0
#Transform 0
Transform: AffineTransform_float_3_3
Parameters: 0.999999 0.000673311 -0.000220654 -0.000673329 1 -4.08513e-05 0.000220598 4.11484e-05 1 0.0282394 -0.194646 -0.295411
FixedParameters: 0 0 0

#Transform 1
Transform: AffineTransform_float_3_3
Parameters: 1 0.000595309 -0.000104996 -0.000595324 1 -7.29374e-05 0.000104909 7.30623e-05 1 0.00344359 0.0674212 -0.0308318
FixedParameters: 0 0 0

#Transform 2
Transform: AffineTransform_float_3_3
Parameters: 0.999999 0.000600346 -0.000650637 -0.000600896 0.999999 -0.000422609 0.000650129 0.00042339 0.999999 -0.0214022 0.101406 -0.0382945
FixedParameters: 0 0 0

#Transform 3
Transform: AffineTransform_float_3_3
Parameters: 0.999999 0.000522469 -0.0011533 -0.00052364 1 -0.000507603 0.00115277 0.000507396 0.999999 -0.0164908 0.107013 -0.0481328
FixedParameters: 0 0 0

#Transform 4
Transform: AffineTransform_float_3_3
Parameters: 0.999999 0.000510117 -0.000574158 -0.000509521 1 -0.000282707 0.000573478 0.000283292 1 -0.00616813 0.124033 -0.0644511
FixedParameters: 0 0 0

#Transform 5
Transform: AffineTransform_float_3_3
Parameters: 1 -0.000279917 0.000411786 0.00027994 0.999998 -0.00162073 -0.000411409 0.00162027 0.999999 -0.00423286 0.144823 -0.100767
FixedParameters: 0 0 0

#Transform 6
Transform: AffineTransform_float_3_3
Parameters: 1 -0.000383539 -5.84279e-05 0.000383022 1 -0.00107902 5.83345e-05 0.00107898 1 -0.0213742 0.116957 -0.0511468
FixedParameters: 0 0 0

#Transform 7
Transform: AffineTransform_float_3_3
Parameters: 0.999999 0.000290757 -0.000714566 -0.00029116 1 -0.000281792 0.000714402 0.000282208 0.999999 -0.0130575 0.106463 -0.0482228
FixedParameters: 0 0 0

#Transform 8
Transform: AffineTransform_float_3_3
Parameters: 1 0.000291782 -0.000482299 -0.000291676 1 0.000110141 0.000482363 -0.000109859 1 -0.0210591 0.10954 -0.0445156
FixedParameters: 0 0 0

#Transform 9
Transform: AffineTransform_float_3_3
Parameters: 1 9.36615e-05 -0.000316785 -9.36777e-05 1 -2.58176e-05 0.00031678 2.51823e-05 1 -0.0450607 0.106551 -0.0479938
FixedParameters: 0 0 0

#Transform 10
Transform: AffineTransform_float_3_3
Parameters: 0.999999 0.000313013 -0.00076277 -0.000312569 1 0.000291238 0.000762952 -0.000290761 0.999999 -0.0329279 0.140515 -0.085199
FixedParameters: 0 0 0

#Transform 11
Transform: AffineTransform_float_3_3
Parameters: 1 0.000429572 -0.000541125 -0.000430038 1 -0.000430767 0.000540755 0.000431232 1 -0.0357746 0.135497 -0.0678905
FixedParameters: 0 0 0

#Transform 12
Transform: AffineTransform_float_3_3
Parameters: 0.999999 0.000563106 -0.000549022 -0.000563636 0.999999 -0.00048269 0.000548477 0.000483309 0.999999 -0.00394837 0.138097 -0.065861
FixedParameters: 0 0 0

#Transform 13
Transform: AffineTransform_float_3_3
Parameters: 1 0.000399868 -0.00056229 -0.000400147 0.999999 -0.000594775 0.000562734 0.000595225 0.999999 -0.0313279 0.118617 -0.0581195
FixedParameters: 0 0 0

#Transform 14
Transform: AffineTransform_float_3_3
Parameters: 0.999999 0.000370054 -0.000890733 -0.000370914 1 -0.000482669 0.000890375 0.000483329 0.999999 -0.0586386 0.127242 -0.0580955
FixedParameters: 0 0 0

#Transform 15
Transform: AffineTransform_float_3_3
Parameters: 0.999998 0.000337748 -0.00169748 -0.000338434 1 -0.000588274 0.00169761 0.000588727 0.999998 -0.0183612 0.113259 -0.0467879
FixedParameters: 0 0 0

#Transform 16
Transform: AffineTransform_float_3_3
Parameters: 1 0.000390776 -0.0010768 -0.000391267 1 -0.000655427 0.0010759 0.000655574 1 -0.0468799 0.133957 -0.0673129
FixedParameters: 0 0 0

#Transform 17
Transform: AffineTransform_float_3_3
Parameters: 0.999999 0.000386025 -0.00129834 -0.000386918 1 -0.000343138 0.00129807 0.000344861 0.999999 -0.0603659 0.111966 -0.0471392
FixedParameters: 0 0 0

#Transform 18
Transform: AffineTransform_float_3_3
Parameters: 0.999999 0.000489239 -0.00144883 -0.000490247 1 -0.000482138 0.00144927 0.000482862 0.999999 -0.0520026 0.134072 -0.0569261
FixedParameters: 0 0 0

#Transform 19
Transform: AffineTransform_float_3_3
Parameters: 0.999999 0.000137561 -0.00134824 -0.000137942 1 -0.000482302 0.00134772 0.000482698 0.999999 -0.0669397 0.149073 -0.080257
FixedParameters: 0 0 0

#Transform 20
Transform: AffineTransform_float_3_3
Parameters: 0.999999 0.000446128 -0.00130229 -0.000447384 1 -0.000482265 0.00130185 0.000482734 0.999999 -0.0890649 0.138866 -0.0776104
FixedParameters: 0 0 0

#Transform 21
Transform: AffineTransform_float_3_3
Parameters: 0.999999 0.000535382 -0.00115876 -0.00053611 1 -0.000482586 0.00115917 0.000482414 0.999999 -0.0398227 0.134689 -0.0590345
FixedParameters: 0 0 0

#Transform 22
Transform: AffineTransform_float_3_3
Parameters: 1 0.000324872 -0.00111177 -0.000326237 1 -0.000613278 0.00111137 0.000614721 0.999999 -0.0435005 0.13573 -0.0492925
FixedParameters: 0 0 0

#Transform 23
Transform: AffineTransform_float_3_3
Parameters: 0.999999 7.72034e-05 -0.00104236 -7.77398e-05 1 -0.00069856 0.00104186 0.00069944 0.999999 -0.0462721 0.125182 -0.0426958
FixedParameters: 0 0 0

#Transform 24
Transform: AffineTransform_float_3_3
Parameters: 0.999999 0.000247341 -0.00144217 -0.000247307 1 0.000147869 0.00144133 -0.000147131 0.999999 -0.0439317 0.140848 -0.0836161
FixedParameters: 0 0 0

#Transform 25
Transform: AffineTransform_float_3_3
Parameters: 1 -5.93657e-06 -0.00111206 6.05113e-06 1 5.15057e-05 0.00111206 -5.14944e-05 1 -0.0405468 0.146055 -0.080812
FixedParameters: 0 0 0

#Transform 26
Transform: AffineTransform_float_3_3
Parameters: 1 -0.00020275 -0.000321307 0.0002026 1 -0.000233065 0.000321402 0.000232935 1 -0.0409444 0.138814 -0.0593406
FixedParameters: 0 0 0

#Transform 27
Transform: AffineTransform_float_3_3
Parameters: 1 0.000407517 -0.000442422 -0.000407553 1 -3.98196e-05 0.000442389 4.01802e-05 1 -0.0338512 0.145421 -0.0642159
FixedParameters: 0 0 0

#Transform 28
Transform: AffineTransform_float_3_3
Parameters: 1 0.000417788 -0.000957632 -0.000418448 0.999999 -0.000344446 0.000957344 0.000344552 0.999999 -0.0538655 0.130921 -0.0633659
FixedParameters: 0 0 0

#Transform 29
Transform: AffineTransform_float_3_3
Parameters: 0.999998 0.000256426 -0.00160837 -0.000257628 1 -0.000373074 0.00160818 0.000373925 0.999998 -0.0359218 0.129086 -0.0710533
FixedParameters: 0 0 0

#Transform 30
Transform: AffineTransform_float_3_3
Parameters: 1 -5.96335e-05 -0.000422503 5.88973e-05 0.999998 -0.00196103 0.000422345 0.00196098 0.999998 -0.0524629 0.125482 -0.113559
FixedParameters: 0 0 0

#Transform 31
Transform: AffineTransform_float_3_3
Parameters: 0.999999 -2.48848e-05 -0.000759124 2.34226e-05 0.999999 -0.00182602 0.000759742 0.00182598 0.999998 -0.0620484 0.136066 -0.0792546
FixedParameters: 0 0 0

#Transform 32
Transform: AffineTransform_float_3_3
Parameters: 0.999999 0.000431479 -0.00122504 -0.000433135 0.999999 -0.00121132 0.00122452 0.00121168 0.999998 -0.0440954 0.136974 -0.0712552
FixedParameters: 0 0 0

#Transform 33
Transform: AffineTransform_float_3_3
Parameters: 0.999998 0.000165198 -0.00162436 -0.000166715 1 -0.000870578 0.0016246 0.000870422 0.999998 -0.0506913 0.135918 -0.078159
FixedParameters: 0 0 0

#Transform 34
Transform: AffineTransform_float_3_3
Parameters: 1 0.000313792 -0.0011139 -0.00031475 1 -0.0010185 0.00111379 0.0010185 0.999999 -0.0650461 0.136967 -0.0696745
FixedParameters: 0 0 0

#Transform 35
Transform: AffineTransform_float_3_3
Parameters: 1 -0.000144291 -0.000124407 0.000144904 0.999999 -0.00123402 0.000124373 0.00123398 0.999999 -0.0634498 0.142769 -0.080574
FixedParameters: 0 0 0

#Transform 36
Transform: AffineTransform_float_3_3
Parameters: 1 0.000550426 -8.60287e-05 -0.000550389 0.999997 -0.00207595 8.46639e-05 0.00207605 0.999998 -0.0519769 0.145595 -0.101327
FixedParameters: 0 0 0

#Transform 37
Transform: AffineTransform_float_3_3
Parameters: 1 -0.000130119 0.000324171 0.000130277 0.999998 -0.00226696 -0.000324111 0.00226704 0.999998 -0.0601033 0.149146 -0.118191
FixedParameters: 0 0 0

#Transform 38
Transform: AffineTransform_float_3_3
Parameters: 1 -2.67933e-05 -0.000246242 2.58599e-05 0.999998 -0.00189501 0.000246342 0.00189499 0.999998 -0.0829772 0.151104 -0.113488
FixedParameters: 0 0 0

#Transform 39
Transform: AffineTransform_float_3_3
Parameters: 1 -0.000150324 -0.000403364 0.000149805 0.999999 -0.00178306 0.000403509 0.00178294 0.999999 -0.0525658 0.15575 -0.11274
FixedParameters: 0 0 0

#Transform 40
Transform: AffineTransform_float_3_3
Parameters: 1 -3.25705e-05 -0.000135045 3.2146e-05 0.999999 -0.001571 0.000135147 0.00157099 0.999999 -0.063384 0.136802 -0.0495217
FixedParameters: 0 0 0

#Transform 41
Transform: AffineTransform_float_3_3
Parameters: 0.999999 -0.000165265 -0.000949173 0.000163645 0.999999 -0.00133816 0.000949223 0.00133784 0.999998 -0.0166438 0.148212 -0.0739281
FixedParameters: 0 0 0

#Transform 42
Transform: AffineTransform_float_3_3
Parameters: 1 -0.000255466 -0.00105199 0.000254197 0.999999 -0.00104112 0.00105213 0.00103988 0.999999 -0.067587 0.156396 -0.0759739
FixedParameters: 0 0 0

#Transform 43
Transform: AffineTransform_float_3_3
Parameters: 1 -0.00011345 -0.000988602 0.00011237 1 -0.00120911 0.000989405 0.00120889 0.999999 -0.0755891 0.151673 -0.0610296
FixedParameters: 0 0 0

#Transform 44
Transform: AffineTransform_float_3_3
Parameters: 0.999999 -0.000466903 -0.000876081 0.000466131 0.999999 -0.00149105 0.000876691 0.00149095 0.999999 -0.0494501 0.152206 -0.109965
FixedParameters: 0 0 0

#Transform 45
Transform: AffineTransform_float_3_3
Parameters: 0.999999 -6.83579e-05 -0.00103226 6.51132e-05 0.999997 -0.00265207 0.00103275 0.00265193 0.999996 -0.0639831 0.14431 -0.115517
FixedParameters: 0 0 0

#Transform 46
Transform: AffineTransform_float_3_3
Parameters: 0.999999 -0.000335366 -0.000845186 0.000334481 0.999998 -0.00161192 0.000845484 0.00161208 0.999999 -0.0904493 0.13529 -0.0865375
FixedParameters: 0 0 0

#Transform 47
Transform: AffineTransform_float_3_3
Parameters: 1 0.000195547 -0.00106667 -0.000198155 0.999997 -0.00245179 0.00106676 0.00245221 0.999996 -0.0715745 0.152497 -0.102313
FixedParameters: 0 0 0

#Transform 48
Transform: AffineTransform_float_3_3
Parameters: 0.999999 0.000144301 -0.000899896 -0.000145691 0.999998 -0.00201287 0.000899451 0.00201313 0.999997 -0.0707452 0.157274 -0.0918355
FixedParameters: 0 0 0

#Transform 49
Transform: AffineTransform_float_3_3
Parameters: 1 3.08489e-05 -0.000688109 -3.11738e-05 0.999999 -0.00118883 0.000688565 0.00118817 0.999999 -0.0804329 0.144082 -0.0652709
FixedParameters: 0 0 0

#Transform 50
Transform: AffineTransform_float_3_3
Parameters: 1 0.000212933 -0.000426509 -0.000213882 1 -0.00111291 0.000426034 0.00111309 1 -0.0580252 0.152268 -0.0516501
FixedParameters: 0 0 0

#Transform 51
Transform: AffineTransform_float_3_3
Parameters: 1 -0.000121528 -0.000671012 0.000121073 1 -0.00102508 0.00067087 0.00102492 0.999999 -0.0934217 0.148991 -0.0667419
FixedParameters: 0 0 0

#Transform 52
Transform: AffineTransform_float_3_3
Parameters: 1 4.92492e-05 -0.000616642 -5.08794e-05 0.999999 -0.00132197 0.00061651 0.00132203 0.999999 -0.061048 0.153581 -0.0712893
FixedParameters: 0 0 0

#Transform 53
Transform: AffineTransform_float_3_3
Parameters: 1 2.58847e-05 -0.000683926 -2.7044e-05 0.999999 -0.00152098 0.000683455 0.00152102 0.999998 -0.0611012 0.165261 -0.0583277
FixedParameters: 0 0 0

#Transform 54
Transform: AffineTransform_float_3_3
Parameters: 1 -0.000185642 -0.00107634 0.000184801 0.999999 -0.0012462 0.00107602 0.0012458 0.999998 -0.0891847 0.156139 -0.0712632
FixedParameters: 0 0 0

#Transform 55
Transform: AffineTransform_float_3_3
Parameters: 0.999999 -0.000197225 -0.00128791 0.000194722 0.999998 -0.0018381 0.00128877 0.0018369 0.999997 -0.0893532 0.161747 -0.0779847
FixedParameters: 0 0 0

#Transform 56
Transform: AffineTransform_float_3_3
Parameters: 0.999999 -0.000161549 -0.0014977 0.000158566 0.999999 -0.00174073 0.0014984 0.00174027 0.999998 -0.0970226 0.152996 -0.0782585
FixedParameters: 0 0 0

#Transform 57
Transform: AffineTransform_float_3_3
Parameters: 0.999999 0.000134971 -0.00146316 -0.00013739 0.999998 -0.00158929 0.00146287 0.00158971 0.999998 -0.0981798 0.140459 -0.0662195
FixedParameters: 0 0 0

#Transform 58
Transform: AffineTransform_float_3_3
Parameters: 0.999999 0.000261983 -0.0012018 -0.000263166 0.999999 -0.00125868 0.00120035 0.00125931 0.999998 -0.0983843 0.158002 -0.101243
FixedParameters: 0 0 0

#Transform 59
Transform: AffineTransform_float_3_3
Parameters: 0.999999 0.000111383 -0.00140948 -0.000113463 0.999999 -0.00139133 0.00140838 0.00139167 0.999998 -0.0978923 0.159597 -0.0533638
FixedParameters: 0 0 0

#Transform 60
Transform: AffineTransform_float_3_3
Parameters: 0.999998 0.000486883 -0.00190427 -0.000492729 0.999995 -0.0030524 0.00190209 0.0030536 0.999994 -0.124309 0.143267 -0.0817489
FixedParameters: 0 0 0

#Transform 61
Transform: AffineTransform_float_3_3
Parameters: 0.999998 0.000885485 -0.00143772 -0.000890419 0.999994 -0.00322257 0.00143451 0.00322443 0.999994 -0.132868 0.154342 -0.150315
FixedParameters: 0 0 0

#Transform 62
Transform: AffineTransform_float_3_3
Parameters: 0.999999 0.000407618 -0.00148284 -0.000412425 0.999995 -0.00281673 0.0014812 0.00281727 0.999995 -0.106382 0.164949 -0.136662
FixedParameters: 0 0 0

#Transform 63
Transform: AffineTransform_float_3_3
Parameters: 0.999999 0.000238918 -0.00145975 -0.000244037 0.999996 -0.00296749 0.00145898 0.0029675 0.999994 -0.0729183 0.164478 -0.137612
FixedParameters: 0 0 0

#Transform 64
Transform: AffineTransform_float_3_3
Parameters: 0.999999 7.99373e-05 -0.001755 -8.49359e-05 0.999996 -0.00295835 0.0017544 0.00295866 0.999994 -0.0924791 0.162969 -0.0751713
FixedParameters: 0 0 0

#Transform 65
Transform: AffineTransform_float_3_3
Parameters: 0.999999 8.62893e-05 -0.00153959 -8.94395e-05 0.999998 -0.00217371 0.00153988 0.00217329 0.999996 -0.0906254 0.182079 -0.0541242
FixedParameters: 0 0 0

#Transform 66
Transform: AffineTransform_float_3_3
Parameters: 0.999999 0.000215239 -0.00146816 -0.00021814 0.999999 -0.00174853 0.00146754 0.00174847 0.999997 -0.0854221 0.166793 -0.0600145
FixedParameters: 0 0 0

#Transform 67
Transform: AffineTransform_float_3_3
Parameters: 0.999998 9.98729e-05 -0.00189226 -0.00010364 0.999998 -0.00217514 0.0018921 0.00217486 0.999996 -0.0904839 0.14407 -0.0675682
FixedParameters: 0 0 0

#Transform 68
Transform: AffineTransform_float_3_3
Parameters: 0.999999 -4.45757e-05 -0.00146283 4.15305e-05 0.999999 -0.00180355 0.00146312 0.00180345 0.999998 -0.0980061 0.138699 -0.0418727
FixedParameters: 0 0 0

#Transform 69
Transform: AffineTransform_float_3_3
Parameters: 0.999998 -5.63876e-05 -0.00194123 5.34534e-05 0.999999 -0.00133023 0.00194151 0.00133077 0.999998 -0.0769736 0.13606 -0.0440967
FixedParameters: 0 0 0

#Transform 70
Transform: AffineTransform_float_3_3
Parameters: 0.999999 -0.000205406 -0.00126696 0.000203107 0.999998 -0.0016339 0.00126685 0.0016341 0.999998 -0.104598 0.15971 -0.0355669
FixedParameters: 0 0 0

#Transform 71
Transform: AffineTransform_float_3_3
Parameters: 0.999998 0.000111889 -0.0020134 -0.000116095 0.999998 -0.00182726 0.00201273 0.00182774 0.999996 -0.0751808 0.159198 -0.0990988
FixedParameters: 0 0 0

#Transform 72
Transform: AffineTransform_float_3_3
Parameters: 0.999999 -0.00032422 -0.00176647 0.000320467 0.999999 -0.00184421 0.00176649 0.00184379 0.999996 -0.0704638 0.153387 -0.0965899
FixedParameters: 0 0 0

#Transform 73
Transform: AffineTransform_float_3_3
Parameters: 0.999998 -0.000178645 -0.00188941 0.000175128 0.999999 -0.00176482 0.00188979 0.00176418 0.999997 -0.0893374 0.145786 -0.0625497
FixedParameters: 0 0 0

#Transform 74
Transform: AffineTransform_float_3_3
Parameters: 0.999998 -2.98353e-05 -0.00195259 2.75362e-05 0.999999 -0.00139603 0.00195242 0.00139597 0.999998 -0.0712359 0.152274 -0.0870046
FixedParameters: 0 0 0

#Transform 75
Transform: AffineTransform_float_3_3
Parameters: 0.999998 -0.000239445 -0.00225221 0.000236687 1 -0.00110766 0.00225288 0.00110734 0.999997 -0.0749031 0.160964 -0.0904869
FixedParameters: 0 0 0

#Transform 76
Transform: AffineTransform_float_3_3
Parameters: 0.999991 -0.000850214 -0.00400288 0.000840185 0.999997 -0.00238605 0.00400523 0.00238295 0.999989 -0.0525413 0.157829 -0.0631745
FixedParameters: 0 0 0

#Transform 77
Transform: AffineTransform_float_3_3
Parameters: 0.999994 -0.000431708 -0.00321877 0.000426262 0.999999 -0.00182528 0.00321983 0.00182472 0.999993 -0.106728 0.155302 -0.0925555
FixedParameters: 0 0 0

#Transform 78
Transform: AffineTransform_float_3_3
Parameters: 0.999995 -0.000303249 -0.00317943 0.000296576 0.999997 -0.00224706 0.00318081 0.00224594 0.999992 -0.102641 0.159005 -0.0931747
FixedParameters: 0 0 0

#Transform 79
Transform: AffineTransform_float_3_3
Parameters: 0.999995 3.04177e-05 -0.003025 -3.72948e-05 0.999997 -0.00217921 0.00302435 0.00217879 0.999993 -0.105125 0.163677 -0.104094
FixedParameters: 0 0 0

#Transform 80
Transform: AffineTransform_float_3_3
Parameters: 0.999995 -0.000351609 -0.00311586 0.000346219 0.999998 -0.00172919 0.00311695 0.00172781 0.999994 -0.122407 0.16503 -0.0815309
FixedParameters: 0 0 0

#Transform 81
Transform: AffineTransform_float_3_3
Parameters: 0.999993 -0.000440796 -0.00359086 0.000435336 0.999998 -0.00163916 0.00359179 0.00163684 0.999992 -0.103038 0.162225 -0.0752913
FixedParameters: 0 0 0

#Transform 82
Transform: AffineTransform_float_3_3
Parameters: 0.999993 -0.000246095 -0.00372664 0.000240825 0.999999 -0.00125434 0.00372661 0.00125265 0.999993 -0.104846 0.183265 -0.114838
FixedParameters: 0 0 0

#Transform 83
Transform: AffineTransform_float_3_3
Parameters: 0.999993 -2.08306e-05 -0.00361664 1.73935e-05 0.999999 -0.000910659 0.00361642 0.000911339 0.999993 -0.106575 0.156865 -0.0937554
FixedParameters: 0 0 0

#Transform 84
Transform: AffineTransform_float_3_3
Parameters: 0.999993 -0.000247447 -0.00357676 0.000243796 0.999999 -0.000951469 0.00357698 0.00095053 0.999993 -0.104554 0.15799 -0.0722188
FixedParameters: 0 0 0

#Transform 85
Transform: AffineTransform_float_3_3
Parameters: 0.999994 -0.000168072 -0.00352763 0.000166205 0.999999 -0.000712029 0.00352762 0.000710973 0.999994 -0.112447 0.164326 -0.0763556
FixedParameters: 0 0 0

#Transform 86
Transform: AffineTransform_float_3_3
Parameters: 0.999995 -0.000506999 -0.00319128 0.000504138 1 -0.000881869 0.003191 0.000880131 0.999994 -0.111924 0.161799 -0.0372484
FixedParameters: 0 0 0

#Transform 87
Transform: AffineTransform_float_3_3
Parameters: 0.999994 -0.000523575 -0.00340181 0.000519976 0.999999 -0.00112852 0.00340234 0.00112648 0.999993 -0.0868084 0.147346 -0.0167109
FixedParameters: 0 0 0

#Transform 88
Transform: AffineTransform_float_3_3
Parameters: 0.999995 -0.000212907 -0.00318365 0.000207657 0.999998 -0.00167062 0.00318424 0.00166938 0.999994 -0.0886425 0.135446 -0.0763463
FixedParameters: 0 0 0

#Transform 89
Transform: AffineTransform_float_3_3
Parameters: 0.999995 -0.000513535 -0.00295277 0.000510674 1 -0.00101877 0.00295356 0.00101723 0.999995 -0.107931 0.148528 -0.0147002
FixedParameters: 0 0 0

#Transform 90
Transform: AffineTransform_float_3_3
Parameters: 0.999996 -0.000522327 -0.00299141 0.000518551 1 -0.00100481 0.00299259 0.00100319 0.999995 -0.0850939 0.161027 -0.050252
FixedParameters: 0 0 0

#Transform 91
Transform: AffineTransform_float_3_3
Parameters: 0.999996 -0.000773121 -0.00244021 0.000770148 0.999999 -0.00125565 0.00244189 0.00125335 0.999996 -0.0940335 0.187744 -0.0418136
FixedParameters: 0 0 0

#Transform 92
Transform: AffineTransform_float_3_3
Parameters: 0.999997 -0.000664834 -0.0024069 0.000662673 1 -0.00102337 0.00240709 0.00102164 0.999997 -0.0874243 0.171966 -0.0482103
FixedParameters: 0 0 0

#Transform 93
Transform: AffineTransform_float_3_3
Parameters: 0.999997 -0.000472756 -0.00238955 0.000471979 0.999999 -0.000629898 0.00239029 0.000629103 0.999997 -0.0759335 0.160622 -0.0415898
FixedParameters: 0 0 0

#Transform 94
Transform: AffineTransform_float_3_3
Parameters: 0.999997 -0.000686816 -0.00239753 0.000684876 1 -0.000981414 0.00239771 0.000979589 0.999997 -0.0818623 0.171556 -0.0557518
FixedParameters: 0 0 0

#Transform 95
Transform: AffineTransform_float_3_3
Parameters: 0.999997 -0.000667804 -0.00240594 0.000662465 0.999998 -0.00187537 0.00240687 0.00187363 0.999996 -0.0968876 0.169208 -0.0707848
FixedParameters: 0 0 0

#Transform 96
Transform: AffineTransform_float_3_3
Parameters: 0.999996 -0.000242268 -0.00258731 0.000237844 0.999999 -0.0016426 0.00258746 0.0016414 0.999995 -0.0862916 0.179011 -0.0963254
FixedParameters: 0 0 0

#Transform 97
Transform: AffineTransform_float_3_3
Parameters: 0.999997 -0.000890479 -0.00247284 0.00088708 0.999999 -0.00132512 0.00247494 0.00132288 0.999996 -0.090683 0.187571 -0.106976
FixedParameters: 0 0 0

#Transform 98
Transform: AffineTransform_float_3_3
Parameters: 0.999997 -0.000542508 -0.00238865 0.000538526 0.999999 -0.00168642 0.00238982 0.00168458 0.999996 -0.0966447 0.183151 -0.118013
FixedParameters: 0 0 0

#Transform 99
Transform: AffineTransform_float_3_3
Parameters: 0.999997 -0.000657598 -0.00241145 0.000652281 0.999997 -0.00205735 0.00241219 0.00205565 0.999995 -0.0960083 0.180629 -0.125315
FixedParameters: 0 0 0

#Transform 100
Transform: AffineTransform_float_3_3
Parameters: 0.999996 -0.000546064 -0.00282888 0.000540195 0.999998 -0.0022458 0.0028295 0.00224421 0.999994 -0.104831 0.189329 -0.107263
FixedParameters: 0 0 0

#Transform 101
Transform: AffineTransform_float_3_3
Parameters: 0.999996 -0.000376885 -0.00253319 0.00037344 0.999999 -0.00166608 0.0025334 0.00166492 0.999995 -0.0907213 0.189545 -0.112939
FixedParameters: 0 0 0

#Transform 102
Transform: AffineTransform_float_3_3
Parameters: 0.999997 -0.00048312 -0.0026813 0.000479024 0.999998 -0.00152355 0.00268213 0.00152245 0.999996 -0.0846615 0.199764 -0.131624
FixedParameters: 0 0 0

#Transform 103
Transform: AffineTransform_float_3_3
Parameters: 0.999995 -0.0003007 -0.00294741 0.000295886 0.999998 -0.00182014 0.00294707 0.00181987 0.999994 -0.0971073 0.190054 -0.137703
FixedParameters: 0 0 0

#Transform 104
Transform: AffineTransform_float_3_3
Parameters: 0.999996 -0.000143796 -0.00284449 0.00013665 0.999997 -0.00259486 0.00284524 0.00259414 0.999993 -0.106499 0.18769 -0.120831
FixedParameters: 0 0 0

#Transform 105
Transform: AffineTransform_float_3_3
Parameters: 0.999995 -0.000211481 -0.00321586 0.00020282 0.999996 -0.00267377 0.0032166 0.00267323 0.999991 -0.0965154 0.186483 -0.134642
FixedParameters: 0 0 0

#Transform 106
Transform: AffineTransform_float_3_3
Parameters: 0.999996 -0.000485182 -0.00270918 0.00047887 0.999997 -0.00225692 0.00270993 0.00225508 0.999994 -0.12038 0.190933 -0.111312
FixedParameters: 0 0 0

#Transform 107
Transform: AffineTransform_float_3_3
Parameters: 0.999998 -0.000613832 -0.00223123 0.000608658 0.999997 -0.00227849 0.00223298 0.00227651 0.999995 -0.0870217 0.164804 -0.0141806
FixedParameters: 0 0 0

#Transform 108
Transform: AffineTransform_float_3_3
Parameters: 0.999997 -0.000205631 -0.00215565 0.000203288 1 -0.000970569 0.00215527 0.000970432 0.999997 -0.0683816 0.153937 -0.0335879
FixedParameters: 0 0 0

#Transform 109
Transform: AffineTransform_float_3_3
Parameters: 0.999996 5.91575e-05 -0.00287815 -6.46551e-05 0.999998 -0.00189028 0.0028778 0.00189071 0.999994 -0.0951699 0.170645 -0.0346803
FixedParameters: 0 0 0

#Transform 110
Transform: AffineTransform_float_3_3
Parameters: 0.999995 0.000403726 -0.00308493 -0.000409441 0.999998 -0.00186226 0.00308422 0.00186274 0.999994 -0.0988958 0.160543 -0.0487995
FixedParameters: 0 0 0

#Transform 111
Transform: AffineTransform_float_3_3
Parameters: 0.999995 5.60507e-05 -0.00321756 -6.0796e-05 0.999999 -0.00143112 0.00321767 0.00143088 0.999994 -0.095945 0.186017 -0.11223
FixedParameters: 0 0 0

#Transform 112
Transform: AffineTransform_float_3_3
Parameters: 0.999996 0.000234091 -0.00305532 -0.000241148 0.999998 -0.00209958 0.00305513 0.00210041 0.999993 -0.118119 0.177718 -0.117543
FixedParameters: 0 0 0

#Transform 113
Transform: AffineTransform_float_3_3
Parameters: 0.999994 0.00012707 -0.00351425 -0.000134694 0.999998 -0.0021687 0.00351371 0.0021683 0.999991 -0.123183 0.174382 -0.112832
FixedParameters: 0 0 0

#Transform 114
Transform: AffineTransform_float_3_3
Parameters: 0.999994 0.000420702 -0.00347294 -0.000429164 0.999997 -0.00255953 0.00347224 0.00256047 0.999991 -0.125552 0.182588 -0.121581
FixedParameters: 0 0 0

#Transform 115
Transform: AffineTransform_float_3_3
Parameters: 0.999994 0.00048056 -0.00326461 -0.000488922 0.999997 -0.00250694 0.00326312 0.00250806 0.999992 -0.138546 0.189878 -0.0997149
FixedParameters: 0 0 0

#Transform 116
Transform: AffineTransform_float_3_3
Parameters: 0.999994 0.000388432 -0.0034422 -0.000397532 0.999996 -0.0028088 0.00344108 0.00281019 0.99999 -0.125041 0.188624 -0.159693
FixedParameters: 0 0 0

#Transform 117
Transform: AffineTransform_float_3_3
Parameters: 0.999994 0.000548636 -0.00323434 -0.000563101 0.99999 -0.00442736 0.0032321 0.00442964 0.999985 -0.148217 0.176697 -0.161543
FixedParameters: 0 0 0

#Transform 118
Transform: AffineTransform_float_3_3
Parameters: 0.999995 0.000464937 -0.0030648 -0.000476506 0.999991 -0.00398607 0.0030632 0.00398692 0.999987 -0.152579 0.182241 -0.154302
FixedParameters: 0 0 0

#Transform 119
Transform: AffineTransform_float_3_3
Parameters: 0.999995 6.88407e-05 -0.00309382 -7.82669e-05 0.999995 -0.00311508 0.00309353 0.00311492 0.999991 -0.15182 0.194186 -0.112936
FixedParameters: 0 0 0

#Transform 120
Transform: AffineTransform_float_3_3
Parameters: 0.999991 0.000372323 -0.00420297 -0.000383853 0.999997 -0.00269855 0.00420162 0.00270046 0.999988 -0.140685 0.190462 -0.146836
FixedParameters: 0 0 0

#Transform 121
Transform: AffineTransform_float_3_3
Parameters: 0.999991 8.09897e-05 -0.00410695 -9.33645e-05 0.999996 -0.00286493 0.00410715 0.00286507 0.999987 -0.16369 0.188867 -0.115119
FixedParameters: 0 0 0

#Transform 122
Transform: AffineTransform_float_3_3
Parameters: 0.99999 0.000406097 -0.00429506 -0.000418475 0.999995 -0.00289221 0.0042939 0.00289379 0.999986 -0.12052 0.198006 -0.133772
FixedParameters: 0 0 0

#Transform 123
Transform: AffineTransform_float_3_3
Parameters: 0.999991 0.000431321 -0.00409316 -0.000439386 0.999998 -0.00212235 0.00409279 0.00212465 0.999989 -0.14469 0.198042 -0.0835075
FixedParameters: 0 0 0

#Transform 124
Transform: AffineTransform_float_3_3
Parameters: 0.999993 0.000879173 -0.00381103 -0.000888237 0.999997 -0.00241085 0.00380825 0.00241416 0.99999 -0.112796 0.180273 -0.107578
FixedParameters: 0 0 0

#Transform 125
Transform: AffineTransform_float_3_3
Parameters: 0.999994 0.00041627 -0.00323346 -0.000424313 0.999997 -0.0022788 0.00323196 0.0022802 0.999993 -0.129115 0.18734 -0.112104
FixedParameters: 0 0 0

#Transform 126
Transform: AffineTransform_float_3_3
Parameters: 0.999996 0.000440736 -0.00272196 -0.000445016 0.999998 -0.00160562 0.00272081 0.00160738 0.999995 -0.0959768 0.203005 -0.0830201
FixedParameters: 0 0 0

#Transform 127
Transform: AffineTransform_float_3_3
Parameters: 0.999995 0.000527336 -0.00308693 -0.000532964 0.999998 -0.00205888 0.00308609 0.00206012 0.999994 -0.102687 0.194928 -0.0811279
FixedParameters: 0 0 0

#Transform 128
Transform: AffineTransform_float_3_3
Parameters: 0.999994 0.000281633 -0.00350626 -0.000286548 0.999999 -0.00152416 0.0035062 0.00152484 0.999993 -0.118171 0.200618 -0.0566235
FixedParameters: 0 0 0

#Transform 129
Transform: AffineTransform_float_3_3
Parameters: 0.999992 0.000396942 -0.00382087 -0.000400838 0.999999 -0.00109312 0.00382028 0.00109488 0.999992 -0.105348 0.187966 -0.0828361
FixedParameters: 0 0 0

#Transform 130
Transform: AffineTransform_float_3_3
Parameters: 0.999996 0.000360954 -0.0028424 -0.000365577 0.999998 -0.00166664 0.00284239 0.00166736 0.999994 -0.101848 0.186134 -0.100587
FixedParameters: 0 0 0

#Transform 131
Transform: AffineTransform_float_3_3
Parameters: 0.999995 0.000141511 -0.00319713 -0.000144842 1 -0.00121885 0.00319706 0.00121915 0.999994 -0.0904926 0.190228 -0.0715757
FixedParameters: 0 0 0

#Transform 132
Transform: AffineTransform_float_3_3
Parameters: 0.999994 0.000242444 -0.00329177 -0.00024481 1 -0.000897357 0.003292 0.000897646 0.999995 -0.0901874 0.196585 -0.0859931
FixedParameters: 0 0 0

#Transform 133
Transform: AffineTransform_float_3_3
Parameters: 0.999995 0.000143373 -0.00332787 -0.000147168 0.999999 -0.000905313 0.00332775 0.000905684 0.999994 -0.122171 0.193337 -0.0800335
FixedParameters: 0 0 0

#Transform 134
Transform: AffineTransform_float_3_3
Parameters: 0.999993 3.72092e-05 -0.00369055 -4.08983e-05 1 -0.00110465 0.00369074 0.00110435 0.999992 -0.100338 0.192033 -0.0850292
FixedParameters: 0 0 0

#Transform 135
Transform: AffineTransform_float_3_3
Parameters: 0.999994 2.97736e-05 -0.00365695 -3.33923e-05 1 -0.00110484 0.00365716 0.00110517 0.999992 -0.124808 0.194617 -0.0865694
FixedParameters: 0 0 0

#Transform 136
Transform: AffineTransform_float_3_3
Parameters: 0.999996 0.000309826 -0.0028205 -0.000316229 0.999998 -0.00232194 0.00281947 0.00232306 0.999993 -0.112367 0.197438 -0.0998548
FixedParameters: 0 0 0

#Transform 137
Transform: AffineTransform_float_3_3
Parameters: 0.999996 0.000178145 -0.00286292 -0.000191111 0.99999 -0.00444229 0.0028625 0.00444271 0.999986 -0.111502 0.192953 -0.0909596
FixedParameters: 0 0 0

#Transform 138
Transform: AffineTransform_float_3_3
Parameters: 0.999996 0.000278651 -0.00260208 -0.000287458 0.999994 -0.00340845 0.00260071 0.00340855 0.999991 -0.121802 0.154654 -0.0866232
FixedParameters: 0 0 0

#Transform 139
Transform: AffineTransform_float_3_3
Parameters: 0.999996 -9.1074e-05 -0.0028223 8.10715e-05 0.999993 -0.0034477 0.00282214 0.00344729 0.99999 -0.108778 0.185117 -0.115712
FixedParameters: 0 0 0

#Transform 140
Transform: AffineTransform_float_3_3
Parameters: 0.999997 -0.000286203 -0.00251347 0.000277935 0.999994 -0.00344832 0.00251374 0.00344768 0.999991 -0.124058 0.197028 -0.0847988
FixedParameters: 0 0 0

#Transform 141
Transform: AffineTransform_float_3_3
Parameters: 0.999997 -0.000268699 -0.00214211 0.000262817 0.999995 -0.00305955 0.00214284 0.00305846 0.999993 -0.130183 0.176658 -0.0751644
FixedParameters: 0 0 0

#Transform 142
Transform: AffineTransform_float_3_3
Parameters: 0.999997 -0.00023092 -0.00244764 0.000223497 0.999995 -0.00307153 0.00244906 0.00307047 0.999992 -0.113501 0.188833 -0.0985731
FixedParameters: 0 0 0

#Transform 143
Transform: AffineTransform_float_3_3
Parameters: 0.999998 -0.000724719 -0.00175979 0.00071914 0.999995 -0.00289155 0.00176201 0.00289045 0.999994 -0.112234 0.194045 -0.0741795
FixedParameters: 0 0 0

#Transform 144
Transform: AffineTransform_float_3_3
Parameters: 0.999997 -0.000567593 -0.00246448 0.000560451 0.999996 -0.00302216 0.00246568 0.00302084 0.999993 -0.118862 0.20114 -0.0897374
FixedParameters: 0 0 0

#Transform 145
Transform: AffineTransform_float_3_3
Parameters: 0.999996 -0.000374827 -0.00282663 0.000365708 0.999995 -0.0031223 0.00282858 0.0031217 0.999991 -0.117079 0.19993 -0.124007
FixedParameters: 0 0 0

#Transform 146
Transform: AffineTransform_float_3_3
Parameters: 0.999996 -0.000693022 -0.00246841 0.000686314 0.999995 -0.00292911 0.00247024 0.00292789 0.999993 -0.129325 0.20968 -0.0587853
FixedParameters: 0 0 0

#Transform 147
Transform: AffineTransform_float_3_3
Parameters: 0.999996 -0.000162414 -0.00282643 0.000156102 0.999997 -0.00230091 0.00282758 0.00230009 0.999993 -0.101523 0.195773 -0.061505
FixedParameters: 0 0 0

#Transform 148
Transform: AffineTransform_float_3_3
Parameters: 0.999995 -0.00023191 -0.00300857 0.000221642 0.999995 -0.00312478 0.00300962 0.00312421 0.999991 -0.122157 0.212824 -0.0888744
FixedParameters: 0 0 0

#Transform 149
Transform: AffineTransform_float_3_3
Parameters: 0.999995 -0.000344576 -0.00308051 0.00033709 0.999997 -0.00253731 0.00308095 0.0025367 0.999992 -0.137569 0.207411 -0.0784595
FixedParameters: 0 0 0

#Transform 150
Transform: AffineTransform_float_3_3
Parameters: 0.999994 -7.52579e-05 -0.00343714 6.59691e-05 0.999996 -0.00259319 0.00343714 0.0025928 0.99999 -0.128899 0.203161 -0.124345
FixedParameters: 0 0 0

#Transform 151
Transform: AffineTransform_float_3_3
Parameters: 0.999993 -0.000346516 -0.00356612 0.0003369 0.999996 -0.00280381 0.00356689 0.00280219 0.99999 -0.131835 0.210279 -0.108542
FixedParameters: 0 0 0

#Transform 152
Transform: AffineTransform_float_3_3
Parameters: 0.999994 -0.000261897 -0.00323709 0.000251919 0.999995 -0.00300193 0.00323787 0.00300106 0.99999 -0.136992 0.200703 -0.0922253
FixedParameters: 0 0 0

#Transform 153
Transform: AffineTransform_float_3_3
Parameters: 0.999994 -5.67812e-05 -0.00324384 4.88834e-05 0.999996 -0.00259312 0.00324467 0.00259288 0.999992 -0.122896 0.1995 -0.0952294
FixedParameters: 0 0 0

#Transform 154
Transform: AffineTransform_float_3_3
Parameters: 0.999996 -0.000112413 -0.00305715 0.00010393 0.999996 -0.00278343 0.00305739 0.00278356 0.999991 -0.118644 0.20172 -0.076353
FixedParameters: 0 0 0

#Transform 155
Transform: AffineTransform_float_3_3
Parameters: 0.999995 -0.000467899 -0.00310201 0.00045929 0.999995 -0.00284918 0.00310298 0.00284782 0.999992 -0.125646 0.207988 -0.0701668
FixedParameters: 0 0 0

#Transform 156
Transform: AffineTransform_float_3_3
Parameters: 0.999996 -0.000313516 -0.00273585 0.000303961 0.999993 -0.00364246 0.00273695 0.00364154 0.99999 -0.121317 0.213048 -0.104026
FixedParameters: 0 0 0

#Transform 157
Transform: AffineTransform_float_3_3
Parameters: 0.999995 -0.000564098 -0.00288008 0.000552389 0.999991 -0.00415287 0.00288279 0.00415114 0.999988 -0.119178 0.212363 -0.0847327
FixedParameters: 0 0 0

#Transform 158
Transform: AffineTransform_float_3_3
Parameters: 0.999996 -0.000389305 -0.00277494 0.000379693 0.999994 -0.00336568 0.00277585 0.00336432 0.99999 -0.110705 0.213793 -0.112912
FixedParameters: 0 0 0

#Transform 159
Transform: AffineTransform_float_3_3
Parameters: 0.999998 -0.0003388 -0.00194091 0.000329748 0.99999 -0.00442878 0.00194259 0.00442822 0.999989 -0.134358 0.207899 -0.0737638
FixedParameters: 0 0 0

#Transform 160
Transform: AffineTransform_float_3_3
Parameters: 0.999997 -0.000102348 -0.00239179 9.15501e-05 0.999991 -0.00431521 0.0023928 0.00431479 0.999988 -0.13152 0.197459 -0.0661193
FixedParameters: 0 0 0

#Transform 161
Transform: AffineTransform_float_3_3
Parameters: 0.999997 -0.000226809 -0.00264979 0.000215443 0.99999 -0.00452356 0.00265078 0.00452244 0.999986 -0.111838 0.204283 -0.0805097
FixedParameters: 0 0 0

#Transform 162
Transform: AffineTransform_float_3_3
Parameters: 0.999996 -0.000134145 -0.00301364 0.000121624 0.999991 -0.00423349 0.00301464 0.00423351 0.999986 -0.126098 0.196629 -0.0928541
FixedParameters: 0 0 0

#Transform 163
Transform: AffineTransform_float_3_3
Parameters: 0.999995 0.000131924 -0.00311825 -0.00014548 0.99999 -0.00432088 0.00311788 0.00432112 0.999986 -0.117503 0.205433 -0.140061
FixedParameters: 0 0 0

#Transform 164
Transform: AffineTransform_float_3_3
Parameters: 0.999995 -0.00029455 -0.00311249 0.000280924 0.99999 -0.004362 0.0031136 0.004361 0.999986 -0.124986 0.211738 -0.0971086
FixedParameters: 0 0 0

#Transform 165
Transform: AffineTransform_float_3_3
Parameters: 0.999996 7.30141e-05 -0.00307238 -8.66859e-05 0.999991 -0.00440407 0.00307251 0.00440394 0.999986 -0.119951 0.20227 -0.0575949
FixedParameters: 0 0 0

#Transform 166
Transform: AffineTransform_float_3_3
Parameters: 0.999994 -1.07281e-05 -0.00329198 -1.98348e-07 0.999994 -0.00349397 0.00329232 0.00349403 0.999989 -0.108749 0.192 -0.0505073
FixedParameters: 0 0 0

#Transform 167
Transform: AffineTransform_float_3_3
Parameters: 0.999998 -0.000528757 -0.00218882 0.000520706 0.999992 -0.00381992 0.00219024 0.00381908 0.999991 -0.0998925 0.174716 0.0582416
FixedParameters: 0 0 0

#Transform 168
Transform: AffineTransform_float_3_3
Parameters: 0.999998 -1.92403e-05 -0.00191444 1.14737e-05 0.999993 -0.00377616 0.00191498 0.00377684 0.999991 -0.0665145 0.153634 0.0208158
FixedParameters: 0 0 0

#Transform 169
Transform: AffineTransform_float_3_3
Parameters: 0.999998 -0.000526409 -0.00199085 0.00051812 0.999991 -0.00425917 0.0019927 0.00425783 0.999989 -0.0798428 0.160868 0.0305224
FixedParameters: 0 0 0

#Transform 170
Transform: AffineTransform_float_3_3
Parameters: 0.999998 -0.000331191 -0.0023075 0.000321681 0.999992 -0.00410873 0.00230943 0.00410727 0.999989 -0.0783667 0.159751 -0.0126858
FixedParameters: 0 0 0

#Transform 171
Transform: AffineTransform_float_3_3
Parameters: 0.999998 -0.000429974 -0.00226564 0.000418046 0.999987 -0.00512273 0.00226845 0.00512227 0.999985 -0.105962 0.178814 0.0471478
FixedParameters: 0 0 0

#Transform 172
Transform: AffineTransform_float_3_3
Parameters: 0.999995 8.17367e-05 -0.00296042 -9.17552e-05 0.999994 -0.0033552 0.00296001 0.00335579 0.99999 -0.123229 0.188914 0.00139117
FixedParameters: 0 0 0

#Transform 173
Transform: AffineTransform_float_3_3
Parameters: 0.999994 0.000215734 -0.00340277 -0.000229746 0.999992 -0.0038914 0.00340226 0.0038916 0.999987 -0.125757 0.189971 -0.0505662
FixedParameters: 0 0 0

#Transform 174
Transform: AffineTransform_float_3_3
Parameters: 0.999994 0.000357768 -0.00337353 -0.000373495 0.99999 -0.00456793 0.00337247 0.00456908 0.999984 -0.1228 0.188102 -0.0853775
FixedParameters: 0 0 0

#Transform 175
Transform: AffineTransform_float_3_3
Parameters: 0.999998 0.000264573 -0.0022917 -0.000274963 0.99999 -0.00450172 0.00229036 0.00450228 0.999987 -0.117176 0.192958 -0.0668873
FixedParameters: 0 0 0

#Transform 176
Transform: AffineTransform_float_3_3
Parameters: 0.999997 -5.37214e-05 -0.00238856 4.38226e-05 0.999992 -0.00413309 0.00238913 0.00413291 0.999989 -0.0864632 0.212986 -0.0782205
FixedParameters: 0 0 0

#Transform 177
Transform: AffineTransform_float_3_3
Parameters: 0.999998 -0.000234216 -0.00204607 0.000220489 0.999977 -0.00665844 0.0020477 0.00665756 0.999976 -0.0999969 0.181856 -0.0810203
FixedParameters: 0 0 0

#Transform 178
Transform: AffineTransform_float_3_3
Parameters: 0.999998 -0.000208394 -0.00227431 0.000195491 0.999984 -0.00560743 0.00227557 0.00560656 0.999982 -0.0929629 0.192322 -0.0238927
FixedParameters: 0 0 0

#Transform 179
Transform: AffineTransform_float_3_3
Parameters: 0.999997 -0.000359403 -0.00238429 0.000347568 0.999986 -0.00523597 0.00238567 0.00523503 0.999983 -0.0878614 0.192126 -0.0209686
FixedParameters: 0 0 0
