# transform file /out/sourcedata/freesurfer/sub-v1s10x0051024_ses-1/mri/transforms/cc_up.lta
# created by oesteban on Thu Mar 12 04:02:52 2026

type      = 0 # LINEAR_VOX_TO_VOX
nxforms   = 1
mean      = 129.0000 141.0000 123.0000
sigma     = 10000.0000
1 4 4
9.972030520439148e-01 -4.678301513195038e-02 -5.828940123319626e-02 1.178406047821045e+01 
4.670329391956329e-02 9.989052414894104e-01 -2.729942556470633e-03 -4.582104206085205e+00 
5.835329368710518e-02 0.000000000000000e+00 9.982960820198059e-01 5.655426502227783e+00 
0.000000000000000e+00 0.000000000000000e+00 0.000000000000000e+00 1.000000000000000e+00 
src volume info
valid = 1  # volume info valid
filename = /out/sourcedata/freesurfer/sub-v1s10x0051024_ses-1/mri/norm.mgz
volume = 256 256 256
voxelsize = 1.000000000000000e+00 1.000000000000000e+00 1.000000000000000e+00
xras   = -1.000000000000000e+00 0.000000000000000e+00 0.000000000000000e+00
yras   = 0.000000000000000e+00 0.000000000000000e+00 -1.000000000000000e+00
zras   = 0.000000000000000e+00 1.000000000000000e+00 0.000000000000000e+00
cras   = 3.556671142578125e+00 1.000000000000000e+00 -6.228912353515625e+00
dst volume info
valid = 1  # volume info valid
filename = /out/sourcedata/freesurfer/sub-v1s10x0051024_ses-1/mri/norm.mgz
volume = 256 256 256
voxelsize = 1.000000000000000e+00 1.000000000000000e+00 1.000000000000000e+00
xras   = -1.000000000000000e+00 0.000000000000000e+00 0.000000000000000e+00
yras   = 0.000000000000000e+00 0.000000000000000e+00 -1.000000000000000e+00
zras   = 0.000000000000000e+00 1.000000000000000e+00 0.000000000000000e+00
cras   = 3.556671142578125e+00 1.000000000000000e+00 -6.228912353515625e+00
