#Insight Transform File V1.0
#Transform 0
Transform: AffineTransform_float_3_3
Parameters: 1 0.000204308 0.000461895 -0.000205058 0.999999 0.000812905 -0.000461562 -0.000813094 0.999999 0.115939 -0.332965 -0.521414
FixedParameters: 0 0 0

#Transform 1
Transform: AffineTransform_float_3_3
Parameters: 1 0.000581396 9.73495e-05 -0.000580919 0.999999 -0.000442056 -9.69427e-05 0.000441943 1 -0.0227003 0.0384245 -0.0861767
FixedParameters: 0 0 0

#Transform 2
Transform: AffineTransform_float_3_3
Parameters: 1 0.000681848 0.000811157 -0.000682328 1 0.000295807 -0.000810753 -0.000296194 1 -0.036336 0.0912941 -0.0435942
FixedParameters: 0 0 0

#Transform 3
Transform: AffineTransform_float_3_3
Parameters: 1 0.000415907 0.000516552 -0.000415889 1 -1.72148e-05 -0.000516567 1.67851e-05 1 -0.0225158 0.118872 -0.0617693
FixedParameters: 0 0 0

#Transform 4
Transform: AffineTransform_float_3_3
Parameters: 1 0.000122435 0.000641169 -0.000122079 1 -0.000278078 -0.000641237 0.000277921 1 -0.012801 0.113659 -0.0657138
FixedParameters: 0 0 0

#Transform 5
Transform: AffineTransform_float_3_3
Parameters: 1 0.000351362 0.000426724 -0.000350931 1 0.00057385 -0.000426712 -0.00057415 0.999999 -0.0312109 0.104573 -0.0872247
FixedParameters: 0 0 0

#Transform 6
Transform: AffineTransform_float_3_3
Parameters: 1 3.01825e-06 0.00036045 -3.14945e-06 1 0.000181999 -0.000360448 -0.000182001 1 -0.0160658 0.0975337 -0.0946093
FixedParameters: 0 0 0

#Transform 7
Transform: AffineTransform_float_3_3
Parameters: 1 -0.000184375 0.000197775 0.000184394 1 -4.79636e-05 -0.000197757 4.80365e-05 1 -0.00159312 0.115589 -0.107563
FixedParameters: 0 0 0

#Transform 8
Transform: AffineTransform_float_3_3
Parameters: 1 0.000342924 -2.39176e-05 -0.000342928 1 -7.69917e-05 2.38648e-05 7.70081e-05 1 -0.00444449 0.117824 -0.105173
FixedParameters: 0 0 0

#Transform 9
Transform: AffineTransform_float_3_3
Parameters: 1 0.000125929 0.000424549 -0.000126784 1 -7.70538e-05 -0.000424178 7.69466e-05 1 -0.013067 0.118875 -0.100967
FixedParameters: 0 0 0

#Transform 10
Transform: AffineTransform_float_3_3
Parameters: 1 0.000144044 0.000449444 -0.00014408 1 3.99353e-05 -0.000449433 -4.00647e-05 1 -0.0279407 0.118717 -0.100319
FixedParameters: 0 0 0

#Transform 11
Transform: AffineTransform_float_3_3
Parameters: 1 0.000180414 0.000535041 -0.000180386 1 -2.70965e-05 -0.00053505 2.69035e-05 1 -0.0282832 0.113512 -0.119205
FixedParameters: 0 0 0

#Transform 12
Transform: AffineTransform_float_3_3
Parameters: 1 5.92173e-05 0.000249702 -5.93292e-05 1 0.000223985 -0.000249676 -0.000224015 1 -0.027194 0.0956978 -0.132028
FixedParameters: 0 0 0

#Transform 13
Transform: AffineTransform_float_3_3
Parameters: 1 -0.000175981 0.00033538 0.000175884 1 0.000145059 -0.000335431 -0.000144941 1 0.00332832 0.0934087 -0.139201
FixedParameters: 0 0 0

#Transform 14
Transform: AffineTransform_float_3_3
Parameters: 1 -0.000122089 0.000219122 0.000122086 1 8.02672e-06 -0.000219124 -7.97321e-06 1 0.00220624 0.105881 -0.12036
FixedParameters: 0 0 0

#Transform 15
Transform: AffineTransform_float_3_3
Parameters: 1 0.000418957 7.87138e-05 -0.000419026 1 0.000439967 -7.83451e-05 -0.000440033 1 -0.00646495 0.112047 -0.0935835
FixedParameters: 0 0 0

#Transform 16
Transform: AffineTransform_float_3_3
Parameters: 1 7.48952e-05 0.000278903 -7.49627e-05 1 0.000120979 -0.000278885 -0.000121021 1 -0.0149114 0.10857 -0.099538
FixedParameters: 0 0 0

#Transform 17
Transform: AffineTransform_float_3_3
Parameters: 0.999999 0.000251352 0.000695029 -0.000251727 1 0.000269825 -0.000694893 -0.000270175 0.999999 -0.0174281 0.129123 -0.0839218
FixedParameters: 0 0 0

#Transform 18
Transform: AffineTransform_float_3_3
Parameters: 1 -0.00033427 0.000369686 0.000333759 0.999999 0.000690123 -0.000370147 -0.000689876 0.999999 -0.00166155 0.11778 -0.0792292
FixedParameters: 0 0 0

#Transform 19
Transform: AffineTransform_float_3_3
Parameters: 1 9.23817e-05 0.000320354 -9.26418e-05 1 0.00040597 -0.000320279 -0.00040603 1 -0.0184362 0.12331 -0.0672578
FixedParameters: 0 0 0

#Transform 20
Transform: AffineTransform_float_3_3
Parameters: 1 1.91921e-05 0.000286197 -1.95292e-05 1 0.000588994 -0.000286174 -0.000589005 1 -0.00742428 0.13473 -0.0531019
FixedParameters: 0 0 0

#Transform 21
Transform: AffineTransform_float_3_3
Parameters: 0.999999 -1.82488e-05 0.000920131 1.79333e-05 1 0.000384016 -0.000919225 -0.000383983 0.999999 -0.00511781 0.125866 -0.0539349
FixedParameters: 0 0 0

#Transform 22
Transform: AffineTransform_float_3_3
Parameters: 0.999999 -0.00019131 0.000844775 0.000190872 1 0.000259161 -0.000844874 -0.000258838 0.999999 -0.00266331 0.134364 -0.055193
FixedParameters: 0 0 0

#Transform 23
Transform: AffineTransform_float_3_3
Parameters: 1 -0.000163865 0.000489777 0.000164255 1 0.00054108 -0.000490345 -0.000540919 0.999999 -0.00408605 0.131728 -0.0596408
FixedParameters: 0 0 0

#Transform 24
Transform: AffineTransform_float_3_3
Parameters: 1 7.47454e-05 0.00101997 -7.41783e-05 1 -0.000277716 -0.00102001 0.000278284 1 0.00122023 0.139276 -0.0491418
FixedParameters: 0 0 0

#Transform 25
Transform: AffineTransform_float_3_3
Parameters: 1 -0.000340993 -6.40975e-05 0.00034057 0.999999 0.000826978 6.48451e-05 -0.000827021 0.999999 0.0149338 0.134578 -0.0505494
FixedParameters: 0 0 0

#Transform 26
Transform: AffineTransform_float_3_3
Parameters: 0.999999 -0.000384078 0.000700455 0.00038341 1 0.000477268 -0.000700821 -0.000476731 0.999999 0.0176201 0.131174 -0.0602407
FixedParameters: 0 0 0

#Transform 27
Transform: AffineTransform_float_3_3
Parameters: 1 -0.000347807 0.000975231 0.000348187 1 0.000277339 -0.000975814 -0.00027666 0.999999 -0.00853949 0.135631 -0.051305
FixedParameters: 0 0 0

#Transform 28
Transform: AffineTransform_float_3_3
Parameters: 0.999999 -0.000619443 0.000375484 0.000620069 1 -0.000835127 -0.000374449 0.000834873 0.999999 0.00859474 0.0910315 -0.06506
FixedParameters: 0 0 0

#Transform 29
Transform: AffineTransform_float_3_3
Parameters: 0.999999 -0.00067989 0.00054334 0.000680153 1 0.00060501 -0.000544554 -0.00060499 0.999999 0.0233871 0.126762 -0.0432734
FixedParameters: 0 0 0

#Transform 30
Transform: AffineTransform_float_3_3
Parameters: 0.999999 -0.000811386 0.000136074 0.000811461 0.999999 -0.00027789 -0.000135622 0.00027811 1 0.00788404 0.110761 -0.0668727
FixedParameters: 0 0 0

#Transform 31
Transform: AffineTransform_float_3_3
Parameters: 0.999999 -0.000902992 -0.000114373 0.000903262 0.999999 -0.00113426 0.000115111 0.00113474 0.999999 0.0248754 0.0934381 -0.0766422
FixedParameters: 0 0 0

#Transform 32
Transform: AffineTransform_float_3_3
Parameters: 1 -0.000679872 7.92947e-05 0.000679183 0.999999 0.000998694 -7.93411e-05 -0.000999306 0.999999 0.0152231 0.128418 -0.0449138
FixedParameters: 0 0 0

#Transform 33
Transform: AffineTransform_float_3_3
Parameters: 1 -7.14637e-05 0.00091545 7.17023e-05 1 0.000586426 -0.000915004 -0.000585575 1 -0.0161861 0.14049 -0.0436285
FixedParameters: 0 0 0

#Transform 34
Transform: AffineTransform_float_3_3
Parameters: 1 -0.000694585 8.57053e-05 0.000694847 1 0.0007487 -8.58255e-05 -0.0007493 1 0.0145665 0.13109 -0.0331317
FixedParameters: 0 0 0

#Transform 35
Transform: AffineTransform_float_3_3
Parameters: 0.999999 -0.000694513 0.000411479 0.000693896 1 0.000748926 -0.000412519 -0.000749073 0.999999 0.0120154 0.131178 -0.0464557
FixedParameters: 0 0 0

#Transform 36
Transform: AffineTransform_float_3_3
Parameters: 1 -0.000550728 0.000348401 0.000550597 0.999999 0.000749191 -0.000348306 -0.000748808 0.999999 0.00104804 0.140654 -0.0408284
FixedParameters: 0 0 0

#Transform 37
Transform: AffineTransform_float_3_3
Parameters: 0.999999 -0.000725793 1.17634e-05 0.000725764 0.999999 0.00113201 -1.34065e-05 -0.00113199 1 0.00537906 0.112649 -0.0470955
FixedParameters: 0 0 0

#Transform 38
Transform: AffineTransform_float_3_3
Parameters: 1 -0.000609871 4.98212e-05 0.000610187 0.999999 0.00074903 -4.98145e-05 -0.000748969 0.999999 0.0180137 0.137737 -0.046584
FixedParameters: 0 0 0

#Transform 39
Transform: AffineTransform_float_3_3
Parameters: 1 -0.000694585 8.57053e-05 0.000694847 1 0.0007487 -8.58255e-05 -0.0007493 1 0.0145719 0.134256 -0.038633
FixedParameters: 0 0 0

#Transform 40
Transform: AffineTransform_float_3_3
Parameters: 0.999999 -0.000601406 0.000533856 0.000600606 0.999999 0.00074932 -0.000534757 -0.000748678 0.999999 -0.00240935 0.144045 -0.0208889
FixedParameters: 0 0 0

#Transform 41
Transform: AffineTransform_float_3_3
Parameters: 0.999999 -0.000814415 0.000228249 0.000814198 0.999999 0.00132719 -0.00022949 -0.00132681 0.999999 0.0172065 0.121692 -0.0235622
FixedParameters: 0 0 0

#Transform 42
Transform: AffineTransform_float_3_3
Parameters: 0.999999 -0.000779135 0.000332207 0.000778637 1 0.000748899 -0.000333374 -0.0007491 0.999999 0.00805319 0.130856 -0.0368973
FixedParameters: 0 0 0

#Transform 43
Transform: AffineTransform_float_3_3
Parameters: 0.999999 -0.000155862 0.000716545 0.000155709 0.999999 0.000749111 -0.000717169 -0.000748888 0.999999 -0.00863987 0.149546 -0.025937
FixedParameters: 0 0 0

#Transform 44
Transform: AffineTransform_float_3_3
Parameters: 0.999999 -0.000510469 0.000489741 0.00051043 1 0.00097789 -0.000491131 -0.000978109 0.999999 0.000292246 0.145864 -0.0321022
FixedParameters: 0 0 0

#Transform 45
Transform: AffineTransform_float_3_3
Parameters: 0.999999 -0.000908209 0.000176195 0.000908336 0.999999 0.000748801 -0.000176635 -0.000749199 1 0.00597982 0.142781 -0.0340356
FixedParameters: 0 0 0

#Transform 46
Transform: AffineTransform_float_3_3
Parameters: 0.999999 -0.000618211 0.000443022 0.000617705 1 0.00101227 -0.000443352 -0.00101173 1 0.00226045 0.143313 -0.0374118
FixedParameters: 0 0 0

#Transform 47
Transform: AffineTransform_float_3_3
Parameters: 1 -0.00100492 0.000217034 0.00100493 0.999999 0.000863858 -0.00021785 -0.000864141 0.999999 0.00354366 0.144361 -0.0351435
FixedParameters: 0 0 0

#Transform 48
Transform: AffineTransform_float_3_3
Parameters: 0.999999 -0.00098836 0.000209932 0.000988352 0.999999 0.000947848 -0.000210885 -0.000948151 0.999999 0.0143479 0.131424 -0.0341393
FixedParameters: 0 0 0

#Transform 49
Transform: AffineTransform_float_3_3
Parameters: 1 -0.000686318 8.20233e-05 0.000685624 0.999999 0.000998696 -8.20827e-05 -0.000999303 0.999999 0.0141835 0.150453 -0.0209572
FixedParameters: 0 0 0

#Transform 50
Transform: AffineTransform_float_3_3
Parameters: 0.999999 -0.000750423 0.000217959 0.000750095 1 0.000748804 -0.000219083 -0.000749195 1 0.0070807 0.145175 -0.0196805
FixedParameters: 0 0 0

#Transform 51
Transform: AffineTransform_float_3_3
Parameters: 0.999999 -0.000757249 0.000111891 0.000757371 0.999999 0.00119393 -0.000112778 -0.00119307 0.999999 0.00474863 0.129683 -0.0124377
FixedParameters: 0 0 0

#Transform 52
Transform: AffineTransform_float_3_3
Parameters: 0.999999 -0.000958853 0.000197647 0.000958027 0.999999 0.00074883 -0.000197772 -0.00074917 1 0.0122227 0.129315 0.007319
FixedParameters: 0 0 0

#Transform 53
Transform: AffineTransform_float_3_3
Parameters: 1 -0.00076919 0.000644824 0.000769213 1 -1.78639e-05 -0.000644797 1.81365e-05 1 0.00519863 0.133614 0.00164046
FixedParameters: 0 0 0

#Transform 54
Transform: AffineTransform_float_3_3
Parameters: 0.999999 -0.000453139 0.000644423 0.000453407 1 -0.000207708 -0.000644235 0.000208292 1 -0.00924087 0.135957 -0.00618023
FixedParameters: 0 0 0

#Transform 55
Transform: AffineTransform_float_3_3
Parameters: 0.999999 -0.000528818 0.00078087 0.000528761 1 -0.000212587 -0.000781565 0.000213413 0.999999 -0.024301 0.128985 -0.0031258
FixedParameters: 0 0 0

#Transform 56
Transform: AffineTransform_float_3_3
Parameters: 0.999999 -0.000783164 0.000276576 0.000782886 0.999999 0.000503216 -0.000277364 -0.000502782 1 -0.00364838 0.14101 0.00522207
FixedParameters: 0 0 0

#Transform 57
Transform: AffineTransform_float_3_3
Parameters: 0.999999 -0.00081235 0.000136205 0.000812338 0.999999 4.21105e-05 -0.000136273 -4.18891e-05 1 0.0178022 0.122323 -0.0163332
FixedParameters: 0 0 0

#Transform 58
Transform: AffineTransform_float_3_3
Parameters: 0.999999 -0.000746966 0.000108652 0.000747932 0.999999 -0.000207919 -0.000108732 0.000208081 1 0.0104983 0.14725 -0.00396001
FixedParameters: 0 0 0

#Transform 59
Transform: AffineTransform_float_3_3
Parameters: 1 -0.00106467 0.000242844 0.00106485 1 0.000427899 -0.000242835 -0.000428101 1 0.0112657 0.152314 0.0248318
FixedParameters: 0 0 0

#Transform 60
Transform: AffineTransform_float_3_3
Parameters: 1 -0.00112111 -0.000249445 0.00112055 0.999999 0.000715208 0.000248232 -0.000715791 0.999999 0.00643092 0.138131 0.0154182
FixedParameters: 0 0 0

#Transform 61
Transform: AffineTransform_float_3_3
Parameters: 0.999999 -0.000973505 0.000204274 0.000973752 1 0.000351839 -0.000204039 -0.000352161 1 0.0167122 0.132021 0.0102167
FixedParameters: 0 0 0

#Transform 62
Transform: AffineTransform_float_3_3
Parameters: 0.999999 -0.000918058 0.000811147 0.000917989 1 4.25375e-05 -0.000811225 -4.24621e-05 1 -0.00831325 0.135265 0.0159208
FixedParameters: 0 0 0

#Transform 63
Transform: AffineTransform_float_3_3
Parameters: 0.999999 -0.000914698 0.000178707 0.000914734 0.999999 0.000987804 -0.000179594 -0.000988195 0.999999 -0.010143 0.137957 0.0293487
FixedParameters: 0 0 0

#Transform 64
Transform: AffineTransform_float_3_3
Parameters: 0.999999 -0.000506784 0.00114278 0.000505378 0.999999 0.00118873 -0.00114345 -0.00118827 0.999999 0.00272193 0.139182 0.034067
FixedParameters: 0 0 0

#Transform 65
Transform: AffineTransform_float_3_3
Parameters: 0.999999 -0.00078106 0.00113546 0.000780441 0.999999 0.00085004 -0.00113626 -0.000848961 0.999999 -0.00950803 0.164606 0.0474664
FixedParameters: 0 0 0

#Transform 66
Transform: AffineTransform_float_3_3
Parameters: 1 -0.000889718 0.000570834 0.000889515 1 0.000178148 -0.000571151 -0.000177851 1 0.00877883 0.135743 0.0175252
FixedParameters: 0 0 0

#Transform 67
Transform: AffineTransform_float_3_3
Parameters: 1 -0.00106203 0.000471954 0.00106199 1 0.000458142 -0.000472006 -0.000457859 1 0.0176996 0.149472 0.0160927
FixedParameters: 0 0 0

#Transform 68
Transform: AffineTransform_float_3_3
Parameters: 1 -0.00100478 -3.30645e-05 0.00100478 0.999999 3.78139e-05 3.29892e-05 -3.71856e-05 1 0.0125097 0.135177 0.0143135
FixedParameters: 0 0 0

#Transform 69
Transform: AffineTransform_float_3_3
Parameters: 0.999999 -0.00117492 0.000651411 0.00117448 0.999999 0.000338405 -0.000652205 -0.000337593 1 0.00196437 0.140124 0.0178981
FixedParameters: 0 0 0

#Transform 70
Transform: AffineTransform_float_3_3
Parameters: 1 -0.00106192 0.0004722 0.0010621 1 0.000226142 -0.00047176 -0.000225859 1 0.0122947 0.152659 0.0360573
FixedParameters: 0 0 0

#Transform 71
Transform: AffineTransform_float_3_3
Parameters: 1 -0.00108512 0.000481538 0.00108492 0.999999 0.000618163 -0.000481958 -0.000617837 1 0.0261021 0.161745 0.0154492
FixedParameters: 0 0 0

#Transform 72
Transform: AffineTransform_float_3_3
Parameters: 0.999999 -0.00127837 0.000540669 0.00127774 0.999999 0.000583331 -0.00054216 -0.000582667 1 -0.000278159 0.146274 0.0308802
FixedParameters: 0 0 0

#Transform 73
Transform: AffineTransform_float_3_3
Parameters: 0.999999 -0.00130641 0.000607766 0.00130596 0.999999 0.000698434 -0.000608669 -0.000697565 0.999999 0.0298179 0.135383 0.0172715
FixedParameters: 0 0 0

#Transform 74
Transform: AffineTransform_float_3_3
Parameters: 0.999999 -0.00130254 0.000609149 0.00130235 0.999999 0.000152434 -0.000609545 -0.000151566 1 0.0296993 0.149545 0.0296966
FixedParameters: 0 0 0

#Transform 75
Transform: AffineTransform_float_3_3
Parameters: 0.999999 -0.00158021 0.000850801 0.00158034 0.999999 0.000152625 -0.000850361 -0.000151376 1 0.0243998 0.142174 0.0300655
FixedParameters: 0 0 0

#Transform 76
Transform: AffineTransform_float_3_3
Parameters: 0.999998 -0.00157507 0.000478757 0.00157503 0.999998 0.000446394 -0.000479241 -0.000445605 1 0.0272962 0.141306 0.0298376
FixedParameters: 0 0 0

#Transform 77
Transform: AffineTransform_float_3_3
Parameters: 0.999999 -0.00145702 0.000429459 0.00145703 0.999999 -8.73425e-06 -0.000429433 9.26634e-06 1 0.0158175 0.14065 0.0123265
FixedParameters: 0 0 0

#Transform 78
Transform: AffineTransform_float_3_3
Parameters: 0.999999 -0.00151141 0.000452269 0.00151166 0.999999 0.000152324 -0.000451808 -0.000151677 1 0.0263153 0.135024 0.0121061
FixedParameters: 0 0 0

#Transform 79
Transform: AffineTransform_float_3_3
Parameters: 0.999998 -0.00153074 0.000460472 0.00153099 0.999998 0.000152345 -0.000460016 -0.000151655 1 0.0265484 0.143474 0.0322312
FixedParameters: 0 0 0

#Transform 80
Transform: AffineTransform_float_3_3
Parameters: 0.999998 -0.00167358 0.000300354 0.00167342 0.999998 0.00026799 -0.000301249 -0.000267008 1 0.0298309 0.148783 0.045824
FixedParameters: 0 0 0

#Transform 81
Transform: AffineTransform_float_3_3
Parameters: 0.999998 -0.00161102 0.000222012 0.00161057 0.999998 0.000708845 -0.000222063 -0.000708155 0.999999 0.00852641 0.144847 0.0341486
FixedParameters: 0 0 0

#Transform 82
Transform: AffineTransform_float_3_3
Parameters: 0.999998 -0.00163032 0.000402225 0.00163033 0.999998 0.000462296 -0.000402811 -0.000461703 1 0.0222754 0.163709 0.0492363
FixedParameters: 0 0 0

#Transform 83
Transform: AffineTransform_float_3_3
Parameters: 0.999998 -0.00161793 0.000431312 0.00161772 0.999999 0.000693979 -0.000432637 -0.00069402 1 0.0097249 0.152975 0.0211291
FixedParameters: 0 0 0

#Transform 84
Transform: AffineTransform_float_3_3
Parameters: 0.999998 -0.0016201 0.00023464 0.00162009 0.999998 2.30202e-05 -0.000234715 -2.29791e-05 1 0.0188656 0.135161 0.0114012
FixedParameters: 0 0 0

#Transform 85
Transform: AffineTransform_float_3_3
Parameters: 0.999999 -0.00135898 0.000401938 0.00135898 0.999999 8.03361e-06 -0.000401958 -6.96581e-06 1 0.0110169 0.14329 0.0126295
FixedParameters: 0 0 0

#Transform 86
Transform: AffineTransform_float_3_3
Parameters: 0.999999 -0.00185328 0.000242793 0.00185311 0.999998 0.000357578 -0.000244118 -0.00035742 1 0.0228695 0.138789 0.0239255
FixedParameters: 0 0 0

#Transform 87
Transform: AffineTransform_float_3_3
Parameters: 0.999998 -0.00161936 0.000340815 0.00161933 0.999998 0.000625192 -0.000341919 -0.000624806 1 0.0111147 0.139968 0.0282
FixedParameters: 0 0 0

#Transform 88
Transform: AffineTransform_float_3_3
Parameters: 0.999997 -0.00209608 0.000576921 0.00209596 0.999997 0.00043949 -0.000577841 -0.000438508 1 0.0360022 0.127474 0.0273519
FixedParameters: 0 0 0

#Transform 89
Transform: AffineTransform_float_3_3
Parameters: 0.999999 -0.00149146 8.95475e-05 0.00149142 0.999999 0.000234621 -9.0247e-05 -0.000234378 1 0.0182279 0.142847 0.027595
FixedParameters: 0 0 0

#Transform 90
Transform: AffineTransform_float_3_3
Parameters: 0.999999 -0.00172774 0.00059508 0.00172728 0.999998 0.000718309 -0.00059664 -0.000717689 0.999999 0.0304052 0.157064 0.0671933
FixedParameters: 0 0 0

#Transform 91
Transform: AffineTransform_float_3_3
Parameters: 0.999999 -0.00149146 8.95429e-05 0.00149141 0.999999 0.000237774 -9.02528e-05 -0.000238225 1 0.0161549 0.156116 0.0589759
FixedParameters: 0 0 0

#Transform 92
Transform: AffineTransform_float_3_3
Parameters: 0.999998 -0.00146738 0.00078668 0.00146701 0.999999 0.000729588 -0.000786979 -0.000729413 1 -0.00308755 0.16229 0.0730025
FixedParameters: 0 0 0

#Transform 93
Transform: AffineTransform_float_3_3
Parameters: 0.999998 -0.0018977 0.000203426 0.00189798 0.999997 0.00122388 -0.000206229 -0.00122312 0.999999 0.0551602 0.145485 0.079652
FixedParameters: 0 0 0

#Transform 94
Transform: AffineTransform_float_3_3
Parameters: 0.999999 -0.00144036 0.000496778 0.00144003 0.999999 0.000334356 -0.00049774 -0.000333643 1 0.0178149 0.156474 0.0609946
FixedParameters: 0 0 0

#Transform 95
Transform: AffineTransform_float_3_3
Parameters: 0.999999 -0.00142241 0.000303484 0.00142262 0.999999 0.000296072 -0.000303406 -0.000295928 1 0.0225449 0.150141 0.0453706
FixedParameters: 0 0 0

#Transform 96
Transform: AffineTransform_float_3_3
Parameters: 0.999998 -0.00192839 0.000400757 0.00192852 0.999997 0.000821054 -0.000402083 -0.000820945 0.999999 0.039295 0.150739 0.0535736
FixedParameters: 0 0 0

#Transform 97
Transform: AffineTransform_float_3_3
Parameters: 0.999999 -0.00151078 0.000361402 0.00150995 0.999999 0.000416033 -0.000361346 -0.000414966 0.999999 0.0142905 0.155417 0.0715966
FixedParameters: 0 0 0

#Transform 98
Transform: AffineTransform_float_3_3
Parameters: 0.999999 -0.00155225 0.000263263 0.00155132 0.999999 0.00076969 -0.000264341 -0.00077031 1 0.00956949 0.156028 0.0642023
FixedParameters: 0 0 0

#Transform 99
Transform: AffineTransform_float_3_3
Parameters: 0.999999 -0.0016838 0.000591236 0.00168374 0.999999 0.000380277 -0.000591596 -0.000379724 1 0.0125049 0.154748 0.0587511
FixedParameters: 0 0 0

#Transform 100
Transform: AffineTransform_float_3_3
Parameters: 0.999997 -0.00219836 -0.000135523 0.00219898 0.999997 0.00137804 0.000132615 -0.00137796 1 0.01823 0.149043 0.0545538
FixedParameters: 0 0 0

#Transform 101
Transform: AffineTransform_float_3_3
Parameters: 0.999998 -0.00173582 0.000115838 0.00173531 0.999997 0.00158848 -0.000119122 -0.00158951 0.999999 0.0117671 0.176429 0.0840818
FixedParameters: 0 0 0

#Transform 102
Transform: AffineTransform_float_3_3
Parameters: 0.999998 -0.00169193 0.000221257 0.00169182 0.999998 0.000256862 -0.000222125 -0.000256136 1 0.0113499 0.157782 0.0616357
FixedParameters: 0 0 0

#Transform 103
Transform: AffineTransform_float_3_3
Parameters: 0.999998 -0.00201594 0.000358946 0.00201584 0.999998 0.000141004 -0.000359514 -0.000140994 1 0.0302336 0.163212 0.0607275
FixedParameters: 0 0 0

#Transform 104
Transform: AffineTransform_float_3_3
Parameters: 0.999999 -0.00173153 0.000509411 0.00173155 0.999999 0.00036201 -0.000509742 -0.00036099 1 0.0209737 0.171358 0.0681278
FixedParameters: 0 0 0

#Transform 105
Transform: AffineTransform_float_3_3
Parameters: 0.999998 -0.00218757 0.000429566 0.00218651 0.999997 0.00107007 -0.000432012 -0.00106893 1 0.0196217 0.168807 0.0841522
FixedParameters: 0 0 0

#Transform 106
Transform: AffineTransform_float_3_3
Parameters: 0.999998 -0.00202371 0.000501672 0.00202364 0.999998 0.000454144 -0.000502587 -0.000452855 0.999999 0.0367943 0.147379 0.0695822
FixedParameters: 0 0 0

#Transform 107
Transform: AffineTransform_float_3_3
Parameters: 0.999999 -0.00175187 0.000245959 0.00175194 0.999999 0.00064556 -0.0002473 -0.000645439 0.999999 0.0276463 0.168147 0.0637697
FixedParameters: 0 0 0

#Transform 108
Transform: AffineTransform_float_3_3
Parameters: 0.999997 -0.00236041 0.000504215 0.00236031 0.999997 0.000486959 -0.000505591 -0.000486039 1 0.0317579 0.141574 0.0723187
FixedParameters: 0 0 0

#Transform 109
Transform: AffineTransform_float_3_3
Parameters: 0.999998 -0.00194098 0.000561005 0.00194081 0.999998 0.00049537 -0.000562006 -0.000494629 1 0.0229442 0.165424 0.0821174
FixedParameters: 0 0 0

#Transform 110
Transform: AffineTransform_float_3_3
Parameters: 0.999998 -0.00187601 0.000299608 0.00187594 0.999999 0.00012269 -0.000300068 -0.000122309 1 0.0199839 0.177517 0.0704301
FixedParameters: 0 0 0

#Transform 111
Transform: AffineTransform_float_3_3
Parameters: 0.999998 -0.00166486 0.000418191 0.00166497 0.999999 0.000333825 -0.000418381 -0.000333176 1 0.0240102 0.175096 0.0744871
FixedParameters: 0 0 0

#Transform 112
Transform: AffineTransform_float_3_3
Parameters: 0.999998 -0.00152067 0.000563554 0.00152038 0.999998 0.000258497 -0.000564339 -0.000257501 1 0.00931422 0.171223 0.0643785
FixedParameters: 0 0 0

#Transform 113
Transform: AffineTransform_float_3_3
Parameters: 0.999998 -0.00218564 0.000609369 0.0021856 0.999998 3.22525e-05 -0.000609509 -3.17465e-05 1 0.019569 0.163602 0.0756084
FixedParameters: 0 0 0

#Transform 114
Transform: AffineTransform_float_3_3
Parameters: 0.999998 -0.00187817 0.000721953 0.00187802 0.999998 0.000646637 -0.000722539 -0.000645363 0.999999 0.0344729 0.158072 0.0869502
FixedParameters: 0 0 0

#Transform 115
Transform: AffineTransform_float_3_3
Parameters: 0.999998 -0.00197174 0.000475892 0.00197196 0.999998 0.000180066 -0.000475679 -0.000178934 1 0.024603 0.159494 0.0925051
FixedParameters: 0 0 0

#Transform 116
Transform: AffineTransform_float_3_3
Parameters: 0.999998 -0.00220008 0.000436943 0.00219991 0.999997 0.000197089 -0.000437808 -0.000195909 1 0.0344087 0.154738 0.0883162
FixedParameters: 0 0 0

#Transform 117
Transform: AffineTransform_float_3_3
Parameters: 0.999998 -0.00185113 0.00028923 0.00185111 0.999998 3.18157e-05 -0.000289348 -3.21834e-05 1 0.0277624 0.160689 0.0964725
FixedParameters: 0 0 0

#Transform 118
Transform: AffineTransform_float_3_3
Parameters: 0.999999 -0.0018421 -0.000157655 0.00184208 0.999998 -6.89558e-05 0.000157909 6.90445e-05 0.999999 0.0646292 0.154525 0.0430443
FixedParameters: 0 0 0

#Transform 119
Transform: AffineTransform_float_3_3
Parameters: 0.999997 -0.0020187 0.000841442 0.00201853 0.999998 9.99789e-05 -0.000841842 -9.80197e-05 1 0.00792966 0.161853 0.0815614
FixedParameters: 0 0 0

#Transform 120
Transform: AffineTransform_float_3_3
Parameters: 0.999998 -0.00199503 0.000625811 0.00199475 0.999998 0.000220529 -0.000626688 -0.000219469 1 0.0413556 0.162253 0.0831369
FixedParameters: 0 0 0

#Transform 121
Transform: AffineTransform_float_3_3
Parameters: 0.999998 -0.00212899 0.000686278 0.00212868 0.999998 0.00051323 -0.00068754 -0.000511769 0.999999 0.011171 0.169613 0.0847394
FixedParameters: 0 0 0

#Transform 122
Transform: AffineTransform_float_3_3
Parameters: 0.999998 -0.00206562 0.00030081 0.00206556 0.999998 0.000101596 -0.000301227 -0.000100402 0.999999 0.0226631 0.155376 0.0656362
FixedParameters: 0 0 0

#Transform 123
Transform: AffineTransform_float_3_3
Parameters: 0.999998 -0.00197686 0.00066323 0.00197642 0.999998 0.000921233 -0.00066503 -0.000920766 0.999999 0.0248304 0.166251 0.0988212
FixedParameters: 0 0 0

#Transform 124
Transform: AffineTransform_float_3_3
Parameters: 0.999998 -0.0021863 0.000745936 0.0021859 0.999998 0.000268552 -0.000747108 -0.000267446 1 0.0283323 0.157195 0.072808
FixedParameters: 0 0 0

#Transform 125
Transform: AffineTransform_float_3_3
Parameters: 0.999998 -0.00203754 0.000538368 0.00203764 0.999997 0.000268378 -0.00053854 -0.000267622 1 0.0254789 0.164417 0.088636
FixedParameters: 0 0 0

#Transform 126
Transform: AffineTransform_float_3_3
Parameters: 0.999998 -0.00228772 0.000393483 0.00228661 0.999997 0.000744669 -0.000395577 -0.000744328 0.999999 0.0289196 0.165252 0.0957025
FixedParameters: 0 0 0

#Transform 127
Transform: AffineTransform_float_3_3
Parameters: 0.999998 -0.00213508 0.000613054 0.00213496 0.999998 0.000419231 -0.000613922 -0.000418769 1 0.0272098 0.164546 0.091105
FixedParameters: 0 0 0

#Transform 128
Transform: AffineTransform_float_3_3
Parameters: 0.999998 -0.00199289 0.000564335 0.00199317 0.999998 0.000104405 -0.000563829 -0.000103595 1 0.0252306 0.167067 0.0848671
FixedParameters: 0 0 0

#Transform 129
Transform: AffineTransform_float_3_3
Parameters: 0.999997 -0.0020435 0.000595893 0.00204336 0.999997 0.000444499 -0.000596787 -0.0004435 1 0.0306824 0.164866 0.0913821
FixedParameters: 0 0 0

#Transform 130
Transform: AffineTransform_float_3_3
Parameters: 0.999997 -0.00232681 0.000647563 0.00232662 0.999997 0.000448276 -0.000648725 -0.000446723 0.999999 0.028802 0.156864 0.0738631
FixedParameters: 0 0 0

#Transform 131
Transform: AffineTransform_float_3_3
Parameters: 0.999997 -0.00233909 0.000416413 0.00233886 0.999997 0.000279743 -0.000417721 -0.000279255 1 0.0313361 0.15633 0.0708826
FixedParameters: 0 0 0

#Transform 132
Transform: AffineTransform_float_3_3
Parameters: 0.999998 -0.00196345 0.00059033 0.00196358 0.999998 -0.000107713 -0.000589904 0.000109287 1 0.0329895 0.173917 0.0782459
FixedParameters: 0 0 0

#Transform 133
Transform: AffineTransform_float_3_3
Parameters: 0.999998 -0.00199351 0.000623987 0.00199336 0.999997 0.000743525 -0.000625108 -0.000742474 0.999999 0.0419059 0.185969 0.111681
FixedParameters: 0 0 0

#Transform 134
Transform: AffineTransform_float_3_3
Parameters: 0.999997 -0.00218715 0.000352214 0.00218703 0.999997 0.000174898 -0.000352977 -0.0001741 1 0.0322181 0.188877 0.100426
FixedParameters: 0 0 0

#Transform 135
Transform: AffineTransform_float_3_3
Parameters: 0.999998 -0.0022663 0.000385942 0.00226621 0.999998 0.000113643 -0.000386457 -0.000113356 1 0.0371011 0.17669 0.0843335
FixedParameters: 0 0 0

#Transform 136
Transform: AffineTransform_float_3_3
Parameters: 0.999997 -0.00233836 0.000230523 0.00233844 0.999997 0.000656156 -0.000232671 -0.000655841 0.999999 0.0396819 0.18849 0.117783
FixedParameters: 0 0 0

#Transform 137
Transform: AffineTransform_float_3_3
Parameters: 0.999997 -0.00262535 0.000538094 0.00262423 0.999996 0.00018718 -0.000538683 -0.000185817 1 0.0388119 0.187765 0.099863
FixedParameters: 0 0 0

#Transform 138
Transform: AffineTransform_float_3_3
Parameters: 0.999997 -0.00239802 0.000441367 0.00239776 0.999997 0.000294827 -0.00044278 -0.00029417 1 0.0187061 0.182907 0.103615
FixedParameters: 0 0 0

#Transform 139
Transform: AffineTransform_float_3_3
Parameters: 0.999997 -0.00210694 0.000515551 0.00210661 0.999998 0.000318214 -0.000516888 -0.000316783 1 0.0356942 0.182026 0.0853897
FixedParameters: 0 0 0

#Transform 140
Transform: AffineTransform_float_3_3
Parameters: 0.999998 -0.00218768 0.000655722 0.00218756 0.999998 8.83552e-05 -0.000656107 -8.76435e-05 1 0.0375016 0.163547 0.0903507
FixedParameters: 0 0 0

#Transform 141
Transform: AffineTransform_float_3_3
Parameters: 0.999998 -0.0022345 0.000570813 0.00223417 0.999998 0.000287044 -0.000572093 -0.000285954 1 0.042826 0.162342 0.0948711
FixedParameters: 0 0 0

#Transform 142
Transform: AffineTransform_float_3_3
Parameters: 0.999997 -0.00245979 0.000562088 0.00245986 0.999997 0.000287151 -0.000562577 -0.000285848 1 0.0578586 0.158783 0.100788
FixedParameters: 0 0 0

#Transform 143
Transform: AffineTransform_float_3_3
Parameters: 0.999998 -0.00230686 0.0004028 0.00230666 0.999998 0.000256698 -0.000403983 -0.0002563 1 0.0341088 0.173392 0.120606
FixedParameters: 0 0 0

#Transform 144
Transform: AffineTransform_float_3_3
Parameters: 0.999996 -0.00253532 0.000498892 0.00253424 0.999997 0.000552881 -0.000500379 -0.000551117 0.999999 0.0374546 0.167152 0.109431
FixedParameters: 0 0 0

#Transform 145
Transform: AffineTransform_float_3_3
Parameters: 0.999998 -0.00223644 0.000435384 0.00223641 0.999998 0.000482743 -0.000436621 -0.000482256 1 0.0417081 0.167415 0.108358
FixedParameters: 0 0 0

#Transform 146
Transform: AffineTransform_float_3_3
Parameters: 0.999996 -0.00254273 0.000501795 0.00254156 0.999996 0.000638892 -0.000503727 -0.000637105 0.999999 0.0430989 0.167395 0.110713
FixedParameters: 0 0 0

#Transform 147
Transform: AffineTransform_float_3_3
Parameters: 0.999996 -0.00249611 0.000563628 0.00249589 0.999997 0.000194175 -0.000564594 -0.000192822 1 0.0460208 0.152245 0.115072
FixedParameters: 0 0 0

#Transform 148
Transform: AffineTransform_float_3_3
Parameters: 0.999996 -0.00250821 0.000489662 0.00250809 0.999997 -0.000279005 -0.00048918 0.000279997 1 0.0410244 0.167467 0.113335
FixedParameters: 0 0 0

#Transform 149
Transform: AffineTransform_float_3_3
Parameters: 0.999996 -0.0024196 0.00082092 0.00241976 0.999997 -9.5246e-05 -0.000820453 9.77543e-05 0.999999 0.0328917 0.170979 0.115112
FixedParameters: 0 0 0

#Transform 150
Transform: AffineTransform_float_3_3
Parameters: 0.999997 -0.0024025 0.000443995 0.00240249 0.999997 1.36819e-05 -0.000444057 -1.23171e-05 1 0.0412548 0.162949 0.102339
FixedParameters: 0 0 0

#Transform 151
Transform: AffineTransform_float_3_3
Parameters: 0.999998 -0.0022605 0.000271693 0.00226046 0.999997 6.95892e-05 -0.000272005 -6.84095e-05 1 0.0386226 0.158365 0.0904418
FixedParameters: 0 0 0

#Transform 152
Transform: AffineTransform_float_3_3
Parameters: 0.999997 -0.00265022 0.000548609 0.00265 0.999997 0.00019871 -0.000549658 -0.000197288 1 0.0446023 0.16842 0.10307
FixedParameters: 0 0 0

#Transform 153
Transform: AffineTransform_float_3_3
Parameters: 0.999997 -0.00260251 0.00052752 0.00260237 0.999997 0.000498783 -0.000529194 -0.000498215 1 0.0439755 0.176414 0.128507
FixedParameters: 0 0 0

#Transform 154
Transform: AffineTransform_float_3_3
Parameters: 0.999996 -0.00256546 0.000512995 0.00256538 0.999996 7.50841e-05 -0.000513377 -7.39143e-05 1 0.043949 0.175327 0.121945
FixedParameters: 0 0 0

#Transform 155
Transform: AffineTransform_float_3_3
Parameters: 0.999997 -0.00231784 0.000407908 0.00231778 0.999998 7.47135e-05 -0.000408253 -7.42852e-05 1 0.0417612 0.178773 0.120474
FixedParameters: 0 0 0

#Transform 156
Transform: AffineTransform_float_3_3
Parameters: 0.999997 -0.00260576 0.000592166 0.00260573 0.999996 2.33109e-05 -0.000592283 -2.16879e-05 1 0.0468246 0.175196 0.121194
FixedParameters: 0 0 0

#Transform 157
Transform: AffineTransform_float_3_3
Parameters: 0.999997 -0.00261155 0.000532218 0.00261134 0.999996 0.000194005 -0.000533226 -0.000191992 0.999999 0.0306218 0.175556 0.12372
FixedParameters: 0 0 0

#Transform 158
Transform: AffineTransform_float_3_3
Parameters: 0.999997 -0.00244251 0.000256971 0.0024418 0.999997 0.000350244 -0.00025737 -0.000349756 1 0.0387176 0.169129 0.108935
FixedParameters: 0 0 0

#Transform 159
Transform: AffineTransform_float_3_3
Parameters: 0.999996 -0.00257009 0.000299824 0.00257004 0.999997 9.1386e-05 -0.000300292 -9.06123e-05 1 0.0396631 0.168205 0.105037
FixedParameters: 0 0 0

#Transform 160
Transform: AffineTransform_float_3_3
Parameters: 0.999997 -0.00239017 0.000388265 0.00239 0.999997 0.000219696 -0.000389315 -0.000219301 1 0.0291118 0.184344 0.111659
FixedParameters: 0 0 0

#Transform 161
Transform: AffineTransform_float_3_3
Parameters: 0.999996 -0.00270783 0.000474287 0.00270806 0.999996 0.000170053 -0.000474284 -0.000168947 1 0.0344108 0.170643 0.122278
FixedParameters: 0 0 0

#Transform 162
Transform: AffineTransform_float_3_3
Parameters: 0.999996 -0.00280507 0.00063453 0.0028051 0.999996 -1.99648e-05 -0.000634412 2.20362e-05 0.999999 0.0537434 0.171358 0.105629
FixedParameters: 0 0 0

#Transform 163
Transform: AffineTransform_float_3_3
Parameters: 0.999997 -0.00266838 0.000403707 0.00266838 0.999996 2.84503e-06 -0.00040372 -2.15387e-06 1 0.0376835 0.171684 0.105777
FixedParameters: 0 0 0

#Transform 164
Transform: AffineTransform_float_3_3
Parameters: 0.999997 -0.00269194 0.000355428 0.00269215 0.999996 0.000249573 -0.000355848 -0.000248427 1 0.037469 0.188811 0.120414
FixedParameters: 0 0 0

#Transform 165
Transform: AffineTransform_float_3_3
Parameters: 0.999997 -0.00269585 0.000103113 0.00269621 0.999996 0.000173741 -0.000103128 -0.000173259 0.999999 0.0359445 0.183288 0.134253
FixedParameters: 0 0 0

#Transform 166
Transform: AffineTransform_float_3_3
Parameters: 0.999997 -0.0025883 0.000656253 0.00258857 0.999996 9.44668e-05 -0.000655816 -9.2534e-05 1 0.0465121 0.182718 0.132559
FixedParameters: 0 0 0

#Transform 167
Transform: AffineTransform_float_3_3
Parameters: 0.999995 -0.00291469 0.00047513 0.00291497 0.999995 0.000523642 -0.000476338 -0.000522357 0.999999 0.0345135 0.182708 0.137225
FixedParameters: 0 0 0

#Transform 168
Transform: AffineTransform_float_3_3
Parameters: 0.999995 -0.00321232 0.000321992 0.00321163 0.999995 0.000246138 -0.000322258 -0.000244862 1 0.0572505 0.159158 0.133698
FixedParameters: 0 0 0

#Transform 169
Transform: AffineTransform_float_3_3
Parameters: 0.999995 -0.00318095 0.000309438 0.00318093 0.999995 1.87274e-05 -0.000309556 -1.82711e-05 1 0.0576729 0.152343 0.110895
FixedParameters: 0 0 0

#Transform 170
Transform: AffineTransform_float_3_3
Parameters: 0.999997 -0.00264879 0.000287916 0.00264897 0.999996 0.000367379 -0.000288939 -0.00036662 1 0.0463296 0.18167 0.125542
FixedParameters: 0 0 0

#Transform 171
Transform: AffineTransform_float_3_3
Parameters: 0.999997 -0.00256978 0.000628523 0.00256961 0.999996 -0.000177618 -0.000628526 0.000179385 1 0.0398175 0.168069 0.122794
FixedParameters: 0 0 0

#Transform 172
Transform: AffineTransform_float_3_3
Parameters: 0.999997 -0.00256128 0.000778956 0.00256143 0.999997 -9.7597e-05 -0.000778452 9.94034e-05 1 0.0455552 0.168303 0.12437
FixedParameters: 0 0 0

#Transform 173
Transform: AffineTransform_float_3_3
Parameters: 0.999996 -0.00277154 0.000283748 0.00277252 0.999997 -9.9111e-05 -0.000283587 9.98902e-05 0.999999 0.0437536 0.166728 0.122923
FixedParameters: 0 0 0

#Transform 174
Transform: AffineTransform_float_3_3
Parameters: 0.999997 -0.00263023 0.000637312 0.00263029 0.999997 -0.000349917 -0.000636389 0.000351084 1 0.0558178 0.167498 0.118926
FixedParameters: 0 0 0

#Transform 175
Transform: AffineTransform_float_3_3
Parameters: 0.999997 -0.00263078 0.000543825 0.00263066 0.999997 -0.000252162 -0.000543417 0.00025284 1 0.0523972 0.167679 0.132203
FixedParameters: 0 0 0

#Transform 176
Transform: AffineTransform_float_3_3
Parameters: 0.999996 -0.00276826 0.000229535 0.0027682 0.999996 0.000135891 -0.000230288 -0.000136107 1 0.0507919 0.168617 0.137596
FixedParameters: 0 0 0

#Transform 177
Transform: AffineTransform_float_3_3
Parameters: 0.999996 -0.00271222 0.000500726 0.00271227 0.999997 -0.000434388 -0.000499287 0.000435612 0.999999 0.0546076 0.177379 0.132112
FixedParameters: 0 0 0

#Transform 178
Transform: AffineTransform_float_3_3
Parameters: 0.999996 -0.00273368 0.000408477 0.00273364 0.999997 4.83722e-05 -0.00040874 -4.76263e-05 1 0.0553763 0.189582 0.148119
FixedParameters: 0 0 0

#Transform 179
Transform: AffineTransform_float_3_3
Parameters: 0.999997 -0.00263936 0.000361958 0.00263934 0.999996 3.85706e-05 -0.000362158 -3.74281e-05 1 0.0676865 0.181118 0.149465
FixedParameters: 0 0 0
