#Insight Transform File V1.0
#Transform 0
Transform: AffineTransform_float_3_3
Parameters: 1 -0.00108715 0.000300386 0.00108715 0.999999 -0.000647034 -0.0002999 0.000646967 1 0.0787018 0.227328 0.315658
FixedParameters: 0 0 0

#Transform 1
Transform: AffineTransform_float_3_3
Parameters: 0.999999 0.000840505 -0.000407735 -0.000840427 0.999999 9.63429e-05 0.000407896 -9.56573e-05 1 -0.0122251 -0.00809457 0.00265644
FixedParameters: 0 0 0

#Transform 2
Transform: AffineTransform_float_3_3
Parameters: 0.999999 0.000721797 -0.000393106 -0.000721631 0.999999 0.000211284 0.000393411 -0.000210716 1 0.0114908 -0.0124674 -0.00238539
FixedParameters: 0 0 0

#Transform 3
Transform: AffineTransform_float_3_3
Parameters: 0.999999 0.000792874 -0.000225559 -0.000792779 0.999999 0.000211179 0.000225894 -0.000210821 1 0.0032611 0.00268327 -0.00256364
FixedParameters: 0 0 0

#Transform 4
Transform: AffineTransform_float_3_3
Parameters: 0.999999 0.000628316 -0.000359966 -0.000628164 1 0.000211226 0.000360232 -0.000210774 1 0.00906308 -0.0116808 0.00175643
FixedParameters: 0 0 0

#Transform 5
Transform: AffineTransform_float_3_3
Parameters: 0.999999 0.000700058 -0.000444452 -0.000699998 0.999999 0.000507311 0.000444241 -0.000506689 1 0.0119564 -0.00770222 -0.00382991
FixedParameters: 0 0 0

#Transform 6
Transform: AffineTransform_float_3_3
Parameters: 0.999999 0.000841685 -0.000110533 -0.000841651 0.999999 0.000155093 0.000110794 -0.000154907 1 -0.00624612 -0.0152616 -0.010155
FixedParameters: 0 0 0

#Transform 7
Transform: AffineTransform_float_3_3
Parameters: 0.999999 0.000759313 -0.000304668 -0.000759135 0.999999 0.000292231 0.000305112 -0.000291768 1 0.0106773 -0.0164148 -0.0099446
FixedParameters: 0 0 0

#Transform 8
Transform: AffineTransform_float_3_3
Parameters: 0.999999 0.000815916 -0.000171245 -0.000815844 0.999999 0.00021114 0.000171589 -0.00021086 1 -0.000579229 -0.0148297 -0.00795982
FixedParameters: 0 0 0

#Transform 9
Transform: AffineTransform_float_3_3
Parameters: 1 0.000695289 6.67657e-05 -0.000695317 0.999999 0.000210954 -6.64723e-05 -0.000211046 1 0.0051946 -0.0165013 -0.00703333
FixedParameters: 0 0 0

#Transform 10
Transform: AffineTransform_float_3_3
Parameters: 0.999999 0.000869849 -0.00027458 -0.000869773 0.999999 0.000138239 0.00027482 -0.000137761 1 0.00908783 -0.00321658 -0.0208305
FixedParameters: 0 0 0

#Transform 11
Transform: AffineTransform_float_3_3
Parameters: 0.999999 0.000766618 0.000201618 -0.000767094 0.999999 0.000210845 -0.000202215 -0.000211155 1 0.0086743 -0.0147955 -0.026793
FixedParameters: 0 0 0

#Transform 12
Transform: AffineTransform_float_3_3
Parameters: 1 0.000439505 -4.20185e-05 -0.000439495 1 0.000119019 4.21231e-05 -0.000118982 1 0.000666631 -0.00780669 -0.00643034
FixedParameters: 0 0 0

#Transform 13
Transform: AffineTransform_float_3_3
Parameters: 1 0.000683407 1.30858e-05 -0.00068341 1 0.000118991 -1.29231e-05 -0.000119009 1 0.0158187 -0.00535159 -0.011875
FixedParameters: 0 0 0

#Transform 14
Transform: AffineTransform_float_3_3
Parameters: 0.999999 0.000536057 0.000464494 -0.000535208 1 7.67515e-05 -0.000464803 -7.72492e-05 1 0.0107779 -0.00779249 -0.0215424
FixedParameters: 0 0 0

#Transform 15
Transform: AffineTransform_float_3_3
Parameters: 1 0.000456326 0.000276767 -0.000455522 1 0.000210874 -0.000276965 -0.000211126 1 0.0290086 -0.0177929 -0.0308509
FixedParameters: 0 0 0

#Transform 16
Transform: AffineTransform_float_3_3
Parameters: 0.999999 0.000535542 0.000463717 -0.000534942 1 0.000344752 -0.000463739 -0.000345248 1 0.0226458 -0.0184195 -0.0366531
FixedParameters: 0 0 0

#Transform 17
Transform: AffineTransform_float_3_3
Parameters: 0.999999 0.000555522 0.000510596 -0.000554817 1 0.000210717 -0.000510752 -0.000211284 1 0.0119037 -0.0161493 -0.0327041
FixedParameters: 0 0 0

#Transform 18
Transform: AffineTransform_float_3_3
Parameters: 1 -8.4053e-05 7.58492e-05 8.4021e-05 1 0.000211006 -7.58847e-05 -0.000210994 1 0.0518529 -0.0234162 -0.0225406
FixedParameters: 0 0 0

#Transform 19
Transform: AffineTransform_float_3_3
Parameters: 1 -1.37563e-05 0.000241555 1.36544e-05 1 0.000211003 -0.000241561 -0.000210997 1 0.0394163 -0.0170828 -0.0175939
FixedParameters: 0 0 0

#Transform 20
Transform: AffineTransform_float_3_3
Parameters: 1 -4.14844e-05 0.000176193 4.14101e-05 1 0.000211007 -0.000176211 -0.000210993 1 0.0541982 -0.0157668 -0.0145329
FixedParameters: 0 0 0

#Transform 21
Transform: AffineTransform_float_3_3
Parameters: 1 -0.000268841 0.00026504 0.00026873 1 0.000211071 -0.000265154 -0.000210929 1 0.0469914 -0.0233552 -0.0332568
FixedParameters: 0 0 0

#Transform 22
Transform: AffineTransform_float_3_3
Parameters: 1 9.52035e-05 0.000498399 -9.50229e-05 1 0.000210953 -0.000497438 -0.000211047 1 0.0458254 -0.0165217 -0.0302724
FixedParameters: 0 0 0

#Transform 23
Transform: AffineTransform_float_3_3
Parameters: 1 -3.36737e-05 0.000194605 3.35916e-05 1 0.000211007 -0.000194619 -0.000210993 1 0.0385637 -0.0194074 -0.0128017
FixedParameters: 0 0 0

#Transform 24
Transform: AffineTransform_float_3_3
Parameters: 1 -0.00021375 0.000251476 0.000214083 1 0.000115054 -0.000250605 -0.000114946 1 0.056274 -0.0131533 -0.0242633
FixedParameters: 0 0 0

#Transform 25
Transform: AffineTransform_float_3_3
Parameters: 1 -0.000162921 0.000427605 0.000162796 1 0.00014607 -0.000427652 -0.00014593 1 0.0549643 -0.0185036 -0.0357604
FixedParameters: 0 0 0

#Transform 26
Transform: AffineTransform_float_3_3
Parameters: 1 -9.42973e-05 0.00048206 9.39251e-05 1 0.000386045 -0.000482133 -0.000385954 1 0.0501438 -0.0238428 -0.0311136
FixedParameters: 0 0 0

#Transform 27
Transform: AffineTransform_float_3_3
Parameters: 1 3.98289e-06 0.000452368 -4.17379e-06 1 0.000210998 -0.000452367 -0.000211002 1 0.0479555 -0.01688 -0.0259615
FixedParameters: 0 0 0

#Transform 28
Transform: AffineTransform_float_3_3
Parameters: 1 5.7713e-05 0.000338329 -5.69353e-05 1 0.000210981 -0.000338695 -0.00021102 1 0.0522435 -0.0242055 -0.0532157
FixedParameters: 0 0 0

#Transform 29
Transform: AffineTransform_float_3_3
Parameters: 0.999999 -0.000379122 0.000688757 0.000379751 1 0.000211261 -0.000689308 -0.000210739 0.999999 0.0568742 -0.0173096 -0.0248413
FixedParameters: 0 0 0

#Transform 30
Transform: AffineTransform_float_3_3
Parameters: 1 -0.000667935 0.00079162 0.000667824 0.999999 0.000317528 -0.000791123 -0.000316471 0.999999 0.0605935 -0.01876 -0.0191311
FixedParameters: 0 0 0

#Transform 31
Transform: AffineTransform_float_3_3
Parameters: 0.999999 -0.000440292 0.000698331 0.000440763 1 0.000322308 -0.000699006 -0.000321692 0.999999 0.0576822 -0.0182207 -0.0232641
FixedParameters: 0 0 0

#Transform 32
Transform: AffineTransform_float_3_3
Parameters: 0.999999 -0.000364122 0.000723819 0.000364135 1 -8.58386e-06 -0.000723813 8.41633e-06 1 0.0501019 -0.0113521 -0.0154187
FixedParameters: 0 0 0

#Transform 33
Transform: AffineTransform_float_3_3
Parameters: 1 -0.000416588 0.000451733 0.000416667 0.999999 -8.66592e-05 -0.000451661 8.63409e-05 1 0.0302649 -0.00798075 -0.0104132
FixedParameters: 0 0 0

#Transform 34
Transform: AffineTransform_float_3_3
Parameters: 0.999999 -0.000364304 0.000723727 0.000364873 1 0.000243264 -0.000724295 -0.000242736 0.999999 0.0431445 -0.0140906 -0.00493205
FixedParameters: 0 0 0

#Transform 35
Transform: AffineTransform_float_3_3
Parameters: 1 -0.000490299 0.000426534 0.000490371 1 -8.3791e-05 -0.000426452 8.42092e-05 1 0.0615031 -0.0119725 -0.00499156
FixedParameters: 0 0 0

#Transform 36
Transform: AffineTransform_float_3_3
Parameters: 0.999999 -0.000637279 0.000410517 0.000637145 1 0.000163261 -0.000410725 -0.000162738 1 0.0477958 -0.0126998 -0.00431216
FixedParameters: 0 0 0

#Transform 37
Transform: AffineTransform_float_3_3
Parameters: 1 -0.000559151 0.000264385 0.000559056 1 0.000178148 -0.000264584 -0.000177852 1 0.0608739 -0.00975234 -0.00758102
FixedParameters: 0 0 0

#Transform 38
Transform: AffineTransform_float_3_3
Parameters: 0.999999 -0.000813436 0.000497161 0.000813229 0.999999 0.000208404 -0.000497499 -0.000207595 1 0.0474034 -0.0136277 -0.00897598
FixedParameters: 0 0 0

#Transform 39
Transform: AffineTransform_float_3_3
Parameters: 1 -0.000911894 0.000539029 0.000911763 1 0.000121132 -0.000539249 -0.000120868 1 0.0509234 -0.013036 0.000840395
FixedParameters: 0 0 0

#Transform 40
Transform: AffineTransform_float_3_3
Parameters: 0.999999 -0.000649722 0.000445174 0.000649628 1 0.000106289 -0.000445312 -0.000105711 1 0.0514234 -0.010676 -0.00791006
FixedParameters: 0 0 0

#Transform 41
Transform: AffineTransform_float_3_3
Parameters: 1 -0.000901005 0.000564726 0.00090077 1 0.000208149 -0.0005651 -0.000207851 1 0.0480041 -0.0105054 0.00116417
FixedParameters: 0 0 0

#Transform 42
Transform: AffineTransform_float_3_3
Parameters: 1 -0.000833314 0.000724134 0.000833269 1 3.12436e-05 -0.000724186 -3.0756e-05 1 0.0678345 -0.00928764 0.000114841
FixedParameters: 0 0 0

#Transform 43
Transform: AffineTransform_float_3_3
Parameters: 1 -0.000897491 0.000573011 0.000897252 1 0.000208154 -0.000573384 -0.000207845 1 0.0651604 -0.0188314 0.00126033
FixedParameters: 0 0 0

#Transform 44
Transform: AffineTransform_float_3_3
Parameters: 0.999999 -0.000836589 0.000401615 0.000836422 0.999999 0.000208336 -0.000401963 -0.000207664 1 0.0589691 -0.00980042 -0.000332885
FixedParameters: 0 0 0

#Transform 45
Transform: AffineTransform_float_3_3
Parameters: 1 -0.000949987 0.000700361 0.000949763 1 0.000439306 -0.000700275 -0.000438695 0.999999 0.0654443 -0.0228876 0.0102026
FixedParameters: 0 0 0

#Transform 46
Transform: AffineTransform_float_3_3
Parameters: 0.999999 -0.000681159 0.000389007 0.000681092 1 8.72648e-05 -0.000389125 -8.67348e-05 1 0.0466128 -0.0146748 0.000721231
FixedParameters: 0 0 0

#Transform 47
Transform: AffineTransform_float_3_3
Parameters: 1 -0.00100958 0.000308803 0.00100984 1 0.000207952 -0.000308302 -0.000208048 1 0.0576573 -0.0162274 0.000985675
FixedParameters: 0 0 0

#Transform 48
Transform: AffineTransform_float_3_3
Parameters: 0.999999 -0.000620672 0.000459921 0.000620481 1 0.000208285 -0.000460179 -0.000207714 1 0.042669 -0.011355 0.0016774
FixedParameters: 0 0 0

#Transform 49
Transform: AffineTransform_float_3_3
Parameters: 1 -0.000438335 0.000418506 0.000438284 1 6.11833e-05 -0.000418559 -6.08164e-05 1 0.0290802 -0.00587981 -0.00215544
FixedParameters: 0 0 0

#Transform 50
Transform: AffineTransform_float_3_3
Parameters: 0.999999 -0.000728204 0.000526397 0.000728227 0.999999 -2.14642e-05 -0.000526366 2.15361e-05 1 0.0439841 -0.00808983 -0.00232488
FixedParameters: 0 0 0

#Transform 51
Transform: AffineTransform_float_3_3
Parameters: 1 -0.000887337 0.000596946 0.000887088 1 0.00020817 -0.000597315 -0.00020783 1 0.0433022 -0.0118883 -0.00207903
FixedParameters: 0 0 0

#Transform 52
Transform: AffineTransform_float_3_3
Parameters: 1 -0.000859608 0.000662308 0.000859724 1 0.00020821 -0.000661745 -0.000207791 1 0.0421572 -0.0101417 0.00204145
FixedParameters: 0 0 0

#Transform 53
Transform: AffineTransform_float_3_3
Parameters: 1 -0.000833384 0.000724055 0.00083359 1 0.000127396 -0.000723347 -0.000127604 1 0.0578127 -0.00960574 0.00153789
FixedParameters: 0 0 0

#Transform 54
Transform: AffineTransform_float_3_3
Parameters: 0.999999 -0.000658301 0.00113651 0.000658186 1 5.05409e-05 -0.00113658 -5.04587e-05 0.999999 0.0418698 -0.0216634 -0.01392
FixedParameters: 0 0 0

#Transform 55
Transform: AffineTransform_float_3_3
Parameters: 1 -0.000446245 0.0009118 0.000446137 1 5.94067e-05 -0.000911853 -5.8593e-05 0.999999 0.0410378 -0.0175678 -0.00891457
FixedParameters: 0 0 0

#Transform 56
Transform: AffineTransform_float_3_3
Parameters: 1 -0.000761871 0.000892541 0.000761704 1 9.43201e-05 -0.000892684 -9.36795e-05 0.999999 0.0520304 -0.0208037 -0.020115
FixedParameters: 0 0 0

#Transform 57
Transform: AffineTransform_float_3_3
Parameters: 0.999999 -0.00071064 0.00101317 0.000710561 0.999999 3.97197e-05 -0.00101323 -3.82798e-05 0.999999 0.0476467 -0.0239341 -0.0144348
FixedParameters: 0 0 0

#Transform 58
Transform: AffineTransform_float_3_3
Parameters: 0.999999 -0.000712995 0.00100764 0.000712897 1 4.93585e-05 -0.00100771 -4.8641e-05 0.999999 0.061096 -0.0270835 -0.00802371
FixedParameters: 0 0 0

#Transform 59
Transform: AffineTransform_float_3_3
Parameters: 1 -0.000761879 0.000892534 0.000761696 1 0.00010332 -0.000892691 -0.000102679 0.999999 0.046654 -0.0232047 -0.0102538
FixedParameters: 0 0 0

#Transform 60
Transform: AffineTransform_float_3_3
Parameters: 1 -0.000761973 0.000892454 0.000761993 1 0.00020832 -0.00089185 -0.00020768 0.999999 0.0422397 -0.0228633 -0.00478444
FixedParameters: 0 0 0

#Transform 61
Transform: AffineTransform_float_3_3
Parameters: 1 -0.000297974 0.00115402 0.000297494 1 0.000208703 -0.00115414 -0.000207297 0.999999 0.0639073 -0.0222066 -0.0339875
FixedParameters: 0 0 0

#Transform 62
Transform: AffineTransform_float_3_3
Parameters: 0.999999 -0.00055567 0.00137856 0.000555682 1 0.000137919 -0.0013778 -0.000137082 0.999999 0.0493747 -0.021291 -0.0256794
FixedParameters: 0 0 0

#Transform 63
Transform: AffineTransform_float_3_3
Parameters: 0.999999 -0.000518276 0.0014669 0.000517665 1 0.000208912 -0.00146712 -0.000208087 0.999999 0.0432583 -0.0257545 -0.0219801
FixedParameters: 0 0 0

#Transform 64
Transform: AffineTransform_float_3_3
Parameters: 0.999999 -0.00055094 0.00138963 0.000550645 1 0.000106071 -0.00138974 -0.000105929 1 0.0420652 -0.0309137 -0.0217649
FixedParameters: 0 0 0

#Transform 65
Transform: AffineTransform_float_3_3
Parameters: 0.999999 -0.000682693 0.00107933 0.000682244 1 0.000208377 -0.00107962 -0.000207623 0.999999 0.0541119 -0.0150594 -0.00954627
FixedParameters: 0 0 0

#Transform 66
Transform: AffineTransform_float_3_3
Parameters: 0.999998 -0.000888154 0.0014272 0.000887559 1 0.00020942 -0.00142757 -0.00020758 0.999999 0.0483248 -0.0193803 -0.0124869
FixedParameters: 0 0 0

#Transform 67
Transform: AffineTransform_float_3_3
Parameters: 0.999998 -0.000877331 0.00151928 0.000877618 1 0.000209126 -0.00152004 -0.000207873 0.999998 0.0582233 -0.0242826 -0.0235705
FixedParameters: 0 0 0

#Transform 68
Transform: AffineTransform_float_3_3
Parameters: 0.999999 -0.000946292 0.00148988 0.00094567 1 0.000209202 -0.00149028 -0.000207797 0.999998 0.0619351 -0.0249532 -0.0238405
FixedParameters: 0 0 0

#Transform 69
Transform: AffineTransform_float_3_3
Parameters: 0.999998 -0.000841108 0.00173758 0.000840639 1 0.000135766 -0.00173781 -0.000134233 0.999999 0.0466508 -0.0318976 -0.0227726
FixedParameters: 0 0 0

#Transform 70
Transform: AffineTransform_float_3_3
Parameters: 0.999999 -0.000923721 0.00154254 0.000923697 0.999999 8.72996e-06 -0.00154256 -7.26954e-06 0.999999 0.0580592 -0.0321168 -0.0225333
FixedParameters: 0 0 0

#Transform 71
Transform: AffineTransform_float_3_3
Parameters: 0.999999 -0.000688292 0.0016369 0.000688784 1 0.000131433 -0.00163747 -0.000130568 0.999999 0.0496936 -0.0368609 -0.037288
FixedParameters: 0 0 0

#Transform 72
Transform: AffineTransform_float_3_3
Parameters: 0.999998 -0.000995108 0.00137481 0.000994535 0.999999 0.00020916 -0.00137522 -0.000207838 0.999999 0.0564723 -0.0214698 -0.0155954
FixedParameters: 0 0 0

#Transform 73
Transform: AffineTransform_float_3_3
Parameters: 0.999998 -0.000824053 0.00177802 0.000823701 1 0.00020977 -0.00177745 -0.00020823 0.999999 0.0555233 -0.0268104 -0.0281459
FixedParameters: 0 0 0

#Transform 74
Transform: AffineTransform_float_3_3
Parameters: 0.999998 -0.000824384 0.00177787 0.000824291 0.999999 0.000395771 -0.00177799 -0.000394229 0.999998 0.0631778 -0.0407547 -0.0214097
FixedParameters: 0 0 0

#Transform 75
Transform: AffineTransform_float_3_3
Parameters: 0.999999 -0.000882028 0.0016424 0.000881522 0.999999 0.000553754 -0.00164284 -0.000552246 0.999999 0.059467 -0.0368408 -0.0128761
FixedParameters: 0 0 0

#Transform 76
Transform: AffineTransform_float_3_3
Parameters: 0.999998 -0.000844361 0.00173015 0.000843638 1 0.000209765 -0.00173051 -0.000208234 0.999999 0.0763497 -0.0306062 -0.0371631
FixedParameters: 0 0 0

#Transform 77
Transform: AffineTransform_float_3_3
Parameters: 0.999999 -0.000922468 0.00154604 0.000921824 1 0.000209578 -0.00154642 -0.000207421 0.999999 0.0780748 -0.031324 -0.0388696
FixedParameters: 0 0 0

#Transform 78
Transform: AffineTransform_float_3_3
Parameters: 0.999998 -0.000830526 0.00176319 0.00083026 1 0.000337617 -0.00176414 -0.000335383 0.999998 0.0604419 -0.0436286 -0.0299165
FixedParameters: 0 0 0

#Transform 79
Transform: AffineTransform_float_3_3
Parameters: 0.999999 -0.00105363 0.00147073 0.00105328 0.999999 0.000563855 -0.00147139 -0.000562145 0.999999 0.0754836 -0.0382808 -0.00283631
FixedParameters: 0 0 0

#Transform 80
Transform: AffineTransform_float_3_3
Parameters: 0.999998 -0.000966936 0.00164094 0.000966643 1 0.000209739 -0.00164042 -0.000207261 0.999999 0.06784 -0.0376616 -0.0246499
FixedParameters: 0 0 0

#Transform 81
Transform: AffineTransform_float_3_3
Parameters: 0.999998 -0.000978906 0.00182525 0.000979064 0.999999 0.000210093 -0.00182605 -0.000207907 0.999998 0.0544798 -0.0275259 -0.0113819
FixedParameters: 0 0 0

#Transform 82
Transform: AffineTransform_float_3_3
Parameters: 0.999998 -0.0010404 0.00141672 0.00103962 0.999999 0.000275419 -0.00141729 -0.00027458 0.999999 0.0541837 -0.0284014 -0.0108853
FixedParameters: 0 0 0

#Transform 83
Transform: AffineTransform_float_3_3
Parameters: 0.999998 -0.00114711 0.00148561 0.00114583 0.999999 0.000432008 -0.0014866 -0.00042999 0.999999 0.0588299 -0.0230868 -0.0067777
FixedParameters: 0 0 0

#Transform 84
Transform: AffineTransform_float_3_3
Parameters: 0.999998 -0.00115413 0.00147902 0.00115321 0.999999 0.000314011 -0.00147974 -0.000311987 0.999999 0.0588831 -0.0253499 0.00238777
FixedParameters: 0 0 0

#Transform 85
Transform: AffineTransform_float_3_3
Parameters: 0.999999 -0.000993437 0.00156311 0.000993176 1 0.000209705 -0.0015626 -0.000207295 0.999999 0.0608843 -0.0335896 0.000122054
FixedParameters: 0 0 0

#Transform 86
Transform: AffineTransform_float_3_3
Parameters: 0.999999 -0.0011049 0.000916273 0.00110452 1 0.000208652 -0.000916733 -0.000207347 0.999999 0.058624 -0.0272544 0.0116724
FixedParameters: 0 0 0

#Transform 87
Transform: AffineTransform_float_3_3
Parameters: 0.999998 -0.00138254 0.00150115 0.0013823 0.999999 0.000209508 -0.0015008 -0.000207492 0.999998 0.081804 -0.0371374 -0.000701368
FixedParameters: 0 0 0

#Transform 88
Transform: AffineTransform_float_3_3
Parameters: 0.999998 -0.00122743 0.0011703 0.00122694 0.999999 0.000209229 -0.00117081 -0.00020777 0.999999 0.0635754 -0.0276436 0.0154277
FixedParameters: 0 0 0

#Transform 89
Transform: AffineTransform_float_3_3
Parameters: 0.999998 -0.00125781 0.00118318 0.00125731 0.999999 0.000209281 -0.00118371 -0.000207718 0.999999 0.0639625 -0.0263773 0.0191561
FixedParameters: 0 0 0

#Transform 90
Transform: AffineTransform_float_3_3
Parameters: 0.999998 -0.00138044 0.00150645 0.00137932 0.999999 0.000370512 -0.00150747 -0.000368486 0.999998 0.0705211 -0.0315324 0.0160974
FixedParameters: 0 0 0

#Transform 91
Transform: AffineTransform_float_3_3
Parameters: 0.999998 -0.00138094 0.00150599 0.00137921 0.999999 0.000704024 -0.00150701 -0.000701975 0.999999 0.0645304 -0.0273154 0.0334824
FixedParameters: 0 0 0

#Transform 92
Transform: AffineTransform_float_3_3
Parameters: 0.999999 -0.00130297 0.00128925 0.00130244 1 0.000209113 -0.00128979 -0.000207886 0.999999 0.0666217 -0.0235811 0.0105872
FixedParameters: 0 0 0

#Transform 93
Transform: AffineTransform_float_3_3
Parameters: 0.999999 -0.00136231 0.0012282 0.00136229 0.999999 -0.000150534 -0.0012287 0.000152467 0.999999 0.0784772 -0.022306 0.00492019
FixedParameters: 0 0 0

#Transform 94
Transform: AffineTransform_float_3_3
Parameters: 0.999998 -0.00147783 0.00127652 0.0014773 0.999999 0.000209319 -0.00127714 -0.000207679 0.999999 0.0960771 -0.0145539 0.00600536
FixedParameters: 0 0 0

#Transform 95
Transform: AffineTransform_float_3_3
Parameters: 0.999998 -0.00138008 0.00150677 0.00137968 0.999999 0.000135512 -0.00150714 -0.000133487 0.999998 0.0770661 -0.0298246 -0.0028831
FixedParameters: 0 0 0

#Transform 96
Transform: AffineTransform_float_3_3
Parameters: 0.999998 -0.00138009 0.00150676 0.00137966 0.999999 0.000143665 -0.00150716 -0.000142334 0.999999 0.0766184 -0.0367562 -0.00172328
FixedParameters: 0 0 0

#Transform 97
Transform: AffineTransform_float_3_3
Parameters: 0.999998 -0.00138912 0.00132688 0.00138856 0.999999 0.000209276 -0.00132746 -0.000207723 0.999999 0.0809195 -0.0200701 -0.00821901
FixedParameters: 0 0 0

#Transform 98
Transform: AffineTransform_float_3_3
Parameters: 0.999998 -0.00127327 0.00192515 0.00127247 0.999999 0.000210396 -0.00192568 -0.000207603 0.999998 0.0723077 -0.0315458 -0.00779959
FixedParameters: 0 0 0

#Transform 99
Transform: AffineTransform_float_3_3
Parameters: 0.999998 -0.00147769 0.00127669 0.00147744 0.999999 9.83194e-05 -0.00127698 -9.66796e-05 0.999999 0.0761975 -0.0262081 0.00229241
FixedParameters: 0 0 0

#Transform 100
Transform: AffineTransform_float_3_3
Parameters: 0.999998 -0.00144974 0.00153675 0.00144955 0.999999 -6.51869e-05 -0.00153748 6.68154e-05 0.999999 0.094264 -0.0223867 -0.0164712
FixedParameters: 0 0 0

#Transform 101
Transform: AffineTransform_float_3_3
Parameters: 0.999998 -0.00137984 0.001507 0.001379 0.999999 -2.63362e-05 -0.00150653 2.76652e-05 0.999999 0.0763468 -0.0304588 -0.00897577
FixedParameters: 0 0 0

#Transform 102
Transform: AffineTransform_float_3_3
Parameters: 0.999997 -0.00130067 0.00169312 0.00130031 0.999999 -0.000164854 -0.00169229 0.000167148 0.999999 0.0773254 -0.0211145 -0.0173284
FixedParameters: 0 0 0

#Transform 103
Transform: AffineTransform_float_3_3
Parameters: 0.999997 -0.00130467 0.00168384 0.00130413 0.999999 -0.000110859 -0.00168316 0.000113142 0.999999 0.0718673 -0.0196372 -0.0126965
FixedParameters: 0 0 0

#Transform 104
Transform: AffineTransform_float_3_3
Parameters: 0.999997 -0.00135765 0.00173034 0.00135729 0.999999 -0.000160707 -0.00172951 0.000163295 0.999999 0.0631448 -0.0308673 -0.00828691
FixedParameters: 0 0 0

#Transform 105
Transform: AffineTransform_float_3_3
Parameters: 0.999997 -0.00138857 0.00212649 0.00138873 0.999999 5.60513e-05 -0.00212572 -5.29497e-05 0.999998 0.0735844 -0.0274664 -0.0221196
FixedParameters: 0 0 0

#Transform 106
Transform: AffineTransform_float_3_3
Parameters: 0.999997 -0.00145243 0.00225478 0.00145248 0.999999 -1.0627e-05 -0.00225475 1.43736e-05 0.999997 0.0676837 -0.0235124 -0.00554223
FixedParameters: 0 0 0

#Transform 107
Transform: AffineTransform_float_3_3
Parameters: 0.999997 -0.00109315 0.0021833 0.00109262 1 0.000210484 -0.00218284 -0.000208516 0.999997 0.0556485 -0.0255857 -0.0196948
FixedParameters: 0 0 0

#Transform 108
Transform: AffineTransform_float_3_3
Parameters: 0.999996 -0.00142589 0.00245541 0.00142605 0.999999 -3.16076e-05 -0.00245531 3.43929e-05 0.999997 0.0789497 -0.0313733 -0.0292209
FixedParameters: 0 0 0

#Transform 109
Transform: AffineTransform_float_3_3
Parameters: 0.999997 -0.00122117 0.00222549 0.00122212 0.999999 -0.000211183 -0.00222497 0.000213816 0.999997 0.061384 -0.0254208 -0.0254783
FixedParameters: 0 0 0

#Transform 110
Transform: AffineTransform_float_3_3
Parameters: 0.999998 -0.00127927 0.00193514 0.00127927 0.999999 -0.00023458 -0.00193415 0.000237421 0.999998 0.0937252 -0.0258157 -0.0284237
FixedParameters: 0 0 0

#Transform 111
Transform: AffineTransform_float_3_3
Parameters: 0.999996 -0.00135573 0.00227183 0.00135641 0.999999 -0.000232821 -0.00227211 0.00023618 0.999997 0.0775054 -0.02651 -0.0255083
FixedParameters: 0 0 0

#Transform 112
Transform: AffineTransform_float_3_3
Parameters: 0.999998 -0.000925799 0.0020893 0.000926591 0.999999 -0.00028176 -0.0020897 0.000284241 0.999997 0.0657069 -0.0225055 -0.0277411
FixedParameters: 0 0 0

#Transform 113
Transform: AffineTransform_float_3_3
Parameters: 0.999996 -0.0014491 0.00239964 0.00145013 0.999999 -0.00029463 -0.0023997 0.00029737 0.999997 0.0794657 -0.027231 -0.0415015
FixedParameters: 0 0 0

#Transform 114
Transform: AffineTransform_float_3_3
Parameters: 0.999996 -0.00134668 0.00226783 0.00134705 0.999999 -0.000164848 -0.0022683 0.000168154 0.999997 0.0637222 -0.0273006 -0.0453411
FixedParameters: 0 0 0

#Transform 115
Transform: AffineTransform_float_3_3
Parameters: 0.999998 -0.0011979 0.00199853 0.00119918 0.999999 -0.000317506 -0.00199777 0.000319493 0.999998 0.0836448 -0.0227472 -0.0339632
FixedParameters: 0 0 0

#Transform 116
Transform: AffineTransform_float_3_3
Parameters: 0.999996 -0.00126743 0.00223426 0.00126797 0.999999 -0.00020707 -0.00223465 0.000209932 0.999997 0.077008 -0.0194174 -0.0395845
FixedParameters: 0 0 0

#Transform 117
Transform: AffineTransform_float_3_3
Parameters: 0.999996 -0.00138864 0.00254434 0.00138881 0.999999 0.000226785 -0.00254443 -0.000223216 0.999997 0.0704683 -0.0161192 -0.0295169
FixedParameters: 0 0 0

#Transform 118
Transform: AffineTransform_float_3_3
Parameters: 0.999996 -0.00133845 0.00226428 0.00133779 0.999999 -0.000143873 -0.00226442 0.00014713 0.999997 0.0779321 -0.0132854 -0.0346453
FixedParameters: 0 0 0

#Transform 119
Transform: AffineTransform_float_3_3
Parameters: 0.999996 -0.00129608 0.00224632 0.0012964 0.999999 -0.00015699 -0.00224683 0.000160011 0.999997 0.0743547 -0.0231122 -0.0336268
FixedParameters: 0 0 0

#Transform 120
Transform: AffineTransform_float_3_3
Parameters: 0.999998 -0.00115472 0.00197549 0.00115489 0.999999 -0.000140621 -0.00197608 0.000142381 0.999998 0.0663359 -0.0256041 -0.0185507
FixedParameters: 0 0 0

#Transform 121
Transform: AffineTransform_float_3_3
Parameters: 0.999997 -0.00128716 0.00201126 0.00128806 0.999999 -0.000221465 -0.00201068 0.000224535 0.999998 0.0764107 -0.0189456 -0.0249689
FixedParameters: 0 0 0

#Transform 122
Transform: AffineTransform_float_3_3
Parameters: 0.999996 -0.00148105 0.00232491 0.00148147 0.999999 -0.000173818 -0.00232531 0.000177184 0.999997 0.0778671 -0.0229205 -0.0262926
FixedParameters: 0 0 0

#Transform 123
Transform: AffineTransform_float_3_3
Parameters: 0.999996 -0.00148154 0.00232459 0.00148137 0.999999 3.93347e-05 -0.00232471 -3.66643e-05 0.999997 0.0797441 -0.019005 -0.0285462
FixedParameters: 0 0 0

#Transform 124
Transform: AffineTransform_float_3_3
Parameters: 0.999997 -0.00151856 0.00223656 0.00151937 0.999999 -0.000178864 -0.00223601 0.000182135 0.999997 0.0947559 -0.020288 -0.0498149
FixedParameters: 0 0 0

#Transform 125
Transform: AffineTransform_float_3_3
Parameters: 0.999997 -0.00134592 0.00215055 0.00134529 0.999999 0.000145992 -0.00215094 -0.000143007 0.999998 0.0698924 -0.0262362 -0.0315089
FixedParameters: 0 0 0

#Transform 126
Transform: AffineTransform_float_3_3
Parameters: 0.999997 -0.00154956 0.0021644 0.00154933 0.999999 5.60919e-05 -0.00216457 -5.2907e-05 0.999998 0.079557 -0.0217796 -0.0184543
FixedParameters: 0 0 0

#Transform 127
Transform: AffineTransform_float_3_3
Parameters: 0.999997 -0.001469 0.00199269 0.00146916 0.999999 -0.000135975 -0.0019932 0.000139027 0.999998 0.0949226 -0.0228019 -0.0286743
FixedParameters: 0 0 0

#Transform 128
Transform: AffineTransform_float_3_3
Parameters: 0.999997 -0.00139276 0.00194254 0.0013926 0.999999 4.08033e-05 -0.00194265 -3.81958e-05 0.999998 0.0734347 -0.0189098 -0.0174601
FixedParameters: 0 0 0

#Transform 129
Transform: AffineTransform_float_3_3
Parameters: 0.999997 -0.00142888 0.0019258 0.00142924 0.999999 -0.000191303 -0.00192617 0.000194699 0.999998 0.0990903 -0.0222703 -0.0300776
FixedParameters: 0 0 0

#Transform 130
Transform: AffineTransform_float_3_3
Parameters: 0.999996 -0.00148114 0.00232485 0.00148139 0.999999 -0.000135818 -0.00232537 0.000139184 0.999997 0.0769155 -0.0230826 -0.0257804
FixedParameters: 0 0 0

#Transform 131
Transform: AffineTransform_float_3_3
Parameters: 0.999996 -0.00162974 0.00232112 0.00162977 0.999999 7.96741e-05 -0.00232045 -7.63268e-05 0.999997 0.0959864 -0.014197 -0.0302689
FixedParameters: 0 0 0

#Transform 132
Transform: AffineTransform_float_3_3
Parameters: 0.999996 -0.00148127 0.00232477 0.00148126 0.999999 -8.06658e-05 -0.00232545 8.33367e-05 0.999997 0.0907583 -0.0181535 -0.0399712
FixedParameters: 0 0 0

#Transform 133
Transform: AffineTransform_float_3_3
Parameters: 0.999996 -0.00163979 0.00252825 0.0016398 0.999999 0.000183397 -0.00252924 -0.000178602 0.999997 0.0887886 -0.0254324 -0.0196294
FixedParameters: 0 0 0

#Transform 134
Transform: AffineTransform_float_3_3
Parameters: 0.999996 -0.00162442 0.00238603 0.00162437 0.999999 -0.000262234 -0.0023857 0.000265768 0.999997 0.0956995 -0.0302756 -0.042168
FixedParameters: 0 0 0

#Transform 135
Transform: AffineTransform_float_3_3
Parameters: 0.999996 -0.00147823 0.0023228 0.00147732 0.999999 0.000197323 -0.00232338 -0.000194675 0.999997 0.0772413 -0.024227 -0.0211588
FixedParameters: 0 0 0

#Transform 136
Transform: AffineTransform_float_3_3
Parameters: 0.999997 -0.00144897 0.00231114 0.00144911 1 -0.000112913 -0.00231173 0.000116089 0.999997 0.0983382 -0.0120779 -0.0301373
FixedParameters: 0 0 0

#Transform 137
Transform: AffineTransform_float_3_3
Parameters: 0.999996 -0.00151072 0.00245475 0.001511 0.999999 -0.0001344 -0.00245526 0.000137601 0.999997 0.0703793 -0.0232993 -0.024595
FixedParameters: 0 0 0

#Transform 138
Transform: AffineTransform_float_3_3
Parameters: 0.999997 -0.00118104 0.0020312 0.0011816 0.999999 -0.000135502 -0.00203088 0.000137498 0.999998 0.0646497 -0.0169404 -0.0296666
FixedParameters: 0 0 0

#Transform 139
Transform: AffineTransform_float_3_3
Parameters: 0.999996 -0.00131394 0.00225353 0.00131391 0.999999 8.05895e-06 -0.00225354 -4.94031e-06 0.999997 0.0750398 -0.0290024 -0.0409192
FixedParameters: 0 0 0

#Transform 140
Transform: AffineTransform_float_3_3
Parameters: 0.999996 -0.00138372 0.0021705 0.00138431 0.999998 -0.000134745 -0.00217012 0.000137255 0.999998 0.0731786 -0.023842 -0.0312371
FixedParameters: 0 0 0

#Transform 141
Transform: AffineTransform_float_3_3
Parameters: 0.999995 -0.00140111 0.00256229 0.0014005 0.999999 -5.90085e-05 -0.00256173 6.19936e-05 0.999997 0.0919364 -0.0155058 -0.0549343
FixedParameters: 0 0 0

#Transform 142
Transform: AffineTransform_float_3_3
Parameters: 0.999996 -0.00133423 0.00272263 0.00133285 0.999999 0.000496882 -0.00272342 -0.000493117 0.999996 0.0712563 -0.0256232 -0.0315944
FixedParameters: 0 0 0

#Transform 143
Transform: AffineTransform_float_3_3
Parameters: 0.999996 -0.0014984 0.00233242 0.00149818 0.999999 -0.000232768 -0.00233225 0.000236235 0.999997 0.0770951 -0.0181007 -0.0338315
FixedParameters: 0 0 0

#Transform 144
Transform: AffineTransform_float_3_3
Parameters: 0.999996 -0.00149946 0.00233174 0.00149843 0.999999 0.000222386 -0.00233241 -0.000219612 0.999997 0.090543 -0.0261695 -0.0429358
FixedParameters: 0 0 0

#Transform 145
Transform: AffineTransform_float_3_3
Parameters: 0.999995 -0.00135701 0.00266627 0.00135721 1 -3.71309e-05 -0.00266616 4.08696e-05 0.999996 0.0651001 -0.0214939 -0.0376629
FixedParameters: 0 0 0

#Transform 146
Transform: AffineTransform_float_3_3
Parameters: 0.999996 -0.00143336 0.00248599 0.00143272 0.999999 -0.000134548 -0.00248613 0.000137456 0.999997 0.0755722 -0.0197596 -0.0354561
FixedParameters: 0 0 0

#Transform 147
Transform: AffineTransform_float_3_3
Parameters: 0.999995 -0.0014523 0.00257443 0.00145299 0.999999 -0.000133857 -0.00257404 0.000137143 0.999997 0.0818338 -0.0268836 -0.0511403
FixedParameters: 0 0 0

#Transform 148
Transform: AffineTransform_float_3_3
Parameters: 0.999996 -0.00144518 0.00245901 0.00144487 0.999999 6.44442e-05 -0.00245919 -6.15545e-05 0.999997 0.0708998 -0.0200545 -0.0320291
FixedParameters: 0 0 0

#Transform 149
Transform: AffineTransform_float_3_3
Parameters: 0.999997 -0.00153852 0.00223837 0.00153816 0.999999 -0.000122819 -0.0022376 0.000126182 0.999997 0.0950769 -0.0208215 -0.0378441
FixedParameters: 0 0 0

#Transform 150
Transform: AffineTransform_float_3_3
Parameters: 0.999995 -0.0013712 0.00263235 0.00137102 0.999999 -0.000138988 -0.00263158 0.000142013 0.999997 0.0913175 -0.0226872 -0.0521871
FixedParameters: 0 0 0

#Transform 151
Transform: AffineTransform_float_3_3
Parameters: 0.999996 -0.00164905 0.00259851 0.00164823 0.999999 0.000158174 -0.00259902 -0.000153823 0.999996 0.068675 -0.0215058 -0.0239762
FixedParameters: 0 0 0

#Transform 152
Transform: AffineTransform_float_3_3
Parameters: 0.999996 -0.00177372 0.00248041 0.00177314 0.999998 -6.55586e-05 -0.00247978 6.94432e-05 0.999997 0.0973812 -0.0197331 -0.0448616
FixedParameters: 0 0 0

#Transform 153
Transform: AffineTransform_float_3_3
Parameters: 0.999996 -0.00158366 0.00242442 0.00158439 0.999999 3.97323e-05 -0.00242493 -3.62681e-05 0.999997 0.0852191 -0.0289152 -0.0274204
FixedParameters: 0 0 0

#Transform 154
Transform: AffineTransform_float_3_3
Parameters: 0.999998 -0.00170743 0.00159747 0.00170752 0.999998 -0.000151687 -0.00159787 0.000154315 0.999998 0.101628 -0.0188661 -0.0126939
FixedParameters: 0 0 0

#Transform 155
Transform: AffineTransform_float_3_3
Parameters: 0.999997 -0.00156635 0.00222808 0.00156777 0.999999 -0.00040377 -0.00222773 0.00040723 0.999997 0.0996979 -0.0372677 -0.0332044
FixedParameters: 0 0 0

#Transform 156
Transform: AffineTransform_float_3_3
Parameters: 0.999996 -0.00140584 0.00223695 0.00140546 0.999999 8.62422e-05 -0.00223718 -8.27564e-05 0.999997 0.0792165 -0.0249197 -0.0424716
FixedParameters: 0 0 0

#Transform 157
Transform: AffineTransform_float_3_3
Parameters: 0.999997 -0.00147441 0.00224897 0.00147459 0.999999 -3.89456e-05 -0.00224885 4.20549e-05 0.999997 0.0806946 -0.0252324 -0.0302249
FixedParameters: 0 0 0

#Transform 158
Transform: AffineTransform_float_3_3
Parameters: 0.999995 -0.00172831 0.00258259 0.00172827 0.999998 1.03543e-05 -0.00258261 -5.64468e-06 0.999996 0.100691 -0.0148139 -0.0304777
FixedParameters: 0 0 0

#Transform 159
Transform: AffineTransform_float_3_3
Parameters: 0.999996 -0.00177567 0.00247179 0.00177508 0.999998 0.000200432 -0.00247157 -0.000196568 0.999997 0.101739 -0.0176054 -0.0350456
FixedParameters: 0 0 0

#Transform 160
Transform: AffineTransform_float_3_3
Parameters: 0.999995 -0.00165864 0.00274788 0.00165727 0.999998 0.000251958 -0.0027487 -0.000247038 0.999996 0.0783072 -0.0227921 -0.00381368
FixedParameters: 0 0 0

#Transform 161
Transform: AffineTransform_float_3_3
Parameters: 0.999995 -0.00183042 0.00234039 0.00183115 0.999999 -0.000434185 -0.00233932 0.000437816 0.999997 0.1029 -0.0317099 -0.0397971
FixedParameters: 0 0 0

#Transform 162
Transform: AffineTransform_float_3_3
Parameters: 0.999995 -0.00183092 0.00233999 0.00183065 0.999998 -0.000220826 -0.00233971 0.000225176 0.999997 0.102924 -0.0262158 -0.0224227
FixedParameters: 0 0 0

#Transform 163
Transform: AffineTransform_float_3_3
Parameters: 0.999996 -0.00177749 0.00246727 0.00177715 0.999998 0.000150276 -0.00246688 -0.000145724 0.999997 0.0792111 -0.0270546 -0.0162118
FixedParameters: 0 0 0

#Transform 164
Transform: AffineTransform_float_3_3
Parameters: 0.999996 -0.00150336 0.00229898 0.00150297 0.999999 8.43466e-05 -0.00229923 -8.1652e-05 0.999997 0.0986112 -0.018792 -0.028604
FixedParameters: 0 0 0

#Transform 165
Transform: AffineTransform_float_3_3
Parameters: 0.999996 -0.00165262 0.00226396 0.00165272 0.999999 -0.000106368 -0.00226453 0.000109635 0.999998 0.100791 -0.0209594 -0.0324867
FixedParameters: 0 0 0

#Transform 166
Transform: AffineTransform_float_3_3
Parameters: 0.999996 -0.0017693 0.00231376 0.00176892 0.999998 -0.000199017 -0.00231358 0.000202986 0.999997 0.104656 -0.0230815 -0.0366359
FixedParameters: 0 0 0

#Transform 167
Transform: AffineTransform_float_3_3
Parameters: 0.999995 -0.00165796 0.00274829 0.00165795 0.999998 4.95979e-06 -0.0027483 -3.93115e-08 0.999996 0.117574 -0.0237097 -0.0567341
FixedParameters: 0 0 0

#Transform 168
Transform: AffineTransform_float_3_3
Parameters: 0.999995 -0.00168512 0.00268397 0.00168549 0.999998 -6.60733e-05 -0.00268374 7.09269e-05 0.999997 0.0989756 -0.0298439 -0.0576826
FixedParameters: 0 0 0

#Transform 169
Transform: AffineTransform_float_3_3
Parameters: 0.999994 -0.00162674 0.00281913 0.00162847 0.999999 -0.000538369 -0.0028179 0.000542632 0.999996 0.0957093 -0.0253973 -0.0636541
FixedParameters: 0 0 0

#Transform 170
Transform: AffineTransform_float_3_3
Parameters: 0.999993 -0.00153745 0.00319751 0.00153996 0.999999 -0.000595371 -0.0031962 0.000599627 0.999995 0.114325 -0.0300086 -0.084495
FixedParameters: 0 0 0

#Transform 171
Transform: AffineTransform_float_3_3
Parameters: 0.999994 -0.00140003 0.00335433 0.00140077 0.999999 -0.000245594 -0.00335325 0.000249406 0.999994 0.112 -0.0300661 -0.0783423
FixedParameters: 0 0 0

#Transform 172
Transform: AffineTransform_float_3_3
Parameters: 0.999993 -0.00158464 0.00337511 0.00158488 0.999999 -0.000227944 -0.00337491 0.000233059 0.999994 0.114892 -0.0295114 -0.0736865
FixedParameters: 0 0 0

#Transform 173
Transform: AffineTransform_float_3_3
Parameters: 0.999994 -0.00154394 0.00327567 0.00154506 0.999999 -0.000369233 -0.00327505 0.000373768 0.999995 0.125986 -0.0256509 -0.0803119
FixedParameters: 0 0 0

#Transform 174
Transform: AffineTransform_float_3_3
Parameters: 0.999995 -0.0016588 0.00288239 0.00165988 0.999999 -0.000414022 -0.00288153 0.000417979 0.999996 0.11293 -0.00981157 -0.0499349
FixedParameters: 0 0 0

#Transform 175
Transform: AffineTransform_float_3_3
Parameters: 0.999994 -0.00147315 0.00318295 0.00147299 0.999998 -0.000117244 -0.0031822 0.000121758 0.999995 0.0933752 -0.0193029 -0.0469756
FixedParameters: 0 0 0

#Transform 176
Transform: AffineTransform_float_3_3
Parameters: 0.999992 -0.00169392 0.00368788 0.00169468 0.999999 -0.000276891 -0.00368746 0.000283111 0.999993 0.110413 -0.0259808 -0.104483
FixedParameters: 0 0 0

#Transform 177
Transform: AffineTransform_float_3_3
Parameters: 0.999993 -0.00153774 0.00320857 0.00153622 0.999999 0.000503641 -0.00320866 -0.00049936 0.999995 0.109994 -0.0338742 -0.093867
FixedParameters: 0 0 0

#Transform 178
Transform: AffineTransform_float_3_3
Parameters: 0.999993 -0.00177461 0.00330962 0.00177393 0.999998 0.000302582 -0.00331015 -0.000296418 0.999995 0.130832 -0.0376547 -0.101733
FixedParameters: 0 0 0

#Transform 179
Transform: AffineTransform_float_3_3
Parameters: 0.999993 -0.00169301 0.00316554 0.00169106 0.999998 0.000579913 -0.00316605 -0.000574087 0.999995 0.121895 -0.0392936 -0.0950215
FixedParameters: 0 0 0
