#Insight Transform File V1.0
#Transform 0
Transform: AffineTransform_float_3_3
Parameters: 1 8.7008e-05 -0.000500082 -8.68973e-05 1 -0.00119996 0.000500403 0.00120004 0.999999 -0.0826608 0.121143 0.380923
FixedParameters: 0 0 0

#Transform 1
Transform: AffineTransform_float_3_3
Parameters: 0.999999 0.00126986 4.29524e-05 -0.00126945 1 -0.000248567 -4.26629e-05 0.000248433 1 -0.122437 0.0158471 -0.0997483
FixedParameters: 0 0 0

#Transform 2
Transform: AffineTransform_float_3_3
Parameters: 0.999999 0.00142675 0.000264714 -0.00142682 0.999999 0.00012211 -0.000264364 -0.00012289 1 -0.129062 0.0236117 -0.195694
FixedParameters: 0 0 0

#Transform 3
Transform: AffineTransform_float_3_3
Parameters: 0.999998 0.00190363 0.000443337 -0.00190449 0.999998 -6.31494e-05 -0.000443187 6.28508e-05 1 -0.166514 0.0126546 -0.240895
FixedParameters: 0 0 0

#Transform 4
Transform: AffineTransform_float_3_3
Parameters: 0.999999 0.00141361 0.000138269 -0.00141313 0.999999 -0.000305708 -0.000138212 0.000305292 1 -0.145434 0.015746 -0.338973
FixedParameters: 0 0 0

#Transform 5
Transform: AffineTransform_float_3_3
Parameters: 0.999999 0.00178608 0.000165458 -0.00178643 0.999998 -0.000518808 -0.000165999 0.000518191 0.999999 -0.176488 0.0172904 -0.398383
FixedParameters: 0 0 0

#Transform 6
Transform: AffineTransform_float_3_3
Parameters: 0.999998 0.00151779 0.000601796 -0.0015178 0.999999 3.93421e-06 -0.000601782 -5.06633e-06 1 -0.16729 0.0149269 -0.387223
FixedParameters: 0 0 0

#Transform 7
Transform: AffineTransform_float_3_3
Parameters: 0.999999 0.00144874 0.000525381 -0.00144806 1 -0.000279066 -0.000525269 0.000278934 1 -0.175034 0.000359618 -0.437988
FixedParameters: 0 0 0

#Transform 8
Transform: AffineTransform_float_3_3
Parameters: 0.999998 0.00164893 0.000926853 -0.00164768 0.999999 -0.000466833 -0.000927469 0.000465166 0.999999 -0.158433 0.00377807 -0.439488
FixedParameters: 0 0 0

#Transform 9
Transform: AffineTransform_float_3_3
Parameters: 0.999999 0.00145315 8.5959e-05 -0.00145314 0.999999 -6.4637e-05 -8.61465e-05 6.43623e-05 1 -0.107139 0.0126594 -0.376094
FixedParameters: 0 0 0

#Transform 10
Transform: AffineTransform_float_3_3
Parameters: 0.999999 0.00132929 0.000241246 -0.00132867 0.999999 -0.000475833 -0.00024159 0.000475167 1 -0.167908 0.0166446 -0.366149
FixedParameters: 0 0 0

#Transform 11
Transform: AffineTransform_float_3_3
Parameters: 0.999998 0.00166774 0.00034732 -0.00166702 0.999998 -0.000466732 -0.000347955 0.000466268 1 -0.181558 0.0141497 -0.400968
FixedParameters: 0 0 0

#Transform 12
Transform: AffineTransform_float_3_3
Parameters: 0.999999 0.00184286 -2.74792e-05 -0.00184286 0.999998 -0.000136461 2.6976e-05 0.000136537 1 -0.181462 0.00818538 -0.350624
FixedParameters: 0 0 0

#Transform 13
Transform: AffineTransform_float_3_3
Parameters: 0.999997 0.00208844 0.000688286 -0.00208932 0.999998 0.000356105 -0.000687718 -0.000356895 0.999999 -0.206153 0.00902082 -0.315571
FixedParameters: 0 0 0

#Transform 14
Transform: AffineTransform_float_3_3
Parameters: 0.999997 0.00221899 -0.000159657 -0.00221898 0.999997 3.14828e-05 0.000159796 -3.15179e-05 1 -0.228571 -0.00936286 -0.32741
FixedParameters: 0 0 0

#Transform 15
Transform: AffineTransform_float_3_3
Parameters: 0.999999 0.0015168 -0.000232621 -0.00151695 0.999999 -0.000313159 0.00023167 0.000313839 1 -0.179316 0.00821214 -0.385958
FixedParameters: 0 0 0

#Transform 16
Transform: AffineTransform_float_3_3
Parameters: 0.999998 0.00202101 9.80566e-05 -0.002021 0.999998 -3.72225e-05 -9.82061e-05 3.67765e-05 1 -0.206884 0.00764341 -0.411482
FixedParameters: 0 0 0

#Transform 17
Transform: AffineTransform_float_3_3
Parameters: 0.999999 0.00174866 -1.05575e-05 -0.00174773 0.999998 0.000333507 1.13328e-05 -0.000333493 1 -0.22203 0.00940253 -0.374193
FixedParameters: 0 0 0

#Transform 18
Transform: AffineTransform_float_3_3
Parameters: 0.999998 0.00192375 -0.000342707 -0.00192409 0.999998 0.000632789 0.0003433 -0.000632213 0.999999 -0.201556 0.00551725 -0.321034
FixedParameters: 0 0 0

#Transform 19
Transform: AffineTransform_float_3_3
Parameters: 0.999998 0.00188659 -0.000271324 -0.00188657 0.999998 0.000757641 0.000273261 -0.000757358 0.999999 -0.224915 -0.00393195 -0.323316
FixedParameters: 0 0 0

#Transform 20
Transform: AffineTransform_float_3_3
Parameters: 0.999998 0.00189973 -0.000281491 -0.00189976 0.999998 0.000629664 0.000282962 -0.000629336 0.999999 -0.200466 0.0201786 -0.327518
FixedParameters: 0 0 0

#Transform 21
Transform: AffineTransform_float_3_3
Parameters: 0.999999 0.00185097 -0.00011223 -0.00185124 0.999998 0.000527337 0.000113262 -0.000527664 1 -0.252832 0.0307669 -0.335052
FixedParameters: 0 0 0

#Transform 22
Transform: AffineTransform_float_3_3
Parameters: 0.999998 0.00201703 6.18925e-05 -0.00201657 0.999998 0.000593365 -6.08098e-05 -0.000593637 1 -0.215705 0.0399113 -0.3385
FixedParameters: 0 0 0

#Transform 23
Transform: AffineTransform_float_3_3
Parameters: 0.999998 0.00209988 0.000219194 -0.00210057 0.999998 0.000680877 -0.000217254 -0.000681123 1 -0.283651 0.0197715 -0.358883
FixedParameters: 0 0 0

#Transform 24
Transform: AffineTransform_float_3_3
Parameters: 0.999998 0.00226035 -0.000186169 -0.00225989 0.999997 0.000844552 0.000187754 -0.000844451 1 -0.264702 0.0233738 -0.349127
FixedParameters: 0 0 0

#Transform 25
Transform: AffineTransform_float_3_3
Parameters: 0.999998 0.00206587 -0.000178406 -0.00206629 0.999997 0.00100371 0.000180709 -0.00100229 0.999999 -0.284301 0.0159034 -0.368812
FixedParameters: 0 0 0

#Transform 26
Transform: AffineTransform_float_3_3
Parameters: 0.999998 0.00194481 -0.000492347 -0.00194373 0.999997 0.00135809 0.000494473 -0.00135691 0.999999 -0.247691 0.0142358 -0.370557
FixedParameters: 0 0 0

#Transform 27
Transform: AffineTransform_float_3_3
Parameters: 0.999997 0.00214677 -0.000258979 -0.00214694 0.999997 0.00116453 0.000262135 -0.00116347 0.999999 -0.298875 0.0100242 -0.381592
FixedParameters: 0 0 0

#Transform 28
Transform: AffineTransform_float_3_3
Parameters: 0.999997 0.00217594 -0.000166396 -0.0021757 0.999997 0.00146934 0.000169636 -0.00146866 0.999998 -0.242644 0.00534907 -0.387009
FixedParameters: 0 0 0

#Transform 29
Transform: AffineTransform_float_3_3
Parameters: 0.999998 0.0022426 -0.000460831 -0.0022416 0.999997 0.00136281 0.000463788 -0.0013622 0.999999 -0.307711 -0.00105719 -0.3801
FixedParameters: 0 0 0

#Transform 30
Transform: AffineTransform_float_3_3
Parameters: 0.999997 0.00239063 -0.000167018 -0.00239038 0.999996 0.00148002 0.000170942 -0.00147998 0.999999 -0.314598 -0.00272954 -0.378509
FixedParameters: 0 0 0

#Transform 31
Transform: AffineTransform_float_3_3
Parameters: 0.999997 0.00235737 -0.000619982 -0.00235601 0.999994 0.0022406 0.000624624 -0.00223841 0.999998 -0.226595 -0.0159318 -0.288535
FixedParameters: 0 0 0

#Transform 32
Transform: AffineTransform_float_3_3
Parameters: 0.999997 0.00216228 -0.00133513 -0.0021586 0.999994 0.00274097 0.00134091 -0.00273804 0.999996 -0.242973 0.0103516 -0.204762
FixedParameters: 0 0 0

#Transform 33
Transform: AffineTransform_float_3_3
Parameters: 0.999996 0.00264667 -0.000834808 -0.00264556 0.999995 0.00206163 0.000840189 -0.00205938 0.999997 -0.320261 -0.00233912 -0.31935
FixedParameters: 0 0 0

#Transform 34
Transform: AffineTransform_float_3_3
Parameters: 0.999995 0.00292537 -0.00064494 -0.00292399 0.999993 0.00216194 0.000651669 -0.00216105 0.999997 -0.324744 -0.00304181 -0.34056
FixedParameters: 0 0 0

#Transform 35
Transform: AffineTransform_float_3_3
Parameters: 0.999996 0.00263822 -0.000857169 -0.00263632 0.999994 0.00246368 0.000864634 -0.00246132 0.999996 -0.348302 -0.00707556 -0.38837
FixedParameters: 0 0 0

#Transform 36
Transform: AffineTransform_float_3_3
Parameters: 0.999995 0.00303832 -0.000531146 -0.00303664 0.999992 0.00241188 0.000538567 -0.00241012 0.999997 -0.3526 0.000414607 -0.408186
FixedParameters: 0 0 0

#Transform 37
Transform: AffineTransform_float_3_3
Parameters: 0.999996 0.00292394 -0.000750919 -0.00292117 0.999993 0.00243046 0.000757891 -0.00242754 0.999996 -0.364038 -0.00356575 -0.409637
FixedParameters: 0 0 0

#Transform 38
Transform: AffineTransform_float_3_3
Parameters: 0.999995 0.00284582 -0.000825567 -0.0028446 0.999993 0.00238477 0.000832687 -0.00238223 0.999997 -0.340039 0.0125091 -0.411634
FixedParameters: 0 0 0

#Transform 39
Transform: AffineTransform_float_3_3
Parameters: 0.999995 0.00283117 -0.000762292 -0.00282901 0.999993 0.00259522 0.000770143 -0.00259378 0.999996 -0.36141 0.00400136 -0.385772
FixedParameters: 0 0 0

#Transform 40
Transform: AffineTransform_float_3_3
Parameters: 0.999995 0.00292155 -0.000573567 -0.00292037 0.999992 0.0025991 0.000581913 -0.00259791 0.999997 -0.367657 0.00683566 -0.394495
FixedParameters: 0 0 0

#Transform 41
Transform: AffineTransform_float_3_3
Parameters: 0.999996 0.00261468 -0.00116277 -0.00261103 0.999992 0.00290361 0.00117057 -0.00290039 0.999995 -0.345947 0.0187231 -0.341184
FixedParameters: 0 0 0

#Transform 42
Transform: AffineTransform_float_3_3
Parameters: 0.999995 0.00285061 -0.00082921 -0.00284799 0.999992 0.00289442 0.000837944 -0.00289258 0.999995 -0.366909 0.014512 -0.347531
FixedParameters: 0 0 0

#Transform 43
Transform: AffineTransform_float_3_3
Parameters: 0.999995 0.00285127 -0.00120386 -0.00284704 0.99999 0.00352965 0.00121384 -0.00352635 0.999993 -0.329 0.0155474 -0.333865
FixedParameters: 0 0 0

#Transform 44
Transform: AffineTransform_float_3_3
Parameters: 0.999995 0.00292217 -0.00100165 -0.00291944 0.99999 0.00349314 0.00101193 -0.00349086 0.999994 -0.374477 0.0188954 -0.329226
FixedParameters: 0 0 0

#Transform 45
Transform: AffineTransform_float_3_3
Parameters: 0.999995 0.00299131 -0.00104114 -0.00298832 0.99999 0.00329917 0.00105165 -0.00329582 0.999993 -0.333908 0.0218089 -0.367525
FixedParameters: 0 0 0

#Transform 46
Transform: AffineTransform_float_3_3
Parameters: 0.999996 0.00265519 -0.00115935 -0.00265125 0.999991 0.00320365 0.00116806 -0.00320035 0.999994 -0.357764 0.0197448 -0.364151
FixedParameters: 0 0 0

#Transform 47
Transform: AffineTransform_float_3_3
Parameters: 0.999996 0.00273104 -0.00100487 -0.00272731 0.999991 0.00313632 0.00101331 -0.00313368 0.999995 -0.362033 0.0123075 -0.391253
FixedParameters: 0 0 0

#Transform 48
Transform: AffineTransform_float_3_3
Parameters: 0.999994 0.00295204 -0.00139254 -0.00294769 0.999989 0.00356412 0.0014029 -0.00356088 0.999993 -0.359581 0.0203398 -0.396454
FixedParameters: 0 0 0

#Transform 49
Transform: AffineTransform_float_3_3
Parameters: 0.999995 0.00317742 -0.00101358 -0.0031735 0.999988 0.00376793 0.00102606 -0.00376507 0.999992 -0.386034 0.0288526 -0.407498
FixedParameters: 0 0 0

#Transform 50
Transform: AffineTransform_float_3_3
Parameters: 0.999995 0.00277686 -0.00110727 -0.0027728 0.999988 0.00393665 0.00111806 -0.00393335 0.999992 -0.372451 0.0462676 -0.395309
FixedParameters: 0 0 0

#Transform 51
Transform: AffineTransform_float_3_3
Parameters: 0.999994 0.00332798 -0.000887236 -0.00332407 0.999986 0.00400066 0.000901093 -0.00399834 0.999992 -0.40692 0.019483 -0.348196
FixedParameters: 0 0 0

#Transform 52
Transform: AffineTransform_float_3_3
Parameters: 0.999995 0.00315411 -0.000726005 -0.00315147 0.999989 0.0034892 0.000737092 -0.0034868 0.999993 -0.400619 0.0275314 -0.369382
FixedParameters: 0 0 0

#Transform 53
Transform: AffineTransform_float_3_3
Parameters: 0.999994 0.00331055 -0.00144287 -0.0033049 0.999987 0.00370363 0.00145539 -0.00369836 0.999992 -0.370691 0.0500617 -0.356524
FixedParameters: 0 0 0

#Transform 54
Transform: AffineTransform_float_3_3
Parameters: 0.999994 0.00310947 -0.00136122 -0.00310453 0.999989 0.00352709 0.00137207 -0.00352291 0.999993 -0.396859 0.0371594 -0.385476
FixedParameters: 0 0 0

#Transform 55
Transform: AffineTransform_float_3_3
Parameters: 0.999995 0.00312785 -0.00117027 -0.00312383 0.999988 0.00387273 0.0011825 -0.00386828 0.999992 -0.342967 0.0361525 -0.425854
FixedParameters: 0 0 0

#Transform 56
Transform: AffineTransform_float_3_3
Parameters: 0.999995 0.00298551 -0.00120705 -0.00298083 0.999988 0.00386346 0.00121905 -0.00386054 0.999992 -0.387901 0.0236272 -0.437428
FixedParameters: 0 0 0

#Transform 57
Transform: AffineTransform_float_3_3
Parameters: 0.999995 0.00284625 -0.00129585 -0.00284246 0.999989 0.00361205 0.00130573 -0.00360894 0.999992 -0.369119 0.0251222 -0.443022
FixedParameters: 0 0 0

#Transform 58
Transform: AffineTransform_float_3_3
Parameters: 0.999996 0.00280386 -0.00127797 -0.00279924 0.999989 0.00363131 0.00128726 -0.00362769 0.999993 -0.383972 0.0511046 -0.417768
FixedParameters: 0 0 0

#Transform 59
Transform: AffineTransform_float_3_3
Parameters: 0.999996 0.0028784 -0.001023 -0.00287499 0.999988 0.00393852 0.00103461 -0.00393548 0.999992 -0.348488 0.0453191 -0.400129
FixedParameters: 0 0 0

#Transform 60
Transform: AffineTransform_float_3_3
Parameters: 0.999995 0.00265685 -0.00120724 -0.00265125 0.999987 0.00440578 0.00121865 -0.00440222 0.99999 -0.374719 0.0187516 -0.387848
FixedParameters: 0 0 0

#Transform 61
Transform: AffineTransform_float_3_3
Parameters: 0.999996 0.00272541 -0.00143174 -0.00271962 0.999986 0.00455827 0.00144445 -0.00455473 0.999988 -0.29434 0.0357735 -0.369011
FixedParameters: 0 0 0

#Transform 62
Transform: AffineTransform_float_3_3
Parameters: 0.999995 0.0026257 -0.0014184 -0.00261952 0.999988 0.0041433 0.00142946 -0.00413871 0.99999 -0.347584 0.0425323 -0.4022
FixedParameters: 0 0 0

#Transform 63
Transform: AffineTransform_float_3_3
Parameters: 0.999995 0.00256852 -0.00147955 -0.00256288 0.999989 0.00396952 0.00149056 -0.00396547 0.999991 -0.314294 0.0488002 -0.481728
FixedParameters: 0 0 0

#Transform 64
Transform: AffineTransform_float_3_3
Parameters: 0.999996 0.0024651 -0.00155264 -0.00245842 0.999989 0.00382154 0.00156171 -0.00381745 0.999991 -0.322599 0.0523559 -0.511876
FixedParameters: 0 0 0

#Transform 65
Transform: AffineTransform_float_3_3
Parameters: 0.999996 0.00243853 -0.00130853 -0.00243354 0.99999 0.00373891 0.00131793 -0.00373609 0.999992 -0.309853 0.0470925 -0.505767
FixedParameters: 0 0 0

#Transform 66
Transform: AffineTransform_float_3_3
Parameters: 0.999996 0.00273113 -0.000968301 -0.00272684 0.999989 0.00373906 0.000979104 -0.00373593 0.999992 -0.351219 0.0511043 -0.476643
FixedParameters: 0 0 0

#Transform 67
Transform: AffineTransform_float_3_3
Parameters: 0.999995 0.00269833 -0.00149862 -0.00269175 0.999987 0.00418477 0.00150959 -0.00418023 0.99999 -0.326901 0.0642558 -0.452493
FixedParameters: 0 0 0

#Transform 68
Transform: AffineTransform_float_3_3
Parameters: 0.999995 0.00271799 -0.00106919 -0.00271271 0.999987 0.00438848 0.00108066 -0.00438552 0.99999 -0.364188 0.0554466 -0.486031
FixedParameters: 0 0 0

#Transform 69
Transform: AffineTransform_float_3_3
Parameters: 0.999996 0.00284591 -0.00115201 -0.00284115 0.999986 0.00441785 0.00116424 -0.00441415 0.99999 -0.318446 0.0604762 -0.496181
FixedParameters: 0 0 0

#Transform 70
Transform: AffineTransform_float_3_3
Parameters: 0.999996 0.00264337 -0.00106872 -0.00263895 0.999987 0.0042404 0.00108007 -0.0042376 0.99999 -0.360729 0.0512314 -0.499792
FixedParameters: 0 0 0

#Transform 71
Transform: AffineTransform_float_3_3
Parameters: 0.999996 0.00267386 -0.000990922 -0.00266911 0.999988 0.00407707 0.00100218 -0.00407393 0.999991 -0.326778 0.0517293 -0.520771
FixedParameters: 0 0 0

#Transform 72
Transform: AffineTransform_float_3_3
Parameters: 0.999996 0.00260531 -0.00108448 -0.00260134 0.999989 0.0037964 0.00109411 -0.0037936 0.999992 -0.360464 0.0531536 -0.520255
FixedParameters: 0 0 0

#Transform 73
Transform: AffineTransform_float_3_3
Parameters: 0.999996 0.00246676 -0.00118963 -0.00246305 0.999991 0.0035775 0.00119844 -0.00357449 0.999992 -0.333182 0.0565432 -0.546139
FixedParameters: 0 0 0

#Transform 74
Transform: AffineTransform_float_3_3
Parameters: 0.999996 0.00237499 -0.00151646 -0.00237009 0.99999 0.00362983 0.00152433 -0.00362617 0.999993 -0.331993 0.0631388 -0.510457
FixedParameters: 0 0 0

#Transform 75
Transform: AffineTransform_float_3_3
Parameters: 0.999996 0.00244713 -0.00126745 -0.00244264 0.99999 0.00381482 0.00127636 -0.00381218 0.999992 -0.337508 0.0545197 -0.517136
FixedParameters: 0 0 0

#Transform 76
Transform: AffineTransform_float_3_3
Parameters: 0.999996 0.00208851 -0.00154576 -0.0020827 0.999989 0.00402846 0.00155452 -0.00402554 0.999991 -0.33154 0.0626557 -0.498831
FixedParameters: 0 0 0

#Transform 77
Transform: AffineTransform_float_3_3
Parameters: 0.999996 0.00238849 -0.00156504 -0.00238202 0.999989 0.00414346 0.00157453 -0.00413955 0.99999 -0.344981 0.0650404 -0.496989
FixedParameters: 0 0 0

#Transform 78
Transform: AffineTransform_float_3_3
Parameters: 0.999995 0.00236353 -0.00178991 -0.00235614 0.999989 0.0041381 0.00179956 -0.0041339 0.99999 -0.33072 0.0655087 -0.484969
FixedParameters: 0 0 0

#Transform 79
Transform: AffineTransform_float_3_3
Parameters: 0.999996 0.00255482 -0.00139089 -0.00254892 0.999989 0.00412328 0.00140127 -0.00411973 0.999991 -0.3503 0.0456057 -0.538878
FixedParameters: 0 0 0

#Transform 80
Transform: AffineTransform_float_3_3
Parameters: 0.999996 0.00227039 -0.00157757 -0.00226464 0.999989 0.00405045 0.00158698 -0.00404755 0.99999 -0.336923 0.0523161 -0.541887
FixedParameters: 0 0 0

#Transform 81
Transform: AffineTransform_float_3_3
Parameters: 0.999997 0.00213749 -0.00131549 -0.00213271 0.999989 0.0041419 0.00132383 -0.00413911 0.999991 -0.353185 0.0519527 -0.540747
FixedParameters: 0 0 0

#Transform 82
Transform: AffineTransform_float_3_3
Parameters: 0.999995 0.00268602 -0.00123073 -0.00268145 0.999987 0.00427603 0.0012421 -0.00427297 0.99999 -0.343435 0.0427858 -0.579406
FixedParameters: 0 0 0

#Transform 83
Transform: AffineTransform_float_3_3
Parameters: 0.999996 0.00245952 -0.00181708 -0.00245179 0.999988 0.00416834 0.00182766 -0.00416366 0.99999 -0.324804 0.0599159 -0.551781
FixedParameters: 0 0 0

#Transform 84
Transform: AffineTransform_float_3_3
Parameters: 0.999995 0.00259096 -0.00141338 -0.00258503 0.999988 0.00420639 0.00142356 -0.00420262 0.99999 -0.34345 0.0606909 -0.562529
FixedParameters: 0 0 0

#Transform 85
Transform: AffineTransform_float_3_3
Parameters: 0.999996 0.00254234 -0.00164036 -0.00253516 0.999988 0.00416589 0.00165124 -0.00416111 0.99999 -0.365087 0.0580788 -0.539213
FixedParameters: 0 0 0

#Transform 86
Transform: AffineTransform_float_3_3
Parameters: 0.999995 0.00268285 -0.00175044 -0.00267458 0.999987 0.00443921 0.0017621 -0.00443479 0.999989 -0.333761 0.0673823 -0.517578
FixedParameters: 0 0 0

#Transform 87
Transform: AffineTransform_float_3_3
Parameters: 0.999995 0.00262792 -0.00166152 -0.0026203 0.999987 0.00436209 0.00167322 -0.00435691 0.999989 -0.34106 0.0546679 -0.564113
FixedParameters: 0 0 0

#Transform 88
Transform: AffineTransform_float_3_3
Parameters: 0.999994 0.00280776 -0.00198556 -0.00279816 0.999985 0.00457724 0.00199857 -0.00457176 0.999988 -0.311655 0.0539226 -0.56802
FixedParameters: 0 0 0

#Transform 89
Transform: AffineTransform_float_3_3
Parameters: 0.999996 0.00249153 -0.00150604 -0.00248368 0.999986 0.00458263 0.00151726 -0.00457938 0.999989 -0.307353 0.0496836 -0.613348
FixedParameters: 0 0 0

#Transform 90
Transform: AffineTransform_float_3_3
Parameters: 0.999996 0.00246645 -0.00180414 -0.00245764 0.999986 0.00471096 0.00181561 -0.00470704 0.999987 -0.315626 0.0593506 -0.546571
FixedParameters: 0 0 0

#Transform 91
Transform: AffineTransform_float_3_3
Parameters: 0.999995 0.00267132 -0.00159749 -0.00266313 0.999984 0.00495578 0.00161089 -0.00495221 0.999986 -0.312259 0.0458647 -0.60901
FixedParameters: 0 0 0

#Transform 92
Transform: AffineTransform_float_3_3
Parameters: 0.999995 0.00258856 -0.00193854 -0.00257781 0.999983 0.00541954 0.00195244 -0.00541447 0.999983 -0.321633 0.057056 -0.572505
FixedParameters: 0 0 0

#Transform 93
Transform: AffineTransform_float_3_3
Parameters: 0.999995 0.00250199 -0.00152884 -0.00249373 0.999981 0.00562655 0.00154338 -0.00562245 0.999983 -0.296624 0.0391106 -0.629413
FixedParameters: 0 0 0

#Transform 94
Transform: AffineTransform_float_3_3
Parameters: 0.999996 0.00252912 -0.00175979 -0.00251823 0.99998 0.00574633 0.00177431 -0.00574168 0.999982 -0.328705 0.0388659 -0.625578
FixedParameters: 0 0 0

#Transform 95
Transform: AffineTransform_float_3_3
Parameters: 0.999996 0.00242566 -0.00150168 -0.00241651 0.99998 0.00584837 0.00151512 -0.00584463 0.999982 -0.343085 0.0427518 -0.633205
FixedParameters: 0 0 0

#Transform 96
Transform: AffineTransform_float_3_3
Parameters: 0.999995 0.00254535 -0.00148509 -0.00253634 0.999979 0.00599651 0.00149977 -0.00599249 0.999981 -0.301827 0.0326434 -0.666835
FixedParameters: 0 0 0

#Transform 97
Transform: AffineTransform_float_3_3
Parameters: 0.999995 0.00256575 -0.00186239 -0.00255362 0.999978 0.00621466 0.00187827 -0.00620935 0.999979 -0.326596 0.056496 -0.604428
FixedParameters: 0 0 0

#Transform 98
Transform: AffineTransform_float_3_3
Parameters: 0.999995 0.00238928 -0.00197283 -0.00237554 0.999973 0.0069351 0.00198887 -0.0069299 0.999975 -0.306292 0.0573827 -0.61563
FixedParameters: 0 0 0

#Transform 99
Transform: AffineTransform_float_3_3
Parameters: 0.999994 0.00249866 -0.00211211 -0.00248562 0.999977 0.00643795 0.00212851 -0.00643306 0.999977 -0.331213 0.0339642 -0.621665
FixedParameters: 0 0 0

#Transform 100
Transform: AffineTransform_float_3_3
Parameters: 0.999994 0.0026922 -0.00208774 -0.00267809 0.999974 0.00673329 0.00210598 -0.00672771 0.999975 -0.299849 0.0180151 -0.745015
FixedParameters: 0 0 0

#Transform 101
Transform: AffineTransform_float_3_3
Parameters: 0.99999 0.0016331 -0.00422198 -0.00159275 0.999954 0.00948435 0.00423798 -0.00947765 0.999946 -0.0539616 0.0489556 -0.825629
FixedParameters: 0 0 0

#Transform 102
Transform: AffineTransform_float_3_3
Parameters: 0.999989 0.00215061 -0.00432872 -0.00210913 0.999953 0.0094972 0.00434958 -0.0094878 0.999945 -0.173471 0.0979336 -0.654676
FixedParameters: 0 0 0

#Transform 103
Transform: AffineTransform_float_3_3
Parameters: 0.999988 0.00222812 -0.00450721 -0.00218688 0.999956 0.00914008 0.00452705 -0.00912992 0.999948 -0.24261 0.109153 -0.589624
FixedParameters: 0 0 0

#Transform 104
Transform: AffineTransform_float_3_3
Parameters: 0.999989 0.00233564 -0.00419241 -0.00229699 0.999956 0.00913934 0.00421398 -0.00912966 0.999949 -0.263194 0.0924074 -0.606558
FixedParameters: 0 0 0

#Transform 105
Transform: AffineTransform_float_3_3
Parameters: 0.99999 0.00218586 -0.00404922 -0.00214836 0.999953 0.00943376 0.00406973 -0.00942525 0.999948 -0.225996 0.102237 -0.631381
FixedParameters: 0 0 0

#Transform 106
Transform: AffineTransform_float_3_3
Parameters: 0.999992 0.00193158 -0.00365926 -0.00189558 0.99995 0.00982088 0.00367845 -0.00981312 0.999945 -0.2476 0.0905219 -0.644784
FixedParameters: 0 0 0

#Transform 107
Transform: AffineTransform_float_3_3
Parameters: 0.999989 0.00223583 -0.00406803 -0.00219583 0.999949 0.00990449 0.0040901 -0.00989552 0.999942 -0.244485 0.0906319 -0.629935
FixedParameters: 0 0 0

#Transform 108
Transform: AffineTransform_float_3_3
Parameters: 0.99999 0.00203468 -0.0038064 -0.00199809 0.999952 0.00962335 0.00382498 -0.00961565 0.999946 -0.249074 0.0786949 -0.635571
FixedParameters: 0 0 0

#Transform 109
Transform: AffineTransform_float_3_3
Parameters: 0.999991 0.0021967 -0.00358584 -0.00216189 0.999949 0.00983398 0.00360808 -0.00982601 0.999945 -0.271881 0.0772072 -0.611677
FixedParameters: 0 0 0

#Transform 110
Transform: AffineTransform_float_3_3
Parameters: 0.999992 0.00205866 -0.00346869 -0.00202442 0.99995 0.0097086 0.00348877 -0.00970139 0.999947 -0.248045 0.0827919 -0.595205
FixedParameters: 0 0 0

#Transform 111
Transform: AffineTransform_float_3_3
Parameters: 0.999991 0.00264825 -0.00314535 -0.00261727 0.999947 0.00996643 0.00317118 -0.00995756 0.999945 -0.304287 0.0746865 -0.485754
FixedParameters: 0 0 0

#Transform 112
Transform: AffineTransform_float_3_3
Parameters: 0.999991 0.00248451 -0.00327812 -0.00245234 0.999951 0.00962939 0.00330085 -0.00962161 0.999948 -0.321094 0.0828217 -0.516239
FixedParameters: 0 0 0

#Transform 113
Transform: AffineTransform_float_3_3
Parameters: 0.999989 0.0024257 -0.00390234 -0.00238862 0.999954 0.00926151 0.00392499 -0.00925249 0.999949 -0.277996 0.0892149 -0.560584
FixedParameters: 0 0 0

#Transform 114
Transform: AffineTransform_float_3_3
Parameters: 0.999991 0.0025473 -0.00324196 -0.00251509 0.99995 0.0097405 0.00326645 -0.00973249 0.999947 -0.294345 0.0846723 -0.614434
FixedParameters: 0 0 0

#Transform 115
Transform: AffineTransform_float_3_3
Parameters: 0.99999 0.00256307 -0.00350453 -0.00252766 0.999946 0.0101014 0.00353086 -0.0100926 0.999942 -0.303959 0.0762512 -0.585985
FixedParameters: 0 0 0

#Transform 116
Transform: AffineTransform_float_3_3
Parameters: 0.999991 0.00266423 -0.00331513 -0.00263227 0.999948 0.00974423 0.00334047 -0.00973576 0.999947 -0.315442 0.0705685 -0.608113
FixedParameters: 0 0 0

#Transform 117
Transform: AffineTransform_float_3_3
Parameters: 0.999991 0.00252018 -0.00346694 -0.00248731 0.99995 0.00966049 0.00349075 -0.00965151 0.999947 -0.309994 0.0760253 -0.573434
FixedParameters: 0 0 0

#Transform 118
Transform: AffineTransform_float_3_3
Parameters: 0.99999 0.00260614 -0.00379403 -0.00256854 0.999948 0.00979593 0.00381909 -0.00978606 0.999945 -0.290506 0.0743737 -0.580861
FixedParameters: 0 0 0

#Transform 119
Transform: AffineTransform_float_3_3
Parameters: 0.99999 0.002519 -0.00371155 -0.0024827 0.999949 0.00978625 0.0037358 -0.00977676 0.999945 -0.321029 0.0743303 -0.560136
FixedParameters: 0 0 0

#Transform 120
Transform: AffineTransform_float_3_3
Parameters: 0.999988 0.00248997 -0.00417487 -0.0024502 0.999952 0.00944994 0.00419802 -0.00943906 0.999947 -0.295846 0.0830764 -0.574649
FixedParameters: 0 0 0

#Transform 121
Transform: AffineTransform_float_3_3
Parameters: 0.99999 0.00250202 -0.00385256 -0.00246389 0.999949 0.00983669 0.00387618 -0.00982733 0.999945 -0.316852 0.0814628 -0.57449
FixedParameters: 0 0 0

#Transform 122
Transform: AffineTransform_float_3_3
Parameters: 0.999988 0.00257049 -0.00420708 -0.00252971 0.99995 0.009698 0.00423156 -0.009687 0.999944 -0.29536 0.0814211 -0.567686
FixedParameters: 0 0 0

#Transform 123
Transform: AffineTransform_float_3_3
Parameters: 0.999989 0.00280009 -0.00360062 -0.00276336 0.999946 0.00999427 0.0036289 -0.00998473 0.999943 -0.308021 0.0597553 -0.631471
FixedParameters: 0 0 0

#Transform 124
Transform: AffineTransform_float_3_3
Parameters: 0.999989 0.0028928 -0.00349157 -0.0028574 0.999945 0.0100387 0.00352065 -0.0100283 0.999944 -0.330131 0.0610367 -0.613164
FixedParameters: 0 0 0

#Transform 125
Transform: AffineTransform_float_3_3
Parameters: 0.999989 0.00291465 -0.00353066 -0.00287851 0.999945 0.0100885 0.00355954 -0.0100785 0.999943 -0.318849 0.0699317 -0.591477
FixedParameters: 0 0 0

#Transform 126
Transform: AffineTransform_float_3_3
Parameters: 0.99999 0.00276514 -0.00353135 -0.00273086 0.99995 0.00966216 0.00355765 -0.00965183 0.999947 -0.312265 0.0795669 -0.624971
FixedParameters: 0 0 0

#Transform 127
Transform: AffineTransform_float_3_3
Parameters: 0.99999 0.00281716 -0.00346847 -0.00278227 0.999944 0.0101652 0.00349714 -0.0101548 0.999942 -0.331562 0.0781104 -0.61348
FixedParameters: 0 0 0

#Transform 128
Transform: AffineTransform_float_3_3
Parameters: 0.99999 0.00277204 -0.00334709 -0.00273739 0.999945 0.0101647 0.00337499 -0.0101553 0.999943 -0.288769 0.0690739 -0.645426
FixedParameters: 0 0 0

#Transform 129
Transform: AffineTransform_float_3_3
Parameters: 0.99999 0.00264419 -0.00354254 -0.00260858 0.999943 0.0103153 0.00356925 -0.0103057 0.999941 -0.311711 0.0731295 -0.637904
FixedParameters: 0 0 0

#Transform 130
Transform: AffineTransform_float_3_3
Parameters: 0.99999 0.00264628 -0.00348028 -0.00261039 0.999942 0.010408 0.00350713 -0.010398 0.99994 -0.284349 0.0630088 -0.641691
FixedParameters: 0 0 0

#Transform 131
Transform: AffineTransform_float_3_3
Parameters: 0.99999 0.00280138 -0.00365539 -0.00276312 0.999942 0.0104634 0.00368431 -0.0104536 0.999938 -0.324497 0.0750861 -0.627052
FixedParameters: 0 0 0

#Transform 132
Transform: AffineTransform_float_3_3
Parameters: 0.99999 0.00245354 -0.00370975 -0.00241447 0.999941 0.0105131 0.00373517 -0.0105048 0.999938 -0.269041 0.0729687 -0.6663
FixedParameters: 0 0 0

#Transform 133
Transform: AffineTransform_float_3_3
Parameters: 0.999988 0.00296343 -0.00372833 -0.00292525 0.999943 0.0103004 0.00375875 -0.0102896 0.999941 -0.26946 0.0812867 -0.63055
FixedParameters: 0 0 0

#Transform 134
Transform: AffineTransform_float_3_3
Parameters: 0.999989 0.00264264 -0.00371961 -0.0026027 0.999939 0.0107557 0.0037475 -0.0107453 0.999935 -0.288237 0.0776218 -0.639234
FixedParameters: 0 0 0

#Transform 135
Transform: AffineTransform_float_3_3
Parameters: 0.99999 0.00279662 -0.00365124 -0.0027584 0.999942 0.0104694 0.00368009 -0.0104596 0.999938 -0.29548 0.0793043 -0.659381
FixedParameters: 0 0 0

#Transform 136
Transform: AffineTransform_float_3_3
Parameters: 0.999989 0.00270675 -0.00394622 -0.0026628 0.999936 0.0109777 0.00397558 -0.0109663 0.999932 -0.270683 0.0749423 -0.729404
FixedParameters: 0 0 0

#Transform 137
Transform: AffineTransform_float_3_3
Parameters: 0.999989 0.00266397 -0.00366184 -0.00262483 0.99994 0.0106373 0.0036901 -0.0106277 0.999936 -0.304223 0.0845595 -0.715913
FixedParameters: 0 0 0

#Transform 138
Transform: AffineTransform_float_3_3
Parameters: 0.999989 0.00270124 -0.0036805 -0.00266121 0.999937 0.0108786 0.00371032 -0.0108694 0.999934 -0.294616 0.0802758 -0.693802
FixedParameters: 0 0 0

#Transform 139
Transform: AffineTransform_float_3_3
Parameters: 0.999989 0.00252574 -0.00407304 -0.00248084 0.999937 0.0109328 0.0040999 -0.0109222 0.999932 -0.274434 0.0739231 -0.693431
FixedParameters: 0 0 0

#Transform 140
Transform: AffineTransform_float_3_3
Parameters: 0.999989 0.00261128 -0.0038373 -0.00256857 0.999935 0.0110747 0.003866 -0.0110653 0.999931 -0.26533 0.0683628 -0.710168
FixedParameters: 0 0 0

#Transform 141
Transform: AffineTransform_float_3_3
Parameters: 0.99999 0.002595 -0.00368778 -0.00255413 0.999935 0.0110961 0.00371678 -0.0110869 0.999931 -0.285202 0.0820382 -0.716665
FixedParameters: 0 0 0

#Transform 142
Transform: AffineTransform_float_3_3
Parameters: 0.999989 0.00287076 -0.00364983 -0.00282857 0.999932 0.0113487 0.00368191 -0.0113383 0.999929 -0.270294 0.0827252 -0.739988
FixedParameters: 0 0 0

#Transform 143
Transform: AffineTransform_float_3_3
Parameters: 0.999991 0.00273792 -0.00330523 -0.0027006 0.999931 0.0114013 0.00333569 -0.0113917 0.999929 -0.270508 0.0875949 -0.756452
FixedParameters: 0 0 0

#Transform 144
Transform: AffineTransform_float_3_3
Parameters: 0.999989 0.00264782 -0.00367821 -0.00260511 0.99993 0.0116013 0.00370957 -0.0115917 0.999926 -0.281115 0.0880412 -0.75213
FixedParameters: 0 0 0

#Transform 145
Transform: AffineTransform_float_3_3
Parameters: 0.999991 0.00252259 -0.00359169 -0.00248065 0.999928 0.0117209 0.00362167 -0.011712 0.999925 -0.251416 0.0912848 -0.728632
FixedParameters: 0 0 0

#Transform 146
Transform: AffineTransform_float_3_3
Parameters: 0.99999 0.00253337 -0.00351885 -0.00249129 0.999927 0.0118497 0.00354933 -0.0118403 0.999924 -0.262492 0.0798097 -0.774218
FixedParameters: 0 0 0

#Transform 147
Transform: AffineTransform_float_3_3
Parameters: 0.999991 0.00251168 -0.00339403 -0.00247181 0.999929 0.0116343 0.0034231 -0.0116257 0.999927 -0.266272 0.0852509 -0.782429
FixedParameters: 0 0 0

#Transform 148
Transform: AffineTransform_float_3_3
Parameters: 0.999991 0.00240252 -0.00334815 -0.00236281 0.999926 0.0119088 0.00337638 -0.0119012 0.999923 -0.247796 0.089001 -0.791711
FixedParameters: 0 0 0

#Transform 149
Transform: AffineTransform_float_3_3
Parameters: 0.99999 0.00237414 -0.00359844 -0.00233186 0.999927 0.0118218 0.00362672 -0.0118132 0.999924 -0.253888 0.0842707 -0.820537
FixedParameters: 0 0 0

#Transform 150
Transform: AffineTransform_float_3_3
Parameters: 0.999991 0.00210125 -0.00388107 -0.00205547 0.999928 0.0117899 0.00390614 -0.0117821 0.999923 -0.246503 0.096218 -0.785853
FixedParameters: 0 0 0

#Transform 151
Transform: AffineTransform_float_3_3
Parameters: 0.999991 0.0020924 -0.00383635 -0.00204617 0.999925 0.0120888 0.0038606 -0.0120812 0.99992 -0.232075 0.104358 -0.814457
FixedParameters: 0 0 0

#Transform 152
Transform: AffineTransform_float_3_3
Parameters: 0.99999 0.00220142 -0.00375032 -0.00215727 0.999928 0.0117899 0.00377607 -0.0117811 0.999923 -0.236481 0.102198 -0.858067
FixedParameters: 0 0 0

#Transform 153
Transform: AffineTransform_float_3_3
Parameters: 0.999989 0.00201573 -0.00407295 -0.00196546 0.999921 0.0123814 0.00409711 -0.0123735 0.999915 -0.24204 0.10293 -0.823133
FixedParameters: 0 0 0

#Transform 154
Transform: AffineTransform_float_3_3
Parameters: 0.999992 0.00217629 -0.00355432 -0.00213247 0.999922 0.012316 0.00358043 -0.012309 0.999918 -0.237108 0.0774918 -0.853996
FixedParameters: 0 0 0

#Transform 155
Transform: AffineTransform_float_3_3
Parameters: 0.999989 0.00193731 -0.00423305 -0.00188544 0.999925 0.0121213 0.00425648 -0.0121127 0.999917 -0.228684 0.0974327 -0.810267
FixedParameters: 0 0 0

#Transform 156
Transform: AffineTransform_float_3_3
Parameters: 0.999989 0.00185936 -0.0041997 -0.0018073 0.99992 0.012504 0.00422251 -0.012497 0.999913 -0.219116 0.0918179 -0.840961
FixedParameters: 0 0 0

#Transform 157
Transform: AffineTransform_float_3_3
Parameters: 0.999989 0.0020627 -0.00407694 -0.00201096 0.999918 0.0127061 0.00410303 -0.0126979 0.999911 -0.242957 0.0938028 -0.846124
FixedParameters: 0 0 0

#Transform 158
Transform: AffineTransform_float_3_3
Parameters: 0.999991 0.0019492 -0.0039228 -0.00189859 0.999916 0.0128962 0.00394729 -0.0128888 0.999909 -0.214035 0.0827628 -0.902826
FixedParameters: 0 0 0

#Transform 159
Transform: AffineTransform_float_3_3
Parameters: 0.99999 0.00229909 -0.00399911 -0.00224635 0.999911 0.0131507 0.00402915 -0.0131423 0.999905 -0.222263 0.0896584 -0.89255
FixedParameters: 0 0 0

#Transform 160
Transform: AffineTransform_float_3_3
Parameters: 0.99999 0.00219265 -0.00405689 -0.00213941 0.999914 0.0129336 0.00408502 -0.0129244 0.999908 -0.252748 0.092109 -0.858862
FixedParameters: 0 0 0

#Transform 161
Transform: AffineTransform_float_3_3
Parameters: 0.999989 0.00224699 -0.00406491 -0.00219491 0.999917 0.0127029 0.00409212 -0.0126931 0.999911 -0.227463 0.0980246 -0.830852
FixedParameters: 0 0 0

#Transform 162
Transform: AffineTransform_float_3_3
Parameters: 0.999989 0.00233553 -0.00409965 -0.00228204 0.999912 0.0130813 0.00412978 -0.0130707 0.999906 -0.260378 0.0882381 -0.839166
FixedParameters: 0 0 0

#Transform 163
Transform: AffineTransform_float_3_3
Parameters: 0.999989 0.0022037 -0.00425307 -0.00214746 0.999912 0.0131054 0.00428153 -0.0130966 0.999906 -0.227013 0.0912015 -0.827493
FixedParameters: 0 0 0

#Transform 164
Transform: AffineTransform_float_3_3
Parameters: 0.999989 0.0023025 -0.00408586 -0.0022488 0.999911 0.0131523 0.00411544 -0.0131427 0.999906 -0.26113 0.0866652 -0.851945
FixedParameters: 0 0 0

#Transform 165
Transform: AffineTransform_float_3_3
Parameters: 0.99999 0.00219215 -0.00389294 -0.00214102 0.999912 0.0130878 0.00392136 -0.0130792 0.999906 -0.26476 0.0739659 -0.911961
FixedParameters: 0 0 0

#Transform 166
Transform: AffineTransform_float_3_3
Parameters: 0.999986 0.00205046 -0.00473591 -0.00198313 0.999897 0.0142124 0.00476437 -0.0142036 0.999888 -0.15286 0.0863526 -0.881251
FixedParameters: 0 0 0

#Transform 167
Transform: AffineTransform_float_3_3
Parameters: 0.999983 0.00176837 -0.00563972 -0.00169149 0.999906 0.0135724 0.00566263 -0.0135625 0.999892 -0.10504 0.121626 -0.765673
FixedParameters: 0 0 0

#Transform 168
Transform: AffineTransform_float_3_3
Parameters: 0.999984 0.00157506 -0.00541847 -0.00150351 0.999911 0.0132022 0.0054385 -0.0131938 0.999898 -0.196092 0.141489 -0.743924
FixedParameters: 0 0 0

#Transform 169
Transform: AffineTransform_float_3_3
Parameters: 0.999984 0.00180771 -0.00523518 -0.00173575 0.999905 0.0136723 0.00525855 -0.0136627 0.999893 -0.204377 0.150087 -0.75742
FixedParameters: 0 0 0

#Transform 170
Transform: AffineTransform_float_3_3
Parameters: 0.999986 0.00212423 -0.00489211 -0.0020583 0.999907 0.0134846 0.00492017 -0.0134745 0.999898 -0.237582 0.13776 -0.813694
FixedParameters: 0 0 0

#Transform 171
Transform: AffineTransform_float_3_3
Parameters: 0.999987 0.00198925 -0.00483224 -0.00192052 0.999899 0.0141305 0.00485992 -0.0141206 0.999889 -0.21308 0.129883 -0.854821
FixedParameters: 0 0 0

#Transform 172
Transform: AffineTransform_float_3_3
Parameters: 0.999986 0.00213942 -0.00469396 -0.00207404 0.999903 0.0137965 0.00472296 -0.0137864 0.999893 -0.21891 0.116895 -0.857397
FixedParameters: 0 0 0

#Transform 173
Transform: AffineTransform_float_3_3
Parameters: 0.999986 0.00208221 -0.00486064 -0.00201225 0.999895 0.0143451 0.00489036 -0.0143349 0.999886 -0.215414 0.101595 -0.86087
FixedParameters: 0 0 0

#Transform 174
Transform: AffineTransform_float_3_3
Parameters: 0.999985 0.0017852 -0.00504156 -0.00171358 0.999899 0.0141613 0.00506603 -0.0141527 0.999887 -0.199945 0.108679 -0.850048
FixedParameters: 0 0 0

#Transform 175
Transform: AffineTransform_float_3_3
Parameters: 0.999985 0.00197841 -0.00513438 -0.00190759 0.999902 0.0139013 0.00516148 -0.0138917 0.99989 -0.209613 0.126771 -0.830428
FixedParameters: 0 0 0

#Transform 176
Transform: AffineTransform_float_3_3
Parameters: 0.999985 0.00192662 -0.00510475 -0.0018557 0.999902 0.0138643 0.0051308 -0.0138547 0.999891 -0.221172 0.13155 -0.809752
FixedParameters: 0 0 0

#Transform 177
Transform: AffineTransform_float_3_3
Parameters: 0.999986 0.00181703 -0.00495823 -0.00174892 0.999905 0.0136487 0.00498341 -0.0136393 0.999895 -0.207481 0.126601 -0.800223
FixedParameters: 0 0 0

#Transform 178
Transform: AffineTransform_float_3_3
Parameters: 0.999986 0.00188272 -0.00491381 -0.00181397 0.999902 0.0139154 0.00493992 -0.0139055 0.999891 -0.224867 0.128613 -0.775332
FixedParameters: 0 0 0

#Transform 179
Transform: AffineTransform_float_3_3
Parameters: 0.999985 0.00165695 -0.00508422 -0.00159066 0.999914 0.0130213 0.00510578 -0.0130137 0.999903 -0.240671 0.143962 -0.725135
FixedParameters: 0 0 0
