# transform file /out/sourcedata/freesurfer/sub-v1s10x0051011_ses-1/mri/transforms/cc_up.lta
# created by oesteban on Thu Mar 12 03:49:19 2026

type      = 0 # LINEAR_VOX_TO_VOX
nxforms   = 1
mean      = 128.0000 134.0000 125.0000
sigma     = 10000.0000
1 4 4
9.966288805007935e-01 4.413886927068233e-03 -8.192226290702820e-02 9.721953392028809e+00 
-4.399050027132034e-03 9.999901652336121e-01 3.615991154219955e-04 1.051651287078857e+01 
8.192306011915207e-02 2.910382698728675e-11 9.966386556625366e-01 5.021424770355225e+00 
0.000000000000000e+00 0.000000000000000e+00 0.000000000000000e+00 1.000000000000000e+00 
src volume info
valid = 1  # volume info valid
filename = /out/sourcedata/freesurfer/sub-v1s10x0051011_ses-1/mri/norm.mgz
volume = 256 256 256
voxelsize = 1.000000000000000e+00 1.000000000000000e+00 1.000000000000000e+00
xras   = -1.000000000000000e+00 0.000000000000000e+00 0.000000000000000e+00
yras   = 0.000000000000000e+00 0.000000000000000e+00 -1.000000000000000e+00
zras   = 0.000000000000000e+00 1.000000000000000e+00 0.000000000000000e+00
cras   = -5.776977539062500e-02 1.000000000000000e+00 -2.614456176757812e+00
dst volume info
valid = 1  # volume info valid
filename = /out/sourcedata/freesurfer/sub-v1s10x0051011_ses-1/mri/norm.mgz
volume = 256 256 256
voxelsize = 1.000000000000000e+00 1.000000000000000e+00 1.000000000000000e+00
xras   = -1.000000000000000e+00 0.000000000000000e+00 0.000000000000000e+00
yras   = 0.000000000000000e+00 0.000000000000000e+00 -1.000000000000000e+00
zras   = 0.000000000000000e+00 1.000000000000000e+00 0.000000000000000e+00
cras   = -5.776977539062500e-02 1.000000000000000e+00 -2.614456176757812e+00
