# transform file /out/sourcedata/freesurfer/sub-v1s10x0051084_ses-1/mri/transforms/cc_up.lta
# created by oesteban on Thu Mar 12 07:58:41 2026

type      = 0 # LINEAR_VOX_TO_VOX
nxforms   = 1
mean      = 128.0000 132.0000 126.0000
sigma     = 10000.0000
1 4 4
9.982941150665283e-01 -2.083745598793030e-02 -5.454180389642715e-02 9.395493507385254e+00 
2.080642431974411e-02 9.997829794883728e-01 -1.136759063228965e-03 4.480929374694824e+00 
5.455364659428596e-02 -1.164153357047226e-10 9.985108971595764e-01 -8.557420969009399e-01 
0.000000000000000e+00 0.000000000000000e+00 0.000000000000000e+00 1.000000000000000e+00 
src volume info
valid = 1  # volume info valid
filename = /out/sourcedata/freesurfer/sub-v1s10x0051084_ses-1/mri/norm.mgz
volume = 256 256 256
voxelsize = 1.000000000000000e+00 1.000000000000000e+00 1.000000000000000e+00
xras   = -1.000000000000000e+00 0.000000000000000e+00 0.000000000000000e+00
yras   = 0.000000000000000e+00 0.000000000000000e+00 -1.000000000000000e+00
zras   = 0.000000000000000e+00 1.000000000000000e+00 0.000000000000000e+00
cras   = 6.651229858398438e-01 -5.506027221679688e+00 -1.851806640625000e+01
dst volume info
valid = 1  # volume info valid
filename = /out/sourcedata/freesurfer/sub-v1s10x0051084_ses-1/mri/norm.mgz
volume = 256 256 256
voxelsize = 1.000000000000000e+00 1.000000000000000e+00 1.000000000000000e+00
xras   = -1.000000000000000e+00 0.000000000000000e+00 0.000000000000000e+00
yras   = 0.000000000000000e+00 0.000000000000000e+00 -1.000000000000000e+00
zras   = 0.000000000000000e+00 1.000000000000000e+00 0.000000000000000e+00
cras   = 6.651229858398438e-01 -5.506027221679688e+00 -1.851806640625000e+01
