# transform file /out/sourcedata/freesurfer/sub-v1s10x0050958_ses-1/mri/transforms/cc_up.lta
# created by oesteban on Thu Mar 12 00:13:06 2026

type      = 0 # LINEAR_VOX_TO_VOX
nxforms   = 1
mean      = 126.0000 118.0000 112.0000
sigma     = 10000.0000
1 4 4
9.991055727005005e-01 2.097727172076702e-02 -3.671698644757271e-02 1.338277816772461e+00 
-2.096311934292316e-02 9.997799992561340e-01 7.703916053287685e-04 2.865613365173340e+01 
3.672506660223007e-02 1.164153357047226e-10 9.993254542350769e-01 1.631383514404297e+01 
0.000000000000000e+00 0.000000000000000e+00 0.000000000000000e+00 1.000000000000000e+00 
src volume info
valid = 1  # volume info valid
filename = /out/sourcedata/freesurfer/sub-v1s10x0050958_ses-1/mri/norm.mgz
volume = 256 256 256
voxelsize = 1.000000000000000e+00 1.000000000000000e+00 1.000000000000000e+00
xras   = -1.000000000000000e+00 0.000000000000000e+00 0.000000000000000e+00
yras   = 0.000000000000000e+00 0.000000000000000e+00 -1.000000000000000e+00
zras   = 0.000000000000000e+00 1.000000000000000e+00 0.000000000000000e+00
cras   = 3.556671142578125e+00 1.000000000000000e+00 -6.228912353515625e+00
dst volume info
valid = 1  # volume info valid
filename = /out/sourcedata/freesurfer/sub-v1s10x0050958_ses-1/mri/norm.mgz
volume = 256 256 256
voxelsize = 1.000000000000000e+00 1.000000000000000e+00 1.000000000000000e+00
xras   = -1.000000000000000e+00 0.000000000000000e+00 0.000000000000000e+00
yras   = 0.000000000000000e+00 0.000000000000000e+00 -1.000000000000000e+00
zras   = 0.000000000000000e+00 1.000000000000000e+00 0.000000000000000e+00
cras   = 3.556671142578125e+00 1.000000000000000e+00 -6.228912353515625e+00
