# transform file /out/sourcedata/freesurfer/sub-v1s10x0051131_ses-1/mri/transforms/cc_up.lta
# created by oesteban on Thu Mar 12 10:31:44 2026

type      = 0 # LINEAR_VOX_TO_VOX
nxforms   = 1
mean      = 131.0000 136.0000 117.0000
sigma     = 10000.0000
1 4 4
9.873116612434387e-01 -7.458063215017319e-02 1.401914060115814e-01 -6.368969440460205e+00 
7.383996248245239e-02 9.972150921821594e-01 1.048476248979568e-02 -6.320827484130859e+00 
-1.405829191207886e-01 0.000000000000000e+00 9.900690317153931e-01 4.124392318725586e+01 
0.000000000000000e+00 0.000000000000000e+00 0.000000000000000e+00 1.000000000000000e+00 
src volume info
valid = 1  # volume info valid
filename = /out/sourcedata/freesurfer/sub-v1s10x0051131_ses-1/mri/norm.mgz
volume = 256 256 256
voxelsize = 1.000000000000000e+00 1.000000000000000e+00 1.000000000000000e+00
xras   = -1.000000000000000e+00 0.000000000000000e+00 0.000000000000000e+00
yras   = 0.000000000000000e+00 0.000000000000000e+00 -1.000000000000000e+00
zras   = 0.000000000000000e+00 1.000000000000000e+00 0.000000000000000e+00
cras   = -1.503555297851562e+00 -6.951812744140625e+00 1.000000000000000e+00
dst volume info
valid = 1  # volume info valid
filename = /out/sourcedata/freesurfer/sub-v1s10x0051131_ses-1/mri/norm.mgz
volume = 256 256 256
voxelsize = 1.000000000000000e+00 1.000000000000000e+00 1.000000000000000e+00
xras   = -1.000000000000000e+00 0.000000000000000e+00 0.000000000000000e+00
yras   = 0.000000000000000e+00 0.000000000000000e+00 -1.000000000000000e+00
zras   = 0.000000000000000e+00 1.000000000000000e+00 0.000000000000000e+00
cras   = -1.503555297851562e+00 -6.951812744140625e+00 1.000000000000000e+00
