# transform file /out/sourcedata/freesurfer/sub-v1s10x0050966_ses-1/mri/transforms/cc_up.lta
# created by oesteban on Thu Mar 12 01:19:38 2026

type      = 0 # LINEAR_VOX_TO_VOX
nxforms   = 1
mean      = 129.0000 149.0000 129.0000
sigma     = 10000.0000
1 4 4
9.981487989425659e-01 4.629526659846306e-02 -3.944420441985130e-02 -2.285949945449829e+00 
-4.625916481018066e-02 9.989278316497803e-01 1.828040112741292e-03 4.899625778198242e+00 
3.948654234409332e-02 1.164153357047226e-10 9.992201328277588e-01 -2.015391826629639e+00 
0.000000000000000e+00 0.000000000000000e+00 0.000000000000000e+00 1.000000000000000e+00 
src volume info
valid = 1  # volume info valid
filename = /out/sourcedata/freesurfer/sub-v1s10x0050966_ses-1/mri/norm.mgz
volume = 256 256 256
voxelsize = 1.000000000000000e+00 1.000000000000000e+00 1.000000000000000e+00
xras   = -1.000000000000000e+00 0.000000000000000e+00 0.000000000000000e+00
yras   = 0.000000000000000e+00 0.000000000000000e+00 -1.000000000000000e+00
zras   = 0.000000000000000e+00 1.000000000000000e+00 0.000000000000000e+00
cras   = -5.840904235839844e+00 2.771072387695312e-01 -4.783142089843750e+00
dst volume info
valid = 1  # volume info valid
filename = /out/sourcedata/freesurfer/sub-v1s10x0050966_ses-1/mri/norm.mgz
volume = 256 256 256
voxelsize = 1.000000000000000e+00 1.000000000000000e+00 1.000000000000000e+00
xras   = -1.000000000000000e+00 0.000000000000000e+00 0.000000000000000e+00
yras   = 0.000000000000000e+00 0.000000000000000e+00 -1.000000000000000e+00
zras   = 0.000000000000000e+00 1.000000000000000e+00 0.000000000000000e+00
cras   = -5.840904235839844e+00 2.771072387695312e-01 -4.783142089843750e+00
