#Insight Transform File V1.0
#Transform 0
Transform: AffineTransform_float_3_3
Parameters: 1 -0.000137942 -0.000289081 0.0001379 1 -7.40399e-05 0.000289101 7.39601e-05 1 -0.0500025 -0.347398 -0.551505
FixedParameters: 0 0 0

#Transform 1
Transform: AffineTransform_float_3_3
Parameters: 0.999999 0.000732485 0.000274728 -0.000732575 0.999999 0.000164799 -0.000274486 -0.000165201 1 -0.0161109 0.0830475 0.0597969
FixedParameters: 0 0 0

#Transform 2
Transform: AffineTransform_float_3_3
Parameters: 0.999999 0.000702101 0.000202641 -0.000702925 0.999999 -0.000238142 -0.000202584 0.000237858 1 -0.0234716 0.0944218 0.0207867
FixedParameters: 0 0 0

#Transform 3
Transform: AffineTransform_float_3_3
Parameters: 0.999999 0.00107663 0.0010844 -0.00107704 0.999999 -0.000232961 -0.00108451 0.000232039 0.999999 -0.010126 0.0842136 -0.022576
FixedParameters: 0 0 0

#Transform 4
Transform: AffineTransform_float_3_3
Parameters: 0.999999 0.001206 0.000860687 -0.0012054 0.999999 -0.000660191 -0.000860966 0.00065881 0.999999 -0.0164649 0.0894273 -0.0429476
FixedParameters: 0 0 0

#Transform 5
Transform: AffineTransform_float_3_3
Parameters: 0.999999 0.00132457 0.00078372 -0.00132451 0.999999 -3.68309e-05 -0.000783816 3.61686e-05 1 -0.0182772 0.0809053 -0.0958557
FixedParameters: 0 0 0

#Transform 6
Transform: AffineTransform_float_3_3
Parameters: 0.999998 0.00141305 0.00125429 -0.00141265 0.999998 -0.000371565 -0.00125402 0.000369435 0.999999 -0.0125261 0.0741484 -0.0771339
FixedParameters: 0 0 0

#Transform 7
Transform: AffineTransform_float_3_3
Parameters: 0.999999 0.00141974 0.00114157 -0.00141909 0.999999 -0.000518773 -0.00114172 0.000516227 0.999999 0.000755528 0.0961601 -0.0933151
FixedParameters: 0 0 0

#Transform 8
Transform: AffineTransform_float_3_3
Parameters: 0.999998 0.00123084 0.00144227 -0.00122905 0.999999 -0.000804207 -0.00144293 0.000802792 0.999999 0.00252958 0.0882102 -0.049856
FixedParameters: 0 0 0

#Transform 9
Transform: AffineTransform_float_3_3
Parameters: 0.999998 0.00123122 0.00144195 -0.00122867 0.999999 -0.00106557 -0.00144326 0.00106343 0.999998 0.00252781 0.0742945 -0.0392278
FixedParameters: 0 0 0

#Transform 10
Transform: AffineTransform_float_3_3
Parameters: 0.999998 0.00123069 0.0014424 -0.00122959 0.999999 -0.000700208 -0.00144373 0.000698791 0.999999 0.00250264 0.0834989 -0.0589622
FixedParameters: 0 0 0

#Transform 11
Transform: AffineTransform_float_3_3
Parameters: 0.999999 0.00106993 0.00106409 -0.00106878 0.999999 -0.00078793 -0.00106446 0.000787068 0.999999 0.00745677 0.0802722 -0.0353635
FixedParameters: 0 0 0

#Transform 12
Transform: AffineTransform_float_3_3
Parameters: 0.999998 0.00124005 0.00146326 -0.00123781 0.999999 -0.000947606 -0.00146429 0.000945393 0.999998 -0.0166553 0.087784 -0.070099
FixedParameters: 0 0 0

#Transform 13
Transform: AffineTransform_float_3_3
Parameters: 0.999998 0.00115678 0.00126842 -0.0011558 1 -0.000747261 -0.00126975 0.00074574 0.999999 -0.0072653 0.0905535 -0.0326504
FixedParameters: 0 0 0

#Transform 14
Transform: AffineTransform_float_3_3
Parameters: 0.999999 0.000635878 0.00161606 -0.000634215 1 -0.00108467 -0.00161666 0.00108333 0.999998 -0.0119612 0.0900884 -0.0347002
FixedParameters: 0 0 0

#Transform 15
Transform: AffineTransform_float_3_3
Parameters: 0.999999 0.000988877 0.00087363 -0.00098715 1 -0.000765016 -0.00087422 0.000763984 0.999999 0.000927695 0.0851298 -0.051454
FixedParameters: 0 0 0

#Transform 16
Transform: AffineTransform_float_3_3
Parameters: 0.999998 0.00108411 0.00129932 -0.00108304 0.999999 -0.000764841 -0.00130059 0.000764158 0.999999 -0.0209244 0.0822282 -0.0411511
FixedParameters: 0 0 0

#Transform 17
Transform: AffineTransform_float_3_3
Parameters: 0.999999 0.00117821 0.00131912 -0.00117736 0.999999 -0.000670987 -0.00132031 0.000670012 0.999999 -0.0141825 0.0938753 -0.0720012
FixedParameters: 0 0 0

#Transform 18
Transform: AffineTransform_float_3_3
Parameters: 0.999998 0.00101255 0.00166112 -0.00101054 0.999999 -0.00104147 -0.00166153 0.00103953 0.999998 -0.0072075 0.0801752 -0.0483833
FixedParameters: 0 0 0

#Transform 19
Transform: AffineTransform_float_3_3
Parameters: 0.999998 0.000821224 0.00178497 -0.000820348 0.999999 -0.000761746 -0.00178544 0.000760254 0.999998 -0.0110128 0.0886474 -0.06941
FixedParameters: 0 0 0

#Transform 20
Transform: AffineTransform_float_3_3
Parameters: 0.999998 0.000778966 0.00155413 -0.000778462 0.999999 -0.000458491 -0.00155445 0.000457509 0.999999 -0.00847915 0.0934567 -0.0351788
FixedParameters: 0 0 0

#Transform 21
Transform: AffineTransform_float_3_3
Parameters: 0.999999 0.000595258 0.00141055 -0.000593798 0.999999 -0.00117048 -0.00141116 0.00116952 0.999998 -0.021559 0.102684 -0.0460664
FixedParameters: 0 0 0

#Transform 22
Transform: AffineTransform_float_3_3
Parameters: 0.999999 0.000557717 0.001633 -0.000556135 0.999999 -0.00076619 -0.00163346 0.000765809 0.999998 -0.00276274 0.0907563 -0.0262825
FixedParameters: 0 0 0

#Transform 23
Transform: AffineTransform_float_3_3
Parameters: 0.999999 0.000718954 0.0016155 -0.000718824 1 -0.000325442 -0.00161557 0.000324558 0.999999 -0.0169104 0.101313 0.0252745
FixedParameters: 0 0 0

#Transform 24
Transform: AffineTransform_float_3_3
Parameters: 0.999998 0.000663273 0.00148159 -0.000662112 1 -0.00101362 -0.00148215 0.00101238 0.999999 -0.0138032 0.0966951 -0.06108
FixedParameters: 0 0 0

#Transform 25
Transform: AffineTransform_float_3_3
Parameters: 0.999997 0.000671346 0.00205837 -0.000670921 1 -0.000327662 -0.00205842 0.000326338 0.999997 -0.0212593 0.0929999 -0.0240469
FixedParameters: 0 0 0

#Transform 26
Transform: AffineTransform_float_3_3
Parameters: 0.999999 0.000717851 0.00161161 -0.000716411 0.999999 -0.000611436 -0.00161118 0.000610564 0.999999 -0.00551455 0.0955528 -0.0630637
FixedParameters: 0 0 0

#Transform 27
Transform: AffineTransform_float_3_3
Parameters: 0.999998 0.000783737 0.00177052 -0.000784408 1 0.000189178 -0.00177023 -0.000189821 0.999998 -0.00764698 0.0802628 -0.0745171
FixedParameters: 0 0 0

#Transform 28
Transform: AffineTransform_float_3_3
Parameters: 0.999998 0.000602572 0.00177692 -0.000600884 0.999999 -0.000734349 -0.00177741 0.000733649 0.999998 -0.00432567 0.102788 -0.0514314
FixedParameters: 0 0 0

#Transform 29
Transform: AffineTransform_float_3_3
Parameters: 0.999999 0.000350841 0.00181437 -0.000350103 1 -0.000564764 -0.00181529 0.000564236 0.999998 2.03108e-06 0.0939284 -0.0691166
FixedParameters: 0 0 0

#Transform 30
Transform: AffineTransform_float_3_3
Parameters: 0.999998 0.000661687 0.00147901 -0.000660433 0.999999 -0.000735258 -0.00147959 0.000734741 0.999999 -0.00386444 0.0923519 -0.0317804
FixedParameters: 0 0 0

#Transform 31
Transform: AffineTransform_float_3_3
Parameters: 0.999998 0.00068007 0.00152227 -0.000678779 0.999999 -0.000726315 -0.00152286 0.000725685 0.999999 -0.00447297 0.0890921 -0.0576146
FixedParameters: 0 0 0

#Transform 32
Transform: AffineTransform_float_3_3
Parameters: 0.999998 0.000684553 0.0015334 -0.000683673 0.999999 -0.00058733 -0.00153382 0.00058667 0.999999 -0.00460119 0.0811922 -0.0534938
FixedParameters: 0 0 0

#Transform 33
Transform: AffineTransform_float_3_3
Parameters: 0.999998 0.000661597 0.00147905 -0.000660524 0.999999 -0.000674259 -0.00147955 0.000673741 0.999999 -0.00383449 0.0821163 -0.00426505
FixedParameters: 0 0 0

#Transform 34
Transform: AffineTransform_float_3_3
Parameters: 0.999999 0.000742948 0.00166829 -0.000740685 0.999999 -0.00111388 -0.00166824 0.00111212 0.999998 -0.0147079 0.078768 -0.0805374
FixedParameters: 0 0 0

#Transform 35
Transform: AffineTransform_float_3_3
Parameters: 0.999999 0.00032835 0.00183586 -0.000327411 1 -0.00050673 -0.0018358 0.00050627 0.999998 0.000408256 0.0809049 -0.0392781
FixedParameters: 0 0 0

#Transform 36
Transform: AffineTransform_float_3_3
Parameters: 0.999998 0.000370033 0.00193038 -0.000367528 0.999999 -0.00122684 -0.00193143 0.00122616 0.999998 -0.000835855 0.0895821 -0.0229944
FixedParameters: 0 0 0

#Transform 37
Transform: AffineTransform_float_3_3
Parameters: 0.999999 0.000205532 0.00154007 -0.000201611 0.999998 -0.00229595 -0.00154075 0.00229605 0.999996 0.000502716 0.0429074 -0.0775181
FixedParameters: 0 0 0

#Transform 38
Transform: AffineTransform_float_3_3
Parameters: 0.999998 0.000259675 0.00167287 -0.000257767 0.999999 -0.00084556 -0.00167292 0.000845439 0.999999 0.00244202 0.0717963 -0.0334085
FixedParameters: 0 0 0

#Transform 39
Transform: AffineTransform_float_3_3
Parameters: 0.999999 0.000113219 0.00132778 -0.000111174 1 -0.00111715 -0.00132764 0.00111685 0.999998 -0.0220175 0.0875507 0.000355303
FixedParameters: 0 0 0

#Transform 40
Transform: AffineTransform_float_3_3
Parameters: 0.999999 0.000286061 0.00173647 -0.000285302 1 -0.000483624 -0.00173636 0.000483376 0.999999 -0.0172955 0.0885175 0.00116844
FixedParameters: 0 0 0

#Transform 41
Transform: AffineTransform_float_3_3
Parameters: 0.999999 -8.23046e-05 0.00150758 8.40053e-05 1 -0.000869722 -0.00150705 0.000869278 0.999998 -0.0180619 0.0840901 -0.0175379
FixedParameters: 0 0 0

#Transform 42
Transform: AffineTransform_float_3_3
Parameters: 0.999999 3.60382e-05 0.00181686 -3.55354e-05 1 -0.000752554 -0.00181705 0.000752449 0.999998 -0.000980065 0.0805223 -0.0264068
FixedParameters: 0 0 0

#Transform 43
Transform: AffineTransform_float_3_3
Parameters: 0.999998 -0.000437706 0.00168832 0.000438913 1 -0.00101775 -0.00168757 0.00101925 0.999998 -0.0020615 0.077613 -0.00133041
FixedParameters: 0 0 0

#Transform 44
Transform: AffineTransform_float_3_3
Parameters: 0.999998 -0.00019396 0.00204647 0.000195895 0.999999 -0.00101794 -0.00204621 0.00101806 0.999997 0.0105779 0.0875571 -0.0482138
FixedParameters: 0 0 0

#Transform 45
Transform: AffineTransform_float_3_3
Parameters: 0.999999 -0.000193611 0.00185069 0.000195148 1 -0.00101813 -0.00185043 0.00101887 0.999998 0.00795329 0.0764997 -0.00245239
FixedParameters: 0 0 0

#Transform 46
Transform: AffineTransform_float_3_3
Parameters: 0.999998 0.000121803 0.00198698 -0.000119951 1 -0.000929728 -0.00198642 0.000929272 0.999997 0.00351661 0.0807292 -0.0588555
FixedParameters: 0 0 0

#Transform 47
Transform: AffineTransform_float_3_3
Parameters: 0.999998 -0.000853523 0.0013702 0.000856265 0.999997 -0.00210068 -0.00136859 0.00210232 0.999997 0.0245826 0.0488235 -0.0653924
FixedParameters: 0 0 0

#Transform 48
Transform: AffineTransform_float_3_3
Parameters: 0.999998 -0.000479195 0.00161125 0.000481451 0.999998 -0.00179992 -0.00161019 0.00180008 0.999997 0.0164808 0.0545059 -0.0469618
FixedParameters: 0 0 0

#Transform 49
Transform: AffineTransform_float_3_3
Parameters: 0.999998 -0.000149227 0.00227772 0.00015294 0.999999 -0.00130463 -0.00227746 0.00130537 0.999997 0.00700194 0.0583075 -0.0616652
FixedParameters: 0 0 0

#Transform 50
Transform: AffineTransform_float_3_3
Parameters: 0.999998 -0.000775943 0.00189894 0.000779676 0.999998 -0.00191622 -0.00189662 0.00191778 0.999996 0.0255822 0.0304394 -0.0375834
FixedParameters: 0 0 0

#Transform 51
Transform: AffineTransform_float_3_3
Parameters: 0.999997 -0.00100323 0.00187192 0.00100914 0.999995 -0.00308481 -0.00186875 0.00308719 0.999994 0.0245527 0.0317025 -0.0851519
FixedParameters: 0 0 0

#Transform 52
Transform: AffineTransform_float_3_3
Parameters: 0.999999 -0.000992682 0.00143033 0.00099655 0.999996 -0.00254327 -0.00142817 0.00254473 0.999996 0.0267831 0.038825 -0.0478679
FixedParameters: 0 0 0

#Transform 53
Transform: AffineTransform_float_3_3
Parameters: 0.999998 -0.00102213 0.00173083 0.00102604 0.999997 -0.00238092 -0.00172846 0.00238308 0.999996 0.025814 0.0318357 -0.0571047
FixedParameters: 0 0 0

#Transform 54
Transform: AffineTransform_float_3_3
Parameters: 0.999998 -0.000743987 0.00188053 0.000748873 0.999997 -0.00234529 -0.00187861 0.00234671 0.999996 0.019846 0.0346084 -0.070563
FixedParameters: 0 0 0

#Transform 55
Transform: AffineTransform_float_3_3
Parameters: 0.999999 -0.000763568 0.00133162 0.000767113 0.999998 -0.00197119 -0.00133005 0.00197181 0.999997 0.0270615 0.0388757 -0.0472738
FixedParameters: 0 0 0

#Transform 56
Transform: AffineTransform_float_3_3
Parameters: 0.999997 -0.000800219 0.00205454 0.000804409 0.999997 -0.00229605 -0.00205297 0.00229795 0.999995 0.0199767 0.0362962 -0.0660326
FixedParameters: 0 0 0

#Transform 57
Transform: AffineTransform_float_3_3
Parameters: 0.999998 -0.000810938 0.00185745 0.000815304 0.999998 -0.00198618 -0.00185619 0.00198781 0.999996 0.0122729 0.0582308 -0.0694687
FixedParameters: 0 0 0

#Transform 58
Transform: AffineTransform_float_3_3
Parameters: 0.999998 -0.000650968 0.00223667 0.000653843 1 -0.00102224 -0.00223678 0.00102376 0.999997 0.0231061 0.0610776 -0.026794
FixedParameters: 0 0 0

#Transform 59
Transform: AffineTransform_float_3_3
Parameters: 0.999998 -0.000769645 0.00195711 0.000773119 0.999999 -0.00122218 -0.00195575 0.00122381 0.999997 0.0267177 0.0816804 -0.0121631
FixedParameters: 0 0 0

#Transform 60
Transform: AffineTransform_float_3_3
Parameters: 0.999998 -0.000888788 0.00216144 0.00089096 1 -0.000804772 -0.00216054 0.000807229 0.999997 0.0211038 0.0574531 -0.0393685
FixedParameters: 0 0 0

#Transform 61
Transform: AffineTransform_float_3_3
Parameters: 0.999998 -0.000867166 0.00205581 0.000869832 0.999999 -0.000966757 -0.00205466 0.000968243 0.999998 0.0287676 0.0720343 -0.0103247
FixedParameters: 0 0 0

#Transform 62
Transform: AffineTransform_float_3_3
Parameters: 0.999998 -0.000823115 0.00211088 0.000827075 0.999998 -0.00217996 -0.0021094 0.00218205 0.999996 0.0246691 0.0545029 -0.0889057
FixedParameters: 0 0 0

#Transform 63
Transform: AffineTransform_float_3_3
Parameters: 0.999997 -0.000873375 0.00203277 0.000877241 0.999998 -0.00182276 -0.00203024 0.00182424 0.999997 0.0404059 0.0482459 -0.0667433
FixedParameters: 0 0 0

#Transform 64
Transform: AffineTransform_float_3_3
Parameters: 0.999997 -0.000642929 0.00245471 0.000646452 0.999998 -0.00151845 -0.00245434 0.00151955 0.999996 0.0339948 0.075039 -0.0211517
FixedParameters: 0 0 0

#Transform 65
Transform: AffineTransform_float_3_3
Parameters: 0.999998 -0.000708365 0.00196655 0.000710118 0.999999 -0.00101315 -0.00196525 0.00101385 0.999998 0.0377341 0.0627647 -0.0330784
FixedParameters: 0 0 0

#Transform 66
Transform: AffineTransform_float_3_3
Parameters: 0.999997 -0.000680612 0.00241761 0.000682961 1 -0.000946894 -0.00241646 0.000948106 0.999996 0.0262642 0.0661069 0.0058971
FixedParameters: 0 0 0

#Transform 67
Transform: AffineTransform_float_3_3
Parameters: 0.999997 -0.000725934 0.0023771 0.000729793 0.999998 -0.00155645 -0.0023755 0.00155855 0.999996 0.0189933 0.0712788 0.0467643
FixedParameters: 0 0 0

#Transform 68
Transform: AffineTransform_float_3_3
Parameters: 0.999995 -0.000511403 0.00295507 0.000515023 0.999999 -0.00143315 -0.00295479 0.00143485 0.999994 0.0035552 0.122419 0.179408
FixedParameters: 0 0 0

#Transform 69
Transform: AffineTransform_float_3_3
Parameters: 0.999996 -0.000871835 0.00265166 0.000874021 1 -0.000658227 -0.00265104 0.000660772 0.999996 -0.0108605 0.133121 0.291619
FixedParameters: 0 0 0

#Transform 70
Transform: AffineTransform_float_3_3
Parameters: 0.999943 0.000283041 0.0107401 -0.000261496 0.999998 -0.00200686 -0.0107408 0.00200414 0.99994 -0.0736272 0.133177 0.284796
FixedParameters: 0 0 0

#Transform 71
Transform: AffineTransform_float_3_3
Parameters: 0.99998 -0.000289973 0.00635265 0.000295043 1 -0.000852178 -0.00635296 0.000854826 0.999979 -0.0139631 0.11152 0.182674
FixedParameters: 0 0 0

#Transform 72
Transform: AffineTransform_float_3_3
Parameters: 0.999985 -0.000809754 0.0053056 0.000815576 0.999999 -0.00121455 -0.00530496 0.00121846 0.999985 -0.0139765 0.10311 0.140225
FixedParameters: 0 0 0

#Transform 73
Transform: AffineTransform_float_3_3
Parameters: 0.999988 -0.000756738 0.00483344 0.000757384 0.999999 -0.000200505 -0.00483367 0.000204498 0.999989 0.000685629 0.0808461 0.139659
FixedParameters: 0 0 0

#Transform 74
Transform: AffineTransform_float_3_3
Parameters: 0.99999 -0.000605023 0.00440804 0.000608738 1 -0.000970307 -0.00440806 0.000973697 0.99999 3.34684e-05 0.0894858 0.109696
FixedParameters: 0 0 0

#Transform 75
Transform: AffineTransform_float_3_3
Parameters: 0.99999 -0.000574202 0.00440939 0.000576935 1 -0.000666291 -0.00440837 0.000668711 0.999991 0.0118543 0.0884833 0.0932754
FixedParameters: 0 0 0

#Transform 76
Transform: AffineTransform_float_3_3
Parameters: 0.99999 -0.000854197 0.00425288 0.000857717 0.999999 -0.000828548 -0.00425213 0.000832453 0.999991 0.0241651 0.0854603 0.1142
FixedParameters: 0 0 0

#Transform 77
Transform: AffineTransform_float_3_3
Parameters: 0.999991 -0.000617937 0.00435898 0.000623712 0.999999 -0.00132327 -0.00435814 0.00132673 0.999989 0.0188773 0.0891671 0.0824587
FixedParameters: 0 0 0

#Transform 78
Transform: AffineTransform_float_3_3
Parameters: 0.999988 -0.000184764 0.00487646 0.000190303 0.999999 -0.00125384 -0.0048764 0.00125517 0.999988 0.00566251 0.0897037 0.0684359
FixedParameters: 0 0 0

#Transform 79
Transform: AffineTransform_float_3_3
Parameters: 0.999989 -0.000843442 0.00461724 0.00084933 0.999998 -0.00140277 -0.0046162 0.00140723 0.999989 0.0159806 0.102871 0.072428
FixedParameters: 0 0 0

#Transform 80
Transform: AffineTransform_float_3_3
Parameters: 0.99999 -0.000942912 0.00438777 0.000946679 0.999999 -0.000980403 -0.00438711 0.0009846 0.99999 0.00372477 0.103922 0.0735301
FixedParameters: 0 0 0

#Transform 81
Transform: AffineTransform_float_3_3
Parameters: 0.99999 -0.000697507 0.00446064 0.000702024 0.999999 -0.00104871 -0.00446037 0.00105229 0.999989 -0.0111089 0.109211 0.0979184
FixedParameters: 0 0 0

#Transform 82
Transform: AffineTransform_float_3_3
Parameters: 0.99999 -0.000625453 0.00458562 0.000631031 0.999999 -0.00113559 -0.00458539 0.00113941 0.999989 0.00927764 0.113796 0.0384217
FixedParameters: 0 0 0

#Transform 83
Transform: AffineTransform_float_3_3
Parameters: 0.999988 -0.000466903 0.00500081 0.00047299 1 -0.00118461 -0.0050005 0.0011874 0.999987 0.00420747 0.105971 0.0241519
FixedParameters: 0 0 0

#Transform 84
Transform: AffineTransform_float_3_3
Parameters: 0.999987 -0.000608188 0.00517184 0.000613754 0.999999 -0.00118365 -0.00517081 0.00118736 0.999986 0.00302169 0.10755 0.0514763
FixedParameters: 0 0 0

#Transform 85
Transform: AffineTransform_float_3_3
Parameters: 0.999986 -0.000633818 0.00511202 0.000639841 0.999999 -0.0011524 -0.00511135 0.00115561 0.999987 0.0043824 0.0737224 0.0120252
FixedParameters: 0 0 0

#Transform 86
Transform: AffineTransform_float_3_3
Parameters: 0.999986 -0.00057621 0.00524025 0.000585285 0.999998 -0.00175361 -0.00523969 0.00175639 0.999985 0.0188704 0.0800227 0.00206382
FixedParameters: 0 0 0

#Transform 87
Transform: AffineTransform_float_3_3
Parameters: 0.999987 -0.000701559 0.00494334 0.000711422 0.999997 -0.00203167 -0.00494155 0.00203533 0.999985 0.0127465 0.0905071 -0.0302844
FixedParameters: 0 0 0

#Transform 88
Transform: AffineTransform_float_3_3
Parameters: 0.999989 -0.000778538 0.00476821 0.000786075 0.999998 -0.00153143 -0.00476715 0.00153557 0.999988 0.0287327 0.0860638 0.00872074
FixedParameters: 0 0 0

#Transform 89
Transform: AffineTransform_float_3_3
Parameters: 0.999986 -0.000631523 0.00511055 0.000640157 0.999998 -0.00175491 -0.00510979 0.00175809 0.999985 0.00656978 0.0925958 0.00687615
FixedParameters: 0 0 0

#Transform 90
Transform: AffineTransform_float_3_3
Parameters: 0.999988 -0.000740306 0.00485747 0.000747584 0.999998 -0.00157155 -0.00485608 0.00157545 0.999987 0.0123177 0.0898595 0.0309341
FixedParameters: 0 0 0

#Transform 91
Transform: AffineTransform_float_3_3
Parameters: 0.999987 -0.000841173 0.00500732 0.000849968 0.999998 -0.00167578 -0.00500543 0.00168022 0.999987 0.00874618 0.0871079 0.0638361
FixedParameters: 0 0 0

#Transform 92
Transform: AffineTransform_float_3_3
Parameters: 0.999988 -0.000748642 0.00483384 0.000758255 0.999998 -0.00195652 -0.00483237 0.00196048 0.999987 -0.000323237 0.0877615 0.0281524
FixedParameters: 0 0 0

#Transform 93
Transform: AffineTransform_float_3_3
Parameters: 0.999987 -0.00101186 0.00510659 0.00101927 0.999998 -0.00145503 -0.00510589 0.00145997 0.999986 0.00875252 0.0767765 0.0324156
FixedParameters: 0 0 0

#Transform 94
Transform: AffineTransform_float_3_3
Parameters: 0.999985 -0.00114284 0.00538398 0.00115047 0.999998 -0.00140074 -0.00538302 0.00140626 0.999985 0.0117455 0.0849502 0.0558588
FixedParameters: 0 0 0

#Transform 95
Transform: AffineTransform_float_3_3
Parameters: 0.999986 -0.00110969 0.00514283 0.00112036 0.999997 -0.00210549 -0.00514105 0.00211152 0.999985 0.0118751 0.094565 0.0269079
FixedParameters: 0 0 0

#Transform 96
Transform: AffineTransform_float_3_3
Parameters: 0.999987 -0.0010479 0.00484874 0.00105589 0.999998 -0.00168742 -0.00484705 0.00169358 0.999987 0.0171133 0.0838637 0.0527576
FixedParameters: 0 0 0

#Transform 97
Transform: AffineTransform_float_3_3
Parameters: 0.999986 -0.00104267 0.00508392 0.00105185 0.999998 -0.00181605 -0.00508158 0.00182195 0.999985 0.00581304 0.083813 0.0632032
FixedParameters: 0 0 0

#Transform 98
Transform: AffineTransform_float_3_3
Parameters: 0.999988 -0.00131516 0.00471952 0.0013139 0.999999 0.000177754 -0.00471906 -0.000172244 0.999989 0.0280642 0.0831192 0.159291
FixedParameters: 0 0 0

#Transform 99
Transform: AffineTransform_float_3_3
Parameters: 0.999988 -0.00125549 0.00487671 0.00126264 0.999998 -0.00145695 -0.00487437 0.00146305 0.999987 0.0158658 0.0770163 0.0439469
FixedParameters: 0 0 0

#Transform 100
Transform: AffineTransform_float_3_3
Parameters: 0.999987 -0.00105823 0.00499198 0.00106127 0.999999 -0.000564927 -0.00499184 0.000570073 0.999988 0.0249956 0.0973523 0.0807438
FixedParameters: 0 0 0

#Transform 101
Transform: AffineTransform_float_3_3
Parameters: 0.999986 -0.00102353 0.00509278 0.00102694 0.999999 -0.000680356 -0.00509205 0.000684645 0.999987 0.00869085 0.112617 0.0967199
FixedParameters: 0 0 0

#Transform 102
Transform: AffineTransform_float_3_3
Parameters: 0.999989 -0.00100569 0.00453282 0.0010082 1 -0.000563831 -0.00453274 0.000568171 0.999989 0.0146778 0.122861 0.0715538
FixedParameters: 0 0 0

#Transform 103
Transform: AffineTransform_float_3_3
Parameters: 0.999988 -0.000769617 0.0048005 0.000771715 1 -0.000448616 -0.00479994 0.000453385 0.999988 0.00909573 0.123826 0.100321
FixedParameters: 0 0 0

#Transform 104
Transform: AffineTransform_float_3_3
Parameters: 0.999989 -0.00121061 0.0045697 0.00121466 0.999999 -0.00082906 -0.00456836 0.000833939 0.999989 0.018242 0.12213 0.0593496
FixedParameters: 0 0 0

#Transform 105
Transform: AffineTransform_float_3_3
Parameters: 0.999989 -0.00116477 0.00458796 0.00116517 1 -4.10494e-05 -0.00458785 4.69504e-05 0.999989 0.0331456 0.130773 0.115804
FixedParameters: 0 0 0

#Transform 106
Transform: AffineTransform_float_3_3
Parameters: 0.999989 -0.00107499 0.00457696 0.00107525 1 -2.64736e-05 -0.00457689 3.15266e-05 0.999989 0.0293557 0.142881 0.157385
FixedParameters: 0 0 0

#Transform 107
Transform: AffineTransform_float_3_3
Parameters: 0.999988 -0.00121386 0.00473098 0.00121634 1 -0.000535494 -0.00473073 0.000541508 0.999989 0.0174828 0.134471 0.0831227
FixedParameters: 0 0 0

#Transform 108
Transform: AffineTransform_float_3_3
Parameters: 0.999989 -0.000985597 0.00463279 0.000986973 1 -0.000146312 -0.0046325 0.000150686 0.99999 0.0138913 0.134018 0.111015
FixedParameters: 0 0 0

#Transform 109
Transform: AffineTransform_float_3_3
Parameters: 0.999991 -0.00105496 0.00412707 0.00105709 0.999999 -0.000685551 -0.00412628 0.000689453 0.999991 0.0179042 0.129516 0.106012
FixedParameters: 0 0 0

#Transform 110
Transform: AffineTransform_float_3_3
Parameters: 0.999991 -0.00107764 0.00407533 0.00107948 0.999999 -0.000497152 -0.00407439 0.000501849 0.999992 0.0169532 0.12439 0.0728323
FixedParameters: 0 0 0

#Transform 111
Transform: AffineTransform_float_3_3
Parameters: 0.999989 -0.000899722 0.00449574 0.000901198 0.999999 -0.000307986 -0.00449571 0.000312014 0.99999 0.0115718 0.14131 0.108747
FixedParameters: 0 0 0

#Transform 112
Transform: AffineTransform_float_3_3
Parameters: 0.999992 -0.0011942 0.0039978 0.00119573 1 -0.000516644 -0.00399762 0.00052136 0.999991 0.027419 0.136911 0.0930886
FixedParameters: 0 0 0

#Transform 113
Transform: AffineTransform_float_3_3
Parameters: 0.999989 -0.00136099 0.00433933 0.00136181 0.999998 -0.000197694 -0.00433839 0.000203306 0.999991 0.0247559 0.135722 0.0930782
FixedParameters: 0 0 0

#Transform 114
Transform: AffineTransform_float_3_3
Parameters: 0.999989 -0.00119819 0.00440957 0.00119958 0.999999 -0.000303468 -0.00440937 0.000308533 0.99999 0.0174426 0.139062 0.107387
FixedParameters: 0 0 0

#Transform 115
Transform: AffineTransform_float_3_3
Parameters: 0.999989 -0.00135188 0.00460821 0.00135466 0.999999 -0.000540366 -0.00460688 0.000546634 0.999989 0.019267 0.131868 0.0656013
FixedParameters: 0 0 0

#Transform 116
Transform: AffineTransform_float_3_3
Parameters: 0.999989 -0.00114576 0.00444227 0.00114719 1 -0.0001593 -0.0044419 0.000164697 0.99999 0.0161907 0.132333 0.0750245
FixedParameters: 0 0 0

#Transform 117
Transform: AffineTransform_float_3_3
Parameters: 0.99999 -0.00146493 0.00438213 0.00146445 0.999999 0.000206458 -0.0043822 -0.000200543 0.999991 0.0227419 0.134542 0.160387
FixedParameters: 0 0 0

#Transform 118
Transform: AffineTransform_float_3_3
Parameters: 0.999987 -0.00143894 0.00474003 0.00144223 0.999999 -0.00061962 -0.00473929 0.000626379 0.999988 0.0201545 0.108611 0.0946508
FixedParameters: 0 0 0

#Transform 119
Transform: AffineTransform_float_3_3
Parameters: 0.999987 -0.0015013 0.00472939 0.00150401 0.999998 -0.000560343 -0.00472875 0.000567658 0.999988 0.0212561 0.132711 0.0856322
FixedParameters: 0 0 0

#Transform 120
Transform: AffineTransform_float_3_3
Parameters: 0.999989 -0.00157635 0.00442793 0.00157342 0.999998 0.000631012 -0.00442885 -0.000623986 0.99999 0.0245029 0.119877 0.159579
FixedParameters: 0 0 0

#Transform 121
Transform: AffineTransform_float_3_3
Parameters: 0.999987 -0.00142446 0.00477569 0.00142662 0.999999 -0.000456282 -0.00477451 0.000463719 0.999989 0.0198644 0.122317 0.132226
FixedParameters: 0 0 0

#Transform 122
Transform: AffineTransform_float_3_3
Parameters: 0.999988 -0.00148385 0.00463185 0.00148822 0.999998 -0.000893566 -0.00463077 0.000900433 0.999989 0.0216747 0.118644 0.114956
FixedParameters: 0 0 0

#Transform 123
Transform: AffineTransform_float_3_3
Parameters: 0.999987 -0.00157047 0.00472145 0.00157148 0.999998 -0.000144878 -0.00472191 0.000152122 0.999989 0.0227914 0.127217 0.151115
FixedParameters: 0 0 0

#Transform 124
Transform: AffineTransform_float_3_3
Parameters: 0.999988 -0.00145356 0.00471553 0.00145107 0.999999 0.000406398 -0.00471617 -0.000399598 0.999989 0.0211075 0.13167 0.14967
FixedParameters: 0 0 0

#Transform 125
Transform: AffineTransform_float_3_3
Parameters: 0.999987 -0.00142532 0.00477543 0.00142669 0.999999 -0.000277639 -0.00477516 0.000284361 0.999988 0.0202635 0.132619 0.111455
FixedParameters: 0 0 0

#Transform 126
Transform: AffineTransform_float_3_3
Parameters: 0.999987 -0.00146961 0.00485314 0.00146828 0.999999 0.000276193 -0.00485341 -0.000268807 0.999989 0.0259835 0.139447 0.154403
FixedParameters: 0 0 0

#Transform 127
Transform: AffineTransform_float_3_3
Parameters: 0.999986 -0.00177749 0.00508933 0.00177814 0.999999 -5.93022e-05 -0.00508911 6.76971e-05 0.999987 0.00420862 0.155547 0.159807
FixedParameters: 0 0 0

#Transform 128
Transform: AffineTransform_float_3_3
Parameters: 0.999986 -0.00161542 0.00492977 0.00161608 0.999999 -0.000196332 -0.00492965 0.000204671 0.999988 0.0277887 0.138758 0.142642
FixedParameters: 0 0 0

#Transform 129
Transform: AffineTransform_float_3_3
Parameters: 0.999984 -0.00177014 0.00523132 0.00176743 0.999998 0.000602264 -0.00523277 -0.000592737 0.999986 0.0302427 0.144864 0.188044
FixedParameters: 0 0 0

#Transform 130
Transform: AffineTransform_float_3_3
Parameters: 0.999985 -0.00177285 0.00503851 0.00177467 0.999998 -0.000345054 -0.00503872 0.000353948 0.999988 0.0256294 0.117289 0.140005
FixedParameters: 0 0 0

#Transform 131
Transform: AffineTransform_float_3_3
Parameters: 0.999982 -0.00160448 0.00569576 0.00160725 0.999999 -0.000549822 -0.00569464 0.000559181 0.999984 0.0193755 0.118293 0.141875
FixedParameters: 0 0 0

#Transform 132
Transform: AffineTransform_float_3_3
Parameters: 0.999983 -0.00158221 0.0055836 0.00158463 0.999999 -0.000412485 -0.00558242 0.000420515 0.999984 0.0275654 0.120634 0.14001
FixedParameters: 0 0 0

#Transform 133
Transform: AffineTransform_float_3_3
Parameters: 0.999986 -0.00175974 0.00502114 0.00175786 0.999999 0.00045333 -0.00502166 -0.000444672 0.999987 0.0311544 0.115624 0.180777
FixedParameters: 0 0 0

#Transform 134
Transform: AffineTransform_float_3_3
Parameters: 0.999985 -0.00177016 0.00515481 0.00177122 0.999999 -9.8222e-05 -0.00515445 0.000106776 0.999987 0.026956 0.130925 0.15485
FixedParameters: 0 0 0

#Transform 135
Transform: AffineTransform_float_3_3
Parameters: 0.999987 -0.00164631 0.00478522 0.00164958 0.999998 -0.000748772 -0.00478432 0.000756231 0.999988 0.0343268 0.134047 0.138771
FixedParameters: 0 0 0

#Transform 136
Transform: AffineTransform_float_3_3
Parameters: 0.999987 -0.00188891 0.00488803 0.00188592 0.999998 0.000444361 -0.00488916 -0.000435633 0.999988 0.0332615 0.147726 0.232801
FixedParameters: 0 0 0

#Transform 137
Transform: AffineTransform_float_3_3
Parameters: 0.999986 -0.00178354 0.0049564 0.00178547 0.999999 -0.000415813 -0.00495504 0.000425189 0.999988 0.0315601 0.147573 0.167947
FixedParameters: 0 0 0

#Transform 138
Transform: AffineTransform_float_3_3
Parameters: 0.999987 -0.00180556 0.00490559 0.00180735 0.999999 -0.000312001 -0.00490498 0.000319999 0.999988 0.0360528 0.142722 0.179976
FixedParameters: 0 0 0

#Transform 139
Transform: AffineTransform_float_3_3
Parameters: 0.999986 -0.00186322 0.00508595 0.00186453 0.999999 -0.000162023 -0.00508624 0.000171977 0.999987 0.0125644 0.157601 0.200422
FixedParameters: 0 0 0

#Transform 140
Transform: AffineTransform_float_3_3
Parameters: 0.999986 -0.00176511 0.00500436 0.00176471 0.999998 4.46881e-05 -0.00500451 -3.53097e-05 0.999988 0.028548 0.150833 0.164996
FixedParameters: 0 0 0

#Transform 141
Transform: AffineTransform_float_3_3
Parameters: 0.999985 -0.00169009 0.00518428 0.00168788 0.999999 0.000344612 -0.0051849 -0.000335385 0.999987 0.0372261 0.146907 0.170252
FixedParameters: 0 0 0

#Transform 142
Transform: AffineTransform_float_3_3
Parameters: 0.999986 -0.00177477 0.00497827 0.0017764 0.999998 -0.000290304 -0.00497775 0.000299696 0.999988 0.0359771 0.119157 0.119573
FixedParameters: 0 0 0

#Transform 143
Transform: AffineTransform_float_3_3
Parameters: 0.999985 -0.00210687 0.00510345 0.00210657 0.999998 0.000124682 -0.00510434 -0.000114317 0.999986 0.0406303 0.119617 0.129368
FixedParameters: 0 0 0

#Transform 144
Transform: AffineTransform_float_3_3
Parameters: 0.999984 -0.00197623 0.00528591 0.00197534 0.999998 0.000125886 -0.00528547 -0.000116113 0.999986 0.0310716 0.130637 0.162775
FixedParameters: 0 0 0

#Transform 145
Transform: AffineTransform_float_3_3
Parameters: 0.999983 -0.00200797 0.00546825 0.00200933 0.999998 -0.000238062 -0.0054678 0.000248939 0.999985 0.0306985 0.129182 0.172024
FixedParameters: 0 0 0

#Transform 146
Transform: AffineTransform_float_3_3
Parameters: 0.999984 -0.0022183 0.00529867 0.00221841 0.999998 8.19911e-05 -0.0052994 -7.10092e-05 0.999986 0.0353379 0.124158 0.155836
FixedParameters: 0 0 0

#Transform 147
Transform: AffineTransform_float_3_3
Parameters: 0.999982 -0.00192621 0.00571321 0.00192799 0.999998 -0.000346372 -0.005712 0.00035663 0.999984 0.0301071 0.122957 0.164561
FixedParameters: 0 0 0

#Transform 148
Transform: AffineTransform_float_3_3
Parameters: 0.99998 -0.0023256 0.00588069 0.00232471 0.999997 0.000115726 -0.00588027 -0.000102273 0.999983 0.0344689 0.116529 0.182232
FixedParameters: 0 0 0

#Transform 149
Transform: AffineTransform_float_3_3
Parameters: 0.999984 -0.00210688 0.0052857 0.00211031 0.999997 -0.000567412 -0.00528435 0.000578586 0.999985 0.0334729 0.134143 0.166568
FixedParameters: 0 0 0

#Transform 150
Transform: AffineTransform_float_3_3
Parameters: 0.999983 -0.00208853 0.00533662 0.00208767 0.999997 0.000171739 -0.0053377 -0.000161259 0.999986 0.0402385 0.139371 0.186458
FixedParameters: 0 0 0

#Transform 151
Transform: AffineTransform_float_3_3
Parameters: 0.999982 -0.00215032 0.00562124 0.00215219 0.999998 -0.00027716 -0.00562055 0.00028884 0.999984 0.0401293 0.147731 0.213311
FixedParameters: 0 0 0

#Transform 152
Transform: AffineTransform_float_3_3
Parameters: 0.999984 -0.00208498 0.00533801 0.00208767 0.999998 -0.000491062 -0.00533699 0.000502939 0.999986 0.0367818 0.143981 0.156433
FixedParameters: 0 0 0

#Transform 153
Transform: AffineTransform_float_3_3
Parameters: 0.999983 -0.00208782 0.0053369 0.00208746 0.999998 3.8736e-05 -0.00533704 -2.82617e-05 0.999986 0.0452776 0.161152 0.199286
FixedParameters: 0 0 0

#Transform 154
Transform: AffineTransform_float_3_3
Parameters: 0.999983 -0.00226063 0.00541122 0.00226128 0.999998 -0.000175532 -0.00541093 0.000187472 0.999985 0.0399074 0.155088 0.224358
FixedParameters: 0 0 0

#Transform 155
Transform: AffineTransform_float_3_3
Parameters: 0.999981 -0.00191149 0.00574497 0.00191484 0.999998 -0.000594543 -0.00574335 0.000605457 0.999983 0.041832 0.15933 0.142725
FixedParameters: 0 0 0

#Transform 156
Transform: AffineTransform_float_3_3
Parameters: 0.999978 -0.0016637 0.00633244 0.00166551 0.999998 -0.000241454 -0.00633215 0.000251545 0.99998 0.0281881 0.131397 0.144577
FixedParameters: 0 0 0

#Transform 157
Transform: AffineTransform_float_3_3
Parameters: 0.999978 -0.00166321 0.00633257 0.00166468 0.999998 -0.000317461 -0.00633255 0.000327544 0.99998 0.0237833 0.138631 0.148896
FixedParameters: 0 0 0

#Transform 158
Transform: AffineTransform_float_3_3
Parameters: 0.999983 -0.00205366 0.0054155 0.00205387 0.999998 -0.000134925 -0.00541546 0.00014608 0.999986 0.035849 0.142048 0.166983
FixedParameters: 0 0 0

#Transform 159
Transform: AffineTransform_float_3_3
Parameters: 0.999982 -0.0019521 0.00565794 0.00195084 0.999998 0.000151507 -0.00565759 -0.00014049 0.999984 0.0327575 0.145399 0.179529
FixedParameters: 0 0 0

#Transform 160
Transform: AffineTransform_float_3_3
Parameters: 0.999981 -0.00191128 0.00575137 0.00191142 0.999998 -8.65415e-05 -0.00575062 9.74608e-05 0.999983 0.0314968 0.155328 0.177495
FixedParameters: 0 0 0

#Transform 161
Transform: AffineTransform_float_3_3
Parameters: 0.999983 -0.00205282 0.00541582 0.00205471 0.999998 -0.000289922 -0.00541514 0.000301077 0.999986 0.0444371 0.155036 0.14697
FixedParameters: 0 0 0

#Transform 162
Transform: AffineTransform_float_3_3
Parameters: 0.999983 -0.00196752 0.00562276 0.00196603 0.999998 0.000254526 -0.00562321 -0.000243473 0.999984 0.0415498 0.15559 0.185579
FixedParameters: 0 0 0

#Transform 163
Transform: AffineTransform_float_3_3
Parameters: 0.999982 -0.00218215 0.00546961 0.0021826 0.999998 -3.53152e-05 -0.00546944 4.66847e-05 0.999986 0.0456759 0.158995 0.190928
FixedParameters: 0 0 0

#Transform 164
Transform: AffineTransform_float_3_3
Parameters: 0.999979 -0.00224961 0.00600387 0.0022424 0.999997 0.00123026 -0.00600711 -0.00121574 0.999981 0.0539072 0.169723 0.273539
FixedParameters: 0 0 0

#Transform 165
Transform: AffineTransform_float_3_3
Parameters: 0.999983 -0.0020563 0.0054145 0.00205386 0.999998 0.000352928 -0.00541539 -0.000341067 0.999985 0.0561575 0.149948 0.204158
FixedParameters: 0 0 0

#Transform 166
Transform: AffineTransform_float_3_3
Parameters: 0.999984 -0.00214085 0.00521555 0.0021385 0.999998 0.000394602 -0.00521577 -0.000383397 0.999986 0.0587546 0.149357 0.210221
FixedParameters: 0 0 0

#Transform 167
Transform: AffineTransform_float_3_3
Parameters: 0.999983 -0.00251663 0.00536205 0.00251888 0.999997 -0.000324624 -0.00536091 0.000338374 0.999986 0.0569458 0.147901 0.188221
FixedParameters: 0 0 0

#Transform 168
Transform: AffineTransform_float_3_3
Parameters: 0.99998 -0.00263766 0.00562488 0.00263681 0.999997 0.000199016 -0.00562536 -0.000183984 0.999984 0.062 0.147986 0.222073
FixedParameters: 0 0 0

#Transform 169
Transform: AffineTransform_float_3_3
Parameters: 0.999983 -0.00230579 0.00546615 0.00230462 0.999997 0.000316991 -0.00546745 -0.000305009 0.999985 0.0491651 0.150623 0.243427
FixedParameters: 0 0 0

#Transform 170
Transform: AffineTransform_float_3_3
Parameters: 0.999982 -0.00227495 0.00543366 0.00227613 0.999998 -0.000187041 -0.00543239 0.000199958 0.999986 0.0559745 0.15146 0.209647
FixedParameters: 0 0 0

#Transform 171
Transform: AffineTransform_float_3_3
Parameters: 0.999982 -0.00244333 0.00561271 0.00244383 0.999997 4.42577e-05 -0.00561328 -3.07437e-05 0.999984 0.0629075 0.141999 0.213834
FixedParameters: 0 0 0

#Transform 172
Transform: AffineTransform_float_3_3
Parameters: 0.99998 -0.00227132 0.00601546 0.00227343 0.999997 -0.000168763 -0.00601466 0.000182231 0.999982 0.0434277 0.140891 0.188354
FixedParameters: 0 0 0

#Transform 173
Transform: AffineTransform_float_3_3
Parameters: 0.99998 -0.00232815 0.00588193 0.00232952 0.999997 -0.000143248 -0.00588215 0.000156752 0.999983 0.0549207 0.140728 0.160333
FixedParameters: 0 0 0

#Transform 174
Transform: AffineTransform_float_3_3
Parameters: 0.99998 -0.00238959 0.00574042 0.00238895 0.999997 0.000142409 -0.00574146 -0.000129588 0.999983 0.0612227 0.155341 0.239112
FixedParameters: 0 0 0

#Transform 175
Transform: AffineTransform_float_3_3
Parameters: 0.999981 -0.0024733 0.00553963 0.00247506 0.999997 -0.000186905 -0.00553959 0.000201094 0.999985 0.0626892 0.140486 0.175846
FixedParameters: 0 0 0

#Transform 176
Transform: AffineTransform_float_3_3
Parameters: 0.999981 -0.00242748 0.00565263 0.00242662 0.999997 0.000280262 -0.00565382 -0.000266739 0.999984 0.0638433 0.141895 0.207906
FixedParameters: 0 0 0

#Transform 177
Transform: AffineTransform_float_3_3
Parameters: 0.99998 -0.00239638 0.00587802 0.00239742 0.999997 -8.17042e-05 -0.00587759 9.52936e-05 0.999983 0.0612282 0.147411 0.214966
FixedParameters: 0 0 0

#Transform 178
Transform: AffineTransform_float_3_3
Parameters: 0.999982 -0.0023775 0.00560118 0.00237736 0.999998 1.87041e-05 -0.00560124 -5.29409e-06 0.999984 0.0483656 0.144766 0.180428
FixedParameters: 0 0 0

#Transform 179
Transform: AffineTransform_float_3_3
Parameters: 0.999978 -0.00250915 0.00611384 0.00250597 0.999996 0.000557691 -0.00611593 -0.000542306 0.999981 0.0606184 0.16403 0.255611
FixedParameters: 0 0 0
