#Insight Transform File V1.0
#Transform 0
Transform: AffineTransform_float_3_3
Parameters: 0.999999 -0.00104974 0.00100558 0.00104935 0.999999 0.000384848 -0.00100547 -0.000384152 0.999999 0.0263582 -0.0878183 -0.307902
FixedParameters: 0 0 0

#Transform 1
Transform: AffineTransform_float_3_3
Parameters: 1 0.000376904 -0.00019467 -0.000376836 1 0.000175073 0.000194801 -0.000174927 1 -0.00899543 0.0046177 -0.00026121
FixedParameters: 0 0 0

#Transform 2
Transform: AffineTransform_float_3_3
Parameters: 1 0.000453138 -0.000440486 -0.000453573 1 0.00099384 0.000440857 -0.00099416 0.999999 -0.00531388 0.00464936 -0.00962594
FixedParameters: 0 0 0

#Transform 3
Transform: AffineTransform_float_3_3
Parameters: 0.999999 0.000689411 -0.000541173 -0.000689126 0.999999 0.000263526 0.000541536 -0.000263474 1 -0.0185464 0.0104986 -0.0197658
FixedParameters: 0 0 0

#Transform 4
Transform: AffineTransform_float_3_3
Parameters: 1 0.000614503 -0.000310597 -0.000614323 1 0.000290191 0.000310954 -0.000289809 1 -0.0225334 0.00638678 -0.0199382
FixedParameters: 0 0 0

#Transform 5
Transform: AffineTransform_float_3_3
Parameters: 0.999999 0.000748 -0.000403052 -0.000747757 0.999999 0.000302302 0.000403504 -0.000301698 1 -0.0286868 0.0144643 -0.025323
FixedParameters: 0 0 0

#Transform 6
Transform: AffineTransform_float_3_3
Parameters: 0.999999 0.000689459 -0.000541111 -0.000689469 0.999999 0.000352373 0.000540676 -0.000351627 1 -0.0207572 0.00922887 -0.0606517
FixedParameters: 0 0 0

#Transform 7
Transform: AffineTransform_float_3_3
Parameters: 1 0.000609454 -0.000294331 -0.000609671 1 0.00029518 0.00029377 -0.000294821 1 -0.0197625 -0.000847526 -0.0687623
FixedParameters: 0 0 0

#Transform 8
Transform: AffineTransform_float_3_3
Parameters: 1 0.000386608 -0.000412631 -0.000386239 1 0.000447159 0.000412976 -0.00044684 1 -0.00937166 -0.00710894 -0.073058
FixedParameters: 0 0 0

#Transform 9
Transform: AffineTransform_float_3_3
Parameters: 0.999999 0.000689501 -0.000541058 -0.000689427 0.999999 0.000429526 0.00054073 -0.000429475 1 -0.0170608 -0.00295021 -0.0695514
FixedParameters: 0 0 0

#Transform 10
Transform: AffineTransform_float_3_3
Parameters: 0.999999 0.000689483 -0.000541082 -0.000689446 0.999999 0.000395373 0.000540706 -0.000394627 1 -0.0126975 0.0141553 -0.0833205
FixedParameters: 0 0 0

#Transform 11
Transform: AffineTransform_float_3_3
Parameters: 1 0.000673102 -7.24821e-05 -0.000673038 0.999999 0.000435049 7.30677e-05 -0.000434951 1 -0.0114216 0.0105651 -0.0892535
FixedParameters: 0 0 0

#Transform 12
Transform: AffineTransform_float_3_3
Parameters: 1 0.000405073 -0.000420387 -0.000404984 1 0.00057117 0.000419929 -0.00057083 0.999999 -0.00274939 0.0062059 -0.0627196
FixedParameters: 0 0 0

#Transform 13
Transform: AffineTransform_float_3_3
Parameters: 1 0.000553722 -0.000133733 -0.0005536 0.999999 0.000454074 0.000134235 -0.000453926 1 -0.00635442 0.00121111 -0.082926
FixedParameters: 0 0 0

#Transform 14
Transform: AffineTransform_float_3_3
Parameters: 1 0.000525594 -0.000128359 -0.000525883 1 0.000395068 0.000127854 -0.000394933 1 -0.00797698 -0.00150383 -0.11092
FixedParameters: 0 0 0

#Transform 15
Transform: AffineTransform_float_3_3
Parameters: 1 0.000617721 0.000160552 -0.000618209 1 0.000299901 -0.000161101 -0.0003001 1 -0.00992318 -0.007399 -0.134616
FixedParameters: 0 0 0

#Transform 16
Transform: AffineTransform_float_3_3
Parameters: 1 0.000571911 0.000134172 -0.000571894 1 -6.40766e-05 -0.000134245 6.39231e-05 1 -0.0103634 -0.00303044 -0.137164
FixedParameters: 0 0 0

#Transform 17
Transform: AffineTransform_float_3_3
Parameters: 1 0.000578002 0.000253147 -0.000577846 1 -0.000308146 -0.000253503 0.000307853 1 -0.00360229 -0.0072857 -0.156993
FixedParameters: 0 0 0

#Transform 18
Transform: AffineTransform_float_3_3
Parameters: 1 0.000559102 0.000379453 -0.000558578 1 -0.000689364 -0.000380224 0.000689634 0.999999 -0.00240383 0.0133127 -0.15886
FixedParameters: 0 0 0

#Transform 19
Transform: AffineTransform_float_3_3
Parameters: 1 0.000464255 0.000174104 -0.000463927 0.999999 -0.00094008 -0.000174976 0.000939918 0.999999 0.000490444 0.00473097 -0.178982
FixedParameters: 0 0 0

#Transform 20
Transform: AffineTransform_float_3_3
Parameters: 1 0.000664162 0.000643176 -0.000663488 0.999999 -0.00123858 -0.000644429 0.00123842 0.999999 -0.00116821 0.0174489 -0.165524
FixedParameters: 0 0 0

#Transform 21
Transform: AffineTransform_float_3_3
Parameters: 1 0.000526073 0.000319575 -0.00052558 0.999999 -0.000769167 -0.000320384 0.000768831 0.999999 -0.00212058 0.0118831 -0.182583
FixedParameters: 0 0 0

#Transform 22
Transform: AffineTransform_float_3_3
Parameters: 1 0.000559513 0.000397557 -0.000559486 0.999999 -0.00119022 -0.000398498 0.00118978 0.999999 0.00438373 0.0168009 -0.183181
FixedParameters: 0 0 0

#Transform 23
Transform: AffineTransform_float_3_3
Parameters: 0.999999 0.000683827 0.000693026 -0.000684709 1 0.000354373 -0.000693461 -0.000354627 0.999999 -0.0190573 0.0127388 -0.0379008
FixedParameters: 0 0 0

#Transform 24
Transform: AffineTransform_float_3_3
Parameters: 1 0.000720752 0.00077551 -0.000719039 0.999999 -0.0014452 -0.000776279 0.0014448 0.999999 -0.00688062 0.0260089 -0.13339
FixedParameters: 0 0 0

#Transform 25
Transform: AffineTransform_float_3_3
Parameters: 0.999999 0.000361585 0.000861183 -0.000360016 0.999999 -0.00144531 -0.000861835 0.00144469 0.999998 0.00186979 0.0350638 -0.139053
FixedParameters: 0 0 0

#Transform 26
Transform: AffineTransform_float_3_3
Parameters: 0.999999 0.000457235 0.00136619 -0.000454151 0.999997 -0.00213926 -0.00136697 0.00213874 0.999996 -0.00301269 0.0329514 -0.20905
FixedParameters: 0 0 0

#Transform 27
Transform: AffineTransform_float_3_3
Parameters: 0.999999 0.000498373 0.00146174 -0.000495206 0.999997 -0.00234237 -0.0014625 0.00234163 0.999996 -0.00416923 0.0245546 -0.235384
FixedParameters: 0 0 0

#Transform 28
Transform: AffineTransform_float_3_3
Parameters: 0.999999 7.58528e-05 0.00149647 -7.27837e-05 0.999997 -0.00220824 -0.00149746 0.00220876 0.999997 0.0265793 0.0290289 -0.22116
FixedParameters: 0 0 0

#Transform 29
Transform: AffineTransform_float_3_3
Parameters: 0.999999 0.000182762 0.00179672 -0.00017809 0.999997 -0.00243381 -0.00179696 0.00243319 0.999995 0.0242379 0.0323719 -0.234246
FixedParameters: 0 0 0

#Transform 30
Transform: AffineTransform_float_3_3
Parameters: 0.999999 0.000206991 0.00185182 -0.000202059 0.999996 -0.00278487 -0.00185285 0.00278413 0.999994 0.0325313 0.0306166 -0.282023
FixedParameters: 0 0 0

#Transform 31
Transform: AffineTransform_float_3_3
Parameters: 0.999998 0.000147021 0.00229847 -0.000141413 0.999995 -0.00287631 -0.00229933 0.00287569 0.999993 0.032841 0.0312105 -0.270581
FixedParameters: 0 0 0

#Transform 32
Transform: AffineTransform_float_3_3
Parameters: 0.999997 0.000123746 0.00235941 -0.000117264 0.999997 -0.00270941 -0.00235956 0.00270959 0.999993 0.0286988 0.0419716 -0.246944
FixedParameters: 0 0 0

#Transform 33
Transform: AffineTransform_float_3_3
Parameters: 0.999997 0.000126893 0.00252926 -0.000118063 0.999995 -0.00317392 -0.00252914 0.00317407 0.999992 0.0250358 0.0465167 -0.273728
FixedParameters: 0 0 0

#Transform 34
Transform: AffineTransform_float_3_3
Parameters: 0.999999 0.000197058 0.00182693 -0.000190506 0.999995 -0.00315948 -0.00182712 0.00315952 0.999994 0.0220909 0.053173 -0.27589
FixedParameters: 0 0 0

#Transform 35
Transform: AffineTransform_float_3_3
Parameters: 0.999997 2.65357e-05 0.00246963 -1.92414e-05 0.999996 -0.00283167 -0.00247018 0.00283233 0.999993 0.023273 0.0435877 -0.254663
FixedParameters: 0 0 0

#Transform 36
Transform: AffineTransform_float_3_3
Parameters: 0.999997 -3.33552e-05 0.00218873 3.99856e-05 0.999995 -0.0030439 -0.00218893 0.00304411 0.999993 0.029346 0.0553391 -0.261551
FixedParameters: 0 0 0

#Transform 37
Transform: AffineTransform_float_3_3
Parameters: 0.999997 8.27439e-05 0.00249894 -7.58844e-05 0.999996 -0.00289618 -0.00249943 0.00289583 0.999993 0.0381358 0.0532723 -0.260384
FixedParameters: 0 0 0

#Transform 38
Transform: AffineTransform_float_3_3
Parameters: 0.999998 0.000190829 0.00229073 -0.000184195 0.999995 -0.00302541 -0.00229097 0.0030246 0.999993 0.0227004 0.0460624 -0.285651
FixedParameters: 0 0 0

#Transform 39
Transform: AffineTransform_float_3_3
Parameters: 0.999998 -8.98329e-05 0.00200619 9.51664e-05 0.999995 -0.00299815 -0.00200605 0.00299785 0.999994 0.0434333 0.0322808 -0.295052
FixedParameters: 0 0 0

#Transform 40
Transform: AffineTransform_float_3_3
Parameters: 0.999998 0.000162881 0.00229622 -0.000155908 0.999995 -0.00309149 -0.00229631 0.00309151 0.999992 0.0240392 0.0399533 -0.282274
FixedParameters: 0 0 0

#Transform 41
Transform: AffineTransform_float_3_3
Parameters: 0.999997 0.000165288 0.00246388 -0.000158112 0.999995 -0.00318801 -0.00246455 0.00318799 0.999992 0.0280863 0.0297554 -0.28694
FixedParameters: 0 0 0

#Transform 42
Transform: AffineTransform_float_3_3
Parameters: 0.999998 9.45491e-05 0.00229583 -8.84631e-05 0.999996 -0.00278318 -0.00229675 0.00278281 0.999993 0.0156851 0.0302444 -0.259224
FixedParameters: 0 0 0

#Transform 43
Transform: AffineTransform_float_3_3
Parameters: 0.999997 0.000108878 0.00248755 -0.000102217 0.999996 -0.00268424 -0.00248854 0.00268376 0.999993 0.0244542 0.0329149 -0.255073
FixedParameters: 0 0 0

#Transform 44
Transform: AffineTransform_float_3_3
Parameters: 0.999998 0.000171826 0.00232054 -0.000164517 0.999996 -0.00293337 -0.00232102 0.00293264 0.999993 0.0364373 0.0338431 -0.264406
FixedParameters: 0 0 0

#Transform 45
Transform: AffineTransform_float_3_3
Parameters: 0.999997 0.000112524 0.00248598 -0.000105936 0.999996 -0.00267125 -0.00248698 0.00267075 0.999993 0.0251588 0.034737 -0.272463
FixedParameters: 0 0 0

#Transform 46
Transform: AffineTransform_float_3_3
Parameters: 0.999997 0.000233906 0.00243408 -0.0002281 0.999997 -0.00267669 -0.00243442 0.00267631 0.999993 0.0346814 0.0319344 -0.277522
FixedParameters: 0 0 0

#Transform 47
Transform: AffineTransform_float_3_3
Parameters: 0.999997 -4.1563e-05 0.00241181 4.88181e-05 0.999996 -0.00289187 -0.00241197 0.00289214 0.999993 0.0260207 0.0417074 -0.267664
FixedParameters: 0 0 0

#Transform 48
Transform: AffineTransform_float_3_3
Parameters: 0.999996 -3.76548e-05 0.00255047 4.48874e-05 0.999996 -0.00291087 -0.00255026 0.00291113 0.999992 0.0308676 0.0489051 -0.279688
FixedParameters: 0 0 0

#Transform 49
Transform: AffineTransform_float_3_3
Parameters: 0.999996 -0.000126059 0.00280462 0.000133276 0.999996 -0.00280931 -0.00280353 0.0028087 0.999992 0.0221206 0.0557441 -0.266639
FixedParameters: 0 0 0

#Transform 50
Transform: AffineTransform_float_3_3
Parameters: 0.999996 -0.000185554 0.00261382 0.000193 0.999996 -0.00295548 -0.00261365 0.00295652 0.999992 0.0273095 0.0473932 -0.279487
FixedParameters: 0 0 0

#Transform 51
Transform: AffineTransform_float_3_3
Parameters: 0.999996 -0.000252348 0.00282264 0.000260671 0.999997 -0.0027291 -0.00282258 0.0027299 0.999992 0.03232 0.0524679 -0.251035
FixedParameters: 0 0 0

#Transform 52
Transform: AffineTransform_float_3_3
Parameters: 0.999995 -0.000246075 0.00311826 0.000255331 0.999995 -0.00291553 -0.00311736 0.00291647 0.999991 0.0445057 0.0439062 -0.257543
FixedParameters: 0 0 0

#Transform 53
Transform: AffineTransform_float_3_3
Parameters: 0.999997 -0.00040261 0.00270667 0.000411344 0.999995 -0.00292257 -0.00270562 0.00292343 0.999992 0.0492056 0.0517296 -0.260274
FixedParameters: 0 0 0

#Transform 54
Transform: AffineTransform_float_3_3
Parameters: 0.999996 -0.000353755 0.0028359 0.000361561 0.999995 -0.00295065 -0.00283435 0.00295134 0.999991 0.036971 0.0468795 -0.259131
FixedParameters: 0 0 0

#Transform 55
Transform: AffineTransform_float_3_3
Parameters: 0.999996 -0.000576373 0.00278102 0.000585142 0.999996 -0.00292057 -0.00277988 0.00292243 0.999992 0.0431242 0.0441508 -0.257179
FixedParameters: 0 0 0

#Transform 56
Transform: AffineTransform_float_3_3
Parameters: 0.999996 -0.000667315 0.00281999 0.000675538 0.999996 -0.00294714 -0.00281789 0.00294886 0.999992 0.0599866 0.0486191 -0.286128
FixedParameters: 0 0 0

#Transform 57
Transform: AffineTransform_float_3_3
Parameters: 0.999996 -0.000671934 0.00282195 0.000681045 0.999996 -0.00293912 -0.00282023 0.00294088 0.999992 0.0560477 0.0432281 -0.287125
FixedParameters: 0 0 0

#Transform 58
Transform: AffineTransform_float_3_3
Parameters: 0.999994 -0.000581534 0.00319643 0.000590472 0.999996 -0.00285565 -0.00319456 0.00285736 0.999991 0.0487294 0.0351828 -0.291321
FixedParameters: 0 0 0

#Transform 59
Transform: AffineTransform_float_3_3
Parameters: 0.999996 -0.000665147 0.00282258 0.00067313 0.999997 -0.00250614 -0.00282096 0.00250786 0.999993 0.0543693 0.0396244 -0.263445
FixedParameters: 0 0 0

#Transform 60
Transform: AffineTransform_float_3_3
Parameters: 0.999995 -0.000701998 0.00311847 0.000711205 0.999996 -0.00282267 -0.00311635 0.00282433 0.999991 0.0478985 0.0462252 -0.275379
FixedParameters: 0 0 0

#Transform 61
Transform: AffineTransform_float_3_3
Parameters: 0.999995 -0.000767957 0.00306451 0.000776963 0.999995 -0.00305315 -0.00306219 0.00305585 0.999991 0.0692957 0.0459295 -0.287762
FixedParameters: 0 0 0

#Transform 62
Transform: AffineTransform_float_3_3
Parameters: 0.999994 -0.000638537 0.00333733 0.000647373 0.999995 -0.00291622 -0.00333558 0.00291778 0.99999 0.0520645 0.0512471 -0.283624
FixedParameters: 0 0 0

#Transform 63
Transform: AffineTransform_float_3_3
Parameters: 0.999994 -0.000665489 0.00332809 0.000675238 0.999996 -0.00286429 -0.00332572 0.00286671 0.99999 0.0493067 0.0521468 -0.285333
FixedParameters: 0 0 0

#Transform 64
Transform: AffineTransform_float_3_3
Parameters: 0.999994 -0.000679475 0.00325242 0.000688175 0.999996 -0.0028293 -0.00325095 0.00283171 0.999991 0.0507089 0.0481511 -0.289292
FixedParameters: 0 0 0

#Transform 65
Transform: AffineTransform_float_3_3
Parameters: 0.999995 -0.000955514 0.00295209 0.000964294 0.999995 -0.0029752 -0.00294916 0.0029788 0.999991 0.0781945 0.0473138 -0.296782
FixedParameters: 0 0 0

#Transform 66
Transform: AffineTransform_float_3_3
Parameters: 0.999995 -0.000694499 0.00327531 0.000703773 0.999996 -0.00289723 -0.00327365 0.00289977 0.99999 0.0576259 0.0675019 -0.29404
FixedParameters: 0 0 0

#Transform 67
Transform: AffineTransform_float_3_3
Parameters: 0.999995 -0.000806433 0.00301578 0.00081391 0.999996 -0.00256743 -0.00301257 0.00256956 0.999992 0.0745233 0.049252 -0.279266
FixedParameters: 0 0 0

#Transform 68
Transform: AffineTransform_float_3_3
Parameters: 0.999995 -0.000812666 0.00299946 0.000820967 0.999996 -0.00284843 -0.00299759 0.00285057 0.999992 0.0812333 0.0578955 -0.267185
FixedParameters: 0 0 0

#Transform 69
Transform: AffineTransform_float_3_3
Parameters: 0.999997 7.98408e-05 0.00236274 -7.95982e-05 1 -0.000134164 -0.00236369 0.000133836 0.999997 -0.000550166 0.0280946 -0.0199989
FixedParameters: 0 0 0

#Transform 70
Transform: AffineTransform_float_3_3
Parameters: 0.999996 0.0012122 0.00259142 -0.00121438 0.999999 0.000596294 -0.00259036 -0.000599704 0.999996 -0.0447882 0.0283875 0.0801926
FixedParameters: 0 0 0

#Transform 71
Transform: AffineTransform_float_3_3
Parameters: 0.999996 0.00118821 0.00228543 -0.00118863 0.999999 9.12102e-05 -0.00228521 -9.37894e-05 0.999997 -0.0304367 0.0311488 0.0424383
FixedParameters: 0 0 0

#Transform 72
Transform: AffineTransform_float_3_3
Parameters: 0.999998 0.00109417 0.00206239 -0.00109355 0.999999 -0.000152177 -0.00206272 0.000149822 0.999998 -0.0176569 0.0309394 0.0271763
FixedParameters: 0 0 0

#Transform 73
Transform: AffineTransform_float_3_3
Parameters: 0.999997 0.000644611 0.00207838 -0.000644075 1 -0.00012962 -0.00207854 0.00012838 0.999997 0.000791246 0.0387132 -0.00343751
FixedParameters: 0 0 0

#Transform 74
Transform: AffineTransform_float_3_3
Parameters: 0.999997 0.000394306 0.00238479 -0.000392897 1 -0.000488707 -0.00238478 0.000488293 0.999997 0.0149933 0.0385996 -0.0283271
FixedParameters: 0 0 0

#Transform 75
Transform: AffineTransform_float_3_3
Parameters: 0.999995 0.000535674 0.00308236 -0.000532412 1 -0.000891902 -0.00308345 0.000890097 0.999995 0.009307 0.0443978 -0.0442003
FixedParameters: 0 0 0

#Transform 76
Transform: AffineTransform_float_3_3
Parameters: 0.999997 0.000302726 0.00249237 -0.000301212 0.999999 -0.000751521 -0.00249296 0.000751479 0.999996 0.0181063 0.0373585 -0.0533061
FixedParameters: 0 0 0

#Transform 77
Transform: AffineTransform_float_3_3
Parameters: 0.999997 -0.000148124 0.00271016 0.00014969 1 -0.00070042 -0.00271009 0.000700581 0.999996 0.0337166 0.0415384 -0.0594918
FixedParameters: 0 0 0

#Transform 78
Transform: AffineTransform_float_3_3
Parameters: 0.999995 -0.00039717 0.00309677 0.00039953 1 -0.000889438 -0.00309581 0.000890564 0.999995 0.0440542 0.0590235 -0.0774917
FixedParameters: 0 0 0

#Transform 79
Transform: AffineTransform_float_3_3
Parameters: 0.999994 -0.000394116 0.00328783 0.000396815 1 -0.000889011 -0.00328687 0.000890991 0.999994 0.0406348 0.0634034 -0.0757801
FixedParameters: 0 0 0

#Transform 80
Transform: AffineTransform_float_3_3
Parameters: 0.999994 -0.000367661 0.00338759 0.000370788 1 -0.000983908 -0.00338753 0.000985094 0.999994 0.0343372 0.0681122 -0.0954761
FixedParameters: 0 0 0

#Transform 81
Transform: AffineTransform_float_3_3
Parameters: 0.999993 -0.000364245 0.00376103 0.000367863 0.999999 -0.000951269 -0.003761 0.000952732 0.999992 0.0361993 0.0727597 -0.101935
FixedParameters: 0 0 0

#Transform 82
Transform: AffineTransform_float_3_3
Parameters: 0.999994 -0.000252691 0.0036572 0.000256791 0.999999 -0.00104471 -0.00365734 0.00104529 0.999993 0.0393558 0.0771983 -0.101404
FixedParameters: 0 0 0

#Transform 83
Transform: AffineTransform_float_3_3
Parameters: 0.999993 -0.000653042 0.00374657 0.000657895 0.999999 -0.0012424 -0.00374522 0.0012446 0.999992 0.0500294 0.0782114 -0.11585
FixedParameters: 0 0 0

#Transform 84
Transform: AffineTransform_float_3_3
Parameters: 0.999993 -0.000615523 0.00383488 0.000620006 0.999999 -0.00121648 -0.00383457 0.00121852 0.999992 0.0438956 0.0782577 -0.120803
FixedParameters: 0 0 0

#Transform 85
Transform: AffineTransform_float_3_3
Parameters: 0.999992 -0.000818162 0.00406974 0.000822105 0.999999 -0.00107936 -0.00406917 0.00108264 0.999991 0.0601138 0.0712071 -0.112427
FixedParameters: 0 0 0

#Transform 86
Transform: AffineTransform_float_3_3
Parameters: 0.999991 -0.000647217 0.00430868 0.000652256 0.999999 -0.000994539 -0.00430805 0.000997458 0.99999 0.0555619 0.0728809 -0.0987202
FixedParameters: 0 0 0

#Transform 87
Transform: AffineTransform_float_3_3
Parameters: 0.999991 -0.00105738 0.00411352 0.00106324 0.999999 -0.0013007 -0.00411195 0.0013053 0.99999 0.0706182 0.0771664 -0.11954
FixedParameters: 0 0 0

#Transform 88
Transform: AffineTransform_float_3_3
Parameters: 0.999991 -0.00103599 0.00416737 0.00103984 1 -0.000885734 -0.0041662 0.000890265 0.99999 0.0731599 0.0778966 -0.103602
FixedParameters: 0 0 0

#Transform 89
Transform: AffineTransform_float_3_3
Parameters: 0.999991 -0.00105027 0.00413255 0.00105486 0.999999 -0.00102871 -0.00413197 0.00103329 0.99999 0.0853111 0.0718386 -0.105179
FixedParameters: 0 0 0

#Transform 90
Transform: AffineTransform_float_3_3
Parameters: 0.999991 -0.00137296 0.00397821 0.00137609 0.999999 -0.000884952 -0.00397736 0.00089105 0.999991 0.0934008 0.076469 -0.105867
FixedParameters: 0 0 0

#Transform 91
Transform: AffineTransform_float_3_3
Parameters: 0.999991 -0.00143838 0.00402272 0.00144255 0.999999 -0.00100483 -0.00402141 0.00101017 0.999991 0.0893856 0.0839591 -0.114677
FixedParameters: 0 0 0

#Transform 92
Transform: AffineTransform_float_3_3
Parameters: 0.999989 -0.00127018 0.00438621 0.00127514 0.999999 -0.00111617 -0.00438456 0.00112183 0.99999 0.0771793 0.0892387 -0.114852
FixedParameters: 0 0 0

#Transform 93
Transform: AffineTransform_float_3_3
Parameters: 0.999989 -0.00140228 0.00444423 0.00140882 0.999998 -0.00132251 -0.00444262 0.00132949 0.999989 0.0761724 0.0868663 -0.116027
FixedParameters: 0 0 0

#Transform 94
Transform: AffineTransform_float_3_3
Parameters: 0.999988 -0.00126755 0.00476312 0.00127277 0.999998 -0.00105504 -0.00476163 0.00106096 0.999988 0.0701383 0.0916762 -0.124102
FixedParameters: 0 0 0

#Transform 95
Transform: AffineTransform_float_3_3
Parameters: 0.999987 -0.00135995 0.004767 0.00136502 0.999999 -0.00117496 -0.00476552 0.00118105 0.999988 0.0791696 0.0863697 -0.133673
FixedParameters: 0 0 0

#Transform 96
Transform: AffineTransform_float_3_3
Parameters: 0.999987 -0.00118713 0.00495177 0.0011926 0.999999 -0.00107884 -0.00495131 0.00108516 0.999987 0.0773179 0.0875303 -0.130389
FixedParameters: 0 0 0

#Transform 97
Transform: AffineTransform_float_3_3
Parameters: 0.999988 -0.00151786 0.00475147 0.00152332 0.999998 -0.00112323 -0.00475016 0.00113078 0.999988 0.0889498 0.08853 -0.128014
FixedParameters: 0 0 0

#Transform 98
Transform: AffineTransform_float_3_3
Parameters: 0.999986 -0.00166065 0.00489062 0.00166669 0.999998 -0.00115037 -0.0048889 0.00115763 0.999988 0.093149 0.0917475 -0.124745
FixedParameters: 0 0 0

#Transform 99
Transform: AffineTransform_float_3_3
Parameters: 0.999987 -0.00162539 0.00497343 0.00163163 0.999998 -0.0011514 -0.00497179 0.00115859 0.999987 0.0969789 0.0792389 -0.128929
FixedParameters: 0 0 0

#Transform 100
Transform: AffineTransform_float_3_3
Parameters: 0.999991 -0.001314 0.00404564 0.00131484 0.999999 -0.000214949 -0.00404467 0.000220051 0.999992 0.0513674 0.080073 -0.012552
FixedParameters: 0 0 0

#Transform 101
Transform: AffineTransform_float_3_3
Parameters: 0.999957 0.00510949 -0.007651 -0.00505027 0.999958 0.00766281 0.0076892 -0.0076242 0.999941 -0.64834 0.302393 2.0521
FixedParameters: 0 0 0

#Transform 102
Transform: AffineTransform_float_3_3
Parameters: 0.999977 0.00673195 0.00128061 -0.00674267 0.99994 0.00860597 -0.00122351 -0.00861403 0.999962 -0.549299 0.389464 2.10751
FixedParameters: 0 0 0

#Transform 103
Transform: AffineTransform_float_3_3
Parameters: 0.999981 0.00514692 0.00345157 -0.00518106 0.999936 0.0100206 -0.0033996 -0.0100384 0.999944 -0.380417 0.317041 1.65832
FixedParameters: 0 0 0

#Transform 104
Transform: AffineTransform_float_3_3
Parameters: 0.999965 0.00362067 0.00746768 -0.00368285 0.999959 0.0083144 -0.00743749 -0.0083416 0.999937 -0.222301 0.288655 1.43572
FixedParameters: 0 0 0

#Transform 105
Transform: AffineTransform_float_3_3
Parameters: 0.999978 0.00295264 0.00582764 -0.00299031 0.999974 0.00660881 -0.00580826 -0.0066262 0.999961 -0.22131 0.272893 1.26915
FixedParameters: 0 0 0

#Transform 106
Transform: AffineTransform_float_3_3
Parameters: 0.999971 0.00246307 0.00723141 -0.00250436 0.999981 0.00566909 -0.00721725 -0.0056869 0.999958 -0.185914 0.253493 1.17603
FixedParameters: 0 0 0

#Transform 107
Transform: AffineTransform_float_3_3
Parameters: 0.999971 0.00244454 0.00714362 -0.00248686 0.999979 0.00596809 -0.00712804 -0.00598591 0.999957 -0.182392 0.250977 1.13193
FixedParameters: 0 0 0

#Transform 108
Transform: AffineTransform_float_3_3
Parameters: 0.999972 0.00238322 0.00712446 -0.00243002 0.999975 0.00653055 -0.00710937 -0.00654744 0.999953 -0.174221 0.213534 1.05545
FixedParameters: 0 0 0

#Transform 109
Transform: AffineTransform_float_3_3
Parameters: 0.999972 0.0023977 0.00711862 -0.00244222 0.999977 0.00618062 -0.00710388 -0.00619837 0.999956 -0.164174 0.208244 0.991629
FixedParameters: 0 0 0

#Transform 110
Transform: AffineTransform_float_3_3
Parameters: 0.99997 0.00207528 0.00744413 -0.00211951 0.999981 0.0059079 -0.00743137 -0.0059231 0.999955 -0.157595 0.210707 0.930948
FixedParameters: 0 0 0

#Transform 111
Transform: AffineTransform_float_3_3
Parameters: 0.999972 0.00184249 0.00735094 -0.00188338 0.999983 0.00562941 -0.00734121 -0.00564361 0.999957 -0.143516 0.201654 0.915043
FixedParameters: 0 0 0

#Transform 112
Transform: AffineTransform_float_3_3
Parameters: 0.99997 0.00212185 0.00735777 -0.00216387 0.999982 0.00561274 -0.00734549 -0.00562825 0.999957 -0.144272 0.214769 0.923119
FixedParameters: 0 0 0

#Transform 113
Transform: AffineTransform_float_3_3
Parameters: 0.999971 0.00203904 0.0072764 -0.0020793 0.999982 0.00561717 -0.00726544 -0.00563183 0.999958 -0.138965 0.211867 0.904271
FixedParameters: 0 0 0

#Transform 114
Transform: AffineTransform_float_3_3
Parameters: 0.999973 0.00184073 0.00719886 -0.00188081 0.999983 0.00562919 -0.00718877 -0.00564282 0.999958 -0.132528 0.217656 0.890435
FixedParameters: 0 0 0

#Transform 115
Transform: AffineTransform_float_3_3
Parameters: 0.999974 0.0018449 0.0070749 -0.00188354 0.999984 0.00540324 -0.00706537 -0.00541576 0.99996 -0.125642 0.213563 0.866474
FixedParameters: 0 0 0

#Transform 116
Transform: AffineTransform_float_3_3
Parameters: 0.99997 0.00187862 0.00742265 -0.00191989 0.999983 0.0055392 -0.00741247 -0.0055528 0.999957 -0.130733 0.222943 0.870502
FixedParameters: 0 0 0

#Transform 117
Transform: AffineTransform_float_3_3
Parameters: 0.999977 0.00169992 0.00666036 -0.0017324 0.999987 0.00479392 -0.00665179 -0.00480508 0.999967 -0.128214 0.217675 0.819329
FixedParameters: 0 0 0

#Transform 118
Transform: AffineTransform_float_3_3
Parameters: 0.999973 0.00173997 0.00711961 -0.00177399 0.999988 0.00472071 -0.00711169 -0.00473329 0.999963 -0.125773 0.226266 0.869425
FixedParameters: 0 0 0

#Transform 119
Transform: AffineTransform_float_3_3
Parameters: 0.999973 0.0015944 0.00717954 -0.00163342 0.999984 0.00546979 -0.00717105 -0.00548122 0.999959 -0.117644 0.214236 0.847144
FixedParameters: 0 0 0

#Transform 120
Transform: AffineTransform_float_3_3
Parameters: 0.999973 0.00165303 0.00715547 -0.00169025 0.999985 0.00514141 -0.00714719 -0.00515359 0.999961 -0.109871 0.211642 0.827444
FixedParameters: 0 0 0

#Transform 121
Transform: AffineTransform_float_3_3
Parameters: 0.999973 0.0016497 0.00715711 -0.0016853 0.999986 0.0049628 -0.00714908 -0.0049742 0.999962 -0.115038 0.213203 0.829338
FixedParameters: 0 0 0

#Transform 122
Transform: AffineTransform_float_3_3
Parameters: 0.999973 0.00154795 0.00720021 -0.00158085 0.999988 0.00461726 -0.00719351 -0.00462874 0.999964 -0.113172 0.209387 0.815015
FixedParameters: 0 0 0

#Transform 123
Transform: AffineTransform_float_3_3
Parameters: 0.999973 0.00169403 0.00713823 -0.00173117 0.999985 0.00521251 -0.00712968 -0.00522449 0.999961 -0.110966 0.206047 0.810683
FixedParameters: 0 0 0

#Transform 124
Transform: AffineTransform_float_3_3
Parameters: 0.999972 0.00150098 0.00735478 -0.00154284 0.999983 0.00571049 -0.0073455 -0.00572252 0.999956 -0.110513 0.193583 0.810746
FixedParameters: 0 0 0

#Transform 125
Transform: AffineTransform_float_3_3
Parameters: 0.999975 0.00146974 0.00699753 -0.00150198 0.999988 0.00473262 -0.0069903 -0.00474239 0.999964 -0.105685 0.198255 0.744048
FixedParameters: 0 0 0

#Transform 126
Transform: AffineTransform_float_3_3
Parameters: 0.999976 0.00125653 0.0067887 -0.00128856 0.999988 0.0047278 -0.00678272 -0.00473619 0.999966 -0.0998336 0.214252 0.770099
FixedParameters: 0 0 0

#Transform 127
Transform: AffineTransform_float_3_3
Parameters: 0.999976 0.00125875 0.00678786 -0.00129004 0.999988 0.0046738 -0.006782 -0.00468221 0.999966 -0.100488 0.19735 0.690995
FixedParameters: 0 0 0

#Transform 128
Transform: AffineTransform_float_3_3
Parameters: 0.999978 0.00126188 0.00659496 -0.00129165 0.999989 0.00445615 -0.00658938 -0.00446485 0.999968 -0.100005 0.208077 0.698367
FixedParameters: 0 0 0

#Transform 129
Transform: AffineTransform_float_3_3
Parameters: 0.99998 0.00156724 0.00610496 -0.0015941 0.99999 0.00428511 -0.00609788 -0.0042949 0.999973 -0.098772 0.206612 0.673206
FixedParameters: 0 0 0

#Transform 130
Transform: AffineTransform_float_3_3
Parameters: 0.999975 0.00141427 0.00683886 -0.00144588 0.999988 0.00456587 -0.00683238 -0.00457513 0.999966 -0.104419 0.198747 0.678414
FixedParameters: 0 0 0

#Transform 131
Transform: AffineTransform_float_3_3
Parameters: 0.999976 0.001532 0.00678103 -0.00156255 0.999989 0.00442965 -0.00677442 -0.00444035 0.999967 -0.107221 0.196684 0.664506
FixedParameters: 0 0 0

#Transform 132
Transform: AffineTransform_float_3_3
Parameters: 0.999974 0.00174987 0.00700981 -0.00177955 0.99999 0.00422249 -0.007002 -0.00423551 0.999966 -0.119181 0.199549 0.653414
FixedParameters: 0 0 0

#Transform 133
Transform: AffineTransform_float_3_3
Parameters: 0.999974 0.00156584 0.00705375 -0.00159917 0.999988 0.00474421 -0.00704648 -0.00475479 0.999964 -0.108987 0.189453 0.625676
FixedParameters: 0 0 0

#Transform 134
Transform: AffineTransform_float_3_3
Parameters: 0.999974 0.00148688 0.00707151 -0.00152135 0.999987 0.00484053 -0.00706377 -0.00485147 0.999963 -0.107239 0.17794 0.60359
FixedParameters: 0 0 0

#Transform 135
Transform: AffineTransform_float_3_3
Parameters: 0.999974 0.00146561 0.00705799 -0.00149807 0.999989 0.00461371 -0.00705167 -0.0046243 0.999965 -0.106648 0.175899 0.610864
FixedParameters: 0 0 0

#Transform 136
Transform: AffineTransform_float_3_3
Parameters: 0.999976 0.00126409 0.00681124 -0.00129254 0.99999 0.00424674 -0.00680526 -0.00425526 0.999968 -0.101259 0.175799 0.602316
FixedParameters: 0 0 0

#Transform 137
Transform: AffineTransform_float_3_3
Parameters: 0.999976 0.00138647 0.00678127 -0.00142131 0.999986 0.00521178 -0.00677425 -0.00522123 0.999964 -0.10408 0.178942 0.633064
FixedParameters: 0 0 0

#Transform 138
Transform: AffineTransform_float_3_3
Parameters: 0.999976 0.00139412 0.00681293 -0.00142853 0.999986 0.00508783 -0.00680579 -0.00509817 0.999964 -0.0916263 0.178153 0.636932
FixedParameters: 0 0 0

#Transform 139
Transform: AffineTransform_float_3_3
Parameters: 0.999978 0.00114362 0.00643519 -0.00117217 0.999989 0.00450276 -0.00642964 -0.00451024 0.999969 -0.0834848 0.191311 0.611795
FixedParameters: 0 0 0

#Transform 140
Transform: AffineTransform_float_3_3
Parameters: 0.999982 0.00117104 0.00592345 -0.00119504 0.999992 0.00397582 -0.00591841 -0.00398318 0.999974 -0.0903135 0.214944 0.605604
FixedParameters: 0 0 0

#Transform 141
Transform: AffineTransform_float_3_3
Parameters: 0.99998 0.00116905 0.00631415 -0.00120129 0.999986 0.00510073 -0.00630811 -0.00510827 0.999967 -0.0794992 0.203773 0.603699
FixedParameters: 0 0 0

#Transform 142
Transform: AffineTransform_float_3_3
Parameters: 0.999978 0.00112886 0.00644026 -0.00116168 0.999986 0.00521899 -0.00643422 -0.00522702 0.999966 -0.0788085 0.195735 0.614443
FixedParameters: 0 0 0

#Transform 143
Transform: AffineTransform_float_3_3
Parameters: 0.999977 0.00101792 0.00669538 -0.00105078 0.999987 0.00488495 -0.00669041 -0.00489205 0.999965 -0.0804693 0.194044 0.610411
FixedParameters: 0 0 0

#Transform 144
Transform: AffineTransform_float_3_3
Parameters: 0.999978 0.00125212 0.00652331 -0.00127984 0.99999 0.00434795 -0.0065181 -0.00435705 0.999969 -0.0819784 0.196551 0.588163
FixedParameters: 0 0 0

#Transform 145
Transform: AffineTransform_float_3_3
Parameters: 0.999978 0.00118892 0.00656006 -0.00121976 0.999988 0.00473167 -0.00655432 -0.00473933 0.999967 -0.0805297 0.202518 0.600532
FixedParameters: 0 0 0

#Transform 146
Transform: AffineTransform_float_3_3
Parameters: 0.999979 0.000941746 0.006523 -0.000975046 0.999986 0.00514927 -0.00651773 -0.00515574 0.999966 -0.0744474 0.197131 0.607654
FixedParameters: 0 0 0

#Transform 147
Transform: AffineTransform_float_3_3
Parameters: 0.999976 0.0010565 0.00673807 -0.00108754 0.999988 0.00471901 -0.00673308 -0.00472599 0.999966 -0.0671466 0.186635 0.586
FixedParameters: 0 0 0

#Transform 148
Transform: AffineTransform_float_3_3
Parameters: 0.999976 0.000924562 0.00686426 -0.000955063 0.99999 0.00448758 -0.00685926 -0.00449442 0.999966 -0.0670291 0.186307 0.569664
FixedParameters: 0 0 0

#Transform 149
Transform: AffineTransform_float_3_3
Parameters: 0.999975 0.000979977 0.00699125 -0.00100881 0.99999 0.00419279 -0.00698687 -0.0041992 0.999967 -0.0733467 0.186464 0.565463
FixedParameters: 0 0 0

#Transform 150
Transform: AffineTransform_float_3_3
Parameters: 0.999975 0.00103853 0.00699036 -0.0010687 0.999991 0.00428838 -0.00698528 -0.00429562 0.999967 -0.0770481 0.184202 0.581941
FixedParameters: 0 0 0

#Transform 151
Transform: AffineTransform_float_3_3
Parameters: 0.999975 0.00102051 0.0070832 -0.00104735 0.999992 0.00393279 -0.00707864 -0.00393922 0.999967 -0.0683794 0.174385 0.550964
FixedParameters: 0 0 0

#Transform 152
Transform: AffineTransform_float_3_3
Parameters: 0.999974 0.000835047 0.00716863 -0.000863629 0.999992 0.00394296 -0.00716511 -0.00394904 0.999967 -0.0631143 0.170805 0.553474
FixedParameters: 0 0 0

#Transform 153
Transform: AffineTransform_float_3_3
Parameters: 0.999975 0.000791566 0.00711779 -0.00082159 0.99999 0.00429431 -0.00711429 -0.00429969 0.999966 -0.0559353 0.18006 0.58541
FixedParameters: 0 0 0

#Transform 154
Transform: AffineTransform_float_3_3
Parameters: 0.999976 0.00095929 0.006966 -0.000985543 0.999992 0.00379577 -0.00696233 -0.00380323 0.999969 -0.0598043 0.181809 0.535388
FixedParameters: 0 0 0

#Transform 155
Transform: AffineTransform_float_3_3
Parameters: 0.999973 0.00081678 0.00721797 -0.000847545 0.999991 0.00422204 -0.00721399 -0.00422795 0.999965 -0.0728182 0.171596 0.537553
FixedParameters: 0 0 0

#Transform 156
Transform: AffineTransform_float_3_3
Parameters: 0.999974 0.00060295 0.00727696 -0.000634091 0.99999 0.00436771 -0.00727447 -0.0043713 0.999964 -0.0660288 0.176443 0.541755
FixedParameters: 0 0 0

#Transform 157
Transform: AffineTransform_float_3_3
Parameters: 0.999973 0.000692606 0.00732913 -0.000722121 0.999992 0.00401002 -0.00732611 -0.00401498 0.999965 -0.0635205 0.179765 0.522825
FixedParameters: 0 0 0

#Transform 158
Transform: AffineTransform_float_3_3
Parameters: 0.999974 0.000557469 0.00716146 -0.000585953 0.999991 0.0039679 -0.00715919 -0.0039721 0.999967 -0.054674 0.174216 0.533401
FixedParameters: 0 0 0

#Transform 159
Transform: AffineTransform_float_3_3
Parameters: 0.999976 0.000770778 0.00695459 -0.000795445 0.999993 0.00355624 -0.00695195 -0.00356175 0.99997 -0.0641914 0.1672 0.482856
FixedParameters: 0 0 0

#Transform 160
Transform: AffineTransform_float_3_3
Parameters: 0.999975 0.000524028 0.00708503 -0.00055322 0.999991 0.00415367 -0.00708228 -0.00415733 0.999966 -0.0524266 0.169231 0.497809
FixedParameters: 0 0 0

#Transform 161
Transform: AffineTransform_float_3_3
Parameters: 0.999974 0.000437347 0.00710617 -0.000466953 0.999991 0.00417042 -0.00710413 -0.00417357 0.999966 -0.0479239 0.179586 0.514958
FixedParameters: 0 0 0

#Transform 162
Transform: AffineTransform_float_3_3
Parameters: 0.999976 0.000433377 0.00683819 -0.000460833 0.999992 0.00401356 -0.00683648 -0.00401645 0.999968 -0.047253 0.181573 0.506482
FixedParameters: 0 0 0

#Transform 163
Transform: AffineTransform_float_3_3
Parameters: 0.999975 0.000619747 0.00706003 -0.000649249 0.999991 0.004162 -0.0070574 -0.00416699 0.999966 -0.0471045 0.194557 0.526148
FixedParameters: 0 0 0

#Transform 164
Transform: AffineTransform_float_3_3
Parameters: 0.999975 0.000668842 0.0070316 -0.000698705 0.99999 0.00427004 -0.0070288 -0.00427496 0.999967 -0.0445323 0.200963 0.557299
FixedParameters: 0 0 0

#Transform 165
Transform: AffineTransform_float_3_3
Parameters: 0.999975 0.000723065 0.00700725 -0.000754689 0.999989 0.00450451 -0.00700311 -0.00450948 0.999965 -0.0521574 0.209089 0.560594
FixedParameters: 0 0 0

#Transform 166
Transform: AffineTransform_float_3_3
Parameters: 0.999975 0.000661315 0.0071096 -0.000694269 0.999988 0.00472702 -0.00710688 -0.00473197 0.999963 -0.0430319 0.191531 0.551209
FixedParameters: 0 0 0

#Transform 167
Transform: AffineTransform_float_3_3
Parameters: 0.999973 0.000624752 0.00722869 -0.000656342 0.99999 0.00440021 -0.00722688 -0.00440478 0.999964 -0.0499172 0.195755 0.555047
FixedParameters: 0 0 0

#Transform 168
Transform: AffineTransform_float_3_3
Parameters: 0.999973 0.00068596 0.00731005 -0.000719054 0.99999 0.00454407 -0.00730696 -0.00454893 0.999963 -0.05082 0.188063 0.541443
FixedParameters: 0 0 0

#Transform 169
Transform: AffineTransform_float_3_3
Parameters: 0.999974 0.000579107 0.00715924 -0.000616203 0.999987 0.00516757 -0.00715569 -0.00517144 0.999961 -0.0485571 0.194125 0.567737
FixedParameters: 0 0 0

#Transform 170
Transform: AffineTransform_float_3_3
Parameters: 0.999974 0.000634666 0.00718902 -0.000672966 0.999986 0.00520214 -0.00718577 -0.00520685 0.99996 -0.0430248 0.17774 0.561918
FixedParameters: 0 0 0

#Transform 171
Transform: AffineTransform_float_3_3
Parameters: 0.999975 0.00119129 0.00686823 -0.001241 0.999973 0.00721509 -0.00685969 -0.0072229 0.99995 -0.0839544 0.225259 0.809717
FixedParameters: 0 0 0

#Transform 172
Transform: AffineTransform_float_3_3
Parameters: 0.999974 0.00215433 0.0068738 -0.00221499 0.999959 0.00873911 -0.00685428 -0.00875387 0.999938 -0.115287 0.26595 0.930829
FixedParameters: 0 0 0

#Transform 173
Transform: AffineTransform_float_3_3
Parameters: 0.999974 0.00164784 0.00708456 -0.00170461 0.999967 0.00798651 -0.00707083 -0.0079985 0.999943 -0.104185 0.248049 0.84902
FixedParameters: 0 0 0

#Transform 174
Transform: AffineTransform_float_3_3
Parameters: 0.999971 0.00178458 0.00740008 -0.00183814 0.999972 0.00727705 -0.0073869 -0.00728995 0.999946 -0.0908508 0.234366 0.782651
FixedParameters: 0 0 0

#Transform 175
Transform: AffineTransform_float_3_3
Parameters: 0.99997 0.00177304 0.00753849 -0.00182615 0.999974 0.00699125 -0.00752573 -0.00700375 0.999947 -0.0976109 0.226648 0.74577
FixedParameters: 0 0 0

#Transform 176
Transform: AffineTransform_float_3_3
Parameters: 0.999968 0.00148026 0.0078441 -0.00153721 0.999973 0.00721395 -0.00783315 -0.00722505 0.999944 -0.100729 0.225385 0.738379
FixedParameters: 0 0 0

#Transform 177
Transform: AffineTransform_float_3_3
Parameters: 0.999968 0.00127115 0.00783842 -0.00132208 0.999978 0.00642319 -0.00782985 -0.00643379 0.999948 -0.0805573 0.214693 0.635949
FixedParameters: 0 0 0

#Transform 178
Transform: AffineTransform_float_3_3
Parameters: 0.999969 0.00112101 0.00781652 -0.00116747 0.999982 0.00591922 -0.0078095 -0.00592879 0.999952 -0.0769639 0.21016 0.617758
FixedParameters: 0 0 0

#Transform 179
Transform: AffineTransform_float_3_3
Parameters: 0.999967 0.0011515 0.00806176 -0.00121053 0.999972 0.00735936 -0.0080523 -0.00736864 0.99994 -0.089251 0.225438 0.714521
FixedParameters: 0 0 0
