# transform file /out/sourcedata/freesurfer/sub-v1s10x0050952_ses-1/mri/transforms/cc_up.lta
# created by oesteban on Wed Mar 11 23:47:19 2026

type      = 0 # LINEAR_VOX_TO_VOX
nxforms   = 1
mean      = 125.0000 138.0000 119.0000
sigma     = 10000.0000
1 4 4
9.865760803222656e-01 1.001986265182495e-01 -1.289499998092651e-01 6.672657489776611e+00 
-9.935355931520462e-02 9.949675202369690e-01 1.298596337437630e-02 1.760124778747559e+01 
1.296022236347198e-01 9.313226856377810e-10 9.915661811828613e-01 -1.302047133445740e+00 
0.000000000000000e+00 0.000000000000000e+00 0.000000000000000e+00 1.000000000000000e+00 
src volume info
valid = 1  # volume info valid
filename = /out/sourcedata/freesurfer/sub-v1s10x0050952_ses-1/mri/norm.mgz
volume = 256 256 256
voxelsize = 1.000000000000000e+00 1.000000000000000e+00 1.000000000000000e+00
xras   = -1.000000000000000e+00 0.000000000000000e+00 0.000000000000000e+00
yras   = 0.000000000000000e+00 0.000000000000000e+00 -1.000000000000000e+00
zras   = 0.000000000000000e+00 1.000000000000000e+00 0.000000000000000e+00
cras   = -5.840904235839844e+00 1.000000000000000e+00 3.168670654296875e+00
dst volume info
valid = 1  # volume info valid
filename = /out/sourcedata/freesurfer/sub-v1s10x0050952_ses-1/mri/norm.mgz
volume = 256 256 256
voxelsize = 1.000000000000000e+00 1.000000000000000e+00 1.000000000000000e+00
xras   = -1.000000000000000e+00 0.000000000000000e+00 0.000000000000000e+00
yras   = 0.000000000000000e+00 0.000000000000000e+00 -1.000000000000000e+00
zras   = 0.000000000000000e+00 1.000000000000000e+00 0.000000000000000e+00
cras   = -5.840904235839844e+00 1.000000000000000e+00 3.168670654296875e+00
