# transform file /out/sourcedata/freesurfer/sub-v1s10x0051002_ses-1/mri/transforms/cc_up.lta
# created by oesteban on Thu Mar 12 03:37:51 2026

type      = 0 # LINEAR_VOX_TO_VOX
nxforms   = 1
mean      = 123.0000 125.0000 108.0000
sigma     = 10000.0000
1 4 4
9.688392281532288e-01 1.110606826841831e-02 -2.474413067102432e-01 3.237745285034180e+01 
-1.076065842062235e-02 9.999383091926575e-01 2.748269587755203e-03 2.105539321899414e+01 
2.474565654993057e-01 0.000000000000000e+00 9.688989520072937e-01 6.729474067687988e-01 
0.000000000000000e+00 0.000000000000000e+00 0.000000000000000e+00 1.000000000000000e+00 
src volume info
valid = 1  # volume info valid
filename = /out/sourcedata/freesurfer/sub-v1s10x0051002_ses-1/mri/norm.mgz
volume = 256 256 256
voxelsize = 1.000000000000000e+00 1.000000000000000e+00 1.000000000000000e+00
xras   = -1.000000000000000e+00 0.000000000000000e+00 0.000000000000000e+00
yras   = 0.000000000000000e+00 0.000000000000000e+00 -1.000000000000000e+00
zras   = 0.000000000000000e+00 1.000000000000000e+00 0.000000000000000e+00
cras   = 2.747417449951172e+01 2.212836456298828e+01 -8.317718505859375e+00
dst volume info
valid = 1  # volume info valid
filename = /out/sourcedata/freesurfer/sub-v1s10x0051002_ses-1/mri/norm.mgz
volume = 256 256 256
voxelsize = 1.000000000000000e+00 1.000000000000000e+00 1.000000000000000e+00
xras   = -1.000000000000000e+00 0.000000000000000e+00 0.000000000000000e+00
yras   = 0.000000000000000e+00 0.000000000000000e+00 -1.000000000000000e+00
zras   = 0.000000000000000e+00 1.000000000000000e+00 0.000000000000000e+00
cras   = 2.747417449951172e+01 2.212836456298828e+01 -8.317718505859375e+00
