#Insight Transform File V1.0
#Transform 0
Transform: AffineTransform_float_3_3
Parameters: 1 0.000356128 -5.3679e-06 -0.000356121 0.999999 0.000634002 5.81946e-06 -0.000633998 1 -0.120224 -0.325878 -0.48038
FixedParameters: 0 0 0

#Transform 1
Transform: AffineTransform_float_3_3
Parameters: 0.999999 0.000920142 -4.52919e-05 -0.000920444 0.999999 0.000968043 4.61531e-05 -0.000967959 1 0.0338397 0.0388455 -0.0372052
FixedParameters: 0 0 0

#Transform 2
Transform: AffineTransform_float_3_3
Parameters: 1 0.00110217 0.000314555 -0.00110121 0.999999 -0.0008965 -0.000315609 0.0008965 1 0.0191511 0.0702537 -0.159674
FixedParameters: 0 0 0

#Transform 3
Transform: AffineTransform_float_3_3
Parameters: 0.999999 0.000886756 -0.000342327 -0.000886819 1 -0.000663056 0.000342071 0.000662944 1 0.0373493 0.0638045 -0.186505
FixedParameters: 0 0 0

#Transform 4
Transform: AffineTransform_float_3_3
Parameters: 0.999999 0.00116072 0.000451111 -0.00116002 0.999998 -0.00136768 -0.000452973 0.00136732 0.999999 0.00584455 0.0736213 -0.28065
FixedParameters: 0 0 0

#Transform 5
Transform: AffineTransform_float_3_3
Parameters: 0.999999 0.00096591 -5.11517e-06 -0.000965914 0.999999 -0.000333148 4.4709e-06 0.000333851 1 0.0664997 0.0756359 -0.154669
FixedParameters: 0 0 0

#Transform 6
Transform: AffineTransform_float_3_3
Parameters: 0.999999 0.00107399 0.000698384 -0.00107395 0.999999 -0.000689543 -0.000699474 0.000689456 1 0.0058312 0.0698283 -0.25097
FixedParameters: 0 0 0

#Transform 7
Transform: AffineTransform_float_3_3
Parameters: 0.999998 0.00146644 0.00067052 -0.00146599 0.999999 -0.000734289 -0.000671361 0.000733711 0.999999 0.0101246 0.0736103 -0.294343
FixedParameters: 0 0 0

#Transform 8
Transform: AffineTransform_float_3_3
Parameters: 0.999999 0.0012225 0.000774374 -0.00122206 0.999999 -0.0006271 -0.000774594 0.000625901 1 0.00275065 0.0563293 -0.335254
FixedParameters: 0 0 0

#Transform 9
Transform: AffineTransform_float_3_3
Parameters: 0.999998 0.00138449 0.000928403 -0.00138413 1 -0.000480591 -0.000928421 0.00047941 0.999999 0.0216213 0.0665565 -0.389409
FixedParameters: 0 0 0

#Transform 10
Transform: AffineTransform_float_3_3
Parameters: 0.999999 0.00165261 0.000590677 -0.00165132 0.999998 -0.00120564 -0.000592427 0.00120436 0.999999 0.000848211 0.0405954 -0.432515
FixedParameters: 0 0 0

#Transform 11
Transform: AffineTransform_float_3_3
Parameters: 0.999999 0.00161862 0.000505977 -0.00161682 0.999994 -0.00294697 -0.000510656 0.00294602 0.999996 0.0419965 0.020453 -0.504172
FixedParameters: 0 0 0

#Transform 12
Transform: AffineTransform_float_3_3
Parameters: 0.999999 0.00114929 0.000800655 -0.0011471 0.999996 -0.00259707 -0.000803605 0.00259593 0.999996 0.0130789 0.0502226 -0.512119
FixedParameters: 0 0 0

#Transform 13
Transform: AffineTransform_float_3_3
Parameters: 1 0.00103782 0.000343327 -0.00103681 0.999995 -0.00299836 -0.000346924 0.00299764 0.999996 0.0202434 0.0880183 -0.489496
FixedParameters: 0 0 0

#Transform 14
Transform: AffineTransform_float_3_3
Parameters: 1 -0.000135529 -3.43172e-05 0.000135243 0.999991 -0.004095 3.5426e-05 0.00409499 0.999991 0.0533637 0.0532633 -0.56976
FixedParameters: 0 0 0

#Transform 15
Transform: AffineTransform_float_3_3
Parameters: 0.999999 0.00135589 0.000207288 -0.00135534 0.999995 -0.00291779 -0.000211655 0.0029172 0.999995 0.0292066 0.0671318 -0.508914
FixedParameters: 0 0 0

#Transform 16
Transform: AffineTransform_float_3_3
Parameters: 0.999999 0.00135613 0.000205714 -0.00135562 0.999991 -0.00407844 -0.00021192 0.00407857 0.999992 0.00948772 0.0594896 -0.615191
FixedParameters: 0 0 0

#Transform 17
Transform: AffineTransform_float_3_3
Parameters: 1 0.0012119 -0.000129168 -0.00121239 0.999995 -0.0028932 0.000125307 0.00289279 0.999996 0.0616584 0.0788317 -0.51407
FixedParameters: 0 0 0

#Transform 18
Transform: AffineTransform_float_3_3
Parameters: 0.999999 0.00135598 0.000206675 -0.00135577 0.999993 -0.00337028 -0.000210959 0.00336972 0.999995 0.0167155 0.0776558 -0.595782
FixedParameters: 0 0 0

#Transform 19
Transform: AffineTransform_float_3_3
Parameters: 0.999999 0.00135605 0.00020625 -0.00135571 0.999992 -0.00368343 -0.000211384 0.00368356 0.999993 0.0314648 0.0696622 -0.628028
FixedParameters: 0 0 0

#Transform 20
Transform: AffineTransform_float_3_3
Parameters: 0.999999 0.00150234 -0.000343442 -0.00150367 0.999991 -0.00404 0.000337209 0.004041 0.999991 0.0543169 0.072251 -0.63019
FixedParameters: 0 0 0

#Transform 21
Transform: AffineTransform_float_3_3
Parameters: 0.999999 0.00087742 0.000214269 -0.000876263 0.999985 -0.00543819 -0.000218951 0.00543781 0.999985 0.0206232 0.0783801 -0.724703
FixedParameters: 0 0 0

#Transform 22
Transform: AffineTransform_float_3_3
Parameters: 0.999999 0.00117281 -0.000649638 -0.00117512 0.99999 -0.0043046 0.000644663 0.0043054 0.99999 0.071511 0.086205 -0.597158
FixedParameters: 0 0 0

#Transform 23
Transform: AffineTransform_float_3_3
Parameters: 0.999999 0.00124106 -0.00069585 -0.00124388 0.999988 -0.0046745 0.000690285 0.0046755 0.999989 0.0510474 0.0807436 -0.637407
FixedParameters: 0 0 0

#Transform 24
Transform: AffineTransform_float_3_3
Parameters: 1 0.00107762 -0.000443085 -0.00108005 0.999987 -0.00497988 0.000436942 0.00498011 0.999987 0.0571572 0.0763488 -0.657937
FixedParameters: 0 0 0

#Transform 25
Transform: AffineTransform_float_3_3
Parameters: 0.999998 0.00112454 -0.00168215 -0.00113207 0.999991 -0.00414916 0.00167766 0.00415084 0.99999 0.13115 0.0914888 -0.492963
FixedParameters: 0 0 0

#Transform 26
Transform: AffineTransform_float_3_3
Parameters: 0.999999 0.000850924 -0.000969573 -0.000855818 0.999987 -0.00516818 0.000965102 0.00516983 0.999986 0.0526035 0.0714567 -0.668
FixedParameters: 0 0 0

#Transform 27
Transform: AffineTransform_float_3_3
Parameters: 0.999999 0.001428 -0.00104356 -0.00143226 0.999989 -0.00443187 0.00103746 0.00443413 0.999989 0.100984 0.0941648 -0.524848
FixedParameters: 0 0 0

#Transform 28
Transform: AffineTransform_float_3_3
Parameters: 0.999999 0.00130234 -0.00116183 -0.00130611 0.999991 -0.00399485 0.00115668 0.00399715 0.999991 0.0786526 0.066028 -0.591427
FixedParameters: 0 0 0

#Transform 29
Transform: AffineTransform_float_3_3
Parameters: 0.999998 0.00151953 -0.00109354 -0.00152477 0.999987 -0.00485755 0.00108625 0.00485945 0.999988 0.0941328 0.109057 -0.561203
FixedParameters: 0 0 0

#Transform 30
Transform: AffineTransform_float_3_3
Parameters: 0.999998 0.001548 -0.00141044 -0.00155416 0.999989 -0.00428023 0.00140335 0.00428177 0.99999 0.0978048 0.0615173 -0.607363
FixedParameters: 0 0 0

#Transform 31
Transform: AffineTransform_float_3_3
Parameters: 1 0.00102442 -0.000531279 -0.00102738 0.999987 -0.00501546 0.00052651 0.00501654 0.999988 0.0559093 0.0652211 -0.742728
FixedParameters: 0 0 0

#Transform 32
Transform: AffineTransform_float_3_3
Parameters: 0.999998 0.00133456 -0.00150291 -0.0013406 0.999992 -0.0038432 0.0014979 0.0038458 0.999991 0.14268 0.0911803 -0.523953
FixedParameters: 0 0 0

#Transform 33
Transform: AffineTransform_float_3_3
Parameters: 0.999998 0.00118897 -0.00120683 -0.00119434 0.999988 -0.00467277 0.00120188 0.00467423 0.999988 0.0741295 0.0817691 -0.651326
FixedParameters: 0 0 0

#Transform 34
Transform: AffineTransform_float_3_3
Parameters: 1 0.00103879 -0.000363927 -0.00104139 0.999984 -0.00556113 0.000358272 0.00556186 0.999984 0.0420575 0.0674029 -0.783504
FixedParameters: 0 0 0

#Transform 35
Transform: AffineTransform_float_3_3
Parameters: 0.999998 0.00188565 -0.00132439 -0.00189044 0.999991 -0.00369107 0.00131703 0.00369393 0.999992 0.10768 0.0817241 -0.599711
FixedParameters: 0 0 0

#Transform 36
Transform: AffineTransform_float_3_3
Parameters: 0.999998 0.00183353 -0.000882523 -0.00183775 0.999989 -0.00440196 0.000874644 0.00440305 0.999991 0.0498742 0.0689593 -0.702615
FixedParameters: 0 0 0

#Transform 37
Transform: AffineTransform_float_3_3
Parameters: 0.999998 0.00117606 -0.00123486 -0.00118419 0.999982 -0.00585275 0.00122816 0.00585424 0.999982 0.0638922 0.0679898 -0.774781
FixedParameters: 0 0 0

#Transform 38
Transform: AffineTransform_float_3_3
Parameters: 0.999998 0.00157415 -0.0016637 -0.00158282 0.999984 -0.0054108 0.00165571 0.00541321 0.999984 0.0966756 0.0803165 -0.666359
FixedParameters: 0 0 0

#Transform 39
Transform: AffineTransform_float_3_3
Parameters: 0.999998 0.00131709 -0.000906931 -0.00132385 0.999974 -0.00714702 0.000897399 0.00714799 0.999975 0.0396618 0.0701115 -0.852407
FixedParameters: 0 0 0

#Transform 40
Transform: AffineTransform_float_3_3
Parameters: 0.999997 0.00187453 -0.00114743 -0.00188233 0.999975 -0.00679142 0.00113493 0.00679357 0.999976 0.0729321 0.104266 -0.756363
FixedParameters: 0 0 0

#Transform 41
Transform: AffineTransform_float_3_3
Parameters: 0.999998 0.00166016 -0.00153161 -0.00167106 0.999973 -0.00712688 0.00152064 0.00712913 0.999974 0.0534404 0.0746296 -0.838478
FixedParameters: 0 0 0

#Transform 42
Transform: AffineTransform_float_3_3
Parameters: 0.999998 0.00198867 -0.00120188 -0.00199913 0.99996 -0.0088187 0.00118394 0.0088213 0.99996 0.0392797 0.0992114 -0.915035
FixedParameters: 0 0 0

#Transform 43
Transform: AffineTransform_float_3_3
Parameters: 0.999998 0.00190693 -0.00129425 -0.00191568 0.999975 -0.0067451 0.00128109 0.00674789 0.999976 0.0799316 0.0853999 -0.787834
FixedParameters: 0 0 0

#Transform 44
Transform: AffineTransform_float_3_3
Parameters: 0.999997 0.0018917 -0.00115921 -0.00190134 0.999961 -0.00861038 0.00114286 0.00861261 0.999962 0.0372745 0.0858172 -0.928586
FixedParameters: 0 0 0

#Transform 45
Transform: AffineTransform_float_3_3
Parameters: 0.999998 0.00200078 -0.0011517 -0.00200991 0.999962 -0.00844843 0.00113412 0.00845157 0.999964 0.0351612 0.0583183 -0.945047
FixedParameters: 0 0 0

#Transform 46
Transform: AffineTransform_float_3_3
Parameters: 0.999999 0.00175637 -0.00054667 -0.00176078 0.999974 -0.00707477 0.000534534 0.00707523 0.999975 0.0320236 0.0540118 -0.921048
FixedParameters: 0 0 0

#Transform 47
Transform: AffineTransform_float_3_3
Parameters: 0.999997 0.00201205 -0.000927681 -0.00201929 0.999973 -0.00711722 0.000912793 0.00711877 0.999974 0.034073 0.0632355 -0.895616
FixedParameters: 0 0 0

#Transform 48
Transform: AffineTransform_float_3_3
Parameters: 0.999998 0.00157873 -0.000707801 -0.00158302 0.999972 -0.00732525 0.000696213 0.00732675 0.999973 0.0370336 0.0701894 -0.890938
FixedParameters: 0 0 0

#Transform 49
Transform: AffineTransform_float_3_3
Parameters: 0.999998 0.00160305 -0.00110922 -0.00161177 0.999969 -0.00768143 0.00109624 0.00768357 0.99997 0.0423551 0.0662637 -0.897368
FixedParameters: 0 0 0

#Transform 50
Transform: AffineTransform_float_3_3
Parameters: 0.999999 0.00144437 -0.00116872 -0.00145311 0.999971 -0.00752388 0.00115732 0.00752511 0.999971 0.0454772 0.0668189 -0.859604
FixedParameters: 0 0 0

#Transform 51
Transform: AffineTransform_float_3_3
Parameters: 0.999998 0.00173347 -0.00157253 -0.00174351 0.999978 -0.00641684 0.00156115 0.00642016 0.999978 0.0884441 0.091359 -0.690356
FixedParameters: 0 0 0

#Transform 52
Transform: AffineTransform_float_3_3
Parameters: 0.999998 0.00160271 -0.00124443 -0.00161123 0.999976 -0.00675958 0.00123441 0.00676143 0.999976 0.0378689 0.0704262 -0.760952
FixedParameters: 0 0 0

#Transform 53
Transform: AffineTransform_float_3_3
Parameters: 0.999999 0.00141826 -0.00116762 -0.001428 0.999965 -0.00829656 0.00115624 0.00829845 0.999965 0.00562679 0.0678708 -0.866114
FixedParameters: 0 0 0

#Transform 54
Transform: AffineTransform_float_3_3
Parameters: 0.999999 0.00166829 -0.00062203 -0.00167262 0.999964 -0.00828069 0.000608171 0.00828131 0.999965 -0.00506676 0.079826 -0.836553
FixedParameters: 0 0 0

#Transform 55
Transform: AffineTransform_float_3_3
Parameters: 0.999998 0.000908868 -0.00135399 -0.000917396 0.999982 -0.00601462 0.00134841 0.00601639 0.999981 0.0572201 0.0740469 -0.759951
FixedParameters: 0 0 0

#Transform 56
Transform: AffineTransform_float_3_3
Parameters: 0.999998 0.00103662 -0.00164367 -0.00104836 0.999976 -0.0068515 0.00163677 0.0068535 0.999975 0.0697392 0.0876296 -0.761112
FixedParameters: 0 0 0

#Transform 57
Transform: AffineTransform_float_3_3
Parameters: 0.999998 0.000834526 -0.00140211 -0.00084487 0.999973 -0.00725667 0.00139547 0.00725833 0.999973 0.0454781 0.0723626 -0.805905
FixedParameters: 0 0 0

#Transform 58
Transform: AffineTransform_float_3_3
Parameters: 0.999999 0.000821782 -0.00132878 -0.000830587 0.999975 -0.00707711 0.00132263 0.00707789 0.999974 0.0400097 0.0603304 -0.821961
FixedParameters: 0 0 0

#Transform 59
Transform: AffineTransform_float_3_3
Parameters: 0.999998 0.000851921 -0.00144999 -0.000862611 0.999973 -0.0072696 0.00144399 0.00727139 0.999972 0.0454433 0.0659617 -0.845965
FixedParameters: 0 0 0

#Transform 60
Transform: AffineTransform_float_3_3
Parameters: 0.999999 0.000971474 -0.00117266 -0.000980371 0.999968 -0.00800722 0.00116481 0.00800878 0.999967 0.0601993 0.0611434 -0.878409
FixedParameters: 0 0 0

#Transform 61
Transform: AffineTransform_float_3_3
Parameters: 0.999995 0.00220106 -0.00193241 -0.002209 0.999989 -0.00422888 0.00192324 0.00423312 0.999989 0.148282 0.0629545 -0.647706
FixedParameters: 0 0 0

#Transform 62
Transform: AffineTransform_float_3_3
Parameters: 0.999998 0.00130091 -0.00163306 -0.00131185 0.999978 -0.00649093 0.0016248 0.00649308 0.999978 0.0764814 0.0741816 -0.797912
FixedParameters: 0 0 0

#Transform 63
Transform: AffineTransform_float_3_3
Parameters: 0.999998 0.000839901 -0.00141516 -0.000850092 0.999974 -0.0071355 0.00140865 0.0071365 0.999974 0.0839814 0.0938484 -0.775
FixedParameters: 0 0 0

#Transform 64
Transform: AffineTransform_float_3_3
Parameters: 0.999999 0.000636511 -0.00130255 -0.000646576 0.999971 -0.00755101 0.00129748 0.00755199 0.999971 0.0472906 0.0922824 -0.826521
FixedParameters: 0 0 0

#Transform 65
Transform: AffineTransform_float_3_3
Parameters: 0.999998 0.000725907 -0.00145578 -0.000737079 0.999971 -0.00758914 0.00144983 0.00758986 0.99997 0.0423486 0.0762961 -0.864455
FixedParameters: 0 0 0

#Transform 66
Transform: AffineTransform_float_3_3
Parameters: 0.999999 0.000936315 -0.00114671 -0.000944712 0.999972 -0.00739277 0.00114005 0.00739423 0.999972 0.0447268 0.0510809 -0.933319
FixedParameters: 0 0 0

#Transform 67
Transform: AffineTransform_float_3_3
Parameters: 0.999998 0.00113364 -0.00120937 -0.00114265 0.999972 -0.00742784 0.00120063 0.00742917 0.999972 0.0536152 0.0440943 -0.961242
FixedParameters: 0 0 0

#Transform 68
Transform: AffineTransform_float_3_3
Parameters: 0.999997 0.00134701 -0.00207775 -0.00135969 0.999981 -0.0059611 0.00206953 0.00596391 0.99998 0.136662 0.0767051 -0.728584
FixedParameters: 0 0 0

#Transform 69
Transform: AffineTransform_float_3_3
Parameters: 0.999998 0.00133256 -0.00112808 -0.00133998 0.999974 -0.00702771 0.00111878 0.00702929 0.999975 0.0572497 0.0598409 -0.882188
FixedParameters: 0 0 0

#Transform 70
Transform: AffineTransform_float_3_3
Parameters: 0.999998 0.00112338 -0.00160907 -0.00113638 0.999968 -0.00793024 0.00159999 0.00793176 0.999967 0.0631646 0.0606929 -0.96946
FixedParameters: 0 0 0

#Transform 71
Transform: AffineTransform_float_3_3
Parameters: 0.999997 0.00145253 -0.00184783 -0.00146686 0.999967 -0.00793957 0.00183678 0.00794143 0.999967 0.0454622 0.0613089 -0.963534
FixedParameters: 0 0 0

#Transform 72
Transform: AffineTransform_float_3_3
Parameters: 0.999997 0.000948091 -0.00200987 -0.000965953 0.999961 -0.00879978 0.00200083 0.00880222 0.999959 0.0472116 0.0530028 -1.01335
FixedParameters: 0 0 0

#Transform 73
Transform: AffineTransform_float_3_3
Parameters: 0.999997 0.000863975 -0.00221021 -0.000879856 0.999974 -0.00716077 0.00220407 0.00716323 0.999972 0.0936407 0.0763219 -0.857195
FixedParameters: 0 0 0

#Transform 74
Transform: AffineTransform_float_3_3
Parameters: 0.999998 0.00122855 -0.00188187 -0.00124267 0.999974 -0.00707158 0.00187323 0.00707342 0.999974 0.0704934 0.0584375 -0.888584
FixedParameters: 0 0 0

#Transform 75
Transform: AffineTransform_float_3_3
Parameters: 0.999997 0.00127374 -0.00183024 -0.00128864 0.999967 -0.00795671 0.00182014 0.00795928 0.999966 0.0375887 0.0520685 -0.988359
FixedParameters: 0 0 0

#Transform 76
Transform: AffineTransform_float_3_3
Parameters: 0.999997 0.00133785 -0.00182023 -0.00135275 0.999966 -0.00810797 0.00180962 0.00811002 0.999965 0.0261211 0.0665998 -0.990492
FixedParameters: 0 0 0

#Transform 77
Transform: AffineTransform_float_3_3
Parameters: 0.999998 0.00107088 -0.00172813 -0.00108584 0.999962 -0.00859784 0.00171856 0.00860016 0.999962 0.0331617 0.0580483 -0.995013
FixedParameters: 0 0 0

#Transform 78
Transform: AffineTransform_float_3_3
Parameters: 0.999998 0.00105154 -0.00177295 -0.00106688 0.999963 -0.00848482 0.00176395 0.00848718 0.999963 0.0336953 0.0580669 -0.991637
FixedParameters: 0 0 0

#Transform 79
Transform: AffineTransform_float_3_3
Parameters: 0.999997 0.000983621 -0.00192967 -0.000999334 0.999964 -0.00836778 0.00192127 0.00837021 0.999963 0.0527215 0.0627687 -0.943822
FixedParameters: 0 0 0

#Transform 80
Transform: AffineTransform_float_3_3
Parameters: 0.999998 0.000933405 -0.00204451 -0.000950948 0.999963 -0.00857077 0.00203616 0.00857323 0.999961 0.0529638 0.0611591 -0.963572
FixedParameters: 0 0 0

#Transform 81
Transform: AffineTransform_float_3_3
Parameters: 0.999997 0.000911062 -0.00209662 -0.000928751 0.999965 -0.00839113 0.00208898 0.00839287 0.999962 0.0650244 0.0503315 -0.956715
FixedParameters: 0 0 0

#Transform 82
Transform: AffineTransform_float_3_3
Parameters: 0.999997 0.000965789 -0.00197089 -0.000982003 0.999965 -0.00831878 0.00196289 0.00832122 0.999964 0.0416475 0.0381558 -0.951128
FixedParameters: 0 0 0

#Transform 83
Transform: AffineTransform_float_3_3
Parameters: 0.999998 0.000903018 -0.00211425 -0.000921021 0.999962 -0.00861461 0.00210595 0.00861637 0.99996 0.0549473 0.0510011 -0.944547
FixedParameters: 0 0 0

#Transform 84
Transform: AffineTransform_float_3_3
Parameters: 0.999998 0.000955784 -0.00212613 -0.000973258 0.999963 -0.0085335 0.002118 0.00853551 0.999962 0.0388113 0.0651386 -0.936433
FixedParameters: 0 0 0

#Transform 85
Transform: AffineTransform_float_3_3
Parameters: 0.999996 0.00117905 -0.00264993 -0.00120044 0.999965 -0.00825624 0.00263928 0.00825975 0.999962 0.079516 0.087517 -0.839893
FixedParameters: 0 0 0

#Transform 86
Transform: AffineTransform_float_3_3
Parameters: 0.999998 0.000887197 -0.00215013 -0.000906367 0.999962 -0.00874262 0.00214186 0.00874439 0.99996 0.0293786 0.0822255 -0.940137
FixedParameters: 0 0 0

#Transform 87
Transform: AffineTransform_float_3_3
Parameters: 0.999996 0.000994788 -0.00235166 -0.00101434 0.999966 -0.00815518 0.00234361 0.00815782 0.999964 0.0379248 0.0542187 -0.937103
FixedParameters: 0 0 0

#Transform 88
Transform: AffineTransform_float_3_3
Parameters: 0.999997 0.00124975 -0.00241768 -0.00127022 0.999962 -0.00864087 0.00240753 0.00864414 0.99996 0.0237379 0.0494073 -0.96574
FixedParameters: 0 0 0

#Transform 89
Transform: AffineTransform_float_3_3
Parameters: 0.999997 0.00122634 -0.00206583 -0.00124353 0.999964 -0.00846051 0.00205589 0.0084635 0.999962 0.0228328 0.0602784 -0.982629
FixedParameters: 0 0 0

#Transform 90
Transform: AffineTransform_float_3_3
Parameters: 0.999997 0.00118327 -0.00233819 -0.00120314 0.999964 -0.00844297 0.00232821 0.00844504 0.999962 0.069707 0.0653919 -0.968397
FixedParameters: 0 0 0

#Transform 91
Transform: AffineTransform_float_3_3
Parameters: 0.999997 0.00108134 -0.00214738 -0.00109981 0.999961 -0.00877621 0.0021375 0.00877879 0.999959 0.0446377 0.063653 -0.976095
FixedParameters: 0 0 0

#Transform 92
Transform: AffineTransform_float_3_3
Parameters: 0.999997 0.000865539 -0.00219894 -0.000885301 0.999959 -0.00898063 0.00219116 0.00898238 0.999958 0.0564732 0.0745088 -0.965899
FixedParameters: 0 0 0

#Transform 93
Transform: AffineTransform_float_3_3
Parameters: 0.999997 0.00069956 -0.0022992 -0.000721084 0.999958 -0.00908455 0.00229293 0.00908644 0.999956 0.0437408 0.060031 -0.995795
FixedParameters: 0 0 0

#Transform 94
Transform: AffineTransform_float_3_3
Parameters: 0.999996 0.000971846 -0.00266782 -0.000993777 0.999966 -0.00822577 0.00265973 0.00822823 0.999963 0.089568 0.0694368 -0.906672
FixedParameters: 0 0 0

#Transform 95
Transform: AffineTransform_float_3_3
Parameters: 0.999997 0.00082108 -0.00230078 -0.000842093 0.999958 -0.00905427 0.00229328 0.00905673 0.999957 0.0490031 0.0588582 -1.006
FixedParameters: 0 0 0

#Transform 96
Transform: AffineTransform_float_3_3
Parameters: 0.999996 0.00139903 -0.00242342 -0.00141903 0.999963 -0.0085275 0.00241101 0.00853151 0.999961 0.06874 0.0780613 -0.937439
FixedParameters: 0 0 0

#Transform 97
Transform: AffineTransform_float_3_3
Parameters: 0.999996 0.00090367 -0.00242331 -0.000925269 0.999962 -0.00871833 0.00241492 0.00872067 0.999959 0.0532612 0.0543821 -0.967248
FixedParameters: 0 0 0

#Transform 98
Transform: AffineTransform_float_3_3
Parameters: 0.999997 0.000936542 -0.0022622 -0.000957467 0.999955 -0.0093644 0.00225385 0.00936659 0.999953 0.0467919 0.0501248 -1.03501
FixedParameters: 0 0 0

#Transform 99
Transform: AffineTransform_float_3_3
Parameters: 0.999997 0.000820464 -0.00230333 -0.000840368 0.999961 -0.00880263 0.00229626 0.00880436 0.999958 0.0490149 0.0602901 -0.995183
FixedParameters: 0 0 0

#Transform 100
Transform: AffineTransform_float_3_3
Parameters: 0.999997 0.000941469 -0.00202685 -0.000958655 0.999965 -0.00832862 0.00201922 0.00833038 0.999964 0.0631973 0.0656799 -0.968594
FixedParameters: 0 0 0

#Transform 101
Transform: AffineTransform_float_3_3
Parameters: 0.999998 0.00104719 -0.00206209 -0.00106602 0.999959 -0.00900252 0.00205271 0.00900548 0.999957 0.0534163 0.064478 -0.989484
FixedParameters: 0 0 0

#Transform 102
Transform: AffineTransform_float_3_3
Parameters: 0.999998 0.000882027 -0.0021628 -0.000900215 0.999963 -0.00855162 0.00215589 0.00855338 0.999961 0.0738918 0.0759357 -0.950207
FixedParameters: 0 0 0

#Transform 103
Transform: AffineTransform_float_3_3
Parameters: 0.999997 0.00100753 -0.00225022 -0.00102834 0.999957 -0.00918526 0.00224131 0.00918775 0.999956 0.0457746 0.0580435 -1.00427
FixedParameters: 0 0 0

#Transform 104
Transform: AffineTransform_float_3_3
Parameters: 0.999997 0.000829503 -0.00228228 -0.000849303 0.999961 -0.00886163 0.00227496 0.00886338 0.999958 0.0410419 0.0561253 -0.988435
FixedParameters: 0 0 0

#Transform 105
Transform: AffineTransform_float_3_3
Parameters: 0.999996 0.000647684 -0.00270453 -0.00066942 0.999967 -0.00809925 0.00269971 0.00810075 0.999963 0.107404 0.0939081 -0.840508
FixedParameters: 0 0 0

#Transform 106
Transform: AffineTransform_float_3_3
Parameters: 0.999998 0.00088272 -0.00216403 -0.000899653 0.999968 -0.00786261 0.0021569 0.00786438 0.999967 0.0530788 0.0782632 -0.896816
FixedParameters: 0 0 0

#Transform 107
Transform: AffineTransform_float_3_3
Parameters: 0.999997 0.000782214 -0.00239292 -0.000802421 0.999964 -0.00845329 0.00238616 0.00845571 0.999962 0.063302 0.0626022 -0.945389
FixedParameters: 0 0 0

#Transform 108
Transform: AffineTransform_float_3_3
Parameters: 0.999996 0.000730841 -0.00251363 -0.000751031 0.999968 -0.00796432 0.00250754 0.00796668 0.999965 0.0857445 0.0790434 -0.855942
FixedParameters: 0 0 0

#Transform 109
Transform: AffineTransform_float_3_3
Parameters: 0.999997 0.000851285 -0.00255135 -0.000869174 0.999974 -0.0072152 0.00254504 0.00721681 0.999971 0.0887548 0.0868366 -0.813159
FixedParameters: 0 0 0

#Transform 110
Transform: AffineTransform_float_3_3
Parameters: 0.999998 0.000516325 -0.00220457 -0.000533244 0.999969 -0.00786303 0.00219966 0.00786398 0.999967 0.052923 0.0681551 -0.898431
FixedParameters: 0 0 0

#Transform 111
Transform: AffineTransform_float_3_3
Parameters: 0.999995 0.000552739 -0.00293131 -0.000572264 0.999977 -0.00680238 0.00292806 0.00680362 0.999972 0.123208 0.0984844 -0.74433
FixedParameters: 0 0 0

#Transform 112
Transform: AffineTransform_float_3_3
Parameters: 0.999996 0.000720662 -0.00254307 -0.000738045 0.999977 -0.00680269 0.0025378 0.00680431 0.999973 0.0651391 0.0723348 -0.860121
FixedParameters: 0 0 0

#Transform 113
Transform: AffineTransform_float_3_3
Parameters: 0.999997 0.00110925 -0.00220214 -0.00112456 0.999973 -0.00723744 0.00219417 0.00723955 0.999971 0.0522908 0.051679 -0.913463
FixedParameters: 0 0 0

#Transform 114
Transform: AffineTransform_float_3_3
Parameters: 0.999995 0.00195958 -0.00251611 -0.00197458 0.999981 -0.00588117 0.00250418 0.00588683 0.99998 0.104214 0.0700582 -0.775346
FixedParameters: 0 0 0

#Transform 115
Transform: AffineTransform_float_3_3
Parameters: 0.999994 0.00234107 -0.00261585 -0.0023568 0.999979 -0.00602354 0.00260151 0.00602945 0.999978 0.0804031 0.0607025 -0.836045
FixedParameters: 0 0 0

#Transform 116
Transform: AffineTransform_float_3_3
Parameters: 0.999994 0.0020189 -0.00272719 -0.00203817 0.999973 -0.0070068 0.00271247 0.0070122 0.999972 0.0715056 0.0313057 -1.03844
FixedParameters: 0 0 0

#Transform 117
Transform: AffineTransform_float_3_3
Parameters: 0.999999 0.000761871 -0.00168095 -0.000772277 0.999979 -0.00633941 0.00167638 0.00634059 0.999979 0.0477074 0.0761813 -0.86195
FixedParameters: 0 0 0

#Transform 118
Transform: AffineTransform_float_3_3
Parameters: 0.999999 0.00108413 -0.00140634 -0.00109361 0.999979 -0.00641068 0.00139963 0.00641232 0.999978 0.0188011 0.0706725 -0.904059
FixedParameters: 0 0 0

#Transform 119
Transform: AffineTransform_float_3_3
Parameters: 0.999999 0.00108712 -0.00150595 -0.00109762 0.999973 -0.00720041 0.00149853 0.00720158 0.999973 0.0248115 0.0644344 -0.95618
FixedParameters: 0 0 0

#Transform 120
Transform: AffineTransform_float_3_3
Parameters: 0.999998 0.000737306 -0.00180633 -0.000750179 0.999975 -0.00694635 0.00180169 0.00694765 0.999974 0.0420011 0.074756 -0.9266
FixedParameters: 0 0 0

#Transform 121
Transform: AffineTransform_float_3_3
Parameters: 0.999997 0.00076492 -0.00260211 -0.000785319 0.999969 -0.00773401 0.00259583 0.00773598 0.999967 0.0467501 0.0484509 -1.00814
FixedParameters: 0 0 0

#Transform 122
Transform: AffineTransform_float_3_3
Parameters: 0.999997 0.000745787 -0.00241402 -0.000767572 0.999959 -0.00897857 0.00240759 0.00897944 0.999957 0.0211575 0.0316956 -1.10684
FixedParameters: 0 0 0

#Transform 123
Transform: AffineTransform_float_3_3
Parameters: 0.999996 0.000879014 -0.00244274 -0.000905681 0.999942 -0.0107662 0.0024332 0.0107678 0.99994 0.00123057 0.0440909 -1.14862
FixedParameters: 0 0 0

#Transform 124
Transform: AffineTransform_float_3_3
Parameters: 0.999996 0.000645445 -0.00278007 -0.0006769 0.999937 -0.0111438 0.00277305 0.0111462 0.999934 0.0198251 0.0448224 -1.17197
FixedParameters: 0 0 0

#Transform 125
Transform: AffineTransform_float_3_3
Parameters: 0.999989 0.00190979 -0.00427424 -0.00193126 0.999986 -0.00501348 0.00426436 0.00502152 0.999979 0.143983 -0.000652518 -1.18959
FixedParameters: 0 0 0

#Transform 126
Transform: AffineTransform_float_3_3
Parameters: 0.999997 0.00126567 -0.00214567 -0.00127317 0.999992 -0.00376618 0.00214112 0.00376882 0.99999 0.0461048 0.0562578 -0.925068
FixedParameters: 0 0 0

#Transform 127
Transform: AffineTransform_float_3_3
Parameters: 1 0.000436035 -0.00113926 -0.00044335 0.99998 -0.00626435 0.00113732 0.00626465 0.99998 0.00220368 0.0987531 -0.799037
FixedParameters: 0 0 0

#Transform 128
Transform: AffineTransform_float_3_3
Parameters: 0.999999 0.000839499 -0.00104701 -0.000846376 0.999978 -0.00655097 0.00104176 0.00655203 0.999978 -0.0113912 0.0830178 -0.829357
FixedParameters: 0 0 0

#Transform 129
Transform: AffineTransform_float_3_3
Parameters: 0.999999 0.000748012 -0.00125895 -0.000755503 0.999979 -0.0064209 0.00125432 0.0064221 0.999979 -0.0112164 0.0955868 -0.852323
FixedParameters: 0 0 0

#Transform 130
Transform: AffineTransform_float_3_3
Parameters: 0.999999 0.000541748 -0.00134683 -0.000549812 0.999982 -0.00592111 0.00134355 0.00592189 0.999981 0.035575 0.0886966 -0.856756
FixedParameters: 0 0 0

#Transform 131
Transform: AffineTransform_float_3_3
Parameters: 1 0.000566219 -0.000841018 -0.000571209 0.999983 -0.00578052 0.000837873 0.00578148 0.999983 0.012138 0.0869306 -0.907991
FixedParameters: 0 0 0

#Transform 132
Transform: AffineTransform_float_3_3
Parameters: 0.999999 0.000919218 -0.000862535 -0.000925035 0.999978 -0.00658421 0.000855661 0.00658579 0.999978 0.00281752 0.0833362 -0.948096
FixedParameters: 0 0 0

#Transform 133
Transform: AffineTransform_float_3_3
Parameters: 0.999999 0.00092223 -0.000855367 -0.00092789 0.999977 -0.00677457 0.000849024 0.00677543 0.999977 0.00281022 0.062723 -0.979286
FixedParameters: 0 0 0

#Transform 134
Transform: AffineTransform_float_3_3
Parameters: 0.999998 0.00121086 -0.0016848 -0.00122235 0.999977 -0.006612 0.0016761 0.00661398 0.999976 0.0623449 0.0844617 -0.90788
FixedParameters: 0 0 0

#Transform 135
Transform: AffineTransform_float_3_3
Parameters: 0.999999 0.000749495 -0.00125398 -0.000758321 0.999974 -0.0071369 0.00124916 0.0071381 0.999974 0.0135077 0.06431 -1.00916
FixedParameters: 0 0 0

#Transform 136
Transform: AffineTransform_float_3_3
Parameters: 0.999999 0.000480559 -0.00124481 -0.00049028 0.999971 -0.00760224 0.00124114 0.00760275 0.99997 0.00226933 0.06647 -1.02019
FixedParameters: 0 0 0

#Transform 137
Transform: AffineTransform_float_3_3
Parameters: 0.999999 0.000894869 -0.000917079 -0.000901976 0.999967 -0.00804238 0.00091027 0.00804261 0.999967 -0.00679498 0.0730442 -1.02956
FixedParameters: 0 0 0

#Transform 138
Transform: AffineTransform_float_3_3
Parameters: 0.999999 0.000857569 -0.00114618 -0.000866539 0.999967 -0.00805086 0.00113916 0.00805214 0.999967 -0.00524374 0.0677698 -1.0263
FixedParameters: 0 0 0

#Transform 139
Transform: AffineTransform_float_3_3
Parameters: 0.999999 0.000565251 -0.00168054 -0.000576811 0.999976 -0.00684173 0.00167657 0.00684226 0.999975 0.0381885 0.0836725 -0.935424
FixedParameters: 0 0 0

#Transform 140
Transform: AffineTransform_float_3_3
Parameters: 0.999998 0.00108371 -0.00164229 -0.00109684 0.999967 -0.00808727 0.0016331 0.00808873 0.999966 -0.0065293 0.0768917 -1.04306
FixedParameters: 0 0 0

#Transform 141
Transform: AffineTransform_float_3_3
Parameters: 0.999999 0.00054172 -0.00172917 -0.000556163 0.999964 -0.00851175 0.00172434 0.00851225 0.999962 -0.000435952 0.0853937 -1.04046
FixedParameters: 0 0 0

#Transform 142
Transform: AffineTransform_float_3_3
Parameters: 0.999999 0.000813079 -0.00157961 -0.000826583 0.999965 -0.00827455 0.00157265 0.00827644 0.999964 -0.00598435 0.086853 -1.00073
FixedParameters: 0 0 0

#Transform 143
Transform: AffineTransform_float_3_3
Parameters: 0.999998 0.000712038 -0.0018916 -0.000727319 0.999969 -0.00786234 0.00188611 0.00786367 0.999967 0.0216428 0.0864897 -0.943612
FixedParameters: 0 0 0

#Transform 144
Transform: AffineTransform_float_3_3
Parameters: 0.999998 0.000800525 -0.00185743 -0.000815063 0.999966 -0.00816319 0.0018506 0.0081648 0.999965 0.0243981 0.0940386 -0.98494
FixedParameters: 0 0 0

#Transform 145
Transform: AffineTransform_float_3_3
Parameters: 0.999998 0.000995633 -0.00211414 -0.00101303 0.999967 -0.00803443 0.0021062 0.00803658 0.999966 0.00354137 0.0825077 -0.961926
FixedParameters: 0 0 0

#Transform 146
Transform: AffineTransform_float_3_3
Parameters: 0.999998 0.000574042 -0.00165565 -0.000587663 0.999966 -0.00824674 0.00165005 0.00824727 0.999965 0.00936437 0.0672641 -1.00782
FixedParameters: 0 0 0

#Transform 147
Transform: AffineTransform_float_3_3
Parameters: 0.999998 0.000866671 -0.0017546 -0.000881212 0.999964 -0.00838316 0.00174669 0.00838483 0.999963 0.00446349 0.0913997 -0.990294
FixedParameters: 0 0 0

#Transform 148
Transform: AffineTransform_float_3_3
Parameters: 0.999997 0.000615621 -0.00228633 -0.000632792 0.999971 -0.00751991 0.00228159 0.00752209 0.999969 0.0224567 0.0801808 -0.958979
FixedParameters: 0 0 0

#Transform 149
Transform: AffineTransform_float_3_3
Parameters: 0.999998 0.000782775 -0.00190853 -0.000797979 0.999967 -0.00811819 0.00190205 0.00811981 0.999965 0.0203975 0.0885841 -0.996747
FixedParameters: 0 0 0

#Transform 150
Transform: AffineTransform_float_3_3
Parameters: 0.999998 0.000617671 -0.0015571 -0.000629498 0.999972 -0.00759788 0.00155239 0.00759913 0.99997 0.00815264 0.0780727 -1.01082
FixedParameters: 0 0 0

#Transform 151
Transform: AffineTransform_float_3_3
Parameters: 0.999999 0.000904245 -0.00159145 -0.000916576 0.999968 -0.00796676 0.00158447 0.00796824 0.999967 0.00312071 0.0791061 -1.01549
FixedParameters: 0 0 0

#Transform 152
Transform: AffineTransform_float_3_3
Parameters: 0.999998 0.000833259 -0.0015389 -0.000846174 0.999968 -0.00800141 0.00153246 0.0080026 0.999967 0.00418977 0.0795652 -1.01625
FixedParameters: 0 0 0

#Transform 153
Transform: AffineTransform_float_3_3
Parameters: 0.999998 0.000877949 -0.00187707 -0.000892847 0.999965 -0.00827903 0.00186969 0.00828096 0.999964 0.0196415 0.0816463 -1.03802
FixedParameters: 0 0 0

#Transform 154
Transform: AffineTransform_float_3_3
Parameters: 0.999999 0.0005646 -0.00167841 -0.000577571 0.999968 -0.00793973 0.00167333 0.00794026 0.999967 0.00972592 0.0655768 -1.03292
FixedParameters: 0 0 0

#Transform 155
Transform: AffineTransform_float_3_3
Parameters: 0.999997 0.00115014 -0.00215343 -0.00116671 0.999969 -0.00778641 0.0021445 0.00778858 0.999967 0.065109 0.101987 -0.953206
FixedParameters: 0 0 0

#Transform 156
Transform: AffineTransform_float_3_3
Parameters: 0.999998 0.000768142 -0.00196143 -0.000782523 0.999971 -0.00768718 0.00195587 0.00768883 0.999969 0.0301841 0.0889539 -0.969832
FixedParameters: 0 0 0

#Transform 157
Transform: AffineTransform_float_3_3
Parameters: 0.999999 0.000546052 -0.00172147 -0.000559392 0.99997 -0.0078469 0.00171679 0.00784811 0.999968 0.0231941 0.0782598 -1.01095
FixedParameters: 0 0 0

#Transform 158
Transform: AffineTransform_float_3_3
Parameters: 0.999998 0.000490061 -0.00184917 -0.000504912 0.999966 -0.00821241 0.00184421 0.00821358 0.999965 0.0427051 0.0844123 -0.988349
FixedParameters: 0 0 0

#Transform 159
Transform: AffineTransform_float_3_3
Parameters: 0.999997 0.000869392 -0.00227877 -0.000886068 0.99997 -0.00761119 0.0022719 0.00761382 0.999969 0.0269948 0.0940175 -0.960322
FixedParameters: 0 0 0

#Transform 160
Transform: AffineTransform_float_3_3
Parameters: 0.999998 0.000458047 -0.00192341 -0.000473631 0.999967 -0.00808444 0.00191908 0.00808556 0.999966 0.0193043 0.0746569 -1.02659
FixedParameters: 0 0 0

#Transform 161
Transform: AffineTransform_float_3_3
Parameters: 0.999999 0.000561158 -0.00168583 -0.000574759 0.999967 -0.00809153 0.00168063 0.00809347 0.999966 0.0228545 0.0697261 -1.03879
FixedParameters: 0 0 0

#Transform 162
Transform: AffineTransform_float_3_3
Parameters: 0.999996 0.00105265 -0.00257967 -0.00107269 0.99997 -0.00770666 0.00257124 0.00770935 0.999967 0.060748 0.083355 -0.97558
FixedParameters: 0 0 0

#Transform 163
Transform: AffineTransform_float_3_3
Parameters: 0.999998 0.00076947 -0.00215557 -0.00078608 0.999972 -0.00742187 0.00214946 0.00742313 0.99997 0.0219452 0.0654712 -1.03716
FixedParameters: 0 0 0

#Transform 164
Transform: AffineTransform_float_3_3
Parameters: 0.999998 0.000655288 -0.00212922 -0.000671218 0.999972 -0.00756829 0.00212422 0.00756972 0.999969 0.0390737 0.0672395 -1.01836
FixedParameters: 0 0 0

#Transform 165
Transform: AffineTransform_float_3_3
Parameters: 0.999999 0.000550401 -0.00171139 -0.000563639 0.999969 -0.00786375 0.00170662 0.00786426 0.999968 0.0191814 0.0592621 -1.02184
FixedParameters: 0 0 0

#Transform 166
Transform: AffineTransform_float_3_3
Parameters: 0.999997 0.000356787 -0.00215813 -0.000373921 0.99997 -0.00777455 0.00215527 0.00777545 0.999967 0.0244501 0.0572201 -1.02252
FixedParameters: 0 0 0

#Transform 167
Transform: AffineTransform_float_3_3
Parameters: 0.999999 0.000525621 -0.0017675 -0.000539443 0.999967 -0.00814891 0.00176334 0.00815009 0.999965 0.0198049 0.0676047 -0.989118
FixedParameters: 0 0 0

#Transform 168
Transform: AffineTransform_float_3_3
Parameters: 0.999997 0.00066449 -0.002363 -0.00068083 0.999976 -0.00682259 0.00235795 0.0068244 0.999974 0.0763533 0.0877727 -0.85358
FixedParameters: 0 0 0

#Transform 169
Transform: AffineTransform_float_3_3
Parameters: 0.999997 0.000356186 -0.00216249 -0.000371539 0.999974 -0.00713255 0.00216051 0.00713345 0.999972 0.0473756 0.0797061 -0.930989
FixedParameters: 0 0 0

#Transform 170
Transform: AffineTransform_float_3_3
Parameters: 0.999998 0.000445146 -0.00195363 -0.000460362 0.999968 -0.00796245 0.00195054 0.00796355 0.999966 0.0351714 0.0532837 -0.975684
FixedParameters: 0 0 0

#Transform 171
Transform: AffineTransform_float_3_3
Parameters: 0.999997 0.000268513 -0.00236878 -0.000284156 0.999979 -0.00640732 0.0023666 0.00640868 0.999977 0.0800248 0.0997518 -0.815403
FixedParameters: 0 0 0

#Transform 172
Transform: AffineTransform_float_3_3
Parameters: 0.999998 0.000329343 -0.00222144 -0.000346523 0.99997 -0.00777059 0.00221861 0.00777142 0.999967 0.0320388 0.0799111 -0.948538
FixedParameters: 0 0 0

#Transform 173
Transform: AffineTransform_float_3_3
Parameters: 0.999997 0.000427607 -0.00250977 -0.000446826 0.999973 -0.00736208 0.00250667 0.00736291 0.999969 0.044805 0.0925766 -0.904177
FixedParameters: 0 0 0

#Transform 174
Transform: AffineTransform_float_3_3
Parameters: 0.999998 0.00021443 -0.0023231 -0.000232232 0.99997 -0.00776066 0.00232166 0.00776034 0.999967 0.0314758 0.0877693 -0.969336
FixedParameters: 0 0 0

#Transform 175
Transform: AffineTransform_float_3_3
Parameters: 0.999998 0.000124324 -0.00198271 -0.000141922 0.999965 -0.00838008 0.00198145 0.00837993 0.999963 0.0402821 0.0932893 -0.990296
FixedParameters: 0 0 0

#Transform 176
Transform: AffineTransform_float_3_3
Parameters: 0.999997 0.000194991 -0.00212668 -0.00021289 0.999966 -0.0082829 0.00212573 0.0082831 0.999963 0.043899 0.0960237 -0.979941
FixedParameters: 0 0 0

#Transform 177
Transform: AffineTransform_float_3_3
Parameters: 0.999997 0.000148024 -0.00264605 -0.000165497 0.999978 -0.00667641 0.00264507 0.00667659 0.999974 0.133851 0.0913301 -0.857279
FixedParameters: 0 0 0

#Transform 178
Transform: AffineTransform_float_3_3
Parameters: 0.999997 0.000357454 -0.00215717 -0.000374035 0.999971 -0.00764955 0.00215439 0.00765045 0.999968 0.0714035 0.0708644 -0.999009
FixedParameters: 0 0 0

#Transform 179
Transform: AffineTransform_float_3_3
Parameters: 0.999997 0.000409469 -0.00210973 -0.000426734 0.999965 -0.00829645 0.00210614 0.00829755 0.999963 0.0787601 0.0845844 -0.95395
FixedParameters: 0 0 0
