#Insight Transform File V1.0
#Transform 0
Transform: AffineTransform_float_3_3
Parameters: 1 0.000104708 -0.000563076 -0.000106135 0.999999 -0.00126694 0.000562809 0.00126706 0.999999 -0.0328575 0.223218 0.327433
FixedParameters: 0 0 0

#Transform 1
Transform: AffineTransform_float_3_3
Parameters: 1 0.00101992 0.000262034 -0.00102075 0.999999 0.000856373 -0.000261206 -0.000857626 0.999999 -0.0714756 0.0381723 -0.0809411
FixedParameters: 0 0 0

#Transform 2
Transform: AffineTransform_float_3_3
Parameters: 1 0.00047517 0.000502673 -0.000476212 0.999998 0.00156276 -0.000502497 -0.00156324 0.999998 -0.0445371 0.0860514 -0.148822
FixedParameters: 0 0 0

#Transform 3
Transform: AffineTransform_float_3_3
Parameters: 0.999999 0.000573894 0.000736758 -0.000575586 0.999998 0.00177494 -0.000735108 -0.00177506 0.999998 -0.0649533 0.10184 -0.212013
FixedParameters: 0 0 0

#Transform 4
Transform: AffineTransform_float_3_3
Parameters: 0.999999 0.000546424 0.000671227 -0.000547575 0.999999 0.00154484 -0.000669928 -0.00154416 0.999999 -0.0642107 0.0721486 -0.245956
FixedParameters: 0 0 0

#Transform 5
Transform: AffineTransform_float_3_3
Parameters: 0.999999 0.000567574 0.000720866 -0.000568623 0.999999 0.00136744 -0.000719703 -0.00136756 0.999998 -0.051241 0.083673 -0.319796
FixedParameters: 0 0 0

#Transform 6
Transform: AffineTransform_float_3_3
Parameters: 1 0.000636592 0.00018576 -0.000637509 0.999999 0.00142088 -0.00018487 -0.00142112 0.999999 -0.0437232 0.0633758 -0.369365
FixedParameters: 0 0 0

#Transform 7
Transform: AffineTransform_float_3_3
Parameters: 0.999999 0.000791956 0.000271193 -0.00079236 0.999998 0.00172579 -0.000269769 -0.00172622 0.999999 -0.0504758 0.0749764 -0.306179
FixedParameters: 0 0 0

#Transform 8
Transform: AffineTransform_float_3_3
Parameters: 1 0.000436321 0.000410477 -0.000437835 0.999999 0.00136882 -0.000410201 -0.00136918 0.999999 -0.0419443 0.0721699 -0.288297
FixedParameters: 0 0 0

#Transform 9
Transform: AffineTransform_float_3_3
Parameters: 1 0.00058228 0.00038356 -0.000582909 0.999998 0.00151178 -0.00038311 -0.00151222 0.999999 -0.0445615 0.0688687 -0.285173
FixedParameters: 0 0 0

#Transform 10
Transform: AffineTransform_float_3_3
Parameters: 0.999999 0.000578709 0.0007477 -0.00058015 0.999998 0.00158093 -0.000746259 -0.00158107 0.999999 -0.0722935 0.0665412 -0.287325
FixedParameters: 0 0 0

#Transform 11
Transform: AffineTransform_float_3_3
Parameters: 0.999999 0.000398063 0.00076104 -0.00039882 1 0.00110254 -0.000760552 -0.00110246 0.999999 -0.0572823 0.0726958 -0.288528
FixedParameters: 0 0 0

#Transform 12
Transform: AffineTransform_float_3_3
Parameters: 0.999999 0.000544156 0.000669358 -0.000546967 0.999995 0.00318748 -0.000667582 -0.00318752 0.999994 -0.0548214 0.0836611 -0.257481
FixedParameters: 0 0 0

#Transform 13
Transform: AffineTransform_float_3_3
Parameters: 1 0.000647786 0.000911812 -0.000649646 0.999998 0.00181541 -0.000911158 -0.00181659 0.999998 -0.0782192 0.0792887 -0.284398
FixedParameters: 0 0 0

#Transform 14
Transform: AffineTransform_float_3_3
Parameters: 1 0.000634861 0.000881474 -0.00063639 0.999998 0.00191244 -0.000879823 -0.00191356 0.999998 -0.0623324 0.078034 -0.278462
FixedParameters: 0 0 0

#Transform 15
Transform: AffineTransform_float_3_3
Parameters: 0.999999 0.000290493 0.000959614 -0.000292558 0.999999 0.00155608 -0.000959097 -0.00155592 0.999999 -0.0718057 0.0778022 -0.276583
FixedParameters: 0 0 0

#Transform 16
Transform: AffineTransform_float_3_3
Parameters: 1 0.00029537 0.00107695 -0.00029724 0.999999 0.00172268 -0.00107671 -0.00172332 0.999998 -0.0623179 0.0801388 -0.285942
FixedParameters: 0 0 0

#Transform 17
Transform: AffineTransform_float_3_3
Parameters: 1 0.000542399 0.000968267 -0.000544156 0.999998 0.00185847 -0.000967028 -0.00185953 0.999998 -0.0765011 0.0765265 -0.286218
FixedParameters: 0 0 0

#Transform 18
Transform: AffineTransform_float_3_3
Parameters: 1 0.000627059 0.000863065 -0.000628563 0.999998 0.00193931 -0.000861411 -0.00193969 0.999997 -0.0776201 0.104723 -0.244516
FixedParameters: 0 0 0

#Transform 19
Transform: AffineTransform_float_3_3
Parameters: 1 0.00112574 0.000253248 -0.00112574 0.999999 0.00104272 -0.00025221 -0.00104329 1 -0.0589343 0.103145 -0.334598
FixedParameters: 0 0 0

#Transform 20
Transform: AffineTransform_float_3_3
Parameters: 0.999995 0.00338534 0.000105052 -0.00338491 0.999994 -0.000826409 -0.000107493 0.00082559 0.999999 -0.139373 0.155777 -0.430641
FixedParameters: 0 0 0

#Transform 21
Transform: AffineTransform_float_3_3
Parameters: 0.999999 0.000929673 -0.000272303 -0.000930995 0.999999 -0.00145911 0.000270899 0.00145889 0.999999 -0.0361101 0.0975253 -0.417436
FixedParameters: 0 0 0

#Transform 22
Transform: AffineTransform_float_3_3
Parameters: 1 0.000598471 -0.000869524 -0.000599172 1 -0.000627686 0.000869693 0.000627314 0.999999 -0.0256961 0.0967798 -0.436004
FixedParameters: 0 0 0

#Transform 23
Transform: AffineTransform_float_3_3
Parameters: 1 0.000146095 0.000251939 -0.000146944 1 -0.000142037 -0.00025159 0.000141963 1 -0.0483749 0.100425 -0.341475
FixedParameters: 0 0 0

#Transform 24
Transform: AffineTransform_float_3_3
Parameters: 0.999999 0.000251003 0.000676703 -0.000251677 1 0.00049783 -0.000676452 -0.00049817 0.999999 -0.0404127 0.117529 -0.367459
FixedParameters: 0 0 0

#Transform 25
Transform: AffineTransform_float_3_3
Parameters: 1 4.49448e-05 -9.27088e-06 -4.49335e-05 1 0.000611 9.3258e-06 -0.000610999 1 -0.00156426 0.135087 -0.356941
FixedParameters: 0 0 0

#Transform 26
Transform: AffineTransform_float_3_3
Parameters: 1 0.000334295 0.000375158 -0.000334084 1 -0.000281125 -0.000375346 0.000280874 1 -0.0341694 0.116972 -0.387153
FixedParameters: 0 0 0

#Transform 27
Transform: AffineTransform_float_3_3
Parameters: 0.999999 0.000155264 0.000869495 -0.000154897 1 -0.000211135 -0.000869561 0.000210865 0.999999 -0.0457512 0.105112 -0.419504
FixedParameters: 0 0 0

#Transform 28
Transform: AffineTransform_float_3_3
Parameters: 1 -0.000229756 0.000369389 0.000229887 0.999999 -0.000705915 -0.000369985 0.000706085 0.999999 -0.0208783 0.0879555 -0.435339
FixedParameters: 0 0 0

#Transform 29
Transform: AffineTransform_float_3_3
Parameters: 1 -0.000509468 0.000423989 0.000510703 0.999998 -0.00191878 -0.000422951 0.00191922 0.999998 -0.0369426 0.0728031 -0.424594
FixedParameters: 0 0 0

#Transform 30
Transform: AffineTransform_float_3_3
Parameters: 1 9.98035e-05 -0.000176322 -0.00010048 0.999998 -0.00191898 0.000175937 0.00191902 0.999998 -0.0248257 0.0784429 -0.439993
FixedParameters: 0 0 0

#Transform 31
Transform: AffineTransform_float_3_3
Parameters: 1 -7.55967e-06 -0.000427411 6.4175e-06 0.999997 -0.002414 0.000427054 0.002414 0.999997 0.00669366 0.0677331 -0.583329
FixedParameters: 0 0 0

#Transform 32
Transform: AffineTransform_float_3_3
Parameters: 1 -6.75924e-05 -0.000568114 6.63373e-05 0.999997 -0.00225668 0.000568946 0.00225732 0.999997 0.0136634 0.107634 -0.528658
FixedParameters: 0 0 0

#Transform 33
Transform: AffineTransform_float_3_3
Parameters: 1 -0.000783093 -0.00077474 0.000781309 0.999997 -0.00208525 0.0007763 0.00208475 0.999998 0.0251539 0.123168 -0.531275
FixedParameters: 0 0 0

#Transform 34
Transform: AffineTransform_float_3_3
Parameters: 0.999999 -0.000567189 -0.000667792 0.000565554 0.999996 -0.00259802 0.000669953 0.00259798 0.999997 0.0118623 0.130906 -0.537975
FixedParameters: 0 0 0

#Transform 35
Transform: AffineTransform_float_3_3
Parameters: 0.999999 -0.000863158 -0.000190038 0.000862338 0.999996 -0.00250932 0.000192137 0.00250968 0.999996 0.0177309 0.140179 -0.508504
FixedParameters: 0 0 0

#Transform 36
Transform: AffineTransform_float_3_3
Parameters: 0.999999 -0.00112081 -0.000998136 0.00111919 0.999997 -0.00199391 0.00100051 0.00199309 0.999998 0.0795852 0.0726274 -1.28193
FixedParameters: 0 0 0

#Transform 37
Transform: AffineTransform_float_3_3
Parameters: 0.999998 0.000235531 -0.0020235 -0.000233081 0.999999 0.0013845 0.0020244 -0.0013835 0.999997 0.0455394 -0.0136034 -1.0553
FixedParameters: 0 0 0

#Transform 38
Transform: AffineTransform_float_3_3
Parameters: 1 -5.26772e-05 0.000424541 5.1374e-05 0.999993 0.00369802 -0.000425708 -0.00369798 0.999993 -0.0225317 0.177813 -0.64734
FixedParameters: 0 0 0

#Transform 39
Transform: AffineTransform_float_3_3
Parameters: 1 -3.90813e-05 2.83323e-05 3.92454e-05 0.999992 0.004043 -2.77285e-05 -0.004043 0.999992 0.000656298 0.151514 -0.615607
FixedParameters: 0 0 0

#Transform 40
Transform: AffineTransform_float_3_3
Parameters: 1 -0.0001424 -0.000221388 0.000144683 0.999956 0.00935397 0.000219484 -0.00935404 0.999956 0.0164028 0.125654 -0.515949
FixedParameters: 0 0 0

#Transform 41
Transform: AffineTransform_float_3_3
Parameters: 1 8.8814e-05 0.000172096 -9.05386e-05 0.999971 0.00770699 -0.000171104 -0.00770702 0.999971 -0.00678561 0.176566 -0.504098
FixedParameters: 0 0 0

#Transform 42
Transform: AffineTransform_float_3_3
Parameters: 1 3.05187e-05 0.000196282 -3.19362e-05 0.999965 0.00829499 -0.000196545 -0.008295 0.999965 -0.00584793 0.159079 -0.50124
FixedParameters: 0 0 0

#Transform 43
Transform: AffineTransform_float_3_3
Parameters: 1 3.06148e-05 0.000196267 -3.18402e-05 0.999969 0.00780599 -0.000196561 -0.007806 0.999969 -0.00583733 0.167119 -0.474041
FixedParameters: 0 0 0

#Transform 44
Transform: AffineTransform_float_3_3
Parameters: 1 -6.65293e-05 0.000401566 6.37565e-05 0.99998 0.00622602 -0.000402238 -0.00622597 0.99998 -0.00496711 0.16476 -0.392062
FixedParameters: 0 0 0

#Transform 45
Transform: AffineTransform_float_3_3
Parameters: 1 8.84618e-05 0.000541719 -9.22708e-05 0.999981 0.00606395 -0.000541795 -0.00606404 0.999981 -0.0215935 0.180584 -0.462269
FixedParameters: 0 0 0

#Transform 46
Transform: AffineTransform_float_3_3
Parameters: 0.999999 0.000547192 0.000615828 -0.000551136 0.99998 0.00632066 -0.00061268 -0.00632134 0.99998 -0.0424762 0.160444 -0.383791
FixedParameters: 0 0 0

#Transform 47
Transform: AffineTransform_float_3_3
Parameters: 1 5.63303e-05 0.000314535 -5.86156e-05 0.999979 0.00655899 -0.000314562 -0.00655902 0.999979 -0.00831535 0.202832 -0.533362
FixedParameters: 0 0 0

#Transform 48
Transform: AffineTransform_float_3_3
Parameters: 1 -9.00724e-05 0.000586871 8.61439e-05 0.99998 0.00636305 -0.000587323 -0.00636294 0.999979 -0.0103336 0.181162 -0.496877
FixedParameters: 0 0 0

#Transform 49
Transform: AffineTransform_float_3_3
Parameters: 1 -8.70724e-06 0.000587538 5.34821e-06 0.999978 0.006658 -0.000587354 -0.00665799 0.999977 -0.0174456 0.17345 -0.493227
FixedParameters: 0 0 0

#Transform 50
Transform: AffineTransform_float_3_3
Parameters: 1 7.17883e-05 0.000354643 -7.36035e-05 0.999976 0.00701098 -0.000353875 -0.00701103 0.999976 -0.011722 0.176236 -0.554389
FixedParameters: 0 0 0

#Transform 51
Transform: AffineTransform_float_3_3
Parameters: 1 -4.88692e-05 0.00117291 4.08088e-05 0.999977 0.00685006 -0.00117258 -0.00684995 0.999976 -0.0383669 0.163405 -0.508032
FixedParameters: 0 0 0

#Transform 52
Transform: AffineTransform_float_3_3
Parameters: 0.999998 -0.00089632 -0.00172604 0.000918243 0.999921 0.012565 0.00171446 -0.012566 0.999919 0.0105369 0.134635 -1.01321
FixedParameters: 0 0 0

#Transform 53
Transform: AffineTransform_float_3_3
Parameters: 0.999996 -0.000372139 -0.00254234 0.000392972 0.999965 0.00836541 0.00253862 -0.00836659 0.999962 -0.0326462 0.180309 -0.688413
FixedParameters: 0 0 0

#Transform 54
Transform: AffineTransform_float_3_3
Parameters: 0.999998 -0.000401073 -0.0022543 0.000419215 0.999965 0.00834295 0.00225028 -0.00834405 0.999962 -0.0239601 0.18195 -0.642429
FixedParameters: 0 0 0

#Transform 55
Transform: AffineTransform_float_3_3
Parameters: 0.999999 -6.06593e-07 -0.00147862 1.22622e-05 0.999967 0.00820251 0.00147952 -0.0082025 0.999966 -0.0385265 0.182638 -0.644567
FixedParameters: 0 0 0

#Transform 56
Transform: AffineTransform_float_3_3
Parameters: 0.999999 -0.000284594 -0.00134451 0.000296324 0.999965 0.00842561 0.00134207 -0.00842639 0.999963 -0.0516813 0.173517 -0.684771
FixedParameters: 0 0 0

#Transform 57
Transform: AffineTransform_float_3_3
Parameters: 0.999999 -0.00034721 -0.000845492 0.000353243 0.999972 0.00738906 0.000843052 -0.00738894 0.999973 -0.0268634 0.170832 -0.692728
FixedParameters: 0 0 0

#Transform 58
Transform: AffineTransform_float_3_3
Parameters: 0.999998 -0.000412603 -0.00199912 0.000431389 0.999958 0.00914303 0.00199567 -0.00914397 0.999956 -0.0281239 0.162293 -0.71009
FixedParameters: 0 0 0

#Transform 59
Transform: AffineTransform_float_3_3
Parameters: 0.999999 -0.000119211 -0.00122031 0.000128914 0.999963 0.00860636 0.00121972 -0.00860664 0.999963 -0.0597807 0.179173 -0.653131
FixedParameters: 0 0 0

#Transform 60
Transform: AffineTransform_float_3_3
Parameters: 0.999997 -0.000372091 -0.00222823 0.000391389 0.999962 0.00870002 0.00222441 -0.00870098 0.999959 -0.0458856 0.170942 -0.723973
FixedParameters: 0 0 0

#Transform 61
Transform: AffineTransform_float_3_3
Parameters: 0.999997 -0.000729085 -0.00260086 0.000744819 0.999982 0.00601068 0.00259641 -0.00601232 0.999979 -0.079872 0.186041 -0.700994
FixedParameters: 0 0 0

#Transform 62
Transform: AffineTransform_float_3_3
Parameters: 0.999995 -0.00103405 -0.00306812 0.00105797 0.999971 0.0074191 0.00306066 -0.00742189 0.999968 -0.0551229 0.163923 -0.816814
FixedParameters: 0 0 0

#Transform 63
Transform: AffineTransform_float_3_3
Parameters: 0.999994 -0.000958314 -0.00331554 0.000970469 0.999992 0.00389476 0.00331165 -0.00389825 0.999986 -0.0813322 0.167109 -0.72827
FixedParameters: 0 0 0

#Transform 64
Transform: AffineTransform_float_3_3
Parameters: 0.999967 0.000579685 -0.00803106 -0.000388998 0.999719 0.023664 0.00804216 -0.0236599 0.999688 -0.0764744 0.18524 -0.551899
FixedParameters: 0 0 0

#Transform 65
Transform: AffineTransform_float_3_3
Parameters: 0.999977 0.000237894 -0.00674351 -0.000125825 0.999862 0.0165984 0.00674706 -0.0165976 0.99984 -0.0984997 0.182713 -0.559019
FixedParameters: 0 0 0

#Transform 66
Transform: AffineTransform_float_3_3
Parameters: 0.999974 8.50042e-05 -0.00730425 2.25702e-05 0.99989 0.0147861 0.00730558 -0.0147859 0.999864 -0.0566632 0.203931 -0.662888
FixedParameters: 0 0 0

#Transform 67
Transform: AffineTransform_float_3_3
Parameters: 0.999979 2.87327e-05 -0.00650875 6.59549e-05 0.999894 0.0146066 0.00650853 -0.0146064 0.999872 -0.0628035 0.200242 -0.670977
FixedParameters: 0 0 0

#Transform 68
Transform: AffineTransform_float_3_3
Parameters: 0.999978 -0.000239177 -0.00671513 0.000334055 0.999901 0.0140885 0.00671014 -0.0140905 0.999878 -0.0791261 0.188819 -0.619328
FixedParameters: 0 0 0

#Transform 69
Transform: AffineTransform_float_3_3
Parameters: 0.999976 -0.000361086 -0.00701893 0.000462032 0.999896 0.0143704 0.00701292 -0.0143736 0.999872 -0.0458615 0.199143 -0.657838
FixedParameters: 0 0 0

#Transform 70
Transform: AffineTransform_float_3_3
Parameters: 0.999981 -6.00642e-06 -0.00613087 8.72774e-05 0.999912 0.0132459 0.0061304 -0.0132461 0.999894 -0.0761006 0.202789 -0.691548
FixedParameters: 0 0 0

#Transform 71
Transform: AffineTransform_float_3_3
Parameters: 0.999978 -0.000173015 -0.00653718 0.000258722 0.999914 0.0131156 0.00653424 -0.0131174 0.999893 -0.0918565 0.200587 -0.639726
FixedParameters: 0 0 0

#Transform 72
Transform: AffineTransform_float_3_3
Parameters: 0.999979 -0.000145224 -0.00646962 0.000230388 0.999914 0.0131393 0.00646701 -0.0131407 0.999892 -0.0740841 0.192937 -0.6734
FixedParameters: 0 0 0

#Transform 73
Transform: AffineTransform_float_3_3
Parameters: 0.999984 0.000141207 -0.00576531 -6.735e-05 0.999917 0.0128484 0.00576694 -0.0128476 0.9999 -0.100292 0.160644 -0.673349
FixedParameters: 0 0 0

#Transform 74
Transform: AffineTransform_float_3_3
Parameters: 0.999979 -0.000152286 -0.00648347 0.000236369 0.999916 0.0129266 0.00648131 -0.0129274 0.999895 -0.0923419 0.1743 -0.65014
FixedParameters: 0 0 0

#Transform 75
Transform: AffineTransform_float_3_3
Parameters: 0.99998 -0.000292279 -0.00631314 0.000373564 0.999919 0.0127433 0.0063091 -0.0127457 0.999899 -0.0853262 0.19423 -0.679793
FixedParameters: 0 0 0

#Transform 76
Transform: AffineTransform_float_3_3
Parameters: 0.999979 -0.000370912 -0.00644072 0.000447549 0.99993 0.0118551 0.00643613 -0.0118579 0.999909 -0.088401 0.192246 -0.661517
FixedParameters: 0 0 0

#Transform 77
Transform: AffineTransform_float_3_3
Parameters: 0.999978 -0.000228169 -0.00665543 0.000309377 0.999926 0.0121106 0.00665245 -0.0121124 0.999905 -0.0678582 0.213198 -0.728558
FixedParameters: 0 0 0

#Transform 78
Transform: AffineTransform_float_3_3
Parameters: 0.999984 0.000175915 -0.00566921 -0.000108013 0.999928 0.0120206 0.00567016 -0.0120194 0.999912 -0.0978083 0.186679 -0.657381
FixedParameters: 0 0 0

#Transform 79
Transform: AffineTransform_float_3_3
Parameters: 0.999982 3.28847e-05 -0.00601891 4.01512e-05 0.999927 0.0120986 0.00601923 -0.0120984 0.999909 -0.106845 0.174884 -0.64147
FixedParameters: 0 0 0

#Transform 80
Transform: AffineTransform_float_3_3
Parameters: 0.999981 -0.000183182 -0.00608033 0.000257507 0.999926 0.0121715 0.006078 -0.0121725 0.999907 -0.0988217 0.166786 -0.637387
FixedParameters: 0 0 0

#Transform 81
Transform: AffineTransform_float_3_3
Parameters: 0.999982 -0.00022383 -0.0060072 0.000297718 0.999925 0.0122839 0.00600382 -0.0122861 0.999906 -0.0978645 0.177925 -0.665774
FixedParameters: 0 0 0

#Transform 82
Transform: AffineTransform_float_3_3
Parameters: 0.999985 -0.000321921 -0.00557082 0.000388463 0.999927 0.0120339 0.00556703 -0.0120361 0.999912 -0.092644 0.172969 -0.665055
FixedParameters: 0 0 0

#Transform 83
Transform: AffineTransform_float_3_3
Parameters: 0.999982 -0.000327417 -0.00588875 0.000390868 0.99994 0.0108876 0.00588451 -0.0108894 0.999924 -0.0955032 0.188261 -0.6359
FixedParameters: 0 0 0

#Transform 84
Transform: AffineTransform_float_3_3
Parameters: 0.999983 -0.000378067 -0.0058057 0.000442436 0.999938 0.0111682 0.00580143 -0.0111698 0.999921 -0.0903959 0.189067 -0.676332
FixedParameters: 0 0 0

#Transform 85
Transform: AffineTransform_float_3_3
Parameters: 0.999984 -0.000263487 -0.00552545 0.000323908 0.999939 0.0110432 0.00552229 -0.0110448 0.999924 -0.10028 0.181974 -0.658429
FixedParameters: 0 0 0

#Transform 86
Transform: AffineTransform_float_3_3
Parameters: 0.999984 -0.000197447 -0.00555282 0.000258833 0.99994 0.0109452 0.00554946 -0.0109468 0.999924 -0.111303 0.1763 -0.647595
FixedParameters: 0 0 0

#Transform 87
Transform: AffineTransform_float_3_3
Parameters: 0.999981 4.70936e-05 -0.00624246 2.69433e-05 0.999929 0.0119242 0.00624296 -0.0119238 0.99991 -0.105322 0.173301 -0.679288
FixedParameters: 0 0 0

#Transform 88
Transform: AffineTransform_float_3_3
Parameters: 0.999983 -0.000178663 -0.00586947 0.000243922 0.999939 0.0111091 0.00586744 -0.0111099 0.999921 -0.105078 0.178216 -0.677824
FixedParameters: 0 0 0

#Transform 89
Transform: AffineTransform_float_3_3
Parameters: 0.999984 6.40041e-05 -0.00566094 -3.32861e-06 0.999942 0.0107398 0.00566145 -0.0107392 0.999926 -0.110541 0.175655 -0.652019
FixedParameters: 0 0 0

#Transform 90
Transform: AffineTransform_float_3_3
Parameters: 0.999983 0.000241137 -0.00581167 -0.000178894 0.999942 0.0107752 0.00581361 -0.0107738 0.999925 -0.0953693 0.178452 -0.685287
FixedParameters: 0 0 0

#Transform 91
Transform: AffineTransform_float_3_3
Parameters: 0.999985 0.00063654 -0.00535723 -0.000579877 0.999942 0.0106851 0.00536438 -0.0106819 0.999929 -0.122279 0.182396 -0.674287
FixedParameters: 0 0 0

#Transform 92
Transform: AffineTransform_float_3_3
Parameters: 0.999988 0.000399023 -0.00502574 -0.00034711 0.999947 0.0102674 0.0050302 -0.0102656 0.999935 -0.132378 0.170395 -0.659771
FixedParameters: 0 0 0

#Transform 93
Transform: AffineTransform_float_3_3
Parameters: 0.999982 8.0661e-05 -0.00588999 -2.10857e-05 0.999949 0.0101166 0.00589133 -0.0101164 0.999932 -0.103718 0.193217 -0.708233
FixedParameters: 0 0 0

#Transform 94
Transform: AffineTransform_float_3_3
Parameters: 0.999986 0.000290535 -0.00525467 -0.000236715 0.999947 0.0102653 0.00525806 -0.0102637 0.999934 -0.124132 0.187707 -0.653193
FixedParameters: 0 0 0

#Transform 95
Transform: AffineTransform_float_3_3
Parameters: 0.999987 0.000341991 -0.00522492 -0.000289976 0.999951 0.00988721 0.00522797 -0.0098858 0.999938 -0.12157 0.177893 -0.625617
FixedParameters: 0 0 0

#Transform 96
Transform: AffineTransform_float_3_3
Parameters: 0.999987 0.000653913 -0.00509473 -0.000602322 0.99995 0.0100302 0.00510059 -0.0100278 0.999937 -0.123645 0.178772 -0.642331
FixedParameters: 0 0 0

#Transform 97
Transform: AffineTransform_float_3_3
Parameters: 0.999987 0.000337825 -0.00509475 -0.000286011 0.999948 0.01021 0.00509831 -0.010208 0.999935 -0.129733 0.168981 -0.647142
FixedParameters: 0 0 0

#Transform 98
Transform: AffineTransform_float_3_3
Parameters: 0.999985 -0.000279448 -0.00554541 0.000332757 0.999954 0.00967463 0.00554285 -0.00967637 0.999937 -0.112162 0.168981 -0.61099
FixedParameters: 0 0 0

#Transform 99
Transform: AffineTransform_float_3_3
Parameters: 0.999979 -0.000615646 -0.00636833 0.000680227 0.999947 0.0102407 0.00636127 -0.0102443 0.999927 -0.107213 0.175834 -0.616501
FixedParameters: 0 0 0

#Transform 100
Transform: AffineTransform_float_3_3
Parameters: 0.999981 -8.00238e-05 -0.00627358 0.000141607 0.999953 0.00973332 0.00627214 -0.00973367 0.999932 -0.118667 0.203208 -0.653782
FixedParameters: 0 0 0

#Transform 101
Transform: AffineTransform_float_3_3
Parameters: 0.99998 -0.000601115 -0.00631784 0.000659258 0.999957 0.00928061 0.00631277 -0.00928539 0.999937 -0.123397 0.189052 -0.655595
FixedParameters: 0 0 0

#Transform 102
Transform: AffineTransform_float_3_3
Parameters: 0.999977 -0.000543218 -0.00685926 0.000606653 0.999958 0.00919204 0.00685465 -0.00919598 0.999935 -0.0967498 0.194228 -0.734423
FixedParameters: 0 0 0

#Transform 103
Transform: AffineTransform_float_3_3
Parameters: 0.999982 -0.00041946 -0.00588081 0.000474568 0.999955 0.00943308 0.00587652 -0.00943591 0.999938 -0.0980129 0.189949 -0.64056
FixedParameters: 0 0 0

#Transform 104
Transform: AffineTransform_float_3_3
Parameters: 0.999983 -0.000854395 -0.00587477 0.000907629 0.999959 0.00903959 0.00586719 -0.0090454 0.999942 -0.111969 0.206009 -0.589042
FixedParameters: 0 0 0

#Transform 105
Transform: AffineTransform_float_3_3
Parameters: 0.99998 -0.00104224 -0.00632844 0.0010998 0.999959 0.00902507 0.00631901 -0.00903192 0.999939 -0.0973731 0.195058 -0.588164
FixedParameters: 0 0 0

#Transform 106
Transform: AffineTransform_float_3_3
Parameters: 0.999984 -0.000696206 -0.00548832 0.000743769 0.999961 0.00873994 0.00548213 -0.00874405 0.999946 -0.138071 0.178306 -0.613194
FixedParameters: 0 0 0

#Transform 107
Transform: AffineTransform_float_3_3
Parameters: 0.999978 -0.000916831 -0.00657972 0.000979756 0.999954 0.00948763 0.00656952 -0.00949336 0.999934 -0.133324 0.18485 -0.576833
FixedParameters: 0 0 0

#Transform 108
Transform: AffineTransform_float_3_3
Parameters: 0.999988 -0.000567352 -0.00487522 0.000572742 0.999999 0.00119789 0.00487436 -0.00120112 0.999988 -0.104987 0.170434 -0.720056
FixedParameters: 0 0 0

#Transform 109
Transform: AffineTransform_float_3_3
Parameters: 0.999983 -0.00217596 -0.00540488 0.00215606 0.999991 -0.00363345 0.00541239 0.00362155 0.999979 -0.106602 0.159427 -0.843313
FixedParameters: 0 0 0

#Transform 110
Transform: AffineTransform_float_3_3
Parameters: 0.999979 -0.0024037 -0.0060488 0.00239776 0.999996 -0.000954459 0.006051 0.000940541 0.999982 -0.107208 0.148038 -0.764614
FixedParameters: 0 0 0

#Transform 111
Transform: AffineTransform_float_3_3
Parameters: 0.999977 -0.00208264 -0.00636647 0.0020807 0.999998 -0.000230881 0.00636702 0.000218115 0.999979 -0.0873333 0.142014 -0.847254
FixedParameters: 0 0 0

#Transform 112
Transform: AffineTransform_float_3_3
Parameters: 0.99998 -0.00140958 -0.00624632 0.00140699 0.999999 -0.000464743 0.00624736 0.000455258 0.999981 -0.121773 0.162097 -0.749388
FixedParameters: 0 0 0

#Transform 113
Transform: AffineTransform_float_3_3
Parameters: 0.999975 -0.00210997 -0.00672753 0.00210879 0.999998 -0.00023159 0.0067277 0.000218413 0.999977 -0.105573 0.152917 -0.756326
FixedParameters: 0 0 0

#Transform 114
Transform: AffineTransform_float_3_3
Parameters: 0.999975 -0.00246312 -0.00652291 0.00246769 0.999997 0.000766066 0.00652144 -0.000780938 0.999978 -0.0954007 0.151419 -0.755305
FixedParameters: 0 0 0

#Transform 115
Transform: AffineTransform_float_3_3
Parameters: 0.999978 -0.00255094 -0.00611429 0.00255628 0.999996 0.000880454 0.00611209 -0.000896545 0.999981 -0.0861112 0.178346 -0.699152
FixedParameters: 0 0 0

#Transform 116
Transform: AffineTransform_float_3_3
Parameters: 0.999974 -0.00252691 -0.00666614 0.00253764 0.999995 0.00162578 0.00666255 -0.00164222 0.999977 -0.0910873 0.195099 -0.661167
FixedParameters: 0 0 0

#Transform 117
Transform: AffineTransform_float_3_3
Parameters: 0.999975 -0.00256733 -0.00649497 0.00257587 0.999996 0.00121608 0.0064918 -0.00123291 0.999978 -0.0597155 0.196507 -0.688972
FixedParameters: 0 0 0

#Transform 118
Transform: AffineTransform_float_3_3
Parameters: 0.999975 -0.00250125 -0.0067074 0.00251114 0.999995 0.00158201 0.00670319 -0.001599 0.999977 -0.0720539 0.195357 -0.664297
FixedParameters: 0 0 0

#Transform 119
Transform: AffineTransform_float_3_3
Parameters: 0.999974 -0.00250318 -0.00667635 0.00251073 0.999997 0.00103956 0.00667383 -0.00105644 0.999977 -0.0853201 0.201947 -0.634267
FixedParameters: 0 0 0

#Transform 120
Transform: AffineTransform_float_3_3
Parameters: 0.999973 -0.00240897 -0.00687145 0.00241622 0.999997 0.00115124 0.00686845 -0.00116777 0.999976 -0.075642 0.192724 -0.680715
FixedParameters: 0 0 0

#Transform 121
Transform: AffineTransform_float_3_3
Parameters: 0.999974 -0.00264973 -0.00672071 0.00265762 0.999996 0.00122368 0.00671676 -0.00124133 0.999977 -0.0767622 0.184706 -0.688472
FixedParameters: 0 0 0

#Transform 122
Transform: AffineTransform_float_3_3
Parameters: 0.999974 -0.00257466 -0.00675573 0.00258262 0.999996 0.00119324 0.00675305 -0.00121076 0.999977 -0.0778961 0.191938 -0.66006
FixedParameters: 0 0 0

#Transform 123
Transform: AffineTransform_float_3_3
Parameters: 0.999974 -0.00264093 -0.00670811 0.00265009 0.999996 0.00138976 0.0067037 -0.00140724 0.999976 -0.0692521 0.190292 -0.672974
FixedParameters: 0 0 0

#Transform 124
Transform: AffineTransform_float_3_3
Parameters: 0.999976 -0.00263749 -0.00630894 0.00264448 0.999996 0.00105661 0.00630605 -0.00107339 0.99998 -0.0623824 0.194965 -0.679053
FixedParameters: 0 0 0

#Transform 125
Transform: AffineTransform_float_3_3
Parameters: 0.999972 -0.00292137 -0.00685336 0.00292998 0.999995 0.00115566 0.00684966 -0.00117633 0.999976 -0.0665705 0.194133 -0.659624
FixedParameters: 0 0 0

#Transform 126
Transform: AffineTransform_float_3_3
Parameters: 0.999969 -0.00286405 -0.00743031 0.00287234 0.999995 0.0011043 0.00742742 -0.0011267 0.999972 -0.0698002 0.196407 -0.638918
FixedParameters: 0 0 0

#Transform 127
Transform: AffineTransform_float_3_3
Parameters: 0.999968 -0.00305134 -0.00742704 0.00306101 0.999995 0.00125982 0.00742318 -0.00128218 0.999971 -0.0784863 0.187724 -0.666837
FixedParameters: 0 0 0

#Transform 128
Transform: AffineTransform_float_3_3
Parameters: 0.999966 -0.00311448 -0.00766741 0.00312567 0.999994 0.00143846 0.00766305 -0.00146253 0.999969 -0.0615816 0.192723 -0.646677
FixedParameters: 0 0 0

#Transform 129
Transform: AffineTransform_float_3_3
Parameters: 0.999973 -0.00387859 -0.00612956 0.00388766 0.999992 0.00149083 0.00612403 -0.00151417 0.99998 0.0484999 0.1761 -1.22802
FixedParameters: 0 0 0

#Transform 130
Transform: AffineTransform_float_3_3
Parameters: 0.999977 -0.00474147 -0.00489538 0.00474254 0.999989 0.000339462 0.00489414 -0.000362541 0.999988 0.0464143 0.174549 -1.19443
FixedParameters: 0 0 0

#Transform 131
Transform: AffineTransform_float_3_3
Parameters: 0.999982 -0.00237948 -0.00539543 0.00239464 0.999993 0.00285009 0.00538843 -0.00286291 0.999981 -0.0819939 0.218921 -0.475191
FixedParameters: 0 0 0

#Transform 132
Transform: AffineTransform_float_3_3
Parameters: 0.999977 -0.00233504 -0.00637558 0.00235139 0.999993 0.00260664 0.00636944 -0.00262135 0.999976 -0.0744933 0.200809 -0.596725
FixedParameters: 0 0 0

#Transform 133
Transform: AffineTransform_float_3_3
Parameters: 0.999972 -0.00261026 -0.00692051 0.00262704 0.999993 0.0024679 0.00691496 -0.0024861 0.999973 -0.090463 0.185481 -0.579595
FixedParameters: 0 0 0

#Transform 134
Transform: AffineTransform_float_3_3
Parameters: 0.999972 -0.00252801 -0.00695528 0.00254359 0.999995 0.00223654 0.00695053 -0.00225446 0.999974 -0.0991519 0.176531 -0.550977
FixedParameters: 0 0 0

#Transform 135
Transform: AffineTransform_float_3_3
Parameters: 0.999978 -0.00256669 -0.00608808 0.00257343 0.999996 0.00122627 0.00608525 -0.00124173 0.999981 -0.076948 0.171454 -0.573027
FixedParameters: 0 0 0

#Transform 136
Transform: AffineTransform_float_3_3
Parameters: 0.999974 -0.00276455 -0.00656246 0.00277631 0.999995 0.00172882 0.00655752 -0.00174718 0.999977 -0.0661155 0.1668 -0.594503
FixedParameters: 0 0 0

#Transform 137
Transform: AffineTransform_float_3_3
Parameters: 0.999978 -0.00262642 -0.00618334 0.00263542 0.999996 0.00139001 0.0061795 -0.00140599 0.99998 -0.0814683 0.16827 -0.624157
FixedParameters: 0 0 0

#Transform 138
Transform: AffineTransform_float_3_3
Parameters: 0.999977 -0.00259973 -0.00619136 0.00260729 0.999996 0.00119695 0.00618821 -0.00121405 0.99998 -0.0859542 0.171542 -0.594664
FixedParameters: 0 0 0

#Transform 139
Transform: AffineTransform_float_3_3
Parameters: 0.999975 -0.00297666 -0.00644769 0.00298163 0.999995 0.000875996 0.00644515 -0.000895008 0.999979 -0.0629984 0.174827 -0.630367
FixedParameters: 0 0 0

#Transform 140
Transform: AffineTransform_float_3_3
Parameters: 0.999976 -0.00262457 -0.00631985 0.00263093 0.999996 0.000932026 0.00631725 -0.00094797 0.99998 -0.0801158 0.173495 -0.636304
FixedParameters: 0 0 0

#Transform 141
Transform: AffineTransform_float_3_3
Parameters: 0.999978 -0.002664 -0.00610986 0.00266965 0.999996 0.000906828 0.00610733 -0.00092217 0.999981 -0.0873372 0.168094 -0.620743
FixedParameters: 0 0 0

#Transform 142
Transform: AffineTransform_float_3_3
Parameters: 0.999976 -0.00278736 -0.00632474 0.00279191 0.999996 0.000642836 0.00632267 -0.000660159 0.99998 -0.0738179 0.169594 -0.604857
FixedParameters: 0 0 0

#Transform 143
Transform: AffineTransform_float_3_3
Parameters: 0.999976 -0.00287197 -0.0062801 0.00287318 0.999996 0.000160439 0.00627952 -0.000178559 0.999981 -0.063671 0.17258 -0.631641
FixedParameters: 0 0 0

#Transform 144
Transform: AffineTransform_float_3_3
Parameters: 0.999978 -0.00287594 -0.0059479 0.00287282 0.999995 -0.000657494 0.00594968 0.000640511 0.999982 -0.084699 0.172066 -0.661729
FixedParameters: 0 0 0

#Transform 145
Transform: AffineTransform_float_3_3
Parameters: 0.999979 -0.0026509 -0.00590238 0.00264923 0.999996 -0.000305243 0.00590318 0.000289758 0.999983 -0.0858043 0.183275 -0.596847
FixedParameters: 0 0 0

#Transform 146
Transform: AffineTransform_float_3_3
Parameters: 0.999978 -0.00267534 -0.00616256 0.00267487 0.999997 2.86361e-05 0.00616276 -4.43685e-05 0.999981 -0.0892141 0.184297 -0.589949
FixedParameters: 0 0 0

#Transform 147
Transform: AffineTransform_float_3_3
Parameters: 0.999983 -0.00234653 -0.005456 0.00236545 0.999991 0.00350163 0.00544768 -0.00351437 0.999979 -0.0835935 0.176295 -0.547202
FixedParameters: 0 0 0

#Transform 148
Transform: AffineTransform_float_3_3
Parameters: 0.999982 -0.00236917 -0.00563525 0.0023757 0.999997 0.00114411 0.00563252 -0.00115789 0.999983 -0.0806232 0.193597 -0.67541
FixedParameters: 0 0 0

#Transform 149
Transform: AffineTransform_float_3_3
Parameters: 0.999979 -0.00232374 -0.00593462 0.00233002 0.999997 0.00106454 0.00593237 -0.00107846 0.999982 -0.042837 0.193188 -0.60411
FixedParameters: 0 0 0

#Transform 150
Transform: AffineTransform_float_3_3
Parameters: 0.999983 -0.00259967 -0.00519913 0.00260833 0.999995 0.00162312 0.00519416 -0.00163587 0.999985 -0.10034 0.177795 -0.57642
FixedParameters: 0 0 0

#Transform 151
Transform: AffineTransform_float_3_3
Parameters: 0.999981 -0.00251013 -0.00560052 0.00251505 0.999996 0.000761609 0.00559823 -0.000775385 0.999984 -0.0841344 0.206392 -0.513487
FixedParameters: 0 0 0

#Transform 152
Transform: AffineTransform_float_3_3
Parameters: 0.999985 -0.00239802 -0.0050207 0.00240929 0.999995 0.00221803 0.0050147 -0.00222997 0.999985 -0.0775331 0.20904 -0.483281
FixedParameters: 0 0 0

#Transform 153
Transform: AffineTransform_float_3_3
Parameters: 0.999985 -0.00238934 -0.0050735 0.00240618 0.999991 0.00338009 0.00506468 -0.00339291 0.999981 -0.0872009 0.207529 -0.521547
FixedParameters: 0 0 0

#Transform 154
Transform: AffineTransform_float_3_3
Parameters: 0.999985 -0.00235204 -0.00491495 0.00237605 0.999986 0.00483764 0.00490313 -0.00484936 0.999977 -0.0751286 0.197652 -0.497473
FixedParameters: 0 0 0

#Transform 155
Transform: AffineTransform_float_3_3
Parameters: 0.999983 -0.00228117 -0.00535765 0.00230151 0.99999 0.00387049 0.00534887 -0.00388351 0.999978 -0.0473411 0.1932 -0.557041
FixedParameters: 0 0 0

#Transform 156
Transform: AffineTransform_float_3_3
Parameters: 0.999986 -0.00244843 -0.00465891 0.00246184 0.999993 0.0027763 0.00465164 -0.0027877 0.999986 -0.0677246 0.194782 -0.571549
FixedParameters: 0 0 0

#Transform 157
Transform: AffineTransform_float_3_3
Parameters: 0.999984 -0.00249984 -0.00494525 0.00251177 0.999994 0.0023717 0.00493933 -0.00238429 0.999985 -0.074595 0.196155 -0.506716
FixedParameters: 0 0 0

#Transform 158
Transform: AffineTransform_float_3_3
Parameters: 0.999984 -0.00231573 -0.0050392 0.00232928 0.999994 0.0025809 0.00503358 -0.00259209 0.999984 -0.0691769 0.188695 -0.564042
FixedParameters: 0 0 0

#Transform 159
Transform: AffineTransform_float_3_3
Parameters: 0.999983 -0.00276998 -0.00516445 0.00278071 0.999994 0.00224334 0.00515834 -0.00225767 0.999985 -0.0756534 0.184837 -0.609828
FixedParameters: 0 0 0

#Transform 160
Transform: AffineTransform_float_3_3
Parameters: 0.999977 -0.00280444 -0.00626333 0.00281348 0.999995 0.00141689 0.00626015 -0.00143411 0.99998 -0.0675428 0.194612 -0.721137
FixedParameters: 0 0 0

#Transform 161
Transform: AffineTransform_float_3_3
Parameters: 0.999983 -0.00281822 -0.00509928 0.00282785 0.999994 0.00176391 0.00509502 -0.00177909 0.999985 -0.065259 0.152584 -0.737425
FixedParameters: 0 0 0

#Transform 162
Transform: AffineTransform_float_3_3
Parameters: 0.999947 -0.00804467 -0.00639928 0.00799325 0.999935 -0.00806186 0.00646375 0.00801014 0.999947 0.183927 -0.0328686 -2.28095
FixedParameters: 0 0 0

#Transform 163
Transform: AffineTransform_float_3_3
Parameters: 0.999993 -0.0035305 -0.00171946 0.00353852 0.999983 0.00473525 0.00170248 -0.00474176 0.999988 0.154332 0.156656 -1.27116
FixedParameters: 0 0 0

#Transform 164
Transform: AffineTransform_float_3_3
Parameters: 0.999993 -0.00330996 -0.00131149 0.00330734 0.999992 -0.00255563 0.00132012 0.00255037 0.999996 0.121333 0.169412 -1.40152
FixedParameters: 0 0 0

#Transform 165
Transform: AffineTransform_float_3_3
Parameters: 0.999976 -0.00664456 -0.00202999 0.00662417 0.999929 -0.00984278 0.00209545 0.0098292 0.999949 0.434044 -0.123991 -3.32118
FixedParameters: 0 0 0

#Transform 166
Transform: AffineTransform_float_3_3
Parameters: 0.999981 -0.00594739 -0.00110322 0.0059358 0.999935 -0.00967983 0.0011606 0.00967315 0.999952 0.324074 0.00590506 -2.81267
FixedParameters: 0 0 0

#Transform 167
Transform: AffineTransform_float_3_3
Parameters: 0.999994 -0.00328211 -8.45089e-05 0.00328203 0.999993 0.00207868 7.75573e-05 -0.00207932 0.999998 0.141839 0.180238 -1.70199
FixedParameters: 0 0 0

#Transform 168
Transform: AffineTransform_float_3_3
Parameters: 0.999999 -0.000368208 0.00149925 0.000345885 0.999886 0.0150747 -0.00150456 -0.0150743 0.999885 -0.0534668 0.185088 -1.04271
FixedParameters: 0 0 0

#Transform 169
Transform: AffineTransform_float_3_3
Parameters: 0.999985 -0.00537669 -0.000411299 0.00537511 0.999981 -0.00304297 0.000428384 0.00304103 0.999995 0.260523 -0.00925801 -3.10188
FixedParameters: 0 0 0

#Transform 170
Transform: AffineTransform_float_3_3
Parameters: 1 -0.000460986 0.000118326 0.000458627 0.999765 0.021642 -0.000128635 -0.0216419 0.999766 0.0113148 0.152103 -0.91334
FixedParameters: 0 0 0

#Transform 171
Transform: AffineTransform_float_3_3
Parameters: 0.999999 -0.000141961 0.000718329 0.000130908 0.999882 0.0153493 -0.000719591 -0.0153498 0.999882 -0.0309737 0.22801 -0.872776
FixedParameters: 0 0 0

#Transform 172
Transform: AffineTransform_float_3_3
Parameters: 1 -0.000121332 0.000443739 0.000115089 0.999902 0.013956 -0.00044531 -0.0139559 0.999902 -0.0166819 0.225522 -0.776832
FixedParameters: 0 0 0

#Transform 173
Transform: AffineTransform_float_3_3
Parameters: 1 -0.000241062 0.00108593 0.000226455 0.99991 0.0134134 -0.00108861 -0.0134136 0.999909 -0.0312844 0.210178 -0.773647
FixedParameters: 0 0 0

#Transform 174
Transform: AffineTransform_float_3_3
Parameters: 0.999999 -0.000300967 0.00118955 0.000285306 0.999915 0.0130655 -0.00119401 -0.0130655 0.999914 -0.0445921 0.205361 -0.766465
FixedParameters: 0 0 0

#Transform 175
Transform: AffineTransform_float_3_3
Parameters: 0.999999 -0.00024155 0.000766665 0.000230977 0.999918 0.0128612 -0.000769034 -0.0128608 0.999917 -0.0273025 0.211544 -0.801024
FixedParameters: 0 0 0

#Transform 176
Transform: AffineTransform_float_3_3
Parameters: 0.999998 -0.000413012 0.00157908 0.000391709 0.999902 0.0139893 -0.00158488 -0.0139887 0.999901 -0.0524987 0.213025 -0.745399
FixedParameters: 0 0 0

#Transform 177
Transform: AffineTransform_float_3_3
Parameters: 1 -0.000354398 0.00100155 0.000340622 0.99991 0.0133963 -0.00100556 -0.0133957 0.99991 -0.0405154 0.210278 -0.787927
FixedParameters: 0 0 0

#Transform 178
Transform: AffineTransform_float_3_3
Parameters: 1 -0.000359951 0.0010444 0.000347172 0.999921 0.0126194 -0.00104934 -0.0126186 0.99992 -0.0372812 0.206712 -0.801444
FixedParameters: 0 0 0

#Transform 179
Transform: AffineTransform_float_3_3
Parameters: 0.999999 -0.00056798 0.00176317 0.000552234 0.999959 0.0090643 -0.00176827 -0.00906371 0.999957 -0.0753475 0.18703 -0.509967
FixedParameters: 0 0 0
