# transform file /out/sourcedata/freesurfer/sub-v1s10x0051074_ses-1/mri/transforms/cc_up.lta
# created by oesteban on Thu Mar 12 07:50:22 2026

type      = 0 # LINEAR_VOX_TO_VOX
nxforms   = 1
mean      = 128.0000 144.0000 133.0000
sigma     = 10000.0000
1 4 4
9.921914935112000e-01 -8.124873787164688e-02 -9.463039040565491e-02 2.304748344421387e+01 
8.088170737028122e-02 9.966939687728882e-01 -7.714103441685438e-03 -5.970187664031982e+00 
9.494428336620331e-02 4.656613428188905e-10 9.954826831817627e-01 -1.059123706817627e+01 
0.000000000000000e+00 0.000000000000000e+00 0.000000000000000e+00 1.000000000000000e+00 
src volume info
valid = 1  # volume info valid
filename = /out/sourcedata/freesurfer/sub-v1s10x0051074_ses-1/mri/norm.mgz
volume = 256 256 256
voxelsize = 1.000000000000000e+00 1.000000000000000e+00 1.000000000000000e+00
xras   = -1.000000000000000e+00 0.000000000000000e+00 0.000000000000000e+00
yras   = 0.000000000000000e+00 0.000000000000000e+00 -1.000000000000000e+00
zras   = 0.000000000000000e+00 1.000000000000000e+00 0.000000000000000e+00
cras   = 5.002471923828125e+00 -6.228912353515625e+00 -6.228912353515625e+00
dst volume info
valid = 1  # volume info valid
filename = /out/sourcedata/freesurfer/sub-v1s10x0051074_ses-1/mri/norm.mgz
volume = 256 256 256
voxelsize = 1.000000000000000e+00 1.000000000000000e+00 1.000000000000000e+00
xras   = -1.000000000000000e+00 0.000000000000000e+00 0.000000000000000e+00
yras   = 0.000000000000000e+00 0.000000000000000e+00 -1.000000000000000e+00
zras   = 0.000000000000000e+00 1.000000000000000e+00 0.000000000000000e+00
cras   = 5.002471923828125e+00 -6.228912353515625e+00 -6.228912353515625e+00
