#Insight Transform File V1.0
#Transform 0
Transform: AffineTransform_float_3_3
Parameters: 0.999999 -4.53494e-05 -0.000759373 4.32683e-05 0.999996 -0.00283903 0.000759764 0.00283897 0.999995 0.102159 0.257024 0.567325
FixedParameters: 0 0 0

#Transform 1
Transform: AffineTransform_float_3_3
Parameters: 0.999999 0.000649344 -0.00062871 -0.00064918 0.999999 0.00117256 0.000629703 -0.00117244 1 -0.00409898 0.0042493 -0.0685197
FixedParameters: 0 0 0

#Transform 2
Transform: AffineTransform_float_3_3
Parameters: 1 0.000546672 -0.000839162 -0.000546369 0.999999 0.000180611 0.000839359 -0.000180389 1 -0.00161335 0.0316964 -0.156038
FixedParameters: 0 0 0

#Transform 3
Transform: AffineTransform_float_3_3
Parameters: 0.999999 0.000735244 -0.000394848 -0.000734852 0.999999 0.000990931 0.000395384 -0.000991069 0.999999 -0.00600326 0.0173168 -0.188699
FixedParameters: 0 0 0

#Transform 4
Transform: AffineTransform_float_3_3
Parameters: 0.999999 0.000646498 -0.000604167 -0.000645816 1 0.000563184 0.000604895 -0.000563816 1 0.0125568 -0.00252875 -0.255911
FixedParameters: 0 0 0

#Transform 5
Transform: AffineTransform_float_3_3
Parameters: 0.999999 0.000622444 -0.000348099 -0.000622658 1 -0.000307783 0.000347715 0.000308216 1 -0.00424274 0.00885565 -0.16415
FixedParameters: 0 0 0

#Transform 6
Transform: AffineTransform_float_3_3
Parameters: 0.999999 0.000568664 -0.000786883 -0.00056892 0.999999 -0.0001624 0.000786698 0.0001626 1 0.019857 0.0471977 -0.159694
FixedParameters: 0 0 0

#Transform 7
Transform: AffineTransform_float_3_3
Parameters: 0.999999 0.000626687 -0.000649406 -0.000626805 0.999999 -0.00110059 0.000648555 0.00110141 0.999999 0.00288551 0.0485618 -0.0735705
FixedParameters: 0 0 0

#Transform 8
Transform: AffineTransform_float_3_3
Parameters: 0.999999 0.00047697 -0.000573017 -0.000476749 1 -0.000147727 0.000573797 0.000148274 1 0.0151389 0.0469915 -0.116261
FixedParameters: 0 0 0

#Transform 9
Transform: AffineTransform_float_3_3
Parameters: 0.999999 0.000593513 -0.00076628 -0.000594348 0.999999 -0.000544544 0.000765633 0.000545454 0.999999 0.0136188 0.0393367 -0.130485
FixedParameters: 0 0 0

#Transform 10
Transform: AffineTransform_float_3_3
Parameters: 0.999999 0.000713767 -0.000327551 -0.00071345 0.999999 0.000483234 0.00032824 -0.000482766 1 -0.0256894 0.0268991 -0.0212818
FixedParameters: 0 0 0

#Transform 11
Transform: AffineTransform_float_3_3
Parameters: 1 0.00060504 -0.000340521 -0.000605083 1 -6.27938e-05 0.000340445 6.32058e-05 1 0.0122616 0.0472968 -0.0675777
FixedParameters: 0 0 0

#Transform 12
Transform: AffineTransform_float_3_3
Parameters: 1 0.000649025 -0.000810078 -0.000649178 1 -9.4474e-05 0.000809955 9.55255e-05 0.999999 0.0128336 0.0274321 -0.106109
FixedParameters: 0 0 0

#Transform 13
Transform: AffineTransform_float_3_3
Parameters: 1 0.00108718 -0.000353776 -0.00108709 1 0.000126025 0.00035405 -0.000125975 1 -0.0269595 0.0497776 -0.0321619
FixedParameters: 0 0 0

#Transform 14
Transform: AffineTransform_float_3_3
Parameters: 0.999999 0.00118864 -0.000649759 -0.00118832 0.999999 0.000248413 0.000650348 -0.000247587 1 -0.0194327 0.050787 -0.106217
FixedParameters: 0 0 0

#Transform 15
Transform: AffineTransform_float_3_3
Parameters: 1 0.00108668 -0.000544448 -0.00108668 1 0.000357233 0.000544304 -0.000356769 1 -0.0254367 0.0712139 -0.0523801
FixedParameters: 0 0 0

#Transform 16
Transform: AffineTransform_float_3_3
Parameters: 1 0.00101855 -0.000515559 -0.00101858 1 0.000357166 0.000515365 -0.000356835 1 -0.0151903 0.0646436 -0.100493
FixedParameters: 0 0 0

#Transform 17
Transform: AffineTransform_float_3_3
Parameters: 1 0.00101855 -0.000515559 -0.00101858 1 0.000357166 0.000515365 -0.000356835 1 -0.0188537 0.0736446 -0.045108
FixedParameters: 0 0 0

#Transform 18
Transform: AffineTransform_float_3_3
Parameters: 1 0.00101877 -0.000515133 -0.00101836 0.999999 0.000775165 0.000515791 -0.000774835 0.999999 -0.0110841 0.0558099 -0.07758
FixedParameters: 0 0 0

#Transform 19
Transform: AffineTransform_float_3_3
Parameters: 0.999999 0.00150633 -3.49992e-05 -0.00150597 0.999998 -0.000462307 3.4528e-05 0.000461692 1 -0.0259412 0.0414059 -0.0458639
FixedParameters: 0 0 0

#Transform 20
Transform: AffineTransform_float_3_3
Parameters: 1 0.000901957 -0.0004063 -0.00090161 1 0.000427007 0.00040707 -0.000426993 1 -0.00152971 0.0473056 -0.101097
FixedParameters: 0 0 0

#Transform 21
Transform: AffineTransform_float_3_3
Parameters: 0.999999 0.00150343 -0.000417259 -0.00150364 0.999999 0.000226268 0.000417018 -0.000225733 1 -0.025444 0.0669834 -0.0444772
FixedParameters: 0 0 0

#Transform 22
Transform: AffineTransform_float_3_3
Parameters: 1 0.00101839 -0.000515873 -0.00101834 1 4.81659e-05 0.000515971 -4.78345e-05 1 0.00589879 0.0695622 -0.110223
FixedParameters: 0 0 0

#Transform 23
Transform: AffineTransform_float_3_3
Parameters: 1 0.00101839 -0.000515873 -0.00101834 1 4.81659e-05 0.000515971 -4.78345e-05 1 -0.0146476 0.0576424 -0.0593636
FixedParameters: 0 0 0

#Transform 24
Transform: AffineTransform_float_3_3
Parameters: 1 0.00105457 -0.000430615 -0.00105445 0.999999 0.000589095 0.000430936 -0.000588906 1 0.00503527 0.0440427 -0.106252
FixedParameters: 0 0 0

#Transform 25
Transform: AffineTransform_float_3_3
Parameters: 1 0.00101839 -0.000515873 -0.00101834 1 4.81659e-05 0.000515971 -4.78345e-05 1 0.00326042 0.043717 -0.127594
FixedParameters: 0 0 0

#Transform 26
Transform: AffineTransform_float_3_3
Parameters: 1 0.00115303 -0.000300819 -0.0011531 0.999999 0.000525988 0.000301111 -0.000526013 1 -0.015944 0.0545609 -0.0542042
FixedParameters: 0 0 0

#Transform 27
Transform: AffineTransform_float_3_3
Parameters: 0.999999 0.000840822 -0.000440299 -0.000840991 1 0.000252011 0.000439802 -0.00025199 1 0.00861641 0.036095 -0.13405
FixedParameters: 0 0 0

#Transform 28
Transform: AffineTransform_float_3_3
Parameters: 0.999999 0.000640241 -0.000354971 -0.000640232 0.999999 0.000563227 0.000354771 -0.000562773 1 -0.00341061 0.0331037 -0.0557905
FixedParameters: 0 0 0

#Transform 29
Transform: AffineTransform_float_3_3
Parameters: 0.999999 0.000552497 -0.00056208 -0.000551755 0.999999 0.00065931 0.000562808 -0.000658689 0.999999 0.0138425 0.0372298 -0.123917
FixedParameters: 0 0 0

#Transform 30
Transform: AffineTransform_float_3_3
Parameters: 0.999999 0.000576046 -0.000506197 -0.000575876 1 0.000168292 0.000506391 -0.000167708 1 0.00611517 0.060002 -0.0717858
FixedParameters: 0 0 0

#Transform 31
Transform: AffineTransform_float_3_3
Parameters: 0.999999 0.000445909 -0.000813494 -0.000445004 0.999999 0.000556362 0.000813989 -0.000555637 0.999999 0.0161555 0.0442802 -0.178395
FixedParameters: 0 0 0

#Transform 32
Transform: AffineTransform_float_3_3
Parameters: 0.999999 0.000639982 -0.000355437 -0.000640099 1 -0.000164772 0.000355225 0.000165227 1 0.0116068 0.0533728 -0.104837
FixedParameters: 0 0 0

#Transform 33
Transform: AffineTransform_float_3_3
Parameters: 0.999999 0.000640319 -0.00035483 -0.000640154 1 0.000782868 0.000354912 -0.000783133 0.999999 0.0116175 0.0576577 -0.102044
FixedParameters: 0 0 0

#Transform 34
Transform: AffineTransform_float_3_3
Parameters: 0.999999 0.000598581 -0.000637424 -0.000598761 0.999999 0.000165534 0.000636702 -0.000165466 1 0.0130464 0.0387564 -0.133332
FixedParameters: 0 0 0

#Transform 35
Transform: AffineTransform_float_3_3
Parameters: 0.999999 0.000738656 -0.000396914 -0.000739725 0.999999 0.000305294 0.000396835 -0.000304707 1 0.0100877 0.0513562 -0.101221
FixedParameters: 0 0 0

#Transform 36
Transform: AffineTransform_float_3_3
Parameters: 1 0.000732219 -0.000849651 -0.000732231 0.999999 -6.37768e-06 0.000849641 7.62195e-06 0.999999 0.024082 0.0416501 -0.146927
FixedParameters: 0 0 0

#Transform 37
Transform: AffineTransform_float_3_3
Parameters: 1 0.00105074 -0.000434525 -0.00105069 0.999999 0.000506097 0.000434668 -0.000505904 1 -0.00166911 0.0449683 -0.0618881
FixedParameters: 0 0 0

#Transform 38
Transform: AffineTransform_float_3_3
Parameters: 0.999999 0.000802851 -0.00101047 -0.000801771 0.999999 0.00137645 0.00101122 -0.00137555 0.999998 0.0270836 0.0313721 -0.121281
FixedParameters: 0 0 0

#Transform 39
Transform: AffineTransform_float_3_3
Parameters: 1 0.00076428 -0.00086226 -0.000764076 0.999999 0.000878452 0.000863073 -0.000878548 0.999999 0.010838 0.0407336 -0.07078
FixedParameters: 0 0 0

#Transform 40
Transform: AffineTransform_float_3_3
Parameters: 1 0.000643611 -0.000877633 -0.000642459 1 0.000656205 0.000878477 -0.000655795 0.999999 0.0295236 0.048612 -0.109483
FixedParameters: 0 0 0

#Transform 41
Transform: AffineTransform_float_3_3
Parameters: 1 0.000807173 -0.000880941 -0.000806399 1 0.000439351 0.000881649 -0.000438649 0.999999 -0.00648721 0.0490354 -0.0342906
FixedParameters: 0 0 0

#Transform 42
Transform: AffineTransform_float_3_3
Parameters: 0.999999 0.000708384 -0.000724234 -0.000708188 0.999999 0.000135513 0.000724426 -0.000134487 0.999999 0.0130827 0.074319 -0.0904401
FixedParameters: 0 0 0

#Transform 43
Transform: AffineTransform_float_3_3
Parameters: 0.999999 0.000615196 -0.000800118 -0.000615445 1 -0.000155507 0.000799926 0.000156492 0.999999 -0.00811752 0.0740134 -0.0393645
FixedParameters: 0 0 0

#Transform 44
Transform: AffineTransform_float_3_3
Parameters: 1 0.000579005 9.95643e-05 -0.000578959 1 -0.000233058 -9.98341e-05 0.000232942 1 -0.031088 0.0491587 -0.0107031
FixedParameters: 0 0 0

#Transform 45
Transform: AffineTransform_float_3_3
Parameters: 1 8.99063e-05 -0.00105276 -8.96662e-05 1 0.000114094 0.00105278 -0.000113905 0.999999 0.0257827 0.0615886 -0.0695466
FixedParameters: 0 0 0

#Transform 46
Transform: AffineTransform_float_3_3
Parameters: 1 0.000285065 -0.00059183 -0.000285099 0.999999 -0.000806831 0.000590979 0.000807168 0.999999 -0.00393879 0.0499291 -0.0218596
FixedParameters: 0 0 0

#Transform 47
Transform: AffineTransform_float_3_3
Parameters: 0.999999 0.000418212 -0.000716477 -0.000418454 1 -0.0001687 0.000716335 0.000169299 0.999999 0.00419659 0.0673283 -0.0410829
FixedParameters: 0 0 0

#Transform 48
Transform: AffineTransform_float_3_3
Parameters: 0.999999 0.000841926 -0.000897247 -0.000843055 0.999999 -0.000846603 0.00089674 0.000847395 0.999999 0.0031095 0.070213 -0.0530659
FixedParameters: 0 0 0

#Transform 49
Transform: AffineTransform_float_3_3
Parameters: 0.999999 0.000718771 -0.00059444 -0.000718301 0.999999 -0.000378573 0.000593505 0.000379426 1 -0.0153764 0.0589988 -0.0174727
FixedParameters: 0 0 0

#Transform 50
Transform: AffineTransform_float_3_3
Parameters: 0.999999 0.000595621 -0.000426685 -0.000595666 1 -5.27457e-05 0.000426622 5.3254e-05 1 0.00597951 0.0476959 -0.0818746
FixedParameters: 0 0 0

#Transform 51
Transform: AffineTransform_float_3_3
Parameters: 1 0.000759841 -0.000861368 -0.00075984 1 4.47687e-07 0.000861369 -5.52679e-07 1 -0.00650271 0.0276958 -0.0215849
FixedParameters: 0 0 0

#Transform 52
Transform: AffineTransform_float_3_3
Parameters: 1 0.000796513 -0.000877132 -0.000796419 1 -0.000168661 0.000877783 0.000169339 0.999999 0.0016937 0.0608073 -0.0382567
FixedParameters: 0 0 0

#Transform 53
Transform: AffineTransform_float_3_3
Parameters: 1 0.000737258 -0.000852416 -0.00073785 1 -0.000576578 0.000852486 0.000576422 0.999999 0.00476388 0.0603059 -0.0375067
FixedParameters: 0 0 0

#Transform 54
Transform: AffineTransform_float_3_3
Parameters: 0.999999 0.000547295 -0.000661163 -0.000547796 1 0.000317362 0.000661901 -0.000316638 0.999999 -0.0147667 0.033698 -0.018192
FixedParameters: 0 0 0

#Transform 55
Transform: AffineTransform_float_3_3
Parameters: 0.999999 0.000423281 -0.000661049 -0.000423505 1 -0.00016872 0.000660906 0.00016928 1 0.00953825 0.0672213 -0.0405117
FixedParameters: 0 0 0

#Transform 56
Transform: AffineTransform_float_3_3
Parameters: 0.999999 0.000708294 -0.00028158 -0.000708621 0.999999 -0.0005818 0.000280756 0.000582199 1 -0.0171868 0.0658491 -0.0206511
FixedParameters: 0 0 0

#Transform 57
Transform: AffineTransform_float_3_3
Parameters: 1 0.00076819 -0.000780763 -0.000768792 1 0.000454241 0.000780931 -0.00045376 0.999999 -0.0160328 0.0555162 -0.0336932
FixedParameters: 0 0 0

#Transform 58
Transform: AffineTransform_float_3_3
Parameters: 0.999999 0.000506984 -0.000754736 -0.00050787 1 -0.000845976 0.000754798 0.000846023 0.999999 -0.0127185 0.0685114 -0.0523391
FixedParameters: 0 0 0

#Transform 59
Transform: AffineTransform_float_3_3
Parameters: 0.999999 0.000507494 -0.000754393 -0.000507749 1 -0.000168617 0.000754221 0.000169383 0.999999 0.00107539 0.0733793 -0.0436627
FixedParameters: 0 0 0

#Transform 60
Transform: AffineTransform_float_3_3
Parameters: 1 0.000737605 -0.000852115 -0.000737502 1 -0.000168731 0.000852787 0.000169269 0.999999 -0.012973 0.0619758 -0.0350964
FixedParameters: 0 0 0

#Transform 61
Transform: AffineTransform_float_3_3
Parameters: 1 0.000912722 -0.000439759 -0.000912871 1 -0.000168958 0.00043945 0.000169041 1 -0.0192162 0.045769 -0.0153761
FixedParameters: 0 0 0

#Transform 62
Transform: AffineTransform_float_3_3
Parameters: 0.999999 0.00058009 -0.00122378 -0.000580616 1 0.000161351 0.00122436 -0.00016065 0.999999 -0.0105872 0.0432839 -0.0160302
FixedParameters: 0 0 0

#Transform 63
Transform: AffineTransform_float_3_3
Parameters: 1 0.000645688 -0.000812925 -0.000645707 1 -1.14749e-05 0.00081291 1.25247e-05 0.999999 -0.0234554 0.0582651 -0.0218056
FixedParameters: 0 0 0

#Transform 64
Transform: AffineTransform_float_3_3
Parameters: 1 0.000492245 -0.00105947 -0.000492946 0.999999 0.000103675 0.00105996 -0.000103326 0.999999 -0.00711789 0.0671148 -0.0502787
FixedParameters: 0 0 0

#Transform 65
Transform: AffineTransform_float_3_3
Parameters: 0.999999 0.0010361 -0.000978468 -0.00103588 0.999999 0.000115807 0.000978707 -0.000115193 1 -0.0269677 0.0615447 -0.0210049
FixedParameters: 0 0 0

#Transform 66
Transform: AffineTransform_float_3_3
Parameters: 1 0.00054925 -0.000771745 -0.00054976 1 0.000266424 0.000772428 -0.000265576 0.999999 -0.0103255 0.0585726 -0.0475169
FixedParameters: 0 0 0

#Transform 67
Transform: AffineTransform_float_3_3
Parameters: 1 0.00048097 -0.000933543 -0.000480502 1 0.00074345 0.000934648 -0.000742552 1 -0.0267344 0.0658196 -0.00892115
FixedParameters: 0 0 0

#Transform 68
Transform: AffineTransform_float_3_3
Parameters: 0.999999 0.000677208 -0.00110981 -0.000677171 0.999999 1.69044e-05 0.00110984 -1.60959e-05 0.999999 -0.0287333 0.0549057 -0.0290982
FixedParameters: 0 0 0

#Transform 69
Transform: AffineTransform_float_3_3
Parameters: 0.999999 0.000789465 -0.00134967 -0.000789275 1 7.08585e-05 0.00134978 -7.01417e-05 0.999999 -0.0339672 0.057075 -0.037695
FixedParameters: 0 0 0

#Transform 70
Transform: AffineTransform_float_3_3
Parameters: 0.999999 0.00100343 -0.00117026 -0.0010037 0.999999 -0.000114032 0.00117003 0.000114967 0.999999 -0.0460307 0.0699467 -0.0352113
FixedParameters: 0 0 0

#Transform 71
Transform: AffineTransform_float_3_3
Parameters: 0.999999 0.00107751 -0.00099607 -0.00107824 0.999999 9.38674e-05 0.000996662 -9.31334e-05 1 -0.0308527 0.0667341 -0.0259481
FixedParameters: 0 0 0

#Transform 72
Transform: AffineTransform_float_3_3
Parameters: 0.999999 0.000873712 -0.00117151 -0.000873704 1 3.81678e-06 0.00117152 -3.18365e-06 0.999999 -0.0389357 0.0466886 -0.00917222
FixedParameters: 0 0 0

#Transform 73
Transform: AffineTransform_float_3_3
Parameters: 0.999999 0.0006456 -0.000811873 -0.000644344 0.999999 0.00101368 0.00081226 -0.00101332 1 -0.0219852 0.0306033 -0.0160237
FixedParameters: 0 0 0

#Transform 74
Transform: AffineTransform_float_3_3
Parameters: 1 2.60916e-06 -0.000539401 -9.98385e-07 0.999997 0.00234515 0.0005398 -0.00234585 0.999998 -0.0118639 0.0364286 0.0844658
FixedParameters: 0 0 0

#Transform 75
Transform: AffineTransform_float_3_3
Parameters: 1 2.26341e-06 -0.000539402 -1.34387e-06 0.999998 0.00170536 0.000539799 -0.00170464 0.999999 -0.0118659 0.0492511 0.0769582
FixedParameters: 0 0 0

#Transform 76
Transform: AffineTransform_float_3_3
Parameters: 1 2.37469e-06 -0.000539402 -1.23283e-06 0.999998 0.001911 0.000539799 -0.001911 0.999998 -0.0118542 0.0550731 0.0776125
FixedParameters: 0 0 0

#Transform 77
Transform: AffineTransform_float_3_3
Parameters: 1 0.000117636 -0.00102413 -0.000117016 1 0.000493633 0.00102332 -0.000493368 1 -0.0203799 0.0387408 0.104458
FixedParameters: 0 0 0

#Transform 78
Transform: AffineTransform_float_3_3
Parameters: 1 0.000189675 -0.000619619 -0.00019003 1 -0.000601882 0.000620311 0.000602117 0.999999 -0.0302653 0.0696375 0.10154
FixedParameters: 0 0 0

#Transform 79
Transform: AffineTransform_float_3_3
Parameters: 1 0.000226369 -0.00106396 -0.000226138 1 0.000108393 0.00106401 -0.000108607 0.999999 -0.0142928 0.0291547 0.00684703
FixedParameters: 0 0 0

#Transform 80
Transform: AffineTransform_float_3_3
Parameters: 1 0.000210973 -0.00110243 -0.000210024 1 0.00102523 0.00110233 -0.00102477 0.999999 -0.0290613 0.0292386 0.0701373
FixedParameters: 0 0 0

#Transform 81
Transform: AffineTransform_float_3_3
Parameters: 0.999999 0.000431799 -0.000581046 -0.000430584 0.999999 0.0013814 0.000581317 -0.0013816 0.999999 -0.0359186 0.0136433 0.0848943
FixedParameters: 0 0 0

#Transform 82
Transform: AffineTransform_float_3_3
Parameters: 0.999999 0.000430764 -0.0017411 -0.000430075 1 0.000574903 0.00174107 -0.000574098 0.999998 -0.0158635 0.0256911 0.0216861
FixedParameters: 0 0 0

#Transform 83
Transform: AffineTransform_float_3_3
Parameters: 0.999999 0.000385603 -0.00122623 -0.000383825 1 0.00110047 0.00122747 -0.00109953 0.999998 -0.0370801 0.0202941 0.108194
FixedParameters: 0 0 0

#Transform 84
Transform: AffineTransform_float_3_3
Parameters: 1 0.000645351 -0.000810949 -0.000643672 0.999998 0.00184252 0.000812793 -0.00184148 0.999998 -0.0139625 0.0528396 0.0667629
FixedParameters: 0 0 0

#Transform 85
Transform: AffineTransform_float_3_3
Parameters: 1 0.000157025 -7.53858e-05 -0.000157059 1 -0.000219988 7.53167e-05 0.000220012 1 -0.0592184 0.116393 0.388141
FixedParameters: 0 0 0

#Transform 86
Transform: AffineTransform_float_3_3
Parameters: 1 -0.00024346 6.12544e-05 0.000243587 1 -0.00103799 -6.07489e-05 0.00103802 1 -0.042425 0.106282 0.268117
FixedParameters: 0 0 0

#Transform 87
Transform: AffineTransform_float_3_3
Parameters: 1 -7.41813e-05 -0.000154279 7.41769e-05 1 -1.40115e-05 0.000154281 1.39886e-05 1 -0.0373669 0.0902735 0.269391
FixedParameters: 0 0 0

#Transform 88
Transform: AffineTransform_float_3_3
Parameters: 1 0.000272727 0.000475302 -0.000272974 0.999999 0.00122787 -0.000475022 -0.00122813 0.999999 -0.064333 0.101593 0.357083
FixedParameters: 0 0 0

#Transform 89
Transform: AffineTransform_float_3_3
Parameters: 1 0.00038677 0.000286059 -0.000386881 0.999999 0.00180689 -0.000285052 -0.00180711 0.999999 -0.0423534 0.0724674 0.238142
FixedParameters: 0 0 0

#Transform 90
Transform: AffineTransform_float_3_3
Parameters: 1 0.000423048 -0.000347391 -0.000422355 1 0.000995787 0.000348233 -0.000996212 0.999999 -0.0581852 0.104308 0.31923
FixedParameters: 0 0 0

#Transform 91
Transform: AffineTransform_float_3_3
Parameters: 1 0.000284962 -0.000163075 -0.000284729 0.999999 0.000714046 0.000163481 -0.000713953 0.999999 -0.0508376 0.0750315 0.216929
FixedParameters: 0 0 0

#Transform 92
Transform: AffineTransform_float_3_3
Parameters: 1 0.000113747 -0.000320878 -0.000113538 1 0.000326036 0.000320952 -0.000325963 1 -0.0475987 0.10271 0.27536
FixedParameters: 0 0 0

#Transform 93
Transform: AffineTransform_float_3_3
Parameters: 1 0.000498596 -4.0936e-05 -0.000498573 1 0.00028502 4.12202e-05 -0.00028498 1 -0.0638379 0.101195 0.301429
FixedParameters: 0 0 0

#Transform 94
Transform: AffineTransform_float_3_3
Parameters: 0.999999 8.44587e-05 -0.000786493 -8.43391e-05 1 7.60664e-05 0.000786506 -7.59336e-05 0.999999 -0.0458523 0.0744289 0.207572
FixedParameters: 0 0 0

#Transform 95
Transform: AffineTransform_float_3_3
Parameters: 1 0.00063176 0.000107258 -0.000632381 0.999999 0.00107493 -0.00010682 -0.00107507 1 -0.0687397 0.104425 0.335943
FixedParameters: 0 0 0

#Transform 96
Transform: AffineTransform_float_3_3
Parameters: 1 0.000542035 -0.000271558 -0.000541689 0.999999 0.00135515 0.000272106 -0.00135485 0.999999 -0.0549454 0.09376 0.255659
FixedParameters: 0 0 0

#Transform 97
Transform: AffineTransform_float_3_3
Parameters: 0.999999 0.000803243 -0.000382938 -0.000802936 0.999999 0.000400308 0.000383581 -0.000399692 1 -0.0690911 0.0779948 0.244639
FixedParameters: 0 0 0

#Transform 98
Transform: AffineTransform_float_3_3
Parameters: 1 0.000502017 -2.96372e-05 -0.000501377 0.999999 0.00184186 3.01737e-05 -0.00184114 0.999998 -0.0811229 0.104054 0.328851
FixedParameters: 0 0 0

#Transform 99
Transform: AffineTransform_float_3_3
Parameters: 1 0.000968423 -0.000451996 -0.000967688 0.999999 0.00124444 0.000453484 -0.00124356 0.999999 -0.0621605 0.0681573 0.190334
FixedParameters: 0 0 0

#Transform 100
Transform: AffineTransform_float_3_3
Parameters: 1 0.000968313 -0.000452233 -0.000967799 0.999999 0.00100008 0.000453248 -0.000999921 0.999999 -0.0886301 0.0900122 0.302181
FixedParameters: 0 0 0

#Transform 101
Transform: AffineTransform_float_3_3
Parameters: 0.999999 0.00132508 0.000390094 -0.00132515 0.999999 0.000779332 -0.00038934 -0.00077967 1 -0.0939872 0.0835912 0.281612
FixedParameters: 0 0 0

#Transform 102
Transform: AffineTransform_float_3_3
Parameters: 0.999999 0.00145811 0.000260031 -0.00145734 0.999999 -0.000734532 -0.000261252 0.000734467 1 -0.105641 0.0500823 0.29428
FixedParameters: 0 0 0

#Transform 103
Transform: AffineTransform_float_3_3
Parameters: 0.999999 0.00174845 0.00029776 -0.00174829 0.999998 -0.00116319 -0.000300515 0.00116281 0.999999 -0.10965 0.0235071 0.22024
FixedParameters: 0 0 0

#Transform 104
Transform: AffineTransform_float_3_3
Parameters: 0.999999 0.00176863 0.000559718 -0.00176844 0.999997 -0.0019313 -0.000563535 0.0019307 0.999998 -0.12367 0.0244156 0.241299
FixedParameters: 0 0 0

#Transform 105
Transform: AffineTransform_float_3_3
Parameters: 0.999998 0.00151431 -0.00047878 -0.00151433 0.999999 -1.9787e-05 0.000478718 2.12123e-05 1 -0.111761 0.101208 0.289057
FixedParameters: 0 0 0

#Transform 106
Transform: AffineTransform_float_3_3
Parameters: 0.999999 0.00133931 -0.000676069 -0.00133932 0.999999 -1.04539e-05 0.00067604 1.15455e-05 1 -0.0999654 0.0754629 0.266324
FixedParameters: 0 0 0

#Transform 107
Transform: AffineTransform_float_3_3
Parameters: 0.999998 0.00155282 -0.000387057 -0.00155279 0.999998 0.00154888 0.000389106 -0.00154912 0.999999 -0.104323 0.086008 0.325372
FixedParameters: 0 0 0

#Transform 108
Transform: AffineTransform_float_3_3
Parameters: 0.999999 0.00109004 -0.000569807 -0.00109006 1 0.000330262 0.000569606 -0.000329739 1 -0.0781116 0.0995789 0.252838
FixedParameters: 0 0 0

#Transform 109
Transform: AffineTransform_float_3_3
Parameters: 0.999999 0.00128353 -0.000243849 -0.0012826 0.999999 0.000822801 0.000244648 -0.000822199 0.999999 -0.09069 0.0912064 0.328289
FixedParameters: 0 0 0

#Transform 110
Transform: AffineTransform_float_3_3
Parameters: 0.999998 0.00155287 -0.000388139 -0.00155366 0.999998 -0.000333757 0.000388412 0.000334243 1 -0.0707997 0.0642942 0.193947
FixedParameters: 0 0 0

#Transform 111
Transform: AffineTransform_float_3_3
Parameters: 0.999999 0.00129959 -0.000518986 -0.00130059 0.999997 -0.00209869 0.000516289 0.00209931 0.999997 -0.0657522 0.0190753 0.134758
FixedParameters: 0 0 0

#Transform 112
Transform: AffineTransform_float_3_3
Parameters: 0.999999 0.00141201 -0.000235272 -0.0014118 0.999997 -0.00205018 0.000232244 0.00205082 0.999998 -0.0683918 0.0351061 0.180036
FixedParameters: 0 0 0

#Transform 113
Transform: AffineTransform_float_3_3
Parameters: 0.999999 0.00140224 -1.35889e-05 -0.00140243 0.999997 -0.00201334 1.01748e-05 0.00201266 0.999998 -0.0715997 0.0369279 0.245847
FixedParameters: 0 0 0

#Transform 114
Transform: AffineTransform_float_3_3
Parameters: 0.999999 0.00142355 -0.000491088 -0.00142448 0.999995 -0.00254466 0.000487522 0.00254534 0.999996 -0.0679322 0.0307818 0.168429
FixedParameters: 0 0 0

#Transform 115
Transform: AffineTransform_float_3_3
Parameters: 0.999998 0.00158902 0.000120941 -0.00158829 0.999997 -0.00197371 -0.000124059 0.00197329 0.999998 -0.0826555 0.0344526 0.244051
FixedParameters: 0 0 0

#Transform 116
Transform: AffineTransform_float_3_3
Parameters: 0.999998 0.00196267 0.000128517 -0.001962 0.999997 -0.00160892 -0.00013168 0.00160908 0.999999 -0.0785293 0.0255603 0.163312
FixedParameters: 0 0 0

#Transform 117
Transform: AffineTransform_float_3_3
Parameters: 0.999998 0.00205697 0.000110107 -0.00205729 0.999997 -0.0015799 -0.000113064 0.00158011 0.999999 -0.0866957 0.038161 0.200671
FixedParameters: 0 0 0

#Transform 118
Transform: AffineTransform_float_3_3
Parameters: 0.999999 0.00178147 0.000116787 -0.00178086 0.999997 -0.00151836 -0.000119044 0.00151864 0.999999 -0.100561 0.0314312 0.235467
FixedParameters: 0 0 0

#Transform 119
Transform: AffineTransform_float_3_3
Parameters: 0.999998 0.00180591 -0.00051717 -0.00180717 0.999996 -0.00183943 0.000514594 0.00184057 0.999999 -0.0974578 0.0120304 0.129777
FixedParameters: 0 0 0

#Transform 120
Transform: AffineTransform_float_3_3
Parameters: 0.999998 0.00181838 -0.000441431 -0.00181847 0.999998 -0.000997711 0.000439641 0.000999289 1 -0.103904 0.0532684 0.259555
FixedParameters: 0 0 0

#Transform 121
Transform: AffineTransform_float_3_3
Parameters: 0.999998 0.00195753 -0.000503713 -0.00195891 0.999995 -0.00240289 0.000499293 0.00240411 0.999997 -0.0975226 0.0231806 0.171184
FixedParameters: 0 0 0

#Transform 122
Transform: AffineTransform_float_3_3
Parameters: 0.999998 0.00203906 -0.000313708 -0.00203952 0.999993 -0.00302288 0.00030729 0.00302412 0.999996 -0.108048 0.0343468 0.213287
FixedParameters: 0 0 0

#Transform 123
Transform: AffineTransform_float_3_3
Parameters: 0.999998 0.00203247 -0.00032721 -0.00203322 0.999997 -0.00152421 0.000324164 0.00152479 0.999999 -0.103256 0.101381 0.260238
FixedParameters: 0 0 0

#Transform 124
Transform: AffineTransform_float_3_3
Parameters: 0.999999 0.00153454 -0.00102183 -0.00153436 0.999999 -0.000554999 0.00102066 0.000556 0.999999 -0.0833591 0.0983596 0.257076
FixedParameters: 0 0 0

#Transform 125
Transform: AffineTransform_float_3_3
Parameters: 0.999998 0.00180039 -0.000872114 -0.00180019 0.999998 0.000343852 0.000872428 -0.00034215 0.999999 -0.107265 0.106671 0.292904
FixedParameters: 0 0 0

#Transform 126
Transform: AffineTransform_float_3_3
Parameters: 0.999997 0.00182718 -0.00108036 -0.0018271 0.999998 0.000221255 0.00108024 -0.000218746 0.999999 -0.0866118 0.11008 0.263549
FixedParameters: 0 0 0

#Transform 127
Transform: AffineTransform_float_3_3
Parameters: 0.999999 0.00148426 -0.000294839 -0.00148442 0.999998 0.00171893 0.000297179 -0.00171808 0.999999 -0.106541 0.116041 0.337864
FixedParameters: 0 0 0

#Transform 128
Transform: AffineTransform_float_3_3
Parameters: 0.999999 0.00176481 0.000369482 -0.00176599 0.999997 0.00180569 -0.000365338 -0.00180631 0.999998 -0.133194 0.145094 0.458327
FixedParameters: 0 0 0

#Transform 129
Transform: AffineTransform_float_3_3
Parameters: 0.999998 0.00201357 -0.000198431 -0.00201317 0.999997 0.00160889 0.000201755 -0.00160811 0.999999 -0.109931 0.136618 0.329986
FixedParameters: 0 0 0

#Transform 130
Transform: AffineTransform_float_3_3
Parameters: 0.999996 0.00263599 -0.00113513 -0.00263951 0.999992 -0.00310846 0.001127 0.00311154 0.999995 -0.129307 0.0773805 0.182733
FixedParameters: 0 0 0

#Transform 131
Transform: AffineTransform_float_3_3
Parameters: 0.999996 0.00250525 -0.00145173 -0.00250878 0.999995 -0.00189165 0.00144683 0.00189535 0.999997 -0.167285 0.120065 0.350178
FixedParameters: 0 0 0

#Transform 132
Transform: AffineTransform_float_3_3
Parameters: 0.999996 0.00245965 -0.00178432 -0.00246359 0.999994 -0.00249911 0.00177858 0.00250289 0.999995 -0.141311 0.112584 0.239478
FixedParameters: 0 0 0

#Transform 133
Transform: AffineTransform_float_3_3
Parameters: 0.999995 0.00288269 -0.00146669 -0.00288463 0.999994 -0.00177542 0.00146157 0.00177958 0.999998 -0.161441 0.111189 0.32452
FixedParameters: 0 0 0

#Transform 134
Transform: AffineTransform_float_3_3
Parameters: 0.999994 0.00327499 -0.00148978 -0.00327953 0.99999 -0.0029765 0.00148039 0.0029805 0.999994 -0.166348 0.124413 0.256334
FixedParameters: 0 0 0

#Transform 135
Transform: AffineTransform_float_3_3
Parameters: 0.999994 0.00270543 -0.00184483 -0.0027101 0.999992 -0.00282451 0.00183795 0.00282949 0.999994 -0.13295 0.0813744 0.113377
FixedParameters: 0 0 0

#Transform 136
Transform: AffineTransform_float_3_3
Parameters: 0.999994 0.00265114 -0.00231418 -0.0026563 0.999994 -0.00218621 0.00230914 0.00219279 0.999995 -0.143165 0.0816229 0.172957
FixedParameters: 0 0 0

#Transform 137
Transform: AffineTransform_float_3_3
Parameters: 0.999994 0.002606 -0.00204435 -0.00261459 0.999989 -0.00393102 0.00203369 0.00393598 0.99999 -0.169838 0.120218 0.317461
FixedParameters: 0 0 0

#Transform 138
Transform: AffineTransform_float_3_3
Parameters: 0.999994 0.00283839 -0.001875 -0.00284391 0.999992 -0.00265718 0.00186778 0.00266282 0.999995 -0.147458 0.118051 0.265508
FixedParameters: 0 0 0

#Transform 139
Transform: AffineTransform_float_3_3
Parameters: 0.999995 0.0022821 -0.00184451 -0.00228742 0.999992 -0.00325442 0.00183766 0.00325859 0.999994 -0.138223 0.0693025 0.172435
FixedParameters: 0 0 0

#Transform 140
Transform: AffineTransform_float_3_3
Parameters: 0.999997 0.00212101 -0.00161473 -0.00212718 0.999989 -0.00410836 0.00160622 0.00411165 0.999991 -0.154312 0.112115 0.287044
FixedParameters: 0 0 0

#Transform 141
Transform: AffineTransform_float_3_3
Parameters: 0.999997 0.00248181 -0.000126232 -0.00248306 0.999965 -0.00792774 0.000106174 0.00792826 0.999969 -0.167158 0.114301 0.417587
FixedParameters: 0 0 0

#Transform 142
Transform: AffineTransform_float_3_3
Parameters: 0.999999 0.000448233 0.00138778 -0.000422794 0.999835 -0.0181543 -0.00139619 0.0181538 0.999834 -0.0672154 -0.0567974 -0.345348
FixedParameters: 0 0 0

#Transform 143
Transform: AffineTransform_float_3_3
Parameters: 0.999999 -3.98903e-05 0.00130982 6.63477e-05 0.999803 -0.0198278 -0.00130885 0.0198272 0.999802 -0.0587022 -0.0349274 -0.312993
FixedParameters: 0 0 0

#Transform 144
Transform: AffineTransform_float_3_3
Parameters: 0.999999 0.000431914 0.000870569 -0.000416717 0.999839 -0.0179444 -0.000877845 0.0179436 0.999838 -0.0695426 -0.043209 -0.325226
FixedParameters: 0 0 0

#Transform 145
Transform: AffineTransform_float_3_3
Parameters: 0.999999 0.000732307 0.000736703 -0.000718748 0.999841 -0.0178115 -0.000749464 0.0178105 0.999841 -0.10367 -0.0323835 -0.327767
FixedParameters: 0 0 0

#Transform 146
Transform: AffineTransform_float_3_3
Parameters: 0.999999 0.00105865 0.00111326 -0.00104013 0.999867 -0.016289 -0.00113109 0.016288 0.999867 -0.115606 -0.00168312 -0.206566
FixedParameters: 0 0 0

#Transform 147
Transform: AffineTransform_float_3_3
Parameters: 1 0.000959601 0.000636534 -0.000949614 0.99987 -0.0161488 -0.00065191 0.0161482 0.999869 -0.099802 -0.00843622 -0.235094
FixedParameters: 0 0 0

#Transform 148
Transform: AffineTransform_float_3_3
Parameters: 0.999999 0.00123466 0.000514646 -0.00122582 0.999871 -0.0160024 -0.000534353 0.0160026 0.999872 -0.114578 -0.0151166 -0.230086
FixedParameters: 0 0 0

#Transform 149
Transform: AffineTransform_float_3_3
Parameters: 0.999999 0.00131396 0.000479993 -0.0013063 0.999878 -0.0155318 -0.000500103 0.0155312 0.999879 -0.128278 0.0115006 -0.183318
FixedParameters: 0 0 0

#Transform 150
Transform: AffineTransform_float_3_3
Parameters: 1 0.00115655 3.5423e-05 -0.00115625 0.999876 -0.0157546 -5.40083e-05 0.0157544 0.999876 -0.116093 -0.0115048 -0.272158
FixedParameters: 0 0 0

#Transform 151
Transform: AffineTransform_float_3_3
Parameters: 0.999999 0.00145929 -0.000187048 -0.00146168 0.999878 -0.0155591 0.000164193 0.0155589 0.999879 -0.120613 -0.00525554 -0.237844
FixedParameters: 0 0 0

#Transform 152
Transform: AffineTransform_float_3_3
Parameters: 1 0.00107108 0.000225684 -0.00106799 0.999881 -0.0154013 -0.000242756 0.0154008 0.999882 -0.115152 -0.00484579 -0.261021
FixedParameters: 0 0 0

#Transform 153
Transform: AffineTransform_float_3_3
Parameters: 0.999999 0.000913334 -0.000192432 -0.000916404 0.999878 -0.0155998 0.000177945 0.0156002 0.999879 -0.0796042 -0.0371299 -0.323555
FixedParameters: 0 0 0

#Transform 154
Transform: AffineTransform_float_3_3
Parameters: 1 0.000371 0.000407643 -0.000367532 0.999949 -0.0100291 -0.000410865 0.0100288 0.999949 -0.0204179 -0.0337904 -0.352941
FixedParameters: 0 0 0

#Transform 155
Transform: AffineTransform_float_3_3
Parameters: 1 -9.63007e-05 -0.000210007 9.34147e-05 0.999937 -0.011218 0.000211354 0.011218 0.999937 0.00242077 -0.0558616 -0.357145
FixedParameters: 0 0 0

#Transform 156
Transform: AffineTransform_float_3_3
Parameters: 1 0.000225531 0.000247133 -0.000222093 0.999918 -0.0127627 -0.000249442 0.0127633 0.999919 -0.0134085 -0.0513239 -0.401397
FixedParameters: 0 0 0

#Transform 157
Transform: AffineTransform_float_3_3
Parameters: 1 0.000226556 -0.000185153 -0.000229178 0.999904 -0.0139 0.00018211 0.0139001 0.999904 0.00516821 -0.112406 -0.729604
FixedParameters: 0 0 0

#Transform 158
Transform: AffineTransform_float_3_3
Parameters: 1 3.4989e-05 -0.000186746 -3.70789e-05 0.999933 -0.011592 0.00018605 0.011592 0.999933 0.00835871 -0.0727182 -0.559444
FixedParameters: 0 0 0

#Transform 159
Transform: AffineTransform_float_3_3
Parameters: 0.999999 0.000452675 0.000750623 -0.000438133 0.999822 -0.0188663 -0.000759338 0.0188657 0.999821 -0.0277455 -0.120386 -0.644598
FixedParameters: 0 0 0

#Transform 160
Transform: AffineTransform_float_3_3
Parameters: 1 0.000117443 0.00100138 -9.50249e-05 0.999744 -0.0226377 -0.00100403 0.0226383 0.999743 -0.0311813 -0.133783 -0.706512
FixedParameters: 0 0 0

#Transform 161
Transform: AffineTransform_float_3_3
Parameters: 0.999999 0.000557816 0.000851346 -0.000541196 0.999805 -0.0197541 -0.000862482 0.0197539 0.999805 -0.0385016 -0.0972024 -0.739451
FixedParameters: 0 0 0

#Transform 162
Transform: AffineTransform_float_3_3
Parameters: 1 0.000299601 -7.20165e-05 -0.000300957 0.999851 -0.017229 6.6662e-05 0.017229 0.999851 0.00349173 -0.110124 -0.813982
FixedParameters: 0 0 0

#Transform 163
Transform: AffineTransform_float_3_3
Parameters: 1 0.000396009 -0.000265784 -0.000400615 0.999819 -0.0190149 0.000258137 0.0190151 0.999819 0.00240217 -0.110336 -0.828203
FixedParameters: 0 0 0

#Transform 164
Transform: AffineTransform_float_3_3
Parameters: 1 0.000655226 0.000217243 -0.000652905 0.999907 -0.0136072 -0.000225865 0.0136069 0.999908 -0.00317724 -0.0736676 -0.836333
FixedParameters: 0 0 0

#Transform 165
Transform: AffineTransform_float_3_3
Parameters: 0.999999 0.000985651 -0.000219574 -0.00098794 0.999938 -0.0110823 0.000208608 0.0110827 0.999938 0.0632546 -0.0817464 -0.948409
FixedParameters: 0 0 0

#Transform 166
Transform: AffineTransform_float_3_3
Parameters: 0.999998 -0.000354599 0.00202662 0.000370462 0.999968 -0.00796575 -0.00202366 0.00796724 0.999966 -0.0166878 0.0522578 -0.250015
FixedParameters: 0 0 0

#Transform 167
Transform: AffineTransform_float_3_3
Parameters: 0.999998 0.000339829 0.00207072 -0.000328217 0.999984 -0.00575182 -0.00207263 0.00575118 0.999982 -0.0202048 0.0614764 -0.190216
FixedParameters: 0 0 0

#Transform 168
Transform: AffineTransform_float_3_3
Parameters: 0.999999 0.000766699 0.000429575 -0.000764374 0.999984 -0.00559948 -0.000433824 0.00559952 0.999984 0.00632779 0.0175448 -0.39599
FixedParameters: 0 0 0

#Transform 169
Transform: AffineTransform_float_3_3
Parameters: 0.999999 0.000939731 0.000354113 -0.000937053 0.999977 -0.00670334 -0.000361448 0.00670267 0.999978 0.0036477 0.0478828 -0.432815
FixedParameters: 0 0 0

#Transform 170
Transform: AffineTransform_float_3_3
Parameters: 0.999999 0.000840563 0.000124278 -0.000839551 0.999975 -0.00714126 -0.000130502 0.00714174 0.999975 0.00415856 0.0352608 -0.46993
FixedParameters: 0 0 0

#Transform 171
Transform: AffineTransform_float_3_3
Parameters: 1 0.000992281 0.000473188 -0.000987943 0.999968 -0.00787762 -0.00048092 0.00787737 0.999968 -0.0120429 0.0324877 -0.454193
FixedParameters: 0 0 0

#Transform 172
Transform: AffineTransform_float_3_3
Parameters: 0.999999 0.000770254 0.00104387 -0.000762594 0.999973 -0.00724344 -0.00104962 0.00724255 0.999973 -0.0139032 0.0282617 -0.41541
FixedParameters: 0 0 0

#Transform 173
Transform: AffineTransform_float_3_3
Parameters: 0.999999 0.000713614 0.00122534 -0.000704408 0.999974 -0.00718067 -0.00122977 0.00718034 0.999973 -0.0134126 -0.00100481 -0.427562
FixedParameters: 0 0 0

#Transform 174
Transform: AffineTransform_float_3_3
Parameters: 0.999999 -0.000108379 0.00144437 0.000121693 0.999957 -0.00924833 -0.00144307 0.00924868 0.999957 0.0165638 0.0179052 -0.494154
FixedParameters: 0 0 0

#Transform 175
Transform: AffineTransform_float_3_3
Parameters: 1 0.000259461 0.00107034 -0.000249157 0.999961 -0.00885791 -0.00107225 0.00885809 0.99996 0.0254677 -0.0342567 -0.621707
FixedParameters: 0 0 0

#Transform 176
Transform: AffineTransform_float_3_3
Parameters: 0.999999 0.000445583 0.000567261 -0.000440069 0.999957 -0.00934226 -0.00057227 0.00934175 0.999956 0.0329765 -0.0725074 -0.757309
FixedParameters: 0 0 0

#Transform 177
Transform: AffineTransform_float_3_3
Parameters: 0.999999 0.000620207 0.000490849 -0.000615376 0.999947 -0.0102163 -0.000497975 0.0102157 0.999947 0.0288495 -0.0554509 -0.739576
FixedParameters: 0 0 0

#Transform 178
Transform: AffineTransform_float_3_3
Parameters: 0.999999 0.000105738 0.000715363 -9.80755e-05 0.999953 -0.00975208 -0.000716847 0.00975193 0.999952 0.0323013 -0.0388499 -0.716452
FixedParameters: 0 0 0

#Transform 179
Transform: AffineTransform_float_3_3
Parameters: 1 3.21339e-05 0.00116555 -1.9803e-05 0.999947 -0.0103037 -0.00116547 0.0103043 0.999946 0.0486219 -0.0389464 -0.66634
FixedParameters: 0 0 0
