#Insight Transform File V1.0
#Transform 0
Transform: AffineTransform_float_3_3
Parameters: 1 -0.000173777 2.06495e-05 0.000174724 1 -0.000640996 -2.08168e-05 0.000641003 1 0.0793463 0.126618 0.582594
FixedParameters: 0 0 0

#Transform 1
Transform: AffineTransform_float_3_3
Parameters: 1 0.000224364 -0.000526321 -0.000223891 1 0.000450118 0.000526522 -0.000449882 1 -0.0116035 0.0751676 -0.0877475
FixedParameters: 0 0 0

#Transform 2
Transform: AffineTransform_float_3_3
Parameters: 0.999999 6.06353e-05 -0.000912993 -5.94045e-05 1 0.000674414 0.000913074 -0.000673585 1 0.0076574 0.111376 -0.122169
FixedParameters: 0 0 0

#Transform 3
Transform: AffineTransform_float_3_3
Parameters: 1 0.000365379 0.000523721 -0.000365128 1 -0.00111819 -0.000524147 0.00111781 0.999999 -0.0274163 0.0971867 -0.175784
FixedParameters: 0 0 0

#Transform 4
Transform: AffineTransform_float_3_3
Parameters: 1 0.000122568 -0.000356204 -0.000122557 1 1.50437e-05 0.000356207 -1.49564e-05 1 -0.00544437 0.108811 -0.153993
FixedParameters: 0 0 0

#Transform 5
Transform: AffineTransform_float_3_3
Parameters: 1 0.000128595 -0.000308772 -0.000128544 1 8.30397e-05 0.000308794 -8.29603e-05 1 -0.0191023 0.12265 -0.151998
FixedParameters: 0 0 0

#Transform 6
Transform: AffineTransform_float_3_3
Parameters: 1 0.000360797 -0.000204398 -0.00036097 1 -0.000423926 0.000204092 0.000424073 1 -0.0316158 0.10218 -0.175041
FixedParameters: 0 0 0

#Transform 7
Transform: AffineTransform_float_3_3
Parameters: 1 0.000341319 -0.000201629 -0.000341172 1 -0.000602931 0.000202138 0.000603069 1 -0.0412257 0.103035 -0.201681
FixedParameters: 0 0 0

#Transform 8
Transform: AffineTransform_float_3_3
Parameters: 1 1.48768e-05 -0.000450732 -1.52969e-05 1 -0.000465993 0.000450718 0.000466007 1 -0.0529986 0.11948 -0.155993
FixedParameters: 0 0 0

#Transform 9
Transform: AffineTransform_float_3_3
Parameters: 1 0.000255552 -8.89798e-05 -0.000255587 1 -0.000200977 8.8877e-05 0.000201023 1 -0.0444846 0.129049 -0.171184
FixedParameters: 0 0 0

#Transform 10
Transform: AffineTransform_float_3_3
Parameters: 1 0.000148378 -0.000341204 -0.00014864 1 -0.000384949 0.000341089 0.000385051 1 -0.0476659 0.133012 -0.157653
FixedParameters: 0 0 0

#Transform 11
Transform: AffineTransform_float_3_3
Parameters: 1 0.000255554 -8.89718e-05 -0.000255585 1 -0.000169977 8.88849e-05 0.000170023 1 -0.0505773 0.13237 -0.153535
FixedParameters: 0 0 0

#Transform 12
Transform: AffineTransform_float_3_3
Parameters: 1 -0.000240855 -0.00035727 0.000240666 1 -0.000265086 0.000357397 0.000264914 1 -0.0509394 0.125292 -0.171578
FixedParameters: 0 0 0

#Transform 13
Transform: AffineTransform_float_3_3
Parameters: 1 -0.000274284 -0.000259394 0.000274094 1 -0.000367071 0.000259595 0.000366929 1 -0.0605537 0.135753 -0.146248
FixedParameters: 0 0 0

#Transform 14
Transform: AffineTransform_float_3_3
Parameters: 1 -9.48301e-05 -0.000460627 9.421e-05 1 -0.000673043 0.000460754 0.000672956 0.999999 -0.06129 0.146616 -0.161367
FixedParameters: 0 0 0

#Transform 15
Transform: AffineTransform_float_3_3
Parameters: 1 8.44615e-05 -0.000509599 -8.47805e-05 1 -0.000312957 0.000509546 0.000313043 1 -0.0726574 0.137614 -0.18544
FixedParameters: 0 0 0

#Transform 16
Transform: AffineTransform_float_3_3
Parameters: 1 -0.000150153 -0.000591364 0.000149855 1 -0.000252089 0.00059144 0.000251911 1 -0.0562168 0.136932 -0.185491
FixedParameters: 0 0 0

#Transform 17
Transform: AffineTransform_float_3_3
Parameters: 0.999999 -0.000179616 -0.000692992 0.000179433 0.999999 -0.000795765 0.000692887 0.000796236 1 -0.0671718 0.142773 -0.181739
FixedParameters: 0 0 0

#Transform 18
Transform: AffineTransform_float_3_3
Parameters: 0.999999 6.72054e-05 -0.000795643 -6.68584e-05 1 -0.000360794 0.000795204 0.000360206 1 -0.0516616 0.135347 -0.196915
FixedParameters: 0 0 0

#Transform 19
Transform: AffineTransform_float_3_3
Parameters: 0.999999 -0.000109639 -0.000835702 0.00010884 1 -0.000478091 0.000835807 0.000477908 0.999999 -0.0819919 0.139886 -0.157393
FixedParameters: 0 0 0

#Transform 20
Transform: AffineTransform_float_3_3
Parameters: 0.999999 8.16039e-05 -0.000917083 -8.19257e-05 0.999999 -0.000677413 0.000916581 0.000677587 1 -0.0722255 0.134304 -0.165185
FixedParameters: 0 0 0

#Transform 21
Transform: AffineTransform_float_3_3
Parameters: 0.999999 -8.5754e-05 -0.000845868 8.57797e-05 1 -0.000529072 0.000845568 0.000528927 0.999999 -0.0915452 0.136289 -0.170845
FixedParameters: 0 0 0

#Transform 22
Transform: AffineTransform_float_3_3
Parameters: 1 0.000211961 -0.000972132 -0.000212072 1 -5.67938e-05 0.000972108 5.7206e-05 0.999999 -0.0658972 0.13357 -0.179923
FixedParameters: 0 0 0

#Transform 23
Transform: AffineTransform_float_3_3
Parameters: 0.999999 4.69907e-05 -0.000902192 -4.75013e-05 1 -0.000282957 0.000902165 0.000283042 0.999999 -0.0855133 0.134925 -0.185317
FixedParameters: 0 0 0

#Transform 24
Transform: AffineTransform_float_3_3
Parameters: 0.999998 6.77074e-05 -0.00163931 -6.89259e-05 1 -0.000771735 0.00163974 0.000771265 0.999998 -0.096854 0.132076 -0.192361
FixedParameters: 0 0 0

#Transform 25
Transform: AffineTransform_float_3_3
Parameters: 0.999999 -2.26279e-05 -0.000971482 2.21111e-05 1 -0.000265662 0.000971494 0.000266338 1 -0.0958732 0.148279 -0.197708
FixedParameters: 0 0 0

#Transform 26
Transform: AffineTransform_float_3_3
Parameters: 0.999999 0.000262962 -0.00152021 -0.000264268 1 -0.000732447 0.00151943 0.000732553 0.999999 -0.0963084 0.140526 -0.186779
FixedParameters: 0 0 0

#Transform 27
Transform: AffineTransform_float_3_3
Parameters: 0.999999 0.000298574 -0.00146101 -0.000297972 1 -0.000242052 0.0014614 0.000242949 0.999999 -0.116207 0.15087 -0.189752
FixedParameters: 0 0 0

#Transform 28
Transform: AffineTransform_float_3_3
Parameters: 0.999998 0.000387395 -0.00163789 -0.000387508 1 -0.000315213 0.00163725 0.000315787 0.999999 -0.103015 0.144488 -0.212001
FixedParameters: 0 0 0

#Transform 29
Transform: AffineTransform_float_3_3
Parameters: 0.999999 0.000423999 -0.000856725 -0.000423881 1 6.93633e-05 0.000856783 -6.86368e-05 0.999999 -0.110111 0.151175 -0.202759
FixedParameters: 0 0 0

#Transform 30
Transform: AffineTransform_float_3_3
Parameters: 1 0.000225711 -0.000159119 -0.000226037 1 -0.00102596 0.000158655 0.00102604 1 -0.116953 0.146729 -0.255043
FixedParameters: 0 0 0

#Transform 31
Transform: AffineTransform_float_3_3
Parameters: 0.999999 0.00048754 -0.000793716 -0.000487796 0.999999 -0.00016146 0.000793559 0.000161539 1 -0.118246 0.172673 -0.196842
FixedParameters: 0 0 0

#Transform 32
Transform: AffineTransform_float_3_3
Parameters: 0.999999 0.000848116 -0.00124275 -0.000847272 1 0.000339846 0.00124332 -0.000339153 0.999999 -0.125578 0.174985 -0.193134
FixedParameters: 0 0 0

#Transform 33
Transform: AffineTransform_float_3_3
Parameters: 0.999999 0.000495585 -0.000769849 -0.000495605 1 -1.26183e-05 0.000769836 1.33814e-05 0.999999 -0.146928 0.172588 -0.182551
FixedParameters: 0 0 0

#Transform 34
Transform: AffineTransform_float_3_3
Parameters: 0.999999 0.000432171 -0.00126448 -0.000432452 1 -0.000110093 0.00126439 0.000111906 0.999999 -0.142455 0.157535 -0.228234
FixedParameters: 0 0 0

#Transform 35
Transform: AffineTransform_float_3_3
Parameters: 0.999999 0.000592552 -0.00120197 -0.000592294 1 0.000107505 0.0012021 -0.000107495 0.999999 -0.151532 0.166078 -0.208972
FixedParameters: 0 0 0

#Transform 36
Transform: AffineTransform_float_3_3
Parameters: 1 0.000239128 -0.00105195 -0.00023969 1 0.000170405 0.00105243 -0.000170596 0.999999 -0.158516 0.187125 -0.213744
FixedParameters: 0 0 0

#Transform 37
Transform: AffineTransform_float_3_3
Parameters: 0.999999 0.000522928 -0.00117293 -0.000523451 0.999999 -0.000389233 0.00117345 0.000389766 0.999999 -0.165578 0.193798 -0.228498
FixedParameters: 0 0 0

#Transform 38
Transform: AffineTransform_float_3_3
Parameters: 0.999997 0.000601753 -0.00205709 -0.000601361 1 0.000414543 0.00205706 -0.000413458 0.999997 -0.157357 0.210204 -0.174642
FixedParameters: 0 0 0

#Transform 39
Transform: AffineTransform_float_3_3
Parameters: 0.999999 0.000578191 -0.00174784 -0.000577481 1 0.000842163 0.00174867 -0.000840838 0.999998 -0.178589 0.224086 -0.168302
FixedParameters: 0 0 0

#Transform 40
Transform: AffineTransform_float_3_3
Parameters: 0.999999 0.000362841 -0.00180338 -0.000362788 1 -0.000240193 0.00180282 0.000240807 0.999998 -0.177822 0.165131 -0.226245
FixedParameters: 0 0 0

#Transform 41
Transform: AffineTransform_float_3_3
Parameters: 0.999999 0.00048146 -0.00142682 -0.000482243 0.999999 -0.0002738 0.00142656 0.000275199 0.999999 -0.188621 0.181657 -0.208206
FixedParameters: 0 0 0

#Transform 42
Transform: AffineTransform_float_3_3
Parameters: 0.999998 0.000524711 -0.00162144 -0.000523722 1 0.000426003 0.00162097 -0.000424998 0.999999 -0.188964 0.214535 -0.2067
FixedParameters: 0 0 0

#Transform 43
Transform: AffineTransform_float_3_3
Parameters: 0.999998 0.000560192 -0.00226372 -0.000559793 1 8.89327e-05 0.00226381 -8.70673e-05 0.999997 -0.180713 0.201551 -0.180757
FixedParameters: 0 0 0

#Transform 44
Transform: AffineTransform_float_3_3
Parameters: 0.999998 0.000497255 -0.00198858 -0.000496999 1 -0.000166706 0.00198802 0.000167294 0.999998 -0.195491 0.194476 -0.189093
FixedParameters: 0 0 0

#Transform 45
Transform: AffineTransform_float_3_3
Parameters: 0.999998 0.00037567 -0.00222912 -0.000376152 1 -0.000107497 0.00222904 0.000108503 0.999998 -0.186605 0.197192 -0.202813
FixedParameters: 0 0 0

#Transform 46
Transform: AffineTransform_float_3_3
Parameters: 0.999998 0.000231679 -0.00226538 -0.000230732 1 0.000209188 0.00226548 -0.000208811 0.999997 -0.190446 0.223925 -0.208909
FixedParameters: 0 0 0

#Transform 47
Transform: AffineTransform_float_3_3
Parameters: 0.999997 0.00125622 -0.00212861 -0.00125443 0.999999 0.000730771 0.00212991 -0.000728228 0.999997 -0.273639 0.256555 -0.095833
FixedParameters: 0 0 0

#Transform 48
Transform: AffineTransform_float_3_3
Parameters: 0.999999 0.000686217 -0.00169494 -0.0006864 1 -5.35312e-05 0.00169486 5.44683e-05 0.999999 -0.242702 0.225158 -0.136479
FixedParameters: 0 0 0

#Transform 49
Transform: AffineTransform_float_3_3
Parameters: 0.999999 0.000686924 -0.00169465 -0.000686612 1 0.000364317 0.00169554 -0.000362683 0.999998 -0.232712 0.225896 -0.139495
FixedParameters: 0 0 0

#Transform 50
Transform: AffineTransform_float_3_3
Parameters: 0.999997 0.00114854 -0.00224768 -0.00114706 0.999999 0.000916039 0.00224872 -0.000912962 0.999997 -0.230714 0.21227 -0.173251
FixedParameters: 0 0 0

#Transform 51
Transform: AffineTransform_float_3_3
Parameters: 0.999998 0.00086337 -0.00212746 -0.000862049 0.999999 0.000619293 0.002128 -0.000617706 0.999997 -0.246192 0.224279 -0.164938
FixedParameters: 0 0 0

#Transform 52
Transform: AffineTransform_float_3_3
Parameters: 0.999998 0.000558081 -0.00199847 -0.000557965 1 0.000357421 0.00199833 -0.00035658 0.999998 -0.254359 0.23127 -0.169372
FixedParameters: 0 0 0

#Transform 53
Transform: AffineTransform_float_3_3
Parameters: 0.999998 0.00092209 -0.00215252 -0.000921156 1 0.000522083 0.00215296 -0.000520918 0.999997 -0.239631 0.224726 -0.169809
FixedParameters: 0 0 0

#Transform 54
Transform: AffineTransform_float_3_3
Parameters: 0.999997 0.00068808 -0.0021099 -0.000687414 0.999999 0.000468909 0.00211001 -0.000468091 0.999997 -0.265898 0.23036 -0.151433
FixedParameters: 0 0 0

#Transform 55
Transform: AffineTransform_float_3_3
Parameters: 0.999997 0.00083724 -0.00219292 -0.00083847 0.999999 -0.000279704 0.00219245 0.000281294 0.999997 -0.256737 0.226644 -0.185569
FixedParameters: 0 0 0

#Transform 56
Transform: AffineTransform_float_3_3
Parameters: 0.999998 0.000630662 -0.00182802 -0.000629955 1 0.000552458 0.00182819 -0.000551543 0.999998 -0.270251 0.24053 -0.157997
FixedParameters: 0 0 0

#Transform 57
Transform: AffineTransform_float_3_3
Parameters: 0.999997 0.000527748 -0.00206942 -0.000527204 1 0.000226397 0.00206874 -0.000225604 0.999997 -0.250419 0.233649 -0.173981
FixedParameters: 0 0 0

#Transform 58
Transform: AffineTransform_float_3_3
Parameters: 0.999998 0.000663463 -0.0017499 -0.000663577 1 0.000342467 0.00174983 -0.000341535 0.999999 -0.276821 0.242568 -0.140615
FixedParameters: 0 0 0

#Transform 59
Transform: AffineTransform_float_3_3
Parameters: 0.999999 0.000678033 -0.00171502 -0.000677392 1 0.000187468 0.00171528 -0.000186532 0.999999 -0.268678 0.253681 -0.187795
FixedParameters: 0 0 0

#Transform 60
Transform: AffineTransform_float_3_3
Parameters: 0.999997 0.0008924 -0.00228123 -0.000892909 1 -0.000110505 0.00228103 0.000112494 0.999998 -0.241067 0.236609 -0.185704
FixedParameters: 0 0 0

#Transform 61
Transform: AffineTransform_float_3_3
Parameters: 0.999997 0.000226128 -0.00242704 -0.000225981 1 0.000220214 0.00242753 -0.000219787 0.999997 -0.177111 0.215576 -0.135515
FixedParameters: 0 0 0

#Transform 62
Transform: AffineTransform_float_3_3
Parameters: 0.999997 0.000713459 -0.00260304 -0.000712333 0.999999 0.000393826 0.00260399 -0.000392173 0.999996 -0.29505 0.245822 -0.207132
FixedParameters: 0 0 0

#Transform 63
Transform: AffineTransform_float_3_3
Parameters: 0.999998 0.000825761 -0.00208012 -0.000826059 0.999999 -7.08236e-05 0.00208001 7.21755e-05 0.999998 -0.339674 0.25124 -0.241045
FixedParameters: 0 0 0

#Transform 64
Transform: AffineTransform_float_3_3
Parameters: 0.999999 0.000937704 -0.00153998 -0.000938057 1 -0.000113403 0.00153977 0.000115596 0.999999 -0.335437 0.249352 -0.230444
FixedParameters: 0 0 0

#Transform 65
Transform: AffineTransform_float_3_3
Parameters: 0.999998 0.000987926 -0.00142137 -0.000987332 0.999999 -0.000251804 0.00142141 0.000253197 0.999998 -0.351673 0.235761 -0.285795
FixedParameters: 0 0 0

#Transform 66
Transform: AffineTransform_float_3_3
Parameters: 0.999999 0.00124605 -0.00132909 -0.00124684 0.999999 -0.000936552 0.0013282 0.00093845 0.999999 -0.35865 0.230413 -0.323898
FixedParameters: 0 0 0

#Transform 67
Transform: AffineTransform_float_3_3
Parameters: 0.999997 0.00144633 -0.00200832 -0.00144756 0.999999 -0.000729356 0.00200766 0.000731645 0.999998 -0.355318 0.211232 -0.319509
FixedParameters: 0 0 0

#Transform 68
Transform: AffineTransform_float_3_3
Parameters: 0.999998 0.00106179 -0.00124862 -0.00106091 0.999999 0.000350118 0.00124936 -0.000348881 0.999999 -0.34041 0.25229 -0.152009
FixedParameters: 0 0 0

#Transform 69
Transform: AffineTransform_float_3_3
Parameters: 0.999997 0.00180034 -0.00156151 -0.00179925 0.999999 0.000474885 0.00156229 -0.000472115 0.999998 -0.363958 0.245012 -0.246146
FixedParameters: 0 0 0

#Transform 70
Transform: AffineTransform_float_3_3
Parameters: 0.999998 0.00157352 -0.00163563 -0.00157331 0.999999 0.000586368 0.00163602 -0.000582635 0.999998 -0.390708 0.260929 -0.226402
FixedParameters: 0 0 0

#Transform 71
Transform: AffineTransform_float_3_3
Parameters: 0.999997 0.00147335 -0.00202133 -0.00147328 0.999999 2.00767e-05 0.00202139 -1.69239e-05 0.999998 -0.391693 0.257851 -0.238842
FixedParameters: 0 0 0

#Transform 72
Transform: AffineTransform_float_3_3
Parameters: 0.999998 0.00141808 -0.00139971 -0.0014171 0.999999 0.000351418 0.0014007 -0.000349581 0.999999 -0.398481 0.267446 -0.195117
FixedParameters: 0 0 0

#Transform 73
Transform: AffineTransform_float_3_3
Parameters: 0.999998 0.00134658 -0.00190021 -0.00134657 0.999999 2.65746e-06 0.00190021 -3.43215e-07 0.999999 -0.393706 0.267056 -0.173699
FixedParameters: 0 0 0

#Transform 74
Transform: AffineTransform_float_3_3
Parameters: 0.999998 0.0015273 -0.00144652 -0.00152696 0.999999 0.000119643 0.00144688 -0.000117357 0.999999 -0.387836 0.273601 -0.209531
FixedParameters: 0 0 0

#Transform 75
Transform: AffineTransform_float_3_3
Parameters: 0.999999 0.00117112 -0.00129528 -0.00117066 0.999999 0.00017831 0.0012957 -0.00017669 0.999999 -0.40097 0.256326 -0.182215
FixedParameters: 0 0 0

#Transform 76
Transform: AffineTransform_float_3_3
Parameters: 0.999997 0.00131473 -0.00201506 -0.00131343 0.999999 0.000419594 0.00201524 -0.000416406 0.999998 -0.41177 0.263767 -0.203787
FixedParameters: 0 0 0

#Transform 77
Transform: AffineTransform_float_3_3
Parameters: 0.999997 0.00117379 -0.00209577 -0.00117314 0.999999 0.000249558 0.00209543 -0.000247443 0.999998 -0.427626 0.261761 -0.186118
FixedParameters: 0 0 0

#Transform 78
Transform: AffineTransform_float_3_3
Parameters: 0.999998 0.000845979 -0.00175403 -0.000847172 0.999999 -0.00071321 0.00175335 0.000714789 0.999998 -0.43491 0.230653 -0.247942
FixedParameters: 0 0 0

#Transform 79
Transform: AffineTransform_float_3_3
Parameters: 0.999997 0.00103199 -0.00186955 -0.00103355 0.999999 -0.000415763 0.00186869 0.000418234 0.999998 -0.439318 0.244947 -0.194636
FixedParameters: 0 0 0

#Transform 80
Transform: AffineTransform_float_3_3
Parameters: 0.999998 0.00144294 -0.00141157 -0.00144339 0.999999 -0.000296529 0.00141164 0.00029847 0.999999 -0.440693 0.244944 -0.241016
FixedParameters: 0 0 0

#Transform 81
Transform: AffineTransform_float_3_3
Parameters: 0.999998 0.00152968 -0.00144674 -0.00152865 0.999999 0.000491159 0.00144731 -0.000488842 1 -0.461739 0.272557 -0.212785
FixedParameters: 0 0 0

#Transform 82
Transform: AffineTransform_float_3_3
Parameters: 0.999996 0.00151695 -0.00207466 -0.00151697 0.999998 -4.75409e-06 0.00207464 8.2451e-06 0.999998 -0.452415 0.257687 -0.266108
FixedParameters: 0 0 0

#Transform 83
Transform: AffineTransform_float_3_3
Parameters: 0.999997 0.00151406 -0.00159004 -0.00151414 0.999999 -2.20061e-05 0.00158997 2.3993e-05 0.999998 -0.452115 0.267872 -0.239639
FixedParameters: 0 0 0

#Transform 84
Transform: AffineTransform_float_3_3
Parameters: 0.999997 0.00134302 -0.00194306 -0.00134333 0.999999 -0.000415292 0.00194247 0.000417708 0.999998 -0.452582 0.261847 -0.19918
FixedParameters: 0 0 0

#Transform 85
Transform: AffineTransform_float_3_3
Parameters: 0.999997 0.00152574 -0.00183685 -0.00152518 0.999999 0.000153748 0.00183732 -0.000150252 0.999998 -0.444115 0.290969 -0.216641
FixedParameters: 0 0 0

#Transform 86
Transform: AffineTransform_float_3_3
Parameters: 0.999998 0.00116283 -0.00173088 -0.00116202 0.999999 0.000613959 0.00173178 -0.000612042 0.999998 -0.450099 0.293814 -0.180325
FixedParameters: 0 0 0

#Transform 87
Transform: AffineTransform_float_3_3
Parameters: 0.999998 0.00138999 -0.00188091 -0.00138995 0.999999 0.000361561 0.00188138 -0.000358441 0.999998 -0.469717 0.278881 -0.194426
FixedParameters: 0 0 0

#Transform 88
Transform: AffineTransform_float_3_3
Parameters: 0.999997 0.00132115 -0.00166223 -0.00132045 0.999999 0.000606142 0.0016633 -0.000603859 0.999999 -0.459201 0.29087 -0.181019
FixedParameters: 0 0 0

#Transform 89
Transform: AffineTransform_float_3_3
Parameters: 0.999998 0.000844537 -0.00175985 -0.000844454 1 2.46391e-05 0.00175989 -2.23613e-05 0.999998 -0.430342 0.302118 -0.170837
FixedParameters: 0 0 0

#Transform 90
Transform: AffineTransform_float_3_3
Parameters: 0.999997 0.00125423 -0.00180221 -0.00125336 0.999999 0.000606359 0.0018032 -0.000604642 0.999999 -0.459834 0.306479 -0.196715
FixedParameters: 0 0 0

#Transform 91
Transform: AffineTransform_float_3_3
Parameters: 0.999997 0.00125647 -0.00181734 -0.00125569 0.999999 0.00057523 0.00181825 -0.000572772 0.999998 -0.466883 0.298945 -0.185776
FixedParameters: 0 0 0

#Transform 92
Transform: AffineTransform_float_3_3
Parameters: 0.999997 0.00144192 -0.00188721 -0.00144101 0.999998 0.00059082 0.00188838 -0.000588181 0.999998 -0.470674 0.295027 -0.190816
FixedParameters: 0 0 0

#Transform 93
Transform: AffineTransform_float_3_3
Parameters: 0.999998 0.00116052 -0.00199663 -0.00115974 0.999999 0.000294415 0.00199639 -0.000292586 0.999998 -0.467635 0.28744 -0.17723
FixedParameters: 0 0 0

#Transform 94
Transform: AffineTransform_float_3_3
Parameters: 0.999998 0.00102575 -0.00168958 -0.00102503 0.999999 0.000330038 0.00168933 -0.000327963 0.999999 -0.478071 0.296814 -0.157607
FixedParameters: 0 0 0

#Transform 95
Transform: AffineTransform_float_3_3
Parameters: 0.999998 0.00123043 -0.00155032 -0.00123051 0.999999 0.000396855 0.00155077 -0.000395148 0.999999 -0.479767 0.296817 -0.156836
FixedParameters: 0 0 0

#Transform 96
Transform: AffineTransform_float_3_3
Parameters: 0.999999 0.000956515 -0.00120437 -0.000956314 1 8.39451e-05 0.00120453 -8.30552e-05 0.999999 -0.469168 0.29397 -0.163095
FixedParameters: 0 0 0

#Transform 97
Transform: AffineTransform_float_3_3
Parameters: 0.999999 0.000879109 -0.00154531 -0.000879039 1 2.35113e-05 0.00154535 -2.14891e-05 0.999999 -0.447261 0.299934 -0.148048
FixedParameters: 0 0 0

#Transform 98
Transform: AffineTransform_float_3_3
Parameters: 0.999998 0.000814314 -0.00216484 -0.000814067 0.999999 0.000270221 0.00216567 -0.000268779 0.999997 -0.452698 0.303918 -0.221942
FixedParameters: 0 0 0

#Transform 99
Transform: AffineTransform_float_3_3
Parameters: 0.999997 0.00100328 -0.00198548 -0.0010028 0.999999 0.000220297 0.00198499 -0.000217704 0.999998 -0.48699 0.315871 -0.183082
FixedParameters: 0 0 0

#Transform 100
Transform: AffineTransform_float_3_3
Parameters: 0.999997 0.00117787 -0.00180498 -0.00117638 1 0.00041407 0.00180595 -0.000411929 0.999998 -0.48865 0.314911 -0.186564
FixedParameters: 0 0 0

#Transform 101
Transform: AffineTransform_float_3_3
Parameters: 0.999997 0.000757911 -0.00235005 -0.000758168 0.999999 -5.34005e-05 0.00234996 5.55987e-05 0.999997 -0.494044 0.300419 -0.217075
FixedParameters: 0 0 0

#Transform 102
Transform: AffineTransform_float_3_3
Parameters: 0.999998 0.000852563 -0.00171845 -0.0008519 1 0.00019377 0.00171878 -0.00019223 0.999999 -0.462385 0.305641 -0.162031
FixedParameters: 0 0 0

#Transform 103
Transform: AffineTransform_float_3_3
Parameters: 0.999997 0.000786743 -0.00201581 -0.000787158 1 -0.000102108 0.00201564 0.000103891 0.999998 -0.465196 0.302775 -0.184984
FixedParameters: 0 0 0

#Transform 104
Transform: AffineTransform_float_3_3
Parameters: 0.999998 0.000731911 -0.00183891 -0.000732567 0.999999 -0.000534348 0.00183866 0.000535652 0.999998 -0.460128 0.318277 -0.181493
FixedParameters: 0 0 0

#Transform 105
Transform: AffineTransform_float_3_3
Parameters: 0.999998 0.00086012 -0.00182525 -0.000860313 1 -5.21242e-05 0.00182516 5.38751e-05 0.999998 -0.489935 0.326748 -0.144966
FixedParameters: 0 0 0

#Transform 106
Transform: AffineTransform_float_3_3
Parameters: 0.999997 0.000939201 -0.00198775 -0.000939533 0.999999 0.000149173 0.00198842 -0.000146828 0.999998 -0.472115 0.314437 -0.183581
FixedParameters: 0 0 0

#Transform 107
Transform: AffineTransform_float_3_3
Parameters: 0.999998 0.000914565 -0.00204725 -0.000913767 0.999999 0.000516177 0.00204766 -0.000513823 0.999997 -0.493262 0.32971 -0.151781
FixedParameters: 0 0 0

#Transform 108
Transform: AffineTransform_float_3_3
Parameters: 0.999997 0.00115619 -0.00189759 -0.00115445 0.999999 0.000563138 0.00189797 -0.000560862 0.999998 -0.495652 0.325486 -0.164005
FixedParameters: 0 0 0

#Transform 109
Transform: AffineTransform_float_3_3
Parameters: 0.999998 0.00108522 -0.00172717 -0.00108414 1 0.000693668 0.00172814 -0.000691334 0.999998 -0.495349 0.334724 -0.172577
FixedParameters: 0 0 0

#Transform 110
Transform: AffineTransform_float_3_3
Parameters: 0.999998 0.00108196 -0.00179638 -0.00108078 0.999999 0.000695889 0.00179735 -0.000694112 0.999998 -0.518763 0.320132 -0.143127
FixedParameters: 0 0 0

#Transform 111
Transform: AffineTransform_float_3_3
Parameters: 0.999995 0.00173958 -0.00269568 -0.00173748 0.999998 0.00087658 0.00269766 -0.000871421 0.999996 -0.538061 0.321714 -0.00727151
FixedParameters: 0 0 0

#Transform 112
Transform: AffineTransform_float_3_3
Parameters: 0.999996 0.00153594 -0.00266835 -0.00153348 0.999998 0.000781347 0.00266929 -0.000776653 0.999996 -0.569188 0.337349 -0.16155
FixedParameters: 0 0 0

#Transform 113
Transform: AffineTransform_float_3_3
Parameters: 0.999996 0.00146745 -0.00242317 -0.001467 0.999999 0.000364448 0.00242371 -0.000361554 0.999997 -0.553211 0.332986 -0.180752
FixedParameters: 0 0 0

#Transform 114
Transform: AffineTransform_float_3_3
Parameters: 0.999995 0.00139824 -0.00278977 -0.00139773 0.999999 0.000563306 0.00279028 -0.000559698 0.999996 -0.560565 0.338683 -0.199186
FixedParameters: 0 0 0

#Transform 115
Transform: AffineTransform_float_3_3
Parameters: 0.999995 0.00160984 -0.00264323 -0.00160923 0.999998 0.000364659 0.00264386 -0.000360342 0.999997 -0.552843 0.344626 -0.174206
FixedParameters: 0 0 0

#Transform 116
Transform: AffineTransform_float_3_3
Parameters: 0.999996 0.00163576 -0.00258005 -0.00163461 0.999999 0.000479471 0.00258108 -0.00047453 0.999997 -0.558312 0.365718 -0.163409
FixedParameters: 0 0 0

#Transform 117
Transform: AffineTransform_float_3_3
Parameters: 0.999996 0.00202418 -0.00223928 -0.00202156 0.999997 0.000967063 0.00224174 -0.000962935 0.999997 -0.571866 0.357102 -0.192549
FixedParameters: 0 0 0

#Transform 118
Transform: AffineTransform_float_3_3
Parameters: 0.999995 0.00151073 -0.0025435 -0.00150912 0.999998 0.000834093 0.00254495 -0.000829908 0.999996 -0.579335 0.36258 -0.182934
FixedParameters: 0 0 0

#Transform 119
Transform: AffineTransform_float_3_3
Parameters: 0.999996 0.00162138 -0.00257889 -0.00161969 0.999998 0.000659431 0.00257957 -0.00065457 0.999997 -0.585045 0.348849 -0.183658
FixedParameters: 0 0 0

#Transform 120
Transform: AffineTransform_float_3_3
Parameters: 0.999995 0.00167148 -0.00247023 -0.00167034 0.999998 0.00049702 0.00247135 -0.00049298 0.999996 -0.58209 0.349844 -0.18501
FixedParameters: 0 0 0

#Transform 121
Transform: AffineTransform_float_3_3
Parameters: 0.999996 0.00164239 -0.00255046 -0.00163998 0.999998 0.000807438 0.00255166 -0.000802562 0.999996 -0.579967 0.349807 -0.195023
FixedParameters: 0 0 0

#Transform 122
Transform: AffineTransform_float_3_3
Parameters: 0.999995 0.0018765 -0.00254347 -0.00187459 0.999998 0.000712816 0.00254469 -0.000708185 0.999997 -0.582845 0.342043 -0.194332
FixedParameters: 0 0 0

#Transform 123
Transform: AffineTransform_float_3_3
Parameters: 0.999994 0.00174666 -0.00275012 -0.0017443 0.999998 0.000740846 0.00275124 -0.000736155 0.999996 -0.589044 0.349645 -0.218755
FixedParameters: 0 0 0

#Transform 124
Transform: AffineTransform_float_3_3
Parameters: 0.999996 0.00148811 -0.00261842 -0.00148682 0.999999 0.0004993 0.00261937 -0.000495701 0.999997 -0.578448 0.361446 -0.180067
FixedParameters: 0 0 0

#Transform 125
Transform: AffineTransform_float_3_3
Parameters: 0.999995 0.00158148 -0.00268307 -0.00158153 0.999999 6.56478e-05 0.00268235 -6.1355e-05 0.999997 -0.582918 0.356498 -0.166204
FixedParameters: 0 0 0

#Transform 126
Transform: AffineTransform_float_3_3
Parameters: 0.999995 0.0013644 -0.00286606 -0.00136355 0.999999 0.000377314 0.00286655 -0.000373687 0.999996 -0.571054 0.372212 -0.185054
FixedParameters: 0 0 0

#Transform 127
Transform: AffineTransform_float_3_3
Parameters: 0.999997 0.00126268 -0.00233441 -0.00126147 0.999999 0.000262404 0.00233506 -0.000258595 0.999998 -0.569186 0.363542 -0.15207
FixedParameters: 0 0 0

#Transform 128
Transform: AffineTransform_float_3_3
Parameters: 0.999996 0.00143999 -0.00234429 -0.00143888 0.999998 0.000321625 0.00234429 -0.000318375 0.999997 -0.577583 0.361246 -0.150062
FixedParameters: 0 0 0

#Transform 129
Transform: AffineTransform_float_3_3
Parameters: 0.999996 0.00149269 -0.00240526 -0.00149061 0.999999 0.000515839 0.00240587 -0.000512161 0.999998 -0.576094 0.368415 -0.176852
FixedParameters: 0 0 0

#Transform 130
Transform: AffineTransform_float_3_3
Parameters: 0.999997 0.00137498 -0.00235523 -0.00137359 0.999999 0.000575489 0.00235627 -0.000572512 0.999998 -0.584443 0.361691 -0.172694
FixedParameters: 0 0 0

#Transform 131
Transform: AffineTransform_float_3_3
Parameters: 0.999994 0.0014633 -0.00294275 -0.0014624 0.999999 0.000376709 0.00294332 -0.000372292 0.999995 -0.592825 0.367753 -0.178042
FixedParameters: 0 0 0

#Transform 132
Transform: AffineTransform_float_3_3
Parameters: 0.999996 0.00150361 -0.00248404 -0.00150295 0.999999 0.000399987 0.00248471 -0.000396015 0.999997 -0.588144 0.378321 -0.179339
FixedParameters: 0 0 0

#Transform 133
Transform: AffineTransform_float_3_3
Parameters: 0.999996 0.00165703 -0.00254846 -0.00165514 0.999998 0.000629472 0.00255001 -0.000624527 0.999997 -0.591434 0.370868 -0.189414
FixedParameters: 0 0 0

#Transform 134
Transform: AffineTransform_float_3_3
Parameters: 0.999996 0.0015263 -0.002667 -0.0015246 0.999999 0.00056832 0.0026682 -0.00056368 0.999996 -0.587636 0.371967 -0.190341
FixedParameters: 0 0 0

#Transform 135
Transform: AffineTransform_float_3_3
Parameters: 0.999995 0.0016289 -0.00291297 -0.00162644 0.999999 0.000783786 0.00291314 -0.000779215 0.999995 -0.598562 0.375018 -0.172871
FixedParameters: 0 0 0

#Transform 136
Transform: AffineTransform_float_3_3
Parameters: 0.999994 0.00167185 -0.00286001 -0.00167057 0.999998 0.000225183 0.00286075 -0.000219815 0.999996 -0.596689 0.379508 -0.195857
FixedParameters: 0 0 0

#Transform 137
Transform: AffineTransform_float_3_3
Parameters: 0.999994 0.00158659 -0.00285221 -0.00158377 0.999999 0.000955927 0.00285418 -0.000951074 0.999996 -0.60038 0.398393 -0.185765
FixedParameters: 0 0 0

#Transform 138
Transform: AffineTransform_float_3_3
Parameters: 0.999995 0.00159794 -0.00272646 -0.0015961 0.999998 0.000650606 0.00272708 -0.000645395 0.999996 -0.608772 0.374047 -0.190288
FixedParameters: 0 0 0

#Transform 139
Transform: AffineTransform_float_3_3
Parameters: 0.999996 0.00147584 -0.00247148 -0.00147364 0.999999 0.000711897 0.00247304 -0.000708103 0.999997 -0.603737 0.370548 -0.193082
FixedParameters: 0 0 0

#Transform 140
Transform: AffineTransform_float_3_3
Parameters: 0.999995 0.00158187 -0.0027284 -0.00158106 0.999998 0.000630721 0.00272932 -0.000626282 0.999996 -0.610352 0.374416 -0.176207
FixedParameters: 0 0 0

#Transform 141
Transform: AffineTransform_float_3_3
Parameters: 0.999996 0.00149188 -0.00247788 -0.00149022 0.999998 0.000864948 0.0024794 -0.000861054 0.999997 -0.606261 0.386727 -0.205266
FixedParameters: 0 0 0

#Transform 142
Transform: AffineTransform_float_3_3
Parameters: 0.999996 0.00146756 -0.00246797 -0.00146536 0.999999 0.000711871 0.00246952 -0.000708128 0.999997 -0.620619 0.38244 -0.178459
FixedParameters: 0 0 0

#Transform 143
Transform: AffineTransform_float_3_3
Parameters: 0.999995 0.00160631 -0.0026818 -0.0016037 0.999998 0.000806708 0.00268293 -0.000802291 0.999996 -0.622963 0.381832 -0.206568
FixedParameters: 0 0 0

#Transform 144
Transform: AffineTransform_float_3_3
Parameters: 0.999995 0.00149396 -0.00255649 -0.0014921 0.999998 0.000622221 0.00255782 -0.000618778 0.999997 -0.619988 0.383589 -0.188759
FixedParameters: 0 0 0

#Transform 145
Transform: AffineTransform_float_3_3
Parameters: 0.999996 0.00164 -0.00254075 -0.0016385 0.999998 0.000814418 0.00254235 -0.000809583 0.999996 -0.616077 0.382323 -0.192892
FixedParameters: 0 0 0

#Transform 146
Transform: AffineTransform_float_3_3
Parameters: 0.999994 0.00141763 -0.00295808 -0.00141456 0.999998 0.000808105 0.00295892 -0.000803894 0.999996 -0.619095 0.378114 -0.203115
FixedParameters: 0 0 0

#Transform 147
Transform: AffineTransform_float_3_3
Parameters: 0.999995 0.00131325 -0.00305987 -0.00131205 0.999999 0.000626782 0.00306045 -0.000622221 0.999995 -0.615197 0.388833 -0.176198
FixedParameters: 0 0 0

#Transform 148
Transform: AffineTransform_float_3_3
Parameters: 0.999993 0.00146862 -0.00322888 -0.00146681 0.999998 0.000627656 0.00323058 -0.000622343 0.999994 -0.612513 0.382955 -0.188662
FixedParameters: 0 0 0

#Transform 149
Transform: AffineTransform_float_3_3
Parameters: 0.999994 0.00137668 -0.00293505 -0.00137512 0.999999 0.000490442 0.00293587 -0.000486557 0.999995 -0.613269 0.400442 -0.159029
FixedParameters: 0 0 0

#Transform 150
Transform: AffineTransform_float_3_3
Parameters: 0.999993 0.00163013 -0.00354412 -0.00162683 0.999999 0.000893635 0.00354504 -0.000888367 0.999994 -0.630693 0.398753 -0.180978
FixedParameters: 0 0 0

#Transform 151
Transform: AffineTransform_float_3_3
Parameters: 0.999993 0.00150854 -0.00335847 -0.0015075 0.999999 0.000352622 0.003359 -0.000347379 0.999994 -0.657342 0.39248 -0.190488
FixedParameters: 0 0 0

#Transform 152
Transform: AffineTransform_float_3_3
Parameters: 0.999992 0.00150707 -0.00364051 -0.00150422 0.999999 0.00062855 0.00364094 -0.000622449 0.999993 -0.63356 0.401615 -0.164015
FixedParameters: 0 0 0

#Transform 153
Transform: AffineTransform_float_3_3
Parameters: 0.999993 0.00145757 -0.00343016 -0.00145497 0.999999 0.000764066 0.00343132 -0.000758936 0.999994 -0.636262 0.396541 -0.157553
FixedParameters: 0 0 0

#Transform 154
Transform: AffineTransform_float_3_3
Parameters: 0.999994 0.00143346 -0.00333237 -0.00143061 0.999999 0.000627328 0.00333363 -0.00062267 0.999994 -0.640216 0.385951 -0.137784
FixedParameters: 0 0 0

#Transform 155
Transform: AffineTransform_float_3_3
Parameters: 0.999993 0.00169556 -0.00317517 -0.00169422 0.999998 0.00062794 0.00317623 -0.000622063 0.999995 -0.646311 0.395641 -0.176277
FixedParameters: 0 0 0

#Transform 156
Transform: AffineTransform_float_3_3
Parameters: 0.999992 0.00182346 -0.00371833 -0.00181996 0.999998 0.000879637 0.00371954 -0.000872364 0.999992 -0.64094 0.394147 -0.166858
FixedParameters: 0 0 0

#Transform 157
Transform: AffineTransform_float_3_3
Parameters: 0.999993 0.00126092 -0.00348607 -0.00126018 0.999999 0.000295671 0.00348627 -0.000290331 0.999994 -0.628175 0.388884 -0.171908
FixedParameters: 0 0 0

#Transform 158
Transform: AffineTransform_float_3_3
Parameters: 0.999994 0.00143235 -0.00335419 -0.00143082 0.999998 0.000425871 0.00335488 -0.000421129 0.999994 -0.628205 0.399002 -0.134949
FixedParameters: 0 0 0

#Transform 159
Transform: AffineTransform_float_3_3
Parameters: 0.999993 0.00134002 -0.00352347 -0.00133944 0.999999 8.51488e-05 0.00352369 -7.98508e-05 0.999994 -0.618046 0.386314 -0.157563
FixedParameters: 0 0 0

#Transform 160
Transform: AffineTransform_float_3_3
Parameters: 0.999993 0.00104853 -0.00363748 -0.00104871 1 0.000157244 0.00363728 -0.000153759 0.999993 -0.61603 0.381106 -0.153201
FixedParameters: 0 0 0

#Transform 161
Transform: AffineTransform_float_3_3
Parameters: 0.999989 0.00173403 -0.00424283 -0.00173536 0.999998 -0.000307113 0.00424229 0.000314886 0.999991 -0.610027 0.364326 -0.174667
FixedParameters: 0 0 0

#Transform 162
Transform: AffineTransform_float_3_3
Parameters: 0.999988 0.00100267 -0.00474685 -0.000997224 0.999999 0.00118387 0.0047484 -0.00117914 0.999988 -0.636753 0.422811 -0.0995828
FixedParameters: 0 0 0

#Transform 163
Transform: AffineTransform_float_3_3
Parameters: 0.999992 0.00157073 -0.00362998 -0.00156747 0.999998 0.000812918 0.00363146 -0.000807081 0.999993 -0.640318 0.406619 -0.133143
FixedParameters: 0 0 0

#Transform 164
Transform: AffineTransform_float_3_3
Parameters: 0.999991 0.00188563 -0.00375211 -0.00188474 0.999998 0.000297089 0.00375269 -0.000289913 0.999993 -0.651798 0.412323 -0.146372
FixedParameters: 0 0 0

#Transform 165
Transform: AffineTransform_float_3_3
Parameters: 0.999992 0.00195034 -0.00349853 -0.00194801 0.999998 0.000524169 0.00350003 -0.000516829 0.999993 -0.64944 0.410151 -0.179635
FixedParameters: 0 0 0

#Transform 166
Transform: AffineTransform_float_3_3
Parameters: 0.999992 0.00176753 -0.00357316 -0.00176459 0.999998 0.000836174 0.00357412 -0.000829828 0.999994 -0.657671 0.420762 -0.172885
FixedParameters: 0 0 0

#Transform 167
Transform: AffineTransform_float_3_3
Parameters: 0.999993 0.00194694 -0.00340102 -0.00194678 0.999998 2.69711e-05 0.00340112 -2.00295e-05 0.999994 -0.619417 0.39692 -0.170768
FixedParameters: 0 0 0

#Transform 168
Transform: AffineTransform_float_3_3
Parameters: 0.999992 0.00149838 -0.00365626 -0.00150003 0.999999 -0.000402297 0.00365557 0.000407702 0.999993 -0.598913 0.415065 -0.15634
FixedParameters: 0 0 0

#Transform 169
Transform: AffineTransform_float_3_3
Parameters: 0.99999 0.00187318 -0.00401182 -0.00187089 0.999999 0.000616527 0.00401305 -0.000608475 0.999992 -0.615943 0.408214 -0.12385
FixedParameters: 0 0 0

#Transform 170
Transform: AffineTransform_float_3_3
Parameters: 0.999989 0.0016974 -0.00420654 -0.00169191 0.999998 0.00127881 0.00420875 -0.00127219 0.999991 -0.622849 0.436219 -0.0555119
FixedParameters: 0 0 0

#Transform 171
Transform: AffineTransform_float_3_3
Parameters: 0.99999 0.00173986 -0.00410387 -0.00173475 0.999998 0.00131166 0.00410537 -0.00130434 0.999991 -0.635468 0.437599 -0.0628771
FixedParameters: 0 0 0

#Transform 172
Transform: AffineTransform_float_3_3
Parameters: 0.999991 0.00202067 -0.00379423 -0.00201891 0.999998 0.000580321 0.0037955 -0.000572682 0.999993 -0.662654 0.435547 -0.103619
FixedParameters: 0 0 0

#Transform 173
Transform: AffineTransform_float_3_3
Parameters: 0.999989 0.00200719 -0.00407892 -0.00200468 0.999998 0.00047235 0.00408026 -0.000463649 0.999992 -0.674543 0.438606 -0.0994111
FixedParameters: 0 0 0

#Transform 174
Transform: AffineTransform_float_3_3
Parameters: 0.999988 0.00208361 -0.00427761 -0.00208157 0.999998 0.000442023 0.00427798 -0.000433979 0.999991 -0.678129 0.427405 -0.116511
FixedParameters: 0 0 0

#Transform 175
Transform: AffineTransform_float_3_3
Parameters: 0.99999 0.00185709 -0.00405272 -0.00185575 0.999999 0.000329692 0.0040534 -0.000322309 0.999992 -0.671746 0.429472 -0.108184
FixedParameters: 0 0 0

#Transform 176
Transform: AffineTransform_float_3_3
Parameters: 0.999989 0.00198613 -0.00407908 -0.00198451 0.999998 0.000363267 0.00407998 -0.000354734 0.999992 -0.685293 0.424337 -0.100369
FixedParameters: 0 0 0

#Transform 177
Transform: AffineTransform_float_3_3
Parameters: 0.999989 0.00190389 -0.00416654 -0.00190336 0.999999 0.0001791 0.00416759 -0.000170901 0.999991 -0.684002 0.420569 -0.122732
FixedParameters: 0 0 0

#Transform 178
Transform: AffineTransform_float_3_3
Parameters: 0.99999 0.00203001 -0.00379806 -0.00202705 0.999998 0.00061736 0.0037991 -0.000609639 0.999993 -0.699156 0.420742 -0.0943269
FixedParameters: 0 0 0

#Transform 179
Transform: AffineTransform_float_3_3
Parameters: 0.999989 0.00194781 -0.00424792 -0.00194706 0.999998 0.000246594 0.00424834 -0.000238408 0.999991 -0.695021 0.41529 -0.12686
FixedParameters: 0 0 0
