#Insight Transform File V1.0
#Transform 0
Transform: AffineTransform_float_3_3
Parameters: 0.999999 -0.00055974 -0.00114524 0.000557489 0.999999 -0.00138428 0.0011464 0.00138372 0.999999 -0.057193 0.142984 0.628181
FixedParameters: 0 0 0

#Transform 1
Transform: AffineTransform_float_3_3
Parameters: 1 0.00055967 0.000155291 -0.000560488 0.999999 0.00137876 -0.000154668 -0.00137824 0.999999 0.00713875 0.0642113 -0.184905
FixedParameters: 0 0 0

#Transform 2
Transform: AffineTransform_float_3_3
Parameters: 1 0.000211435 0.000428495 -0.00021195 0.999998 0.00167527 -0.000428177 -0.00167473 0.999999 0.00131249 0.105685 -0.178373
FixedParameters: 0 0 0

#Transform 3
Transform: AffineTransform_float_3_3
Parameters: 1 0.000260083 0.000543641 -0.000260985 0.999998 0.00167722 -0.000543157 -0.00167678 0.999999 0.00676828 0.106749 -0.192526
FixedParameters: 0 0 0

#Transform 4
Transform: AffineTransform_float_3_3
Parameters: 1 0.000477478 0.00045179 -0.000478067 0.999998 0.00167214 -0.000450583 -0.00167186 0.999999 0.026929 0.086054 -0.275077
FixedParameters: 0 0 0

#Transform 5
Transform: AffineTransform_float_3_3
Parameters: 1 0.000259967 0.000543695 -0.00026018 0.999998 0.00188886 -0.000543494 -0.00188914 0.999998 0.00891056 0.0970855 -0.272024
FixedParameters: 0 0 0

#Transform 6
Transform: AffineTransform_float_3_3
Parameters: 1 0.000539457 6.42724e-05 -0.000539183 0.999998 0.00200497 -6.34209e-05 -0.00200503 0.999998 -6.85971e-05 0.0980755 -0.279167
FixedParameters: 0 0 0

#Transform 7
Transform: AffineTransform_float_3_3
Parameters: 1 0.000273316 0.000287296 -0.000273426 0.999999 0.00179492 -0.000286705 -0.00179508 0.999999 0.015991 0.0878489 -0.303938
FixedParameters: 0 0 0

#Transform 8
Transform: AffineTransform_float_3_3
Parameters: 0.999999 0.000252081 0.000740263 -0.000253442 0.999999 0.00154081 -0.000739875 -0.00154119 0.999998 0.00104542 0.0788033 -0.251304
FixedParameters: 0 0 0

#Transform 9
Transform: AffineTransform_float_3_3
Parameters: 1 5.92147e-05 0.000284349 -6.04045e-05 0.999998 0.00209298 -0.000284099 -0.00209302 0.999998 0.0183393 0.120077 -0.236045
FixedParameters: 0 0 0

#Transform 10
Transform: AffineTransform_float_3_3
Parameters: 1 0.000297464 0.000321652 -0.000297887 0.999998 0.0020909 -0.000320797 -0.00209109 0.999998 0.0179617 0.103083 -0.275556
FixedParameters: 0 0 0

#Transform 11
Transform: AffineTransform_float_3_3
Parameters: 0.999999 0.000627781 0.00047974 -0.000629447 0.999997 0.0022927 -0.000478169 -0.0022933 0.999998 -0.00609879 0.123173 -0.224558
FixedParameters: 0 0 0

#Transform 12
Transform: AffineTransform_float_3_3
Parameters: 1 0.000500023 5.03868e-05 -0.000500585 0.999999 0.00171498 -4.95913e-05 -0.00171503 0.999999 0.017745 0.0832136 -0.279099
FixedParameters: 0 0 0

#Transform 13
Transform: AffineTransform_float_3_3
Parameters: 0.999999 0.000234854 0.00070082 -0.000237066 0.999997 0.00223619 -0.000700155 -0.0022358 0.999997 -0.00463183 0.092134 -0.262073
FixedParameters: 0 0 0

#Transform 14
Transform: AffineTransform_float_3_3
Parameters: 1 0.000109277 0.000403225 -0.000109838 0.999998 0.00232496 -0.000402186 -0.00232505 0.999997 -0.00123714 0.100966 -0.21334
FixedParameters: 0 0 0

#Transform 15
Transform: AffineTransform_float_3_3
Parameters: 1 0.000292826 0.000325727 -0.000293963 0.999999 0.00174791 -0.000324701 -0.0017481 0.999999 0.0167872 0.100767 -0.32419
FixedParameters: 0 0 0

#Transform 16
Transform: AffineTransform_float_3_3
Parameters: 1 0.000109383 0.000403196 -0.000109732 0.999998 0.00206096 -0.000402215 -0.00206104 0.999998 0.0147048 0.11922 -0.260557
FixedParameters: 0 0 0

#Transform 17
Transform: AffineTransform_float_3_3
Parameters: 1 3.71935e-05 -7.04463e-06 -3.7175e-05 0.999999 0.0013 7.1413e-06 -0.0013 0.999999 0.0211369 0.101062 -0.258957
FixedParameters: 0 0 0

#Transform 18
Transform: AffineTransform_float_3_3
Parameters: 1 0.000314427 0.000127811 -0.000314964 0.999997 0.00211496 -0.00012648 -0.00211504 0.999998 0.00211066 0.113295 -0.304295
FixedParameters: 0 0 0

#Transform 19
Transform: AffineTransform_float_3_3
Parameters: 1 0.00019362 7.57425e-05 -0.000194393 0.999997 0.00251998 -7.56852e-05 -0.00252001 0.999997 -0.00561357 0.119691 -0.270505
FixedParameters: 0 0 0

#Transform 20
Transform: AffineTransform_float_3_3
Parameters: 1 0.000109304 0.000403218 -0.000109812 0.999998 0.00225896 -0.000402193 -0.00225905 0.999998 0.0157254 0.123389 -0.255375
FixedParameters: 0 0 0

#Transform 21
Transform: AffineTransform_float_3_3
Parameters: 0.999999 0.000109834 0.000923011 -0.000112111 0.999999 0.0017319 -0.000923017 -0.0017321 0.999998 0.00288669 0.101001 -0.266661
FixedParameters: 0 0 0

#Transform 22
Transform: AffineTransform_float_3_3
Parameters: 1 0.000109008 0.000403298 -0.000110106 0.999995 0.00299232 -0.000402113 -0.00299168 0.999996 -0.00568982 0.122241 -0.205951
FixedParameters: 0 0 0

#Transform 23
Transform: AffineTransform_float_3_3
Parameters: 1 0.000286305 0.000328514 -0.000286676 0.999998 0.00196891 -0.000327776 -0.00196909 0.999998 0.0214326 0.100388 -0.280507
FixedParameters: 0 0 0

#Transform 24
Transform: AffineTransform_float_3_3
Parameters: 1 0.000135179 0.000464999 -0.000136687 0.999996 0.0026133 -0.000464679 -0.0026127 0.999997 -0.0104286 0.11602 -0.232254
FixedParameters: 0 0 0

#Transform 25
Transform: AffineTransform_float_3_3
Parameters: 1 0.000109215 0.000403242 -0.0001099 0.999997 0.00247796 -0.000402169 -0.00247804 0.999997 0.00543448 0.118646 -0.233988
FixedParameters: 0 0 0

#Transform 26
Transform: AffineTransform_float_3_3
Parameters: 1 4.58187e-05 0.000430025 -4.62674e-05 0.999998 0.00204798 -0.000429307 -0.00204802 0.999998 0.0111078 0.0936697 -0.298865
FixedParameters: 0 0 0

#Transform 27
Transform: AffineTransform_float_3_3
Parameters: 0.999999 -0.00048546 0.000653549 0.000484579 0.999996 0.00297696 -0.000654457 -0.00297704 0.999995 -0.00152918 0.128258 -0.22895
FixedParameters: 0 0 0

#Transform 28
Transform: AffineTransform_float_3_3
Parameters: 1 -0.00068263 0.000829108 0.000681235 0.999996 0.00265657 -0.00083075 -0.00265544 0.999996 0.0120683 0.127446 -0.181406
FixedParameters: 0 0 0

#Transform 29
Transform: AffineTransform_float_3_3
Parameters: 0.999999 -0.000538454 0.000527445 0.000536938 0.999997 0.00267429 -0.00052979 -0.00267372 0.999997 0.0131535 0.118007 -0.254729
FixedParameters: 0 0 0

#Transform 30
Transform: AffineTransform_float_3_3
Parameters: 0.999999 -0.000455743 0.000724417 0.000453728 0.999995 0.00319733 -0.000726265 -0.00319667 0.999994 -0.0184649 0.141701 -0.185213
FixedParameters: 0 0 0

#Transform 31
Transform: AffineTransform_float_3_3
Parameters: 0.999999 -0.000454253 0.000726708 0.000452344 0.999998 0.00221333 -0.000728185 -0.00221267 0.999998 0.0111815 0.114109 -0.251506
FixedParameters: 0 0 0

#Transform 32
Transform: AffineTransform_float_3_3
Parameters: 0.999999 -0.000443294 0.000752551 0.000441423 0.999998 0.00211197 -0.000753889 -0.00211203 0.999997 0.006923 0.0929928 -0.272472
FixedParameters: 0 0 0

#Transform 33
Transform: AffineTransform_float_3_3
Parameters: 0.999999 -0.00101887 0.000153119 0.00101929 0.999999 0.00116016 -0.000153642 -0.00115984 1 0.0107655 0.0731545 -0.208236
FixedParameters: 0 0 0

#Transform 34
Transform: AffineTransform_float_3_3
Parameters: 1 -0.000556463 0.000937065 0.000554727 0.999998 0.00211468 -0.000939275 -0.00211433 0.999998 0.0455718 0.117376 -0.220172
FixedParameters: 0 0 0

#Transform 35
Transform: AffineTransform_float_3_3
Parameters: 0.999999 -0.00081379 0.00124376 0.000810575 0.999997 0.0025018 -0.00124584 -0.00250119 0.999996 0.0260039 0.116882 -0.215395
FixedParameters: 0 0 0

#Transform 36
Transform: AffineTransform_float_3_3
Parameters: 1 -0.00103198 0.000176037 0.00103104 0.999999 0.00116003 -0.000177118 -0.00115897 0.999999 0.0314123 0.0849465 -0.222984
FixedParameters: 0 0 0

#Transform 37
Transform: AffineTransform_float_3_3
Parameters: 0.999999 -0.00061914 0.000595594 0.000618361 0.999997 0.00208137 -0.000596719 -0.00208063 0.999997 0.0338103 0.116415 -0.260134
FixedParameters: 0 0 0

#Transform 38
Transform: AffineTransform_float_3_3
Parameters: 0.999999 -0.00113233 0.000488083 0.001131 0.999996 0.00255719 -0.000491109 -0.0025568 0.999996 0.0175308 0.119542 -0.208053
FixedParameters: 0 0 0

#Transform 39
Transform: AffineTransform_float_3_3
Parameters: 1 -0.0011795 1.31324e-05 0.00117967 0.999996 0.0025445 -1.59831e-05 -0.00254449 0.999996 0.0346429 0.119867 -0.200106
FixedParameters: 0 0 0

#Transform 40
Transform: AffineTransform_float_3_3
Parameters: 0.999999 -0.000915404 0.00100247 0.000912785 0.999997 0.00234856 -0.00100439 -0.00234744 0.999997 0.0433243 0.114046 -0.255538
FixedParameters: 0 0 0

#Transform 41
Transform: AffineTransform_float_3_3
Parameters: 0.999999 -0.00124156 0.00087301 0.00123912 0.999995 0.00303873 -0.000876334 -0.00303728 0.999995 0.016243 0.135255 -0.181367
FixedParameters: 0 0 0

#Transform 42
Transform: AffineTransform_float_3_3
Parameters: 1 -0.000916095 0.000434702 0.000914856 0.999996 0.0027664 -0.000437004 -0.0027656 0.999996 0.0278632 0.129812 -0.26354
FixedParameters: 0 0 0

#Transform 43
Transform: AffineTransform_float_3_3
Parameters: 1 -0.00101082 0.000541883 0.00100956 0.999997 0.00188655 -0.000543853 -0.00188545 0.999998 0.0310825 0.0966909 -0.265381
FixedParameters: 0 0 0

#Transform 44
Transform: AffineTransform_float_3_3
Parameters: 0.999999 -0.00114961 0.000596393 0.00114781 0.999996 0.00248433 -0.000599338 -0.00248367 0.999997 0.024205 0.128823 -0.200583
FixedParameters: 0 0 0

#Transform 45
Transform: AffineTransform_float_3_3
Parameters: 1 -0.000874326 0.000580122 0.000872545 0.999997 0.00254215 -0.000581801 -0.00254185 0.999996 0.0376162 0.121567 -0.299557
FixedParameters: 0 0 0

#Transform 46
Transform: AffineTransform_float_3_3
Parameters: 0.999999 -0.00122546 0.000266421 0.0012245 0.999993 0.00371897 -0.000270539 -0.00371903 0.999993 0.0256988 0.139477 -0.217043
FixedParameters: 0 0 0

#Transform 47
Transform: AffineTransform_float_3_3
Parameters: 0.999999 -0.000765373 0.000398377 0.000765287 0.999996 0.00272931 -0.000400183 -0.0027287 0.999996 0.0441508 0.125521 -0.286593
FixedParameters: 0 0 0

#Transform 48
Transform: AffineTransform_float_3_3
Parameters: 0.999999 -0.000937848 0.000950197 0.000934493 0.999995 0.00306889 -0.00095265 -0.00306711 0.999995 0.0333252 0.133391 -0.236047
FixedParameters: 0 0 0

#Transform 49
Transform: AffineTransform_float_3_3
Parameters: 1 -0.00102439 0.000594765 0.00102367 0.999997 0.00236425 -0.000597236 -0.00236375 0.999997 0.0425163 0.127168 -0.247981
FixedParameters: 0 0 0

#Transform 50
Transform: AffineTransform_float_3_3
Parameters: 0.999999 -0.000676567 0.000300044 0.000676012 0.999999 0.00157284 -0.000301251 -0.00157316 0.999999 0.0378279 0.0927845 -0.32956
FixedParameters: 0 0 0

#Transform 51
Transform: AffineTransform_float_3_3
Parameters: 0.999999 -0.000899444 0.000404632 0.000898601 0.999998 0.00200301 -0.000406392 -0.002003 0.999998 0.0264018 0.10261 -0.266755
FixedParameters: 0 0 0

#Transform 52
Transform: AffineTransform_float_3_3
Parameters: 0.999999 -0.000783559 0.000157242 0.000783768 0.999998 0.00181212 -0.000158241 -0.00181188 0.999999 0.0393355 0.0975571 -0.311404
FixedParameters: 0 0 0

#Transform 53
Transform: AffineTransform_float_3_3
Parameters: 0.999996 -0.00277056 -5.38501e-05 0.00277039 0.999993 0.00241584 4.71584e-05 -0.00241616 0.999998 0.11128 0.110186 -0.261921
FixedParameters: 0 0 0

#Transform 54
Transform: AffineTransform_float_3_3
Parameters: 0.999993 -0.00359077 -4.92378e-05 0.00359062 0.999992 0.00132378 4.41932e-05 -0.00132422 0.999999 0.167245 0.107937 -0.274429
FixedParameters: 0 0 0

#Transform 55
Transform: AffineTransform_float_3_3
Parameters: 0.999998 -0.00224766 9.18269e-05 0.00224765 0.999994 0.00270819 -9.76957e-05 -0.00270781 0.999996 0.0679592 0.138194 -0.249706
FixedParameters: 0 0 0

#Transform 56
Transform: AffineTransform_float_3_3
Parameters: 0.999999 -0.00172177 -0.000443854 0.00172356 0.999996 0.00234773 0.000440226 -0.00234927 0.999997 0.0496028 0.121656 -0.250613
FixedParameters: 0 0 0

#Transform 57
Transform: AffineTransform_float_3_3
Parameters: 0.999999 -0.00142978 -0.000375664 0.00143039 0.999995 0.00295431 0.000371147 -0.00295469 0.999996 0.0549458 0.142404 -0.283828
FixedParameters: 0 0 0

#Transform 58
Transform: AffineTransform_float_3_3
Parameters: 0.999998 -0.00145236 -0.000636982 0.00145406 0.999996 0.00259292 0.000633377 -0.00259408 0.999997 0.0462531 0.143825 -0.228569
FixedParameters: 0 0 0

#Transform 59
Transform: AffineTransform_float_3_3
Parameters: 0.999999 -0.00137472 -0.000398093 0.00137552 0.999996 0.0023353 0.000394292 -0.0023357 0.999997 0.04908 0.126208 -0.283551
FixedParameters: 0 0 0

#Transform 60
Transform: AffineTransform_float_3_3
Parameters: 0.999998 -0.00156072 -0.000506188 0.00156287 0.999991 0.00384606 0.000500339 -0.00384694 0.999993 0.0257747 0.161761 -0.204944
FixedParameters: 0 0 0

#Transform 61
Transform: AffineTransform_float_3_3
Parameters: 0.999999 -0.00143566 -0.00040415 0.00143705 0.999996 0.00255727 0.000400346 -0.00255773 0.999997 0.0492613 0.128055 -0.261318
FixedParameters: 0 0 0

#Transform 62
Transform: AffineTransform_float_3_3
Parameters: 0.999998 -0.0015883 0.000283023 0.00158751 0.999991 0.0038611 -0.000289371 -0.00386091 0.999993 0.0252825 0.142175 -0.24186
FixedParameters: 0 0 0

#Transform 63
Transform: AffineTransform_float_3_3
Parameters: 0.999998 -0.00169088 0.000122552 0.00169023 0.999994 0.0030337 -0.000127424 -0.0030333 0.999996 0.0307759 0.153224 -0.183191
FixedParameters: 0 0 0

#Transform 64
Transform: AffineTransform_float_3_3
Parameters: 0.999999 -0.00130794 -0.000286576 0.00130875 0.999996 0.00260363 0.000283305 -0.00260437 0.999997 0.0302091 0.125693 -0.275484
FixedParameters: 0 0 0

#Transform 65
Transform: AffineTransform_float_3_3
Parameters: 0.999998 -0.00185479 0.000823585 0.00185171 0.999991 0.00375097 -0.000830122 -0.00375003 0.999993 0.02625 0.17006 -0.162856
FixedParameters: 0 0 0

#Transform 66
Transform: AffineTransform_float_3_3
Parameters: 0.999997 -0.00233888 0.000521264 0.00233875 0.999997 0.000869349 -0.000523486 -0.00086765 1 0.0445832 0.098105 -0.211121
FixedParameters: 0 0 0

#Transform 67
Transform: AffineTransform_float_3_3
Parameters: 0.999997 -0.00214667 0.000333294 0.00214598 0.999996 0.00141185 -0.000336201 -0.00141115 0.999999 0.041458 0.089876 -0.260607
FixedParameters: 0 0 0

#Transform 68
Transform: AffineTransform_float_3_3
Parameters: 0.999997 -0.00239978 0.000374069 0.00239832 0.999993 0.00311352 -0.000381781 -0.00311248 0.999995 0.0263661 0.166222 -0.158068
FixedParameters: 0 0 0

#Transform 69
Transform: AffineTransform_float_3_3
Parameters: 0.999997 -0.00213326 0.000365624 0.00213335 0.999998 0.00093691 -0.000367778 -0.00093609 1 0.042568 0.0986989 -0.262433
FixedParameters: 0 0 0

#Transform 70
Transform: AffineTransform_float_3_3
Parameters: 0.999997 -0.00224155 0.000751006 0.00224071 0.999997 0.00107897 -0.000753997 -0.00107703 1 0.0306479 0.0963301 -0.300589
FixedParameters: 0 0 0

#Transform 71
Transform: AffineTransform_float_3_3
Parameters: 0.999997 -0.00245546 0.000632979 0.00245523 0.999997 0.00110333 -0.000635631 -0.00110167 0.999999 0.0483666 0.0953496 -0.221297
FixedParameters: 0 0 0

#Transform 72
Transform: AffineTransform_float_3_3
Parameters: 0.999995 -0.00286112 0.00138023 0.00286162 0.999996 -0.00018185 -0.00137918 0.000186149 0.999999 0.0763779 0.0672603 -0.341486
FixedParameters: 0 0 0

#Transform 73
Transform: AffineTransform_float_3_3
Parameters: 0.999994 -0.00305072 0.0015864 0.00305044 0.999995 0.000212834 -0.00158676 -0.000208165 0.999999 0.060235 0.0943216 -0.219517
FixedParameters: 0 0 0

#Transform 74
Transform: AffineTransform_float_3_3
Parameters: 0.999995 -0.00278962 0.00156371 0.00279061 0.999996 -0.000441285 -0.00156215 0.000445715 0.999998 0.0775059 0.0797443 -0.278712
FixedParameters: 0 0 0

#Transform 75
Transform: AffineTransform_float_3_3
Parameters: 0.999993 -0.00321146 0.00184722 0.00321163 0.999995 -0.000148434 -0.00184717 0.000154569 0.999998 0.0637979 0.0706747 -0.284414
FixedParameters: 0 0 0

#Transform 76
Transform: AffineTransform_float_3_3
Parameters: 0.99999 -0.003964 0.00216973 0.0039657 0.999991 -0.000749695 -0.00216743 0.000758308 0.999997 0.0997051 0.0888205 -0.204491
FixedParameters: 0 0 0

#Transform 77
Transform: AffineTransform_float_3_3
Parameters: 0.999976 -0.00483447 0.00496549 0.00484128 0.999987 -0.00136015 -0.00495801 0.00138484 0.999987 0.153024 0.0808055 -0.271855
FixedParameters: 0 0 0

#Transform 78
Transform: AffineTransform_float_3_3
Parameters: 0.999979 -0.0048243 0.00429802 0.00483487 0.999985 -0.00233219 -0.00428763 0.00235381 0.999988 0.172173 0.0718284 -0.204809
FixedParameters: 0 0 0

#Transform 79
Transform: AffineTransform_float_3_3
Parameters: 0.999972 -0.00521628 0.0053545 0.00523161 0.999982 -0.00283921 -0.00533998 0.0028668 0.999982 0.205446 0.0686577 -0.282559
FixedParameters: 0 0 0

#Transform 80
Transform: AffineTransform_float_3_3
Parameters: 0.999963 -0.00605619 0.0061202 0.00607066 0.999979 -0.00240668 -0.00610607 0.00244333 0.999978 0.205561 0.0819025 -0.133965
FixedParameters: 0 0 0

#Transform 81
Transform: AffineTransform_float_3_3
Parameters: 0.999965 -0.00597934 0.00573502 0.00600507 0.999972 -0.00447155 -0.00570836 0.00450545 0.999973 0.232652 0.0388159 -0.37255
FixedParameters: 0 0 0

#Transform 82
Transform: AffineTransform_float_3_3
Parameters: 0.999974 -0.00567296 0.0045524 0.00568995 0.999977 -0.00368497 -0.00453158 0.00371103 0.999983 0.201622 0.0571521 -0.254035
FixedParameters: 0 0 0

#Transform 83
Transform: AffineTransform_float_3_3
Parameters: 0.999972 -0.0058008 0.00457618 0.00581856 0.999976 -0.00374976 -0.00455364 0.00377723 0.999982 0.201976 0.0777922 -0.274565
FixedParameters: 0 0 0

#Transform 84
Transform: AffineTransform_float_3_3
Parameters: 0.999972 -0.00533931 0.00510459 0.00535855 0.999979 -0.00368455 -0.00508545 0.00371145 0.99998 0.207255 0.0527675 -0.313329
FixedParameters: 0 0 0

#Transform 85
Transform: AffineTransform_float_3_3
Parameters: 0.999971 -0.00588452 0.00468301 0.00589988 0.999978 -0.00322432 -0.0046646 0.00325169 0.999984 0.20396 0.0515714 -0.221438
FixedParameters: 0 0 0

#Transform 86
Transform: AffineTransform_float_3_3
Parameters: 0.99996 -0.0063487 0.00631687 0.00637284 0.999972 -0.00383505 -0.0062922 0.00387495 0.999973 0.240457 0.022503 -0.399494
FixedParameters: 0 0 0

#Transform 87
Transform: AffineTransform_float_3_3
Parameters: 0.999964 -0.00614216 0.00597721 0.00616526 0.999974 -0.00374818 -0.00595417 0.00378482 0.999975 0.203682 0.0577213 -0.200407
FixedParameters: 0 0 0

#Transform 88
Transform: AffineTransform_float_3_3
Parameters: 0.999963 -0.00590687 0.00628011 0.00593911 0.999969 -0.00515512 -0.00624953 0.00519188 0.999967 0.222724 8.06949e-05 -0.506273
FixedParameters: 0 0 0

#Transform 89
Transform: AffineTransform_float_3_3
Parameters: 0.99996 -0.0064274 0.00610041 0.00645086 0.999972 -0.00384162 -0.00607545 0.00388038 0.999974 0.210454 0.0643093 -0.20306
FixedParameters: 0 0 0

#Transform 90
Transform: AffineTransform_float_3_3
Parameters: 0.999959 -0.00614844 0.00673303 0.00618611 0.999965 -0.00568877 -0.0066982 0.00572924 0.999961 0.229579 0.0149952 -0.406401
FixedParameters: 0 0 0

#Transform 91
Transform: AffineTransform_float_3_3
Parameters: 0.999948 -0.0069173 0.00750227 0.00694655 0.999969 -0.00384972 -0.00747543 0.00390128 0.999964 0.242884 0.0857612 -0.0761476
FixedParameters: 0 0 0

#Transform 92
Transform: AffineTransform_float_3_3
Parameters: 0.999944 -0.0069276 0.00791568 0.00697309 0.99996 -0.00572915 -0.00787612 0.00578386 0.999952 0.2768 0.0507819 -0.328721
FixedParameters: 0 0 0

#Transform 93
Transform: AffineTransform_float_3_3
Parameters: 0.999936 -0.00760924 0.00845726 0.00765895 0.999954 -0.00585524 -0.00841257 0.00591978 0.999947 0.27208 0.0327149 -0.262066
FixedParameters: 0 0 0

#Transform 94
Transform: AffineTransform_float_3_3
Parameters: 0.999915 -0.00844729 0.0100066 0.00852319 0.999935 -0.00751617 -0.00994213 0.00760083 0.999922 0.327452 0.0336036 -0.311534
FixedParameters: 0 0 0

#Transform 95
Transform: AffineTransform_float_3_3
Parameters: 0.999914 -0.00844128 0.0100315 0.00851322 0.999938 -0.00710802 -0.00997022 0.00719297 0.999924 0.330774 0.0287619 -0.383963
FixedParameters: 0 0 0

#Transform 96
Transform: AffineTransform_float_3_3
Parameters: 0.999909 -0.00948239 0.00957369 0.00958181 0.9999 -0.0104023 -0.00947346 0.0104927 0.9999 0.336913 0.00770224 -0.327743
FixedParameters: 0 0 0

#Transform 97
Transform: AffineTransform_float_3_3
Parameters: 0.999889 -0.00982462 0.0112674 0.0099615 0.999877 -0.012171 -0.0111465 0.012282 0.999863 0.372376 -0.0654773 -0.557526
FixedParameters: 0 0 0

#Transform 98
Transform: AffineTransform_float_3_3
Parameters: 0.99989 -0.0100556 0.0108383 0.0101838 0.999878 -0.0118243 -0.0107174 0.0119337 0.999871 0.368387 -0.0108932 -0.434396
FixedParameters: 0 0 0

#Transform 99
Transform: AffineTransform_float_3_3
Parameters: 0.999886 -0.0100782 0.01125 0.010229 0.999858 -0.0134188 -0.0111134 0.0135322 0.999847 0.400449 -0.0884641 -0.687765
FixedParameters: 0 0 0

#Transform 100
Transform: AffineTransform_float_3_3
Parameters: 0.999868 -0.0107532 0.0121946 0.010899 0.99987 -0.0118693 -0.0120652 0.0120007 0.999855 0.406972 -0.00666492 -0.294036
FixedParameters: 0 0 0

#Transform 101
Transform: AffineTransform_float_3_3
Parameters: 0.999806 -0.0124752 0.0152842 0.0127238 0.999786 -0.0163127 -0.0150775 0.0165043 0.999751 0.509048 -0.154698 -0.656495
FixedParameters: 0 0 0

#Transform 102
Transform: AffineTransform_float_3_3
Parameters: 0.999782 -0.0133444 0.016013 0.0135987 0.999783 -0.0158439 -0.0157983 0.0160581 0.999746 0.513136 -0.0777295 -0.44889
FixedParameters: 0 0 0

#Transform 103
Transform: AffineTransform_float_3_3
Parameters: 0.999774 -0.0132992 0.0165763 0.0136142 0.999726 -0.0190273 -0.0163186 0.0192487 0.999682 0.549026 -0.17649 -0.641116
FixedParameters: 0 0 0

#Transform 104
Transform: AffineTransform_float_3_3
Parameters: 0.99976 -0.0144562 0.0164495 0.0147551 0.999725 -0.0182096 -0.0161813 0.0184484 0.999698 0.558549 -0.183391 -0.725998
FixedParameters: 0 0 0

#Transform 105
Transform: AffineTransform_float_3_3
Parameters: 0.999732 -0.015551 0.0171604 0.0159456 0.999606 -0.0230961 -0.0167945 0.023364 0.999586 0.667578 -0.294252 -0.855327
FixedParameters: 0 0 0

#Transform 106
Transform: AffineTransform_float_3_3
Parameters: 0.999694 -0.0163309 0.0185715 0.0167186 0.999641 -0.0209185 -0.018223 0.0212225 0.999609 0.668224 -0.231478 -0.839306
FixedParameters: 0 0 0

#Transform 107
Transform: AffineTransform_float_3_3
Parameters: 0.999667 -0.0165935 0.0197294 0.0170047 0.999638 -0.0208848 -0.0193761 0.0212132 0.999587 0.677153 -0.185472 -0.646909
FixedParameters: 0 0 0

#Transform 108
Transform: AffineTransform_float_3_3
Parameters: 0.99965 -0.0170644 0.0202496 0.0175285 0.999583 -0.0229837 -0.0198496 0.0233304 0.999531 0.701631 -0.275097 -0.88873
FixedParameters: 0 0 0

#Transform 109
Transform: AffineTransform_float_3_3
Parameters: 0.999648 -0.0177253 0.0197461 0.0181468 0.999606 -0.0214157 -0.0193589 0.0217663 0.999576 0.694142 -0.241832 -0.77145
FixedParameters: 0 0 0

#Transform 110
Transform: AffineTransform_float_3_3
Parameters: 0.999616 -0.0179184 0.0211039 0.0184128 0.999555 -0.0234705 -0.020674 0.0238494 0.999501 0.747706 -0.280306 -0.757738
FixedParameters: 0 0 0

#Transform 111
Transform: AffineTransform_float_3_3
Parameters: 0.999619 -0.0176909 0.021156 0.0181609 0.999587 -0.0222784 -0.020753 0.0226546 0.999528 0.714965 -0.261494 -0.870007
FixedParameters: 0 0 0

#Transform 112
Transform: AffineTransform_float_3_3
Parameters: 0.999558 -0.018823 0.0230064 0.0193079 0.999592 -0.0210432 -0.0226011 0.0214788 0.999514 0.76992 -0.200143 -0.484062
FixedParameters: 0 0 0

#Transform 113
Transform: AffineTransform_float_3_3
Parameters: 0.99954 -0.0190549 0.0235718 0.0196416 0.999497 -0.0248939 -0.0230862 0.0253451 0.999412 0.830137 -0.33077 -0.936218
FixedParameters: 0 0 0

#Transform 114
Transform: AffineTransform_float_3_3
Parameters: 0.99956 -0.019441 0.0224238 0.0199387 0.999555 -0.0221976 -0.0219822 0.0226354 0.999502 0.786522 -0.220232 -0.729013
FixedParameters: 0 0 0

#Transform 115
Transform: AffineTransform_float_3_3
Parameters: 0.999551 -0.019434 0.0227818 0.0199826 0.99951 -0.0240858 -0.0223024 0.0245302 0.999451 0.826116 -0.261283 -0.782702
FixedParameters: 0 0 0

#Transform 116
Transform: AffineTransform_float_3_3
Parameters: 0.999572 -0.019406 0.0218925 0.019911 0.999535 -0.0230702 -0.0214352 0.0234958 0.999494 0.780779 -0.242275 -0.824481
FixedParameters: 0 0 0

#Transform 117
Transform: AffineTransform_float_3_3
Parameters: 0.999528 -0.0199973 0.0232954 0.0205629 0.999493 -0.0242924 -0.0227979 0.0247597 0.999433 0.819209 -0.258409 -0.64066
FixedParameters: 0 0 0

#Transform 118
Transform: AffineTransform_float_3_3
Parameters: 0.999538 -0.0198618 0.0230038 0.020436 0.999478 -0.0250013 -0.0224947 0.0254597 0.999423 0.801863 -0.328298 -0.96316
FixedParameters: 0 0 0

#Transform 119
Transform: AffineTransform_float_3_3
Parameters: 0.999511 -0.020385 0.0237401 0.0209646 0.999481 -0.02445 -0.0232294 0.024936 0.999419 0.817105 -0.245181 -0.670436
FixedParameters: 0 0 0

#Transform 120
Transform: AffineTransform_float_3_3
Parameters: 0.999506 -0.0201868 0.0240625 0.0208293 0.999425 -0.0267576 -0.0235085 0.0272454 0.999352 0.839567 -0.397412 -1.09102
FixedParameters: 0 0 0

#Transform 121
Transform: AffineTransform_float_3_3
Parameters: 0.999501 -0.0207461 0.0238273 0.0213341 0.999468 -0.0246926 -0.0233024 0.0251884 0.999411 0.811839 -0.248268 -0.73509
FixedParameters: 0 0 0

#Transform 122
Transform: AffineTransform_float_3_3
Parameters: 0.999434 -0.0206188 0.0265892 0.0213233 0.999422 -0.0264868 -0.0260276 0.0270392 0.999296 0.892625 -0.319507 -0.853084
FixedParameters: 0 0 0

#Transform 123
Transform: AffineTransform_float_3_3
Parameters: 0.999461 -0.0209582 0.0252413 0.0215712 0.999473 -0.0242566 -0.02472 0.0247884 0.999387 0.856607 -0.268243 -0.787794
FixedParameters: 0 0 0

#Transform 124
Transform: AffineTransform_float_3_3
Parameters: 0.999466 -0.0204837 0.0254841 0.0211396 0.999445 -0.0257387 -0.0249432 0.0262643 0.999344 0.878917 -0.317514 -0.838789
FixedParameters: 0 0 0

#Transform 125
Transform: AffineTransform_float_3_3
Parameters: 0.999443 -0.0207028 0.0261719 0.021454 0.999357 -0.0287242 -0.0255606 0.0292698 0.999245 0.890391 -0.443235 -1.11478
FixedParameters: 0 0 0

#Transform 126
Transform: AffineTransform_float_3_3
Parameters: 0.999457 -0.0211682 0.0252486 0.0218275 0.99942 -0.026133 -0.0246814 0.02667 0.99934 0.861688 -0.305913 -0.871136
FixedParameters: 0 0 0

#Transform 127
Transform: AffineTransform_float_3_3
Parameters: 0.99945 -0.0209188 0.0257223 0.0216424 0.999367 -0.0281985 -0.0251162 0.0287395 0.999271 0.896887 -0.396962 -1.09547
FixedParameters: 0 0 0

#Transform 128
Transform: AffineTransform_float_3_3
Parameters: 0.999458 -0.0211977 0.025179 0.021859 0.999415 -0.0262824 -0.0246074 0.0268186 0.999338 0.860442 -0.325627 -0.96428
FixedParameters: 0 0 0

#Transform 129
Transform: AffineTransform_float_3_3
Parameters: 0.999417 -0.0214586 0.0265552 0.0221783 0.999386 -0.0271419 -0.0259565 0.0277151 0.999279 0.915077 -0.350167 -0.938416
FixedParameters: 0 0 0

#Transform 130
Transform: AffineTransform_float_3_3
Parameters: 0.999412 -0.021599 0.0266571 0.0223517 0.999351 -0.0282512 -0.0260291 0.0288308 0.999245 0.906915 -0.429636 -1.17923
FixedParameters: 0 0 0

#Transform 131
Transform: AffineTransform_float_3_3
Parameters: 0.999379 -0.0220769 0.0274884 0.0228032 0.999391 -0.0264107 -0.0268884 0.0270204 0.999273 0.913716 -0.305872 -0.794783
FixedParameters: 0 0 0

#Transform 132
Transform: AffineTransform_float_3_3
Parameters: 0.999296 -0.0222076 0.030259 0.0231743 0.99922 -0.0319545 -0.0295257 0.0326335 0.999031 1.12428 -0.575468 -1.53644
FixedParameters: 0 0 0

#Transform 133
Transform: AffineTransform_float_3_3
Parameters: 0.999309 -0.0238362 0.0285112 0.0246349 0.999305 -0.0279822 -0.0278244 0.0286648 0.999202 1.0685 -0.305244 -0.850857
FixedParameters: 0 0 0

#Transform 134
Transform: AffineTransform_float_3_3
Parameters: 0.999346 -0.0234989 0.0274872 0.0242706 0.999311 -0.0280825 -0.026808 0.0287315 0.999227 1.12863 -0.329181 -1.11166
FixedParameters: 0 0 0

#Transform 135
Transform: AffineTransform_float_3_3
Parameters: 0.999366 -0.0241265 0.0261597 0.0248281 0.999331 -0.0268327 -0.0254947 0.0274653 0.999298 1.07669 -0.289771 -1.02322
FixedParameters: 0 0 0

#Transform 136
Transform: AffineTransform_float_3_3
Parameters: 0.999369 -0.0238228 0.026353 0.0245478 0.999319 -0.0275401 -0.0256792 0.0281699 0.999273 1.13243 -0.325151 -1.06278
FixedParameters: 0 0 0

#Transform 137
Transform: AffineTransform_float_3_3
Parameters: 0.999363 -0.0240444 0.026363 0.0247338 0.999352 -0.0261316 -0.0257173 0.0267674 0.99931 1.09282 -0.296946 -1.08225
FixedParameters: 0 0 0

#Transform 138
Transform: AffineTransform_float_3_3
Parameters: 0.999385 -0.0236747 0.0258687 0.0243591 0.999353 -0.0264731 -0.0252243 0.0270869 0.999315 1.11072 -0.316668 -1.04583
FixedParameters: 0 0 0

#Transform 139
Transform: AffineTransform_float_3_3
Parameters: 0.999383 -0.023379 0.0261859 0.0240662 0.999367 -0.0262056 -0.0255567 0.0268193 0.999313 1.08376 -0.329062 -1.16832
FixedParameters: 0 0 0

#Transform 140
Transform: AffineTransform_float_3_3
Parameters: 0.999373 -0.02349 0.0264977 0.0241872 0.999361 -0.0263107 -0.0258627 0.0269353 0.999303 1.08551 -0.34683 -1.10812
FixedParameters: 0 0 0

#Transform 141
Transform: AffineTransform_float_3_3
Parameters: 0.999385 -0.0231905 0.0263213 0.0239002 0.99935 -0.0269984 -0.0256782 0.0276106 0.999288 1.09046 -0.350523 -1.24828
FixedParameters: 0 0 0

#Transform 142
Transform: AffineTransform_float_3_3
Parameters: 0.99938 -0.0235314 0.0261666 0.024207 0.999374 -0.0258062 -0.025543 0.0264238 0.999324 1.06983 -0.293799 -1.06398
FixedParameters: 0 0 0

#Transform 143
Transform: AffineTransform_float_3_3
Parameters: 0.999373 -0.0232517 0.0267044 0.0239616 0.999359 -0.0265913 -0.0260685 0.0272137 0.999289 1.07596 -0.341301 -1.22031
FixedParameters: 0 0 0

#Transform 144
Transform: AffineTransform_float_3_3
Parameters: 0.999382 -0.0238006 0.0258628 0.0244775 0.999358 -0.026174 -0.0252231 0.026791 0.999323 1.07026 -0.289864 -1.06384
FixedParameters: 0 0 0

#Transform 145
Transform: AffineTransform_float_3_3
Parameters: 0.999383 -0.0234239 0.0261935 0.0241172 0.999358 -0.0264917 -0.0255562 0.0271073 0.999306 1.06477 -0.292875 -1.19368
FixedParameters: 0 0 0

#Transform 146
Transform: AffineTransform_float_3_3
Parameters: 0.999375 -0.023579 0.0263362 0.0242779 0.999353 -0.0265336 -0.025693 0.0271564 0.999301 1.0789 -0.290772 -1.06139
FixedParameters: 0 0 0

#Transform 147
Transform: AffineTransform_float_3_3
Parameters: 0.999403 -0.0230705 0.0256959 0.0237686 0.999347 -0.0272322 -0.0250508 0.0278259 0.999299 1.08687 -0.312762 -1.20959
FixedParameters: 0 0 0

#Transform 148
Transform: AffineTransform_float_3_3
Parameters: 0.999386 -0.0235954 0.0258766 0.024261 0.999374 -0.0257327 -0.025253 0.0263443 0.999334 1.0554 -0.271365 -1.05019
FixedParameters: 0 0 0

#Transform 149
Transform: AffineTransform_float_3_3
Parameters: 0.999377 -0.0234867 0.0263434 0.0241985 0.999342 -0.0270237 -0.0256912 0.0276443 0.999288 1.07991 -0.319096 -1.19108
FixedParameters: 0 0 0

#Transform 150
Transform: AffineTransform_float_3_3
Parameters: 0.999395 -0.0236142 0.0255633 0.0242696 0.999376 -0.025648 -0.0249413 0.026253 0.999344 1.03171 -0.250009 -1.0274
FixedParameters: 0 0 0

#Transform 151
Transform: AffineTransform_float_3_3
Parameters: 0.999364 -0.0236947 0.0266704 0.0244365 0.999313 -0.027842 -0.0259924 0.028476 0.999257 1.07608 -0.34292 -1.25804
FixedParameters: 0 0 0

#Transform 152
Transform: AffineTransform_float_3_3
Parameters: 0.999362 -0.0245702 0.0259123 0.0252479 0.999339 -0.0261838 -0.0252515 0.0268213 0.999321 1.04675 -0.279599 -1.0638
FixedParameters: 0 0 0

#Transform 153
Transform: AffineTransform_float_3_3
Parameters: 0.999372 -0.0237875 0.0262712 0.0245047 0.999326 -0.0273368 -0.0256028 0.0279642 0.999281 1.06835 -0.306205 -1.1766
FixedParameters: 0 0 0

#Transform 154
Transform: AffineTransform_float_3_3
Parameters: 0.999384 -0.0241899 0.0254484 0.0248398 0.999365 -0.0255433 -0.0248136 0.0261597 0.99935 1.03779 -0.221946 -0.953095
FixedParameters: 0 0 0

#Transform 155
Transform: AffineTransform_float_3_3
Parameters: 0.999379 -0.0240084 0.0258198 0.0246889 0.999348 -0.0263765 -0.0251692 0.0269975 0.999319 1.06404 -0.288439 -1.14384
FixedParameters: 0 0 0

#Transform 156
Transform: AffineTransform_float_3_3
Parameters: 0.999366 -0.0244043 0.0258966 0.0250604 0.999365 -0.0253252 -0.0252627 0.0259578 0.999344 1.03866 -0.233418 -0.979191
FixedParameters: 0 0 0

#Transform 157
Transform: AffineTransform_float_3_3
Parameters: 0.999339 -0.0241389 0.0272075 0.0248913 0.999308 -0.027657 -0.0265213 0.0283161 0.999247 1.04814 -0.329056 -1.20458
FixedParameters: 0 0 0

#Transform 158
Transform: AffineTransform_float_3_3
Parameters: 0.99932 -0.0248016 0.0272827 0.0254789 0.999369 -0.0247703 -0.026651 0.0254488 0.999321 1.01273 -0.173323 -0.853274
FixedParameters: 0 0 0

#Transform 159
Transform: AffineTransform_float_3_3
Parameters: 0.999284 -0.0250444 0.0283511 0.025797 0.999316 -0.0264958 -0.0276674 0.0272082 0.999246 1.04008 -0.236054 -1.00079
FixedParameters: 0 0 0

#Transform 160
Transform: AffineTransform_float_3_3
Parameters: 0.999295 -0.0253362 0.0276805 0.0260324 0.999346 -0.0250754 -0.0270269 0.0257776 0.999302 1.00014 -0.22911 -0.923451
FixedParameters: 0 0 0

#Transform 161
Transform: AffineTransform_float_3_3
Parameters: 0.99927 -0.0247281 0.0290953 0.0255258 0.999299 -0.0273955 -0.0283969 0.0281185 0.999201 1.04787 -0.243778 -0.920254
FixedParameters: 0 0 0

#Transform 162
Transform: AffineTransform_float_3_3
Parameters: 0.99928 -0.0250395 0.0284825 0.0257701 0.99934 -0.025586 -0.0278235 0.0263021 0.999267 1.00279 -0.248992 -1.03798
FixedParameters: 0 0 0

#Transform 163
Transform: AffineTransform_float_3_3
Parameters: 0.9992 -0.0253888 0.0308987 0.0262818 0.999239 -0.028831 -0.0301431 0.0296199 0.999106 1.0447 -0.332564 -1.02231
FixedParameters: 0 0 0

#Transform 164
Transform: AffineTransform_float_3_3
Parameters: 0.999241 -0.0256487 0.029313 0.0264298 0.999297 -0.0265858 -0.0286104 0.0273403 0.999217 1.00637 -0.292998 -1.02237
FixedParameters: 0 0 0

#Transform 165
Transform: AffineTransform_float_3_3
Parameters: 0.999207 -0.0252723 0.0307899 0.0261657 0.999238 -0.0289677 -0.0300348 0.0297503 0.999106 1.05272 -0.366025 -1.05226
FixedParameters: 0 0 0

#Transform 166
Transform: AffineTransform_float_3_3
Parameters: 0.999261 -0.0249065 0.0292678 0.0257186 0.999286 -0.0276954 -0.0285579 0.0284276 0.999188 1.05109 -0.320622 -1.24043
FixedParameters: 0 0 0

#Transform 167
Transform: AffineTransform_float_3_3
Parameters: 0.999283 -0.0249411 0.0285112 0.0257427 0.999272 -0.0281301 -0.0277892 0.0288439 0.999197 1.04722 -0.375992 -1.13711
FixedParameters: 0 0 0

#Transform 168
Transform: AffineTransform_float_3_3
Parameters: 0.999244 -0.024512 0.0301588 0.0254542 0.999186 -0.0312824 -0.0293676 0.0320266 0.999056 1.06488 -0.456405 -1.36609
FixedParameters: 0 0 0

#Transform 169
Transform: AffineTransform_float_3_3
Parameters: 0.999238 -0.0254847 0.0295807 0.0262688 0.999305 -0.0264633 -0.0288859 0.0272198 0.999213 1.03963 -0.195505 -0.688395
FixedParameters: 0 0 0

#Transform 170
Transform: AffineTransform_float_3_3
Parameters: 0.999265 -0.0253168 0.0288023 0.0261458 0.999244 -0.0287777 -0.0280514 0.0295093 0.999171 1.00669 -0.342072 -1.17261
FixedParameters: 0 0 0

#Transform 171
Transform: AffineTransform_float_3_3
Parameters: 0.999284 -0.0278695 0.0255909 0.0285604 0.999226 -0.0270471 -0.0248172 0.027758 0.999307 1.0151 -0.0853527 -1.08568
FixedParameters: 0 0 0

#Transform 172
Transform: AffineTransform_float_3_3
Parameters: 0.999193 -0.0273062 0.0294815 0.0282152 0.999125 -0.0308591 -0.0286127 0.0316659 0.999089 1.16215 -0.421585 -1.43855
FixedParameters: 0 0 0

#Transform 173
Transform: AffineTransform_float_3_3
Parameters: 0.999179 -0.0270006 0.0301971 0.0279783 0.999082 -0.0324335 -0.0292931 0.0332515 0.999018 1.15712 -0.405696 -1.32413
FixedParameters: 0 0 0

#Transform 174
Transform: AffineTransform_float_3_3
Parameters: 0.999175 -0.0286921 0.0287663 0.0296247 0.999031 -0.0325427 -0.027805 0.0333683 0.999056 1.2504 -0.399108 -1.34949
FixedParameters: 0 0 0

#Transform 175
Transform: AffineTransform_float_3_3
Parameters: 0.999129 -0.0339346 0.0242746 0.0346475 0.998962 -0.0295753 -0.0232462 0.0303908 0.999268 1.2383 -0.26307 -1.08433
FixedParameters: 0 0 0

#Transform 176
Transform: AffineTransform_float_3_3
Parameters: 0.999259 -0.029543 0.024649 0.0302842 0.999082 -0.0302821 -0.0237314 0.0310069 0.999237 1.15361 -0.263263 -1.02093
FixedParameters: 0 0 0

#Transform 177
Transform: AffineTransform_float_3_3
Parameters: 0.999219 -0.0312675 0.0241382 0.0319242 0.999116 -0.0273347 -0.0232619 0.0280833 0.999335 1.1397 -0.164494 -0.854395
FixedParameters: 0 0 0

#Transform 178
Transform: AffineTransform_float_3_3
Parameters: 0.999253 -0.0303459 0.0239584 0.0310537 0.999075 -0.0297427 -0.023034 0.0304643 0.999271 1.12057 -0.312691 -1.15994
FixedParameters: 0 0 0

#Transform 179
Transform: AffineTransform_float_3_3
Parameters: 0.999249 -0.0307292 0.023576 0.0313805 0.999122 -0.0277419 -0.0227031 0.0284611 0.999337 1.09357 -0.228652 -0.993486
FixedParameters: 0 0 0
