# transform file /out/sourcedata/freesurfer/sub-v1s10x0050999_ses-1/mri/transforms/cc_up.lta
# created by oesteban on Thu Mar 12 03:20:33 2026

type      = 0 # LINEAR_VOX_TO_VOX
nxforms   = 1
mean      = 131.0000 142.0000 116.0000
sigma     = 10000.0000
1 4 4
9.950999021530151e-01 3.850197419524193e-02 9.106910973787308e-02 -1.825249671936035e+01 
-3.834174200892448e-02 9.992583990097046e-01 -3.508942201733589e-03 1.250686931610107e+01 
-9.113668650388718e-02 0.000000000000000e+00 9.958382844924927e-01 3.041665267944336e+01 
0.000000000000000e+00 0.000000000000000e+00 0.000000000000000e+00 1.000000000000000e+00 
src volume info
valid = 1  # volume info valid
filename = /out/sourcedata/freesurfer/sub-v1s10x0050999_ses-1/mri/norm.mgz
volume = 256 256 256
voxelsize = 1.000000000000000e+00 1.000000000000000e+00 1.000000000000000e+00
xras   = -1.000000000000000e+00 0.000000000000000e+00 0.000000000000000e+00
yras   = 0.000000000000000e+00 0.000000000000000e+00 -1.000000000000000e+00
zras   = 0.000000000000000e+00 1.000000000000000e+00 0.000000000000000e+00
cras   = -1.451560211181641e+01 1.000000000000000e+00 -1.634939575195312e+01
dst volume info
valid = 1  # volume info valid
filename = /out/sourcedata/freesurfer/sub-v1s10x0050999_ses-1/mri/norm.mgz
volume = 256 256 256
voxelsize = 1.000000000000000e+00 1.000000000000000e+00 1.000000000000000e+00
xras   = -1.000000000000000e+00 0.000000000000000e+00 0.000000000000000e+00
yras   = 0.000000000000000e+00 0.000000000000000e+00 -1.000000000000000e+00
zras   = 0.000000000000000e+00 1.000000000000000e+00 0.000000000000000e+00
cras   = -1.451560211181641e+01 1.000000000000000e+00 -1.634939575195312e+01
