#Insight Transform File V1.0
#Transform 0
Transform: AffineTransform_float_3_3
Parameters: 0.999999 -0.000161304 0.00132347 0.000161298 1 -0.000345275 -0.00132296 0.000345726 0.999999 0.10769 -0.378351 -0.592405
FixedParameters: 0 0 0

#Transform 1
Transform: AffineTransform_float_3_3
Parameters: 0.999999 0.000649923 0.00043567 -0.000649886 1 -4.2283e-05 -0.000435725 4.17167e-05 1 -0.00909753 0.0872967 0.197242
FixedParameters: 0 0 0

#Transform 2
Transform: AffineTransform_float_3_3
Parameters: 0.999999 0.000330816 0.000683004 -0.000330571 0.999999 -0.000852866 -0.000683177 0.000853134 1 -0.0129507 0.0789658 0.0768691
FixedParameters: 0 0 0

#Transform 3
Transform: AffineTransform_float_3_3
Parameters: 1 0.000503344 0.000485706 -0.000502514 1 -0.000853037 -0.000486565 0.000853962 1 -0.00700223 0.0939439 0.0289532
FixedParameters: 0 0 0

#Transform 4
Transform: AffineTransform_float_3_3
Parameters: 1 0.000223712 0.000555765 -0.000224133 1 0.000378875 -0.000555595 -0.000379124 1 0.00605615 0.0890724 0.0174311
FixedParameters: 0 0 0

#Transform 5
Transform: AffineTransform_float_3_3
Parameters: 0.999999 0.000359331 0.00148676 -0.000359644 1 0.000104825 -0.00148669 -0.000105175 0.999999 -0.0277663 0.0930047 0.0208
FixedParameters: 0 0 0

#Transform 6
Transform: AffineTransform_float_3_3
Parameters: 1 0.000610283 0.000981531 -0.000609847 1 -0.000222239 -0.000981802 0.000221761 1 0.0281014 0.0933448 -0.00767932
FixedParameters: 0 0 0

#Transform 7
Transform: AffineTransform_float_3_3
Parameters: 0.999998 0.000685998 0.00159581 -0.000685211 1 -0.000535375 -0.00159616 0.000534625 0.999999 -0.00972098 0.0834404 0.029811
FixedParameters: 0 0 0

#Transform 8
Transform: AffineTransform_float_3_3
Parameters: 0.999999 0.000525528 0.000780564 -0.000523853 0.999999 -0.000823049 -0.000780507 0.00082295 1 0.0235661 0.0718914 0.0295093
FixedParameters: 0 0 0

#Transform 9
Transform: AffineTransform_float_3_3
Parameters: 0.999999 0.000203662 0.00141506 -0.000202899 1 -0.000407775 -0.00141615 0.000407224 0.999999 0.012153 0.0916417 -0.000633179
FixedParameters: 0 0 0

#Transform 10
Transform: AffineTransform_float_3_3
Parameters: 0.999998 9.64282e-05 0.00209751 -9.47921e-05 1 -0.000609688 -0.00209724 0.000609312 0.999997 0.00404166 0.0909094 0.0274219
FixedParameters: 0 0 0

#Transform 11
Transform: AffineTransform_float_3_3
Parameters: 1 6.31211e-05 0.000511082 -6.22798e-05 0.999999 -0.000823031 -0.000511185 0.000822967 0.999999 0.0436561 0.0971268 -0.000383704
FixedParameters: 0 0 0

#Transform 12
Transform: AffineTransform_float_3_3
Parameters: 0.999998 -0.000528749 0.00152274 0.000531996 0.999997 -0.00192753 -0.00152175 0.00192847 0.999998 0.00724815 0.0974644 0.0760266
FixedParameters: 0 0 0

#Transform 13
Transform: AffineTransform_float_3_3
Parameters: 0.999998 -0.000652845 0.0015666 0.000655325 0.999998 -0.00162867 -0.00156553 0.00162933 0.999998 0.0232997 0.0851493 0.0735587
FixedParameters: 0 0 0

#Transform 14
Transform: AffineTransform_float_3_3
Parameters: 0.999999 -0.000226724 0.0015009 0.000232219 0.999993 -0.00375514 -0.00149998 0.00375586 0.999992 -0.0223069 0.0801616 0.0932357
FixedParameters: 0 0 0

#Transform 15
Transform: AffineTransform_float_3_3
Parameters: 0.999998 -0.000741038 0.0014612 0.000744847 0.999996 -0.00278412 -0.00145957 0.00278488 0.999995 0.0111155 0.0877778 0.0672217
FixedParameters: 0 0 0

#Transform 16
Transform: AffineTransform_float_3_3
Parameters: 0.999999 -0.000643543 0.00169074 0.000647365 0.999997 -0.00229375 -0.00168936 0.00229524 0.999995 0.0271507 0.0890201 0.0840652
FixedParameters: 0 0 0

#Transform 17
Transform: AffineTransform_float_3_3
Parameters: 0.999999 -0.000937254 0.000946457 0.000941335 0.999988 -0.00486532 -0.000941667 0.00486568 0.999988 0.0955112 0.0184104 0.282064
FixedParameters: 0 0 0

#Transform 18
Transform: AffineTransform_float_3_3
Parameters: 0.999998 -0.000811904 0.00149234 0.000817188 0.999994 -0.00335163 -0.0014903 0.00335337 0.999993 -0.00440142 -0.00337144 0.378583
FixedParameters: 0 0 0

#Transform 19
Transform: AffineTransform_float_3_3
Parameters: 0.999999 -0.00097314 0.0002957 0.000973689 0.999995 -0.00292407 -0.000292769 0.00292393 0.999996 0.0189736 -0.0191006 0.323613
FixedParameters: 0 0 0

#Transform 20
Transform: AffineTransform_float_3_3
Parameters: 0.999997 -0.00172091 0.00129862 0.00172412 0.999994 -0.00285333 -0.00129353 0.00285567 0.999995 0.00916913 -0.0119858 0.321958
FixedParameters: 0 0 0

#Transform 21
Transform: AffineTransform_float_3_3
Parameters: 0.999999 -0.00110685 0.00105964 0.00110908 0.999997 -0.00204003 -0.00105749 0.00204097 0.999997 0.0080661 0.000938426 0.333932
FixedParameters: 0 0 0

#Transform 22
Transform: AffineTransform_float_3_3
Parameters: 0.999998 -0.00142455 0.00127282 0.00142772 0.999997 -0.00221939 -0.00126978 0.00222161 0.999997 0.0128894 0.0150332 0.333417
FixedParameters: 0 0 0

#Transform 23
Transform: AffineTransform_float_3_3
Parameters: 0.999999 -0.00120628 0.00135359 0.00120891 0.999997 -0.00222958 -0.00135111 0.00223143 0.999997 0.000642079 -0.00374516 0.369337
FixedParameters: 0 0 0

#Transform 24
Transform: AffineTransform_float_3_3
Parameters: 0.999998 -0.00116374 0.00110074 0.00116696 0.999995 -0.00301593 -0.00109661 0.00301708 0.999995 0.0134755 -0.00201984 0.340632
FixedParameters: 0 0 0

#Transform 25
Transform: AffineTransform_float_3_3
Parameters: 0.999998 -0.00109551 0.00173354 0.0011004 0.999995 -0.00277215 -0.00173088 0.00277385 0.999994 -0.00983374 0.000944851 0.367241
FixedParameters: 0 0 0

#Transform 26
Transform: AffineTransform_float_3_3
Parameters: 0.999998 -0.00163647 0.0010384 0.00163909 0.999995 -0.00283902 -0.00103423 0.00284098 0.999995 0.0289687 0.0191492 0.372126
FixedParameters: 0 0 0

#Transform 27
Transform: AffineTransform_float_3_3
Parameters: 0.999998 -0.00127323 0.00144228 0.00127756 0.999995 -0.00295322 -0.00143948 0.00295479 0.999995 0.0146465 0.0209736 0.345866
FixedParameters: 0 0 0

#Transform 28
Transform: AffineTransform_float_3_3
Parameters: 0.999998 -0.00125718 0.00154493 0.0012624 0.999993 -0.00334311 -0.00154086 0.00334489 0.999993 0.00909992 0.0190022 0.385613
FixedParameters: 0 0 0

#Transform 29
Transform: AffineTransform_float_3_3
Parameters: 0.999999 -0.0014403 0.000440574 0.00144282 0.999982 -0.00586388 -0.000432341 0.00586511 0.999982 0.0870577 -0.00177716 0.313086
FixedParameters: 0 0 0

#Transform 30
Transform: AffineTransform_float_3_3
Parameters: 0.999998 -0.0019535 0.000510167 0.00195573 0.999985 -0.00516688 -0.000499562 0.00516811 0.999986 0.072142 0.00848517 0.413214
FixedParameters: 0 0 0

#Transform 31
Transform: AffineTransform_float_3_3
Parameters: 0.999998 -0.00124505 0.00158616 0.00125184 0.99999 -0.00429108 -0.00158125 0.00429293 0.99999 0.0377604 -0.00485356 0.439248
FixedParameters: 0 0 0

#Transform 32
Transform: AffineTransform_float_3_3
Parameters: 0.999999 -0.001424 0.00113382 0.00142574 0.999996 -0.00244296 -0.00113068 0.00244405 0.999996 0.0602929 0.0328259 0.413769
FixedParameters: 0 0 0

#Transform 33
Transform: AffineTransform_float_3_3
Parameters: 0.999997 -0.00142782 0.00166003 0.00143107 0.999997 -0.00212268 -0.00165778 0.00212532 0.999997 0.050347 0.0368493 0.358008
FixedParameters: 0 0 0

#Transform 34
Transform: AffineTransform_float_3_3
Parameters: 0.999998 -0.00109399 0.00162455 0.00109906 0.999995 -0.00301143 -0.00162138 0.00301357 0.999994 0.052598 0.0290045 0.315961
FixedParameters: 0 0 0

#Transform 35
Transform: AffineTransform_float_3_3
Parameters: 0.999996 -0.00274042 0.000977228 0.00274262 0.999994 -0.00233092 -0.000969962 0.00233408 0.999997 0.120994 0.0256478 0.311442
FixedParameters: 0 0 0

#Transform 36
Transform: AffineTransform_float_3_3
Parameters: 0.999996 -0.00174478 0.00195828 0.00175065 0.999996 -0.00247 -0.00195346 0.002474 0.999995 0.0735412 0.0224427 0.328554
FixedParameters: 0 0 0

#Transform 37
Transform: AffineTransform_float_3_3
Parameters: 0.999997 -0.00157687 0.00188837 0.00158271 0.999994 -0.00324744 -0.00188298 0.00325057 0.999993 0.0854877 0.0332669 0.315875
FixedParameters: 0 0 0

#Transform 38
Transform: AffineTransform_float_3_3
Parameters: 0.999997 -0.00139312 0.00212682 0.00139797 0.999996 -0.0025583 -0.00212364 0.00256071 0.999994 0.0489298 0.0316775 0.388505
FixedParameters: 0 0 0

#Transform 39
Transform: AffineTransform_float_3_3
Parameters: 0.999998 -0.00164287 0.00102997 0.00164758 0.999989 -0.00426388 -0.00102291 0.00426512 0.99999 0.0774777 0.0195271 0.3895
FixedParameters: 0 0 0

#Transform 40
Transform: AffineTransform_float_3_3
Parameters: 0.999998 -0.00201895 0.00100585 0.00202346 0.99999 -0.00400506 -0.000997939 0.00400695 0.999991 0.0844021 0.00426653 0.380592
FixedParameters: 0 0 0

#Transform 41
Transform: AffineTransform_float_3_3
Parameters: 0.999995 -0.00318833 0.000894011 0.0031907 0.999991 -0.00278827 -0.000884889 0.00279173 0.999995 0.100013 -0.00509999 0.39924
FixedParameters: 0 0 0

#Transform 42
Transform: AffineTransform_float_3_3
Parameters: 0.999994 -0.00343695 0.000633004 0.00343768 0.999993 -0.0013943 -0.000628407 0.00139571 0.999999 0.130825 0.0411772 0.333862
FixedParameters: 0 0 0

#Transform 43
Transform: AffineTransform_float_3_3
Parameters: 0.999995 -0.00292889 0.00108067 0.00293094 0.999994 -0.00203679 -0.00107425 0.00204021 0.999997 0.116553 0.0355364 0.336205
FixedParameters: 0 0 0

#Transform 44
Transform: AffineTransform_float_3_3
Parameters: 0.999996 -0.00285602 0.000388864 0.00285707 0.999993 -0.00252264 -0.000381674 0.00252336 0.999996 0.159629 0.0186521 0.297705
FixedParameters: 0 0 0

#Transform 45
Transform: AffineTransform_float_3_3
Parameters: 0.999995 -0.00287149 0.00121521 0.0028762 0.999988 -0.00404732 -0.0012039 0.00405068 0.999991 0.123714 0.0208142 0.32714
FixedParameters: 0 0 0

#Transform 46
Transform: AffineTransform_float_3_3
Parameters: 0.999995 -0.00315913 0.000546218 0.00316101 0.999985 -0.0046234 -0.000531973 0.0046246 0.999989 0.159233 0.0116551 0.301999
FixedParameters: 0 0 0

#Transform 47
Transform: AffineTransform_float_3_3
Parameters: 0.999995 -0.00315346 0.000559853 0.00315574 0.999984 -0.00486852 -0.000544109 0.00487049 0.999988 0.151406 0.0141613 0.30183
FixedParameters: 0 0 0

#Transform 48
Transform: AffineTransform_float_3_3
Parameters: 0.999997 -0.00193827 0.000922241 0.00194388 0.999984 -0.0054003 -0.000911398 0.0054017 0.999984 0.085618 0.0196403 0.347943
FixedParameters: 0 0 0

#Transform 49
Transform: AffineTransform_float_3_3
Parameters: 0.999999 0.000705041 0.00128283 -0.000699575 0.999989 -0.00463554 -0.0012866 0.00463446 0.999989 0.0155356 0.0200465 0.336358
FixedParameters: 0 0 0

#Transform 50
Transform: AffineTransform_float_3_3
Parameters: 0.999995 0.00127588 0.00264839 -0.00126374 0.999988 -0.00464793 -0.0026538 0.00464407 0.999986 -0.00999775 0.026524 0.324813
FixedParameters: 0 0 0

#Transform 51
Transform: AffineTransform_float_3_3
Parameters: 0.999997 -0.00190555 0.00142966 0.00191145 0.99999 -0.00408305 -0.0014225 0.00408495 0.99999 0.149097 0.00668255 0.273552
FixedParameters: 0 0 0

#Transform 52
Transform: AffineTransform_float_3_3
Parameters: 0.999998 -0.000311101 0.00209033 0.000318029 0.999995 -0.00325968 -0.0020887 0.00326032 0.999993 0.0447845 0.0296039 0.278195
FixedParameters: 0 0 0

#Transform 53
Transform: AffineTransform_float_3_3
Parameters: 0.999997 -0.000556166 0.00217126 0.000563438 0.999995 -0.00318412 -0.00217034 0.00318588 0.999993 0.053598 0.0346373 0.343613
FixedParameters: 0 0 0

#Transform 54
Transform: AffineTransform_float_3_3
Parameters: 0.999997 -0.000611875 0.00234751 0.000620555 0.999992 -0.00391774 -0.00234508 0.00391927 0.99999 0.072396 0.0212123 0.289819
FixedParameters: 0 0 0

#Transform 55
Transform: AffineTransform_float_3_3
Parameters: 0.999995 -0.00116826 0.00285774 0.00117751 0.999994 -0.00322589 -0.00285388 0.00322912 0.999991 0.0736409 0.0194803 0.377933
FixedParameters: 0 0 0

#Transform 56
Transform: AffineTransform_float_3_3
Parameters: 0.999993 -0.00170099 0.00316179 0.00171834 0.999985 -0.00527505 -0.00315326 0.00528096 0.999981 0.0969878 -0.00671031 0.385155
FixedParameters: 0 0 0

#Transform 57
Transform: AffineTransform_float_3_3
Parameters: 0.999995 -0.00124796 0.00314343 0.00126496 0.999985 -0.00541914 -0.00313669 0.00542287 0.999981 0.0800473 -0.0118718 0.375392
FixedParameters: 0 0 0

#Transform 58
Transform: AffineTransform_float_3_3
Parameters: 0.999992 -0.00125762 0.00377735 0.00127651 0.999986 -0.00517564 -0.00377086 0.00518037 0.99998 0.0365395 -0.00913098 0.361705
FixedParameters: 0 0 0

#Transform 59
Transform: AffineTransform_float_3_3
Parameters: 0.999995 -0.00175968 0.00281405 0.00177659 0.99998 -0.00615699 -0.00280323 0.00616201 0.999977 0.142929 -0.0151169 0.407368
FixedParameters: 0 0 0

#Transform 60
Transform: AffineTransform_float_3_3
Parameters: 0.999993 -0.00157972 0.00323158 0.00159914 0.99998 -0.00603216 -0.00322258 0.00603684 0.999977 0.0940753 -0.00151379 0.375186
FixedParameters: 0 0 0

#Transform 61
Transform: AffineTransform_float_3_3
Parameters: 0.999995 -0.00159452 0.00274172 0.00161023 0.999982 -0.00578821 -0.00273267 0.00579279 0.99998 0.104449 -0.0142428 0.392019
FixedParameters: 0 0 0

#Transform 62
Transform: AffineTransform_float_3_3
Parameters: 0.999996 -0.000912158 0.00269853 0.0009288 0.999981 -0.00610255 -0.00269234 0.00610545 0.999978 0.0720032 -0.0103928 0.380939
FixedParameters: 0 0 0

#Transform 63
Transform: AffineTransform_float_3_3
Parameters: 0.999996 -0.000742254 0.00292204 0.000759648 0.999983 -0.00585384 -0.00291698 0.00585616 0.999978 0.0769065 0.00157741 0.413343
FixedParameters: 0 0 0

#Transform 64
Transform: AffineTransform_float_3_3
Parameters: 0.999994 -0.00233665 0.00235464 0.00235022 0.999981 -0.00567333 -0.00234095 0.00567868 0.999981 0.143738 -0.00227477 0.370966
FixedParameters: 0 0 0

#Transform 65
Transform: AffineTransform_float_3_3
Parameters: 0.999995 -0.00150777 0.00270382 0.00152247 0.999983 -0.00560902 -0.0026954 0.00561298 0.99998 0.104105 -0.00915052 0.373973
FixedParameters: 0 0 0

#Transform 66
Transform: AffineTransform_float_3_3
Parameters: 0.999997 -0.000759695 0.00238175 0.000773917 0.999983 -0.00585472 -0.00237676 0.00585629 0.99998 0.0999584 0.0015735 0.391361
FixedParameters: 0 0 0

#Transform 67
Transform: AffineTransform_float_3_3
Parameters: 0.999995 -0.00150223 0.00299069 0.00152029 0.999981 -0.00585208 -0.00298211 0.00585691 0.999978 0.0878056 0.00983644 0.41262
FixedParameters: 0 0 0

#Transform 68
Transform: AffineTransform_float_3_3
Parameters: 0.999995 -0.00151134 0.00296957 0.00152915 0.999981 -0.00585208 -0.00296089 0.00585691 0.999978 0.0914189 0.000564731 0.41821
FixedParameters: 0 0 0

#Transform 69
Transform: AffineTransform_float_3_3
Parameters: 0.999993 -0.00215308 0.00298231 0.00217075 0.999981 -0.00569173 -0.00297035 0.00569827 0.999979 0.103629 0.00186952 0.401933
FixedParameters: 0 0 0

#Transform 70
Transform: AffineTransform_float_3_3
Parameters: 0.999986 -0.00459709 0.00234595 0.00460836 0.999977 -0.00489362 -0.00232308 0.00490437 0.999985 0.169243 -0.00249687 0.426229
FixedParameters: 0 0 0

#Transform 71
Transform: AffineTransform_float_3_3
Parameters: 0.999986 -0.0045931 0.0023707 0.00460439 0.999979 -0.00456652 -0.00235035 0.00457749 0.999987 0.190372 -0.0163346 0.391775
FixedParameters: 0 0 0

#Transform 72
Transform: AffineTransform_float_3_3
Parameters: 0.99999 -0.00344943 0.00283735 0.00346249 0.999982 -0.00489219 -0.0028201 0.00490182 0.999984 0.124853 -0.00354702 0.435209
FixedParameters: 0 0 0

#Transform 73
Transform: AffineTransform_float_3_3
Parameters: 0.999994 -0.00208076 0.00251286 0.00209708 0.999977 -0.00657124 -0.00249897 0.00657677 0.999975 0.148957 -0.0109158 0.395104
FixedParameters: 0 0 0

#Transform 74
Transform: AffineTransform_float_3_3
Parameters: 0.999995 -0.00176082 0.00288696 0.00178002 0.999976 -0.0066937 -0.00287566 0.0066983 0.999973 0.131234 -0.00402698 0.439327
FixedParameters: 0 0 0

#Transform 75
Transform: AffineTransform_float_3_3
Parameters: 0.999994 -0.00155053 0.00294642 0.00156765 0.999981 -0.00593901 -0.00293662 0.00594399 0.999978 0.124509 0.0055946 0.420794
FixedParameters: 0 0 0

#Transform 76
Transform: AffineTransform_float_3_3
Parameters: 0.999993 -0.00155993 0.00317388 0.00157769 0.999982 -0.00561231 -0.003165 0.00561668 0.999979 0.105479 0.00733954 0.38931
FixedParameters: 0 0 0

#Transform 77
Transform: AffineTransform_float_3_3
Parameters: 0.999996 -0.0014413 0.00267941 0.00145642 0.999981 -0.00598488 -0.00267118 0.00598913 0.999979 0.128003 0.00976758 0.400921
FixedParameters: 0 0 0

#Transform 78
Transform: AffineTransform_float_3_3
Parameters: 0.999996 -0.0010825 0.00285759 0.00110176 0.999976 -0.00681776 -0.00285064 0.00682124 0.999973 0.091374 -0.00643382 0.41945
FixedParameters: 0 0 0

#Transform 79
Transform: AffineTransform_float_3_3
Parameters: 0.999995 -0.0010467 0.00299139 0.00107911 0.999939 -0.0110031 -0.00297993 0.0110059 0.999935 0.0862596 -0.094867 0.69541
FixedParameters: 0 0 0

#Transform 80
Transform: AffineTransform_float_3_3
Parameters: 0.999993 -0.00273994 0.0023823 0.00278119 0.999844 -0.017421 -0.00233389 0.017427 0.999845 0.138874 -0.177373 0.934966
FixedParameters: 0 0 0

#Transform 81
Transform: AffineTransform_float_3_3
Parameters: 0.999995 0.000509363 0.00333373 -0.000437197 0.999767 -0.0215653 -0.00334429 0.0215637 0.999762 0.00466273 -0.215756 0.814321
FixedParameters: 0 0 0

#Transform 82
Transform: AffineTransform_float_3_3
Parameters: 0.999996 -0.00119923 0.00226298 0.00125143 0.999731 -0.0231742 -0.00223406 0.0231769 0.999729 0.0632953 -0.221031 0.808612
FixedParameters: 0 0 0

#Transform 83
Transform: AffineTransform_float_3_3
Parameters: 0.999997 -0.00129009 0.0021964 0.00134116 0.999721 -0.023605 -0.00216439 0.023608 0.999719 0.0559402 -0.218409 0.802886
FixedParameters: 0 0 0

#Transform 84
Transform: AffineTransform_float_3_3
Parameters: 0.999996 -0.00190719 0.00211949 0.00195999 0.999687 -0.0249342 -0.00207063 0.0249388 0.999687 0.0406963 -0.234596 0.844278
FixedParameters: 0 0 0

#Transform 85
Transform: AffineTransform_float_3_3
Parameters: 0.999997 -0.00196242 0.00130906 0.00199422 0.999695 -0.0246244 -0.00126017 0.0246266 0.999696 0.0714712 -0.245571 0.799161
FixedParameters: 0 0 0

#Transform 86
Transform: AffineTransform_float_3_3
Parameters: 0.999996 -0.00187115 0.00215052 0.0019264 0.999666 -0.0257652 -0.00210129 0.0257698 0.999666 0.0427738 -0.239747 0.847958
FixedParameters: 0 0 0

#Transform 87
Transform: AffineTransform_float_3_3
Parameters: 0.999997 -0.0014931 0.00161732 0.0015359 0.999636 -0.0269226 -0.00157608 0.0269254 0.999636 0.0429567 -0.262284 0.792956
FixedParameters: 0 0 0

#Transform 88
Transform: AffineTransform_float_3_3
Parameters: 0.999997 -0.00137783 0.00172178 0.00142595 0.999595 -0.0283987 -0.00168236 0.0284013 0.999595 0.0353037 -0.264349 0.7917
FixedParameters: 0 0 0

#Transform 89
Transform: AffineTransform_float_3_3
Parameters: 0.999997 -0.00191561 0.00161536 0.00195885 0.999616 -0.0276337 -0.00156213 0.0276363 0.999617 0.0355013 -0.27537 0.850949
FixedParameters: 0 0 0

#Transform 90
Transform: AffineTransform_float_3_3
Parameters: 0.999999 -0.00141586 0.00122036 0.00145167 0.999574 -0.0291425 -0.00117877 0.0291445 0.999575 0.0378558 -0.289971 0.813369
FixedParameters: 0 0 0

#Transform 91
Transform: AffineTransform_float_3_3
Parameters: 0.999998 -0.00108287 0.00179397 0.0011349 0.99957 -0.0292847 -0.00176228 0.0292873 0.99957 0.0087105 -0.265319 0.850359
FixedParameters: 0 0 0

#Transform 92
Transform: AffineTransform_float_3_3
Parameters: 0.999997 -0.00142816 0.00189529 0.00148265 0.999571 -0.0292365 -0.00185304 0.0292385 0.999571 0.0409502 -0.275816 0.791127
FixedParameters: 0 0 0

#Transform 93
Transform: AffineTransform_float_3_3
Parameters: 0.999997 -0.0014292 0.00189451 0.00148199 0.999588 -0.0286877 -0.00185292 0.0286903 0.999586 0.0255101 -0.294092 0.808854
FixedParameters: 0 0 0

#Transform 94
Transform: AffineTransform_float_3_3
Parameters: 0.999998 -0.00170817 0.0015448 0.00175256 0.999576 -0.0290629 -0.00149398 0.0290661 0.999576 0.0496374 -0.304946 0.821822
FixedParameters: 0 0 0

#Transform 95
Transform: AffineTransform_float_3_3
Parameters: 0.999997 -0.0014259 0.001897 0.00148227 0.999536 -0.0304303 -0.0018524 0.0304337 0.999535 0.0147538 -0.29394 0.88059
FixedParameters: 0 0 0

#Transform 96
Transform: AffineTransform_float_3_3
Parameters: 0.999997 -0.00220602 0.00149126 0.00225105 0.999511 -0.0311857 -0.00142185 0.0311893 0.999513 0.0471192 -0.317746 0.86467
FixedParameters: 0 0 0

#Transform 97
Transform: AffineTransform_float_3_3
Parameters: 0.999996 -0.00219155 0.00166555 0.0022428 0.999507 -0.0312971 -0.00159532 0.0313008 0.999509 0.0503024 -0.318612 0.868091
FixedParameters: 0 0 0

#Transform 98
Transform: AffineTransform_float_3_3
Parameters: 0.999997 -0.00172938 0.00132966 0.00177151 0.99948 -0.0321803 -0.00127423 0.0321827 0.999481 0.0515868 -0.336401 0.87569
FixedParameters: 0 0 0

#Transform 99
Transform: AffineTransform_float_3_3
Parameters: 0.999997 -0.0012588 0.00172909 0.00131535 0.999443 -0.0333429 -0.00168623 0.0333452 0.999443 0.00428145 -0.329339 0.848476
FixedParameters: 0 0 0

#Transform 100
Transform: AffineTransform_float_3_3
Parameters: 0.999993 -0.00367844 0.000718248 0.00370053 0.999409 -0.0341772 -0.000591054 0.0341798 0.999416 0.0947738 -0.364153 0.890397
FixedParameters: 0 0 0

#Transform 101
Transform: AffineTransform_float_3_3
Parameters: 0.999996 -0.00267118 0.00111179 0.00270744 0.999449 -0.0330757 -0.00102245 0.0330793 0.999452 0.0555584 -0.322286 0.865909
FixedParameters: 0 0 0

#Transform 102
Transform: AffineTransform_float_3_3
Parameters: 0.999996 -0.00224028 0.00144694 0.00228576 0.99947 -0.0324701 -0.0013727 0.0324729 0.999471 0.0506237 -0.3172 0.854777
FixedParameters: 0 0 0

#Transform 103
Transform: AffineTransform_float_3_3
Parameters: 0.999994 -0.00216467 0.00253803 0.00224529 0.999472 -0.0323928 -0.00246697 0.0323982 0.999472 0.0194405 -0.32244 0.897798
FixedParameters: 0 0 0

#Transform 104
Transform: AffineTransform_float_3_3
Parameters: 0.999994 -0.00273824 0.00201026 0.00280325 0.999451 -0.0329999 -0.00191828 0.0330051 0.999454 0.042681 -0.320141 0.852471
FixedParameters: 0 0 0

#Transform 105
Transform: AffineTransform_float_3_3
Parameters: 0.999994 -0.0031367 0.0018643 0.00319683 0.999451 -0.0329681 -0.00175949 0.0329739 0.999455 0.0606296 -0.33641 0.892043
FixedParameters: 0 0 0

#Transform 106
Transform: AffineTransform_float_3_3
Parameters: 0.999993 -0.00346461 0.0015331 0.00351457 0.999418 -0.0339084 -0.00141419 0.0339136 0.999424 0.0696282 -0.316202 0.875637
FixedParameters: 0 0 0

#Transform 107
Transform: AffineTransform_float_3_3
Parameters: 0.999992 -0.00293395 0.0024372 0.00301464 0.999425 -0.0337875 -0.0023366 0.0337946 0.999426 0.0465211 -0.307046 0.924415
FixedParameters: 0 0 0

#Transform 108
Transform: AffineTransform_float_3_3
Parameters: 0.999994 -0.00299172 0.00174376 0.0030487 0.999426 -0.0337439 -0.00164155 0.0337491 0.999429 0.0648169 -0.323355 0.877332
FixedParameters: 0 0 0

#Transform 109
Transform: AffineTransform_float_3_3
Parameters: 0.999992 -0.00275073 0.00269568 0.00283901 0.999447 -0.033136 -0.00260366 0.033143 0.999447 0.022914 -0.319776 0.909642
FixedParameters: 0 0 0

#Transform 110
Transform: AffineTransform_float_3_3
Parameters: 0.999993 -0.00301443 0.00188976 0.0030756 0.999437 -0.0334103 -0.0017882 0.0334158 0.999441 0.051637 -0.320919 0.898953
FixedParameters: 0 0 0

#Transform 111
Transform: AffineTransform_float_3_3
Parameters: 0.999993 -0.00291724 0.00233637 0.00299431 0.999438 -0.033407 -0.00223808 0.0334141 0.999439 0.0300657 -0.314055 0.896864
FixedParameters: 0 0 0

#Transform 112
Transform: AffineTransform_float_3_3
Parameters: 0.999993 -0.00318163 0.00190562 0.00324304 0.999464 -0.0325824 -0.00180028 0.0325886 0.999467 0.0509167 -0.318151 0.906013
FixedParameters: 0 0 0

#Transform 113
Transform: AffineTransform_float_3_3
Parameters: 0.999993 -0.0026905 0.00234425 0.00276509 0.999461 -0.0327253 -0.00225507 0.0327307 0.999462 0.0208721 -0.314552 0.910205
FixedParameters: 0 0 0

#Transform 114
Transform: AffineTransform_float_3_3
Parameters: 0.999993 -0.00311592 0.00209717 0.00318314 0.999461 -0.0326968 -0.00199431 0.0327032 0.999463 0.0226494 -0.314628 0.926371
FixedParameters: 0 0 0

#Transform 115
Transform: AffineTransform_float_3_3
Parameters: 0.999993 -0.00299268 0.00222377 0.00306554 0.999437 -0.0334321 -0.0021229 0.0334389 0.999439 0.028314 -0.313936 0.910941
FixedParameters: 0 0 0

#Transform 116
Transform: AffineTransform_float_3_3
Parameters: 0.999993 -0.00315108 0.00202073 0.00321624 0.999444 -0.0331969 -0.00191507 0.033203 0.999446 0.0395099 -0.318312 0.934307
FixedParameters: 0 0 0

#Transform 117
Transform: AffineTransform_float_3_3
Parameters: 0.999993 -0.00314215 0.00203888 0.00320979 0.999414 -0.0340675 -0.00193057 0.0340744 0.999418 0.0397458 -0.32984 0.904954
FixedParameters: 0 0 0

#Transform 118
Transform: AffineTransform_float_3_3
Parameters: 0.999993 -0.00317618 0.00196591 0.00324106 0.999419 -0.0339281 -0.00185744 0.0339339 0.999422 0.0257555 -0.331573 0.962043
FixedParameters: 0 0 0

#Transform 119
Transform: AffineTransform_float_3_3
Parameters: 0.999994 -0.00305461 0.00189035 0.00311718 0.999412 -0.0341392 -0.0017843 0.0341448 0.999415 0.0369864 -0.330516 0.924129
FixedParameters: 0 0 0

#Transform 120
Transform: AffineTransform_float_3_3
Parameters: 0.999993 -0.00309632 0.00213897 0.00316534 0.99945 -0.0330117 -0.0020355 0.0330183 0.999452 0.014199 -0.316378 0.982018
FixedParameters: 0 0 0

#Transform 121
Transform: AffineTransform_float_3_3
Parameters: 0.999993 -0.00319364 0.00192804 0.00325772 0.999408 -0.0342773 -0.00181747 0.0342837 0.99941 0.0373363 -0.341307 0.929551
FixedParameters: 0 0 0

#Transform 122
Transform: AffineTransform_float_3_3
Parameters: 0.999992 -0.00332335 0.00229158 0.00340022 0.999408 -0.0342336 -0.00217673 0.0342415 0.999412 0.00858316 -0.340118 0.940163
FixedParameters: 0 0 0

#Transform 123
Transform: AffineTransform_float_3_3
Parameters: 0.999992 -0.00372551 0.00183051 0.0037862 0.999412 -0.0340624 -0.00170239 0.0340685 0.999418 0.0455999 -0.346918 0.891429
FixedParameters: 0 0 0

#Transform 124
Transform: AffineTransform_float_3_3
Parameters: 0.999992 -0.00323638 0.00228598 0.00331084 0.999446 -0.0331118 -0.00217808 0.0331193 0.999449 0.0121083 -0.329566 0.927484
FixedParameters: 0 0 0

#Transform 125
Transform: AffineTransform_float_3_3
Parameters: 0.999991 -0.00333023 0.00235465 0.00340678 0.999448 -0.0330577 -0.0022432 0.0330653 0.999451 0.0263053 -0.347263 0.961807
FixedParameters: 0 0 0

#Transform 126
Transform: AffineTransform_float_3_3
Parameters: 0.999992 -0.00325024 0.00222464 0.00332316 0.999433 -0.0335061 -0.00211367 0.0335139 0.999436 0.0326669 -0.338348 0.903266
FixedParameters: 0 0 0

#Transform 127
Transform: AffineTransform_float_3_3
Parameters: 0.999993 -0.00318105 0.00198357 0.00324274 0.999481 -0.032036 -0.0018806 0.032042 0.999484 0.0268146 -0.34923 0.973648
FixedParameters: 0 0 0

#Transform 128
Transform: AffineTransform_float_3_3
Parameters: 0.999992 -0.00348126 0.00200063 0.00354555 0.999444 -0.0331327 -0.00188377 0.0331392 0.999449 0.0466017 -0.34452 0.932579
FixedParameters: 0 0 0

#Transform 129
Transform: AffineTransform_float_3_3
Parameters: 0.999991 -0.00346917 0.00238242 0.00354783 0.999434 -0.0334683 -0.00226474 0.0334767 0.999437 0.0192498 -0.338325 0.953281
FixedParameters: 0 0 0

#Transform 130
Transform: AffineTransform_float_3_3
Parameters: 0.999992 -0.00368761 0.00191188 0.0037514 0.999406 -0.0342449 -0.00178462 0.0342522 0.999412 0.0652797 -0.342052 0.916204
FixedParameters: 0 0 0

#Transform 131
Transform: AffineTransform_float_3_3
Parameters: 0.999991 -0.00364081 0.00215404 0.00371323 0.999388 -0.0347879 -0.00202677 0.0347961 0.999393 0.0291394 -0.33538 0.934759
FixedParameters: 0 0 0

#Transform 132
Transform: AffineTransform_float_3_3
Parameters: 0.999991 -0.00369536 0.00170335 0.00375321 0.999367 -0.0353938 -0.00157138 0.0354002 0.999372 0.0432178 -0.346485 0.957295
FixedParameters: 0 0 0

#Transform 133
Transform: AffineTransform_float_3_3
Parameters: 0.99999 -0.003995 0.00162635 0.00404967 0.999378 -0.0350371 -0.00148532 0.0350439 0.999384 0.0387582 -0.336954 0.964271
FixedParameters: 0 0 0

#Transform 134
Transform: AffineTransform_float_3_3
Parameters: 0.999991 -0.00381129 0.00154773 0.00386516 0.999332 -0.0363557 -0.00140764 0.0363613 0.999337 0.0449782 -0.356926 0.95053
FixedParameters: 0 0 0

#Transform 135
Transform: AffineTransform_float_3_3
Parameters: 0.999991 -0.00400973 0.00129118 0.00405555 0.999264 -0.0381526 -0.00113725 0.0381573 0.999271 0.0480599 -0.361733 0.89892
FixedParameters: 0 0 0

#Transform 136
Transform: AffineTransform_float_3_3
Parameters: 0.999991 -0.00394416 0.00142956 0.00399409 0.999308 -0.0369891 -0.00128279 0.0369948 0.999314 0.0245057 -0.375387 0.987468
FixedParameters: 0 0 0

#Transform 137
Transform: AffineTransform_float_3_3
Parameters: 0.999991 -0.0042146 0.0010425 0.00425089 0.999283 -0.0376326 -0.000883323 0.0376364 0.999292 0.0690009 -0.384317 0.953764
FixedParameters: 0 0 0

#Transform 138
Transform: AffineTransform_float_3_3
Parameters: 0.99999 -0.00409056 0.00169689 0.00415034 0.9993 -0.0371909 -0.00154372 0.0371971 0.999307 0.0207388 -0.379166 1.01833
FixedParameters: 0 0 0

#Transform 139
Transform: AffineTransform_float_3_3
Parameters: 0.99999 -0.00456444 0.000472535 0.00457566 0.999583 -0.0285083 -0.000342598 0.0285097 0.999593 0.0552581 -0.293007 1.19032
FixedParameters: 0 0 0

#Transform 140
Transform: AffineTransform_float_3_3
Parameters: 0.999989 -0.00450231 0.000591894 0.00451636 0.999619 -0.0272168 -0.000468281 0.0272192 0.999629 0.0288416 -0.276921 1.21305
FixedParameters: 0 0 0

#Transform 141
Transform: AffineTransform_float_3_3
Parameters: 0.999989 -0.00468127 -5.91264e-05 0.00467759 0.999603 -0.0278073 0.00018878 0.0278067 0.999614 0.0489331 -0.28543 1.20703
FixedParameters: 0 0 0

#Transform 142
Transform: AffineTransform_float_3_3
Parameters: 0.999991 -0.00435728 0.000299027 0.0043647 0.999559 -0.0293968 -0.000170222 0.0293972 0.999568 0.0432075 -0.304297 1.16925
FixedParameters: 0 0 0

#Transform 143
Transform: AffineTransform_float_3_3
Parameters: 0.999988 -0.0048509 1.76015e-05 0.00484904 0.999542 -0.0298835 0.000127244 0.0298835 0.999554 0.03654 -0.348567 1.18039
FixedParameters: 0 0 0

#Transform 144
Transform: AffineTransform_float_3_3
Parameters: 0.999989 -0.0048338 -0.000151224 0.00482633 0.999501 -0.0312202 0.000302303 0.0312199 0.999512 0.047742 -0.377315 1.11183
FixedParameters: 0 0 0

#Transform 145
Transform: AffineTransform_float_3_3
Parameters: 0.999987 -0.00495528 0.000463642 0.00496672 0.999498 -0.0312767 -0.000308609 0.0312782 0.99951 0.00795333 -0.367172 1.13321
FixedParameters: 0 0 0

#Transform 146
Transform: AffineTransform_float_3_3
Parameters: 0.999987 -0.00506179 6.14023e-05 0.00506145 0.99942 -0.0336957 0.000108715 0.0336953 0.999432 0.0452308 -0.390099 1.08475
FixedParameters: 0 0 0

#Transform 147
Transform: AffineTransform_float_3_3
Parameters: 0.999989 -0.00462519 0.000424161 0.00463671 0.999421 -0.0336933 -0.000267766 0.0336956 0.999432 0.0110335 -0.367663 1.10935
FixedParameters: 0 0 0

#Transform 148
Transform: AffineTransform_float_3_3
Parameters: 0.999989 -0.00481822 0.00051505 0.00483231 0.999413 -0.0339222 -0.00035163 0.0339248 0.999425 0.023526 -0.35802 1.12705
FixedParameters: 0 0 0

#Transform 149
Transform: AffineTransform_float_3_3
Parameters: 0.999987 -0.00509453 -7.44526e-05 0.00508839 0.999382 -0.0347866 0.00025167 0.0347854 0.999394 0.0320247 -0.384545 1.10482
FixedParameters: 0 0 0

#Transform 150
Transform: AffineTransform_float_3_3
Parameters: 0.999987 -0.00505692 5.76081e-06 0.00505406 0.999385 -0.034697 0.00017014 0.034696 0.999398 0.0451856 -0.393098 1.11242
FixedParameters: 0 0 0

#Transform 151
Transform: AffineTransform_float_3_3
Parameters: 0.999988 -0.00501338 0.000100782 0.00501358 0.999373 -0.0350282 7.48664e-05 0.0350288 0.999387 0.0617675 -0.401012 1.12269
FixedParameters: 0 0 0

#Transform 152
Transform: AffineTransform_float_3_3
Parameters: 0.999984 -0.00571976 -0.000378794 0.00570299 0.999365 -0.0351831 0.000580219 0.0351809 0.999381 0.0753396 -0.396687 1.12177
FixedParameters: 0 0 0

#Transform 153
Transform: AffineTransform_float_3_3
Parameters: 0.999984 -0.00568339 -3.1893e-07 0.00567934 0.999349 -0.0356374 0.000203052 0.0356366 0.999365 0.0418564 -0.405573 1.20885
FixedParameters: 0 0 0

#Transform 154
Transform: AffineTransform_float_3_3
Parameters: 0.999985 -0.00561076 -8.61816e-05 0.00560362 0.999276 -0.0376095 0.000297505 0.0376085 0.999292 0.0543505 -0.406369 1.14494
FixedParameters: 0 0 0

#Transform 155
Transform: AffineTransform_float_3_3
Parameters: 0.999985 -0.00545606 0.00024279 0.00546101 0.999281 -0.0375159 -3.81936e-05 0.0375171 0.999296 0.0120307 -0.405249 1.19528
FixedParameters: 0 0 0

#Transform 156
Transform: AffineTransform_float_3_3
Parameters: 0.999984 -0.00576721 -0.000412194 0.00574635 0.999235 -0.0386814 0.000635343 0.0386786 0.999251 0.0738042 -0.412493 1.1362
FixedParameters: 0 0 0

#Transform 157
Transform: AffineTransform_float_3_3
Parameters: 0.999984 -0.00578359 3.66358e-05 0.00578144 0.999235 -0.0386954 0.00018679 0.0386956 0.999251 0.0465314 -0.416647 1.14862
FixedParameters: 0 0 0

#Transform 158
Transform: AffineTransform_float_3_3
Parameters: 0.999983 -0.00581761 -0.000517435 0.00579293 0.999225 -0.0389418 0.000743179 0.0389392 0.999241 0.0343289 -0.427961 1.17125
FixedParameters: 0 0 0

#Transform 159
Transform: AffineTransform_float_3_3
Parameters: 0.999984 -0.00573533 -0.000678168 0.00570414 0.999212 -0.0392847 0.000903814 0.0392803 0.999227 0.0366461 -0.43743 1.13469
FixedParameters: 0 0 0

#Transform 160
Transform: AffineTransform_float_3_3
Parameters: 0.999983 -0.0058192 -0.000522431 0.0057943 0.999234 -0.0387052 0.000747766 0.0387018 0.99925 0.0442371 -0.428855 1.15457
FixedParameters: 0 0 0

#Transform 161
Transform: AffineTransform_float_3_3
Parameters: 0.999984 -0.00576186 -0.000390583 0.00574133 0.999174 -0.0402327 0.000622267 0.0402294 0.99919 0.0517266 -0.438752 1.07476
FixedParameters: 0 0 0

#Transform 162
Transform: AffineTransform_float_3_3
Parameters: 0.999982 -0.00589279 -0.000249351 0.00587845 0.999206 -0.0394111 0.000481333 0.0394079 0.999223 0.0157177 -0.439395 1.17432
FixedParameters: 0 0 0

#Transform 163
Transform: AffineTransform_float_3_3
Parameters: 0.999981 -0.00605624 -0.00100726 0.00600949 0.999142 -0.0409599 0.00125403 0.0409531 0.999161 0.0587274 -0.447882 1.12976
FixedParameters: 0 0 0

#Transform 164
Transform: AffineTransform_float_3_3
Parameters: 0.999983 -0.00581665 -0.000505374 0.0057917 0.999167 -0.0403921 0.000739878 0.0403889 0.999184 0.0195145 -0.439591 1.14842
FixedParameters: 0 0 0

#Transform 165
Transform: AffineTransform_float_3_3
Parameters: 0.999981 -0.00617769 -0.00092846 0.00613466 0.999148 -0.0408111 0.00117929 0.0408049 0.999167 0.0567241 -0.445372 1.13269
FixedParameters: 0 0 0

#Transform 166
Transform: AffineTransform_float_3_3
Parameters: 0.999983 -0.00588302 -0.000639832 0.00585146 0.999134 -0.0412 0.000882107 0.041195 0.99915 0.0453451 -0.432625 1.1334
FixedParameters: 0 0 0

#Transform 167
Transform: AffineTransform_float_3_3
Parameters: 0.999982 -0.00594845 -0.000774675 0.00591103 0.999115 -0.0416216 0.00102122 0.0416163 0.999133 0.0337409 -0.438492 1.17527
FixedParameters: 0 0 0

#Transform 168
Transform: AffineTransform_float_3_3
Parameters: 0.999982 -0.00603872 -0.000959325 0.00599303 0.999087 -0.0423122 0.0012143 0.0423059 0.999104 0.0585808 -0.453412 1.13187
FixedParameters: 0 0 0

#Transform 169
Transform: AffineTransform_float_3_3
Parameters: 0.999983 -0.00591381 -0.000696279 0.00587855 0.999086 -0.0423502 0.000946658 0.0423458 0.999103 0.0202616 -0.459475 1.20494
FixedParameters: 0 0 0

#Transform 170
Transform: AffineTransform_float_3_3
Parameters: 0.999984 -0.00562681 -0.000347603 0.00560724 0.999095 -0.0421718 0.000583965 0.0421692 0.99911 0.0440652 -0.449395 1.18563
FixedParameters: 0 0 0

#Transform 171
Transform: AffineTransform_float_3_3
Parameters: 0.999983 -0.00594307 -0.000123785 0.00593312 0.999081 -0.0424374 0.000375536 0.0424356 0.999099 0.0326253 -0.425636 1.18152
FixedParameters: 0 0 0

#Transform 172
Transform: AffineTransform_float_3_3
Parameters: 0.999985 -0.00533611 -0.00126514 0.00527923 0.999125 -0.041483 0.00148473 0.041476 0.999138 0.0371747 -0.444061 1.17875
FixedParameters: 0 0 0

#Transform 173
Transform: AffineTransform_float_3_3
Parameters: 0.999987 -0.00507054 -0.000497328 0.00504565 0.999141 -0.0411473 0.000705575 0.0411438 0.999153 -0.000836922 -0.424541 1.18375
FixedParameters: 0 0 0

#Transform 174
Transform: AffineTransform_float_3_3
Parameters: 0.999977 -0.00649844 -0.00154757 0.00642941 0.999137 -0.0410384 0.00181327 0.0410276 0.999156 0.0541577 -0.451342 1.21335
FixedParameters: 0 0 0

#Transform 175
Transform: AffineTransform_float_3_3
Parameters: 0.999984 -0.00569666 -0.000773675 0.00566063 0.999144 -0.0409678 0.00100619 0.0409631 0.99916 0.0253984 -0.421872 1.22788
FixedParameters: 0 0 0

#Transform 176
Transform: AffineTransform_float_3_3
Parameters: 0.999982 -0.0059338 -0.000603419 0.00590375 0.999141 -0.0410339 0.000846525 0.0410292 0.999158 0.0387169 -0.415353 1.2514
FixedParameters: 0 0 0

#Transform 177
Transform: AffineTransform_float_3_3
Parameters: 0.999982 -0.00597429 -0.000804988 0.00593588 0.999111 -0.0417279 0.00105413 0.0417221 0.999129 0.0423524 -0.396903 1.21443
FixedParameters: 0 0 0

#Transform 178
Transform: AffineTransform_float_3_3
Parameters: 0.999984 -0.00570498 -0.000871938 0.00566394 0.999113 -0.0417275 0.00110938 0.0417216 0.999129 0.0149129 -0.42421 1.22447
FixedParameters: 0 0 0

#Transform 179
Transform: AffineTransform_float_3_3
Parameters: 0.999984 -0.00556151 -0.000915726 0.0055161 0.999012 -0.0440932 0.00115992 0.0440878 0.999027 0.0213332 -0.431958 1.17669
FixedParameters: 0 0 0
