# transform file /out/sourcedata/freesurfer/sub-v1s10x0051034_ses-1/mri/transforms/cc_up.lta
# created by oesteban on Thu Mar 12 05:05:53 2026

type      = 0 # LINEAR_VOX_TO_VOX
nxforms   = 1
mean      = 130.0000 137.0000 121.0000
sigma     = 10000.0000
1 4 4
9.999297261238098e-01 1.136067602783442e-02 3.419389715418220e-03 -3.788284540176392e+00 
-1.136060897260904e-02 9.999355673789978e-01 -3.884907710016705e-05 6.489364624023438e+00 
-3.419610438868403e-03 -3.637979240772582e-12 9.999942183494568e-01 1.144523429870605e+01 
0.000000000000000e+00 0.000000000000000e+00 0.000000000000000e+00 1.000000000000000e+00 
src volume info
valid = 1  # volume info valid
filename = /out/sourcedata/freesurfer/sub-v1s10x0051034_ses-1/mri/norm.mgz
volume = 256 256 256
voxelsize = 1.000000000000000e+00 1.000000000000000e+00 1.000000000000000e+00
xras   = -1.000000000000000e+00 0.000000000000000e+00 0.000000000000000e+00
yras   = 0.000000000000000e+00 0.000000000000000e+00 -1.000000000000000e+00
zras   = 0.000000000000000e+00 1.000000000000000e+00 0.000000000000000e+00
cras   = 2.110420227050781e+00 1.722885131835938e+00 -6.228912353515625e+00
dst volume info
valid = 1  # volume info valid
filename = /out/sourcedata/freesurfer/sub-v1s10x0051034_ses-1/mri/norm.mgz
volume = 256 256 256
voxelsize = 1.000000000000000e+00 1.000000000000000e+00 1.000000000000000e+00
xras   = -1.000000000000000e+00 0.000000000000000e+00 0.000000000000000e+00
yras   = 0.000000000000000e+00 0.000000000000000e+00 -1.000000000000000e+00
zras   = 0.000000000000000e+00 1.000000000000000e+00 0.000000000000000e+00
cras   = 2.110420227050781e+00 1.722885131835938e+00 -6.228912353515625e+00
