#Insight Transform File V1.0
#Transform 0
Transform: AffineTransform_float_3_3
Parameters: 0.999999 -0.000879733 0.000374173 0.000879881 1 -0.000721031 -0.000373825 0.00072097 0.999999 0.00333238 0.0970664 0.308289
FixedParameters: 0 0 0

#Transform 1
Transform: AffineTransform_float_3_3
Parameters: 0.999999 0.000895709 -0.000380043 -0.000895592 0.999999 0.000154341 0.000380319 -0.00015366 1 0.0142969 0.0692184 -0.0233626
FixedParameters: 0 0 0

#Transform 2
Transform: AffineTransform_float_3_3
Parameters: 0.999999 0.000755352 0.00011639 -0.000755451 0.999999 0.000426912 -0.000115745 -0.000427087 1 -0.0012071 0.151038 -0.0906889
FixedParameters: 0 0 0

#Transform 3
Transform: AffineTransform_float_3_3
Parameters: 0.999999 0.000685469 0.000338192 -0.000685661 1 0.000283616 -0.000337803 -0.000283384 0.999999 -0.00691583 0.1923 -0.119699
FixedParameters: 0 0 0

#Transform 4
Transform: AffineTransform_float_3_3
Parameters: 1 0.00059313 0.000310017 -0.000592395 1 0.000298816 -0.000310054 -0.000299184 1 -0.00370476 0.205588 -0.128538
FixedParameters: 0 0 0

#Transform 5
Transform: AffineTransform_float_3_3
Parameters: 1 0.000649365 0.000269026 -0.000648844 0.999999 0.000744672 -0.00026845 -0.000744327 0.999999 -0.00638182 0.208278 -0.157308
FixedParameters: 0 0 0

#Transform 6
Transform: AffineTransform_float_3_3
Parameters: 0.999999 0.00107575 0.000682093 -0.00107559 0.999999 0.000272474 -0.000682818 -0.000272528 1 -0.0161939 0.195571 -0.156203
FixedParameters: 0 0 0

#Transform 7
Transform: AffineTransform_float_3_3
Parameters: 1 0.000859926 0.000600914 -0.000859317 1 0.000258331 -0.00060086 -0.000258669 0.999999 -0.0272579 0.204885 -0.143189
FixedParameters: 0 0 0

#Transform 8
Transform: AffineTransform_float_3_3
Parameters: 0.999999 0.000910164 0.000885394 -0.000909394 0.999999 -0.000734446 -0.000885419 0.000733554 1 -0.0249293 0.245747 -0.174658
FixedParameters: 0 0 0

#Transform 9
Transform: AffineTransform_float_3_3
Parameters: 0.999999 0.0011183 0.000905798 -0.00111762 0.999999 -0.000376653 -0.000906638 0.000375346 1 -0.0299708 0.247955 -0.195221
FixedParameters: 0 0 0

#Transform 10
Transform: AffineTransform_float_3_3
Parameters: 0.999999 0.00107276 0.00108143 -0.00107186 0.999999 -0.0006618 -0.00108154 0.0006602 0.999999 -0.0499295 0.251415 -0.190126
FixedParameters: 0 0 0

#Transform 11
Transform: AffineTransform_float_3_3
Parameters: 1 0.000777801 0.000811192 -0.00077677 0.999999 -0.000962631 -0.000811376 0.00096137 0.999999 -0.0308014 0.253888 -0.198838
FixedParameters: 0 0 0

#Transform 12
Transform: AffineTransform_float_3_3
Parameters: 0.999999 0.000853853 0.00103187 -0.000852422 0.999999 -0.00139567 -0.00103255 0.00139533 0.999998 -0.0232372 0.264056 -0.271798
FixedParameters: 0 0 0

#Transform 13
Transform: AffineTransform_float_3_3
Parameters: 0.999999 0.000786367 0.00111583 -0.000784334 0.999997 -0.00214652 -0.00111803 0.00214548 0.999997 -0.0295704 0.274229 -0.267319
FixedParameters: 0 0 0

#Transform 14
Transform: AffineTransform_float_3_3
Parameters: 0.999999 0.000705234 0.00103069 -0.000703107 0.999996 -0.00281452 -0.00103309 0.00281448 0.999996 -0.0332879 0.280747 -0.288107
FixedParameters: 0 0 0

#Transform 15
Transform: AffineTransform_float_3_3
Parameters: 0.999999 0.00107047 0.000710863 -0.00106857 0.999994 -0.00337091 -0.000714669 0.00337008 0.999994 -0.0118677 0.289101 -0.35338
FixedParameters: 0 0 0

#Transform 16
Transform: AffineTransform_float_3_3
Parameters: 0.999999 0.000973456 0.000934172 -0.000970623 0.999994 -0.0032717 -0.000938048 0.00327129 0.999994 -0.0122086 0.283755 -0.364647
FixedParameters: 0 0 0

#Transform 17
Transform: AffineTransform_float_3_3
Parameters: 0.999999 0.000894995 0.00112109 -0.000891405 0.999994 -0.0034748 -0.00112442 0.0034742 0.999993 -0.0232438 0.30319 -0.362769
FixedParameters: 0 0 0

#Transform 18
Transform: AffineTransform_float_3_3
Parameters: 0.999999 0.000699322 0.00105164 -0.000696526 0.999995 -0.00307673 -0.00105437 0.00307526 0.999994 -0.0196234 0.293638 -0.356588
FixedParameters: 0 0 0

#Transform 19
Transform: AffineTransform_float_3_3
Parameters: 0.999999 0.000555321 0.000840083 -0.000551943 0.999992 -0.00396462 -0.00084199 0.00396438 0.999991 -0.01352 0.308383 -0.357523
FixedParameters: 0 0 0

#Transform 20
Transform: AffineTransform_float_3_3
Parameters: 0.999999 0.000565363 0.00142888 -0.00055895 0.999989 -0.00463045 -0.00143227 0.00462956 0.999988 -0.0428648 0.286486 -0.570674
FixedParameters: 0 0 0

#Transform 21
Transform: AffineTransform_float_3_3
Parameters: 0.999999 0.000916782 0.00158383 -0.000910532 0.999993 -0.00388024 -0.00158727 0.00387876 0.999991 -0.0324713 0.288242 -0.440822
FixedParameters: 0 0 0

#Transform 22
Transform: AffineTransform_float_3_3
Parameters: 0.999998 0.000884028 0.00146717 -0.000877122 0.99999 -0.00441093 -0.00147128 0.00440907 0.999989 -0.0210655 0.296332 -0.51883
FixedParameters: 0 0 0

#Transform 23
Transform: AffineTransform_float_3_3
Parameters: 0.999998 0.00111747 0.00151136 -0.0011099 0.999988 -0.00497748 -0.00151708 0.00497552 0.999986 -0.0221217 0.294513 -0.553006
FixedParameters: 0 0 0

#Transform 24
Transform: AffineTransform_float_3_3
Parameters: 0.999998 0.000900729 0.00174407 -0.000893559 0.99999 -0.00442585 -0.00174849 0.00442415 0.999989 -0.0190155 0.290932 -0.536681
FixedParameters: 0 0 0

#Transform 25
Transform: AffineTransform_float_3_3
Parameters: 0.999998 0.000920678 0.00135215 -0.000914798 0.999986 -0.00508488 -0.00135704 0.00508312 0.999986 -0.0199723 0.286886 -0.594686
FixedParameters: 0 0 0

#Transform 26
Transform: AffineTransform_float_3_3
Parameters: 0.999998 0.000655536 0.00146632 -0.000650122 0.999991 -0.0040406 -0.00146886 0.0040394 0.99999 -0.0233602 0.284603 -0.496243
FixedParameters: 0 0 0

#Transform 27
Transform: AffineTransform_float_3_3
Parameters: 0.999998 0.000859364 0.00137868 -0.000852766 0.999989 -0.00458183 -0.00138287 0.00458018 0.999989 -0.0182357 0.3135 -0.481131
FixedParameters: 0 0 0

#Transform 28
Transform: AffineTransform_float_3_3
Parameters: 0.999998 0.000787242 0.00140951 -0.00077945 0.999984 -0.00555639 -0.00141378 0.00555561 0.999984 -0.016788 0.299603 -0.632828
FixedParameters: 0 0 0

#Transform 29
Transform: AffineTransform_float_3_3
Parameters: 0.999998 0.000881036 0.00187548 -0.000871766 0.999987 -0.00491992 -0.0018802 0.00491807 0.999986 -0.0270545 0.296889 -0.624391
FixedParameters: 0 0 0

#Transform 30
Transform: AffineTransform_float_3_3
Parameters: 0.999997 0.000847645 0.00206843 -0.000835412 0.999983 -0.00584367 -0.00207318 0.00584234 0.999981 -0.0494544 0.313998 -0.648169
FixedParameters: 0 0 0

#Transform 31
Transform: AffineTransform_float_3_3
Parameters: 0.999998 0.000810997 0.00173242 -0.000799143 0.999978 -0.00659868 -0.00173836 0.00659733 0.999977 -0.0310842 0.312156 -0.658906
FixedParameters: 0 0 0

#Transform 32
Transform: AffineTransform_float_3_3
Parameters: 0.999998 0.000877782 0.00188657 -0.000865099 0.999977 -0.00666492 -0.00189179 0.00666307 0.999976 -0.0238536 0.3138 -0.691245
FixedParameters: 0 0 0

#Transform 33
Transform: AffineTransform_float_3_3
Parameters: 0.999997 0.000986656 0.00213801 -0.000972575 0.999977 -0.00672753 -0.00214493 0.00672547 0.999975 -0.0344529 0.309617 -0.712137
FixedParameters: 0 0 0

#Transform 34
Transform: AffineTransform_float_3_3
Parameters: 0.999998 0.000608409 0.00187444 -0.000596597 0.999979 -0.00644142 -0.00187804 0.00644059 0.999978 -0.0296204 0.303772 -0.699828
FixedParameters: 0 0 0

#Transform 35
Transform: AffineTransform_float_3_3
Parameters: 0.999998 0.000867355 0.00186386 -0.000855455 0.999979 -0.00639253 -0.00186979 0.00639147 0.999978 -0.0370952 0.304322 -0.724053
FixedParameters: 0 0 0

#Transform 36
Transform: AffineTransform_float_3_3
Parameters: 0.999997 0.000909213 0.00195464 -0.000894504 0.999971 -0.00751669 -0.00196194 0.00751531 0.99997 -0.022606 0.30995 -0.804664
FixedParameters: 0 0 0

#Transform 37
Transform: AffineTransform_float_3_3
Parameters: 0.999997 0.00104369 0.00226473 -0.00102654 0.999971 -0.00754991 -0.00227202 0.00754809 0.999969 -0.0380168 0.295678 -0.890346
FixedParameters: 0 0 0

#Transform 38
Transform: AffineTransform_float_3_3
Parameters: 0.999997 0.00066682 0.00261565 -0.000645571 0.999969 -0.00779812 -0.00262083 0.00779687 0.999966 -0.0553779 0.301333 -0.876869
FixedParameters: 0 0 0

#Transform 39
Transform: AffineTransform_float_3_3
Parameters: 0.999996 0.000882694 0.00264723 -0.000863055 0.999973 -0.00725372 -0.00265299 0.00725127 0.99997 -0.0623072 0.309172 -0.778621
FixedParameters: 0 0 0

#Transform 40
Transform: AffineTransform_float_3_3
Parameters: 0.999996 0.00106434 0.00258498 -0.00104292 0.999964 -0.00847729 -0.00259439 0.00847471 0.999961 -0.0456133 0.300686 -0.981749
FixedParameters: 0 0 0

#Transform 41
Transform: AffineTransform_float_3_3
Parameters: 0.999996 0.00112194 0.00285536 -0.00109952 0.999969 -0.00785223 -0.00286434 0.00784878 0.999966 -0.0517615 0.286671 -0.97136
FixedParameters: 0 0 0

#Transform 42
Transform: AffineTransform_float_3_3
Parameters: 0.999996 0.000958071 0.00291322 -0.000936831 0.999972 -0.00740581 -0.00292011 0.00740318 0.999968 -0.0567845 0.299885 -0.869209
FixedParameters: 0 0 0

#Transform 43
Transform: AffineTransform_float_3_3
Parameters: 0.999998 0.000763888 0.00216476 -0.000747141 0.999971 -0.00756377 -0.00217046 0.00756124 0.999969 -0.0510937 0.286205 -0.924929
FixedParameters: 0 0 0

#Transform 44
Transform: AffineTransform_float_3_3
Parameters: 0.999994 0.000929409 0.00328793 -0.000888032 0.999919 -0.0126465 -0.00329963 0.0126435 0.999915 -0.0580712 0.304798 -1.49666
FixedParameters: 0 0 0

#Transform 45
Transform: AffineTransform_float_3_3
Parameters: 0.999993 0.000990042 0.00367146 -0.000953172 0.999949 -0.0100401 -0.00368072 0.0100359 0.999943 -0.0779541 0.333803 -1.18353
FixedParameters: 0 0 0

#Transform 46
Transform: AffineTransform_float_3_3
Parameters: 0.999992 0.000621697 0.00395693 -0.000581348 0.999946 -0.0103544 -0.00396257 0.0103526 0.999938 -0.0886929 0.351025 -1.21651
FixedParameters: 0 0 0

#Transform 47
Transform: AffineTransform_float_3_3
Parameters: 0.999994 0.000888342 0.00335643 -0.000851307 0.999937 -0.0111425 -0.00336518 0.0111395 0.999932 -0.0692429 0.342942 -1.29159
FixedParameters: 0 0 0

#Transform 48
Transform: AffineTransform_float_3_3
Parameters: 0.99999 0.00136923 0.00409012 -0.00132398 0.999939 -0.0109928 -0.00410504 0.0109882 0.999931 -0.0669921 0.314057 -1.36984
FixedParameters: 0 0 0

#Transform 49
Transform: AffineTransform_float_3_3
Parameters: 0.999991 0.00100628 0.00428261 -0.000959751 0.999941 -0.0108365 -0.00429292 0.0108325 0.999932 -0.083269 0.369528 -1.11023
FixedParameters: 0 0 0

#Transform 50
Transform: AffineTransform_float_3_3
Parameters: 0.999994 0.000845535 0.00353139 -0.00080504 0.999935 -0.0113203 -0.00354089 0.0113167 0.99993 -0.065903 0.338785 -1.22944
FixedParameters: 0 0 0

#Transform 51
Transform: AffineTransform_float_3_3
Parameters: 0.999994 0.000932174 0.00351628 -0.000892753 0.999937 -0.0111594 -0.00352654 0.0111566 0.999932 -0.0560129 0.335628 -1.26555
FixedParameters: 0 0 0

#Transform 52
Transform: AffineTransform_float_3_3
Parameters: 0.999993 0.000587525 0.00348776 -0.000549826 0.999941 -0.0107824 -0.00349385 0.0107806 0.999936 -0.0664758 0.357189 -1.1492
FixedParameters: 0 0 0

#Transform 53
Transform: AffineTransform_float_3_3
Parameters: 0.999993 0.000548366 0.00350572 -0.000507455 0.999932 -0.0116342 -0.00351158 0.0116328 0.999927 -0.0616908 0.31891 -1.25571
FixedParameters: 0 0 0

#Transform 54
Transform: AffineTransform_float_3_3
Parameters: 0.999995 0.000946822 0.00322086 -0.000909032 0.999931 -0.0117239 -0.00323197 0.0117201 0.999926 -0.0487302 0.361937 -1.23658
FixedParameters: 0 0 0

#Transform 55
Transform: AffineTransform_float_3_3
Parameters: 0.999996 0.000662707 0.00294687 -0.000632931 0.99995 -0.00996817 -0.00295397 0.00996583 0.999946 -0.0422065 0.333887 -1.17542
FixedParameters: 0 0 0

#Transform 56
Transform: AffineTransform_float_3_3
Parameters: 0.999991 0.000520692 0.00436589 -0.000466925 0.999925 -0.0121975 -0.00437182 0.0121955 0.999916 -0.0774489 0.374071 -1.29755
FixedParameters: 0 0 0

#Transform 57
Transform: AffineTransform_float_3_3
Parameters: 0.999991 0.000692221 0.00404785 -0.000644499 0.999929 -0.0119206 -0.00405608 0.0119174 0.999921 -0.0732003 0.371522 -1.19145
FixedParameters: 0 0 0

#Transform 58
Transform: AffineTransform_float_3_3
Parameters: 0.999992 0.000552357 0.00392975 -0.000503017 0.999921 -0.0125359 -0.00393619 0.0125341 0.999914 -0.0528684 0.340868 -1.39398
FixedParameters: 0 0 0

#Transform 59
Transform: AffineTransform_float_3_3
Parameters: 0.99999 0.000793171 0.00424642 -0.000740971 0.999924 -0.0123214 -0.00425605 0.0123186 0.999915 -0.0724117 0.352793 -1.32259
FixedParameters: 0 0 0

#Transform 60
Transform: AffineTransform_float_3_3
Parameters: 0.999992 0.000695859 0.00406987 -0.000645701 0.999921 -0.0125404 -0.00407873 0.0125386 0.999913 -0.0747163 0.35179 -1.36175
FixedParameters: 0 0 0

#Transform 61
Transform: AffineTransform_float_3_3
Parameters: 0.999991 0.000725083 0.00430453 -0.00066883 0.999914 -0.0131 -0.00431288 0.013097 0.999905 -0.0645228 0.370643 -1.35729
FixedParameters: 0 0 0

#Transform 62
Transform: AffineTransform_float_3_3
Parameters: 0.999992 0.000612792 0.00392262 -0.000563952 0.999924 -0.0123275 -0.00392981 0.0123245 0.999916 -0.0566371 0.37646 -1.26706
FixedParameters: 0 0 0

#Transform 63
Transform: AffineTransform_float_3_3
Parameters: 0.999989 0.00104097 0.00444423 -0.000977224 0.999896 -0.0144083 -0.00445896 0.0144037 0.999887 -0.0582398 0.340231 -1.67965
FixedParameters: 0 0 0

#Transform 64
Transform: AffineTransform_float_3_3
Parameters: 0.999995 0.000713216 0.00308163 -0.000667625 0.999893 -0.0146024 -0.00309157 0.0145996 0.999888 -0.00163766 0.336946 -1.71819
FixedParameters: 0 0 0

#Transform 65
Transform: AffineTransform_float_3_3
Parameters: 0.999992 0.000864935 0.00377277 -0.000813248 0.999902 -0.0139352 -0.00378426 0.0139318 0.999896 -0.0130324 0.355218 -1.62027
FixedParameters: 0 0 0

#Transform 66
Transform: AffineTransform_float_3_3
Parameters: 0.999993 0.00092334 0.00347364 -0.000874956 0.999906 -0.0136947 -0.00348595 0.0136913 0.9999 -0.0312703 0.365046 -1.55886
FixedParameters: 0 0 0

#Transform 67
Transform: AffineTransform_float_3_3
Parameters: 0.999994 0.00103058 0.00346576 -0.000982319 0.999904 -0.013781 -0.00347988 0.013777 0.999899 -0.0199729 0.355639 -1.5777
FixedParameters: 0 0 0

#Transform 68
Transform: AffineTransform_float_3_3
Parameters: 0.999995 0.000993147 0.00295786 -0.00095132 0.999897 -0.0143039 -0.00297177 0.0143011 0.999893 0.0108491 0.325053 -1.72414
FixedParameters: 0 0 0

#Transform 69
Transform: AffineTransform_float_3_3
Parameters: 0.999996 0.000760685 0.00277591 -0.000723638 0.999908 -0.0135365 -0.00278629 0.0135345 0.999905 0.00430793 0.327377 -1.66478
FixedParameters: 0 0 0

#Transform 70
Transform: AffineTransform_float_3_3
Parameters: 0.999992 0.00069331 0.00379638 -0.000638313 0.999898 -0.0143186 -0.00380671 0.0143165 0.999891 -0.024856 0.347916 -1.65735
FixedParameters: 0 0 0

#Transform 71
Transform: AffineTransform_float_3_3
Parameters: 0.999996 0.000817536 0.00294916 -0.00077418 0.999893 -0.0145864 -0.00296071 0.0145846 0.999889 -0.00824261 0.335104 -1.7059
FixedParameters: 0 0 0

#Transform 72
Transform: AffineTransform_float_3_3
Parameters: 0.999995 0.000866156 0.00310575 -0.000821644 0.999897 -0.0143337 -0.00311749 0.0143313 0.999892 -0.00237741 0.317368 -1.77138
FixedParameters: 0 0 0

#Transform 73
Transform: AffineTransform_float_3_3
Parameters: 0.999992 0.000521237 0.00396674 -0.000465856 0.999906 -0.0137408 -0.00397379 0.0137392 0.999898 -0.0433981 0.395297 -1.44324
FixedParameters: 0 0 0

#Transform 74
Transform: AffineTransform_float_3_3
Parameters: 0.999993 0.000593709 0.00387357 -0.000540692 0.999906 -0.0137144 -0.00388169 0.0137116 0.999898 -0.0421495 0.384839 -1.46706
FixedParameters: 0 0 0

#Transform 75
Transform: AffineTransform_float_3_3
Parameters: 0.999993 0.000621965 0.00356158 -0.000569236 0.999891 -0.0147635 -0.0035699 0.0147615 0.999885 -0.0254421 0.36584 -1.58393
FixedParameters: 0 0 0

#Transform 76
Transform: AffineTransform_float_3_3
Parameters: 0.999993 0.000719996 0.00351786 -0.000670553 0.999897 -0.0142908 -0.00352793 0.0142882 0.999892 -0.000168192 0.317465 -1.75372
FixedParameters: 0 0 0

#Transform 77
Transform: AffineTransform_float_3_3
Parameters: 0.999996 0.000684934 0.00269039 -0.000647014 0.999902 -0.0139604 -0.00269966 0.0139576 0.999899 0.00450358 0.353894 -1.61387
FixedParameters: 0 0 0

#Transform 78
Transform: AffineTransform_float_3_3
Parameters: 0.999997 0.000632695 0.00229393 -0.000599449 0.999895 -0.0144655 -0.00230307 0.0144635 0.999893 0.0231155 0.34789 -1.67155
FixedParameters: 0 0 0

#Transform 79
Transform: AffineTransform_float_3_3
Parameters: 0.999996 0.00106634 0.00255838 -0.00102492 0.999868 -0.0162122 -0.00257562 0.0162097 0.999865 -0.0112829 0.320898 -1.95149
FixedParameters: 0 0 0

#Transform 80
Transform: AffineTransform_float_3_3
Parameters: 0.999995 0.0010162 0.00293426 -0.000965974 0.999853 -0.01709 -0.00295111 0.017087 0.99985 -0.00720166 0.319138 -2.05445
FixedParameters: 0 0 0

#Transform 81
Transform: AffineTransform_float_3_3
Parameters: 0.999995 0.00107292 0.00317489 -0.00101909 0.999859 -0.0167972 -0.00319183 0.0167948 0.999854 -0.00826072 0.312046 -2.07877
FixedParameters: 0 0 0

#Transform 82
Transform: AffineTransform_float_3_3
Parameters: 0.999995 0.00116788 0.00267635 -0.00112228 0.999857 -0.0168846 -0.00269587 0.0168814 0.999854 0.0152736 0.30671 -2.11847
FixedParameters: 0 0 0

#Transform 83
Transform: AffineTransform_float_3_3
Parameters: 0.999994 0.00124899 0.00344753 -0.00119563 0.99988 -0.0154789 -0.00346586 0.0154741 0.999874 -0.021559 0.390473 -1.7749
FixedParameters: 0 0 0

#Transform 84
Transform: AffineTransform_float_3_3
Parameters: 0.999981 0.0020266 0.00581989 -0.00193677 0.999878 -0.0155404 -0.00585132 0.0155296 0.999862 0.0625221 0.283466 -2.12469
FixedParameters: 0 0 0

#Transform 85
Transform: AffineTransform_float_3_3
Parameters: 0.999952 0.000571781 0.00978161 -0.000669706 0.999949 0.0100202 -0.00977605 -0.0100258 0.999902 0.28237 -0.084738 -2.34108
FixedParameters: 0 0 0

#Transform 86
Transform: AffineTransform_float_3_3
Parameters: 0.999981 -0.000175861 0.00606465 0.000137201 0.999979 0.00643441 -0.006066 -0.0064336 0.999961 0.294035 0.142085 -2.06715
FixedParameters: 0 0 0

#Transform 87
Transform: AffineTransform_float_3_3
Parameters: 0.999983 0.00203486 0.00557263 -0.00202236 0.999995 -0.00231789 -0.00557746 0.00230611 0.999982 0.176896 0.186989 -2.21948
FixedParameters: 0 0 0

#Transform 88
Transform: AffineTransform_float_3_3
Parameters: 0.999984 0.002731 0.00498714 -0.00270148 0.999979 -0.00588427 -0.00500341 0.00587072 0.99997 0.141127 0.128885 -2.29997
FixedParameters: 0 0 0

#Transform 89
Transform: AffineTransform_float_3_3
Parameters: 0.999986 0.00262533 0.00472145 -0.00258957 0.99997 -0.00741376 -0.00474116 0.00740124 0.999962 0.168103 0.111769 -2.49884
FixedParameters: 0 0 0

#Transform 90
Transform: AffineTransform_float_3_3
Parameters: 0.999982 0.00282028 0.00527932 -0.00278494 0.999974 -0.00659516 -0.00529733 0.00657983 0.999964 0.141305 0.158049 -2.31243
FixedParameters: 0 0 0

#Transform 91
Transform: AffineTransform_float_3_3
Parameters: 0.999986 0.00265899 0.00447098 -0.00262291 0.999964 -0.00808377 -0.00449171 0.00807223 0.999957 0.181543 0.127118 -2.40531
FixedParameters: 0 0 0

#Transform 92
Transform: AffineTransform_float_3_3
Parameters: 0.999986 0.00274501 0.00465989 -0.00271101 0.99997 -0.00728132 -0.00467974 0.00726869 0.999963 0.165281 0.137048 -2.36176
FixedParameters: 0 0 0

#Transform 93
Transform: AffineTransform_float_3_3
Parameters: 0.999987 0.00212278 0.00447245 -0.00208187 0.999957 -0.0089989 -0.00449123 0.0089901 0.99995 0.175708 0.124841 -2.43431
FixedParameters: 0 0 0

#Transform 94
Transform: AffineTransform_float_3_3
Parameters: 0.999989 0.00199333 0.00429982 -0.00195739 0.999963 -0.0084027 -0.00431646 0.00839429 0.999955 0.17868 0.137196 -2.48087
FixedParameters: 0 0 0

#Transform 95
Transform: AffineTransform_float_3_3
Parameters: 0.999987 0.00213148 0.00449715 -0.00209441 0.999964 -0.00822021 -0.00451401 0.0082098 0.999956 0.145047 0.170639 -2.37798
FixedParameters: 0 0 0

#Transform 96
Transform: AffineTransform_float_3_3
Parameters: 0.999989 0.00203157 0.00434745 -0.00199156 0.999957 -0.0090508 -0.0043652 0.00904119 0.99995 0.178318 0.126021 -2.53512
FixedParameters: 0 0 0

#Transform 97
Transform: AffineTransform_float_3_3
Parameters: 0.999982 0.00191363 0.00555557 -0.0018553 0.999943 -0.0105479 -0.00557568 0.0105371 0.999929 0.0989183 0.302473 -2.01053
FixedParameters: 0 0 0

#Transform 98
Transform: AffineTransform_float_3_3
Parameters: 0.999984 0.00179493 0.00549025 -0.00173076 0.99993 -0.0116565 -0.00551067 0.0116465 0.999917 0.130467 0.253456 -2.21193
FixedParameters: 0 0 0

#Transform 99
Transform: AffineTransform_float_3_3
Parameters: 0.999983 0.00181766 0.00553203 -0.00174936 0.999922 -0.0123553 -0.00555347 0.0123457 0.999908 0.145853 0.224452 -2.3765
FixedParameters: 0 0 0

#Transform 100
Transform: AffineTransform_float_3_3
Parameters: 0.999982 0.00225739 0.00557895 -0.00219613 0.999937 -0.0109858 -0.0056039 0.0109732 0.999924 0.118011 0.270749 -2.16616
FixedParameters: 0 0 0

#Transform 101
Transform: AffineTransform_float_3_3
Parameters: 0.99998 0.00147624 0.00626106 -0.00139796 0.99992 -0.0125547 -0.00627877 0.0125462 0.999902 0.0880746 0.390374 -1.65439
FixedParameters: 0 0 0

#Transform 102
Transform: AffineTransform_float_3_3
Parameters: 0.999986 0.00164296 0.00491848 -0.00157115 0.999894 -0.0144328 -0.00494147 0.0144242 0.999884 0.153253 0.269642 -2.32531
FixedParameters: 0 0 0

#Transform 103
Transform: AffineTransform_float_3_3
Parameters: 0.999981 0.00177179 0.00587451 -0.00169056 0.999903 -0.0138811 -0.00589855 0.0138709 0.999886 0.105726 0.33136 -2.18337
FixedParameters: 0 0 0

#Transform 104
Transform: AffineTransform_float_3_3
Parameters: 0.999982 0.00162613 0.00566477 -0.00154473 0.999897 -0.0142823 -0.00568774 0.0142737 0.999882 0.115891 0.358908 -2.01911
FixedParameters: 0 0 0

#Transform 105
Transform: AffineTransform_float_3_3
Parameters: 0.999983 0.0017514 0.00556234 -0.0016728 0.999899 -0.0141062 -0.00558595 0.0140958 0.999885 0.127903 0.312958 -2.23002
FixedParameters: 0 0 0

#Transform 106
Transform: AffineTransform_float_3_3
Parameters: 0.999978 0.00193321 0.00634758 -0.00184467 0.999902 -0.0138563 -0.00637356 0.0138447 0.999884 0.0790626 0.388917 -1.93116
FixedParameters: 0 0 0

#Transform 107
Transform: AffineTransform_float_3_3
Parameters: 0.999985 0.00165844 0.00523895 -0.00157877 0.999884 -0.0151096 -0.0052641 0.0151013 0.999872 0.148362 0.314838 -2.20188
FixedParameters: 0 0 0

#Transform 108
Transform: AffineTransform_float_3_3
Parameters: 0.999982 0.0017454 0.00561713 -0.0016679 0.999905 -0.0136589 -0.00564115 0.0136491 0.999891 0.123103 0.342158 -2.09946
FixedParameters: 0 0 0

#Transform 109
Transform: AffineTransform_float_3_3
Parameters: 0.99998 0.00173564 0.00604765 -0.00164594 0.999889 -0.0148547 -0.00607258 0.0148444 0.999872 0.122976 0.40381 -1.92856
FixedParameters: 0 0 0

#Transform 110
Transform: AffineTransform_float_3_3
Parameters: 0.999982 0.00207038 0.00559197 -0.00200938 0.999939 -0.0108918 -0.00561375 0.0108812 0.999925 0.161379 0.23027 -2.40828
FixedParameters: 0 0 0

#Transform 111
Transform: AffineTransform_float_3_3
Parameters: 0.999974 0.00169582 0.00692471 -0.00162034 0.99994 -0.0108587 -0.00694297 0.0108474 0.999917 0.0882138 0.3367 -2.02213
FixedParameters: 0 0 0

#Transform 112
Transform: AffineTransform_float_3_3
Parameters: 0.999978 0.00210247 0.00626159 -0.00200845 0.999887 -0.0148564 -0.0062921 0.0148436 0.99987 0.0883197 0.38675 -2.04628
FixedParameters: 0 0 0

#Transform 113
Transform: AffineTransform_float_3_3
Parameters: 0.99998 0.00214683 0.00606494 -0.00205526 0.999885 -0.0150261 -0.00609699 0.0150129 0.999868 0.107925 0.443395 -1.90147
FixedParameters: 0 0 0

#Transform 114
Transform: AffineTransform_float_3_3
Parameters: 0.999978 0.00246164 0.00616198 -0.00236609 0.999878 -0.0154267 -0.00619933 0.0154113 0.999862 0.105314 0.361231 -2.27202
FixedParameters: 0 0 0

#Transform 115
Transform: AffineTransform_float_3_3
Parameters: 0.99998 0.00235156 0.00584673 -0.00225645 0.999866 -0.0162162 -0.00588434 0.0162028 0.999851 0.104039 0.352093 -2.38547
FixedParameters: 0 0 0

#Transform 116
Transform: AffineTransform_float_3_3
Parameters: 0.999984 0.00243901 0.00523665 -0.00234419 0.999835 -0.0180126 -0.00527939 0.0180004 0.999824 0.148969 0.268702 -2.73835
FixedParameters: 0 0 0

#Transform 117
Transform: AffineTransform_float_3_3
Parameters: 0.999982 0.00241328 0.00537843 -0.00232192 0.999856 -0.0167857 -0.00541868 0.0167723 0.999845 0.128409 0.269238 -2.71797
FixedParameters: 0 0 0

#Transform 118
Transform: AffineTransform_float_3_3
Parameters: 0.999986 0.00220385 0.00484444 -0.00211816 0.999845 -0.0174405 -0.00488201 0.0174295 0.999836 0.157237 0.226044 -2.85201
FixedParameters: 0 0 0

#Transform 119
Transform: AffineTransform_float_3_3
Parameters: 0.999986 0.00250054 0.004789 -0.00241641 0.999846 -0.0173641 -0.00483158 0.0173519 0.999838 0.168504 0.188358 -2.98521
FixedParameters: 0 0 0

#Transform 120
Transform: AffineTransform_float_3_3
Parameters: 0.999986 0.00221735 0.00477932 -0.0021339 0.999846 -0.0174035 -0.00481632 0.0173934 0.999837 0.150529 0.270868 -2.78197
FixedParameters: 0 0 0

#Transform 121
Transform: AffineTransform_float_3_3
Parameters: 0.999986 0.00239523 0.00459699 -0.00231123 0.999833 -0.0181115 -0.00464035 0.0181005 0.999825 0.159812 0.236939 -2.87842
FixedParameters: 0 0 0

#Transform 122
Transform: AffineTransform_float_3_3
Parameters: 0.999984 0.00234705 0.00525904 -0.00225519 0.999845 -0.0174736 -0.00529905 0.0174615 0.999833 0.152096 0.300778 -2.70038
FixedParameters: 0 0 0

#Transform 123
Transform: AffineTransform_float_3_3
Parameters: 0.999981 0.00262547 0.00569236 -0.00253155 0.999863 -0.0163727 -0.00573506 0.0163583 0.99985 0.129414 0.364582 -2.44895
FixedParameters: 0 0 0

#Transform 124
Transform: AffineTransform_float_3_3
Parameters: 0.999986 0.00226914 0.004904 -0.00218061 0.999838 -0.0178867 -0.00494423 0.0178763 0.999828 0.151907 0.312726 -2.61297
FixedParameters: 0 0 0

#Transform 125
Transform: AffineTransform_float_3_3
Parameters: 0.999985 0.00230187 0.00501534 -0.00221382 0.999845 -0.0174451 -0.00505475 0.0174339 0.999835 0.163473 0.245357 -2.82277
FixedParameters: 0 0 0

#Transform 126
Transform: AffineTransform_float_3_3
Parameters: 0.999986 0.00213532 0.00494937 -0.00205046 0.99985 -0.0172004 -0.00498593 0.0171896 0.999839 0.16103 0.242027 -2.82183
FixedParameters: 0 0 0

#Transform 127
Transform: AffineTransform_float_3_3
Parameters: 0.99998 0.0026036 0.00576338 -0.00251564 0.99988 -0.0152978 -0.00580284 0.0152832 0.999866 0.125023 0.296774 -2.56878
FixedParameters: 0 0 0

#Transform 128
Transform: AffineTransform_float_3_3
Parameters: 0.999998 0.00145694 0.00138863 -0.00143487 0.999872 -0.0159345 -0.00141102 0.0159325 0.999872 0.200186 0.155114 -3.01925
FixedParameters: 0 0 0

#Transform 129
Transform: AffineTransform_float_3_3
Parameters: 0.999988 0.00191701 0.0044608 -0.00185031 0.999886 -0.0149651 -0.00448864 0.0149569 0.999878 0.112553 0.341009 -2.50131
FixedParameters: 0 0 0

#Transform 130
Transform: AffineTransform_float_3_3
Parameters: 0.999991 0.00173201 0.00391499 -0.00166921 0.99987 -0.0160301 -0.00394162 0.0160239 0.999864 0.139305 0.297524 -2.64655
FixedParameters: 0 0 0

#Transform 131
Transform: AffineTransform_float_3_3
Parameters: 0.999992 0.00194754 0.00367587 -0.00188601 0.999858 -0.016746 -0.00370718 0.016739 0.999853 0.158131 0.259529 -2.83003
FixedParameters: 0 0 0

#Transform 132
Transform: AffineTransform_float_3_3
Parameters: 0.999987 0.0020198 0.00466364 -0.00194056 0.999855 -0.0169256 -0.00469706 0.0169164 0.999846 0.13933 0.335234 -2.59793
FixedParameters: 0 0 0

#Transform 133
Transform: AffineTransform_float_3_3
Parameters: 0.999988 0.00210164 0.00444229 -0.00202557 0.999852 -0.0170699 -0.00447714 0.0170601 0.999845 0.12807 0.318814 -2.65536
FixedParameters: 0 0 0

#Transform 134
Transform: AffineTransform_float_3_3
Parameters: 0.999992 0.00184342 0.00354233 -0.00177951 0.999836 -0.0180179 -0.00357487 0.0180121 0.999831 0.164864 0.230981 -3.01847
FixedParameters: 0 0 0

#Transform 135
Transform: AffineTransform_float_3_3
Parameters: 0.999988 0.00234063 0.00425828 -0.00226708 0.999851 -0.0170998 -0.00429857 0.0170901 0.999845 0.129199 0.320893 -2.69097
FixedParameters: 0 0 0

#Transform 136
Transform: AffineTransform_float_3_3
Parameters: 0.999984 0.00229333 0.0053115 -0.00219338 0.999824 -0.0186118 -0.00535318 0.0186001 0.999813 0.104376 0.465226 -2.32947
FixedParameters: 0 0 0

#Transform 137
Transform: AffineTransform_float_3_3
Parameters: 0.999988 0.00201076 0.00451007 -0.0019232 0.999814 -0.0191786 -0.00454786 0.0191694 0.999806 0.140943 0.370026 -2.58448
FixedParameters: 0 0 0

#Transform 138
Transform: AffineTransform_float_3_3
Parameters: 0.99999 0.0018615 0.00392724 -0.00178685 0.99982 -0.0188846 -0.00396133 0.0188774 0.999814 0.182644 0.309438 -2.85228
FixedParameters: 0 0 0

#Transform 139
Transform: AffineTransform_float_3_3
Parameters: 0.999985 0.00203326 0.00513418 -0.00193721 0.999822 -0.0187637 -0.00517171 0.0187533 0.999811 0.10144 0.437986 -2.46758
FixedParameters: 0 0 0

#Transform 140
Transform: AffineTransform_float_3_3
Parameters: 0.999984 0.00177501 0.00533817 -0.00167657 0.999826 -0.0185864 -0.00537049 0.0185766 0.999813 0.125501 0.41222 -2.49332
FixedParameters: 0 0 0

#Transform 141
Transform: AffineTransform_float_3_3
Parameters: 0.999989 0.00147985 0.00456518 -0.00138713 0.999795 -0.0201971 -0.00459477 0.0201898 0.999786 0.142097 0.375901 -2.71148
FixedParameters: 0 0 0

#Transform 142
Transform: AffineTransform_float_3_3
Parameters: 0.999985 0.00181385 0.00503786 -0.00172545 0.999843 -0.0176334 -0.00506866 0.0176256 0.999832 0.132457 0.375448 -2.6476
FixedParameters: 0 0 0

#Transform 143
Transform: AffineTransform_float_3_3
Parameters: 0.999986 0.00205599 0.00487201 -0.00196831 0.999837 -0.0179498 -0.00490804 0.0179402 0.999827 0.141158 0.375888 -2.62847
FixedParameters: 0 0 0

#Transform 144
Transform: AffineTransform_float_3_3
Parameters: 0.999989 0.00240839 0.00398808 -0.0023308 0.999809 -0.0194184 -0.00403388 0.0194086 0.999803 0.17753 0.331961 -2.80854
FixedParameters: 0 0 0

#Transform 145
Transform: AffineTransform_float_3_3
Parameters: 0.999986 0.00293633 0.00445117 -0.00286204 0.999857 -0.0167001 -0.00449978 0.0166869 0.99985 0.130863 0.447251 -2.36187
FixedParameters: 0 0 0

#Transform 146
Transform: AffineTransform_float_3_3
Parameters: 0.999987 0.00280237 0.00441045 -0.0027246 0.999843 -0.0174972 -0.00445907 0.0174848 0.999837 0.138216 0.397394 -2.47539
FixedParameters: 0 0 0

#Transform 147
Transform: AffineTransform_float_3_3
Parameters: 0.999991 0.002561 0.00356716 -0.00249216 0.999811 -0.0192444 -0.0036154 0.0192355 0.999808 0.193946 0.315967 -2.90697
FixedParameters: 0 0 0

#Transform 148
Transform: AffineTransform_float_3_3
Parameters: 0.999987 0.00263413 0.00420232 -0.00255684 0.999829 -0.0183046 -0.00424926 0.0182934 0.999823 0.169246 0.314053 -2.8554
FixedParameters: 0 0 0

#Transform 149
Transform: AffineTransform_float_3_3
Parameters: 0.999986 0.00254676 0.00458826 -0.00246124 0.999822 -0.0186748 -0.00463519 0.0186632 0.999815 0.143689 0.382413 -2.60811
FixedParameters: 0 0 0

#Transform 150
Transform: AffineTransform_float_3_3
Parameters: 0.99999 0.00204513 0.00378722 -0.00197447 0.999825 -0.0186007 -0.00382428 0.0185933 0.99982 0.180117 0.305254 -2.95269
FixedParameters: 0 0 0

#Transform 151
Transform: AffineTransform_float_3_3
Parameters: 0.999987 0.00209474 0.00449448 -0.00201186 0.999829 -0.0183781 -0.00453254 0.0183689 0.999821 0.133015 0.335706 -2.8238
FixedParameters: 0 0 0

#Transform 152
Transform: AffineTransform_float_3_3
Parameters: 0.999985 0.00196191 0.00511333 -0.00186797 0.999831 -0.0182813 -0.00514794 0.0182717 0.99982 0.144393 0.462329 -2.43042
FixedParameters: 0 0 0

#Transform 153
Transform: AffineTransform_float_3_3
Parameters: 0.999989 0.00197286 0.00426306 -0.00189388 0.99983 -0.0183825 -0.00429869 0.0183745 0.999822 0.160171 0.304196 -2.9215
FixedParameters: 0 0 0

#Transform 154
Transform: AffineTransform_float_3_3
Parameters: 0.999987 0.00208952 0.00448804 -0.00200623 0.999826 -0.0185511 -0.00452622 0.0185419 0.999817 0.147923 0.341597 -2.8097
FixedParameters: 0 0 0

#Transform 155
Transform: AffineTransform_float_3_3
Parameters: 0.999989 0.00186576 0.00425613 -0.00178503 0.999821 -0.0188178 -0.00429083 0.0188102 0.999814 0.164664 0.331434 -2.83777
FixedParameters: 0 0 0

#Transform 156
Transform: AffineTransform_float_3_3
Parameters: 0.999989 0.00212686 0.00415906 -0.002046 0.999813 -0.0192429 -0.00419997 0.0192341 0.999806 0.180071 0.324136 -2.95714
FixedParameters: 0 0 0

#Transform 157
Transform: AffineTransform_float_3_3
Parameters: 0.999987 0.00196694 0.00482536 -0.00187673 0.999825 -0.0186523 -0.0048619 0.0186437 0.999815 0.145447 0.344976 -2.91916
FixedParameters: 0 0 0

#Transform 158
Transform: AffineTransform_float_3_3
Parameters: 0.999992 0.00188819 0.00369185 -0.0018172 0.999818 -0.0189858 -0.00372711 0.0189792 0.999813 0.194572 0.318765 -3.05411
FixedParameters: 0 0 0

#Transform 159
Transform: AffineTransform_float_3_3
Parameters: 0.999993 0.00187087 0.00307843 -0.00181145 0.999815 -0.0191368 -0.00311404 0.0191311 0.999812 0.212846 0.304998 -3.16843
FixedParameters: 0 0 0

#Transform 160
Transform: AffineTransform_float_3_3
Parameters: 0.999988 0.00241972 0.00428676 -0.00233788 0.999819 -0.0188724 -0.00433138 0.0188626 0.999813 0.163232 0.364848 -2.94605
FixedParameters: 0 0 0

#Transform 161
Transform: AffineTransform_float_3_3
Parameters: 0.999989 0.0023129 0.0039224 -0.00223609 0.99981 -0.0193458 -0.00396627 0.0193372 0.999805 0.181522 0.351493 -2.96334
FixedParameters: 0 0 0

#Transform 162
Transform: AffineTransform_float_3_3
Parameters: 0.999994 0.002016 0.00302971 -0.00195541 0.999808 -0.0195184 -0.00306829 0.0195127 0.999805 0.227065 0.32999 -3.16088
FixedParameters: 0 0 0

#Transform 163
Transform: AffineTransform_float_3_3
Parameters: 0.999991 0.00204194 0.0038738 -0.00196628 0.999808 -0.0194655 -0.00391308 0.0194585 0.999803 0.176362 0.33359 -3.05003
FixedParameters: 0 0 0

#Transform 164
Transform: AffineTransform_float_3_3
Parameters: 0.999992 0.00209234 0.00359717 -0.00202337 0.999813 -0.0192289 -0.00363676 0.0192211 0.999808 0.186411 0.324554 -3.09796
FixedParameters: 0 0 0

#Transform 165
Transform: AffineTransform_float_3_3
Parameters: 0.999991 0.0020696 0.00352433 -0.00200329 0.999823 -0.0187337 -0.00356265 0.0187264 0.999819 0.211751 0.292385 -3.18996
FixedParameters: 0 0 0

#Transform 166
Transform: AffineTransform_float_3_3
Parameters: 0.999991 0.00221718 0.00358882 -0.00215043 0.999825 -0.0186011 -0.00362945 0.0185939 0.999821 0.195824 0.307136 -3.12989
FixedParameters: 0 0 0

#Transform 167
Transform: AffineTransform_float_3_3
Parameters: 0.999989 0.00207866 0.00403163 -0.00200043 0.999813 -0.0192526 -0.00407064 0.0192454 0.999807 0.179374 0.345638 -2.97373
FixedParameters: 0 0 0

#Transform 168
Transform: AffineTransform_float_3_3
Parameters: 0.999993 0.0021145 0.00305252 -0.00205514 0.99981 -0.0194066 -0.0030928 0.0193995 0.999807 0.222851 0.307468 -3.21013
FixedParameters: 0 0 0

#Transform 169
Transform: AffineTransform_float_3_3
Parameters: 0.999989 0.0024696 0.00392924 -0.00239435 0.999817 -0.0189635 -0.00397458 0.0189535 0.999812 0.180965 0.339267 -3.0045
FixedParameters: 0 0 0

#Transform 170
Transform: AffineTransform_float_3_3
Parameters: 0.999991 0.001982 0.00374823 -0.00190747 0.999801 -0.0198423 -0.00378706 0.0198348 0.999796 0.190062 0.37726 -2.93256
FixedParameters: 0 0 0

#Transform 171
Transform: AffineTransform_float_3_3
Parameters: 0.99999 0.00207698 0.00406846 -0.00199661 0.999806 -0.0195645 -0.00410785 0.0195565 0.999801 0.190511 0.372959 -3.02024
FixedParameters: 0 0 0

#Transform 172
Transform: AffineTransform_float_3_3
Parameters: 0.999989 0.00233291 0.00412068 -0.00225464 0.999817 -0.01898 -0.00416337 0.018971 0.999811 0.174707 0.348339 -3.05025
FixedParameters: 0 0 0

#Transform 173
Transform: AffineTransform_float_3_3
Parameters: 0.999992 0.00206526 0.00340428 -0.00199873 0.999808 -0.0194954 -0.00344422 0.0194886 0.999804 0.204006 0.315143 -3.13002
FixedParameters: 0 0 0

#Transform 174
Transform: AffineTransform_float_3_3
Parameters: 0.99999 0.00180029 0.00394255 -0.00172518 0.999817 -0.0190845 -0.00397647 0.0190785 0.99981 0.197548 0.346588 -3.06773
FixedParameters: 0 0 0

#Transform 175
Transform: AffineTransform_float_3_3
Parameters: 0.999984 0.00214245 0.00510625 -0.00204459 0.999814 -0.0191412 -0.0051468 0.0191298 0.999804 0.15602 0.428376 -2.72698
FixedParameters: 0 0 0

#Transform 176
Transform: AffineTransform_float_3_3
Parameters: 0.999989 0.00205226 0.00422957 -0.00196715 0.9998 -0.0199047 -0.00426955 0.0198963 0.999793 0.18487 0.365728 -2.94243
FixedParameters: 0 0 0

#Transform 177
Transform: AffineTransform_float_3_3
Parameters: 0.999993 0.00198545 0.00317288 -0.00192468 0.999814 -0.019146 -0.00321079 0.01914 0.999812 0.231261 0.324676 -3.14585
FixedParameters: 0 0 0

#Transform 178
Transform: AffineTransform_float_3_3
Parameters: 0.999993 0.0015888 0.00359568 -0.00151719 0.999799 -0.0199841 -0.00362688 0.0199779 0.999794 0.210656 0.370259 -3.07171
FixedParameters: 0 0 0

#Transform 179
Transform: AffineTransform_float_3_3
Parameters: 0.999993 0.00165174 0.00320153 -0.00158896 0.999806 -0.0196108 -0.00323273 0.0196062 0.999803 0.212587 0.355195 -3.12945
FixedParameters: 0 0 0
