# transform file /out/sourcedata/freesurfer/sub-v1s10x0051018_ses-1/mri/transforms/cc_up.lta
# created by oesteban on Thu Mar 12 04:23:42 2026

type      = 0 # LINEAR_VOX_TO_VOX
nxforms   = 1
mean      = 129.0000 130.0000 106.0000
sigma     = 10000.0000
1 4 4
9.996851086616516e-01 1.707883179187775e-02 1.838386431336403e-02 -5.542212009429932e+00 
-1.707594469189644e-02 9.998541474342346e-01 -3.140207263641059e-04 1.626444625854492e+01 
-1.838654465973377e-02 -2.910383045673370e-11 9.998309612274170e-01 4.140529632568359e+01 
0.000000000000000e+00 0.000000000000000e+00 0.000000000000000e+00 1.000000000000000e+00 
src volume info
valid = 1  # volume info valid
filename = /out/sourcedata/freesurfer/sub-v1s10x0051018_ses-1/mri/norm.mgz
volume = 256 256 256
voxelsize = 1.000000000000000e+00 1.000000000000000e+00 1.000000000000000e+00
xras   = -1.000000000000000e+00 0.000000000000000e+00 0.000000000000000e+00
yras   = 0.000000000000000e+00 0.000000000000000e+00 -1.000000000000000e+00
zras   = 0.000000000000000e+00 1.000000000000000e+00 0.000000000000000e+00
cras   = -7.287170410156250e+00 1.000000000000000e+00 1.000000000000000e+00
dst volume info
valid = 1  # volume info valid
filename = /out/sourcedata/freesurfer/sub-v1s10x0051018_ses-1/mri/norm.mgz
volume = 256 256 256
voxelsize = 1.000000000000000e+00 1.000000000000000e+00 1.000000000000000e+00
xras   = -1.000000000000000e+00 0.000000000000000e+00 0.000000000000000e+00
yras   = 0.000000000000000e+00 0.000000000000000e+00 -1.000000000000000e+00
zras   = 0.000000000000000e+00 1.000000000000000e+00 0.000000000000000e+00
cras   = -7.287170410156250e+00 1.000000000000000e+00 1.000000000000000e+00
