#Insight Transform File V1.0
#Transform 0
Transform: AffineTransform_float_3_3
Parameters: 1 -0.000316768 -0.000146612 0.000316037 1 -0.00116105 0.000146426 0.00116095 1 0.0752233 0.115369 0.336722
FixedParameters: 0 0 0

#Transform 1
Transform: AffineTransform_float_3_3
Parameters: 0.999999 0.00083481 -0.000316196 -0.00083472 0.999999 0.000142264 0.000316433 -0.000141736 1 -0.0127585 0.0108059 -0.00733522
FixedParameters: 0 0 0

#Transform 2
Transform: AffineTransform_float_3_3
Parameters: 0.999999 0.000923396 -0.000358329 -0.000923427 0.999999 -4.36689e-05 0.000358247 4.43306e-05 1 -0.0157604 0.0116988 -0.0110612
FixedParameters: 0 0 0

#Transform 3
Transform: AffineTransform_float_3_3
Parameters: 1 0.00111095 -0.000290124 -0.00111094 1 2.09629e-05 0.00029017 -2.10376e-05 1 -0.0227309 0.0157815 -0.0166961
FixedParameters: 0 0 0

#Transform 4
Transform: AffineTransform_float_3_3
Parameters: 1 0.00109837 -0.000332552 -0.00109834 1 4.60059e-05 0.000332653 -4.59946e-05 1 -0.0196048 0.00687799 -0.0181429
FixedParameters: 0 0 0

#Transform 5
Transform: AffineTransform_float_3_3
Parameters: 1 0.00105483 -0.000422319 -0.00105492 1 0.000361086 0.00042216 -0.000360915 1 -0.0163137 -0.00519371 -0.0657318
FixedParameters: 0 0 0

#Transform 6
Transform: AffineTransform_float_3_3
Parameters: 1 0.00102942 -0.000615511 -0.00102914 0.999999 0.000545274 0.000615713 -0.000544726 0.999999 -0.0155462 -0.00156027 -0.0527802
FixedParameters: 0 0 0

#Transform 7
Transform: AffineTransform_float_3_3
Parameters: 0.999999 0.00118569 -0.000405649 -0.00118551 0.999999 0.000708969 0.000406408 -0.000708031 0.999999 -0.0207732 -0.0120893 -0.0826722
FixedParameters: 0 0 0

#Transform 8
Transform: AffineTransform_float_3_3
Parameters: 0.999999 0.00133738 -6.82439e-05 -0.00133769 0.999999 0.00058658 6.88923e-05 -0.000586421 0.999999 -0.0294851 -0.00775217 -0.061505
FixedParameters: 0 0 0

#Transform 9
Transform: AffineTransform_float_3_3
Parameters: 0.999999 0.00146627 -0.000123039 -0.00146654 0.999998 0.000471821 0.000123503 -0.000472179 1 -0.0307743 -0.00130829 -0.0576918
FixedParameters: 0 0 0

#Transform 10
Transform: AffineTransform_float_3_3
Parameters: 0.999999 0.00150677 -0.000140312 -0.00150613 0.999998 0.000405852 0.000140224 -0.000406149 1 -0.0428504 0.00151633 -0.0431822
FixedParameters: 0 0 0

#Transform 11
Transform: AffineTransform_float_3_3
Parameters: 0.999999 0.00136786 -0.000183661 -0.00136722 0.999999 0.000305892 0.000183187 -0.00030611 1 -0.0334496 0.0133407 -0.0442883
FixedParameters: 0 0 0

#Transform 12
Transform: AffineTransform_float_3_3
Parameters: 0.999999 0.00136283 -0.000251608 -0.00136197 0.999999 0.000660984 0.000252097 -0.000661017 1 -0.0404418 0.00289638 -0.0547246
FixedParameters: 0 0 0

#Transform 13
Transform: AffineTransform_float_3_3
Parameters: 1 0.00109592 -0.000363614 -0.00109575 0.999998 0.00130625 0.000364635 -0.00130475 0.999999 -0.0195999 -0.0202343 -0.118591
FixedParameters: 0 0 0

#Transform 14
Transform: AffineTransform_float_3_3
Parameters: 1 0.00108913 -0.000155872 -0.00108838 0.999997 0.00195117 0.000157889 -0.00195083 0.999998 -0.0232932 -0.0370907 -0.148268
FixedParameters: 0 0 0

#Transform 15
Transform: AffineTransform_float_3_3
Parameters: 1 0.00115259 -0.000134726 -0.00115266 0.999998 0.00120116 0.000136575 -0.00120084 1 -0.0167628 -0.0319082 -0.13097
FixedParameters: 0 0 0

#Transform 16
Transform: AffineTransform_float_3_3
Parameters: 0.999999 0.00127482 -4.02162e-05 -0.00127453 0.999997 0.00175905 4.24688e-05 -0.00175895 0.999999 -0.0316495 -0.0374423 -0.149128
FixedParameters: 0 0 0

#Transform 17
Transform: AffineTransform_float_3_3
Parameters: 1 0.00107562 -0.000267671 -0.00107456 0.999998 0.00172278 0.000269143 -0.00172222 0.999998 -0.0162618 -0.0267273 -0.126519
FixedParameters: 0 0 0

#Transform 18
Transform: AffineTransform_float_3_3
Parameters: 1 0.00117641 -0.000162899 -0.0011767 0.999999 0.00149168 0.000164567 -0.00149132 0.999999 -0.0315172 -0.0283856 -0.108268
FixedParameters: 0 0 0

#Transform 19
Transform: AffineTransform_float_3_3
Parameters: 1 0.0010562 -0.000239328 -0.00105597 0.999998 0.00130225 0.000241158 -0.00130175 0.999999 -0.0283524 -0.0252369 -0.0928759
FixedParameters: 0 0 0

#Transform 20
Transform: AffineTransform_float_3_3
Parameters: 1 0.00112657 -0.000126844 -0.00112571 0.999999 0.00131279 0.00012849 -0.00131322 0.999999 -0.0351182 -0.0309434 -0.105637
FixedParameters: 0 0 0

#Transform 21
Transform: AffineTransform_float_3_3
Parameters: 0.999999 0.000966609 -0.000220267 -0.00096566 0.999999 0.000951214 0.000220793 -0.000950788 1 -0.0259609 -0.0117089 -0.0736401
FixedParameters: 0 0 0

#Transform 22
Transform: AffineTransform_float_3_3
Parameters: 1 0.00106408 -0.000292548 -0.00106407 0.999998 0.00135231 0.000293585 -0.00135169 0.999999 -0.0130898 -0.0269179 -0.11927
FixedParameters: 0 0 0

#Transform 23
Transform: AffineTransform_float_3_3
Parameters: 1 0.00108722 -0.000337903 -0.00108655 0.999998 0.00156301 0.00034038 -0.00156299 0.999999 -0.0174851 -0.0307881 -0.117129
FixedParameters: 0 0 0

#Transform 24
Transform: AffineTransform_float_3_3
Parameters: 1 0.00102642 -0.000307197 -0.00102607 0.999999 0.00120132 0.000308742 -0.00120068 0.999999 -0.0173955 -0.017132 -0.105533
FixedParameters: 0 0 0

#Transform 25
Transform: AffineTransform_float_3_3
Parameters: 0.999999 0.00120891 -0.000209409 -0.00120782 0.999999 0.0013359 0.000211327 -0.00133611 0.999999 -0.0329188 -0.0222024 -0.0970543
FixedParameters: 0 0 0

#Transform 26
Transform: AffineTransform_float_3_3
Parameters: 1 0.00115143 -0.000258158 -0.00115126 0.999998 0.00108994 0.000259747 -0.00109006 0.999999 -0.0189889 -0.0153671 -0.0928718
FixedParameters: 0 0 0

#Transform 27
Transform: AffineTransform_float_3_3
Parameters: 1 0.00121631 -8.68435e-05 -0.00121558 0.999999 0.00113595 8.82937e-05 -0.00113505 0.999999 -0.0366336 -0.0194999 -0.105368
FixedParameters: 0 0 0

#Transform 28
Transform: AffineTransform_float_3_3
Parameters: 1 0.00103145 -0.000303098 -0.00103165 0.999999 0.000950953 0.000303219 -0.000951047 0.999999 -0.0246303 -0.0171951 -0.0603765
FixedParameters: 0 0 0

#Transform 29
Transform: AffineTransform_float_3_3
Parameters: 0.999999 0.000973659 8.62365e-05 -0.000974213 0.999999 0.000950917 -8.53046e-05 -0.000951084 1 -0.0213282 -0.0141111 -0.0798574
FixedParameters: 0 0 0

#Transform 30
Transform: AffineTransform_float_3_3
Parameters: 0.999999 0.000761331 2.83607e-05 -0.000760849 1 0.000843619 -2.83872e-05 -0.000844382 0.999999 -0.0190083 -0.00525384 -0.0638451
FixedParameters: 0 0 0

#Transform 31
Transform: AffineTransform_float_3_3
Parameters: 0.999999 0.000807137 -0.000114696 -0.000807295 0.999999 0.00101009 0.000115406 -0.00100991 1 -0.0177597 -0.00701095 -0.0806362
FixedParameters: 0 0 0

#Transform 32
Transform: AffineTransform_float_3_3
Parameters: 0.999999 0.00085511 -0.000134412 -0.000855053 0.999999 0.0016566 0.000136325 -0.0016564 0.999998 -0.0179696 -0.0201816 -0.141148
FixedParameters: 0 0 0

#Transform 33
Transform: AffineTransform_float_3_3
Parameters: 0.999999 0.000944311 -6.45337e-05 -0.000943551 0.999998 0.00175306 6.65319e-05 -0.00175294 0.999999 -0.0194635 -0.0265602 -0.132223
FixedParameters: 0 0 0

#Transform 34
Transform: AffineTransform_float_3_3
Parameters: 0.999999 0.000903611 0.00011634 -0.000903423 0.999998 0.00147589 -0.000114984 -0.0014761 0.999999 -0.021144 -0.0201237 -0.120105
FixedParameters: 0 0 0

#Transform 35
Transform: AffineTransform_float_3_3
Parameters: 1 0.000628368 -0.000149571 -0.000627442 0.999999 0.00132209 0.00014992 -0.00132191 0.999999 -0.0158787 -0.0215689 -0.106863
FixedParameters: 0 0 0

#Transform 36
Transform: AffineTransform_float_3_3
Parameters: 0.999999 0.000762174 -0.000238837 -0.00076199 0.999999 0.00120118 0.000239747 -0.00120082 1 -0.0160379 -0.0101034 -0.0979409
FixedParameters: 0 0 0

#Transform 37
Transform: AffineTransform_float_3_3
Parameters: 0.999999 0.000818257 -0.00021647 -0.000818284 0.999998 0.00173882 0.000217475 -0.00173918 0.999998 -0.0167894 -0.0201112 -0.137963
FixedParameters: 0 0 0

#Transform 38
Transform: AffineTransform_float_3_3
Parameters: 0.999999 0.000815012 -0.000339792 -0.000814505 0.999998 0.00189228 0.000341034 -0.00189172 0.999998 -0.00212409 -0.0286763 -0.178375
FixedParameters: 0 0 0

#Transform 39
Transform: AffineTransform_float_3_3
Parameters: 0.999999 0.000710044 -0.000303033 -0.000709651 0.999998 0.00193522 0.000303939 -0.00193478 0.999998 -0.00922925 -0.0246223 -0.153904
FixedParameters: 0 0 0

#Transform 40
Transform: AffineTransform_float_3_3
Parameters: 1 0.000482069 -0.00043923 -0.000480965 0.999999 0.00169985 0.000439947 -0.00170015 0.999998 0.00556321 -0.0183532 -0.138304
FixedParameters: 0 0 0

#Transform 41
Transform: AffineTransform_float_3_3
Parameters: 0.999999 0.000652003 -0.000278535 -0.000651317 0.999998 0.00192618 0.000280124 -0.00192582 0.999998 -0.0062299 -0.0194844 -0.136728
FixedParameters: 0 0 0

#Transform 42
Transform: AffineTransform_float_3_3
Parameters: 1 0.000556557 -0.000370835 -0.000556614 0.999999 0.00168785 0.000372184 -0.00168815 0.999998 0.00426885 -0.0172175 -0.131074
FixedParameters: 0 0 0

#Transform 43
Transform: AffineTransform_float_3_3
Parameters: 0.999999 0.000635262 -0.000421098 -0.000635169 0.999998 0.00212791 0.000422351 -0.00212809 0.999997 0.00412762 -0.0305882 -0.167417
FixedParameters: 0 0 0

#Transform 44
Transform: AffineTransform_float_3_3
Parameters: 1 0.000327082 -0.000477656 -0.000325282 0.999998 0.00229116 0.00047823 -0.00229085 0.999998 0.00728345 -0.0352196 -0.168718
FixedParameters: 0 0 0

#Transform 45
Transform: AffineTransform_float_3_3
Parameters: 1 0.000225335 -0.000250968 -0.000224951 0.999995 0.00337006 0.000251955 -0.00336995 0.999995 0.0107779 -0.0521604 -0.285231
FixedParameters: 0 0 0

#Transform 46
Transform: AffineTransform_float_3_3
Parameters: 1 0.000217302 -9.46448e-05 -0.000216669 0.999994 0.00331502 9.60834e-05 -0.00331498 0.999994 0.00120566 -0.0468526 -0.235051
FixedParameters: 0 0 0

#Transform 47
Transform: AffineTransform_float_3_3
Parameters: 1 0.000178495 -0.000400674 -0.0001775 0.999996 0.00287607 0.000401168 -0.00287593 0.999996 0.010394 -0.0439168 -0.269611
FixedParameters: 0 0 0

#Transform 48
Transform: AffineTransform_float_3_3
Parameters: 1 0.000269856 -0.000116714 -0.000269446 0.999994 0.00342003 0.000117638 -0.00341997 0.999994 -0.00411323 -0.0684671 -0.26854
FixedParameters: 0 0 0

#Transform 49
Transform: AffineTransform_float_3_3
Parameters: 1 6.95547e-05 -0.000443601 -6.86347e-05 0.999993 0.00355103 0.000443953 -0.00355097 0.999993 0.0186609 -0.0672337 -0.350026
FixedParameters: 0 0 0

#Transform 50
Transform: AffineTransform_float_3_3
Parameters: 1 0.000120509 -5.39476e-05 -0.000120157 0.999994 0.003241 5.47276e-05 -0.00324099 0.999994 0.00170316 -0.0303112 -0.321471
FixedParameters: 0 0 0

#Transform 51
Transform: AffineTransform_float_3_3
Parameters: 1 4.4564e-05 -0.000239121 -4.44131e-05 0.999998 0.00223717 0.000239711 -0.00223784 0.999998 0.0118488 -0.0336689 -0.346589
FixedParameters: 0 0 0

#Transform 52
Transform: AffineTransform_float_3_3
Parameters: 1 9.78168e-05 -0.000347247 -9.69557e-05 0.999996 0.00256203 0.000348137 -0.00256196 0.999996 0.00789451 -0.0197459 -0.299109
FixedParameters: 0 0 0

#Transform 53
Transform: AffineTransform_float_3_3
Parameters: 1 -5.98182e-06 -0.000281823 6.37771e-06 0.999998 0.002334 0.000282185 -0.002334 0.999997 0.011928 -0.0150229 -0.27778
FixedParameters: 0 0 0

#Transform 54
Transform: AffineTransform_float_3_3
Parameters: 1 -1.28969e-05 -0.000228951 1.41422e-05 0.999997 0.00272 0.000228878 -0.00272 0.999997 0.00747214 -0.0168217 -0.292157
FixedParameters: 0 0 0

#Transform 55
Transform: AffineTransform_float_3_3
Parameters: 1 -4.78186e-05 -0.000499654 4.90387e-05 0.999997 0.00253497 0.000498879 -0.00253502 0.999996 0.0201442 -0.0154964 -0.285538
FixedParameters: 0 0 0

#Transform 56
Transform: AffineTransform_float_3_3
Parameters: 1 -0.000128823 -0.000223528 0.000130144 0.999995 0.00296097 0.000222761 -0.00296103 0.999995 0.0128455 -0.048926 -0.350517
FixedParameters: 0 0 0

#Transform 57
Transform: AffineTransform_float_3_3
Parameters: 1 -8.97646e-05 -0.000481871 9.0859e-05 0.999994 0.00345396 0.000481108 -0.00345404 0.999994 0.0275861 -0.0468902 -0.322565
FixedParameters: 0 0 0

#Transform 58
Transform: AffineTransform_float_3_3
Parameters: 1 -0.000337981 -0.000377406 0.000339186 0.999996 0.00282172 0.000375886 -0.00282128 0.999996 0.0285337 -0.0690288 -0.387057
FixedParameters: 0 0 0

#Transform 59
Transform: AffineTransform_float_3_3
Parameters: 1 -0.000132544 -0.000463937 0.000134079 0.999997 0.00264694 0.000463622 -0.00264706 0.999997 0.0277911 -0.0751794 -0.387995
FixedParameters: 0 0 0

#Transform 60
Transform: AffineTransform_float_3_3
Parameters: 1 -0.000131968 -0.000464101 0.000133735 0.999993 0.00388794 0.000463849 -0.00388806 0.999993 0.0278286 -0.0929683 -0.465847
FixedParameters: 0 0 0

#Transform 61
Transform: AffineTransform_float_3_3
Parameters: 1 -0.000132027 -0.000464084 0.000133676 0.999993 0.00376094 0.000463866 -0.00376106 0.999993 0.0277743 -0.0434537 -0.367304
FixedParameters: 0 0 0

#Transform 62
Transform: AffineTransform_float_3_3
Parameters: 1 -0.000132412 -0.000463974 0.000133291 0.999995 0.00293094 0.000463977 -0.00293106 0.999995 0.0277465 -0.0331852 -0.31037
FixedParameters: 0 0 0

#Transform 63
Transform: AffineTransform_float_3_3
Parameters: 1 -0.000132157 -0.000464047 0.000133547 0.999994 0.00348194 0.000463903 -0.00348206 0.999994 0.0156672 -0.0305429 -0.288915
FixedParameters: 0 0 0

#Transform 64
Transform: AffineTransform_float_3_3
Parameters: 1 -0.000132355 -0.000463991 0.000133348 0.999996 0.00305394 0.000463961 -0.00305406 0.999995 0.0172717 -0.0186451 -0.291226
FixedParameters: 0 0 0

#Transform 65
Transform: AffineTransform_float_3_3
Parameters: 1 -0.00026563 -0.000407984 0.000267018 0.999992 0.00396289 0.000406654 -0.00396311 0.999992 0.0281964 -0.0496137 -0.365283
FixedParameters: 0 0 0

#Transform 66
Transform: AffineTransform_float_3_3
Parameters: 1 -0.000132021 -0.000464085 0.000133682 0.999993 0.00377394 0.000463864 -0.00377406 0.999993 0.0277715 -0.0454117 -0.347667
FixedParameters: 0 0 0

#Transform 67
Transform: AffineTransform_float_3_3
Parameters: 1 -8.59199e-05 -0.000354375 8.67903e-05 0.999992 0.00382497 0.000354496 -0.00382503 0.999992 0.0194562 -0.0564013 -0.389804
FixedParameters: 0 0 0

#Transform 68
Transform: AffineTransform_float_3_3
Parameters: 1 -0.000131636 -0.000464195 0.000134068 0.99999 0.00460394 0.000463753 -0.00460406 0.99999 0.0277997 -0.0603056 -0.393438
FixedParameters: 0 0 0

#Transform 69
Transform: AffineTransform_float_3_3
Parameters: 1 -0.000132005 -0.00046409 0.000133699 0.999992 0.00380894 0.000463859 -0.00380906 0.999992 0.0278029 -0.0578449 -0.422737
FixedParameters: 0 0 0

#Transform 70
Transform: AffineTransform_float_3_3
Parameters: 1 -0.000131285 -0.000464294 0.000133104 0.999985 0.00535993 0.000463129 -0.00536006 0.999985 0.0308413 -0.0826782 -0.435797
FixedParameters: 0 0 0

#Transform 71
Transform: AffineTransform_float_3_3
Parameters: 0.999999 -0.000284547 -0.000832634 0.000288885 0.999981 0.00616376 0.000830524 -0.00616424 0.99998 0.0505675 -0.0918743 -0.535794
FixedParameters: 0 0 0

#Transform 72
Transform: AffineTransform_float_3_3
Parameters: 0.999999 -9.62569e-05 -0.000849084 0.000102702 0.999972 0.00751228 0.000848093 -0.00751173 0.999972 0.0484576 -0.126122 -0.573575
FixedParameters: 0 0 0

#Transform 73
Transform: AffineTransform_float_3_3
Parameters: 0.999999 -0.000299662 -0.000866482 0.000303604 0.999986 0.0051621 0.000864401 -0.0051619 0.999986 0.0546431 -0.0678733 -0.436669
FixedParameters: 0 0 0

#Transform 74
Transform: AffineTransform_float_3_3
Parameters: 1 -0.000131264 -0.0004643 0.000133125 0.999986 0.00540594 0.000463123 -0.00540606 0.999986 0.0278079 -0.0580744 -0.416142
FixedParameters: 0 0 0

#Transform 75
Transform: AffineTransform_float_3_3
Parameters: 1 -0.000131439 -0.000464251 0.000132951 0.999988 0.00502994 0.000463173 -0.00503006 0.999987 0.0278004 -0.0514264 -0.41481
FixedParameters: 0 0 0

#Transform 76
Transform: AffineTransform_float_3_3
Parameters: 1 -0.000131192 -0.000464321 0.000133197 0.999984 0.0055613 0.000463102 -0.0055607 0.999985 0.0278007 -0.0523507 -0.426006
FixedParameters: 0 0 0

#Transform 77
Transform: AffineTransform_float_3_3
Parameters: 1 -0.00013123 -0.00046431 0.00013316 0.999985 0.00547994 0.000463113 -0.00548006 0.999985 0.0340036 -0.056236 -0.424625
FixedParameters: 0 0 0

#Transform 78
Transform: AffineTransform_float_3_3
Parameters: 1 -0.000131007 -0.000464373 0.000133382 0.999982 0.00595994 0.000463049 -0.00596006 0.999982 0.0278286 -0.0643606 -0.471918
FixedParameters: 0 0 0

#Transform 79
Transform: AffineTransform_float_3_3
Parameters: 1 -0.000152969 -0.000516973 0.000155963 0.999983 0.00595392 0.000515385 -0.00595408 0.999982 0.0285896 -0.0825762 -0.492192
FixedParameters: 0 0 0

#Transform 80
Transform: AffineTransform_float_3_3
Parameters: 1 -0.00013123 -0.00046431 0.00013316 0.999985 0.00547994 0.000463113 -0.00548006 0.999985 0.0278387 -0.0750501 -0.490765
FixedParameters: 0 0 0

#Transform 81
Transform: AffineTransform_float_3_3
Parameters: 1 -0.0001312 -0.000464318 0.000133189 0.999984 0.00554293 0.000463104 -0.00554306 0.999984 0.0278215 -0.063212 -0.461264
FixedParameters: 0 0 0

#Transform 82
Transform: AffineTransform_float_3_3
Parameters: 1 -0.000254664 -0.000412751 0.000256812 0.999982 0.0059609 0.000410875 -0.00596111 0.999982 0.0282936 -0.0683335 -0.505046
FixedParameters: 0 0 0

#Transform 83
Transform: AffineTransform_float_3_3
Parameters: 1 -0.000234297 -0.000421263 0.000237596 0.999982 0.0061159 0.000419158 -0.0061161 0.999981 0.0281519 -0.0633516 -0.489794
FixedParameters: 0 0 0

#Transform 84
Transform: AffineTransform_float_3_3
Parameters: 1 -0.000235351 -0.000420804 0.000237464 0.999983 0.0058029 0.000419233 -0.0058031 0.999983 0.0282458 -0.0674304 -0.500212
FixedParameters: 0 0 0

#Transform 85
Transform: AffineTransform_float_3_3
Parameters: 1 -0.000317936 -0.000489304 0.000321562 0.999981 0.00613984 0.00048747 -0.00614016 0.999981 0.0326105 -0.0727297 -0.475431
FixedParameters: 0 0 0

#Transform 86
Transform: AffineTransform_float_3_3
Parameters: 1 -0.000358562 -0.000574245 0.000362282 0.999979 0.00646179 0.00057115 -0.00646221 0.999979 0.0386294 -0.0792381 -0.557936
FixedParameters: 0 0 0

#Transform 87
Transform: AffineTransform_float_3_3
Parameters: 1 -0.000469561 -0.000213537 0.00047005 0.999983 0.0058129 0.000211088 -0.0058131 0.999983 0.027916 -0.0675339 -0.48122
FixedParameters: 0 0 0

#Transform 88
Transform: AffineTransform_float_3_3
Parameters: 0.999999 -0.000722934 -0.0005286 0.000726465 0.999978 0.00661462 0.000523728 -0.00661538 0.999978 0.0524322 -0.0626394 -0.552941
FixedParameters: 0 0 0

#Transform 89
Transform: AffineTransform_float_3_3
Parameters: 1 -0.000527791 -0.000279926 0.000530061 0.99997 0.00766085 0.000274835 -0.00766114 0.99997 0.0337965 -0.0990325 -0.586252
FixedParameters: 0 0 0

#Transform 90
Transform: AffineTransform_float_3_3
Parameters: 0.999999 -0.00064731 -0.000565536 0.000650958 0.999978 0.00663163 0.00056072 -0.00663236 0.999978 0.0509413 -0.0668684 -0.569135
FixedParameters: 0 0 0

#Transform 91
Transform: AffineTransform_float_3_3
Parameters: 1 -0.000460848 -0.00048098 0.000464308 0.999971 0.00759378 0.000477749 -0.00759422 0.999971 0.0386846 -0.0985082 -0.565536
FixedParameters: 0 0 0

#Transform 92
Transform: AffineTransform_float_3_3
Parameters: 0.999998 -0.00138887 -0.000877278 0.00139576 0.99997 0.00766563 0.000866281 -0.00766736 0.99997 0.0956177 -0.0955624 -0.623175
FixedParameters: 0 0 0

#Transform 93
Transform: AffineTransform_float_3_3
Parameters: 0.999999 -0.00126351 -0.000621239 0.00126894 0.999966 0.00816222 0.000610135 -0.00816378 0.999967 0.0660775 -0.0984878 -0.612708
FixedParameters: 0 0 0

#Transform 94
Transform: AffineTransform_float_3_3
Parameters: 0.999999 -0.00138805 -0.000712386 0.00139379 0.999966 0.00807586 0.00070211 -0.00807713 0.999967 0.0904654 -0.102596 -0.625636
FixedParameters: 0 0 0

#Transform 95
Transform: AffineTransform_float_3_3
Parameters: 0.999999 -0.00121935 -0.000613611 0.00122386 0.999974 0.00707246 0.000604589 -0.00707254 0.999975 0.0629399 -0.0713455 -0.516676
FixedParameters: 0 0 0

#Transform 96
Transform: AffineTransform_float_3_3
Parameters: 0.999999 -0.00132399 -0.000554597 0.00132776 0.999976 0.00679512 0.000545756 -0.00679589 0.999977 0.0676045 -0.0600585 -0.463361
FixedParameters: 0 0 0

#Transform 97
Transform: AffineTransform_float_3_3
Parameters: 0.999999 -0.000862961 9.7055e-05 0.000862062 0.999975 0.00701709 -0.000102855 -0.00701692 0.999976 0.032187 -0.0620678 -0.493465
FixedParameters: 0 0 0

#Transform 98
Transform: AffineTransform_float_3_3
Parameters: 0.999999 -0.00084366 -5.20027e-05 0.000843562 0.999973 0.0072766 4.54994e-05 -0.0072774 0.999973 0.0346635 -0.0851146 -0.482249
FixedParameters: 0 0 0

#Transform 99
Transform: AffineTransform_float_3_3
Parameters: 1 -0.00112969 -9.0288e-05 0.00113005 0.999963 0.0084559 8.14176e-05 -0.0084561 0.999964 0.0484005 -0.112464 -0.620608
FixedParameters: 0 0 0

#Transform 100
Transform: AffineTransform_float_3_3
Parameters: 1 -0.00112814 -8.68032e-05 0.00112807 0.999962 0.00864239 7.66213e-05 -0.0086426 0.999962 0.0482984 -0.110333 -0.610264
FixedParameters: 0 0 0

#Transform 101
Transform: AffineTransform_float_3_3
Parameters: 0.999999 -0.00120949 -0.000284323 0.00121172 0.999956 0.00925451 0.000272935 -0.00925449 0.999957 0.0570916 -0.119628 -0.664189
FixedParameters: 0 0 0

#Transform 102
Transform: AffineTransform_float_3_3
Parameters: 0.999999 -0.00141445 -0.000511909 0.00141947 0.999951 0.00983113 0.000498079 -0.00983187 0.999952 0.0810055 -0.142971 -0.671182
FixedParameters: 0 0 0

#Transform 103
Transform: AffineTransform_float_3_3
Parameters: 0.999999 -0.00152866 -0.000375488 0.00153206 0.999947 0.0102231 0.000360071 -0.0102229 0.999948 0.0860667 -0.173098 -0.846477
FixedParameters: 0 0 0

#Transform 104
Transform: AffineTransform_float_3_3
Parameters: 0.999999 -0.00125389 -0.000393469 0.00125731 0.999948 0.0100744 0.000380891 -0.0100746 0.999949 0.0691546 -0.142897 -0.702636
FixedParameters: 0 0 0

#Transform 105
Transform: AffineTransform_float_3_3
Parameters: 0.999999 -0.00141707 -0.0003484 0.00141968 0.99996 0.00887036 0.000335567 -0.00887064 0.999961 0.0728814 -0.108779 -0.681659
FixedParameters: 0 0 0

#Transform 106
Transform: AffineTransform_float_3_3
Parameters: 0.999999 -0.00154196 -1.8047e-05 0.00154264 0.999956 0.00925947 3.40476e-06 -0.00925953 0.999957 0.062182 -0.101594 -0.632
FixedParameters: 0 0 0

#Transform 107
Transform: AffineTransform_float_3_3
Parameters: 0.999999 -0.00179967 -0.000187817 0.00180125 0.999947 0.0101225 0.00016961 -0.0101225 0.999949 0.0901568 -0.118603 -0.739887
FixedParameters: 0 0 0

#Transform 108
Transform: AffineTransform_float_3_3
Parameters: 0.999999 -0.00152927 6.13436e-05 0.0015278 0.999928 0.0118936 -7.93203e-05 -0.0118934 0.999929 0.0577824 -0.1697 -0.799817
FixedParameters: 0 0 0

#Transform 109
Transform: AffineTransform_float_3_3
Parameters: 0.999998 -0.00172734 -0.000139971 0.00172947 0.999939 0.0108926 0.000121091 -0.0108924 0.999941 0.073984 -0.141627 -0.779938
FixedParameters: 0 0 0

#Transform 110
Transform: AffineTransform_float_3_3
Parameters: 0.999998 -0.0017272 -0.000141784 0.00172948 0.999928 0.0119423 0.000121508 -0.0119428 0.999929 0.0736718 -0.146028 -0.7984
FixedParameters: 0 0 0

#Transform 111
Transform: AffineTransform_float_3_3
Parameters: 0.999998 -0.00219622 -0.000559745 0.002203 0.999928 0.0118035 0.000534318 -0.0118045 0.999931 0.101073 -0.167907 -0.847542
FixedParameters: 0 0 0

#Transform 112
Transform: AffineTransform_float_3_3
Parameters: 0.999997 -0.00239107 -0.000520421 0.00239789 0.999911 0.013111 0.000488594 -0.013112 0.999914 0.119436 -0.202181 -0.950829
FixedParameters: 0 0 0

#Transform 113
Transform: AffineTransform_float_3_3
Parameters: 0.999998 -0.00187522 -8.0939e-05 0.00187549 0.999927 0.0118934 5.86459e-05 -0.0118936 0.999929 0.0889582 -0.16718 -0.910296
FixedParameters: 0 0 0

#Transform 114
Transform: AffineTransform_float_3_3
Parameters: 0.999998 -0.0018752 -8.13869e-05 0.0018759 0.999925 0.0121322 5.91148e-05 -0.0121318 0.999926 0.0889294 -0.147342 -0.918245
FixedParameters: 0 0 0

#Transform 115
Transform: AffineTransform_float_3_3
Parameters: 0.999998 -0.00228987 -0.000403485 0.00229518 0.999928 0.0118153 0.00037595 -0.0118157 0.99993 0.113389 -0.143608 -0.861081
FixedParameters: 0 0 0

#Transform 116
Transform: AffineTransform_float_3_3
Parameters: 0.999996 -0.00297293 -0.000661318 0.00298095 0.999911 0.0129978 0.000622363 -0.0130002 0.999915 0.145476 -0.200168 -1.13745
FixedParameters: 0 0 0

#Transform 117
Transform: AffineTransform_float_3_3
Parameters: 0.999996 -0.00283385 -0.000541749 0.00284091 0.999908 0.0132732 0.000504081 -0.0132748 0.999911 0.134785 -0.170972 -1.06651
FixedParameters: 0 0 0

#Transform 118
Transform: AffineTransform_float_3_3
Parameters: 0.99999 -0.00398362 -0.00171608 0.00400932 0.99988 0.0149599 0.00165587 -0.0149671 0.999887 0.22247 -0.259394 -1.39835
FixedParameters: 0 0 0

#Transform 119
Transform: AffineTransform_float_3_3
Parameters: 0.999983 -0.00468129 -0.00343238 0.00474291 0.999824 0.0181286 0.00334724 -0.0181444 0.99983 0.281651 -0.311019 -1.47561
FixedParameters: 0 0 0

#Transform 120
Transform: AffineTransform_float_3_3
Parameters: 0.999988 -0.00433596 -0.00234873 0.00436769 0.999893 0.0139328 0.00228809 -0.0139432 0.9999 0.232751 -0.19896 -1.25469
FixedParameters: 0 0 0

#Transform 121
Transform: AffineTransform_float_3_3
Parameters: 0.999991 -0.00376653 -0.00187542 0.00379658 0.999866 0.015951 0.00181478 -0.015958 0.999871 0.208063 -0.213194 -1.29189
FixedParameters: 0 0 0

#Transform 122
Transform: AffineTransform_float_3_3
Parameters: 0.999967 -0.00699683 -0.00425028 0.00707737 0.99979 0.0192423 0.00411445 -0.0192717 0.999806 0.380541 -0.35025 -1.71813
FixedParameters: 0 0 0

#Transform 123
Transform: AffineTransform_float_3_3
Parameters: 0.999982 -0.00533185 -0.00299185 0.00538264 0.999836 0.0172711 0.00289897 -0.0172859 0.999846 0.294782 -0.243052 -1.44064
FixedParameters: 0 0 0

#Transform 124
Transform: AffineTransform_float_3_3
Parameters: 0.999985 -0.00506703 -0.0023151 0.00510217 0.99987 0.0152695 0.00223737 -0.0152815 0.999881 0.264525 -0.198218 -1.30579
FixedParameters: 0 0 0

#Transform 125
Transform: AffineTransform_float_3_3
Parameters: 0.999989 -0.00427566 -0.00199527 0.00430519 0.999876 0.0151691 0.00192996 -0.0151769 0.999882 0.216454 -0.161993 -1.22383
FixedParameters: 0 0 0

#Transform 126
Transform: AffineTransform_float_3_3
Parameters: 0.999986 -0.00461964 -0.00234715 0.00465591 0.999862 0.0159149 0.00227288 -0.0159251 0.99987 0.238259 -0.191373 -1.29348
FixedParameters: 0 0 0

#Transform 127
Transform: AffineTransform_float_3_3
Parameters: 0.99998 -0.0053793 -0.0030975 0.00543781 0.999804 0.0190294 0.00299416 -0.0190456 0.999814 0.282818 -0.300917 -1.56577
FixedParameters: 0 0 0

#Transform 128
Transform: AffineTransform_float_3_3
Parameters: 0.999975 -0.00610211 -0.00361934 0.0061708 0.999796 0.0192258 0.0035013 -0.0192471 0.999808 0.322312 -0.309708 -1.6012
FixedParameters: 0 0 0

#Transform 129
Transform: AffineTransform_float_3_3
Parameters: 0.999984 -0.00499773 -0.00240539 0.00503838 0.999843 0.0170226 0.00231982 -0.0170344 0.999853 0.260361 -0.236711 -1.44272
FixedParameters: 0 0 0

#Transform 130
Transform: AffineTransform_float_3_3
Parameters: 0.999984 -0.00506078 -0.00255435 0.00510272 0.999852 0.0164165 0.00247093 -0.0164295 0.999862 0.257662 -0.209685 -1.3617
FixedParameters: 0 0 0

#Transform 131
Transform: AffineTransform_float_3_3
Parameters: 0.99998 -0.00542907 -0.00308813 0.0054854 0.999814 0.0184843 0.00298719 -0.0185007 0.999824 0.297111 -0.27231 -1.50695
FixedParameters: 0 0 0

#Transform 132
Transform: AffineTransform_float_3_3
Parameters: 0.999976 -0.0058943 -0.0034434 0.00596188 0.999782 0.0200037 0.00332508 -0.0200243 0.999794 0.316861 -0.333702 -1.62656
FixedParameters: 0 0 0

#Transform 133
Transform: AffineTransform_float_3_3
Parameters: 0.999973 -0.00629925 -0.00359952 0.00636906 0.999786 0.0196981 0.00347497 -0.0197199 0.9998 0.339201 -0.328197 -1.7061
FixedParameters: 0 0 0

#Transform 134
Transform: AffineTransform_float_3_3
Parameters: 0.999957 -0.00798291 -0.00485421 0.00810384 0.999647 0.025304 0.0046508 -0.025342 0.999668 0.439485 -0.490802 -2.02996
FixedParameters: 0 0 0

#Transform 135
Transform: AffineTransform_float_3_3
Parameters: 0.999956 -0.00790931 -0.00518768 0.00803605 0.999661 0.0247768 0.00499005 -0.0248172 0.99968 0.452288 -0.494084 -2.08945
FixedParameters: 0 0 0

#Transform 136
Transform: AffineTransform_float_3_3
Parameters: 0.999968 -0.00679486 -0.00406155 0.00688655 0.999715 0.0229013 0.00390499 -0.0229278 0.999729 0.369432 -0.373348 -1.81871
FixedParameters: 0 0 0

#Transform 137
Transform: AffineTransform_float_3_3
Parameters: 0.999956 -0.00805934 -0.00483846 0.00817268 0.999679 0.0239804 0.0046429 -0.0240196 0.9997 0.415326 -0.468662 -2.07445
FixedParameters: 0 0 0

#Transform 138
Transform: AffineTransform_float_3_3
Parameters: 0.999964 -0.0074593 -0.00403652 0.00754984 0.999708 0.0229515 0.00386399 -0.0229815 0.999728 0.369067 -0.337233 -1.79088
FixedParameters: 0 0 0

#Transform 139
Transform: AffineTransform_float_3_3
Parameters: 0.999965 -0.00726231 -0.00410977 0.0073512 0.99973 0.0220472 0.00394891 -0.0220768 0.999749 0.369999 -0.30675 -1.75268
FixedParameters: 0 0 0

#Transform 140
Transform: AffineTransform_float_3_3
Parameters: 0.999967 -0.00721118 -0.00379564 0.00729711 0.999708 0.0230438 0.00362871 -0.0230712 0.999727 0.342977 -0.31691 -1.72279
FixedParameters: 0 0 0

#Transform 141
Transform: AffineTransform_float_3_3
Parameters: 0.999948 -0.00883779 -0.0049726 0.00895198 0.999685 0.0234414 0.00476443 -0.0234846 0.999713 0.425446 -0.378965 -1.94638
FixedParameters: 0 0 0

#Transform 142
Transform: AffineTransform_float_3_3
Parameters: 0.999951 -0.00860729 -0.00477687 0.00872388 0.999652 0.0248883 0.00456057 -0.0249287 0.999679 0.425284 -0.397557 -1.96839
FixedParameters: 0 0 0

#Transform 143
Transform: AffineTransform_float_3_3
Parameters: 0.999945 -0.00943295 -0.00470624 0.00954988 0.999635 0.0252966 0.00446569 -0.0253404 0.999669 0.486988 -0.490238 -2.24363
FixedParameters: 0 0 0

#Transform 144
Transform: AffineTransform_float_3_3
Parameters: 0.999936 -0.0101158 -0.00494472 0.0102429 0.999598 0.0264299 0.00467634 -0.0264791 0.999638 0.482846 -0.461902 -2.12764
FixedParameters: 0 0 0

#Transform 145
Transform: AffineTransform_float_3_3
Parameters: 0.999943 -0.00936702 -0.00522351 0.00949101 0.999661 0.0242489 0.00499544 -0.0242971 0.999692 0.449198 -0.372951 -1.96354
FixedParameters: 0 0 0

#Transform 146
Transform: AffineTransform_float_3_3
Parameters: 0.999934 -0.0103651 -0.00491251 0.0104914 0.999599 0.0263423 0.00463739 -0.0263917 0.999641 0.479731 -0.458461 -2.14791
FixedParameters: 0 0 0

#Transform 147
Transform: AffineTransform_float_3_3
Parameters: 0.999923 -0.0112811 -0.00514295 0.0114141 0.999582 0.0265692 0.00484098 -0.0266268 0.999634 0.547121 -0.493731 -2.34939
FixedParameters: 0 0 0

#Transform 148
Transform: AffineTransform_float_3_3
Parameters: 0.999915 -0.0119292 -0.00529251 0.012076 0.999512 0.028794 0.00494693 -0.028855 0.999572 0.591541 -0.557237 -2.40123
FixedParameters: 0 0 0

#Transform 149
Transform: AffineTransform_float_3_3
Parameters: 0.999925 -0.0110793 -0.00522691 0.0112165 0.999571 0.0270761 0.00492438 -0.0271329 0.99962 0.532075 -0.435585 -2.1691
FixedParameters: 0 0 0

#Transform 150
Transform: AffineTransform_float_3_3
Parameters: 0.999933 -0.0105144 -0.00496209 0.0106453 0.999577 0.0270739 0.00467526 -0.0271251 0.999621 0.48256 -0.413346 -2.07194
FixedParameters: 0 0 0

#Transform 151
Transform: AffineTransform_float_3_3
Parameters: 0.999919 -0.0115064 -0.00547737 0.0116489 0.999577 0.0266475 0.00516836 -0.0267095 0.99963 0.534968 -0.434387 -2.22289
FixedParameters: 0 0 0

#Transform 152
Transform: AffineTransform_float_3_3
Parameters: 0.999901 -0.0126756 -0.00622442 0.0128524 0.999492 0.0291727 0.00585199 -0.0292502 0.999555 0.638951 -0.534628 -2.39461
FixedParameters: 0 0 0

#Transform 153
Transform: AffineTransform_float_3_3
Parameters: 0.99991 -0.0123324 -0.00531473 0.0124762 0.99953 0.0280052 0.00496713 -0.0280688 0.999594 0.586301 -0.518345 -2.3754
FixedParameters: 0 0 0

#Transform 154
Transform: AffineTransform_float_3_3
Parameters: 0.999887 -0.0139795 -0.00540289 0.0141328 0.999464 0.0295293 0.00498667 -0.0296027 0.999549 0.682726 -0.647548 -2.70421
FixedParameters: 0 0 0

#Transform 155
Transform: AffineTransform_float_3_3
Parameters: 0.999875 -0.0145975 -0.0061952 0.0147633 0.999509 0.0276431 0.00578935 -0.0277309 0.999599 0.715406 -0.613846 -2.80375
FixedParameters: 0 0 0

#Transform 156
Transform: AffineTransform_float_3_3
Parameters: 0.999809 -0.0188107 -0.00540372 0.0189514 0.999449 0.0272751 0.00488758 -0.0273719 0.999613 0.977991 -0.595517 -3.01335
FixedParameters: 0 0 0

#Transform 157
Transform: AffineTransform_float_3_3
Parameters: 0.999827 -0.0176441 -0.00589871 0.017788 0.999519 0.025413 0.00544785 -0.025514 0.99966 0.900387 -0.466034 -2.60349
FixedParameters: 0 0 0

#Transform 158
Transform: AffineTransform_float_3_3
Parameters: 0.999849 -0.0165623 -0.00516216 0.0166955 0.999499 0.0268788 0.00471406 -0.0269611 0.999625 0.793623 -0.414839 -2.39992
FixedParameters: 0 0 0

#Transform 159
Transform: AffineTransform_float_3_3
Parameters: 0.999843 -0.0168818 -0.00535271 0.0170239 0.999473 0.0276196 0.00488293 -0.0277063 0.999604 0.793217 -0.378955 -2.25637
FixedParameters: 0 0 0

#Transform 160
Transform: AffineTransform_float_3_3
Parameters: 0.99986 -0.0161311 -0.00445144 0.016249 0.999478 0.027915 0.00399945 -0.027984 0.999601 0.739102 -0.36751 -2.27295
FixedParameters: 0 0 0

#Transform 161
Transform: AffineTransform_float_3_3
Parameters: 0.999853 -0.0163331 -0.00524298 0.0164713 0.999486 0.0275092 0.00479097 -0.0275918 0.999607 0.773745 -0.371664 -2.26767
FixedParameters: 0 0 0

#Transform 162
Transform: AffineTransform_float_3_3
Parameters: 0.999856 -0.0162517 -0.00476192 0.0163798 0.999465 0.0282932 0.00429924 -0.0283668 0.999588 0.765022 -0.382693 -2.28922
FixedParameters: 0 0 0

#Transform 163
Transform: AffineTransform_float_3_3
Parameters: 0.999849 -0.01663 -0.00514621 0.0167681 0.99947 0.0279018 0.00467918 -0.0279832 0.999598 0.781014 -0.389821 -2.28149
FixedParameters: 0 0 0

#Transform 164
Transform: AffineTransform_float_3_3
Parameters: 0.999851 -0.0165703 -0.00470886 0.0166953 0.999471 0.0279076 0.00424392 -0.0279824 0.9996 0.766051 -0.384015 -2.30032
FixedParameters: 0 0 0

#Transform 165
Transform: AffineTransform_float_3_3
Parameters: 0.999842 -0.0169381 -0.00525851 0.0170769 0.999467 0.0278251 0.00478414 -0.0279099 0.999599 0.778609 -0.376344 -2.27875
FixedParameters: 0 0 0

#Transform 166
Transform: AffineTransform_float_3_3
Parameters: 0.999844 -0.0168731 -0.00509496 0.017009 0.999466 0.0278999 0.00462168 -0.027982 0.999598 0.763717 -0.372153 -2.30095
FixedParameters: 0 0 0

#Transform 167
Transform: AffineTransform_float_3_3
Parameters: 0.999844 -0.0168523 -0.00514606 0.0169897 0.999466 0.0278992 0.00467337 -0.0279828 0.999597 0.762543 -0.365804 -2.28381
FixedParameters: 0 0 0

#Transform 168
Transform: AffineTransform_float_3_3
Parameters: 0.999843 -0.017023 -0.00504288 0.0171549 0.999475 0.0274851 0.00457213 -0.0275669 0.99961 0.774403 -0.374839 -2.31505
FixedParameters: 0 0 0

#Transform 169
Transform: AffineTransform_float_3_3
Parameters: 0.999847 -0.0169179 -0.00457171 0.0170392 0.999467 0.027845 0.00409839 -0.027919 0.999602 0.746675 -0.35115 -2.28067
FixedParameters: 0 0 0

#Transform 170
Transform: AffineTransform_float_3_3
Parameters: 0.99984 -0.0171282 -0.0051652 0.0172639 0.999476 0.0273644 0.00469344 -0.0274486 0.999612 0.776756 -0.346741 -2.24714
FixedParameters: 0 0 0

#Transform 171
Transform: AffineTransform_float_3_3
Parameters: 0.999835 -0.0174919 -0.00502338 0.0176229 0.999468 0.0274238 0.00454156 -0.0275072 0.999611 0.75843 -0.33621 -2.25744
FixedParameters: 0 0 0

#Transform 172
Transform: AffineTransform_float_3_3
Parameters: 0.999829 -0.0176745 -0.00531078 0.017814 0.999463 0.0275066 0.0048223 -0.0275964 0.999607 0.77003 -0.328996 -2.23923
FixedParameters: 0 0 0

#Transform 173
Transform: AffineTransform_float_3_3
Parameters: 0.999837 -0.0173324 -0.00508423 0.0174653 0.999475 0.0273094 0.00460879 -0.0273936 0.999615 0.746431 -0.33703 -2.26659
FixedParameters: 0 0 0

#Transform 174
Transform: AffineTransform_float_3_3
Parameters: 0.999841 -0.0170479 -0.00519767 0.0171846 0.999476 0.0274257 0.00472765 -0.0275103 0.99961 0.719361 -0.328086 -2.23515
FixedParameters: 0 0 0

#Transform 175
Transform: AffineTransform_float_3_3
Parameters: 0.999838 -0.017166 -0.00529376 0.0173024 0.999489 0.026899 0.00482908 -0.026986 0.999624 0.729427 -0.331686 -2.26145
FixedParameters: 0 0 0

#Transform 176
Transform: AffineTransform_float_3_3
Parameters: 0.999845 -0.0168635 -0.00494476 0.0169933 0.999479 0.0274459 0.0044795 -0.0275251 0.999611 0.691403 -0.322358 -2.20984
FixedParameters: 0 0 0

#Transform 177
Transform: AffineTransform_float_3_3
Parameters: 0.999842 -0.0170394 -0.00519044 0.0171726 0.999496 0.0267228 0.00473271 -0.0268072 0.99963 0.705393 -0.339489 -2.25444
FixedParameters: 0 0 0

#Transform 178
Transform: AffineTransform_float_3_3
Parameters: 0.999854 -0.0164818 -0.00462917 0.0166038 0.99948 0.0276516 0.00417082 -0.0277244 0.999607 0.644595 -0.331322 -2.22876
FixedParameters: 0 0 0

#Transform 179
Transform: AffineTransform_float_3_3
Parameters: 0.999843 -0.0169037 -0.00533669 0.0170423 0.999491 0.0269723 0.00487859 -0.0270597 0.999622 0.678485 -0.338264 -2.28224
FixedParameters: 0 0 0
