#Insight Transform File V1.0
#Transform 0
Transform: AffineTransform_float_3_3
Parameters: 1 -7.94349e-06 -0.000222713 8.24048e-06 0.999999 -0.001401 0.000222345 0.001401 0.999999 0.0553233 0.124674 0.34242
FixedParameters: 0 0 0

#Transform 1
Transform: AffineTransform_float_3_3
Parameters: 1 0.000441441 -0.000362428 -0.000441616 1 -0.00024084 0.000362216 0.00024116 1 0.00393622 0.00183122 -0.0388261
FixedParameters: 0 0 0

#Transform 2
Transform: AffineTransform_float_3_3
Parameters: 0.999999 0.000642527 -0.000523579 -0.000642397 1 0.000124336 0.000523738 -0.000123664 1 0.00256693 -0.00301874 -0.0944826
FixedParameters: 0 0 0

#Transform 3
Transform: AffineTransform_float_3_3
Parameters: 0.999999 0.000752571 -0.000422877 -0.000752775 0.999999 -0.000240681 0.000422514 0.000241318 1 -0.00978409 -0.00834148 -0.141108
FixedParameters: 0 0 0

#Transform 4
Transform: AffineTransform_float_3_3
Parameters: 0.999999 0.000609965 -0.000515109 -0.000610691 0.999999 -0.00108469 0.000514705 0.00108531 1 0.0100395 0.00394389 -0.212044
FixedParameters: 0 0 0

#Transform 5
Transform: AffineTransform_float_3_3
Parameters: 1 0.000608741 -0.000193727 -0.000609028 0.999999 -0.000742881 0.000192822 0.000743117 0.999999 0.00517006 -0.00338556 -0.239552
FixedParameters: 0 0 0

#Transform 6
Transform: AffineTransform_float_3_3
Parameters: 0.999999 0.00085293 -8.46815e-05 -0.00085268 0.999999 -0.000835288 8.41778e-05 0.000834712 0.999999 -0.000919293 0.00645745 -0.199389
FixedParameters: 0 0 0

#Transform 7
Transform: AffineTransform_float_3_3
Parameters: 1 0.000160652 0.000310915 -0.000159945 1 -0.00113505 -0.000311279 0.00113495 1 0.0141599 0.00023194 -0.273294
FixedParameters: 0 0 0

#Transform 8
Transform: AffineTransform_float_3_3
Parameters: 1 0.000474929 0.000240292 -0.000474592 0.999999 -0.000701114 -0.000240957 0.000700885 0.999999 0.010708 -0.0088759 -0.236713
FixedParameters: 0 0 0

#Transform 9
Transform: AffineTransform_float_3_3
Parameters: 1 0.000291957 0.000157134 -0.000292452 0.999999 -0.00135305 -0.000157534 0.00135295 0.999999 0.0232171 -0.00587649 -0.254642
FixedParameters: 0 0 0

#Transform 10
Transform: AffineTransform_float_3_3
Parameters: 0.999999 0.0004803 0.000604047 -0.000479436 0.999999 -0.00147629 -0.000605073 0.00147571 0.999998 0.0267005 -0.0206728 -0.310041
FixedParameters: 0 0 0

#Transform 11
Transform: AffineTransform_float_3_3
Parameters: 0.999999 0.000400547 0.000584729 -0.000400311 0.999999 -0.00177524 -0.000585369 0.00177477 0.999999 0.0291572 -0.0063875 -0.328526
FixedParameters: 0 0 0

#Transform 12
Transform: AffineTransform_float_3_3
Parameters: 1 0.000356615 0.000481701 -0.000355799 0.999999 -0.00180017 -0.000482593 0.00179983 0.999999 0.0274689 -0.0114219 -0.39162
FixedParameters: 0 0 0

#Transform 13
Transform: AffineTransform_float_3_3
Parameters: 1 0.000655163 0.00012377 -0.000654288 0.999998 -0.00194123 -0.000125392 0.00194177 0.999998 0.0133457 -0.0244459 -0.387913
FixedParameters: 0 0 0

#Transform 14
Transform: AffineTransform_float_3_3
Parameters: 1 0.000304257 0.000365869 -0.000304309 0.999997 -0.00244211 -0.000366573 0.00244189 0.999997 0.0234208 -0.0113775 -0.433739
FixedParameters: 0 0 0

#Transform 15
Transform: AffineTransform_float_3_3
Parameters: 1 0.000270682 0.000155166 -0.000270544 0.999997 -0.00215104 -0.000155019 0.00215096 0.999997 0.00820715 -0.0205598 -0.39594
FixedParameters: 0 0 0

#Transform 16
Transform: AffineTransform_float_3_3
Parameters: 1 0.000248636 0.000514682 -0.000247288 0.999995 -0.00309613 -0.000515436 0.00309587 0.999995 0.0256993 0.00498223 -0.439497
FixedParameters: 0 0 0

#Transform 17
Transform: AffineTransform_float_3_3
Parameters: 1 0.00028436 0.000453728 -0.000282369 0.999996 -0.00277713 -0.000453991 0.00277687 0.999996 0.0214719 -0.017088 -0.453784
FixedParameters: 0 0 0

#Transform 18
Transform: AffineTransform_float_3_3
Parameters: 1 0.000289987 0.000611195 -0.00028799 0.999995 -0.00313718 -0.000612227 0.00313682 0.999995 0.0402127 -0.0225871 -0.474485
FixedParameters: 0 0 0

#Transform 19
Transform: AffineTransform_float_3_3
Parameters: 1 0.000186084 0.0011637 -0.000182833 0.999995 -0.00314586 -0.00116422 0.00314615 0.999995 0.0458778 -0.00258931 -0.473194
FixedParameters: 0 0 0

#Transform 20
Transform: AffineTransform_float_3_3
Parameters: 1 2.50214e-05 0.00114027 -2.15712e-05 0.999995 -0.00329988 -0.00113978 0.00329913 0.999994 0.0561108 -0.0121801 -0.487625
FixedParameters: 0 0 0

#Transform 21
Transform: AffineTransform_float_3_3
Parameters: 0.999999 6.97966e-05 0.00124507 -6.62707e-05 0.999995 -0.00320757 -0.00124578 0.00320743 0.999994 0.0498921 -0.0104712 -0.494918
FixedParameters: 0 0 0

#Transform 22
Transform: AffineTransform_float_3_3
Parameters: 1 -7.69109e-05 0.0011374 8.09233e-05 0.999993 -0.0037264 -0.00113709 0.0037266 0.999993 0.0558344 -0.013688 -0.502855
FixedParameters: 0 0 0

#Transform 23
Transform: AffineTransform_float_3_3
Parameters: 0.999999 -0.000377213 0.00127557 0.000380731 0.999995 -0.00328337 -0.00127428 0.00328364 0.999994 0.0711681 -0.0060791 -0.489967
FixedParameters: 0 0 0

#Transform 24
Transform: AffineTransform_float_3_3
Parameters: 0.999999 -0.000422101 0.00117078 0.000426239 0.999995 -0.00328335 -0.00116867 0.00328365 0.999994 0.0559925 -0.00930434 -0.459745
FixedParameters: 0 0 0

#Transform 25
Transform: AffineTransform_float_3_3
Parameters: 1 -0.000475426 0.00104513 0.000479585 0.999992 -0.00387535 -0.00104302 0.00387565 0.999992 0.0735577 -0.00076543 -0.497223
FixedParameters: 0 0 0

#Transform 26
Transform: AffineTransform_float_3_3
Parameters: 1 -0.000263619 0.0010696 0.000267052 0.999993 -0.00387557 -0.00106874 0.00387544 0.999992 0.0432062 -0.00355517 -0.502181
FixedParameters: 0 0 0

#Transform 27
Transform: AffineTransform_float_3_3
Parameters: 0.999999 -0.000306779 0.00143676 0.000313099 0.999991 -0.0043464 -0.0014358 0.0043466 0.999989 0.057537 0.0105576 -0.519279
FixedParameters: 0 0 0

#Transform 28
Transform: AffineTransform_float_3_3
Parameters: 0.999999 -0.00019857 0.00126156 0.000203701 0.999992 -0.00395774 -0.00126116 0.00395825 0.999991 0.0539792 -0.00305002 -0.516275
FixedParameters: 0 0 0

#Transform 29
Transform: AffineTransform_float_3_3
Parameters: 0.999999 -0.000173998 0.00141581 0.000180227 0.99999 -0.00456575 -0.00141461 0.00456625 0.999988 0.056086 -0.00938164 -0.581177
FixedParameters: 0 0 0

#Transform 30
Transform: AffineTransform_float_3_3
Parameters: 0.999999 -6.6366e-05 0.00134318 7.18884e-05 0.999991 -0.00420455 -0.00134341 0.00420545 0.99999 0.0349256 -0.0139547 -0.552276
FixedParameters: 0 0 0

#Transform 31
Transform: AffineTransform_float_3_3
Parameters: 0.999998 -0.000295199 0.00162475 0.000302338 0.999989 -0.004663 -0.00162291 0.004664 0.999988 0.07172 -0.0217344 -0.582855
FixedParameters: 0 0 0

#Transform 32
Transform: AffineTransform_float_3_3
Parameters: 0.999999 -0.000264584 0.00153732 0.000271955 0.99999 -0.00440308 -0.00153669 0.00440393 0.999989 0.0513305 -0.0218797 -0.565045
FixedParameters: 0 0 0

#Transform 33
Transform: AffineTransform_float_3_3
Parameters: 0.999998 -0.000747213 0.00151318 0.000755302 0.999985 -0.00540771 -0.00150916 0.00540928 0.999984 0.0820591 -0.00536098 -0.562624
FixedParameters: 0 0 0

#Transform 34
Transform: AffineTransform_float_3_3
Parameters: 0.999999 -0.000312461 0.00146788 0.000319314 0.999989 -0.00475039 -0.00146622 0.00475062 0.999988 0.061739 -0.00113207 -0.554982
FixedParameters: 0 0 0

#Transform 35
Transform: AffineTransform_float_3_3
Parameters: 0.999999 -0.000179258 0.000869432 0.000182602 0.99999 -0.00449284 -0.000868084 0.00449315 0.999989 0.0533914 0.00119281 -0.54706
FixedParameters: 0 0 0

#Transform 36
Transform: AffineTransform_float_3_3
Parameters: 0.999999 -0.000259121 0.0014836 0.000267981 0.999986 -0.00537646 -0.00148211 0.00537654 0.999984 0.0556682 -0.0014034 -0.605632
FixedParameters: 0 0 0

#Transform 37
Transform: AffineTransform_float_3_3
Parameters: 0.999999 -0.000434419 0.00131269 0.000440503 0.999987 -0.00502227 -0.00130963 0.00502273 0.999986 0.0570543 0.0138555 -0.586497
FixedParameters: 0 0 0

#Transform 38
Transform: AffineTransform_float_3_3
Parameters: 0.999998 -0.000500549 0.00161894 0.000508853 0.999987 -0.00516303 -0.0016156 0.00516397 0.999985 0.0738031 0.00807772 -0.604325
FixedParameters: 0 0 0

#Transform 39
Transform: AffineTransform_float_3_3
Parameters: 0.999999 -0.000166806 0.001414 0.00017375 0.999989 -0.00482476 -0.00141278 0.00482524 0.999987 0.0631127 -0.00388698 -0.577826
FixedParameters: 0 0 0

#Transform 40
Transform: AffineTransform_float_3_3
Parameters: 0.999998 -0.000436128 0.00157834 0.000444577 0.999986 -0.00534115 -0.0015755 0.00534185 0.999984 0.0717539 0.00675495 -0.633169
FixedParameters: 0 0 0

#Transform 41
Transform: AffineTransform_float_3_3
Parameters: 0.999999 -0.000559769 0.00133204 0.00056675 0.999986 -0.0052321 -0.00132972 0.0052329 0.999985 0.0652549 -0.00305476 -0.597248
FixedParameters: 0 0 0

#Transform 42
Transform: AffineTransform_float_3_3
Parameters: 0.999998 -0.000265914 0.00169553 0.000275915 0.999986 -0.00531339 -0.0016936 0.00531361 0.999984 0.0651221 0.00669509 -0.631544
FixedParameters: 0 0 0

#Transform 43
Transform: AffineTransform_float_3_3
Parameters: 0.999999 -0.000347991 0.00119716 0.000353995 0.999987 -0.00508642 -0.00119532 0.00508657 0.999986 0.0579404 0.00605722 -0.624684
FixedParameters: 0 0 0

#Transform 44
Transform: AffineTransform_float_3_3
Parameters: 0.999998 -0.000727962 0.00155592 0.000737295 0.999981 -0.00608171 -0.00155164 0.00608329 0.99998 0.0816866 0.00416222 -0.666314
FixedParameters: 0 0 0

#Transform 45
Transform: AffineTransform_float_3_3
Parameters: 0.999999 -0.00041442 0.00149263 0.000422497 0.999986 -0.00521407 -0.00149052 0.00521393 0.999985 0.0660359 -0.00272384 -0.651255
FixedParameters: 0 0 0

#Transform 46
Transform: AffineTransform_float_3_3
Parameters: 0.999998 -0.000771966 0.00145471 0.000780562 0.999983 -0.00580208 -0.0014498 0.00580292 0.999982 0.0667898 -0.0183567 -0.659513
FixedParameters: 0 0 0

#Transform 47
Transform: AffineTransform_float_3_3
Parameters: 0.999998 -0.000719511 0.00157673 0.000728161 0.999984 -0.00566071 -0.00157225 0.0056623 0.999983 0.0909131 -0.0313141 -0.6882
FixedParameters: 0 0 0

#Transform 48
Transform: AffineTransform_float_3_3
Parameters: 0.999998 -0.000808258 0.00137101 0.000816306 0.999984 -0.0056201 -0.00136637 0.00562091 0.999983 0.0779306 -0.0233476 -0.667828
FixedParameters: 0 0 0

#Transform 49
Transform: AffineTransform_float_3_3
Parameters: 0.999999 -0.000819599 0.00134311 0.000827878 0.99998 -0.0063141 -0.00133773 0.0063149 0.999979 0.0959124 -0.0215833 -0.711818
FixedParameters: 0 0 0

#Transform 50
Transform: AffineTransform_float_3_3
Parameters: 0.999999 -0.000441209 0.00177854 0.000451918 0.999981 -0.00611254 -0.00177601 0.00611346 0.99998 0.0773375 -0.0275016 -0.740738
FixedParameters: 0 0 0

#Transform 51
Transform: AffineTransform_float_3_3
Parameters: 0.999998 -0.00075279 0.00149815 0.000761699 0.999981 -0.00617572 -0.00149343 0.00617729 0.99998 0.103567 -0.0340017 -0.738113
FixedParameters: 0 0 0

#Transform 52
Transform: AffineTransform_float_3_3
Parameters: 0.999999 -0.000664825 0.00170195 0.000675262 0.999981 -0.00615456 -0.00169794 0.00615545 0.99998 0.093318 -0.0361107 -0.759667
FixedParameters: 0 0 0

#Transform 53
Transform: AffineTransform_float_3_3
Parameters: 0.999998 -0.000775822 0.00144277 0.000785946 0.999975 -0.00697257 -0.00143743 0.00697343 0.999975 0.0879641 -0.0147291 -0.759793
FixedParameters: 0 0 0

#Transform 54
Transform: AffineTransform_float_3_3
Parameters: 0.999999 -0.000656377 0.00171974 0.00066755 0.999977 -0.00668671 -0.00171566 0.00668829 0.999976 0.0936492 -0.0115802 -0.786767
FixedParameters: 0 0 0

#Transform 55
Transform: AffineTransform_float_3_3
Parameters: 0.999998 -0.000806898 0.00137318 0.000815176 0.999982 -0.00603274 -0.00136749 0.00603427 0.999981 0.0935846 -0.0342747 -0.741187
FixedParameters: 0 0 0

#Transform 56
Transform: AffineTransform_float_3_3
Parameters: 0.999998 -0.00094518 0.00130574 0.000953883 0.999975 -0.00695961 -0.00129938 0.00696139 0.999975 0.0980518 -0.0401179 -0.787245
FixedParameters: 0 0 0

#Transform 57
Transform: AffineTransform_float_3_3
Parameters: 0.999999 -0.000941033 0.00159947 0.000952057 0.999974 -0.00710518 -0.00159301 0.00710682 0.999974 0.102476 -0.0438039 -0.80193
FixedParameters: 0 0 0

#Transform 58
Transform: AffineTransform_float_3_3
Parameters: 0.999999 -0.00102384 0.00145004 0.00103339 0.999979 -0.00642672 -0.00144275 0.00642828 0.999978 0.10214 -0.0489549 -0.765549
FixedParameters: 0 0 0

#Transform 59
Transform: AffineTransform_float_3_3
Parameters: 0.999998 -0.00149046 0.00147505 0.00150079 0.999971 -0.00738786 -0.00146441 0.00739015 0.999972 0.132488 -0.0446906 -0.817081
FixedParameters: 0 0 0

#Transform 60
Transform: AffineTransform_float_3_3
Parameters: 0.999998 -0.00102795 0.00135422 0.00103663 0.999977 -0.00670282 -0.00134724 0.00670419 0.999977 0.111301 -0.0551507 -0.806033
FixedParameters: 0 0 0

#Transform 61
Transform: AffineTransform_float_3_3
Parameters: 0.999998 -0.00155193 0.00133345 0.00156098 0.999973 -0.00720135 -0.00132196 0.00720265 0.999973 0.133708 -0.0578914 -0.826879
FixedParameters: 0 0 0

#Transform 62
Transform: AffineTransform_float_3_3
Parameters: 0.999997 -0.00142149 0.00163397 0.00143365 0.999971 -0.00751173 -0.00162359 0.00751427 0.999971 0.137546 -0.0488231 -0.875791
FixedParameters: 0 0 0

#Transform 63
Transform: AffineTransform_float_3_3
Parameters: 0.999998 -0.0014702 0.00125265 0.00147985 0.999972 -0.00738172 -0.00124128 0.00738327 0.999972 0.130437 -0.0504231 -0.829573
FixedParameters: 0 0 0

#Transform 64
Transform: AffineTransform_float_3_3
Parameters: 0.999997 -0.00146507 0.00198391 0.00147982 0.999972 -0.0074005 -0.00197333 0.0074035 0.99997 0.139544 -0.0504666 -0.853149
FixedParameters: 0 0 0

#Transform 65
Transform: AffineTransform_float_3_3
Parameters: 0.999996 -0.00180069 0.00181938 0.00181232 0.999975 -0.00681214 -0.00180767 0.00681587 0.999975 0.145043 -0.0522091 -0.819131
FixedParameters: 0 0 0

#Transform 66
Transform: AffineTransform_float_3_3
Parameters: 0.999995 -0.00213239 0.00209247 0.00214927 0.999967 -0.00787616 -0.00207587 0.00788084 0.999967 0.175584 -0.0749537 -0.913188
FixedParameters: 0 0 0

#Transform 67
Transform: AffineTransform_float_3_3
Parameters: 0.999996 -0.00178386 0.00212211 0.00179999 0.999968 -0.00783383 -0.00210853 0.00783717 0.999967 0.158457 -0.0678258 -0.891953
FixedParameters: 0 0 0

#Transform 68
Transform: AffineTransform_float_3_3
Parameters: 0.999995 -0.00232932 0.00220199 0.00234846 0.99996 -0.0085707 -0.0021823 0.00857529 0.999961 0.194166 -0.0631413 -0.92542
FixedParameters: 0 0 0

#Transform 69
Transform: AffineTransform_float_3_3
Parameters: 0.999995 -0.00220136 0.0019327 0.00221759 0.999964 -0.00822573 -0.00191478 0.00822927 0.999964 0.169326 -0.0583015 -0.895665
FixedParameters: 0 0 0

#Transform 70
Transform: AffineTransform_float_3_3
Parameters: 0.999996 -0.00211676 0.0017719 0.00213195 0.999957 -0.00905739 -0.00175238 0.00906061 0.999957 0.18235 -0.0611568 -0.929627
FixedParameters: 0 0 0

#Transform 71
Transform: AffineTransform_float_3_3
Parameters: 0.999996 -0.00225166 0.00181572 0.00226771 0.999958 -0.0088249 -0.00179519 0.0088281 0.99996 0.15988 -0.0642716 -0.924186
FixedParameters: 0 0 0

#Transform 72
Transform: AffineTransform_float_3_3
Parameters: 0.999996 -0.00199833 0.00171393 0.00201428 0.99996 -0.00870135 -0.00169599 0.00870464 0.999961 0.150386 -0.0570298 -0.906797
FixedParameters: 0 0 0

#Transform 73
Transform: AffineTransform_float_3_3
Parameters: 0.999996 -0.00230737 0.00168639 0.0023235 0.999951 -0.00960725 -0.0016644 0.00961074 0.999952 0.186792 -0.0598669 -0.983979
FixedParameters: 0 0 0

#Transform 74
Transform: AffineTransform_float_3_3
Parameters: 0.999996 -0.00226441 0.00178598 0.0022809 0.999957 -0.0090531 -0.00176641 0.0090569 0.999957 0.166628 -0.0623264 -0.955829
FixedParameters: 0 0 0

#Transform 75
Transform: AffineTransform_float_3_3
Parameters: 0.999996 -0.00223404 0.00185398 0.00225237 0.999948 -0.00993864 -0.00183202 0.00994336 0.999949 0.189488 -0.0622063 -1.02974
FixedParameters: 0 0 0

#Transform 76
Transform: AffineTransform_float_3_3
Parameters: 0.999995 -0.00220728 0.0019158 0.00222638 0.999951 -0.00970955 -0.00189446 0.00971445 0.999951 0.179035 -0.0605748 -1.02438
FixedParameters: 0 0 0

#Transform 77
Transform: AffineTransform_float_3_3
Parameters: 0.999994 -0.00266353 0.00200865 0.00268504 0.99994 -0.010566 -0.0019803 0.010571 0.999942 0.21137 -0.0683792 -1.0763
FixedParameters: 0 0 0

#Transform 78
Transform: AffineTransform_float_3_3
Parameters: 0.999994 -0.0026991 0.00222509 0.00272176 0.999944 -0.0102934 -0.00219759 0.0102997 0.999945 0.203623 -0.0632806 -1.05513
FixedParameters: 0 0 0

#Transform 79
Transform: AffineTransform_float_3_3
Parameters: 0.999992 -0.00304657 0.00229995 0.00307149 0.999935 -0.0109776 -0.00226659 0.0109844 0.999938 0.220761 -0.065562 -1.08722
FixedParameters: 0 0 0

#Transform 80
Transform: AffineTransform_float_3_3
Parameters: 0.999994 -0.00282216 0.00208056 0.00284363 0.999943 -0.01038 -0.00205174 0.010386 0.999944 0.20645 -0.0796243 -1.06617
FixedParameters: 0 0 0

#Transform 81
Transform: AffineTransform_float_3_3
Parameters: 0.999995 -0.00285577 0.00177041 0.00287561 0.999934 -0.0110805 -0.001739 0.0110855 0.999938 0.204249 -0.0536475 -1.05837
FixedParameters: 0 0 0

#Transform 82
Transform: AffineTransform_float_3_3
Parameters: 0.999993 -0.0031284 0.00211231 0.00315209 0.999931 -0.0113265 -0.00207669 0.0113325 0.999933 0.229874 -0.0539449 -1.07095
FixedParameters: 0 0 0

#Transform 83
Transform: AffineTransform_float_3_3
Parameters: 0.999994 -0.00291086 0.00198396 0.00293269 0.999935 -0.0109509 -0.0019522 0.010956 0.999938 0.207074 -0.0359966 -1.0043
FixedParameters: 0 0 0

#Transform 84
Transform: AffineTransform_float_3_3
Parameters: 0.999993 -0.00325076 0.00215401 0.00327544 0.999927 -0.0116161 -0.00211647 0.0116229 0.999931 0.235804 -0.0443605 -1.07553
FixedParameters: 0 0 0

#Transform 85
Transform: AffineTransform_float_3_3
Parameters: 0.999992 -0.00316042 0.00239501 0.00318795 0.999927 -0.0116154 -0.00235837 0.0116226 0.99993 0.21422 -0.0830819 -1.11116
FixedParameters: 0 0 0

#Transform 86
Transform: AffineTransform_float_3_3
Parameters: 0.999992 -0.0031875 0.00263354 0.0032191 0.999922 -0.0120174 -0.00259431 0.0120256 0.999925 0.218125 -0.0794557 -1.14202
FixedParameters: 0 0 0

#Transform 87
Transform: AffineTransform_float_3_3
Parameters: 0.999992 -0.0031327 0.00274082 0.00316594 0.999922 -0.0120832 -0.00270301 0.0120918 0.999923 0.217832 -0.0705055 -1.14686
FixedParameters: 0 0 0

#Transform 88
Transform: AffineTransform_float_3_3
Parameters: 0.99999 -0.00334687 0.0031763 0.00338494 0.999922 -0.0120155 -0.00313582 0.0120255 0.999922 0.248651 -0.0952765 -1.19696
FixedParameters: 0 0 0

#Transform 89
Transform: AffineTransform_float_3_3
Parameters: 0.99999 -0.00346134 0.00305726 0.00349799 0.999922 -0.0120156 -0.00301574 0.0120254 0.999923 0.245635 -0.0964222 -1.21586
FixedParameters: 0 0 0

#Transform 90
Transform: AffineTransform_float_3_3
Parameters: 0.999987 -0.00353605 0.00346381 0.00357944 0.999913 -0.0127238 -0.00341855 0.0127362 0.999913 0.253278 -0.0879039 -1.27282
FixedParameters: 0 0 0

#Transform 91
Transform: AffineTransform_float_3_3
Parameters: 0.99999 -0.00354734 0.00293017 0.00358284 0.999919 -0.0122561 -0.00288619 0.0122669 0.99992 0.244293 -0.0839681 -1.23286
FixedParameters: 0 0 0

#Transform 92
Transform: AffineTransform_float_3_3
Parameters: 0.999986 -0.00409484 0.00334313 0.00413995 0.999901 -0.0134396 -0.00328756 0.0134534 0.999904 0.288679 -0.0803266 -1.25215
FixedParameters: 0 0 0

#Transform 93
Transform: AffineTransform_float_3_3
Parameters: 0.999989 -0.00380365 0.00292751 0.00383991 0.999914 -0.0125847 -0.00287972 0.0125963 0.999916 0.268191 -0.0734465 -1.1761
FixedParameters: 0 0 0

#Transform 94
Transform: AffineTransform_float_3_3
Parameters: 0.999986 -0.00404533 0.00319407 0.00408929 0.999897 -0.0137495 -0.00313772 0.0137625 0.9999 0.289338 -0.0430329 -1.2111
FixedParameters: 0 0 0

#Transform 95
Transform: AffineTransform_float_3_3
Parameters: 0.999985 -0.00401842 0.00351956 0.00406347 0.999911 -0.012707 -0.00346882 0.012721 0.999913 0.266023 -0.0417211 -1.17243
FixedParameters: 0 0 0

#Transform 96
Transform: AffineTransform_float_3_3
Parameters: 0.999986 -0.00414942 0.00322017 0.00419155 0.999904 -0.0131399 -0.00316554 0.0131531 0.999908 0.288315 -0.0677551 -1.23037
FixedParameters: 0 0 0

#Transform 97
Transform: AffineTransform_float_3_3
Parameters: 0.999985 -0.00401707 0.00352247 0.00406154 0.99991 -0.0127465 -0.00347106 0.0127605 0.999913 0.26717 -0.0832609 -1.23125
FixedParameters: 0 0 0

#Transform 98
Transform: AffineTransform_float_3_3
Parameters: 0.999986 -0.00415409 0.00320901 0.00419665 0.999903 -0.013318 -0.00315369 0.013331 0.999907 0.275007 -0.0677164 -1.20342
FixedParameters: 0 0 0

#Transform 99
Transform: AffineTransform_float_3_3
Parameters: 0.999986 -0.00404499 0.00345601 0.00409145 0.9999 -0.0135178 -0.00340127 0.0135322 0.999903 0.286788 -0.0724337 -1.2609
FixedParameters: 0 0 0

#Transform 100
Transform: AffineTransform_float_3_3
Parameters: 0.999987 -0.00419225 0.00312372 0.00423223 0.999908 -0.0128392 -0.00307039 0.0128518 0.999913 0.275463 -0.0752904 -1.20572
FixedParameters: 0 0 0

#Transform 101
Transform: AffineTransform_float_3_3
Parameters: 0.999985 -0.00401505 0.00352386 0.00406265 0.9999 -0.0135498 -0.00346927 0.0135632 0.999902 0.284089 -0.0691249 -1.29769
FixedParameters: 0 0 0

#Transform 102
Transform: AffineTransform_float_3_3
Parameters: 0.999986 -0.00405202 0.00344202 0.00409668 0.999908 -0.0129993 -0.00338896 0.0130137 0.99991 0.269074 -0.0705327 -1.27854
FixedParameters: 0 0 0

#Transform 103
Transform: AffineTransform_float_3_3
Parameters: 0.999986 -0.00420602 0.00337673 0.00425026 0.999903 -0.0132341 -0.00332084 0.0132489 0.999907 0.290299 -0.0763751 -1.3075
FixedParameters: 0 0 0

#Transform 104
Transform: AffineTransform_float_3_3
Parameters: 0.999986 -0.00395943 0.00353147 0.00400383 0.99991 -0.0128338 -0.00348045 0.0128482 0.999911 0.27112 -0.104524 -1.29542
FixedParameters: 0 0 0

#Transform 105
Transform: AffineTransform_float_3_3
Parameters: 0.999988 -0.00357326 0.00316078 0.00361248 0.999913 -0.0126399 -0.00311588 0.0126511 0.999915 0.263488 -0.0880695 -1.25858
FixedParameters: 0 0 0

#Transform 106
Transform: AffineTransform_float_3_3
Parameters: 0.999986 -0.00409628 0.00335946 0.00414192 0.9999 -0.0135125 -0.00330417 0.0135265 0.999902 0.288419 -0.0959785 -1.31293
FixedParameters: 0 0 0

#Transform 107
Transform: AffineTransform_float_3_3
Parameters: 0.999988 -0.00396225 0.00310969 0.00400177 0.999907 -0.0129918 -0.00305844 0.0130042 0.99991 0.267353 -0.0767861 -1.24587
FixedParameters: 0 0 0

#Transform 108
Transform: AffineTransform_float_3_3
Parameters: 0.999987 -0.0041029 0.00321049 0.00414582 0.9999 -0.0135131 -0.00315453 0.0135259 0.999903 0.287376 -0.0916828 -1.30185
FixedParameters: 0 0 0

#Transform 109
Transform: AffineTransform_float_3_3
Parameters: 0.999987 -0.00422616 0.00282444 0.00426383 0.999902 -0.0133167 -0.00276739 0.0133283 0.999907 0.283607 -0.0948189 -1.30231
FixedParameters: 0 0 0

#Transform 110
Transform: AffineTransform_float_3_3
Parameters: 0.999985 -0.00413695 0.00353461 0.00418687 0.999889 -0.0142575 -0.003475 0.0142725 0.999892 0.275995 -0.0791712 -1.31536
FixedParameters: 0 0 0

#Transform 111
Transform: AffineTransform_float_3_3
Parameters: 0.999984 -0.0045223 0.00345175 0.00456895 0.999899 -0.0134573 -0.00339041 0.0134727 0.999904 0.296682 -0.0885273 -1.31965
FixedParameters: 0 0 0

#Transform 112
Transform: AffineTransform_float_3_3
Parameters: 0.999988 -0.00377407 0.00309647 0.00381798 0.999892 -0.0141969 -0.00304196 0.0142081 0.999895 0.255943 -0.0891075 -1.31518
FixedParameters: 0 0 0

#Transform 113
Transform: AffineTransform_float_3_3
Parameters: 0.999986 -0.00419359 0.00322379 0.0042385 0.999892 -0.0140189 -0.00316475 0.0140331 0.999896 0.285873 -0.0821986 -1.34507
FixedParameters: 0 0 0

#Transform 114
Transform: AffineTransform_float_3_3
Parameters: 0.999987 -0.00403104 0.00317456 0.00407182 0.999908 -0.0129265 -0.00312203 0.0129385 0.999911 0.262972 -0.0884611 -1.26365
FixedParameters: 0 0 0

#Transform 115
Transform: AffineTransform_float_3_3
Parameters: 0.999986 -0.00419714 0.00326904 0.00424157 0.999898 -0.0136256 -0.00321139 0.0136394 0.999902 0.278291 -0.0766351 -1.28779
FixedParameters: 0 0 0

#Transform 116
Transform: AffineTransform_float_3_3
Parameters: 0.999984 -0.00433462 0.00343213 0.00437979 0.999903 -0.0132161 -0.0033739 0.0132309 0.999906 0.276638 -0.0824825 -1.28787
FixedParameters: 0 0 0

#Transform 117
Transform: AffineTransform_float_3_3
Parameters: 0.999986 -0.00449976 0.00303985 0.00453941 0.999903 -0.0131092 -0.00298064 0.0131228 0.99991 0.289709 -0.0832686 -1.25147
FixedParameters: 0 0 0

#Transform 118
Transform: AffineTransform_float_3_3
Parameters: 0.999982 -0.00467626 0.00373163 0.00472709 0.999896 -0.013644 -0.00366776 0.013661 0.9999 0.310688 -0.0956206 -1.32355
FixedParameters: 0 0 0

#Transform 119
Transform: AffineTransform_float_3_3
Parameters: 0.999985 -0.00405514 0.00361709 0.00410317 0.999902 -0.0133864 -0.00356234 0.0134015 0.999903 0.272102 -0.0633372 -1.27705
FixedParameters: 0 0 0

#Transform 120
Transform: AffineTransform_float_3_3
Parameters: 0.999982 -0.00484037 0.00349901 0.00488948 0.999888 -0.0141497 -0.00343062 0.0141663 0.999894 0.310105 -0.0868848 -1.30949
FixedParameters: 0 0 0

#Transform 121
Transform: AffineTransform_float_3_3
Parameters: 0.999983 -0.00464292 0.00357563 0.00469249 0.999891 -0.0139406 -0.00351031 0.0139574 0.999896 0.308169 -0.0767455 -1.33385
FixedParameters: 0 0 0

#Transform 122
Transform: AffineTransform_float_3_3
Parameters: 0.999984 -0.00462216 0.00321542 0.0046678 0.999887 -0.0142677 -0.00314835 0.0142823 0.999893 0.305471 -0.0929759 -1.33022
FixedParameters: 0 0 0

#Transform 123
Transform: AffineTransform_float_3_3
Parameters: 0.999985 -0.00459088 0.00320878 0.00463642 0.999883 -0.0145505 -0.00314144 0.0145655 0.999889 0.30255 -0.0909393 -1.38779
FixedParameters: 0 0 0

#Transform 124
Transform: AffineTransform_float_3_3
Parameters: 0.999984 -0.00467729 0.00319117 0.00472007 0.999896 -0.0136476 -0.00312694 0.0136624 0.999902 0.297747 -0.0757737 -1.28812
FixedParameters: 0 0 0

#Transform 125
Transform: AffineTransform_float_3_3
Parameters: 0.99998 -0.00519853 0.00366272 0.0052499 0.999883 -0.0143363 -0.00358823 0.0143557 0.999891 0.327943 -0.0829143 -1.36721
FixedParameters: 0 0 0

#Transform 126
Transform: AffineTransform_float_3_3
Parameters: 0.999981 -0.00483014 0.00364893 0.00488117 0.99989 -0.0140278 -0.00358028 0.0140452 0.999896 0.310612 -0.0754043 -1.31781
FixedParameters: 0 0 0

#Transform 127
Transform: AffineTransform_float_3_3
Parameters: 0.99998 -0.00521357 0.0036284 0.00526493 0.999883 -0.0144218 -0.00355167 0.0144402 0.99989 0.335541 -0.0791227 -1.36066
FixedParameters: 0 0 0

#Transform 128
Transform: AffineTransform_float_3_3
Parameters: 0.999979 -0.00512731 0.00382539 0.00517978 0.99989 -0.0139486 -0.00375339 0.0139684 0.999896 0.320297 -0.0604267 -1.29857
FixedParameters: 0 0 0

#Transform 129
Transform: AffineTransform_float_3_3
Parameters: 0.99998 -0.00524613 0.0035598 0.00529978 0.99987 -0.0152381 -0.00347941 0.015256 0.999878 0.353509 -0.0703267 -1.36753
FixedParameters: 0 0 0

#Transform 130
Transform: AffineTransform_float_3_3
Parameters: 0.99998 -0.00524081 0.00358532 0.00529359 0.999876 -0.0148361 -0.00350657 0.0148549 0.999883 0.329574 -0.08398 -1.35143
FixedParameters: 0 0 0

#Transform 131
Transform: AffineTransform_float_3_3
Parameters: 0.99998 -0.00531189 0.00339569 0.00535987 0.99988 -0.0144876 -0.00331888 0.0145064 0.999889 0.32963 -0.0700179 -1.29895
FixedParameters: 0 0 0

#Transform 132
Transform: AffineTransform_float_3_3
Parameters: 0.999979 -0.0053238 0.0035189 0.00537479 0.999876 -0.0147881 -0.00343954 0.0148068 0.999884 0.342602 -0.0443183 -1.33811
FixedParameters: 0 0 0

#Transform 133
Transform: AffineTransform_float_3_3
Parameters: 0.999981 -0.00500324 0.00358717 0.00505455 0.999883 -0.014464 -0.00351426 0.014482 0.999889 0.327424 -0.0751894 -1.36099
FixedParameters: 0 0 0

#Transform 134
Transform: AffineTransform_float_3_3
Parameters: 0.99998 -0.00533946 0.00334962 0.00538908 0.999874 -0.0149232 -0.00326955 0.0149408 0.999883 0.349109 -0.0907013 -1.38401
FixedParameters: 0 0 0

#Transform 135
Transform: AffineTransform_float_3_3
Parameters: 0.999981 -0.0053915 0.00317433 0.00544047 0.999867 -0.0153481 -0.00309113 0.0153649 0.999877 0.335722 -0.0881966 -1.36539
FixedParameters: 0 0 0

#Transform 136
Transform: AffineTransform_float_3_3
Parameters: 0.999981 -0.00519364 0.00348283 0.00524721 0.999868 -0.0153784 -0.00340205 0.0153966 0.999876 0.33586 -0.0461178 -1.34925
FixedParameters: 0 0 0

#Transform 137
Transform: AffineTransform_float_3_3
Parameters: 0.999979 -0.00533733 0.00369893 0.0053905 0.999878 -0.0146613 -0.00362064 0.0146807 0.999885 0.335998 -0.0715125 -1.35835
FixedParameters: 0 0 0

#Transform 138
Transform: AffineTransform_float_3_3
Parameters: 0.999981 -0.00554566 0.00295084 0.00558757 0.999883 -0.0142685 -0.00287108 0.0142845 0.999894 0.338631 -0.0865828 -1.34557
FixedParameters: 0 0 0

#Transform 139
Transform: AffineTransform_float_3_3
Parameters: 0.999983 -0.00492108 0.00292232 0.00496219 0.999888 -0.0141179 -0.00285245 0.0141321 0.999896 0.313407 -0.0800245 -1.34731
FixedParameters: 0 0 0

#Transform 140
Transform: AffineTransform_float_3_3
Parameters: 0.999981 -0.00530088 0.0033476 0.00535124 0.999873 -0.0150453 -0.00326737 0.0150627 0.999881 0.335617 -0.0697448 -1.39295
FixedParameters: 0 0 0

#Transform 141
Transform: AffineTransform_float_3_3
Parameters: 0.99998 -0.00531298 0.00324486 0.00535878 0.999882 -0.0144216 -0.0031677 0.0144394 0.999891 0.326367 -0.0892095 -1.39865
FixedParameters: 0 0 0

#Transform 142
Transform: AffineTransform_float_3_3
Parameters: 0.999977 -0.0057499 0.00342287 0.00580018 0.999871 -0.0149221 -0.00333645 0.0149419 0.999883 0.350935 -0.0825916 -1.43214
FixedParameters: 0 0 0

#Transform 143
Transform: AffineTransform_float_3_3
Parameters: 0.999979 -0.00537867 0.00364945 0.00543205 0.999875 -0.0148211 -0.00356952 0.0148409 0.999884 0.340655 -0.0926986 -1.42857
FixedParameters: 0 0 0

#Transform 144
Transform: AffineTransform_float_3_3
Parameters: 0.999979 -0.00565315 0.00319394 0.00570089 0.99987 -0.0150399 -0.00310845 0.0150571 0.999882 0.349908 -0.0899675 -1.40641
FixedParameters: 0 0 0

#Transform 145
Transform: AffineTransform_float_3_3
Parameters: 0.999979 -0.00540895 0.00351424 0.00546384 0.999861 -0.0157793 -0.00342797 0.0157977 0.999869 0.346329 -0.0866561 -1.42298
FixedParameters: 0 0 0

#Transform 146
Transform: AffineTransform_float_3_3
Parameters: 0.999978 -0.00576982 0.00333531 0.00581945 0.999868 -0.0152031 -0.00324727 0.0152219 0.999879 0.335483 -0.0776111 -1.38269
FixedParameters: 0 0 0

#Transform 147
Transform: AffineTransform_float_3_3
Parameters: 0.999978 -0.00556646 0.00356563 0.0056226 0.999857 -0.0159558 -0.00347607 0.0159752 0.999866 0.34802 -0.0718499 -1.41525
FixedParameters: 0 0 0

#Transform 148
Transform: AffineTransform_float_3_3
Parameters: 0.99998 -0.00533238 0.00347174 0.005384 0.999872 -0.0150104 -0.00339105 0.0150286 0.999881 0.3301 -0.0675511 -1.3698
FixedParameters: 0 0 0

#Transform 149
Transform: AffineTransform_float_3_3
Parameters: 0.999978 -0.00569516 0.0034114 0.00574795 0.999859 -0.0157794 -0.00332098 0.0157986 0.99987 0.362488 -0.0663821 -1.41438
FixedParameters: 0 0 0

#Transform 150
Transform: AffineTransform_float_3_3
Parameters: 0.999977 -0.00569017 0.0035276 0.00574299 0.999868 -0.0152139 -0.00344064 0.0152331 0.999878 0.34404 -0.0621247 -1.38128
FixedParameters: 0 0 0

#Transform 151
Transform: AffineTransform_float_3_3
Parameters: 0.999976 -0.00605569 0.00320292 0.006105 0.999861 -0.0155315 -0.00310836 0.0155505 0.999874 0.373361 -0.0687946 -1.40474
FixedParameters: 0 0 0

#Transform 152
Transform: AffineTransform_float_3_3
Parameters: 0.999975 -0.00616443 0.00349033 0.00621869 0.999856 -0.0157784 -0.00339229 0.0157996 0.99987 0.375036 -0.0748439 -1.43617
FixedParameters: 0 0 0

#Transform 153
Transform: AffineTransform_float_3_3
Parameters: 0.999977 -0.00601775 0.00320235 0.00606677 0.999863 -0.0153616 -0.00310919 0.0153804 0.999877 0.366916 -0.0654694 -1.39658
FixedParameters: 0 0 0

#Transform 154
Transform: AffineTransform_float_3_3
Parameters: 0.999976 -0.00609152 0.00335068 0.00614555 0.99985 -0.0161938 -0.00325156 0.0162142 0.999863 0.375507 -0.0807373 -1.46425
FixedParameters: 0 0 0

#Transform 155
Transform: AffineTransform_float_3_3
Parameters: 0.999978 -0.00583709 0.00317796 0.00588605 0.999863 -0.0154889 -0.00308664 0.0155071 0.999875 0.355265 -0.0781472 -1.43108
FixedParameters: 0 0 0

#Transform 156
Transform: AffineTransform_float_3_3
Parameters: 0.999975 -0.00623663 0.00332686 0.00628994 0.999848 -0.0162469 -0.00322554 0.0162671 0.999862 0.39124 -0.0927037 -1.46733
FixedParameters: 0 0 0

#Transform 157
Transform: AffineTransform_float_3_3
Parameters: 0.999975 -0.00612379 0.00358286 0.00617795 0.999863 -0.0153623 -0.00348899 0.0153837 0.999875 0.366167 -0.0821768 -1.41746
FixedParameters: 0 0 0

#Transform 158
Transform: AffineTransform_float_3_3
Parameters: 0.999975 -0.00619131 0.00342922 0.00624589 0.999851 -0.0160972 -0.0033286 0.0161178 0.999865 0.362694 -0.0634322 -1.41417
FixedParameters: 0 0 0

#Transform 159
Transform: AffineTransform_float_3_3
Parameters: 0.999974 -0.00619954 0.00371518 0.006257 0.99986 -0.0155464 -0.003619 0.0155686 0.999872 0.382033 -0.0727484 -1.44229
FixedParameters: 0 0 0

#Transform 160
Transform: AffineTransform_float_3_3
Parameters: 0.999974 -0.00630871 0.00334518 0.00636098 0.999857 -0.0156155 -0.00324624 0.0156365 0.999872 0.373935 -0.0651077 -1.4127
FixedParameters: 0 0 0

#Transform 161
Transform: AffineTransform_float_3_3
Parameters: 0.999974 -0.00620185 0.00350569 0.00625988 0.999842 -0.0166077 -0.00340159 0.0166293 0.999855 0.396701 -0.0901162 -1.46094
FixedParameters: 0 0 0

#Transform 162
Transform: AffineTransform_float_3_3
Parameters: 0.999974 -0.00639819 0.00327641 0.00644921 0.999856 -0.0157382 -0.00317535 0.0157588 0.999871 0.382165 -0.0776787 -1.40333
FixedParameters: 0 0 0

#Transform 163
Transform: AffineTransform_float_3_3
Parameters: 0.999972 -0.00665233 0.00359485 0.00671208 0.999836 -0.0168187 -0.00348159 0.0168423 0.999852 0.396331 -0.0668037 -1.4348
FixedParameters: 0 0 0

#Transform 164
Transform: AffineTransform_float_3_3
Parameters: 0.999975 -0.00618484 0.00356938 0.00624205 0.99985 -0.0162002 -0.00346869 0.0162218 0.999863 0.374519 -0.0694204 -1.43894
FixedParameters: 0 0 0

#Transform 165
Transform: AffineTransform_float_3_3
Parameters: 0.999975 -0.00629613 0.00322306 0.00634541 0.999859 -0.0155373 -0.00312503 0.0155567 0.999874 0.368377 -0.0654657 -1.40588
FixedParameters: 0 0 0

#Transform 166
Transform: AffineTransform_float_3_3
Parameters: 0.999974 -0.00628546 0.0035511 0.00634493 0.999838 -0.0168241 -0.00344514 0.0168469 0.999852 0.382781 -0.101127 -1.48914
FixedParameters: 0 0 0

#Transform 167
Transform: AffineTransform_float_3_3
Parameters: 0.999972 -0.00652339 0.00346168 0.00658053 0.99984 -0.0166398 -0.00335317 0.0166622 0.999856 0.375287 -0.0912558 -1.44148
FixedParameters: 0 0 0

#Transform 168
Transform: AffineTransform_float_3_3
Parameters: 0.999972 -0.00668234 0.00335735 0.00673846 0.999834 -0.0169241 -0.00324329 0.0169469 0.999851 0.398824 -0.0818107 -1.45314
FixedParameters: 0 0 0

#Transform 169
Transform: AffineTransform_float_3_3
Parameters: 0.999974 -0.00648149 0.00332709 0.00653536 0.999842 -0.0165048 -0.00321943 0.0165252 0.999858 0.383351 -0.0840051 -1.44752
FixedParameters: 0 0 0

#Transform 170
Transform: AffineTransform_float_3_3
Parameters: 0.999972 -0.00662123 0.00327851 0.00667443 0.999841 -0.0164898 -0.00316907 0.0165112 0.999859 0.384461 -0.0827656 -1.43938
FixedParameters: 0 0 0

#Transform 171
Transform: AffineTransform_float_3_3
Parameters: 0.999968 -0.00700585 0.003705 0.00706902 0.999827 -0.0172051 -0.00358392 0.0172299 0.999845 0.411661 -0.094774 -1.49818
FixedParameters: 0 0 0

#Transform 172
Transform: AffineTransform_float_3_3
Parameters: 0.999969 -0.00702721 0.00352701 0.00708477 0.999834 -0.0167861 -0.00340832 0.0168099 0.999853 0.394324 -0.0849174 -1.44143
FixedParameters: 0 0 0

#Transform 173
Transform: AffineTransform_float_3_3
Parameters: 0.999971 -0.00687504 0.00322405 0.0069302 0.999824 -0.0174394 -0.00310306 0.0174616 0.999842 0.391543 -0.0856158 -1.46628
FixedParameters: 0 0 0

#Transform 174
Transform: AffineTransform_float_3_3
Parameters: 0.999968 -0.00707698 0.00354534 0.00713662 0.999831 -0.0169803 -0.00342441 0.0170047 0.999849 0.414487 -0.0862309 -1.49744
FixedParameters: 0 0 0

#Transform 175
Transform: AffineTransform_float_3_3
Parameters: 0.99997 -0.00695542 0.00336598 0.00701153 0.999834 -0.0167872 -0.00324813 0.0168098 0.999854 0.396589 -0.0765228 -1.4214
FixedParameters: 0 0 0

#Transform 176
Transform: AffineTransform_float_3_3
Parameters: 0.999965 -0.00748149 0.0038825 0.0075489 0.999814 -0.0177755 -0.00374795 0.0178035 0.999834 0.421988 -0.0766083 -1.52102
FixedParameters: 0 0 0

#Transform 177
Transform: AffineTransform_float_3_3
Parameters: 0.99996 -0.00811965 0.00369588 0.00818673 0.999795 -0.0185347 -0.00354408 0.0185643 0.999821 0.44291 -0.0859126 -1.55392
FixedParameters: 0 0 0

#Transform 178
Transform: AffineTransform_float_3_3
Parameters: 0.999966 -0.0075106 0.00337244 0.00757152 0.999799 -0.0185372 -0.0032327 0.0185618 0.999823 0.422673 -0.0875245 -1.51369
FixedParameters: 0 0 0

#Transform 179
Transform: AffineTransform_float_3_3
Parameters: 0.99997 -0.00731244 0.00264001 0.00735785 0.99982 -0.0175105 -0.00251167 0.0175295 0.999844 0.405772 -0.0536314 -1.41137
FixedParameters: 0 0 0
