#Insight Transform File V1.0
#Transform 0
Transform: AffineTransform_float_3_3
Parameters: 1 8.48061e-05 -0.00112703 -8.60886e-05 1 -0.000568544 0.00112693 0.000569456 0.999999 -0.0523547 0.0501289 0.334828
FixedParameters: 0 0 0

#Transform 1
Transform: AffineTransform_float_3_3
Parameters: 1 0.000487549 0.000346371 -0.000487371 1 0.00107283 -0.000345715 -0.00107317 1 -0.0132008 0.0700811 -0.0641478
FixedParameters: 0 0 0

#Transform 2
Transform: AffineTransform_float_3_3
Parameters: 1 0.000564918 0.000221359 -0.00056542 0.999999 0.00113688 -0.000220074 -0.00113713 1 -0.0243492 0.0913505 -0.0918702
FixedParameters: 0 0 0

#Transform 3
Transform: AffineTransform_float_3_3
Parameters: 1 0.000371789 0.000221608 -0.000372631 1 0.00101892 -0.00022177 -0.00101908 1 -0.0424049 0.097116 -0.0912931
FixedParameters: 0 0 0

#Transform 4
Transform: AffineTransform_float_3_3
Parameters: 1 0.000429402 -9.87191e-05 -0.000429377 0.999997 0.00209604 9.95986e-05 -0.00209596 0.999998 -0.0257661 0.117604 -0.13982
FixedParameters: 0 0 0

#Transform 5
Transform: AffineTransform_float_3_3
Parameters: 1 0.000522325 0.000360114 -0.000523012 0.999998 0.00169017 -0.000359659 -0.00168983 0.999999 -0.0380221 0.119358 -0.1184
FixedParameters: 0 0 0

#Transform 6
Transform: AffineTransform_float_3_3
Parameters: 1 0.000608159 0.00032526 -0.000609172 0.999997 0.00237765 -0.000323677 -0.00237735 0.999997 -0.0363524 0.116297 -0.121492
FixedParameters: 0 0 0

#Transform 7
Transform: AffineTransform_float_3_3
Parameters: 0.999999 0.000501373 0.000528959 -0.000503272 0.999995 0.00317073 -0.000527475 -0.00317126 0.999995 -0.0415805 0.153649 -0.0806264
FixedParameters: 0 0 0

#Transform 8
Transform: AffineTransform_float_3_3
Parameters: 0.999999 0.000521795 0.000787107 -0.000524129 0.999997 0.00240544 -0.000786293 -0.00240556 0.999996 -0.0313911 0.12987 -0.0699026
FixedParameters: 0 0 0

#Transform 9
Transform: AffineTransform_float_3_3
Parameters: 1 0.000620555 0.000755093 -0.000622554 0.999998 0.00193553 -0.000753077 -0.00193647 0.999998 -0.0387319 0.113527 -0.0621896
FixedParameters: 0 0 0

#Transform 10
Transform: AffineTransform_float_3_3
Parameters: 1 0.000459072 0.000333612 -0.000459604 0.999998 0.00159185 -0.000333461 -0.00159215 0.999998 -0.0326459 0.109943 -0.0655408
FixedParameters: 0 0 0

#Transform 11
Transform: AffineTransform_float_3_3
Parameters: 1 0.000603375 0.000350124 -0.000604592 0.999996 0.00250079 -0.000348414 -0.00250121 0.999997 -0.0263694 0.114258 -0.104671
FixedParameters: 0 0 0

#Transform 12
Transform: AffineTransform_float_3_3
Parameters: 0.999999 0.000260341 0.000832287 -0.000262402 0.999999 0.00179178 -0.000831741 -0.00179222 0.999998 -0.0371753 0.11374 -0.0893345
FixedParameters: 0 0 0

#Transform 13
Transform: AffineTransform_float_3_3
Parameters: 0.999999 0.000201641 0.00106334 -0.000203555 0.999998 0.00176494 -0.0010634 -0.00176606 0.999998 -0.0333474 0.11066 -0.0657361
FixedParameters: 0 0 0

#Transform 14
Transform: AffineTransform_float_3_3
Parameters: 1 0.000246409 0.000306318 -0.000247284 0.999998 0.00229293 -0.000306497 -0.00229308 0.999998 -0.00183961 0.119185 -0.0218616
FixedParameters: 0 0 0

#Transform 15
Transform: AffineTransform_float_3_3
Parameters: 1 0.000102831 0.000550269 -0.000104628 0.999997 0.00246894 -0.000550147 -0.00246906 0.999997 -0.0528853 0.126585 -0.00338795
FixedParameters: 0 0 0

#Transform 16
Transform: AffineTransform_float_3_3
Parameters: 1 0.000399878 0.000402141 -0.000400936 0.999998 0.00197484 -0.000401871 -0.00197516 0.999998 -0.0235045 0.113037 -0.0489226
FixedParameters: 0 0 0

#Transform 17
Transform: AffineTransform_float_3_3
Parameters: 0.999999 0.000239927 0.000901726 -0.000241892 0.999999 0.00160014 -0.000901346 -0.00159986 0.999998 -0.0310264 0.111022 -0.0648033
FixedParameters: 0 0 0

#Transform 18
Transform: AffineTransform_float_3_3
Parameters: 1 0.00024315 0.000500854 -0.000243811 0.999998 0.00157888 -0.000500476 -0.00157912 0.999998 -0.0230597 0.105916 -0.0808418
FixedParameters: 0 0 0

#Transform 19
Transform: AffineTransform_float_3_3
Parameters: 0.999999 0.000294054 0.00071492 -0.000296208 0.999997 0.00215115 -0.000714041 -0.00215085 0.999998 -0.0161462 0.104413 -0.100602
FixedParameters: 0 0 0

#Transform 20
Transform: AffineTransform_float_3_3
Parameters: 0.999999 0.000481198 0.000594656 -0.00048294 0.999998 0.00191071 -0.000594125 -0.00191129 0.999998 -0.0216997 0.11989 -0.108638
FixedParameters: 0 0 0

#Transform 21
Transform: AffineTransform_float_3_3
Parameters: 0.999999 0.000284233 0.000657194 -0.00028542 0.999998 0.00160417 -0.000656671 -0.00160383 0.999999 -0.0300521 0.120752 -0.101615
FixedParameters: 0 0 0

#Transform 22
Transform: AffineTransform_float_3_3
Parameters: 1 0.000277816 0.000112721 -0.000278147 0.999999 0.00147197 -0.000111903 -0.00147203 0.999999 -0.0220346 0.120673 -0.0957793
FixedParameters: 0 0 0

#Transform 23
Transform: AffineTransform_float_3_3
Parameters: 1 0.000213298 0.000119385 -0.000213674 0.999999 0.00158082 -0.00011871 -0.00158018 0.999998 -0.00499546 0.13582 -0.136495
FixedParameters: 0 0 0

#Transform 24
Transform: AffineTransform_float_3_3
Parameters: 0.999999 0.000350686 0.000660606 -0.000352089 0.999999 0.00175977 -0.00065976 -0.00176023 0.999998 -0.0282736 0.118316 -0.113673
FixedParameters: 0 0 0

#Transform 25
Transform: AffineTransform_float_3_3
Parameters: 1 0.000424563 0.000461292 -0.000426264 0.999997 0.0024198 -0.000460544 -0.0024202 0.999997 0.0263706 0.14407 -0.129923
FixedParameters: 0 0 0

#Transform 26
Transform: AffineTransform_float_3_3
Parameters: 0.999999 0.000380356 0.000795721 -0.000381752 0.999998 0.00203506 -0.000794951 -0.00203494 0.999998 -0.0285579 0.123414 -0.132177
FixedParameters: 0 0 0

#Transform 27
Transform: AffineTransform_float_3_3
Parameters: 1 0.00034439 0.000866245 -0.000346192 0.999997 0.0026347 -0.000865598 -0.0026353 0.999996 -0.0103794 0.129737 -0.165177
FixedParameters: 0 0 0

#Transform 28
Transform: AffineTransform_float_3_3
Parameters: 0.999999 0.000190802 0.00068244 -0.000192875 0.999996 0.00286787 -0.000682121 -0.00286813 0.999995 -0.0225081 0.141445 -0.184752
FixedParameters: 0 0 0

#Transform 29
Transform: AffineTransform_float_3_3
Parameters: 0.999999 0.000309399 0.000859256 -0.000312165 0.999995 0.00321809 -0.000858428 -0.00321791 0.999995 -0.0118761 0.137975 -0.171723
FixedParameters: 0 0 0

#Transform 30
Transform: AffineTransform_float_3_3
Parameters: 0.999999 0.000320906 0.000881535 -0.000323875 0.999994 0.00325208 -0.00088061 -0.00325192 0.999994 -0.0301221 0.132351 -0.171231
FixedParameters: 0 0 0

#Transform 31
Transform: AffineTransform_float_3_3
Parameters: 1 4.79319e-05 0.000631906 -4.9844e-05 0.999995 0.00296848 -0.000632397 -0.00296852 0.999996 -0.00328624 0.133321 -0.209634
FixedParameters: 0 0 0

#Transform 32
Transform: AffineTransform_float_3_3
Parameters: 1 -1.1277e-06 0.000257621 5.28098e-07 0.999995 0.002948 -0.000258017 -0.002948 0.999995 0.00996773 0.151266 -0.240673
FixedParameters: 0 0 0

#Transform 33
Transform: AffineTransform_float_3_3
Parameters: 1 0.000356975 0.000501723 -0.00035793 0.999997 0.00239782 -0.00050171 -0.00239818 0.999997 -0.0256114 0.147586 -0.178595
FixedParameters: 0 0 0

#Transform 34
Transform: AffineTransform_float_3_3
Parameters: 0.999999 0.000498818 0.000797947 -0.000500549 0.999996 0.0028176 -0.000796303 -0.0028184 0.999995 -0.03974 0.14624 -0.154292
FixedParameters: 0 0 0

#Transform 35
Transform: AffineTransform_float_3_3
Parameters: 1 0.000129398 0.00107063 -0.000132886 0.999995 0.00310186 -0.00107006 -0.00310214 0.999994 -0.00667103 0.150049 -0.186396
FixedParameters: 0 0 0

#Transform 36
Transform: AffineTransform_float_3_3
Parameters: 1 0.000489278 0.00100704 -0.000492095 0.999996 0.00277151 -0.00100549 -0.00277249 0.999995 -0.0448862 0.146467 -0.155265
FixedParameters: 0 0 0

#Transform 37
Transform: AffineTransform_float_3_3
Parameters: 1 0.000427774 0.000472392 -0.000429807 0.999989 0.0046708 -0.000470479 -0.0046712 0.999989 -0.0168735 0.193987 -0.131943
FixedParameters: 0 0 0

#Transform 38
Transform: AffineTransform_float_3_3
Parameters: 0.999999 0.000565443 0.000647743 -0.000567852 0.999991 0.00440848 -0.00064523 -0.00440852 0.99999 -0.0449661 0.18953 -0.0994324
FixedParameters: 0 0 0

#Transform 39
Transform: AffineTransform_float_3_3
Parameters: 1 0.000273271 0.000103283 -0.000273566 0.999992 0.00401097 -0.000102401 -0.00401103 0.999992 -0.0106336 0.183078 -0.189114
FixedParameters: 0 0 0

#Transform 40
Transform: AffineTransform_float_3_3
Parameters: 0.999999 0.000524172 0.000703127 -0.000527852 0.999987 0.00496699 -0.000700385 -0.00496701 0.999988 -0.0194248 0.192391 -0.178872
FixedParameters: 0 0 0

#Transform 41
Transform: AffineTransform_float_3_3
Parameters: 0.999999 0.000310692 0.000643921 -0.00031302 0.999994 0.0036488 -0.000643738 -0.0036492 0.999993 -0.0336981 0.171878 -0.194825
FixedParameters: 0 0 0

#Transform 42
Transform: AffineTransform_float_3_3
Parameters: 1 8.59983e-05 0.000181896 -8.67225e-05 0.99999 0.00452598 -0.000181505 -0.00452601 0.999989 -0.000593481 0.190225 -0.264238
FixedParameters: 0 0 0

#Transform 43
Transform: AffineTransform_float_3_3
Parameters: 1 0.00022364 0.000629478 -0.000226716 0.999989 0.00463986 -0.000628561 -0.00464014 0.999989 -0.0334066 0.194417 -0.181047
FixedParameters: 0 0 0

#Transform 44
Transform: AffineTransform_float_3_3
Parameters: 1 0.000199865 0.000411737 -0.000201446 0.999992 0.00415892 -0.00041085 -0.00415909 0.999992 -0.0188927 0.178431 -0.229587
FixedParameters: 0 0 0

#Transform 45
Transform: AffineTransform_float_3_3
Parameters: 0.999999 0.000176118 0.000722099 -0.000179316 0.999992 0.00412687 -0.000721804 -0.00412713 0.999991 -0.0184369 0.188489 -0.247964
FixedParameters: 0 0 0

#Transform 46
Transform: AffineTransform_float_3_3
Parameters: 1 0.000319874 0.000871076 -0.000323537 0.999991 0.00421872 -0.000869925 -0.00421928 0.99999 -0.0235884 0.193402 -0.244742
FixedParameters: 0 0 0

#Transform 47
Transform: AffineTransform_float_3_3
Parameters: 1 0.000273262 0.000103308 -0.000273575 0.999991 0.00409997 -0.000102377 -0.00410002 0.999991 -0.00373351 0.200903 -0.24522
FixedParameters: 0 0 0

#Transform 48
Transform: AffineTransform_float_3_3
Parameters: 1 4.93479e-05 0.000197299 -4.97337e-05 0.999994 0.00330999 -0.000197361 -0.00331001 0.999994 -0.0107765 0.15951 -0.21826
FixedParameters: 0 0 0

#Transform 49
Transform: AffineTransform_float_3_3
Parameters: 1 3.65546e-05 0.000202706 -3.76726e-05 0.999996 0.00275899 -0.000202501 -0.00275901 0.999996 -0.0263337 0.163288 -0.165859
FixedParameters: 0 0 0

#Transform 50
Transform: AffineTransform_float_3_3
Parameters: 1 0.000324774 0.000224399 -0.000325218 0.999997 0.00217093 -0.000224299 -0.00217107 0.999997 -0.0599224 0.131819 -0.136953
FixedParameters: 0 0 0

#Transform 51
Transform: AffineTransform_float_3_3
Parameters: 1 0.00023596 0.000318408 -0.000237035 0.999995 0.00313993 -0.000317314 -0.00314008 0.999995 -0.00537224 0.153076 -0.192777
FixedParameters: 0 0 0

#Transform 52
Transform: AffineTransform_float_3_3
Parameters: 1 -8.67566e-05 0.000322792 8.52636e-05 0.999993 0.00373218 -0.000323825 -0.00373282 0.999993 -0.027583 0.175314 -0.145936
FixedParameters: 0 0 0

#Transform 53
Transform: AffineTransform_float_3_3
Parameters: 0.999999 0.000319595 0.00129649 -0.000323229 0.999994 0.00332809 -0.00129538 -0.0033289 0.999993 -0.0546825 0.161541 -0.143452
FixedParameters: 0 0 0

#Transform 54
Transform: AffineTransform_float_3_3
Parameters: 1 0.000280298 0.00116862 -0.000284366 0.999993 0.00387867 -0.00116746 -0.00387933 0.999992 -0.0497387 0.160447 -0.156579
FixedParameters: 0 0 0

#Transform 55
Transform: AffineTransform_float_3_3
Parameters: 0.999999 0.000167242 0.000912396 -0.000171246 0.999993 0.00392385 -0.000911319 -0.00392415 0.999992 -0.0297497 0.186641 -0.218363
FixedParameters: 0 0 0

#Transform 56
Transform: AffineTransform_float_3_3
Parameters: 1 5.51385e-05 0.00101033 -5.95795e-05 0.999991 0.00421294 -0.00101049 -0.00421306 0.99999 -0.0433233 0.180905 -0.194242
FixedParameters: 0 0 0

#Transform 57
Transform: AffineTransform_float_3_3
Parameters: 1 8.36654e-05 0.000360651 -8.55847e-05 0.999987 0.00521397 -0.00036055 -0.00521403 0.999987 -0.0144739 0.214741 -0.244576
FixedParameters: 0 0 0

#Transform 58
Transform: AffineTransform_float_3_3
Parameters: 0.999999 0.000218282 0.00089948 -0.000222192 0.999988 0.00495216 -0.000898332 -0.00495184 0.999988 -0.0337561 0.221525 -0.217696
FixedParameters: 0 0 0

#Transform 59
Transform: AffineTransform_float_3_3
Parameters: 0.999999 0.000224109 0.000777715 -0.000227976 0.999984 0.00570219 -0.00077617 -0.00570182 0.999984 -0.0188815 0.238605 -0.228917
FixedParameters: 0 0 0

#Transform 60
Transform: AffineTransform_float_3_3
Parameters: 0.999999 0.000101037 0.000874947 -0.00010496 0.999989 0.00457027 -0.000874648 -0.00456973 0.999989 -0.0186102 0.20985 -0.229691
FixedParameters: 0 0 0

#Transform 61
Transform: AffineTransform_float_3_3
Parameters: 1 0.000180054 0.00106405 -0.000185222 0.999988 0.00477632 -0.00106334 -0.00477668 0.999988 -0.0336871 0.200923 -0.185209
FixedParameters: 0 0 0

#Transform 62
Transform: AffineTransform_float_3_3
Parameters: 0.999999 0.00013573 0.000855157 -0.000139078 0.999993 0.00380224 -0.000854364 -0.00380176 0.999993 -0.021646 0.164595 -0.22723
FixedParameters: 0 0 0

#Transform 63
Transform: AffineTransform_float_3_3
Parameters: 1 -0.00023775 0.000494773 0.000234453 0.999982 0.00597112 -0.000496533 -0.00597088 0.999982 0.0234647 0.233167 -0.239658
FixedParameters: 0 0 0

#Transform 64
Transform: AffineTransform_float_3_3
Parameters: 0.999999 -3.68965e-05 0.000871091 3.40096e-05 0.999991 0.00421903 -0.000871112 -0.00421897 0.99999 -0.0148001 0.173855 -0.196164
FixedParameters: 0 0 0

#Transform 65
Transform: AffineTransform_float_3_3
Parameters: 1 -0.000103634 0.000989005 9.93983e-05 0.99999 0.00439625 -0.000989619 -0.00439675 0.99999 -0.00337485 0.210587 -0.212252
FixedParameters: 0 0 0

#Transform 66
Transform: AffineTransform_float_3_3
Parameters: 1 2.99366e-05 0.000563174 -3.20747e-05 0.999989 0.00469698 -0.000563134 -0.00469702 0.999989 0.00120015 0.205371 -0.27439
FixedParameters: 0 0 0

#Transform 67
Transform: AffineTransform_float_3_3
Parameters: 1 -0.000542238 -0.00080404 0.000546516 0.999986 0.00528856 0.000801156 -0.00528943 0.999985 0.0349369 0.228879 -0.241065
FixedParameters: 0 0 0

#Transform 68
Transform: AffineTransform_float_3_3
Parameters: 1 -6.77403e-05 0.000329842 6.70377e-05 0.99999 0.00444502 -0.000330302 -0.00444498 0.99999 0.00970819 0.20258 -0.211581
FixedParameters: 0 0 0

#Transform 69
Transform: AffineTransform_float_3_3
Parameters: 1 -0.000113507 0.000385975 0.000112001 0.999991 0.0041572 -0.000385462 -0.00415781 0.999992 -0.00964892 0.194626 -0.230699
FixedParameters: 0 0 0

#Transform 70
Transform: AffineTransform_float_3_3
Parameters: 1 -0.000125831 0.00096466 0.000121676 0.99999 0.00446512 -0.000965487 -0.00446488 0.999989 -0.0260702 0.189487 -0.223868
FixedParameters: 0 0 0

#Transform 71
Transform: AffineTransform_float_3_3
Parameters: 1 -0.000145373 0.00120357 0.000139507 0.999989 0.00483517 -0.00120414 -0.00483483 0.999987 -0.0268884 0.196713 -0.244401
FixedParameters: 0 0 0

#Transform 72
Transform: AffineTransform_float_3_3
Parameters: 0.999999 -0.000201187 0.000861358 0.000197005 0.999986 0.00524233 -0.000862247 -0.00524268 0.999986 -0.0250252 0.196478 -0.272247
FixedParameters: 0 0 0

#Transform 73
Transform: AffineTransform_float_3_3
Parameters: 1 -0.000203622 0.00105329 0.000200099 0.999995 0.00335321 -0.00105397 -0.00335279 0.999994 -0.0282902 0.167239 -0.205442
FixedParameters: 0 0 0

#Transform 74
Transform: AffineTransform_float_3_3
Parameters: 1 6.07367e-05 0.00110124 -6.59567e-05 0.999991 0.00421893 -0.00110135 -0.00421907 0.99999 -0.00531078 0.179399 -0.150665
FixedParameters: 0 0 0

#Transform 75
Transform: AffineTransform_float_3_3
Parameters: 1 5.44038e-05 0.00120608 -5.88266e-05 0.999994 0.00368529 -0.00120538 -0.00368471 0.999993 -0.0179967 0.168918 -0.18081
FixedParameters: 0 0 0

#Transform 76
Transform: AffineTransform_float_3_3
Parameters: 0.999999 -3.5859e-05 0.00132294 2.99072e-05 0.999991 0.00408555 -0.00132201 -0.00408544 0.999991 -0.0243908 0.180957 -0.202954
FixedParameters: 0 0 0

#Transform 77
Transform: AffineTransform_float_3_3
Parameters: 0.999999 5.80343e-05 0.000785583 -6.09985e-05 0.999989 0.00473031 -0.000784742 -0.00472969 0.999989 -0.0251719 0.199567 -0.170321
FixedParameters: 0 0 0

#Transform 78
Transform: AffineTransform_float_3_3
Parameters: 0.999999 0.000130687 0.000803918 -0.000134365 0.999989 0.0048229 -0.000803282 -0.00482311 0.999988 -0.0229301 0.222628 -0.194127
FixedParameters: 0 0 0

#Transform 79
Transform: AffineTransform_float_3_3
Parameters: 0.999999 -5.89943e-05 0.000775048 5.54974e-05 0.999989 0.00454204 -0.000774899 -0.00454195 0.999989 -0.0209153 0.19092 -0.192588
FixedParameters: 0 0 0

#Transform 80
Transform: AffineTransform_float_3_3
Parameters: 1 -0.000183889 0.0011876 0.000178351 0.999991 0.00420837 -0.00118885 -0.00420863 0.99999 -0.0253258 0.196678 -0.165885
FixedParameters: 0 0 0

#Transform 81
Transform: AffineTransform_float_3_3
Parameters: 1 -0.000250656 0.000555259 0.000248751 0.999991 0.00407414 -0.000556234 -0.00407386 0.999991 -0.00565528 0.20133 -0.159081
FixedParameters: 0 0 0

#Transform 82
Transform: AffineTransform_float_3_3
Parameters: 1 -0.000135562 0.000684809 0.00013351 0.999991 0.00408409 -0.000685239 -0.0040839 0.999991 -0.00527244 0.187544 -0.165032
FixedParameters: 0 0 0

#Transform 83
Transform: AffineTransform_float_3_3
Parameters: 0.999999 -0.000157575 0.000737626 0.000154406 0.999994 0.00365812 -0.000738628 -0.00365789 0.999993 -0.00428325 0.195239 -0.169799
FixedParameters: 0 0 0

#Transform 84
Transform: AffineTransform_float_3_3
Parameters: 1 -0.000173139 0.00119106 0.000168904 0.999994 0.0036502 -0.00119203 -0.0036498 0.999992 -0.0243985 0.183936 -0.180496
FixedParameters: 0 0 0

#Transform 85
Transform: AffineTransform_float_3_3
Parameters: 0.999999 -1.62497e-05 0.000919968 1.23202e-05 0.999991 0.00406253 -0.000919415 -0.00406247 0.999992 -0.0204226 0.186228 -0.189291
FixedParameters: 0 0 0

#Transform 86
Transform: AffineTransform_float_3_3
Parameters: 0.999998 -0.000847477 0.00190632 0.000839788 0.999991 0.00418007 -0.00190927 -0.00417893 0.99999 0.0644577 0.190129 -0.185806
FixedParameters: 0 0 0

#Transform 87
Transform: AffineTransform_float_3_3
Parameters: 1 -0.000104756 0.00111131 0.000100961 0.999993 0.00371511 -0.0011118 -0.00371488 0.999992 -0.0295076 0.176934 -0.0854937
FixedParameters: 0 0 0

#Transform 88
Transform: AffineTransform_float_3_3
Parameters: 1 -3.43601e-05 0.00102318 3.12972e-05 0.999993 0.00367803 -0.00102315 -0.00367797 0.999992 -0.0495023 0.170053 -0.138306
FixedParameters: 0 0 0

#Transform 89
Transform: AffineTransform_float_3_3
Parameters: 1 -0.000312409 0.000983747 0.000308539 0.999992 0.00376446 -0.000985416 -0.00376454 0.999992 -0.0241028 0.180024 -0.171803
FixedParameters: 0 0 0

#Transform 90
Transform: AffineTransform_float_3_3
Parameters: 1 -5.50268e-05 0.00098955 5.12342e-05 0.999993 0.00370705 -0.000989275 -0.00370695 0.999992 -0.0315736 0.186994 -0.215771
FixedParameters: 0 0 0

#Transform 91
Transform: AffineTransform_float_3_3
Parameters: 0.999999 0.000107382 0.00100922 -0.00011055 0.999994 0.00358705 -0.00100908 -0.00358796 0.999993 -0.0224055 0.183789 -0.206417
FixedParameters: 0 0 0

#Transform 92
Transform: AffineTransform_float_3_3
Parameters: 1 -5.86608e-05 0.00115246 5.39826e-05 0.999992 0.00413707 -0.00115173 -0.00413694 0.999991 -0.0336494 0.186886 -0.192602
FixedParameters: 0 0 0

#Transform 93
Transform: AffineTransform_float_3_3
Parameters: 1 2.81234e-05 0.00105072 -3.36591e-05 0.999988 0.00475948 -0.00105015 -0.00475952 0.999988 -0.036018 0.194154 -0.205746
FixedParameters: 0 0 0

#Transform 94
Transform: AffineTransform_float_3_3
Parameters: 0.999999 -0.000401217 -0.000679863 0.000405428 0.999984 0.00552609 0.000677889 -0.00552591 0.999985 0.010676 0.222049 -0.401964
FixedParameters: 0 0 0

#Transform 95
Transform: AffineTransform_float_3_3
Parameters: 1 -6.57457e-05 0.000171743 6.54421e-05 0.999989 0.00470001 -0.00017183 -0.00469999 0.999989 -0.0614607 0.237939 -0.238661
FixedParameters: 0 0 0

#Transform 96
Transform: AffineTransform_float_3_3
Parameters: 1 -0.000516443 -0.000240801 0.000518836 0.99998 0.00639888 0.000237719 -0.00639913 0.99998 -0.00567263 0.256968 -0.201341
FixedParameters: 0 0 0

#Transform 97
Transform: AffineTransform_float_3_3
Parameters: 0.999999 -0.000433423 -0.0012713 0.00043845 0.99999 0.0043068 0.00126897 -0.00430719 0.99999 0.0324724 0.251391 -0.319777
FixedParameters: 0 0 0

#Transform 98
Transform: AffineTransform_float_3_3
Parameters: 1 -6.55425e-06 3.09365e-05 6.26757e-06 0.99999 0.004629 -3.09958e-05 -0.004629 0.99999 -0.0772108 0.220246 -0.202866
FixedParameters: 0 0 0

#Transform 99
Transform: AffineTransform_float_3_3
Parameters: 1 1.58741e-05 -0.000218114 -1.49174e-05 0.999991 0.004298 0.000218637 -0.00429799 0.99999 -0.0819773 0.201718 -0.243949
FixedParameters: 0 0 0

#Transform 100
Transform: AffineTransform_float_3_3
Parameters: 1 -0.000290075 -0.000317658 0.000291916 0.999986 0.00519127 0.000316339 -0.00519073 0.999987 -0.00210356 0.215648 -0.37188
FixedParameters: 0 0 0

#Transform 101
Transform: AffineTransform_float_3_3
Parameters: 1 -0.000124939 0.000695339 0.000122146 0.999989 0.00455445 -0.000695795 -0.00455355 0.99999 -0.0461577 0.211231 -0.274062
FixedParameters: 0 0 0

#Transform 102
Transform: AffineTransform_float_3_3
Parameters: 0.999999 -0.000372002 0.000714865 0.000368282 0.999986 0.00534406 -0.000717233 -0.00534494 0.999985 -0.0446327 0.21616 -0.291037
FixedParameters: 0 0 0

#Transform 103
Transform: AffineTransform_float_3_3
Parameters: 0.999999 -0.000595577 0.000446875 0.000593498 0.999989 0.00465127 -0.000450034 -0.00465073 0.999989 -0.0440891 0.218266 -0.303097
FixedParameters: 0 0 0

#Transform 104
Transform: AffineTransform_float_3_3
Parameters: 1 -0.00012047 0.000662022 0.000116667 0.99999 0.00455408 -0.000662963 -0.00455393 0.99999 -0.0508418 0.197553 -0.290957
FixedParameters: 0 0 0

#Transform 105
Transform: AffineTransform_float_3_3
Parameters: 1 -0.00015055 0.000518321 0.000147964 0.999988 0.00502208 -0.00051876 -0.00502193 0.999988 -0.0307479 0.22579 -0.311551
FixedParameters: 0 0 0

#Transform 106
Transform: AffineTransform_float_3_3
Parameters: 1 -0.000147929 0.00051712 0.000145062 0.999985 0.00530523 -0.000517615 -0.00530577 0.999986 -0.00855532 0.230935 -0.356748
FixedParameters: 0 0 0

#Transform 107
Transform: AffineTransform_float_3_3
Parameters: 1 -0.000571744 0.00028383 0.000570112 0.999988 0.00491516 -0.000286681 -0.00491484 0.999988 0.00429829 0.236639 -0.317608
FixedParameters: 0 0 0

#Transform 108
Transform: AffineTransform_float_3_3
Parameters: 1 -0.00040057 0.0011395 0.000395705 0.99999 0.00443361 -0.00114091 -0.00443339 0.999989 -0.019735 0.223766 -0.241739
FixedParameters: 0 0 0

#Transform 109
Transform: AffineTransform_float_3_3
Parameters: 0.999999 -0.000470742 0.000855431 0.000465904 0.999983 0.00588204 -0.000858821 -0.00588196 0.999982 0.038156 0.231775 -0.383935
FixedParameters: 0 0 0

#Transform 110
Transform: AffineTransform_float_3_3
Parameters: 1 -0.000517275 0.000413909 0.000515315 0.999988 0.00487937 -0.000416577 -0.00487963 0.999988 0.00935667 0.212937 -0.318548
FixedParameters: 0 0 0

#Transform 111
Transform: AffineTransform_float_3_3
Parameters: 1 -0.000264453 0.00101886 0.000259178 0.999986 0.00541727 -0.00102089 -0.00541673 0.999985 -0.0503699 0.222481 -0.0882212
FixedParameters: 0 0 0

#Transform 112
Transform: AffineTransform_float_3_3
Parameters: 0.999999 -0.000527828 -0.00123609 0.000538108 0.999965 0.0082687 0.00123158 -0.0082693 0.999965 0.000520237 0.295468 -0.278501
FixedParameters: 0 0 0

#Transform 113
Transform: AffineTransform_float_3_3
Parameters: 0.999999 -0.000703709 -0.000430436 0.000705929 0.999978 0.0065987 0.000425849 -0.0065993 0.999978 -0.0800334 0.270087 -0.16651
FixedParameters: 0 0 0

#Transform 114
Transform: AffineTransform_float_3_3
Parameters: 0.999999 -0.000691728 -0.000271954 0.000692878 0.999977 0.00679166 0.000266875 -0.00679134 0.999976 -0.0851569 0.280061 -0.194533
FixedParameters: 0 0 0

#Transform 115
Transform: AffineTransform_float_3_3
Parameters: 1 -0.000445863 0.000133717 0.000445207 0.999977 0.00675306 -0.000136973 -0.00675294 0.999977 -0.0852183 0.270057 -0.18707
FixedParameters: 0 0 0

#Transform 116
Transform: AffineTransform_float_3_3
Parameters: 1 -0.000407343 0.000293581 0.000405919 0.999982 0.00596512 -0.000296061 -0.00596488 0.999982 -0.102332 0.237367 -0.205506
FixedParameters: 0 0 0

#Transform 117
Transform: AffineTransform_float_3_3
Parameters: 1 -0.000342659 0.00042792 0.000340356 0.99998 0.00619614 -0.000430172 -0.00619585 0.99998 -0.0671851 0.256081 -0.252459
FixedParameters: 0 0 0

#Transform 118
Transform: AffineTransform_float_3_3
Parameters: 1 -0.000537107 0.000203359 0.000536048 0.99998 0.00639675 -0.000206542 -0.00639725 0.999979 -0.0702961 0.256937 -0.260639
FixedParameters: 0 0 0

#Transform 119
Transform: AffineTransform_float_3_3
Parameters: 1 -0.00108792 -9.16989e-05 0.00108908 0.999977 0.00671175 8.47036e-05 -0.00671125 0.999978 -0.092147 0.27552 -0.159818
FixedParameters: 0 0 0

#Transform 120
Transform: AffineTransform_float_3_3
Parameters: 1 -0.00106403 0.000105355 0.00106365 0.99997 0.00760311 -0.000113386 -0.00760288 0.999971 -0.0722288 0.300913 -0.150033
FixedParameters: 0 0 0

#Transform 121
Transform: AffineTransform_float_3_3
Parameters: 1 -0.000566207 2.73589e-05 0.000566126 0.999984 0.00572966 -3.0695e-05 -0.00573034 0.999983 -0.0774718 0.245321 -0.190645
FixedParameters: 0 0 0

#Transform 122
Transform: AffineTransform_float_3_3
Parameters: 0.999999 -0.000583122 -0.000434448 0.000585269 0.999988 0.00476411 0.000431895 -0.00476389 0.999989 -0.122919 0.224422 -0.157595
FixedParameters: 0 0 0

#Transform 123
Transform: AffineTransform_float_3_3
Parameters: 0.999999 -0.000711998 -0.000143958 0.000712619 0.999989 0.0045229 0.000141057 -0.0045231 0.99999 -0.079254 0.219891 -0.250588
FixedParameters: 0 0 0

#Transform 124
Transform: AffineTransform_float_3_3
Parameters: 0.999999 -0.000259117 0.000804803 0.000254368 0.999981 0.00620485 -0.000805871 -0.00620515 0.99998 -0.0506314 0.253213 -0.15793
FixedParameters: 0 0 0

#Transform 125
Transform: AffineTransform_float_3_3
Parameters: 0.999999 -0.000534016 0.00130188 0.000525087 0.999973 0.00729584 -0.00130629 -0.00729516 0.999972 -0.0339504 0.238471 -0.372951
FixedParameters: 0 0 0

#Transform 126
Transform: AffineTransform_float_3_3
Parameters: 1 -0.000672312 0.000885264 0.000668183 0.999988 0.0049866 -0.000888517 -0.00498541 0.999987 -0.0589782 0.227791 -0.113974
FixedParameters: 0 0 0

#Transform 127
Transform: AffineTransform_float_3_3
Parameters: 0.999999 -0.000724795 0.000475247 0.00072237 0.999984 0.00555198 -0.00047907 -0.00555201 0.999984 -0.0385308 0.238726 -0.192611
FixedParameters: 0 0 0

#Transform 128
Transform: AffineTransform_float_3_3
Parameters: 1 -0.000763273 0.000932668 0.000757968 0.999986 0.00535871 -0.000937389 -0.00535729 0.999985 -0.0630913 0.22545 -0.169525
FixedParameters: 0 0 0

#Transform 129
Transform: AffineTransform_float_3_3
Parameters: 0.999999 -0.000559289 0.00137864 0.000551816 0.999986 0.00522592 -0.00138087 -0.00522508 0.999985 -0.0589015 0.217815 -0.179062
FixedParameters: 0 0 0

#Transform 130
Transform: AffineTransform_float_3_3
Parameters: 1 -0.000654149 0.000952266 0.000648994 0.999986 0.00517378 -0.000955577 -0.00517323 0.999987 -0.0646131 0.227164 -0.188072
FixedParameters: 0 0 0

#Transform 131
Transform: AffineTransform_float_3_3
Parameters: 1 -0.000994172 0.000313201 0.00099299 0.999988 0.0049638 -0.000318461 -0.0049632 0.999987 -0.059924 0.217257 -0.226203
FixedParameters: 0 0 0

#Transform 132
Transform: AffineTransform_float_3_3
Parameters: 1 -0.00111722 0.000252607 0.00111599 0.999989 0.00444028 -0.000257529 -0.00443971 0.99999 -0.0747249 0.216477 -0.173575
FixedParameters: 0 0 0

#Transform 133
Transform: AffineTransform_float_3_3
Parameters: 1 -0.000743332 0.00084893 0.000740033 0.999992 0.00394078 -0.000851874 -0.00394022 0.999992 -0.0580101 0.214153 -0.164735
FixedParameters: 0 0 0

#Transform 134
Transform: AffineTransform_float_3_3
Parameters: 0.999999 -0.000862096 0.000493833 0.000859759 0.99999 0.00433207 -0.000496689 -0.00433193 0.99999 -0.0543888 0.21279 -0.195829
FixedParameters: 0 0 0

#Transform 135
Transform: AffineTransform_float_3_3
Parameters: 1 -0.000822056 0.000628806 0.000818147 0.999985 0.00537416 -0.000633409 -0.00537384 0.999985 -0.034726 0.239852 -0.197958
FixedParameters: 0 0 0

#Transform 136
Transform: AffineTransform_float_3_3
Parameters: 0.999999 -0.00106881 0.000815585 0.0010647 0.999989 0.00450651 -0.000820066 -0.00450549 0.999989 -0.0675505 0.218636 -0.188174
FixedParameters: 0 0 0

#Transform 137
Transform: AffineTransform_float_3_3
Parameters: 1 -0.000759561 0.000926969 0.000755073 0.999991 0.00424934 -0.000930504 -0.00424866 0.99999 -0.0613511 0.202973 -0.197769
FixedParameters: 0 0 0

#Transform 138
Transform: AffineTransform_float_3_3
Parameters: 1 -0.000850994 0.000621268 0.000847848 0.99999 0.00451417 -0.000625645 -0.00451383 0.999989 -0.0368473 0.198554 -0.23554
FixedParameters: 0 0 0

#Transform 139
Transform: AffineTransform_float_3_3
Parameters: 0.999999 -0.00104971 0.000222342 0.00104975 0.999991 0.00425788 -0.000226679 -0.00425813 0.999991 -0.0332734 0.203092 -0.229511
FixedParameters: 0 0 0

#Transform 140
Transform: AffineTransform_float_3_3
Parameters: 0.999999 -0.00105881 0.000681528 0.00105577 0.99999 0.00432236 -0.000686455 -0.00432163 0.99999 -0.03923 0.205112 -0.197552
FixedParameters: 0 0 0

#Transform 141
Transform: AffineTransform_float_3_3
Parameters: 1 -0.0010825 0.000534515 0.00108005 0.999991 0.00410022 -0.000538779 -0.00409978 0.999991 -0.0474945 0.195758 -0.215091
FixedParameters: 0 0 0

#Transform 142
Transform: AffineTransform_float_3_3
Parameters: 0.999999 -0.000870467 0.000189493 0.000869499 0.99999 0.00421317 -0.000192751 -0.00421283 0.999991 -0.0402512 0.201162 -0.218899
FixedParameters: 0 0 0

#Transform 143
Transform: AffineTransform_float_3_3
Parameters: 0.999999 -0.00120148 0.000470653 0.0012 0.999991 0.00404421 -0.000474842 -0.00404379 0.999992 -0.078797 0.209447 -0.20712
FixedParameters: 0 0 0

#Transform 144
Transform: AffineTransform_float_3_3
Parameters: 1 -0.000957033 0.000430374 0.000955044 0.999989 0.00455805 -0.000434486 -0.00455794 0.999989 -0.048419 0.219846 -0.239011
FixedParameters: 0 0 0

#Transform 145
Transform: AffineTransform_float_3_3
Parameters: 1 -0.000963275 0.000682097 0.000960001 0.999988 0.00477966 -0.000686156 -0.00477834 0.999989 -0.0730626 0.217651 -0.198939
FixedParameters: 0 0 0

#Transform 146
Transform: AffineTransform_float_3_3
Parameters: 1 -0.00106225 0.000580406 0.00105991 0.999988 0.00480562 -0.000585471 -0.00480438 0.999989 -0.0473394 0.209866 -0.261268
FixedParameters: 0 0 0

#Transform 147
Transform: AffineTransform_float_3_3
Parameters: 1 -0.000963948 -0.000362731 0.000964817 0.999994 0.00340065 0.000360105 -0.00340135 0.999994 -0.0452525 0.224795 -0.125528
FixedParameters: 0 0 0

#Transform 148
Transform: AffineTransform_float_3_3
Parameters: 0.999997 -0.00171828 -0.00130754 0.00172211 0.999994 0.00277917 0.00130269 -0.00278083 0.999996 -0.0922337 0.183169 -0.117069
FixedParameters: 0 0 0

#Transform 149
Transform: AffineTransform_float_3_3
Parameters: 0.999999 -0.00125993 -0.000221854 0.00126057 0.99999 0.00419857 0.000216126 -0.00419843 0.999991 -0.0789775 0.211344 -0.152692
FixedParameters: 0 0 0

#Transform 150
Transform: AffineTransform_float_3_3
Parameters: 0.999999 -0.00140853 -0.000192243 0.00140867 0.999993 0.00353022 0.000187151 -0.00353078 0.999993 -0.0796244 0.204772 -0.0797546
FixedParameters: 0 0 0

#Transform 151
Transform: AffineTransform_float_3_3
Parameters: 1 -0.00115739 2.3777e-05 0.00115787 0.999994 0.00310588 -2.68943e-05 -0.00310512 0.999995 -0.0404719 0.197873 -0.10742
FixedParameters: 0 0 0

#Transform 152
Transform: AffineTransform_float_3_3
Parameters: 0.999999 -0.00128099 -0.000270867 0.00128172 0.999993 0.0035875 0.000266528 -0.0035875 0.999994 -0.0600509 0.210713 -0.177012
FixedParameters: 0 0 0

#Transform 153
Transform: AffineTransform_float_3_3
Parameters: 0.999999 -0.00122147 0.000317459 0.00122004 0.999994 0.00323803 -0.000321292 -0.00323797 0.999995 -0.0709351 0.211013 -0.167673
FixedParameters: 0 0 0

#Transform 154
Transform: AffineTransform_float_3_3
Parameters: 1 -0.000512984 0.000245834 0.000510441 0.999959 0.00905912 -0.000250503 -0.00905887 0.999959 -0.182879 0.295249 0.187049
FixedParameters: 0 0 0

#Transform 155
Transform: AffineTransform_float_3_3
Parameters: 0.999999 -0.00141402 0.000362596 0.00141266 0.999993 0.00327715 -0.000366866 -0.00327684 0.999994 -0.0264456 0.133322 -0.479316
FixedParameters: 0 0 0

#Transform 156
Transform: AffineTransform_float_3_3
Parameters: 0.999999 -0.00146014 0.000108139 0.00145946 0.999992 0.00359016 -0.000113236 -0.00358984 0.999994 -0.00627571 0.165365 -0.477098
FixedParameters: 0 0 0

#Transform 157
Transform: AffineTransform_float_3_3
Parameters: 0.999999 -0.00181509 -8.86203e-05 0.00181522 0.999996 0.00231433 8.46815e-05 -0.00231467 0.999997 0.0254516 0.137657 -0.628737
FixedParameters: 0 0 0

#Transform 158
Transform: AffineTransform_float_3_3
Parameters: 0.999999 -0.00178438 -1.73049e-05 0.00178366 0.999993 0.00314146 1.18706e-05 -0.00314154 0.999995 0.00557836 0.178089 -0.525216
FixedParameters: 0 0 0

#Transform 159
Transform: AffineTransform_float_3_3
Parameters: 0.999998 -0.00160603 0.000406471 0.00160477 0.999993 0.00327794 -0.000411082 -0.00327806 0.999994 0.0147732 0.160921 -0.520335
FixedParameters: 0 0 0

#Transform 160
Transform: AffineTransform_float_3_3
Parameters: 0.999999 -0.00174739 0.000457856 0.00174674 0.999996 0.00240609 -0.000462581 -0.00240592 0.999997 0.0297951 0.131953 -0.527666
FixedParameters: 0 0 0

#Transform 161
Transform: AffineTransform_float_3_3
Parameters: 0.999998 -0.00192572 0.000693843 0.00192444 0.999996 0.00232662 -0.000698196 -0.00232538 0.999997 0.0271727 0.132546 -0.586233
FixedParameters: 0 0 0

#Transform 162
Transform: AffineTransform_float_3_3
Parameters: 0.999999 -0.00166748 0.000662822 0.00166577 0.999996 0.00245539 -0.000667324 -0.00245461 0.999997 0.0205907 0.143181 -0.545673
FixedParameters: 0 0 0

#Transform 163
Transform: AffineTransform_float_3_3
Parameters: 0.999998 -0.00195228 0.000630755 0.00195009 0.999994 0.00254751 -0.000635701 -0.00254648 0.999996 0.0385651 0.138744 -0.596045
FixedParameters: 0 0 0

#Transform 164
Transform: AffineTransform_float_3_3
Parameters: 0.999998 -0.00188602 0.000787981 0.00188443 0.999996 0.00224477 -0.00079184 -0.00224323 0.999998 0.048129 0.14299 -0.566646
FixedParameters: 0 0 0

#Transform 165
Transform: AffineTransform_float_3_3
Parameters: 0.999998 -0.00150594 0.00169079 0.00150104 0.999994 0.00295549 -0.00169532 -0.00295251 0.999994 0.0241127 0.151771 -0.535449
FixedParameters: 0 0 0

#Transform 166
Transform: AffineTransform_float_3_3
Parameters: 0.999997 -0.00164817 0.00175026 0.00164272 0.999993 0.00312262 -0.00175526 -0.00312037 0.999994 0.0265463 0.157635 -0.517802
FixedParameters: 0 0 0

#Transform 167
Transform: AffineTransform_float_3_3
Parameters: 0.999997 -0.00172887 0.00133893 0.00172448 0.999994 0.00285475 -0.00134365 -0.00285225 0.999995 0.0353301 0.157711 -0.544465
FixedParameters: 0 0 0

#Transform 168
Transform: AffineTransform_float_3_3
Parameters: 0.999998 -0.00155277 0.00136844 0.00154849 0.999994 0.00308756 -0.00137327 -0.00308544 0.999994 0.0499875 0.159189 -0.57393
FixedParameters: 0 0 0

#Transform 169
Transform: AffineTransform_float_3_3
Parameters: 0.999998 -0.00208775 0.000287291 0.00208656 0.999992 0.00358574 -0.000295033 -0.00358527 0.999994 0.0785993 0.156427 -0.711946
FixedParameters: 0 0 0

#Transform 170
Transform: AffineTransform_float_3_3
Parameters: 0.999997 -0.00244081 0.000494923 0.00243875 0.99999 0.00373683 -0.000504087 -0.00373516 0.999993 0.028481 0.160524 -0.601555
FixedParameters: 0 0 0

#Transform 171
Transform: AffineTransform_float_3_3
Parameters: 0.999998 -0.00212946 0.00071767 0.00212792 0.999994 0.00242281 -0.000723379 -0.00242118 0.999997 0.0832648 0.143861 -0.730178
FixedParameters: 0 0 0

#Transform 172
Transform: AffineTransform_float_3_3
Parameters: 0.999997 -0.00182697 0.00151245 0.00182364 0.999995 0.00248199 -0.00151676 -0.00248001 0.999996 0.0170745 0.163217 -0.570057
FixedParameters: 0 0 0

#Transform 173
Transform: AffineTransform_float_3_3
Parameters: 0.999997 -0.00190833 0.00137861 0.00190482 0.999996 0.00245571 -0.00138283 -0.00245329 0.999996 0.0508625 0.149013 -0.670305
FixedParameters: 0 0 0

#Transform 174
Transform: AffineTransform_float_3_3
Parameters: 0.999997 -0.0023267 0.000360988 0.00232528 0.999995 0.00211261 -0.000365431 -0.00211239 0.999998 0.0257927 0.148154 -0.716806
FixedParameters: 0 0 0

#Transform 175
Transform: AffineTransform_float_3_3
Parameters: 0.999998 -0.00215438 0.000768882 0.00215116 0.999992 0.00351458 -0.000776257 -0.00351342 0.999994 0.00734015 0.173423 -0.759997
FixedParameters: 0 0 0

#Transform 176
Transform: AffineTransform_float_3_3
Parameters: 0.999998 -0.00197479 0.000744633 0.00197184 0.999993 0.00292875 -0.000750275 -0.00292724 0.999995 -0.0355887 0.173919 -0.609601
FixedParameters: 0 0 0

#Transform 177
Transform: AffineTransform_float_3_3
Parameters: 0.999997 -0.00189702 0.00147614 0.00189213 0.999993 0.00319888 -0.0014826 -0.00319612 0.999993 0.00351583 0.166742 -0.666225
FixedParameters: 0 0 0

#Transform 178
Transform: AffineTransform_float_3_3
Parameters: 0.999997 -0.00193322 0.00184022 0.00192555 0.999991 0.00378414 -0.0018477 -0.00377986 0.999991 0.00891425 0.177814 -0.624595
FixedParameters: 0 0 0

#Transform 179
Transform: AffineTransform_float_3_3
Parameters: 0.999998 -0.00149624 0.00134751 0.00149261 0.999996 0.00275245 -0.00135192 -0.00275055 0.999995 -0.00438457 0.175132 -0.603634
FixedParameters: 0 0 0
