#Insight Transform File V1.0
#Transform 0
Transform: AffineTransform_float_3_3
Parameters: 1 -0.000269788 0.000531314 0.000273955 0.999968 -0.00800485 -0.000529471 0.00800514 0.999968 0.0595123 -0.252859 -0.0341272
FixedParameters: 0 0 0

#Transform 1
Transform: AffineTransform_float_3_3
Parameters: 1 0.000567539 3.19402e-05 -0.000567659 0.999991 0.00422483 -2.93762e-05 -0.00422417 0.999991 -0.000955611 0.173856 0.044846
FixedParameters: 0 0 0

#Transform 2
Transform: AffineTransform_float_3_3
Parameters: 0.999999 0.00082981 -0.000470096 -0.00082688 0.999989 0.00475803 0.000474297 -0.00475797 0.999988 0.00616511 0.29083 -0.0152585
FixedParameters: 0 0 0

#Transform 3
Transform: AffineTransform_float_3_3
Parameters: 0.999999 0.000741102 -0.000371256 -0.000738818 0.999989 0.00462928 0.000375345 -0.00462872 0.999989 0.0188611 0.298027 -0.0541739
FixedParameters: 0 0 0

#Transform 4
Transform: AffineTransform_float_3_3
Parameters: 1 0.00100944 -0.000401037 -0.00100787 0.999987 0.00484641 0.00040529 -0.00484559 0.999988 0.0232176 0.314361 -0.0953524
FixedParameters: 0 0 0

#Transform 5
Transform: AffineTransform_float_3_3
Parameters: 0.999999 0.000862336 -0.000138566 -0.000861519 0.999987 0.00517561 0.000143415 -0.00517539 0.999986 0.0121911 0.312658 -0.0565583
FixedParameters: 0 0 0

#Transform 6
Transform: AffineTransform_float_3_3
Parameters: 0.999999 0.00137875 -0.000288127 -0.00137743 0.999988 0.00470189 0.000295172 -0.00470111 0.999989 0.0253937 0.321125 -0.0519963
FixedParameters: 0 0 0

#Transform 7
Transform: AffineTransform_float_3_3
Parameters: 0.999999 0.000762164 -0.00042973 -0.000760442 0.999988 0.00487033 0.000433854 -0.00486967 0.999988 0.0300355 0.315111 -0.00978225
FixedParameters: 0 0 0

#Transform 8
Transform: AffineTransform_float_3_3
Parameters: 1 0.000480176 0.000368315 -0.000481859 0.999984 0.00552782 -0.000365089 -0.00552817 0.999984 0.0461848 0.339113 -0.00928052
FixedParameters: 0 0 0

#Transform 9
Transform: AffineTransform_float_3_3
Parameters: 1 0.000732275 0.000689649 -0.000735042 0.999989 0.00478735 -0.000686419 -0.00478766 0.999988 0.0521619 0.30298 -0.0391489
FixedParameters: 0 0 0

#Transform 10
Transform: AffineTransform_float_3_3
Parameters: 0.999999 0.000701999 0.000636367 -0.000705677 0.999987 0.00518456 -0.000632473 -0.00518545 0.999987 0.0314776 0.314855 -0.0357833
FixedParameters: 0 0 0

#Transform 11
Transform: AffineTransform_float_3_3
Parameters: 1 0.000557234 0.000284937 -0.000558092 0.999988 0.00500185 -0.000282371 -0.00500216 0.999988 0.0225884 0.315766 -0.0733096
FixedParameters: 0 0 0

#Transform 12
Transform: AffineTransform_float_3_3
Parameters: 1 0.000169843 0.000193424 -0.000171267 0.999987 0.00505497 -0.000193011 -0.00505503 0.999987 0.0644305 0.333705 -0.11608
FixedParameters: 0 0 0

#Transform 13
Transform: AffineTransform_float_3_3
Parameters: 0.999999 0.000939801 -0.000145404 -0.000939044 0.999989 0.00473178 0.000150222 -0.00473222 0.999989 0.0239627 0.300677 -0.0967205
FixedParameters: 0 0 0

#Transform 14
Transform: AffineTransform_float_3_3
Parameters: 0.999999 0.00130978 0.000332863 -0.00131106 0.999995 0.00294542 -0.000328686 -0.00294559 0.999996 0.0237183 0.249511 -0.051377
FixedParameters: 0 0 0

#Transform 15
Transform: AffineTransform_float_3_3
Parameters: 1 0.000510231 7.85065e-05 -0.000510275 0.999993 0.00370681 -7.60352e-05 -0.00370619 0.999993 0.0614782 0.283544 -0.0560013
FixedParameters: 0 0 0

#Transform 16
Transform: AffineTransform_float_3_3
Parameters: 1 0.0010757 -0.000377899 -0.00107432 0.999997 0.00215605 0.000379382 -0.00215595 0.999997 0.0148509 0.236907 -0.0646335
FixedParameters: 0 0 0

#Transform 17
Transform: AffineTransform_float_3_3
Parameters: 1 0.000592197 -0.000992616 -0.000589493 0.999995 0.00287858 0.000994037 -0.00287741 0.999995 0.00620342 0.229227 -0.0387348
FixedParameters: 0 0 0

#Transform 18
Transform: AffineTransform_float_3_3
Parameters: 0.999999 0.000621862 -0.000350273 -0.000620112 0.999994 0.00359986 0.000352903 -0.00360014 0.999993 0.033458 0.262283 -0.0321884
FixedParameters: 0 0 0

#Transform 19
Transform: AffineTransform_float_3_3
Parameters: 1 -0.00010872 -1.62805e-05 0.000107958 0.999987 0.00497099 1.55941e-05 -0.004971 0.999987 0.037766 0.278175 0.0323254
FixedParameters: 0 0 0

#Transform 20
Transform: AffineTransform_float_3_3
Parameters: 1 0.000272142 0.00029468 -0.000273238 0.99999 0.00432392 -0.000294023 -0.00432408 0.99999 0.0235385 0.294546 0.00724501
FixedParameters: 0 0 0

#Transform 21
Transform: AffineTransform_float_3_3
Parameters: 1 4.11956e-05 -0.000255874 -4.0412e-05 0.999991 0.00409501 0.000255679 -0.00409499 0.999991 0.0196131 0.274369 0.0452139
FixedParameters: 0 0 0

#Transform 22
Transform: AffineTransform_float_3_3
Parameters: 1 0.00028084 0.000314799 -0.000281338 0.999993 0.00372191 -0.000313488 -0.00372209 0.999993 0.0485536 0.264983 -0.00688637
FixedParameters: 0 0 0

#Transform 23
Transform: AffineTransform_float_3_3
Parameters: 1 -9.23146e-06 -0.000442976 1.0416e-05 0.999992 0.00385736 0.000442761 -0.00385664 0.999993 0.0298464 0.292127 -0.0265921
FixedParameters: 0 0 0

#Transform 24
Transform: AffineTransform_float_3_3
Parameters: 0.999999 0.000421085 -0.000585696 -0.000418224 0.999993 0.00389025 0.000587511 -0.00388976 0.999993 0.0227 0.290485 -0.0299579
FixedParameters: 0 0 0

#Transform 25
Transform: AffineTransform_float_3_3
Parameters: 1 0.000411284 -0.00107553 -0.000406605 0.99999 0.00461044 0.00107718 -0.00460956 0.999989 -0.00960768 0.321324 -0.0256696
FixedParameters: 0 0 0

#Transform 26
Transform: AffineTransform_float_3_3
Parameters: 0.999999 0.000629213 -0.00108264 -0.000624669 0.999991 0.00427247 0.00108457 -0.00427253 0.99999 0.0205844 0.315027 -0.052352
FixedParameters: 0 0 0

#Transform 27
Transform: AffineTransform_float_3_3
Parameters: 1 0.000353303 -0.00106334 -0.000348818 0.99999 0.00438753 0.00106522 -0.00438747 0.99999 0.0195593 0.318404 -0.0634645
FixedParameters: 0 0 0

#Transform 28
Transform: AffineTransform_float_3_3
Parameters: 0.999999 0.000512435 -0.00123277 -0.000506528 0.999989 0.00467842 0.0012345 -0.00467858 0.999988 0.0055542 0.320362 -0.0350299
FixedParameters: 0 0 0

#Transform 29
Transform: AffineTransform_float_3_3
Parameters: 1 0.000578562 -0.000986451 -0.000574201 0.99999 0.00439757 0.00098901 -0.00439643 0.99999 0.00819832 0.31948 -0.0505989
FixedParameters: 0 0 0

#Transform 30
Transform: AffineTransform_float_3_3
Parameters: 1 0.000404061 -0.000963111 -0.000399392 0.99999 0.00446154 0.000965107 -0.00446146 0.99999 0.0392993 0.327975 -0.101936
FixedParameters: 0 0 0

#Transform 31
Transform: AffineTransform_float_3_3
Parameters: 0.999999 0.000605116 -0.000771396 -0.000600649 0.999986 0.00509162 0.000774635 -0.00509138 0.999987 0.0415282 0.336428 -0.142363
FixedParameters: 0 0 0

#Transform 32
Transform: AffineTransform_float_3_3
Parameters: 0.999999 0.000546574 -0.000680147 -0.000542877 0.99999 0.00453801 0.0006818 -0.00453799 0.999989 0.0123243 0.308517 -0.0635202
FixedParameters: 0 0 0

#Transform 33
Transform: AffineTransform_float_3_3
Parameters: 1 0.000425239 -0.000902484 -0.000420862 0.999989 0.00459854 0.000904785 -0.00459847 0.999989 0.0139784 0.319307 -0.0403752
FixedParameters: 0 0 0

#Transform 34
Transform: AffineTransform_float_3_3
Parameters: 1 0.00026563 -0.001 -0.000260099 0.999987 0.00518842 0.00100153 -0.00518859 0.999986 0.0164737 0.340183 -0.0418942
FixedParameters: 0 0 0

#Transform 35
Transform: AffineTransform_float_3_3
Parameters: 0.999999 0.00060934 -0.000719961 -0.000605261 0.999987 0.00518408 0.000723357 -0.00518392 0.999986 0.0198098 0.339677 -0.0299354
FixedParameters: 0 0 0

#Transform 36
Transform: AffineTransform_float_3_3
Parameters: 1 0.000612304 -0.000843177 -0.000607355 0.999983 0.00571831 0.000846721 -0.00571869 0.999983 0.0244249 0.369108 -0.0660873
FixedParameters: 0 0 0

#Transform 37
Transform: AffineTransform_float_3_3
Parameters: 0.999999 0.000246536 -0.000842859 -0.000241208 0.99998 0.00626836 0.000843798 -0.00626864 0.99998 0.0190922 0.37442 -0.039947
FixedParameters: 0 0 0

#Transform 38
Transform: AffineTransform_float_3_3
Parameters: 0.999999 0.00015757 -0.000751721 -0.000153457 0.999982 0.00596212 0.000752377 -0.00596188 0.999982 0.0160085 0.356164 -0.0334281
FixedParameters: 0 0 0

#Transform 39
Transform: AffineTransform_float_3_3
Parameters: 0.999999 0.000511739 -0.0011826 -0.000504642 0.999983 0.00576475 0.00118581 -0.00576425 0.999983 0.0251976 0.366786 -0.0486955
FixedParameters: 0 0 0

#Transform 40
Transform: AffineTransform_float_3_3
Parameters: 0.999999 0.000230243 -0.000855659 -0.000225548 0.999982 0.0061112 0.000857636 -0.00611081 0.999981 0.0143524 0.368356 -0.0118309
FixedParameters: 0 0 0

#Transform 41
Transform: AffineTransform_float_3_3
Parameters: 0.999999 0.000201721 -0.000826775 -0.000197539 0.999985 0.00546132 0.000827757 -0.00546168 0.999985 0.0247235 0.347291 -0.00996737
FixedParameters: 0 0 0

#Transform 42
Transform: AffineTransform_float_3_3
Parameters: 0.999999 -7.00242e-05 -0.000808476 7.48519e-05 0.999984 0.00574994 0.000807365 -0.00575006 0.999983 0.0238273 0.354887 0.0104628
FixedParameters: 0 0 0

#Transform 43
Transform: AffineTransform_float_3_3
Parameters: 1 -0.00030739 -0.00106701 0.000313396 0.999986 0.00540467 0.001066 -0.00540533 0.999985 0.0189248 0.340026 0.0539125
FixedParameters: 0 0 0

#Transform 44
Transform: AffineTransform_float_3_3
Parameters: 0.999999 0.000157181 -0.000874147 -0.000151671 0.999984 0.0057005 0.000875629 -0.00569951 0.999984 0.0183706 0.352706 0.0551869
FixedParameters: 0 0 0

#Transform 45
Transform: AffineTransform_float_3_3
Parameters: 1 3.23202e-05 -0.000345196 -2.99478e-05 0.999986 0.00533701 0.000344998 -0.00533699 0.999985 0.0477189 0.3471 0.00128254
FixedParameters: 0 0 0

#Transform 46
Transform: AffineTransform_float_3_3
Parameters: 0.999999 0.00041968 -0.000572265 -0.000416648 0.999986 0.00527039 0.000574693 -0.00527061 0.999986 0.0507573 0.349133 -0.00528259
FixedParameters: 0 0 0

#Transform 47
Transform: AffineTransform_float_3_3
Parameters: 0.999999 2.31016e-05 -0.000794085 -1.75914e-05 0.999981 0.00628002 0.000794062 -0.00627999 0.99998 0.0357538 0.371038 0.000601132
FixedParameters: 0 0 0

#Transform 48
Transform: AffineTransform_float_3_3
Parameters: 0.999999 -5.20686e-05 -0.000750825 5.6445e-05 0.99998 0.00623832 0.000751181 -0.00623768 0.99998 0.0439581 0.370061 -0.0304924
FixedParameters: 0 0 0

#Transform 49
Transform: AffineTransform_float_3_3
Parameters: 1 7.75386e-05 -0.000240307 -7.56548e-05 0.999978 0.00664102 0.000240795 -0.00664098 0.999978 0.0550079 0.390858 -0.00108112
FixedParameters: 0 0 0

#Transform 50
Transform: AffineTransform_float_3_3
Parameters: 1 -6.00378e-05 -0.000588211 6.33887e-05 0.99998 0.00631096 0.000588074 -0.00631104 0.99998 0.0269914 0.377791 0.0120953
FixedParameters: 0 0 0

#Transform 51
Transform: AffineTransform_float_3_3
Parameters: 1 0.000237928 -0.000593321 -0.000233511 0.999981 0.00625614 0.00059429 -0.00625586 0.999981 0.0174056 0.363021 -0.0259857
FixedParameters: 0 0 0

#Transform 52
Transform: AffineTransform_float_3_3
Parameters: 0.999999 -8.26688e-05 -0.000769499 8.80847e-05 0.999981 0.00616693 0.000769089 -0.00616706 0.99998 0.0411125 0.378758 0.0263231
FixedParameters: 0 0 0

#Transform 53
Transform: AffineTransform_float_3_3
Parameters: 0.999999 -0.000365467 -0.00074146 0.00037037 0.99998 0.00642173 0.000738688 -0.00642227 0.999979 0.0547217 0.381556 0.0155638
FixedParameters: 0 0 0

#Transform 54
Transform: AffineTransform_float_3_3
Parameters: 1 -0.000330077 -0.00112239 0.000338122 0.999978 0.00663599 0.00111977 -0.00663602 0.999978 0.0418482 0.387336 0.00746653
FixedParameters: 0 0 0

#Transform 55
Transform: AffineTransform_float_3_3
Parameters: 0.999999 -0.000482169 -0.00124535 0.00049021 0.999979 0.0065614 0.00124248 -0.00656261 0.999977 0.038305 0.378638 0.0271648
FixedParameters: 0 0 0

#Transform 56
Transform: AffineTransform_float_3_3
Parameters: 0.999999 -0.000363915 -0.000854784 0.00036943 0.999979 0.00646569 0.000852386 -0.00646631 0.999978 0.046821 0.377441 0.0748995
FixedParameters: 0 0 0

#Transform 57
Transform: AffineTransform_float_3_3
Parameters: 1 2.91129e-05 -0.000455233 -2.53814e-05 0.999978 0.00654837 0.000455451 -0.00654763 0.999979 0.0419979 0.373579 0.0668841
FixedParameters: 0 0 0

#Transform 58
Transform: AffineTransform_float_3_3
Parameters: 0.999999 -0.000176329 -0.00094714 0.000182932 0.999981 0.00612498 0.000945973 -0.00612602 0.999981 0.0281343 0.368466 0.0592355
FixedParameters: 0 0 0

#Transform 59
Transform: AffineTransform_float_3_3
Parameters: 1 -0.000444991 -0.000918473 0.000449816 0.999981 0.00614344 0.000915711 -0.00614356 0.99998 0.0415883 0.381905 0.0421095
FixedParameters: 0 0 0

#Transform 60
Transform: AffineTransform_float_3_3
Parameters: 0.999999 -0.000439469 -0.000898037 0.000445368 0.999979 0.00637096 0.000894744 -0.00637104 0.999979 0.0454762 0.374738 0.0345569
FixedParameters: 0 0 0

#Transform 61
Transform: AffineTransform_float_3_3
Parameters: 1 -0.000448379 -0.00109476 0.000455844 0.999977 0.00678187 0.00109175 -0.00678214 0.999977 0.0416915 0.372161 0.0277686
FixedParameters: 0 0 0

#Transform 62
Transform: AffineTransform_float_3_3
Parameters: 1 -0.000370075 -0.000375467 0.00037237 0.999981 0.00623407 0.000372931 -0.00623293 0.99998 0.0427947 0.360508 0.00888355
FixedParameters: 0 0 0

#Transform 63
Transform: AffineTransform_float_3_3
Parameters: 0.999999 -0.000323402 -0.000773082 0.000328704 0.99998 0.00641475 0.000770853 -0.00641525 0.999979 0.0212103 0.383401 0.021495
FixedParameters: 0 0 0

#Transform 64
Transform: AffineTransform_float_3_3
Parameters: 0.999999 -0.000335337 -0.00077569 0.000340648 0.99998 0.00639974 0.000773317 -0.00640027 0.999979 0.047939 0.380751 0.0284698
FixedParameters: 0 0 0

#Transform 65
Transform: AffineTransform_float_3_3
Parameters: 1 -0.000352085 -0.00050438 0.000355459 0.999978 0.00662182 0.000502178 -0.00662218 0.999978 0.0495515 0.378083 0.0256041
FixedParameters: 0 0 0

#Transform 66
Transform: AffineTransform_float_3_3
Parameters: 0.999999 -0.000624798 -0.000722273 0.000629711 0.999978 0.00670255 0.000718049 -0.00670346 0.999978 0.045191 0.388761 0.0411557
FixedParameters: 0 0 0

#Transform 67
Transform: AffineTransform_float_3_3
Parameters: 0.999999 -0.000664995 -0.000536128 0.000667356 0.999983 0.00578649 0.000532213 -0.00578651 0.999983 0.0209068 0.351238 0.0463658
FixedParameters: 0 0 0

#Transform 68
Transform: AffineTransform_float_3_3
Parameters: 0.999999 -0.000811949 -0.000109471 0.000812892 0.999983 0.00569891 0.000104674 -0.00569908 0.999984 0.0785081 0.345236 0.0551007
FixedParameters: 0 0 0

#Transform 69
Transform: AffineTransform_float_3_3
Parameters: 1 -0.000335281 -0.000396562 0.000338212 0.999977 0.00670523 0.000394139 -0.00670477 0.999978 0.0426938 0.387898 0.066801
FixedParameters: 0 0 0

#Transform 70
Transform: AffineTransform_float_3_3
Parameters: 1 -0.000300208 -0.000507598 0.000303446 0.999976 0.00683421 0.000505036 -0.00683379 0.999977 0.0461265 0.39619 0.0662081
FixedParameters: 0 0 0

#Transform 71
Transform: AffineTransform_float_3_3
Parameters: 0.999999 -0.000445889 -0.000636516 0.000450479 0.999976 0.00693171 0.000633177 -0.00693228 0.999976 0.0302138 0.396164 0.123852
FixedParameters: 0 0 0

#Transform 72
Transform: AffineTransform_float_3_3
Parameters: 1 -0.000766026 -0.00073051 0.000771134 0.999978 0.0064958 0.00072563 -0.0064962 0.999979 0.0546998 0.371944 0.121936
FixedParameters: 0 0 0

#Transform 73
Transform: AffineTransform_float_3_3
Parameters: 1 -0.000828848 -0.000522671 0.000830947 0.999985 0.00530956 0.000518573 -0.00531043 0.999986 0.0599668 0.33465 0.211852
FixedParameters: 0 0 0

#Transform 74
Transform: AffineTransform_float_3_3
Parameters: 0.999999 -0.00095381 -0.000212479 0.000954862 0.999985 0.0053628 0.000207097 -0.0053632 0.999986 0.0445984 0.329181 0.244299
FixedParameters: 0 0 0

#Transform 75
Transform: AffineTransform_float_3_3
Parameters: 0.999999 -0.00143561 -0.000120573 0.00143685 0.999984 0.00542648 0.0001126 -0.00542753 0.999986 0.0697398 0.327329 0.247423
FixedParameters: 0 0 0

#Transform 76
Transform: AffineTransform_float_3_3
Parameters: 0.999998 -0.0016089 8.19587e-05 0.00160833 0.999984 0.00541763 -9.0852e-05 -0.00541737 0.999985 0.0921965 0.324605 0.211823
FixedParameters: 0 0 0

#Transform 77
Transform: AffineTransform_float_3_3
Parameters: 0.999999 -0.00143075 0.000316124 0.00142938 0.999984 0.0055811 -0.000324332 -0.00558091 0.999985 0.0800021 0.330577 0.134405
FixedParameters: 0 0 0

#Transform 78
Transform: AffineTransform_float_3_3
Parameters: 1 0.000766732 0.000863224 -0.00076897 0.999994 0.0032067 -0.000860782 -0.0032073 0.999995 0.030297 0.283924 0.125553
FixedParameters: 0 0 0

#Transform 79
Transform: AffineTransform_float_3_3
Parameters: 0.999999 -0.000912234 0.00150723 0.000907246 0.999993 0.00352068 -0.0015106 -0.00351932 0.999993 0.0714991 0.270878 0.235967
FixedParameters: 0 0 0

#Transform 80
Transform: AffineTransform_float_3_3
Parameters: 0.999999 -0.00089447 0.00121428 0.000890284 0.999993 0.00366088 -0.00121738 -0.00366012 0.999993 0.0788918 0.288221 0.166512
FixedParameters: 0 0 0

#Transform 81
Transform: AffineTransform_float_3_3
Parameters: 0.999998 -0.00185843 0.00124642 0.00185376 0.99999 0.00401175 -0.00125381 -0.00400924 0.999991 0.136975 0.280809 0.141878
FixedParameters: 0 0 0

#Transform 82
Transform: AffineTransform_float_3_3
Parameters: 0.999998 -0.00155218 0.00132977 0.0015479 0.999991 0.0038165 -0.0013354 -0.0038145 0.999991 0.1245 0.279461 0.150724
FixedParameters: 0 0 0

#Transform 83
Transform: AffineTransform_float_3_3
Parameters: 0.999999 -0.00148684 0.000327569 0.00148576 0.999986 0.00495913 -0.000334556 -0.00495886 0.999987 0.123396 0.318266 0.198968
FixedParameters: 0 0 0

#Transform 84
Transform: AffineTransform_float_3_3
Parameters: 1 -0.00010537 0.000503081 0.000103878 0.999993 0.00369805 -0.000503716 -0.00369795 0.999993 0.0709798 0.301926 0.164208
FixedParameters: 0 0 0

#Transform 85
Transform: AffineTransform_float_3_3
Parameters: 0.999999 -0.000654317 0.00168508 0.000647339 0.999991 0.00440189 -0.00168763 -0.00440111 0.999988 0.104165 0.310468 0.17446
FixedParameters: 0 0 0

#Transform 86
Transform: AffineTransform_float_3_3
Parameters: 0.999998 -0.00175632 0.00154929 0.00174984 0.99999 0.00410831 -0.00155658 -0.00410569 0.999991 0.153592 0.288492 0.186737
FixedParameters: 0 0 0

#Transform 87
Transform: AffineTransform_float_3_3
Parameters: 0.999998 -0.00122194 0.00168297 0.00121459 0.999991 0.004086 -0.00168804 -0.004084 0.99999 0.112411 0.289768 0.202797
FixedParameters: 0 0 0

#Transform 88
Transform: AffineTransform_float_3_3
Parameters: 0.999997 -0.000970712 0.00229212 0.000960572 0.999989 0.00469668 -0.00229734 -0.00469433 0.999987 0.134795 0.326125 0.159335
FixedParameters: 0 0 0

#Transform 89
Transform: AffineTransform_float_3_3
Parameters: 0.999998 -0.00109221 0.00116587 0.00108679 0.999989 0.00450306 -0.00117133 -0.00450193 0.999989 0.142252 0.318795 0.120425
FixedParameters: 0 0 0

#Transform 90
Transform: AffineTransform_float_3_3
Parameters: 0.999997 -0.00154418 0.00148068 0.00153634 0.999986 0.00519872 -0.00148905 -0.00519628 0.999985 0.125136 0.315058 0.147419
FixedParameters: 0 0 0

#Transform 91
Transform: AffineTransform_float_3_3
Parameters: 0.999998 -0.00161778 0.00130221 0.00161119 0.999985 0.00522455 -0.00131012 -0.00522246 0.999986 0.117058 0.332222 0.172758
FixedParameters: 0 0 0

#Transform 92
Transform: AffineTransform_float_3_3
Parameters: 0.999997 -0.00146853 0.00161431 0.00146099 0.999986 0.00496232 -0.00162159 -0.00495968 0.999987 0.115972 0.319908 0.163676
FixedParameters: 0 0 0

#Transform 93
Transform: AffineTransform_float_3_3
Parameters: 0.999997 -0.00152355 0.00152814 0.00151619 0.999989 0.00432827 -0.0015351 -0.00432572 0.99999 0.142359 0.307333 0.170639
FixedParameters: 0 0 0

#Transform 94
Transform: AffineTransform_float_3_3
Parameters: 0.999997 -0.00154565 0.001475 0.00153981 0.99999 0.00410307 -0.00148054 -0.00409993 0.999991 0.149729 0.308242 0.141477
FixedParameters: 0 0 0

#Transform 95
Transform: AffineTransform_float_3_3
Parameters: 0.999998 -0.00130766 0.00147959 0.00130119 0.999989 0.00448152 -0.00148548 -0.00448048 0.999989 0.1311 0.320308 0.141001
FixedParameters: 0 0 0

#Transform 96
Transform: AffineTransform_float_3_3
Parameters: 0.999999 -0.00148419 0.00111869 0.00147814 0.999987 0.00508394 -0.00112624 -0.00508206 0.999986 0.10124 0.333022 0.137204
FixedParameters: 0 0 0

#Transform 97
Transform: AffineTransform_float_3_3
Parameters: 0.999999 -0.00167805 0.000818603 0.0016735 0.999987 0.00490166 -0.000826745 -0.00490034 0.999988 0.133775 0.33877 0.115177
FixedParameters: 0 0 0

#Transform 98
Transform: AffineTransform_float_3_3
Parameters: 0.999999 -0.00156673 0.000942375 0.00156193 0.999984 0.00536576 -0.000951657 -0.00536423 0.999985 0.137393 0.349782 0.0930417
FixedParameters: 0 0 0

#Transform 99
Transform: AffineTransform_float_3_3
Parameters: 0.999998 -0.00162274 0.00120716 0.00161726 0.999986 0.00501875 -0.00121539 -0.00501624 0.999987 0.135859 0.331359 0.120525
FixedParameters: 0 0 0

#Transform 100
Transform: AffineTransform_float_3_3
Parameters: 0.999999 -0.00151076 0.00107657 0.00150511 0.999983 0.00569806 -0.00108572 -0.00569693 0.999983 0.126218 0.356152 0.141151
FixedParameters: 0 0 0

#Transform 101
Transform: AffineTransform_float_3_3
Parameters: 0.999998 -0.00167362 0.00114231 0.00166848 0.999987 0.00474835 -0.00114976 -0.00474665 0.999988 0.142442 0.31366 0.1256
FixedParameters: 0 0 0

#Transform 102
Transform: AffineTransform_float_3_3
Parameters: 0.999998 -0.00153758 0.00165536 0.00153311 0.999993 0.00340513 -0.00166001 -0.00340287 0.999993 0.124758 0.282234 0.144955
FixedParameters: 0 0 0

#Transform 103
Transform: AffineTransform_float_3_3
Parameters: 0.999997 -0.00231891 0.00140145 0.00231547 0.999993 0.00299633 -0.00140875 -0.00299267 0.999995 0.134069 0.262767 0.150747
FixedParameters: 0 0 0

#Transform 104
Transform: AffineTransform_float_3_3
Parameters: 0.999998 -0.00206888 0.000933717 0.00206461 0.999988 0.00435722 -0.000942518 -0.00435478 0.99999 0.149845 0.295453 0.113683
FixedParameters: 0 0 0

#Transform 105
Transform: AffineTransform_float_3_3
Parameters: 0.999997 -0.00208968 0.00113504 0.00208421 0.999987 0.00451945 -0.00114509 -0.00451754 0.999989 0.162445 0.306538 0.122027
FixedParameters: 0 0 0

#Transform 106
Transform: AffineTransform_float_3_3
Parameters: 0.999996 -0.00238536 0.00135591 0.00237937 0.999986 0.00473996 -0.0013673 -0.00473704 0.999988 0.176836 0.321951 0.148952
FixedParameters: 0 0 0

#Transform 107
Transform: AffineTransform_float_3_3
Parameters: 0.999998 -0.00164092 0.00154833 0.0016327 0.999982 0.00564013 -0.0015577 -0.00563787 0.999983 0.120338 0.332605 0.220599
FixedParameters: 0 0 0

#Transform 108
Transform: AffineTransform_float_3_3
Parameters: 0.999997 -0.00199037 0.00158914 0.00198327 0.999988 0.00444239 -0.00159783 -0.00443961 0.999989 0.152576 0.318227 0.219473
FixedParameters: 0 0 0

#Transform 109
Transform: AffineTransform_float_3_3
Parameters: 0.999996 -0.0024111 0.00104863 0.002406 0.999983 0.00526046 -0.00106238 -0.00525753 0.999986 0.161001 0.337225 0.213365
FixedParameters: 0 0 0

#Transform 110
Transform: AffineTransform_float_3_3
Parameters: 0.999996 -0.00219132 0.00130981 0.00218456 0.999984 0.00535244 -0.00132112 -0.00534956 0.999984 0.134423 0.340423 0.21175
FixedParameters: 0 0 0

#Transform 111
Transform: AffineTransform_float_3_3
Parameters: 0.999996 -0.00219061 0.00131212 0.00218253 0.99998 0.00598296 -0.00132526 -0.00598004 0.999981 0.150392 0.36006 0.254499
FixedParameters: 0 0 0

#Transform 112
Transform: AffineTransform_float_3_3
Parameters: 0.999996 -0.00246923 0.00129353 0.00246132 0.99998 0.00579892 -0.00130778 -0.00579608 0.999983 0.164454 0.343819 0.236443
FixedParameters: 0 0 0

#Transform 113
Transform: AffineTransform_float_3_3
Parameters: 0.999996 -0.00260395 0.00130817 0.0025964 0.999981 0.00559598 -0.00132293 -0.00559202 0.999984 0.145612 0.349871 0.225622
FixedParameters: 0 0 0

#Transform 114
Transform: AffineTransform_float_3_3
Parameters: 0.999997 -0.00226662 0.00112977 0.0022598 0.999983 0.00541265 -0.00114138 -0.00541036 0.999985 0.120444 0.345712 0.319682
FixedParameters: 0 0 0

#Transform 115
Transform: AffineTransform_float_3_3
Parameters: 0.999996 -0.00290378 0.000905114 0.00289963 0.999984 0.00476969 -0.00091951 -0.0047673 0.999988 0.161651 0.336522 0.255043
FixedParameters: 0 0 0

#Transform 116
Transform: AffineTransform_float_3_3
Parameters: 0.999996 -0.00269221 0.000874526 0.0026883 0.999985 0.00458393 -0.000886828 -0.00458206 0.999989 0.135845 0.326802 0.24536
FixedParameters: 0 0 0

#Transform 117
Transform: AffineTransform_float_3_3
Parameters: 0.999996 -0.00263302 0.000847338 0.0026286 0.999983 0.00501817 -0.000861379 -0.00501583 0.999988 0.150438 0.342449 0.231736
FixedParameters: 0 0 0

#Transform 118
Transform: AffineTransform_float_3_3
Parameters: 0.999996 -0.00291824 0.000870059 0.00291316 0.999981 0.00540397 -0.000886053 -0.00540103 0.999985 0.153209 0.356062 0.267911
FixedParameters: 0 0 0

#Transform 119
Transform: AffineTransform_float_3_3
Parameters: 0.999996 -0.00295564 0.00078065 0.00295157 0.999981 0.00537522 -0.000796886 -0.00537277 0.999985 0.161739 0.343325 0.261429
FixedParameters: 0 0 0

#Transform 120
Transform: AffineTransform_float_3_3
Parameters: 0.999996 -0.00298731 0.000704821 0.00298305 0.99998 0.00543453 -0.000721361 -0.00543246 0.999985 0.16063 0.349967 0.291298
FixedParameters: 0 0 0

#Transform 121
Transform: AffineTransform_float_3_3
Parameters: 0.999994 -0.00311594 0.000905424 0.00311107 0.999981 0.00529089 -0.000921932 -0.0052881 0.999986 0.142447 0.344332 0.321375
FixedParameters: 0 0 0

#Transform 122
Transform: AffineTransform_float_3_3
Parameters: 0.999994 -0.00344052 0.000721304 0.00343599 0.999975 0.00619005 -0.000742969 -0.00618794 0.99998 0.162053 0.382164 0.365513
FixedParameters: 0 0 0

#Transform 123
Transform: AffineTransform_float_3_3
Parameters: 0.999994 -0.00316981 0.00153343 0.00316148 0.99998 0.00540988 -0.00155057 -0.00540513 0.999985 0.194929 0.345904 0.268455
FixedParameters: 0 0 0

#Transform 124
Transform: AffineTransform_float_3_3
Parameters: 0.999994 -0.00333749 0.00113267 0.00333189 0.999982 0.00496249 -0.00114971 -0.0049585 0.999987 0.212013 0.341625 0.263321
FixedParameters: 0 0 0

#Transform 125
Transform: AffineTransform_float_3_3
Parameters: 0.999994 -0.00321377 0.0012676 0.00320628 0.999981 0.00518078 -0.00128481 -0.00517621 0.999985 0.182165 0.347031 0.251901
FixedParameters: 0 0 0

#Transform 126
Transform: AffineTransform_float_3_3
Parameters: 0.999994 -0.00336552 0.00106525 0.00336053 0.999979 0.00553294 -0.00108366 -0.00553006 0.999984 0.169312 0.363795 0.276836
FixedParameters: 0 0 0

#Transform 127
Transform: AffineTransform_float_3_3
Parameters: 0.999993 -0.00339479 0.000995648 0.00338972 0.999981 0.00510909 -0.00101295 -0.0051059 0.999986 0.174871 0.351334 0.297289
FixedParameters: 0 0 0

#Transform 128
Transform: AffineTransform_float_3_3
Parameters: 0.999993 -0.0034203 0.000934162 0.0034154 0.999979 0.00555477 -0.00095385 -0.00555124 0.999984 0.186753 0.349045 0.284206
FixedParameters: 0 0 0

#Transform 129
Transform: AffineTransform_float_3_3
Parameters: 0.999993 -0.00341321 0.000950832 0.00340803 0.999977 0.00580697 -0.000971241 -0.00580403 0.999983 0.186174 0.371483 0.242227
FixedParameters: 0 0 0

#Transform 130
Transform: AffineTransform_float_3_3
Parameters: 0.999994 -0.00334093 0.00112358 0.00333432 0.999975 0.00630247 -0.00114499 -0.00629852 0.99998 0.175636 0.38548 0.263832
FixedParameters: 0 0 0

#Transform 131
Transform: AffineTransform_float_3_3
Parameters: 0.999994 -0.00326502 0.00111062 0.00325717 0.999973 0.00651634 -0.00113208 -0.00651265 0.999978 0.182253 0.393119 0.282964
FixedParameters: 0 0 0

#Transform 132
Transform: AffineTransform_float_3_3
Parameters: 0.999993 -0.00356808 0.00151674 0.00355975 0.999979 0.00541692 -0.001536 -0.00541108 0.999984 0.19788 0.336932 0.243915
FixedParameters: 0 0 0

#Transform 133
Transform: AffineTransform_float_3_3
Parameters: 0.999994 -0.00334906 0.000930602 0.00334323 0.999978 0.00579084 -0.000949765 -0.00578817 0.999983 0.187729 0.358718 0.230472
FixedParameters: 0 0 0

#Transform 134
Transform: AffineTransform_float_3_3
Parameters: 0.999995 -0.00337319 0.00030858 0.0033719 0.99998 0.00525481 -0.000326421 -0.00525418 0.999986 0.190042 0.337019 0.221658
FixedParameters: 0 0 0

#Transform 135
Transform: AffineTransform_float_3_3
Parameters: 0.999994 -0.00319076 0.000829498 0.00318687 0.999978 0.00587736 -0.000847785 -0.00587564 0.999982 0.167722 0.358181 0.247197
FixedParameters: 0 0 0

#Transform 136
Transform: AffineTransform_float_3_3
Parameters: 0.999994 -0.00333835 0.000718004 0.003335 0.999979 0.00550596 -0.000736079 -0.00550404 0.999984 0.167448 0.3516 0.251288
FixedParameters: 0 0 0

#Transform 137
Transform: AffineTransform_float_3_3
Parameters: 0.999994 -0.00315294 0.000919731 0.00314732 0.999976 0.00623362 -0.000939806 -0.00623138 0.99998 0.180658 0.372904 0.300037
FixedParameters: 0 0 0

#Transform 138
Transform: AffineTransform_float_3_3
Parameters: 0.999993 -0.00353908 -4.55718e-06 0.00353907 0.999976 0.00583597 -1.61359e-05 -0.00583603 0.999983 0.167629 0.356941 0.284657
FixedParameters: 0 0 0

#Transform 139
Transform: AffineTransform_float_3_3
Parameters: 0.999995 -0.00332711 0.000504816 0.00332454 0.999982 0.00500345 -0.0005218 -0.00500155 0.999987 0.201947 0.354907 0.249073
FixedParameters: 0 0 0

#Transform 140
Transform: AffineTransform_float_3_3
Parameters: 0.999993 -0.00364624 0.00093057 0.00364114 0.99998 0.00540445 -0.000950358 -0.00540055 0.999985 0.182504 0.347079 0.273739
FixedParameters: 0 0 0

#Transform 141
Transform: AffineTransform_float_3_3
Parameters: 0.999994 -0.00341005 0.000903867 0.00340443 0.999977 0.00584065 -0.000924075 -0.00583735 0.999982 0.164917 0.36977 0.275001
FixedParameters: 0 0 0

#Transform 142
Transform: AffineTransform_float_3_3
Parameters: 0.999994 -0.00316948 0.000930041 0.0031642 0.99998 0.00557987 -0.00094802 -0.00557613 0.999984 0.176784 0.342192 0.23359
FixedParameters: 0 0 0

#Transform 143
Transform: AffineTransform_float_3_3
Parameters: 0.999994 -0.00345405 0.000618324 0.00345102 0.999981 0.0050947 -0.000635367 -0.0050933 0.999987 0.190617 0.327714 0.246958
FixedParameters: 0 0 0

#Transform 144
Transform: AffineTransform_float_3_3
Parameters: 0.999992 -0.0037799 0.00061165 0.00377641 0.99998 0.00508037 -0.000630589 -0.00507863 0.999987 0.195411 0.340207 0.249621
FixedParameters: 0 0 0

#Transform 145
Transform: AffineTransform_float_3_3
Parameters: 0.999993 -0.00371666 0.000762559 0.0037124 0.99998 0.00518225 -0.000781993 -0.00517875 0.999986 0.176494 0.345666 0.265629
FixedParameters: 0 0 0

#Transform 146
Transform: AffineTransform_float_3_3
Parameters: 0.999993 -0.00367704 0.000857781 0.00367286 0.999981 0.00487636 -0.000875871 -0.00487364 0.999988 0.165361 0.323757 0.261545
FixedParameters: 0 0 0

#Transform 147
Transform: AffineTransform_float_3_3
Parameters: 0.999992 -0.00402574 0.000446164 0.00402403 0.999985 0.00342369 -0.000460189 -0.0034223 0.999994 0.173706 0.285924 0.247656
FixedParameters: 0 0 0

#Transform 148
Transform: AffineTransform_float_3_3
Parameters: 0.999991 -0.00421146 0.000741956 0.00421012 0.999988 0.00253866 -0.000752415 -0.00253534 0.999997 0.199472 0.253932 0.316655
FixedParameters: 0 0 0

#Transform 149
Transform: AffineTransform_float_3_3
Parameters: 0.999993 -0.00372572 0.000722578 0.00372172 0.999979 0.00528375 -0.000742867 -0.00528124 0.999986 0.19306 0.351304 0.275262
FixedParameters: 0 0 0

#Transform 150
Transform: AffineTransform_float_3_3
Parameters: 0.999992 -0.00388897 0.000757299 0.0038854 0.999978 0.005274 -0.000777396 -0.00527099 0.999986 0.189978 0.349983 0.281496
FixedParameters: 0 0 0

#Transform 151
Transform: AffineTransform_float_3_3
Parameters: 0.999991 -0.00415247 0.000876342 0.00414809 0.999977 0.00523934 -0.000898002 -0.00523565 0.999986 0.192908 0.358786 0.258963
FixedParameters: 0 0 0

#Transform 152
Transform: AffineTransform_float_3_3
Parameters: 0.999992 -0.00406419 0.00085883 0.00405952 0.999976 0.00550519 -0.000881725 -0.00550179 0.999984 0.197067 0.365085 0.30167
FixedParameters: 0 0 0

#Transform 153
Transform: AffineTransform_float_3_3
Parameters: 0.999991 -0.00409443 0.000993237 0.00408865 0.999974 0.00590278 -0.00101695 -0.00589822 0.999982 0.195987 0.364223 0.327589
FixedParameters: 0 0 0

#Transform 154
Transform: AffineTransform_float_3_3
Parameters: 0.999991 -0.00397456 0.0010813 0.00396842 0.999978 0.00530315 -0.00110291 -0.00529884 0.999985 0.194884 0.345337 0.321434
FixedParameters: 0 0 0

#Transform 155
Transform: AffineTransform_float_3_3
Parameters: 0.999991 -0.00417215 0.000821374 0.0041673 0.999977 0.00531162 -0.000843453 -0.00530837 0.999985 0.197545 0.349615 0.314856
FixedParameters: 0 0 0

#Transform 156
Transform: AffineTransform_float_3_3
Parameters: 0.999989 -0.00466995 0.000690728 0.00466654 0.999974 0.00544292 -0.000716176 -0.00544007 0.999985 0.189746 0.362882 0.301057
FixedParameters: 0 0 0

#Transform 157
Transform: AffineTransform_float_3_3
Parameters: 0.999991 -0.00418892 0.000642005 0.00418528 0.999974 0.0060291 -0.000667124 -0.0060259 0.999982 0.201086 0.37536 0.289921
FixedParameters: 0 0 0

#Transform 158
Transform: AffineTransform_float_3_3
Parameters: 0.99999 -0.00429732 0.000714957 0.00429299 0.999973 0.00589448 -0.000740219 -0.00589051 0.999982 0.199195 0.367019 0.3197
FixedParameters: 0 0 0

#Transform 159
Transform: AffineTransform_float_3_3
Parameters: 0.999991 -0.00433216 0.000642175 0.00432882 0.999974 0.00579683 -0.000667013 -0.00579416 0.999983 0.190628 0.366722 0.3477
FixedParameters: 0 0 0

#Transform 160
Transform: AffineTransform_float_3_3
Parameters: 0.999989 -0.0046853 -0.000201526 0.00468625 0.999972 0.00594223 0.000173537 -0.00594277 0.999982 0.21244 0.375378 0.361952
FixedParameters: 0 0 0

#Transform 161
Transform: AffineTransform_float_3_3
Parameters: 0.999989 -0.00469955 0.000563254 0.00469607 0.99997 0.00610756 -0.000591724 -0.00610444 0.999982 0.212295 0.367578 0.357804
FixedParameters: 0 0 0

#Transform 162
Transform: AffineTransform_float_3_3
Parameters: 0.999989 -0.00449377 0.000624447 0.00449049 0.999969 0.00639987 -0.000652504 -0.00639713 0.999979 0.196187 0.385159 0.374532
FixedParameters: 0 0 0

#Transform 163
Transform: AffineTransform_float_3_3
Parameters: 0.999989 -0.00454042 0.000677732 0.0045369 0.999972 0.00589913 -0.000704989 -0.00589586 0.999982 0.205493 0.367526 0.386238
FixedParameters: 0 0 0

#Transform 164
Transform: AffineTransform_float_3_3
Parameters: 0.999991 -0.00429998 0.000840164 0.00429436 0.999972 0.00624082 -0.000866587 -0.00623718 0.99998 0.203462 0.372525 0.363543
FixedParameters: 0 0 0

#Transform 165
Transform: AffineTransform_float_3_3
Parameters: 0.999988 -0.00468464 0.00100158 0.00467777 0.99997 0.00605455 -0.00103012 -0.00604945 0.999981 0.224768 0.380504 0.379129
FixedParameters: 0 0 0

#Transform 166
Transform: AffineTransform_float_3_3
Parameters: 0.99999 -0.00446069 0.000629178 0.0044569 0.999971 0.00614786 -0.000656402 -0.00614513 0.99998 0.216092 0.370962 0.339384
FixedParameters: 0 0 0

#Transform 167
Transform: AffineTransform_float_3_3
Parameters: 0.999991 -0.00417775 0.000461942 0.00417576 0.999975 0.00574749 -0.000486435 -0.00574651 0.999984 0.244319 0.360475 0.258273
FixedParameters: 0 0 0

#Transform 168
Transform: AffineTransform_float_3_3
Parameters: 0.999989 -0.00456543 0.00115079 0.00456085 0.999982 0.00398772 -0.0011685 -0.00398228 0.999991 0.207146 0.281324 0.347628
FixedParameters: 0 0 0

#Transform 169
Transform: AffineTransform_float_3_3
Parameters: 0.999989 -0.00464636 0.00131163 0.00464032 0.99998 0.00420172 -0.00133104 -0.00419528 0.99999 0.222568 0.306521 0.337425
FixedParameters: 0 0 0

#Transform 170
Transform: AffineTransform_float_3_3
Parameters: 0.999989 -0.00455832 0.00124038 0.00455179 0.999975 0.00540629 -0.00126543 -0.00540071 0.999985 0.224457 0.349757 0.33232
FixedParameters: 0 0 0

#Transform 171
Transform: AffineTransform_float_3_3
Parameters: 0.999988 -0.00474873 0.00101889 0.00474419 0.999976 0.00515533 -0.00104323 -0.00515068 0.999987 0.223507 0.341562 0.377853
FixedParameters: 0 0 0

#Transform 172
Transform: AffineTransform_float_3_3
Parameters: 0.999988 -0.00461332 0.00151607 0.00460545 0.999976 0.00517278 -0.00153993 -0.00516522 0.999986 0.238279 0.351515 0.381384
FixedParameters: 0 0 0

#Transform 173
Transform: AffineTransform_float_3_3
Parameters: 0.999988 -0.00487852 0.00120808 0.00487203 0.999973 0.00547102 -0.00123498 -0.00546497 0.999984 0.21769 0.342925 0.338143
FixedParameters: 0 0 0

#Transform 174
Transform: AffineTransform_float_3_3
Parameters: 0.999986 -0.0049998 0.00140552 0.00499175 0.999973 0.00539596 -0.00143206 -0.00538905 0.999985 0.24548 0.342611 0.346675
FixedParameters: 0 0 0

#Transform 175
Transform: AffineTransform_float_3_3
Parameters: 0.999987 -0.00497551 0.00160333 0.00496725 0.999972 0.00561406 -0.00163071 -0.00560594 0.999983 0.259911 0.351531 0.332102
FixedParameters: 0 0 0

#Transform 176
Transform: AffineTransform_float_3_3
Parameters: 0.999988 -0.00474167 0.00130926 0.00473344 0.999972 0.00585349 -0.00133736 -0.0058475 0.999982 0.222993 0.366436 0.338555
FixedParameters: 0 0 0

#Transform 177
Transform: AffineTransform_float_3_3
Parameters: 0.999994 -0.00267822 0.00221665 0.00266577 0.999981 0.00541775 -0.00223098 -0.00541224 0.999983 0.180922 0.37153 0.34086
FixedParameters: 0 0 0

#Transform 178
Transform: AffineTransform_float_3_3
Parameters: 0.999991 -0.00378198 0.00196441 0.00377137 0.999977 0.00553337 -0.00198487 -0.00552562 0.999982 0.216973 0.365628 0.356253
FixedParameters: 0 0 0

#Transform 179
Transform: AffineTransform_float_3_3
Parameters: 0.999994 -0.00273982 0.00243316 0.00272491 0.99998 0.00570848 -0.0024492 -0.00570151 0.999981 0.198043 0.379211 0.320638
FixedParameters: 0 0 0
