# transform file /out/sourcedata/freesurfer/sub-v1s10x0050979_ses-1/mri/transforms/cc_up.lta
# created by oesteban on Thu Mar 12 02:37:33 2026

type      = 0 # LINEAR_VOX_TO_VOX
nxforms   = 1
mean      = 129.0000 131.0000 109.0000
sigma     = 10000.0000
1 4 4
9.910382628440857e-01 -5.893330276012421e-02 -1.198751851916313e-01 2.215310096740723e+01 
5.850684270262718e-02 9.982619285583496e-01 -7.076940499246120e-03 2.544039487838745e+00 
1.200839057564735e-01 0.000000000000000e+00 9.927637577056885e-01 1.863232994079590e+01 
0.000000000000000e+00 0.000000000000000e+00 0.000000000000000e+00 1.000000000000000e+00 
src volume info
valid = 1  # volume info valid
filename = /out/sourcedata/freesurfer/sub-v1s10x0050979_ses-1/mri/norm.mgz
volume = 256 256 256
voxelsize = 1.000000000000000e+00 1.000000000000000e+00 1.000000000000000e+00
xras   = -1.000000000000000e+00 0.000000000000000e+00 0.000000000000000e+00
yras   = 0.000000000000000e+00 0.000000000000000e+00 -1.000000000000000e+00
zras   = 0.000000000000000e+00 1.000000000000000e+00 0.000000000000000e+00
cras   = 7.171142578125000e+00 1.000000000000000e+00 -2.614456176757812e+00
dst volume info
valid = 1  # volume info valid
filename = /out/sourcedata/freesurfer/sub-v1s10x0050979_ses-1/mri/norm.mgz
volume = 256 256 256
voxelsize = 1.000000000000000e+00 1.000000000000000e+00 1.000000000000000e+00
xras   = -1.000000000000000e+00 0.000000000000000e+00 0.000000000000000e+00
yras   = 0.000000000000000e+00 0.000000000000000e+00 -1.000000000000000e+00
zras   = 0.000000000000000e+00 1.000000000000000e+00 0.000000000000000e+00
cras   = 7.171142578125000e+00 1.000000000000000e+00 -2.614456176757812e+00
