#Insight Transform File V1.0
#Transform 0
Transform: AffineTransform_float_3_3
Parameters: 1 0.000331794 0.000451197 -0.000331594 1 -0.000221302 -0.000451344 0.000221698 0.999999 0.048021 -0.199633 -0.284259
FixedParameters: 0 0 0

#Transform 1
Transform: AffineTransform_float_3_3
Parameters: 1 0.00020003 0.000259549 -0.000200496 0.999999 0.000897947 -0.000259189 -0.000898051 0.999999 -0.0037371 0.119681 -0.167442
FixedParameters: 0 0 0

#Transform 2
Transform: AffineTransform_float_3_3
Parameters: 1 0.000335905 0.000183879 -0.000336164 0.999997 0.00214594 -0.000183748 -0.00214606 0.999997 -0.00285901 0.171319 -0.342237
FixedParameters: 0 0 0

#Transform 3
Transform: AffineTransform_float_3_3
Parameters: 1 0.00018071 0.000461018 -0.00018126 0.999998 0.00159492 -0.000460831 -0.00159508 0.999998 0.000326902 0.154903 -0.368383
FixedParameters: 0 0 0

#Transform 4
Transform: AffineTransform_float_3_3
Parameters: 1 0.000320083 0.000145848 -0.000320475 0.999999 0.00134795 -0.000144985 -0.00134805 0.999999 -0.00735056 0.148723 -0.274029
FixedParameters: 0 0 0

#Transform 5
Transform: AffineTransform_float_3_3
Parameters: 1 9.20821e-07 -3.89162e-07 -9.19545e-07 0.999998 0.001634 3.92169e-07 -0.001634 0.999998 0.00168387 0.173915 -0.181788
FixedParameters: 0 0 0

#Transform 6
Transform: AffineTransform_float_3_3
Parameters: 1 -0.000168499 7.13952e-05 0.000168406 1 0.000645012 -7.16125e-05 -0.000644988 1 0.007143 0.159614 -0.225035
FixedParameters: 0 0 0

#Transform 7
Transform: AffineTransform_float_3_3
Parameters: 0.999999 -0.00130323 -9.00398e-05 0.00130287 0.999999 0.000938731 8.89052e-05 -0.000938269 1 0.0806946 0.173297 -0.262732
FixedParameters: 0 0 0

#Transform 8
Transform: AffineTransform_float_3_3
Parameters: 1 -0.00121144 0.000157085 0.00121136 0.999998 0.00148683 -0.000159767 -0.00148717 0.999999 0.0641254 0.206768 -0.163549
FixedParameters: 0 0 0

#Transform 9
Transform: AffineTransform_float_3_3
Parameters: 1 -0.000362712 0.000194895 0.000362797 0.999999 0.00078407 -0.000194543 -0.000783929 0.999999 0.0313567 0.154502 -0.229343
FixedParameters: 0 0 0

#Transform 10
Transform: AffineTransform_float_3_3
Parameters: 0.999999 -0.000790376 0.000510132 0.000789894 1 -0.000813957 -0.000509375 0.000814043 0.999999 0.0421167 0.0800384 -0.33263
FixedParameters: 0 0 0

#Transform 11
Transform: AffineTransform_float_3_3
Parameters: 1 -0.000291286 0.000350512 0.000291389 1 0.000411102 -0.000349831 -0.000410898 1 0.0234104 0.158917 -0.280418
FixedParameters: 0 0 0

#Transform 12
Transform: AffineTransform_float_3_3
Parameters: 0.999999 -0.000743485 0.000280517 0.000743283 0.999999 0.000360208 -0.000281052 -0.000359791 1 0.0363219 0.157334 -0.335544
FixedParameters: 0 0 0

#Transform 13
Transform: AffineTransform_float_3_3
Parameters: 0.999999 -0.000694287 0.000396294 0.000693876 0.999999 -0.000642725 -0.00039501 0.000643274 0.999999 0.0358269 0.140123 -0.362811
FixedParameters: 0 0 0

#Transform 14
Transform: AffineTransform_float_3_3
Parameters: 0.999999 -0.000549455 0.000738078 0.000548926 1 0.000358405 -0.000738471 -0.000357594 0.999999 0.0514598 0.186862 -0.332493
FixedParameters: 0 0 0

#Transform 15
Transform: AffineTransform_float_3_3
Parameters: 0.999999 -0.000735731 0.000298796 0.000735798 0.999999 0.00054122 -0.000298672 -0.00054078 1 0.0294548 0.193133 -0.350806
FixedParameters: 0 0 0

#Transform 16
Transform: AffineTransform_float_3_3
Parameters: 0.999999 -0.000109447 0.000919802 0.000109121 1 0.0001771 -0.000919841 -0.000176899 0.999999 0.0304563 0.181008 -0.434055
FixedParameters: 0 0 0

#Transform 17
Transform: AffineTransform_float_3_3
Parameters: 0.999999 6.4875e-05 0.000751422 -6.50281e-05 1 -0.000158049 -0.000752363 0.000157951 0.999999 0.0280681 0.176874 -0.441665
FixedParameters: 0 0 0

#Transform 18
Transform: AffineTransform_float_3_3
Parameters: 0.999999 6.53232e-05 0.000799289 -6.45151e-05 0.999999 -0.0010819 -0.000799039 0.0010811 1 0.0190543 0.143173 -0.458453
FixedParameters: 0 0 0

#Transform 19
Transform: AffineTransform_float_3_3
Parameters: 1 -2.67724e-05 0.00112879 2.83243e-05 0.999999 -0.00126797 -0.00112925 0.00126803 0.999998 0.0362837 0.139149 -0.541702
FixedParameters: 0 0 0

#Transform 20
Transform: AffineTransform_float_3_3
Parameters: 1 -0.000432807 0.00101106 0.000433341 1 -0.00071941 -0.00101004 0.000719591 1 0.029114 0.153712 -0.523886
FixedParameters: 0 0 0

#Transform 21
Transform: AffineTransform_float_3_3
Parameters: 1 -0.000178861 0.00103707 0.000180231 0.999999 -0.00129281 -0.00103713 0.00129319 0.999998 0.017319 0.113767 -0.618979
FixedParameters: 0 0 0

#Transform 22
Transform: AffineTransform_float_3_3
Parameters: 0.999999 -0.000313067 0.00129016 0.000314597 0.999999 -0.00160944 -0.00129021 0.00160956 0.999998 0.0289586 0.107583 -0.622791
FixedParameters: 0 0 0

#Transform 23
Transform: AffineTransform_float_3_3
Parameters: 0.999999 -0.000279792 0.0013675 0.000281307 0.999998 -0.00184946 -0.00136713 0.00184954 0.999997 0.0266615 0.106894 -0.647715
FixedParameters: 0 0 0

#Transform 24
Transform: AffineTransform_float_3_3
Parameters: 0.999999 -0.00056897 0.00177254 0.000572692 0.999998 -0.00189968 -0.00177235 0.00190032 0.999997 0.0548332 0.123668 -0.63542
FixedParameters: 0 0 0

#Transform 25
Transform: AffineTransform_float_3_3
Parameters: 0.999999 -0.000820248 0.00118318 0.000823249 0.999997 -0.00215288 -0.00118201 0.00215413 0.999997 0.0469151 0.117505 -0.582154
FixedParameters: 0 0 0

#Transform 26
Transform: AffineTransform_float_3_3
Parameters: 0.999998 -0.000680187 0.00150995 0.000683659 0.999997 -0.00258182 -0.00150894 0.00258318 0.999995 0.0514808 0.117838 -0.466676
FixedParameters: 0 0 0

#Transform 27
Transform: AffineTransform_float_3_3
Parameters: 0.999999 -0.00108457 0.00147856 0.00108764 0.999997 -0.00206009 -0.00147607 0.00206191 0.999997 0.0558511 0.111923 -0.542273
FixedParameters: 0 0 0

#Transform 28
Transform: AffineTransform_float_3_3
Parameters: 0.999998 -0.000457861 0.00151366 0.000463237 0.999994 -0.00338115 -0.00151174 0.00338185 0.999993 0.0387857 0.0604532 -0.615917
FixedParameters: 0 0 0

#Transform 29
Transform: AffineTransform_float_3_3
Parameters: 0.999998 -0.000632913 0.00145356 0.000638226 0.999992 -0.00408593 -0.00145102 0.00408708 0.999991 0.049746 0.0541012 -0.660207
FixedParameters: 0 0 0

#Transform 30
Transform: AffineTransform_float_3_3
Parameters: 0.999998 -0.000633476 0.00149822 0.000638372 0.999995 -0.00307789 -0.00149682 0.0030791 0.999994 0.0555731 0.0925268 -0.504739
FixedParameters: 0 0 0

#Transform 31
Transform: AffineTransform_float_3_3
Parameters: 0.999997 -0.00126455 0.00207292 0.00127103 0.999993 -0.00355743 -0.00206799 0.00356057 0.999991 0.076108 0.0930407 -0.731408
FixedParameters: 0 0 0

#Transform 32
Transform: AffineTransform_float_3_3
Parameters: 0.999997 -0.00105051 0.00212237 0.00105369 0.999998 -0.00176931 -0.00212115 0.00177169 0.999996 0.0670591 0.182542 -0.734112
FixedParameters: 0 0 0

#Transform 33
Transform: AffineTransform_float_3_3
Parameters: 0.999997 -0.00126136 0.00217421 0.00126586 0.999997 -0.00224116 -0.00217066 0.00224385 0.999995 0.0679282 0.151251 -0.74774
FixedParameters: 0 0 0

#Transform 34
Transform: AffineTransform_float_3_3
Parameters: 0.999997 -0.00105507 0.00218094 0.00106121 0.999995 -0.00291059 -0.00217743 0.0029124 0.999993 0.0486429 0.130027 -0.787621
FixedParameters: 0 0 0

#Transform 35
Transform: AffineTransform_float_3_3
Parameters: 0.999996 -0.00127364 0.0022745 0.0012791 0.999996 -0.00244185 -0.0022713 0.00244415 0.999994 0.0529555 0.137134 -0.793722
FixedParameters: 0 0 0

#Transform 36
Transform: AffineTransform_float_3_3
Parameters: 0.999996 -0.00113758 0.0025927 0.00114385 0.999996 -0.00247443 -0.0025897 0.00247757 0.999994 0.0585435 0.122009 -0.83422
FixedParameters: 0 0 0

#Transform 37
Transform: AffineTransform_float_3_3
Parameters: 0.999995 -0.00163448 0.00292966 0.00164197 0.999996 -0.00230465 -0.00292606 0.00230935 0.999993 0.0583901 0.125453 -0.837837
FixedParameters: 0 0 0

#Transform 38
Transform: AffineTransform_float_3_3
Parameters: 0.999994 -0.00153387 0.00288703 0.00154098 0.999996 -0.00243416 -0.00288311 0.00243884 0.999993 0.0622216 0.144716 -0.845803
FixedParameters: 0 0 0

#Transform 39
Transform: AffineTransform_float_3_3
Parameters: 0.999994 -0.0015338 0.00288707 0.00154105 0.999996 -0.00245816 -0.00288307 0.00246284 0.999993 0.0759011 0.147184 -0.872772
FixedParameters: 0 0 0

#Transform 40
Transform: AffineTransform_float_3_3
Parameters: 0.999996 -0.000828 0.0024479 0.000835414 0.999996 -0.00277415 -0.00244501 0.00277685 0.999993 0.0508548 0.137892 -0.820284
FixedParameters: 0 0 0

#Transform 41
Transform: AffineTransform_float_3_3
Parameters: 0.999996 -0.000141479 0.0027788 0.000133966 0.999996 0.00279256 -0.00277862 -0.00279244 0.999992 0.066747 0.252314 -0.493693
FixedParameters: 0 0 0

#Transform 42
Transform: AffineTransform_float_3_3
Parameters: 0.999997 -0.000617247 0.00242512 0.000612978 0.999998 0.00188131 -0.00242623 -0.00187969 0.999996 0.0653901 0.269272 -0.561366
FixedParameters: 0 0 0

#Transform 43
Transform: AffineTransform_float_3_3
Parameters: 0.999999 -0.000933742 0.00153848 0.000929413 0.999996 0.00251259 -0.00154026 -0.00251041 0.999996 0.0520032 0.286618 -0.608779
FixedParameters: 0 0 0

#Transform 44
Transform: AffineTransform_float_3_3
Parameters: 0.999997 -0.00117897 0.002448 0.00117396 0.999997 0.00209434 -0.0024508 -0.00209066 0.999995 0.0734648 0.26588 -0.726915
FixedParameters: 0 0 0

#Transform 45
Transform: AffineTransform_float_3_3
Parameters: 0.999994 -0.0019858 0.00260507 0.00198055 0.999997 0.00173685 -0.00260813 -0.00173215 0.999995 0.0866185 0.259974 -0.828673
FixedParameters: 0 0 0

#Transform 46
Transform: AffineTransform_float_3_3
Parameters: 0.999996 -0.00215014 0.00144139 0.00214679 0.999993 0.00288218 -0.00144718 -0.00287882 0.999994 0.113733 0.264109 -0.994341
FixedParameters: 0 0 0

#Transform 47
Transform: AffineTransform_float_3_3
Parameters: 0.999997 -0.00169815 0.00139406 0.00169308 0.999994 0.00298496 -0.00139904 -0.00298305 0.999995 0.0703539 0.320755 -0.906825
FixedParameters: 0 0 0

#Transform 48
Transform: AffineTransform_float_3_3
Parameters: 0.999998 -0.00176655 0.00115443 0.00176247 0.999993 0.00317347 -0.00116049 -0.00317152 0.999994 0.0578238 0.305001 -0.914175
FixedParameters: 0 0 0

#Transform 49
Transform: AffineTransform_float_3_3
Parameters: 0.999997 -0.00222602 0.000964861 0.00222347 0.999994 0.00272808 -0.000970551 -0.00272593 0.999996 0.0763127 0.275597 -0.916378
FixedParameters: 0 0 0

#Transform 50
Transform: AffineTransform_float_3_3
Parameters: 0.999997 -0.0024783 0.000997098 0.00247524 0.999994 0.00244104 -0.00100235 -0.00243896 0.999997 0.082045 0.296175 -0.868328
FixedParameters: 0 0 0

#Transform 51
Transform: AffineTransform_float_3_3
Parameters: 0.999996 -0.00255557 0.00117928 0.00255286 0.999994 0.00213773 -0.00118467 -0.00213527 0.999997 0.0863681 0.256377 -0.904499
FixedParameters: 0 0 0

#Transform 52
Transform: AffineTransform_float_3_3
Parameters: 0.999993 -0.0032034 0.00181927 0.00320035 0.999994 0.00137562 -0.00182346 -0.00137038 0.999998 0.120342 0.270201 -0.933246
FixedParameters: 0 0 0

#Transform 53
Transform: AffineTransform_float_3_3
Parameters: 0.999995 -0.00291262 0.00169177 0.00290777 0.999993 0.00262729 -0.00170007 -0.00262171 0.999995 0.104994 0.317352 -0.891186
FixedParameters: 0 0 0

#Transform 54
Transform: AffineTransform_float_3_3
Parameters: 0.999993 -0.00320468 0.00181701 0.00320077 0.999993 0.00208062 -0.00182427 -0.00207538 0.999996 0.121889 0.305548 -0.915911
FixedParameters: 0 0 0

#Transform 55
Transform: AffineTransform_float_3_3
Parameters: 0.999993 -0.00244945 0.00286351 0.002441 0.999993 0.00273148 -0.00287013 -0.00272451 0.999992 0.0972385 0.308772 -0.914682
FixedParameters: 0 0 0

#Transform 56
Transform: AffineTransform_float_3_3
Parameters: 0.999995 -0.000258704 0.00290636 0.000243345 0.999988 0.0049449 -0.00290801 -0.00494409 0.999983 0.0554233 0.332837 -0.844066
FixedParameters: 0 0 0

#Transform 57
Transform: AffineTransform_float_3_3
Parameters: 0.999996 -0.00126514 0.00224363 0.00125603 0.999992 0.00395393 -0.00224858 -0.00395107 0.99999 0.0486495 0.345648 -0.859934
FixedParameters: 0 0 0

#Transform 58
Transform: AffineTransform_float_3_3
Parameters: 0.999995 -0.00170261 0.00242785 0.00169343 0.999991 0.00374902 -0.00243463 -0.00374498 0.99999 0.0641767 0.348164 -0.842663
FixedParameters: 0 0 0

#Transform 59
Transform: AffineTransform_float_3_3
Parameters: 0.999996 -0.0016247 0.00229316 0.0016156 0.999992 0.00375161 -0.00229898 -0.00374839 0.99999 0.0688048 0.348725 -0.87127
FixedParameters: 0 0 0

#Transform 60
Transform: AffineTransform_float_3_3
Parameters: 0.999996 -0.00155397 0.00226746 0.00154473 0.99999 0.00431662 -0.00227436 -0.00431239 0.999988 0.0593024 0.360594 -0.861619
FixedParameters: 0 0 0

#Transform 61
Transform: AffineTransform_float_3_3
Parameters: 0.999996 -0.0014731 0.00233041 0.00146269 0.99999 0.00416867 -0.00233671 -0.00416532 0.999989 0.0559153 0.35432 -0.85501
FixedParameters: 0 0 0

#Transform 62
Transform: AffineTransform_float_3_3
Parameters: 0.999996 -0.00164959 0.00255481 0.00163954 0.999991 0.0039131 -0.00256213 -0.0039089 0.999989 0.0658023 0.347711 -0.917376
FixedParameters: 0 0 0

#Transform 63
Transform: AffineTransform_float_3_3
Parameters: 0.999995 -0.00170277 0.00242774 0.00169327 0.999991 0.00381638 -0.00243475 -0.00381162 0.99999 0.0640959 0.325895 -0.893825
FixedParameters: 0 0 0

#Transform 64
Transform: AffineTransform_float_3_3
Parameters: 0.999996 -0.0014913 0.00234026 0.00148329 0.999994 0.00327658 -0.00234551 -0.00327242 0.999992 0.0598809 0.32742 -0.910855
FixedParameters: 0 0 0

#Transform 65
Transform: AffineTransform_float_3_3
Parameters: 0.999996 -0.00182178 0.00247764 0.00181215 0.999991 0.0038444 -0.00248474 -0.0038396 0.99999 0.0664824 0.334464 -0.899427
FixedParameters: 0 0 0

#Transform 66
Transform: AffineTransform_float_3_3
Parameters: 0.999995 -0.00162451 0.00248291 0.00161697 0.999994 0.00333692 -0.00248778 -0.00333308 0.999991 0.0641973 0.325335 -0.896302
FixedParameters: 0 0 0

#Transform 67
Transform: AffineTransform_float_3_3
Parameters: 0.999994 -0.00221618 0.00264469 0.00220662 0.999992 0.00341518 -0.00265254 -0.00340982 0.999991 0.0878457 0.322363 -0.901173
FixedParameters: 0 0 0

#Transform 68
Transform: AffineTransform_float_3_3
Parameters: 0.999996 -0.00175073 0.00244891 0.00174197 0.999992 0.00344617 -0.00245461 -0.00344183 0.999991 0.0653445 0.31035 -0.833852
FixedParameters: 0 0 0

#Transform 69
Transform: AffineTransform_float_3_3
Parameters: 0.999994 -0.00221532 0.00264542 0.00220709 0.999993 0.00308939 -0.00265273 -0.00308261 0.999991 0.0866439 0.308266 -0.887189
FixedParameters: 0 0 0

#Transform 70
Transform: AffineTransform_float_3_3
Parameters: 0.999994 -0.0022152 0.00264551 0.0022072 0.999993 0.00304554 -0.00265264 -0.00303946 0.999992 0.0881274 0.310696 -0.865002
FixedParameters: 0 0 0

#Transform 71
Transform: AffineTransform_float_3_3
Parameters: 0.999996 -0.00227207 0.00166885 0.00226622 0.99999 0.00386102 -0.00167741 -0.00385698 0.999991 0.0826596 0.356218 -0.710806
FixedParameters: 0 0 0

#Transform 72
Transform: AffineTransform_float_3_3
Parameters: 0.999996 -0.00239658 0.000878825 0.00239201 0.999987 0.00449504 -0.000889829 -0.00449296 0.999989 0.0671209 0.35837 -0.630721
FixedParameters: 0 0 0

#Transform 73
Transform: AffineTransform_float_3_3
Parameters: 0.999997 -0.00249768 0.000922305 0.00249343 0.999988 0.00411287 -0.000932312 -0.00411112 0.999991 0.0540891 0.344307 -0.656262
FixedParameters: 0 0 0

#Transform 74
Transform: AffineTransform_float_3_3
Parameters: 0.999998 -0.00214251 0.000776715 0.00214062 0.999994 0.00271495 -0.000782816 -0.00271305 0.999996 0.0523974 0.316794 -0.704185
FixedParameters: 0 0 0

#Transform 75
Transform: AffineTransform_float_3_3
Parameters: 0.999997 -0.00240714 0.001213 0.00240242 0.999989 0.00408364 -0.0012229 -0.00408136 0.999991 0.0505067 0.349101 -0.694739
FixedParameters: 0 0 0

#Transform 76
Transform: AffineTransform_float_3_3
Parameters: 0.999996 -0.0023063 0.00121008 0.00230207 0.999991 0.00356651 -0.00121862 -0.00356449 0.999993 0.0491497 0.348468 -0.722702
FixedParameters: 0 0 0

#Transform 77
Transform: AffineTransform_float_3_3
Parameters: 0.999995 -0.00261542 0.00169486 0.00261031 0.999991 0.00319595 -0.00170312 -0.00319205 0.999993 0.0809579 0.339929 -0.759632
FixedParameters: 0 0 0

#Transform 78
Transform: AffineTransform_float_3_3
Parameters: 0.999995 -0.00257894 0.00178117 0.00257371 0.999992 0.00296847 -0.00178895 -0.00296353 0.999994 0.0787962 0.347256 -0.74941
FixedParameters: 0 0 0

#Transform 79
Transform: AffineTransform_float_3_3
Parameters: 0.999995 -0.00263788 0.00164145 0.00263278 0.999992 0.00317669 -0.00165067 -0.00317231 0.999993 0.0738139 0.340573 -0.771315
FixedParameters: 0 0 0

#Transform 80
Transform: AffineTransform_float_3_3
Parameters: 0.999995 -0.00261363 0.00169825 0.00260936 0.999993 0.00260231 -0.00170617 -0.00259769 0.999996 0.0619563 0.330963 -0.794444
FixedParameters: 0 0 0

#Transform 81
Transform: AffineTransform_float_3_3
Parameters: 0.999995 -0.00262023 0.00168291 0.00261605 0.999993 0.00282877 -0.00169021 -0.00282423 0.999994 0.07291 0.327503 -0.813591
FixedParameters: 0 0 0

#Transform 82
Transform: AffineTransform_float_3_3
Parameters: 0.999995 -0.00256513 0.00181412 0.00255939 0.999992 0.00305452 -0.00182226 -0.00304947 0.999994 0.0635829 0.342854 -0.764247
FixedParameters: 0 0 0

#Transform 83
Transform: AffineTransform_float_3_3
Parameters: 0.999995 -0.00280345 0.00159402 0.00279791 0.999989 0.00377683 -0.0016049 -0.00377216 0.999991 0.0623612 0.336461 -0.780723
FixedParameters: 0 0 0

#Transform 84
Transform: AffineTransform_float_3_3
Parameters: 0.999994 -0.0030894 0.00171589 0.0030836 0.99999 0.00331631 -0.00172568 -0.0033107 0.999993 0.0680568 0.346545 -0.804168
FixedParameters: 0 0 0

#Transform 85
Transform: AffineTransform_float_3_3
Parameters: 0.999994 -0.00287681 0.00151712 0.00287173 0.999991 0.00325622 -0.00152701 -0.00325178 0.999993 0.0696416 0.347609 -0.809629
FixedParameters: 0 0 0

#Transform 86
Transform: AffineTransform_float_3_3
Parameters: 0.999995 -0.00288515 0.0017084 0.00287995 0.999991 0.00293008 -0.00171647 -0.00292592 0.999994 0.0655262 0.338002 -0.788212
FixedParameters: 0 0 0

#Transform 87
Transform: AffineTransform_float_3_3
Parameters: 0.999997 -0.0023333 0.00139644 0.00232745 0.99999 0.00381198 -0.00140539 -0.00380902 0.999991 0.0579077 0.349487 -0.755181
FixedParameters: 0 0 0

#Transform 88
Transform: AffineTransform_float_3_3
Parameters: 0.999995 -0.00291066 0.00170214 0.00290482 0.999991 0.00313031 -0.00171152 -0.00312468 0.999993 0.0736537 0.331769 -0.822451
FixedParameters: 0 0 0

#Transform 89
Transform: AffineTransform_float_3_3
Parameters: 0.999996 -0.00263989 0.00152613 0.0026343 0.99999 0.00353239 -0.00153501 -0.00352861 0.999992 0.0669224 0.324819 -0.793262
FixedParameters: 0 0 0

#Transform 90
Transform: AffineTransform_float_3_3
Parameters: 0.999995 -0.00293249 0.00165035 0.00292715 0.999991 0.00319084 -0.0016593 -0.00318616 0.999993 0.0765359 0.313832 -0.789474
FixedParameters: 0 0 0

#Transform 91
Transform: AffineTransform_float_3_3
Parameters: 0.999994 -0.00312934 0.0017927 0.00312481 0.999992 0.00238976 -0.00180065 -0.00238423 0.999996 0.0815575 0.295747 -0.793984
FixedParameters: 0 0 0

#Transform 92
Transform: AffineTransform_float_3_3
Parameters: 0.999994 -0.00288002 0.00162608 0.00287322 0.999989 0.00380569 -0.00163731 -0.00380131 0.999991 0.0720983 0.355344 -0.743364
FixedParameters: 0 0 0

#Transform 93
Transform: AffineTransform_float_3_3
Parameters: 0.999995 -0.00293274 0.0016499 0.0029269 0.99999 0.0033432 -0.00165974 -0.0033378 0.999993 0.0650774 0.32855 -0.787242
FixedParameters: 0 0 0

#Transform 94
Transform: AffineTransform_float_3_3
Parameters: 0.999993 -0.00327098 0.00169363 0.00326702 0.999992 0.00247518 -0.0017019 -0.00246981 0.999995 0.0810613 0.308024 -0.779328
FixedParameters: 0 0 0

#Transform 95
Transform: AffineTransform_float_3_3
Parameters: 0.999992 -0.00338503 0.00184288 0.00337998 0.999991 0.00267688 -0.00185216 -0.00267012 0.999995 0.0849423 0.307557 -0.771973
FixedParameters: 0 0 0

#Transform 96
Transform: AffineTransform_float_3_3
Parameters: 0.999993 -0.0032898 0.00207036 0.00328234 0.999989 0.00356225 -0.00208164 -0.00355575 0.999991 0.0945039 0.351396 -0.668733
FixedParameters: 0 0 0

#Transform 97
Transform: AffineTransform_float_3_3
Parameters: 0.999995 -0.00292128 0.00164596 0.00291587 0.999991 0.00310117 -0.00165523 -0.00309583 0.999994 0.0649261 0.325614 -0.745731
FixedParameters: 0 0 0

#Transform 98
Transform: AffineTransform_float_3_3
Parameters: 0.999994 -0.00315986 0.00180555 0.00315504 0.999991 0.00266986 -0.00181358 -0.00266414 0.999995 0.0871086 0.32138 -0.765755
FixedParameters: 0 0 0

#Transform 99
Transform: AffineTransform_float_3_3
Parameters: 0.999995 -0.00291121 0.00164359 0.00290715 0.999992 0.00258094 -0.0016507 -0.00257706 0.999995 0.0802074 0.33143 -0.781767
FixedParameters: 0 0 0

#Transform 100
Transform: AffineTransform_float_3_3
Parameters: 0.999995 -0.00290585 0.00157122 0.00290123 0.999992 0.00246392 -0.00157815 -0.00245907 0.999996 0.0735892 0.339561 -0.805756
FixedParameters: 0 0 0

#Transform 101
Transform: AffineTransform_float_3_3
Parameters: 0.999994 -0.00311796 0.00159576 0.00311433 0.999992 0.00240198 -0.00160374 -0.00239702 0.999996 0.0849576 0.329876 -0.827315
FixedParameters: 0 0 0

#Transform 102
Transform: AffineTransform_float_3_3
Parameters: 0.999994 -0.002876 0.00162714 0.00287186 0.999991 0.00303404 -0.00163614 -0.00302896 0.999994 0.0734222 0.354472 -0.798682
FixedParameters: 0 0 0

#Transform 103
Transform: AffineTransform_float_3_3
Parameters: 0.999993 -0.0032105 0.00153566 0.00320822 0.999993 0.00193193 -0.00154199 -0.00192707 0.999997 0.0956554 0.31206 -0.811227
FixedParameters: 0 0 0

#Transform 104
Transform: AffineTransform_float_3_3
Parameters: 1 -0.000846405 0.000682163 0.000843015 0.999985 0.00553422 -0.000686771 -0.00553378 0.999984 0.0132221 0.43208 -0.489134
FixedParameters: 0 0 0

#Transform 105
Transform: AffineTransform_float_3_3
Parameters: 1 2.62056e-05 0.000946195 -3.06555e-05 0.999987 0.00519698 -0.000946012 -0.00519703 0.999986 -0.0125111 0.381282 -0.451398
FixedParameters: 0 0 0

#Transform 106
Transform: AffineTransform_float_3_3
Parameters: 0.999999 -0.000369056 0.00125647 0.000361591 0.999984 0.00557661 -0.00125789 -0.00557639 0.999984 -0.0215207 0.409441 -0.526944
FixedParameters: 0 0 0

#Transform 107
Transform: AffineTransform_float_3_3
Parameters: 0.999998 -0.000963011 0.00136142 0.000955781 0.999987 0.00500446 -0.00136614 -0.00500254 0.999986 -0.0130336 0.411817 -0.554481
FixedParameters: 0 0 0

#Transform 108
Transform: AffineTransform_float_3_3
Parameters: 0.999998 -0.00101056 0.00131644 0.0010026 0.999984 0.00559612 -0.0013219 -0.00559488 0.999983 -0.000284522 0.40835 -0.581278
FixedParameters: 0 0 0

#Transform 109
Transform: AffineTransform_float_3_3
Parameters: 0.999998 -0.00114994 0.00121051 0.001144 0.999986 0.00525418 -0.00121676 -0.00525281 0.999985 -0.00333619 0.422715 -0.557396
FixedParameters: 0 0 0

#Transform 110
Transform: AffineTransform_float_3_3
Parameters: 0.999999 -0.00129347 0.00132486 0.00128805 0.999988 0.00460466 -0.00133095 -0.00460334 0.999989 0.000494701 0.413278 -0.573807
FixedParameters: 0 0 0

#Transform 111
Transform: AffineTransform_float_3_3
Parameters: 0.999998 -0.00148017 0.00140096 0.00147465 0.99999 0.00406602 -0.00140678 -0.00406398 0.999991 0.00498954 0.390794 -0.596661
FixedParameters: 0 0 0

#Transform 112
Transform: AffineTransform_float_3_3
Parameters: 0.999998 -0.00146353 0.00137921 0.00145727 0.99999 0.00439145 -0.00138584 -0.00438955 0.999989 -0.00435817 0.394485 -0.566025
FixedParameters: 0 0 0

#Transform 113
Transform: AffineTransform_float_3_3
Parameters: 0.999997 -0.00170405 0.00169659 0.00169508 0.999986 0.00498548 -0.00170496 -0.00498252 0.999986 0.00232495 0.444066 -0.558444
FixedParameters: 0 0 0

#Transform 114
Transform: AffineTransform_float_3_3
Parameters: 0.999997 -0.00157183 0.00145851 0.00156631 0.999992 0.00376972 -0.00146506 -0.00376727 0.999991 0.0196649 0.376282 -0.616997
FixedParameters: 0 0 0

#Transform 115
Transform: AffineTransform_float_3_3
Parameters: 0.999998 -0.00166536 0.000926688 0.00166067 0.999986 0.00511483 -0.000934883 -0.00511317 0.999986 0.0159966 0.440782 -0.551408
FixedParameters: 0 0 0

#Transform 116
Transform: AffineTransform_float_3_3
Parameters: 0.999997 -0.00210739 0.000516028 0.0021054 0.999988 0.00439623 -0.00052587 -0.00439478 0.99999 -0.00243228 0.407257 -0.523879
FixedParameters: 0 0 0

#Transform 117
Transform: AffineTransform_float_3_3
Parameters: 0.999998 -0.00204939 0.000381577 0.00204875 0.999993 0.00320191 -0.000387863 -0.00320108 0.999995 -0.00105852 0.394663 -0.537021
FixedParameters: 0 0 0

#Transform 118
Transform: AffineTransform_float_3_3
Parameters: 0.999998 -0.00194098 0.000448211 0.00193966 0.999992 0.003476 -0.000454864 -0.003475 0.999994 -0.00765956 0.378793 -0.56732
FixedParameters: 0 0 0

#Transform 119
Transform: AffineTransform_float_3_3
Parameters: 0.999998 -0.00202967 0.000598553 0.00202743 0.999992 0.0033705 -0.000605392 -0.0033695 0.999995 -0.00379101 0.379203 -0.582157
FixedParameters: 0 0 0

#Transform 120
Transform: AffineTransform_float_3_3
Parameters: 0.999998 -0.00203569 0.000584024 0.00203353 0.999991 0.00371548 -0.000591386 -0.00371452 0.999993 -0.00397126 0.375954 -0.575082
FixedParameters: 0 0 0

#Transform 121
Transform: AffineTransform_float_3_3
Parameters: 0.999997 -0.00227523 0.000584777 0.00227353 0.999992 0.00332047 -0.000592122 -0.00331853 0.999995 -0.00096472 0.364558 -0.59706
FixedParameters: 0 0 0

#Transform 122
Transform: AffineTransform_float_3_3
Parameters: 0.999997 -0.00235706 0.000409024 0.00235566 0.999994 0.00277559 -0.000414877 -0.00277442 0.999996 0.0121004 0.36674 -0.61227
FixedParameters: 0 0 0

#Transform 123
Transform: AffineTransform_float_3_3
Parameters: 0.999998 -0.00227431 0.000504663 0.00227297 0.999992 0.00309828 -0.000511914 -0.00309671 0.999995 -0.00253407 0.342259 -0.607524
FixedParameters: 0 0 0

#Transform 124
Transform: AffineTransform_float_3_3
Parameters: 0.999998 -0.00201158 0.000634308 0.00201044 0.999995 0.00243156 -0.000639483 -0.00243044 0.999997 -0.00335096 0.354446 -0.591178
FixedParameters: 0 0 0

#Transform 125
Transform: AffineTransform_float_3_3
Parameters: 0.999998 -0.00189881 0.000631323 0.00189747 0.999994 0.00290248 -0.000636817 -0.00290151 0.999995 0.0055184 0.355063 -0.600178
FixedParameters: 0 0 0

#Transform 126
Transform: AffineTransform_float_3_3
Parameters: 0.999998 -0.00195681 0.000632658 0.0019553 0.999994 0.00303853 -0.00063902 -0.00303748 0.999996 -0.00411033 0.384831 -0.597047
FixedParameters: 0 0 0

#Transform 127
Transform: AffineTransform_float_3_3
Parameters: 0.999998 -0.00203923 0.0003028 0.00203788 0.999994 0.00303775 -0.000308879 -0.00303725 0.999996 -0.00921354 0.373648 -0.580889
FixedParameters: 0 0 0

#Transform 128
Transform: AffineTransform_float_3_3
Parameters: 0.999997 -0.00234252 0.000438045 0.00234073 0.999992 0.00303816 -0.000445045 -0.00303684 0.999996 0.0103497 0.368591 -0.578683
FixedParameters: 0 0 0

#Transform 129
Transform: AffineTransform_float_3_3
Parameters: 0.999998 -0.00216152 0.000406993 0.00216068 0.999994 0.00276101 -0.000413011 -0.00275999 0.999996 0.00402278 0.334973 -0.613908
FixedParameters: 0 0 0

#Transform 130
Transform: AffineTransform_float_3_3
Parameters: 0.999997 -0.00226035 0.000764733 0.0022584 0.999993 0.00304666 -0.000772054 -0.00304534 0.999996 0.00952147 0.353648 -0.596472
FixedParameters: 0 0 0

#Transform 131
Transform: AffineTransform_float_3_3
Parameters: 0.999998 -0.00195713 0.000601186 0.00195501 0.999994 0.00261246 -0.000606411 -0.00261154 0.999996 -0.00439728 0.317223 -0.589677
FixedParameters: 0 0 0

#Transform 132
Transform: AffineTransform_float_3_3
Parameters: 0.999998 -0.00198134 -0.000151193 0.0019818 0.999995 0.00246068 0.000145903 -0.00246132 0.999997 0.00656181 0.341009 -0.582812
FixedParameters: 0 0 0

#Transform 133
Transform: AffineTransform_float_3_3
Parameters: 0.999998 -0.00207386 0.000243979 0.00207387 0.999994 0.00286264 -0.000249938 -0.00286236 0.999996 0.0188034 0.351978 -0.635054
FixedParameters: 0 0 0

#Transform 134
Transform: AffineTransform_float_3_3
Parameters: 0.999998 -0.00222726 0.000183653 0.00222667 0.999993 0.00292318 -0.00019037 -0.00292381 0.999996 0.00440938 0.354798 -0.591143
FixedParameters: 0 0 0

#Transform 135
Transform: AffineTransform_float_3_3
Parameters: 0.999996 -0.00255235 0.000266387 0.00255094 0.999991 0.00328966 -0.000274635 -0.00328833 0.999995 0.0196385 0.36969 -0.594287
FixedParameters: 0 0 0

#Transform 136
Transform: AffineTransform_float_3_3
Parameters: 0.999996 -0.00261252 0.00011541 0.00261118 0.999994 0.00226793 -0.000121483 -0.00226808 0.999998 0.021589 0.337444 -0.67362
FixedParameters: 0 0 0

#Transform 137
Transform: AffineTransform_float_3_3
Parameters: 0.999998 -0.00233458 9.16042e-05 0.00233458 0.999994 0.0026862 -9.7841e-05 -0.0026858 0.999996 -0.00944405 0.354121 -0.627868
FixedParameters: 0 0 0

#Transform 138
Transform: AffineTransform_float_3_3
Parameters: 0.999996 -0.00278392 -0.000290868 0.0027844 0.999993 0.00224802 0.000284122 -0.00224897 0.999997 0.0314589 0.354946 -0.612554
FixedParameters: 0 0 0

#Transform 139
Transform: AffineTransform_float_3_3
Parameters: 0.999997 -0.00238169 2.42116e-05 0.00238167 0.999994 0.00241204 -3.03169e-05 -0.00241196 0.999997 0.00209809 0.371826 -0.600337
FixedParameters: 0 0 0

#Transform 140
Transform: AffineTransform_float_3_3
Parameters: 0.999998 -0.00229288 -0.000122785 0.00229273 0.999992 0.00335355 0.000115414 -0.00335345 0.999994 -0.0160526 0.401522 -0.566145
FixedParameters: 0 0 0

#Transform 141
Transform: AffineTransform_float_3_3
Parameters: 0.999997 -0.00241548 0.000115941 0.00241574 0.999993 0.00267926 -0.000121658 -0.00267874 0.999996 0.00414545 0.375951 -0.597028
FixedParameters: 0 0 0

#Transform 142
Transform: AffineTransform_float_3_3
Parameters: 0.999998 -0.00228629 -0.000223178 0.00228773 0.999992 0.00334747 0.00021548 -0.00334853 0.999994 0.0301292 0.383673 -0.665355
FixedParameters: 0 0 0

#Transform 143
Transform: AffineTransform_float_3_3
Parameters: 0.999996 -0.00252739 -0.00040135 0.00252899 0.999992 0.00321082 0.000393117 -0.00321218 0.999995 0.0107419 0.382203 -0.648212
FixedParameters: 0 0 0

#Transform 144
Transform: AffineTransform_float_3_3
Parameters: 0.999997 -0.00248927 -5.84746e-05 0.00249004 0.999995 0.00240632 5.27964e-05 -0.00240668 0.999997 0.0148646 0.348386 -0.677558
FixedParameters: 0 0 0

#Transform 145
Transform: AffineTransform_float_3_3
Parameters: 0.999996 -0.00258837 -0.000374714 0.00259004 0.999992 0.00280822 0.000366866 -0.00280878 0.999996 -0.00382329 0.393321 -0.645419
FixedParameters: 0 0 0

#Transform 146
Transform: AffineTransform_float_3_3
Parameters: 0.999997 -0.0020676 -0.000594264 0.00206934 0.999994 0.00292796 0.000588314 -0.00292904 0.999995 0.00875279 0.383056 -0.693589
FixedParameters: 0 0 0

#Transform 147
Transform: AffineTransform_float_3_3
Parameters: 0.999996 -0.00264496 -0.000753043 0.00264665 0.999993 0.0026342 0.000746573 -0.0026368 0.999997 -0.00493163 0.35952 -0.709287
FixedParameters: 0 0 0

#Transform 148
Transform: AffineTransform_float_3_3
Parameters: 0.999996 -0.00266903 -0.000812368 0.00267128 0.999991 0.00310987 0.000804543 -0.00311213 0.999994 -0.00580995 0.382784 -0.688585
FixedParameters: 0 0 0

#Transform 149
Transform: AffineTransform_float_3_3
Parameters: 0.999996 -0.00243858 -0.000909384 0.00244108 0.999992 0.00312997 0.00090197 -0.00313303 0.999994 -0.0293241 0.388934 -0.678384
FixedParameters: 0 0 0

#Transform 150
Transform: AffineTransform_float_3_3
Parameters: 0.999997 -0.00257947 -0.00085048 0.00258226 0.999991 0.0032992 0.000842234 -0.00330079 0.999994 -0.0184743 0.389918 -0.669107
FixedParameters: 0 0 0

#Transform 151
Transform: AffineTransform_float_3_3
Parameters: 0.999996 -0.00266931 -0.000811474 0.00267153 0.999992 0.00277487 0.000804125 -0.00277713 0.999995 -0.0193961 0.382157 -0.70997
FixedParameters: 0 0 0

#Transform 152
Transform: AffineTransform_float_3_3
Parameters: 0.999996 -0.00266945 -0.000811002 0.00267139 0.999993 0.00259787 0.000804598 -0.00260013 0.999996 -0.00465408 0.360082 -0.690091
FixedParameters: 0 0 0

#Transform 153
Transform: AffineTransform_float_3_3
Parameters: 0.999996 -0.00264218 -0.0007468 0.00264396 0.999993 0.00271306 0.00073993 -0.00271493 0.999996 -0.0177918 0.388182 -0.62906
FixedParameters: 0 0 0

#Transform 154
Transform: AffineTransform_float_3_3
Parameters: 0.999995 -0.00277322 -0.000914441 0.00277529 0.999992 0.0028795 0.000906324 -0.0028825 0.999996 -0.0197187 0.376994 -0.654396
FixedParameters: 0 0 0

#Transform 155
Transform: AffineTransform_float_3_3
Parameters: 0.999996 -0.00273035 -0.000540202 0.00273198 0.999995 0.00177556 0.000534965 -0.00177644 0.999998 -0.00560963 0.345023 -0.719468
FixedParameters: 0 0 0

#Transform 156
Transform: AffineTransform_float_3_3
Parameters: 0.999998 -0.00196718 0.000101641 0.00196645 0.999995 0.00220369 -0.000105846 -0.00220331 0.999998 -0.0131875 0.36918 -0.704205
FixedParameters: 0 0 0

#Transform 157
Transform: AffineTransform_float_3_3
Parameters: 0.999997 -0.00239484 -0.000203161 0.00239503 0.999997 0.000822491 0.000201451 -0.000823509 1 -0.010588 0.313208 -0.698293
FixedParameters: 0 0 0

#Transform 158
Transform: AffineTransform_float_3_3
Parameters: 0.999998 -0.00208029 -0.000339532 0.00208074 0.999995 0.00245164 0.000334184 -0.00245237 0.999997 -0.0166599 0.347135 -0.693618
FixedParameters: 0 0 0

#Transform 159
Transform: AffineTransform_float_3_3
Parameters: 0.999998 -0.00203143 -0.000360217 0.00203202 0.999995 0.00249861 0.000354916 -0.00249939 0.999997 -0.0212707 0.345003 -0.696228
FixedParameters: 0 0 0

#Transform 160
Transform: AffineTransform_float_3_3
Parameters: 0.999998 -0.0020312 -0.000361499 0.00203172 0.999993 0.00312997 0.000354948 -0.00313003 0.999995 -0.0233392 0.376391 -0.677387
FixedParameters: 0 0 0

#Transform 161
Transform: AffineTransform_float_3_3
Parameters: 0.999997 -0.00214074 -0.00061859 0.0021423 0.999995 0.00223601 0.000613863 -0.00223798 0.999997 -0.0215974 0.35133 -0.702552
FixedParameters: 0 0 0

#Transform 162
Transform: AffineTransform_float_3_3
Parameters: 0.999998 -0.00203151 -0.000359792 0.00203194 0.999995 0.00228961 0.000355341 -0.00229039 0.999997 -0.0157271 0.343 -0.734476
FixedParameters: 0 0 0

#Transform 163
Transform: AffineTransform_float_3_3
Parameters: 0.999997 -0.00242863 -0.000192278 0.00242961 0.999994 0.00228251 0.000186571 -0.00228348 0.999997 -0.0125994 0.358174 -0.68985
FixedParameters: 0 0 0

#Transform 164
Transform: AffineTransform_float_3_3
Parameters: 0.999997 -0.00246728 -0.000176671 0.00246775 0.999994 0.00257255 0.000170669 -0.00257345 0.999997 -0.0224973 0.36422 -0.692718
FixedParameters: 0 0 0

#Transform 165
Transform: AffineTransform_float_3_3
Parameters: 0.999998 -0.00226101 -0.000262358 0.00226085 0.999996 0.00199459 0.000258193 -0.00199441 0.999998 -0.0111457 0.363361 -0.697987
FixedParameters: 0 0 0

#Transform 166
Transform: AffineTransform_float_3_3
Parameters: 0.999997 -0.00252627 -0.000317035 0.00252754 0.999993 0.00268903 0.000310138 -0.00268997 0.999996 -0.014731 0.365994 -0.659378
FixedParameters: 0 0 0

#Transform 167
Transform: AffineTransform_float_3_3
Parameters: 0.999996 -0.00256448 -0.000406314 0.00256552 0.999994 0.00228615 0.000400359 -0.00228685 0.999998 -0.0118239 0.366313 -0.669184
FixedParameters: 0 0 0

#Transform 168
Transform: AffineTransform_float_3_3
Parameters: 0.999996 -0.0027376 -0.000820191 0.00274066 0.999992 0.00302079 0.000812033 -0.0030232 0.999995 -0.0220404 0.37521 -0.652742
FixedParameters: 0 0 0

#Transform 169
Transform: AffineTransform_float_3_3
Parameters: 0.999998 -0.00185954 -0.000497254 0.00186011 0.999996 0.00217641 0.00049309 -0.00217759 0.999997 -0.0589944 0.362068 -0.655147
FixedParameters: 0 0 0

#Transform 170
Transform: AffineTransform_float_3_3
Parameters: 0.999999 -0.00126952 -0.0006661 0.00127166 0.999996 0.00240636 0.000662607 -0.00240664 0.999997 -0.0516198 0.358798 -0.610116
FixedParameters: 0 0 0

#Transform 171
Transform: AffineTransform_float_3_3
Parameters: 0.999999 -0.00166048 -0.000727794 0.00166208 0.999996 0.00219749 0.000724425 -0.00219851 0.999997 -0.0533431 0.370379 -0.542204
FixedParameters: 0 0 0

#Transform 172
Transform: AffineTransform_float_3_3
Parameters: 0.999998 -0.00214887 -0.000780626 0.00215025 0.999996 0.00190987 0.000776347 -0.00191113 0.999998 -0.0245947 0.352077 -0.634154
FixedParameters: 0 0 0

#Transform 173
Transform: AffineTransform_float_3_3
Parameters: 0.999998 -0.00225825 -0.000569748 0.00225899 0.999996 0.0020579 0.000564383 -0.0020591 0.999998 -0.0260258 0.360354 -0.65527
FixedParameters: 0 0 0

#Transform 174
Transform: AffineTransform_float_3_3
Parameters: 0.999998 -0.00188999 -0.000719019 0.00189168 0.999996 0.00228598 0.000714304 -0.00228802 0.999997 -0.0400472 0.356638 -0.639426
FixedParameters: 0 0 0

#Transform 175
Transform: AffineTransform_float_3_3
Parameters: 0.999997 -0.00197225 -0.00084154 0.00197375 0.999997 0.00152004 0.00083816 -0.00152196 0.999998 -0.041391 0.34653 -0.675075
FixedParameters: 0 0 0

#Transform 176
Transform: AffineTransform_float_3_3
Parameters: 0.999997 -0.0023304 -0.00074165 0.00233206 0.999994 0.00228882 0.000737141 -0.00229018 0.999997 -0.0407521 0.369295 -0.615328
FixedParameters: 0 0 0

#Transform 177
Transform: AffineTransform_float_3_3
Parameters: 0.999996 -0.00276796 -0.000571109 0.00276887 0.999995 0.00139025 0.000566947 -0.00139275 0.999999 -0.0164419 0.338865 -0.645885
FixedParameters: 0 0 0

#Transform 178
Transform: AffineTransform_float_3_3
Parameters: 0.999996 -0.00264507 -0.000925052 0.00264652 0.999995 0.00193795 0.000920036 -0.00194005 0.999998 -0.00677201 0.35617 -0.587745
FixedParameters: 0 0 0

#Transform 179
Transform: AffineTransform_float_3_3
Parameters: 0.999997 -0.00210063 -0.00040144 0.0021012 0.999992 0.0035475 0.000394009 -0.0035485 0.999994 -0.0423829 0.39173 -0.54337
FixedParameters: 0 0 0
