#Insight Transform File V1.0
#Transform 0
Transform: AffineTransform_float_3_3
Parameters: 1 0.00041436 0.00111907 -0.000414968 1 -0.000140105 -0.00111879 0.000139896 1 -0.0360669 -0.388191 -0.555819
FixedParameters: 0 0 0

#Transform 1
Transform: AffineTransform_float_3_3
Parameters: 0.999999 0.000473912 0.00078865 -0.000474569 0.999999 0.000999985 -0.000788092 -0.00100001 0.999999 -0.0337021 0.120171 0.033741
FixedParameters: 0 0 0

#Transform 2
Transform: AffineTransform_float_3_3
Parameters: 0.999999 2.94384e-05 0.000827569 -2.78528e-05 1 -0.000958024 -0.000827624 0.000957977 0.999999 -0.0212106 0.106133 -0.0658194
FixedParameters: 0 0 0

#Transform 3
Transform: AffineTransform_float_3_3
Parameters: 0.999999 8.38151e-05 0.000954517 -8.22388e-05 0.999999 -0.00130808 -0.000954344 0.00130792 0.999998 -0.039973 0.0960795 -0.0956923
FixedParameters: 0 0 0

#Transform 4
Transform: AffineTransform_float_3_3
Parameters: 1 -0.000139079 -0.000328796 0.000138061 0.999999 -0.00154604 0.000329225 0.00154595 0.999999 -0.00557383 0.0894992 -0.0612615
FixedParameters: 0 0 0

#Transform 5
Transform: AffineTransform_float_3_3
Parameters: 1 -0.000427817 -0.0002458 0.000427389 0.999998 -0.00194611 0.000246153 0.0019459 0.999998 -0.0112448 0.0858924 -0.108248
FixedParameters: 0 0 0

#Transform 6
Transform: AffineTransform_float_3_3
Parameters: 0.999999 -0.00112653 -0.000498323 0.00112507 0.999996 -0.00252057 0.000501375 0.00251944 0.999997 0.00361621 0.0852625 -0.165176
FixedParameters: 0 0 0

#Transform 7
Transform: AffineTransform_float_3_3
Parameters: 0.999999 -0.000663243 -0.000696279 0.00066127 0.999996 -0.00273346 0.000699117 0.00273254 0.999996 0.00505149 0.104742 -0.155332
FixedParameters: 0 0 0

#Transform 8
Transform: AffineTransform_float_3_3
Parameters: 0.999999 -0.000287985 -0.00133948 0.000284808 0.999998 -0.00201802 0.00134078 0.00201798 0.999997 0.0136814 0.112099 -0.148166
FixedParameters: 0 0 0

#Transform 9
Transform: AffineTransform_float_3_3
Parameters: 0.999999 -0.000579651 -0.00134546 0.000577158 0.999998 -0.00195242 0.00134654 0.00195158 0.999997 0.00547854 0.0911568 -0.201442
FixedParameters: 0 0 0

#Transform 10
Transform: AffineTransform_float_3_3
Parameters: 0.999999 -0.000112814 -0.000931233 0.00011209 0.999999 -0.00109295 0.000932008 0.00109205 0.999999 -0.0522633 0.0960217 -0.165977
FixedParameters: 0 0 0

#Transform 11
Transform: AffineTransform_float_3_3
Parameters: 0.999999 -0.00136356 -0.00127771 0.00136522 0.999999 0.00121631 0.00127609 -0.00121769 0.999998 -0.0130423 0.101375 -0.16205
FixedParameters: 0 0 0

#Transform 12
Transform: AffineTransform_float_3_3
Parameters: 0.999998 -0.00152872 -0.00146115 0.00152928 0.999999 0.00037218 0.00146132 -0.00037382 0.999999 0.0254303 0.0957516 -0.250611
FixedParameters: 0 0 0

#Transform 13
Transform: AffineTransform_float_3_3
Parameters: 0.999998 -0.00133885 -0.00100958 0.00133807 0.999999 -0.000652505 0.00101001 0.000650496 0.999999 0.0282045 0.0974924 -0.223437
FixedParameters: 0 0 0

#Transform 14
Transform: AffineTransform_float_3_3
Parameters: 0.999998 -0.00143684 -0.00123672 0.00143573 0.999997 -0.00140757 0.00123866 0.00140543 0.999998 0.0221582 0.0831238 -0.319442
FixedParameters: 0 0 0

#Transform 15
Transform: AffineTransform_float_3_3
Parameters: 0.999999 -0.0014251 -0.00120771 0.00142324 0.999997 -0.00175152 0.0012106 0.00174949 0.999998 0.045703 0.100806 -0.244004
FixedParameters: 0 0 0

#Transform 16
Transform: AffineTransform_float_3_3
Parameters: 0.999997 -0.00156395 -0.001536 0.00156258 0.999998 -0.00121799 0.00153771 0.00121601 0.999998 0.0470697 0.0997297 -0.277567
FixedParameters: 0 0 0

#Transform 17
Transform: AffineTransform_float_3_3
Parameters: 0.999996 -0.00180219 -0.00224881 0.00180249 0.999998 0.000269081 0.00224822 -0.000272919 0.999998 0.0515716 0.0699534 -0.420715
FixedParameters: 0 0 0

#Transform 18
Transform: AffineTransform_float_3_3
Parameters: 0.999997 -0.000896068 -0.00201076 0.000897572 0.999999 0.000831276 0.00201005 -0.000832724 0.999998 0.0741099 0.0863136 -0.43646
FixedParameters: 0 0 0

#Transform 19
Transform: AffineTransform_float_3_3
Parameters: 0.999995 -0.00188088 -0.00229775 0.00188407 0.999998 0.00120866 0.00229529 -0.00121234 0.999997 0.0621634 0.0828975 -0.456185
FixedParameters: 0 0 0

#Transform 20
Transform: AffineTransform_float_3_3
Parameters: 0.999996 -0.00223031 -0.00175423 0.00223091 0.999998 0.000168195 0.00175347 -0.000171802 0.999998 0.00470183 0.0517414 -0.636717
FixedParameters: 0 0 0

#Transform 21
Transform: AffineTransform_float_3_3
Parameters: 0.999996 -0.0022404 -0.00138448 0.00223634 0.999992 -0.00341321 0.00139203 0.00340979 0.999993 -0.0319429 0.0840236 -0.717784
FixedParameters: 0 0 0

#Transform 22
Transform: AffineTransform_float_3_3
Parameters: 0.999997 -0.0021664 -0.00160017 0.00216563 0.999998 -0.000409206 0.00160062 0.000405796 0.999999 0.00420717 0.0648503 -0.90205
FixedParameters: 0 0 0

#Transform 23
Transform: AffineTransform_float_3_3
Parameters: 0.999997 -0.00214872 -0.00156761 0.00215032 0.999997 0.00114353 0.0015657 -0.00114747 0.999998 0.0276422 0.0630359 -0.942229
FixedParameters: 0 0 0

#Transform 24
Transform: AffineTransform_float_3_3
Parameters: 0.999995 -0.00268073 -0.00122608 0.00268361 0.999994 0.00204011 0.00122037 -0.00204389 0.999997 0.00848 0.045034 -1.05518
FixedParameters: 0 0 0

#Transform 25
Transform: AffineTransform_float_3_3
Parameters: 0.999994 -0.00331308 -0.000818962 0.0033149 0.999993 0.00160381 0.000814095 -0.00160719 0.999998 0.0418788 0.0467941 -1.09415
FixedParameters: 0 0 0

#Transform 26
Transform: AffineTransform_float_3_3
Parameters: 0.999994 -0.00332985 -0.0008609 0.00333199 0.999992 0.00202666 0.000854473 -0.00203034 0.999998 0.053496 0.0405952 -1.0952
FixedParameters: 0 0 0

#Transform 27
Transform: AffineTransform_float_3_3
Parameters: 0.999992 -0.00356891 -0.00142392 0.00357118 0.999993 0.0015397 0.00141815 -0.00154429 0.999998 0.0708251 0.0122524 -1.25614
FixedParameters: 0 0 0

#Transform 28
Transform: AffineTransform_float_3_3
Parameters: 0.999995 -0.00279978 -0.000998881 0.0028017 0.999993 0.0020266 0.000992766 -0.0020294 0.999997 0.0703185 0.0259993 -1.23593
FixedParameters: 0 0 0

#Transform 29
Transform: AffineTransform_float_3_3
Parameters: 0.999995 -0.00314326 -0.00112115 0.00314571 0.999992 0.00251857 0.00111317 -0.00252143 0.999996 0.0507721 0.0232605 -1.28306
FixedParameters: 0 0 0

#Transform 30
Transform: AffineTransform_float_3_3
Parameters: 0.99999 -0.00383072 -0.00203924 0.00383348 0.999992 0.00106338 0.002035 -0.00107061 0.999997 0.0964338 0.0329324 -1.28957
FixedParameters: 0 0 0

#Transform 31
Transform: AffineTransform_float_3_3
Parameters: 0.999988 -0.00433662 -0.00220464 0.00433896 0.99999 0.00121734 0.00219967 -0.00122667 0.999997 0.0918565 0.0393885 -1.27218
FixedParameters: 0 0 0

#Transform 32
Transform: AffineTransform_float_3_3
Parameters: 0.999989 -0.00396471 -0.00224002 0.00396701 0.999992 0.000747673 0.00223668 -0.000756323 0.999997 0.091549 0.0491752 -1.27746
FixedParameters: 0 0 0

#Transform 33
Transform: AffineTransform_float_3_3
Parameters: 0.999991 -0.00368621 -0.00242957 0.00368917 0.999993 0.00112075 0.0024256 -0.00113025 0.999996 0.0953067 0.0755093 -1.20415
FixedParameters: 0 0 0

#Transform 34
Transform: AffineTransform_float_3_3
Parameters: 0.999987 -0.00436116 -0.00258546 0.00436521 0.999989 0.00164834 0.00257837 -0.00165966 0.999996 0.0855823 0.0370732 -1.30926
FixedParameters: 0 0 0

#Transform 35
Transform: AffineTransform_float_3_3
Parameters: 0.999986 -0.00448223 -0.00254765 0.00448444 0.99999 0.00110268 0.00254243 -0.00111432 0.999996 0.0868391 0.012476 -1.38318
FixedParameters: 0 0 0

#Transform 36
Transform: AffineTransform_float_3_3
Parameters: 0.999986 -0.00464719 -0.00262443 0.00464957 0.999989 0.00110211 0.00261885 -0.00111388 0.999996 0.105672 -0.015623 -1.40311
FixedParameters: 0 0 0

#Transform 37
Transform: AffineTransform_float_3_3
Parameters: 0.999987 -0.0044347 -0.00243199 0.00443651 0.99999 0.000773314 0.0024281 -0.000783683 0.999996 0.105244 0.012929 -1.35737
FixedParameters: 0 0 0

#Transform 38
Transform: AffineTransform_float_3_3
Parameters: 0.999986 -0.00449864 -0.00258145 0.00449995 0.99999 0.000631845 0.00257873 -0.000643155 0.999997 0.0961687 0.0122487 -1.34151
FixedParameters: 0 0 0

#Transform 39
Transform: AffineTransform_float_3_3
Parameters: 0.999986 -0.00438705 -0.0029619 0.00438949 0.99999 0.000895824 0.00295738 -0.000909173 0.999995 0.0900858 -0.00858061 -1.4223
FixedParameters: 0 0 0

#Transform 40
Transform: AffineTransform_float_3_3
Parameters: 0.999987 -0.00450707 -0.00260198 0.00450911 0.999989 0.00069273 0.00259962 -0.000704271 0.999996 0.106688 0.00847269 -1.38236
FixedParameters: 0 0 0

#Transform 41
Transform: AffineTransform_float_3_3
Parameters: 0.999986 -0.00446402 -0.00282032 0.00446726 0.999989 0.00110823 0.00281601 -0.00112077 0.999995 0.0869117 -0.0081481 -1.41841
FixedParameters: 0 0 0

#Transform 42
Transform: AffineTransform_float_3_3
Parameters: 0.999986 -0.00449809 -0.00276389 0.00450015 0.99999 0.000557023 0.00276145 -0.000569974 0.999996 0.0870398 0.00127333 -1.44031
FixedParameters: 0 0 0

#Transform 43
Transform: AffineTransform_float_3_3
Parameters: 0.999986 -0.00412135 -0.00326507 0.00412643 0.99999 0.00152059 0.00325889 -0.00153341 0.999993 0.0844515 0.00469827 -1.36432
FixedParameters: 0 0 0

#Transform 44
Transform: AffineTransform_float_3_3
Parameters: 0.999981 -0.0052031 -0.00352086 0.00520948 0.999985 0.00174182 0.00351167 -0.00176017 0.999992 0.0947071 0.00972334 -1.38993
FixedParameters: 0 0 0

#Transform 45
Transform: AffineTransform_float_3_3
Parameters: 0.999985 -0.00434632 -0.00333747 0.00434936 0.99999 0.00088239 0.00333314 -0.000896607 0.999994 0.10397 0.0279649 -1.33075
FixedParameters: 0 0 0

#Transform 46
Transform: AffineTransform_float_3_3
Parameters: 0.999986 -0.0039557 -0.00354768 0.00396067 0.999992 0.00143853 0.00354173 -0.00145247 0.999993 0.11074 0.0238171 -1.33901
FixedParameters: 0 0 0

#Transform 47
Transform: AffineTransform_float_3_3
Parameters: 0.999984 -0.00429336 -0.0034991 0.0043038 0.999987 0.00288388 0.00348708 -0.00289912 0.99999 0.086689 0.000243916 -1.51255
FixedParameters: 0 0 0

#Transform 48
Transform: AffineTransform_float_3_3
Parameters: 0.999982 -0.00450079 -0.00398696 0.00451055 0.999987 0.00254173 0.00397497 -0.00255927 0.999989 0.105173 -0.0075366 -1.54619
FixedParameters: 0 0 0

#Transform 49
Transform: AffineTransform_float_3_3
Parameters: 0.999979 -0.00519369 -0.00388622 0.00520113 0.999985 0.00171252 0.00387736 -0.00173248 0.999991 0.106485 -0.0241655 -1.58251
FixedParameters: 0 0 0

#Transform 50
Transform: AffineTransform_float_3_3
Parameters: 0.99998 -0.00495922 -0.00386166 0.00496451 0.999987 0.00142786 0.0038542 -0.00144714 0.999991 0.102486 0.00190873 -1.54615
FixedParameters: 0 0 0

#Transform 51
Transform: AffineTransform_float_3_3
Parameters: 0.999987 -0.0041216 -0.00304891 0.00412425 0.999991 0.000752914 0.00304566 -0.000766084 0.999995 0.0837899 0.0234735 -1.45625
FixedParameters: 0 0 0

#Transform 52
Transform: AffineTransform_float_3_3
Parameters: 0.999988 -0.0040331 -0.00275649 0.00403701 0.999991 0.00159101 0.00275002 -0.00160199 0.999995 0.0460134 0.0331522 -1.44923
FixedParameters: 0 0 0

#Transform 53
Transform: AffineTransform_float_3_3
Parameters: 0.999984 -0.00462229 -0.0030726 0.0046287 0.999987 0.00209183 0.00306354 -0.00210617 0.999993 0.0415509 0.0193396 -1.53916
FixedParameters: 0 0 0

#Transform 54
Transform: AffineTransform_float_3_3
Parameters: 0.999987 -0.00433057 -0.0026666 0.0043355 0.99999 0.00159007 0.00265971 -0.00160193 0.999995 0.0672582 0.0104546 -1.51248
FixedParameters: 0 0 0

#Transform 55
Transform: AffineTransform_float_3_3
Parameters: 0.999985 -0.00476797 -0.00263832 0.0047744 0.999985 0.00254438 0.00262564 -0.00255761 0.999993 0.067686 -0.0206029 -1.62034
FixedParameters: 0 0 0

#Transform 56
Transform: AffineTransform_float_3_3
Parameters: 0.999984 -0.00477083 -0.00299597 0.00477547 0.999987 0.00151758 0.00298875 -0.00153141 0.999994 0.0914705 -0.00137369 -1.59287
FixedParameters: 0 0 0

#Transform 57
Transform: AffineTransform_float_3_3
Parameters: 0.999983 -0.0050148 -0.00321036 0.0050186 0.999987 0.00105898 0.00320529 -0.00107502 0.999995 0.0888964 -0.0185292 -1.63655
FixedParameters: 0 0 0

#Transform 58
Transform: AffineTransform_float_3_3
Parameters: 0.99998 -0.0052265 -0.00352533 0.00522858 0.999986 0.000642556 0.00352284 -0.000660448 0.999993 0.0913934 0.00617127 -1.57536
FixedParameters: 0 0 0

#Transform 59
Transform: AffineTransform_float_3_3
Parameters: 0.999979 -0.00542408 -0.0035303 0.00542554 0.999986 0.000271828 0.00352856 -0.000291168 0.999994 0.0884924 -0.00715647 -1.61573
FixedParameters: 0 0 0

#Transform 60
Transform: AffineTransform_float_3_3
Parameters: 0.99998 -0.00544272 -0.00299741 0.00544976 0.999983 0.00227361 0.00298514 -0.00228939 0.999993 0.0920803 0.0598309 -1.41508
FixedParameters: 0 0 0

#Transform 61
Transform: AffineTransform_float_3_3
Parameters: 0.999979 -0.00560519 -0.0031978 0.00560783 0.999984 0.000941191 0.00319187 -0.000958806 0.999995 0.112213 0.0768199 -1.44551
FixedParameters: 0 0 0

#Transform 62
Transform: AffineTransform_float_3_3
Parameters: 0.99998 -0.00570546 -0.00298315 0.00570402 0.999984 -0.000669646 0.00298636 0.000652362 0.999996 0.0971314 0.0533946 -1.50784
FixedParameters: 0 0 0

#Transform 63
Transform: AffineTransform_float_3_3
Parameters: 0.999985 -0.00521107 -0.0017629 0.00521064 0.999986 -0.000275841 0.00176442 0.000267161 0.999999 0.0986201 0.060116 -1.48697
FixedParameters: 0 0 0

#Transform 64
Transform: AffineTransform_float_3_3
Parameters: 0.999981 -0.00569429 -0.00230374 0.00569059 0.999982 -0.00172689 0.00231283 0.00171312 0.999996 0.158384 0.0308704 -1.53629
FixedParameters: 0 0 0

#Transform 65
Transform: AffineTransform_float_3_3
Parameters: 0.999982 -0.00540179 -0.00240137 0.00540034 0.999985 -0.000719858 0.00240607 0.00070714 0.999997 0.123167 0.0363415 -1.50628
FixedParameters: 0 0 0

#Transform 66
Transform: AffineTransform_float_3_3
Parameters: 0.999977 -0.00645267 -0.00233348 0.00644714 0.999976 -0.00235012 0.00234836 0.00233588 0.999995 0.138824 0.0298834 -1.47452
FixedParameters: 0 0 0

#Transform 67
Transform: AffineTransform_float_3_3
Parameters: 0.99998 -0.00596617 -0.00198499 0.00596084 0.999979 -0.00247566 0.0019995 0.00246435 0.999995 0.127441 0.0445182 -1.41756
FixedParameters: 0 0 0

#Transform 68
Transform: AffineTransform_float_3_3
Parameters: 0.999977 -0.00647304 -0.0020259 0.00646763 0.999976 -0.00270612 0.00204326 0.00269289 0.999994 0.116218 -0.00229646 -1.52218
FixedParameters: 0 0 0

#Transform 69
Transform: AffineTransform_float_3_3
Parameters: 0.99998 -0.00588242 -0.00232669 0.00587559 0.99998 -0.00263414 0.00234224 0.00261986 0.999994 0.122967 0.0219566 -1.47713
FixedParameters: 0 0 0

#Transform 70
Transform: AffineTransform_float_3_3
Parameters: 0.999981 -0.00579829 -0.00170288 0.00579427 0.999981 -0.0023451 0.00171636 0.00233491 0.999996 0.0933547 0.0284945 -1.56106
FixedParameters: 0 0 0

#Transform 71
Transform: AffineTransform_float_3_3
Parameters: 0.99998 -0.00613826 -0.0016144 0.00613362 0.999978 -0.00270281 0.00163164 0.00269319 0.999995 0.107228 0.04801 -1.53499
FixedParameters: 0 0 0

#Transform 72
Transform: AffineTransform_float_3_3
Parameters: 0.999976 -0.00675396 -0.00185278 0.00674806 0.999973 -0.0030184 0.00187272 0.00300561 0.999994 0.116973 0.0323321 -1.60569
FixedParameters: 0 0 0

#Transform 73
Transform: AffineTransform_float_3_3
Parameters: 0.999978 -0.00626275 -0.00242882 0.00625625 0.999976 -0.00275362 0.00244615 0.00273838 0.999994 0.0787804 0.0262166 -1.56743
FixedParameters: 0 0 0

#Transform 74
Transform: AffineTransform_float_3_3
Parameters: 0.999974 -0.00692547 -0.00202392 0.00691953 0.999972 -0.00287185 0.00204378 0.00285816 0.999994 0.0890372 0.018785 -1.65219
FixedParameters: 0 0 0

#Transform 75
Transform: AffineTransform_float_3_3
Parameters: 0.999975 -0.00677351 -0.0021211 0.00676615 0.999972 -0.00332169 0.00214355 0.00330731 0.999992 0.093036 0.047503 -1.61211
FixedParameters: 0 0 0

#Transform 76
Transform: AffineTransform_float_3_3
Parameters: 0.999974 -0.00696607 -0.00214991 0.00696118 0.999973 -0.00218779 0.00216532 0.00217221 0.999995 0.0871403 0.00368785 -1.69657
FixedParameters: 0 0 0

#Transform 77
Transform: AffineTransform_float_3_3
Parameters: 0.999973 -0.00690636 -0.00227113 0.00690013 0.999972 -0.0029138 0.00229198 0.0028982 0.999993 0.0970454 0.0225266 -1.66462
FixedParameters: 0 0 0

#Transform 78
Transform: AffineTransform_float_3_3
Parameters: 0.999969 -0.00750179 -0.00236117 0.00749518 0.999968 -0.00291232 0.0023832 0.00289468 0.999993 0.0934409 0.0216927 -1.73112
FixedParameters: 0 0 0

#Transform 79
Transform: AffineTransform_float_3_3
Parameters: 0.999966 -0.00794396 -0.00231501 0.00793567 0.999962 -0.00361405 0.00234365 0.00359495 0.999991 0.0950349 0.033074 -1.70525
FixedParameters: 0 0 0

#Transform 80
Transform: AffineTransform_float_3_3
Parameters: 0.999965 -0.00805757 -0.00225336 0.00805008 0.999963 -0.00298531 0.00227702 0.00296669 0.999993 0.10172 0.0394673 -1.74022
FixedParameters: 0 0 0

#Transform 81
Transform: AffineTransform_float_3_3
Parameters: 0.999965 -0.00801731 -0.00215764 0.00801075 0.999963 -0.00311231 0.00218272 0.00309469 0.999993 0.103985 0.0269941 -1.77193
FixedParameters: 0 0 0

#Transform 82
Transform: AffineTransform_float_3_3
Parameters: 0.999968 -0.00772138 -0.00218894 0.00771283 0.999963 -0.00402742 0.00221883 0.0040106 0.99999 0.110518 0.0472258 -1.70409
FixedParameters: 0 0 0

#Transform 83
Transform: AffineTransform_float_3_3
Parameters: 0.99997 -0.00748098 -0.00167987 0.00747339 0.999962 -0.0044462 0.00171268 0.00443381 0.999989 0.0815813 0.0312794 -1.71069
FixedParameters: 0 0 0

#Transform 84
Transform: AffineTransform_float_3_3
Parameters: 0.999971 -0.00743429 -0.00157476 0.0074276 0.999964 -0.00412454 0.00160501 0.00411247 0.99999 0.0880602 0.0147984 -1.72087
FixedParameters: 0 0 0

#Transform 85
Transform: AffineTransform_float_3_3
Parameters: 0.999972 -0.0073475 -0.00180873 0.00733904 0.999964 -0.0043334 0.00184091 0.0043196 0.999989 0.104644 -0.0142341 -1.77731
FixedParameters: 0 0 0

#Transform 86
Transform: AffineTransform_float_3_3
Parameters: 0.99997 -0.00741066 -0.00217947 0.00740187 0.999965 -0.00406999 0.00220973 0.00405401 0.999989 0.105232 -0.0131989 -1.77304
FixedParameters: 0 0 0

#Transform 87
Transform: AffineTransform_float_3_3
Parameters: 0.999966 -0.00797239 -0.00187115 0.00796415 0.99996 -0.00402952 0.00190297 0.00401448 0.99999 0.0990809 -0.0138464 -1.82816
FixedParameters: 0 0 0

#Transform 88
Transform: AffineTransform_float_3_3
Parameters: 0.999968 -0.00762897 -0.00219454 0.00761924 0.999962 -0.00440111 0.00222807 0.00438389 0.999988 0.0996781 0.0015527 -1.76031
FixedParameters: 0 0 0

#Transform 89
Transform: AffineTransform_float_3_3
Parameters: 0.999964 -0.00808924 -0.00228494 0.00807867 0.999958 -0.00443948 0.00232089 0.00442152 0.999988 0.0765619 -0.0287762 -1.91021
FixedParameters: 0 0 0

#Transform 90
Transform: AffineTransform_float_3_3
Parameters: 0.999965 -0.00807826 -0.00238976 0.00806608 0.999955 -0.00490831 0.00242923 0.00488869 0.999985 0.0766333 -0.0258072 -1.87864
FixedParameters: 0 0 0

#Transform 91
Transform: AffineTransform_float_3_3
Parameters: 0.999964 -0.00807389 -0.00234548 0.00806207 0.999956 -0.00481479 0.00238471 0.00479521 0.999986 0.0924046 -0.0309191 -1.88807
FixedParameters: 0 0 0

#Transform 92
Transform: AffineTransform_float_3_3
Parameters: 0.999966 -0.00774374 -0.00274768 0.00772857 0.999956 -0.00531333 0.00278895 0.00529267 0.999982 0.0768752 -0.00365249 -1.83957
FixedParameters: 0 0 0

#Transform 93
Transform: AffineTransform_float_3_3
Parameters: 0.999963 -0.00803473 -0.00285577 0.00801851 0.999953 -0.00557083 0.0029003 0.00554817 0.99998 0.0689005 -0.0307397 -1.90305
FixedParameters: 0 0 0

#Transform 94
Transform: AffineTransform_float_3_3
Parameters: 0.99996 -0.00839422 -0.00331622 0.00837525 0.999949 -0.00570863 0.00336451 0.00568037 0.999978 0.0877925 -0.023316 -1.88428
FixedParameters: 0 0 0

#Transform 95
Transform: AffineTransform_float_3_3
Parameters: 0.999959 -0.00839792 -0.00337199 0.00837889 0.999948 -0.00575875 0.00342077 0.00573025 0.999978 0.0789926 -0.0114223 -1.9137
FixedParameters: 0 0 0

#Transform 96
Transform: AffineTransform_float_3_3
Parameters: 0.999963 -0.00809723 -0.00314832 0.00807897 0.999951 -0.0056703 0.00319434 0.0056447 0.99998 0.0769639 -0.00585713 -1.92351
FixedParameters: 0 0 0

#Transform 97
Transform: AffineTransform_float_3_3
Parameters: 0.999959 -0.00848946 -0.00307324 0.00847419 0.999951 -0.00500843 0.00311549 0.00498157 0.999983 0.0755688 -0.0412179 -1.99528
FixedParameters: 0 0 0

#Transform 98
Transform: AffineTransform_float_3_3
Parameters: 0.99996 -0.00832704 -0.00321533 0.00830854 0.99995 -0.00558941 0.00326259 0.00556259 0.999979 0.0643293 -0.0485391 -2.01471
FixedParameters: 0 0 0

#Transform 99
Transform: AffineTransform_float_3_3
Parameters: 0.999958 -0.00847038 -0.00333699 0.00844634 0.999939 -0.0070671 0.00339637 0.0070379 0.999969 0.0808053 -0.0266914 -1.92836
FixedParameters: 0 0 0

#Transform 100
Transform: AffineTransform_float_3_3
Parameters: 0.999959 -0.00854669 -0.00304707 0.00852808 0.999945 -0.00612558 0.00309886 0.00609943 0.999977 0.0575548 -0.0461297 -2.01544
FixedParameters: 0 0 0

#Transform 101
Transform: AffineTransform_float_3_3
Parameters: 0.999958 -0.00882665 -0.00268301 0.00880683 0.999936 -0.00701685 0.00274449 0.00699314 0.999972 0.0819703 -0.0260771 -1.99426
FixedParameters: 0 0 0

#Transform 102
Transform: AffineTransform_float_3_3
Parameters: 0.999952 -0.00937792 -0.00298917 0.00935812 0.999933 -0.00676079 0.00305237 0.00673322 0.999973 0.0652732 -0.0337683 -2.05721
FixedParameters: 0 0 0

#Transform 103
Transform: AffineTransform_float_3_3
Parameters: 0.999952 -0.00914958 -0.00355196 0.00912506 0.999933 -0.00705844 0.00361641 0.00702556 0.999968 0.0793175 -0.0360373 -2.01221
FixedParameters: 0 0 0

#Transform 104
Transform: AffineTransform_float_3_3
Parameters: 0.999951 -0.00920487 -0.00343963 0.00918286 0.999939 -0.0062293 0.00349605 0.00619671 0.999975 0.0716056 -0.0365772 -2.04115
FixedParameters: 0 0 0

#Transform 105
Transform: AffineTransform_float_3_3
Parameters: 0.999955 -0.00891329 -0.00325003 0.00889117 0.999938 -0.00676016 0.00330968 0.00673086 0.999972 0.0361755 -0.0159869 -1.94929
FixedParameters: 0 0 0

#Transform 106
Transform: AffineTransform_float_3_3
Parameters: 0.999952 -0.00905374 -0.00354229 0.00902279 0.999922 -0.00864655 0.00362002 0.00861446 0.999957 0.0145872 -0.0304379 -2.05672
FixedParameters: 0 0 0

#Transform 107
Transform: AffineTransform_float_3_3
Parameters: 0.999946 -0.00965046 -0.00387935 0.00962206 0.999926 -0.00741662 0.00395074 0.00737939 0.999965 0.0165322 -0.0532713 -2.10392
FixedParameters: 0 0 0

#Transform 108
Transform: AffineTransform_float_3_3
Parameters: 0.999948 -0.00949892 -0.00376651 0.00946578 0.999918 -0.00863304 0.00384768 0.00859696 0.999956 0.0288342 -0.0635233 -2.15002
FixedParameters: 0 0 0

#Transform 109
Transform: AffineTransform_float_3_3
Parameters: 0.999946 -0.00965893 -0.00398308 0.00962693 0.999924 -0.00775466 0.00405752 0.00771535 0.999962 0.00969114 -0.0791937 -2.21627
FixedParameters: 0 0 0

#Transform 110
Transform: AffineTransform_float_3_3
Parameters: 0.99995 -0.00920393 -0.00379592 0.009169 0.999916 -0.00915553 0.00388043 0.00912046 0.999951 0.034742 -0.0521475 -2.11275
FixedParameters: 0 0 0

#Transform 111
Transform: AffineTransform_float_3_3
Parameters: 0.999951 -0.00919198 -0.00361585 0.00916548 0.999931 -0.00742099 0.0036836 0.00738802 0.999966 0.0300887 -0.0740256 -2.18734
FixedParameters: 0 0 0

#Transform 112
Transform: AffineTransform_float_3_3
Parameters: 0.999951 -0.00917028 -0.00356492 0.00914417 0.99993 -0.00747079 0.00363327 0.0074382 0.999965 0.0123586 -0.0752258 -2.25596
FixedParameters: 0 0 0

#Transform 113
Transform: AffineTransform_float_3_3
Parameters: 0.99995 -0.00935172 -0.00335586 0.00932647 0.999927 -0.0077044 0.00342722 0.00767362 0.999965 0.0138445 -0.088613 -2.2737
FixedParameters: 0 0 0

#Transform 114
Transform: AffineTransform_float_3_3
Parameters: 0.99995 -0.00935316 -0.00356781 0.00932658 0.999929 -0.00742164 0.00363611 0.00738837 0.999966 0.0140281 -0.0634584 -2.26794
FixedParameters: 0 0 0

#Transform 115
Transform: AffineTransform_float_3_3
Parameters: 0.999947 -0.00965143 -0.00377299 0.00961997 0.999919 -0.00826034 0.00385224 0.00822365 0.999958 0.0377882 -0.0683984 -2.26132
FixedParameters: 0 0 0

#Transform 116
Transform: AffineTransform_float_3_3
Parameters: 0.999949 -0.00951213 -0.00342155 0.00948639 0.999928 -0.00742206 0.0034917 0.00738894 0.999966 0.0309751 -0.0874575 -2.28583
FixedParameters: 0 0 0

#Transform 117
Transform: AffineTransform_float_3_3
Parameters: 0.999946 -0.00983696 -0.00330092 0.00980997 0.999919 -0.00814323 0.00338165 0.00811077 0.999961 0.0286571 -0.077322 -2.27836
FixedParameters: 0 0 0

#Transform 118
Transform: AffineTransform_float_3_3
Parameters: 0.999947 -0.00971971 -0.0034533 0.00969046 0.999918 -0.00839645 0.00353399 0.00836257 0.999959 0.042752 -0.0812885 -2.30327
FixedParameters: 0 0 0

#Transform 119
Transform: AffineTransform_float_3_3
Parameters: 0.999948 -0.00961494 -0.00353978 0.00958467 0.999919 -0.00831938 0.00361945 0.00828461 0.999959 0.023574 -0.0592637 -2.31469
FixedParameters: 0 0 0

#Transform 120
Transform: AffineTransform_float_3_3
Parameters: 0.999948 -0.00949772 -0.0035323 0.00946649 0.999918 -0.00866854 0.00361495 0.00863545 0.999956 0.0284602 -0.0644096 -2.32219
FixedParameters: 0 0 0

#Transform 121
Transform: AffineTransform_float_3_3
Parameters: 0.999943 -0.00995297 -0.0037018 0.00991947 0.999909 -0.0090695 0.00379106 0.00903251 0.999952 0.0377828 -0.0553063 -2.31595
FixedParameters: 0 0 0

#Transform 122
Transform: AffineTransform_float_3_3
Parameters: 0.999944 -0.00977566 -0.00408805 0.00974238 0.99992 -0.00806126 0.00416687 0.00802173 0.999958 0.0310515 -0.0557488 -2.29975
FixedParameters: 0 0 0

#Transform 123
Transform: AffineTransform_float_3_3
Parameters: 0.999943 -0.00986806 -0.00410471 0.00983157 0.999914 -0.00872635 0.00419153 0.00868564 0.999953 0.0651493 -0.0635775 -2.33845
FixedParameters: 0 0 0

#Transform 124
Transform: AffineTransform_float_3_3
Parameters: 0.999939 -0.0101927 -0.00430823 0.0101585 0.999917 -0.00792985 0.00438932 0.00788515 0.999959 0.0367212 -0.0534656 -2.3474
FixedParameters: 0 0 0

#Transform 125
Transform: AffineTransform_float_3_3
Parameters: 0.999944 -0.00978601 -0.00402561 0.00975003 0.999913 -0.00889694 0.00411303 0.00885706 0.999952 0.0345039 -0.0650466 -2.35229
FixedParameters: 0 0 0

#Transform 126
Transform: AffineTransform_float_3_3
Parameters: 0.99994 -0.0100484 -0.00419843 0.0100124 0.999913 -0.00847982 0.00428342 0.00843716 0.999955 0.0348112 -0.0554163 -2.36008
FixedParameters: 0 0 0

#Transform 127
Transform: AffineTransform_float_3_3
Parameters: 0.999942 -0.00989404 -0.00420097 0.00985627 0.999912 -0.0089127 0.00428888 0.00887131 0.999952 0.0367246 -0.0642289 -2.34684
FixedParameters: 0 0 0

#Transform 128
Transform: AffineTransform_float_3_3
Parameters: 0.999943 -0.010088 -0.00354669 0.0100576 0.999914 -0.00847566 0.00363249 0.00843934 0.999958 0.0245706 -0.0620064 -2.37742
FixedParameters: 0 0 0

#Transform 129
Transform: AffineTransform_float_3_3
Parameters: 0.999945 -0.00971341 -0.00383166 0.00967993 0.999916 -0.0085988 0.00391453 0.0085612 0.999956 0.0181861 -0.0723259 -2.33944
FixedParameters: 0 0 0

#Transform 130
Transform: AffineTransform_float_3_3
Parameters: 0.999945 -0.00977415 -0.00373713 0.00973893 0.999909 -0.00933288 0.00382788 0.00929514 0.99995 0.0309879 -0.0751851 -2.36123
FixedParameters: 0 0 0

#Transform 131
Transform: AffineTransform_float_3_3
Parameters: 0.99994 -0.0103564 -0.00342677 0.0103269 0.999911 -0.00847642 0.00351438 0.00844058 0.999958 0.0236193 -0.0737885 -2.37765
FixedParameters: 0 0 0

#Transform 132
Transform: AffineTransform_float_3_3
Parameters: 0.999943 -0.00989681 -0.00387346 0.00985939 0.999906 -0.00947028 0.00396748 0.00943172 0.999948 0.0418907 -0.0860122 -2.38266
FixedParameters: 0 0 0

#Transform 133
Transform: AffineTransform_float_3_3
Parameters: 0.999942 -0.0100208 -0.00378857 0.0099891 0.999915 -0.00833874 0.00387191 0.00830025 0.999958 0.0215152 -0.0829916 -2.42823
FixedParameters: 0 0 0

#Transform 134
Transform: AffineTransform_float_3_3
Parameters: 0.999941 -0.0100367 -0.00397575 0.00999839 0.999904 -0.00964953 0.00407165 0.00960848 0.999945 0.0256852 -0.0917669 -2.4008
FixedParameters: 0 0 0

#Transform 135
Transform: AffineTransform_float_3_3
Parameters: 0.999941 -0.0102266 -0.0038388 0.0101905 0.999906 -0.00909739 0.00393129 0.00905761 0.999952 0.0102067 -0.0881489 -2.44028
FixedParameters: 0 0 0

#Transform 136
Transform: AffineTransform_float_3_3
Parameters: 0.999942 -0.010001 -0.00386944 0.00996718 0.999913 -0.00869229 0.00395648 0.00865372 0.999955 0.0168019 -0.0935401 -2.44367
FixedParameters: 0 0 0

#Transform 137
Transform: AffineTransform_float_3_3
Parameters: 0.999943 -0.0100345 -0.00384598 0.00999805 0.999906 -0.00936521 0.00393959 0.00932679 0.999949 0.0214693 -0.0658871 -2.4153
FixedParameters: 0 0 0

#Transform 138
Transform: AffineTransform_float_3_3
Parameters: 0.999941 -0.0101443 -0.00394356 0.010109 0.99991 -0.00880776 0.00403185 0.00876726 0.999954 0.0228352 -0.0699167 -2.43099
FixedParameters: 0 0 0

#Transform 139
Transform: AffineTransform_float_3_3
Parameters: 0.999941 -0.0102019 -0.00378324 0.0101647 0.9999 -0.00983412 0.00388334 0.00979487 0.999944 0.0228722 -0.0619007 -2.42384
FixedParameters: 0 0 0

#Transform 140
Transform: AffineTransform_float_3_3
Parameters: 0.999938 -0.0103418 -0.00394958 0.0103057 0.999907 -0.00889928 0.00404098 0.00885772 0.999953 0.0246397 -0.0636908 -2.42777
FixedParameters: 0 0 0

#Transform 141
Transform: AffineTransform_float_3_3
Parameters: 0.999939 -0.0103484 -0.00391719 0.0103119 0.999904 -0.00915798 0.00401144 0.00911701 0.99995 0.00182522 -0.0712409 -2.42609
FixedParameters: 0 0 0

#Transform 142
Transform: AffineTransform_float_3_3
Parameters: 0.99994 -0.0103313 -0.00364596 0.0102984 0.999906 -0.00909706 0.00373948 0.00905896 0.999952 0.0131289 -0.0461881 -2.46204
FixedParameters: 0 0 0

#Transform 143
Transform: AffineTransform_float_3_3
Parameters: 0.999936 -0.0106145 -0.00392505 0.0105805 0.999907 -0.00862129 0.00401672 0.00857871 0.999955 -0.00377859 -0.0639995 -2.45623
FixedParameters: 0 0 0

#Transform 144
Transform: AffineTransform_float_3_3
Parameters: 0.999942 -0.010174 -0.00368542 0.0101341 0.999893 -0.0105744 0.003792 0.0105366 0.999937 0.0144402 -0.0474772 -2.40087
FixedParameters: 0 0 0

#Transform 145
Transform: AffineTransform_float_3_3
Parameters: 0.999939 -0.0103582 -0.0036461 0.0103209 0.999896 -0.0101112 0.00375094 0.0100728 0.999943 0.020015 -0.0462675 -2.40381
FixedParameters: 0 0 0

#Transform 146
Transform: AffineTransform_float_3_3
Parameters: 0.999939 -0.0104572 -0.00359653 0.0104246 0.999904 -0.00911052 0.0036917 0.00907248 0.999952 0.00420899 -0.070183 -2.49037
FixedParameters: 0 0 0

#Transform 147
Transform: AffineTransform_float_3_3
Parameters: 0.999938 -0.0106418 -0.00345079 0.0106086 0.999898 -0.00958055 0.00355169 0.00954346 0.999948 -0.00661858 -0.0617559 -2.46153
FixedParameters: 0 0 0

#Transform 148
Transform: AffineTransform_float_3_3
Parameters: 0.999942 -0.0102699 -0.0031766 0.0102358 0.99989 -0.0108004 0.00328703 0.0107666 0.999936 -0.00503877 -0.0350377 -2.43365
FixedParameters: 0 0 0

#Transform 149
Transform: AffineTransform_float_3_3
Parameters: 0.999942 -0.0103094 -0.00315019 0.0102759 0.999893 -0.0104803 0.00325791 0.0104467 0.99994 -0.00859914 -0.0303687 -2.41128
FixedParameters: 0 0 0

#Transform 150
Transform: AffineTransform_float_3_3
Parameters: 0.999941 -0.0105396 -0.00258928 0.0105143 0.999898 -0.00964625 0.00269108 0.00961875 0.99995 -0.0166074 -0.0561111 -2.46768
FixedParameters: 0 0 0

#Transform 151
Transform: AffineTransform_float_3_3
Parameters: 0.999943 -0.0103738 -0.00246678 0.0103461 0.999888 -0.0108837 0.00257947 0.0108573 0.999937 -0.0186082 -0.0372808 -2.41635
FixedParameters: 0 0 0

#Transform 152
Transform: AffineTransform_float_3_3
Parameters: 0.999936 -0.0110436 -0.00254998 0.0110182 0.999893 -0.00960622 0.00265559 0.00957678 0.99995 -0.0119885 -0.0509566 -2.44675
FixedParameters: 0 0 0

#Transform 153
Transform: AffineTransform_float_3_3
Parameters: 0.999944 -0.0104241 -0.00215087 0.0104013 0.999892 -0.0103399 0.00225852 0.0103171 0.999944 -0.0309456 -0.0500925 -2.45345
FixedParameters: 0 0 0

#Transform 154
Transform: AffineTransform_float_3_3
Parameters: 0.99994 -0.0107805 -0.00196043 0.0107627 0.999904 -0.00867729 0.00205411 0.00865571 0.999961 -0.0359251 -0.0425104 -2.4949
FixedParameters: 0 0 0

#Transform 155
Transform: AffineTransform_float_3_3
Parameters: 0.99994 -0.0107691 -0.00191099 0.0107488 0.99989 -0.010202 0.00202085 0.01018 0.999947 -0.0158687 -0.0436486 -2.49714
FixedParameters: 0 0 0

#Transform 156
Transform: AffineTransform_float_3_3
Parameters: 0.99994 -0.0107415 -0.00245216 0.0107122 0.999877 -0.0114551 0.00257483 0.0114279 0.999932 -0.014912 -0.0444194 -2.52519
FixedParameters: 0 0 0

#Transform 157
Transform: AffineTransform_float_3_3
Parameters: 0.999939 -0.0108923 -0.00218147 0.0108677 0.999881 -0.01095 0.00230048 0.010925 0.999938 -0.0137998 -0.0651889 -2.54305
FixedParameters: 0 0 0

#Transform 158
Transform: AffineTransform_float_3_3
Parameters: 0.999938 -0.0109248 -0.00221909 0.0109005 0.999881 -0.0108983 0.00233729 0.0108737 0.999939 -0.013544 -0.0623845 -2.55659
FixedParameters: 0 0 0

#Transform 159
Transform: AffineTransform_float_3_3
Parameters: 0.999937 -0.0108936 -0.00263183 0.0108648 0.999884 -0.0106045 0.00274708 0.0105755 0.999941 -0.01276 -0.0747157 -2.56411
FixedParameters: 0 0 0

#Transform 160
Transform: AffineTransform_float_3_3
Parameters: 0.999929 -0.0114708 -0.00318464 0.0114345 0.999873 -0.0110753 0.00331199 0.0110387 0.999933 0.0268947 -0.0756516 -2.55841
FixedParameters: 0 0 0

#Transform 161
Transform: AffineTransform_float_3_3
Parameters: 0.999931 -0.0114321 -0.00272262 0.011403 0.999879 -0.0106221 0.00284346 0.01059 0.99994 0.0205515 -0.0606603 -2.54535
FixedParameters: 0 0 0

#Transform 162
Transform: AffineTransform_float_3_3
Parameters: 0.99993 -0.0115199 -0.002904 0.0114868 0.999874 -0.01101 0.00303033 0.010976 0.999936 0.0478753 -0.0633319 -2.53504
FixedParameters: 0 0 0

#Transform 163
Transform: AffineTransform_float_3_3
Parameters: 0.999928 -0.0116922 -0.00274797 0.0116619 0.999874 -0.0107889 0.00287375 0.0107561 0.999938 0.0512853 -0.0486492 -2.56138
FixedParameters: 0 0 0

#Transform 164
Transform: AffineTransform_float_3_3
Parameters: 0.99993 -0.011428 -0.00289758 0.0113957 0.999872 -0.0111955 0.00302535 0.0111615 0.999933 0.051935 -0.039878 -2.4716
FixedParameters: 0 0 0

#Transform 165
Transform: AffineTransform_float_3_3
Parameters: 0.999923 -0.0121236 -0.00272476 0.0120938 0.99987 -0.0107317 0.0028553 0.0106983 0.999938 0.0496601 -0.0456832 -2.50305
FixedParameters: 0 0 0

#Transform 166
Transform: AffineTransform_float_3_3
Parameters: 0.999923 -0.0120965 -0.00278398 0.0120657 0.999869 -0.010792 0.00291407 0.010758 0.999938 0.0379181 -0.0318399 -2.49108
FixedParameters: 0 0 0

#Transform 167
Transform: AffineTransform_float_3_3
Parameters: 0.999921 -0.0121877 -0.00322714 0.0121512 0.999865 -0.0110437 0.0033606 0.0110033 0.999934 0.0395933 -0.037262 -2.52598
FixedParameters: 0 0 0

#Transform 168
Transform: AffineTransform_float_3_3
Parameters: 0.999921 -0.0120733 -0.00332118 0.0120333 0.99986 -0.0116256 0.00346178 0.0115844 0.999927 0.0181306 -0.0368471 -2.52078
FixedParameters: 0 0 0

#Transform 169
Transform: AffineTransform_float_3_3
Parameters: 0.999916 -0.0124778 -0.00346656 0.0124357 0.999852 -0.0118781 0.00361491 0.0118339 0.999923 0.0292115 -0.0365031 -2.56936
FixedParameters: 0 0 0

#Transform 170
Transform: AffineTransform_float_3_3
Parameters: 0.999914 -0.0127384 -0.00329992 0.0126991 0.999852 -0.0115826 0.00344722 0.0115393 0.999927 0.027033 -0.0449239 -2.56582
FixedParameters: 0 0 0

#Transform 171
Transform: AffineTransform_float_3_3
Parameters: 0.999919 -0.0123429 -0.00313164 0.0123034 0.999849 -0.0122621 0.00328213 0.0122229 0.99992 0.00823087 -0.0509356 -2.56864
FixedParameters: 0 0 0

#Transform 172
Transform: AffineTransform_float_3_3
Parameters: 0.999923 -0.0119922 -0.00339583 0.0119541 0.999864 -0.0113358 0.0035313 0.0112942 0.99993 -0.000780931 -0.0438363 -2.56156
FixedParameters: 0 0 0

#Transform 173
Transform: AffineTransform_float_3_3
Parameters: 0.999915 -0.0125135 -0.00368128 0.0124675 0.999848 -0.01218 0.00383322 0.012133 0.99992 0.00439265 -0.0418371 -2.5704
FixedParameters: 0 0 0

#Transform 174
Transform: AffineTransform_float_3_3
Parameters: 0.99992 -0.012018 -0.00376371 0.0119726 0.999858 -0.011829 0.00390506 0.011784 0.999923 -0.0120641 -0.0368575 -2.55876
FixedParameters: 0 0 0

#Transform 175
Transform: AffineTransform_float_3_3
Parameters: 0.999914 -0.0126138 -0.00361209 0.0125692 0.99985 -0.0118904 0.00376129 0.0118436 0.999923 -0.0257273 -0.0514479 -2.52527
FixedParameters: 0 0 0

#Transform 176
Transform: AffineTransform_float_3_3
Parameters: 0.999921 -0.0120506 -0.00353587 0.0120049 0.999848 -0.0126147 0.00368706 0.0125713 0.999914 -0.0313661 -0.035169 -2.53883
FixedParameters: 0 0 0

#Transform 177
Transform: AffineTransform_float_3_3
Parameters: 0.999919 -0.0121302 -0.00380846 0.012084 0.999856 -0.0119285 0.00395221 0.0118815 0.999921 -0.0295731 -0.0589273 -2.63152
FixedParameters: 0 0 0

#Transform 178
Transform: AffineTransform_float_3_3
Parameters: 0.999921 -0.0119966 -0.00371892 0.0119515 0.999856 -0.0119986 0.00386252 0.0119534 0.999921 -0.0485328 -0.0609741 -2.62125
FixedParameters: 0 0 0

#Transform 179
Transform: AffineTransform_float_3_3
Parameters: 0.99992 -0.0121152 -0.00379245 0.0120684 0.999855 -0.0120031 0.00393672 0.0119559 0.999921 -0.0590778 -0.0422012 -2.63896
FixedParameters: 0 0 0
