# transform file /out/sourcedata/freesurfer/sub-v1s10x0051039_ses-1/mri/transforms/cc_up.lta
# created by oesteban on Thu Mar 12 05:01:06 2026

type      = 0 # LINEAR_VOX_TO_VOX
nxforms   = 1
mean      = 130.0000 121.0000 120.0000
sigma     = 10000.0000
1 4 4
9.994291663169861e-01 2.690871246159077e-02 2.042776718735695e-02 -6.378777980804443e+00 
-2.690309286117554e-02 9.996379613876343e-01 -5.498839891515672e-04 2.960724067687988e+01 
-2.043516747653484e-02 -5.820766091346741e-11 9.997911453247070e-01 1.268730068206787e+01 
0.000000000000000e+00 0.000000000000000e+00 0.000000000000000e+00 1.000000000000000e+00 
src volume info
valid = 1  # volume info valid
filename = /out/sourcedata/freesurfer/sub-v1s10x0051039_ses-1/mri/norm.mgz
volume = 256 256 256
voxelsize = 1.000000000000000e+00 1.000000000000000e+00 1.000000000000000e+00
xras   = -1.000000000000000e+00 0.000000000000000e+00 0.000000000000000e+00
yras   = 0.000000000000000e+00 0.000000000000000e+00 -1.000000000000000e+00
zras   = 0.000000000000000e+00 1.000000000000000e+00 0.000000000000000e+00
cras   = -8.732467651367188e+00 1.000000000000000e+00 -1.168670654296875e+00
dst volume info
valid = 1  # volume info valid
filename = /out/sourcedata/freesurfer/sub-v1s10x0051039_ses-1/mri/norm.mgz
volume = 256 256 256
voxelsize = 1.000000000000000e+00 1.000000000000000e+00 1.000000000000000e+00
xras   = -1.000000000000000e+00 0.000000000000000e+00 0.000000000000000e+00
yras   = 0.000000000000000e+00 0.000000000000000e+00 -1.000000000000000e+00
zras   = 0.000000000000000e+00 1.000000000000000e+00 0.000000000000000e+00
cras   = -8.732467651367188e+00 1.000000000000000e+00 -1.168670654296875e+00
