#Insight Transform File V1.0
#Transform 0
Transform: AffineTransform_float_3_3
Parameters: 0.999999 -0.000662148 0.000541479 0.000661769 0.999999 0.000350358 -0.000541943 -0.000349641 1 0.071956 -0.189428 -0.336613
FixedParameters: 0 0 0

#Transform 1
Transform: AffineTransform_float_3_3
Parameters: 1 0.000543392 -0.000255448 -0.000543239 1 0.000299139 0.000255773 -0.000298861 1 0.036 0.0223959 0.0409164
FixedParameters: 0 0 0

#Transform 2
Transform: AffineTransform_float_3_3
Parameters: 1 0.000337129 -8.09762e-05 -0.00033704 1 0.000549027 8.13464e-05 -0.000548972 1 0.0358125 0.058587 0.0582328
FixedParameters: 0 0 0

#Transform 3
Transform: AffineTransform_float_3_3
Parameters: 1 0.00030245 -0.000493897 -0.000301704 1 0.00115115 0.000493672 -0.00115085 0.999999 0.0242352 0.041193 0.0221687
FixedParameters: 0 0 0

#Transform 4
Transform: AffineTransform_float_3_3
Parameters: 1 0.000401664 -0.000364487 -0.000401442 0.999999 0.000841146 0.000364242 -0.000840853 0.999999 0.0257023 0.0601298 0.053253
FixedParameters: 0 0 0

#Transform 5
Transform: AffineTransform_float_3_3
Parameters: 1 0.000407184 -0.000266855 -0.000407064 1 0.000956749 0.000266713 -0.000957251 0.999999 0.0408406 0.0470446 0.0272916
FixedParameters: 0 0 0

#Transform 6
Transform: AffineTransform_float_3_3
Parameters: 1 0.000469869 -0.000231628 -0.000469925 0.999999 0.000723109 0.000231387 -0.000722891 0.999999 0.0219816 0.066931 0.051328
FixedParameters: 0 0 0

#Transform 7
Transform: AffineTransform_float_3_3
Parameters: 1 0.000487762 3.89923e-05 -0.000486926 1 0.00109798 -3.83128e-05 -0.00109802 1 0.0210901 0.051039 0.0419274
FixedParameters: 0 0 0

#Transform 8
Transform: AffineTransform_float_3_3
Parameters: 1 0.000636809 -0.000206705 -0.00063686 1 0.000821772 0.000206832 -0.000822228 0.999999 0.0391093 0.0596699 0.0556567
FixedParameters: 0 0 0

#Transform 9
Transform: AffineTransform_float_3_3
Parameters: 1 0.00060539 -0.000360448 -0.000605005 0.999999 0.00107622 0.00036083 -0.00107578 1 0.0417598 0.0584079 0.0236372
FixedParameters: 0 0 0

#Transform 10
Transform: AffineTransform_float_3_3
Parameters: 1 0.000493158 -0.000271585 -0.000492481 0.999999 0.00124513 0.000272812 -0.00124487 0.999999 0.0278042 0.0670618 0.0481615
FixedParameters: 0 0 0

#Transform 11
Transform: AffineTransform_float_3_3
Parameters: 1 0.000524647 -0.000410028 -0.000523928 1 0.000875855 0.000410947 -0.000876144 0.999999 0.0450997 0.0455674 0.0338099
FixedParameters: 0 0 0

#Transform 12
Transform: AffineTransform_float_3_3
Parameters: 1 0.000372787 6.46407e-05 -0.000372853 1 0.000508976 -6.42611e-05 -0.000509024 1 0.0368046 0.072917 0.031535
FixedParameters: 0 0 0

#Transform 13
Transform: AffineTransform_float_3_3
Parameters: 1 0.000344011 3.04139e-05 -0.000344092 0.999999 0.00135199 -2.94836e-05 -0.00135201 0.999999 0.0124038 0.0627237 0.0230062
FixedParameters: 0 0 0

#Transform 14
Transform: AffineTransform_float_3_3
Parameters: 1 9.32055e-06 -0.000309055 -8.97001e-06 1 0.001201 0.000308157 -0.001201 0.999999 0.0508505 0.0685049 0.0481082
FixedParameters: 0 0 0

#Transform 15
Transform: AffineTransform_float_3_3
Parameters: 1 0.000346549 -0.000248587 -0.000345852 0.999999 0.00139909 0.000249556 -0.00139891 0.999999 0.0403129 0.0501326 0.0214424
FixedParameters: 0 0 0

#Transform 16
Transform: AffineTransform_float_3_3
Parameters: 1 0.000145688 1.33014e-05 -0.000145722 0.999999 0.00131 -1.29197e-05 -0.00131 0.999999 0.0239238 0.0567484 0.0202723
FixedParameters: 0 0 0

#Transform 17
Transform: AffineTransform_float_3_3
Parameters: 1 0.000163628 5.56048e-05 -0.00016281 0.999999 0.00092299 -5.56942e-05 -0.000923008 0.999999 0.0451079 0.0641089 0.0248229
FixedParameters: 0 0 0

#Transform 18
Transform: AffineTransform_float_3_3
Parameters: 1 0.000229414 0.000211344 -0.000229091 0.999999 0.00141495 -0.000211086 -0.00141505 0.999999 0.0387603 0.0568736 0.0260625
FixedParameters: 0 0 0

#Transform 19
Transform: AffineTransform_float_3_3
Parameters: 1 9.10783e-05 -1.56742e-05 -9.01025e-05 0.999999 0.001767 1.56037e-05 -0.001767 0.999999 0.0344486 0.070036 0.024331
FixedParameters: 0 0 0

#Transform 20
Transform: AffineTransform_float_3_3
Parameters: 1 0.000309885 0.000193577 -0.000309463 0.999999 0.00128794 -0.00019317 -0.00128806 0.999999 0.0225995 0.0624457 0.0465674
FixedParameters: 0 0 0

#Transform 21
Transform: AffineTransform_float_3_3
Parameters: 1 4.85538e-05 -0.000354958 -4.76599e-05 0.999999 0.00125902 0.00035508 -0.00125898 0.999999 0.0551974 0.0714023 0.0241369
FixedParameters: 0 0 0

#Transform 22
Transform: AffineTransform_float_3_3
Parameters: 1 0.000239709 -0.00051932 -0.000239486 0.999998 0.00147628 0.000519498 -0.00147672 0.999999 0.0508723 0.0675743 0.0313433
FixedParameters: 0 0 0

#Transform 23
Transform: AffineTransform_float_3_3
Parameters: 1 0.000222592 -8.21132e-05 -0.000222322 0.999998 0.00163802 8.2842e-05 -0.00163798 0.999998 0.0333368 0.0812305 0.014595
FixedParameters: 0 0 0

#Transform 24
Transform: AffineTransform_float_3_3
Parameters: 1 0.000235798 -0.000359122 -0.000235064 0.999998 0.00156708 0.00035894 -0.00156691 0.999998 0.0619223 0.0753075 0.0108058
FixedParameters: 0 0 0

#Transform 25
Transform: AffineTransform_float_3_3
Parameters: 1 0.000165828 -0.000329519 -0.000164724 0.999998 0.00167405 0.000330072 -0.00167394 0.999998 0.0523242 0.0752576 0.013674
FixedParameters: 0 0 0

#Transform 26
Transform: AffineTransform_float_3_3
Parameters: 1 0.000369429 -0.000212497 -0.000369073 0.999999 0.00175708 0.000212874 -0.00175692 0.999999 0.0476078 0.075471 0.0221017
FixedParameters: 0 0 0

#Transform 27
Transform: AffineTransform_float_3_3
Parameters: 1 0.000185739 -6.65656e-05 -0.000185535 0.999999 0.00152301 6.71311e-05 -0.00152299 0.999999 0.0560198 0.0812773 0.0189516
FixedParameters: 0 0 0

#Transform 28
Transform: AffineTransform_float_3_3
Parameters: 1 8.62644e-05 -2.45029e-05 -8.61806e-05 0.999998 0.001699 2.47959e-05 -0.001699 0.999998 0.0444117 0.079401 0.0197649
FixedParameters: 0 0 0

#Transform 29
Transform: AffineTransform_float_3_3
Parameters: 1 0.000165469 -5.80176e-05 -0.000165303 0.999999 0.00141901 5.8487e-05 -0.00141899 0.999999 0.0460799 0.0878193 0.0290567
FixedParameters: 0 0 0

#Transform 30
Transform: AffineTransform_float_3_3
Parameters: 1 0.000207791 0.000170562 -0.000207402 0.999999 0.00155696 -0.000170307 -0.00155703 0.999999 0.0463997 0.0805315 0.0166361
FixedParameters: 0 0 0

#Transform 31
Transform: AffineTransform_float_3_3
Parameters: 1 0.000241363 0.000296449 -0.000242421 0.999999 0.00178678 -0.000295585 -0.00178623 0.999998 0.0631015 0.0900806 -0.00259193
FixedParameters: 0 0 0

#Transform 32
Transform: AffineTransform_float_3_3
Parameters: 1 0.000121943 3.42311e-05 -0.000122051 0.999998 0.001587 -3.38439e-05 -0.001587 0.999998 0.0451041 0.0875012 0.0107287
FixedParameters: 0 0 0

#Transform 33
Transform: AffineTransform_float_3_3
Parameters: 1 0.000274385 0.00029225 -0.000275736 0.999998 0.00164392 -0.000292266 -0.00164408 0.999998 0.0495655 0.0953331 -0.0118487
FixedParameters: 0 0 0

#Transform 34
Transform: AffineTransform_float_3_3
Parameters: 1 0.000128374 -0.000135595 -0.00012822 0.999998 0.00201102 0.00013519 -0.00201098 0.999998 0.0586609 0.0912143 0.000415493
FixedParameters: 0 0 0

#Transform 35
Transform: AffineTransform_float_3_3
Parameters: 1 0.000139083 0.000164888 -0.000138802 0.999998 0.00194098 -0.000164739 -0.00194102 0.999998 0.0418236 0.101498 0.0183938
FixedParameters: 0 0 0

#Transform 36
Transform: AffineTransform_float_3_3
Parameters: 1 0.000182779 -0.000124968 -0.000182335 0.999999 0.00177002 0.000125614 -0.00176998 0.999999 0.0484066 0.096218 0.00237988
FixedParameters: 0 0 0

#Transform 37
Transform: AffineTransform_float_3_3
Parameters: 1 0.000121135 1.18041e-05 -0.00012157 0.999999 0.001841 -1.22778e-05 -0.001841 0.999999 0.0467231 0.0945084 -0.00114481
FixedParameters: 0 0 0

#Transform 38
Transform: AffineTransform_float_3_3
Parameters: 1 4.19315e-05 0.000528336 -4.36948e-05 0.999998 0.00166898 -0.000528194 -0.00166902 0.999998 0.0273759 0.100702 -0.00179997
FixedParameters: 0 0 0

#Transform 39
Transform: AffineTransform_float_3_3
Parameters: 1 4.68223e-05 0.000339543 -4.70716e-05 0.999998 0.00172234 -0.000339773 -0.00172166 0.999999 0.0423642 0.0871492 0.00670569
FixedParameters: 0 0 0

#Transform 40
Transform: AffineTransform_float_3_3
Parameters: 1 0.000154362 1.07851e-05 -0.000154399 0.999999 0.001753 -1.02438e-05 -0.001753 0.999999 0.0648602 0.102274 0.0138272
FixedParameters: 0 0 0

#Transform 41
Transform: AffineTransform_float_3_3
Parameters: 1 -1.16264e-05 0.00013952 1.20582e-05 0.999998 0.00174936 -0.000139952 -0.00174864 0.999999 0.0394977 0.101536 0.0162468
FixedParameters: 0 0 0

#Transform 42
Transform: AffineTransform_float_3_3
Parameters: 1 9.23765e-05 0.000496165 -9.31351e-05 0.999998 0.00169231 -0.000496242 -0.00169169 0.999999 0.0291792 0.0886152 0.0233379
FixedParameters: 0 0 0

#Transform 43
Transform: AffineTransform_float_3_3
Parameters: 1 0.000131646 3.66518e-05 -0.000131766 0.999998 0.00164899 -3.62175e-05 -0.001649 0.999998 0.0610565 0.0924836 0.00259635
FixedParameters: 0 0 0

#Transform 44
Transform: AffineTransform_float_3_3
Parameters: 1 -6.52288e-05 0.000562704 6.3545e-05 0.999998 0.00184419 -0.000562021 -0.00184481 0.999999 0.0488388 0.0996068 0.00238853
FixedParameters: 0 0 0

#Transform 45
Transform: AffineTransform_float_3_3
Parameters: 1 0.000149052 0.000497167 -0.000150165 0.999998 0.00204593 -0.000496946 -0.00204607 0.999998 0.0360362 0.0997154 0.0173484
FixedParameters: 0 0 0

#Transform 46
Transform: AffineTransform_float_3_3
Parameters: 1 -3.09761e-05 0.000378927 2.96891e-05 0.999998 0.00169801 -0.00037903 -0.00169799 0.999998 0.0485973 0.0914876 0.022317
FixedParameters: 0 0 0

#Transform 47
Transform: AffineTransform_float_3_3
Parameters: 1 4.30799e-05 7.62437e-05 -4.33167e-05 0.999999 0.001554 -7.61094e-05 -0.001554 0.999999 0.0618819 0.098102 0.0358777
FixedParameters: 0 0 0

#Transform 48
Transform: AffineTransform_float_3_3
Parameters: 1 -0.000223134 0.000188736 0.00022252 0.999998 0.00162404 -0.00018946 -0.00162396 0.999998 0.0533639 0.0849521 0.0400812
FixedParameters: 0 0 0

#Transform 49
Transform: AffineTransform_float_3_3
Parameters: 0.999999 0.00017716 -0.00126446 -0.000174841 0.999998 0.00195422 0.00126409 -0.00195378 0.999997 0.0258766 0.101992 0.232592
FixedParameters: 0 0 0

#Transform 50
Transform: AffineTransform_float_3_3
Parameters: 0.999999 0.000100763 -0.000868751 -9.93293e-05 0.999999 0.00158045 0.000868537 -0.00157955 0.999999 0.0127965 0.0843483 0.111935
FixedParameters: 0 0 0

#Transform 51
Transform: AffineTransform_float_3_3
Parameters: 0.999999 0.00017461 -0.00095548 -0.000173411 0.999999 0.00131417 0.000955408 -0.00131383 0.999998 0.0225057 0.106375 0.14871
FixedParameters: 0 0 0

#Transform 52
Transform: AffineTransform_float_3_3
Parameters: 0.999999 0.000141993 -0.000977233 -0.000140658 0.999998 0.00182429 0.000977609 -0.00182471 0.999998 0.0196027 0.103089 0.119808
FixedParameters: 0 0 0

#Transform 53
Transform: AffineTransform_float_3_3
Parameters: 0.999999 0.000260951 -0.000900649 -0.000259491 0.999998 0.00153839 0.00090092 -0.00153861 0.999998 0.0145971 0.112382 0.125075
FixedParameters: 0 0 0

#Transform 54
Transform: AffineTransform_float_3_3
Parameters: 0.999999 -1.95387e-05 -0.00102207 2.11743e-05 0.999999 0.00144198 0.00102148 -0.00144202 0.999998 0.0177717 0.0976062 0.105972
FixedParameters: 0 0 0

#Transform 55
Transform: AffineTransform_float_3_3
Parameters: 0.999999 0.000312053 -0.000798262 -0.000310363 0.999998 0.0018794 0.000798902 -0.0018796 0.999998 0.0243086 0.0917614 0.0753196
FixedParameters: 0 0 0

#Transform 56
Transform: AffineTransform_float_3_3
Parameters: 0.999999 0.000106248 -0.000740667 -0.000105695 0.999998 0.00188008 0.000740927 -0.00187992 0.999998 0.0267278 0.105553 0.0870837
FixedParameters: 0 0 0

#Transform 57
Transform: AffineTransform_float_3_3
Parameters: 1 -8.6543e-05 -0.000598451 8.80188e-05 0.999998 0.00200195 0.000598493 -0.00200205 0.999998 0.0172222 0.114719 0.116422
FixedParameters: 0 0 0

#Transform 58
Transform: AffineTransform_float_3_3
Parameters: 1 -0.000137465 -0.000616047 0.00013795 0.999998 0.00188792 0.000616308 -0.00188809 0.999998 0.0188321 0.101225 0.0978273
FixedParameters: 0 0 0

#Transform 59
Transform: AffineTransform_float_3_3
Parameters: 1 2.22515e-05 -0.00119689 -2.07089e-05 0.999998 0.00196139 0.00119722 -0.00196062 0.999998 0.0477314 0.0982284 0.0582407
FixedParameters: 0 0 0

#Transform 60
Transform: AffineTransform_float_3_3
Parameters: 1 0.00023891 -0.00049597 -0.000237892 0.999998 0.00195212 0.000497292 -0.00195188 0.999998 0.0324568 0.116035 0.0740264
FixedParameters: 0 0 0

#Transform 61
Transform: AffineTransform_float_3_3
Parameters: 1 -5.46536e-05 -0.000643435 5.60434e-05 0.999999 0.00179497 0.000643627 -0.00179504 0.999998 0.0205968 0.103942 0.0737392
FixedParameters: 0 0 0

#Transform 62
Transform: AffineTransform_float_3_3
Parameters: 1 -0.000204075 -0.0011231 0.000206223 0.999999 0.00177577 0.00112315 -0.00177623 0.999998 0.0683511 0.105777 0.0378493
FixedParameters: 0 0 0

#Transform 63
Transform: AffineTransform_float_3_3
Parameters: 1 -0.000672471 -0.000916617 0.00067417 0.999998 0.00193238 0.000914796 -0.00193362 0.999997 0.0656863 0.0965934 0.0620938
FixedParameters: 0 0 0

#Transform 64
Transform: AffineTransform_float_3_3
Parameters: 0.999999 0.000208558 -0.000783014 -0.000207598 0.999999 0.00145016 0.000783088 -0.00144984 0.999998 -0.025365 0.108897 0.177193
FixedParameters: 0 0 0

#Transform 65
Transform: AffineTransform_float_3_3
Parameters: 1 3.85916e-05 -0.00118552 -3.69859e-05 0.999998 0.00161856 0.0011855 -0.00161844 0.999998 0.0234141 0.0984861 0.108312
FixedParameters: 0 0 0

#Transform 66
Transform: AffineTransform_float_3_3
Parameters: 1 -8.45126e-05 -0.00120285 8.6911e-05 0.999998 0.0019249 0.00120238 -0.0019251 0.999997 0.0104987 0.0987406 0.120137
FixedParameters: 0 0 0

#Transform 67
Transform: AffineTransform_float_3_3
Parameters: 1 0.000339883 -0.000518065 -0.00033863 0.999993 0.00373533 0.00051954 -0.00373567 0.999993 -0.0222514 0.11179 0.277201
FixedParameters: 0 0 0

#Transform 68
Transform: AffineTransform_float_3_3
Parameters: 0.999999 0.000276931 -0.000898066 -0.000274614 0.999997 0.00253125 0.000899323 -0.00253075 0.999996 0.00350448 0.0983972 0.132382
FixedParameters: 0 0 0

#Transform 69
Transform: AffineTransform_float_3_3
Parameters: 1 1.74348e-05 -0.000694392 -1.57389e-05 0.999997 0.00216637 0.000693935 -0.00216563 0.999998 0.0102984 0.119351 0.0736768
FixedParameters: 0 0 0

#Transform 70
Transform: AffineTransform_float_3_3
Parameters: 1 -1.62327e-05 -0.000228695 1.6191e-05 0.999998 0.00192 0.000229024 -0.00192 0.999998 -0.00403858 0.11941 0.0158412
FixedParameters: 0 0 0

#Transform 71
Transform: AffineTransform_float_3_3
Parameters: 1 0.000331055 -0.000493646 -0.00032956 0.999998 0.00191016 0.000493988 -0.00190984 0.999998 0.0162429 0.11871 0.0169851
FixedParameters: 0 0 0

#Transform 72
Transform: AffineTransform_float_3_3
Parameters: 1 0.00032979 -0.000484176 -0.000327872 0.999997 0.00238316 0.000484822 -0.00238284 0.999997 0.0177661 0.123515 0.031638
FixedParameters: 0 0 0

#Transform 73
Transform: AffineTransform_float_3_3
Parameters: 1 -0.000100653 -0.000428604 0.000101348 0.999998 0.00188396 0.000428614 -0.00188404 0.999998 0.00233159 0.142699 0.0272206
FixedParameters: 0 0 0

#Transform 74
Transform: AffineTransform_float_3_3
Parameters: 1 3.12512e-05 -0.000689464 -2.95963e-05 0.999999 0.00186702 0.000689969 -0.00186698 0.999998 0.0214846 0.126144 0.000866327
FixedParameters: 0 0 0

#Transform 75
Transform: AffineTransform_float_3_3
Parameters: 1 -0.000173999 -0.000602768 0.000174778 0.999997 0.00217325 0.000602792 -0.00217275 0.999998 0.0193289 0.132761 0.0170076
FixedParameters: 0 0 0

#Transform 76
Transform: AffineTransform_float_3_3
Parameters: 1 -0.000173931 -0.000602788 0.000174846 0.999998 0.0022859 0.000602772 -0.00228611 0.999997 0.00174524 0.133694 0.0245552
FixedParameters: 0 0 0

#Transform 77
Transform: AffineTransform_float_3_3
Parameters: 1 -0.000174293 -0.000602683 0.000175404 0.999998 0.00168625 0.000602484 -0.00168575 0.999999 0.013442 0.157654 0.0528286
FixedParameters: 0 0 0

#Transform 78
Transform: AffineTransform_float_3_3
Parameters: 0.999998 -0.00104481 -0.00128557 0.00104996 0.999993 0.00349386 0.00128204 -0.00349514 0.999993 0.0320691 0.112273 0.107099
FixedParameters: 0 0 0

#Transform 79
Transform: AffineTransform_float_3_3
Parameters: 0.999999 -0.000321685 -0.000683743 0.00032355 0.999997 0.00271178 0.000682775 -0.00271222 0.999996 -0.0234899 0.139324 0.146071
FixedParameters: 0 0 0

#Transform 80
Transform: AffineTransform_float_3_3
Parameters: 0.999999 -5.66985e-05 -0.000734626 5.83577e-05 0.999996 0.00264932 0.000734182 -0.00264868 0.999996 -0.00243646 0.116915 0.0973597
FixedParameters: 0 0 0

#Transform 81
Transform: AffineTransform_float_3_3
Parameters: 1 -0.000102081 -0.0011463 0.000105055 0.999996 0.00267203 0.001146 -0.00267297 0.999996 -0.0121278 0.141328 0.158805
FixedParameters: 0 0 0

#Transform 82
Transform: AffineTransform_float_3_3
Parameters: 1 0.000172644 -0.00112047 -0.000169956 0.999998 0.00178434 0.00112055 -0.00178466 0.999998 0.00899566 0.138317 0.224112
FixedParameters: 0 0 0

#Transform 83
Transform: AffineTransform_float_3_3
Parameters: 0.999999 0.000177446 -0.00134114 -0.000175613 0.999999 0.00117239 0.00134103 -0.00117261 0.999998 0.0417879 0.14388 0.328607
FixedParameters: 0 0 0

#Transform 84
Transform: AffineTransform_float_3_3
Parameters: 1 -0.000234883 -0.00105472 0.000237736 0.999999 0.00178875 0.00105427 -0.00178925 0.999998 -0.0222011 0.121944 0.184209
FixedParameters: 0 0 0

#Transform 85
Transform: AffineTransform_float_3_3
Parameters: 1 -9.39394e-05 -0.00111425 9.6086e-05 0.999999 0.00178889 0.00111469 -0.00178911 0.999998 -0.00735872 0.12527 0.176023
FixedParameters: 0 0 0

#Transform 86
Transform: AffineTransform_float_3_3
Parameters: 1 -6.99587e-05 -0.00112404 7.36482e-05 0.999997 0.00263407 0.00112352 -0.00263493 0.999996 -0.0157315 0.124514 0.144614
FixedParameters: 0 0 0

#Transform 87
Transform: AffineTransform_float_3_3
Parameters: 1 -0.000290628 -0.00103098 0.000293375 0.999995 0.0031177 0.00103073 -0.0031183 0.999994 -0.0371214 0.13808 0.192142
FixedParameters: 0 0 0

#Transform 88
Transform: AffineTransform_float_3_3
Parameters: 0.999999 -8.4885e-05 -0.00136615 8.85588e-05 0.999996 0.00283524 0.0013663 -0.00283476 0.999995 -0.0258615 0.130161 0.17619
FixedParameters: 0 0 0

#Transform 89
Transform: AffineTransform_float_3_3
Parameters: 0.999999 -0.000130146 -0.001232 0.000133515 0.999995 0.00301999 0.00123185 -0.00302101 0.999995 -0.0356108 0.14046 0.15506
FixedParameters: 0 0 0

#Transform 90
Transform: AffineTransform_float_3_3
Parameters: 0.999999 -4.25464e-05 -0.00127108 4.59437e-05 0.999996 0.0029383 0.00127146 -0.0029377 0.999995 -0.0166857 0.134965 0.14063
FixedParameters: 0 0 0

#Transform 91
Transform: AffineTransform_float_3_3
Parameters: 1 9.27305e-05 -0.00113587 -8.91246e-05 0.999995 0.0031471 0.00113577 -0.0031469 0.999994 -0.0201262 0.138148 0.199257
FixedParameters: 0 0 0

#Transform 92
Transform: AffineTransform_float_3_3
Parameters: 1 -2.67187e-05 -0.00114192 3.12838e-05 0.999995 0.00337897 0.00114197 -0.00337903 0.999993 -0.0395547 0.135633 0.129059
FixedParameters: 0 0 0

#Transform 93
Transform: AffineTransform_float_3_3
Parameters: 0.999999 6.6647e-06 -0.000762338 -4.1344e-06 0.999995 0.00286516 0.00076315 -0.00286584 0.999996 -0.0375105 0.139727 0.144536
FixedParameters: 0 0 0

#Transform 94
Transform: AffineTransform_float_3_3
Parameters: 1 -0.000155578 -0.00108794 0.000158716 0.999997 0.00271083 0.00108826 -0.00271117 0.999995 -0.0355776 0.140921 0.139767
FixedParameters: 0 0 0

#Transform 95
Transform: AffineTransform_float_3_3
Parameters: 1 -0.000106464 -0.00101307 0.000109213 0.999996 0.00291325 0.0010127 -0.00291275 0.999995 -0.0515134 0.139537 0.14604
FixedParameters: 0 0 0

#Transform 96
Transform: AffineTransform_float_3_3
Parameters: 1 -0.000134428 -0.00109686 0.000137523 0.999996 0.002669 0.00109731 -0.00267 0.999996 -0.0339053 0.137436 0.130431
FixedParameters: 0 0 0

#Transform 97
Transform: AffineTransform_float_3_3
Parameters: 1 3.44078e-05 -0.000700035 -3.17641e-05 0.999994 0.00348202 0.000700126 -0.00348198 0.999993 -0.0549332 0.130929 0.10373
FixedParameters: 0 0 0

#Transform 98
Transform: AffineTransform_float_3_3
Parameters: 0.999999 -0.000105011 -0.000870461 0.000107321 0.999996 0.00291227 0.000871015 -0.00291173 0.999996 -0.0554165 0.150478 0.143543
FixedParameters: 0 0 0

#Transform 99
Transform: AffineTransform_float_3_3
Parameters: 0.999999 3.06849e-05 -0.000803802 -2.78026e-05 0.999995 0.00318102 0.000803849 -0.00318097 0.999994 -0.0362362 0.120658 0.0924119
FixedParameters: 0 0 0

#Transform 100
Transform: AffineTransform_float_3_3
Parameters: 0.999999 -0.000275508 -0.000798674 0.000278329 0.999996 0.00292014 0.000797838 -0.00291986 0.999996 -0.0470598 0.155729 0.129514
FixedParameters: 0 0 0

#Transform 101
Transform: AffineTransform_float_3_3
Parameters: 0.999999 -8.63614e-05 -0.000878243 8.8757e-05 0.999995 0.00315892 0.000877941 -0.00315908 0.999994 -0.0508604 0.143142 0.11648
FixedParameters: 0 0 0

#Transform 102
Transform: AffineTransform_float_3_3
Parameters: 0.999999 -8.94187e-05 -0.00087705 9.1222e-05 0.999996 0.00282507 0.000876791 -0.00282593 0.999996 -0.0330686 0.15498 0.129026
FixedParameters: 0 0 0

#Transform 103
Transform: AffineTransform_float_3_3
Parameters: 0.999999 -0.000222606 -0.000820892 0.000225374 0.999995 0.00336882 0.000820555 -0.00336918 0.999994 -0.0436253 0.137364 0.108851
FixedParameters: 0 0 0

#Transform 104
Transform: AffineTransform_float_3_3
Parameters: 1 -0.000199206 -0.00110204 0.000202575 0.999995 0.00296014 0.00110111 -0.00295986 0.999995 -0.0463467 0.165 0.157859
FixedParameters: 0 0 0

#Transform 105
Transform: AffineTransform_float_3_3
Parameters: 0.999999 -0.000319679 -0.00133449 0.000322884 0.999995 0.00307209 0.00133354 -0.00307292 0.999995 -0.0247918 0.146956 0.115208
FixedParameters: 0 0 0

#Transform 106
Transform: AffineTransform_float_3_3
Parameters: 0.999999 -0.000261553 -0.000804537 0.000263749 0.999995 0.00308179 0.00080409 -0.00308221 0.999995 -0.0504166 0.144924 0.11241
FixedParameters: 0 0 0

#Transform 107
Transform: AffineTransform_float_3_3
Parameters: 0.999999 -3.38998e-06 -0.000913147 6.03786e-06 0.999995 0.00317515 0.000913369 -0.00317585 0.999994 -0.0365259 0.140355 0.112972
FixedParameters: 0 0 0

#Transform 108
Transform: AffineTransform_float_3_3
Parameters: 0.999999 3.272e-05 -0.000741818 -3.05897e-05 0.999996 0.00294038 0.000741865 -0.00293962 0.999996 -0.0321248 0.147963 0.110547
FixedParameters: 0 0 0

#Transform 109
Transform: AffineTransform_float_3_3
Parameters: 0.999999 -0.000184854 -0.0012925 0.000188688 0.999996 0.00305876 0.001292 -0.00305924 0.999994 -0.0495363 0.151037 0.132313
FixedParameters: 0 0 0

#Transform 110
Transform: AffineTransform_float_3_3
Parameters: 1 -7.28264e-05 -0.00118121 7.5768e-05 0.999995 0.00313506 0.00118047 -0.00313593 0.999994 -0.0282839 0.139111 0.109456
FixedParameters: 0 0 0

#Transform 111
Transform: AffineTransform_float_3_3
Parameters: 0.999999 -4.52129e-05 -0.000895678 4.79798e-05 0.999996 0.00279096 0.000895279 -0.00279104 0.999995 -0.050059 0.1531 0.123993
FixedParameters: 0 0 0

#Transform 112
Transform: AffineTransform_float_3_3
Parameters: 0.999999 -7.95696e-06 -0.000911209 1.06772e-05 0.999995 0.00322235 0.0009114 -0.00322165 0.999995 -0.0330824 0.132195 0.0958228
FixedParameters: 0 0 0

#Transform 113
Transform: AffineTransform_float_3_3
Parameters: 1 7.8999e-05 -0.000464943 -7.79841e-05 0.999994 0.00349004 0.000465352 -0.00348996 0.999994 -0.0307576 0.14215 0.0966074
FixedParameters: 0 0 0

#Transform 114
Transform: AffineTransform_float_3_3
Parameters: 0.999999 4.6265e-07 -0.000914698 2.52724e-06 0.999995 0.003357 0.000914943 -0.003357 0.999994 -0.0330601 0.134034 0.106821
FixedParameters: 0 0 0

#Transform 115
Transform: AffineTransform_float_3_3
Parameters: 0.999999 -3.92617e-05 -0.000898026 4.19664e-05 0.999995 0.00326132 0.000898013 -0.00326068 0.999994 -0.0330134 0.13357 0.100018
FixedParameters: 0 0 0

#Transform 116
Transform: AffineTransform_float_3_3
Parameters: 0.999999 -0.000220747 -0.000821671 0.000223551 0.999994 0.00338682 0.000821339 -0.00338718 0.999994 -0.0288161 0.139781 0.115358
FixedParameters: 0 0 0

#Transform 117
Transform: AffineTransform_float_3_3
Parameters: 0.999999 -0.000211763 -0.000825487 0.000215044 0.999995 0.00310282 0.000824945 -0.00310318 0.999995 -0.0326124 0.157185 0.143213
FixedParameters: 0 0 0

#Transform 118
Transform: AffineTransform_float_3_3
Parameters: 0.999999 -0.000299766 -0.00123648 0.000304347 0.999995 0.00334163 0.00123602 -0.00334237 0.999993 -0.0253157 0.139224 0.105133
FixedParameters: 0 0 0

#Transform 119
Transform: AffineTransform_float_3_3
Parameters: 0.999999 -0.000405286 -0.00116287 0.00040838 0.999997 0.00268753 0.00116094 -0.00268847 0.999995 -0.0278249 0.148525 0.114175
FixedParameters: 0 0 0

#Transform 120
Transform: AffineTransform_float_3_3
Parameters: 1 -0.00038061 -0.0011331 0.000383891 0.999996 0.00284093 0.00113118 -0.00284107 0.999995 -0.0262329 0.140943 0.064023
FixedParameters: 0 0 0

#Transform 121
Transform: AffineTransform_float_3_3
Parameters: 1 -0.000524925 -0.00101155 0.000527587 0.999997 0.00268247 0.0010099 -0.00268353 0.999996 -0.0266292 0.1521 0.0669898
FixedParameters: 0 0 0

#Transform 122
Transform: AffineTransform_float_3_3
Parameters: 0.999999 -0.000421004 -0.00118553 0.000424281 0.999995 0.00293586 0.00118461 -0.00293614 0.999995 -0.016193 0.169664 0.0624817
FixedParameters: 0 0 0

#Transform 123
Transform: AffineTransform_float_3_3
Parameters: 0.999999 -0.000543728 -0.00111435 0.000547465 0.999995 0.00315475 0.00111339 -0.00315525 0.999995 -0.0248542 0.163153 0.0536671
FixedParameters: 0 0 0

#Transform 124
Transform: AffineTransform_float_3_3
Parameters: 0.999999 -0.000559574 -0.00121507 0.000562566 0.999996 0.00274768 0.00121354 -0.00274832 0.999996 -0.0232055 0.167622 0.0717795
FixedParameters: 0 0 0

#Transform 125
Transform: AffineTransform_float_3_3
Parameters: 0.999999 -0.000394938 -0.00121386 0.000398415 0.999995 0.00294988 0.00121308 -0.00295012 0.999995 -0.00933685 0.159875 0.0771729
FixedParameters: 0 0 0

#Transform 126
Transform: AffineTransform_float_3_3
Parameters: 0.999999 -0.000788707 -0.00104801 0.000792066 0.999996 0.00273617 0.00104578 -0.00273783 0.999995 0.00782789 0.178076 0.062955
FixedParameters: 0 0 0

#Transform 127
Transform: AffineTransform_float_3_3
Parameters: 0.999999 -0.00114041 -0.00134142 0.00114411 0.999996 0.00260603 0.00133795 -0.00260696 0.999996 0.021669 0.173902 0.0417645
FixedParameters: 0 0 0

#Transform 128
Transform: AffineTransform_float_3_3
Parameters: 0.999998 -0.00120012 -0.00148217 0.00120436 0.999996 0.00240879 0.00147978 -0.00241021 0.999996 0.0317348 0.179544 0.0460786
FixedParameters: 0 0 0

#Transform 129
Transform: AffineTransform_float_3_3
Parameters: 0.999998 -0.000916055 -0.00165828 0.000919821 0.999998 0.00196905 0.00165584 -0.00196995 0.999997 -0.00386283 0.191952 0.0220656
FixedParameters: 0 0 0

#Transform 130
Transform: AffineTransform_float_3_3
Parameters: 0.999999 -0.000835652 -0.00119294 0.000838131 0.999998 0.00203321 0.00119163 -0.00203379 0.999997 -0.00803246 0.1971 0.001588
FixedParameters: 0 0 0

#Transform 131
Transform: AffineTransform_float_3_3
Parameters: 0.999999 -0.000622608 -0.00109511 0.00062471 0.999997 0.00222168 0.00109351 -0.00222232 0.999997 -0.0219107 0.193267 0.0146979
FixedParameters: 0 0 0

#Transform 132
Transform: AffineTransform_float_3_3
Parameters: 0.999999 -0.000728696 -0.00135005 0.000732465 0.999995 0.00310322 0.00134747 -0.00310378 0.999994 -0.00619026 0.175995 0.0302421
FixedParameters: 0 0 0

#Transform 133
Transform: AffineTransform_float_3_3
Parameters: 0.999999 -0.00101217 -0.0010374 0.00101538 0.999996 0.00269331 0.00103403 -0.00269469 0.999997 -0.000996317 0.20206 0.043729
FixedParameters: 0 0 0

#Transform 134
Transform: AffineTransform_float_3_3
Parameters: 0.999999 -0.000963122 -0.0009201 0.000965191 0.999997 0.00241632 0.000917533 -0.00241668 0.999997 -0.0154036 0.172067 0.0142287
FixedParameters: 0 0 0

#Transform 135
Transform: AffineTransform_float_3_3
Parameters: 1 -0.000864724 -0.000687107 0.000867191 0.999996 0.00256976 0.000685278 -0.00257023 0.999997 -0.0259408 0.179583 0.0154784
FixedParameters: 0 0 0

#Transform 136
Transform: AffineTransform_float_3_3
Parameters: 1 -0.00087524 -0.000711951 0.000877383 0.999996 0.00252858 0.000709221 -0.00252842 0.999997 -0.0392519 0.20303 0.0289835
FixedParameters: 0 0 0

#Transform 137
Transform: AffineTransform_float_3_3
Parameters: 0.999999 -0.000732101 -0.000650822 0.000734168 0.999996 0.00270737 0.000648554 -0.00270763 0.999996 -0.044665 0.185283 0.0338421
FixedParameters: 0 0 0

#Transform 138
Transform: AffineTransform_float_3_3
Parameters: 0.999999 -0.000607008 -0.000642826 0.000609306 0.999995 0.00291897 0.000640977 -0.00291903 0.999996 -0.0291675 0.182838 0.041446
FixedParameters: 0 0 0

#Transform 139
Transform: AffineTransform_float_3_3
Parameters: 1 -0.000603355 -0.000976344 0.000605002 0.999997 0.00273126 0.000974607 -0.00273174 0.999995 -0.0287027 0.192905 0.0468263
FixedParameters: 0 0 0

#Transform 140
Transform: AffineTransform_float_3_3
Parameters: 0.999999 -0.00071586 -0.000596918 0.000716772 0.999996 0.00275357 0.000595065 -0.00275443 0.999996 -0.04515 0.186156 0.0281491
FixedParameters: 0 0 0

#Transform 141
Transform: AffineTransform_float_3_3
Parameters: 1 -0.000895301 -0.000521682 0.000896722 0.999995 0.00326854 0.000518837 -0.00326947 0.999995 -0.0477847 0.199577 0.0525624
FixedParameters: 0 0 0

#Transform 142
Transform: AffineTransform_float_3_3
Parameters: 0.999999 -0.000565115 -0.000833077 0.000567945 0.999994 0.00336053 0.000830441 -0.00336147 0.999994 -0.042158 0.207992 0.0871357
FixedParameters: 0 0 0

#Transform 143
Transform: AffineTransform_float_3_3
Parameters: 1 -0.000487603 -0.000993662 0.000490058 0.999996 0.00309036 0.000992204 -0.00309064 0.999994 -0.04567 0.203272 0.0674627
FixedParameters: 0 0 0

#Transform 144
Transform: AffineTransform_float_3_3
Parameters: 0.999999 -0.00104789 -0.00103894 0.00105162 0.999994 0.00319612 0.00103563 -0.00319688 0.999994 -0.0444576 0.20439 0.0617106
FixedParameters: 0 0 0

#Transform 145
Transform: AffineTransform_float_3_3
Parameters: 0.999999 -0.00054328 -0.000652452 0.000545074 0.999993 0.00349764 0.000649817 -0.00349835 0.999993 -0.0367673 0.199873 0.0729632
FixedParameters: 0 0 0

#Transform 146
Transform: AffineTransform_float_3_3
Parameters: 1 -0.000435608 -0.000409159 0.000436593 0.999994 0.00346282 0.00040692 -0.00346318 0.999994 -0.0414158 0.196021 0.0624948
FixedParameters: 0 0 0

#Transform 147
Transform: AffineTransform_float_3_3
Parameters: 1 -0.000556747 -0.000965708 0.000560689 0.999994 0.00347582 0.000962996 -0.00347618 0.999994 -0.0541007 0.189716 0.0512996
FixedParameters: 0 0 0

#Transform 148
Transform: AffineTransform_float_3_3
Parameters: 1 -0.000437233 -0.0010192 0.000441376 0.999994 0.00338955 0.0010174 -0.00339045 0.999993 -0.0319532 0.19181 0.0451071
FixedParameters: 0 0 0

#Transform 149
Transform: AffineTransform_float_3_3
Parameters: 0.999999 -0.000470763 -0.000833729 0.000473473 0.999993 0.00360097 0.000832812 -0.00360103 0.999993 -0.0344787 0.201164 0.0842067
FixedParameters: 0 0 0

#Transform 150
Transform: AffineTransform_float_3_3
Parameters: 0.999999 -0.000316112 -0.000958388 0.000319998 0.999994 0.00346969 0.000957353 -0.0034703 0.999993 -0.0224032 0.189066 0.0891684
FixedParameters: 0 0 0

#Transform 151
Transform: AffineTransform_float_3_3
Parameters: 0.999999 -4.81019e-05 -0.00150946 5.23914e-05 0.999995 0.00320444 0.00150925 -0.00320456 0.999994 -0.0487688 0.183245 0.15411
FixedParameters: 0 0 0

#Transform 152
Transform: AffineTransform_float_3_3
Parameters: 0.999998 -9.19279e-06 -0.00164944 1.46969e-05 0.999995 0.0033005 0.00164947 -0.00330051 0.999994 -0.0598322 0.193381 0.249451
FixedParameters: 0 0 0

#Transform 153
Transform: AffineTransform_float_3_3
Parameters: 0.999999 -2.29367e-05 -0.00157639 2.89028e-05 0.999995 0.00330847 0.00157594 -0.00330853 0.999994 -0.035384 0.191476 0.172749
FixedParameters: 0 0 0

#Transform 154
Transform: AffineTransform_float_3_3
Parameters: 0.999999 -0.000123373 -0.00144724 0.000128687 0.999993 0.00356033 0.00144738 -0.00356067 0.999992 -0.0369777 0.186205 0.193522
FixedParameters: 0 0 0

#Transform 155
Transform: AffineTransform_float_3_3
Parameters: 0.999999 -0.000334651 -0.00138771 0.000339847 0.999994 0.00367289 0.00138626 -0.00367311 0.999992 -0.0383583 0.187538 0.170946
FixedParameters: 0 0 0

#Transform 156
Transform: AffineTransform_float_3_3
Parameters: 0.999999 -0.0003486 -0.00141988 0.000353249 0.999994 0.00339686 0.00141853 -0.00339714 0.999993 -0.0377784 0.2006 0.188895
FixedParameters: 0 0 0

#Transform 157
Transform: AffineTransform_float_3_3
Parameters: 0.999999 -0.000436409 -0.0014697 0.000442097 0.999993 0.00363587 0.00146754 -0.00363713 0.999993 -0.0361811 0.191656 0.169286
FixedParameters: 0 0 0

#Transform 158
Transform: AffineTransform_float_3_3
Parameters: 0.999999 -0.00037935 -0.00149369 0.000385016 0.999993 0.00357015 0.00149199 -0.00356985 0.999993 -0.0363144 0.185635 0.161492
FixedParameters: 0 0 0

#Transform 159
Transform: AffineTransform_float_3_3
Parameters: 1 -0.000608193 -0.000781411 0.000611496 0.999993 0.00363552 0.000779068 -0.00363648 0.999993 -0.0479148 0.19474 0.113283
FixedParameters: 0 0 0

#Transform 160
Transform: AffineTransform_float_3_3
Parameters: 0.999999 -0.000878764 -0.000253366 0.000879533 0.999993 0.00363578 0.000249595 -0.00363622 0.999994 -0.0536244 0.204454 0.120588
FixedParameters: 0 0 0

#Transform 161
Transform: AffineTransform_float_3_3
Parameters: 1 -0.000885689 -0.000732099 0.0008882 0.999993 0.0037032 0.000728933 -0.0037038 0.999992 -0.0431363 0.191089 0.108408
FixedParameters: 0 0 0

#Transform 162
Transform: AffineTransform_float_3_3
Parameters: 0.999999 -0.000526523 -0.000483816 0.000528074 0.999993 0.00365175 0.000482978 -0.00365226 0.999993 -0.0399172 0.190067 0.122851
FixedParameters: 0 0 0

#Transform 163
Transform: AffineTransform_float_3_3
Parameters: 1 -0.000905054 -0.000585359 0.000907277 0.999991 0.00405368 0.000582337 -0.00405332 0.999992 -0.0452532 0.198687 0.134252
FixedParameters: 0 0 0

#Transform 164
Transform: AffineTransform_float_3_3
Parameters: 0.999998 -0.00137393 -0.00143537 0.00138029 0.999989 0.00438023 0.00142919 -0.00438276 0.999989 -0.00082831 0.190607 0.273162
FixedParameters: 0 0 0

#Transform 165
Transform: AffineTransform_float_3_3
Parameters: 1 -0.000552122 -0.0010589 0.000556792 0.999989 0.00463241 0.00105702 -0.00463359 0.999988 -0.0582402 0.197306 0.243586
FixedParameters: 0 0 0

#Transform 166
Transform: AffineTransform_float_3_3
Parameters: 0.999999 -0.000741681 -0.000990207 0.000746401 0.99999 0.00431762 0.000987577 -0.00431837 0.99999 -0.0619216 0.207673 0.204969
FixedParameters: 0 0 0

#Transform 167
Transform: AffineTransform_float_3_3
Parameters: 0.999999 -0.000847141 -0.00101643 0.000851902 0.999991 0.0042285 0.00101304 -0.0042295 0.999991 -0.0624878 0.200896 0.18641
FixedParameters: 0 0 0

#Transform 168
Transform: AffineTransform_float_3_3
Parameters: 1 -0.00052073 -0.00108291 0.000526041 0.999988 0.00482543 0.00108112 -0.00482657 0.999988 -0.0560703 0.191486 0.12624
FixedParameters: 0 0 0

#Transform 169
Transform: AffineTransform_float_3_3
Parameters: 0.999999 -0.00112045 -0.000831589 0.00112415 0.999989 0.00461892 0.000827247 -0.00462008 0.999989 -0.0626817 0.210772 0.144977
FixedParameters: 0 0 0

#Transform 170
Transform: AffineTransform_float_3_3
Parameters: 0.999999 -0.00100721 -0.000878886 0.00101147 0.99999 0.00438096 0.000874756 -0.00438204 0.99999 -0.0630993 0.212722 0.142032
FixedParameters: 0 0 0

#Transform 171
Transform: AffineTransform_float_3_3
Parameters: 0.999999 -0.000731552 -0.000564963 0.000734265 0.999991 0.00416359 0.000561872 -0.00416441 0.999991 -0.0517667 0.183207 0.100074
FixedParameters: 0 0 0

#Transform 172
Transform: AffineTransform_float_3_3
Parameters: 0.999999 -0.000833936 -0.000325774 0.000835097 0.99999 0.00424173 0.000322628 -0.00424227 0.999991 -0.0544349 0.195021 0.105843
FixedParameters: 0 0 0

#Transform 173
Transform: AffineTransform_float_3_3
Parameters: 0.999999 -0.000853639 -0.000285097 0.000854545 0.99999 0.00440461 0.000281507 -0.0044044 0.99999 -0.0737136 0.197879 0.13936
FixedParameters: 0 0 0

#Transform 174
Transform: AffineTransform_float_3_3
Parameters: 0.999999 -0.000877006 -0.000190555 0.000877921 0.999991 0.00419783 0.000186731 -0.00419817 0.999991 -0.0747437 0.204209 0.110019
FixedParameters: 0 0 0

#Transform 175
Transform: AffineTransform_float_3_3
Parameters: 1 -0.000578168 -0.000202109 0.000578834 0.999991 0.00429473 0.000199763 -0.00429427 0.99999 -0.065644 0.182955 0.0973462
FixedParameters: 0 0 0

#Transform 176
Transform: AffineTransform_float_3_3
Parameters: 1 -0.000582657 0.000154306 0.000581544 0.99999 0.00439409 -0.000156269 -0.00439391 0.999991 -0.0759304 0.194144 0.0991279
FixedParameters: 0 0 0

#Transform 177
Transform: AffineTransform_float_3_3
Parameters: 0.999999 -0.00079715 -0.000419411 0.000798883 0.99999 0.00444767 0.000415325 -0.00444833 0.99999 -0.0811678 0.202626 0.121737
FixedParameters: 0 0 0

#Transform 178
Transform: AffineTransform_float_3_3
Parameters: 0.999999 -0.000706737 -0.000349052 0.000708055 0.999988 0.0047486 0.000345347 -0.00474839 0.999988 -0.0812867 0.185989 0.132633
FixedParameters: 0 0 0

#Transform 179
Transform: AffineTransform_float_3_3
Parameters: 0.999999 -0.000794877 -0.000191595 0.000795909 0.99999 0.00447969 0.000188012 -0.0044793 0.99999 -0.0841215 0.18908 0.110504
FixedParameters: 0 0 0
