# transform file /out/sourcedata/freesurfer/sub-v1s10x0051033_ses-1/mri/transforms/cc_up.lta
# created by oesteban on Thu Mar 12 05:07:11 2026

type      = 0 # LINEAR_VOX_TO_VOX
nxforms   = 1
mean      = 129.0000 148.0000 127.0000
sigma     = 10000.0000
1 4 4
9.952291846275330e-01 -2.534268656745553e-03 -9.753258526325226e-02 9.685441970825195e+00 
2.522185910493135e-03 9.999969005584717e-01 -2.471745247021317e-04 -3.297729730606079e+00 
9.753289818763733e-02 -2.910383392618066e-11 9.952323436737061e-01 -1.113781452178955e+01 
0.000000000000000e+00 0.000000000000000e+00 0.000000000000000e+00 1.000000000000000e+00 
src volume info
valid = 1  # volume info valid
filename = /out/sourcedata/freesurfer/sub-v1s10x0051033_ses-1/mri/norm.mgz
volume = 256 256 256
voxelsize = 1.000000000000000e+00 1.000000000000000e+00 1.000000000000000e+00
xras   = -1.000000000000000e+00 0.000000000000000e+00 0.000000000000000e+00
yras   = 0.000000000000000e+00 0.000000000000000e+00 -1.000000000000000e+00
zras   = 0.000000000000000e+00 1.000000000000000e+00 0.000000000000000e+00
cras   = 1.367715454101562e+01 2.445785522460938e+00 -1.490362548828125e+01
dst volume info
valid = 1  # volume info valid
filename = /out/sourcedata/freesurfer/sub-v1s10x0051033_ses-1/mri/norm.mgz
volume = 256 256 256
voxelsize = 1.000000000000000e+00 1.000000000000000e+00 1.000000000000000e+00
xras   = -1.000000000000000e+00 0.000000000000000e+00 0.000000000000000e+00
yras   = 0.000000000000000e+00 0.000000000000000e+00 -1.000000000000000e+00
zras   = 0.000000000000000e+00 1.000000000000000e+00 0.000000000000000e+00
cras   = 1.367715454101562e+01 2.445785522460938e+00 -1.490362548828125e+01
