#Insight Transform File V1.0
#Transform 0
Transform: AffineTransform_float_3_3
Parameters: 0.999999 -0.000565971 0.000716833 0.000567318 0.999998 -0.00212795 -0.000715871 0.00212805 0.999997 0.0652985 -0.301669 -0.208881
FixedParameters: 0 0 0

#Transform 1
Transform: AffineTransform_float_3_3
Parameters: 1 0.000636365 -0.000269295 -0.000636163 0.999999 0.00110117 0.000269775 -0.00110083 1 -0.000610344 0.16676 -0.236973
FixedParameters: 0 0 0

#Transform 2
Transform: AffineTransform_float_3_3
Parameters: 1 9.86848e-05 -0.000100386 -9.88387e-05 1 0.00118401 9.96989e-05 -0.00118399 1 0.000295226 0.196893 -0.320293
FixedParameters: 0 0 0

#Transform 3
Transform: AffineTransform_float_3_3
Parameters: 1 0.00017777 -7.5145e-05 -0.000177544 0.999999 0.00149701 7.56769e-05 -0.00149699 0.999999 0.00146911 0.213237 -0.336603
FixedParameters: 0 0 0

#Transform 4
Transform: AffineTransform_float_3_3
Parameters: 1 0.000373317 -0.000257005 -0.000372978 0.999999 0.000659096 0.000257496 -0.000658904 0.999999 -0.0044778 0.181657 -0.336954
FixedParameters: 0 0 0

#Transform 5
Transform: AffineTransform_float_3_3
Parameters: 1 0.000535928 -0.000226948 -0.000535539 1 0.000853762 0.000227863 -0.000854238 0.999999 0.00670697 0.196434 -0.364386
FixedParameters: 0 0 0

#Transform 6
Transform: AffineTransform_float_3_3
Parameters: 1 0.000605013 -0.000256141 -0.000604921 1 0.000941796 0.00025636 -0.000942205 0.999999 -0.000508909 0.208452 -0.333505
FixedParameters: 0 0 0

#Transform 7
Transform: AffineTransform_float_3_3
Parameters: 1 0.000641838 -0.000271758 -0.000641736 1 0.000906815 0.000272001 -0.000907185 0.999999 -0.00424991 0.190501 -0.329861
FixedParameters: 0 0 0

#Transform 8
Transform: AffineTransform_float_3_3
Parameters: 0.999999 0.000815753 -0.000345749 -0.000815381 1 0.000537923 0.000346627 -0.000538077 1 -0.00216573 0.170667 -0.346945
FixedParameters: 0 0 0

#Transform 9
Transform: AffineTransform_float_3_3
Parameters: 0.999999 0.000921182 0.000150104 -0.000921071 0.999999 0.00140171 -0.000148834 -0.00140129 0.999999 0.0137551 0.205399 -0.351735
FixedParameters: 0 0 0

#Transform 10
Transform: AffineTransform_float_3_3
Parameters: 1 0.000538002 -0.000227177 -0.000537537 0.999998 0.00187912 0.000228277 -0.00187888 0.999998 0.0161766 0.238775 -0.359044
FixedParameters: 0 0 0

#Transform 11
Transform: AffineTransform_float_3_3
Parameters: 1 0.0010281 -0.000228911 -0.00102805 0.999999 0.000963723 0.000229972 -0.000963276 0.999999 -0.000110284 0.222803 -0.257017
FixedParameters: 0 0 0

#Transform 12
Transform: AffineTransform_float_3_3
Parameters: 1 0.00112127 -9.05272e-06 -0.00112073 0.999999 0.000756651 9.43867e-06 -0.00075735 1 -0.00595485 0.204157 -0.313723
FixedParameters: 0 0 0

#Transform 13
Transform: AffineTransform_float_3_3
Parameters: 0.999999 0.00122954 -0.000663139 -0.0012301 0.999999 -0.000720544 0.000662286 0.000721455 0.999999 -0.029662 0.150114 -0.344821
FixedParameters: 0 0 0

#Transform 14
Transform: AffineTransform_float_3_3
Parameters: 1 0.000847184 -0.000654171 -0.000848188 0.999998 -0.00207181 0.000652108 0.00207219 0.999997 -0.00619895 0.0998839 -0.312043
FixedParameters: 0 0 0

#Transform 15
Transform: AffineTransform_float_3_3
Parameters: 0.999999 0.000626009 -0.000530409 -0.000627838 0.999998 -0.00209603 0.000528701 0.00209597 0.999997 -0.000473757 0.0899355 -0.330696
FixedParameters: 0 0 0

#Transform 16
Transform: AffineTransform_float_3_3
Parameters: 1 0.000518463 0.000821337 -0.000515929 0.999997 -0.00242458 -0.000822143 0.00242442 0.999996 0.0486919 0.09015 -0.181647
FixedParameters: 0 0 0

#Transform 17
Transform: AffineTransform_float_3_3
Parameters: 0.999999 0.000763277 0.000290931 -0.000762855 0.999998 -0.00163186 -0.00029211 0.00163214 0.999999 0.0146898 0.117758 -0.28531
FixedParameters: 0 0 0

#Transform 18
Transform: AffineTransform_float_3_3
Parameters: 1 0.00108786 0.000132164 -0.00108803 0.999998 -0.00135014 -0.00013379 0.00134985 0.999999 0.0166823 0.129548 -0.341373
FixedParameters: 0 0 0

#Transform 19
Transform: AffineTransform_float_3_3
Parameters: 1 0.00100781 8.53154e-05 -0.0010086 1 -0.000763599 -8.64642e-05 0.000763401 0.999999 0.0115126 0.144823 -0.300223
FixedParameters: 0 0 0

#Transform 20
Transform: AffineTransform_float_3_3
Parameters: 0.999999 0.000892802 -0.000473476 -0.00089389 0.999998 -0.00197794 0.000471783 0.00197806 0.999998 -0.0164616 0.0963583 -0.342602
FixedParameters: 0 0 0

#Transform 21
Transform: AffineTransform_float_3_3
Parameters: 0.999999 0.000694305 -0.00105644 -0.000697646 0.999995 -0.00301011 0.00105423 0.00301089 0.999995 -0.0132027 0.0490005 -0.347764
FixedParameters: 0 0 0

#Transform 22
Transform: AffineTransform_float_3_3
Parameters: 0.999999 0.000610039 -0.00108471 -0.000612988 0.999998 -0.00214434 0.00108353 0.00214566 0.999997 -0.0260116 0.0912283 -0.292873
FixedParameters: 0 0 0

#Transform 23
Transform: AffineTransform_float_3_3
Parameters: 1 0.000599124 -0.000873448 -0.000601167 0.999998 -0.00214448 0.000872324 0.00214553 0.999998 -0.00795856 0.082644 -0.343257
FixedParameters: 0 0 0

#Transform 24
Transform: AffineTransform_float_3_3
Parameters: 1 0.000638784 -0.000781164 -0.000640576 0.999998 -0.00164771 0.000780897 0.00164729 0.999998 -0.0214605 0.0997487 -0.346327
FixedParameters: 0 0 0

#Transform 25
Transform: AffineTransform_float_3_3
Parameters: 0.999999 0.000780575 -0.000448526 -0.000781672 0.999998 -0.00209801 0.000447089 0.00209799 0.999998 0.000851949 0.0935538 -0.324619
FixedParameters: 0 0 0

#Transform 26
Transform: AffineTransform_float_3_3
Parameters: 1 0.000810658 -0.000719214 -0.000812157 0.999997 -0.00222827 0.000717048 0.00222874 0.999998 -0.00270021 0.0881784 -0.331967
FixedParameters: 0 0 0

#Transform 27
Transform: AffineTransform_float_3_3
Parameters: 0.999999 0.000707152 -0.000620501 -0.000708962 0.999998 -0.00208977 0.000619383 0.00208923 0.999998 -0.000134228 0.0922595 -0.346731
FixedParameters: 0 0 0

#Transform 28
Transform: AffineTransform_float_3_3
Parameters: 1 0.000621081 -0.000821973 -0.000622972 0.999998 -0.00218649 0.000820703 0.00218751 0.999998 -0.0112857 0.085019 -0.339265
FixedParameters: 0 0 0

#Transform 29
Transform: AffineTransform_float_3_3
Parameters: 1 0.000621766 -0.000820833 -0.000623069 0.999998 -0.00183134 0.000820003 0.00183166 0.999998 -0.0156854 0.0943616 -0.292507
FixedParameters: 0 0 0

#Transform 30
Transform: AffineTransform_float_3_3
Parameters: 1 0.000619213 -0.000825875 -0.000621327 0.999997 -0.00254785 0.000825085 0.00254815 0.999996 -0.0167627 0.0638713 -0.308999
FixedParameters: 0 0 0

#Transform 31
Transform: AffineTransform_float_3_3
Parameters: 1 0.000326949 -0.000469835 -0.000327986 0.999999 -0.00151885 0.000469761 0.00151915 0.999998 -0.00986848 0.0843118 -0.292028
FixedParameters: 0 0 0

#Transform 32
Transform: AffineTransform_float_3_3
Parameters: 1 0.000485417 -0.000322391 -0.000485335 0.999998 -0.00191169 0.000321066 0.00191131 0.999999 0.0051179 0.0931199 -0.312811
FixedParameters: 0 0 0

#Transform 33
Transform: AffineTransform_float_3_3
Parameters: 1 0.000236817 -0.00031699 -0.000236907 0.999999 -0.000756924 0.000317552 0.000757075 0.999999 -0.00533307 0.157985 -0.247484
FixedParameters: 0 0 0

#Transform 34
Transform: AffineTransform_float_3_3
Parameters: 1 0.000360561 -0.000268703 -0.000360736 1 -0.0010519 0.000268864 0.0010521 1 0.00616723 0.148003 -0.23635
FixedParameters: 0 0 0

#Transform 35
Transform: AffineTransform_float_3_3
Parameters: 1 0.000456448 -0.000309148 -0.000456703 1 -0.000413859 0.00030877 0.000414141 1 0.00724206 0.177227 -0.228925
FixedParameters: 0 0 0

#Transform 36
Transform: AffineTransform_float_3_3
Parameters: 1 0.000522754 -0.000337244 -0.00052295 1 -0.000290824 0.00033694 0.000291176 1 0.0106381 0.172552 -0.219965
FixedParameters: 0 0 0

#Transform 37
Transform: AffineTransform_float_3_3
Parameters: 0.999999 0.000605006 -0.000575622 -0.000605695 1 -0.000598859 0.000574898 0.000598141 1 -0.00428084 0.150849 -0.217231
FixedParameters: 0 0 0

#Transform 38
Transform: AffineTransform_float_3_3
Parameters: 1 0.000534042 -0.000341555 -0.000533753 1 0.000423182 0.000342006 -0.000422817 1 0.00436282 0.202516 -0.19042
FixedParameters: 0 0 0

#Transform 39
Transform: AffineTransform_float_3_3
Parameters: 0.999999 0.000670302 -0.000399324 -0.000669962 0.999999 0.000425268 0.000399893 -0.000424732 1 0.00409569 0.215356 -0.21063
FixedParameters: 0 0 0

#Transform 40
Transform: AffineTransform_float_3_3
Parameters: 1 -0.000136783 -0.000523217 0.00013678 0.999999 -0.000882712 0.000523068 0.000883288 1 -0.0207036 0.16872 -0.117684
FixedParameters: 0 0 0

#Transform 41
Transform: AffineTransform_float_3_3
Parameters: 1 0.000593454 -0.000367626 -0.000593618 1 -0.000754142 0.000367651 0.000753859 0.999999 0.00260419 0.155071 -0.167131
FixedParameters: 0 0 0

#Transform 42
Transform: AffineTransform_float_3_3
Parameters: 1 0.000937043 -0.000512988 -0.000937116 1 -7.08788e-05 0.000512855 7.11208e-05 1 -0.0053181 0.176482 -0.175575
FixedParameters: 0 0 0

#Transform 43
Transform: AffineTransform_float_3_3
Parameters: 1 0.000909655 -0.000502913 -0.000910335 0.999999 -0.00145375 0.000502109 0.00145325 0.999999 -0.00396238 0.114828 -0.237433
FixedParameters: 0 0 0

#Transform 44
Transform: AffineTransform_float_3_3
Parameters: 1 0.000571075 -0.000358699 -0.000571811 0.999998 -0.00157279 0.000357822 0.0015732 0.999998 0.00704285 0.115929 -0.166583
FixedParameters: 0 0 0

#Transform 45
Transform: AffineTransform_float_3_3
Parameters: 1 0.000571115 -0.000358636 -0.000571772 0.999999 -0.00146179 0.000357885 0.0014622 0.999999 0.00544144 0.0999077 -0.202224
FixedParameters: 0 0 0

#Transform 46
Transform: AffineTransform_float_3_3
Parameters: 0.999999 0.000368637 -0.000833395 -0.000370095 0.999999 -0.00166254 0.000832697 0.00166246 0.999999 -0.0238936 0.102988 -0.241115
FixedParameters: 0 0 0

#Transform 47
Transform: AffineTransform_float_3_3
Parameters: 1 0.000234532 -0.000215014 -0.000234936 0.999999 -0.000941949 0.000214572 0.000942049 0.999999 -0.0060412 0.129147 -0.188604
FixedParameters: 0 0 0

#Transform 48
Transform: AffineTransform_float_3_3
Parameters: 1 0.000381333 9.42165e-05 -0.000381168 0.999999 -0.000873035 -9.48822e-05 0.000872963 0.999999 0.00464721 0.137472 -0.223902
FixedParameters: 0 0 0

#Transform 49
Transform: AffineTransform_float_3_3
Parameters: 1 0.000421878 -5.58138e-05 -0.000421633 0.999999 -0.00130698 5.56318e-05 0.00130702 0.999999 0.00509515 0.10905 -0.224184
FixedParameters: 0 0 0

#Transform 50
Transform: AffineTransform_float_3_3
Parameters: 1 0.000524359 -0.000338392 -0.000524637 1 -0.000987823 0.000338276 0.000988178 1 0.00141256 0.126851 -0.22138
FixedParameters: 0 0 0

#Transform 51
Transform: AffineTransform_float_3_3
Parameters: 1 0.000428044 -4.63413e-05 -0.000428135 1 -0.00098834 4.54954e-05 0.00098766 0.999999 0.0138084 0.1266 -0.214496
FixedParameters: 0 0 0

#Transform 52
Transform: AffineTransform_float_3_3
Parameters: 1 0.000183129 -0.000192966 -0.000182322 1 -0.000294965 0.000192467 0.000295035 1 -0.000937009 0.158381 -0.214981
FixedParameters: 0 0 0

#Transform 53
Transform: AffineTransform_float_3_3
Parameters: 1 0.000178483 -0.000191052 -0.000178683 1 -0.000524966 0.000190864 0.000525034 1 0.00150141 0.143572 -0.19883
FixedParameters: 0 0 0

#Transform 54
Transform: AffineTransform_float_3_3
Parameters: 1 0.000154486 -0.000180939 -0.000154814 0.999999 -0.000904971 0.000180659 0.000905027 0.999999 -0.00103543 0.117824 -0.203529
FixedParameters: 0 0 0

#Transform 55
Transform: AffineTransform_float_3_3
Parameters: 1 0.000199383 -0.000200317 -0.000199738 0.999998 -0.00186096 0.000200494 0.00186104 0.999998 0.00619702 0.0751556 -0.215945
FixedParameters: 0 0 0

#Transform 56
Transform: AffineTransform_float_3_3
Parameters: 1 0.000275775 -0.00023283 -0.000276149 0.999998 -0.00164378 0.000232843 0.00164322 0.999999 0.00181399 0.0835437 -0.256658
FixedParameters: 0 0 0

#Transform 57
Transform: AffineTransform_float_3_3
Parameters: 1 0.00019938 -0.000200319 -0.000199741 0.999998 -0.00187496 0.000200492 0.00187504 0.999998 -0.000974041 0.0841028 -0.226715
FixedParameters: 0 0 0

#Transform 58
Transform: AffineTransform_float_3_3
Parameters: 1 0.000281873 -0.000235983 -0.000282017 0.999995 -0.00309093 0.00023477 0.00309107 0.999995 -0.000403855 0.0500492 -0.210674
FixedParameters: 0 0 0

#Transform 59
Transform: AffineTransform_float_3_3
Parameters: 1 0.000374985 -0.000275374 -0.000374846 0.999997 -0.0021309 0.000274306 0.0021311 0.999997 -0.00217178 0.0782435 -0.227907
FixedParameters: 0 0 0

#Transform 60
Transform: AffineTransform_float_3_3
Parameters: 1 0.000296692 -0.000242145 -0.000297575 0.999997 -0.00263329 0.000241501 0.00263271 0.999996 0.00097199 0.058232 -0.208641
FixedParameters: 0 0 0

#Transform 61
Transform: AffineTransform_float_3_3
Parameters: 1 -0.000139949 -0.000357791 0.00013896 0.999997 -0.00266805 0.000358144 0.00266795 0.999997 -0.0350984 0.0590453 -0.223552
FixedParameters: 0 0 0

#Transform 62
Transform: AffineTransform_float_3_3
Parameters: 0.999999 -1.8799e-05 -0.0013752 1.55254e-05 0.999997 -0.00233651 0.00137502 0.00233649 0.999997 -0.0700907 0.0881275 -0.199604
FixedParameters: 0 0 0

#Transform 63
Transform: AffineTransform_float_3_3
Parameters: 0.999999 0.000114501 -0.00129867 -0.00011812 0.999996 -0.00275769 0.0012987 0.0027573 0.999995 -0.100636 0.0690327 -0.198699
FixedParameters: 0 0 0

#Transform 64
Transform: AffineTransform_float_3_3
Parameters: 0.999999 0.000250167 -0.00152653 -0.000252819 0.999999 -0.00172746 0.00152672 0.00172754 0.999997 -0.0885624 0.101878 -0.240152
FixedParameters: 0 0 0

#Transform 65
Transform: AffineTransform_float_3_3
Parameters: 0.999999 7.32018e-05 -0.00125768 -7.58835e-05 0.999998 -0.00195339 0.00125752 0.00195361 0.999998 -0.0835211 0.101638 -0.187178
FixedParameters: 0 0 0

#Transform 66
Transform: AffineTransform_float_3_3
Parameters: 0.999999 0.000127746 -0.00148558 -0.000131244 0.999998 -0.00223881 0.00148474 0.00223919 0.999996 -0.0893148 0.103376 -0.190662
FixedParameters: 0 0 0

#Transform 67
Transform: AffineTransform_float_3_3
Parameters: 0.999998 -0.000231483 -0.00159901 0.000230667 1 -0.000830651 0.00159861 0.00083135 0.999998 -0.100252 0.150787 -0.190431
FixedParameters: 0 0 0

#Transform 68
Transform: AffineTransform_float_3_3
Parameters: 0.999999 -0.000377588 -0.00117072 0.000375352 0.999998 -0.00174108 0.00117125 0.00174092 0.999997 -0.0833428 0.11015 -0.17006
FixedParameters: 0 0 0

#Transform 69
Transform: AffineTransform_float_3_3
Parameters: 0.999999 -0.000206633 -0.0012869 0.000204761 1 -0.00108526 0.00128696 0.00108473 0.999998 -0.0627225 0.13074 -0.187093
FixedParameters: 0 0 0

#Transform 70
Transform: AffineTransform_float_3_3
Parameters: 0.999999 -0.000261965 -0.000902445 0.000260947 1 -0.000563876 0.00090274 0.000564124 1 -0.0775949 0.152423 -0.129622
FixedParameters: 0 0 0

#Transform 71
Transform: AffineTransform_float_3_3
Parameters: 1 6.11105e-05 -0.00103933 -6.12513e-05 1 0.000375064 0.00103976 -0.000374936 0.999999 -0.0662118 0.208157 -0.136551
FixedParameters: 0 0 0

#Transform 72
Transform: AffineTransform_float_3_3
Parameters: 0.999999 -9.08063e-05 -0.00136828 9.08925e-05 1 3.1388e-05 0.00136827 -3.1612e-05 0.999999 -0.0822215 0.203661 -0.159571
FixedParameters: 0 0 0

#Transform 73
Transform: AffineTransform_float_3_3
Parameters: 0.999999 3.94453e-05 -0.00095553 -4.01849e-05 1 -0.000386962 0.0009555 0.000387038 0.999999 -0.0691982 0.184657 -0.144532
FixedParameters: 0 0 0

#Transform 74
Transform: AffineTransform_float_3_3
Parameters: 0.999999 -0.000252766 -0.000881335 0.000252171 0.999999 -0.00033807 0.000881506 0.00033693 0.999999 -0.0650618 0.172684 -0.109528
FixedParameters: 0 0 0

#Transform 75
Transform: AffineTransform_float_3_3
Parameters: 0.999999 -7.02188e-05 -0.00145842 6.93639e-05 1 0.000156411 0.00145787 -0.00015659 0.999999 -0.102748 0.191181 -0.142262
FixedParameters: 0 0 0

#Transform 76
Transform: AffineTransform_float_3_3
Parameters: 0.999999 -0.000397271 -0.000849293 0.000397553 1 0.000165662 0.000849161 -0.000166337 0.999999 -0.0651183 0.178441 -0.203466
FixedParameters: 0 0 0

#Transform 77
Transform: AffineTransform_float_3_3
Parameters: 0.999999 -0.000176877 -0.00124099 0.000178901 0.999999 0.00171478 0.00124024 -0.00171522 0.999998 -0.0705084 0.285236 -0.291929
FixedParameters: 0 0 0

#Transform 78
Transform: AffineTransform_float_3_3
Parameters: 0.999998 0.000631822 -0.00213523 -0.000627249 0.999998 0.00168516 0.00213629 -0.00168384 0.999997 -0.133481 0.267159 -0.3655
FixedParameters: 0 0 0

#Transform 79
Transform: AffineTransform_float_3_3
Parameters: 0.999999 0.000761685 -0.00165664 -0.000759049 0.999998 0.00198257 0.00165806 -0.00198144 0.999997 -0.113279 0.279931 -0.346391
FixedParameters: 0 0 0

#Transform 80
Transform: AffineTransform_float_3_3
Parameters: 0.999998 0.000357569 -0.00159485 -0.000354275 0.999999 0.00173172 0.00159594 -0.00173128 0.999997 -0.118174 0.274304 -0.283115
FixedParameters: 0 0 0

#Transform 81
Transform: AffineTransform_float_3_3
Parameters: 0.999999 0.000607773 -0.00175108 -0.00060701 1 0.000481217 0.00175206 -0.000479784 0.999998 -0.124201 0.219224 -0.29289
FixedParameters: 0 0 0

#Transform 82
Transform: AffineTransform_float_3_3
Parameters: 0.999999 0.000737876 -0.0013452 -0.000735919 0.999999 0.000873144 0.00134556 -0.000871856 0.999999 -0.146292 0.238321 -0.144516
FixedParameters: 0 0 0

#Transform 83
Transform: AffineTransform_float_3_3
Parameters: 0.999999 -8.21935e-05 -0.00148919 8.26477e-05 1 0.000152389 0.00148917 -0.00015261 0.999999 -0.133572 0.174981 -0.0512993
FixedParameters: 0 0 0

#Transform 84
Transform: AffineTransform_float_3_3
Parameters: 0.999999 0.000301487 -0.00173708 -0.000300781 1 0.000845676 0.00173745 -0.000845325 0.999998 -0.143225 0.205048 -0.106465
FixedParameters: 0 0 0

#Transform 85
Transform: AffineTransform_float_3_3
Parameters: 0.999999 0.000211822 -0.00145598 -0.000210708 1 0.000698461 0.00145666 -0.00069854 0.999999 -0.142408 0.216211 -0.131205
FixedParameters: 0 0 0

#Transform 86
Transform: AffineTransform_float_3_3
Parameters: 0.999999 0.000834704 -0.00164919 -0.000832516 0.999998 0.00145868 0.00165056 -0.00145732 0.999998 -0.180788 0.23403 -0.152132
FixedParameters: 0 0 0

#Transform 87
Transform: AffineTransform_float_3_3
Parameters: 0.999997 0.000968176 -0.00245275 -0.000964998 0.999999 0.00137083 0.00245473 -0.00136817 0.999996 -0.236746 0.247896 -0.0722139
FixedParameters: 0 0 0

#Transform 88
Transform: AffineTransform_float_3_3
Parameters: 0.999996 0.00109768 -0.00257345 -0.00109513 0.999998 0.00100643 0.00257459 -0.00100357 0.999996 -0.235448 0.221599 -0.0637702
FixedParameters: 0 0 0

#Transform 89
Transform: AffineTransform_float_3_3
Parameters: 0.999996 0.00148956 -0.00216994 -0.00148817 0.999999 0.000712971 0.00217061 -0.000710031 0.999997 -0.205608 0.228282 -0.12731
FixedParameters: 0 0 0

#Transform 90
Transform: AffineTransform_float_3_3
Parameters: 0.999996 0.00156857 -0.00208714 -0.00156772 0.999999 0.000299012 0.00208715 -0.000295989 0.999998 -0.201459 0.208259 -0.118143
FixedParameters: 0 0 0

#Transform 91
Transform: AffineTransform_float_3_3
Parameters: 0.999999 0.000975094 -0.00104351 -0.000975879 0.999999 -0.00119219 0.00104263 0.00119281 0.999999 -0.163232 0.122862 -0.0189722
FixedParameters: 0 0 0

#Transform 92
Transform: AffineTransform_float_3_3
Parameters: 0.999998 0.000304026 -0.001996 -0.000303189 1 0.000440272 0.00199666 -0.000439729 0.999998 -0.204247 0.170011 -0.0217717
FixedParameters: 0 0 0

#Transform 93
Transform: AffineTransform_float_3_3
Parameters: 0.999999 0.000337633 -0.00136713 -0.000335471 0.999998 0.00174961 0.00136725 -0.00174939 0.999997 -0.173816 0.213057 -0.0220316
FixedParameters: 0 0 0

#Transform 94
Transform: AffineTransform_float_3_3
Parameters: 1 -2.41287e-05 -0.00118821 2.63297e-05 0.999998 0.00186512 0.00118797 -0.00186588 0.999997 -0.171965 0.224542 -0.00866335
FixedParameters: 0 0 0

#Transform 95
Transform: AffineTransform_float_3_3
Parameters: 1 -0.000287338 -0.00116523 0.000287983 0.999999 0.000671177 0.00116524 -0.000671823 0.999999 -0.166156 0.192768 -0.0660096
FixedParameters: 0 0 0

#Transform 96
Transform: AffineTransform_float_3_3
Parameters: 1 -3.26694e-05 -0.00120382 3.29152e-05 1 0.000264473 0.00120288 -0.000264527 1 -0.156888 0.162642 -0.0504449
FixedParameters: 0 0 0

#Transform 97
Transform: AffineTransform_float_3_3
Parameters: 0.999999 -5.22983e-05 -0.00125172 5.33934e-05 1 0.000804934 0.00125202 -0.000805067 0.999999 -0.169383 0.172532 -0.0481642
FixedParameters: 0 0 0

#Transform 98
Transform: AffineTransform_float_3_3
Parameters: 1 -2.33043e-05 -0.00118358 2.45584e-05 1 0.000918125 0.00118393 -0.000918876 0.999999 -0.164224 0.192328 -0.0548536
FixedParameters: 0 0 0

#Transform 99
Transform: AffineTransform_float_3_3
Parameters: 1 -0.000239145 -0.000614371 0.00023994 0.999999 0.00139685 0.000614092 -0.00139715 0.999999 -0.109921 0.20792 -0.0541359
FixedParameters: 0 0 0

#Transform 100
Transform: AffineTransform_float_3_3
Parameters: 0.999999 -0.00083414 -0.000362794 0.000834627 0.999999 0.00140254 0.000361765 -0.00140245 0.999999 -0.0881015 0.207247 -0.0685128
FixedParameters: 0 0 0

#Transform 101
Transform: AffineTransform_float_3_3
Parameters: 0.999999 -0.000535228 -0.000729116 0.000536309 0.999999 0.00137261 0.000728036 -0.00137339 0.999999 -0.143264 0.202046 -0.0235884
FixedParameters: 0 0 0

#Transform 102
Transform: AffineTransform_float_3_3
Parameters: 1 -0.000252232 -0.00104973 0.000253247 0.999999 0.000922094 0.00104966 -0.000921905 0.999999 -0.149848 0.190926 -0.0755214
FixedParameters: 0 0 0

#Transform 103
Transform: AffineTransform_float_3_3
Parameters: 0.999999 -0.00029314 -0.000859726 0.000294279 0.999999 0.00119775 0.000859413 -0.00119825 0.999999 -0.142376 0.201692 -0.0619764
FixedParameters: 0 0 0

#Transform 104
Transform: AffineTransform_float_3_3
Parameters: 0.999999 -0.000567037 -0.000554914 0.000567422 0.999999 0.00117769 0.000553968 -0.00117831 0.999999 -0.123428 0.191562 -0.0572394
FixedParameters: 0 0 0

#Transform 105
Transform: AffineTransform_float_3_3
Parameters: 1 -9.14423e-05 -0.000998343 9.24269e-05 1 0.000953909 0.000998559 -0.000954092 0.999999 -0.140957 0.198316 -0.0813794
FixedParameters: 0 0 0

#Transform 106
Transform: AffineTransform_float_3_3
Parameters: 0.999999 8.24657e-05 -0.000875308 -8.13031e-05 0.999999 0.00118922 0.000875894 -0.00118978 0.999999 -0.155565 0.223657 -0.0885817
FixedParameters: 0 0 0

#Transform 107
Transform: AffineTransform_float_3_3
Parameters: 0.999999 0.000430148 -0.000958696 -0.000429075 1 0.000763565 0.000958431 -0.000763436 1 -0.161153 0.221751 -0.0929267
FixedParameters: 0 0 0

#Transform 108
Transform: AffineTransform_float_3_3
Parameters: 1 0.000135632 -0.00102386 -0.000134476 1 0.00101329 0.00102452 -0.00101371 0.999999 -0.168252 0.222598 -0.110981
FixedParameters: 0 0 0

#Transform 109
Transform: AffineTransform_float_3_3
Parameters: 1 0.000357061 -0.00116759 -0.000356153 1 0.00095057 0.00116774 -0.000950432 0.999999 -0.140108 0.233721 -0.12721
FixedParameters: 0 0 0

#Transform 110
Transform: AffineTransform_float_3_3
Parameters: 1 0.00054585 -0.000995765 -0.00054434 1 0.000757696 0.000996591 -0.000757305 1 -0.129746 0.202679 -0.084493
FixedParameters: 0 0 0

#Transform 111
Transform: AffineTransform_float_3_3
Parameters: 0.999999 0.000444564 -0.00120841 -0.000444492 0.999999 0.00041069 0.00120916 -0.00041031 0.999999 -0.1352 0.204172 -0.10311
FixedParameters: 0 0 0

#Transform 112
Transform: AffineTransform_float_3_3
Parameters: 0.999999 0.000239439 -0.000752107 -0.000238743 0.999999 0.000462332 0.000752329 -0.000462667 1 -0.13392 0.196715 -0.098088
FixedParameters: 0 0 0

#Transform 113
Transform: AffineTransform_float_3_3
Parameters: 1 -0.000357331 -0.000918358 0.0003581 0.999999 0.000920031 0.000918091 -0.000919968 0.999999 -0.156749 0.206879 -0.0669261
FixedParameters: 0 0 0

#Transform 114
Transform: AffineTransform_float_3_3
Parameters: 0.999999 -0.00144089 -0.000997186 0.00143911 0.999998 -0.00115923 0.000999212 0.00115777 0.999999 -0.134752 0.141549 -0.0143361
FixedParameters: 0 0 0

#Transform 115
Transform: AffineTransform_float_3_3
Parameters: 0.999999 -0.000396271 -0.00140921 0.000395984 1 -0.000102046 0.00140929 0.000100954 0.999999 -0.155203 0.17585 -0.0637818
FixedParameters: 0 0 0

#Transform 116
Transform: AffineTransform_float_3_3
Parameters: 0.999998 -0.000369737 -0.00192702 0.000368771 0.999999 -0.00072884 0.00192678 0.000728161 0.999998 -0.185078 0.14949 -0.0730495
FixedParameters: 0 0 0

#Transform 117
Transform: AffineTransform_float_3_3
Parameters: 0.999997 -0.000436589 -0.00245495 0.000435081 0.999999 -0.000682685 0.00245476 0.000681314 0.999997 -0.190018 0.161432 -0.0955029
FixedParameters: 0 0 0

#Transform 118
Transform: AffineTransform_float_3_3
Parameters: 0.999999 -0.000814131 -0.00164249 0.000813855 1 0.000195383 0.00164256 -0.000196618 0.999999 -0.146727 0.190026 -0.0946818
FixedParameters: 0 0 0

#Transform 119
Transform: AffineTransform_float_3_3
Parameters: 0.999999 -0.00130874 -0.00121532 0.00130898 0.999999 9.86161e-05 0.00121506 -0.000100383 0.999999 -0.163836 0.172796 -0.017716
FixedParameters: 0 0 0

#Transform 120
Transform: AffineTransform_float_3_3
Parameters: 0.999999 -0.000722483 -0.000713256 0.000722859 0.999999 -0.000381516 0.000713416 0.000380485 0.999999 -0.112452 0.174148 -0.0541805
FixedParameters: 0 0 0

#Transform 121
Transform: AffineTransform_float_3_3
Parameters: 0.999999 -0.00116523 -0.00100451 0.00116508 0.999999 -7.69636e-05 0.00100469 7.60366e-05 0.999999 -0.139648 0.177322 -0.029634
FixedParameters: 0 0 0

#Transform 122
Transform: AffineTransform_float_3_3
Parameters: 0.999999 -0.0011052 -0.00103013 0.00110544 0.999999 0.000120068 0.00102986 -0.000120931 0.999999 -0.136812 0.176396 -0.045169
FixedParameters: 0 0 0

#Transform 123
Transform: AffineTransform_float_3_3
Parameters: 0.999999 -0.000612922 -0.000642538 0.000612709 1 -0.000166394 0.000642742 0.000165606 1 -0.119634 0.161633 -0.0595854
FixedParameters: 0 0 0

#Transform 124
Transform: AffineTransform_float_3_3
Parameters: 0.999999 -0.000629162 -0.00069527 0.000629324 0.999999 -0.000545078 0.000695565 0.000544923 1 -0.124597 0.144582 -0.0292247
FixedParameters: 0 0 0

#Transform 125
Transform: AffineTransform_float_3_3
Parameters: 0.999999 -0.000749136 -0.00123223 0.000748941 1 -7.95634e-05 0.00123235 7.84366e-05 0.999999 -0.141366 0.16616 -0.0606946
FixedParameters: 0 0 0

#Transform 126
Transform: AffineTransform_float_3_3
Parameters: 0.999998 -0.000973272 -0.00135539 0.000972757 0.999999 -0.000190959 0.00135576 0.00018904 0.999999 -0.148618 0.163368 -0.0458732
FixedParameters: 0 0 0

#Transform 127
Transform: AffineTransform_float_3_3
Parameters: 0.999999 -0.00071179 -0.000570553 0.00071182 0.999998 -0.00158505 0.000572028 0.00158495 0.999999 -0.133119 0.122264 -0.0155197
FixedParameters: 0 0 0

#Transform 128
Transform: AffineTransform_float_3_3
Parameters: 0.999998 -0.000496896 -0.00151866 0.000495892 0.999999 -0.000634241 0.0015189 0.000632758 0.999998 -0.152862 0.161327 -0.0535389
FixedParameters: 0 0 0

#Transform 129
Transform: AffineTransform_float_3_3
Parameters: 1 -0.000188325 -9.26485e-05 0.000188146 0.999999 -0.000964017 9.30115e-05 0.000963982 0.999999 -0.113302 0.141224 -0.0242707
FixedParameters: 0 0 0

#Transform 130
Transform: AffineTransform_float_3_3
Parameters: 1 9.5639e-05 -0.000485199 -9.56229e-05 0.999999 -0.0009328 0.00048463 0.000932198 0.999999 -0.135539 0.135078 -0.0244259
FixedParameters: 0 0 0

#Transform 131
Transform: AffineTransform_float_3_3
Parameters: 0.999999 -0.000378067 -0.00077375 0.000377756 0.999999 -0.000795933 0.000773961 0.000796067 1 -0.125492 0.140609 -0.0260038
FixedParameters: 0 0 0

#Transform 132
Transform: AffineTransform_float_3_3
Parameters: 0.999999 -0.000491357 -0.000785378 0.000490628 1 -0.000464026 0.000785834 0.000463974 1 -0.134075 0.171734 -0.0640658
FixedParameters: 0 0 0

#Transform 133
Transform: AffineTransform_float_3_3
Parameters: 0.999999 -0.000106879 -0.00138761 0.000106462 1 -0.000150636 0.00138765 0.000150364 0.999999 -0.162374 0.177975 -0.0830011
FixedParameters: 0 0 0

#Transform 134
Transform: AffineTransform_float_3_3
Parameters: 0.999999 -8.15857e-05 -0.00181032 8.12909e-05 1 -0.000443276 0.00181092 0.000443725 0.999999 -0.172709 0.17818 -0.0598494
FixedParameters: 0 0 0

#Transform 135
Transform: AffineTransform_float_3_3
Parameters: 0.999998 0.00039808 -0.00228582 -0.000401145 1 -0.00124342 0.00228589 0.00124458 0.999997 -0.200972 0.151058 -0.0237744
FixedParameters: 0 0 0

#Transform 136
Transform: AffineTransform_float_3_3
Parameters: 0.999998 0.000148286 -0.00158463 -0.00015039 1 -0.00095461 0.00158396 0.000954388 0.999998 -0.165854 0.142705 -0.0136941
FixedParameters: 0 0 0

#Transform 137
Transform: AffineTransform_float_3_3
Parameters: 0.999999 -6.62275e-05 -0.00183031 6.42127e-05 1 -0.00105361 0.00182967 0.00105339 0.999998 -0.164308 0.141828 0.00930987
FixedParameters: 0 0 0

#Transform 138
Transform: AffineTransform_float_3_3
Parameters: 1 -0.00030269 -0.00115811 0.000300385 0.999999 -0.00179035 0.0011584 0.00178965 0.999997 -0.141349 0.112601 -0.0121743
FixedParameters: 0 0 0

#Transform 139
Transform: AffineTransform_float_3_3
Parameters: 0.999999 -0.00100663 -0.00111411 0.00100475 0.999997 -0.00232292 0.00111629 0.00232209 0.999997 -0.169184 0.0938503 0.0268881
FixedParameters: 0 0 0

#Transform 140
Transform: AffineTransform_float_3_3
Parameters: 0.999997 -0.00148303 -0.00165235 0.00147975 0.999997 -0.00214604 0.00165491 0.00214397 0.999997 -0.174712 0.10406 0.0435637
FixedParameters: 0 0 0

#Transform 141
Transform: AffineTransform_float_3_3
Parameters: 0.999998 -0.000977174 -0.00165098 0.000974021 0.999998 -0.00179125 0.0016533 0.00178875 0.999997 -0.184175 0.110347 0.0388266
FixedParameters: 0 0 0

#Transform 142
Transform: AffineTransform_float_3_3
Parameters: 0.999998 -0.000619497 -0.00145675 0.000617558 0.999999 -0.00129754 0.00145757 0.00129646 0.999998 -0.158418 0.124585 0.0258871
FixedParameters: 0 0 0

#Transform 143
Transform: AffineTransform_float_3_3
Parameters: 0.999999 -0.000616798 -0.00118836 0.000615157 0.999999 -0.00107773 0.00118929 0.00107627 0.999998 -0.145414 0.14748 -0.00480892
FixedParameters: 0 0 0

#Transform 144
Transform: AffineTransform_float_3_3
Parameters: 1 -0.000510765 -0.000938946 0.000509414 0.999999 -0.00120948 0.000939788 0.00120852 0.999999 -0.117993 0.140598 -0.0107634
FixedParameters: 0 0 0

#Transform 145
Transform: AffineTransform_float_3_3
Parameters: 0.999998 -0.000741123 -0.00147883 0.000738304 0.999999 -0.00144373 0.00147926 0.00144226 0.999998 -0.118601 0.13807 -0.0240626
FixedParameters: 0 0 0

#Transform 146
Transform: AffineTransform_float_3_3
Parameters: 0.999998 -0.00140523 -0.000949924 0.00140353 0.999998 -0.00165364 0.000952865 0.00165236 0.999998 -0.101012 0.121817 -0.0248888
FixedParameters: 0 0 0

#Transform 147
Transform: AffineTransform_float_3_3
Parameters: 0.999999 -0.00171268 -0.000507379 0.00171131 0.999996 -0.00200403 0.000510696 0.00200298 0.999998 -0.109291 0.0892992 0.0410725
FixedParameters: 0 0 0

#Transform 148
Transform: AffineTransform_float_3_3
Parameters: 0.999999 -0.00112944 -0.000547867 0.00112905 0.999998 -0.00167362 0.000549943 0.00167238 0.999999 -0.105405 0.104828 0.00857821
FixedParameters: 0 0 0

#Transform 149
Transform: AffineTransform_float_3_3
Parameters: 0.999999 -0.00122529 -0.000773623 0.00122426 0.999998 -0.00135274 0.000774314 0.00135226 0.999999 -0.123958 0.137171 -0.0218055
FixedParameters: 0 0 0

#Transform 150
Transform: AffineTransform_float_3_3
Parameters: 0.999999 -0.000707965 -0.000551573 0.00070685 0.999998 -0.00149039 0.00055237 0.00148961 0.999998 -0.124186 0.130199 -0.00426576
FixedParameters: 0 0 0

#Transform 151
Transform: AffineTransform_float_3_3
Parameters: 1 -0.00024164 -0.000997154 0.000239911 0.999999 -0.00179024 0.000997234 0.00178976 0.999998 -0.147102 0.104555 0.0261754
FixedParameters: 0 0 0

#Transform 152
Transform: AffineTransform_float_3_3
Parameters: 0.999999 -0.000365959 -0.000825621 0.000364554 0.999999 -0.0014083 0.000826259 0.0014077 0.999998 -0.147002 0.11559 0.0266746
FixedParameters: 0 0 0

#Transform 153
Transform: AffineTransform_float_3_3
Parameters: 0.999999 -0.00102776 -0.000856198 0.00102612 0.999997 -0.00211167 0.000857521 0.00211133 0.999997 -0.154207 0.096345 0.0775561
FixedParameters: 0 0 0

#Transform 154
Transform: AffineTransform_float_3_3
Parameters: 0.999999 -0.000689806 -0.00114515 0.000686887 0.999998 -0.00190743 0.00114607 0.00190657 0.999998 -0.170673 0.121707 0.0360237
FixedParameters: 0 0 0

#Transform 155
Transform: AffineTransform_float_3_3
Parameters: 0.999999 -0.000537282 -0.00125916 0.000535302 0.999998 -0.00188232 0.00126001 0.00188169 0.999998 -0.182328 0.113984 0.046818
FixedParameters: 0 0 0

#Transform 156
Transform: AffineTransform_float_3_3
Parameters: 0.999999 -0.000515302 -0.00134573 0.000513352 0.999999 -0.00175033 0.00134636 0.00174967 0.999998 -0.18693 0.115044 0.0507885
FixedParameters: 0 0 0

#Transform 157
Transform: AffineTransform_float_3_3
Parameters: 0.999999 -0.000331643 -0.000858741 0.000329309 0.999998 -0.00189428 0.000859602 0.00189372 0.999998 -0.154592 0.103814 0.0366296
FixedParameters: 0 0 0

#Transform 158
Transform: AffineTransform_float_3_3
Parameters: 0.999999 -0.000447871 -0.000721092 0.000446186 0.999999 -0.00180448 0.000722314 0.00180453 0.999998 -0.131444 0.123623 0.0188221
FixedParameters: 0 0 0

#Transform 159
Transform: AffineTransform_float_3_3
Parameters: 1 -0.000173628 -0.000511913 0.000173019 0.999999 -0.00149309 0.00051204 0.00149291 0.999999 -0.118953 0.155905 -0.00819032
FixedParameters: 0 0 0

#Transform 160
Transform: AffineTransform_float_3_3
Parameters: 0.999999 -0.000298289 -0.000933843 0.000295965 0.999998 -0.00173692 0.000934484 0.00173708 0.999998 -0.130087 0.141462 0.0226066
FixedParameters: 0 0 0

#Transform 161
Transform: AffineTransform_float_3_3
Parameters: 0.999999 -0.000431611 -0.00125203 0.000429487 0.999998 -0.00158318 0.00125262 0.00158282 0.999998 -0.143477 0.148907 -0.0152431
FixedParameters: 0 0 0

#Transform 162
Transform: AffineTransform_float_3_3
Parameters: 0.999999 -0.000294822 -0.000815684 0.000294477 0.999999 -0.000775881 0.00081575 0.000776119 1 -0.127831 0.177227 -0.0530667
FixedParameters: 0 0 0

#Transform 163
Transform: AffineTransform_float_3_3
Parameters: 1 -0.000223025 -0.00118633 0.00022281 1 -0.000642905 0.00118715 0.000643095 0.999999 -0.135446 0.184018 -0.0727985
FixedParameters: 0 0 0

#Transform 164
Transform: AffineTransform_float_3_3
Parameters: 1 -0.000274374 -0.00117647 0.000273557 0.999999 -0.00073881 0.00117648 0.00073819 0.999999 -0.131812 0.177762 -0.071389
FixedParameters: 0 0 0

#Transform 165
Transform: AffineTransform_float_3_3
Parameters: 1 -0.000510003 -0.000410907 0.000509243 0.999999 -0.00156836 0.000411194 0.00156864 0.999998 -0.118579 0.140575 -0.0197227
FixedParameters: 0 0 0

#Transform 166
Transform: AffineTransform_float_3_3
Parameters: 0.999998 -0.000546932 -0.00198927 0.000540807 0.999996 -0.00302521 0.00199114 0.00302379 0.999994 -0.165173 0.108759 -0.00411591
FixedParameters: 0 0 0

#Transform 167
Transform: AffineTransform_float_3_3
Parameters: 0.999998 -0.000301178 -0.0022125 0.000295505 0.999998 -0.00220264 0.00221318 0.00220136 0.999996 -0.198195 0.130419 0.0433362
FixedParameters: 0 0 0

#Transform 168
Transform: AffineTransform_float_3_3
Parameters: 0.999996 -0.000752605 -0.0026798 0.000753297 0.999999 0.000471574 0.00267987 -0.000473427 0.999996 -0.236787 0.218412 0.106895
FixedParameters: 0 0 0

#Transform 169
Transform: AffineTransform_float_3_3
Parameters: 0.999997 -0.000708745 -0.00224016 0.000708553 1 -4.35084e-05 0.00224022 4.24914e-05 0.999998 -0.202693 0.176686 0.0769341
FixedParameters: 0 0 0

#Transform 170
Transform: AffineTransform_float_3_3
Parameters: 0.999997 -0.000487624 -0.00214595 0.000488871 1 0.000289823 0.00214566 -0.000291175 0.999997 -0.185929 0.210076 0.0493029
FixedParameters: 0 0 0

#Transform 171
Transform: AffineTransform_float_3_3
Parameters: 0.999998 -0.000358672 -0.00187944 0.000357976 1 -0.000429954 0.00187935 0.000430046 0.999998 -0.176694 0.182929 0.0608549
FixedParameters: 0 0 0

#Transform 172
Transform: AffineTransform_float_3_3
Parameters: 0.999999 -0.000832975 -0.00126222 0.000829283 0.999997 -0.00240069 0.00126411 0.00239931 0.999996 -0.149697 0.101633 0.134004
FixedParameters: 0 0 0

#Transform 173
Transform: AffineTransform_float_3_3
Parameters: 0.999999 -0.000997458 -0.00112774 0.000994258 0.999996 -0.00246776 0.00113056 0.00246623 0.999996 -0.131587 0.0961125 0.0742125
FixedParameters: 0 0 0

#Transform 174
Transform: AffineTransform_float_3_3
Parameters: 0.999999 -0.00117908 -0.00141393 0.00117345 0.999994 -0.00333846 0.00141798 0.00333654 0.999993 -0.146833 0.0648816 0.0845663
FixedParameters: 0 0 0

#Transform 175
Transform: AffineTransform_float_3_3
Parameters: 0.999998 -0.000855281 -0.00150052 0.000850757 0.999995 -0.00290956 0.00150261 0.00290844 0.999995 -0.144687 0.0837624 0.052224
FixedParameters: 0 0 0

#Transform 176
Transform: AffineTransform_float_3_3
Parameters: 0.999999 -0.000902986 -0.00123319 0.000899049 0.999995 -0.0029279 0.00123598 0.00292709 0.999994 -0.154685 0.0870606 0.081358
FixedParameters: 0 0 0

#Transform 177
Transform: AffineTransform_float_3_3
Parameters: 1 -0.000772122 -0.000710336 0.000769354 0.999995 -0.0033377 0.000712467 0.0033373 0.999994 -0.122653 0.0826593 0.103359
FixedParameters: 0 0 0

#Transform 178
Transform: AffineTransform_float_3_3
Parameters: 0.999999 -0.00108504 -0.000812798 0.00108258 0.999996 -0.00273003 0.000815701 0.00272896 0.999996 -0.121897 0.0944156 0.108321
FixedParameters: 0 0 0

#Transform 179
Transform: AffineTransform_float_3_3
Parameters: 0.999998 -0.00128231 -0.00101996 0.00127976 0.999996 -0.0026711 0.0010234 0.0026699 0.999996 -0.123116 0.0931532 0.0528456
FixedParameters: 0 0 0
