#Insight Transform File V1.0
#Transform 0
Transform: AffineTransform_float_3_3
Parameters: 0.999998 0.00073611 -0.00153444 -0.000735714 1 0.000129435 0.00153463 -0.000128565 0.999999 -0.049492 0.096734 0.357237
FixedParameters: 0 0 0

#Transform 1
Transform: AffineTransform_float_3_3
Parameters: 1 0.00040718 0.000371625 -0.000407235 0.999999 0.000786848 -0.000372295 -0.000787151 0.999999 0.0123543 0.105455 -0.118779
FixedParameters: 0 0 0

#Transform 2
Transform: AffineTransform_float_3_3
Parameters: 1 0.000141695 -0.000255387 -0.000141073 1 0.00121604 0.000255731 -0.00121596 0.999999 0.011353 0.143757 -0.196373
FixedParameters: 0 0 0

#Transform 3
Transform: AffineTransform_float_3_3
Parameters: 1 0.000219598 -7.12495e-05 -0.000219462 0.999999 0.000950015 7.16666e-05 -0.000949983 0.999999 0.00746684 0.161943 -0.182513
FixedParameters: 0 0 0

#Transform 4
Transform: AffineTransform_float_3_3
Parameters: 1 0.000473259 -0.000221066 -0.000472899 0.999999 0.000814104 0.000221836 -0.000813895 0.999999 0.0200119 0.14969 -0.220554
FixedParameters: 0 0 0

#Transform 5
Transform: AffineTransform_float_3_3
Parameters: 1 0.000480364 0.000224745 -0.00048056 0.999998 0.00161489 -0.000224505 -0.00161511 0.999998 0.0125672 0.160718 -0.189824
FixedParameters: 0 0 0

#Transform 6
Transform: AffineTransform_float_3_3
Parameters: 1 -1.37408e-05 0.000208845 1.31811e-05 0.999999 0.00134 -0.000208881 -0.00134 0.999999 0.0037305 0.175019 -0.173853
FixedParameters: 0 0 0

#Transform 7
Transform: AffineTransform_float_3_3
Parameters: 1 3.51999e-05 0.000227213 -3.5969e-05 0.999998 0.00169299 -0.000227093 -0.00169301 0.999998 0.00341079 0.162811 -0.185549
FixedParameters: 0 0 0

#Transform 8
Transform: AffineTransform_float_3_3
Parameters: 1 0.000265631 0.000342523 -0.000266153 0.999999 0.000762908 -0.000342117 -0.00076309 0.999999 0.0193532 0.168799 -0.203913
FixedParameters: 0 0 0

#Transform 9
Transform: AffineTransform_float_3_3
Parameters: 1 0.000300806 6.16472e-05 -0.000300943 1 0.00111162 -6.09781e-05 -0.00111238 0.999999 0.0140971 0.15216 -0.238432
FixedParameters: 0 0 0

#Transform 10
Transform: AffineTransform_float_3_3
Parameters: 1 0.000310137 0.00014781 -0.000309528 0.999999 0.00105531 -0.000147547 -0.00105469 1 0.0154042 0.168068 -0.221343
FixedParameters: 0 0 0

#Transform 11
Transform: AffineTransform_float_3_3
Parameters: 1 0.000286723 0.000295714 -0.000286747 0.999998 0.00159891 -0.000295187 -0.00159908 0.999998 0.0113682 0.163973 -0.210452
FixedParameters: 0 0 0

#Transform 12
Transform: AffineTransform_float_3_3
Parameters: 1 0.000334046 0.000196202 -0.000334262 1 0.000550934 -0.000195834 -0.000551065 1 0.0221848 0.159401 -0.26997
FixedParameters: 0 0 0

#Transform 13
Transform: AffineTransform_float_3_3
Parameters: 1 0.000275883 0.000136303 -0.000276632 0.999999 0.00131296 -0.000136498 -0.00131304 0.999999 0.015677 0.158495 -0.253811
FixedParameters: 0 0 0

#Transform 14
Transform: AffineTransform_float_3_3
Parameters: 1 0.000235274 9.15593e-05 -0.000235486 1 0.00115898 -9.10137e-05 -0.00115902 1 0.0156205 0.1521 -0.238624
FixedParameters: 0 0 0

#Transform 15
Transform: AffineTransform_float_3_3
Parameters: 1 0.000284931 0.000170453 -0.00028481 0.999999 0.00119495 -0.000171083 -0.00119505 1 0.016089 0.153368 -0.254051
FixedParameters: 0 0 0

#Transform 16
Transform: AffineTransform_float_3_3
Parameters: 1 0.000277782 0.000507914 -0.000278198 0.999999 0.00131586 -0.000507573 -0.00131614 0.999999 0.0219502 0.171407 -0.259445
FixedParameters: 0 0 0

#Transform 17
Transform: AffineTransform_float_3_3
Parameters: 1 7.61067e-05 -0.000104965 -7.58869e-05 1 0.00104601 0.000105124 -0.00104599 1 0.00181645 0.159993 -0.112959
FixedParameters: 0 0 0

#Transform 18
Transform: AffineTransform_float_3_3
Parameters: 1 -3.51748e-05 -0.000180573 3.55305e-05 0.999999 0.000984993 0.000180504 -0.000985005 0.999999 0.00791408 0.168587 -0.111651
FixedParameters: 0 0 0

#Transform 19
Transform: AffineTransform_float_3_3
Parameters: 1 0.000109525 -0.000241721 -0.000108808 0.999999 0.00148103 0.000242045 -0.00148097 0.999999 0.0145982 0.185476 -0.24294
FixedParameters: 0 0 0

#Transform 20
Transform: AffineTransform_float_3_3
Parameters: 1 0.000116406 0.000170101 -0.000116929 0.999999 0.00153898 -0.000169742 -0.00153902 0.999999 0.0184448 0.186554 -0.249058
FixedParameters: 0 0 0

#Transform 21
Transform: AffineTransform_float_3_3
Parameters: 1 -0.000291357 2.21183e-05 0.000290359 0.999999 0.00174165 -2.27409e-05 -0.00174235 0.999998 0.0115374 0.200025 -0.222621
FixedParameters: 0 0 0

#Transform 22
Transform: AffineTransform_float_3_3
Parameters: 1 -0.000249121 -2.16493e-05 0.000249173 0.999999 0.001212 2.10454e-05 -0.00121201 1 0.0113183 0.173264 -0.243235
FixedParameters: 0 0 0

#Transform 23
Transform: AffineTransform_float_3_3
Parameters: 1 -0.000346453 -4.86866e-05 0.000346513 0.999999 0.000620983 4.82562e-05 -0.000621016 1 0.0210756 0.168091 -0.260596
FixedParameters: 0 0 0

#Transform 24
Transform: AffineTransform_float_3_3
Parameters: 1 -0.000190696 -0.000114875 0.00019022 0.999998 0.00193898 0.000114527 -0.00193902 0.999998 0.00786902 0.197582 -0.220187
FixedParameters: 0 0 0

#Transform 25
Transform: AffineTransform_float_3_3
Parameters: 1 -0.000341773 -5.1149e-05 0.00034146 0.999997 0.00211798 5.10131e-05 -0.00211802 0.999998 0.0139904 0.212624 -0.241622
FixedParameters: 0 0 0

#Transform 26
Transform: AffineTransform_float_3_3
Parameters: 1 -2.59208e-05 -0.000184478 2.63745e-05 0.999999 0.00123 0.000184414 -0.00123001 0.999999 0.0208362 0.205281 -0.234038
FixedParameters: 0 0 0

#Transform 27
Transform: AffineTransform_float_3_3
Parameters: 1 -0.000322456 -5.91467e-05 0.000323036 0.999998 0.00160098 5.90338e-05 -0.00160102 0.999998 0.0227413 0.200425 -0.242594
FixedParameters: 0 0 0

#Transform 28
Transform: AffineTransform_float_3_3
Parameters: 1 -6.27423e-05 -0.000168901 6.31934e-05 0.999999 0.00133599 0.000168732 -0.00133601 0.999999 0.00645787 0.199726 -0.184693
FixedParameters: 0 0 0

#Transform 29
Transform: AffineTransform_float_3_3
Parameters: 1 -0.000231045 0.00013664 0.000230531 0.999998 0.00187403 -0.000137505 -0.00187397 0.999998 0.0155478 0.189765 -0.242674
FixedParameters: 0 0 0

#Transform 30
Transform: AffineTransform_float_3_3
Parameters: 1 -0.000343621 -5.03343e-05 0.000344214 0.999998 0.00200998 4.98723e-05 -0.00201002 0.999998 0.00923106 0.203721 -0.234481
FixedParameters: 0 0 0

#Transform 31
Transform: AffineTransform_float_3_3
Parameters: 1 -0.000477204 6.34581e-06 0.000477577 0.999999 0.001397 -6.75913e-06 -0.001397 0.999999 0.0236661 0.187344 -0.24742
FixedParameters: 0 0 0

#Transform 32
Transform: AffineTransform_float_3_3
Parameters: 1 -0.000106838 -0.000394507 0.000107479 0.999998 0.00197896 0.000394473 -0.00197904 0.999998 0.0396117 0.187079 -0.312882
FixedParameters: 0 0 0

#Transform 33
Transform: AffineTransform_float_3_3
Parameters: 1 -0.000316933 -6.14598e-05 0.000316592 0.999999 0.00152998 6.18017e-05 -0.00153002 0.999999 0.00554739 0.202583 -0.185394
FixedParameters: 0 0 0

#Transform 34
Transform: AffineTransform_float_3_3
Parameters: 1 -0.000127111 -0.000141728 0.000127695 0.999998 0.00206698 0.000141202 -0.00206702 0.999998 0.030205 0.203214 -0.236011
FixedParameters: 0 0 0

#Transform 35
Transform: AffineTransform_float_3_3
Parameters: 1 -0.000189909 -4.35282e-05 0.000190057 0.999998 0.00171799 4.28754e-05 -0.00171801 0.999998 0.0166984 0.187576 -0.244175
FixedParameters: 0 0 0

#Transform 36
Transform: AffineTransform_float_3_3
Parameters: 1 -0.000594074 0.000171466 0.000593742 0.999997 0.0020981 -0.000173038 -0.0020979 0.999998 0.018827 0.173401 -0.241934
FixedParameters: 0 0 0

#Transform 37
Transform: AffineTransform_float_3_3
Parameters: 1 -0.000640964 -0.000122713 0.000641456 0.999996 0.00258592 0.000121629 -0.00258608 0.999996 0.023561 0.202282 -0.257352
FixedParameters: 0 0 0

#Transform 38
Transform: AffineTransform_float_3_3
Parameters: 1 -0.000536555 0.000307782 0.000535606 0.999998 0.00217181 -0.000309191 -0.00217219 0.999997 0.0394565 0.203406 -0.304949
FixedParameters: 0 0 0

#Transform 39
Transform: AffineTransform_float_3_3
Parameters: 1 -0.000383847 0.000482658 0.000381217 0.999995 0.00312418 -0.000484128 -0.00312381 0.999995 0.0452945 0.206818 -0.253621
FixedParameters: 0 0 0

#Transform 40
Transform: AffineTransform_float_3_3
Parameters: 1 -0.000406133 0.000447074 0.000405559 0.999997 0.00210618 -0.000448254 -0.00210582 0.999997 0.0246409 0.208813 -0.218348
FixedParameters: 0 0 0

#Transform 41
Transform: AffineTransform_float_3_3
Parameters: 0.999999 -0.000728501 0.000176877 0.00072709 0.999996 0.00247613 -0.00017917 -0.00247587 0.999997 0.0260028 0.197232 -0.230317
FixedParameters: 0 0 0

#Transform 42
Transform: AffineTransform_float_3_3
Parameters: 1 -0.000533016 5.11455e-05 0.000533558 0.999997 0.00232203 -5.17811e-05 -0.00232197 0.999998 0.0250438 0.206396 -0.235597
FixedParameters: 0 0 0

#Transform 43
Transform: AffineTransform_float_3_3
Parameters: 0.999999 -0.000716606 0.000390361 0.000715386 0.999998 0.00205792 -0.000392387 -0.00205808 0.999998 0.0500154 0.18678 -0.2497
FixedParameters: 0 0 0

#Transform 44
Transform: AffineTransform_float_3_3
Parameters: 0.999998 -0.0015424 0.000573038 0.0015401 0.999989 0.00436717 -0.000580056 -0.00436683 0.99999 0.0638972 0.20299 -0.0932673
FixedParameters: 0 0 0

#Transform 45
Transform: AffineTransform_float_3_3
Parameters: 0.999999 -0.000735179 -5.21217e-05 0.000734843 0.999998 0.00188196 5.06664e-05 -0.00188204 0.999998 0.0360084 0.184754 -0.184822
FixedParameters: 0 0 0

#Transform 46
Transform: AffineTransform_float_3_3
Parameters: 0.999999 -0.000728341 0.000341993 0.000727606 0.999998 0.00221325 -0.000343374 -0.00221275 0.999998 0.0326289 0.208724 -0.210104
FixedParameters: 0 0 0

#Transform 47
Transform: AffineTransform_float_3_3
Parameters: 1 -0.000853028 0.000458173 0.000851768 0.999996 0.00264939 -0.000459928 -0.00264861 0.999997 0.0363743 0.222301 -0.248403
FixedParameters: 0 0 0

#Transform 48
Transform: AffineTransform_float_3_3
Parameters: 0.999999 -0.000735257 0.000114374 0.000735396 0.999996 0.00278008 -0.000116621 -0.00277991 0.999996 0.0387491 0.22399 -0.262299
FixedParameters: 0 0 0

#Transform 49
Transform: AffineTransform_float_3_3
Parameters: 0.999999 -0.000741083 0.000211355 0.000740748 0.999996 0.0026288 -0.00021341 -0.0026292 0.999996 0.0276128 0.219334 -0.252163
FixedParameters: 0 0 0

#Transform 50
Transform: AffineTransform_float_3_3
Parameters: 1 -0.000911085 0.000320475 0.000909619 0.999998 0.00206493 -0.000322003 -0.00206507 0.999998 0.0277762 0.213007 -0.205049
FixedParameters: 0 0 0

#Transform 51
Transform: AffineTransform_float_3_3
Parameters: 0.999999 -0.000863168 8.41956e-05 0.000863587 0.999998 0.00213171 -8.6036e-05 -0.00213229 0.999998 0.0234533 0.189495 -0.203085
FixedParameters: 0 0 0

#Transform 52
Transform: AffineTransform_float_3_3
Parameters: 0.999999 -0.000905257 0.000334278 0.000903723 0.999998 0.00208279 -0.000335813 -0.00208221 0.999997 0.0282552 0.206864 -0.204621
FixedParameters: 0 0 0

#Transform 53
Transform: AffineTransform_float_3_3
Parameters: 1 -0.000617132 0.000193919 0.000616929 0.999996 0.00253012 -0.000195201 -0.00252988 0.999997 0.0285527 0.211796 -0.248637
FixedParameters: 0 0 0

#Transform 54
Transform: AffineTransform_float_3_3
Parameters: 0.999999 -0.000890112 0.000215701 0.000888898 0.999997 0.00247883 -0.00021788 -0.00247917 0.999997 0.0263004 0.213016 -0.238005
FixedParameters: 0 0 0

#Transform 55
Transform: AffineTransform_float_3_3
Parameters: 0.999999 -0.000877662 2.44091e-05 0.000878353 0.999998 0.00178687 -2.57052e-05 -0.00178613 0.999998 0.0229078 0.205173 -0.235743
FixedParameters: 0 0 0

#Transform 56
Transform: AffineTransform_float_3_3
Parameters: 0.999999 -0.000716914 -5.74601e-05 0.000716566 0.999998 0.00158896 5.64936e-05 -0.00158904 0.999998 0.0202656 0.197208 -0.195799
FixedParameters: 0 0 0

#Transform 57
Transform: AffineTransform_float_3_3
Parameters: 0.999999 -0.000816021 4.21235e-05 0.000815373 0.999999 0.00139388 -4.30856e-05 -0.00139312 0.999999 0.0226588 0.184758 -0.231632
FixedParameters: 0 0 0

#Transform 58
Transform: AffineTransform_float_3_3
Parameters: 1 -0.000705719 1.24652e-05 0.000705138 0.999998 0.00194301 -1.38952e-05 -0.00194299 0.999998 0.00798119 0.189515 -0.230793
FixedParameters: 0 0 0

#Transform 59
Transform: AffineTransform_float_3_3
Parameters: 1 -0.000689541 -1.62543e-05 0.000689079 0.999998 0.00220663 1.4523e-05 -0.00220737 0.999997 0.0165794 0.206944 -0.227063
FixedParameters: 0 0 0

#Transform 60
Transform: AffineTransform_float_3_3
Parameters: 1 -0.000650855 -0.000124149 0.000651511 0.999999 0.00106892 0.000123677 -0.00106908 1 0.0141041 0.188836 -0.234075
FixedParameters: 0 0 0

#Transform 61
Transform: AffineTransform_float_3_3
Parameters: 1 -0.000666012 -0.000209179 0.000667017 0.999999 0.00147071 0.000208139 -0.00147029 0.999998 0.0116128 0.183739 -0.236591
FixedParameters: 0 0 0

#Transform 62
Transform: AffineTransform_float_3_3
Parameters: 1 -0.000538303 -1.23113e-05 0.000538335 0.999999 0.00135399 1.08535e-05 -0.00135401 0.999999 0.0127999 0.194828 -0.204523
FixedParameters: 0 0 0

#Transform 63
Transform: AffineTransform_float_3_3
Parameters: 1 -0.00053353 -0.000101245 0.000533298 0.999999 0.00146895 0.000100989 -0.00146905 0.999999 0.0154451 0.19691 -0.290834
FixedParameters: 0 0 0

#Transform 64
Transform: AffineTransform_float_3_3
Parameters: 1 -0.00047786 -0.000117944 0.000478029 0.999999 0.000718943 0.000117257 -0.000719056 0.999999 0.0102259 0.183906 -0.2536
FixedParameters: 0 0 0

#Transform 65
Transform: AffineTransform_float_3_3
Parameters: 1 -0.000620274 -0.000224098 0.000620869 0.999999 0.00133086 0.000222446 -0.00133114 0.999999 0.0204301 0.188539 -0.301969
FixedParameters: 0 0 0

#Transform 66
Transform: AffineTransform_float_3_3
Parameters: 0.999999 -0.00080807 7.07599e-05 0.000807242 0.999997 0.00207806 -7.28053e-05 -0.00207794 0.999998 0.0281026 0.208468 -0.283308
FixedParameters: 0 0 0

#Transform 67
Transform: AffineTransform_float_3_3
Parameters: 0.999999 -0.000871571 -6.36522e-05 0.000872146 0.999998 0.00146894 6.20112e-05 -0.00146905 0.999999 0.0265856 0.211246 -0.266928
FixedParameters: 0 0 0

#Transform 68
Transform: AffineTransform_float_3_3
Parameters: 0.999999 -0.000793952 -0.000326428 0.00079418 0.999999 0.00116074 0.000325895 -0.00116126 1 0.0211963 0.191164 -0.21305
FixedParameters: 0 0 0

#Transform 69
Transform: AffineTransform_float_3_3
Parameters: 0.999999 -0.000831639 -0.000310645 0.000831974 0.999998 0.00139374 0.000309638 -0.00139426 0.999999 0.0219449 0.195598 -0.248118
FixedParameters: 0 0 0

#Transform 70
Transform: AffineTransform_float_3_3
Parameters: 1 -0.000667856 -0.000185951 0.000668092 0.999997 0.00206688 0.000184501 -0.00206712 0.999998 0.0274088 0.214819 -0.280608
FixedParameters: 0 0 0

#Transform 71
Transform: AffineTransform_float_3_3
Parameters: 1 -0.000439687 -0.000356975 0.000440224 0.999999 0.00149384 0.000356972 -0.00149416 0.999999 0.0159362 0.215289 -0.299469
FixedParameters: 0 0 0

#Transform 72
Transform: AffineTransform_float_3_3
Parameters: 1 -0.000554813 -9.03314e-05 0.000554636 0.999998 0.00196195 8.94659e-05 -0.00196205 0.999998 0.0151619 0.207618 -0.285705
FixedParameters: 0 0 0

#Transform 73
Transform: AffineTransform_float_3_3
Parameters: 1 -0.00112546 -0.000186367 0.00112543 0.999998 0.00135364 0.000184631 -0.00135336 0.999999 0.0357992 0.205933 -0.291685
FixedParameters: 0 0 0

#Transform 74
Transform: AffineTransform_float_3_3
Parameters: 0.999999 -0.000722896 -0.000287147 0.000724093 0.999999 0.00140664 0.000286033 -0.00140636 0.999999 0.0207805 0.196479 -0.309933
FixedParameters: 0 0 0

#Transform 75
Transform: AffineTransform_float_3_3
Parameters: 1 -0.000493764 -0.000169182 0.000493417 0.999998 0.00170228 0.000167892 -0.00170172 0.999999 0.0135428 0.202932 -0.361929
FixedParameters: 0 0 0

#Transform 76
Transform: AffineTransform_float_3_3
Parameters: 1 -0.000628425 -0.000194595 0.000628414 0.999999 0.00133388 0.000194229 -0.00133412 0.999999 0.0211647 0.195085 -0.316927
FixedParameters: 0 0 0

#Transform 77
Transform: AffineTransform_float_3_3
Parameters: 1 -0.000399243 -0.000438059 0.000399745 0.999999 0.00117783 0.000438429 -0.00117818 0.999999 0.00668728 0.200158 -0.329197
FixedParameters: 0 0 0

#Transform 78
Transform: AffineTransform_float_3_3
Parameters: 1 -0.000471439 -0.000511855 0.000472529 0.999999 0.0015826 0.000511672 -0.00158239 0.999998 0.000769383 0.207371 -0.336459
FixedParameters: 0 0 0

#Transform 79
Transform: AffineTransform_float_3_3
Parameters: 1 -0.000474879 -0.000445209 0.000475197 0.999999 0.00139279 0.000444276 -0.00139321 0.999999 0.0174234 0.211975 -0.348284
FixedParameters: 0 0 0

#Transform 80
Transform: AffineTransform_float_3_3
Parameters: 1 -0.000638575 -0.000154554 0.000638501 0.999998 0.0014759 0.00015398 -0.0014761 0.999999 0.0171674 0.21769 -0.316573
FixedParameters: 0 0 0

#Transform 81
Transform: AffineTransform_float_3_3
Parameters: 1 -0.000560029 -0.00010739 0.000560332 0.999999 0.00142294 0.000105796 -0.00142306 0.999999 0.00427729 0.221491 -0.303943
FixedParameters: 0 0 0

#Transform 82
Transform: AffineTransform_float_3_3
Parameters: 0.999999 -0.000378346 -0.00069777 0.000379847 0.999998 0.00173609 0.000696845 -0.0017359 0.999998 0.0260213 0.210055 -0.345651
FixedParameters: 0 0 0

#Transform 83
Transform: AffineTransform_float_3_3
Parameters: 1 -0.000568878 -1.76287e-05 0.000568912 1 0.00097863 1.65148e-05 -0.000979369 0.999999 0.00532375 0.214741 -0.25488
FixedParameters: 0 0 0

#Transform 84
Transform: AffineTransform_float_3_3
Parameters: 0.999999 -0.000712934 -0.00107291 0.000713637 0.999999 0.000756594 0.00107222 -0.000757405 0.999999 0.0377468 0.209057 -0.226809
FixedParameters: 0 0 0

#Transform 85
Transform: AffineTransform_float_3_3
Parameters: 0.999999 -0.000836645 7.03572e-05 0.000836832 0.999998 0.00142806 -7.18264e-05 -0.00142794 0.999999 0.0131148 0.193951 -0.225652
FixedParameters: 0 0 0

#Transform 86
Transform: AffineTransform_float_3_3
Parameters: 0.999999 -0.000493809 -0.000648888 0.00049451 0.999999 0.00124968 0.000648044 -0.00125032 0.999999 0.0293301 0.203593 -0.280547
FixedParameters: 0 0 0

#Transform 87
Transform: AffineTransform_float_3_3
Parameters: 1 -0.00056793 -0.000131162 0.000568286 0.999999 0.00136393 0.000129612 -0.00136407 0.999999 0.018584 0.208716 -0.280628
FixedParameters: 0 0 0

#Transform 88
Transform: AffineTransform_float_3_3
Parameters: 0.999999 -0.00119536 -0.000352849 0.00119567 0.999997 0.00193643 0.000350842 -0.00193657 0.999998 0.0726617 0.198506 -0.304346
FixedParameters: 0 0 0

#Transform 89
Transform: AffineTransform_float_3_3
Parameters: 1 -0.000938948 0.000254628 0.000938021 0.999999 0.00154588 -0.000255298 -0.00154612 0.999999 -0.00593826 0.211845 -0.195002
FixedParameters: 0 0 0

#Transform 90
Transform: AffineTransform_float_3_3
Parameters: 0.999999 -0.000847962 6.35448e-05 0.00084845 0.999997 0.0022739 -6.55605e-05 -0.0022731 0.999997 0.0177913 0.225293 -0.287454
FixedParameters: 0 0 0

#Transform 91
Transform: AffineTransform_float_3_3
Parameters: 1 -0.00055273 0.000156303 0.00055252 0.999998 0.00191509 -0.000157499 -0.00191491 0.999998 0.0102175 0.220757 -0.325169
FixedParameters: 0 0 0

#Transform 92
Transform: AffineTransform_float_3_3
Parameters: 0.999999 -0.000913128 0.000130716 0.000912166 0.999998 0.00164076 -0.0001324 -0.00164124 0.999998 0.00378949 0.221287 -0.311519
FixedParameters: 0 0 0

#Transform 93
Transform: AffineTransform_float_3_3
Parameters: 1 -0.000664169 -6.92009e-05 0.000664843 0.999997 0.00207195 6.73677e-05 -0.00207204 0.999998 0.0134398 0.211439 -0.360862
FixedParameters: 0 0 0

#Transform 94
Transform: AffineTransform_float_3_3
Parameters: 0.999999 -0.000590677 0.000436441 0.000589783 0.999998 0.00147041 -0.000437256 -0.00147059 0.999999 0.00455216 0.227882 -0.317587
FixedParameters: 0 0 0

#Transform 95
Transform: AffineTransform_float_3_3
Parameters: 0.999999 -0.000937463 0.000258045 0.000935985 0.999998 0.00183124 -0.000260164 -0.00183076 0.999999 0.00631438 0.220333 -0.29507
FixedParameters: 0 0 0

#Transform 96
Transform: AffineTransform_float_3_3
Parameters: 1 -0.000673682 -1.17543e-05 0.00067319 0.999998 0.00170263 1.07718e-05 -0.00170337 0.999998 0.00924811 0.232249 -0.289167
FixedParameters: 0 0 0

#Transform 97
Transform: AffineTransform_float_3_3
Parameters: 0.999999 -0.000472361 -0.000737257 0.000473062 0.999999 0.00145865 0.000737579 -0.00145935 0.999998 0.0316109 0.211145 -0.378642
FixedParameters: 0 0 0

#Transform 98
Transform: AffineTransform_float_3_3
Parameters: 1 -0.00120025 -0.000185293 0.0012014 0.999996 0.00245542 0.000182547 -0.00245658 0.999997 0.0231149 0.245317 -0.243082
FixedParameters: 0 0 0

#Transform 99
Transform: AffineTransform_float_3_3
Parameters: 1 -0.000350829 -0.000232756 0.000352425 0.999984 0.00572076 0.000231355 -0.00572023 0.999983 0.0176649 0.309974 -0.233442
FixedParameters: 0 0 0

#Transform 100
Transform: AffineTransform_float_3_3
Parameters: 0.999999 -0.00075098 -9.83372e-05 0.000751028 0.999996 0.00298593 9.51635e-05 -0.00298607 0.999996 0.000785748 0.226498 -0.228487
FixedParameters: 0 0 0

#Transform 101
Transform: AffineTransform_float_3_3
Parameters: 1 -0.00101407 -6.37134e-05 0.00101432 0.999994 0.00316594 5.95232e-05 -0.00316606 0.999995 0.0175279 0.247179 -0.228769
FixedParameters: 0 0 0

#Transform 102
Transform: AffineTransform_float_3_3
Parameters: 1 -0.00109702 0.000120441 0.0010964 0.999993 0.00356862 -0.000125116 -0.00356838 0.999993 0.0290123 0.265483 -0.280578
FixedParameters: 0 0 0

#Transform 103
Transform: AffineTransform_float_3_3
Parameters: 1 -0.00116823 -5.11125e-05 0.00116884 0.999986 0.00521679 4.43051e-05 -0.00521621 0.999986 0.0558978 0.297068 -0.398379
FixedParameters: 0 0 0

#Transform 104
Transform: AffineTransform_float_3_3
Parameters: 0.999998 -0.00170976 0.000861389 0.00170746 0.999993 0.00321676 -0.000867246 -0.00321524 0.999994 0.018379 0.203671 -0.17428
FixedParameters: 0 0 0

#Transform 105
Transform: AffineTransform_float_3_3
Parameters: 0.999999 -0.00131302 0.00055886 0.00131175 0.999996 0.00252737 -0.000561811 -0.00252662 0.999996 -0.00379777 0.208285 -0.164409
FixedParameters: 0 0 0

#Transform 106
Transform: AffineTransform_float_3_3
Parameters: 0.999999 -0.00128183 0.000764088 0.00128029 0.999996 0.00237177 -0.000767793 -0.00237123 0.999997 -0.0116622 0.222686 -0.164522
FixedParameters: 0 0 0

#Transform 107
Transform: AffineTransform_float_3_3
Parameters: 0.999999 -0.00127335 0.000537129 0.0012721 0.999996 0.00224832 -0.00054009 -0.00224767 0.999997 -0.00479671 0.212288 -0.175761
FixedParameters: 0 0 0

#Transform 108
Transform: AffineTransform_float_3_3
Parameters: 1 -0.00105408 0.00038269 0.00105278 0.999994 0.00321005 -0.000386691 -0.00320995 0.999995 0.019714 0.238394 -0.280735
FixedParameters: 0 0 0

#Transform 109
Transform: AffineTransform_float_3_3
Parameters: 0.999999 -0.00119941 0.000344173 0.00119791 0.999995 0.00309406 -0.000347517 -0.00309395 0.999995 -0.00889701 0.238047 -0.237902
FixedParameters: 0 0 0

#Transform 110
Transform: AffineTransform_float_3_3
Parameters: 0.999999 -0.00123786 0.000533804 0.001236 0.999994 0.0031923 -0.000538018 -0.0031917 0.999995 0.00223756 0.240736 -0.237102
FixedParameters: 0 0 0

#Transform 111
Transform: AffineTransform_float_3_3
Parameters: 0.999999 -0.00131692 0.000160228 0.00131692 0.999994 0.0031917 -0.00016364 -0.0031913 0.999995 -0.00640952 0.234197 -0.250399
FixedParameters: 0 0 0

#Transform 112
Transform: AffineTransform_float_3_3
Parameters: 1 -0.00106042 0.000563546 0.00105912 0.999995 0.00300424 -0.000567543 -0.00300376 0.999995 0.00324662 0.237129 -0.239556
FixedParameters: 0 0 0

#Transform 113
Transform: AffineTransform_float_3_3
Parameters: 0.999998 -0.0015581 0.000646821 0.00155628 0.999995 0.00260629 -0.000651255 -0.00260571 0.999996 -0.00803496 0.223112 -0.215174
FixedParameters: 0 0 0

#Transform 114
Transform: AffineTransform_float_3_3
Parameters: 0.999999 -0.00140392 0.000142138 0.00140338 0.999996 0.00275669 -0.000146724 -0.00275631 0.999996 -0.00129656 0.225573 -0.212973
FixedParameters: 0 0 0

#Transform 115
Transform: AffineTransform_float_3_3
Parameters: 0.999999 -0.00123596 0.000466169 0.00123481 0.999995 0.00289106 -0.000469629 -0.00288993 0.999995 0.00193633 0.223953 -0.23676
FixedParameters: 0 0 0

#Transform 116
Transform: AffineTransform_float_3_3
Parameters: 0.999999 -0.0012939 -6.78642e-05 0.00129358 0.999996 0.00260576 6.46655e-05 -0.00260524 0.999997 -0.00630117 0.236388 -0.20761
FixedParameters: 0 0 0

#Transform 117
Transform: AffineTransform_float_3_3
Parameters: 1 -0.00114637 2.70958e-05 0.00114646 0.999995 0.00279388 -3.03486e-05 -0.00279312 0.999996 -0.00669976 0.21993 -0.22695
FixedParameters: 0 0 0

#Transform 118
Transform: AffineTransform_float_3_3
Parameters: 1 -0.0010863 4.1147e-05 0.00108634 0.999997 0.00253453 -4.35013e-05 -0.00253447 0.999996 0.00730961 0.237017 -0.209434
FixedParameters: 0 0 0

#Transform 119
Transform: AffineTransform_float_3_3
Parameters: 0.999999 -0.000937075 0.000220027 0.000935718 0.999996 0.00275021 -0.000222945 -0.00274979 0.999996 0.00997794 0.233587 -0.218155
FixedParameters: 0 0 0

#Transform 120
Transform: AffineTransform_float_3_3
Parameters: 0.999999 -0.00122351 0.000369705 0.00122177 0.999997 0.00216394 -0.000372763 -0.00216306 0.999997 -0.0123256 0.216615 -0.186133
FixedParameters: 0 0 0

#Transform 121
Transform: AffineTransform_float_3_3
Parameters: 0.999999 -0.00137784 3.45759e-06 0.00137715 0.999996 0.00250649 -6.82e-06 -0.0025065 0.999997 0.0118748 0.220427 -0.20654
FixedParameters: 0 0 0

#Transform 122
Transform: AffineTransform_float_3_3
Parameters: 1 -0.00118301 0.000177178 0.00118229 0.999995 0.00271421 -0.000180445 -0.00271379 0.999997 0.00562108 0.219721 -0.201929
FixedParameters: 0 0 0

#Transform 123
Transform: AffineTransform_float_3_3
Parameters: 0.999999 -0.00120889 0.000404281 0.0012084 0.999996 0.00252413 -0.0004067 -0.00252387 0.999997 -0.0109678 0.219124 -0.205753
FixedParameters: 0 0 0

#Transform 124
Transform: AffineTransform_float_3_3
Parameters: 0.999999 -0.0012582 0.00028734 0.00125703 0.999996 0.002454 -0.00029036 -0.002454 0.999997 -0.00505252 0.233045 -0.200035
FixedParameters: 0 0 0

#Transform 125
Transform: AffineTransform_float_3_3
Parameters: 0.999999 -0.00134134 8.99474e-05 0.00134111 0.999995 0.00260312 -9.37775e-05 -0.00260288 0.999997 -0.00328018 0.214334 -0.225482
FixedParameters: 0 0 0

#Transform 126
Transform: AffineTransform_float_3_3
Parameters: 0.999999 -0.00130639 0.000172884 0.00130573 0.999995 0.00260287 -0.000176531 -0.00260313 0.999996 0.0163867 0.237606 -0.2281
FixedParameters: 0 0 0

#Transform 127
Transform: AffineTransform_float_3_3
Parameters: 0.999998 -0.00169136 0.000251228 0.0016909 0.999997 0.00218092 -0.000254531 -0.00218009 0.999998 -0.00233357 0.218738 -0.195198
FixedParameters: 0 0 0

#Transform 128
Transform: AffineTransform_float_3_3
Parameters: 0.999999 -0.00151562 -0.000166366 0.00151578 0.999996 0.0025106 0.000162299 -0.0025104 0.999997 0.00544679 0.226737 -0.223265
FixedParameters: 0 0 0

#Transform 129
Transform: AffineTransform_float_3_3
Parameters: 0.999999 -0.00147453 0.000559371 0.0014734 0.999996 0.00205747 -0.000562674 -0.00205653 0.999998 -0.0106314 0.227851 -0.196783
FixedParameters: 0 0 0

#Transform 130
Transform: AffineTransform_float_3_3
Parameters: 0.999999 -0.00147754 0.0002072 0.00147675 0.999996 0.0024918 -0.000211409 -0.0024912 0.999997 -0.00994023 0.221099 -0.201878
FixedParameters: 0 0 0

#Transform 131
Transform: AffineTransform_float_3_3
Parameters: 0.999999 -0.00134282 0.000230737 0.00134284 0.999996 0.0024788 -0.000234632 -0.0024782 0.999997 -0.014524 0.224135 -0.205756
FixedParameters: 0 0 0

#Transform 132
Transform: AffineTransform_float_3_3
Parameters: 1 -0.00116393 4.1862e-05 0.00116392 0.999995 0.00298669 -4.56631e-05 -0.00298731 0.999995 0.00083037 0.241456 -0.25489
FixedParameters: 0 0 0

#Transform 133
Transform: AffineTransform_float_3_3
Parameters: 1 -0.00114254 -7.99002e-05 0.00114324 0.999995 0.0029114 7.63973e-05 -0.0029116 0.999995 -0.0180791 0.232481 -0.242866
FixedParameters: 0 0 0

#Transform 134
Transform: AffineTransform_float_3_3
Parameters: 0.999999 -0.0013158 0.000297355 0.00131491 0.999996 0.00256688 -0.000300034 -0.00256612 0.999996 -0.0093459 0.236355 -0.199744
FixedParameters: 0 0 0

#Transform 135
Transform: AffineTransform_float_3_3
Parameters: 1 -0.00120965 -0.000164283 0.00120948 0.999995 0.00273465 0.000160291 -0.00273435 0.999996 -0.00222711 0.236208 -0.230149
FixedParameters: 0 0 0

#Transform 136
Transform: AffineTransform_float_3_3
Parameters: 0.999999 -0.00136186 0.000316839 0.00136182 0.999996 0.00251892 -0.000320017 -0.00251808 0.999996 -0.00303208 0.244081 -0.225389
FixedParameters: 0 0 0

#Transform 137
Transform: AffineTransform_float_3_3
Parameters: 0.999999 -0.00177949 0.000492083 0.00177803 0.999994 0.00291601 -0.000496542 -0.00291499 0.999995 0.000289988 0.250304 -0.228352
FixedParameters: 0 0 0

#Transform 138
Transform: AffineTransform_float_3_3
Parameters: 0.999999 -0.00145515 0.000172762 0.00145452 0.999996 0.00251774 -0.000176935 -0.00251726 0.999996 0.00446251 0.247287 -0.224637
FixedParameters: 0 0 0

#Transform 139
Transform: AffineTransform_float_3_3
Parameters: 0.999999 -0.00153692 -0.000204146 0.00153768 0.999995 0.00257454 0.000200694 -0.00257446 0.999997 0.013551 0.240788 -0.221442
FixedParameters: 0 0 0

#Transform 140
Transform: AffineTransform_float_3_3
Parameters: 0.999998 -0.00168492 -7.12376e-05 0.001685 0.999996 0.00257537 6.70219e-05 -0.00257563 0.999997 0.00435799 0.230708 -0.226829
FixedParameters: 0 0 0

#Transform 141
Transform: AffineTransform_float_3_3
Parameters: 0.999999 -0.00147057 3.11181e-05 0.00146937 0.999997 0.0021609 -3.48474e-05 -0.0021601 0.999998 0.00743616 0.230882 -0.204025
FixedParameters: 0 0 0

#Transform 142
Transform: AffineTransform_float_3_3
Parameters: 0.999997 -0.0021102 0.000240075 0.00210985 0.999997 0.00124248 -0.000242164 -0.00124152 0.999999 0.060499 0.25901 -0.168853
FixedParameters: 0 0 0

#Transform 143
Transform: AffineTransform_float_3_3
Parameters: 0.999995 -0.00326946 0.000843345 0.00326776 0.999992 0.00185181 -0.000849528 -0.00184918 0.999998 0.0724789 0.197811 -0.0957228
FixedParameters: 0 0 0

#Transform 144
Transform: AffineTransform_float_3_3
Parameters: 0.999994 -0.00286946 0.00198521 0.00286381 0.999992 0.00286885 -0.00199322 -0.00286315 0.999993 0.00604868 0.178362 0.0263916
FixedParameters: 0 0 0

#Transform 145
Transform: AffineTransform_float_3_3
Parameters: 0.999996 -0.00224605 0.00137221 0.00224328 0.999996 0.00172116 -0.00137533 -0.00171784 0.999998 0.035667 0.172765 -0.0809431
FixedParameters: 0 0 0

#Transform 146
Transform: AffineTransform_float_3_3
Parameters: 0.999995 -0.00242772 0.00193938 0.00242493 0.999996 0.00179858 -0.00194336 -0.00179342 0.999996 0.000138211 0.170862 -0.0455139
FixedParameters: 0 0 0

#Transform 147
Transform: AffineTransform_float_3_3
Parameters: 0.999996 -0.00220332 0.00167644 0.00220027 0.999996 0.00176692 -0.00168 -0.00176308 0.999997 0.00199985 0.186062 -0.0640323
FixedParameters: 0 0 0

#Transform 148
Transform: AffineTransform_float_3_3
Parameters: 0.999995 -0.00232769 0.00207323 0.00232342 0.999996 0.00172284 -0.00207702 -0.00171815 0.999996 -0.0120565 0.157814 -0.0737934
FixedParameters: 0 0 0

#Transform 149
Transform: AffineTransform_float_3_3
Parameters: 0.999995 -0.00248999 0.001886 0.00248769 0.999996 0.00127156 -0.00188903 -0.00126643 0.999997 0.020149 0.195783 -0.10464
FixedParameters: 0 0 0

#Transform 150
Transform: AffineTransform_float_3_3
Parameters: 0.999996 -0.0025943 0.00153239 0.00259169 0.999995 0.00204534 -0.00153693 -0.00204167 0.999997 0.0272345 0.241466 -0.0937433
FixedParameters: 0 0 0

#Transform 151
Transform: AffineTransform_float_3_3
Parameters: 0.999998 -0.00197654 0.00106464 0.00197401 0.999996 0.00191939 -0.00106854 -0.00191661 0.999997 0.0190926 0.251534 -0.126433
FixedParameters: 0 0 0

#Transform 152
Transform: AffineTransform_float_3_3
Parameters: 0.999996 -0.00224974 0.00205847 0.00224541 0.999995 0.00216301 -0.00206252 -0.00215799 0.999996 0.00508649 0.252103 -0.0741624
FixedParameters: 0 0 0

#Transform 153
Transform: AffineTransform_float_3_3
Parameters: 0.999995 -0.00244919 0.00158673 0.00244396 0.999992 0.00291875 -0.00159403 -0.00291524 0.999994 0.0706937 0.284563 -0.118332
FixedParameters: 0 0 0

#Transform 154
Transform: AffineTransform_float_3_3
Parameters: 0.999996 -0.002437 0.00185204 0.00243017 0.99999 0.00384839 -0.00186088 -0.00384362 0.999991 0.0559143 0.291064 -0.0794305
FixedParameters: 0 0 0

#Transform 155
Transform: AffineTransform_float_3_3
Parameters: 0.999996 -0.00221934 0.00165673 0.00221341 0.999991 0.0034019 -0.00166429 -0.00339809 0.999993 0.0327329 0.286869 -0.0718032
FixedParameters: 0 0 0

#Transform 156
Transform: AffineTransform_float_3_3
Parameters: 0.999996 -0.00206504 0.00182315 0.00205912 0.999991 0.00369899 -0.00183076 -0.003695 0.999991 0.019496 0.276689 -0.0819279
FixedParameters: 0 0 0

#Transform 157
Transform: AffineTransform_float_3_3
Parameters: 0.999998 -0.00171105 0.00116781 0.00170712 0.999993 0.00324143 -0.00117284 -0.00323956 0.999994 0.00355419 0.290132 -0.11011
FixedParameters: 0 0 0

#Transform 158
Transform: AffineTransform_float_3_3
Parameters: 0.999997 -0.00172865 0.00133806 0.00172378 0.999992 0.00366975 -0.00134414 -0.00366725 0.999992 0.0268924 0.290101 -0.125113
FixedParameters: 0 0 0

#Transform 159
Transform: AffineTransform_float_3_3
Parameters: 0.999997 -0.00165161 0.00152249 0.00164598 0.99999 0.0042021 -0.00152962 -0.0041999 0.99999 0.00971801 0.299181 -0.117039
FixedParameters: 0 0 0

#Transform 160
Transform: AffineTransform_float_3_3
Parameters: 0.999997 -0.00186461 0.00101425 0.00186158 0.999993 0.00328682 -0.00102044 -0.00328518 0.999994 0.00408064 0.275459 -0.102888
FixedParameters: 0 0 0

#Transform 161
Transform: AffineTransform_float_3_3
Parameters: 0.999997 -0.00181108 0.00164513 0.0018042 0.999992 0.00359656 -0.00165154 -0.00359343 0.999992 0.0234127 0.280727 -0.0989342
FixedParameters: 0 0 0

#Transform 162
Transform: AffineTransform_float_3_3
Parameters: 0.999997 -0.00202301 0.00172622 0.00201775 0.999993 0.00333972 -0.00173259 -0.00333628 0.999993 0.00642632 0.283155 -0.0771497
FixedParameters: 0 0 0

#Transform 163
Transform: AffineTransform_float_3_3
Parameters: 0.999996 -0.0020752 0.00160113 0.00207091 0.999994 0.00276355 -0.00160692 -0.00276045 0.999995 0.0169442 0.254876 -0.0781557
FixedParameters: 0 0 0

#Transform 164
Transform: AffineTransform_float_3_3
Parameters: 0.999997 -0.00167045 0.00168881 0.00166518 0.999994 0.0027964 -0.00169339 -0.00279359 0.999994 0.0128759 0.268911 -0.0968436
FixedParameters: 0 0 0

#Transform 165
Transform: AffineTransform_float_3_3
Parameters: 0.999997 -0.0019452 0.0019114 0.0019381 0.999993 0.00339294 -0.00191837 -0.00338905 0.999992 0.00349256 0.274208 -0.0707131
FixedParameters: 0 0 0

#Transform 166
Transform: AffineTransform_float_3_3
Parameters: 0.999995 -0.00196889 0.00216628 0.00196264 0.999993 0.00310164 -0.00217174 -0.00309736 0.999992 0.00817203 0.244191 -0.0647372
FixedParameters: 0 0 0

#Transform 167
Transform: AffineTransform_float_3_3
Parameters: 0.999997 -0.00202891 0.00171044 0.00202499 0.999995 0.0024827 -0.00171484 -0.0024793 0.999995 0.0100853 0.238072 -0.0628881
FixedParameters: 0 0 0

#Transform 168
Transform: AffineTransform_float_3_3
Parameters: 0.999997 -0.0018796 0.00167392 0.00187546 0.999995 0.00275737 -0.00167992 -0.00275463 0.999995 0.0205083 0.257373 -0.0944808
FixedParameters: 0 0 0

#Transform 169
Transform: AffineTransform_float_3_3
Parameters: 0.999998 -0.00170662 0.00145299 0.00170222 0.999995 0.00250291 -0.0014573 -0.00250008 0.999995 0.011058 0.252243 -0.101886
FixedParameters: 0 0 0

#Transform 170
Transform: AffineTransform_float_3_3
Parameters: 0.999997 -0.00173084 0.00160229 0.00172579 0.999995 0.002878 -0.00160749 -0.002876 0.999994 0.00742526 0.250815 -0.0774183
FixedParameters: 0 0 0

#Transform 171
Transform: AffineTransform_float_3_3
Parameters: 0.999998 -0.00171206 0.000951113 0.00170959 0.999995 0.00279991 -0.000956478 -0.00279809 0.999996 0.0656079 0.246128 -0.113134
FixedParameters: 0 0 0

#Transform 172
Transform: AffineTransform_float_3_3
Parameters: 0.999996 -0.00193399 0.00200836 0.00192856 0.999995 0.00271811 -0.00201358 -0.00271389 0.999994 -0.00684416 0.233293 -0.0246198
FixedParameters: 0 0 0

#Transform 173
Transform: AffineTransform_float_3_3
Parameters: 0.999997 -0.00207309 0.00167742 0.00206948 0.999995 0.00232271 -0.00168229 -0.00231929 0.999996 0.0117604 0.23837 -0.0828011
FixedParameters: 0 0 0

#Transform 174
Transform: AffineTransform_float_3_3
Parameters: 0.999997 -0.00212102 0.00156469 0.00211689 0.999993 0.00290539 -0.00157042 -0.0029016 0.999994 0.00870728 0.255199 -0.103631
FixedParameters: 0 0 0

#Transform 175
Transform: AffineTransform_float_3_3
Parameters: 0.999996 -0.00188754 0.00211998 0.00188099 0.999993 0.00314874 -0.00212604 -0.00314426 0.999993 0.00591357 0.271616 -0.0825758
FixedParameters: 0 0 0

#Transform 176
Transform: AffineTransform_float_3_3
Parameters: 0.999997 -0.00176734 0.00176223 0.00176039 0.999992 0.0036387 -0.00176887 -0.0036353 0.999992 -0.00171828 0.28384 -0.0603917
FixedParameters: 0 0 0

#Transform 177
Transform: AffineTransform_float_3_3
Parameters: 0.999996 -0.00223778 0.00128761 0.00223404 0.999992 0.00317096 -0.00129389 -0.00316804 0.999994 0.0432393 0.271623 -0.113637
FixedParameters: 0 0 0

#Transform 178
Transform: AffineTransform_float_3_3
Parameters: 0.999996 -0.00259341 0.00132377 0.00259087 0.999994 0.002339 -0.00132984 -0.002335 0.999996 0.064915 0.20739 -0.0833152
FixedParameters: 0 0 0

#Transform 179
Transform: AffineTransform_float_3_3
Parameters: 0.99999 -0.00259218 0.00376285 0.00256519 0.999972 0.00705466 -0.003781 -0.00704434 0.999968 0.0337648 0.34721 0.252754
FixedParameters: 0 0 0
