#Insight Transform File V1.0
#Transform 0
Transform: AffineTransform_float_3_3
Parameters: 0.999999 0.000498402 0.00111922 -0.000497551 1 -0.000380197 -0.0011196 0.000379802 0.999999 0.105344 -0.370553 -0.51147
FixedParameters: 0 0 0

#Transform 1
Transform: AffineTransform_float_3_3
Parameters: 1 0.00107505 9.16773e-05 -0.00107513 0.999999 0.000465542 -9.06753e-05 -0.000466458 1 0.00802406 -0.0215688 -0.193799
FixedParameters: 0 0 0

#Transform 2
Transform: AffineTransform_float_3_3
Parameters: 0.999999 0.000734238 -0.00115134 -0.000732435 0.999999 0.000952997 0.00115182 -0.000952003 0.999999 0.0409794 -0.024768 -0.297342
FixedParameters: 0 0 0

#Transform 3
Transform: AffineTransform_float_3_3
Parameters: 1 0.000919693 -0.000713158 -0.000918958 0.999999 0.000789296 0.000713688 -0.000788704 0.999999 0.0182743 0.000959076 -0.245779
FixedParameters: 0 0 0

#Transform 4
Transform: AffineTransform_float_3_3
Parameters: 1 0.000921778 -0.000708378 -0.00092078 0.999999 0.000980654 0.000709263 -0.000979347 1 0.0490053 -0.00388285 -0.367275
FixedParameters: 0 0 0

#Transform 5
Transform: AffineTransform_float_3_3
Parameters: 0.999999 0.000609208 -0.000436031 -0.00060841 1 0.000913906 0.000437143 -0.000914094 0.999999 0.0385108 0.00454754 -0.327246
FixedParameters: 0 0 0

#Transform 6
Transform: AffineTransform_float_3_3
Parameters: 1 0.000789951 -0.0008662 -0.000789117 0.999998 0.00123784 0.000867624 -0.00123716 0.999999 0.0582598 0.00772422 -0.340966
FixedParameters: 0 0 0

#Transform 7
Transform: AffineTransform_float_3_3
Parameters: 0.999999 0.000733261 -0.000579338 -0.000732467 0.999999 0.00135942 0.000579489 -0.00135858 0.999999 0.0575391 -0.000719762 -0.411274
FixedParameters: 0 0 0

#Transform 8
Transform: AffineTransform_float_3_3
Parameters: 1 0.000979096 -0.000572986 -0.000978729 0.999999 0.0010022 0.000573106 -0.0010018 0.999999 0.0320987 0.0101235 -0.322497
FixedParameters: 0 0 0

#Transform 9
Transform: AffineTransform_float_3_3
Parameters: 0.999999 0.000752332 -0.00111019 -0.000750037 0.999998 0.00179999 0.00111144 -0.00179901 0.999998 0.0706731 0.00537155 -0.508303
FixedParameters: 0 0 0

#Transform 10
Transform: AffineTransform_float_3_3
Parameters: 0.999999 0.000550879 -0.000815139 -0.0005504 0.999999 0.00109845 0.000815818 -0.00109755 0.999999 0.0459037 0.021916 -0.369972
FixedParameters: 0 0 0

#Transform 11
Transform: AffineTransform_float_3_3
Parameters: 0.999999 0.000338888 -0.000936153 -0.000338318 1 0.00100532 0.000936304 -0.00100468 0.999999 0.0606436 0.00390184 -0.452099
FixedParameters: 0 0 0

#Transform 12
Transform: AffineTransform_float_3_3
Parameters: 0.999999 0.0004737 -0.000771656 -0.000472465 0.999999 0.00105352 0.000771732 -0.00105348 1 0.0420864 0.0334192 -0.383576
FixedParameters: 0 0 0

#Transform 13
Transform: AffineTransform_float_3_3
Parameters: 1 0.00024209 -0.00116456 -0.000241315 1 0.000895435 0.00116447 -0.000895567 0.999999 0.0519395 0.00917803 -0.384435
FixedParameters: 0 0 0

#Transform 14
Transform: AffineTransform_float_3_3
Parameters: 0.999999 0.000531644 -0.000745114 -0.000530941 0.999999 0.00108855 0.000746661 -0.00108845 1 0.0539215 0.0243411 -0.462029
FixedParameters: 0 0 0

#Transform 15
Transform: AffineTransform_float_3_3
Parameters: 0.999999 0.000452101 -0.000668321 -0.00045159 0.999999 0.000675302 0.000668011 -0.000674698 0.999999 0.0252185 0.025116 -0.38489
FixedParameters: 0 0 0

#Transform 16
Transform: AffineTransform_float_3_3
Parameters: 1 0.000680546 -0.000919677 -0.000679347 0.999998 0.00136378 0.000921002 -0.00136322 0.999999 0.0460253 0.0277238 -0.450437
FixedParameters: 0 0 0

#Transform 17
Transform: AffineTransform_float_3_3
Parameters: 0.999999 0.000397093 -0.000799606 -0.000396161 0.999999 0.00164732 0.000799462 -0.00164668 0.999999 0.0395604 0.0355463 -0.476521
FixedParameters: 0 0 0

#Transform 18
Transform: AffineTransform_float_3_3
Parameters: 0.999999 0.000311077 -0.00100238 -0.000309472 0.999999 0.00125931 0.00100355 -0.00125869 0.999998 0.0302688 0.0353492 -0.380725
FixedParameters: 0 0 0

#Transform 19
Transform: AffineTransform_float_3_3
Parameters: 1 0.000505736 -0.00108443 -0.000503659 0.999999 0.00156134 0.00108547 -0.00156166 0.999998 0.0374867 0.0341616 -0.494998
FixedParameters: 0 0 0

#Transform 20
Transform: AffineTransform_float_3_3
Parameters: 0.999999 0.000310974 -0.00100241 -0.000309575 0.999999 0.00115646 0.00100352 -0.00115654 0.999999 0.0257145 0.0359982 -0.382263
FixedParameters: 0 0 0

#Transform 21
Transform: AffineTransform_float_3_3
Parameters: 1 0.000311363 -0.00100229 -0.000309578 0.999999 0.00154431 0.00100272 -0.00154369 0.999998 0.0445025 0.0156208 -0.481858
FixedParameters: 0 0 0

#Transform 22
Transform: AffineTransform_float_3_3
Parameters: 0.999999 0.000475438 -0.000762543 -0.000474078 0.999999 0.00114836 0.000762712 -0.00114764 0.999999 0.0277035 0.0451017 -0.423395
FixedParameters: 0 0 0

#Transform 23
Transform: AffineTransform_float_3_3
Parameters: 1 0.000286887 -0.00105949 -0.000285604 0.999999 0.0012243 0.00105966 -0.0012237 0.999998 0.0385016 0.0299104 -0.40615
FixedParameters: 0 0 0

#Transform 24
Transform: AffineTransform_float_3_3
Parameters: 1 0.000286766 -0.00105952 -0.000285725 1 0.0011103 0.00105963 -0.0011097 0.999999 0.0494553 0.0318141 -0.520552
FixedParameters: 0 0 0

#Transform 25
Transform: AffineTransform_float_3_3
Parameters: 1 0.000309821 -0.00100517 -0.000308776 1 0.00117231 0.00100536 -0.00117169 0.999999 0.0242679 0.0488192 -0.407787
FixedParameters: 0 0 0

#Transform 26
Transform: AffineTransform_float_3_3
Parameters: 0.999999 0.000160115 -0.00153671 -0.00015819 0.999999 0.00135276 0.001537 -0.00135224 0.999998 0.0511498 0.0293 -0.483487
FixedParameters: 0 0 0

#Transform 27
Transform: AffineTransform_float_3_3
Parameters: 0.999999 0.000406354 -0.00077754 -0.000405263 0.999998 0.00154447 0.000778263 -0.00154453 0.999998 0.0286633 0.0491358 -0.460211
FixedParameters: 0 0 0

#Transform 28
Transform: AffineTransform_float_3_3
Parameters: 0.999999 0.000294271 -0.000908467 -0.000293454 1 0.00117127 0.000908625 -0.00117073 0.999999 0.0191227 0.0478841 -0.393836
FixedParameters: 0 0 0

#Transform 29
Transform: AffineTransform_float_3_3
Parameters: 0.999999 0.000364546 -0.000876921 -0.000362673 0.999998 0.00181447 0.000877711 -0.00181453 0.999998 0.0388762 0.0442874 -0.621691
FixedParameters: 0 0 0

#Transform 30
Transform: AffineTransform_float_3_3
Parameters: 0.999998 0.000496032 -0.00219712 -0.000488512 0.999994 0.0033229 0.00219905 -0.0033221 0.999992 0.0940259 0.0424217 -0.558392
FixedParameters: 0 0 0

#Transform 31
Transform: AffineTransform_float_3_3
Parameters: 0.999997 -1.16519e-05 -0.00273275 1.93038e-05 0.999996 0.00279349 0.00273263 -0.0027935 0.999992 0.0321442 0.0695516 -0.484017
FixedParameters: 0 0 0

#Transform 32
Transform: AffineTransform_float_3_3
Parameters: 0.999998 0.000155919 -0.00201243 -0.000152685 0.999999 0.00158682 0.00201317 -0.00158618 0.999997 -0.00336361 0.0781113 -0.421366
FixedParameters: 0 0 0

#Transform 33
Transform: AffineTransform_float_3_3
Parameters: 0.999999 0.000139486 -0.00170426 -0.000135599 0.999998 0.0021799 0.00170419 -0.0021801 0.999997 0.0282794 0.0743602 -0.548527
FixedParameters: 0 0 0

#Transform 34
Transform: AffineTransform_float_3_3
Parameters: 0.999999 -3.99819e-05 -0.00157998 4.2295e-05 0.999999 0.00172945 0.00158009 -0.00172955 0.999998 0.0255486 0.079175 -0.475599
FixedParameters: 0 0 0

#Transform 35
Transform: AffineTransform_float_3_3
Parameters: 0.999998 -7.68318e-05 -0.00169478 7.98889e-05 0.999998 0.00156038 0.0016944 -0.00156062 0.999997 0.031253 0.0738578 -0.56
FixedParameters: 0 0 0

#Transform 36
Transform: AffineTransform_float_3_3
Parameters: 0.999998 -1.29102e-05 -0.00172165 1.54692e-05 0.999999 0.00177249 0.00172093 -0.00177251 0.999997 0.0302359 0.0786575 -0.496196
FixedParameters: 0 0 0

#Transform 37
Transform: AffineTransform_float_3_3
Parameters: 0.999998 8.25671e-05 -0.0017617 -7.86781e-05 0.999998 0.00210929 0.00176137 -0.00210971 0.999996 0.0289012 0.0768519 -0.577557
FixedParameters: 0 0 0

#Transform 38
Transform: AffineTransform_float_3_3
Parameters: 0.999999 -0.000288585 -0.00141207 0.000290935 0.999999 0.00148395 0.00141199 -0.00148405 0.999998 0.0349887 0.0911016 -0.512653
FixedParameters: 0 0 0

#Transform 39
Transform: AffineTransform_float_3_3
Parameters: 0.999997 -0.000228926 -0.00250255 0.000235366 0.999997 0.00254629 0.00250187 -0.00254671 0.999993 0.0830225 0.0813142 -0.80927
FixedParameters: 0 0 0

#Transform 40
Transform: AffineTransform_float_3_3
Parameters: 0.999996 -0.000266161 -0.00281779 0.000273548 0.999997 0.00259262 0.00281729 -0.00259338 0.999993 0.0890171 0.0885903 -0.735878
FixedParameters: 0 0 0

#Transform 41
Transform: AffineTransform_float_3_3
Parameters: 0.999997 -0.000207417 -0.00244615 0.000211436 0.999999 0.00165351 0.0024461 -0.00165449 0.999996 0.0788178 0.109269 -0.631267
FixedParameters: 0 0 0

#Transform 42
Transform: AffineTransform_float_3_3
Parameters: 0.999996 -0.000357571 -0.00297844 0.000364199 0.999998 0.00195067 0.00297806 -0.00195133 0.999993 0.100527 0.10739 -0.773984
FixedParameters: 0 0 0

#Transform 43
Transform: AffineTransform_float_3_3
Parameters: 0.999996 -0.000498178 -0.00270883 0.000502254 0.999999 0.00143139 0.00270896 -0.00143261 0.999996 0.10277 0.109956 -0.646274
FixedParameters: 0 0 0

#Transform 44
Transform: AffineTransform_float_3_3
Parameters: 0.999995 -0.000471526 -0.00306673 0.000474951 0.999999 0.00107145 0.00306597 -0.00107355 0.999995 0.101849 0.0983571 -0.769127
FixedParameters: 0 0 0

#Transform 45
Transform: AffineTransform_float_3_3
Parameters: 0.999998 -0.000533325 -0.00202468 0.000532642 1 -0.00039636 0.00202472 0.00039564 0.999997 0.0459422 0.113249 -0.682455
FixedParameters: 0 0 0

#Transform 46
Transform: AffineTransform_float_3_3
Parameters: 0.99998 -0.000804437 -0.0062342 0.000811553 0.999999 0.00122161 0.00623351 -0.0012264 0.99998 0.0143137 0.080289 -0.961946
FixedParameters: 0 0 0

#Transform 47
Transform: AffineTransform_float_3_3
Parameters: 0.999982 -0.000651199 -0.00586869 0.00065678 1 0.000820569 0.00586826 -0.000824426 0.999982 -0.04997 0.0851898 -0.813673
FixedParameters: 0 0 0

#Transform 48
Transform: AffineTransform_float_3_3
Parameters: 0.999981 -0.000692782 -0.00622501 0.000703469 0.999998 0.0017643 0.00622408 -0.00176771 0.999979 -0.0332915 0.0850536 -0.920076
FixedParameters: 0 0 0

#Transform 49
Transform: AffineTransform_float_3_3
Parameters: 0.999985 -0.000416552 -0.00547326 0.000426322 0.999998 0.00175538 0.00547254 -0.00175762 0.999983 -0.0534445 0.127855 -0.729932
FixedParameters: 0 0 0

#Transform 50
Transform: AffineTransform_float_3_3
Parameters: 0.999983 -0.00064922 -0.00587635 0.000659628 0.999998 0.00184508 0.00587547 -0.00184893 0.999981 -0.0192563 0.121597 -0.786148
FixedParameters: 0 0 0

#Transform 51
Transform: AffineTransform_float_3_3
Parameters: 0.999984 -0.000526091 -0.00558939 0.000538019 0.999997 0.00199407 0.00558841 -0.00199692 0.999982 -0.032357 0.122127 -0.760349
FixedParameters: 0 0 0

#Transform 52
Transform: AffineTransform_float_3_3
Parameters: 0.999983 -0.00060408 -0.0057717 0.000614762 0.999998 0.00182289 0.00577062 -0.00182611 0.999981 -0.0206644 0.114 -0.725068
FixedParameters: 0 0 0

#Transform 53
Transform: AffineTransform_float_3_3
Parameters: 0.999981 -0.000788619 -0.00622069 0.000805804 0.999996 0.00276268 0.00621924 -0.00276732 0.999977 -0.0108819 0.119592 -0.848089
FixedParameters: 0 0 0

#Transform 54
Transform: AffineTransform_float_3_3
Parameters: 0.999979 -0.00100615 -0.00628541 0.00102297 0.999996 0.00270463 0.00628287 -0.00271138 0.999977 0.0118704 0.114687 -0.814627
FixedParameters: 0 0 0

#Transform 55
Transform: AffineTransform_float_3_3
Parameters: 0.999983 -0.000967104 -0.00563954 0.000978916 0.999997 0.00220998 0.00563756 -0.00221502 0.999982 -0.0130365 0.126449 -0.743385
FixedParameters: 0 0 0

#Transform 56
Transform: AffineTransform_float_3_3
Parameters: 0.999981 -0.00119114 -0.005928 0.00120563 0.999996 0.00232723 0.00592473 -0.00233476 0.99998 0.00175868 0.119037 -0.750588
FixedParameters: 0 0 0

#Transform 57
Transform: AffineTransform_float_3_3
Parameters: 0.999979 -0.000998962 -0.00630813 0.00101977 0.999994 0.00326184 0.00630475 -0.00326716 0.999975 0.0338632 0.10962 -0.962172
FixedParameters: 0 0 0

#Transform 58
Transform: AffineTransform_float_3_3
Parameters: 0.999978 -0.00138876 -0.00641715 0.00141181 0.999992 0.00356343 0.00641246 -0.00357257 0.999973 0.0434266 0.136647 -0.802927
FixedParameters: 0 0 0

#Transform 59
Transform: AffineTransform_float_3_3
Parameters: 0.99998 -0.00129178 -0.00618069 0.00131241 0.999994 0.00320749 0.00617607 -0.0032155 0.999975 0.00123336 0.139983 -0.763599
FixedParameters: 0 0 0

#Transform 60
Transform: AffineTransform_float_3_3
Parameters: 0.999979 -0.00148274 -0.00632968 0.00150029 0.999995 0.00285683 0.00632581 -0.00286618 0.999976 0.00352614 0.138439 -0.744076
FixedParameters: 0 0 0

#Transform 61
Transform: AffineTransform_float_3_3
Parameters: 0.99998 -0.00133855 -0.00630029 0.00136277 0.999992 0.00372355 0.00629553 -0.00373245 0.999973 0.0197614 0.147841 -0.824233
FixedParameters: 0 0 0

#Transform 62
Transform: AffineTransform_float_3_3
Parameters: 0.999977 -0.001484 -0.00664799 0.0015097 0.999992 0.00380719 0.00664174 -0.00381681 0.999971 0.0430959 0.141079 -0.779631
FixedParameters: 0 0 0

#Transform 63
Transform: AffineTransform_float_3_3
Parameters: 0.999981 -0.00123715 -0.00606173 0.00126138 0.999991 0.00390412 0.00605635 -0.00391187 0.999974 0.0216191 0.159243 -0.736699
FixedParameters: 0 0 0

#Transform 64
Transform: AffineTransform_float_3_3
Parameters: 0.99998 -0.00105779 -0.00620505 0.0010918 0.999984 0.00551403 0.00619911 -0.00551997 0.999965 0.0372507 0.170817 -0.619354
FixedParameters: 0 0 0

#Transform 65
Transform: AffineTransform_float_3_3
Parameters: 0.999982 -0.00120298 -0.00575211 0.00122928 0.999989 0.00453483 0.00574662 -0.00454217 0.999973 0.00660429 0.170797 -0.482967
FixedParameters: 0 0 0

#Transform 66
Transform: AffineTransform_float_3_3
Parameters: 0.999985 -0.00148374 -0.00525545 0.00150425 0.999992 0.0038118 0.00524911 -0.0038202 0.999979 0.00855928 0.162334 -0.291282
FixedParameters: 0 0 0

#Transform 67
Transform: AffineTransform_float_3_3
Parameters: 0.999982 -0.0021762 -0.0056048 0.00218993 0.999995 0.0024514 0.00559993 -0.0024636 0.999981 0.0514733 0.149751 -0.703525
FixedParameters: 0 0 0

#Transform 68
Transform: AffineTransform_float_3_3
Parameters: 0.999978 -0.00259002 -0.00608042 0.00261056 0.999991 0.00327311 0.00607157 -0.00328888 0.999976 0.0710935 0.164411 -0.892303
FixedParameters: 0 0 0

#Transform 69
Transform: AffineTransform_float_3_3
Parameters: 0.999974 -0.00278422 -0.00673319 0.00280549 0.999991 0.0031437 0.00672455 -0.0031633 0.999972 0.0698717 0.163617 -0.921346
FixedParameters: 0 0 0

#Transform 70
Transform: AffineTransform_float_3_3
Parameters: 0.999974 -0.00272574 -0.00658091 0.00275594 0.999986 0.00452833 0.00656854 -0.00454567 0.999968 0.0898095 0.177239 -1.04074
FixedParameters: 0 0 0

#Transform 71
Transform: AffineTransform_float_3_3
Parameters: 0.999964 -0.00363092 -0.0076019 0.00367505 0.999976 0.00581224 0.00758033 -0.00583975 0.999954 0.149205 0.191992 -1.15052
FixedParameters: 0 0 0

#Transform 72
Transform: AffineTransform_float_3_3
Parameters: 0.999971 -0.00341263 -0.00679074 0.00344422 0.999983 0.00460436 0.00677552 -0.00462864 0.999966 0.0914512 0.193675 -0.961776
FixedParameters: 0 0 0

#Transform 73
Transform: AffineTransform_float_3_3
Parameters: 0.99997 -0.00318158 -0.00714147 0.00322129 0.999979 0.0055838 0.00712375 -0.0056072 0.999959 0.113104 0.198901 -1.13187
FixedParameters: 0 0 0

#Transform 74
Transform: AffineTransform_float_3_3
Parameters: 0.999972 -0.0032945 -0.00680164 0.00333224 0.999979 0.00555511 0.006783 -0.0055779 0.999962 0.0901206 0.211981 -1.02327
FixedParameters: 0 0 0

#Transform 75
Transform: AffineTransform_float_3_3
Parameters: 0.999976 -0.0031471 -0.00617057 0.00318003 0.999981 0.00536217 0.00615287 -0.00538183 0.999966 0.0757848 0.213859 -0.973632
FixedParameters: 0 0 0

#Transform 76
Transform: AffineTransform_float_3_3
Parameters: 0.999978 -0.00302784 -0.00590576 0.00305557 0.999984 0.00473851 0.00589214 -0.00475649 0.999971 0.0703143 0.215859 -0.908973
FixedParameters: 0 0 0

#Transform 77
Transform: AffineTransform_float_3_3
Parameters: 0.999974 -0.00321921 -0.00634087 0.00325248 0.999981 0.00524404 0.00632316 -0.00526496 0.999966 0.0597455 0.222407 -1.01537
FixedParameters: 0 0 0

#Transform 78
Transform: AffineTransform_float_3_3
Parameters: 0.999977 -0.00298802 -0.0062065 0.00301769 0.999984 0.00472856 0.00619147 -0.00474644 0.999969 0.0376442 0.220591 -0.926547
FixedParameters: 0 0 0

#Transform 79
Transform: AffineTransform_float_3_3
Parameters: 0.999976 -0.00292346 -0.00638454 0.00296074 0.999979 0.00591457 0.00636701 -0.00593343 0.999962 0.0561729 0.225181 -1.10932
FixedParameters: 0 0 0

#Transform 80
Transform: AffineTransform_float_3_3
Parameters: 0.999968 -0.00309463 -0.00740107 0.00314114 0.999975 0.00637283 0.00738158 -0.00639518 0.999953 0.0882884 0.227997 -1.10357
FixedParameters: 0 0 0

#Transform 81
Transform: AffineTransform_float_3_3
Parameters: 0.999973 -0.00319618 -0.00669133 0.00323832 0.999975 0.00639076 0.00667074 -0.00641225 0.999957 0.0624783 0.244514 -0.959607
FixedParameters: 0 0 0

#Transform 82
Transform: AffineTransform_float_3_3
Parameters: 0.999971 -0.00325659 -0.00686058 0.00330898 0.999965 0.00762649 0.00683586 -0.00764851 0.999947 0.077505 0.263491 -1.05372
FixedParameters: 0 0 0

#Transform 83
Transform: AffineTransform_float_3_3
Parameters: 0.999968 -0.00321832 -0.00731069 0.00327321 0.999966 0.00750566 0.00728625 -0.00752933 0.999945 0.089221 0.252631 -0.97221
FixedParameters: 0 0 0

#Transform 84
Transform: AffineTransform_float_3_3
Parameters: 0.999975 -0.00293891 -0.00650956 0.00298777 0.999968 0.00744258 0.00648794 -0.00746242 0.999951 0.031364 0.273181 -0.70427
FixedParameters: 0 0 0

#Transform 85
Transform: AffineTransform_float_3_3
Parameters: 0.99997 -0.00298169 -0.00723471 0.00303108 0.999972 0.00678358 0.00721457 -0.00680542 0.999951 0.070157 0.248674 -0.982542
FixedParameters: 0 0 0

#Transform 86
Transform: AffineTransform_float_3_3
Parameters: 0.999963 -0.0031681 -0.00806891 0.00323494 0.999961 0.00824103 0.00804197 -0.00826597 0.999934 0.170015 0.282158 -1.15313
FixedParameters: 0 0 0

#Transform 87
Transform: AffineTransform_float_3_3
Parameters: 0.999961 -0.00372831 -0.00800852 0.00379009 0.999962 0.00783052 0.00797873 -0.00786049 0.999938 0.121842 0.292224 -1.05757
FixedParameters: 0 0 0

#Transform 88
Transform: AffineTransform_float_3_3
Parameters: 0.999964 -0.00353053 -0.00768662 0.00358776 0.999966 0.00738333 0.00766003 -0.00741066 0.999943 0.0617679 0.289657 -0.940989
FixedParameters: 0 0 0

#Transform 89
Transform: AffineTransform_float_3_3
Parameters: 0.999959 -0.00394401 -0.00812843 0.00401411 0.999954 0.00869087 0.00809368 -0.00872314 0.99993 0.0837362 0.289908 -1.18889
FixedParameters: 0 0 0

#Transform 90
Transform: AffineTransform_float_3_3
Parameters: 0.99996 -0.00435695 -0.00790241 0.00441934 0.999959 0.00791041 0.00786702 -0.00794459 0.999938 0.0668475 0.28526 -1.07019
FixedParameters: 0 0 0

#Transform 91
Transform: AffineTransform_float_3_3
Parameters: 0.999962 -0.00397825 -0.00775344 0.00404221 0.999958 0.00821572 0.00771977 -0.00824627 0.999936 0.0782168 0.284441 -1.10856
FixedParameters: 0 0 0

#Transform 92
Transform: AffineTransform_float_3_3
Parameters: 0.999967 -0.00346186 -0.00727981 0.00351533 0.999967 0.0074127 0.00725329 -0.0074383 0.999946 0.0511753 0.29208 -0.910702
FixedParameters: 0 0 0

#Transform 93
Transform: AffineTransform_float_3_3
Parameters: 0.999959 -0.00380172 -0.00812784 0.00387226 0.999955 0.00871865 0.00809536 -0.00874935 0.999928 0.10061 0.287383 -1.18664
FixedParameters: 0 0 0

#Transform 94
Transform: AffineTransform_float_3_3
Parameters: 0.999957 -0.00393735 -0.00847576 0.00401758 0.999946 0.00955537 0.00843753 -0.00958963 0.999918 0.175564 0.292948 -1.23221
FixedParameters: 0 0 0

#Transform 95
Transform: AffineTransform_float_3_3
Parameters: 0.999954 -0.00419848 -0.00860453 0.00427632 0.999949 0.00911804 0.00856608 -0.00915496 0.999921 0.116031 0.302722 -1.19835
FixedParameters: 0 0 0

#Transform 96
Transform: AffineTransform_float_3_3
Parameters: 0.99996 -0.00445116 -0.00774579 0.00450898 0.999963 0.00745051 0.00771202 -0.00748549 0.999942 0.0821524 0.321211 -1.07839
FixedParameters: 0 0 0

#Transform 97
Transform: AffineTransform_float_3_3
Parameters: 0.999965 -0.00423971 -0.00722893 0.00429082 0.999966 0.00707409 0.00719887 -0.00710492 0.999949 0.0618201 0.314194 -0.979926
FixedParameters: 0 0 0

#Transform 98
Transform: AffineTransform_float_3_3
Parameters: 0.999966 -0.00419062 -0.00711875 0.00424391 0.999963 0.00744053 0.00708798 -0.00747046 0.999947 0.0651655 0.329465 -1.02954
FixedParameters: 0 0 0

#Transform 99
Transform: AffineTransform_float_3_3
Parameters: 0.999954 -0.0039213 -0.0088157 0.00400699 0.999945 0.00972637 0.00877701 -0.00976164 0.999914 0.125996 0.329985 -1.29217
FixedParameters: 0 0 0

#Transform 100
Transform: AffineTransform_float_3_3
Parameters: 0.999952 -0.00362282 -0.0090945 0.0037325 0.999921 0.012006 0.00904994 -0.0120389 0.999886 0.156947 0.353331 -1.29496
FixedParameters: 0 0 0

#Transform 101
Transform: AffineTransform_float_3_3
Parameters: 0.999952 -0.00329123 -0.0093048 0.0034091 0.999914 0.0126761 0.00926215 -0.0127079 0.999877 0.140157 0.369223 -1.29076
FixedParameters: 0 0 0

#Transform 102
Transform: AffineTransform_float_3_3
Parameters: 0.999953 -0.00278316 -0.00935115 0.00289828 0.99992 0.0123426 0.00931587 -0.0123694 0.99988 0.110954 0.372072 -1.25449
FixedParameters: 0 0 0

#Transform 103
Transform: AffineTransform_float_3_3
Parameters: 0.999943 -0.00401668 -0.00988085 0.00413351 0.999921 0.0118295 0.00983166 -0.0118695 0.999881 0.0781955 0.377089 -1.26417
FixedParameters: 0 0 0

#Transform 104
Transform: AffineTransform_float_3_3
Parameters: 0.999947 -0.00416299 -0.00949516 0.00426628 0.999931 0.0108812 0.00944926 -0.0109208 0.999895 0.0549545 0.377999 -1.15621
FixedParameters: 0 0 0

#Transform 105
Transform: AffineTransform_float_3_3
Parameters: 0.999947 -0.00408119 -0.00938933 0.00418335 0.999932 0.0109158 0.00934363 -0.0109552 0.999896 0.0476478 0.372476 -1.11887
FixedParameters: 0 0 0

#Transform 106
Transform: AffineTransform_float_3_3
Parameters: 0.999947 -0.0040672 -0.00953463 0.00417298 0.999929 0.0111331 0.00948897 -0.0111719 0.999893 0.0617821 0.374648 -1.09479
FixedParameters: 0 0 0

#Transform 107
Transform: AffineTransform_float_3_3
Parameters: 0.999942 -0.00386049 -0.0100659 0.00398248 0.999918 0.0121809 0.0100181 -0.0122201 0.999875 0.089494 0.371741 -1.31231
FixedParameters: 0 0 0

#Transform 108
Transform: AffineTransform_float_3_3
Parameters: 0.999942 -0.00398964 -0.010013 0.00411001 0.999919 0.0120337 0.00996432 -0.0120743 0.999878 0.0911091 0.360472 -1.27826
FixedParameters: 0 0 0

#Transform 109
Transform: AffineTransform_float_3_3
Parameters: 0.999959 -0.00319927 -0.00839615 0.00326097 0.999968 0.00741362 0.00837158 -0.00744039 0.999937 0.0285239 0.329877 -0.812131
FixedParameters: 0 0 0

#Transform 110
Transform: AffineTransform_float_3_3
Parameters: 0.999958 -0.00326603 -0.00864543 0.00333534 0.999962 0.00806623 0.00861862 -0.00809578 0.99993 0.0214007 0.328287 -0.816196
FixedParameters: 0 0 0

#Transform 111
Transform: AffineTransform_float_3_3
Parameters: 0.999959 -0.0031641 -0.00841066 0.00322895 0.999965 0.00775336 0.0083856 -0.00777964 0.999935 0.0270431 0.344818 -0.785232
FixedParameters: 0 0 0

#Transform 112
Transform: AffineTransform_float_3_3
Parameters: 0.999948 -0.00358557 -0.00947053 0.00367519 0.999948 0.00945763 0.00943648 -0.00949237 0.99991 0.0321328 0.362237 -0.94608
FixedParameters: 0 0 0

#Transform 113
Transform: AffineTransform_float_3_3
Parameters: 0.999954 -0.00375279 -0.00880194 0.0038351 0.99995 0.00925621 0.00876688 -0.00928978 0.999919 0.0239012 0.363678 -0.892164
FixedParameters: 0 0 0

#Transform 114
Transform: AffineTransform_float_3_3
Parameters: 0.999955 -0.00404829 -0.00865913 0.00412794 0.999949 0.00918861 0.00862193 -0.00922339 0.99992 0.0332079 0.376148 -0.918236
FixedParameters: 0 0 0

#Transform 115
Transform: AffineTransform_float_3_3
Parameters: 0.99995 -0.00439634 -0.00905287 0.00447796 0.99995 0.00897499 0.00901281 -0.00901502 0.999919 0.0449148 0.370286 -0.998673
FixedParameters: 0 0 0

#Transform 116
Transform: AffineTransform_float_3_3
Parameters: 0.999955 -0.00426028 -0.00855836 0.00433816 0.99995 0.00903992 0.00851959 -0.00907608 0.999923 0.0365984 0.370606 -1.01231
FixedParameters: 0 0 0

#Transform 117
Transform: AffineTransform_float_3_3
Parameters: 0.999944 -0.00451584 -0.00956219 0.00460796 0.999943 0.00957585 0.00951869 -0.00961914 0.999909 0.0460772 0.39042 -1.0716
FixedParameters: 0 0 0

#Transform 118
Transform: AffineTransform_float_3_3
Parameters: 0.999952 -0.00423402 -0.00886352 0.0043129 0.99995 0.00893085 0.00882508 -0.00896914 0.999921 0.0356804 0.387915 -0.985165
FixedParameters: 0 0 0

#Transform 119
Transform: AffineTransform_float_3_3
Parameters: 0.999954 -0.00412617 -0.00859742 0.00420109 0.999953 0.00870969 0.00856085 -0.00874529 0.999925 0.0291742 0.387572 -0.873195
FixedParameters: 0 0 0

#Transform 120
Transform: AffineTransform_float_3_3
Parameters: 0.999952 -0.00383522 -0.00902873 0.0039268 0.999941 0.0101227 0.00898871 -0.0101573 0.999909 0.0577131 0.407718 -1.09346
FixedParameters: 0 0 0

#Transform 121
Transform: AffineTransform_float_3_3
Parameters: 0.999944 -0.00417857 -0.009718 0.00428434 0.999932 0.010826 0.00967166 -0.010867 0.999894 0.0795487 0.398714 -1.09655
FixedParameters: 0 0 0

#Transform 122
Transform: AffineTransform_float_3_3
Parameters: 0.999954 -0.00369134 -0.00878738 0.00378256 0.999939 0.0104344 0.00874834 -0.0104676 0.999907 0.0526799 0.425875 -0.983199
FixedParameters: 0 0 0

#Transform 123
Transform: AffineTransform_float_3_3
Parameters: 0.999939 -0.00467577 -0.00999581 0.00478712 0.999926 0.011187 0.00994278 -0.011234 0.999888 0.0861325 0.4214 -1.12994
FixedParameters: 0 0 0

#Transform 124
Transform: AffineTransform_float_3_3
Parameters: 0.999946 -0.00422998 -0.00941466 0.00433535 0.999929 0.0111144 0.00936659 -0.0111546 0.999894 0.0641387 0.437497 -1.11539
FixedParameters: 0 0 0

#Transform 125
Transform: AffineTransform_float_3_3
Parameters: 0.999942 -0.00458116 -0.00976216 0.00468939 0.999928 0.0110596 0.00971051 -0.0111054 0.999891 0.0956731 0.421415 -1.10099
FixedParameters: 0 0 0

#Transform 126
Transform: AffineTransform_float_3_3
Parameters: 0.999945 -0.00446767 -0.00948663 0.00457278 0.999929 0.0110719 0.00943626 -0.0111151 0.999893 0.0832357 0.447215 -1.02783
FixedParameters: 0 0 0

#Transform 127
Transform: AffineTransform_float_3_3
Parameters: 0.999944 -0.00454059 -0.00956321 0.0046389 0.999936 0.0102874 0.00951576 -0.0103306 0.999901 0.0941058 0.418681 -1.02544
FixedParameters: 0 0 0

#Transform 128
Transform: AffineTransform_float_3_3
Parameters: 0.999945 -0.00433017 -0.00957349 0.00443589 0.999929 0.0110915 0.00952454 -0.0111335 0.999893 0.0999065 0.437947 -1.07797
FixedParameters: 0 0 0

#Transform 129
Transform: AffineTransform_float_3_3
Parameters: 0.999944 -0.00453979 -0.0095637 0.00464061 0.999933 0.0105636 0.00951488 -0.0106074 0.999899 0.0799463 0.433494 -0.986977
FixedParameters: 0 0 0

#Transform 130
Transform: AffineTransform_float_3_3
Parameters: 0.999937 -0.00477543 -0.0101438 0.00488537 0.999929 0.0108419 0.0100921 -0.0108901 0.99989 0.0964825 0.441064 -1.09506
FixedParameters: 0 0 0

#Transform 131
Transform: AffineTransform_float_3_3
Parameters: 0.99994 -0.00427439 -0.0100938 0.00438091 0.999934 0.0105938 0.0100485 -0.0106372 0.999892 0.0808559 0.425941 -1.02728
FixedParameters: 0 0 0

#Transform 132
Transform: AffineTransform_float_3_3
Parameters: 0.999948 -0.00390298 -0.00941943 0.0040055 0.999933 0.0108437 0.00937558 -0.0108813 0.999897 0.0653455 0.432935 -1.02967
FixedParameters: 0 0 0

#Transform 133
Transform: AffineTransform_float_3_3
Parameters: 0.999941 -0.00464775 -0.00975733 0.00475375 0.99993 0.0108352 0.00970648 -0.0108808 0.999893 0.0822341 0.429342 -0.999672
FixedParameters: 0 0 0

#Transform 134
Transform: AffineTransform_float_3_3
Parameters: 0.999944 -0.00421011 -0.00965848 0.0043144 0.999933 0.0107474 0.00961267 -0.0107886 0.999895 0.0815428 0.46933 -1.05741
FixedParameters: 0 0 0

#Transform 135
Transform: AffineTransform_float_3_3
Parameters: 0.999938 -0.00491725 -0.00999186 0.00501823 0.999937 0.0101212 0.00994165 -0.0101708 0.999899 0.0784715 0.434115 -1.06531
FixedParameters: 0 0 0

#Transform 136
Transform: AffineTransform_float_3_3
Parameters: 0.999931 -0.00459891 -0.0107909 0.00472375 0.999922 0.0115705 0.0107368 -0.0116205 0.999875 0.0915266 0.447861 -1.19519
FixedParameters: 0 0 0

#Transform 137
Transform: AffineTransform_float_3_3
Parameters: 0.999936 -0.00480038 -0.0102481 0.00490972 0.999932 0.0106305 0.0101961 -0.0106795 0.999891 0.108838 0.469777 -1.01071
FixedParameters: 0 0 0

#Transform 138
Transform: AffineTransform_float_3_3
Parameters: 0.999922 -0.00546047 -0.0112808 0.00558537 0.999923 0.0110257 0.0112199 -0.0110883 0.999875 0.176652 0.468688 -1.11068
FixedParameters: 0 0 0

#Transform 139
Transform: AffineTransform_float_3_3
Parameters: 0.999932 -0.00467655 -0.0107026 0.00479548 0.999927 0.0111116 0.0106498 -0.0111624 0.999881 0.134031 0.482201 -1.09324
FixedParameters: 0 0 0

#Transform 140
Transform: AffineTransform_float_3_3
Parameters: 0.999928 -0.00528847 -0.0107648 0.00539917 0.999932 0.0102519 0.0107104 -0.0103101 0.999889 0.140039 0.490599 -1.01308
FixedParameters: 0 0 0

#Transform 141
Transform: AffineTransform_float_3_3
Parameters: 0.99994 -0.00426191 -0.0100372 0.0043608 0.999942 0.00985704 0.00999511 -0.00990097 0.999901 0.0980672 0.490137 -0.964901
FixedParameters: 0 0 0

#Transform 142
Transform: AffineTransform_float_3_3
Parameters: 0.999926 -0.00493932 -0.0111277 0.00506564 0.999923 0.0113316 0.0110707 -0.0113874 0.999874 0.147156 0.466273 -1.12155
FixedParameters: 0 0 0

#Transform 143
Transform: AffineTransform_float_3_3
Parameters: 0.99994 -0.00461607 -0.00999417 0.00472273 0.999932 0.0106944 0.00994386 -0.0107416 0.999893 0.099526 0.469081 -0.866773
FixedParameters: 0 0 0

#Transform 144
Transform: AffineTransform_float_3_3
Parameters: 0.999934 -0.00476068 -0.0103874 0.00488635 0.999915 0.0120968 0.010328 -0.0121472 0.999873 0.123359 0.500557 -1.08556
FixedParameters: 0 0 0

#Transform 145
Transform: AffineTransform_float_3_3
Parameters: 0.999931 -0.00489368 -0.0107001 0.00501945 0.999919 0.0117262 0.0106421 -0.0117788 0.999874 0.10934 0.487338 -0.963147
FixedParameters: 0 0 0

#Transform 146
Transform: AffineTransform_float_3_3
Parameters: 0.999939 -0.00420561 -0.0102216 0.00433302 0.999914 0.0124304 0.0101679 -0.0124736 0.999871 0.101839 0.515682 -1.02551
FixedParameters: 0 0 0

#Transform 147
Transform: AffineTransform_float_3_3
Parameters: 0.99993 -0.00495286 -0.0107377 0.00508439 0.999912 0.0122807 0.0106768 -0.0123343 0.999867 0.158184 0.487094 -1.06019
FixedParameters: 0 0 0

#Transform 148
Transform: AffineTransform_float_3_3
Parameters: 0.999937 -0.00494098 -0.0100944 0.00505474 0.999923 0.0112961 0.0100373 -0.0113459 0.999885 0.11892 0.488611 -0.857598
FixedParameters: 0 0 0

#Transform 149
Transform: AffineTransform_float_3_3
Parameters: 0.999932 -0.00553395 -0.0103223 0.00565261 0.999918 0.0114826 0.0102578 -0.0115404 0.999881 0.14751 0.501727 -1.00467
FixedParameters: 0 0 0

#Transform 150
Transform: AffineTransform_float_3_3
Parameters: 0.999931 -0.00545404 -0.0104483 0.00556594 0.999927 0.0107006 0.0103894 -0.0107574 0.999888 0.121952 0.497083 -0.851093
FixedParameters: 0 0 0

#Transform 151
Transform: AffineTransform_float_3_3
Parameters: 0.999926 -0.00557867 -0.0108067 0.00571327 0.999906 0.0124516 0.0107357 -0.0125124 0.999864 0.128445 0.51507 -1.04993
FixedParameters: 0 0 0

#Transform 152
Transform: AffineTransform_float_3_3
Parameters: 0.999926 -0.00608881 -0.0105959 0.00621028 0.999915 0.0114616 0.0105245 -0.0115264 0.999879 0.134952 0.49351 -0.940783
FixedParameters: 0 0 0

#Transform 153
Transform: AffineTransform_float_3_3
Parameters: 0.999922 -0.00582224 -0.0111055 0.00596836 0.999896 0.0131653 0.0110281 -0.0132307 0.999852 0.132834 0.511547 -1.18345
FixedParameters: 0 0 0

#Transform 154
Transform: AffineTransform_float_3_3
Parameters: 0.99993 -0.00578944 -0.0103047 0.00591409 0.999909 0.0120789 0.0102341 -0.0121391 0.999874 0.106278 0.506672 -0.949131
FixedParameters: 0 0 0

#Transform 155
Transform: AffineTransform_float_3_3
Parameters: 0.999926 -0.00600861 -0.0106459 0.00614257 0.999901 0.0126321 0.0105687 -0.0126959 0.999863 0.131878 0.520772 -1.11608
FixedParameters: 0 0 0

#Transform 156
Transform: AffineTransform_float_3_3
Parameters: 0.999908 -0.00692686 -0.0116717 0.00704063 0.999927 0.00972591 0.011603 -0.00980708 0.999885 0.180771 0.526739 -0.933003
FixedParameters: 0 0 0

#Transform 157
Transform: AffineTransform_float_3_3
Parameters: 0.999866 -0.00908531 -0.0136555 0.00920715 0.999918 0.00891179 0.0135737 -0.00903621 0.999867 0.237728 0.482996 -1.37245
FixedParameters: 0 0 0

#Transform 158
Transform: AffineTransform_float_3_3
Parameters: 0.999867 -0.0093229 -0.0133328 0.00937619 0.999948 0.00394579 0.0132957 -0.00407022 0.999904 0.224583 0.477555 -1.02332
FixedParameters: 0 0 0

#Transform 159
Transform: AffineTransform_float_3_3
Parameters: 0.999866 -0.011043 -0.0120847 0.0110668 0.999937 0.0019241 0.0120629 -0.0020579 0.999925 0.288491 0.470628 -1.32943
FixedParameters: 0 0 0

#Transform 160
Transform: AffineTransform_float_3_3
Parameters: 0.999857 -0.0110251 -0.0127743 0.011039 0.999939 0.00103118 0.0127626 -0.00117182 0.999918 0.262355 0.469532 -1.35514
FixedParameters: 0 0 0

#Transform 161
Transform: AffineTransform_float_3_3
Parameters: 0.999842 -0.0119804 -0.0131126 0.0119995 0.999927 0.00132363 0.0130962 -0.00148136 0.999913 0.286609 0.45083 -1.50383
FixedParameters: 0 0 0

#Transform 162
Transform: AffineTransform_float_3_3
Parameters: 0.999809 -0.0134067 -0.0141836 0.0134163 0.99991 0.000564882 0.0141752 -0.000754116 0.999899 0.341792 0.417066 -1.68149
FixedParameters: 0 0 0

#Transform 163
Transform: AffineTransform_float_3_3
Parameters: 0.999795 -0.0142023 -0.0144281 0.0141886 0.999899 -0.000992343 0.0144407 0.00078765 0.999896 0.403162 0.445961 -1.67135
FixedParameters: 0 0 0

#Transform 164
Transform: AffineTransform_float_3_3
Parameters: 0.9998 -0.0140651 -0.014167 0.0140417 0.9999 -0.00179741 0.0141911 0.0015976 0.999898 0.386165 0.455682 -1.71524
FixedParameters: 0 0 0

#Transform 165
Transform: AffineTransform_float_3_3
Parameters: 0.999803 -0.0138417 -0.014277 0.0138329 0.999904 -0.000736434 0.0142863 0.000538569 0.999897 0.38175 0.457379 -1.66375
FixedParameters: 0 0 0

#Transform 166
Transform: AffineTransform_float_3_3
Parameters: 0.99986 -0.0108847 -0.0126657 0.0109061 0.999939 0.00165873 0.0126472 -0.00179627 0.999918 0.276872 0.474261 -1.3986
FixedParameters: 0 0 0

#Transform 167
Transform: AffineTransform_float_3_3
Parameters: 0.999885 -0.0094109 -0.0118462 0.00945632 0.999948 0.00377865 0.0118104 -0.00389035 0.999923 0.24158 0.50768 -1.29878
FixedParameters: 0 0 0

#Transform 168
Transform: AffineTransform_float_3_3
Parameters: 0.9999 -0.00829212 -0.0115181 0.00833727 0.999958 0.00389453 0.011486 -0.00399048 0.999927 0.20776 0.480225 -1.15778
FixedParameters: 0 0 0

#Transform 169
Transform: AffineTransform_float_3_3
Parameters: 0.99989 -0.0085199 -0.0120879 0.00858511 0.999949 0.00531275 0.0120419 -0.00541524 0.999913 0.234999 0.471437 -1.25626
FixedParameters: 0 0 0

#Transform 170
Transform: AffineTransform_float_3_3
Parameters: 0.999908 -0.00765267 -0.0111412 0.00771644 0.999954 0.00568926 0.0110975 -0.00577473 0.999922 0.191725 0.48449 -1.08979
FixedParameters: 0 0 0

#Transform 171
Transform: AffineTransform_float_3_3
Parameters: 0.999888 -0.0086039 -0.0122893 0.00867807 0.999944 0.0060089 0.0122368 -0.0061141 0.999906 0.242139 0.482784 -1.28568
FixedParameters: 0 0 0

#Transform 172
Transform: AffineTransform_float_3_3
Parameters: 0.999907 -0.00780194 -0.0111203 0.00787447 0.999948 0.00645744 0.0110694 -0.00654455 0.999917 0.213209 0.499649 -1.15189
FixedParameters: 0 0 0

#Transform 173
Transform: AffineTransform_float_3_3
Parameters: 0.999866 -0.00936742 -0.013472 0.00945895 0.999932 0.00673947 0.0134077 -0.00686652 0.999887 0.296157 0.4664 -1.42966
FixedParameters: 0 0 0

#Transform 174
Transform: AffineTransform_float_3_3
Parameters: 0.999902 -0.0080946 -0.0114719 0.00815869 0.999951 0.00551706 0.0114268 -0.00560994 0.999919 0.224829 0.503809 -1.07576
FixedParameters: 0 0 0

#Transform 175
Transform: AffineTransform_float_3_3
Parameters: 0.999888 -0.0086839 -0.0121963 0.00876127 0.999942 0.00630585 0.012141 -0.00641215 0.999906 0.243847 0.487466 -1.19314
FixedParameters: 0 0 0

#Transform 176
Transform: AffineTransform_float_3_3
Parameters: 0.999906 -0.00796083 -0.0112118 0.0080355 0.999946 0.00664685 0.0111583 -0.00673615 0.999914 0.220016 0.508004 -1.16087
FixedParameters: 0 0 0

#Transform 177
Transform: AffineTransform_float_3_3
Parameters: 0.999894 -0.0084397 -0.0119081 0.00851903 0.999942 0.00662412 0.0118514 -0.00672387 0.999907 0.221495 0.492612 -1.15976
FixedParameters: 0 0 0

#Transform 178
Transform: AffineTransform_float_3_3
Parameters: 0.999908 -0.00777679 -0.011122 0.00785578 0.999944 0.0071287 0.0110667 -0.00721532 0.999913 0.213267 0.512932 -1.22993
FixedParameters: 0 0 0

#Transform 179
Transform: AffineTransform_float_3_3
Parameters: 0.999899 -0.00819334 -0.011572 0.0082708 0.999944 0.00663627 0.0115163 -0.00673171 0.999911 0.204501 0.504147 -1.16979
FixedParameters: 0 0 0
