#Insight Transform File V1.0
#Transform 0
Transform: AffineTransform_float_3_3
Parameters: 1 2.12703e-05 0.000254944 -2.13443e-05 1 0.000144995 -0.000254938 -0.000145005 1 0.0444746 -0.195938 -0.292286
FixedParameters: 0 0 0

#Transform 1
Transform: AffineTransform_float_3_3
Parameters: 1 0.000462929 -0.000268354 -0.00046307 1 -0.000263876 0.000268109 0.000264124 1 0.0257803 0.0727681 -0.0209822
FixedParameters: 0 0 0

#Transform 2
Transform: AffineTransform_float_3_3
Parameters: 0.999999 0.000859521 -0.000275947 -0.000859625 0.999999 -0.000187763 0.000275624 0.000188237 1 0.0332179 0.121119 -0.0448542
FixedParameters: 0 0 0

#Transform 3
Transform: AffineTransform_float_3_3
Parameters: 1 0.000538359 -9.08795e-05 -0.000538072 0.999999 -0.000566951 9.11897e-05 0.000567049 1 0.00615874 0.129475 -0.0461754
FixedParameters: 0 0 0

#Transform 4
Transform: AffineTransform_float_3_3
Parameters: 1 0.000642723 -0.000190364 -0.00064278 1 -0.000148878 0.000190173 0.000149122 1 0.0239774 0.140603 -0.0533024
FixedParameters: 0 0 0

#Transform 5
Transform: AffineTransform_float_3_3
Parameters: 0.999999 0.000743778 2.21344e-05 -0.000743778 0.999999 -1.10163e-05 -2.21508e-05 1.09834e-05 1 0.0210539 0.116045 -0.0558153
FixedParameters: 0 0 0

#Transform 6
Transform: AffineTransform_float_3_3
Parameters: 1 0.000437097 -0.000329137 -0.000437325 0.999999 -0.000346703 0.000328834 0.000346296 1 -5.18438e-05 0.125701 -0.0495196
FixedParameters: 0 0 0

#Transform 7
Transform: AffineTransform_float_3_3
Parameters: 1 0.000623544 -0.000215111 -0.000623787 0.999999 -0.000566866 0.000214404 0.000567133 1 0.0210191 0.129431 -0.0491089
FixedParameters: 0 0 0

#Transform 8
Transform: AffineTransform_float_3_3
Parameters: 1 0.000458935 -0.000277697 -0.00045925 0.999999 -0.000566872 0.000277176 0.000567127 1 -0.00285861 0.113164 -0.0190784
FixedParameters: 0 0 0

#Transform 9
Transform: AffineTransform_float_3_3
Parameters: 1 0.000465228 -0.000262913 -0.00046546 1 -0.000439877 0.000262504 0.000440122 1 0.0206321 0.117545 -0.0246429
FixedParameters: 0 0 0

#Transform 10
Transform: AffineTransform_float_3_3
Parameters: 0.999999 0.000590277 -0.000403205 -0.000590475 0.999999 -0.000730761 0.000403262 0.000731238 0.999999 0.0120729 0.0993603 0.0102573
FixedParameters: 0 0 0

#Transform 11
Transform: AffineTransform_float_3_3
Parameters: 0.999999 0.000603508 -0.000374784 -0.00060331 1 -0.000257774 0.000375393 0.000258226 1 0.0328031 0.113532 -0.0414331
FixedParameters: 0 0 0

#Transform 12
Transform: AffineTransform_float_3_3
Parameters: 1 0.000336704 -0.00056492 -0.000337664 0.999999 -0.000849809 0.000564347 0.000850189 0.999999 0.00673379 0.118984 -0.0163692
FixedParameters: 0 0 0

#Transform 13
Transform: AffineTransform_float_3_3
Parameters: 1 0.000338009 -0.000562081 -0.000338704 1 -0.000617809 0.000561663 0.00061819 0.999999 0.0194028 0.127419 -0.0263654
FixedParameters: 0 0 0

#Transform 14
Transform: AffineTransform_float_3_3
Parameters: 1 0.000456277 -0.000284009 -0.000456438 1 -0.00028287 0.000283751 0.000283129 1 0.0289035 0.123841 -0.0502574
FixedParameters: 0 0 0

#Transform 15
Transform: AffineTransform_float_3_3
Parameters: 1 0.000508165 -0.000161954 -0.000508094 1 -0.000986277 0.000161873 0.000985722 0.999999 0.00765213 0.136244 -0.0214158
FixedParameters: 0 0 0

#Transform 16
Transform: AffineTransform_float_3_3
Parameters: 1 0.000566307 -0.000221922 -0.000566312 1 -1.08742e-05 0.00022191 1.11255e-05 1 0.0377544 0.127607 -0.0541217
FixedParameters: 0 0 0

#Transform 17
Transform: AffineTransform_float_3_3
Parameters: 1 0.000430747 -0.00034398 -0.000431173 0.999999 -0.000619851 0.000343446 0.000620148 0.999999 0.00142475 0.139168 -0.0368022
FixedParameters: 0 0 0

#Transform 18
Transform: AffineTransform_float_3_3
Parameters: 1 0.000584629 -0.000311727 -0.000584723 1 -0.000778178 0.000311738 0.000777823 0.999999 0.00822851 0.132794 -0.0167004
FixedParameters: 0 0 0

#Transform 19
Transform: AffineTransform_float_3_3
Parameters: 1 0.000465977 -0.000261133 -0.000466274 0.999999 -0.000568878 0.000260602 0.000569121 1 0.0324887 0.130685 -0.0417558
FixedParameters: 0 0 0

#Transform 20
Transform: AffineTransform_float_3_3
Parameters: 1 0.000487876 -0.000209623 -0.000487747 0.999999 -0.000622897 0.000209936 0.000623102 1 -0.00253263 0.132503 -0.0314475
FixedParameters: 0 0 0

#Transform 21
Transform: AffineTransform_float_3_3
Parameters: 1 0.000443005 -0.000315272 -0.000443139 1 -0.00021286 0.000315083 0.000213139 1 0.010034 0.134004 -0.0490751
FixedParameters: 0 0 0

#Transform 22
Transform: AffineTransform_float_3_3
Parameters: 1 0.000466076 -0.000260957 -0.000466175 1 -0.000190878 0.000260779 0.000191121 1 0.0164061 0.15168 -0.0557229
FixedParameters: 0 0 0

#Transform 23
Transform: AffineTransform_float_3_3
Parameters: 1 0.000480067 -0.000227993 -0.000480317 0.999999 -0.00054989 0.000227465 0.000550109 1 0.00205081 0.142354 -0.0485394
FixedParameters: 0 0 0

#Transform 24
Transform: AffineTransform_float_3_3
Parameters: 1 0.000391479 -0.000229364 -0.00039165 1 -0.00037291 0.000229072 0.00037309 1 0.0165279 0.150641 -0.0587504
FixedParameters: 0 0 0

#Transform 25
Transform: AffineTransform_float_3_3
Parameters: 1 0.00052508 -0.000122067 -0.000525171 1 -0.000372936 0.000121675 0.000373064 1 0.0262049 0.15516 -0.0664057
FixedParameters: 0 0 0

#Transform 26
Transform: AffineTransform_float_3_3
Parameters: 1 0.000356036 -0.000315342 -0.000356259 1 -0.000353888 0.00031509 0.000354112 1 -0.00125871 0.157705 -0.0610898
FixedParameters: 0 0 0

#Transform 27
Transform: AffineTransform_float_3_3
Parameters: 1 0.000466028 -0.000261041 -0.000466223 1 -0.000372878 0.000260694 0.000373121 1 0.0134693 0.150319 -0.0586318
FixedParameters: 0 0 0

#Transform 28
Transform: AffineTransform_float_3_3
Parameters: 1 0.000442203 -0.000317141 -0.000442379 1 -0.00027686 0.000316896 0.00027714 1 0.0282305 0.164243 -0.0714901
FixedParameters: 0 0 0

#Transform 29
Transform: AffineTransform_float_3_3
Parameters: 1 0.000459812 -0.000275698 -0.000459935 1 -0.000222873 0.000275493 0.000223127 1 0.00526634 0.148247 -0.0582472
FixedParameters: 0 0 0

#Transform 30
Transform: AffineTransform_float_3_3
Parameters: 1 0.000466028 -0.000261041 -0.000466223 1 -0.000372878 0.000260694 0.000373121 1 0.0131707 0.162967 -0.0682734
FixedParameters: 0 0 0

#Transform 31
Transform: AffineTransform_float_3_3
Parameters: 1 0.000526269 -0.00011924 -0.000526328 1 -0.000247937 0.000118979 0.000248062 1 0.0158789 0.169467 -0.0754684
FixedParameters: 0 0 0

#Transform 32
Transform: AffineTransform_float_3_3
Parameters: 1 0.000410439 -0.000246113 -0.000410623 1 -0.000372899 0.000245807 0.000373101 1 0.0163655 0.166385 -0.0711469
FixedParameters: 0 0 0

#Transform 33
Transform: AffineTransform_float_3_3
Parameters: 1 0.000368424 -0.000491008 -0.000368461 1 -3.76663e-05 0.00049098 3.73335e-05 1 0.0287432 0.173718 -0.0791945
FixedParameters: 0 0 0

#Transform 34
Transform: AffineTransform_float_3_3
Parameters: 1 0.000368438 -0.000490997 -0.000368448 1 -9.819e-06 0.00049099 1.01808e-05 1 0.0133825 0.15884 -0.072621
FixedParameters: 0 0 0

#Transform 35
Transform: AffineTransform_float_3_3
Parameters: 1 0.000286577 -0.000184753 -0.000286677 1 -0.000271947 0.000184597 0.000272053 1 0.00422027 0.165171 -0.071354
FixedParameters: 0 0 0

#Transform 36
Transform: AffineTransform_float_3_3
Parameters: 1 0.000448848 -0.000301497 -0.000449019 1 -0.000283865 0.000301242 0.000284135 1 0.020499 0.163761 -0.0728943
FixedParameters: 0 0 0

#Transform 37
Transform: AffineTransform_float_3_3
Parameters: 1 8.29959e-05 -0.00026771 -8.29938e-05 1 4.02225e-06 0.000267711 -3.97781e-06 1 0.00946473 0.169654 -0.0746914
FixedParameters: 0 0 0

#Transform 38
Transform: AffineTransform_float_3_3
Parameters: 1 0.000200921 -0.000419876 -0.000200901 1 2.30844e-05 0.000419885 -2.29157e-05 1 0.0165254 0.16592 -0.0766423
FixedParameters: 0 0 0

#Transform 39
Transform: AffineTransform_float_3_3
Parameters: 1 0.000176543 -0.000559383 -0.00017727 1 0.000172252 0.000559835 -0.000172749 1 0.0309394 0.155311 -0.0744929
FixedParameters: 0 0 0

#Transform 40
Transform: AffineTransform_float_3_3
Parameters: 1 0.000245454 -0.000215073 -0.00024555 1 -0.000221947 0.000214964 0.000222053 1 0.00595942 0.164979 -0.0699689
FixedParameters: 0 0 0

#Transform 41
Transform: AffineTransform_float_3_3
Parameters: 1 0.000213531 -0.000256948 -0.000213685 1 -0.000297945 0.000256821 0.000298055 1 0.0144535 0.145375 -0.0625561
FixedParameters: 0 0 0

#Transform 42
Transform: AffineTransform_float_3_3
Parameters: 1 0.000187178 -0.000142521 -0.000187247 1 -0.000240973 0.000142431 0.000241027 1 0.00960333 0.14528 -0.0632486
FixedParameters: 0 0 0

#Transform 43
Transform: AffineTransform_float_3_3
Parameters: 1 0.000250454 -0.000216099 -0.000250536 1 -0.000189946 0.000216004 0.000190054 1 -0.00166658 0.144013 -0.0630761
FixedParameters: 0 0 0

#Transform 44
Transform: AffineTransform_float_3_3
Parameters: 1 0.000103376 -0.000378452 -0.000103298 1 0.000103039 0.000378474 -0.000102961 1 0.0269052 0.158224 -0.0718223
FixedParameters: 0 0 0

#Transform 45
Transform: AffineTransform_float_3_3
Parameters: 1 0.000172241 -0.000407825 -0.000172509 1 -0.00032893 0.000407711 0.00032907 1 0.0139039 0.155204 -0.056518
FixedParameters: 0 0 0

#Transform 46
Transform: AffineTransform_float_3_3
Parameters: 1 9.41776e-05 -0.000103071 -9.43059e-05 1 -0.00062299 0.000102953 0.000623009 1 0.00431721 0.158931 -0.0391391
FixedParameters: 0 0 0

#Transform 47
Transform: AffineTransform_float_3_3
Parameters: 1 0.000269904 -0.000234205 -0.000270078 1 -0.000372937 0.000234003 0.000373063 1 0.0225374 0.155188 -0.0614733
FixedParameters: 0 0 0

#Transform 48
Transform: AffineTransform_float_3_3
Parameters: 1 0.000186049 -0.000413689 -0.000186316 1 -0.000322923 0.000413569 0.000323077 1 0.00872179 0.122107 -0.0432364
FixedParameters: 0 0 0

#Transform 49
Transform: AffineTransform_float_3_3
Parameters: 1 0.000164889 -0.000404692 -0.000165133 1 -0.000300933 0.000404592 0.000301067 1 0.015611 0.131341 -0.0460039
FixedParameters: 0 0 0

#Transform 50
Transform: AffineTransform_float_3_3
Parameters: 1 0.000144681 -0.000511226 -0.00014485 1 -0.000164926 0.000511178 0.000165074 1 0.0046378 0.134287 -0.0503365
FixedParameters: 0 0 0

#Transform 51
Transform: AffineTransform_float_3_3
Parameters: 1 0.000191507 -0.000104189 -0.000191582 1 -0.00036198 0.00010405 0.00036202 1 -0.0075087 0.158955 -0.0493487
FixedParameters: 0 0 0

#Transform 52
Transform: AffineTransform_float_3_3
Parameters: 1 0.000185145 -0.000303466 -0.000185144 1 1.05623e-06 0.000303466 -9.43863e-07 1 0.0145609 0.161565 -0.0700484
FixedParameters: 0 0 0

#Transform 53
Transform: AffineTransform_float_3_3
Parameters: 1 -0.000157702 -4.37943e-05 0.000157656 1 -0.000530007 4.39614e-05 0.000529993 1 -0.00784229 0.163709 -0.0502607
FixedParameters: 0 0 0

#Transform 54
Transform: AffineTransform_float_3_3
Parameters: 1 4.56456e-05 -0.000143236 -4.56866e-05 1 -0.000142993 0.000143223 0.000143007 1 0.00335326 0.160786 -0.0659862
FixedParameters: 0 0 0

#Transform 55
Transform: AffineTransform_float_3_3
Parameters: 1 0.000251629 -0.000169856 -0.000251667 1 -0.000113957 0.000169799 0.000114043 1 0.013863 0.165162 -0.0719911
FixedParameters: 0 0 0

#Transform 56
Transform: AffineTransform_float_3_3
Parameters: 1 -0.000188871 1.83786e-05 0.000188895 1 -0.000661996 -1.81285e-05 0.000662003 1 -0.0104303 0.162648 -0.0595401
FixedParameters: 0 0 0

#Transform 57
Transform: AffineTransform_float_3_3
Parameters: 1 7.39781e-05 -9.44258e-05 -7.40031e-05 1 -0.000131993 9.44063e-05 0.000132007 1 0.00792267 0.165207 -0.0640278
FixedParameters: 0 0 0

#Transform 58
Transform: AffineTransform_float_3_3
Parameters: 1 -0.000245433 -0.000324944 0.000244584 1 0.00010892 0.000325281 -0.00010908 1 0.00335625 0.152383 -0.0624986
FixedParameters: 0 0 0

#Transform 59
Transform: AffineTransform_float_3_3
Parameters: 1 -6.69502e-05 -0.000306179 6.69618e-05 1 1.89795e-05 0.000306177 -1.90205e-05 1 0.00622265 0.152203 -0.0574969
FixedParameters: 0 0 0

#Transform 60
Transform: AffineTransform_float_3_3
Parameters: 1 -6.69716e-05 -0.000306174 6.69404e-05 1 -5.10205e-05 0.000306181 5.09795e-05 1 0.0178133 0.155662 -0.0669681
FixedParameters: 0 0 0

#Transform 61
Transform: AffineTransform_float_3_3
Parameters: 1 -0.000187536 -0.000254996 0.000187548 1 2.29521e-05 0.000254988 -2.30478e-05 1 -0.00473255 0.152688 -0.0625653
FixedParameters: 0 0 0

#Transform 62
Transform: AffineTransform_float_3_3
Parameters: 1 -0.00020505 -0.000247553 0.000205013 1 -7.50508e-05 0.000247584 7.49493e-05 1 -0.0145525 0.144416 -0.051637
FixedParameters: 0 0 0

#Transform 63
Transform: AffineTransform_float_3_3
Parameters: 1 -6.69749e-05 -0.000306174 6.6937e-05 1 -6.20205e-05 0.000306182 6.19795e-05 1 0.0138661 0.161946 -0.0675579
FixedParameters: 0 0 0

#Transform 64
Transform: AffineTransform_float_3_3
Parameters: 1 -0.00044028 -0.000218362 0.000440328 1 0.000108904 0.000218266 -0.000109096 1 -0.0118018 0.151669 -0.066503
FixedParameters: 0 0 0

#Transform 65
Transform: AffineTransform_float_3_3
Parameters: 1 -6.69612e-05 -0.000306177 6.69508e-05 1 -1.70205e-05 0.000306179 1.69795e-05 1 -0.00551631 0.157962 -0.0654422
FixedParameters: 0 0 0

#Transform 66
Transform: AffineTransform_float_3_3
Parameters: 1 -3.10268e-05 -0.000221489 3.09905e-05 1 -8.20069e-05 0.000221494 8.19931e-05 1 0.00281108 0.167114 -0.0690337
FixedParameters: 0 0 0

#Transform 67
Transform: AffineTransform_float_3_3
Parameters: 1 -0.000223436 -0.000239758 0.000223447 1 2.19464e-05 0.000239749 -2.20535e-05 1 -0.0102502 0.154593 -0.0643363
FixedParameters: 0 0 0

#Transform 68
Transform: AffineTransform_float_3_3
Parameters: 1 -0.000205951 -0.000247178 0.000205953 1 3.94906e-06 0.000247177 -4.05088e-06 1 0.00610418 0.154153 -0.0657319
FixedParameters: 0 0 0

#Transform 69
Transform: AffineTransform_float_3_3
Parameters: 1 -0.00010915 -0.000405594 0.00010916 1 1.21084e-05 0.000405591 -1.28916e-05 1 0.00780694 0.167911 -0.0753322
FixedParameters: 0 0 0

#Transform 70
Transform: AffineTransform_float_3_3
Parameters: 1 -0.000543799 -0.000103663 0.000543755 1 -0.000213056 0.000103895 0.000212944 1 -0.0138538 0.15623 -0.0605399
FixedParameters: 0 0 0

#Transform 71
Transform: AffineTransform_float_3_3
Parameters: 1 9.64193e-06 -0.000125758 -9.61275e-06 1 0.000116001 0.00012576 -0.000115999 1 0.00929308 0.170598 -0.0707635
FixedParameters: 0 0 0

#Transform 72
Transform: AffineTransform_float_3_3
Parameters: 1 3.0736e-05 -7.6048e-05 -3.07177e-05 1 0.000120002 7.60554e-05 -0.000119998 1 0.00584753 0.178406 -0.0823123
FixedParameters: 0 0 0

#Transform 73
Transform: AffineTransform_float_3_3
Parameters: 1 -0.000541926 -0.000104616 0.000541947 1 0.000102943 0.000104505 -0.000103057 1 -0.00833138 0.185582 -0.0763029
FixedParameters: 0 0 0

#Transform 74
Transform: AffineTransform_float_3_3
Parameters: 1 -0.000364104 -3.01115e-06 0.000364105 1 0.000115999 2.92668e-06 -0.000116001 1 0.00781195 0.192709 -0.0827148
FixedParameters: 0 0 0

#Transform 75
Transform: AffineTransform_float_3_3
Parameters: 1 3.07367e-05 -7.60477e-05 -3.07169e-05 1 0.000130002 7.60557e-05 -0.000129998 1 0.00361063 0.189617 -0.0789669
FixedParameters: 0 0 0

#Transform 76
Transform: AffineTransform_float_3_3
Parameters: 1 3.0732e-05 -7.60496e-05 -3.07217e-05 1 6.80023e-05 7.60538e-05 -6.79977e-05 1 -0.00839327 0.17439 -0.0732794
FixedParameters: 0 0 0

#Transform 77
Transform: AffineTransform_float_3_3
Parameters: 1 3.073e-05 -7.60504e-05 -3.07237e-05 1 4.10023e-05 7.6053e-05 -4.09977e-05 1 0.00671462 0.188209 -0.0794259
FixedParameters: 0 0 0

#Transform 78
Transform: AffineTransform_float_3_3
Parameters: 1 4.47991e-05 -4.29073e-05 -4.47872e-05 1 0.000138002 4.29197e-05 -0.000137998 1 3.32449e-07 0.176098 -0.0732739
FixedParameters: 0 0 0

#Transform 79
Transform: AffineTransform_float_3_3
Parameters: 1 -1.49634e-05 -0.000183753 1.50141e-05 1 0.000137997 0.000183749 -0.000138003 1 0.00178658 0.176221 -0.0724972
FixedParameters: 0 0 0

#Transform 80
Transform: AffineTransform_float_3_3
Parameters: 1 -0.000384023 -1.41207e-05 0.000384027 1 0.000137842 1.40151e-05 -0.000137158 1 0.00919649 0.193573 -0.080062
FixedParameters: 0 0 0

#Transform 81
Transform: AffineTransform_float_3_3
Parameters: 1 -0.000444343 -0.000146039 0.000444383 1 0.000137782 0.000145917 -0.000137217 1 -0.00452781 0.174978 -0.0714843
FixedParameters: 0 0 0

#Transform 82
Transform: AffineTransform_float_3_3
Parameters: 1 -0.000321487 0.000125583 0.000321476 1 4.40403e-05 -0.000125611 -4.39595e-05 1 0.0211657 0.172051 -0.0728244
FixedParameters: 0 0 0

#Transform 83
Transform: AffineTransform_float_3_3
Parameters: 1 -0.000432977 5.22757e-05 0.000432963 1 0.00013787 -5.23947e-05 -0.00013713 1 -0.000991677 0.171695 -0.0710078
FixedParameters: 0 0 0

#Transform 84
Transform: AffineTransform_float_3_3
Parameters: 1 -0.00068645 -4.33103e-05 0.000686462 1 0.000137817 4.31215e-05 -0.000137182 1 0.00548993 0.15579 -0.0517396
FixedParameters: 0 0 0

#Transform 85
Transform: AffineTransform_float_3_3
Parameters: 1 -0.00060455 -7.7836e-05 0.00060451 1 -0.000256047 7.81455e-05 0.000255953 1 -0.0135826 0.152335 8.87527e-06
FixedParameters: 0 0 0

#Transform 86
Transform: AffineTransform_float_3_3
Parameters: 0.999999 -0.000545717 -0.000582082 0.000545877 1 0.000137529 0.000581931 -0.00013747 0.999999 0.0559127 0.142624 -0.0269514
FixedParameters: 0 0 0

#Transform 87
Transform: AffineTransform_float_3_3
Parameters: 1 -0.000415549 -0.000111648 0.000415641 1 0.000414953 0.000111303 -0.000415046 1 0.0071486 0.138553 -0.0270562
FixedParameters: 0 0 0

#Transform 88
Transform: AffineTransform_float_3_3
Parameters: 1 -0.000459256 -0.000416717 0.00045937 1 0.000137656 0.000416591 -0.000137344 0.999999 0.0257247 0.147196 -0.0381555
FixedParameters: 0 0 0

#Transform 89
Transform: AffineTransform_float_3_3
Parameters: 1 -0.000583299 -0.00020983 0.000583356 1 0.000137725 0.00020967 -0.000137275 1 0.0224312 0.152061 -0.0553077
FixedParameters: 0 0 0

#Transform 90
Transform: AffineTransform_float_3_3
Parameters: 1 -0.000655308 -1.12976e-05 0.000655324 0.999999 0.000749992 1.03147e-05 -0.000750006 0.999999 -0.0108126 0.150717 -0.0334928
FixedParameters: 0 0 0

#Transform 91
Transform: AffineTransform_float_3_3
Parameters: 1 -0.000575436 -0.000227399 0.000574683 1 0.000368716 0.000227366 -0.000368283 0.999999 0.00683225 0.151909 -0.0452763
FixedParameters: 0 0 0

#Transform 92
Transform: AffineTransform_float_3_3
Parameters: 0.999999 -0.000716697 -0.000176039 0.000716746 1 0.000137721 0.000175842 -0.000137279 1 0.0197801 0.170013 -0.0702053
FixedParameters: 0 0 0

#Transform 93
Transform: AffineTransform_float_3_3
Parameters: 1 -0.000568426 0.000327007 0.000568335 1 0.000138186 -0.000327164 -0.000137814 1 -0.00432518 0.154756 -0.0545253
FixedParameters: 0 0 0

#Transform 94
Transform: AffineTransform_float_3_3
Parameters: 0.999999 -0.000788744 -0.000478962 0.000788875 1 0.000137469 0.000478745 -0.00013753 0.999999 0.0113579 0.161085 -0.0577764
FixedParameters: 0 0 0

#Transform 95
Transform: AffineTransform_float_3_3
Parameters: 0.999999 -0.000690632 -0.00015563 0.000690692 0.999999 0.000190892 0.000155366 -0.000191107 1 0.00236682 0.175643 -0.0684756
FixedParameters: 0 0 0

#Transform 96
Transform: AffineTransform_float_3_3
Parameters: 0.999999 -0.000993759 4.12535e-05 0.000994122 0.999999 0.000342888 -4.10138e-05 -0.000342112 1 -0.0109456 0.159947 -0.0562918
FixedParameters: 0 0 0

#Transform 97
Transform: AffineTransform_float_3_3
Parameters: 1 -0.000627519 -0.000291006 0.000627599 1 0.000137665 0.000290833 -0.000137335 1 0.008514 0.168762 -0.0632525
FixedParameters: 0 0 0

#Transform 98
Transform: AffineTransform_float_3_3
Parameters: 0.999999 -0.000715678 -9.18147e-05 0.000715723 1 0.000246781 9.14618e-05 -0.000246218 1 0.0146429 0.166446 -0.0658685
FixedParameters: 0 0 0

#Transform 99
Transform: AffineTransform_float_3_3
Parameters: 0.999999 -0.000825719 -8.7588e-05 0.000825782 0.999999 0.000357927 8.69968e-05 -0.000358072 1 -0.0131947 0.153628 -0.0493956
FixedParameters: 0 0 0

#Transform 100
Transform: AffineTransform_float_3_3
Parameters: 0.999999 -0.000891432 -3.99784e-05 0.000890523 1 0.000137812 4.01241e-05 -0.000137188 1 -0.00700966 0.150625 -0.0548496
FixedParameters: 0 0 0

#Transform 101
Transform: AffineTransform_float_3_3
Parameters: 1 -0.000936034 -0.000416466 0.000936148 0.999999 0.000137457 0.000416208 -0.000137542 0.999999 0.0137674 0.159797 -0.0575944
FixedParameters: 0 0 0

#Transform 102
Transform: AffineTransform_float_3_3
Parameters: 1 -0.000992094 -0.000392877 0.00099147 0.999999 0.000377458 0.000392519 -0.000377542 0.999999 -0.00465068 0.15869 -0.050355
FixedParameters: 0 0 0

#Transform 103
Transform: AffineTransform_float_3_3
Parameters: 0.999999 -0.00089178 -0.00019201 0.000891879 0.999999 0.000258829 0.000191548 -0.000259171 1 -0.0152276 0.162202 -0.0470168
FixedParameters: 0 0 0

#Transform 104
Transform: AffineTransform_float_3_3
Parameters: 0.999999 -0.000958673 -0.00021893 0.000958733 0.999999 0.000137637 0.000218666 -0.000137362 1 0.0112137 0.160442 -0.057369
FixedParameters: 0 0 0

#Transform 105
Transform: AffineTransform_float_3_3
Parameters: 1 -0.00102214 4.33692e-05 0.00102157 1 0.000479685 -4.30389e-05 -0.000480316 1 -0.00837367 0.157449 -0.0508057
FixedParameters: 0 0 0

#Transform 106
Transform: AffineTransform_float_3_3
Parameters: 1 -0.000968217 -0.000402881 0.0009684 0.999999 0.00022661 0.000402441 -0.000227389 1 -0.00825645 0.167528 -0.0503572
FixedParameters: 0 0 0

#Transform 107
Transform: AffineTransform_float_3_3
Parameters: 0.999999 -0.000886136 0.000118212 0.00088641 0.999999 0.000495104 -0.000118169 -0.000494895 1 0.00556418 0.16288 -0.063625
FixedParameters: 0 0 0

#Transform 108
Transform: AffineTransform_float_3_3
Parameters: 0.999999 -0.000764068 6.54559e-05 0.000764406 0.999999 0.00040205 -6.51498e-05 -0.00040195 1 -0.0232794 0.158676 -0.0490083
FixedParameters: 0 0 0

#Transform 109
Transform: AffineTransform_float_3_3
Parameters: 0.999999 -0.00100204 4.48432e-05 0.00100202 0.999999 0.000267045 -4.53783e-05 -0.000266954 1 0.00525591 0.165758 -0.0588229
FixedParameters: 0 0 0

#Transform 110
Transform: AffineTransform_float_3_3
Parameters: 1 -0.00108411 0.000209782 0.00108431 1 0.000453715 -0.000209845 -0.000453285 1 0.0153741 0.166862 -0.0583234
FixedParameters: 0 0 0

#Transform 111
Transform: AffineTransform_float_3_3
Parameters: 1 -0.0011938 0.000186731 0.00119401 1 0.000483711 -0.000186965 -0.000483289 1 0.00378709 0.168961 -0.0556203
FixedParameters: 0 0 0

#Transform 112
Transform: AffineTransform_float_3_3
Parameters: 1 -0.00106163 -3.40264e-05 0.00106164 0.999999 0.000137811 3.37345e-05 -0.000137188 1 0.000702394 0.161704 -0.056182
FixedParameters: 0 0 0

#Transform 113
Transform: AffineTransform_float_3_3
Parameters: 0.999999 -0.0010831 -8.48078e-05 0.00108315 0.999999 0.000276908 8.42077e-05 -0.000277091 1 0.0190717 0.169715 -0.0641768
FixedParameters: 0 0 0

#Transform 114
Transform: AffineTransform_float_3_3
Parameters: 1 -0.00104015 1.63934e-05 0.00104053 1 0.000340657 -1.61824e-05 -0.000341343 1 -0.0107682 0.176007 -0.0604208
FixedParameters: 0 0 0

#Transform 115
Transform: AffineTransform_float_3_3
Parameters: 1 -0.00107412 -6.3643e-05 0.00107415 1 0.000285572 6.30286e-05 -0.000286427 1 0.00304033 0.175111 -0.0603514
FixedParameters: 0 0 0

#Transform 116
Transform: AffineTransform_float_3_3
Parameters: 0.999999 -0.00130122 -4.34924e-05 0.00130125 0.999999 0.000391584 4.24723e-05 -0.000392415 1 0.00779392 0.168391 -0.055829
FixedParameters: 0 0 0

#Transform 117
Transform: AffineTransform_float_3_3
Parameters: 0.999999 -0.00125274 -5.20377e-05 0.00125277 1 0.000339423 5.1187e-05 -0.000339577 1 -0.00825682 0.172839 -0.0476258
FixedParameters: 0 0 0

#Transform 118
Transform: AffineTransform_float_3_3
Parameters: 1 -0.00102766 4.5713e-05 0.00102801 1 0.000477687 -4.57751e-05 -0.000478313 1 0.00854853 0.170314 -0.0632458
FixedParameters: 0 0 0

#Transform 119
Transform: AffineTransform_float_3_3
Parameters: 1 -0.00105342 -1.5143e-05 0.00105344 1 0.000563472 1.39558e-05 -0.000563527 0.999999 -0.00539092 0.172997 -0.0654078
FixedParameters: 0 0 0

#Transform 120
Transform: AffineTransform_float_3_3
Parameters: 1 -0.00122432 1.98893e-06 0.00122471 0.999999 0.000486643 -2.26109e-06 -0.000487357 1 -0.0144055 0.171261 -0.0506044
FixedParameters: 0 0 0

#Transform 121
Transform: AffineTransform_float_3_3
Parameters: 1 -0.00110883 -0.000145891 0.00110939 1 0.000568326 0.000145551 -0.000568674 0.999999 -0.00279165 0.169451 -0.0614889
FixedParameters: 0 0 0

#Transform 122
Transform: AffineTransform_float_3_3
Parameters: 1 -0.00112055 -0.000173387 0.00112071 0.999999 0.000455653 0.000172366 -0.000455346 0.999999 -0.0103412 0.162949 -0.0503086
FixedParameters: 0 0 0

#Transform 123
Transform: AffineTransform_float_3_3
Parameters: 1 -0.00111545 -0.000161612 0.00111605 0.999999 0.00062946 0.000161127 -0.00063054 1 -0.0143923 0.160834 -0.0314531
FixedParameters: 0 0 0

#Transform 124
Transform: AffineTransform_float_3_3
Parameters: 1 -0.00117989 -0.000313305 0.00118016 1 0.000434118 0.00031228 -0.000434881 1 0.00497984 0.170804 -0.0529614
FixedParameters: 0 0 0

#Transform 125
Transform: AffineTransform_float_3_3
Parameters: 1 -0.00110297 -0.000132119 0.00110313 1 0.000603342 0.000130788 -0.000603657 0.999999 0.00161377 0.153217 -0.0392067
FixedParameters: 0 0 0

#Transform 126
Transform: AffineTransform_float_3_3
Parameters: 0.999999 -0.00127465 -0.000273411 0.00127541 0.999999 0.000677139 0.000272604 -0.00067786 0.999999 0.00614271 0.164541 -0.0400335
FixedParameters: 0 0 0

#Transform 127
Transform: AffineTransform_float_3_3
Parameters: 0.999999 -0.00144318 -0.000201788 0.00144378 0.999999 0.000515196 0.00020122 -0.000515803 0.999999 0.0200877 0.16766 -0.0555284
FixedParameters: 0 0 0

#Transform 128
Transform: AffineTransform_float_3_3
Parameters: 0.999999 -0.00152051 -0.000169175 0.00152019 0.999999 0.000626231 0.000168581 -0.000626769 0.999999 -0.00778039 0.171363 -0.0427589
FixedParameters: 0 0 0

#Transform 129
Transform: AffineTransform_float_3_3
Parameters: 0.999999 -0.00142355 0.000149601 0.00142383 0.999999 0.000378701 -0.000149758 -0.000378299 1 0.0150579 0.170826 -0.0554166
FixedParameters: 0 0 0

#Transform 130
Transform: AffineTransform_float_3_3
Parameters: 0.999999 -0.00139517 0.000231712 0.00139527 0.999999 0.000613811 -0.000232504 -0.000613188 0.999999 0.013634 0.175301 -0.0607684
FixedParameters: 0 0 0

#Transform 131
Transform: AffineTransform_float_3_3
Parameters: 0.999999 -0.00132537 1.96319e-05 0.00132534 0.999999 0.000644666 -2.13416e-05 -0.000645331 1 0.00438548 0.170129 -0.0435739
FixedParameters: 0 0 0

#Transform 132
Transform: AffineTransform_float_3_3
Parameters: 0.999999 -0.00131318 0.000345717 0.00131313 0.999999 0.000646094 -0.000346493 -0.000645905 1 0.013213 0.176866 -0.0518691
FixedParameters: 0 0 0

#Transform 133
Transform: AffineTransform_float_3_3
Parameters: 0.999999 -0.00134599 0.000340051 0.00134593 0.999999 0.000658098 -0.000340902 -0.000657901 1 0.0221048 0.187546 -0.0656403
FixedParameters: 0 0 0

#Transform 134
Transform: AffineTransform_float_3_3
Parameters: 0.999999 -0.00137189 0.000473742 0.00137165 0.999999 0.00066129 -0.000474635 -0.000660709 0.999999 0.0023465 0.185468 -0.0558805
FixedParameters: 0 0 0

#Transform 135
Transform: AffineTransform_float_3_3
Parameters: 0.999999 -0.00146387 0.000113288 0.00146415 0.999999 0.000501654 -0.000113836 -0.000501346 1 0.0114033 0.182178 -0.0537275
FixedParameters: 0 0 0

#Transform 136
Transform: AffineTransform_float_3_3
Parameters: 0.999999 -0.00135009 0.000384249 0.0013491 0.999999 0.000587159 -0.000384522 -0.000586841 1 0.0224085 0.190198 -0.0680191
FixedParameters: 0 0 0

#Transform 137
Transform: AffineTransform_float_3_3
Parameters: 0.999999 -0.00136372 0.000428903 0.00136348 0.999998 0.000732225 -0.000429979 -0.000731773 0.999999 0.00327559 0.184719 -0.05421
FixedParameters: 0 0 0

#Transform 138
Transform: AffineTransform_float_3_3
Parameters: 0.999998 -0.00159142 -0.000138886 0.00159195 0.999998 0.000471267 0.000138306 -0.000471732 1 0.0323899 0.18416 -0.0561884
FixedParameters: 0 0 0

#Transform 139
Transform: AffineTransform_float_3_3
Parameters: 0.999999 -0.00138315 0.00025504 0.00138329 0.999999 0.000491993 -0.000255481 -0.000492006 1 0.0243695 0.191732 -0.0742253
FixedParameters: 0 0 0

#Transform 140
Transform: AffineTransform_float_3_3
Parameters: 0.999998 -0.00159881 0.000476443 0.00159855 0.999999 0.000686043 -0.000477716 -0.000685956 1 0.000810734 0.187526 -0.0520793
FixedParameters: 0 0 0

#Transform 141
Transform: AffineTransform_float_3_3
Parameters: 0.999998 -0.00175654 4.29754e-05 0.00175689 0.999998 0.000474563 -4.3722e-05 -0.000474436 1 0.0396673 0.202025 -0.0741678
FixedParameters: 0 0 0

#Transform 142
Transform: AffineTransform_float_3_3
Parameters: 0.999998 -0.00153562 0.000453762 0.00153526 0.999999 0.000833978 -0.000455403 -0.000834021 0.999999 0.0195329 0.200111 -0.0621114
FixedParameters: 0 0 0

#Transform 143
Transform: AffineTransform_float_3_3
Parameters: 0.999998 -0.00168033 0.000219981 0.00168043 0.999998 0.000651651 -0.000221252 -0.000652348 1 0.0220112 0.19413 -0.0565064
FixedParameters: 0 0 0

#Transform 144
Transform: AffineTransform_float_3_3
Parameters: 0.999998 -0.00167541 0.000205994 0.00167554 0.999998 0.000625833 -0.00020717 -0.000625165 0.999999 0.0435163 0.201528 -0.0742897
FixedParameters: 0 0 0

#Transform 145
Transform: AffineTransform_float_3_3
Parameters: 0.999998 -0.00162098 0.00034951 0.00162014 0.999999 0.00100906 -0.000350547 -0.00100795 1 0.004827 0.185975 -0.047527
FixedParameters: 0 0 0

#Transform 146
Transform: AffineTransform_float_3_3
Parameters: 0.999998 -0.00164297 -0.000117235 0.00164258 0.999998 0.000596295 0.000116586 -0.000596704 0.999999 0.0272823 0.195706 -0.0627938
FixedParameters: 0 0 0

#Transform 147
Transform: AffineTransform_float_3_3
Parameters: 0.999999 -0.00174082 0.000213175 0.00174096 0.999999 0.0005715 -0.000214244 -0.0005715 1 -0.00513312 0.176745 -0.0392451
FixedParameters: 0 0 0

#Transform 148
Transform: AffineTransform_float_3_3
Parameters: 0.999998 -0.00199406 9.98146e-05 0.00199431 0.999998 0.000672328 -0.000101576 -0.00067267 0.999999 0.0115784 0.164704 -0.0332578
FixedParameters: 0 0 0

#Transform 149
Transform: AffineTransform_float_3_3
Parameters: 0.999998 -0.00165175 0.00013616 0.00165104 0.999998 0.000671713 -0.000137066 -0.000671286 0.999999 0.0145583 0.176606 -0.0395939
FixedParameters: 0 0 0

#Transform 150
Transform: AffineTransform_float_3_3
Parameters: 0.999998 -0.00169086 5.8356e-05 0.00169058 0.999998 0.00123859 -6.03122e-05 -0.00123841 0.999999 0.026088 0.173248 -0.0440727
FixedParameters: 0 0 0

#Transform 151
Transform: AffineTransform_float_3_3
Parameters: 0.999998 -0.00168117 6.89408e-05 0.00168183 0.999999 0.000905605 -7.01449e-05 -0.000905396 1 0.0062684 0.202039 -0.0458625
FixedParameters: 0 0 0

#Transform 152
Transform: AffineTransform_float_3_3
Parameters: 0.999999 -0.00182663 2.3849e-06 0.00182649 0.999998 0.000907494 -3.46834e-06 -0.000907508 1 0.0513113 0.197735 -0.0587957
FixedParameters: 0 0 0

#Transform 153
Transform: AffineTransform_float_3_3
Parameters: 0.999999 -0.00173594 0.000223676 0.00173647 0.999998 0.00141767 -0.000225838 -0.00141833 0.999999 0.0132876 0.188151 -0.0316865
FixedParameters: 0 0 0

#Transform 154
Transform: AffineTransform_float_3_3
Parameters: 0.999999 -0.00178771 -6.76024e-05 0.00178864 0.999998 0.00107622 6.55953e-05 -0.00107578 0.999999 0.0429282 0.164891 -0.011144
FixedParameters: 0 0 0

#Transform 155
Transform: AffineTransform_float_3_3
Parameters: 0.999999 -0.00184969 -9.07322e-06 0.00184996 0.999997 0.00122647 7.68786e-06 -0.00122653 0.999999 0.0454016 0.180894 -0.0348802
FixedParameters: 0 0 0

#Transform 156
Transform: AffineTransform_float_3_3
Parameters: 0.999998 -0.00199779 0.000160827 0.00199783 0.999996 0.00187081 -0.000164229 -0.00187019 0.999998 0.0196167 0.167144 0.00328402
FixedParameters: 0 0 0

#Transform 157
Transform: AffineTransform_float_3_3
Parameters: 0.999998 -0.00203395 -9.21916e-05 0.00203489 0.999998 0.000866149 9.0509e-05 -0.000865851 1 0.0247583 0.184039 -0.0253895
FixedParameters: 0 0 0

#Transform 158
Transform: AffineTransform_float_3_3
Parameters: 0.999998 -0.00195985 0.000171515 0.00195917 0.999997 0.00154547 -0.00017534 -0.00154553 0.999999 0.0347872 0.175961 -0.0150337
FixedParameters: 0 0 0

#Transform 159
Transform: AffineTransform_float_3_3
Parameters: 0.999998 -0.00204288 -0.000156275 0.00204273 0.999997 0.00168502 0.000152934 -0.00168498 0.999999 0.012149 0.17938 -0.000241115
FixedParameters: 0 0 0

#Transform 160
Transform: AffineTransform_float_3_3
Parameters: 0.999999 -0.00185012 -2.68379e-06 0.00185037 0.999997 0.00139148 6.86821e-07 -0.00139151 0.999999 0.0208194 0.195922 -0.00252866
FixedParameters: 0 0 0

#Transform 161
Transform: AffineTransform_float_3_3
Parameters: 0.999999 -0.00176285 0.000224228 0.001763 0.999997 0.00140188 -0.000227329 -0.00140111 0.999999 0.0327188 0.197723 -0.0414083
FixedParameters: 0 0 0

#Transform 162
Transform: AffineTransform_float_3_3
Parameters: 0.999999 -0.00178757 0.000147661 0.00178699 0.999997 0.00148975 -0.000150754 -0.00148924 0.999999 0.0133733 0.191528 -0.00509508
FixedParameters: 0 0 0

#Transform 163
Transform: AffineTransform_float_3_3
Parameters: 0.999998 -0.00172517 0.000166823 0.00172491 0.999997 0.00152178 -0.00016892 -0.00152122 0.999998 0.0415354 0.196445 0.00059935
FixedParameters: 0 0 0

#Transform 164
Transform: AffineTransform_float_3_3
Parameters: 0.999999 -0.00176534 0.000205002 0.00176485 0.999997 0.00179885 -0.000208198 -0.00179815 0.999999 0.0369909 0.20005 -0.0113215
FixedParameters: 0 0 0

#Transform 165
Transform: AffineTransform_float_3_3
Parameters: 0.999999 -0.00173923 0.00024652 0.00173871 0.999998 0.00156156 -0.000248798 -0.00156144 0.999998 0.0304052 0.19054 0.0223039
FixedParameters: 0 0 0

#Transform 166
Transform: AffineTransform_float_3_3
Parameters: 0.999998 -0.0017527 7.85247e-05 0.0017527 0.999998 0.00155227 -8.08146e-05 -0.00155273 0.999999 0.0459106 0.188142 -0.00153553
FixedParameters: 0 0 0

#Transform 167
Transform: AffineTransform_float_3_3
Parameters: 0.999998 -0.0016789 0.000178494 0.00167856 0.999997 0.00166843 -0.000180944 -0.00166857 0.999998 0.0118 0.191412 0.0359093
FixedParameters: 0 0 0

#Transform 168
Transform: AffineTransform_float_3_3
Parameters: 0.999998 -0.00169664 0.000190781 0.00169688 0.999997 0.00141597 -0.000193745 -0.00141603 0.999999 0.0478697 0.192565 -0.00670177
FixedParameters: 0 0 0

#Transform 169
Transform: AffineTransform_float_3_3
Parameters: 0.999999 -0.00181001 0.000238072 0.00180982 0.999997 0.00175192 -0.00024034 -0.00175108 0.999999 0.024315 0.201974 -0.00315676
FixedParameters: 0 0 0

#Transform 170
Transform: AffineTransform_float_3_3
Parameters: 0.999999 -0.00180926 9.33893e-05 0.00180918 0.999997 0.00174366 -9.65458e-05 -0.00174334 0.999999 0.0210009 0.190888 0.0028351
FixedParameters: 0 0 0

#Transform 171
Transform: AffineTransform_float_3_3
Parameters: 0.999999 -0.00181924 0.000193031 0.00181879 0.999997 0.00179884 -0.000196422 -0.00179816 0.999999 0.0417094 0.195758 -0.00518484
FixedParameters: 0 0 0

#Transform 172
Transform: AffineTransform_float_3_3
Parameters: 0.999999 -0.00183999 6.95378e-05 0.00184 0.999997 0.00170262 -7.26508e-05 -0.00170238 0.999999 0.0487162 0.195022 -0.0224259
FixedParameters: 0 0 0

#Transform 173
Transform: AffineTransform_float_3_3
Parameters: 0.999998 -0.00190466 0.000309562 0.00190383 0.999996 0.00173823 -0.000313029 -0.00173777 0.999999 0.0298094 0.198029 -0.0113636
FixedParameters: 0 0 0

#Transform 174
Transform: AffineTransform_float_3_3
Parameters: 0.999998 -0.00197141 0.000251323 0.00197101 0.999996 0.00206363 -0.000255385 -0.00206337 0.999998 0.0397573 0.196157 -0.00191552
FixedParameters: 0 0 0

#Transform 175
Transform: AffineTransform_float_3_3
Parameters: 0.999998 -0.00187188 0.000477163 0.00187054 0.999997 0.00166102 -0.000480225 -0.00165997 0.999998 0.0584381 0.19638 -0.0192211
FixedParameters: 0 0 0

#Transform 176
Transform: AffineTransform_float_3_3
Parameters: 0.999998 -0.00210626 0.000112107 0.00210647 0.999996 0.00191022 -0.00011608 -0.00190978 0.999998 0.0665149 0.19761 -0.0201217
FixedParameters: 0 0 0

#Transform 177
Transform: AffineTransform_float_3_3
Parameters: 0.999998 -0.00198691 0.000397552 0.00198711 0.999996 0.00171428 -0.000400679 -0.00171272 0.999999 0.0293686 0.19933 -0.0109585
FixedParameters: 0 0 0

#Transform 178
Transform: AffineTransform_float_3_3
Parameters: 0.999998 -0.00206462 8.49497e-05 0.00206455 0.999996 0.00181631 -8.9298e-05 -0.00181669 0.999999 0.0576238 0.194575 -0.0166268
FixedParameters: 0 0 0

#Transform 179
Transform: AffineTransform_float_3_3
Parameters: 0.999998 -0.00199454 0.00013743 0.00199462 0.999996 0.00202341 -0.00014143 -0.00202359 0.999998 0.0515695 0.189838 -0.0171038
FixedParameters: 0 0 0
