# transform file /out/sourcedata/freesurfer/sub-v1s10x0051077_ses-1/mri/transforms/cc_up.lta
# created by oesteban on Thu Mar 12 07:26:21 2026

type      = 0 # LINEAR_VOX_TO_VOX
nxforms   = 1
mean      = 128.0000 145.0000 122.0000
sigma     = 10000.0000
1 4 4
9.945233464241028e-01 8.721636980772018e-02 5.759019032120705e-02 -1.691278839111328e+01 
-8.707050979137421e-02 9.961894154548645e-01 -5.042020697146654e-03 1.219748497009277e+01 
-5.781048536300659e-02 0.000000000000000e+00 9.983276128768921e-01 2.358704376220703e+01 
0.000000000000000e+00 0.000000000000000e+00 0.000000000000000e+00 1.000000000000000e+00 
src volume info
valid = 1  # volume info valid
filename = /out/sourcedata/freesurfer/sub-v1s10x0051077_ses-1/mri/norm.mgz
volume = 256 256 256
voxelsize = 1.000000000000000e+00 1.000000000000000e+00 1.000000000000000e+00
xras   = -1.000000000000000e+00 0.000000000000000e+00 0.000000000000000e+00
yras   = 0.000000000000000e+00 0.000000000000000e+00 -1.000000000000000e+00
zras   = 0.000000000000000e+00 1.000000000000000e+00 0.000000000000000e+00
cras   = -2.949821472167969e+00 -3.337341308593750e+00 5.337356567382812e+00
dst volume info
valid = 1  # volume info valid
filename = /out/sourcedata/freesurfer/sub-v1s10x0051077_ses-1/mri/norm.mgz
volume = 256 256 256
voxelsize = 1.000000000000000e+00 1.000000000000000e+00 1.000000000000000e+00
xras   = -1.000000000000000e+00 0.000000000000000e+00 0.000000000000000e+00
yras   = 0.000000000000000e+00 0.000000000000000e+00 -1.000000000000000e+00
zras   = 0.000000000000000e+00 1.000000000000000e+00 0.000000000000000e+00
cras   = -2.949821472167969e+00 -3.337341308593750e+00 5.337356567382812e+00
