#Insight Transform File V1.0
#Transform 0
Transform: AffineTransform_float_3_3
Parameters: 1 6.32053e-05 -0.000273421 -6.31692e-05 1 6.60173e-05 0.000273429 -6.59827e-05 1 -0.0494997 -0.20719 -0.30201
FixedParameters: 0 0 0

#Transform 1
Transform: AffineTransform_float_3_3
Parameters: 1 0.000925265 0.000241533 -0.000926204 0.999999 0.00113778 -0.000240347 -0.00113822 1 -0.0213604 0.0205087 -0.100809
FixedParameters: 0 0 0

#Transform 2
Transform: AffineTransform_float_3_3
Parameters: 0.999999 0.000714553 5.93841e-05 -0.000714184 0.999999 0.00135796 -5.87551e-05 -0.00135804 0.999999 0.0217475 0.0490037 -0.228155
FixedParameters: 0 0 0

#Transform 3
Transform: AffineTransform_float_3_3
Parameters: 1 0.000324658 -0.000164289 -0.000324483 0.999999 0.00172169 0.000164487 -0.00172231 0.999998 0.0418846 0.0281174 -0.309767
FixedParameters: 0 0 0

#Transform 4
Transform: AffineTransform_float_3_3
Parameters: 1 -0.000100953 7.96273e-05 0.000101154 1 0.00119501 -7.89483e-05 -0.00119499 1 0.00834809 0.0449617 -0.280843
FixedParameters: 0 0 0

#Transform 5
Transform: AffineTransform_float_3_3
Parameters: 1 9.54749e-05 0.000140935 -9.57822e-05 1 0.00109099 -0.000140726 -0.00109101 1 0.00911204 0.0454671 -0.309489
FixedParameters: 0 0 0

#Transform 6
Transform: AffineTransform_float_3_3
Parameters: 1 0.000404642 -0.000134333 -0.000404356 1 0.00106406 0.000135194 -0.00106395 1 0.0484461 0.0415568 -0.335001
FixedParameters: 0 0 0

#Transform 7
Transform: AffineTransform_float_3_3
Parameters: 1 0.00030061 0.000133635 -0.000301166 0.999998 0.00209096 -0.000132377 -0.00209104 0.999998 0.0609907 0.0405666 -0.379435
FixedParameters: 0 0 0

#Transform 8
Transform: AffineTransform_float_3_3
Parameters: 1 -0.000336859 0.000179116 0.000336547 0.999998 0.00195906 -0.000179514 -0.00195894 0.999998 0.0246422 0.0344497 -0.379855
FixedParameters: 0 0 0

#Transform 9
Transform: AffineTransform_float_3_3
Parameters: 0.999999 -0.000697173 0.000330978 0.000696458 0.999997 0.00225723 -0.000332283 -0.00225677 0.999998 0.0371412 0.04941 -0.335958
FixedParameters: 0 0 0

#Transform 10
Transform: AffineTransform_float_3_3
Parameters: 1 3.99357e-05 2.00525e-05 -4.00222e-05 0.999997 0.002165 -1.98794e-05 -0.002165 0.999997 0.0114883 0.0491944 -0.326883
FixedParameters: 0 0 0

#Transform 11
Transform: AffineTransform_float_3_3
Parameters: 1 -6.46826e-05 0.000127127 6.40935e-05 0.999998 0.00231401 -0.000127425 -0.00231399 0.999998 0.0250305 0.0524742 -0.319243
FixedParameters: 0 0 0

#Transform 12
Transform: AffineTransform_float_3_3
Parameters: 0.999999 -0.000696884 0.000331587 0.000696355 0.999999 0.00138423 -0.000332594 -0.00138377 0.999999 0.0798276 0.040859 -0.373476
FixedParameters: 0 0 0

#Transform 13
Transform: AffineTransform_float_3_3
Parameters: 1 -0.000239178 0.000137935 0.000239081 0.999999 0.00177003 -0.000137861 -0.00176997 0.999999 0.135391 0.0261832 -0.403222
FixedParameters: 0 0 0

#Transform 14
Transform: AffineTransform_float_3_3
Parameters: 0.999999 -0.000249806 0.00137314 0.000246209 0.999998 0.00212149 -0.00137406 -0.00212151 0.999997 0.0858755 0.0475123 -0.319328
FixedParameters: 0 0 0

#Transform 15
Transform: AffineTransform_float_3_3
Parameters: 0.999999 0.000241105 0.000871875 -0.000242627 0.999998 0.00192879 -0.000871723 -0.00192921 0.999998 0.0457816 0.0499596 -0.320156
FixedParameters: 0 0 0

#Transform 16
Transform: AffineTransform_float_3_3
Parameters: 1 0.000565983 0.000930157 -0.000568372 0.999997 0.00227547 -0.000928357 -0.00227653 0.999997 0.0898189 0.0555341 -0.316281
FixedParameters: 0 0 0

#Transform 17
Transform: AffineTransform_float_3_3
Parameters: 1 0.000443016 0.000222596 -0.000443869 0.999995 0.0031149 -0.000221145 -0.0031151 0.999995 0.123608 0.0582076 -0.274442
FixedParameters: 0 0 0

#Transform 18
Transform: AffineTransform_float_3_3
Parameters: 0.999999 0.000286257 0.00121198 -0.000289529 0.999997 0.00248916 -0.00121172 -0.00248984 0.999997 0.0893908 0.0367262 -0.331586
FixedParameters: 0 0 0

#Transform 19
Transform: AffineTransform_float_3_3
Parameters: 1 3.09596e-05 0.00105696 -3.31442e-05 0.999996 0.00252448 -0.00105705 -0.00252452 0.999997 0.0981701 0.0552072 -0.35341
FixedParameters: 0 0 0

#Transform 20
Transform: AffineTransform_float_3_3
Parameters: 0.999999 -0.0002095 0.000794299 0.000206344 0.999994 0.00338917 -0.00079557 -0.00338883 0.999994 0.0988224 0.0807098 -0.320884
FixedParameters: 0 0 0

#Transform 21
Transform: AffineTransform_float_3_3
Parameters: 0.999999 -0.000167302 0.000918201 0.000165364 0.999997 0.00226931 -0.000918817 -0.0022697 0.999997 0.100322 0.0750302 -0.348353
FixedParameters: 0 0 0

#Transform 22
Transform: AffineTransform_float_3_3
Parameters: 0.999999 -0.000285306 0.000738918 0.00028352 0.999997 0.00236021 -0.000738811 -0.00235979 0.999997 0.107504 0.0988869 -0.337813
FixedParameters: 0 0 0

#Transform 23
Transform: AffineTransform_float_3_3
Parameters: 1 -0.000518283 0.000464625 0.000517412 0.999996 0.00276524 -0.000466038 -0.00276476 0.999996 0.11283 0.0643155 -0.405933
FixedParameters: 0 0 0

#Transform 24
Transform: AffineTransform_float_3_3
Parameters: 1 -0.000377906 0.00034172 0.000376726 0.999998 0.00229613 -0.000342532 -0.00229587 0.999998 0.131868 0.0533638 -0.409107
FixedParameters: 0 0 0

#Transform 25
Transform: AffineTransform_float_3_3
Parameters: 1 -0.000504071 0.000276727 0.000504191 0.999998 0.00214678 -0.000278362 -0.00214722 0.999997 0.0975977 0.0738366 -0.376148
FixedParameters: 0 0 0

#Transform 26
Transform: AffineTransform_float_3_3
Parameters: 1 -0.000402653 0.00101104 0.000400869 0.999998 0.00217856 -0.00101173 -0.00217844 0.999998 0.126882 0.0803613 -0.366167
FixedParameters: 0 0 0

#Transform 27
Transform: AffineTransform_float_3_3
Parameters: 1 -0.000418388 0.000973347 0.000416781 0.999998 0.00197056 -0.000974854 -0.00197044 0.999998 0.100493 0.0664421 -0.382955
FixedParameters: 0 0 0

#Transform 28
Transform: AffineTransform_float_3_3
Parameters: 0.999999 -0.000434349 0.000845506 0.000432365 0.999998 0.00194737 -0.000846664 -0.00194663 0.999997 0.126514 0.0664643 -0.414321
FixedParameters: 0 0 0

#Transform 29
Transform: AffineTransform_float_3_3
Parameters: 0.999999 -0.00102682 0.000735737 0.00102537 0.999997 0.0024034 -0.000738297 -0.0024026 0.999997 0.113379 0.0569216 -0.408451
FixedParameters: 0 0 0

#Transform 30
Transform: AffineTransform_float_3_3
Parameters: 0.999998 -0.00132142 0.00109708 0.0013189 0.999997 0.00210309 -0.00110026 -0.00210091 0.999997 0.128466 0.0658132 -0.363048
FixedParameters: 0 0 0

#Transform 31
Transform: AffineTransform_float_3_3
Parameters: 0.999999 -0.00123752 0.00129601 0.00123493 0.999997 0.00216155 -0.00129938 -0.00216045 0.999998 0.135826 0.0590179 -0.382006
FixedParameters: 0 0 0

#Transform 32
Transform: AffineTransform_float_3_3
Parameters: 0.999999 -0.00127778 0.00120088 0.00127556 0.999996 0.00234033 -0.00120396 -0.00233867 0.999997 0.181456 0.064744 -0.370314
FixedParameters: 0 0 0

#Transform 33
Transform: AffineTransform_float_3_3
Parameters: 0.999998 -0.000902241 0.00141004 0.000899227 0.999996 0.00260142 -0.00141221 -0.00259958 0.999996 0.141081 0.0621452 -0.3765
FixedParameters: 0 0 0

#Transform 34
Transform: AffineTransform_float_3_3
Parameters: 0.999998 -0.00132329 0.00109346 0.00132016 0.999995 0.00274524 -0.00109651 -0.00274376 0.999996 0.16746 0.0706558 -0.382294
FixedParameters: 0 0 0

#Transform 35
Transform: AffineTransform_float_3_3
Parameters: 0.999998 -0.00125517 0.00104644 0.00125297 0.999996 0.00267511 -0.00105025 -0.00267389 0.999996 0.146609 0.0572678 -0.444557
FixedParameters: 0 0 0

#Transform 36
Transform: AffineTransform_float_3_3
Parameters: 0.999997 -0.00164456 0.0014024 0.00164011 0.999995 0.00274874 -0.0014063 -0.00274626 0.999995 0.141166 0.060697 -0.383186
FixedParameters: 0 0 0

#Transform 37
Transform: AffineTransform_float_3_3
Parameters: 0.999999 -0.00148267 0.00100316 0.00148029 0.999997 0.00222777 -0.00100739 -0.00222623 0.999996 0.185561 0.0572482 -0.432283
FixedParameters: 0 0 0

#Transform 38
Transform: AffineTransform_float_3_3
Parameters: 0.999999 -0.00113263 0.000541423 0.00113106 0.999996 0.00253025 -0.000544389 -0.00252974 0.999996 0.157636 0.0738467 -0.356934
FixedParameters: 0 0 0

#Transform 39
Transform: AffineTransform_float_3_3
Parameters: 0.999998 -0.00144851 0.00134196 0.00144511 0.999995 0.00253153 -0.00134638 -0.00253047 0.999996 0.152495 0.0681701 -0.426349
FixedParameters: 0 0 0

#Transform 40
Transform: AffineTransform_float_3_3
Parameters: 0.999998 -0.00125753 0.00114772 0.00125551 0.999998 0.00178924 -0.00114985 -0.00178776 0.999998 0.216932 0.0370704 -0.50138
FixedParameters: 0 0 0

#Transform 41
Transform: AffineTransform_float_3_3
Parameters: 0.999998 -0.00187531 0.000854579 0.00187302 0.999995 0.00247489 -0.00085925 -0.00247311 0.999996 0.221547 0.0627248 -0.445601
FixedParameters: 0 0 0

#Transform 42
Transform: AffineTransform_float_3_3
Parameters: 0.999998 -0.00180557 0.00140359 0.00180147 0.999996 0.00248161 -0.00140833 -0.00247939 0.999996 0.173055 0.0809686 -0.483634
FixedParameters: 0 0 0

#Transform 43
Transform: AffineTransform_float_3_3
Parameters: 0.999998 -0.00157519 0.00129883 0.00157155 0.999995 0.00250363 -0.00130249 -0.00250237 0.999996 0.208299 0.059278 -0.458225
FixedParameters: 0 0 0

#Transform 44
Transform: AffineTransform_float_3_3
Parameters: 0.999996 -0.00216368 0.00141968 0.00216015 0.999993 0.0029853 -0.001426 -0.0029827 0.999995 0.193573 0.0570053 -0.459851
FixedParameters: 0 0 0

#Transform 45
Transform: AffineTransform_float_3_3
Parameters: 0.999996 -0.00195258 0.0019211 0.00194706 0.999994 0.00296898 -0.00192648 -0.00296502 0.999994 0.196282 0.0756378 -0.441147
FixedParameters: 0 0 0

#Transform 46
Transform: AffineTransform_float_3_3
Parameters: 0.999996 -0.00195525 0.00168552 0.0019509 0.999994 0.00303453 -0.00169117 -0.00303148 0.999994 0.194373 0.0912963 -0.458593
FixedParameters: 0 0 0

#Transform 47
Transform: AffineTransform_float_3_3
Parameters: 0.999996 -0.00205691 0.00183577 0.00205171 0.999993 0.00301716 -0.00184196 -0.00301384 0.999994 0.213919 0.0725796 -0.461322
FixedParameters: 0 0 0

#Transform 48
Transform: AffineTransform_float_3_3
Parameters: 0.999995 -0.00240787 0.00195793 0.0024029 0.999993 0.00286858 -0.00196461 -0.00286341 0.999993 0.215618 0.109548 -0.420126
FixedParameters: 0 0 0

#Transform 49
Transform: AffineTransform_float_3_3
Parameters: 0.999995 -0.00238475 0.00172517 0.00237872 0.999991 0.00340698 -0.00173297 -0.00340302 0.999993 0.211676 0.0920058 -0.489475
FixedParameters: 0 0 0

#Transform 50
Transform: AffineTransform_float_3_3
Parameters: 0.999997 -0.00214927 0.00169116 0.00214519 0.999993 0.00306086 -0.00169718 -0.00305714 0.999994 0.217156 0.0935853 -0.46685
FixedParameters: 0 0 0

#Transform 51
Transform: AffineTransform_float_3_3
Parameters: 0.999994 -0.00257016 0.00210378 0.00256399 0.999992 0.00304707 -0.00211138 -0.00304193 0.999993 0.230023 0.0954978 -0.468514
FixedParameters: 0 0 0

#Transform 52
Transform: AffineTransform_float_3_3
Parameters: 0.999994 -0.00276585 0.00169342 0.00276043 0.99999 0.0034032 -0.00170287 -0.0033988 0.999993 0.22094 0.106084 -0.399025
FixedParameters: 0 0 0

#Transform 53
Transform: AffineTransform_float_3_3
Parameters: 0.999995 -0.00259264 0.00209488 0.00258531 0.999991 0.00333509 -0.00210411 -0.0033299 0.999992 0.23576 0.0945055 -0.426202
FixedParameters: 0 0 0

#Transform 54
Transform: AffineTransform_float_3_3
Parameters: 0.999994 -0.00254115 0.0020276 0.00253548 0.999994 0.00271566 -0.00203387 -0.00271034 0.999994 0.223443 0.106259 -0.403612
FixedParameters: 0 0 0

#Transform 55
Transform: AffineTransform_float_3_3
Parameters: 0.999995 -0.00288977 0.00174661 0.00288413 0.999991 0.00310256 -0.00175478 -0.00309744 0.999994 0.232875 0.115527 -0.339112
FixedParameters: 0 0 0

#Transform 56
Transform: AffineTransform_float_3_3
Parameters: 0.999993 -0.00278719 0.00218173 0.00278225 0.999993 0.00227074 -0.00218778 -0.00226426 0.999995 0.242569 0.100489 -0.347929
FixedParameters: 0 0 0

#Transform 57
Transform: AffineTransform_float_3_3
Parameters: 0.999994 -0.00277575 0.00199862 0.0027705 0.999993 0.00265106 -0.0020058 -0.00264494 0.999994 0.224531 0.0834134 -0.378187
FixedParameters: 0 0 0

#Transform 58
Transform: AffineTransform_float_3_3
Parameters: 0.999993 -0.00303323 0.00216788 0.00302747 0.999992 0.00265188 -0.00217551 -0.00264512 0.999994 0.255951 0.106655 -0.355761
FixedParameters: 0 0 0

#Transform 59
Transform: AffineTransform_float_3_3
Parameters: 0.999994 -0.00277331 0.00210331 0.00276632 0.999992 0.00311814 -0.00211123 -0.00311286 0.999993 0.23318 0.0857106 -0.429602
FixedParameters: 0 0 0

#Transform 60
Transform: AffineTransform_float_3_3
Parameters: 0.999994 -0.00307407 0.00199478 0.00306738 0.99999 0.00330929 -0.00200482 -0.00330271 0.999993 0.24481 0.117543 -0.387448
FixedParameters: 0 0 0

#Transform 61
Transform: AffineTransform_float_3_3
Parameters: 0.999993 -0.00298464 0.001915 0.00297964 0.999992 0.00269987 -0.00192358 -0.00269413 0.999995 0.231516 0.108741 -0.367053
FixedParameters: 0 0 0

#Transform 62
Transform: AffineTransform_float_3_3
Parameters: 0.999993 -0.00273391 0.0023324 0.00272798 0.999992 0.00270119 -0.0023391 -0.00269481 0.999993 0.237153 0.0969318 -0.40374
FixedParameters: 0 0 0

#Transform 63
Transform: AffineTransform_float_3_3
Parameters: 0.999994 -0.00289744 0.00220778 0.00289304 0.999994 0.0019447 -0.00221428 -0.0019383 0.999995 0.325725 0.0418431 -0.571087
FixedParameters: 0 0 0

#Transform 64
Transform: AffineTransform_float_3_3
Parameters: 0.999989 -0.00396614 0.00220613 0.00396149 0.999991 0.00176547 -0.00221272 -0.00175653 0.999996 0.381876 0.0664382 -0.520324
FixedParameters: 0 0 0

#Transform 65
Transform: AffineTransform_float_3_3
Parameters: 0.999989 -0.00398841 0.00221312 0.00398418 0.99999 0.00225555 -0.00222264 -0.00224645 0.999995 0.31531 0.101345 -0.420104
FixedParameters: 0 0 0

#Transform 66
Transform: AffineTransform_float_3_3
Parameters: 0.999988 -0.00391872 0.0029218 0.00390937 0.999987 0.00329927 -0.00293442 -0.00328773 0.99999 0.298931 0.122203 -0.393523
FixedParameters: 0 0 0

#Transform 67
Transform: AffineTransform_float_3_3
Parameters: 0.999989 -0.0039324 0.00265061 0.00392492 0.999989 0.00271524 -0.00266072 -0.00270576 0.999993 0.294888 0.106684 -0.395993
FixedParameters: 0 0 0

#Transform 68
Transform: AffineTransform_float_3_3
Parameters: 0.999989 -0.00388335 0.00289216 0.00387428 0.999987 0.00321656 -0.00290483 -0.00320544 0.999991 0.300945 0.10294 -0.427102
FixedParameters: 0 0 0

#Transform 69
Transform: AffineTransform_float_3_3
Parameters: 0.999989 -0.00364252 0.00300939 0.00363193 0.999987 0.00356029 -0.00302247 -0.00354971 0.999989 0.301651 0.118104 -0.462754
FixedParameters: 0 0 0

#Transform 70
Transform: AffineTransform_float_3_3
Parameters: 0.99999 -0.00362886 0.00235834 0.00362006 0.999986 0.00376979 -0.00237208 -0.0037612 0.99999 0.292624 0.099709 -0.512208
FixedParameters: 0 0 0

#Transform 71
Transform: AffineTransform_float_3_3
Parameters: 0.99999 -0.00360004 0.0026773 0.00359004 0.999986 0.00371702 -0.00269082 -0.00370697 0.999989 0.294822 0.097979 -0.513152
FixedParameters: 0 0 0

#Transform 72
Transform: AffineTransform_float_3_3
Parameters: 0.999991 -0.00343723 0.00247875 0.0034274 0.999987 0.00371626 -0.0024916 -0.00370773 0.99999 0.292669 0.088396 -0.526637
FixedParameters: 0 0 0

#Transform 73
Transform: AffineTransform_float_3_3
Parameters: 0.99999 -0.0036143 0.00256073 0.00360425 0.999986 0.00371664 -0.00257397 -0.00370736 0.999989 0.302407 0.0851412 -0.565937
FixedParameters: 0 0 0

#Transform 74
Transform: AffineTransform_float_3_3
Parameters: 0.999991 -0.00354295 0.00259732 0.00353234 0.999985 0.00409795 -0.00261127 -0.00408805 0.999988 0.294003 0.0984754 -0.505724
FixedParameters: 0 0 0

#Transform 75
Transform: AffineTransform_float_3_3
Parameters: 0.999988 -0.00391415 0.00275236 0.00390541 0.999987 0.00338859 -0.00276565 -0.00337841 0.99999 0.318338 0.0960899 -0.55262
FixedParameters: 0 0 0

#Transform 76
Transform: AffineTransform_float_3_3
Parameters: 0.999987 -0.00423475 0.00261816 0.00422754 0.999988 0.00277424 -0.00262948 -0.00276276 0.999992 0.32714 0.0932178 -0.474322
FixedParameters: 0 0 0

#Transform 77
Transform: AffineTransform_float_3_3
Parameters: 0.999988 -0.00403348 0.00253042 0.00402458 0.999986 0.00335388 -0.00254346 -0.00334413 0.999991 0.32329 0.0976575 -0.453051
FixedParameters: 0 0 0

#Transform 78
Transform: AffineTransform_float_3_3
Parameters: 0.999987 -0.00433181 0.00265845 0.00432471 0.999987 0.00288232 -0.00267164 -0.00287068 0.999992 0.347455 0.0962148 -0.490414
FixedParameters: 0 0 0

#Transform 79
Transform: AffineTransform_float_3_3
Parameters: 0.999984 -0.00458383 0.00324113 0.00457373 0.999984 0.00321075 -0.00325546 -0.00319525 0.999989 0.382189 0.107928 -0.568881
FixedParameters: 0 0 0

#Transform 80
Transform: AffineTransform_float_3_3
Parameters: 0.999988 -0.00418135 0.00275891 0.00416849 0.999982 0.00431036 -0.00277669 -0.00429864 0.999987 0.335013 0.116409 -0.517552
FixedParameters: 0 0 0

#Transform 81
Transform: AffineTransform_float_3_3
Parameters: 0.999989 -0.00398408 0.00250889 0.00397456 0.999986 0.00350366 -0.00252279 -0.00349433 0.999991 0.316491 0.123981 -0.5006
FixedParameters: 0 0 0

#Transform 82
Transform: AffineTransform_float_3_3
Parameters: 0.999991 -0.00349421 0.00230367 0.003487 0.999988 0.0033468 -0.00231529 -0.00333921 0.999992 0.27765 0.10514 -0.501193
FixedParameters: 0 0 0

#Transform 83
Transform: AffineTransform_float_3_3
Parameters: 0.999991 -0.00390844 0.00202114 0.0038995 0.999984 0.00426248 -0.00203729 -0.00425452 0.999989 0.269104 0.127917 -0.477195
FixedParameters: 0 0 0

#Transform 84
Transform: AffineTransform_float_3_3
Parameters: 0.999992 -0.00347243 0.0023089 0.00346417 0.999989 0.00328261 -0.00232046 -0.00327439 0.999992 0.259138 0.128591 -0.425034
FixedParameters: 0 0 0

#Transform 85
Transform: AffineTransform_float_3_3
Parameters: 0.999991 -0.00361355 0.00190341 0.00360806 0.999989 0.00290996 -0.00191375 -0.00290404 0.999994 0.258083 0.118349 -0.460009
FixedParameters: 0 0 0

#Transform 86
Transform: AffineTransform_float_3_3
Parameters: 0.999992 -0.0034372 0.00208877 0.00342946 0.999988 0.00359698 -0.00210134 -0.00358902 0.999991 0.258885 0.123831 -0.440074
FixedParameters: 0 0 0

#Transform 87
Transform: AffineTransform_float_3_3
Parameters: 0.999992 -0.00357399 0.00188444 0.00356739 0.999987 0.00344018 -0.00189649 -0.00343382 0.999993 0.268041 0.126636 -0.488296
FixedParameters: 0 0 0

#Transform 88
Transform: AffineTransform_float_3_3
Parameters: 0.999991 -0.00371026 0.00193996 0.00370253 0.999986 0.00383113 -0.001954 -0.00382387 0.99999 0.258582 0.138089 -0.464635
FixedParameters: 0 0 0

#Transform 89
Transform: AffineTransform_float_3_3
Parameters: 0.999992 -0.00348918 0.00184878 0.00348244 0.999988 0.00343974 -0.00186117 -0.00343326 0.999992 0.284757 0.115013 -0.49419
FixedParameters: 0 0 0

#Transform 90
Transform: AffineTransform_float_3_3
Parameters: 0.999992 -0.00344128 0.0017742 0.0034358 0.999989 0.00323039 -0.00178482 -0.00322461 0.999993 0.257922 0.148404 -0.388561
FixedParameters: 0 0 0

#Transform 91
Transform: AffineTransform_float_3_3
Parameters: 0.999992 -0.00336 0.00179476 0.00335388 0.999989 0.00337068 -0.00180579 -0.00336432 0.999993 0.259397 0.123415 -0.457383
FixedParameters: 0 0 0

#Transform 92
Transform: AffineTransform_float_3_3
Parameters: 0.999992 -0.00340251 0.00181238 0.00339605 0.999988 0.00343081 -0.00182411 -0.00342418 0.999992 0.268376 0.116342 -0.4423
FixedParameters: 0 0 0

#Transform 93
Transform: AffineTransform_float_3_3
Parameters: 0.999992 -0.00342911 0.00182176 0.00342178 0.999987 0.00386054 -0.00183477 -0.00385446 0.99999 0.263054 0.13651 -0.474029
FixedParameters: 0 0 0

#Transform 94
Transform: AffineTransform_float_3_3
Parameters: 0.999993 -0.0032927 0.00176436 0.00328624 0.999986 0.00389197 -0.00177784 -0.00388602 0.999991 0.24361 0.115447 -0.504444
FixedParameters: 0 0 0

#Transform 95
Transform: AffineTransform_float_3_3
Parameters: 0.999992 -0.0032834 0.00222742 0.00327513 0.999989 0.0034929 -0.0022382 -0.0034861 0.999991 0.254445 0.10883 -0.520372
FixedParameters: 0 0 0

#Transform 96
Transform: AffineTransform_float_3_3
Parameters: 0.999992 -0.00331081 0.00222015 0.00330164 0.999986 0.0040863 -0.00223359 -0.0040787 0.99999 0.256576 0.120493 -0.520234
FixedParameters: 0 0 0

#Transform 97
Transform: AffineTransform_float_3_3
Parameters: 0.999992 -0.0031625 0.00223948 0.00315384 0.999988 0.00376403 -0.00225152 -0.00375696 0.99999 0.278816 0.127475 -0.56143
FixedParameters: 0 0 0

#Transform 98
Transform: AffineTransform_float_3_3
Parameters: 0.999991 -0.00359572 0.00189235 0.00358931 0.999987 0.0037191 -0.00190602 -0.0037119 0.999991 0.282046 0.117721 -0.534233
FixedParameters: 0 0 0

#Transform 99
Transform: AffineTransform_float_3_3
Parameters: 0.999992 -0.00357441 0.00188151 0.00356722 0.999985 0.00415202 -0.00189627 -0.00414498 0.99999 0.281762 0.111817 -0.551871
FixedParameters: 0 0 0

#Transform 100
Transform: AffineTransform_float_3_3
Parameters: 0.999993 -0.00344302 0.00182741 0.00343549 0.999986 0.0039061 -0.00184084 -0.0038999 0.999991 0.258621 0.129915 -0.492128
FixedParameters: 0 0 0

#Transform 101
Transform: AffineTransform_float_3_3
Parameters: 0.999991 -0.00380902 0.00198118 0.00380075 0.999986 0.00388648 -0.00199639 -0.00387852 0.999991 0.278084 0.129368 -0.517886
FixedParameters: 0 0 0

#Transform 102
Transform: AffineTransform_float_3_3
Parameters: 0.99999 -0.00383659 0.00237659 0.00382571 0.999983 0.004583 -0.00239351 -0.00457401 0.999987 0.303335 0.159838 -0.475912
FixedParameters: 0 0 0

#Transform 103
Transform: AffineTransform_float_3_3
Parameters: 0.999991 -0.00372025 0.00194237 0.00371265 0.999984 0.00422632 -0.00195797 -0.00421969 0.999989 0.287867 0.156517 -0.473699
FixedParameters: 0 0 0

#Transform 104
Transform: AffineTransform_float_3_3
Parameters: 0.999991 -0.00364817 0.00224212 0.00364 0.999987 0.00344641 -0.0022551 -0.00343858 0.999992 0.287253 0.114541 -0.514105
FixedParameters: 0 0 0

#Transform 105
Transform: AffineTransform_float_3_3
Parameters: 0.999992 -0.0033764 0.00179997 0.00337008 0.999987 0.00377673 -0.00181333 -0.00377027 0.999991 0.228699 0.162502 -0.393415
FixedParameters: 0 0 0

#Transform 106
Transform: AffineTransform_float_3_3
Parameters: 0.999992 -0.003429 0.00210635 0.00342019 0.999986 0.00400466 -0.0021198 -0.00399733 0.999989 0.251458 0.162244 -0.421616
FixedParameters: 0 0 0

#Transform 107
Transform: AffineTransform_float_3_3
Parameters: 0.999991 -0.00352058 0.00233565 0.00351009 0.999985 0.00424846 -0.00235102 -0.00424054 0.999988 0.254365 0.15124 -0.456819
FixedParameters: 0 0 0

#Transform 108
Transform: AffineTransform_float_3_3
Parameters: 0.999988 -0.00384221 0.00282729 0.00383094 0.999984 0.0040452 -0.00284367 -0.0040348 0.999988 0.291466 0.177657 -0.378274
FixedParameters: 0 0 0

#Transform 109
Transform: AffineTransform_float_3_3
Parameters: 0.999988 -0.0039207 0.00285117 0.00390992 0.999986 0.003697 -0.00286599 -0.003686 0.999989 0.312442 0.176307 -0.365822
FixedParameters: 0 0 0

#Transform 110
Transform: AffineTransform_float_3_3
Parameters: 0.99999 -0.00390783 0.00223955 0.00389821 0.999984 0.00411864 -0.00225588 -0.00411037 0.99999 0.279791 0.176609 -0.39225
FixedParameters: 0 0 0

#Transform 111
Transform: AffineTransform_float_3_3
Parameters: 0.99999 -0.00392737 0.00242807 0.0039174 0.999984 0.00405921 -0.00244448 -0.00405079 0.999989 0.276894 0.167911 -0.389934
FixedParameters: 0 0 0

#Transform 112
Transform: AffineTransform_float_3_3
Parameters: 0.99999 -0.00388168 0.00251626 0.0038714 0.999985 0.0040598 -0.00253138 -0.00405021 0.999989 0.268506 0.183444 -0.386056
FixedParameters: 0 0 0

#Transform 113
Transform: AffineTransform_float_3_3
Parameters: 0.99999 -0.00385518 0.00221766 0.00384685 0.999984 0.00407543 -0.00223362 -0.00406757 0.999989 0.285161 0.187853 -0.374988
FixedParameters: 0 0 0

#Transform 114
Transform: AffineTransform_float_3_3
Parameters: 0.999988 -0.00368782 0.00299596 0.00367556 0.999985 0.00398373 -0.00301064 -0.00397226 0.999988 0.282887 0.169074 -0.42945
FixedParameters: 0 0 0

#Transform 115
Transform: AffineTransform_float_3_3
Parameters: 0.999991 -0.00372729 0.00236812 0.00371619 0.999983 0.00448171 -0.00238514 -0.00447329 0.999987 0.270272 0.188015 -0.425975
FixedParameters: 0 0 0

#Transform 116
Transform: AffineTransform_float_3_3
Parameters: 0.999989 -0.00385082 0.00262138 0.0038393 0.999984 0.00430513 -0.00263852 -0.00429487 0.999988 0.299182 0.191458 -0.404423
FixedParameters: 0 0 0

#Transform 117
Transform: AffineTransform_float_3_3
Parameters: 0.999987 -0.00432008 0.00272346 0.00430776 0.99998 0.00457709 -0.00274329 -0.00456491 0.999986 0.318437 0.188622 -0.464087
FixedParameters: 0 0 0

#Transform 118
Transform: AffineTransform_float_3_3
Parameters: 0.99999 -0.00401232 0.00230667 0.00400074 0.999981 0.00467198 -0.00232552 -0.00466201 0.999986 0.309832 0.189341 -0.436423
FixedParameters: 0 0 0

#Transform 119
Transform: AffineTransform_float_3_3
Parameters: 0.999989 -0.00398728 0.00245661 0.00397627 0.999983 0.00446232 -0.00247395 -0.00445268 0.999987 0.3187 0.17442 -0.511959
FixedParameters: 0 0 0

#Transform 120
Transform: AffineTransform_float_3_3
Parameters: 0.999988 -0.00397373 0.00291946 0.0039598 0.99998 0.00486179 -0.00293915 -0.00484921 0.999984 0.323608 0.18002 -0.478501
FixedParameters: 0 0 0

#Transform 121
Transform: AffineTransform_float_3_3
Parameters: 0.999988 -0.0042573 0.00249355 0.00424473 0.999979 0.00493978 -0.00251458 -0.00492921 0.999984 0.319372 0.199892 -0.435157
FixedParameters: 0 0 0

#Transform 122
Transform: AffineTransform_float_3_3
Parameters: 0.999987 -0.00407599 0.00283383 0.004064 0.999983 0.00413737 -0.00285061 -0.00412562 0.999987 0.317961 0.182269 -0.491302
FixedParameters: 0 0 0

#Transform 123
Transform: AffineTransform_float_3_3
Parameters: 0.999989 -0.00393198 0.00263473 0.00391973 0.999983 0.00432339 -0.0026514 -0.00431261 0.999987 0.294789 0.190593 -0.404415
FixedParameters: 0 0 0

#Transform 124
Transform: AffineTransform_float_3_3
Parameters: 0.999988 -0.00411105 0.00268999 0.00410056 0.999985 0.00376473 -0.00270546 -0.00375327 0.99999 0.307152 0.185539 -0.435078
FixedParameters: 0 0 0

#Transform 125
Transform: AffineTransform_float_3_3
Parameters: 0.999989 -0.00411995 0.00254553 0.0041105 0.999983 0.00410601 -0.00256243 -0.00409499 0.999988 0.295361 0.183121 -0.394757
FixedParameters: 0 0 0

#Transform 126
Transform: AffineTransform_float_3_3
Parameters: 0.999988 -0.00410317 0.00267112 0.00409191 0.999983 0.00425127 -0.00268907 -0.00424072 0.999987 0.300884 0.199108 -0.399515
FixedParameters: 0 0 0

#Transform 127
Transform: AffineTransform_float_3_3
Parameters: 0.999987 -0.00403508 0.00290309 0.00402255 0.999983 0.00419933 -0.00291912 -0.00418867 0.999987 0.307279 0.195215 -0.430814
FixedParameters: 0 0 0

#Transform 128
Transform: AffineTransform_float_3_3
Parameters: 0.999989 -0.00387524 0.00238465 0.0038651 0.999983 0.00425012 -0.00240119 -0.00424087 0.999988 0.294764 0.202365 -0.41397
FixedParameters: 0 0 0

#Transform 129
Transform: AffineTransform_float_3_3
Parameters: 0.999988 -0.00426524 0.00267512 0.00425341 0.999982 0.00425172 -0.00269313 -0.00424027 0.999987 0.31208 0.190614 -0.381011
FixedParameters: 0 0 0

#Transform 130
Transform: AffineTransform_float_3_3
Parameters: 0.999986 -0.00408837 0.00313062 0.00407679 0.999986 0.00355841 -0.00314461 -0.00354559 0.999989 0.307668 0.185066 -0.336762
FixedParameters: 0 0 0

#Transform 131
Transform: AffineTransform_float_3_3
Parameters: 0.999987 -0.00439945 0.00266175 0.00438946 0.999984 0.00370967 -0.00267891 -0.00369833 0.99999 0.314565 0.197909 -0.332417
FixedParameters: 0 0 0

#Transform 132
Transform: AffineTransform_float_3_3
Parameters: 0.999989 -0.00376025 0.00283763 0.00375002 0.999987 0.00355 -0.00285109 -0.00354 0.99999 0.3109 0.188976 -0.378724
FixedParameters: 0 0 0

#Transform 133
Transform: AffineTransform_float_3_3
Parameters: 0.999989 -0.00418068 0.00240852 0.00417068 0.999983 0.0040716 -0.00242485 -0.00406141 0.999989 0.292947 0.18195 -0.385547
FixedParameters: 0 0 0

#Transform 134
Transform: AffineTransform_float_3_3
Parameters: 0.999989 -0.00396147 0.00256598 0.00395147 0.999985 0.0038512 -0.00258102 -0.0038408 0.99999 0.30672 0.19829 -0.347368
FixedParameters: 0 0 0

#Transform 135
Transform: AffineTransform_float_3_3
Parameters: 0.999986 -0.00412341 0.00316479 0.00411067 0.999984 0.00397182 -0.00318098 -0.00395919 0.999988 0.331571 0.193598 -0.41267
FixedParameters: 0 0 0

#Transform 136
Transform: AffineTransform_float_3_3
Parameters: 0.999986 -0.00434155 0.00277791 0.00432843 0.999982 0.00439602 -0.00279689 -0.00438398 0.999986 0.326794 0.196529 -0.36584
FixedParameters: 0 0 0

#Transform 137
Transform: AffineTransform_float_3_3
Parameters: 0.999987 -0.00427896 0.00282713 0.0042683 0.999984 0.00368341 -0.00284224 -0.00367059 0.999989 0.316967 0.20394 -0.329667
FixedParameters: 0 0 0

#Transform 138
Transform: AffineTransform_float_3_3
Parameters: 0.999988 -0.00413957 0.0025884 0.00413016 0.999984 0.00370339 -0.00260358 -0.00369261 0.99999 0.306965 0.20067 -0.338386
FixedParameters: 0 0 0

#Transform 139
Transform: AffineTransform_float_3_3
Parameters: 0.999986 -0.00443492 0.0026964 0.00442462 0.999983 0.00386492 -0.00271335 -0.00385308 0.999989 0.325216 0.211676 -0.351506
FixedParameters: 0 0 0

#Transform 140
Transform: AffineTransform_float_3_3
Parameters: 0.999986 -0.00449902 0.00298797 0.0044874 0.999982 0.0038637 -0.00300579 -0.00385029 0.999988 0.332995 0.19922 -0.365539
FixedParameters: 0 0 0

#Transform 141
Transform: AffineTransform_float_3_3
Parameters: 0.999986 -0.00444696 0.00279472 0.0044352 0.999982 0.00405939 -0.00281256 -0.00404662 0.999988 0.328479 0.204748 -0.361264
FixedParameters: 0 0 0

#Transform 142
Transform: AffineTransform_float_3_3
Parameters: 0.999985 -0.00440606 0.00311416 0.00439308 0.999983 0.00398798 -0.00313143 -0.00397402 0.999988 0.346718 0.208191 -0.379947
FixedParameters: 0 0 0

#Transform 143
Transform: AffineTransform_float_3_3
Parameters: 0.999986 -0.00429683 0.00329172 0.00428427 0.999983 0.00398956 -0.00330891 -0.00397545 0.999987 0.331265 0.205638 -0.386145
FixedParameters: 0 0 0

#Transform 144
Transform: AffineTransform_float_3_3
Parameters: 0.999985 -0.0045434 0.00304801 0.00453116 0.999981 0.00401711 -0.00306571 -0.00400289 0.999988 0.328316 0.212967 -0.365311
FixedParameters: 0 0 0

#Transform 145
Transform: AffineTransform_float_3_3
Parameters: 0.999985 -0.00426918 0.00322139 0.00425614 0.999982 0.00421052 -0.00323932 -0.00419648 0.999986 0.33595 0.200956 -0.390621
FixedParameters: 0 0 0

#Transform 146
Transform: AffineTransform_float_3_3
Parameters: 0.999985 -0.00439133 0.00321031 0.00437645 0.99998 0.00448851 -0.00322947 -0.00447449 0.999985 0.330437 0.207781 -0.370757
FixedParameters: 0 0 0

#Transform 147
Transform: AffineTransform_float_3_3
Parameters: 0.999984 -0.00463644 0.00309527 0.00462424 0.999981 0.00409726 -0.00311485 -0.00408274 0.999987 0.348696 0.212232 -0.372297
FixedParameters: 0 0 0

#Transform 148
Transform: AffineTransform_float_3_3
Parameters: 0.999985 -0.00444086 0.00313522 0.00442777 0.999982 0.00418682 -0.00315399 -0.00417317 0.999986 0.342471 0.205069 -0.398469
FixedParameters: 0 0 0

#Transform 149
Transform: AffineTransform_float_3_3
Parameters: 0.999986 -0.00448864 0.00280659 0.00447697 0.999981 0.00409571 -0.00282418 -0.00408329 0.999988 0.32835 0.210396 -0.377532
FixedParameters: 0 0 0

#Transform 150
Transform: AffineTransform_float_3_3
Parameters: 0.999985 -0.00445179 0.003217 0.00443906 0.999982 0.00396573 -0.00323482 -0.00395127 0.999987 0.342454 0.209554 -0.405997
FixedParameters: 0 0 0

#Transform 151
Transform: AffineTransform_float_3_3
Parameters: 0.999985 -0.00465932 0.00290947 0.00464684 0.99998 0.00431416 -0.00292994 -0.00429984 0.999987 0.337989 0.212606 -0.386349
FixedParameters: 0 0 0

#Transform 152
Transform: AffineTransform_float_3_3
Parameters: 0.999982 -0.00492734 0.00326382 0.00491568 0.999981 0.00360627 -0.00328147 -0.00358973 0.999988 0.344287 0.219744 -0.340486
FixedParameters: 0 0 0

#Transform 153
Transform: AffineTransform_float_3_3
Parameters: 0.999985 -0.00457528 0.00281783 0.00456673 0.999984 0.00318449 -0.00283241 -0.00317151 0.99999 0.303435 0.220057 -0.279423
FixedParameters: 0 0 0

#Transform 154
Transform: AffineTransform_float_3_3
Parameters: 0.999985 -0.00467002 0.00284024 0.00466124 0.999984 0.0031995 -0.00285556 -0.00318649 0.99999 0.33077 0.212012 -0.306162
FixedParameters: 0 0 0

#Transform 155
Transform: AffineTransform_float_3_3
Parameters: 0.999983 -0.00481461 0.00345328 0.00480413 0.999984 0.00320296 -0.00346939 -0.00318604 0.999989 0.336176 0.218479 -0.305869
FixedParameters: 0 0 0

#Transform 156
Transform: AffineTransform_float_3_3
Parameters: 0.999985 -0.00464414 0.0030634 0.00463548 0.999985 0.00288513 -0.00307655 -0.00287088 0.999992 0.374914 0.220982 -0.298509
FixedParameters: 0 0 0

#Transform 157
Transform: AffineTransform_float_3_3
Parameters: 0.999986 -0.00457394 0.00263727 0.00456656 0.999986 0.0027845 -0.00265057 -0.00277249 0.999993 0.322126 0.209844 -0.249226
FixedParameters: 0 0 0

#Transform 158
Transform: AffineTransform_float_3_3
Parameters: 0.999984 -0.0045286 0.0031887 0.00451842 0.999985 0.00300949 -0.00320231 -0.00299551 0.99999 0.339219 0.233188 -0.283725
FixedParameters: 0 0 0

#Transform 159
Transform: AffineTransform_float_3_3
Parameters: 0.999985 -0.00474925 0.00280576 0.00474156 0.999985 0.00274356 -0.00281871 -0.00273044 0.999992 0.341068 0.212649 -0.254134
FixedParameters: 0 0 0

#Transform 160
Transform: AffineTransform_float_3_3
Parameters: 0.999983 -0.00493172 0.00288263 0.00492361 0.999984 0.00274409 -0.00289658 -0.0027299 0.999992 0.32283 0.209966 -0.241072
FixedParameters: 0 0 0

#Transform 161
Transform: AffineTransform_float_3_3
Parameters: 0.999983 -0.00504251 0.00266037 0.00503595 0.999985 0.00236214 -0.00267254 -0.00234886 0.999994 0.317325 0.224933 -0.210332
FixedParameters: 0 0 0

#Transform 162
Transform: AffineTransform_float_3_3
Parameters: 0.999985 -0.00478815 0.00292452 0.00478017 0.999985 0.00268239 -0.0029371 -0.00266861 0.999992 0.334584 0.215986 -0.25083
FixedParameters: 0 0 0

#Transform 163
Transform: AffineTransform_float_3_3
Parameters: 0.999985 -0.00460059 0.00275941 0.00459315 0.999986 0.00274329 -0.00277155 -0.00273071 0.999992 0.329953 0.209931 -0.23886
FixedParameters: 0 0 0

#Transform 164
Transform: AffineTransform_float_3_3
Parameters: 0.999986 -0.00468697 0.00255425 0.00467972 0.999986 0.00267041 -0.00256671 -0.00265859 0.999994 0.32396 0.232409 -0.249189
FixedParameters: 0 0 0

#Transform 165
Transform: AffineTransform_float_3_3
Parameters: 0.999986 -0.00457101 0.00266992 0.00456368 0.999986 0.00274265 -0.00268281 -0.00273035 0.999993 0.326493 0.217802 -0.253634
FixedParameters: 0 0 0

#Transform 166
Transform: AffineTransform_float_3_3
Parameters: 0.999983 -0.00524844 0.00281856 0.00524106 0.999982 0.00274416 -0.00283332 -0.00272883 0.999992 0.374602 0.210624 -0.247962
FixedParameters: 0 0 0

#Transform 167
Transform: AffineTransform_float_3_3
Parameters: 0.999984 -0.00474454 0.00284962 0.00473817 0.999986 0.00233275 -0.00286049 -0.00231925 0.999993 0.344956 0.212617 -0.20497
FixedParameters: 0 0 0

#Transform 168
Transform: AffineTransform_float_3_3
Parameters: 0.999984 -0.00502438 0.00268763 0.00501933 0.999985 0.00215723 -0.00269897 -0.00214377 0.999994 0.368785 0.234896 -0.221097
FixedParameters: 0 0 0

#Transform 169
Transform: AffineTransform_float_3_3
Parameters: 0.999985 -0.00477656 0.00264275 0.00477051 0.999985 0.00252786 -0.00265472 -0.00251614 0.999993 0.32297 0.21587 -0.239333
FixedParameters: 0 0 0

#Transform 170
Transform: AffineTransform_float_3_3
Parameters: 0.999985 -0.00488745 0.00245886 0.00488339 0.999987 0.00188995 -0.00246754 -0.00187806 0.999995 0.336393 0.224516 -0.191003
FixedParameters: 0 0 0

#Transform 171
Transform: AffineTransform_float_3_3
Parameters: 0.999983 -0.00512028 0.00255553 0.00511527 0.999985 0.0021563 -0.00256596 -0.0021437 0.999994 0.353596 0.236227 -0.222251
FixedParameters: 0 0 0

#Transform 172
Transform: AffineTransform_float_3_3
Parameters: 0.999983 -0.00522488 0.00259849 0.00521911 0.999984 0.00234179 -0.00261038 -0.00232821 0.999994 0.348581 0.236421 -0.219148
FixedParameters: 0 0 0

#Transform 173
Transform: AffineTransform_float_3_3
Parameters: 0.999985 -0.00490284 0.00246378 0.00489692 0.999985 0.00215601 -0.00247381 -0.00214399 0.999994 0.341418 0.227834 -0.218696
FixedParameters: 0 0 0

#Transform 174
Transform: AffineTransform_float_3_3
Parameters: 0.999985 -0.00477706 0.00261581 0.00477021 0.999985 0.00253158 -0.00262742 -0.00251942 0.999993 0.330942 0.227677 -0.239427
FixedParameters: 0 0 0

#Transform 175
Transform: AffineTransform_float_3_3
Parameters: 0.999987 -0.00464083 0.00235187 0.00463556 0.999986 0.00239656 -0.00236247 -0.00238544 0.999994 0.323082 0.231004 -0.208473
FixedParameters: 0 0 0

#Transform 176
Transform: AffineTransform_float_3_3
Parameters: 0.999985 -0.00494098 0.00241218 0.00493485 0.999985 0.0024057 -0.00242299 -0.00239331 0.999994 0.341153 0.233501 -0.232209
FixedParameters: 0 0 0

#Transform 177
Transform: AffineTransform_float_3_3
Parameters: 0.999985 -0.0048775 0.00244978 0.00487097 0.999985 0.00271588 -0.00246278 -0.00270412 0.999994 0.33325 0.221877 -0.232047
FixedParameters: 0 0 0

#Transform 178
Transform: AffineTransform_float_3_3
Parameters: 0.999984 -0.00498929 0.0027173 0.00498293 0.999984 0.00251628 -0.00273022 -0.00250271 0.999993 0.354194 0.238223 -0.249723
FixedParameters: 0 0 0

#Transform 179
Transform: AffineTransform_float_3_3
Parameters: 0.999982 -0.00534084 0.00264268 0.00533495 0.999983 0.00239997 -0.00265481 -0.00238603 0.999994 0.36091 0.233218 -0.236035
FixedParameters: 0 0 0
