#Insight Transform File V1.0
#Transform 0
Transform: AffineTransform_float_3_3
Parameters: 1 0.000379421 -4.77402e-05 -0.000379341 0.999999 0.000834018 4.8373e-05 -0.000833981 0.999999 -0.0710279 -0.206762 -0.295271
FixedParameters: 0 0 0

#Transform 1
Transform: AffineTransform_float_3_3
Parameters: 1 0.000379262 0.000361642 -0.000379551 1 0.000399863 -0.000361339 -0.000400137 1 -0.0248789 -0.00348397 -0.0396973
FixedParameters: 0 0 0

#Transform 2
Transform: AffineTransform_float_3_3
Parameters: 0.999999 0.00071613 -0.000196605 -0.000716217 0.999999 -0.000218859 0.000196291 0.00021914 1 -0.013192 0.0249271 -0.0998839
FixedParameters: 0 0 0

#Transform 3
Transform: AffineTransform_float_3_3
Parameters: 0.999999 0.000730212 -0.000171159 -0.000730321 0.999999 -0.000318875 0.000170693 0.000319124 1 -0.0123808 0.0216528 -0.1474
FixedParameters: 0 0 0

#Transform 4
Transform: AffineTransform_float_3_3
Parameters: 0.999999 0.000754789 -0.000320457 -0.000754838 0.999999 -7.57579e-05 0.000320342 7.62416e-05 1 -0.0205814 0.0212052 -0.0725483
FixedParameters: 0 0 0

#Transform 5
Transform: AffineTransform_float_3_3
Parameters: 1 0.00028681 -0.000393655 -0.000287367 0.999999 -0.000707886 0.000393248 0.000708112 0.999999 0.00324984 0.00550966 -0.174036
FixedParameters: 0 0 0

#Transform 6
Transform: AffineTransform_float_3_3
Parameters: 1 0.000603255 -0.000132394 -0.000603324 1 -0.00026192 0.000132078 0.00026208 1 -0.0060137 0.0243814 -0.118859
FixedParameters: 0 0 0

#Transform 7
Transform: AffineTransform_float_3_3
Parameters: 1 9.52273e-05 3.23383e-05 -9.52065e-05 1 -0.000322003 -3.23996e-05 0.000321997 1 0.024632 0.0255382 -0.190042
FixedParameters: 0 0 0

#Transform 8
Transform: AffineTransform_float_3_3
Parameters: 1 8.0228e-05 -9.49763e-05 -7.99723e-05 0.999999 -0.000707992 9.57834e-05 0.000708007 0.999999 0.0102471 0.0224797 -0.197754
FixedParameters: 0 0 0

#Transform 9
Transform: AffineTransform_float_3_3
Parameters: 1 -0.000424882 -0.000319111 0.000424299 0.999999 -0.000911776 0.000319885 0.000912224 1 0.0403757 0.0246501 -0.173598
FixedParameters: 0 0 0

#Transform 10
Transform: AffineTransform_float_3_3
Parameters: 1 -0.000237182 -0.000222957 0.000236866 0.999999 -0.000708053 0.000223292 0.000707947 0.999999 0.0429281 0.0310018 -0.170448
FixedParameters: 0 0 0

#Transform 11
Transform: AffineTransform_float_3_3
Parameters: 0.999999 -0.000651981 0.000286232 0.000652176 0.999999 -0.00102417 -0.000285818 0.00102383 0.999999 0.0323306 0.0429479 -0.0919618
FixedParameters: 0 0 0

#Transform 12
Transform: AffineTransform_float_3_3
Parameters: 1 -0.0010781 0.000528589 0.00107887 0.999998 -0.00110228 -0.000527131 0.00110272 1 0.0498181 0.037736 -0.102987
FixedParameters: 0 0 0

#Transform 13
Transform: AffineTransform_float_3_3
Parameters: 0.999999 -0.00119414 0.000401472 0.00119436 0.999999 -0.000772881 -0.000400547 0.000773119 0.999999 0.0401324 0.0460639 -0.0703855
FixedParameters: 0 0 0

#Transform 14
Transform: AffineTransform_float_3_3
Parameters: 0.999999 -0.00119848 0.000542001 0.00119861 0.999999 -0.000478711 -0.000541773 0.00047929 1 0.0731105 0.0205139 -0.141494
FixedParameters: 0 0 0

#Transform 15
Transform: AffineTransform_float_3_3
Parameters: 0.999999 -0.00118792 0.000428788 0.0011879 0.999999 -0.000429851 -0.000428687 0.00043015 1 0.0582878 0.0249324 -0.146627
FixedParameters: 0 0 0

#Transform 16
Transform: AffineTransform_float_3_3
Parameters: 0.999999 -0.000910853 -0.000257586 0.000910689 0.999999 -0.00134439 0.000258724 0.00134461 0.999999 0.0485216 -0.00516888 -0.293803
FixedParameters: 0 0 0

#Transform 17
Transform: AffineTransform_float_3_3
Parameters: 1 -0.000566983 0.000187229 0.000567099 0.999999 -0.00135689 -0.000186611 0.00135711 0.999999 0.0122984 0.0140098 -0.203519
FixedParameters: 0 0 0

#Transform 18
Transform: AffineTransform_float_3_3
Parameters: 0.999999 -0.000896948 0.00023424 0.000898065 0.999999 -0.00125779 -0.000233293 0.00125821 0.999999 0.047914 0.0153495 -0.249991
FixedParameters: 0 0 0

#Transform 19
Transform: AffineTransform_float_3_3
Parameters: 0.999999 -0.000650653 0.000396567 0.000651116 0.999999 -0.00107574 -0.000396087 0.00107626 1 0.0305618 0.00905338 -0.214322
FixedParameters: 0 0 0

#Transform 20
Transform: AffineTransform_float_3_3
Parameters: 0.999999 -0.00129166 4.98229e-05 0.00129136 0.999998 -0.000968937 -4.82404e-05 0.000969064 1 0.0717718 0.042626 -0.18069
FixedParameters: 0 0 0

#Transform 21
Transform: AffineTransform_float_3_3
Parameters: 0.999999 -0.00108599 0.000732405 0.00108657 0.999999 -0.000661564 -0.000731887 0.000662436 0.999999 0.0564329 0.0301259 -0.171744
FixedParameters: 0 0 0

#Transform 22
Transform: AffineTransform_float_3_3
Parameters: 1 -0.000933652 0.000290908 0.000933843 0.999999 -0.00100209 -0.000289957 0.00100191 0.999999 0.032978 0.0617063 -0.104842
FixedParameters: 0 0 0

#Transform 23
Transform: AffineTransform_float_3_3
Parameters: 0.999999 -0.000921485 0.000878372 0.000922372 0.999998 -0.00125204 -0.000876593 0.00125296 0.999999 0.0660515 0.0611398 -0.128934
FixedParameters: 0 0 0

#Transform 24
Transform: AffineTransform_float_3_3
Parameters: 0.999999 -0.00153233 3.49556e-05 0.00153235 0.999999 -0.000313459 -3.39948e-05 0.00031354 1 0.0737537 0.0590266 -0.061442
FixedParameters: 0 0 0

#Transform 25
Transform: AffineTransform_float_3_3
Parameters: 0.999998 -0.00174817 0.000818448 0.00174844 0.999999 -0.000166289 -0.000817864 0.000167711 1 0.0936976 0.0401406 -0.142429
FixedParameters: 0 0 0

#Transform 26
Transform: AffineTransform_float_3_3
Parameters: 0.999999 -0.00148285 0.00054514 0.00148244 0.999999 0.000374296 -0.000546248 -0.000372702 0.999999 0.0699721 0.0436755 -0.0977935
FixedParameters: 0 0 0

#Transform 27
Transform: AffineTransform_float_3_3
Parameters: 0.999999 -0.00139846 0.000138406 0.00139882 0.999998 0.00150583 -0.000140777 -0.00150616 0.999999 0.0924956 0.0609786 -0.21888
FixedParameters: 0 0 0

#Transform 28
Transform: AffineTransform_float_3_3
Parameters: 1 -0.00108579 0.000528638 0.00108523 0.999999 0.000531214 -0.00052979 -0.000530785 1 0.051039 0.0602318 -0.305677
FixedParameters: 0 0 0

#Transform 29
Transform: AffineTransform_float_3_3
Parameters: 0.999998 -0.00206125 0.00103039 0.00206133 0.999998 -3.69556e-05 -0.00103024 3.90451e-05 0.999999 0.142139 0.0657782 -0.403166
FixedParameters: 0 0 0

#Transform 30
Transform: AffineTransform_float_3_3
Parameters: 0.999996 -0.00223208 0.00137229 0.00223281 0.999997 -0.000407864 -0.00137139 0.000411136 0.999999 0.11854 0.0703022 -0.404289
FixedParameters: 0 0 0

#Transform 31
Transform: AffineTransform_float_3_3
Parameters: 0.999996 -0.00263723 0.00119356 0.00263829 0.999996 -0.000767293 -0.00119134 0.000770706 0.999999 0.16549 0.0720381 -0.416767
FixedParameters: 0 0 0

#Transform 32
Transform: AffineTransform_float_3_3
Parameters: 0.999996 -0.00254479 0.00141084 0.00254631 0.999997 -0.00081121 -0.00140854 0.00081479 0.999998 0.139076 0.0752803 -0.435044
FixedParameters: 0 0 0

#Transform 33
Transform: AffineTransform_float_3_3
Parameters: 0.999995 -0.00270356 0.0012216 0.00270452 0.999996 -0.000713498 -0.00121957 0.000716503 0.999999 0.178288 0.0874621 -0.401251
FixedParameters: 0 0 0

#Transform 34
Transform: AffineTransform_float_3_3
Parameters: 0.999996 -0.00264257 0.00119632 0.00264361 0.999996 -0.00092364 -0.00119419 0.000926362 0.999998 0.135092 0.0810881 -0.448303
FixedParameters: 0 0 0

#Transform 35
Transform: AffineTransform_float_3_3
Parameters: 0.999997 -0.00200592 0.000925147 0.00200667 0.999998 -0.000826225 -0.00092367 0.000827776 0.999999 0.108106 0.0832752 -0.366419
FixedParameters: 0 0 0

#Transform 36
Transform: AffineTransform_float_3_3
Parameters: 0.999996 -0.00261847 0.00118168 0.00261811 0.999996 0.000481656 -0.00118235 -0.000478344 0.999999 0.151415 0.0668001 -0.391691
FixedParameters: 0 0 0

#Transform 37
Transform: AffineTransform_float_3_3
Parameters: 0.999996 -0.00273101 0.00139505 0.00273106 0.999996 -1.58364e-05 -0.00139495 1.91646e-05 0.999999 0.128613 0.0702943 -0.379421
FixedParameters: 0 0 0

#Transform 38
Transform: AffineTransform_float_3_3
Parameters: 0.999994 -0.00312096 0.00140013 0.00312255 0.999994 -0.000984792 -0.00139673 0.000989207 0.999998 0.172904 0.0819632 -0.436973
FixedParameters: 0 0 0

#Transform 39
Transform: AffineTransform_float_3_3
Parameters: 0.999995 -0.00294527 0.00161159 0.0029461 0.999996 -0.000495261 -0.0016105 0.000499742 0.999998 0.149413 0.0880219 -0.41553
FixedParameters: 0 0 0

#Transform 40
Transform: AffineTransform_float_3_3
Parameters: 0.999993 -0.00337937 0.00151049 0.00338014 0.999993 -0.00107391 -0.0015065 0.00107909 0.999999 0.231519 0.0958859 -0.397446
FixedParameters: 0 0 0

#Transform 41
Transform: AffineTransform_float_3_3
Parameters: 0.999994 -0.00307995 0.0014531 0.00308146 0.999995 -0.000923686 -0.00145015 0.000928314 0.999998 0.173263 0.0866352 -0.336131
FixedParameters: 0 0 0

#Transform 42
Transform: AffineTransform_float_3_3
Parameters: 0.99999 -0.00386805 0.00188687 0.00386995 0.999992 -0.00081215 -0.00188332 0.000818849 0.999998 0.235556 0.0950671 -0.384628
FixedParameters: 0 0 0

#Transform 43
Transform: AffineTransform_float_3_3
Parameters: 0.999995 -0.00281728 0.00126855 0.00281763 0.999996 -0.000291226 -0.00126782 0.000294775 0.999999 0.158841 0.0861304 -0.336709
FixedParameters: 0 0 0

#Transform 44
Transform: AffineTransform_float_3_3
Parameters: 0.999993 -0.00335293 0.00166238 0.00335263 0.999994 -0.000301794 -0.00166087 0.000307207 0.999999 0.211801 0.103092 -0.379214
FixedParameters: 0 0 0

#Transform 45
Transform: AffineTransform_float_3_3
Parameters: 0.999994 -0.00318029 0.00142176 0.00318037 0.999995 -2.66371e-05 -0.00142158 3.13639e-05 0.999999 0.184663 0.115834 -0.335168
FixedParameters: 0 0 0

#Transform 46
Transform: AffineTransform_float_3_3
Parameters: 0.999995 -0.00298934 0.000978573 0.00298942 0.999996 -0.000238027 -0.000978061 0.000240975 0.999999 0.207979 0.113789 -0.344164
FixedParameters: 0 0 0

#Transform 47
Transform: AffineTransform_float_3_3
Parameters: 0.999996 -0.00268849 0.000860413 0.00268821 0.999996 0.000165874 -0.0008613 -0.000164123 1 0.171545 0.114781 -0.322887
FixedParameters: 0 0 0

#Transform 48
Transform: AffineTransform_float_3_3
Parameters: 0.999995 -0.00320306 0.00101814 0.00320351 0.999995 -0.000796054 -0.00101579 0.000798948 0.999999 0.211199 0.125236 -0.410353
FixedParameters: 0 0 0

#Transform 49
Transform: AffineTransform_float_3_3
Parameters: 0.999995 -0.00327521 0.00084835 0.00327554 0.999995 -0.000650689 -0.00084592 0.000653312 0.999999 0.183926 0.124794 -0.351832
FixedParameters: 0 0 0

#Transform 50
Transform: AffineTransform_float_3_3
Parameters: 0.999994 -0.00335326 0.000567981 0.00335429 0.999994 -0.000786357 -0.000564931 0.000788644 1 0.218269 0.135858 -0.402705
FixedParameters: 0 0 0

#Transform 51
Transform: AffineTransform_float_3_3
Parameters: 0.999993 -0.00365146 0.000570541 0.00365121 0.999993 -0.000123534 -0.000570552 0.000125469 0.999999 0.202826 0.165418 -0.322124
FixedParameters: 0 0 0

#Transform 52
Transform: AffineTransform_float_3_3
Parameters: 0.999994 -0.00338317 0.000398828 0.00338323 0.999994 -6.40607e-05 -0.000398388 6.59398e-05 0.999999 0.192966 0.152699 -0.340791
FixedParameters: 0 0 0

#Transform 53
Transform: AffineTransform_float_3_3
Parameters: 0.999994 -0.00360707 0.000553107 0.00360776 0.999993 -0.000491265 -0.000551785 0.000493738 1 0.227194 0.136902 -0.422145
FixedParameters: 0 0 0

#Transform 54
Transform: AffineTransform_float_3_3
Parameters: 0.999995 -0.00304765 0.000693219 0.00304837 0.999995 -0.00042184 -0.000692875 0.000423163 1 0.191456 0.129749 -0.451973
FixedParameters: 0 0 0

#Transform 55
Transform: AffineTransform_float_3_3
Parameters: 0.999994 -0.00343958 0.00066161 0.00343958 0.999993 -0.000893834 -0.000658215 0.000896167 1 0.208182 0.139152 -0.479304
FixedParameters: 0 0 0

#Transform 56
Transform: AffineTransform_float_3_3
Parameters: 0.999993 -0.00372562 0.000604658 0.00372631 0.999993 -0.000783369 -0.000601964 0.000785633 1 0.235889 0.140156 -0.497459
FixedParameters: 0 0 0

#Transform 57
Transform: AffineTransform_float_3_3
Parameters: 0.999995 -0.00310282 0.000543051 0.00310389 0.999995 -0.000491421 -0.000541308 0.000492579 1 0.194184 0.144141 -0.456762
FixedParameters: 0 0 0

#Transform 58
Transform: AffineTransform_float_3_3
Parameters: 0.999994 -0.00337457 0.00101061 0.00337571 0.999994 -0.000489903 -0.00100953 0.0004931 0.999999 0.226236 0.140347 -0.52971
FixedParameters: 0 0 0

#Transform 59
Transform: AffineTransform_float_3_3
Parameters: 0.999993 -0.00348523 0.0012259 0.00348582 0.999994 -0.000717402 -0.00122364 0.0007216 0.999999 0.192128 0.130656 -0.49591
FixedParameters: 0 0 0

#Transform 60
Transform: AffineTransform_float_3_3
Parameters: 0.999993 -0.00374814 0.00109551 0.00374843 0.999993 -0.000489928 -0.00109367 0.000493074 0.999999 0.230524 0.122996 -0.503367
FixedParameters: 0 0 0

#Transform 61
Transform: AffineTransform_float_3_3
Parameters: 0.999993 -0.00357224 0.00103928 0.00357268 0.999993 -0.000776963 -0.00103648 0.000780038 0.999999 0.204244 0.125301 -0.479538
FixedParameters: 0 0 0

#Transform 62
Transform: AffineTransform_float_3_3
Parameters: 0.999992 -0.00394583 0.000696615 0.00394557 0.999993 -0.000377384 -0.000695465 0.00038062 1 0.243983 0.129895 -0.50471
FixedParameters: 0 0 0

#Transform 63
Transform: AffineTransform_float_3_3
Parameters: 0.99999 -0.00411312 0.00136933 0.00411383 0.999991 -0.000541762 -0.00136669 0.000547237 0.999999 0.23039 0.135243 -0.504614
FixedParameters: 0 0 0

#Transform 64
Transform: AffineTransform_float_3_3
Parameters: 0.999991 -0.00416514 0.00078829 0.00416481 0.999992 -4.05658e-05 -0.00078886 4.34392e-05 0.999999 0.227805 0.133224 -0.419751
FixedParameters: 0 0 0

#Transform 65
Transform: AffineTransform_float_3_3
Parameters: 0.999989 -0.00449804 0.00132564 0.00449859 0.99999 -0.00079846 -0.00132211 0.000804542 0.999998 0.253582 0.140453 -0.576175
FixedParameters: 0 0 0

#Transform 66
Transform: AffineTransform_float_3_3
Parameters: 0.999989 -0.0044087 0.00150694 0.00440904 0.999991 -0.00010962 -0.00150594 0.00011638 0.999999 0.243105 0.153243 -0.554467
FixedParameters: 0 0 0

#Transform 67
Transform: AffineTransform_float_3_3
Parameters: 0.999989 -0.0046299 0.00137261 0.00462995 0.99999 -0.000299423 -0.00137165 0.000305581 0.999999 0.262744 0.165889 -0.533775
FixedParameters: 0 0 0

#Transform 68
Transform: AffineTransform_float_3_3
Parameters: 0.999988 -0.00458082 0.00165234 0.00458233 0.999989 -0.00104755 -0.0016473 0.00105545 0.999998 0.248128 0.147508 -0.543867
FixedParameters: 0 0 0

#Transform 69
Transform: AffineTransform_float_3_3
Parameters: 0.999989 -0.00455001 0.00156359 0.0045507 0.999989 -0.000717362 -0.00156071 0.000723642 0.999999 0.244915 0.156647 -0.502276
FixedParameters: 0 0 0

#Transform 70
Transform: AffineTransform_float_3_3
Parameters: 0.999987 -0.00457021 0.00201685 0.00457171 0.99999 -0.000756466 -0.00201358 0.000765537 0.999997 0.268187 0.158211 -0.542382
FixedParameters: 0 0 0

#Transform 71
Transform: AffineTransform_float_3_3
Parameters: 0.999986 -0.00485452 0.00212003 0.0048555 0.999988 -0.00050075 -0.00211787 0.000511254 0.999997 0.275503 0.143262 -0.601382
FixedParameters: 0 0 0

#Transform 72
Transform: AffineTransform_float_3_3
Parameters: 0.99998 -0.00599978 0.00208588 0.00599909 0.999982 0.000360021 -0.00208829 -0.000347975 0.999998 0.340613 0.126719 -0.662725
FixedParameters: 0 0 0

#Transform 73
Transform: AffineTransform_float_3_3
Parameters: 0.999979 -0.00596951 0.00226739 0.00596863 0.999982 0.000373193 -0.00226992 -0.000359802 0.999997 0.336801 0.129034 -0.690219
FixedParameters: 0 0 0

#Transform 74
Transform: AffineTransform_float_3_3
Parameters: 0.999983 -0.00545403 0.00199992 0.00545335 0.999985 0.000371644 -0.00200208 -0.000361353 0.999998 0.306898 0.157963 -0.570453
FixedParameters: 0 0 0

#Transform 75
Transform: AffineTransform_float_3_3
Parameters: 0.999983 -0.00561052 0.00199725 0.00561014 0.999984 0.00029543 -0.00199867 -0.00028457 0.999998 0.329176 0.136035 -0.61323
FixedParameters: 0 0 0

#Transform 76
Transform: AffineTransform_float_3_3
Parameters: 0.999985 -0.00511414 0.00224052 0.00511264 0.999987 0.00051486 -0.00224389 -0.000504133 0.999998 0.268751 0.158788 -0.559307
FixedParameters: 0 0 0

#Transform 77
Transform: AffineTransform_float_3_3
Parameters: 0.999985 -0.00516796 0.00179329 0.00516706 0.999987 0.000472572 -0.00179628 -0.000463423 0.999998 0.31513 0.1299 -0.645155
FixedParameters: 0 0 0

#Transform 78
Transform: AffineTransform_float_3_3
Parameters: 0.999983 -0.00543968 0.00208768 0.00543863 0.999985 0.000131088 -0.00208774 -0.000119911 0.999998 0.308254 0.14305 -0.642047
FixedParameters: 0 0 0

#Transform 79
Transform: AffineTransform_float_3_3
Parameters: 0.999985 -0.00517391 0.00188192 0.00517341 0.999987 0.000240038 -0.00188343 -0.000229958 0.999998 0.288422 0.129421 -0.59653
FixedParameters: 0 0 0

#Transform 80
Transform: AffineTransform_float_3_3
Parameters: 0.99998 -0.00599529 0.00224684 0.00600033 0.99998 -0.00213242 -0.00223446 0.00214558 0.999995 0.326332 0.167078 -0.60736
FixedParameters: 0 0 0

#Transform 81
Transform: AffineTransform_float_3_3
Parameters: 0.999986 -0.00501377 0.00182262 0.00501561 0.999987 -0.00125122 -0.00181646 0.00126079 0.999998 0.247717 0.174895 -0.387368
FixedParameters: 0 0 0

#Transform 82
Transform: AffineTransform_float_3_3
Parameters: 0.999986 -0.00506564 0.00163997 0.00506817 0.999985 -0.00156005 -0.0016328 0.00156795 0.999997 0.284066 0.161955 -0.414323
FixedParameters: 0 0 0

#Transform 83
Transform: AffineTransform_float_3_3
Parameters: 0.999985 -0.00511015 0.00208633 0.0051129 0.999986 -0.0014039 -0.00207928 0.0014151 0.999997 0.256718 0.176797 -0.439697
FixedParameters: 0 0 0

#Transform 84
Transform: AffineTransform_float_3_3
Parameters: 0.999985 -0.00526143 0.00192757 0.00526357 0.999985 -0.00116142 -0.00192081 0.00117158 0.999998 0.257107 0.201123 -0.446763
FixedParameters: 0 0 0

#Transform 85
Transform: AffineTransform_float_3_3
Parameters: 0.999982 -0.00559253 0.0020747 0.00559619 0.999982 -0.00210805 -0.00206302 0.00211895 0.999996 0.287086 0.18937 -0.509229
FixedParameters: 0 0 0

#Transform 86
Transform: AffineTransform_float_3_3
Parameters: 0.999985 -0.00518235 0.00189666 0.005185 0.999986 -0.00162425 -0.00188806 0.00163375 0.999996 0.268832 0.186042 -0.472479
FixedParameters: 0 0 0

#Transform 87
Transform: AffineTransform_float_3_3
Parameters: 0.999982 -0.00544867 0.00241168 0.00545325 0.999983 -0.001839 -0.00240168 0.00185301 0.999995 0.297681 0.15653 -0.542275
FixedParameters: 0 0 0

#Transform 88
Transform: AffineTransform_float_3_3
Parameters: 0.999982 -0.00566255 0.00210132 0.00566633 0.999982 -0.0016089 -0.00209262 0.0016211 0.999996 0.289444 0.164804 -0.492124
FixedParameters: 0 0 0

#Transform 89
Transform: AffineTransform_float_3_3
Parameters: 0.999981 -0.00585234 0.00218418 0.00585593 0.999981 -0.00189239 -0.00217299 0.00190562 0.999996 0.328633 0.128953 -0.574563
FixedParameters: 0 0 0

#Transform 90
Transform: AffineTransform_float_3_3
Parameters: 0.99998 -0.00574949 0.00254244 0.00575393 0.999982 -0.00171424 -0.00253276 0.00172976 0.999995 0.295748 0.138546 -0.483328
FixedParameters: 0 0 0

#Transform 91
Transform: AffineTransform_float_3_3
Parameters: 0.99998 -0.00576542 0.0026474 0.00577219 0.99998 -0.00270682 -0.00263134 0.00272219 0.999993 0.314333 0.122138 -0.637848
FixedParameters: 0 0 0

#Transform 92
Transform: AffineTransform_float_3_3
Parameters: 0.999979 -0.00580459 0.00268022 0.00581359 0.999978 -0.00313952 -0.00266206 0.00315548 0.999991 0.326024 0.132196 -0.660262
FixedParameters: 0 0 0

#Transform 93
Transform: AffineTransform_float_3_3
Parameters: 0.999979 -0.00607115 0.00228069 0.00607595 0.999979 -0.00233805 -0.00226601 0.00235195 0.999995 0.32951 0.128452 -0.584946
FixedParameters: 0 0 0

#Transform 94
Transform: AffineTransform_float_3_3
Parameters: 0.999976 -0.00628654 0.00292663 0.00629571 0.999976 -0.00296712 -0.00290851 0.00298588 0.999991 0.345147 0.112814 -0.655084
FixedParameters: 0 0 0

#Transform 95
Transform: AffineTransform_float_3_3
Parameters: 0.999979 -0.00595289 0.00252186 0.00595862 0.99998 -0.00237558 -0.0025082 0.00239043 0.999994 0.316587 0.12326 -0.62236
FixedParameters: 0 0 0

#Transform 96
Transform: AffineTransform_float_3_3
Parameters: 0.999975 -0.00640032 0.00304991 0.00640838 0.999976 -0.00262306 -0.00303237 0.00264194 0.999993 0.36903 0.118518 -0.691954
FixedParameters: 0 0 0

#Transform 97
Transform: AffineTransform_float_3_3
Parameters: 0.999977 -0.00618873 0.00255006 0.0061937 0.999978 -0.00196616 -0.00253759 0.00198184 0.999995 0.336586 0.140653 -0.61919
FixedParameters: 0 0 0

#Transform 98
Transform: AffineTransform_float_3_3
Parameters: 0.999975 -0.00670402 0.00254768 0.00670825 0.999976 -0.00190062 -0.00253496 0.00191739 0.999995 0.38037 0.135254 -0.563638
FixedParameters: 0 0 0

#Transform 99
Transform: AffineTransform_float_3_3
Parameters: 0.999976 -0.00634336 0.00257478 0.00634665 0.999979 -0.00124011 -0.0025663 0.00125688 0.999996 0.331933 0.16701 -0.546402
FixedParameters: 0 0 0

#Transform 100
Transform: AffineTransform_float_3_3
Parameters: 0.999976 -0.00621669 0.00281158 0.0062154 0.99998 0.000446364 -0.00281426 -0.000428633 0.999996 0.350086 0.160811 -0.484916
FixedParameters: 0 0 0

#Transform 101
Transform: AffineTransform_float_3_3
Parameters: 0.999976 -0.00638845 0.0024048 0.00639034 0.99998 -0.00079359 -0.00239917 0.00080841 0.999997 0.336277 0.192748 -0.539126
FixedParameters: 0 0 0

#Transform 102
Transform: AffineTransform_float_3_3
Parameters: 0.999978 -0.00602009 0.00272909 0.00602261 0.999981 -0.000885344 -0.00272385 0.000901658 0.999995 0.343868 0.160405 -0.579991
FixedParameters: 0 0 0

#Transform 103
Transform: AffineTransform_float_3_3
Parameters: 0.999977 -0.00624044 0.00268628 0.00624355 0.99998 -0.00108053 -0.00267913 0.00109747 0.999996 0.314148 0.152423 -0.581584
FixedParameters: 0 0 0

#Transform 104
Transform: AffineTransform_float_3_3
Parameters: 0.999975 -0.00645887 0.00293619 0.00646461 0.999977 -0.00183675 -0.0029243 0.00185525 0.999995 0.343008 0.151227 -0.660557
FixedParameters: 0 0 0

#Transform 105
Transform: AffineTransform_float_3_3
Parameters: 0.999972 -0.00658131 0.00336736 0.00658793 0.999976 -0.00217798 -0.00335248 0.00220003 0.999992 0.331517 0.143655 -0.692446
FixedParameters: 0 0 0

#Transform 106
Transform: AffineTransform_float_3_3
Parameters: 0.99997 -0.00700825 0.00312399 0.0070136 0.999974 -0.00172378 -0.00311256 0.00174523 0.999993 0.374749 0.149293 -0.61729
FixedParameters: 0 0 0

#Transform 107
Transform: AffineTransform_float_3_3
Parameters: 0.999969 -0.00699888 0.00358263 0.00700332 0.999975 -0.00115313 -0.0035755 0.00117888 0.999993 0.345315 0.153677 -0.607301
FixedParameters: 0 0 0

#Transform 108
Transform: AffineTransform_float_3_3
Parameters: 0.999969 -0.00722717 0.00335022 0.00723167 0.999973 -0.00124466 -0.00334125 0.00126934 0.999994 0.386568 0.160623 -0.637202
FixedParameters: 0 0 0

#Transform 109
Transform: AffineTransform_float_3_3
Parameters: 0.999971 -0.00703418 0.00310417 0.00703653 0.999975 -0.00102047 -0.00309663 0.00104254 0.999995 0.359771 0.147811 -0.600267
FixedParameters: 0 0 0

#Transform 110
Transform: AffineTransform_float_3_3
Parameters: 0.999969 -0.00707311 0.00363024 0.0070774 0.999974 -0.00124373 -0.00362127 0.00126927 0.999993 0.386635 0.157417 -0.651817
FixedParameters: 0 0 0

#Transform 111
Transform: AffineTransform_float_3_3
Parameters: 0.999969 -0.00722476 0.00294742 0.00722671 0.999974 -0.000653024 -0.00294244 0.000673978 0.999995 0.375373 0.164376 -0.614217
FixedParameters: 0 0 0

#Transform 112
Transform: AffineTransform_float_3_3
Parameters: 0.999969 -0.00702629 0.0035771 0.00702944 0.999974 -0.00104807 -0.00357008 0.00107394 0.999993 0.413255 0.165139 -0.70279
FixedParameters: 0 0 0

#Transform 113
Transform: AffineTransform_float_3_3
Parameters: 0.999972 -0.00709369 0.00262983 0.00709585 0.999974 -0.000923102 -0.00262305 0.000940899 0.999996 0.418813 0.169602 -0.67116
FixedParameters: 0 0 0

#Transform 114
Transform: AffineTransform_float_3_3
Parameters: 0.999964 -0.00770861 0.0033453 0.00771294 0.999969 -0.00122068 -0.00333548 0.00124632 0.999994 0.446781 0.177387 -0.719946
FixedParameters: 0 0 0

#Transform 115
Transform: AffineTransform_float_3_3
Parameters: 0.999965 -0.00768185 0.00335453 0.0076858 0.99997 -0.00121785 -0.00334573 0.00124416 0.999994 0.401284 0.189901 -0.632974
FixedParameters: 0 0 0

#Transform 116
Transform: AffineTransform_float_3_3
Parameters: 0.999961 -0.00817072 0.00331711 0.00817673 0.999965 -0.00189813 -0.00330151 0.00192487 0.999993 0.445191 0.202144 -0.72618
FixedParameters: 0 0 0

#Transform 117
Transform: AffineTransform_float_3_3
Parameters: 0.999964 -0.00774194 0.00363459 0.0077453 0.999969 -0.00111338 -0.00362594 0.00114163 0.999993 0.407226 0.200879 -0.66232
FixedParameters: 0 0 0

#Transform 118
Transform: AffineTransform_float_3_3
Parameters: 0.999963 -0.00781023 0.0035711 0.00781511 0.999969 -0.00132715 -0.00356119 0.00135486 0.999993 0.436176 0.202303 -0.711685
FixedParameters: 0 0 0

#Transform 119
Transform: AffineTransform_float_3_3
Parameters: 0.999966 -0.00742987 0.00340292 0.00743195 0.999972 -0.000638656 -0.00339876 0.000663353 0.999994 0.383289 0.185834 -0.653492
FixedParameters: 0 0 0

#Transform 120
Transform: AffineTransform_float_3_3
Parameters: 0.999964 -0.00764145 0.00349548 0.00764485 0.999971 -0.000921596 -0.00348855 0.00094841 0.999994 0.428694 0.18089 -0.719057
FixedParameters: 0 0 0

#Transform 121
Transform: AffineTransform_float_3_3
Parameters: 0.999964 -0.00763153 0.0035471 0.00763399 0.999971 -0.000609435 -0.0035422 0.000635567 0.999994 0.393242 0.192381 -0.692474
FixedParameters: 0 0 0

#Transform 122
Transform: AffineTransform_float_3_3
Parameters: 0.999964 -0.00778693 0.00356196 0.00779238 0.999969 -0.0014113 -0.0035508 0.0014387 0.999993 0.443375 0.178807 -0.728186
FixedParameters: 0 0 0

#Transform 123
Transform: AffineTransform_float_3_3
Parameters: 0.999965 -0.00761633 0.00349032 0.00762199 0.99997 -0.00152873 -0.00347878 0.00155527 0.999993 0.405356 0.188594 -0.699784
FixedParameters: 0 0 0

#Transform 124
Transform: AffineTransform_float_3_3
Parameters: 0.999963 -0.00806276 0.00322841 0.00806653 0.999967 -0.00129898 -0.00321829 0.00132503 0.999994 0.439225 0.198201 -0.732286
FixedParameters: 0 0 0

#Transform 125
Transform: AffineTransform_float_3_3
Parameters: 0.999958 -0.00831639 0.00382988 0.00832036 0.999965 -0.000961617 -0.00382189 0.000994387 0.999992 0.453785 0.18623 -0.757648
FixedParameters: 0 0 0

#Transform 126
Transform: AffineTransform_float_3_3
Parameters: 0.999964 -0.00788828 0.00314773 0.00788986 0.999969 -0.000612442 -0.00314339 0.000637567 0.999994 0.42041 0.202223 -0.668777
FixedParameters: 0 0 0

#Transform 127
Transform: AffineTransform_float_3_3
Parameters: 0.999964 -0.00759755 0.00362924 0.00760144 0.999971 -0.000952579 -0.00362191 0.000980424 0.999993 0.430384 0.151675 -0.787501
FixedParameters: 0 0 0

#Transform 128
Transform: AffineTransform_float_3_3
Parameters: 0.999966 -0.00740621 0.00358642 0.00740855 0.999972 -0.000532067 -0.00358203 0.000557932 0.999993 0.409931 0.193328 -0.723506
FixedParameters: 0 0 0

#Transform 129
Transform: AffineTransform_float_3_3
Parameters: 0.999964 -0.00756962 0.00365687 0.00757152 0.999971 -0.000638466 -0.0036512 0.000666532 0.999993 0.452623 0.174587 -0.776681
FixedParameters: 0 0 0

#Transform 130
Transform: AffineTransform_float_3_3
Parameters: 0.999964 -0.00757694 0.0036578 0.00757879 0.999971 -0.000399424 -0.00365429 0.000427574 0.999993 0.414301 0.179248 -0.687546
FixedParameters: 0 0 0

#Transform 131
Transform: AffineTransform_float_3_3
Parameters: 0.999964 -0.00775892 0.00362865 0.00775944 0.99997 -0.000165701 -0.00362771 0.000193306 0.999994 0.463178 0.161805 -0.766219
FixedParameters: 0 0 0

#Transform 132
Transform: AffineTransform_float_3_3
Parameters: 0.999962 -0.00793731 0.00380737 0.00793761 0.999969 -2.43504e-05 -0.00380674 5.465e-05 0.999993 0.428773 0.169114 -0.711802
FixedParameters: 0 0 0

#Transform 133
Transform: AffineTransform_float_3_3
Parameters: 0.999958 -0.00829284 0.00395773 0.00829269 0.999965 3.43244e-05 -0.00395803 -1.67047e-06 0.999992 0.468862 0.17609 -0.804387
FixedParameters: 0 0 0

#Transform 134
Transform: AffineTransform_float_3_3
Parameters: 0.999959 -0.00812217 0.00417457 0.00812399 0.999967 -0.000545941 -0.00416964 0.000580063 0.999992 0.4512 0.195181 -0.828573
FixedParameters: 0 0 0

#Transform 135
Transform: AffineTransform_float_3_3
Parameters: 0.999954 -0.00885178 0.00373122 0.00885405 0.999961 -0.00060169 -0.00372579 0.000635313 0.999992 0.494969 0.198932 -0.799865
FixedParameters: 0 0 0

#Transform 136
Transform: AffineTransform_float_3_3
Parameters: 0.999955 -0.00857359 0.00408156 0.00857558 0.999963 -0.000417746 -0.00407777 0.000453256 0.999991 0.474017 0.203873 -0.825982
FixedParameters: 0 0 0

#Transform 137
Transform: AffineTransform_float_3_3
Parameters: 0.999961 -0.00797891 0.00374515 0.00797921 0.999968 -7.76905e-05 -0.00374459 0.000107315 0.999993 0.445525 0.20396 -0.748471
FixedParameters: 0 0 0

#Transform 138
Transform: AffineTransform_float_3_3
Parameters: 0.999951 -0.00891527 0.00434535 0.00892008 0.99996 -0.00113616 -0.00433448 0.00117484 0.99999 0.494738 0.21261 -0.807564
FixedParameters: 0 0 0

#Transform 139
Transform: AffineTransform_float_3_3
Parameters: 0.999954 -0.00862028 0.00424822 0.00862104 0.999963 -0.000116165 -0.00424682 0.000152836 0.999991 0.474873 0.208427 -0.801236
FixedParameters: 0 0 0

#Transform 140
Transform: AffineTransform_float_3_3
Parameters: 0.999956 -0.00847403 0.00396269 0.00847735 0.999964 -0.000796811 -0.00395626 0.000830196 0.999991 0.468131 0.207953 -0.75621
FixedParameters: 0 0 0

#Transform 141
Transform: AffineTransform_float_3_3
Parameters: 0.999951 -0.00894907 0.00423885 0.00895017 0.99996 -0.000203087 -0.00423671 0.000240915 0.999991 0.513149 0.207956 -0.835103
FixedParameters: 0 0 0

#Transform 142
Transform: AffineTransform_float_3_3
Parameters: 0.999956 -0.00847562 0.00403865 0.00847695 0.999964 -0.000292994 -0.00403616 0.00032701 0.999992 0.472448 0.227261 -0.764863
FixedParameters: 0 0 0

#Transform 143
Transform: AffineTransform_float_3_3
Parameters: 0.999954 -0.00865382 0.00410827 0.00865273 0.999963 0.000293625 -0.00411028 -0.000258374 0.999991 0.510566 0.201345 -0.811966
FixedParameters: 0 0 0

#Transform 144
Transform: AffineTransform_float_3_3
Parameters: 0.999957 -0.00835202 0.0040693 0.00835141 0.999965 0.000188136 -0.00407031 -0.000153865 0.999991 0.431647 0.200166 -0.787978
FixedParameters: 0 0 0

#Transform 145
Transform: AffineTransform_float_3_3
Parameters: 0.999946 -0.00916784 0.00475542 0.00916698 0.999958 0.000193913 -0.00475675 -0.000151085 0.999989 0.465807 0.207368 -0.829415
FixedParameters: 0 0 0

#Transform 146
Transform: AffineTransform_float_3_3
Parameters: 0.999938 -0.0097289 0.0053812 0.00972927 0.999953 0.000113612 -0.00538236 -6.03853e-05 0.999986 0.490393 0.223573 -0.822894
FixedParameters: 0 0 0

#Transform 147
Transform: AffineTransform_float_3_3
Parameters: 0.999945 -0.00934469 0.00476621 0.0093437 0.999957 0.00020783 -0.00476783 -0.000163166 0.999988 0.481536 0.208869 -0.800325
FixedParameters: 0 0 0

#Transform 148
Transform: AffineTransform_float_3_3
Parameters: 0.999937 -0.00987634 0.00537221 0.00988047 0.999951 -0.000612429 -0.00536603 0.000665574 0.999986 0.51666 0.217061 -0.863338
FixedParameters: 0 0 0

#Transform 149
Transform: AffineTransform_float_3_3
Parameters: 0.999955 -0.00853432 0.00427882 0.00853639 0.999964 -0.000407124 -0.00427525 0.00044288 0.999991 0.442618 0.196504 -0.777335
FixedParameters: 0 0 0

#Transform 150
Transform: AffineTransform_float_3_3
Parameters: 0.999951 -0.00880378 0.00447614 0.00881109 0.99996 -0.00164399 -0.00446208 0.00168402 0.999989 0.46261 0.18235 -0.839376
FixedParameters: 0 0 0

#Transform 151
Transform: AffineTransform_float_3_3
Parameters: 0.999953 -0.00866291 0.00440977 0.00866709 0.999962 -0.00104782 -0.00440102 0.00108619 0.99999 0.418857 0.198669 -0.78417
FixedParameters: 0 0 0

#Transform 152
Transform: AffineTransform_float_3_3
Parameters: 0.999946 -0.00927593 0.00467238 0.00928123 0.999956 -0.00118869 -0.00466149 0.00123231 0.999988 0.462744 0.209934 -0.804129
FixedParameters: 0 0 0

#Transform 153
Transform: AffineTransform_float_3_3
Parameters: 0.999949 -0.00876683 0.00501571 0.00876763 0.999961 -0.000227829 -0.00501277 0.00027217 0.999988 0.46822 0.220508 -0.891679
FixedParameters: 0 0 0

#Transform 154
Transform: AffineTransform_float_3_3
Parameters: 0.999945 -0.0092352 0.00492442 0.00923931 0.999957 -0.000885448 -0.00491646 0.000930562 0.999988 0.456287 0.216231 -0.893551
FixedParameters: 0 0 0

#Transform 155
Transform: AffineTransform_float_3_3
Parameters: 0.999936 -0.00981252 0.00559363 0.00981635 0.999951 -0.000677146 -0.00558678 0.000731859 0.999984 0.519852 0.209756 -0.948376
FixedParameters: 0 0 0

#Transform 156
Transform: AffineTransform_float_3_3
Parameters: 0.999945 -0.00926964 0.00487478 0.00927228 0.999957 -0.000582882 -0.00486869 0.00062812 0.999988 0.47126 0.203691 -0.867935
FixedParameters: 0 0 0

#Transform 157
Transform: AffineTransform_float_3_3
Parameters: 0.999932 -0.0102116 0.00561452 0.0102132 0.999948 -0.000334436 -0.00561039 0.000392566 0.999984 0.544452 0.20302 -0.941581
FixedParameters: 0 0 0

#Transform 158
Transform: AffineTransform_float_3_3
Parameters: 0.99995 -0.00882179 0.00467473 0.0088214 0.999961 0.000104838 -0.00467529 -6.31591e-05 0.999988 0.450549 0.198979 -0.869561
FixedParameters: 0 0 0

#Transform 159
Transform: AffineTransform_float_3_3
Parameters: 0.999946 -0.00893658 0.00531536 0.00894016 0.99996 -0.000657082 -0.00530924 0.000704921 0.999985 0.46773 0.183211 -0.977082
FixedParameters: 0 0 0

#Transform 160
Transform: AffineTransform_float_3_3
Parameters: 0.999951 -0.00857569 0.00506288 0.00857466 0.999963 0.000162139 -0.00506437 -0.000118853 0.999987 0.403777 0.196841 -0.877106
FixedParameters: 0 0 0

#Transform 161
Transform: AffineTransform_float_3_3
Parameters: 0.999939 -0.00946921 0.00557588 0.00947241 0.999955 -0.000588999 -0.00557028 0.000641009 0.999984 0.507117 0.197666 -0.945109
FixedParameters: 0 0 0

#Transform 162
Transform: AffineTransform_float_3_3
Parameters: 0.999948 -0.0089485 0.00476018 0.00895339 0.999959 -0.000999195 -0.00475071 0.0010428 0.999988 0.435086 0.226284 -0.881243
FixedParameters: 0 0 0

#Transform 163
Transform: AffineTransform_float_3_3
Parameters: 0.999945 -0.00913447 0.00528123 0.00913937 0.999957 -0.000861067 -0.00527295 0.000908933 0.999986 0.466786 0.212813 -0.941856
FixedParameters: 0 0 0

#Transform 164
Transform: AffineTransform_float_3_3
Parameters: 0.99995 -0.00888563 0.00472567 0.00888646 0.99996 -0.000288631 -0.00472254 0.000330372 0.999988 0.41551 0.201518 -0.815219
FixedParameters: 0 0 0

#Transform 165
Transform: AffineTransform_float_3_3
Parameters: 0.999934 -0.00998764 0.00565667 0.00999263 0.999949 -0.000805259 -0.00564791 0.000861739 0.999984 0.50524 0.199139 -0.985289
FixedParameters: 0 0 0

#Transform 166
Transform: AffineTransform_float_3_3
Parameters: 0.999937 -0.00982842 0.00531866 0.00983293 0.999951 -0.000654853 -0.00531171 0.000707144 0.999986 0.472044 0.212083 -0.936792
FixedParameters: 0 0 0

#Transform 167
Transform: AffineTransform_float_3_3
Parameters: 0.999926 -0.0107461 0.00579328 0.0107546 0.999941 -0.00135992 -0.00577863 0.00142209 0.999983 0.542426 0.21681 -0.898376
FixedParameters: 0 0 0

#Transform 168
Transform: AffineTransform_float_3_3
Parameters: 0.999946 -0.00928521 0.00461509 0.00928995 0.999956 -0.00105918 -0.00460475 0.00110182 0.999989 0.441721 0.203736 -0.679239
FixedParameters: 0 0 0

#Transform 169
Transform: AffineTransform_float_3_3
Parameters: 0.999947 -0.0091371 0.00470392 0.00913905 0.999958 -0.000351665 -0.00470077 0.00039534 0.999988 0.451412 0.180285 -0.683901
FixedParameters: 0 0 0

#Transform 170
Transform: AffineTransform_float_3_3
Parameters: 0.999948 -0.00884909 0.00492623 0.00885111 0.999961 -0.000474728 -0.00492165 0.000518277 0.999988 0.414548 0.17683 -0.717896
FixedParameters: 0 0 0

#Transform 171
Transform: AffineTransform_float_3_3
Parameters: 0.999943 -0.00936126 0.00499808 0.00936128 0.999956 2.11729e-05 -0.00499805 2.51767e-05 0.999987 0.452649 0.183729 -0.802242
FixedParameters: 0 0 0

#Transform 172
Transform: AffineTransform_float_3_3
Parameters: 0.99995 -0.00870085 0.00493706 0.00869954 0.999962 0.000233528 -0.00493891 -0.000190467 0.999988 0.403855 0.159216 -0.789115
FixedParameters: 0 0 0

#Transform 173
Transform: AffineTransform_float_3_3
Parameters: 0.999946 -0.00903102 0.00515624 0.00903096 0.999959 -0.000135314 -0.00515482 0.000182694 0.999987 0.442258 0.173053 -0.844899
FixedParameters: 0 0 0

#Transform 174
Transform: AffineTransform_float_3_3
Parameters: 0.999923 -0.0109054 0.00603372 0.0109097 0.99994 -0.000691122 -0.00602582 0.000756883 0.999981 0.515997 0.189708 -0.932868
FixedParameters: 0 0 0

#Transform 175
Transform: AffineTransform_float_3_3
Parameters: 0.999922 -0.0109258 0.00594446 0.0109262 0.999941 -3.70997e-05 -0.00594386 0.000101907 0.999983 0.502395 0.21277 -0.834045
FixedParameters: 0 0 0

#Transform 176
Transform: AffineTransform_float_3_3
Parameters: 0.999922 -0.0110943 0.00573868 0.011097 0.999939 -0.000336569 -0.0057342 0.000399428 0.999983 0.526573 0.199151 -0.937613
FixedParameters: 0 0 0

#Transform 177
Transform: AffineTransform_float_3_3
Parameters: 0.999923 -0.0108952 0.00591846 0.0108917 0.999941 0.000527662 -0.00592372 -0.000462331 0.999982 0.517148 0.214577 -0.848627
FixedParameters: 0 0 0

#Transform 178
Transform: AffineTransform_float_3_3
Parameters: 0.999919 -0.0112601 0.00580663 0.0112615 0.999937 -0.000153565 -0.00580428 0.000218435 0.999983 0.557608 0.207889 -0.916833
FixedParameters: 0 0 0

#Transform 179
Transform: AffineTransform_float_3_3
Parameters: 0.999923 -0.0108847 0.00586251 0.0108855 0.999941 7.29817e-05 -0.00586288 -9.02082e-06 0.999983 0.527996 0.195711 -0.885821
FixedParameters: 0 0 0
