# transform file /out/sourcedata/freesurfer/sub-v1s10x0051056_ses-1/mri/transforms/cc_up.lta
# created by oesteban on Thu Mar 12 07:05:38 2026

type      = 0 # LINEAR_VOX_TO_VOX
nxforms   = 1
mean      = 132.0000 150.0000 125.0000
sigma     = 10000.0000
1 4 4
9.976111650466919e-01 4.802713543176651e-02 4.965232312679291e-02 -1.573915290832520e+01 
-4.796776175498962e-02 9.988460540771484e-01 -2.387413987889886e-03 5.762326717376709e+00 
-4.970968887209892e-02 0.000000000000000e+00 9.987637400627136e-01 1.670756149291992e+01 
0.000000000000000e+00 0.000000000000000e+00 0.000000000000000e+00 1.000000000000000e+00 
src volume info
valid = 1  # volume info valid
filename = /out/sourcedata/freesurfer/sub-v1s10x0051056_ses-1/mri/norm.mgz
volume = 256 256 256
voxelsize = 1.000000000000000e+00 1.000000000000000e+00 1.000000000000000e+00
xras   = -1.000000000000000e+00 0.000000000000000e+00 0.000000000000000e+00
yras   = 0.000000000000000e+00 0.000000000000000e+00 -1.000000000000000e+00
zras   = 0.000000000000000e+00 1.000000000000000e+00 0.000000000000000e+00
cras   = 1.387535095214844e+00 -1.056625366210938e+01 1.000000000000000e+00
dst volume info
valid = 1  # volume info valid
filename = /out/sourcedata/freesurfer/sub-v1s10x0051056_ses-1/mri/norm.mgz
volume = 256 256 256
voxelsize = 1.000000000000000e+00 1.000000000000000e+00 1.000000000000000e+00
xras   = -1.000000000000000e+00 0.000000000000000e+00 0.000000000000000e+00
yras   = 0.000000000000000e+00 0.000000000000000e+00 -1.000000000000000e+00
zras   = 0.000000000000000e+00 1.000000000000000e+00 0.000000000000000e+00
cras   = 1.387535095214844e+00 -1.056625366210938e+01 1.000000000000000e+00
