# transform file /out/sourcedata/freesurfer/sub-v1s10x0050975_ses-1/mri/transforms/cc_up.lta
# created by oesteban on Thu Mar 12 02:03:38 2026

type      = 0 # LINEAR_VOX_TO_VOX
nxforms   = 1
mean      = 128.0000 143.0000 116.0000
sigma     = 10000.0000
1 4 4
9.946756362915039e-01 9.604030847549438e-02 -3.737394139170647e-02 -9.530005455017090e+00 
-9.597259014844894e-02 9.953774809837341e-01 3.606074023991823e-03 1.358347702026367e+01 
3.754750639200211e-02 -2.328306714094452e-10 9.992949366569519e-01 1.222828960418701e+01 
0.000000000000000e+00 0.000000000000000e+00 0.000000000000000e+00 1.000000000000000e+00 
src volume info
valid = 1  # volume info valid
filename = /out/sourcedata/freesurfer/sub-v1s10x0050975_ses-1/mri/norm.mgz
volume = 256 256 256
voxelsize = 1.000000000000000e+00 1.000000000000000e+00 1.000000000000000e+00
xras   = -1.000000000000000e+00 0.000000000000000e+00 0.000000000000000e+00
yras   = 0.000000000000000e+00 0.000000000000000e+00 -1.000000000000000e+00
zras   = 0.000000000000000e+00 1.000000000000000e+00 0.000000000000000e+00
cras   = 4.279579162597656e+00 2.445785522460938e+00 -4.783142089843750e+00
dst volume info
valid = 1  # volume info valid
filename = /out/sourcedata/freesurfer/sub-v1s10x0050975_ses-1/mri/norm.mgz
volume = 256 256 256
voxelsize = 1.000000000000000e+00 1.000000000000000e+00 1.000000000000000e+00
xras   = -1.000000000000000e+00 0.000000000000000e+00 0.000000000000000e+00
yras   = 0.000000000000000e+00 0.000000000000000e+00 -1.000000000000000e+00
zras   = 0.000000000000000e+00 1.000000000000000e+00 0.000000000000000e+00
cras   = 4.279579162597656e+00 2.445785522460938e+00 -4.783142089843750e+00
