# transform file /out/sourcedata/freesurfer/sub-v1s10x0051149_ses-1/mri/transforms/cc_up.lta
# created by oesteban on Thu Mar 12 10:37:19 2026

type      = 0 # LINEAR_VOX_TO_VOX
nxforms   = 1
mean      = 136.0000 133.0000 120.0000
sigma     = 10000.0000
1 4 4
9.979435801506042e-01 6.243569776415825e-02 1.450883783400059e-02 -1.547372055053711e+01 
-6.242910027503967e-02 9.980490803718567e-01 -9.076401474885643e-04 1.674081039428711e+01 
-1.453719940036535e-02 -5.820766785236131e-11 9.998943209648132e-01 1.596881961822510e+01 
0.000000000000000e+00 0.000000000000000e+00 0.000000000000000e+00 1.000000000000000e+00 
src volume info
valid = 1  # volume info valid
filename = /out/sourcedata/freesurfer/sub-v1s10x0051149_ses-1/mri/norm.mgz
volume = 256 256 256
voxelsize = 1.000000000000000e+00 1.000000000000000e+00 1.000000000000000e+00
xras   = -1.000000000000000e+00 0.000000000000000e+00 0.000000000000000e+00
yras   = 0.000000000000000e+00 0.000000000000000e+00 -1.000000000000000e+00
zras   = 0.000000000000000e+00 1.000000000000000e+00 0.000000000000000e+00
cras   = 6.651229858398438e-01 1.000000000000000e+00 1.000000000000000e+00
dst volume info
valid = 1  # volume info valid
filename = /out/sourcedata/freesurfer/sub-v1s10x0051149_ses-1/mri/norm.mgz
volume = 256 256 256
voxelsize = 1.000000000000000e+00 1.000000000000000e+00 1.000000000000000e+00
xras   = -1.000000000000000e+00 0.000000000000000e+00 0.000000000000000e+00
yras   = 0.000000000000000e+00 0.000000000000000e+00 -1.000000000000000e+00
zras   = 0.000000000000000e+00 1.000000000000000e+00 0.000000000000000e+00
cras   = 6.651229858398438e-01 1.000000000000000e+00 1.000000000000000e+00
