# transform file transforms/talairach.lta
# created by oesteban on Thu Mar 12 09:41:23 2026

type      = 0 # LINEAR_VOX_TO_VOX
nxforms   = 1
mean      = 136.0000 136.0000 120.0000
sigma     = 10000.0000
1 4 4
1.123215913772583e+00 8.483359217643738e-02 5.156905949115753e-02 -4.145626449584961e+01 
-9.231469035148621e-02 1.117438912391663e+00 4.571310877799988e-01 -7.157775878906250e+01 
-1.718426123261452e-02 -4.292040467262268e-01 9.254696369171143e-01 5.954305267333984e+01 
0.000000000000000e+00 0.000000000000000e+00 0.000000000000000e+00 1.000000000000000e+00 
src volume info
valid = 1  # volume info valid
filename = nu.mgz
volume = 256 256 256
voxelsize = 1.000000000000000e+00 1.000000000000000e+00 1.000000000000000e+00
xras   = -1.000000000000000e+00 0.000000000000000e+00 0.000000000000000e+00
yras   = 0.000000000000000e+00 0.000000000000000e+00 -1.000000000000000e+00
zras   = 0.000000000000000e+00 1.000000000000000e+00 0.000000000000000e+00
cras   = 6.651229858398438e-01 1.000000000000000e+00 1.000000000000000e+00
dst volume info
valid = 1  # volume info valid
filename = /opt/freesurfer/average/RB_all_2020-01-02.gca
volume = 256 256 256
voxelsize = 1.000000000000000e+00 1.000000000000000e+00 1.000000000000000e+00
xras   = -1.000000000000000e+00 0.000000000000000e+00 0.000000000000000e+00
yras   = 0.000000000000000e+00 0.000000000000000e+00 -1.000000000000000e+00
zras   = 0.000000000000000e+00 1.000000000000000e+00 0.000000000000000e+00
cras   = 0.000000000000000e+00 0.000000000000000e+00 0.000000000000000e+00
