#Insight Transform File V1.0
#Transform 0
Transform: AffineTransform_float_3_3
Parameters: 1 0.000148552 0.00034976 -0.000148403 1 -0.000213052 -0.000349823 0.000212948 1 0.058051 -0.205863 -0.327078
FixedParameters: 0 0 0

#Transform 1
Transform: AffineTransform_float_3_3
Parameters: 0.999999 0.000639841 -0.000350725 -0.000639684 1 0.000223224 0.00035101 -0.000222776 1 -0.00815552 0.02832 -0.0235738
FixedParameters: 0 0 0

#Transform 2
Transform: AffineTransform_float_3_3
Parameters: 1 0.000825237 -0.000674031 -0.000825241 1 -2.80325e-06 0.000674026 3.19638e-06 1 -0.00799106 0.049166 -0.0419613
FixedParameters: 0 0 0

#Transform 3
Transform: AffineTransform_float_3_3
Parameters: 0.999999 0.000872862 -0.000561485 -0.000872423 0.999999 -0.00077687 0.000560658 0.00077713 0.999999 -0.0235387 0.0411037 -0.122158
FixedParameters: 0 0 0

#Transform 4
Transform: AffineTransform_float_3_3
Parameters: 0.999999 0.00111141 -0.00063954 -0.00111185 0.999999 -0.000342649 0.000638777 0.00034335 1 -0.00419046 0.0748954 -0.0752674
FixedParameters: 0 0 0

#Transform 5
Transform: AffineTransform_float_3_3
Parameters: 1 0.00102294 -0.000208278 -0.00102295 1 -2.41464e-05 0.000208229 2.38532e-05 1 -0.0266176 0.067718 -0.0854993
FixedParameters: 0 0 0

#Transform 6
Transform: AffineTransform_float_3_3
Parameters: 1 0.000936286 -0.000412426 -0.000936128 1 0.000192027 0.000412785 -0.000191974 1 -0.0280255 0.0841551 -0.0464859
FixedParameters: 0 0 0

#Transform 7
Transform: AffineTransform_float_3_3
Parameters: 1 0.000970328 -0.000332148 -0.000970072 1 0.000384963 0.000332895 -0.000385037 1 -0.0199833 0.071559 -0.0526444
FixedParameters: 0 0 0

#Transform 8
Transform: AffineTransform_float_3_3
Parameters: 1 0.000849958 -0.000434166 -0.000849936 1 0.00047601 0.000434055 -0.000475991 1 -0.0205331 0.0773219 -0.0685259
FixedParameters: 0 0 0

#Transform 9
Transform: AffineTransform_float_3_3
Parameters: 0.999999 0.000938059 -0.000408256 -0.000937478 0.999999 0.000711024 0.00040959 -0.000710976 0.999999 -0.032443 0.0726708 -0.0725637
FixedParameters: 0 0 0

#Transform 10
Transform: AffineTransform_float_3_3
Parameters: 1 0.000875102 -0.000556748 -0.000874622 1 0.000431128 0.000557502 -0.000430872 1 -0.0250466 0.0693351 -0.0553497
FixedParameters: 0 0 0

#Transform 11
Transform: AffineTransform_float_3_3
Parameters: 1 0.000974442 -0.000322567 -0.000974555 1 -0.000175045 0.000322226 0.000174954 1 -0.052949 0.0821633 -0.0827467
FixedParameters: 0 0 0

#Transform 12
Transform: AffineTransform_float_3_3
Parameters: 0.999999 0.00138809 -0.000497026 -0.00138791 0.999999 0.000582331 0.000497721 -0.000581669 1 -0.0730918 0.101573 -0.0743335
FixedParameters: 0 0 0

#Transform 13
Transform: AffineTransform_float_3_3
Parameters: 0.999999 0.00104234 -0.000900186 -0.00104184 1 0.000495579 0.000900297 -0.000494422 0.999999 -0.0647146 0.101249 -0.0902263
FixedParameters: 0 0 0

#Transform 14
Transform: AffineTransform_float_3_3
Parameters: 0.999999 0.001043 -0.000862633 -0.00104237 1 0.00036554 0.000863394 -0.00036446 0.999999 -0.0616923 0.110793 -0.0764681
FixedParameters: 0 0 0

#Transform 15
Transform: AffineTransform_float_3_3
Parameters: 0.999998 0.00166777 -0.0010642 -0.00166772 0.999999 2.72085e-05 0.00106429 -2.57921e-05 1 -0.0898994 0.098187 -0.0503264
FixedParameters: 0 0 0

#Transform 16
Transform: AffineTransform_float_3_3
Parameters: 0.999998 0.00144235 -0.000955445 -0.00144226 0.999999 4.80187e-05 0.00095558 -4.59818e-05 0.999999 -0.108248 0.0982016 -0.0561737
FixedParameters: 0 0 0

#Transform 17
Transform: AffineTransform_float_3_3
Parameters: 0.999998 0.00126167 -0.000956122 -0.00126185 0.999999 -9.00003e-05 0.000955894 9.09988e-05 1 -0.0791485 0.0990897 -0.0594228
FixedParameters: 0 0 0

#Transform 18
Transform: AffineTransform_float_3_3
Parameters: 0.999998 0.00155724 -0.00108144 -0.00155725 0.999999 -5.88225e-06 0.00108142 7.11703e-06 0.999999 -0.105753 0.111176 -0.0692667
FixedParameters: 0 0 0

#Transform 19
Transform: AffineTransform_float_3_3
Parameters: 0.999998 0.00176624 -0.00117006 -0.00176615 0.999998 3.75003e-05 0.00117019 -3.55003e-05 0.999999 -0.121701 0.111642 -0.0622641
FixedParameters: 0 0 0

#Transform 20
Transform: AffineTransform_float_3_3
Parameters: 0.999998 0.00196361 -0.00125491 -0.00196421 0.999998 -0.000392462 0.00125428 0.000394537 0.999999 -0.13238 0.113847 -0.0897211
FixedParameters: 0 0 0

#Transform 21
Transform: AffineTransform_float_3_3
Parameters: 0.999999 0.00132243 -0.00123652 -0.00132423 0.999999 -0.000884571 0.0012351 0.000886428 0.999999 -0.0889368 0.111027 -0.120932
FixedParameters: 0 0 0

#Transform 22
Transform: AffineTransform_float_3_3
Parameters: 0.999998 0.00174628 -0.00113189 -0.00174764 0.999998 -0.000772742 0.00113011 0.000775255 0.999998 -0.128229 0.104245 -0.104861
FixedParameters: 0 0 0

#Transform 23
Transform: AffineTransform_float_3_3
Parameters: 0.999997 0.00151749 -0.00150569 -0.00151853 0.999999 -0.00103928 0.0015049 0.00104172 0.999998 -0.113458 0.10039 -0.13744
FixedParameters: 0 0 0

#Transform 24
Transform: AffineTransform_float_3_3
Parameters: 0.999997 0.00158439 -0.00153322 -0.00158457 0.999998 -0.000614985 0.00153272 0.000617015 0.999998 -0.124057 0.114092 -0.093421
FixedParameters: 0 0 0

#Transform 25
Transform: AffineTransform_float_3_3
Parameters: 0.999997 0.00180502 -0.00129344 -0.00180543 0.999998 -0.000156231 0.00129287 0.000158767 0.999999 -0.140195 0.105775 -0.0659593
FixedParameters: 0 0 0

#Transform 26
Transform: AffineTransform_float_3_3
Parameters: 0.999998 0.00174712 -0.00105647 -0.00174733 0.999998 8.52799e-05 0.00105584 -8.37225e-05 1 -0.162841 0.0945841 -0.0382062
FixedParameters: 0 0 0

#Transform 27
Transform: AffineTransform_float_3_3
Parameters: 0.999998 0.00186029 -0.00128588 -0.00186081 0.999999 -0.000355534 0.00128548 0.000357466 0.999999 -0.195097 0.0910259 -0.0675941
FixedParameters: 0 0 0

#Transform 28
Transform: AffineTransform_float_3_3
Parameters: 0.999996 0.00242284 -0.00143533 -0.00242277 0.999997 0.000162193 0.00143519 -0.00015881 0.999999 -0.228701 0.0867793 -0.0482081
FixedParameters: 0 0 0

#Transform 29
Transform: AffineTransform_float_3_3
Parameters: 0.999995 0.00261472 -0.00168166 -0.00261469 0.999997 -0.000104096 0.00168203 0.000107905 0.999999 -0.236904 0.105368 -0.0689471
FixedParameters: 0 0 0

#Transform 30
Transform: AffineTransform_float_3_3
Parameters: 0.999997 0.00217446 -0.00130386 -0.00217402 0.999997 0.000167909 0.00130459 -0.000165091 0.999999 -0.213179 0.0941017 -0.0540911
FixedParameters: 0 0 0

#Transform 31
Transform: AffineTransform_float_3_3
Parameters: 0.999997 0.00207656 -0.00119156 -0.00207641 0.999998 0.000227549 0.00119158 -0.000225453 0.999999 -0.205708 0.0918311 -0.0559209
FixedParameters: 0 0 0

#Transform 32
Transform: AffineTransform_float_3_3
Parameters: 0.999997 0.00202208 -0.00131982 -0.00202227 0.999998 7.97434e-05 0.00131922 -7.72594e-05 0.999999 -0.211084 0.0975504 -0.0617303
FixedParameters: 0 0 0

#Transform 33
Transform: AffineTransform_float_3_3
Parameters: 0.999997 0.00194652 -0.00146146 -0.00194702 0.999998 -0.000300929 0.00146121 0.000303071 0.999999 -0.208682 0.10027 -0.0830944
FixedParameters: 0 0 0

#Transform 34
Transform: AffineTransform_float_3_3
Parameters: 0.999997 0.00187818 -0.00155557 -0.00187919 0.999998 -0.000448004 0.00155481 0.000450995 0.999998 -0.220256 0.100479 -0.0868514
FixedParameters: 0 0 0

#Transform 35
Transform: AffineTransform_float_3_3
Parameters: 0.999997 0.00187125 -0.00152374 -0.00187146 0.999998 -0.000193922 0.00152393 0.000196078 0.999999 -0.22264 0.113761 -0.074705
FixedParameters: 0 0 0

#Transform 36
Transform: AffineTransform_float_3_3
Parameters: 0.999996 0.00218945 -0.0016521 -0.00218941 0.999997 -0.000104156 0.00165256 0.000107844 0.999998 -0.238741 0.112701 -0.0681545
FixedParameters: 0 0 0

#Transform 37
Transform: AffineTransform_float_3_3
Parameters: 0.999996 0.00241417 -0.00151177 -0.0024141 0.999997 -0.000104484 0.00151218 0.000107517 0.999999 -0.240184 0.130731 -0.0672815
FixedParameters: 0 0 0

#Transform 38
Transform: AffineTransform_float_3_3
Parameters: 0.999997 0.00216737 -0.00157067 -0.00216812 0.999998 -0.000362729 0.00157001 0.00036527 0.999999 -0.245738 0.123159 -0.09206
FixedParameters: 0 0 0

#Transform 39
Transform: AffineTransform_float_3_3
Parameters: 0.999996 0.00222394 -0.00163741 -0.00222389 0.999998 -0.000104492 0.00163786 0.000107509 0.999999 -0.235303 0.126248 -0.0781801
FixedParameters: 0 0 0

#Transform 40
Transform: AffineTransform_float_3_3
Parameters: 0.999996 0.00235818 -0.0015517 -0.00235811 0.999997 2.43737e-05 0.00155181 -2.06272e-05 0.999999 -0.243757 0.131217 -0.0773966
FixedParameters: 0 0 0

#Transform 41
Transform: AffineTransform_float_3_3
Parameters: 0.999996 0.00235254 -0.00153666 -0.00235287 0.999997 -0.000104518 0.00153616 0.00010748 0.999999 -0.216963 0.124279 -0.0769094
FixedParameters: 0 0 0

#Transform 42
Transform: AffineTransform_float_3_3
Parameters: 0.999997 0.0021915 -0.0016341 -0.00219223 0.999998 -0.000340552 0.00163352 0.000343447 0.999999 -0.24008 0.11633 -0.0785966
FixedParameters: 0 0 0

#Transform 43
Transform: AffineTransform_float_3_3
Parameters: 0.999996 0.00211539 -0.00142491 -0.00211549 0.999998 -3.29116e-05 0.00142476 3.60872e-05 0.999999 -0.260187 0.120566 -0.0576422
FixedParameters: 0 0 0

#Transform 44
Transform: AffineTransform_float_3_3
Parameters: 0.999997 0.00217176 -0.0010362 -0.00217198 0.999997 -0.000105676 0.00103574 0.000107323 1 -0.252407 0.121926 -0.0564255
FixedParameters: 0 0 0

#Transform 45
Transform: AffineTransform_float_3_3
Parameters: 0.999996 0.0023181 -0.001147 -0.00231816 0.999997 -2.34196e-05 0.00114688 2.65792e-05 0.999999 -0.283765 0.127907 -0.0576793
FixedParameters: 0 0 0

#Transform 46
Transform: AffineTransform_float_3_3
Parameters: 0.999996 0.00233349 -0.00114399 -0.00233374 0.999997 -0.000105256 0.00114349 0.000107742 0.999999 -0.272889 0.122474 -0.0568257
FixedParameters: 0 0 0

#Transform 47
Transform: AffineTransform_float_3_3
Parameters: 0.999997 0.00179314 -0.00155345 -0.00179418 0.999999 -0.00058514 0.00155319 0.00058786 0.999998 -0.24063 0.115652 -0.092545
FixedParameters: 0 0 0

#Transform 48
Transform: AffineTransform_float_3_3
Parameters: 0.999997 0.00216238 -0.00118399 -0.00216177 0.999998 0.000425482 0.0011849 -0.000422518 0.999999 -0.247077 0.117528 -0.0662985
FixedParameters: 0 0 0

#Transform 49
Transform: AffineTransform_float_3_3
Parameters: 0.999997 0.00212638 -0.000460135 -0.0021263 0.999997 -0.000332741 0.00045964 0.000333258 1 -0.270473 0.0754794 -0.0492383
FixedParameters: 0 0 0

#Transform 50
Transform: AffineTransform_float_3_3
Parameters: 0.999995 0.00298068 -0.00115239 -0.00298077 0.999995 -3.93629e-05 0.00115214 4.26354e-05 0.999999 -0.343617 0.112075 -0.0540128
FixedParameters: 0 0 0

#Transform 51
Transform: AffineTransform_float_3_3
Parameters: 0.999995 0.00282902 -0.00150943 -0.00282962 0.999996 -0.000328376 0.00150848 0.000332623 0.999999 -0.343821 0.116345 -0.0809882
FixedParameters: 0 0 0

#Transform 52
Transform: AffineTransform_float_3_3
Parameters: 0.999995 0.00286974 -0.00171026 -0.00287039 0.999996 -0.000301097 0.00170944 0.000305901 0.999998 -0.369312 0.11544 -0.0807916
FixedParameters: 0 0 0

#Transform 53
Transform: AffineTransform_float_3_3
Parameters: 0.999995 0.00276105 -0.0016681 -0.00276304 0.999995 -0.00145789 0.00166424 0.00146211 0.999998 -0.357338 0.0975226 -0.132856
FixedParameters: 0 0 0

#Transform 54
Transform: AffineTransform_float_3_3
Parameters: 0.999994 0.00321171 -0.00164666 -0.00321222 0.999995 -0.00078608 0.00164396 0.000790919 0.999998 -0.376443 0.107992 -0.09618
FixedParameters: 0 0 0

#Transform 55
Transform: AffineTransform_float_3_3
Parameters: 0.999994 0.00292761 -0.00173704 -0.00292957 0.999995 -0.000899409 0.00173452 0.00090459 0.999999 -0.34015 0.101596 -0.102742
FixedParameters: 0 0 0

#Transform 56
Transform: AffineTransform_float_3_3
Parameters: 0.999995 0.0028527 -0.00145362 -0.00285322 0.999996 -0.000445652 0.00145291 0.000450348 0.999998 -0.331512 0.113238 -0.0842613
FixedParameters: 0 0 0

#Transform 57
Transform: AffineTransform_float_3_3
Parameters: 0.999994 0.00269039 -0.00183588 -0.00269083 0.999996 -0.000221553 0.00183559 0.000226446 0.999998 -0.333845 0.106061 -0.0746701
FixedParameters: 0 0 0

#Transform 58
Transform: AffineTransform_float_3_3
Parameters: 0.999994 0.00314567 -0.00135996 -0.00314667 0.999994 -0.00079773 0.00135769 0.000801269 0.999999 -0.343958 0.113026 -0.102725
FixedParameters: 0 0 0

#Transform 59
Transform: AffineTransform_float_3_3
Parameters: 0.999995 0.00287633 -0.00139818 -0.00287647 0.999996 -4.66235e-05 0.0013979 5.03748e-05 0.999999 -0.344564 0.110531 -0.0749847
FixedParameters: 0 0 0

#Transform 60
Transform: AffineTransform_float_3_3
Parameters: 0.999994 0.00315926 -0.00184697 -0.00316023 0.999995 -0.000470378 0.00184582 0.000475622 0.999998 -0.357038 0.115088 -0.0939928
FixedParameters: 0 0 0

#Transform 61
Transform: AffineTransform_float_3_3
Parameters: 0.999993 0.00339793 -0.00153352 -0.00339826 0.999994 1.98472e-05 0.00153272 -1.51578e-05 0.999999 -0.378695 0.104441 -0.105728
FixedParameters: 0 0 0

#Transform 62
Transform: AffineTransform_float_3_3
Parameters: 0.999993 0.00329557 -0.00163358 -0.00329568 0.999994 -0.000550984 0.00163138 0.000556014 0.999998 -0.388235 0.111161 -0.0957583
FixedParameters: 0 0 0

#Transform 63
Transform: AffineTransform_float_3_3
Parameters: 0.999994 0.00327629 -0.00162529 -0.00327631 0.999995 -0.000528043 0.00162326 0.000532956 0.999999 -0.387297 0.105838 -0.0925252
FixedParameters: 0 0 0

#Transform 64
Transform: AffineTransform_float_3_3
Parameters: 0.999992 0.00326626 -0.00201438 -0.0032667 0.999994 -0.000526635 0.00201236 0.000533363 0.999997 -0.389817 0.107875 -0.134505
FixedParameters: 0 0 0

#Transform 65
Transform: AffineTransform_float_3_3
Parameters: 0.999992 0.00363149 -0.00177863 -0.00363332 0.999993 -0.00106127 0.0017755 0.00106773 0.999998 -0.388996 0.0923196 -0.121868
FixedParameters: 0 0 0

#Transform 66
Transform: AffineTransform_float_3_3
Parameters: 0.999994 0.00321524 -0.00176123 -0.00321632 0.999995 -0.000525551 0.00175968 0.000530448 0.999998 -0.367698 0.108929 -0.148347
FixedParameters: 0 0 0

#Transform 67
Transform: AffineTransform_float_3_3
Parameters: 0.999993 0.00324979 -0.00216019 -0.00325109 0.999995 -0.000692401 0.00215712 0.000698595 0.999997 -0.364125 0.113725 -0.114705
FixedParameters: 0 0 0

#Transform 68
Transform: AffineTransform_float_3_3
Parameters: 0.999993 0.00337839 -0.00191354 -0.00337985 0.999994 -0.00113075 0.00191008 0.00113725 0.999998 -0.364446 0.107405 -0.162688
FixedParameters: 0 0 0

#Transform 69
Transform: AffineTransform_float_3_3
Parameters: 0.999992 0.00348366 -0.0016667 -0.00348415 0.999994 -0.000263919 0.00166576 0.00026908 0.999999 -0.370894 0.107453 -0.0978515
FixedParameters: 0 0 0

#Transform 70
Transform: AffineTransform_float_3_3
Parameters: 0.999992 0.00364359 -0.00159714 -0.00364361 0.999993 -0.000124058 0.00159713 0.000129942 0.999999 -0.435612 0.10815 -0.0530849
FixedParameters: 0 0 0

#Transform 71
Transform: AffineTransform_float_3_3
Parameters: 0.999993 0.00359332 -0.00151853 -0.00359432 0.999993 -0.000712424 0.00151615 0.000717575 0.999998 -0.432428 0.121474 -0.0930819
FixedParameters: 0 0 0

#Transform 72
Transform: AffineTransform_float_3_3
Parameters: 0.999993 0.00303015 -0.0018973 -0.00303166 0.999995 -0.000706104 0.00189577 0.000711895 0.999998 -0.410896 0.0902274 -0.0935655
FixedParameters: 0 0 0

#Transform 73
Transform: AffineTransform_float_3_3
Parameters: 0.999993 0.00333211 -0.00196867 -0.00333487 0.999994 -0.00109465 0.00196503 0.00110134 0.999998 -0.425453 0.103731 -0.118621
FixedParameters: 0 0 0

#Transform 74
Transform: AffineTransform_float_3_3
Parameters: 0.999993 0.0032599 -0.00216452 -0.00326177 0.999995 -0.000700005 0.00216269 0.000706996 0.999998 -0.429812 0.129777 -0.100887
FixedParameters: 0 0 0

#Transform 75
Transform: AffineTransform_float_3_3
Parameters: 0.999992 0.00353493 -0.00215196 -0.00353591 0.999993 -0.000405965 0.0021509 0.000414034 0.999997 -0.42359 0.122508 -0.0925624
FixedParameters: 0 0 0

#Transform 76
Transform: AffineTransform_float_3_3
Parameters: 0.999993 0.00325496 -0.00187729 -0.00325552 0.999994 -0.000598104 0.00187483 0.000603893 0.999998 -0.413673 0.136164 -0.104989
FixedParameters: 0 0 0

#Transform 77
Transform: AffineTransform_float_3_3
Parameters: 0.999994 0.00321121 -0.00169319 -0.00321435 0.999994 -0.00161993 0.00168829 0.00162507 0.999997 -0.403876 0.117279 -0.152327
FixedParameters: 0 0 0

#Transform 78
Transform: AffineTransform_float_3_3
Parameters: 0.999994 0.00312769 -0.0019082 -0.00312815 0.999995 -0.000666247 0.00190639 0.000671754 0.999998 -0.395298 0.123985 -0.111147
FixedParameters: 0 0 0

#Transform 79
Transform: AffineTransform_float_3_3
Parameters: 0.999996 0.00270241 -0.00137979 -0.00270466 0.999996 -0.00138092 0.001376 0.00138408 0.999998 -0.366033 0.105378 -0.141068
FixedParameters: 0 0 0

#Transform 80
Transform: AffineTransform_float_3_3
Parameters: 0.999994 0.00324329 -0.00115849 -0.00324356 0.999995 -0.000620556 0.00115721 0.000624445 0.999999 -0.365434 0.123053 -0.0775162
FixedParameters: 0 0 0

#Transform 81
Transform: AffineTransform_float_3_3
Parameters: 0.999995 0.00306891 -0.00078662 -0.00306911 0.999995 -0.000627539 0.000784603 0.000629459 0.999999 -0.356968 0.148875 -0.0972774
FixedParameters: 0 0 0

#Transform 82
Transform: AffineTransform_float_3_3
Parameters: 0.999996 0.00257144 -0.0012128 -0.00257291 0.999996 -0.000929168 0.00120985 0.000931827 0.999999 -0.322534 0.111799 -0.109592
FixedParameters: 0 0 0

#Transform 83
Transform: AffineTransform_float_3_3
Parameters: 0.999996 0.00252536 -0.00132129 -0.00252599 0.999996 -0.00053195 0.00132044 0.00053505 0.999999 -0.295021 0.133563 -0.0919458
FixedParameters: 0 0 0

#Transform 84
Transform: AffineTransform_float_3_3
Parameters: 0.999996 0.00271817 -0.000867798 -0.00271937 0.999996 -0.00061108 0.000866702 0.000612919 0.999999 -0.328875 0.140008 -0.0864657
FixedParameters: 0 0 0

#Transform 85
Transform: AffineTransform_float_3_3
Parameters: 0.999996 0.00260479 -0.00113448 -0.0026048 0.999997 0.000169518 0.00113444 -0.000166485 0.999999 -0.31889 0.127023 -0.0576227
FixedParameters: 0 0 0

#Transform 86
Transform: AffineTransform_float_3_3
Parameters: 0.999996 0.00288624 -0.000860557 -0.00288647 0.999995 -0.000133107 0.000859781 0.00013589 0.999999 -0.325908 0.140479 -0.0789648
FixedParameters: 0 0 0

#Transform 87
Transform: AffineTransform_float_3_3
Parameters: 0.999996 0.00270826 -0.000890661 -0.00270843 0.999996 0.000121822 0.000890393 -0.000119181 0.999999 -0.322412 0.124103 -0.0618151
FixedParameters: 0 0 0

#Transform 88
Transform: AffineTransform_float_3_3
Parameters: 0.999996 0.00256628 -0.0012252 -0.00256635 0.999997 -2.62939e-05 0.00122506 2.97047e-05 0.999999 -0.307873 0.156082 -0.0662683
FixedParameters: 0 0 0

#Transform 89
Transform: AffineTransform_float_3_3
Parameters: 0.999996 0.00246582 -0.00125717 -0.0024656 0.999997 8.78146e-05 0.0012576 -8.51859e-05 0.999999 -0.323123 0.136036 -0.0744112
FixedParameters: 0 0 0

#Transform 90
Transform: AffineTransform_float_3_3
Parameters: 0.999996 0.00249136 -0.00140174 -0.00249214 0.999997 5.32081e-05 0.00140239 -4.97929e-05 0.999999 -0.325798 0.127483 -0.0653387
FixedParameters: 0 0 0

#Transform 91
Transform: AffineTransform_float_3_3
Parameters: 0.999996 0.00243687 -0.00134319 -0.00243711 0.999997 -9.10123e-05 0.00134274 9.39859e-05 0.999999 -0.301333 0.148971 -0.0837001
FixedParameters: 0 0 0

#Transform 92
Transform: AffineTransform_float_3_3
Parameters: 0.999994 0.00281236 -0.00162555 -0.00281281 0.999996 -0.000136073 0.00162477 0.000140924 0.999998 -0.316773 0.145187 -0.0833852
FixedParameters: 0 0 0

#Transform 93
Transform: AffineTransform_float_3_3
Parameters: 0.999996 0.00238299 -0.00145452 -0.00238343 0.999997 -0.00028182 0.00145409 0.00028518 0.999999 -0.292379 0.142939 -0.0803966
FixedParameters: 0 0 0

#Transform 94
Transform: AffineTransform_float_3_3
Parameters: 0.999996 0.00245907 -0.00137243 -0.00245975 0.999997 -0.000531912 0.00137165 0.000535088 0.999999 -0.299133 0.124891 -0.126909
FixedParameters: 0 0 0

#Transform 95
Transform: AffineTransform_float_3_3
Parameters: 0.999995 0.00273102 -0.0017347 -0.00273117 0.999996 -0.000530757 0.00173324 0.000535242 0.999998 -0.322409 0.133291 -0.104057
FixedParameters: 0 0 0

#Transform 96
Transform: AffineTransform_float_3_3
Parameters: 0.999995 0.00275267 -0.00154628 -0.00275247 0.999996 6.56113e-05 0.00154663 -6.13892e-05 0.999999 -0.330542 0.154524 -0.0875806
FixedParameters: 0 0 0

#Transform 97
Transform: AffineTransform_float_3_3
Parameters: 0.999995 0.0029451 -0.00161708 -0.00294604 0.999996 -0.000531244 0.00161577 0.000535756 0.999998 -0.348844 0.151755 -0.115316
FixedParameters: 0 0 0

#Transform 98
Transform: AffineTransform_float_3_3
Parameters: 0.999994 0.0028609 -0.00189222 -0.00286158 0.999996 -0.000280439 0.00189152 0.00028556 0.999998 -0.303913 0.154145 -0.101381
FixedParameters: 0 0 0

#Transform 99
Transform: AffineTransform_float_3_3
Parameters: 0.999995 0.00269849 -0.00167345 -0.0026992 0.999996 -0.00032713 0.00167259 0.000331869 0.999998 -0.303425 0.131547 -0.154517
FixedParameters: 0 0 0

#Transform 100
Transform: AffineTransform_float_3_3
Parameters: 0.999995 0.00278238 -0.0014761 -0.00278294 0.999996 -0.000187538 0.00147504 0.000191459 0.999999 -0.281127 0.150489 -0.128386
FixedParameters: 0 0 0

#Transform 101
Transform: AffineTransform_float_3_3
Parameters: 0.999995 0.00260825 -0.00188593 -0.00260892 0.999997 -0.000280574 0.00188538 0.000285425 0.999998 -0.281438 0.144086 -0.108303
FixedParameters: 0 0 0

#Transform 102
Transform: AffineTransform_float_3_3
Parameters: 0.999995 0.00276454 -0.00151838 -0.00276443 0.999996 0.000165553 0.00151837 -0.000161449 0.999999 -0.31417 0.148463 -0.0785477
FixedParameters: 0 0 0

#Transform 103
Transform: AffineTransform_float_3_3
Parameters: 0.999996 0.00266746 -0.00106115 -0.00266781 0.999996 -0.000532609 0.00106014 0.000535391 0.999999 -0.316894 0.135465 -0.109175
FixedParameters: 0 0 0

#Transform 104
Transform: AffineTransform_float_3_3
Parameters: 0.999995 0.00285788 -0.00129585 -0.00285758 0.999996 0.000267059 0.00129644 -0.000263943 0.999999 -0.324584 0.144596 -0.0745623
FixedParameters: 0 0 0

#Transform 105
Transform: AffineTransform_float_3_3
Parameters: 0.999996 0.00283415 -0.00100653 -0.00283479 0.999996 -0.000704948 0.00100436 0.000707051 0.999999 -0.343928 0.134164 -0.164024
FixedParameters: 0 0 0

#Transform 106
Transform: AffineTransform_float_3_3
Parameters: 0.999994 0.00314367 -0.00128026 -0.00314379 0.999995 -4.41327e-05 0.00127997 4.78654e-05 0.999999 -0.364447 0.150565 -0.105066
FixedParameters: 0 0 0

#Transform 107
Transform: AffineTransform_float_3_3
Parameters: 0.999994 0.00318977 -0.000838886 -0.00318969 0.999994 4.57257e-05 0.00083917 -4.32751e-05 1 -0.371352 0.129245 -0.155794
FixedParameters: 0 0 0

#Transform 108
Transform: AffineTransform_float_3_3
Parameters: 0.999995 0.00310683 -0.000753525 -0.00310685 0.999995 -0.000533764 0.000752042 0.000536235 0.999999 -0.364621 0.126708 -0.13957
FixedParameters: 0 0 0

#Transform 109
Transform: AffineTransform_float_3_3
Parameters: 0.999994 0.00287276 -0.00157763 -0.00287366 0.999995 -0.000531114 0.00157641 0.000535885 0.999998 -0.347593 0.13208 -0.156039
FixedParameters: 0 0 0

#Transform 110
Transform: AffineTransform_float_3_3
Parameters: 0.999994 0.00332783 -0.000964209 -0.00332798 0.999994 -7.71016e-05 0.000963687 7.98961e-05 1 -0.394795 0.135651 -0.146464
FixedParameters: 0 0 0

#Transform 111
Transform: AffineTransform_float_3_3
Parameters: 0.999994 0.00312534 -0.00132599 -0.00312567 0.999995 -0.000120013 0.00132523 0.000123984 0.999999 -0.395322 0.134977 -0.127536
FixedParameters: 0 0 0

#Transform 112
Transform: AffineTransform_float_3_3
Parameters: 0.999993 0.00363829 -0.000922018 -0.00363857 0.999993 -0.000571471 0.000919689 0.000574526 0.999999 -0.405407 0.158374 -0.162094
FixedParameters: 0 0 0

#Transform 113
Transform: AffineTransform_float_3_3
Parameters: 0.999994 0.00350996 -0.00106205 -0.00350895 0.999994 0.000229906 0.00106234 -0.000226097 0.999999 -0.404176 0.155348 -0.146367
FixedParameters: 0 0 0

#Transform 114
Transform: AffineTransform_float_3_3
Parameters: 0.999994 0.00321929 -0.00110466 -0.00321927 0.999995 1.02463e-05 0.00110472 -6.755e-06 0.999999 -0.37997 0.142117 -0.126417
FixedParameters: 0 0 0

#Transform 115
Transform: AffineTransform_float_3_3
Parameters: 0.999993 0.00346063 -0.00096387 -0.00346082 0.999994 -0.000299129 0.000962707 0.000302869 0.999999 -0.411762 0.12244 -0.184511
FixedParameters: 0 0 0

#Transform 116
Transform: AffineTransform_float_3_3
Parameters: 0.999994 0.00341322 -0.000832239 -0.00341343 0.999994 -0.000121623 0.000831399 0.000124374 0.999999 -0.414388 0.107744 -0.208223
FixedParameters: 0 0 0

#Transform 117
Transform: AffineTransform_float_3_3
Parameters: 0.999994 0.00350982 -0.000873499 -0.00350975 0.999993 -0.000184398 0.000873113 0.000187601 0.999999 -0.410012 0.127863 -0.184154
FixedParameters: 0 0 0

#Transform 118
Transform: AffineTransform_float_3_3
Parameters: 0.999994 0.00318866 -0.00117688 -0.00318856 0.999995 -0.000120558 0.00117702 0.000124442 0.999999 -0.40762 0.114636 -0.178584
FixedParameters: 0 0 0

#Transform 119
Transform: AffineTransform_float_3_3
Parameters: 0.999992 0.0036677 -0.00124072 -0.00366745 0.999994 0.000259523 0.00124169 -0.000255479 0.999999 -0.447063 0.154708 -0.14043
FixedParameters: 0 0 0

#Transform 120
Transform: AffineTransform_float_3_3
Parameters: 0.999992 0.00372886 -0.00148324 -0.00372877 0.999993 0.000164655 0.00148353 -0.000159348 0.999999 -0.463524 0.136747 -0.0726208
FixedParameters: 0 0 0

#Transform 121
Transform: AffineTransform_float_3_3
Parameters: 0.99999 0.00420718 -0.00148194 -0.00420624 0.99999 0.000844493 0.00148533 -0.000838509 0.999998 -0.486566 0.116392 -0.115472
FixedParameters: 0 0 0

#Transform 122
Transform: AffineTransform_float_3_3
Parameters: 0.99999 0.00429482 -0.00131062 -0.0042931 0.99999 0.0010531 0.00131464 -0.00104691 0.999999 -0.490217 0.112078 -0.128816
FixedParameters: 0 0 0

#Transform 123
Transform: AffineTransform_float_3_3
Parameters: 0.99999 0.00416607 -0.00121993 -0.00416544 0.999991 0.000897549 0.00122371 -0.000892454 0.999999 -0.48573 0.119915 -0.129703
FixedParameters: 0 0 0

#Transform 124
Transform: AffineTransform_float_3_3
Parameters: 0.99999 0.00412587 -0.0013155 -0.00412593 0.999991 0.000277889 0.00131592 -0.000272116 0.999999 -0.471761 0.105981 -0.148185
FixedParameters: 0 0 0

#Transform 125
Transform: AffineTransform_float_3_3
Parameters: 0.99999 0.00417284 -0.00120419 -0.00417234 0.999992 0.000696977 0.00120723 -0.000692025 0.999999 -0.452109 0.114708 -0.173562
FixedParameters: 0 0 0

#Transform 126
Transform: AffineTransform_float_3_3
Parameters: 0.999991 0.00419886 -0.00114296 -0.0041983 0.999991 0.000587903 0.00114604 -0.000584096 0.999999 -0.447186 0.119884 -0.147196
FixedParameters: 0 0 0

#Transform 127
Transform: AffineTransform_float_3_3
Parameters: 0.999991 0.00422539 -0.00108033 -0.00422529 0.999991 0.000592876 0.00108256 -0.000588127 0.999999 -0.453835 0.115122 -0.144979
FixedParameters: 0 0 0

#Transform 128
Transform: AffineTransform_float_3_3
Parameters: 0.999992 0.00381253 -0.00107137 -0.00381243 0.999993 -0.000133098 0.00107126 0.000136902 0.999999 -0.45435 0.109186 -0.157066
FixedParameters: 0 0 0

#Transform 129
Transform: AffineTransform_float_3_3
Parameters: 0.999992 0.00398316 -0.000405642 -0.00398317 0.999992 -1.21523e-05 0.000405539 1.38459e-05 1 -0.451912 0.103148 -0.177612
FixedParameters: 0 0 0

#Transform 130
Transform: AffineTransform_float_3_3
Parameters: 0.999992 0.00389072 -0.00106971 -0.00388931 0.999992 0.00113899 0.00107357 -0.00113502 0.999999 -0.457326 0.117985 -0.134328
FixedParameters: 0 0 0

#Transform 131
Transform: AffineTransform_float_3_3
Parameters: 0.99999 0.00442043 -0.000296859 -0.00442044 0.99999 -1.34804e-05 0.000296736 1.45176e-05 1 -0.481038 0.132644 -0.146657
FixedParameters: 0 0 0

#Transform 132
Transform: AffineTransform_float_3_3
Parameters: 0.999991 0.00435872 -0.000600914 -0.00435873 0.999991 -1.20207e-05 0.000600796 1.49773e-05 1 -0.482445 0.119414 -0.167941
FixedParameters: 0 0 0

#Transform 133
Transform: AffineTransform_float_3_3
Parameters: 0.999989 0.0045372 -0.000574563 -0.00453722 0.99999 -1.23927e-05 0.00057444 1.46052e-05 1 -0.485291 0.123963 -0.143553
FixedParameters: 0 0 0

#Transform 134
Transform: AffineTransform_float_3_3
Parameters: 0.999988 0.00482535 -0.000673803 -0.00482619 0.999988 -0.000811269 0.000669108 0.000814724 0.999999 -0.516815 0.109217 -0.230161
FixedParameters: 0 0 0

#Transform 135
Transform: AffineTransform_float_3_3
Parameters: 0.999989 0.00474896 -0.000807398 -0.00474884 0.999989 7.7476e-05 0.000808115 -7.35242e-05 1 -0.514414 0.115952 -0.176972
FixedParameters: 0 0 0

#Transform 136
Transform: AffineTransform_float_3_3
Parameters: 0.999988 0.00480537 -0.00104015 -0.00480526 0.999988 0.000239075 0.00104151 -0.000234926 0.999999 -0.52246 0.119188 -0.160759
FixedParameters: 0 0 0

#Transform 137
Transform: AffineTransform_float_3_3
Parameters: 0.999989 0.00480292 -0.00047236 -0.0048035 0.999989 -0.000467401 0.000470091 0.000469597 1 -0.526534 0.0944126 -0.211547
FixedParameters: 0 0 0

#Transform 138
Transform: AffineTransform_float_3_3
Parameters: 0.999986 0.00503608 -0.00113972 -0.00503625 0.999987 -6.8699e-05 0.001139 7.4297e-05 0.999999 -0.540404 0.106506 -0.203123
FixedParameters: 0 0 0

#Transform 139
Transform: AffineTransform_float_3_3
Parameters: 0.999989 0.00473767 -0.00101866 -0.0047386 0.999988 -0.00115875 0.00101357 0.00116325 0.999999 -0.533983 0.102732 -0.212417
FixedParameters: 0 0 0

#Transform 140
Transform: AffineTransform_float_3_3
Parameters: 0.999985 0.00546726 -0.00124803 -0.00546759 0.999985 -0.000283978 0.00124581 0.000291016 1 -0.578467 0.106407 -0.198045
FixedParameters: 0 0 0

#Transform 141
Transform: AffineTransform_float_3_3
Parameters: 0.999984 0.00547143 -0.00132471 -0.0054713 0.999985 -9.39108e-05 0.00132456 0.000101089 0.999999 -0.585172 0.140473 -0.162205
FixedParameters: 0 0 0

#Transform 142
Transform: AffineTransform_float_3_3
Parameters: 0.999986 0.00501199 -0.00127897 -0.00501311 0.999987 -0.000378879 0.00127737 0.00038512 0.999999 -0.539356 0.129861 -0.179451
FixedParameters: 0 0 0

#Transform 143
Transform: AffineTransform_float_3_3
Parameters: 0.999987 0.00491587 -0.000883232 -0.00491765 0.999987 -0.00107254 0.000878045 0.00107746 0.999999 -0.55681 0.119767 -0.210081
FixedParameters: 0 0 0

#Transform 144
Transform: AffineTransform_float_3_3
Parameters: 0.999985 0.00537343 -0.00107051 -0.00537282 0.999985 0.000406167 0.00107168 -0.00039984 1 -0.566005 0.13313 -0.144664
FixedParameters: 0 0 0

#Transform 145
Transform: AffineTransform_float_3_3
Parameters: 0.999987 0.00476544 -0.00137806 -0.00476533 0.999989 -9.82074e-05 0.00137801 0.000104793 0.999999 -0.55153 0.123626 -0.148714
FixedParameters: 0 0 0

#Transform 146
Transform: AffineTransform_float_3_3
Parameters: 0.999986 0.00538727 -0.000611788 -0.00538732 0.999986 -3.26006e-05 0.000611422 3.53963e-05 1 -0.568442 0.137298 -0.0950227
FixedParameters: 0 0 0

#Transform 147
Transform: AffineTransform_float_3_3
Parameters: 0.99999 0.00434319 -0.000281727 -0.00434291 0.999989 0.0013858 0.000287453 -0.0013842 0.999999 -0.507045 0.108894 -0.00211184
FixedParameters: 0 0 0

#Transform 148
Transform: AffineTransform_float_3_3
Parameters: 0.999991 0.00407496 -0.000248603 -0.00407452 0.999992 0.000617585 0.0002514 -0.000616415 0.999999 -0.501314 0.110384 -0.0551695
FixedParameters: 0 0 0

#Transform 149
Transform: AffineTransform_float_3_3
Parameters: 0.999991 0.00417987 -0.000293917 -0.00417909 0.999991 0.000417952 0.000296096 -0.000417048 1 -0.514916 0.114777 -0.0686877
FixedParameters: 0 0 0

#Transform 150
Transform: AffineTransform_float_3_3
Parameters: 0.999989 0.00453231 -0.000277944 -0.00453257 0.999989 0.00025047 0.00027929 -0.000249531 1 -0.520374 0.126792 -0.0953924
FixedParameters: 0 0 0

#Transform 151
Transform: AffineTransform_float_3_3
Parameters: 0.999989 0.00468994 -7.46003e-05 -0.00468973 0.999989 0.000422257 7.63268e-05 -0.000421747 1 -0.529637 0.122336 -0.105087
FixedParameters: 0 0 0

#Transform 152
Transform: AffineTransform_float_3_3
Parameters: 0.999988 0.00476634 -3.41186e-05 -0.00476655 0.999988 0.000671073 3.73629e-05 -0.000670929 1 -0.531295 0.111052 -0.0956579
FixedParameters: 0 0 0

#Transform 153
Transform: AffineTransform_float_3_3
Parameters: 0.999987 0.00506291 0.000522107 -0.00506383 0.999987 0.000636168 -0.000518803 -0.000638833 0.999999 -0.531894 0.114782 -0.153381
FixedParameters: 0 0 0

#Transform 154
Transform: AffineTransform_float_3_3
Parameters: 0.99999 0.0043001 0.000282408 -0.00430028 0.999991 0.000556412 -0.00027985 -0.000557589 1 -0.520439 0.104642 -0.118042
FixedParameters: 0 0 0

#Transform 155
Transform: AffineTransform_float_3_3
Parameters: 0.999991 0.00438639 -0.000317985 -0.00438544 0.999991 4.66025e-05 0.000317998 -4.53998e-05 1 -0.507637 0.121132 -0.0873957
FixedParameters: 0 0 0

#Transform 156
Transform: AffineTransform_float_3_3
Parameters: 0.999992 0.0041188 0.000163557 -0.00411919 0.999991 -0.000832547 -0.000166872 0.000832452 1 -0.504065 0.110597 -0.127327
FixedParameters: 0 0 0

#Transform 157
Transform: AffineTransform_float_3_3
Parameters: 0.99999 0.00444039 -0.000576278 -0.00443984 0.99999 0.000356922 0.000577203 -0.000354082 1 -0.523226 0.125117 -0.0836599
FixedParameters: 0 0 0

#Transform 158
Transform: AffineTransform_float_3_3
Parameters: 0.999989 0.00478822 0.000330321 -0.00478876 0.999989 0.000225377 -0.000329077 -0.000226623 0.999999 -0.52951 0.116155 -0.106617
FixedParameters: 0 0 0

#Transform 159
Transform: AffineTransform_float_3_3
Parameters: 0.999989 0.00483782 -2.08605e-05 -0.00483783 0.999989 -0.000205152 1.88721e-05 0.000205841 1 -0.530856 0.119094 -0.145463
FixedParameters: 0 0 0

#Transform 160
Transform: AffineTransform_float_3_3
Parameters: 0.999988 0.00477049 -0.000266654 -0.00477109 0.999989 0.000339818 0.000268047 -0.000338184 0.999999 -0.532222 0.121657 -0.119564
FixedParameters: 0 0 0

#Transform 161
Transform: AffineTransform_float_3_3
Parameters: 0.999989 0.00469442 -0.000369573 -0.00469464 0.999989 0.000239433 0.000370891 -0.000237568 1 -0.516547 0.113503 -0.11745
FixedParameters: 0 0 0

#Transform 162
Transform: AffineTransform_float_3_3
Parameters: 0.999987 0.00508134 0.000414381 -0.0050812 0.999986 0.000636859 -0.000411441 -0.000639144 1 -0.523633 0.117104 -0.0971715
FixedParameters: 0 0 0

#Transform 163
Transform: AffineTransform_float_3_3
Parameters: 0.999988 0.00502779 -0.000201891 -0.00502781 0.999987 0.000568565 0.00020445 -0.000567439 1 -0.54009 0.12693 -0.10451
FixedParameters: 0 0 0

#Transform 164
Transform: AffineTransform_float_3_3
Parameters: 0.999988 0.00476164 -0.000541377 -0.00476176 0.999989 0.000258917 0.000542908 -0.000256084 1 -0.525115 0.127594 -0.101973
FixedParameters: 0 0 0

#Transform 165
Transform: AffineTransform_float_3_3
Parameters: 0.999989 0.00458655 -0.00155342 -0.00458618 0.999989 0.000248659 0.00155475 -0.000242342 0.999999 -0.593242 0.138023 -0.0633873
FixedParameters: 0 0 0

#Transform 166
Transform: AffineTransform_float_3_3
Parameters: 0.999991 0.00404399 -0.000633271 -0.00404393 0.999992 4.80741e-05 0.000633651 -4.59267e-05 0.999999 -0.553502 0.141751 -0.0949709
FixedParameters: 0 0 0

#Transform 167
Transform: AffineTransform_float_3_3
Parameters: 0.99999 0.00443196 -0.000526818 -0.00443139 0.99999 0.000413699 0.000528242 -0.000411304 1 -0.563512 0.14443 -0.0708922
FixedParameters: 0 0 0

#Transform 168
Transform: AffineTransform_float_3_3
Parameters: 0.999992 0.00399021 -0.000424681 -0.00399017 0.999992 4.77744e-05 0.000425052 -4.52265e-05 1 -0.54037 0.137652 -0.0811905
FixedParameters: 0 0 0

#Transform 169
Transform: AffineTransform_float_3_3
Parameters: 0.999992 0.00397152 -0.000468341 -0.00397174 0.999992 0.000180094 0.000468842 -0.000177909 1 -0.522365 0.132787 -0.0759024
FixedParameters: 0 0 0

#Transform 170
Transform: AffineTransform_float_3_3
Parameters: 0.999992 0.00403944 -0.000308696 -0.00403941 0.999992 4.73268e-05 0.000309071 -4.56741e-05 1 -0.52442 0.144428 -0.0892508
FixedParameters: 0 0 0

#Transform 171
Transform: AffineTransform_float_3_3
Parameters: 0.999991 0.00405819 -0.000264511 -0.00405816 0.999991 4.71532e-05 0.000264888 -4.58476e-05 1 -0.532208 0.134032 -0.0943134
FixedParameters: 0 0 0

#Transform 172
Transform: AffineTransform_float_3_3
Parameters: 0.999991 0.0042297 -0.000579786 -0.00422971 0.999991 -2.82789e-06 0.000579747 6.17032e-06 1 -0.522401 0.140043 -0.0777082
FixedParameters: 0 0 0

#Transform 173
Transform: AffineTransform_float_3_3
Parameters: 0.999991 0.00405584 -0.000270034 -0.00405582 0.999991 4.7175e-05 0.000270411 -4.58258e-05 1 -0.502146 0.13834 -0.0932617
FixedParameters: 0 0 0

#Transform 174
Transform: AffineTransform_float_3_3
Parameters: 0.999992 0.00401962 -0.000490144 -0.00401965 0.999992 0.000363846 0.000492141 -0.000362154 1 -0.500288 0.137817 -0.0998596
FixedParameters: 0 0 0

#Transform 175
Transform: AffineTransform_float_3_3
Parameters: 0.999992 0.0039279 -0.000422608 -0.00392813 0.999992 0.000196741 0.000423223 -0.000194261 1 -0.485394 0.139847 -0.076598
FixedParameters: 0 0 0

#Transform 176
Transform: AffineTransform_float_3_3
Parameters: 0.999992 0.004027 -0.000337379 -0.00402723 0.999992 0.00023944 0.00033838 -0.000237561 1 -0.496273 0.136817 -0.0905787
FixedParameters: 0 0 0

#Transform 177
Transform: AffineTransform_float_3_3
Parameters: 0.999993 0.0036732 0.000104005 -0.00367365 0.999993 0.000290059 -0.000102791 -0.000290942 1 -0.488724 0.114873 -0.0732262
FixedParameters: 0 0 0

#Transform 178
Transform: AffineTransform_float_3_3
Parameters: 0.999993 0.0038756 0.000263643 -0.00387614 0.999992 0.000288626 -0.000262323 -0.000289374 1 -0.481358 0.121859 -0.10162
FixedParameters: 0 0 0

#Transform 179
Transform: AffineTransform_float_3_3
Parameters: 0.99999 0.00432874 4.85878e-05 -0.00432814 0.99999 0.000781724 -4.53611e-05 -0.000782279 1 -0.52807 0.104616 -0.101392
FixedParameters: 0 0 0
