# transform file /out/sourcedata/freesurfer/sub-v1s10x0051114_ses-1/mri/transforms/cc_up.lta
# created by oesteban on Thu Mar 12 09:32:36 2026

type      = 0 # LINEAR_VOX_TO_VOX
nxforms   = 1
mean      = 128.0000 129.0000 118.0000
sigma     = 10000.0000
1 4 4
9.989357590675354e-01 1.593782752752304e-02 -4.328186064958572e-02 1.688930988311768e+00 
-1.592288911342621e-02 9.998729825019836e-01 6.899064755998552e-04 1.998347091674805e+01 
4.328735917806625e-02 0.000000000000000e+00 9.990626573562622e-01 1.454448127746582e+01 
0.000000000000000e+00 0.000000000000000e+00 0.000000000000000e+00 1.000000000000000e+00 
src volume info
valid = 1  # volume info valid
filename = /out/sourcedata/freesurfer/sub-v1s10x0051114_ses-1/mri/norm.mgz
volume = 256 256 256
voxelsize = 1.000000000000000e+00 1.000000000000000e+00 1.000000000000000e+00
xras   = -1.000000000000000e+00 0.000000000000000e+00 0.000000000000000e+00
yras   = 0.000000000000000e+00 0.000000000000000e+00 -1.000000000000000e+00
zras   = 0.000000000000000e+00 1.000000000000000e+00 0.000000000000000e+00
cras   = -4.395118713378906e+00 -5.506027221679688e+00 -1.168670654296875e+00
dst volume info
valid = 1  # volume info valid
filename = /out/sourcedata/freesurfer/sub-v1s10x0051114_ses-1/mri/norm.mgz
volume = 256 256 256
voxelsize = 1.000000000000000e+00 1.000000000000000e+00 1.000000000000000e+00
xras   = -1.000000000000000e+00 0.000000000000000e+00 0.000000000000000e+00
yras   = 0.000000000000000e+00 0.000000000000000e+00 -1.000000000000000e+00
zras   = 0.000000000000000e+00 1.000000000000000e+00 0.000000000000000e+00
cras   = -4.395118713378906e+00 -5.506027221679688e+00 -1.168670654296875e+00
