#Insight Transform File V1.0
#Transform 0
Transform: AffineTransform_float_3_3
Parameters: 1 0.000251214 -9.66091e-05 -0.00025105 0.999999 0.000848024 9.7035e-05 -0.000847975 0.999999 0.0614626 -0.195635 -0.268885
FixedParameters: 0 0 0

#Transform 1
Transform: AffineTransform_float_3_3
Parameters: 1 0.000386046 -0.000214021 -0.000386209 1 -0.000380917 0.000213727 0.000381082 1 0.0107089 0.0914616 -0.0592994
FixedParameters: 0 0 0

#Transform 2
Transform: AffineTransform_float_3_3
Parameters: 1 0.000412517 0.000145544 -0.00041266 1 0.00048894 -0.000145141 -0.00048906 1 -0.0187804 0.101227 -0.225731
FixedParameters: 0 0 0

#Transform 3
Transform: AffineTransform_float_3_3
Parameters: 1 0.000162674 0.000388307 -0.000162639 1 -4.50631e-05 -0.000388321 4.49368e-05 1 0.00940846 0.154984 -0.221142
FixedParameters: 0 0 0

#Transform 4
Transform: AffineTransform_float_3_3
Parameters: 1 0.000301551 0.000329407 -0.000301755 1 0.000308901 -0.00032922 -0.000309099 1 0.00223418 0.120317 -0.255126
FixedParameters: 0 0 0

#Transform 5
Transform: AffineTransform_float_3_3
Parameters: 1 -0.000206707 0.000265715 0.00020639 1 0.000596055 -0.000265961 -0.000595945 1 0.0148746 0.132726 -0.346229
FixedParameters: 0 0 0

#Transform 6
Transform: AffineTransform_float_3_3
Parameters: 1 0.000122109 0.000165509 -0.000122551 0.999999 0.00133498 -0.000165182 -0.00133502 0.999999 0.0050788 0.135287 -0.340043
FixedParameters: 0 0 0

#Transform 7
Transform: AffineTransform_float_3_3
Parameters: 1 0.000162649 -6.98222e-05 -0.000162427 0.999998 0.00158501 7.03374e-05 -0.00158499 0.999998 0.00505489 0.138872 -0.363645
FixedParameters: 0 0 0

#Transform 8
Transform: AffineTransform_float_3_3
Parameters: 1 -0.00043817 -2.95862e-05 0.000437315 1 0.00112499 2.8992e-05 -0.00112501 1 0.0278499 0.16458 -0.339517
FixedParameters: 0 0 0

#Transform 9
Transform: AffineTransform_float_3_3
Parameters: 1 -0.000261275 2.1462e-05 0.000261217 0.999999 0.00133501 -2.21595e-05 -0.00133499 0.999999 0.0238247 0.135654 -0.335934
FixedParameters: 0 0 0

#Transform 10
Transform: AffineTransform_float_3_3
Parameters: 1 -0.000302325 1.1742e-05 0.000302689 1 0.00112785 -1.15037e-05 -0.00112715 0.999999 0.0154977 0.152963 -0.363407
FixedParameters: 0 0 0

#Transform 11
Transform: AffineTransform_float_3_3
Parameters: 1 -0.000321795 -0.000506669 0.000322563 0.999999 0.00127984 0.000507155 -0.00128016 0.999999 0.0331025 0.13895 -0.390181
FixedParameters: 0 0 0

#Transform 12
Transform: AffineTransform_float_3_3
Parameters: 1 -0.000444531 -0.000475278 0.000444409 0.999999 0.000840149 0.000474922 -0.000839852 1 0.0461217 0.128029 -0.439956
FixedParameters: 0 0 0

#Transform 13
Transform: AffineTransform_float_3_3
Parameters: 0.999999 -0.000594203 -0.000584451 0.000594805 0.999999 0.000514652 0.000583839 -0.000515347 0.999999 0.0507368 0.157039 -0.470328
FixedParameters: 0 0 0

#Transform 14
Transform: AffineTransform_float_3_3
Parameters: 1 0.000127573 -0.000152758 -0.000128092 0.999999 0.00131002 0.000153484 -0.00130998 0.999999 0.0161571 0.157894 -0.37487
FixedParameters: 0 0 0

#Transform 15
Transform: AffineTransform_float_3_3
Parameters: 1 -0.000238074 1.48754e-06 0.000237535 0.999995 0.002972 -1.5898e-06 -0.002972 0.999995 0.0234627 0.14953 -0.249236
FixedParameters: 0 0 0

#Transform 16
Transform: AffineTransform_float_3_3
Parameters: 1 -0.000103844 -0.000188405 0.000103891 1 0.00012398 0.000188379 -0.00012402 1 0.0855878 0.163804 -0.22215
FixedParameters: 0 0 0

#Transform 17
Transform: AffineTransform_float_3_3
Parameters: 1 -0.000109146 -5.26134e-05 0.00010964 0.999999 0.000970993 5.33214e-05 -0.000971005 0.999999 0.0381485 0.155267 -0.39366
FixedParameters: 0 0 0

#Transform 18
Transform: AffineTransform_float_3_3
Parameters: 1 -0.000353174 5.07334e-05 0.000353478 0.999999 0.000857865 -5.04189e-05 -0.000857134 0.999999 0.0630202 0.165788 -0.419499
FixedParameters: 0 0 0

#Transform 19
Transform: AffineTransform_float_3_3
Parameters: 1 -0.000378044 0.000245885 0.000377628 0.999999 0.000846092 -0.000246524 -0.000845906 0.999999 0.0664001 0.145817 -0.459168
FixedParameters: 0 0 0

#Transform 20
Transform: AffineTransform_float_3_3
Parameters: 0.999999 -0.000706739 0.000200602 0.00070686 0.999999 0.000673141 -0.000200632 -0.000672858 1 0.0722134 0.147293 -0.524363
FixedParameters: 0 0 0

#Transform 21
Transform: AffineTransform_float_3_3
Parameters: 0.999999 -0.000797948 -2.11349e-06 0.00079795 0.999999 0.000992999 5.28774e-07 -0.000993001 1 0.0946646 0.179457 -0.491889
FixedParameters: 0 0 0

#Transform 22
Transform: AffineTransform_float_3_3
Parameters: 0.999999 -0.000840209 -0.000182435 0.000840315 0.999998 0.00174785 0.000180808 -0.00174815 0.999999 0.0735545 0.169286 -0.476219
FixedParameters: 0 0 0

#Transform 23
Transform: AffineTransform_float_3_3
Parameters: 0.999999 -0.000630055 -0.000740875 0.000629955 0.999999 0.000553893 0.000740567 -0.000554107 1 0.0891449 0.176933 -0.472997
FixedParameters: 0 0 0

#Transform 24
Transform: AffineTransform_float_3_3
Parameters: 0.999999 -0.00112278 -0.000802829 0.00112384 0.999999 0.000989946 0.000801915 -0.000991054 0.999999 0.102259 0.163559 -0.478803
FixedParameters: 0 0 0

#Transform 25
Transform: AffineTransform_float_3_3
Parameters: 0.999999 -0.00110764 -0.000557904 0.00110719 0.999999 0.000426589 0.00055735 -0.00042641 1 0.0885369 0.155133 -0.516862
FixedParameters: 0 0 0

#Transform 26
Transform: AffineTransform_float_3_3
Parameters: 0.999999 -0.0012767 -0.000630335 0.0012768 0.999999 7.7402e-05 0.000630137 -7.75973e-05 1 0.104989 0.167926 -0.529118
FixedParameters: 0 0 0

#Transform 27
Transform: AffineTransform_float_3_3
Parameters: 0.999998 -0.00130201 -0.000952319 0.00130322 0.999999 0.000425966 0.000952129 -0.000427033 0.999999 0.112655 0.157114 -0.518991
FixedParameters: 0 0 0

#Transform 28
Transform: AffineTransform_float_3_3
Parameters: 0.999998 -0.0015563 -0.000651787 0.00155695 0.999998 0.000905681 0.000650278 -0.000906318 0.999999 0.131167 0.175632 -0.557042
FixedParameters: 0 0 0

#Transform 29
Transform: AffineTransform_float_3_3
Parameters: 0.999999 -0.00164956 -0.000841789 0.00164922 0.999999 0.000340459 0.000841053 -0.00034254 1 0.137957 0.179648 -0.587342
FixedParameters: 0 0 0

#Transform 30
Transform: AffineTransform_float_3_3
Parameters: 0.999999 -0.00157523 -0.000669062 0.00157571 0.999998 0.00114879 0.000668062 -0.00115021 0.999999 0.131585 0.179349 -0.561154
FixedParameters: 0 0 0

#Transform 31
Transform: AffineTransform_float_3_3
Parameters: 0.999998 -0.00169161 -0.000538142 0.00169213 0.999998 0.000983785 0.000536123 -0.000984213 0.999999 0.113553 0.18186 -0.558701
FixedParameters: 0 0 0

#Transform 32
Transform: AffineTransform_float_3_3
Parameters: 0.999999 -0.00176683 -0.000570756 0.00176782 0.999998 0.000525686 0.000569818 -0.000526313 1 0.136948 0.172512 -0.548852
FixedParameters: 0 0 0

#Transform 33
Transform: AffineTransform_float_3_3
Parameters: 0.999998 -0.00154739 -0.000551552 0.00154883 0.999997 0.00191664 0.000549158 -0.00191836 0.999998 0.125933 0.198271 -0.536754
FixedParameters: 0 0 0

#Transform 34
Transform: AffineTransform_float_3_3
Parameters: 0.999999 -0.00172366 -0.000438775 0.00172446 0.999997 0.00168109 0.00043652 -0.00168191 0.999999 0.131331 0.193923 -0.539134
FixedParameters: 0 0 0

#Transform 35
Transform: AffineTransform_float_3_3
Parameters: 0.999998 -0.00160344 -0.000682283 0.00160414 0.999998 0.00128776 0.000680773 -0.00128925 1 0.131248 0.18445 -0.527091
FixedParameters: 0 0 0

#Transform 36
Transform: AffineTransform_float_3_3
Parameters: 0.999998 -0.00169564 -0.000902451 0.00169701 0.999997 0.00185853 0.000899157 -0.00185947 0.999998 0.132937 0.170448 -0.564652
FixedParameters: 0 0 0

#Transform 37
Transform: AffineTransform_float_3_3
Parameters: 0.999997 -0.00208563 -0.000738844 0.0020864 0.999997 0.00124316 0.000736276 -0.00124484 0.999999 0.122814 0.177125 -0.603181
FixedParameters: 0 0 0

#Transform 38
Transform: AffineTransform_float_3_3
Parameters: 0.999998 -0.00172312 -0.000966487 0.00172423 0.999997 0.00159718 0.00096399 -0.00159982 0.999998 0.115007 0.157146 -0.618958
FixedParameters: 0 0 0

#Transform 39
Transform: AffineTransform_float_3_3
Parameters: 0.999998 -0.00174531 -0.0010174 0.00174672 0.999997 0.00121528 0.00101578 -0.00121672 0.999999 0.0994004 0.156233 -0.630496
FixedParameters: 0 0 0

#Transform 40
Transform: AffineTransform_float_3_3
Parameters: 0.999997 -0.00228494 -0.000815128 0.00228467 0.999997 -0.000489682 0.000816049 0.000487319 0.999999 0.127441 0.16193 -0.687249
FixedParameters: 0 0 0

#Transform 41
Transform: AffineTransform_float_3_3
Parameters: 0.999998 -0.00210257 -0.000823012 0.00210221 0.999997 -0.000541037 0.000823972 0.000538963 0.999999 0.142888 0.163011 -0.58344
FixedParameters: 0 0 0

#Transform 42
Transform: AffineTransform_float_3_3
Parameters: 0.999999 -0.00175199 -0.000467614 0.00175291 0.999999 -2.12536e-06 0.00046723 1.8764e-06 1 0.119883 0.173692 -0.48317
FixedParameters: 0 0 0

#Transform 43
Transform: AffineTransform_float_3_3
Parameters: 0.999998 -0.00213372 -0.000742152 0.00213361 0.999998 -8.0042e-05 0.000742492 7.89583e-05 0.999999 0.114429 0.189912 -0.521969
FixedParameters: 0 0 0

#Transform 44
Transform: AffineTransform_float_3_3
Parameters: 0.999998 -0.00179132 -0.00087388 0.00179296 0.999998 0.00101949 0.000872455 -0.00102051 0.999999 0.10326 0.176218 -0.556088
FixedParameters: 0 0 0

#Transform 45
Transform: AffineTransform_float_3_3
Parameters: 0.999998 -0.00191539 -0.00112517 0.00191677 0.999998 0.000850747 0.00112322 -0.000852251 0.999999 0.124396 0.19807 -0.548465
FixedParameters: 0 0 0

#Transform 46
Transform: AffineTransform_float_3_3
Parameters: 0.999998 -0.00176056 -0.00115608 0.00176268 0.999997 0.00177802 0.00115282 -0.00177998 0.999998 0.135477 0.194202 -0.573548
FixedParameters: 0 0 0

#Transform 47
Transform: AffineTransform_float_3_3
Parameters: 0.999997 -0.00194596 -0.00153995 0.00194884 0.999997 0.00157842 0.00153681 -0.00158158 0.999998 0.140951 0.193428 -0.63943
FixedParameters: 0 0 0

#Transform 48
Transform: AffineTransform_float_3_3
Parameters: 0.999996 -0.00215192 -0.00141755 0.00215473 0.999996 0.00187885 0.00141378 -0.00188215 0.999997 0.145049 0.179859 -0.682719
FixedParameters: 0 0 0

#Transform 49
Transform: AffineTransform_float_3_3
Parameters: 0.999997 -0.00169653 -0.00164317 0.00169925 0.999998 0.00155063 0.00163999 -0.00155337 0.999998 0.124315 0.167408 -0.683996
FixedParameters: 0 0 0

#Transform 50
Transform: AffineTransform_float_3_3
Parameters: 0.999997 -0.00207494 -0.00136703 0.00207712 0.999997 0.00152207 0.00136371 -0.00152493 0.999998 0.138506 0.162179 -0.652736
FixedParameters: 0 0 0

#Transform 51
Transform: AffineTransform_float_3_3
Parameters: 0.999997 -0.00234522 -0.00124798 0.00234735 0.999996 0.00186083 0.00124356 -0.00186317 0.999997 0.151981 0.194986 -0.630457
FixedParameters: 0 0 0

#Transform 52
Transform: AffineTransform_float_3_3
Parameters: 0.999997 -0.00219559 -0.00126959 0.00219955 0.999993 0.00297276 0.00126346 -0.00297624 0.999994 0.140652 0.187757 -0.625636
FixedParameters: 0 0 0

#Transform 53
Transform: AffineTransform_float_3_3
Parameters: 0.999997 -0.00223279 -0.0015376 0.00223836 0.999992 0.00327968 0.00153027 -0.00328232 0.999993 0.155289 0.194286 -0.629095
FixedParameters: 0 0 0

#Transform 54
Transform: AffineTransform_float_3_3
Parameters: 0.999997 -0.00201737 -0.00184237 0.00202228 0.999994 0.0027669 0.00183668 -0.00277009 0.999994 0.141652 0.19061 -0.625356
FixedParameters: 0 0 0

#Transform 55
Transform: AffineTransform_float_3_3
Parameters: 0.999998 -0.00174234 -0.000952628 0.00174489 0.999996 0.0021764 0.00094897 -0.0021776 0.999997 0.122983 0.176048 -0.607971
FixedParameters: 0 0 0

#Transform 56
Transform: AffineTransform_float_3_3
Parameters: 0.999998 -0.0017675 -0.00105755 0.00177035 0.999995 0.00254319 0.00105287 -0.00254481 0.999997 0.107129 0.188166 -0.621852
FixedParameters: 0 0 0

#Transform 57
Transform: AffineTransform_float_3_3
Parameters: 0.999997 -0.00188699 -0.00159725 0.00189095 0.999995 0.00231525 0.00159321 -0.00231775 0.999996 0.117358 0.183428 -0.632735
FixedParameters: 0 0 0

#Transform 58
Transform: AffineTransform_float_3_3
Parameters: 0.999998 -0.00183223 -0.00127053 0.00183453 0.999996 0.00204673 0.00126643 -0.00204927 0.999997 0.109883 0.177014 -0.651555
FixedParameters: 0 0 0

#Transform 59
Transform: AffineTransform_float_3_3
Parameters: 0.999998 -0.00205275 -0.000936408 0.00205489 0.999996 0.00199377 0.000932147 -0.00199622 0.999997 0.102177 0.192576 -0.65521
FixedParameters: 0 0 0

#Transform 60
Transform: AffineTransform_float_3_3
Parameters: 0.999997 -0.00198116 -0.00143502 0.00198463 0.999995 0.00240321 0.00143019 -0.00240679 0.999996 0.107791 0.244837 -0.587591
FixedParameters: 0 0 0

#Transform 61
Transform: AffineTransform_float_3_3
Parameters: 0.999998 -0.0017181 -0.00151807 0.00172294 0.999995 0.00272681 0.0015134 -0.00272919 0.999995 0.110544 0.218904 -0.485028
FixedParameters: 0 0 0

#Transform 62
Transform: AffineTransform_float_3_3
Parameters: 0.999997 -0.00191026 -0.00151178 0.00191569 0.999993 0.00341517 0.00150513 -0.00341883 0.999993 0.11181 0.230014 -0.505748
FixedParameters: 0 0 0

#Transform 63
Transform: AffineTransform_float_3_3
Parameters: 0.999996 -0.00237461 -0.00152388 0.00238158 0.999989 0.00412014 0.00151424 -0.00412386 0.99999 0.146557 0.241945 -0.529475
FixedParameters: 0 0 0

#Transform 64
Transform: AffineTransform_float_3_3
Parameters: 0.999996 -0.00202244 -0.00156725 0.00202832 0.99999 0.00390225 0.00155956 -0.00390575 0.999991 0.140421 0.237622 -0.554433
FixedParameters: 0 0 0

#Transform 65
Transform: AffineTransform_float_3_3
Parameters: 0.999997 -0.0019807 -0.00146469 0.00198555 0.999992 0.00332736 0.00145791 -0.00332964 0.999993 0.130874 0.228372 -0.587079
FixedParameters: 0 0 0

#Transform 66
Transform: AffineTransform_float_3_3
Parameters: 0.999998 -0.00172291 -0.00157351 0.00172878 0.999992 0.00371255 0.0015675 -0.00371445 0.999991 0.120229 0.211355 -0.543483
FixedParameters: 0 0 0

#Transform 67
Transform: AffineTransform_float_3_3
Parameters: 0.999997 -0.00189284 -0.00150343 0.00190022 0.999987 0.00474642 0.00149485 -0.00474858 0.999988 0.125685 0.222049 -0.597358
FixedParameters: 0 0 0

#Transform 68
Transform: AffineTransform_float_3_3
Parameters: 0.999997 -0.00193433 -0.00148607 0.00194157 0.999987 0.00475939 0.00147705 -0.00476161 0.999988 0.130291 0.235716 -0.588268
FixedParameters: 0 0 0

#Transform 69
Transform: AffineTransform_float_3_3
Parameters: 0.999996 -0.00213056 -0.00196271 0.00214188 0.999979 0.00595544 0.00194995 -0.00595955 0.99998 0.132262 0.246453 -0.627232
FixedParameters: 0 0 0

#Transform 70
Transform: AffineTransform_float_3_3
Parameters: 0.999997 -0.00197133 -0.00135506 0.00197929 0.99998 0.00588139 0.00134387 -0.00588461 0.999982 0.135954 0.236762 -0.64874
FixedParameters: 0 0 0

#Transform 71
Transform: AffineTransform_float_3_3
Parameters: 0.999995 -0.00215643 -0.00202048 0.00216787 0.999983 0.00535526 0.00200922 -0.00535973 0.999984 0.153639 0.238271 -0.618928
FixedParameters: 0 0 0

#Transform 72
Transform: AffineTransform_float_3_3
Parameters: 0.999996 -0.00199517 -0.00163484 0.00200432 0.999983 0.00535615 0.00162454 -0.00535984 0.999985 0.133008 0.224055 -0.651813
FixedParameters: 0 0 0

#Transform 73
Transform: AffineTransform_float_3_3
Parameters: 0.999997 -0.00236292 -0.001259 0.00236805 0.999988 0.00425578 0.00124882 -0.00425821 0.99999 0.143974 0.24338 -0.590389
FixedParameters: 0 0 0

#Transform 74
Transform: AffineTransform_float_3_3
Parameters: 0.999996 -0.00239719 -0.00150761 0.00240653 0.99998 0.00579614 0.00149404 -0.00579985 0.999982 0.155761 0.229191 -0.600208
FixedParameters: 0 0 0

#Transform 75
Transform: AffineTransform_float_3_3
Parameters: 0.999996 -0.00226607 -0.00170799 0.00227415 0.999987 0.00465624 0.00169666 -0.00465976 0.999988 0.163942 0.221547 -0.624166
FixedParameters: 0 0 0

#Transform 76
Transform: AffineTransform_float_3_3
Parameters: 0.999995 -0.0020543 -0.0024241 0.00206734 0.999984 0.005334 0.00241296 -0.00533901 0.999983 0.154964 0.226123 -0.68188
FixedParameters: 0 0 0

#Transform 77
Transform: AffineTransform_float_3_3
Parameters: 0.999994 -0.00235127 -0.00254436 0.00236582 0.99998 0.0057722 0.00253099 -0.0057778 0.99998 0.161989 0.214961 -0.694592
FixedParameters: 0 0 0

#Transform 78
Transform: AffineTransform_float_3_3
Parameters: 0.999994 -0.00220282 -0.00271548 0.00221685 0.999982 0.00545371 0.00270339 -0.00545929 0.999982 0.159381 0.231283 -0.67544
FixedParameters: 0 0 0

#Transform 79
Transform: AffineTransform_float_3_3
Parameters: 0.999993 -0.00212248 -0.00289824 0.00214006 0.999978 0.00619933 0.00288499 -0.00620667 0.999977 0.15833 0.232061 -0.704939
FixedParameters: 0 0 0

#Transform 80
Transform: AffineTransform_float_3_3
Parameters: 0.999992 -0.00269129 -0.00300224 0.00270727 0.999982 0.00543416 0.00298753 -0.00544184 0.99998 0.18996 0.232349 -0.702948
FixedParameters: 0 0 0

#Transform 81
Transform: AffineTransform_float_3_3
Parameters: 0.999991 -0.00292353 -0.00312766 0.00293885 0.999983 0.00496245 0.0031128 -0.00497154 0.999982 0.195805 0.233965 -0.692636
FixedParameters: 0 0 0

#Transform 82
Transform: AffineTransform_float_3_3
Parameters: 0.999991 -0.0028769 -0.00331539 0.00289634 0.999979 0.00580257 0.00329861 -0.00581243 0.999978 0.195616 0.208395 -0.708579
FixedParameters: 0 0 0

#Transform 83
Transform: AffineTransform_float_3_3
Parameters: 0.999991 -0.00288228 -0.00332581 0.00290126 0.99998 0.00557536 0.00330989 -0.00558463 0.999978 0.195894 0.217945 -0.717364
FixedParameters: 0 0 0

#Transform 84
Transform: AffineTransform_float_3_3
Parameters: 0.999988 -0.00308578 -0.00361833 0.00310489 0.999982 0.00514035 0.00360283 -0.00515065 0.99998 0.203758 0.224761 -0.727419
FixedParameters: 0 0 0

#Transform 85
Transform: AffineTransform_float_3_3
Parameters: 0.999986 -0.00323117 -0.00416454 0.00325549 0.999977 0.00586677 0.00414553 -0.00588023 0.999974 0.213923 0.228441 -0.778381
FixedParameters: 0 0 0

#Transform 86
Transform: AffineTransform_float_3_3
Parameters: 0.999986 -0.00323495 -0.00419944 0.00325566 0.999983 0.0048828 0.00418391 -0.0048972 0.99998 0.205744 0.212318 -0.791043
FixedParameters: 0 0 0

#Transform 87
Transform: AffineTransform_float_3_3
Parameters: 0.999985 -0.00327351 -0.00443615 0.0032924 0.999985 0.00429543 0.00442149 -0.00430957 0.999981 0.191128 0.200962 -0.774434
FixedParameters: 0 0 0

#Transform 88
Transform: AffineTransform_float_3_3
Parameters: 0.999981 -0.00350418 -0.00510063 0.00353827 0.999972 0.00665149 0.00507672 -0.00666951 0.999965 0.204405 0.198432 -0.853608
FixedParameters: 0 0 0

#Transform 89
Transform: AffineTransform_float_3_3
Parameters: 0.999979 -0.00345001 -0.00537335 0.00348116 0.999978 0.00567918 0.00535312 -0.00569782 0.999969 0.207653 0.232394 -0.839192
FixedParameters: 0 0 0

#Transform 90
Transform: AffineTransform_float_3_3
Parameters: 0.999983 -0.00317096 -0.00494314 0.00320172 0.999975 0.00613763 0.00492318 -0.00615337 0.99997 0.213006 0.230207 -0.734493
FixedParameters: 0 0 0

#Transform 91
Transform: AffineTransform_float_3_3
Parameters: 0.999982 -0.00341286 -0.00488674 0.0034479 0.999969 0.00700132 0.00486257 -0.00701767 0.999964 0.216295 0.251215 -0.725898
FixedParameters: 0 0 0

#Transform 92
Transform: AffineTransform_float_3_3
Parameters: 0.999984 -0.00316177 -0.00452896 0.00318949 0.999976 0.00632262 0.00450888 -0.00633639 0.99997 0.225017 0.245197 -0.653619
FixedParameters: 0 0 0

#Transform 93
Transform: AffineTransform_float_3_3
Parameters: 0.999984 -0.00326461 -0.00462474 0.00329385 0.999975 0.00631183 0.00460433 -0.00632717 0.999969 0.224343 0.211948 -0.731607
FixedParameters: 0 0 0

#Transform 94
Transform: AffineTransform_float_3_3
Parameters: 0.999984 -0.00297086 -0.00479234 0.00299882 0.999978 0.00588636 0.00477465 -0.00590065 0.999971 0.239768 0.24407 -0.666549
FixedParameters: 0 0 0

#Transform 95
Transform: AffineTransform_float_3_3
Parameters: 0.999984 -0.0030789 -0.00478748 0.003113 0.99997 0.00703384 0.00476556 -0.00704915 0.999964 0.218278 0.215891 -0.74442
FixedParameters: 0 0 0

#Transform 96
Transform: AffineTransform_float_3_3
Parameters: 0.999984 -0.0029362 -0.00478547 0.00297143 0.999968 0.00738868 0.00476332 -0.00740332 0.999962 0.226064 0.235441 -0.730814
FixedParameters: 0 0 0

#Transform 97
Transform: AffineTransform_float_3_3
Parameters: 0.999983 -0.00300767 -0.00495834 0.00304426 0.999967 0.00745502 0.0049355 -0.00746997 0.99996 0.226207 0.219257 -0.804856
FixedParameters: 0 0 0

#Transform 98
Transform: AffineTransform_float_3_3
Parameters: 0.999979 -0.00320158 -0.00565591 0.00324851 0.999961 0.00818323 0.00562891 -0.00820176 0.99995 0.224625 0.265166 -0.822396
FixedParameters: 0 0 0

#Transform 99
Transform: AffineTransform_float_3_3
Parameters: 0.999981 -0.00263768 -0.00561528 0.00269093 0.999951 0.00952296 0.00558939 -0.00953704 0.999939 0.203083 0.29125 -0.731073
FixedParameters: 0 0 0

#Transform 100
Transform: AffineTransform_float_3_3
Parameters: 0.99998 -0.00276163 -0.00558511 0.00282102 0.99994 0.0106358 0.00555516 -0.0106512 0.999928 0.217081 0.314966 -0.765903
FixedParameters: 0 0 0

#Transform 101
Transform: AffineTransform_float_3_3
Parameters: 0.999977 -0.00337875 -0.00595896 0.00344049 0.999941 0.0103117 0.00592421 -0.0103323 0.999929 0.231429 0.291733 -0.853785
FixedParameters: 0 0 0

#Transform 102
Transform: AffineTransform_float_3_3
Parameters: 0.999976 -0.00344169 -0.00589031 0.00349894 0.999946 0.00981362 0.00585659 -0.00983439 0.999934 0.25075 0.304441 -0.89411
FixedParameters: 0 0 0

#Transform 103
Transform: AffineTransform_float_3_3
Parameters: 0.999974 -0.00370525 -0.00608292 0.00376822 0.999939 0.0103673 0.006044 -0.0103897 0.999928 0.260925 0.295035 -0.943838
FixedParameters: 0 0 0

#Transform 104
Transform: AffineTransform_float_3_3
Parameters: 0.999974 -0.00358725 -0.00621837 0.00363985 0.999957 0.00850267 0.00618804 -0.00852535 0.999945 0.2279 0.269906 -0.920499
FixedParameters: 0 0 0

#Transform 105
Transform: AffineTransform_float_3_3
Parameters: 0.999969 -0.00387118 -0.00688113 0.0039221 0.999965 0.00741096 0.00685146 -0.00743803 0.999949 0.243839 0.272834 -0.990637
FixedParameters: 0 0 0

#Transform 106
Transform: AffineTransform_float_3_3
Parameters: 0.999974 -0.00361742 -0.00627652 0.00366546 0.999963 0.00772163 0.00624852 -0.00774437 0.999951 0.244069 0.301732 -0.884765
FixedParameters: 0 0 0

#Transform 107
Transform: AffineTransform_float_3_3
Parameters: 0.999975 -0.00370774 -0.00613668 0.00376416 0.999951 0.00912506 0.0061017 -0.00914793 0.99994 0.249788 0.338525 -0.879792
FixedParameters: 0 0 0

#Transform 108
Transform: AffineTransform_float_3_3
Parameters: 0.999974 -0.00343527 -0.00624939 0.00349972 0.99994 0.0103746 0.00621364 -0.0103964 0.999927 0.241501 0.374807 -0.884191
FixedParameters: 0 0 0

#Transform 109
Transform: AffineTransform_float_3_3
Parameters: 0.999972 -0.00366128 -0.00643541 0.00372835 0.999938 0.0105046 0.00639738 -0.0105284 0.999924 0.255671 0.367692 -0.925321
FixedParameters: 0 0 0

#Transform 110
Transform: AffineTransform_float_3_3
Parameters: 0.999971 -0.00370629 -0.00654106 0.00377413 0.99994 0.0103222 0.00650304 -0.0103468 0.999925 0.270051 0.359884 -0.983386
FixedParameters: 0 0 0

#Transform 111
Transform: AffineTransform_float_3_3
Parameters: 0.999968 -0.00388033 -0.00697615 0.0039566 0.999932 0.0109458 0.00693346 -0.0109732 0.999915 0.286275 0.388914 -1.03847
FixedParameters: 0 0 0

#Transform 112
Transform: AffineTransform_float_3_3
Parameters: 0.999973 -0.00360943 -0.00631311 0.00367717 0.999936 0.0106891 0.00627442 -0.0107129 0.999923 0.267214 0.368644 -0.980896
FixedParameters: 0 0 0

#Transform 113
Transform: AffineTransform_float_3_3
Parameters: 0.999974 -0.00359901 -0.00633555 0.00366459 0.999939 0.0104385 0.00629762 -0.0104615 0.999926 0.272561 0.383432 -0.986206
FixedParameters: 0 0 0

#Transform 114
Transform: AffineTransform_float_3_3
Parameters: 0.999971 -0.00346551 -0.0066978 0.00353558 0.999939 0.0105011 0.00666058 -0.0105249 0.999923 0.265558 0.371805 -0.982138
FixedParameters: 0 0 0

#Transform 115
Transform: AffineTransform_float_3_3
Parameters: 0.999973 -0.00312504 -0.00673652 0.00319758 0.999938 0.010711 0.00670236 -0.010732 0.99992 0.252822 0.371486 -0.963548
FixedParameters: 0 0 0

#Transform 116
Transform: AffineTransform_float_3_3
Parameters: 0.99997 -0.00337185 -0.00705854 0.00344343 0.999942 0.0101237 0.00702401 -0.0101473 0.999924 0.267285 0.368824 -0.986824
FixedParameters: 0 0 0

#Transform 117
Transform: AffineTransform_float_3_3
Parameters: 0.999968 -0.00407467 -0.00680515 0.00414238 0.999942 0.0099509 0.00676387 -0.0099781 0.999928 0.279592 0.321383 -1.0474
FixedParameters: 0 0 0

#Transform 118
Transform: AffineTransform_float_3_3
Parameters: 0.99997 -0.00411889 -0.0065216 0.00417851 0.999951 0.00902172 0.00648425 -0.00904929 0.999939 0.259421 0.3326 -1.04729
FixedParameters: 0 0 0

#Transform 119
Transform: AffineTransform_float_3_3
Parameters: 0.999968 -0.00433209 -0.00673388 0.00439099 0.999952 0.00878983 0.00669639 -0.00881918 0.999939 0.262434 0.296298 -1.1329
FixedParameters: 0 0 0

#Transform 120
Transform: AffineTransform_float_3_3
Parameters: 0.999966 -0.00442309 -0.00692928 0.00447574 0.99996 0.00763907 0.0068946 -0.00766992 0.999947 0.260576 0.307404 -1.18309
FixedParameters: 0 0 0

#Transform 121
Transform: AffineTransform_float_3_3
Parameters: 0.999965 -0.00450576 -0.00714753 0.00456689 0.999953 0.00852705 0.00710881 -0.00855893 0.999938 0.266442 0.30716 -1.21585
FixedParameters: 0 0 0

#Transform 122
Transform: AffineTransform_float_3_3
Parameters: 0.999966 -0.00440959 -0.00688766 0.00445933 0.999964 0.00720436 0.00685549 -0.00723464 0.999951 0.261988 0.328111 -1.1797
FixedParameters: 0 0 0

#Transform 123
Transform: AffineTransform_float_3_3
Parameters: 0.99996 -0.00470322 -0.00761151 0.00476366 0.999957 0.0079829 0.00757363 -0.0080191 0.999939 0.271608 0.308176 -1.18626
FixedParameters: 0 0 0

#Transform 124
Transform: AffineTransform_float_3_3
Parameters: 0.999964 -0.00486648 -0.00694294 0.00493387 0.999942 0.00966531 0.00689587 -0.00969969 0.999929 0.301186 0.379858 -1.16338
FixedParameters: 0 0 0

#Transform 125
Transform: AffineTransform_float_3_3
Parameters: 0.999964 -0.00496573 -0.00691635 0.00503057 0.999944 0.00931697 0.0068697 -0.00935102 0.999933 0.298835 0.365122 -1.20375
FixedParameters: 0 0 0

#Transform 126
Transform: AffineTransform_float_3_3
Parameters: 0.999961 -0.00522777 -0.00713337 0.00529647 0.99994 0.00963759 0.00708258 -0.00967542 0.999929 0.300443 0.351807 -1.24604
FixedParameters: 0 0 0

#Transform 127
Transform: AffineTransform_float_3_3
Parameters: 0.999954 -0.00576023 -0.00764123 0.00583329 0.999938 0.00950488 0.00758633 -0.0095491 0.999925 0.3035 0.332197 -1.32445
FixedParameters: 0 0 0

#Transform 128
Transform: AffineTransform_float_3_3
Parameters: 0.999949 -0.00595424 -0.00808181 0.00602147 0.999947 0.00837228 0.00803078 -0.00841972 0.999932 0.30807 0.306954 -1.33658
FixedParameters: 0 0 0

#Transform 129
Transform: AffineTransform_float_3_3
Parameters: 0.999946 -0.00610149 -0.00841598 0.00616523 0.999953 0.00757512 0.00836939 -0.00762688 0.999936 0.298118 0.268542 -1.33984
FixedParameters: 0 0 0

#Transform 130
Transform: AffineTransform_float_3_3
Parameters: 0.999948 -0.0059933 -0.0081688 0.00605927 0.999949 0.00809044 0.00811973 -0.00813956 0.999933 0.303545 0.299769 -1.34248
FixedParameters: 0 0 0

#Transform 131
Transform: AffineTransform_float_3_3
Parameters: 0.999945 -0.00641258 -0.00831314 0.00648029 0.999947 0.0080932 0.00826074 -0.00814679 0.999932 0.319993 0.286244 -1.41863
FixedParameters: 0 0 0

#Transform 132
Transform: AffineTransform_float_3_3
Parameters: 0.999942 -0.00622347 -0.00876903 0.00630372 0.999938 0.00917913 0.00871185 -0.00923386 0.999919 0.318606 0.312697 -1.37797
FixedParameters: 0 0 0

#Transform 133
Transform: AffineTransform_float_3_3
Parameters: 0.999954 -0.00506421 -0.00806854 0.00514129 0.999941 0.00955528 0.00801978 -0.00959672 0.999922 0.306051 0.369202 -1.20365
FixedParameters: 0 0 0

#Transform 134
Transform: AffineTransform_float_3_3
Parameters: 0.999964 -0.00410649 -0.00733297 0.0041578 0.999967 0.00694992 0.00730451 -0.00698108 0.999949 0.230272 0.295116 -0.953963
FixedParameters: 0 0 0

#Transform 135
Transform: AffineTransform_float_3_3
Parameters: 0.999966 -0.0040008 -0.00721919 0.00406157 0.999957 0.00839577 0.00718571 -0.00842524 0.999939 0.226099 0.31684 -0.961127
FixedParameters: 0 0 0

#Transform 136
Transform: AffineTransform_float_3_3
Parameters: 0.999967 -0.00394885 -0.00713005 0.00400672 0.999959 0.00813115 0.00709748 -0.00815986 0.999942 0.23649 0.331918 -0.908346
FixedParameters: 0 0 0

#Transform 137
Transform: AffineTransform_float_3_3
Parameters: 0.999966 -0.00401065 -0.00727871 0.00406983 0.999959 0.00811766 0.00724562 -0.00814633 0.99994 0.238882 0.307638 -0.9629
FixedParameters: 0 0 0

#Transform 138
Transform: AffineTransform_float_3_3
Parameters: 0.999968 -0.00392251 -0.00705149 0.00397544 0.999965 0.00741165 0.00702234 -0.00743935 0.999948 0.217743 0.285842 -1.01903
FixedParameters: 0 0 0

#Transform 139
Transform: AffineTransform_float_3_3
Parameters: 0.999969 -0.0042301 -0.00672618 0.00428306 0.99996 0.00793335 0.00669325 -0.00796266 0.999946 0.228772 0.309341 -1.0325
FixedParameters: 0 0 0

#Transform 140
Transform: AffineTransform_float_3_3
Parameters: 0.999965 -0.00438269 -0.00710653 0.00444272 0.999954 0.00852628 0.00706901 -0.00855673 0.999939 0.245881 0.326751 -1.05729
FixedParameters: 0 0 0

#Transform 141
Transform: AffineTransform_float_3_3
Parameters: 0.999967 -0.0045905 -0.00671861 0.00465701 0.999941 0.00984584 0.00667262 -0.00987715 0.999929 0.262909 0.352238 -1.10878
FixedParameters: 0 0 0

#Transform 142
Transform: AffineTransform_float_3_3
Parameters: 0.99997 -0.0038322 -0.00670353 0.00390235 0.999937 0.0105205 0.00666291 -0.0105465 0.999922 0.245522 0.37594 -1.06888
FixedParameters: 0 0 0

#Transform 143
Transform: AffineTransform_float_3_3
Parameters: 0.999968 -0.00390387 -0.00688189 0.00397795 0.999934 0.010736 0.00683919 -0.010763 0.999919 0.240642 0.406993 -1.06728
FixedParameters: 0 0 0

#Transform 144
Transform: AffineTransform_float_3_3
Parameters: 0.999969 -0.00387853 -0.0068187 0.00395108 0.999935 0.0106551 0.0067768 -0.0106819 0.99992 0.246457 0.40257 -1.02091
FixedParameters: 0 0 0

#Transform 145
Transform: AffineTransform_float_3_3
Parameters: 0.999963 -0.00467186 -0.00730654 0.00475097 0.999931 0.0108013 0.00725527 -0.0108357 0.999915 0.2802 0.395779 -1.06667
FixedParameters: 0 0 0

#Transform 146
Transform: AffineTransform_float_3_3
Parameters: 0.999963 -0.0045687 -0.00731099 0.00464597 0.999932 0.0106942 0.00726204 -0.0107278 0.999916 0.279679 0.391935 -1.07293
FixedParameters: 0 0 0

#Transform 147
Transform: AffineTransform_float_3_3
Parameters: 0.999963 -0.00465374 -0.00724802 0.00472733 0.999938 0.0101497 0.00720006 -0.0101833 0.999922 0.27885 0.402961 -1.07205
FixedParameters: 0 0 0

#Transform 148
Transform: AffineTransform_float_3_3
Parameters: 0.999966 -0.00453831 -0.00697136 0.00461016 0.999936 0.0102973 0.00692364 -0.0103287 0.999923 0.275731 0.394473 -1.08307
FixedParameters: 0 0 0

#Transform 149
Transform: AffineTransform_float_3_3
Parameters: 0.999972 -0.00368084 -0.00661917 0.00375281 0.999934 0.0108936 0.00657842 -0.0109184 0.999919 0.218629 0.417485 -0.958412
FixedParameters: 0 0 0

#Transform 150
Transform: AffineTransform_float_3_3
Parameters: 0.999977 -0.00333076 -0.00602538 0.00340162 0.999925 0.0117273 0.0059859 -0.0117477 0.999913 0.177139 0.400507 -0.474112
FixedParameters: 0 0 0

#Transform 151
Transform: AffineTransform_float_3_3
Parameters: 0.999975 -0.00384655 -0.00583296 0.00391519 0.999924 0.0116933 0.00578809 -0.0117156 0.999914 0.181102 0.397634 -0.661732
FixedParameters: 0 0 0

#Transform 152
Transform: AffineTransform_float_3_3
Parameters: 0.999971 -0.00400932 -0.00643789 0.00409109 0.99991 0.0127974 0.00638543 -0.0128236 0.999897 0.192066 0.408935 -0.774228
FixedParameters: 0 0 0

#Transform 153
Transform: AffineTransform_float_3_3
Parameters: 0.999971 -0.00368718 -0.00665454 0.00376791 0.999919 0.0121644 0.00660891 -0.0121896 0.999904 0.186127 0.416341 -0.835332
FixedParameters: 0 0 0

#Transform 154
Transform: AffineTransform_float_3_3
Parameters: 0.999964 -0.00337089 -0.00780267 0.00347604 0.999903 0.0134972 0.00775693 -0.0135238 0.999878 0.196007 0.442588 -0.872628
FixedParameters: 0 0 0

#Transform 155
Transform: AffineTransform_float_3_3
Parameters: 0.999966 -0.00349228 -0.00755344 0.00359788 0.999896 0.0140211 0.00750424 -0.0140479 0.999873 0.211317 0.459445 -0.887559
FixedParameters: 0 0 0

#Transform 156
Transform: AffineTransform_float_3_3
Parameters: 0.999963 -0.00381271 -0.00768746 0.00392112 0.999891 0.0142466 0.00763258 -0.0142764 0.999869 0.235388 0.464549 -0.890209
FixedParameters: 0 0 0

#Transform 157
Transform: AffineTransform_float_3_3
Parameters: 0.999961 -0.00404707 -0.00782416 0.00414866 0.999907 0.0130606 0.0077702 -0.0130924 0.999884 0.257049 0.473403 -0.922091
FixedParameters: 0 0 0

#Transform 158
Transform: AffineTransform_float_3_3
Parameters: 0.999961 -0.00327833 -0.00827053 0.00338284 0.999914 0.0126721 0.00822834 -0.0126989 0.999885 0.234239 0.427897 -0.956743
FixedParameters: 0 0 0

#Transform 159
Transform: AffineTransform_float_3_3
Parameters: 0.999963 -0.00394159 -0.00767481 0.00403956 0.99991 0.0128369 0.00762389 -0.0128671 0.999888 0.254292 0.468573 -0.931494
FixedParameters: 0 0 0

#Transform 160
Transform: AffineTransform_float_3_3
Parameters: 0.999964 -0.00350225 -0.00772848 0.00360636 0.999902 0.0135363 0.00767985 -0.0135637 0.999879 0.245029 0.444549 -0.907495
FixedParameters: 0 0 0

#Transform 161
Transform: AffineTransform_float_3_3
Parameters: 0.999961 -0.00400236 -0.00778847 0.00409433 0.999922 0.0117843 0.00774145 -0.0118157 0.9999 0.252419 0.452537 -0.887237
FixedParameters: 0 0 0

#Transform 162
Transform: AffineTransform_float_3_3
Parameters: 0.999957 -0.00422228 -0.0083375 0.00432522 0.999915 0.0123309 0.00828516 -0.0123661 0.999889 0.248581 0.434389 -0.954566
FixedParameters: 0 0 0

#Transform 163
Transform: AffineTransform_float_3_3
Parameters: 0.999955 -0.00405984 -0.00865257 0.00418217 0.99989 0.0141974 0.00859406 -0.0142326 0.999862 0.25258 0.466724 -1.03781
FixedParameters: 0 0 0

#Transform 164
Transform: AffineTransform_float_3_3
Parameters: 0.999954 -0.00417361 -0.00865944 0.00430037 0.999882 0.0147432 0.00859626 -0.0147798 0.999854 0.270442 0.482208 -1.01215
FixedParameters: 0 0 0

#Transform 165
Transform: AffineTransform_float_3_3
Parameters: 0.999956 -0.00385633 -0.00863434 0.00405805 0.999717 0.0234614 0.00854168 -0.0234956 0.999687 0.258059 0.61082 -0.965813
FixedParameters: 0 0 0

#Transform 166
Transform: AffineTransform_float_3_3
Parameters: 0.999958 -0.00383216 -0.00831469 0.00407374 0.999565 0.0292048 0.00819899 -0.0292371 0.999539 0.261806 0.684752 -0.885349
FixedParameters: 0 0 0

#Transform 167
Transform: AffineTransform_float_3_3
Parameters: 0.999961 -0.0039886 -0.00780611 0.00419813 0.999625 0.027064 0.00769538 -0.027096 0.999603 0.288771 0.683915 -0.907028
FixedParameters: 0 0 0

#Transform 168
Transform: AffineTransform_float_3_3
Parameters: 0.999963 -0.00400979 -0.00752508 0.00421383 0.99962 0.0272442 0.00741321 -0.0272748 0.999601 0.316118 0.733915 -0.896866
FixedParameters: 0 0 0

#Transform 169
Transform: AffineTransform_float_3_3
Parameters: 0.999962 -0.00402929 -0.00773383 0.00424331 0.999607 0.0277215 0.00761927 -0.0277535 0.999585 0.325125 0.729529 -0.976889
FixedParameters: 0 0 0

#Transform 170
Transform: AffineTransform_float_3_3
Parameters: 0.999965 -0.00384739 -0.0073566 0.00405305 0.999595 0.0281634 0.00724522 -0.0281925 0.999576 0.32319 0.756443 -0.997794
FixedParameters: 0 0 0

#Transform 171
Transform: AffineTransform_float_3_3
Parameters: 0.999966 -0.00396014 -0.00721152 0.00416205 0.999594 0.0281786 0.00709628 -0.0282074 0.999577 0.321739 0.729399 -1.02173
FixedParameters: 0 0 0

#Transform 172
Transform: AffineTransform_float_3_3
Parameters: 0.999969 -0.00367242 -0.00687174 0.00385491 0.999634 0.0267608 0.00677169 -0.0267872 0.999618 0.313763 0.722503 -0.966727
FixedParameters: 0 0 0

#Transform 173
Transform: AffineTransform_float_3_3
Parameters: 0.999968 -0.00421683 -0.00680044 0.00439746 0.999635 0.0266642 0.00668576 -0.0266938 0.999621 0.325336 0.714953 -0.991128
FixedParameters: 0 0 0

#Transform 174
Transform: AffineTransform_float_3_3
Parameters: 0.999969 -0.00417444 -0.0067116 0.00435092 0.999639 0.0265287 0.00659837 -0.0265563 0.999626 0.305589 0.74202 -1.0164
FixedParameters: 0 0 0

#Transform 175
Transform: AffineTransform_float_3_3
Parameters: 0.999969 -0.00404797 -0.00676767 0.00422552 0.999641 0.0264276 0.00665789 -0.0264553 0.999628 0.301284 0.702047 -1.00727
FixedParameters: 0 0 0

#Transform 176
Transform: AffineTransform_float_3_3
Parameters: 0.999968 -0.0041147 -0.00685263 0.0042916 0.999651 0.02605 0.00674252 -0.0260779 0.999637 0.30415 0.707591 -1.01723
FixedParameters: 0 0 0

#Transform 177
Transform: AffineTransform_float_3_3
Parameters: 0.999968 -0.00410101 -0.00676889 0.00428607 0.99961 0.0275923 0.006653 -0.0276207 0.999597 0.31668 0.711466 -1.06999
FixedParameters: 0 0 0

#Transform 178
Transform: AffineTransform_float_3_3
Parameters: 0.999968 -0.00413568 -0.006768 0.00431496 0.999633 0.0267471 0.00665516 -0.026776 0.99962 0.305309 0.714092 -1.0207
FixedParameters: 0 0 0

#Transform 179
Transform: AffineTransform_float_3_3
Parameters: 0.999966 -0.00451101 -0.00680296 0.0046909 0.999633 0.0266838 0.00668043 -0.0267152 0.99962 0.310996 0.728323 -1.01099
FixedParameters: 0 0 0
