#Insight Transform File V1.0
#Transform 0
Transform: AffineTransform_float_3_3
Parameters: 1 0.000478028 -0.00110564 -0.000477937 1 4.15286e-05 0.00110568 -4.04716e-05 0.999999 -0.0580905 0.0952498 0.347723
FixedParameters: 0 0 0

#Transform 1
Transform: AffineTransform_float_3_3
Parameters: 0.999999 0.000729509 -7.30783e-05 -0.000729556 1 -0.000324099 7.26049e-05 0.0003249 1 0.0146096 0.0386689 -0.0256774
FixedParameters: 0 0 0

#Transform 2
Transform: AffineTransform_float_3_3
Parameters: 1 0.000435147 0.000187684 -0.000435435 0.999999 -0.000644081 -0.000186933 0.000643918 1 0.0100789 0.0690844 -0.0514496
FixedParameters: 0 0 0

#Transform 3
Transform: AffineTransform_float_3_3
Parameters: 0.999999 0.000276717 0.000849477 -0.000276107 0.999999 -0.000900875 -0.000849584 0.000901125 0.999999 -0.0110977 0.0469581 -0.0359036
FixedParameters: 0 0 0

#Transform 4
Transform: AffineTransform_float_3_3
Parameters: 1 0.000575958 0.000316855 -0.000576429 1 -0.000709335 -0.000317282 0.000709664 0.999999 0.0134292 0.0576108 -0.0500588
FixedParameters: 0 0 0

#Transform 5
Transform: AffineTransform_float_3_3
Parameters: 0.999999 0.000665798 0.00117405 -0.000664738 0.999999 -0.000843421 -0.00117478 0.000842578 0.999999 0.00142201 0.0534488 -0.085944
FixedParameters: 0 0 0

#Transform 6
Transform: AffineTransform_float_3_3
Parameters: 0.999999 0.000842995 -0.000105534 -0.0008428 0.999999 -0.000930271 0.000104887 0.000929729 0.999999 0.0280519 0.0576345 -0.0436634
FixedParameters: 0 0 0

#Transform 7
Transform: AffineTransform_float_3_3
Parameters: 0.999999 -2.72434e-07 0.00101841 1.13787e-06 0.999999 -0.000876639 -0.00101802 0.00087736 0.999999 -0.0201358 0.0640621 -0.0683797
FixedParameters: 0 0 0

#Transform 8
Transform: AffineTransform_float_3_3
Parameters: 1 0.00036648 0.000309083 -0.000366175 0.999999 -0.00135111 -0.000308762 0.00135089 0.999999 -0.0125859 0.0635339 -0.0929533
FixedParameters: 0 0 0

#Transform 9
Transform: AffineTransform_float_3_3
Parameters: 0.999999 8.19602e-06 0.000799806 -7.26704e-06 0.999999 -0.00140001 -0.000800357 0.00139999 0.999998 0.00838834 0.0591289 -0.0566455
FixedParameters: 0 0 0

#Transform 10
Transform: AffineTransform_float_3_3
Parameters: 1 0.000340596 0.00101142 -0.000338998 0.999999 -0.00124534 -0.00101188 0.00124466 0.999998 -0.0272889 0.05712 -0.0542348
FixedParameters: 0 0 0

#Transform 11
Transform: AffineTransform_float_3_3
Parameters: 0.999999 0.000591603 0.000551099 -0.000590668 0.999998 -0.00168097 -0.000552696 0.00168103 0.999999 0.0272902 0.0571583 -0.0816414
FixedParameters: 0 0 0

#Transform 12
Transform: AffineTransform_float_3_3
Parameters: 0.999999 8.89187e-05 0.000765335 -8.72424e-05 1 -0.00109507 -0.000765528 0.00109493 0.999999 -0.00498641 0.0541213 -0.033618
FixedParameters: 0 0 0

#Transform 13
Transform: AffineTransform_float_3_3
Parameters: 1 0.000891523 0.000423113 -0.000890528 0.999998 -0.00179838 -0.000425005 0.00179762 0.999999 0.0255077 0.0529226 -0.116725
FixedParameters: 0 0 0

#Transform 14
Transform: AffineTransform_float_3_3
Parameters: 0.999999 0.000427272 0.000621337 -0.00042638 0.999999 -0.000716906 -0.000621949 0.000717094 1 -0.0183064 0.0539152 -0.0359752
FixedParameters: 0 0 0

#Transform 15
Transform: AffineTransform_float_3_3
Parameters: 0.999999 0.000534717 0.000575286 -0.000533412 0.999998 -0.00193231 -0.000576959 0.00193169 0.999998 0.0186243 0.0509098 -0.131291
FixedParameters: 0 0 0

#Transform 16
Transform: AffineTransform_float_3_3
Parameters: 1 0.000219084 0.00115871 -0.000218147 0.999999 -0.000801741 -0.00115867 0.000801259 0.999999 -0.0226677 0.0515513 -0.0314865
FixedParameters: 0 0 0

#Transform 17
Transform: AffineTransform_float_3_3
Parameters: 0.999999 0.000297103 0.000669084 -0.000296099 0.999999 -0.0014382 -0.000669547 0.0014378 0.999998 0.0182497 0.0486611 -0.0868524
FixedParameters: 0 0 0

#Transform 18
Transform: AffineTransform_float_3_3
Parameters: 1 0.000146926 0.00118957 -0.000145786 0.999999 -0.00125402 -0.00118916 0.00125298 0.999998 -0.0235644 0.038122 -0.0573165
FixedParameters: 0 0 0

#Transform 19
Transform: AffineTransform_float_3_3
Parameters: 0.999999 0.000715534 0.000487381 -0.000714433 0.999998 -0.00167099 -0.00048846 0.00167101 0.999999 0.0120434 0.0440214 -0.10532
FixedParameters: 0 0 0

#Transform 20
Transform: AffineTransform_float_3_3
Parameters: 0.999999 0.000288658 0.00102923 -0.000287474 0.999999 -0.00146978 -0.0010293 0.00146922 0.999999 -0.0118858 0.043504 -0.0764516
FixedParameters: 0 0 0

#Transform 21
Transform: AffineTransform_float_3_3
Parameters: 0.999999 0.000502708 0.000752216 -0.000502222 0.999999 -0.000935018 -0.000752765 0.000934981 0.999999 0.0199685 0.0498673 -0.0350248
FixedParameters: 0 0 0

#Transform 22
Transform: AffineTransform_float_3_3
Parameters: 1 0.000602464 0.000976001 -0.000600899 0.999999 -0.00107359 -0.000975981 0.00107241 0.999999 -0.00274786 0.0369945 -0.103858
FixedParameters: 0 0 0

#Transform 23
Transform: AffineTransform_float_3_3
Parameters: 1 0.000563978 0.000259649 -0.000562805 0.999998 -0.00150415 -0.000260423 0.00150385 0.999999 0.0473162 0.0491702 -0.0558721
FixedParameters: 0 0 0

#Transform 24
Transform: AffineTransform_float_3_3
Parameters: 0.999999 0.000162377 0.00137771 -0.000160147 0.999999 -0.00161886 -0.00137837 0.00161914 0.999997 -0.0153997 0.0603563 -0.00904109
FixedParameters: 0 0 0

#Transform 25
Transform: AffineTransform_float_3_3
Parameters: 0.999999 0.000515024 0.000716463 -0.00051405 0.999999 -0.00132137 -0.000717432 0.00132063 0.999999 0.0407951 0.0558358 -0.0330687
FixedParameters: 0 0 0

#Transform 26
Transform: AffineTransform_float_3_3
Parameters: 1 0.000380661 0.00109981 -0.000378417 0.999999 -0.00143806 -0.00110051 0.00143794 0.999999 -0.0237066 0.056305 0.00801933
FixedParameters: 0 0 0

#Transform 27
Transform: AffineTransform_float_3_3
Parameters: 0.999999 0.00048645 0.000704647 -0.000484929 0.999998 -0.00173098 -0.000705938 0.00173102 0.999998 0.0398386 0.0511696 -0.098064
FixedParameters: 0 0 0

#Transform 28
Transform: AffineTransform_float_3_3
Parameters: 0.999999 0.000497778 0.000848774 -0.000495976 0.999998 -0.00160306 -0.000849976 0.00160294 0.999999 0.044065 0.0553628 0.0262772
FixedParameters: 0 0 0

#Transform 29
Transform: AffineTransform_float_3_3
Parameters: 0.999998 9.30725e-05 0.00163781 -9.0435e-05 0.999999 -0.00176764 -0.00163789 0.00176736 0.999997 0.0143219 0.0454917 0.00402874
FixedParameters: 0 0 0

#Transform 30
Transform: AffineTransform_float_3_3
Parameters: 1 0.000808179 0.000769959 -0.000807078 1 -0.00105877 -0.000770358 0.00105823 0.999999 0.0215256 0.0434472 -0.00596802
FixedParameters: 0 0 0

#Transform 31
Transform: AffineTransform_float_3_3
Parameters: 0.999999 0.000813366 0.00120573 -0.000812522 0.999999 -0.00111362 -0.00120676 0.00111238 0.999999 -0.0138032 0.0496814 -0.0525456
FixedParameters: 0 0 0

#Transform 32
Transform: AffineTransform_float_3_3
Parameters: 0.999999 0.000945418 0.000283595 -0.000945011 1 -0.000717781 -0.000284951 0.000717218 0.999999 0.045983 0.0598425 -0.0412941
FixedParameters: 0 0 0

#Transform 33
Transform: AffineTransform_float_3_3
Parameters: 0.999999 0.000927844 0.00116814 -0.00092678 0.999999 -0.000455876 -0.00116899 0.000455123 0.999999 -0.0126972 0.0498546 -0.0425111
FixedParameters: 0 0 0

#Transform 34
Transform: AffineTransform_float_3_3
Parameters: 1 0.00112645 0.000422664 -0.00112621 0.999999 -0.00091263 -0.000423409 0.000912371 1 0.0634382 0.0679801 -0.0702154
FixedParameters: 0 0 0

#Transform 35
Transform: AffineTransform_float_3_3
Parameters: 1 0.000882115 0.000574734 -0.000881556 0.999999 -0.000486147 -0.000575591 0.000485852 1 -0.00631403 0.0475432 -0.00364732
FixedParameters: 0 0 0

#Transform 36
Transform: AffineTransform_float_3_3
Parameters: 0.999999 0.00116975 0.000721804 -0.00116842 1 -0.000651997 -0.000722407 0.000651003 1 0.0278718 0.050059 -0.0815197
FixedParameters: 0 0 0

#Transform 37
Transform: AffineTransform_float_3_3
Parameters: 1 0.000820692 0.000795243 -0.000820517 0.999999 -0.000688293 -0.000795981 0.000687707 1 -0.0102657 0.0488897 0.0016604
FixedParameters: 0 0 0

#Transform 38
Transform: AffineTransform_float_3_3
Parameters: 0.999998 0.00111539 0.00114719 -0.00111465 0.999999 -0.000324072 -0.00114791 0.000322927 0.999999 -0.00158074 0.0459376 -0.0915346
FixedParameters: 0 0 0

#Transform 39
Transform: AffineTransform_float_3_3
Parameters: 1 0.00106721 1.64494e-05 -0.0010676 0.999999 0.000135983 -1.70796e-05 -0.000136018 1 0.0215495 0.036645 -0.0329729
FixedParameters: 0 0 0

#Transform 40
Transform: AffineTransform_float_3_3
Parameters: 0.999998 0.00109256 0.00116358 -0.00109246 0.999999 -4.4064e-05 -0.00116367 4.29355e-05 0.999999 -0.00574293 0.0447927 -0.0708486
FixedParameters: 0 0 0

#Transform 41
Transform: AffineTransform_float_3_3
Parameters: 0.999999 0.00133074 0.000622988 -0.00133127 0.999999 0.000431019 -0.000621839 -0.000431981 1 -0.0040802 0.0370798 -0.0688817
FixedParameters: 0 0 0

#Transform 42
Transform: AffineTransform_float_3_3
Parameters: 0.999998 0.00103846 0.00134295 -0.00103818 0.999999 -0.000106187 -0.00134317 0.000104812 0.999999 -0.0278267 0.04022 -0.100294
FixedParameters: 0 0 0

#Transform 43
Transform: AffineTransform_float_3_3
Parameters: 0.999999 0.00124782 0.000747002 -0.00124814 0.999999 0.000212275 -0.000746472 -0.000212725 1 0.0367985 0.0434429 -0.0751582
FixedParameters: 0 0 0

#Transform 44
Transform: AffineTransform_float_3_3
Parameters: 0.999999 0.000716616 0.00119718 -0.000716839 1 9.25017e-05 -0.00119705 -9.34983e-05 0.999999 -0.0393667 0.0413537 -0.067713
FixedParameters: 0 0 0

#Transform 45
Transform: AffineTransform_float_3_3
Parameters: 1 0.00112711 0.000394632 -0.00112641 0.999999 -0.000388804 -0.000394586 0.000387196 1 0.0322782 0.0364292 -0.135263
FixedParameters: 0 0 0

#Transform 46
Transform: AffineTransform_float_3_3
Parameters: 0.999999 0.00048959 0.000725307 -0.000489135 1 -0.000313507 -0.000725614 0.000313492 0.999999 -0.011462 0.037184 -0.0286743
FixedParameters: 0 0 0

#Transform 47
Transform: AffineTransform_float_3_3
Parameters: 0.999998 0.00113177 0.00128756 -0.00113197 0.999999 0.00079211 -0.00128655 -0.000792891 0.999999 0.0145351 0.0349981 -0.117811
FixedParameters: 0 0 0

#Transform 48
Transform: AffineTransform_float_3_3
Parameters: 0.999999 0.00117293 0.000956209 -0.00117373 0.999999 0.000698726 -0.000955878 -0.000700275 0.999999 -0.0259128 0.043168 -0.0875518
FixedParameters: 0 0 0

#Transform 49
Transform: AffineTransform_float_3_3
Parameters: 0.999999 0.00109981 0.000763585 -0.0011006 0.999999 0.000860008 -0.000763003 -0.000860993 0.999999 0.0145326 0.0422163 -0.106129
FixedParameters: 0 0 0

#Transform 50
Transform: AffineTransform_float_3_3
Parameters: 0.999999 0.000769987 0.00096615 -0.00077117 1 0.000612462 -0.000965206 -0.000612537 0.999999 -0.0294975 0.044705 -0.0875493
FixedParameters: 0 0 0

#Transform 51
Transform: AffineTransform_float_3_3
Parameters: 0.999999 0.00103033 0.000807092 -0.00103111 1 0.000812016 -0.000806728 -0.000812985 0.999999 -0.0207521 0.0391666 -0.0810965
FixedParameters: 0 0 0

#Transform 52
Transform: AffineTransform_float_3_3
Parameters: 0.999999 0.000823047 0.00098723 -0.000823928 0.999999 0.000912394 -0.000986117 -0.000912605 0.999999 -0.0199887 0.0389134 -0.100096
FixedParameters: 0 0 0

#Transform 53
Transform: AffineTransform_float_3_3
Parameters: 1 0.00106708 0.000403633 -0.00106755 1 0.000588418 -0.000402377 -0.000588583 1 0.0265519 0.0476952 -0.0518303
FixedParameters: 0 0 0

#Transform 54
Transform: AffineTransform_float_3_3
Parameters: 0.999999 0.000801976 0.00113397 -0.000802877 0.999999 0.00063045 -0.00113427 -0.00063155 0.999999 -0.0227379 0.042006 -0.0862256
FixedParameters: 0 0 0

#Transform 55
Transform: AffineTransform_float_3_3
Parameters: 1 0.000980966 0.000154854 -0.000981664 0.999999 0.000993849 -0.000153823 -0.000994152 1 0.0396474 0.0424456 -0.115471
FixedParameters: 0 0 0

#Transform 56
Transform: AffineTransform_float_3_3
Parameters: 1 0.00073898 0.000746079 -0.000740411 0.999999 0.0013143 -0.000745446 -0.0013147 0.999998 -0.0165129 0.0437426 -0.0990801
FixedParameters: 0 0 0

#Transform 57
Transform: AffineTransform_float_3_3
Parameters: 0.999999 0.00107506 0.00105014 -0.00107622 0.999998 0.00124323 -0.00104917 -0.00124477 0.999999 0.0186986 0.0312188 -0.15856
FixedParameters: 0 0 0

#Transform 58
Transform: AffineTransform_float_3_3
Parameters: 0.999998 0.00119769 0.00164085 -0.00119951 0.999999 0.0008346 -0.00163924 -0.000836398 0.999998 -0.0441726 0.0266663 -0.123732
FixedParameters: 0 0 0

#Transform 59
Transform: AffineTransform_float_3_3
Parameters: 1 0.000902955 0.00067814 -0.000904389 0.999998 0.00183924 -0.000677437 -0.00183977 0.999998 -0.00294284 0.0301521 -0.140637
FixedParameters: 0 0 0

#Transform 60
Transform: AffineTransform_float_3_3
Parameters: 0.999998 0.00076693 0.00146387 -0.000768674 0.999999 0.00122424 -0.00146277 -0.00122576 0.999998 -0.0119656 0.0354334 -0.129787
FixedParameters: 0 0 0

#Transform 61
Transform: AffineTransform_float_3_3
Parameters: 1 0.00112013 0.000444083 -0.00112057 0.999998 0.00169035 -0.000442917 -0.00169065 0.999999 0.0143282 0.0324091 -0.110661
FixedParameters: 0 0 0

#Transform 62
Transform: AffineTransform_float_3_3
Parameters: 0.999998 0.00110055 0.0012013 -0.00110234 0.999998 0.00151204 -0.00119875 -0.00151396 0.999998 -0.0180534 0.0294912 -0.169582
FixedParameters: 0 0 0

#Transform 63
Transform: AffineTransform_float_3_3
Parameters: 0.999999 0.00111526 0.000743637 -0.0011168 0.999998 0.00174902 -0.000742355 -0.00174998 0.999998 -0.000656906 0.0317165 -0.135723
FixedParameters: 0 0 0

#Transform 64
Transform: AffineTransform_float_3_3
Parameters: 0.999999 0.000990696 0.00104273 -0.000992175 0.999998 0.00184718 -0.00104116 -0.00184783 0.999998 -0.0208941 0.0280993 -0.213423
FixedParameters: 0 0 0

#Transform 65
Transform: AffineTransform_float_3_3
Parameters: 0.999999 0.000887854 0.000873326 -0.00088938 0.999998 0.00170423 -0.000871998 -0.00170578 0.999998 -0.0313947 0.032171 -0.136695
FixedParameters: 0 0 0

#Transform 66
Transform: AffineTransform_float_3_3
Parameters: 0.999999 0.00113556 0.00053974 -0.00113625 1 0.000639235 -0.000538288 -0.000639765 1 0.00812586 0.0298527 -0.159686
FixedParameters: 0 0 0

#Transform 67
Transform: AffineTransform_float_3_3
Parameters: 0.999999 0.000957883 0.000843728 -0.000959268 0.999998 0.00168119 -0.000842205 -0.00168281 0.999998 -0.0316665 0.0375389 -0.152377
FixedParameters: 0 0 0

#Transform 68
Transform: AffineTransform_float_3_3
Parameters: 0.999999 0.00104261 0.000803045 -0.00104263 0.999999 0.000910164 -0.000802848 -0.000911838 1 -0.0164 0.0160417 -0.188754
FixedParameters: 0 0 0

#Transform 69
Transform: AffineTransform_float_3_3
Parameters: 1 0.000830548 0.000776631 -0.000831018 1 0.000895356 -0.000775533 -0.000896645 1 0.000291681 0.025091 -0.242473
FixedParameters: 0 0 0

#Transform 70
Transform: AffineTransform_float_3_3
Parameters: 1 0.000551329 0.00101009 -0.0005524 0.999998 0.00189744 -0.00100917 -0.00189856 0.999997 -0.018262 0.026822 -0.186195
FixedParameters: 0 0 0

#Transform 71
Transform: AffineTransform_float_3_3
Parameters: 0.999999 0.00109501 0.000643332 -0.00109665 0.999998 0.0013795 -0.00064254 -0.0013795 0.999999 0.0059267 0.0274386 -0.188673
FixedParameters: 0 0 0

#Transform 72
Transform: AffineTransform_float_3_3
Parameters: 0.999999 0.000819185 0.00115314 -0.000821914 0.999998 0.00181242 -0.00115187 -0.00181359 0.999998 -0.0253299 0.0294723 -0.189186
FixedParameters: 0 0 0

#Transform 73
Transform: AffineTransform_float_3_3
Parameters: 1 0.00103267 0.000571153 -0.00103409 0.999998 0.00171026 -0.000568929 -0.00171074 0.999998 -0.0050247 0.0271449 -0.204234
FixedParameters: 0 0 0

#Transform 74
Transform: AffineTransform_float_3_3
Parameters: 0.999999 0.00106226 0.000789765 -0.00106326 0.999998 0.00155137 -0.000788169 -0.00155163 0.999998 -0.0261626 0.0302239 -0.250584
FixedParameters: 0 0 0

#Transform 75
Transform: AffineTransform_float_3_3
Parameters: 1 0.000687622 0.000793821 -0.000688625 0.999999 0.00121145 -0.000792544 -0.00121255 0.999999 -0.0222589 0.0338662 -0.257807
FixedParameters: 0 0 0

#Transform 76
Transform: AffineTransform_float_3_3
Parameters: 1 0.0010871 0.000438981 -0.00108707 0.999999 0.00102037 -0.000437153 -0.00102063 0.999999 -0.0308619 0.0248067 -0.235121
FixedParameters: 0 0 0

#Transform 77
Transform: AffineTransform_float_3_3
Parameters: 1 0.000976337 0.000412956 -0.000976101 0.999999 0.000830598 -0.000411724 -0.000831403 1 0.00453156 0.0232875 -0.260038
FixedParameters: 0 0 0

#Transform 78
Transform: AffineTransform_float_3_3
Parameters: 0.999999 0.000929613 0.000797656 -0.000930473 0.999999 0.000871465 -0.000797346 -0.000871535 0.999999 -0.0100795 0.0145576 -0.259418
FixedParameters: 0 0 0

#Transform 79
Transform: AffineTransform_float_3_3
Parameters: 1 0.000528859 0.000882677 -0.000529795 1 0.00105153 -0.000881954 -0.00105247 0.999999 -0.0215679 0.0409844 -0.101451
FixedParameters: 0 0 0

#Transform 80
Transform: AffineTransform_float_3_3
Parameters: 1 0.000757249 0.000870717 -0.000758569 1 0.00106219 -0.000870418 -0.00106281 0.999999 -0.0403209 0.0346182 -0.140577
FixedParameters: 0 0 0

#Transform 81
Transform: AffineTransform_float_3_3
Parameters: 0.999999 0.000523987 0.000757634 -0.00052516 0.999999 0.000773962 -0.000756822 -0.000774037 1 -0.00773803 0.0280816 -0.203514
FixedParameters: 0 0 0

#Transform 82
Transform: AffineTransform_float_3_3
Parameters: 0.999999 0.000526874 0.000508968 -0.00052728 0.999999 0.00130473 -0.000507983 -0.00130527 0.999999 -0.0166368 0.0253415 -0.187176
FixedParameters: 0 0 0

#Transform 83
Transform: AffineTransform_float_3_3
Parameters: 1 0.000509892 0.000468272 -0.000510798 0.999999 0.000968121 -0.000467284 -0.000967879 1 0.00211759 0.014036 -0.271174
FixedParameters: 0 0 0

#Transform 84
Transform: AffineTransform_float_3_3
Parameters: 1 0.000661745 0.000828797 -0.000663049 0.999998 0.00166181 -0.000828297 -0.00166219 0.999998 -0.0306937 0.0293261 -0.176703
FixedParameters: 0 0 0

#Transform 85
Transform: AffineTransform_float_3_3
Parameters: 0.999999 0.000638156 0.000563918 -0.000638968 0.999999 0.00118964 -0.00056371 -0.00119036 0.999999 0.0073935 0.0220815 -0.244699
FixedParameters: 0 0 0

#Transform 86
Transform: AffineTransform_float_3_3
Parameters: 0.999999 0.000766315 0.000330602 -0.000766638 0.999999 0.00129075 -0.000329934 -0.00129125 0.999999 0.0135772 0.0266536 -0.209709
FixedParameters: 0 0 0

#Transform 87
Transform: AffineTransform_float_3_3
Parameters: 1 0.000545098 0.000900796 -0.000545337 0.999999 0.00115451 -0.000900318 -0.00115549 0.999999 -0.024593 0.00996105 -0.237891
FixedParameters: 0 0 0

#Transform 88
Transform: AffineTransform_float_3_3
Parameters: 1 0.000980114 0.000140011 -0.00098039 0.999999 0.000992864 -0.000138064 -0.000993136 1 0.0408806 0.0142175 -0.267112
FixedParameters: 0 0 0

#Transform 89
Transform: AffineTransform_float_3_3
Parameters: 1 0.00067832 0.000156338 -0.000678316 0.999999 0.00168638 -0.000155361 -0.00168662 0.999998 0.0166727 0.0393803 -0.152298
FixedParameters: 0 0 0

#Transform 90
Transform: AffineTransform_float_3_3
Parameters: 1 0.000411956 0.000474053 -0.000412653 0.999998 0.00170816 -0.000473036 -0.00170784 0.999999 -0.00978499 0.0189098 -0.271303
FixedParameters: 0 0 0

#Transform 91
Transform: AffineTransform_float_3_3
Parameters: 1 0.000898416 -0.000512311 -0.000897354 0.999999 0.0014161 0.000513934 -0.0014159 0.999999 0.0545863 0.010521 -0.293879
FixedParameters: 0 0 0

#Transform 92
Transform: AffineTransform_float_3_3
Parameters: 0.999999 0.000814878 0.000192312 -0.000815154 0.999997 0.00210669 -0.00019019 -0.00210631 0.999997 -0.011118 0.0172963 -0.274523
FixedParameters: 0 0 0

#Transform 93
Transform: AffineTransform_float_3_3
Parameters: 0.999999 0.000670426 0.000346722 -0.000670578 0.999997 0.00231477 -0.00034532 -0.00231523 0.999998 -0.0207219 -0.00744935 -0.325755
FixedParameters: 0 0 0

#Transform 94
Transform: AffineTransform_float_3_3
Parameters: 0.999999 0.000734673 0.0002263 -0.000735192 0.999997 0.00232884 -0.000224188 -0.00232917 0.999998 0.00168834 0.0277294 -0.260011
FixedParameters: 0 0 0

#Transform 95
Transform: AffineTransform_float_3_3
Parameters: 1 0.000591915 0.000918018 -0.000593599 0.999998 0.00170681 -0.000917696 -0.00170718 0.999998 -0.011692 0.00842936 -0.313789
FixedParameters: 0 0 0

#Transform 96
Transform: AffineTransform_float_3_3
Parameters: 0.999999 0.000673244 0.00103368 -0.000676261 0.999996 0.00260766 -0.00103226 -0.00260834 0.999996 -0.0386725 0.004587 -0.242163
FixedParameters: 0 0 0

#Transform 97
Transform: AffineTransform_float_3_3
Parameters: 0.999999 0.000690542 0.000244678 -0.000690955 0.999998 0.00193183 -0.00024332 -0.00193217 0.999998 -0.00314453 0.000468202 -0.368719
FixedParameters: 0 0 0

#Transform 98
Transform: AffineTransform_float_3_3
Parameters: 1 0.000450016 0.000346297 -0.00045098 0.999997 0.00215869 -0.000345663 -0.00215831 0.999997 -0.017355 -0.0111294 -0.394469
FixedParameters: 0 0 0

#Transform 99
Transform: AffineTransform_float_3_3
Parameters: 0.999999 0.000532429 0.000773963 -0.000534858 0.999997 0.00250795 -0.000772989 -0.00250805 0.999997 -0.0315398 -0.00771659 -0.363657
FixedParameters: 0 0 0

#Transform 100
Transform: AffineTransform_float_3_3
Parameters: 0.999999 0.000693868 0.000384736 -0.000695327 0.999996 0.00259194 -0.000382448 -0.00259106 0.999997 -0.0190099 -0.0111524 -0.385402
FixedParameters: 0 0 0

#Transform 101
Transform: AffineTransform_float_3_3
Parameters: 1 0.000394239 0.000445838 -0.000395375 0.999998 0.00230983 -0.000444404 -0.00231018 0.999997 -0.016352 -0.0130963 -0.417272
FixedParameters: 0 0 0

#Transform 102
Transform: AffineTransform_float_3_3
Parameters: 1 0.0003212 0.000272592 -0.000321499 0.999997 0.00224127 -0.000271542 -0.00224073 0.999998 0.00372907 -0.031449 -0.491454
FixedParameters: 0 0 0

#Transform 103
Transform: AffineTransform_float_3_3
Parameters: 1 0.000343079 0.000543394 -0.000345144 0.999997 0.00238781 -0.000543062 -0.00238819 0.999997 -0.0279925 -0.0224897 -0.446709
FixedParameters: 0 0 0

#Transform 104
Transform: AffineTransform_float_3_3
Parameters: 0.999999 0.000812295 -0.000135119 -0.000812392 0.999996 0.00251211 0.000137359 -0.00251189 0.999997 0.0069042 -0.0154548 -0.416591
FixedParameters: 0 0 0

#Transform 105
Transform: AffineTransform_float_3_3
Parameters: 1 0.000280715 0.00017687 -0.000280712 0.999996 0.00260395 -0.000175799 -0.00260405 0.999996 0.00333179 -0.0337934 -0.518035
FixedParameters: 0 0 0

#Transform 106
Transform: AffineTransform_float_3_3
Parameters: 1 0.000377986 0.000408357 -0.000378668 0.999995 0.00309485 -0.000406797 -0.00309516 0.999995 -0.0118894 -0.042213 -0.543333
FixedParameters: 0 0 0

#Transform 107
Transform: AffineTransform_float_3_3
Parameters: 0.999999 0.000541174 0.000459195 -0.000543003 0.999993 0.00357996 -0.000457016 -0.00357904 0.999993 -0.0298286 -0.0316734 -0.499979
FixedParameters: 0 0 0

#Transform 108
Transform: AffineTransform_float_3_3
Parameters: 1 0.000335967 0.000125549 -0.000337165 0.999994 0.00322896 -0.000124296 -0.00322904 0.999995 0.0110819 -0.0330302 -0.507585
FixedParameters: 0 0 0

#Transform 109
Transform: AffineTransform_float_3_3
Parameters: 1 0.000122071 -0.000199918 -0.000121051 0.999994 0.00353002 0.000199856 -0.00352997 0.999993 0.011345 0.00732444 -0.284638
FixedParameters: 0 0 0

#Transform 110
Transform: AffineTransform_float_3_3
Parameters: 1 0.000568344 0.000224238 -0.00056841 0.999994 0.00339687 -0.000222078 -0.00339713 0.999994 -0.0210089 -0.0271989 -0.45321
FixedParameters: 0 0 0

#Transform 111
Transform: AffineTransform_float_3_3
Parameters: 0.999999 0.000868864 -0.000219144 -0.000867232 0.99999 0.00425619 0.000223381 -0.00425581 0.999991 0.012308 -0.0408552 -0.518997
FixedParameters: 0 0 0

#Transform 112
Transform: AffineTransform_float_3_3
Parameters: 1 0.000458638 0.00015999 -0.000459803 0.999992 0.00409557 -0.00015846 -0.00409643 0.999991 -0.000890922 -0.0440338 -0.605152
FixedParameters: 0 0 0

#Transform 113
Transform: AffineTransform_float_3_3
Parameters: 1 0.000604222 -0.0002089 -0.000603553 0.99999 0.00438213 0.000211431 -0.00438188 0.999991 0.000334286 -0.0186083 -0.451803
FixedParameters: 0 0 0

#Transform 114
Transform: AffineTransform_float_3_3
Parameters: 1 0.00043676 0.000192959 -0.000437726 0.999993 0.00389792 -0.000190862 -0.00389809 0.999993 -0.00505367 -0.0329246 -0.496149
FixedParameters: 0 0 0

#Transform 115
Transform: AffineTransform_float_3_3
Parameters: 1 0.000466784 0.000497068 -0.000468359 0.999992 0.00397477 -0.000495443 -0.00397523 0.999992 -0.0172911 -0.040573 -0.524525
FixedParameters: 0 0 0

#Transform 116
Transform: AffineTransform_float_3_3
Parameters: 1 0.00018638 0.000632152 -0.000188323 0.999993 0.00372188 -0.00063193 -0.00372212 0.999993 -0.0179245 -0.019822 -0.461223
FixedParameters: 0 0 0

#Transform 117
Transform: AffineTransform_float_3_3
Parameters: 0.999999 0.000209202 0.000787418 -0.000212484 0.999992 0.00383919 -0.000786972 -0.00383881 0.999992 -0.0210035 -0.0237236 -0.474501
FixedParameters: 0 0 0

#Transform 118
Transform: AffineTransform_float_3_3
Parameters: 0.999999 0.000374304 0.00060417 -0.000377185 0.999994 0.00358798 -0.000603176 -0.00358702 0.999993 -0.02141 -0.0279776 -0.490515
FixedParameters: 0 0 0

#Transform 119
Transform: AffineTransform_float_3_3
Parameters: 1 0.00038625 0.00046797 -0.000388505 0.999992 0.00396482 -0.000466601 -0.00396518 0.999992 -0.0109654 -0.028488 -0.465524
FixedParameters: 0 0 0

#Transform 120
Transform: AffineTransform_float_3_3
Parameters: 1 0.000213191 0.000321519 -0.000214613 0.999994 0.00364893 -0.000320349 -0.00364907 0.999994 -0.00590257 -0.0136623 -0.434946
FixedParameters: 0 0 0

#Transform 121
Transform: AffineTransform_float_3_3
Parameters: 0.999999 0.000532393 0.000559389 -0.000533888 0.999994 0.0034597 -0.000557793 -0.0034603 0.999994 -0.015223 -0.0293213 -0.518169
FixedParameters: 0 0 0

#Transform 122
Transform: AffineTransform_float_3_3
Parameters: 1 0.000426864 0.000479061 -0.000428962 0.999993 0.0037088 -0.000477589 -0.0037092 0.999993 -0.012039 -0.0331345 -0.547439
FixedParameters: 0 0 0

#Transform 123
Transform: AffineTransform_float_3_3
Parameters: 1 0.000258228 0.000192799 -0.000258182 0.999998 0.00227295 -0.000192016 -0.00227305 0.999998 -0.0272416 -0.0304032 -0.399545
FixedParameters: 0 0 0

#Transform 124
Transform: AffineTransform_float_3_3
Parameters: 1 0.000570393 0.000249278 -0.000570779 0.999999 0.000776857 -0.000248392 -0.000777141 0.999999 0.0208564 -0.0327309 -0.467729
FixedParameters: 0 0 0

#Transform 125
Transform: AffineTransform_float_3_3
Parameters: 1 0.000542008 -0.00014816 -0.000540731 0.999996 0.00250908 0.000149566 -0.00250892 0.999997 0.0119421 -0.00706025 -0.378673
FixedParameters: 0 0 0

#Transform 126
Transform: AffineTransform_float_3_3
Parameters: 0.999999 0.000718367 0.000251327 -0.000718759 0.999998 0.00183882 -0.000249995 -0.00183918 0.999999 0.0102604 -0.0449603 -0.540339
FixedParameters: 0 0 0

#Transform 127
Transform: AffineTransform_float_3_3
Parameters: 0.999999 0.000298804 0.000949445 -0.000302569 0.999995 0.00295407 -0.00094845 -0.00295392 0.999995 -0.022965 -0.0244038 -0.425083
FixedParameters: 0 0 0

#Transform 128
Transform: AffineTransform_float_3_3
Parameters: 0.999999 0.00023568 0.000800215 -0.000239097 0.999994 0.00328717 -0.000799436 -0.00328683 0.999994 -0.0171714 -0.0377746 -0.469056
FixedParameters: 0 0 0

#Transform 129
Transform: AffineTransform_float_3_3
Parameters: 0.999999 0.000497269 0.000733594 -0.000499787 0.999994 0.00333499 -0.000732361 -0.003335 0.999994 -0.00678899 -0.0304985 -0.494159
FixedParameters: 0 0 0

#Transform 130
Transform: AffineTransform_float_3_3
Parameters: 0.999999 0.000797285 0.000963051 -0.000800359 0.999996 0.00283044 -0.000960622 -0.00283056 0.999996 -0.0235893 -0.0372266 -0.50946
FixedParameters: 0 0 0

#Transform 131
Transform: AffineTransform_float_3_3
Parameters: 0.999999 0.000580763 0.000448727 -0.000581745 0.999996 0.00271474 -0.000447273 -0.00271526 0.999996 -0.00795002 -0.0507069 -0.566062
FixedParameters: 0 0 0

#Transform 132
Transform: AffineTransform_float_3_3
Parameters: 0.999999 0.000440933 0.00056182 -0.000441761 0.999997 0.00237775 -0.000560503 -0.00237825 0.999997 -0.0122213 -0.0456342 -0.522048
FixedParameters: 0 0 0

#Transform 133
Transform: AffineTransform_float_3_3
Parameters: 1 0.000391169 0.000528519 -0.0003917 0.999998 0.0022458 -0.000527542 -0.00224621 0.999998 -0.00957425 -0.0468678 -0.531471
FixedParameters: 0 0 0

#Transform 134
Transform: AffineTransform_float_3_3
Parameters: 1 0.000390992 0.00052865 -0.000392796 0.999996 0.00258015 -0.000527019 -0.00257985 0.999997 -0.00835123 -0.0362592 -0.482499
FixedParameters: 0 0 0

#Transform 135
Transform: AffineTransform_float_3_3
Parameters: 1 0.000369689 0.000537657 -0.000370836 0.999996 0.0027818 -0.000536378 -0.0027822 0.999996 -0.00747075 -0.039666 -0.518652
FixedParameters: 0 0 0

#Transform 136
Transform: AffineTransform_float_3_3
Parameters: 0.999999 0.000758689 0.000373665 -0.000759132 0.999996 0.00253972 -0.000371512 -0.00254028 0.999996 -0.00646295 -0.0487388 -0.558923
FixedParameters: 0 0 0

#Transform 137
Transform: AffineTransform_float_3_3
Parameters: 0.999999 0.000746813 0.000346505 -0.000747956 0.999994 0.00318874 -0.000344361 -0.00318926 0.999995 -0.0158449 -0.056798 -0.562363
FixedParameters: 0 0 0

#Transform 138
Transform: AffineTransform_float_3_3
Parameters: 0.999999 0.00059448 0.000461617 -0.000596039 0.999994 0.00326809 -0.000459428 -0.00326791 0.999995 -0.0108056 -0.0398152 -0.573913
FixedParameters: 0 0 0

#Transform 139
Transform: AffineTransform_float_3_3
Parameters: 0.999999 0.000678928 0.000557569 -0.000680707 0.999993 0.00373062 -0.000554589 -0.00373138 0.999993 -0.0151261 -0.043365 -0.540069
FixedParameters: 0 0 0

#Transform 140
Transform: AffineTransform_float_3_3
Parameters: 1 0.000524817 0.000190545 -0.000525638 0.999993 0.0035679 -0.000188108 -0.0035681 0.999993 0.0107891 -0.032143 -0.550748
FixedParameters: 0 0 0

#Transform 141
Transform: AffineTransform_float_3_3
Parameters: 1 0.000421776 0.000420454 -0.000423427 0.999993 0.00369382 -0.000419034 -0.00369418 0.999993 -0.0114271 -0.0452372 -0.593982
FixedParameters: 0 0 0

#Transform 142
Transform: AffineTransform_float_3_3
Parameters: 0.999999 0.000806116 1.64889e-05 -0.000806493 0.99999 0.00428299 -1.27344e-05 -0.00428301 0.999991 0.00464399 -0.0446923 -0.599871
FixedParameters: 0 0 0

#Transform 143
Transform: AffineTransform_float_3_3
Parameters: 1 0.000550739 0.000123347 -0.00055021 0.999993 0.00377278 -0.000120896 -0.00377222 0.999992 0.00457797 -0.0418318 -0.643468
FixedParameters: 0 0 0

#Transform 144
Transform: AffineTransform_float_3_3
Parameters: 1 0.000367384 0.000377329 -0.000369395 0.999989 0.00459622 -0.000375645 -0.00459578 0.99999 -0.0167128 -0.044937 -0.59864
FixedParameters: 0 0 0

#Transform 145
Transform: AffineTransform_float_3_3
Parameters: 0.999999 0.000584018 -0.000414558 -0.000583031 0.999993 0.00370624 0.000416512 -0.00370576 0.999993 0.0400753 -0.0408871 -0.612603
FixedParameters: 0 0 0

#Transform 146
Transform: AffineTransform_float_3_3
Parameters: 1 0.000531294 0.000131816 -0.000532306 0.99999 0.00440493 -0.000129362 -0.00440507 0.999991 -0.018188 -0.0266829 -0.559831
FixedParameters: 0 0 0

#Transform 147
Transform: AffineTransform_float_3_3
Parameters: 0.999999 0.000722776 -0.00046883 -0.000721709 0.999994 0.00336134 0.000471314 -0.00336066 0.999994 0.0356761 -0.0467439 -0.648743
FixedParameters: 0 0 0

#Transform 148
Transform: AffineTransform_float_3_3
Parameters: 1 0.000442725 0.000169033 -0.000443745 0.999989 0.00462293 -0.000166246 -0.00462308 0.99999 -0.0216782 -0.0330406 -0.516992
FixedParameters: 0 0 0

#Transform 149
Transform: AffineTransform_float_3_3
Parameters: 1 0.000496281 -0.000339508 -0.000494689 0.999991 0.00406317 0.000340773 -0.00406283 0.999991 0.028859 -0.0512172 -0.65976
FixedParameters: 0 0 0

#Transform 150
Transform: AffineTransform_float_3_3
Parameters: 1 0.000614381 0.000337687 -0.000615342 0.999991 0.00437064 -0.000335326 -0.00437036 0.99999 -0.0201128 -0.060766 -0.669082
FixedParameters: 0 0 0

#Transform 151
Transform: AffineTransform_float_3_3
Parameters: 0.999999 0.000720527 -0.000138436 -0.000719569 0.999991 0.00432174 0.000141508 -0.00432226 0.99999 0.0175734 -0.0801839 -0.732347
FixedParameters: 0 0 0

#Transform 152
Transform: AffineTransform_float_3_3
Parameters: 1 0.000403031 1.19899e-05 -0.000402986 0.999992 0.004128 -1.08944e-05 -0.00412801 0.999992 -0.00304425 -0.0692608 -0.749393
FixedParameters: 0 0 0

#Transform 153
Transform: AffineTransform_float_3_3
Parameters: 1 0.000245078 6.20015e-05 -0.000245582 0.999991 0.00412834 -5.9976e-05 -0.00412765 0.999992 0.00187579 -0.0671185 -0.746561
FixedParameters: 0 0 0

#Transform 154
Transform: AffineTransform_float_3_3
Parameters: 1 0.000222513 0.000277589 -0.000223322 0.999988 0.0047843 -0.000276238 -0.0047837 0.999989 -0.00496822 -0.0730208 -0.73431
FixedParameters: 0 0 0

#Transform 155
Transform: AffineTransform_float_3_3
Parameters: 1 0.000332503 0.000288949 -0.000334639 0.999989 0.00462691 -0.000287173 -0.0046271 0.99999 -0.00627491 -0.0820862 -0.748337
FixedParameters: 0 0 0

#Transform 156
Transform: AffineTransform_float_3_3
Parameters: 1 0.000371145 0.000274874 -0.000372122 0.99999 0.0044289 -0.000273284 -0.0044291 0.99999 -0.00140947 -0.0923952 -0.797097
FixedParameters: 0 0 0

#Transform 157
Transform: AffineTransform_float_3_3
Parameters: 1 0.000365501 0.000525586 -0.000367624 0.999989 0.00465581 -0.000523344 -0.00465619 0.999989 -0.00475239 -0.0929794 -0.788882
FixedParameters: 0 0 0

#Transform 158
Transform: AffineTransform_float_3_3
Parameters: 1 0.000247436 0.000485082 -0.000249615 0.999987 0.00509988 -0.00048372 -0.00510012 0.999987 -0.00150589 -0.0863285 -0.802039
FixedParameters: 0 0 0

#Transform 159
Transform: AffineTransform_float_3_3
Parameters: 1 0.000485403 0.000504779 -0.000488293 0.999987 0.0052266 -0.000501782 -0.0052264 0.999986 -0.00670334 -0.0969169 -0.793068
FixedParameters: 0 0 0

#Transform 160
Transform: AffineTransform_float_3_3
Parameters: 1 0.000374433 0.000104429 -0.000374874 0.999989 0.00469696 -0.00010222 -0.00469704 0.999989 0.00290265 -0.0976471 -0.875645
FixedParameters: 0 0 0

#Transform 161
Transform: AffineTransform_float_3_3
Parameters: 1 0.000113439 0.00025064 -0.000115268 0.999985 0.00549397 -0.000249774 -0.00549403 0.999985 -0.00285594 -0.104679 -0.863343
FixedParameters: 0 0 0

#Transform 162
Transform: AffineTransform_float_3_3
Parameters: 1 0.000189183 0.000407553 -0.000191148 0.999989 0.00467492 -0.000406557 -0.00467508 0.999989 -0.00257568 -0.115169 -0.886865
FixedParameters: 0 0 0

#Transform 163
Transform: AffineTransform_float_3_3
Parameters: 1 0.000261101 0.000196404 -0.000262111 0.999988 0.00494095 -0.00019421 -0.00494105 0.999988 -0.00649012 -0.0957578 -0.807691
FixedParameters: 0 0 0

#Transform 164
Transform: AffineTransform_float_3_3
Parameters: 1 4.21919e-05 -8.05216e-05 -4.13508e-05 0.999987 0.00520901 8.09568e-05 -0.005209 0.999987 0.00590319 -0.0867459 -0.797355
FixedParameters: 0 0 0

#Transform 165
Transform: AffineTransform_float_3_3
Parameters: 1 0.000276328 -0.000274903 -0.000275101 0.999986 0.00531407 0.000276383 -0.00531392 0.999986 0.0136444 -0.109848 -0.84134
FixedParameters: 0 0 0

#Transform 166
Transform: AffineTransform_float_3_3
Parameters: 1 0.000186954 -5.31568e-05 -0.000186722 0.999983 0.00579501 5.44018e-05 -0.00579499 0.999983 0.00246599 -0.0896777 -0.818033
FixedParameters: 0 0 0

#Transform 167
Transform: AffineTransform_float_3_3
Parameters: 1 0.000435326 -0.000472621 -0.000432483 0.999986 0.00521036 0.000474772 -0.00521065 0.999987 0.0250494 -0.0971229 -0.829077
FixedParameters: 0 0 0

#Transform 168
Transform: AffineTransform_float_3_3
Parameters: 1 0.000509183 -0.000387057 -0.000506151 0.999983 0.0059182 0.000389384 -0.00591781 0.999983 0.00326041 -0.114742 -0.831043
FixedParameters: 0 0 0

#Transform 169
Transform: AffineTransform_float_3_3
Parameters: 1 0.000249887 -0.000647268 -0.000246217 0.999983 0.00586816 0.00064859 -0.00586784 0.999982 0.020205 -0.0789047 -0.663955
FixedParameters: 0 0 0

#Transform 170
Transform: AffineTransform_float_3_3
Parameters: 1 0.000532634 -0.000413614 -0.000529496 0.999987 0.00519286 0.000416368 -0.00519314 0.999986 0.0147138 -0.0949318 -0.783797
FixedParameters: 0 0 0

#Transform 171
Transform: AffineTransform_float_3_3
Parameters: 0.999999 0.000482554 -0.000534032 -0.000478517 0.999982 0.00609026 0.000536594 -0.00608975 0.999982 0.00772239 -0.0576111 -0.654403
FixedParameters: 0 0 0

#Transform 172
Transform: AffineTransform_float_3_3
Parameters: 0.999999 0.000180213 -0.00153196 -0.000171545 0.999985 0.00556942 0.00153205 -0.00556958 0.999983 0.0551464 -0.096084 -0.746062
FixedParameters: 0 0 0

#Transform 173
Transform: AffineTransform_float_3_3
Parameters: 0.999999 1.94008e-05 -0.00102431 -1.27771e-05 0.999979 0.00650238 0.0010241 -0.00650163 0.999979 0.0174869 -0.0761152 -0.631637
FixedParameters: 0 0 0

#Transform 174
Transform: AffineTransform_float_3_3
Parameters: 0.999999 0.000360556 -0.0012974 -0.000353694 0.999985 0.00552262 0.00129909 -0.00552239 0.999984 0.0413735 -0.0774862 -0.682689
FixedParameters: 0 0 0

#Transform 175
Transform: AffineTransform_float_3_3
Parameters: 0.999999 0.000361616 -0.00117931 -0.000354967 0.999982 0.00598357 0.00118134 -0.00598342 0.999981 0.03633 -0.0527194 -0.578121
FixedParameters: 0 0 0

#Transform 176
Transform: AffineTransform_float_3_3
Parameters: 1 9.26646e-05 -0.000653047 -8.91256e-05 0.999982 0.00612306 0.000653882 -0.00612294 0.999981 0.00728427 -0.0716326 -0.639451
FixedParameters: 0 0 0

#Transform 177
Transform: AffineTransform_float_3_3
Parameters: 1 0.000548382 -0.0010812 -0.000542274 0.999985 0.00542374 0.00108408 -0.00542326 0.999985 0.051177 -0.0573295 -0.563819
FixedParameters: 0 0 0

#Transform 178
Transform: AffineTransform_float_3_3
Parameters: 1 4.10293e-05 -0.000456221 -3.86838e-05 0.999988 0.00501502 0.000456482 -0.00501499 0.999988 0.00797411 -0.0512373 -0.57717
FixedParameters: 0 0 0

#Transform 179
Transform: AffineTransform_float_3_3
Parameters: 0.999998 0.000644809 -0.00153235 -0.0006374 0.999989 0.00455229 0.00153553 -0.00455171 0.999989 0.0775807 -0.0583974 -0.595997
FixedParameters: 0 0 0
