#Insight Transform File V1.0
#Transform 0
Transform: AffineTransform_float_3_3
Parameters: 0.999999 0.000335578 -0.00075369 -0.000336289 0.999999 -0.00108359 0.000752571 0.00108341 1 -0.064787 0.121735 0.361339
FixedParameters: 0 0 0

#Transform 1
Transform: AffineTransform_float_3_3
Parameters: 1 0.000306829 -0.000298466 -0.000306607 1 0.000372092 0.000298694 -0.000371908 1 0.00149863 0.018036 -0.0798733
FixedParameters: 0 0 0

#Transform 2
Transform: AffineTransform_float_3_3
Parameters: 1 0.000420474 -0.000432543 -0.000421185 1 0.000241182 0.000433137 -0.000240818 1 0.0235874 0.0449648 -0.141846
FixedParameters: 0 0 0

#Transform 3
Transform: AffineTransform_float_3_3
Parameters: 1 0.000318472 -0.000593535 -0.000318281 1 0.000161189 0.000593638 -0.000160811 1 0.0175217 0.0618607 -0.133597
FixedParameters: 0 0 0

#Transform 4
Transform: AffineTransform_float_3_3
Parameters: 1 0.000262424 -0.000569661 -0.000262947 0.999999 0.000348302 0.000570235 -0.000348698 1 0.0278789 0.0467827 -0.162332
FixedParameters: 0 0 0

#Transform 5
Transform: AffineTransform_float_3_3
Parameters: 1 0.000200191 -0.000408734 -0.000200241 1 -6.09181e-05 0.00040871 6.10818e-05 1 0.02935 0.0454734 -0.166996
FixedParameters: 0 0 0

#Transform 6
Transform: AffineTransform_float_3_3
Parameters: 1 0.000274865 -0.000232883 -0.000274826 1 8.30641e-05 0.000232928 -8.2936e-05 1 0.022742 0.0534675 -0.139478
FixedParameters: 0 0 0

#Transform 7
Transform: AffineTransform_float_3_3
Parameters: 1 0.000224776 -0.000350766 -0.000224888 1 -0.000160768 0.000350694 0.000160231 1 0.0351525 0.0402144 -0.145113
FixedParameters: 0 0 0

#Transform 8
Transform: AffineTransform_float_3_3
Parameters: 1 0.000155611 -0.000332173 -0.000155526 1 0.000128052 0.000332213 -0.000127948 1 0.0349976 0.0456759 -0.162764
FixedParameters: 0 0 0

#Transform 9
Transform: AffineTransform_float_3_3
Parameters: 1 0.000167855 -0.00030587 -0.000167785 1 0.000114051 0.000305909 -0.000113949 1 0.0458896 0.0485195 -0.154273
FixedParameters: 0 0 0

#Transform 10
Transform: AffineTransform_float_3_3
Parameters: 1 0.000151896 -0.000522826 -0.000151634 1 0.000251079 0.000522902 -0.000250921 1 0.0387054 0.0584924 -0.138511
FixedParameters: 0 0 0

#Transform 11
Transform: AffineTransform_float_3_3
Parameters: 1 -0.000254976 -0.00035025 0.00025522 1 0.000348911 0.000350072 -0.000349089 1 0.0397049 0.0614721 -0.113022
FixedParameters: 0 0 0

#Transform 12
Transform: AffineTransform_float_3_3
Parameters: 1 -0.000254965 -0.000350258 0.000255232 1 0.000380911 0.000350064 -0.000381089 1 0.046668 0.0720106 -0.141133
FixedParameters: 0 0 0

#Transform 13
Transform: AffineTransform_float_3_3
Parameters: 1 -0.000254877 -0.000350322 0.000255319 1 0.00063191 0.00035 -0.000632089 0.999999 0.0403192 0.0858413 -0.146116
FixedParameters: 0 0 0

#Transform 14
Transform: AffineTransform_float_3_3
Parameters: 1 -0.000254795 -0.000350381 0.00025448 0.999999 0.00086391 0.000350332 -0.000864089 0.999999 0.045079 0.0899713 -0.0969588
FixedParameters: 0 0 0

#Transform 15
Transform: AffineTransform_float_3_3
Parameters: 1 0.000159212 -7.28123e-05 -0.000159449 1 0.00105665 7.22286e-05 -0.00105735 0.999999 0.0371736 0.0769508 -0.105335
FixedParameters: 0 0 0

#Transform 16
Transform: AffineTransform_float_3_3
Parameters: 0.999999 -0.00071656 -0.000633231 0.000717788 0.999997 0.00211691 0.000631896 -0.00211709 0.999998 0.0685401 0.0923776 -0.20603
FixedParameters: 0 0 0

#Transform 17
Transform: AffineTransform_float_3_3
Parameters: 1 -0.000378584 3.42669e-05 0.000378511 1 0.00105501 -3.50656e-05 -0.00105499 1 0.0464611 0.0849018 -0.21744
FixedParameters: 0 0 0

#Transform 18
Transform: AffineTransform_float_3_3
Parameters: 0.999996 -0.000653554 -0.00278189 0.000653234 0.999999 -0.000224074 0.00278179 0.000221927 0.999996 -0.0542388 0.0296443 -0.364312
FixedParameters: 0 0 0

#Transform 19
Transform: AffineTransform_float_3_3
Parameters: 0.999966 0.00477786 0.0067301 -0.00470691 0.999934 -0.01047 -0.00677987 0.010438 0.999922 0.396804 0.130013 -1.36005
FixedParameters: 0 0 0

#Transform 20
Transform: AffineTransform_float_3_3
Parameters: 0.999995 0.00142199 0.00303166 -0.00140213 0.999978 -0.00639213 -0.00304058 0.00638787 0.999975 0.261971 0.0929011 -0.841771
FixedParameters: 0 0 0

#Transform 21
Transform: AffineTransform_float_3_3
Parameters: 0.999999 0.000417276 0.00136613 -0.00041165 0.999993 -0.00374221 -0.00136728 0.00374179 0.999992 0.236567 0.10726 -0.698057
FixedParameters: 0 0 0

#Transform 22
Transform: AffineTransform_float_3_3
Parameters: 0.999999 0.000256026 0.00143541 -0.000250194 0.999991 -0.00409085 -0.00143606 0.00409015 0.99999 0.235244 0.0924663 -0.722005
FixedParameters: 0 0 0

#Transform 23
Transform: AffineTransform_float_3_3
Parameters: 0.999999 0.00016906 0.00147285 -0.000162651 0.99999 -0.00431473 -0.00147378 0.00431426 0.999989 0.227536 0.0890197 -0.692339
FixedParameters: 0 0 0

#Transform 24
Transform: AffineTransform_float_3_3
Parameters: 0.999999 3.39761e-05 0.00143986 -2.72117e-05 0.999988 -0.00499304 -0.00144019 0.00499296 0.999986 0.230718 0.0843909 -0.667483
FixedParameters: 0 0 0

#Transform 25
Transform: AffineTransform_float_3_3
Parameters: 0.999999 -0.000178772 0.00135736 0.00018569 0.999987 -0.0051596 -0.00135681 0.0051594 0.999986 0.234808 0.0672981 -0.698117
FixedParameters: 0 0 0

#Transform 26
Transform: AffineTransform_float_3_3
Parameters: 0.999999 -0.00033619 0.000895904 0.000340868 0.999987 -0.00502655 -0.000895011 0.00502646 0.999987 0.226857 0.0607477 -0.687993
FixedParameters: 0 0 0

#Transform 27
Transform: AffineTransform_float_3_3
Parameters: 1 -0.000276504 0.00103541 0.000281237 0.999989 -0.00463271 -0.00103403 0.00463329 0.999988 0.216337 0.0720516 -0.671816
FixedParameters: 0 0 0

#Transform 28
Transform: AffineTransform_float_3_3
Parameters: 0.999999 -0.000358847 0.00133897 0.000365795 0.999987 -0.00504436 -0.00133797 0.00504464 0.999986 0.228874 0.0575384 -0.749662
FixedParameters: 0 0 0

#Transform 29
Transform: AffineTransform_float_3_3
Parameters: 1 -0.000526468 0.000977666 0.000530752 0.999988 -0.00488048 -0.000974624 0.00488151 0.999987 0.231596 0.0559082 -0.685455
FixedParameters: 0 0 0

#Transform 30
Transform: AffineTransform_float_3_3
Parameters: 0.999999 -0.00057262 0.00121198 0.0005788 0.999987 -0.00487915 -0.0012094 0.00487985 0.999987 0.230248 0.0706154 -0.698133
FixedParameters: 0 0 0

#Transform 31
Transform: AffineTransform_float_3_3
Parameters: 0.999999 -0.000325662 0.00153199 0.000332953 0.99999 -0.00439299 -0.00153083 0.00439402 0.99999 0.258353 0.0284252 -0.874721
FixedParameters: 0 0 0

#Transform 32
Transform: AffineTransform_float_3_3
Parameters: 0.999998 -0.000475915 0.00165777 0.000483735 0.999989 -0.00461569 -0.00165559 0.00461731 0.999988 0.234741 0.102572 -0.657702
FixedParameters: 0 0 0

#Transform 33
Transform: AffineTransform_float_3_3
Parameters: 0.999999 -0.000694812 0.00104883 0.000698395 0.999993 -0.00377448 -0.00104608 0.00377452 0.999992 0.242194 0.103912 -0.647502
FixedParameters: 0 0 0

#Transform 34
Transform: AffineTransform_float_3_3
Parameters: 0.999999 -0.000150895 0.000813183 0.000149396 1 0.000921275 -0.00081346 -0.000921726 1 0.218593 0.172489 -0.51098
FixedParameters: 0 0 0

#Transform 35
Transform: AffineTransform_float_3_3
Parameters: 1 -6.4815e-05 0.000671184 6.40541e-05 0.999999 0.00154404 -0.000670854 -0.00154396 0.999998 0.193537 0.183166 -0.50109
FixedParameters: 0 0 0

#Transform 36
Transform: AffineTransform_float_3_3
Parameters: 1 -0.00039677 0.000486862 0.000396551 0.999998 0.00157019 -0.000487577 -0.00156981 0.999998 0.193569 0.185693 -0.445133
FixedParameters: 0 0 0

#Transform 37
Transform: AffineTransform_float_3_3
Parameters: 1 1.79359e-06 0.000570538 -1.47179e-06 0.999999 0.000524152 -0.000570927 -0.000524848 1 0.193458 0.174076 -0.474905
FixedParameters: 0 0 0

#Transform 38
Transform: AffineTransform_float_3_3
Parameters: 1 0.000231622 0.00119797 -0.000230285 0.999999 -0.000942764 -0.00119802 0.000942235 0.999999 0.196994 0.144564 -0.548067
FixedParameters: 0 0 0

#Transform 39
Transform: AffineTransform_float_3_3
Parameters: 0.999999 0.000130332 0.000949546 -0.000130426 1 4.90288e-05 -0.000949533 -4.99711e-05 0.999999 0.189631 0.163588 -0.484172
FixedParameters: 0 0 0

#Transform 40
Transform: AffineTransform_float_3_3
Parameters: 1 9.34757e-05 0.00063715 -9.3291e-05 1 -0.000145059 -0.000637177 0.00014494 1 0.196574 0.157495 -0.545066
FixedParameters: 0 0 0

#Transform 41
Transform: AffineTransform_float_3_3
Parameters: 1 -0.000117243 0.000548287 0.000117791 1 0.000340065 -0.000548758 -0.000339936 1 0.195234 0.163025 -0.483648
FixedParameters: 0 0 0

#Transform 42
Transform: AffineTransform_float_3_3
Parameters: 1 4.42826e-05 0.00064711 -4.44599e-05 1 0.000136971 -0.000647098 -0.000137029 1 0.198116 0.14861 -0.54118
FixedParameters: 0 0 0

#Transform 43
Transform: AffineTransform_float_3_3
Parameters: 0.999999 -7.50472e-05 0.000757025 7.39835e-05 0.999999 0.00131006 -0.000757611 -0.00130994 0.999999 0.193469 0.160712 -0.474856
FixedParameters: 0 0 0

#Transform 44
Transform: AffineTransform_float_3_3
Parameters: 1 -0.000519089 0.000235949 0.000518956 0.999999 0.00110776 -0.000236179 -0.00110824 0.999999 0.203887 0.179258 -0.481725
FixedParameters: 0 0 0

#Transform 45
Transform: AffineTransform_float_3_3
Parameters: 1 -0.000352091 0.000527952 0.000351305 1 0.00111419 -0.000527815 -0.00111381 0.999999 0.203488 0.167771 -0.531539
FixedParameters: 0 0 0

#Transform 46
Transform: AffineTransform_float_3_3
Parameters: 1 -0.000390802 0.000464305 0.000390672 1 0.000561181 -0.000463823 -0.000560818 0.999999 0.200453 0.167104 -0.534294
FixedParameters: 0 0 0

#Transform 47
Transform: AffineTransform_float_3_3
Parameters: 0.999999 -0.00051976 0.000739339 0.000518755 1 0.000679024 -0.000740044 -0.000678975 0.999999 0.214788 0.16345 -0.526235
FixedParameters: 0 0 0

#Transform 48
Transform: AffineTransform_float_3_3
Parameters: 0.999999 -0.0007684 0.000262724 0.000768141 0.999999 0.000493202 -0.000263482 -0.000492797 1 0.204066 0.150895 -0.519295
FixedParameters: 0 0 0

#Transform 49
Transform: AffineTransform_float_3_3
Parameters: 1 -0.000241948 -0.00110757 0.000246984 0.99999 0.00453009 0.00110639 -0.00452991 0.999989 0.163115 0.209811 -0.366302
FixedParameters: 0 0 0

#Transform 50
Transform: AffineTransform_float_3_3
Parameters: 0.999998 0.000502386 -0.0020152 -0.000480772 0.999942 0.0107197 0.0020208 -0.0107183 0.999941 0.0152395 0.293696 -0.24298
FixedParameters: 0 0 0

#Transform 51
Transform: AffineTransform_float_3_3
Parameters: 0.999998 -0.000100635 -0.0019419 0.000117668 0.999956 0.00935967 0.00194044 -0.00935935 0.999955 0.09397 0.288054 -0.269525
FixedParameters: 0 0 0

#Transform 52
Transform: AffineTransform_float_3_3
Parameters: 0.999998 -3.00916e-05 -0.00204354 4.37247e-05 0.999977 0.0067418 0.00204352 -0.00674121 0.999975 0.0635571 0.257828 -0.193067
FixedParameters: 0 0 0

#Transform 53
Transform: AffineTransform_float_3_3
Parameters: 0.999997 -0.00136298 -0.00198747 0.00137126 0.99999 0.00420821 0.00198171 -0.00421079 0.99999 0.122708 0.233381 -0.319827
FixedParameters: 0 0 0

#Transform 54
Transform: AffineTransform_float_3_3
Parameters: 0.999998 -0.0010513 -0.0012516 0.00105817 0.999982 0.00596489 0.00124569 -0.00596611 0.999981 0.127581 0.245423 -0.423968
FixedParameters: 0 0 0

#Transform 55
Transform: AffineTransform_float_3_3
Parameters: 0.999999 -0.000972471 -0.00106102 0.000977854 0.999984 0.00546633 0.00105624 -0.00546767 0.999985 0.119743 0.23991 -0.360806
FixedParameters: 0 0 0

#Transform 56
Transform: AffineTransform_float_3_3
Parameters: 0.999999 -0.00110602 -0.00067986 0.00110917 0.999986 0.0052561 0.000674243 -0.0052569 0.999986 0.126587 0.240094 -0.403045
FixedParameters: 0 0 0

#Transform 57
Transform: AffineTransform_float_3_3
Parameters: 0.999999 -0.0012988 -0.000670248 0.0013021 0.999988 0.00475198 0.000663523 -0.00475302 0.999989 0.161021 0.239682 -0.37169
FixedParameters: 0 0 0

#Transform 58
Transform: AffineTransform_float_3_3
Parameters: 0.999998 -0.00153718 -0.000586428 0.0015407 0.999984 0.00541179 0.000578558 -0.0054122 0.999985 0.152725 0.245156 -0.419191
FixedParameters: 0 0 0

#Transform 59
Transform: AffineTransform_float_3_3
Parameters: 0.999999 -0.00142511 -0.00057455 0.00142752 0.999985 0.00523903 0.00056655 -0.00523996 0.999986 0.145674 0.244634 -0.341009
FixedParameters: 0 0 0

#Transform 60
Transform: AffineTransform_float_3_3
Parameters: 0.999999 -0.00123297 -0.000320806 0.0012346 0.999975 0.00697661 0.000312378 -0.00697739 0.999976 0.230096 0.228293 -0.482715
FixedParameters: 0 0 0

#Transform 61
Transform: AffineTransform_float_3_3
Parameters: 1 -0.00116034 -0.000321797 0.00116172 0.999987 0.00486863 0.000316657 -0.00486937 0.999988 0.165899 0.245477 -0.401733
FixedParameters: 0 0 0

#Transform 62
Transform: AffineTransform_float_3_3
Parameters: 0.999999 -0.00150059 -8.09255e-05 0.00150043 0.999986 0.00504737 7.37843e-05 -0.00504763 0.999987 0.167217 0.234862 -0.368289
FixedParameters: 0 0 0

#Transform 63
Transform: AffineTransform_float_3_3
Parameters: 0.999999 -0.00141978 0.000225288 0.00141831 0.999981 0.00599881 -0.000234167 -0.00599819 0.999982 0.16469 0.238799 -0.40071
FixedParameters: 0 0 0

#Transform 64
Transform: AffineTransform_float_3_3
Parameters: 0.999998 -0.00161266 0.000305738 0.00161098 0.99998 0.00603414 -0.000315204 -0.00603385 0.999982 0.16229 0.244874 -0.379155
FixedParameters: 0 0 0

#Transform 65
Transform: AffineTransform_float_3_3
Parameters: 0.999999 -0.00149159 0.000162813 0.00149103 0.999983 0.00552273 -0.000171139 -0.00552226 0.999984 0.149074 0.245799 -0.379282
FixedParameters: 0 0 0

#Transform 66
Transform: AffineTransform_float_3_3
Parameters: 0.999999 -0.00140696 -0.000106731 0.00140716 0.999983 0.0055687 9.90666e-05 -0.0055683 0.999985 0.167014 0.24008 -0.420563
FixedParameters: 0 0 0

#Transform 67
Transform: AffineTransform_float_3_3
Parameters: 0.999999 -0.00153492 -7.07303e-05 0.00153603 0.999983 0.00565738 6.18926e-05 -0.00565761 0.999984 0.165311 0.238669 -0.385589
FixedParameters: 0 0 0

#Transform 68
Transform: AffineTransform_float_3_3
Parameters: 0.999999 -0.00183336 -0.000315754 0.00183584 0.999982 0.00574492 0.00030491 -0.00574608 0.999984 0.158664 0.221113 -0.353523
FixedParameters: 0 0 0

#Transform 69
Transform: AffineTransform_float_3_3
Parameters: 0.999998 -0.00192999 -0.00020066 0.00193093 0.999985 0.00518296 0.000190887 -0.00518304 0.999987 0.173631 0.214183 -0.352991
FixedParameters: 0 0 0

#Transform 70
Transform: AffineTransform_float_3_3
Parameters: 0.999999 -0.00171894 -0.000337448 0.00172072 0.999982 0.00568712 0.000328516 -0.00568688 0.999984 0.150268 0.242886 -0.310266
FixedParameters: 0 0 0

#Transform 71
Transform: AffineTransform_float_3_3
Parameters: 0.999998 -0.00188744 -7.46424e-05 0.00188796 0.99998 0.00595636 6.42333e-05 -0.00595664 0.999982 0.157498 0.254457 -0.279367
FixedParameters: 0 0 0

#Transform 72
Transform: AffineTransform_float_3_3
Parameters: 0.999998 -0.00183432 -0.000611206 0.00183796 0.999982 0.00574022 0.000600223 -0.00574178 0.999983 0.150446 0.257483 -0.249172
FixedParameters: 0 0 0

#Transform 73
Transform: AffineTransform_float_3_3
Parameters: 0.999999 -0.0015774 -0.000819431 0.00158278 0.999976 0.0067124 0.000808176 -0.00671359 0.999977 0.13249 0.270923 -0.254842
FixedParameters: 0 0 0

#Transform 74
Transform: AffineTransform_float_3_3
Parameters: 0.999997 -0.00219929 -0.00102197 0.0022109 0.999929 0.0116513 0.000996274 -0.0116537 0.999931 0.150329 0.339681 -0.144458
FixedParameters: 0 0 0

#Transform 75
Transform: AffineTransform_float_3_3
Parameters: 0.999998 -0.00200005 -0.00109106 0.00201085 0.999951 0.00970089 0.00107168 -0.00970312 0.999953 0.11718 0.315209 -0.223869
FixedParameters: 0 0 0

#Transform 76
Transform: AffineTransform_float_3_3
Parameters: 0.999998 -0.00203242 -0.000991218 0.00204193 0.999956 0.00908605 0.000972942 -0.00908794 0.999959 0.11364 0.295135 -0.222335
FixedParameters: 0 0 0

#Transform 77
Transform: AffineTransform_float_3_3
Parameters: 0.999998 -0.00199769 -0.000426218 0.0020018 0.999964 0.0082835 0.000409489 -0.0082845 0.999966 0.134904 0.293867 -0.286481
FixedParameters: 0 0 0

#Transform 78
Transform: AffineTransform_float_3_3
Parameters: 0.999998 -0.00188278 -0.000445336 0.00188625 0.99996 0.00869166 0.000428447 -0.00869333 0.999962 0.144541 0.290669 -0.2783
FixedParameters: 0 0 0

#Transform 79
Transform: AffineTransform_float_3_3
Parameters: 0.999998 -0.00196846 -0.000619286 0.00197388 0.999958 0.00900613 0.000601352 -0.00900787 0.999959 0.131785 0.288129 -0.255155
FixedParameters: 0 0 0

#Transform 80
Transform: AffineTransform_float_3_3
Parameters: 0.999998 -0.00186632 -0.000793697 0.00187312 0.999963 0.00836722 0.00077814 -0.00836877 0.999965 0.133426 0.277319 -0.336373
FixedParameters: 0 0 0

#Transform 81
Transform: AffineTransform_float_3_3
Parameters: 0.999998 -0.00190155 -0.000399176 0.00190444 0.999968 0.00777895 0.000385052 -0.00777905 0.99997 0.135283 0.276859 -0.288832
FixedParameters: 0 0 0

#Transform 82
Transform: AffineTransform_float_3_3
Parameters: 0.999998 -0.00178116 -0.000987044 0.00178886 0.999969 0.0075653 0.000973926 -0.00756669 0.999971 0.132594 0.269117 -0.361924
FixedParameters: 0 0 0

#Transform 83
Transform: AffineTransform_float_3_3
Parameters: 0.999998 -0.001788 -0.000761176 0.00179211 0.99998 0.00613035 0.000750107 -0.00613166 0.999981 0.138948 0.249971 -0.328355
FixedParameters: 0 0 0

#Transform 84
Transform: AffineTransform_float_3_3
Parameters: 0.999997 -0.00191759 -0.000916044 0.00192525 0.99997 0.0074193 0.000901954 -0.00742069 0.999972 0.127107 0.270776 -0.313326
FixedParameters: 0 0 0

#Transform 85
Transform: AffineTransform_float_3_3
Parameters: 0.999996 -0.00270973 -0.000522622 0.00271432 0.999955 0.00907728 0.000498182 -0.00907871 0.999958 0.173776 0.279444 -0.238962
FixedParameters: 0 0 0

#Transform 86
Transform: AffineTransform_float_3_3
Parameters: 0.999994 -0.00327822 -0.000145906 0.00327874 0.999955 0.00883488 0.000116986 -0.00883512 0.999961 0.178663 0.268083 -0.237359
FixedParameters: 0 0 0

#Transform 87
Transform: AffineTransform_float_3_3
Parameters: 0.999995 -0.00300399 -8.67818e-05 0.00300412 0.999958 0.00863624 6.03615e-05 -0.00863676 0.999963 0.177112 0.283595 -0.272329
FixedParameters: 0 0 0

#Transform 88
Transform: AffineTransform_float_3_3
Parameters: 0.999996 -0.00303386 -4.96187e-05 0.00303385 0.999963 0.00795434 2.55107e-05 -0.00795464 0.999968 0.182792 0.276112 -0.237333
FixedParameters: 0 0 0

#Transform 89
Transform: AffineTransform_float_3_3
Parameters: 0.999996 -0.00300916 -5.06904e-05 0.00300957 0.999962 0.00814235 2.67609e-05 -0.00814266 0.999967 0.182612 0.257997 -0.27048
FixedParameters: 0 0 0

#Transform 90
Transform: AffineTransform_float_3_3
Parameters: 0.999996 -0.00303749 -0.000144718 0.00303901 0.999963 0.00803606 0.000120042 -0.00803694 0.999968 0.150107 0.259456 -0.277468
FixedParameters: 0 0 0

#Transform 91
Transform: AffineTransform_float_3_3
Parameters: 0.999997 0.000103718 -0.00251258 -8.79442e-05 0.99998 0.00624742 0.0025128 -0.00624758 0.999977 -0.0640384 0.266895 -0.315962
FixedParameters: 0 0 0

#Transform 92
Transform: AffineTransform_float_3_3
Parameters: 0.999999 -0.000722026 -0.00105655 0.00072923 0.999978 0.00653759 0.00105202 -0.0065384 0.999978 0.00907074 0.255324 -0.300589
FixedParameters: 0 0 0

#Transform 93
Transform: AffineTransform_float_3_3
Parameters: 0.999999 -0.00112949 -0.000490244 0.00113272 0.999978 0.0065783 0.000483229 -0.0065787 0.999978 0.0484649 0.248484 -0.341049
FixedParameters: 0 0 0

#Transform 94
Transform: AffineTransform_float_3_3
Parameters: 1 -0.00115055 -0.000405676 0.00115361 0.999977 0.00662038 0.000397898 -0.00662061 0.999978 0.0492587 0.254551 -0.331006
FixedParameters: 0 0 0

#Transform 95
Transform: AffineTransform_float_3_3
Parameters: 0.999999 -0.00121427 -0.000308302 0.00121582 0.999979 0.00624963 0.00030059 -0.00625037 0.999981 0.0585275 0.246502 -0.334854
FixedParameters: 0 0 0

#Transform 96
Transform: AffineTransform_float_3_3
Parameters: 0.999999 -0.00151937 -0.000377752 0.00152241 0.999971 0.00748392 0.000366925 -0.00748508 0.999972 0.0620553 0.261112 -0.259496
FixedParameters: 0 0 0

#Transform 97
Transform: AffineTransform_float_3_3
Parameters: 0.999997 0.00152776 -0.00189668 -0.00148429 0.999746 0.0225106 0.00193046 -0.0225084 0.999745 -0.210095 0.581454 0.215037
FixedParameters: 0 0 0

#Transform 98
Transform: AffineTransform_float_3_3
Parameters: 0.999997 0.000528784 -0.00240199 -0.000489756 0.999871 0.016016 0.00241056 -0.0160149 0.999869 -0.0888845 0.427299 -0.0557589
FixedParameters: 0 0 0

#Transform 99
Transform: AffineTransform_float_3_3
Parameters: 0.999998 0.0012458 -0.00144199 -0.00122678 0.999913 0.0131516 0.00145763 -0.0131494 0.999912 -0.0766223 0.387235 -0.158363
FixedParameters: 0 0 0

#Transform 100
Transform: AffineTransform_float_3_3
Parameters: 0.999999 0.000234575 -0.00121345 -0.000219239 0.99992 0.0126854 0.001216 -0.0126856 0.999919 -0.0256422 0.370484 -0.178652
FixedParameters: 0 0 0

#Transform 101
Transform: AffineTransform_float_3_3
Parameters: 0.999999 0.000289737 -0.00154408 -0.00027207 0.999935 0.0114456 0.00154717 -0.0114454 0.999933 -0.0276871 0.365841 -0.246508
FixedParameters: 0 0 0

#Transform 102
Transform: AffineTransform_float_3_3
Parameters: 1 -7.8101e-05 -0.00114968 9.10633e-05 0.999936 0.0112991 0.00114786 -0.0112999 0.999935 -0.0176442 0.353342 -0.267556
FixedParameters: 0 0 0

#Transform 103
Transform: AffineTransform_float_3_3
Parameters: 0.999999 0.000315735 -0.00120431 -0.000303199 0.999947 0.0103117 0.00120723 -0.0103103 0.999946 -0.0253828 0.33176 -0.242508
FixedParameters: 0 0 0

#Transform 104
Transform: AffineTransform_float_3_3
Parameters: 0.999999 -1.54457e-05 -0.00180174 3.24728e-05 0.999955 0.00946162 0.00180202 -0.00946238 0.999954 -0.0277969 0.323197 -0.345514
FixedParameters: 0 0 0

#Transform 105
Transform: AffineTransform_float_3_3
Parameters: 0.999998 -0.00020692 -0.00191192 0.000224441 0.999955 0.0095341 0.00190931 -0.0095349 0.999953 -0.0362809 0.336474 -0.265537
FixedParameters: 0 0 0

#Transform 106
Transform: AffineTransform_float_3_3
Parameters: 0.999998 -0.0002858 -0.00189462 0.000306408 0.999935 0.0114123 0.00189093 -0.0114127 0.999933 0.0107786 0.305239 -0.692241
FixedParameters: 0 0 0

#Transform 107
Transform: AffineTransform_float_3_3
Parameters: 0.999997 -0.000739917 -0.00243747 0.000750736 0.99999 0.00445942 0.00243328 -0.00446158 0.999987 0.0399737 0.115505 -1.19558
FixedParameters: 0 0 0

#Transform 108
Transform: AffineTransform_float_3_3
Parameters: 0.999999 -0.000595296 -0.00170314 0.000604617 0.999983 0.0058297 0.00169952 -0.0058303 0.999982 0.013027 0.367156 -0.114776
FixedParameters: 0 0 0

#Transform 109
Transform: AffineTransform_float_3_3
Parameters: 0.999999 -0.000998204 -0.000365229 0.00100041 0.999977 0.00671049 0.000358373 -0.00671052 0.999977 0.0642337 0.21976 -0.82509
FixedParameters: 0 0 0

#Transform 110
Transform: AffineTransform_float_3_3
Parameters: 0.999998 -0.00174988 -0.000808753 0.00175599 0.999962 0.00860229 0.000793797 -0.00860371 0.999963 0.0993329 0.228584 -1.16633
FixedParameters: 0 0 0

#Transform 111
Transform: AffineTransform_float_3_3
Parameters: 0.999999 -0.00113921 -0.00100246 0.00114518 0.999982 0.00589371 0.000995806 -0.00589529 0.999982 0.0181128 0.267265 -0.537549
FixedParameters: 0 0 0

#Transform 112
Transform: AffineTransform_float_3_3
Parameters: 0.999997 -0.00187007 -0.00107367 0.00187832 0.999969 0.00764906 0.00105928 -0.00765095 0.99997 0.110336 0.292605 -0.790669
FixedParameters: 0 0 0

#Transform 113
Transform: AffineTransform_float_3_3
Parameters: 0.999998 -0.00146146 -0.00135536 0.00146862 0.999984 0.00567108 0.00134764 -0.00567293 0.999983 0.0886675 0.211765 -0.934144
FixedParameters: 0 0 0

#Transform 114
Transform: AffineTransform_float_3_3
Parameters: 0.999998 -0.000921648 -0.00130745 0.000928092 0.999989 0.004788 0.00130225 -0.004789 0.999988 0.0580565 0.230395 -0.777182
FixedParameters: 0 0 0

#Transform 115
Transform: AffineTransform_float_3_3
Parameters: 0.999998 -0.00168242 -0.00100639 0.00168971 0.999976 0.00668137 0.000995126 -0.00668264 0.999977 0.137811 0.163055 -1.29168
FixedParameters: 0 0 0

#Transform 116
Transform: AffineTransform_float_3_3
Parameters: 0.999996 -0.00224535 -0.00140239 0.0022538 0.999979 0.00605212 0.00138852 -0.00605488 0.999981 0.139471 0.181507 -1.21779
FixedParameters: 0 0 0

#Transform 117
Transform: AffineTransform_float_3_3
Parameters: 0.99998 -0.00553237 -0.00301338 0.0055305 0.999984 -0.000646141 0.00301742 0.000628858 0.999995 0.316519 0.0734914 -1.65378
FixedParameters: 0 0 0

#Transform 118
Transform: AffineTransform_float_3_3
Parameters: 0.999996 -0.00301457 -4.95892e-05 0.00301434 0.999994 0.00200732 4.41814e-05 -0.00200768 0.999998 0.136333 -0.127587 -1.38536
FixedParameters: 0 0 0

#Transform 119
Transform: AffineTransform_float_3_3
Parameters: 0.99999 -0.00425831 0.00078844 0.0042582 0.99999 -0.00092214 -0.000784253 0.000925861 0.999999 0.435543 -0.243512 -2.60765
FixedParameters: 0 0 0

#Transform 120
Transform: AffineTransform_float_3_3
Parameters: 0.999991 -0.00422378 0.00018349 0.00422318 0.99999 0.000874348 -0.000186409 -0.000873653 0.999999 0.264041 -0.0220601 -1.70457
FixedParameters: 0 0 0

#Transform 121
Transform: AffineTransform_float_3_3
Parameters: 0.999981 -0.00270837 0.00550196 0.00264454 0.999929 0.011625 -0.00553281 -0.0116101 0.999918 0.417421 1.33519 -2.13724
FixedParameters: 0 0 0

#Transform 122
Transform: AffineTransform_float_3_3
Parameters: 0.999983 -0.00154342 0.00562932 0.00147083 0.999916 0.0128857 -0.00564793 -0.0128763 0.999901 0.491625 2.29607 -2.34286
FixedParameters: 0 0 0

#Transform 123
Transform: AffineTransform_float_3_3
Parameters: 0.999978 -0.00198213 0.00644081 0.00191829 0.999949 0.00989637 -0.00645973 -0.00988362 0.99993 0.570881 2.29774 -2.24136
FixedParameters: 0 0 0

#Transform 124
Transform: AffineTransform_float_3_3
Parameters: 0.999982 -0.00169227 0.0058692 0.00163313 0.999948 0.010091 -0.00588559 -0.010081 0.999932 0.530842 2.26387 -2.25391
FixedParameters: 0 0 0

#Transform 125
Transform: AffineTransform_float_3_3
Parameters: 0.999983 -0.00378686 0.00454455 0.00374989 0.999959 0.00826888 -0.00457529 -0.00825213 0.999956 0.540686 1.94873 -2.39124
FixedParameters: 0 0 0

#Transform 126
Transform: AffineTransform_float_3_3
Parameters: 0.99998 -0.00639999 0.000129549 0.00640007 0.999979 -0.00076972 -0.000125077 0.000770285 1 0.464972 0.509315 -2.3775
FixedParameters: 0 0 0

#Transform 127
Transform: AffineTransform_float_3_3
Parameters: 0.999987 -0.0048723 0.00192108 0.00486556 0.999984 0.0031362 -0.00193646 -0.0031268 0.999993 0.531144 0.444467 -2.55329
FixedParameters: 0 0 0

#Transform 128
Transform: AffineTransform_float_3_3
Parameters: 0.999984 -0.00501889 0.0023939 0.00501567 0.999986 0.00116593 -0.00240002 -0.00115406 0.999997 0.5027 0.398721 -2.60583
FixedParameters: 0 0 0

#Transform 129
Transform: AffineTransform_float_3_3
Parameters: 0.999985 -0.00527449 0.00110638 0.00526367 0.999943 0.00935201 -0.00115497 -0.00934599 0.999955 0.437838 0.553985 -2.32254
FixedParameters: 0 0 0

#Transform 130
Transform: AffineTransform_float_3_3
Parameters: 0.999988 -0.00462642 0.00162966 0.00461211 0.999947 0.00910815 -0.00167157 -0.00910084 0.999957 0.457878 0.533328 -2.41348
FixedParameters: 0 0 0

#Transform 131
Transform: AffineTransform_float_3_3
Parameters: 0.999988 -0.00490527 0.00105521 0.00489692 0.999956 0.00797534 -0.00109473 -0.00797065 0.999968 0.430276 0.51135 -2.32036
FixedParameters: 0 0 0

#Transform 132
Transform: AffineTransform_float_3_3
Parameters: 0.999986 -0.005104 0.00152529 0.00508871 0.999935 0.0102454 -0.00157802 -0.0102376 0.999947 0.483624 0.482647 -2.55063
FixedParameters: 0 0 0

#Transform 133
Transform: AffineTransform_float_3_3
Parameters: 0.999989 -0.00429675 0.00211065 0.00428263 0.999968 0.0067031 -0.00213945 -0.00669489 0.999975 0.434417 0.479654 -2.37782
FixedParameters: 0 0 0

#Transform 134
Transform: AffineTransform_float_3_3
Parameters: 0.999987 -0.00438769 0.00229745 0.00437391 0.999971 0.00620511 -0.0023244 -0.00619488 0.999978 0.456689 0.442806 -2.46369
FixedParameters: 0 0 0

#Transform 135
Transform: AffineTransform_float_3_3
Parameters: 0.999989 -0.00394273 0.00262822 0.00392695 0.999975 0.0058634 -0.00265142 -0.0058526 0.99998 0.454908 0.438894 -2.47857
FixedParameters: 0 0 0

#Transform 136
Transform: AffineTransform_float_3_3
Parameters: 0.999985 -0.00503102 0.00207223 0.00501952 0.999971 0.00557008 -0.00210055 -0.0055599 0.999982 0.462692 0.424228 -2.43304
FixedParameters: 0 0 0

#Transform 137
Transform: AffineTransform_float_3_3
Parameters: 0.999987 -0.00460812 0.00242834 0.00459454 0.999972 0.00583286 -0.0024546 -0.00582113 0.99998 0.459329 0.426231 -2.48389
FixedParameters: 0 0 0

#Transform 138
Transform: AffineTransform_float_3_3
Parameters: 0.999987 -0.00486423 0.00194233 0.00485411 0.999974 0.00529047 -0.00196885 -0.00528153 0.999984 0.442431 0.435322 -2.37509
FixedParameters: 0 0 0

#Transform 139
Transform: AffineTransform_float_3_3
Parameters: 0.999987 -0.00474789 0.00222017 0.00473773 0.999978 0.0046777 -0.00224187 -0.0046673 0.999987 0.440124 0.406682 -2.41801
FixedParameters: 0 0 0

#Transform 140
Transform: AffineTransform_float_3_3
Parameters: 0.999983 -0.00518827 0.00259457 0.00517614 0.999977 0.00430969 -0.00261746 -0.0042963 0.999987 0.429537 0.413459 -2.36439
FixedParameters: 0 0 0

#Transform 141
Transform: AffineTransform_float_3_3
Parameters: 0.999983 -0.00524213 0.00246569 0.00523365 0.99998 0.003562 -0.002484 -0.003549 0.99999 0.429595 0.393451 -2.44081
FixedParameters: 0 0 0

#Transform 142
Transform: AffineTransform_float_3_3
Parameters: 0.999983 -0.00521305 0.00253488 0.00520412 0.99998 0.00355344 -0.00255289 -0.00354056 0.99999 0.42933 0.386077 -2.4999
FixedParameters: 0 0 0

#Transform 143
Transform: AffineTransform_float_3_3
Parameters: 0.999986 -0.00482819 0.00215997 0.00482151 0.999984 0.00308042 -0.00217399 -0.00306958 0.999993 0.422182 0.389774 -2.46538
FixedParameters: 0 0 0

#Transform 144
Transform: AffineTransform_float_3_3
Parameters: 0.999983 -0.00564233 0.00145181 0.00564061 0.999983 0.00108769 -0.00145812 -0.00107931 0.999998 0.465455 0.298576 -2.65016
FixedParameters: 0 0 0

#Transform 145
Transform: AffineTransform_float_3_3
Parameters: 0.999987 -0.00506797 0.000882228 0.0050672 0.999986 0.0010244 -0.000887598 -0.00102059 0.999999 0.406475 0.333787 -2.50419
FixedParameters: 0 0 0

#Transform 146
Transform: AffineTransform_float_3_3
Parameters: 0.999986 -0.0049259 0.00155301 0.00492295 0.999987 0.00178454 -0.00156187 -0.00177646 0.999997 0.4501 0.306002 -2.67886
FixedParameters: 0 0 0

#Transform 147
Transform: AffineTransform_float_3_3
Parameters: 0.999987 -0.00496145 0.00159825 0.00496007 0.999987 0.00104396 -0.00160396 -0.00103604 0.999999 0.421948 0.323894 -2.51795
FixedParameters: 0 0 0

#Transform 148
Transform: AffineTransform_float_3_3
Parameters: 0.999987 -0.00506095 0.00136353 0.00505931 0.999987 0.000838776 -0.00136791 -0.000832222 0.999999 0.420377 0.314855 -2.54717
FixedParameters: 0 0 0

#Transform 149
Transform: AffineTransform_float_3_3
Parameters: 0.999985 -0.00529955 0.00126535 0.00529942 0.999985 0.000364911 -0.00126734 -0.000358086 0.999999 0.506381 0.189426 -2.97985
FixedParameters: 0 0 0

#Transform 150
Transform: AffineTransform_float_3_3
Parameters: 0.999985 -0.00520481 0.00122194 0.00520372 0.999986 0.000549927 -0.00122448 -0.000543073 0.999999 0.411027 0.300353 -2.48658
FixedParameters: 0 0 0

#Transform 151
Transform: AffineTransform_float_3_3
Parameters: 0.999979 -0.00633659 0.00178036 0.00633717 0.99998 -0.000594841 -0.00177642 0.000607161 0.999998 0.518101 0.182767 -2.80871
FixedParameters: 0 0 0

#Transform 152
Transform: AffineTransform_float_3_3
Parameters: 0.999981 -0.00590525 0.00162989 0.00590596 0.999983 -0.000811628 -0.00162485 0.000821375 0.999999 0.478207 0.177876 -2.84442
FixedParameters: 0 0 0

#Transform 153
Transform: AffineTransform_float_3_3
Parameters: 0.999983 -0.00530153 0.00250453 0.0053052 0.999985 -0.0013517 -0.00249749 0.0013653 0.999996 0.433593 0.216137 -2.69491
FixedParameters: 0 0 0

#Transform 154
Transform: AffineTransform_float_3_3
Parameters: 0.999981 -0.00541391 0.00297781 0.00540875 0.999984 0.00168327 -0.00298713 -0.00166672 0.999994 0.433436 0.258505 -2.61056
FixedParameters: 0 0 0

#Transform 155
Transform: AffineTransform_float_3_3
Parameters: 0.999982 -0.00549499 0.00238491 0.00549398 0.999985 0.000464636 -0.00238718 -0.000451363 0.999997 0.472427 0.188219 -2.86543
FixedParameters: 0 0 0

#Transform 156
Transform: AffineTransform_float_3_3
Parameters: 0.999982 -0.00550566 0.00212075 0.00551147 0.999981 -0.00303379 -0.00210382 0.00304622 0.999993 0.466877 0.157165 -2.88431
FixedParameters: 0 0 0

#Transform 157
Transform: AffineTransform_float_3_3
Parameters: 0.999983 -0.00558531 0.00171364 0.00559337 0.999974 -0.00465322 -0.0016876 0.00466278 0.999988 0.430494 0.13068 -2.82041
FixedParameters: 0 0 0

#Transform 158
Transform: AffineTransform_float_3_3
Parameters: 0.999984 -0.0055041 0.00177513 0.00551128 0.999977 -0.00405686 -0.00175234 0.00406614 0.99999 0.457508 0.0867537 -2.97618
FixedParameters: 0 0 0

#Transform 159
Transform: AffineTransform_float_3_3
Parameters: 0.999982 -0.00560926 0.00223293 0.00562133 0.99997 -0.00541318 -0.00220283 0.00542583 0.999983 0.430961 0.117272 -2.87797
FixedParameters: 0 0 0

#Transform 160
Transform: AffineTransform_float_3_3
Parameters: 0.999982 -0.00575674 0.00154039 0.00576554 0.999967 -0.00586111 -0.00150697 0.00586991 0.999982 0.443135 0.100752 -2.89469
FixedParameters: 0 0 0

#Transform 161
Transform: AffineTransform_float_3_3
Parameters: 0.999983 -0.00561192 0.00155571 0.00561963 0.999973 -0.00472306 -0.00152903 0.00473094 0.999987 0.494173 0.0714178 -3.19982
FixedParameters: 0 0 0

#Transform 162
Transform: AffineTransform_float_3_3
Parameters: 0.999965 -0.00791364 0.00243366 0.00793653 0.999924 -0.00947731 -0.00235953 0.0094957 0.999952 0.781474 -0.262245 -4.35534
FixedParameters: 0 0 0

#Transform 163
Transform: AffineTransform_float_3_3
Parameters: 0.99998 -0.00593024 0.00222847 0.00595645 0.999914 -0.0117175 -0.00215879 0.0117305 0.999929 0.598072 -0.198869 -4.01229
FixedParameters: 0 0 0

#Transform 164
Transform: AffineTransform_float_3_3
Parameters: 0.999978 -0.00553386 0.00381463 0.0055764 0.999923 -0.0110832 -0.0037531 0.0111038 0.999931 0.553697 -0.179456 -3.69445
FixedParameters: 0 0 0

#Transform 165
Transform: AffineTransform_float_3_3
Parameters: 0.999978 -0.00549409 0.00389643 0.00554174 0.999909 -0.0122789 -0.00382872 0.0123001 0.999916 0.536255 -0.154798 -3.6273
FixedParameters: 0 0 0

#Transform 166
Transform: AffineTransform_float_3_3
Parameters: 0.999976 -0.00581845 0.00359681 0.00586379 0.999901 -0.01276 -0.0035217 0.0127809 0.999912 0.529822 -0.178051 -3.6128
FixedParameters: 0 0 0

#Transform 167
Transform: AffineTransform_float_3_3
Parameters: 0.999971 -0.00654066 0.00390868 0.0065876 0.999906 -0.0120756 -0.00382905 0.0121014 0.99992 0.578851 -0.163724 -3.73087
FixedParameters: 0 0 0

#Transform 168
Transform: AffineTransform_float_3_3
Parameters: 0.999979 -0.00624434 0.0020101 0.00626784 0.999912 -0.0117018 -0.00193761 0.0117142 0.99993 0.538742 -0.183167 -3.7084
FixedParameters: 0 0 0

#Transform 169
Transform: AffineTransform_float_3_3
Parameters: 0.99998 -0.00560394 0.00310449 0.00564632 0.999891 -0.0136467 -0.00302782 0.0136633 0.999902 0.483138 -0.165891 -3.52062
FixedParameters: 0 0 0

#Transform 170
Transform: AffineTransform_float_3_3
Parameters: 0.999976 -0.00615109 0.00316443 0.00619399 0.999883 -0.0139645 -0.00307846 0.0139845 0.999898 0.486979 -0.198369 -3.40214
FixedParameters: 0 0 0

#Transform 171
Transform: AffineTransform_float_3_3
Parameters: 0.999972 -0.00701694 0.00262368 0.00705235 0.999878 -0.0139404 -0.00252601 0.0139586 0.999899 0.522411 -0.206451 -3.52473
FixedParameters: 0 0 0

#Transform 172
Transform: AffineTransform_float_3_3
Parameters: 0.999974 -0.00677781 0.00246149 0.00681514 0.999857 -0.0154834 -0.00235673 0.0154996 0.999877 0.481585 -0.21171 -3.32781
FixedParameters: 0 0 0

#Transform 173
Transform: AffineTransform_float_3_3
Parameters: 0.999972 -0.00717246 0.00235458 0.00720641 0.999864 -0.0148764 -0.00224754 0.0148936 0.999886 0.528467 -0.245416 -3.51906
FixedParameters: 0 0 0

#Transform 174
Transform: AffineTransform_float_3_3
Parameters: 0.999975 -0.00664593 0.00267633 0.00669083 0.999831 -0.017137 -0.00256112 0.017154 0.99985 0.497472 -0.29017 -3.43664
FixedParameters: 0 0 0

#Transform 175
Transform: AffineTransform_float_3_3
Parameters: 0.999977 -0.00644635 0.00238645 0.00648599 0.999839 -0.01674 -0.00227844 0.016755 0.999857 0.466855 -0.250006 -3.38106
FixedParameters: 0 0 0

#Transform 176
Transform: AffineTransform_float_3_3
Parameters: 0.999976 -0.00647292 0.00245247 0.00650667 0.999876 -0.0143585 -0.0023596 0.0143745 0.999893 0.479248 -0.215659 -3.39619
FixedParameters: 0 0 0

#Transform 177
Transform: AffineTransform_float_3_3
Parameters: 0.99998 -0.00568963 0.00296081 0.00569993 0.999977 -0.00363794 -0.00294059 0.00365507 0.999989 0.407816 0.092605 -3.0225
FixedParameters: 0 0 0

#Transform 178
Transform: AffineTransform_float_3_3
Parameters: 0.999976 -0.00672461 0.00201174 0.00671691 0.99997 0.00383321 -0.00203715 -0.00381979 0.999991 0.412611 0.191546 -2.90721
FixedParameters: 0 0 0

#Transform 179
Transform: AffineTransform_float_3_3
Parameters: 0.999978 -0.00666022 -7.53793e-05 0.00666134 0.999947 0.00781183 2.33074e-05 -0.00781216 0.99997 0.314493 0.421501 -2.5281
FixedParameters: 0 0 0
