#Insight Transform File V1.0
#Transform 0
Transform: AffineTransform_float_3_3
Parameters: 0.999999 0.00102139 0.00107138 -0.00102339 0.999996 0.00247411 -0.0010688 -0.00247489 0.999996 0.10417 -0.109779 -0.490122
FixedParameters: 0 0 0

#Transform 1
Transform: AffineTransform_float_3_3
Parameters: 0.999999 0.000893115 0.000241597 -0.000893354 0.999999 0.000494632 -0.000240714 -0.000494368 0.999999 -0.0594639 -0.0488567 -0.137539
FixedParameters: 0 0 0

#Transform 2
Transform: AffineTransform_float_3_3
Parameters: 1 0.00106383 -0.000137416 -0.00106378 1 0.000172787 0.000137784 -0.000173213 1 -0.0616024 -0.0303484 -0.165819
FixedParameters: 0 0 0

#Transform 3
Transform: AffineTransform_float_3_3
Parameters: 1 0.00115968 -0.0002647 -0.00115947 0.999999 0.000397948 0.000265623 -0.000398052 1 -0.0487258 -0.0268383 -0.110909
FixedParameters: 0 0 0

#Transform 4
Transform: AffineTransform_float_3_3
Parameters: 1 0.00121631 -0.000130939 -0.00121615 0.999999 0.000615648 0.000132436 -0.000615352 0.999999 -0.0533835 -0.0313666 -0.115856
FixedParameters: 0 0 0

#Transform 5
Transform: AffineTransform_float_3_3
Parameters: 0.999999 0.000677028 -0.000211731 -0.000676645 1 0.000901784 0.000212952 -0.000902216 0.999999 -0.0149249 -0.0385946 -0.120734
FixedParameters: 0 0 0

#Transform 6
Transform: AffineTransform_float_3_3
Parameters: 0.999999 0.000849228 -0.000284642 -0.000848713 0.999999 0.000901882 0.000286174 -0.000902117 0.999999 -0.0352651 -0.0587736 -0.126363
FixedParameters: 0 0 0

#Transform 7
Transform: AffineTransform_float_3_3
Parameters: 0.999999 0.000750671 -0.000243003 -0.000750283 1 0.000795823 0.000244197 -0.000796177 0.999999 -0.0334413 -0.0580094 -0.11932
FixedParameters: 0 0 0

#Transform 8
Transform: AffineTransform_float_3_3
Parameters: 0.999999 0.000717188 -0.000116883 -0.000717367 1 0.000901725 0.000117256 -0.000902276 0.999999 -0.0330718 -0.0482528 -0.104085
FixedParameters: 0 0 0

#Transform 9
Transform: AffineTransform_float_3_3
Parameters: 0.999999 0.000844624 -0.000282693 -0.000844112 0.999999 0.000901879 0.000284216 -0.00090212 0.999999 -0.0531435 -0.0559956 -0.124073
FixedParameters: 0 0 0

#Transform 10
Transform: AffineTransform_float_3_3
Parameters: 1 0.00104665 0.00024151 -0.00104682 0.999998 0.00145975 -0.000239765 -0.00146025 0.999999 -0.0650254 -0.0399527 -0.0951946
FixedParameters: 0 0 0

#Transform 11
Transform: AffineTransform_float_3_3
Parameters: 0.999999 0.00132649 0.000238229 -0.00132703 0.999998 0.00141217 -0.000236713 -0.00141283 0.999999 -0.0691843 -0.0252203 -0.0797302
FixedParameters: 0 0 0

#Transform 12
Transform: AffineTransform_float_3_3
Parameters: 0.999999 0.000980463 0.000269063 -0.000980454 0.999999 0.000967585 -0.000268477 -0.000967417 1 -0.0543821 -0.0256682 -0.0577978
FixedParameters: 0 0 0

#Transform 13
Transform: AffineTransform_float_3_3
Parameters: 0.999999 0.000987133 -4.84899e-05 -0.00098741 0.999999 0.00115205 4.9844e-05 -0.00115195 1 -0.0470164 -0.0269909 -0.0598129
FixedParameters: 0 0 0

#Transform 14
Transform: AffineTransform_float_3_3
Parameters: 1 0.000990474 0.000197005 -0.000990641 1 0.000422446 -0.000196167 -0.000423554 1 -0.056446 -0.0451138 -0.0905434
FixedParameters: 0 0 0

#Transform 15
Transform: AffineTransform_float_3_3
Parameters: 0.999999 0.00123883 -0.000444427 -0.00123886 0.999999 -3.48089e-05 0.00044434 3.51906e-05 1 -0.0578108 -0.0646097 -0.124612
FixedParameters: 0 0 0

#Transform 16
Transform: AffineTransform_float_3_3
Parameters: 0.999999 0.000834029 -0.000430734 -0.000834061 0.999999 0.000415512 0.000430506 -0.000415488 1 -0.0574053 -0.0812246 -0.156638
FixedParameters: 0 0 0

#Transform 17
Transform: AffineTransform_float_3_3
Parameters: 1 0.0011097 -0.000360039 -0.00111005 0.999998 -0.00156896 0.000358397 0.00156904 0.999999 -0.0769927 -0.0864557 -0.25841
FixedParameters: 0 0 0

#Transform 18
Transform: AffineTransform_float_3_3
Parameters: 0.999999 0.000792732 -0.000389744 -0.000792746 0.999999 -1.76909e-05 0.000389715 1.83088e-05 1 -0.0522676 -0.0759392 -0.189071
FixedParameters: 0 0 0

#Transform 19
Transform: AffineTransform_float_3_3
Parameters: 1 0.0006233 -3.66223e-05 -0.000623321 1 -0.000285977 3.62658e-05 0.000286022 1 -0.0444145 -0.0951031 -0.252148
FixedParameters: 0 0 0

#Transform 20
Transform: AffineTransform_float_3_3
Parameters: 1 0.00112511 2.15418e-05 -0.001126 1 -0.000541537 -2.237e-05 0.000541463 0.999999 -0.0718204 -0.0794177 -0.297146
FixedParameters: 0 0 0

#Transform 21
Transform: AffineTransform_float_3_3
Parameters: 1 0.000980106 -0.000327135 -0.000980215 1 -0.000166039 0.00032681 0.000165961 1 -0.0477267 -0.0685087 -0.276955
FixedParameters: 0 0 0

#Transform 22
Transform: AffineTransform_float_3_3
Parameters: 1 0.000479478 0.000100522 -0.000479417 1 -0.000304048 -0.000100813 0.000303952 1 -0.0347482 -0.0829133 -0.260843
FixedParameters: 0 0 0

#Transform 23
Transform: AffineTransform_float_3_3
Parameters: 1 0.000531502 0.000183317 -0.000530949 1 0.0010019 -0.000182643 -0.0010021 1 -0.0457126 -0.0559904 -0.190011
FixedParameters: 0 0 0

#Transform 24
Transform: AffineTransform_float_3_3
Parameters: 1 -0.000109263 -0.000330537 0.000110357 0.999998 0.00165596 0.000330173 -0.00165603 0.999998 -0.0168533 -0.0509545 -0.211141
FixedParameters: 0 0 0

#Transform 25
Transform: AffineTransform_float_3_3
Parameters: 1 0.000140131 5.14601e-05 -0.000140247 1 0.00112899 -5.11435e-05 -0.00112901 1 -0.0104828 -0.0637475 -0.254405
FixedParameters: 0 0 0

#Transform 26
Transform: AffineTransform_float_3_3
Parameters: 1 -8.31962e-05 0.000545435 8.24887e-05 0.999998 0.0014912 -0.000546073 -0.0014918 0.999999 -0.0269741 -0.0511982 -0.243929
FixedParameters: 0 0 0

#Transform 27
Transform: AffineTransform_float_3_3
Parameters: 1 -0.00035048 0.000259902 0.000350009 0.999998 0.00165609 -0.000260141 -0.00165591 0.999998 0.00698721 -0.0654808 -0.293405
FixedParameters: 0 0 0

#Transform 28
Transform: AffineTransform_float_3_3
Parameters: 1 -0.000152944 0.000669672 0.000151867 0.999999 0.000804101 -0.000669917 -0.000803897 0.999999 -0.0251227 -0.0692727 -0.336008
FixedParameters: 0 0 0

#Transform 29
Transform: AffineTransform_float_3_3
Parameters: 1 -3.1979e-05 0.000103761 3.20302e-05 1 -0.000246997 -0.000103745 0.000247003 1 -0.0376783 -0.104867 -0.371691
FixedParameters: 0 0 0

#Transform 30
Transform: AffineTransform_float_3_3
Parameters: 1 -0.000442106 3.32589e-05 0.000442085 1 0.000309015 -3.35321e-05 -0.000308985 1 -0.00861568 -0.106761 -0.38865
FixedParameters: 0 0 0

#Transform 31
Transform: AffineTransform_float_3_3
Parameters: 1 -0.000413974 0.00034859 0.000413186 0.999999 0.00168978 -0.000349067 -0.00169022 0.999998 -0.0236077 -0.0744647 -0.334211
FixedParameters: 0 0 0

#Transform 32
Transform: AffineTransform_float_3_3
Parameters: 1 -0.000426772 -0.000123656 0.000427185 0.999998 0.00167895 0.000122222 -0.00167905 0.999998 -0.0163822 -0.0528208 -0.330319
FixedParameters: 0 0 0

#Transform 33
Transform: AffineTransform_float_3_3
Parameters: 1 -2.4201e-07 -0.000118309 2.51003e-07 1 3.8e-05 0.000118309 -3.8e-05 1 -0.0114771 -0.106077 -0.377084
FixedParameters: 0 0 0

#Transform 34
Transform: AffineTransform_float_3_3
Parameters: 1 -0.000176937 0.000463889 0.000176606 1 0.000357082 -0.000464015 -0.000356918 1 -0.0411365 -0.0894415 -0.360735
FixedParameters: 0 0 0

#Transform 35
Transform: AffineTransform_float_3_3
Parameters: 1 -0.000322752 -5.46169e-05 0.000323295 0.999999 0.00139398 5.46368e-05 -0.00139402 0.999999 0.00452394 -0.0694739 -0.206097
FixedParameters: 0 0 0

#Transform 36
Transform: AffineTransform_float_3_3
Parameters: 1 2.73905e-05 0.000434634 -2.86847e-05 0.999999 0.00148899 -0.00043455 -0.00148901 0.999999 -0.0219549 -0.0656313 -0.222016
FixedParameters: 0 0 0

#Transform 37
Transform: AffineTransform_float_3_3
Parameters: 1 -0.000134802 0.00050314 0.000134452 0.999998 0.00165022 -0.000503054 -0.00165078 0.999998 -0.0189717 -0.0429926 -0.189232
FixedParameters: 0 0 0

#Transform 38
Transform: AffineTransform_float_3_3
Parameters: 1 -0.000134829 0.000503132 0.000134425 0.999998 0.00170407 -0.000503061 -0.00170393 0.999998 -0.0257976 -0.055447 -0.214141
FixedParameters: 0 0 0

#Transform 39
Transform: AffineTransform_float_3_3
Parameters: 1 2.65786e-05 0.000435017 -2.76556e-05 0.999999 0.00123799 -0.00043495 -0.00123801 0.999999 -0.0219 -0.0358937 -0.189159
FixedParameters: 0 0 0

#Transform 40
Transform: AffineTransform_float_3_3
Parameters: 1 0.000344323 0.000300604 -0.000344139 0.999999 0.0012259 -0.00030015 -0.0012261 0.999999 -0.0331351 -0.0573268 -0.227918
FixedParameters: 0 0 0

#Transform 41
Transform: AffineTransform_float_3_3
Parameters: 1 0.000436825 9.47252e-05 -0.000436761 1 -0.000339041 -9.50213e-05 0.000338958 1 -0.0567701 -0.0913837 -0.274029
FixedParameters: 0 0 0

#Transform 42
Transform: AffineTransform_float_3_3
Parameters: 1 0.000219917 0.000407546 -0.000220421 0.999999 0.00174791 -0.000407167 -0.00174809 0.999999 -0.0203618 -0.071286 -0.199909
FixedParameters: 0 0 0

#Transform 43
Transform: AffineTransform_float_3_3
Parameters: 1 0.000274387 0.000537635 -0.000275216 0.999997 0.00248385 -0.000537051 -0.00248415 0.999997 -0.0399367 -0.0771733 -0.211618
FixedParameters: 0 0 0

#Transform 44
Transform: AffineTransform_float_3_3
Parameters: 1 -1.18655e-05 0.000601983 1.02977e-05 0.999998 0.00206601 -0.00060242 -0.00206599 0.999997 -0.028662 -0.057956 -0.231675
FixedParameters: 0 0 0

#Transform 45
Transform: AffineTransform_float_3_3
Parameters: 0.999999 -0.000153542 0.000855034 0.000151503 0.999998 0.00195913 -0.000855102 -0.00195887 0.999997 -0.0425307 -0.0569155 -0.260846
FixedParameters: 0 0 0

#Transform 46
Transform: AffineTransform_float_3_3
Parameters: 1 -0.000117275 0.000940725 0.000116015 0.999999 0.00185611 -0.000941019 -0.00185589 0.999998 -0.0581096 -0.0703295 -0.271096
FixedParameters: 0 0 0

#Transform 47
Transform: AffineTransform_float_3_3
Parameters: 1 -0.000287367 0.000538101 0.000286502 0.999998 0.00202115 -0.000538731 -0.00202084 0.999998 -0.0288839 -0.0541581 -0.262238
FixedParameters: 0 0 0

#Transform 48
Transform: AffineTransform_float_3_3
Parameters: 0.999999 -0.000195227 0.000756441 0.000193436 0.999997 0.0020503 -0.000756708 -0.0020507 0.999998 -0.0556006 -0.0558251 -0.30621
FixedParameters: 0 0 0

#Transform 49
Transform: AffineTransform_float_3_3
Parameters: 1 -0.000514715 0.000922745 0.000512598 0.999997 0.00206862 -0.00092342 -0.00206837 0.999997 -0.0495308 -0.053639 -0.292191
FixedParameters: 0 0 0

#Transform 50
Transform: AffineTransform_float_3_3
Parameters: 0.999999 -0.000213276 0.000710795 0.000213147 1 9.11514e-05 -0.000710834 -9.08483e-05 0.999999 -0.0273429 -0.0951584 -0.31505
FixedParameters: 0 0 0

#Transform 51
Transform: AffineTransform_float_3_3
Parameters: 0.999999 -4.98843e-05 0.000735775 4.93603e-05 1 0.000622396 -0.000734916 -0.000621604 1 -0.0401973 -0.11772 -0.274245
FixedParameters: 0 0 0

#Transform 52
Transform: AffineTransform_float_3_3
Parameters: 1 -0.000332839 0.00043033 0.000332461 0.999998 0.0019613 -0.000431105 -0.0019617 0.999998 -0.0179084 -0.0510648 -0.214617
FixedParameters: 0 0 0

#Transform 53
Transform: AffineTransform_float_3_3
Parameters: 0.999999 -0.000865202 0.000220913 0.000865125 0.999997 0.00193719 -0.000222424 -0.00193681 0.999998 -0.0229524 -0.0511889 -0.254903
FixedParameters: 0 0 0

#Transform 54
Transform: AffineTransform_float_3_3
Parameters: 0.999999 -0.000854126 0.000974876 0.000852279 0.999998 0.00201963 -0.000975951 -0.00201938 0.999997 -0.0392534 -0.0350698 -0.26599
FixedParameters: 0 0 0

#Transform 55
Transform: AffineTransform_float_3_3
Parameters: 1 -0.000839215 0.000873483 0.000837993 0.999998 0.00167253 -0.000874838 -0.00167247 0.999998 -0.0374307 -0.0275734 -0.269098
FixedParameters: 0 0 0

#Transform 56
Transform: AffineTransform_float_3_3
Parameters: 0.999999 -0.000678062 0.00111898 0.000676648 0.999998 0.00180291 -0.00112036 -0.00180209 0.999998 -0.0438382 -0.0294001 -0.277304
FixedParameters: 0 0 0

#Transform 57
Transform: AffineTransform_float_3_3
Parameters: 0.999999 -0.000811287 0.00107564 0.000809546 0.999998 0.00160003 -0.00107678 -0.00159898 0.999999 -0.0366385 -0.0360758 -0.261752
FixedParameters: 0 0 0

#Transform 58
Transform: AffineTransform_float_3_3
Parameters: 1 -0.000898576 0.000753353 0.000897156 0.999999 0.00146047 -0.000754134 -0.00146053 0.999999 -0.0401076 -0.0309605 -0.251496
FixedParameters: 0 0 0

#Transform 59
Transform: AffineTransform_float_3_3
Parameters: 0.999999 -0.000776229 0.00105791 0.000774757 0.999998 0.00131497 -0.00105942 -0.00131403 0.999999 -0.0466033 -0.0273371 -0.26949
FixedParameters: 0 0 0

#Transform 60
Transform: AffineTransform_float_3_3
Parameters: 1 -0.000884501 0.000747817 0.000883223 0.999999 0.00111566 -0.000748867 -0.00111434 0.999999 -0.0224104 -0.038378 -0.273869
FixedParameters: 0 0 0

#Transform 61
Transform: AffineTransform_float_3_3
Parameters: 0.999999 -0.00110992 0.00100763 0.00110959 0.999999 0.000816911 -0.00100891 -0.000816087 0.999999 -0.0360337 -0.0304895 -0.294065
FixedParameters: 0 0 0

#Transform 62
Transform: AffineTransform_float_3_3
Parameters: 0.999998 -0.00151534 0.0011833 0.00151424 0.999999 0.000464226 -0.0011847 -0.000462772 0.999999 -0.0129013 -0.0468453 -0.293921
FixedParameters: 0 0 0

#Transform 63
Transform: AffineTransform_float_3_3
Parameters: 0.999999 -0.00137071 0.00112212 0.00136984 0.999998 0.00039133 -0.00112319 -0.000389667 0.999999 -0.0147697 -0.0369241 -0.304254
FixedParameters: 0 0 0

#Transform 64
Transform: AffineTransform_float_3_3
Parameters: 0.999999 -0.00110867 0.00101048 0.0011085 0.999999 0.000733761 -0.00101158 -0.000732238 0.999999 -0.0361065 -0.0381066 -0.2775
FixedParameters: 0 0 0

#Transform 65
Transform: AffineTransform_float_3_3
Parameters: 0.999999 -0.00110966 0.0010094 0.0011079 0.999999 0.00171476 -0.00101175 -0.00171324 0.999998 -0.0361004 -0.0407567 -0.278323
FixedParameters: 0 0 0

#Transform 66
Transform: AffineTransform_float_3_3
Parameters: 0.999998 -0.00147612 0.000701802 0.00147633 0.999999 -0.000150324 -0.000701356 0.000151676 1 -0.046276 -0.0875115 -0.370164
FixedParameters: 0 0 0

#Transform 67
Transform: AffineTransform_float_3_3
Parameters: 0.999998 -0.0012076 0.00119607 0.00120781 0.999999 -8.77627e-05 -0.00119585 8.92375e-05 0.999999 -0.0665393 -0.0801841 -0.41434
FixedParameters: 0 0 0

#Transform 68
Transform: AffineTransform_float_3_3
Parameters: 0.999998 -0.00108443 0.00155931 0.00108244 0.999998 0.001479 -0.00156145 -0.001477 0.999998 -0.0540968 -0.0692214 -0.31703
FixedParameters: 0 0 0

#Transform 69
Transform: AffineTransform_float_3_3
Parameters: 0.999999 -0.00130996 0.00125473 0.00130782 0.999998 0.00168644 -0.00125677 -0.00168456 0.999998 -0.0505878 -0.0471942 -0.346128
FixedParameters: 0 0 0

#Transform 70
Transform: AffineTransform_float_3_3
Parameters: 0.999998 -0.00117079 0.0015162 0.00116728 0.999997 0.00227672 -0.00151862 -0.00227528 0.999996 -0.0506102 -0.0360808 -0.272192
FixedParameters: 0 0 0

#Transform 71
Transform: AffineTransform_float_3_3
Parameters: 0.999993 -0.00340277 0.00118446 0.00339787 0.999986 0.00396974 -0.00119817 -0.00396526 0.999991 0.0434317 -0.169439 -0.57668
FixedParameters: 0 0 0

#Transform 72
Transform: AffineTransform_float_3_3
Parameters: 0.999969 -0.0078661 0.000448242 0.00786294 0.999946 0.00686005 -0.000502136 -0.00685595 0.999976 0.306725 -0.243297 -0.806492
FixedParameters: 0 0 0

#Transform 73
Transform: AffineTransform_float_3_3
Parameters: 0.999983 -0.00577775 -0.000364972 0.00577987 0.999963 0.00626941 0.000328206 -0.00627158 0.99998 0.217621 -0.121072 -0.718691
FixedParameters: 0 0 0

#Transform 74
Transform: AffineTransform_float_3_3
Parameters: 0.999985 -0.00557795 0.000386033 0.00557611 0.999967 0.0058854 -0.000419221 -0.00588259 0.999982 0.118536 -0.0238577 -0.630339
FixedParameters: 0 0 0

#Transform 75
Transform: AffineTransform_float_3_3
Parameters: 0.999983 -0.00576515 0.000540908 0.0057626 0.999973 0.00447778 -0.000566374 -0.00447521 0.99999 0.104956 -0.021654 -0.62724
FixedParameters: 0 0 0

#Transform 76
Transform: AffineTransform_float_3_3
Parameters: 0.999981 -0.00598183 0.000862866 0.00597766 0.999973 0.0042811 -0.000888288 -0.00427589 0.99999 0.0909572 -0.0314815 -0.642549
FixedParameters: 0 0 0

#Transform 77
Transform: AffineTransform_float_3_3
Parameters: 0.999985 -0.00533642 0.00109565 0.00533143 0.999976 0.00441195 -0.00111864 -0.00440604 0.999989 0.102212 -0.0374387 -0.601776
FixedParameters: 0 0 0

#Transform 78
Transform: AffineTransform_float_3_3
Parameters: 0.999987 -0.00503107 0.000819509 0.00502798 0.999977 0.00473195 -0.000843043 -0.00472805 0.999989 0.118539 -0.0514175 -0.565548
FixedParameters: 0 0 0

#Transform 79
Transform: AffineTransform_float_3_3
Parameters: 0.999988 -0.00477361 0.00095602 0.00476994 0.999979 0.00444189 -0.000976575 -0.00443711 0.999989 0.0936071 -0.0578376 -0.623936
FixedParameters: 0 0 0

#Transform 80
Transform: AffineTransform_float_3_3
Parameters: 0.999986 -0.00503492 0.00117855 0.00502976 0.999978 0.00440455 -0.00120012 -0.00439846 0.999989 0.0748335 -0.0684305 -0.633061
FixedParameters: 0 0 0

#Transform 81
Transform: AffineTransform_float_3_3
Parameters: 0.999986 -0.0052194 0.00145337 0.00521326 0.999979 0.00382714 -0.00147368 -0.00381986 0.999992 0.0740579 -0.0614063 -0.607402
FixedParameters: 0 0 0

#Transform 82
Transform: AffineTransform_float_3_3
Parameters: 0.999985 -0.0053782 0.00109485 0.0053742 0.999976 0.00420699 -0.00111731 -0.004201 0.99999 0.0825237 -0.0621081 -0.601581
FixedParameters: 0 0 0

#Transform 83
Transform: AffineTransform_float_3_3
Parameters: 0.999986 -0.00515209 0.00129315 0.00514632 0.999979 0.00395306 -0.00131293 -0.00394694 0.999991 0.0899014 -0.0594482 -0.584251
FixedParameters: 0 0 0

#Transform 84
Transform: AffineTransform_float_3_3
Parameters: 0.999986 -0.00509753 0.00144377 0.00509149 0.99998 0.00395376 -0.00146351 -0.00394624 0.999991 0.0756033 -0.0605596 -0.567566
FixedParameters: 0 0 0

#Transform 85
Transform: AffineTransform_float_3_3
Parameters: 0.999987 -0.00503658 0.00144978 0.00503167 0.99998 0.00373521 -0.00146816 -0.00372779 0.999992 0.0894409 -0.0475137 -0.537724
FixedParameters: 0 0 0

#Transform 86
Transform: AffineTransform_float_3_3
Parameters: 0.999987 -0.00490119 0.00138455 0.00489506 0.99998 0.00387505 -0.00140381 -0.00386794 0.999992 0.0846077 -0.037935 -0.539302
FixedParameters: 0 0 0

#Transform 87
Transform: AffineTransform_float_3_3
Parameters: 0.999988 -0.00453966 0.00181429 0.00453383 0.999984 0.00342595 -0.00182969 -0.00341805 0.999993 0.0757065 -0.0516663 -0.531178
FixedParameters: 0 0 0

#Transform 88
Transform: AffineTransform_float_3_3
Parameters: 0.999989 -0.00460604 0.0014403 0.0046022 0.999985 0.00290204 -0.00145371 -0.00289596 0.999995 0.0849056 -0.0405537 -0.512225
FixedParameters: 0 0 0

#Transform 89
Transform: AffineTransform_float_3_3
Parameters: 0.999986 -0.00506385 0.00193977 0.00505534 0.999978 0.00425532 -0.00196122 -0.00424568 0.999989 0.108599 -0.0452751 -0.495656
FixedParameters: 0 0 0

#Transform 90
Transform: AffineTransform_float_3_3
Parameters: 0.999986 -0.00481752 0.00185984 0.00480831 0.999977 0.00472517 -0.0018828 -0.00471582 0.999987 0.100458 -0.0400145 -0.421574
FixedParameters: 0 0 0

#Transform 91
Transform: AffineTransform_float_3_3
Parameters: 0.999986 -0.00480866 0.00188107 0.0047996 0.999979 0.0045299 -0.00190299 -0.0045211 0.999988 0.108543 -0.0450587 -0.395252
FixedParameters: 0 0 0

#Transform 92
Transform: AffineTransform_float_3_3
Parameters: 0.999986 -0.00476772 0.00197873 0.00475862 0.999979 0.00455029 -0.00200086 -0.00454071 0.999987 0.0924514 -0.0284755 -0.385854
FixedParameters: 0 0 0

#Transform 93
Transform: AffineTransform_float_3_3
Parameters: 0.999986 -0.00468286 0.00218115 0.00467326 0.999979 0.00445673 -0.00220202 -0.00444627 0.999988 0.0749861 -0.0350155 -0.396502
FixedParameters: 0 0 0

#Transform 94
Transform: AffineTransform_float_3_3
Parameters: 0.999986 -0.00497092 0.00210708 0.0049605 0.999976 0.00495313 -0.00213137 -0.00494287 0.999985 0.0890846 -0.0449868 -0.423466
FixedParameters: 0 0 0

#Transform 95
Transform: AffineTransform_float_3_3
Parameters: 0.999986 -0.0046676 0.00222294 0.00465705 0.999978 0.00475869 -0.00224465 -0.00474932 0.999986 0.0535372 -0.048143 -0.401727
FixedParameters: 0 0 0

#Transform 96
Transform: AffineTransform_float_3_3
Parameters: 0.999985 -0.00521537 0.00198722 0.00520721 0.999979 0.0038705 -0.00200779 -0.00386049 0.99999 0.0806835 -0.0400796 -0.428853
FixedParameters: 0 0 0

#Transform 97
Transform: AffineTransform_float_3_3
Parameters: 0.999985 -0.00506878 0.00233617 0.00506063 0.999981 0.00360527 -0.00235461 -0.00359372 0.99999 0.0668922 -0.046015 -0.386423
FixedParameters: 0 0 0

#Transform 98
Transform: AffineTransform_float_3_3
Parameters: 0.999985 -0.00502822 0.00243272 0.00501914 0.999981 0.00365402 -0.00245135 -0.00364097 0.99999 0.0698841 -0.0398294 -0.364826
FixedParameters: 0 0 0

#Transform 99
Transform: AffineTransform_float_3_3
Parameters: 0.999985 -0.00500957 0.00247709 0.00500028 0.999981 0.00363235 -0.00249536 -0.00361965 0.999991 0.0507392 -0.0372662 -0.435022
FixedParameters: 0 0 0

#Transform 100
Transform: AffineTransform_float_3_3
Parameters: 0.999983 -0.00540522 0.00224028 0.00539857 0.999981 0.00304803 -0.00225658 -0.00303597 0.999993 0.0530811 -0.0353607 -0.48068
FixedParameters: 0 0 0

#Transform 101
Transform: AffineTransform_float_3_3
Parameters: 0.999985 -0.00526726 0.00186379 0.00526041 0.999979 0.00367216 -0.0018836 -0.00366183 0.999992 0.0581791 -0.0413209 -0.506309
FixedParameters: 0 0 0

#Transform 102
Transform: AffineTransform_float_3_3
Parameters: 0.999984 -0.00508613 0.00266679 0.00507604 0.99998 0.00376715 -0.00268645 -0.00375284 0.999989 0.0239957 -0.0561169 -0.532197
FixedParameters: 0 0 0

#Transform 103
Transform: AffineTransform_float_3_3
Parameters: 0.999986 -0.00494628 0.00221477 0.00493727 0.99998 0.00387411 -0.00223367 -0.00386289 0.999991 0.03071 -0.0389985 -0.5106
FixedParameters: 0 0 0

#Transform 104
Transform: AffineTransform_float_3_3
Parameters: 0.999984 -0.00521149 0.00213594 0.00520358 0.99998 0.00376027 -0.00215571 -0.00374873 0.99999 0.0438826 -0.0316797 -0.512842
FixedParameters: 0 0 0

#Transform 105
Transform: AffineTransform_float_3_3
Parameters: 0.999982 -0.00544047 0.00249975 0.00543131 0.999978 0.00380532 -0.00252026 -0.00379168 0.999989 0.0480739 -0.04015 -0.508163
FixedParameters: 0 0 0

#Transform 106
Transform: AffineTransform_float_3_3
Parameters: 0.999981 -0.00558154 0.00233948 0.00557315 0.999979 0.00353827 -0.00235955 -0.00352573 0.999991 0.0482586 -0.0358108 -0.4786
FixedParameters: 0 0 0

#Transform 107
Transform: AffineTransform_float_3_3
Parameters: 0.999983 -0.0052962 0.00250965 0.00528846 0.999981 0.00312352 -0.00252646 -0.00311048 0.999992 0.042602 -0.0224995 -0.485077
FixedParameters: 0 0 0

#Transform 108
Transform: AffineTransform_float_3_3
Parameters: 0.999982 -0.00553978 0.00224265 0.00553073 0.999978 0.00371984 -0.00226312 -0.00370716 0.999991 0.0552991 -0.0341421 -0.491919
FixedParameters: 0 0 0

#Transform 109
Transform: AffineTransform_float_3_3
Parameters: 0.999981 -0.00547966 0.00259215 0.00547075 0.999979 0.00347307 -0.00261116 -0.00345892 0.999991 0.0360717 -0.0459233 -0.519337
FixedParameters: 0 0 0

#Transform 110
Transform: AffineTransform_float_3_3
Parameters: 0.999982 -0.0056113 0.00241059 0.00560322 0.999978 0.00337209 -0.002429 -0.00335791 0.999992 0.0519536 -0.0368817 -0.512698
FixedParameters: 0 0 0

#Transform 111
Transform: AffineTransform_float_3_3
Parameters: 0.999982 -0.00554156 0.00257627 0.00553308 0.99998 0.00308499 -0.00259286 -0.00307001 0.999992 0.0332775 -0.0368308 -0.542418
FixedParameters: 0 0 0

#Transform 112
Transform: AffineTransform_float_3_3
Parameters: 0.999982 -0.00541206 0.00253831 0.00540547 0.999981 0.00270881 -0.00255319 -0.00269419 0.999993 0.0291998 -0.0445167 -0.567891
FixedParameters: 0 0 0

#Transform 113
Transform: AffineTransform_float_3_3
Parameters: 0.999982 -0.00558418 0.00247508 0.00557564 0.999978 0.00337854 -0.00249338 -0.00336446 0.999992 0.0325785 -0.0475407 -0.551264
FixedParameters: 0 0 0

#Transform 114
Transform: AffineTransform_float_3_3
Parameters: 0.999982 -0.00554421 0.00256989 0.00553591 0.999981 0.0029046 -0.00258635 -0.00289039 0.999992 0.0151982 -0.056556 -0.561079
FixedParameters: 0 0 0

#Transform 115
Transform: AffineTransform_float_3_3
Parameters: 0.999986 -0.00488171 0.00207405 0.0048748 0.999982 0.00344812 -0.00209016 -0.00343788 0.999992 0.0159353 -0.055351 -0.555713
FixedParameters: 0 0 0

#Transform 116
Transform: AffineTransform_float_3_3
Parameters: 0.999982 -0.00570802 0.002217 0.00570224 0.99998 0.00270906 -0.00223311 -0.00269593 0.999994 0.0121584 -0.050145 -0.604025
FixedParameters: 0 0 0

#Transform 117
Transform: AffineTransform_float_3_3
Parameters: 0.999983 -0.00531098 0.00213169 0.00530532 0.999982 0.00279045 -0.00214653 -0.00277855 0.999994 0.016197 -0.0579962 -0.512666
FixedParameters: 0 0 0

#Transform 118
Transform: AffineTransform_float_3_3
Parameters: 0.999984 -0.00522764 0.00215951 0.00522106 0.999981 0.00314557 -0.00217575 -0.00313443 0.999993 0.0108559 -0.0540549 -0.551168
FixedParameters: 0 0 0

#Transform 119
Transform: AffineTransform_float_3_3
Parameters: 0.999983 -0.00522446 0.00230324 0.00522178 0.999986 0.00109529 -0.00230909 -0.00108271 0.999997 -0.00205195 -0.0988829 -0.603895
FixedParameters: 0 0 0

#Transform 120
Transform: AffineTransform_float_3_3
Parameters: 0.999985 -0.0050203 0.00228781 0.00501839 0.999988 0.000848738 -0.00229167 -0.000837262 0.999996 -0.0091531 -0.0843325 -0.608756
FixedParameters: 0 0 0

#Transform 121
Transform: AffineTransform_float_3_3
Parameters: 0.999982 -0.00553022 0.00255621 0.00552588 0.999983 0.00194984 -0.00256703 -0.00193516 0.999995 0.0330122 -0.113308 -0.534468
FixedParameters: 0 0 0

#Transform 122
Transform: AffineTransform_float_3_3
Parameters: 0.999979 -0.00586205 0.0027477 0.00585494 0.999979 0.0026701 -0.00276362 -0.00265289 0.999993 0.0389679 -0.108408 -0.596099
FixedParameters: 0 0 0

#Transform 123
Transform: AffineTransform_float_3_3
Parameters: 0.99998 -0.005929 0.00226704 0.00592332 0.99998 0.00234413 -0.00228055 -0.00233087 0.999995 0.0462881 -0.110354 -0.612346
FixedParameters: 0 0 0

#Transform 124
Transform: AffineTransform_float_3_3
Parameters: 0.999983 -0.00554478 0.00184203 0.00554792 0.999983 -0.00155438 -0.00183341 0.00156462 0.999997 0.0693492 -0.120605 -0.661497
FixedParameters: 0 0 0

#Transform 125
Transform: AffineTransform_float_3_3
Parameters: 0.999989 -0.00441886 0.00171667 0.00442262 0.999988 -0.0022369 -0.00170607 0.0022441 0.999996 -0.00422972 -0.107543 -0.655304
FixedParameters: 0 0 0

#Transform 126
Transform: AffineTransform_float_3_3
Parameters: 0.999989 -0.00420007 0.00176297 0.00420291 0.99999 -0.00169156 -0.00175609 0.00169844 0.999997 -0.0124934 -0.107791 -0.633499
FixedParameters: 0 0 0

#Transform 127
Transform: AffineTransform_float_3_3
Parameters: 0.999988 -0.00467421 0.00191036 0.00467614 0.999989 -0.00101255 -0.00190545 0.00102245 0.999998 0.00926919 -0.126805 -0.589604
FixedParameters: 0 0 0

#Transform 128
Transform: AffineTransform_float_3_3
Parameters: 0.999986 -0.0049594 0.00179405 0.00496003 0.999988 -0.00049645 -0.00179184 0.000505554 0.999998 0.0145271 -0.112217 -0.57073
FixedParameters: 0 0 0

#Transform 129
Transform: AffineTransform_float_3_3
Parameters: 0.999983 -0.00553134 0.00171167 0.00552939 0.999984 0.000988267 -0.00171664 -0.000978733 0.999998 0.0441994 -0.0973333 -0.557861
FixedParameters: 0 0 0

#Transform 130
Transform: AffineTransform_float_3_3
Parameters: 0.999985 -0.00514795 0.00214794 0.00514622 0.999986 0.00077131 -0.00215215 -0.000760686 0.999997 0.0164831 -0.0645256 -0.603909
FixedParameters: 0 0 0

#Transform 131
Transform: AffineTransform_float_3_3
Parameters: 0.999981 -0.00557975 0.00232318 0.00557544 0.999982 0.00194051 -0.00233371 -0.00192749 0.999996 0.00925393 -0.0449223 -0.576932
FixedParameters: 0 0 0

#Transform 132
Transform: AffineTransform_float_3_3
Parameters: 0.999982 -0.00542997 0.00232057 0.00542555 0.999983 0.00196551 -0.00233079 -0.00195249 0.999995 0.0234385 -0.0543465 -0.568184
FixedParameters: 0 0 0

#Transform 133
Transform: AffineTransform_float_3_3
Parameters: 0.999982 -0.00591345 0.00153402 0.00591171 0.999981 0.00141086 -0.00154197 -0.00140214 0.999998 0.0394853 -0.0921995 -0.614035
FixedParameters: 0 0 0

#Transform 134
Transform: AffineTransform_float_3_3
Parameters: 0.999983 -0.0055803 0.00197324 0.00557797 0.999984 0.000854241 -0.00197772 -0.000843757 0.999997 0.0167044 -0.0892478 -0.650202
FixedParameters: 0 0 0

#Transform 135
Transform: AffineTransform_float_3_3
Parameters: 0.999985 -0.0051123 0.00193767 0.00511237 0.999987 -1.26429e-05 -0.00193749 2.23587e-05 0.999998 -0.00107029 -0.104217 -0.623323
FixedParameters: 0 0 0

#Transform 136
Transform: AffineTransform_float_3_3
Parameters: 0.999985 -0.00520026 0.00173524 0.00520001 0.999986 0.000299326 -0.00173646 -0.000290674 0.999998 0.0121439 -0.0990125 -0.643325
FixedParameters: 0 0 0

#Transform 137
Transform: AffineTransform_float_3_3
Parameters: 0.999985 -0.00503613 0.00212224 0.00503671 0.999987 -0.000316712 -0.00212084 0.000327292 0.999998 -0.0221382 -0.103524 -0.658002
FixedParameters: 0 0 0

#Transform 138
Transform: AffineTransform_float_3_3
Parameters: 0.999984 -0.0052556 0.0017572 0.00525773 0.999986 -0.00089763 -0.0017527 0.000907374 0.999998 -0.00820081 -0.0809138 -0.694565
FixedParameters: 0 0 0

#Transform 139
Transform: AffineTransform_float_3_3
Parameters: 0.999987 -0.004831 0.00172061 0.00483187 0.999989 -0.000818039 -0.00171727 0.000825967 0.999998 -0.0150811 -0.0985941 -0.713846
FixedParameters: 0 0 0

#Transform 140
Transform: AffineTransform_float_3_3
Parameters: 0.999987 -0.00468992 0.00206503 0.00469066 0.999989 -0.000457996 -0.00206345 0.000468009 0.999998 -0.0318269 -0.0915811 -0.677662
FixedParameters: 0 0 0

#Transform 141
Transform: AffineTransform_float_3_3
Parameters: 0.99999 -0.00434877 0.00152533 0.00434896 0.999991 -0.000185478 -0.00152461 0.000191524 0.999999 -0.0149705 -0.102478 -0.665831
FixedParameters: 0 0 0

#Transform 142
Transform: AffineTransform_float_3_3
Parameters: 0.999989 -0.00434907 0.0020898 0.00435033 0.999991 -0.000484079 -0.00208739 0.000492922 0.999998 -0.041448 -0.101937 -0.706995
FixedParameters: 0 0 0

#Transform 143
Transform: AffineTransform_float_3_3
Parameters: 0.999988 -0.00439184 0.00186904 0.00439335 0.99999 -0.000714114 -0.00186549 0.000721886 0.999998 -0.0546378 -0.105715 -0.677819
FixedParameters: 0 0 0

#Transform 144
Transform: AffineTransform_float_3_3
Parameters: 0.999988 -0.00457668 0.00179972 0.00457727 0.999989 -0.000484238 -0.00179801 0.000492767 0.999998 -0.0186699 -0.115461 -0.6713
FixedParameters: 0 0 0

#Transform 145
Transform: AffineTransform_float_3_3
Parameters: 0.999987 -0.00477619 0.00215888 0.00477536 0.999989 0.000377431 -0.00216059 -0.000367567 0.999998 -0.03714 -0.0972443 -0.632234
FixedParameters: 0 0 0

#Transform 146
Transform: AffineTransform_float_3_3
Parameters: 0.999985 -0.00487552 0.00227551 0.00487472 0.999989 0.000265853 -0.00227713 -0.000255143 0.999997 -0.0351524 -0.0730259 -0.635951
FixedParameters: 0 0 0

#Transform 147
Transform: AffineTransform_float_3_3
Parameters: 0.999988 -0.00456901 0.00211466 0.00456797 0.99999 0.00034214 -0.00211683 -0.000332855 0.999998 -0.0210748 -0.0591111 -0.622706
FixedParameters: 0 0 0

#Transform 148
Transform: AffineTransform_float_3_3
Parameters: 0.999985 -0.00490241 0.00241767 0.0049003 0.999987 0.00111513 -0.0024234 -0.00110286 0.999997 -0.0440649 -0.0544439 -0.635612
FixedParameters: 0 0 0

#Transform 149
Transform: AffineTransform_float_3_3
Parameters: 0.999985 -0.00489149 0.00244345 0.00488933 0.999987 0.00111523 -0.00244917 -0.00110277 0.999997 -0.0436761 -0.0555938 -0.607645
FixedParameters: 0 0 0

#Transform 150
Transform: AffineTransform_float_3_3
Parameters: 0.999986 -0.00472495 0.00237264 0.00472267 0.999989 0.00117234 -0.00237853 -0.00116066 0.999996 -0.0388355 -0.0616908 -0.63196
FixedParameters: 0 0 0

#Transform 151
Transform: AffineTransform_float_3_3
Parameters: 0.999985 -0.00482551 0.00259953 0.00482248 0.999988 0.00121562 -0.00260606 -0.00120338 0.999996 -0.0384273 -0.0652411 -0.626159
FixedParameters: 0 0 0

#Transform 152
Transform: AffineTransform_float_3_3
Parameters: 0.999987 -0.00459595 0.00218251 0.00459193 0.999988 0.00173052 -0.00219008 -0.00172048 0.999996 -0.032811 -0.0480173 -0.565317
FixedParameters: 0 0 0

#Transform 153
Transform: AffineTransform_float_3_3
Parameters: 0.999988 -0.00443998 0.002388 0.00443538 0.999987 0.00233161 -0.00239838 -0.00232039 0.999994 -0.0235559 -0.0504962 -0.582629
FixedParameters: 0 0 0

#Transform 154
Transform: AffineTransform_float_3_3
Parameters: 0.999987 -0.00440243 0.00253893 0.00439678 0.999987 0.00239913 -0.00254973 -0.00238887 0.999994 -0.0189274 -0.0438696 -0.557604
FixedParameters: 0 0 0

#Transform 155
Transform: AffineTransform_float_3_3
Parameters: 0.999986 -0.00462588 0.0025599 0.00461912 0.999986 0.00249228 -0.00257132 -0.00248072 0.999993 -0.0224713 -0.0329213 -0.541073
FixedParameters: 0 0 0

#Transform 156
Transform: AffineTransform_float_3_3
Parameters: 0.999986 -0.00459874 0.00262288 0.00459469 0.999988 0.00162149 -0.00262984 -0.0016095 0.999995 -0.0520032 -0.0198268 -0.59089
FixedParameters: 0 0 0

#Transform 157
Transform: AffineTransform_float_3_3
Parameters: 0.999985 -0.00461804 0.00293574 0.00461144 0.999987 0.0022393 -0.00294608 -0.0022257 0.999993 -0.0393796 -0.00720957 -0.52489
FixedParameters: 0 0 0

#Transform 158
Transform: AffineTransform_float_3_3
Parameters: 0.999983 -0.00484635 0.00302872 0.00483811 0.999984 0.00278386 -0.00304298 -0.00277014 0.999992 -0.0172469 -0.0131319 -0.529935
FixedParameters: 0 0 0

#Transform 159
Transform: AffineTransform_float_3_3
Parameters: 0.999984 -0.0046077 0.00309826 0.00459876 0.999986 0.00283517 -0.00311166 -0.00282083 0.999992 -0.0452433 -0.0332078 -0.543767
FixedParameters: 0 0 0

#Transform 160
Transform: AffineTransform_float_3_3
Parameters: 0.999986 -0.00469295 0.00251894 0.00468715 0.999987 0.00226626 -0.00252949 -0.00225474 0.999995 -0.0302678 -0.0286144 -0.543433
FixedParameters: 0 0 0

#Transform 161
Transform: AffineTransform_float_3_3
Parameters: 0.999985 -0.00458416 0.00277772 0.00457649 0.999986 0.00269733 -0.00279026 -0.00268467 0.999993 -0.0223315 -0.0326881 -0.522714
FixedParameters: 0 0 0

#Transform 162
Transform: AffineTransform_float_3_3
Parameters: 0.999985 -0.00460663 0.00272356 0.00460091 0.999987 0.00225114 -0.00273396 -0.00223886 0.999994 -0.0161229 -0.0258249 -0.519657
FixedParameters: 0 0 0

#Transform 163
Transform: AffineTransform_float_3_3
Parameters: 0.999986 -0.00471515 0.00246634 0.0047095 0.999987 0.00228392 -0.00247715 -0.00227208 0.999995 -0.014674 -0.0117142 -0.521277
FixedParameters: 0 0 0

#Transform 164
Transform: AffineTransform_float_3_3
Parameters: 0.999985 -0.00470935 0.00296057 0.00470374 0.999987 0.00198732 -0.00296987 -0.00197367 0.999993 -0.027376 -0.0254923 -0.548505
FixedParameters: 0 0 0

#Transform 165
Transform: AffineTransform_float_3_3
Parameters: 0.999985 -0.00461721 0.00290051 0.00461177 0.999988 0.00170713 -0.00290831 -0.00169387 0.999995 -0.0291923 -0.0208735 -0.533033
FixedParameters: 0 0 0

#Transform 166
Transform: AffineTransform_float_3_3
Parameters: 0.999984 -0.004943 0.0028001 0.004938 0.999986 0.00175807 -0.00280858 -0.00174393 0.999995 -0.0160466 -0.0259937 -0.568323
FixedParameters: 0 0 0

#Transform 167
Transform: AffineTransform_float_3_3
Parameters: 0.999983 -0.00485137 0.00305558 0.00484548 0.999987 0.001758 -0.00306374 -0.001744 0.999994 -0.0229137 -0.028488 -0.574567
FixedParameters: 0 0 0

#Transform 168
Transform: AffineTransform_float_3_3
Parameters: 0.999984 -0.00490774 0.00286259 0.00490437 0.999987 0.00152892 -0.00287002 -0.00151508 0.999994 -0.0226217 -0.0206288 -0.555726
FixedParameters: 0 0 0

#Transform 169
Transform: AffineTransform_float_3_3
Parameters: 0.999984 -0.00498352 0.00286458 0.004977 0.999985 0.00234815 -0.00287671 -0.00233385 0.999993 -0.00478191 -0.0189425 -0.548861
FixedParameters: 0 0 0

#Transform 170
Transform: AffineTransform_float_3_3
Parameters: 0.999983 -0.0051253 0.00252848 0.00511913 0.999983 0.00248453 -0.00254137 -0.00247146 0.999994 0.00525443 -0.0381673 -0.554917
FixedParameters: 0 0 0

#Transform 171
Transform: AffineTransform_float_3_3
Parameters: 0.999985 -0.00501437 0.00214803 0.00500958 0.999985 0.0022044 -0.00215903 -0.0021936 0.999995 0.00551011 -0.0269843 -0.535159
FixedParameters: 0 0 0

#Transform 172
Transform: AffineTransform_float_3_3
Parameters: 0.999984 -0.00510891 0.00217863 0.00510394 0.999984 0.00230476 -0.00219015 -0.00229324 0.999995 -0.00700032 -0.0226241 -0.525103
FixedParameters: 0 0 0

#Transform 173
Transform: AffineTransform_float_3_3
Parameters: 0.999983 -0.00524867 0.00223584 0.00524296 0.999983 0.00258565 -0.0022491 -0.00257435 0.999994 0.00440853 -0.0346437 -0.525224
FixedParameters: 0 0 0

#Transform 174
Transform: AffineTransform_float_3_3
Parameters: 0.999983 -0.00531116 0.00208745 0.00530551 0.999982 0.00293786 -0.00210293 -0.00292714 0.999993 0.00315395 -0.0342464 -0.532941
FixedParameters: 0 0 0

#Transform 175
Transform: AffineTransform_float_3_3
Parameters: 0.999981 -0.00571733 0.00202743 0.00571184 0.99998 0.00275985 -0.00204287 -0.00274815 0.999994 0.00211863 -0.0478032 -0.52579
FixedParameters: 0 0 0

#Transform 176
Transform: AffineTransform_float_3_3
Parameters: 0.999982 -0.00556297 0.00217202 0.0055551 0.999978 0.0035685 -0.00219099 -0.0035565 0.999991 0.00944534 -0.0285019 -0.490795
FixedParameters: 0 0 0

#Transform 177
Transform: AffineTransform_float_3_3
Parameters: 0.999984 -0.00540001 0.0019555 0.00539145 0.999977 0.00399855 -0.00197664 -0.00398745 0.99999 0.0242305 -0.0390968 -0.49079
FixedParameters: 0 0 0

#Transform 178
Transform: AffineTransform_float_3_3
Parameters: 0.999983 -0.00553949 0.00214787 0.00553259 0.999978 0.00359632 -0.00216738 -0.00358468 0.999991 0.0156808 -0.0343808 -0.517505
FixedParameters: 0 0 0

#Transform 179
Transform: AffineTransform_float_3_3
Parameters: 0.99998 -0.00581745 0.00271779 0.00580614 0.999976 0.00379846 -0.00273976 -0.00378254 0.999989 0.0107686 -0.0352177 -0.523936
FixedParameters: 0 0 0
