#Insight Transform File V1.0
#Transform 0
Transform: AffineTransform_float_3_3
Parameters: 1 -0.00089391 -0.000507731 0.000894255 0.999999 -0.000566095 0.000508352 0.000565906 1 0.0200933 0.0724383 0.409525
FixedParameters: 0 0 0

#Transform 1
Transform: AffineTransform_float_3_3
Parameters: 0.999999 0.00050807 0.000628746 -0.000508749 0.999999 0.00127268 -0.000627842 -0.00127332 0.999999 -0.006633 0.08187 -0.241304
FixedParameters: 0 0 0

#Transform 2
Transform: AffineTransform_float_3_3
Parameters: 1 0.000570318 0.000275747 -0.000570669 0.999998 0.00159884 -0.000275234 -0.00159916 0.999998 -0.00620139 0.102097 -0.300578
FixedParameters: 0 0 0

#Transform 3
Transform: AffineTransform_float_3_3
Parameters: 0.999999 0.000780438 0.00102844 -0.000782085 0.999998 0.00195441 -0.00102747 -0.0019546 0.999998 0.022805 0.123334 -0.306029
FixedParameters: 0 0 0

#Transform 4
Transform: AffineTransform_float_3_3
Parameters: 1 0.000845153 0.000527056 -0.000846638 0.999996 0.00241755 -0.000525588 -0.00241844 0.999997 -0.0219272 0.134715 -0.287152
FixedParameters: 0 0 0

#Transform 5
Transform: AffineTransform_float_3_3
Parameters: 1 0.000785325 0.000755094 -0.000787104 0.999997 0.00214061 -0.00075343 -0.00214039 0.999997 0.00345852 0.135127 -0.286481
FixedParameters: 0 0 0

#Transform 6
Transform: AffineTransform_float_3_3
Parameters: 0.999999 0.00088223 0.000985684 -0.000884643 0.999997 0.00242934 -0.000983484 -0.00242966 0.999997 0.00817012 0.144203 -0.264232
FixedParameters: 0 0 0

#Transform 7
Transform: AffineTransform_float_3_3
Parameters: 0.999999 0.000881814 0.000986055 -0.00088453 0.999995 0.00284949 -0.000984424 -0.00285051 0.999996 0.0131191 0.167638 -0.290405
FixedParameters: 0 0 0

#Transform 8
Transform: AffineTransform_float_3_3
Parameters: 1 0.000807048 0.000806736 -0.000809142 0.999998 0.0021992 -0.000804884 -0.0021998 0.999997 -0.013172 0.133893 -0.284233
FixedParameters: 0 0 0

#Transform 9
Transform: AffineTransform_float_3_3
Parameters: 1 0.000521708 0.000335356 -0.000522751 0.999998 0.00155882 -0.000333728 -0.00155917 0.999998 -0.00214458 0.120435 -0.261307
FixedParameters: 0 0 0

#Transform 10
Transform: AffineTransform_float_3_3
Parameters: 0.999999 0.000936436 0.00106981 -0.000938177 0.999998 0.00149136 -0.00106872 -0.00149264 0.999998 -0.00631935 0.115202 -0.239261
FixedParameters: 0 0 0

#Transform 11
Transform: AffineTransform_float_3_3
Parameters: 0.999999 0.00115639 0.000437495 -0.00115777 0.999998 0.00173634 -0.000435708 -0.00173666 0.999998 -0.0196584 0.120374 -0.248441
FixedParameters: 0 0 0

#Transform 12
Transform: AffineTransform_float_3_3
Parameters: 1 0.00119658 0.000257693 -0.00119695 0.999998 0.00174654 -0.000254824 -0.00174646 0.999999 -0.027406 0.128981 -0.320974
FixedParameters: 0 0 0

#Transform 13
Transform: AffineTransform_float_3_3
Parameters: 1 0.00105436 0.000560952 -0.00105528 0.999998 0.00176726 -0.000559846 -0.00176774 0.999998 -0.0235291 0.139657 -0.22934
FixedParameters: 0 0 0

#Transform 14
Transform: AffineTransform_float_3_3
Parameters: 0.999999 0.00113366 0.000592943 -0.00113517 0.999997 0.00216818 -0.000590645 -0.00216883 0.999998 -0.00947684 0.148844 -0.162066
FixedParameters: 0 0 0

#Transform 15
Transform: AffineTransform_float_3_3
Parameters: 0.999999 0.00123581 0.000655206 -0.00123677 0.999997 0.00225204 -0.00065265 -0.00225296 0.999997 -0.0280658 0.150088 -0.18026
FixedParameters: 0 0 0

#Transform 16
Transform: AffineTransform_float_3_3
Parameters: 0.999999 0.00107591 0.000826877 -0.00107772 0.999997 0.00229496 -0.000824947 -0.00229604 0.999997 0.00236289 0.148845 -0.230227
FixedParameters: 0 0 0

#Transform 17
Transform: AffineTransform_float_3_3
Parameters: 0.999999 0.00120964 0.000712375 -0.00121186 0.999998 0.00165899 -0.000710588 -0.00166001 0.999998 -0.0189493 0.128393 -0.252202
FixedParameters: 0 0 0

#Transform 18
Transform: AffineTransform_float_3_3
Parameters: 0.999999 0.00132949 0.000501686 -0.00133021 0.999998 0.00124318 -0.00049969 -0.00124382 0.999999 -0.0207507 0.0945303 -0.231982
FixedParameters: 0 0 0

#Transform 19
Transform: AffineTransform_float_3_3
Parameters: 0.999999 0.00150855 0.000928704 -0.00151113 0.999996 0.00224981 -0.000925842 -0.00225119 0.999998 -0.0299762 0.128947 -0.237016
FixedParameters: 0 0 0

#Transform 20
Transform: AffineTransform_float_3_3
Parameters: 0.999999 0.00120304 0.000254931 -0.00120338 0.999998 0.0017147 -0.000252115 -0.00171531 0.999999 -0.0292824 0.134155 -0.288104
FixedParameters: 0 0 0

#Transform 21
Transform: AffineTransform_float_3_3
Parameters: 0.999998 0.00146881 0.000859488 -0.00147033 0.999997 0.00203743 -0.000856511 -0.00203857 0.999997 -0.0217267 0.112605 -0.317678
FixedParameters: 0 0 0

#Transform 22
Transform: AffineTransform_float_3_3
Parameters: 0.999999 0.00122755 0.00062487 -0.00122908 0.999998 0.00207408 -0.000622396 -0.00207492 0.999998 -0.0398755 0.125299 -0.269014
FixedParameters: 0 0 0

#Transform 23
Transform: AffineTransform_float_3_3
Parameters: 0.999999 0.00121209 0.00084608 -0.00121439 0.999994 0.00307882 -0.000842012 -0.00308018 0.999994 -0.015282 0.165236 -0.368861
FixedParameters: 0 0 0

#Transform 24
Transform: AffineTransform_float_3_3
Parameters: 0.999999 0.00107845 0.00140248 -0.00108195 0.999994 0.00307885 -0.00139909 -0.00308115 0.999994 -0.024193 0.162734 -0.345052
FixedParameters: 0 0 0

#Transform 25
Transform: AffineTransform_float_3_3
Parameters: 1 0.000964446 0.000477784 -0.000965617 0.999997 0.00233839 -0.000475893 -0.00233861 0.999997 -0.0269893 0.12691 -0.396658
FixedParameters: 0 0 0

#Transform 26
Transform: AffineTransform_float_3_3
Parameters: 0.999999 0.001283 0.000911801 -0.00128536 0.999995 0.00317768 -0.000908353 -0.00317932 0.999995 -0.0282148 0.161253 -0.35644
FixedParameters: 0 0 0

#Transform 27
Transform: AffineTransform_float_3_3
Parameters: 0.999999 0.0010716 0.001122 -0.00107446 0.999996 0.00274701 -0.00111858 -0.002748 0.999996 -0.0199053 0.144292 -0.331929
FixedParameters: 0 0 0

#Transform 28
Transform: AffineTransform_float_3_3
Parameters: 0.999999 0.00121328 0.000429003 -0.00121399 0.999997 0.00206848 -0.000426604 -0.00206952 0.999999 -0.0310859 0.114183 -0.33605
FixedParameters: 0 0 0

#Transform 29
Transform: AffineTransform_float_3_3
Parameters: 0.999999 0.00129919 0.000634377 -0.00130104 0.999995 0.00271702 -0.000631244 -0.00271797 0.999996 -0.0363101 0.132584 -0.347986
FixedParameters: 0 0 0

#Transform 30
Transform: AffineTransform_float_3_3
Parameters: 0.999999 0.00113412 0.000978243 -0.00113597 0.999996 0.0024321 -0.000976125 -0.0024329 0.999997 -0.0212541 0.12857 -0.334292
FixedParameters: 0 0 0

#Transform 31
Transform: AffineTransform_float_3_3
Parameters: 1 0.000778963 0.000934954 -0.000781846 0.999996 0.00281263 -0.000932656 -0.00281337 0.999996 -0.0124524 0.155148 -0.357458
FixedParameters: 0 0 0

#Transform 32
Transform: AffineTransform_float_3_3
Parameters: 1 0.000849653 0.000829124 -0.000851995 0.999997 0.00260814 -0.000827699 -0.00260886 0.999996 -0.0247814 0.158184 -0.343923
FixedParameters: 0 0 0

#Transform 33
Transform: AffineTransform_float_3_3
Parameters: 0.999999 0.00133448 0.000715012 -0.00133543 0.999998 0.00167989 -0.000712228 -0.00168111 0.999998 -0.0433644 0.0887749 -0.359194
FixedParameters: 0 0 0

#Transform 34
Transform: AffineTransform_float_3_3
Parameters: 0.999998 0.00130593 0.00100957 -0.00131087 0.999989 0.00441489 -0.00100404 -0.00441611 0.99999 -0.0186228 0.220342 -0.306899
FixedParameters: 0 0 0

#Transform 35
Transform: AffineTransform_float_3_3
Parameters: 0.999999 0.00114079 0.000676361 -0.00114282 0.999995 0.00296808 -0.000672595 -0.00296892 0.999995 -0.0332932 0.146336 -0.334723
FixedParameters: 0 0 0

#Transform 36
Transform: AffineTransform_float_3_3
Parameters: 0.999999 0.00116498 0.000751911 -0.00116696 0.999995 0.00298813 -0.000749266 -0.00298988 0.999996 -0.03375 0.156848 -0.346022
FixedParameters: 0 0 0

#Transform 37
Transform: AffineTransform_float_3_3
Parameters: 0.999998 0.00142033 0.000920354 -0.00142161 0.999996 0.0022739 -0.000917294 -0.0022751 0.999997 -0.0337447 0.107269 -0.41268
FixedParameters: 0 0 0

#Transform 38
Transform: AffineTransform_float_3_3
Parameters: 0.999998 0.00152804 0.00117409 -0.00152959 0.999997 0.00189841 -0.00117168 -0.00190059 0.999998 -0.0319389 0.110089 -0.401498
FixedParameters: 0 0 0

#Transform 39
Transform: AffineTransform_float_3_3
Parameters: 0.999999 0.00103869 0.00090749 -0.00103992 0.999997 0.00198627 -0.000905453 -0.00198674 0.999998 -0.0232044 0.11934 -0.362704
FixedParameters: 0 0 0

#Transform 40
Transform: AffineTransform_float_3_3
Parameters: 0.999999 0.000993797 0.000971731 -0.00099521 0.999998 0.00147424 -0.0009705 -0.00147476 0.999998 -0.0136457 0.106836 -0.387838
FixedParameters: 0 0 0

#Transform 41
Transform: AffineTransform_float_3_3
Parameters: 0.999999 0.00123204 0.000792271 -0.00123421 0.999997 0.00204023 -0.000789862 -0.00204077 0.999998 -0.04267 0.147451 -0.334199
FixedParameters: 0 0 0

#Transform 42
Transform: AffineTransform_float_3_3
Parameters: 0.999998 0.00153332 0.000737828 -0.00153628 0.999992 0.00381157 -0.000732683 -0.00381243 0.999992 -0.0535504 0.229005 -0.303615
FixedParameters: 0 0 0

#Transform 43
Transform: AffineTransform_float_3_3
Parameters: 0.999999 0.0012051 0.000257097 -0.00120617 0.99999 0.00448018 -0.000251147 -0.00448082 0.99999 -0.0306423 0.234747 -0.307165
FixedParameters: 0 0 0

#Transform 44
Transform: AffineTransform_float_3_3
Parameters: 0.999999 0.00149265 0.000472693 -0.00149396 0.999992 0.00364499 -0.000467052 -0.00364501 0.999993 -0.0431117 0.197874 -0.322019
FixedParameters: 0 0 0

#Transform 45
Transform: AffineTransform_float_3_3
Parameters: 0.999999 0.00130859 0.000672788 -0.0013112 0.999992 0.00382497 -0.00066709 -0.00382603 0.999993 -0.041638 0.217337 -0.327684
FixedParameters: 0 0 0

#Transform 46
Transform: AffineTransform_float_3_3
Parameters: 0.999998 0.00145858 0.000610412 -0.00146155 0.999993 0.00343396 -0.000605237 -0.00343504 0.999994 -0.0399625 0.186863 -0.348492
FixedParameters: 0 0 0

#Transform 47
Transform: AffineTransform_float_3_3
Parameters: 1 0.00105072 0.000320209 -0.0010514 0.999995 0.00273167 -0.000317089 -0.00273233 0.999996 -0.0465194 0.168878 -0.302185
FixedParameters: 0 0 0

#Transform 48
Transform: AffineTransform_float_3_3
Parameters: 0.999999 0.00119851 0.000671541 -0.00119951 0.999995 0.00291005 -0.000667966 -0.00291096 0.999996 -0.0256424 0.162465 -0.373894
FixedParameters: 0 0 0

#Transform 49
Transform: AffineTransform_float_3_3
Parameters: 0.999999 0.00116468 0.000790069 -0.0011666 0.999995 0.00305693 -0.000786345 -0.00305807 0.999995 -0.0375706 0.178896 -0.355536
FixedParameters: 0 0 0

#Transform 50
Transform: AffineTransform_float_3_3
Parameters: 0.999999 0.000654593 0.000738639 -0.000656383 0.999998 0.00219452 -0.000737464 -0.00219549 0.999998 -0.0181894 0.122868 -0.378807
FixedParameters: 0 0 0

#Transform 51
Transform: AffineTransform_float_3_3
Parameters: 0.999999 0.000799813 0.000929282 -0.000802003 0.999997 0.00245646 -0.00092744 -0.00245654 0.999997 -0.0207002 0.140488 -0.399091
FixedParameters: 0 0 0

#Transform 52
Transform: AffineTransform_float_3_3
Parameters: 0.999999 0.000853061 0.00105303 -0.000854779 0.999998 0.00169146 -0.00105092 -0.00169254 0.999998 -0.00842438 0.135251 -0.344393
FixedParameters: 0 0 0

#Transform 53
Transform: AffineTransform_float_3_3
Parameters: 0.999999 0.000812886 0.000959474 -0.000815636 0.999997 0.00219058 -0.000957608 -0.00219142 0.999997 -0.0249851 0.145346 -0.362731
FixedParameters: 0 0 0

#Transform 54
Transform: AffineTransform_float_3_3
Parameters: 0.999999 0.000393956 0.000596799 -0.000394743 0.999998 0.00220397 -0.000595842 -0.00220303 0.999997 -0.022774 0.124843 -0.433333
FixedParameters: 0 0 0

#Transform 55
Transform: AffineTransform_float_3_3
Parameters: 0.999999 0.000655775 0.00110834 -0.000658943 0.999996 0.00267727 -0.00110599 -0.00267873 0.999996 -0.0343316 0.16339 -0.380555
FixedParameters: 0 0 0

#Transform 56
Transform: AffineTransform_float_3_3
Parameters: 1 0.000661945 0.00102546 -0.000665296 0.999996 0.00279168 -0.00102385 -0.00279232 0.999996 -0.02368 0.151982 -0.463412
FixedParameters: 0 0 0

#Transform 57
Transform: AffineTransform_float_3_3
Parameters: 0.999999 0.000839953 0.000998768 -0.000843845 0.999991 0.00406452 -0.000994798 -0.00406548 0.999991 -0.0303771 0.213451 -0.347909
FixedParameters: 0 0 0

#Transform 58
Transform: AffineTransform_float_3_3
Parameters: 0.999999 0.000828752 0.000976221 -0.000832224 0.999992 0.00373955 -0.000973804 -0.00374045 0.999993 -0.016185 0.208891 -0.395461
FixedParameters: 0 0 0

#Transform 59
Transform: AffineTransform_float_3_3
Parameters: 0.999999 0.00112941 0.000511231 -0.0011304 0.999993 0.00343127 -0.000507801 -0.00343173 0.999994 -0.0536709 0.197592 -0.357199
FixedParameters: 0 0 0

#Transform 60
Transform: AffineTransform_float_3_3
Parameters: 0.999999 0.000844578 0.00156703 -0.00084946 0.999996 0.00273403 -0.00156396 -0.00273597 0.999995 -0.0178455 0.160832 -0.364509
FixedParameters: 0 0 0

#Transform 61
Transform: AffineTransform_float_3_3
Parameters: 0.999999 0.00101929 0.00074101 -0.00102096 0.999998 0.00210825 -0.000738409 -0.00210976 0.999998 -0.051459 0.13121 -0.356754
FixedParameters: 0 0 0

#Transform 62
Transform: AffineTransform_float_3_3
Parameters: 0.999999 0.00123066 0.000750122 -0.00123194 0.999995 0.00279129 -0.000746652 -0.00279172 0.999996 -0.0506605 0.142379 -0.433886
FixedParameters: 0 0 0

#Transform 63
Transform: AffineTransform_float_3_3
Parameters: 1 0.000406676 0.00104509 -0.00040951 0.999997 0.00267757 -0.00104408 -0.00267843 0.999996 -0.000380296 0.16192 -0.422679
FixedParameters: 0 0 0

#Transform 64
Transform: AffineTransform_float_3_3
Parameters: 0.999999 0.000443455 0.000703998 -0.000444819 0.999998 0.00227769 -0.000702756 -0.00227831 0.999997 -0.0266867 0.145834 -0.393854
FixedParameters: 0 0 0

#Transform 65
Transform: AffineTransform_float_3_3
Parameters: 0.999999 0.00082858 0.00104874 -0.000831892 0.999995 0.00315234 -0.00104599 -0.00315266 0.999994 -0.0334037 0.192458 -0.346548
FixedParameters: 0 0 0

#Transform 66
Transform: AffineTransform_float_3_3
Parameters: 1 0.000544836 0.00106289 -0.000547893 0.999995 0.00317278 -0.00106099 -0.00317322 0.999995 -0.019498 0.196781 -0.356711
FixedParameters: 0 0 0

#Transform 67
Transform: AffineTransform_float_3_3
Parameters: 0.999999 0.00101245 0.000923632 -0.00101536 0.999995 0.00315027 -0.000920647 -0.00315073 0.999995 -0.0532229 0.201399 -0.368444
FixedParameters: 0 0 0

#Transform 68
Transform: AffineTransform_float_3_3
Parameters: 0.999999 0.000823737 0.000943202 -0.000826568 0.999996 0.00276143 -0.000940737 -0.00276157 0.999996 -0.0299238 0.176548 -0.39304
FixedParameters: 0 0 0

#Transform 69
Transform: AffineTransform_float_3_3
Parameters: 0.999999 0.00072756 0.00103356 -0.000729095 0.999997 0.00252646 -0.00103144 -0.00252655 0.999996 -0.0256196 0.157321 -0.410632
FixedParameters: 0 0 0

#Transform 70
Transform: AffineTransform_float_3_3
Parameters: 1 0.000464292 0.000843918 -0.000467001 0.999997 0.00246497 -0.000843325 -0.00246503 0.999997 -0.0161382 0.167689 -0.355912
FixedParameters: 0 0 0

#Transform 71
Transform: AffineTransform_float_3_3
Parameters: 0.999999 0.000586959 0.0012567 -0.000590958 0.999997 0.00269162 -0.0012547 -0.00269238 0.999996 -0.0219552 0.17015 -0.368698
FixedParameters: 0 0 0

#Transform 72
Transform: AffineTransform_float_3_3
Parameters: 0.999999 0.000273017 0.000994068 -0.000275261 0.999998 0.00205509 -0.000993722 -0.00205491 0.999998 0.00532337 0.123578 -0.668386
FixedParameters: 0 0 0

#Transform 73
Transform: AffineTransform_float_3_3
Parameters: 0.999999 0.000425964 0.00119106 -0.000429391 0.999996 0.00259885 -0.00119001 -0.00259915 0.999996 0.0170741 0.152087 -0.722639
FixedParameters: 0 0 0

#Transform 74
Transform: AffineTransform_float_3_3
Parameters: 1 0.000473 0.000984562 -0.000475307 0.999997 0.00210789 -0.000983344 -0.00210811 0.999997 -0.0130069 0.166 -0.513637
FixedParameters: 0 0 0

#Transform 75
Transform: AffineTransform_float_3_3
Parameters: 1 0.00072912 0.000801992 -0.000731768 0.999995 0.00313378 -0.000799506 -0.00313423 0.999995 -0.0188505 0.196956 -0.570021
FixedParameters: 0 0 0

#Transform 76
Transform: AffineTransform_float_3_3
Parameters: 0.999999 0.000396256 0.00131205 -0.00040009 0.999996 0.00286484 -0.00131134 -0.00286516 0.999995 -0.00857112 0.182674 -0.555765
FixedParameters: 0 0 0

#Transform 77
Transform: AffineTransform_float_3_3
Parameters: 1 0.000711994 0.000992465 -0.000714877 0.999996 0.00284765 -0.000989574 -0.00284835 0.999996 -0.0215338 0.201219 -0.490937
FixedParameters: 0 0 0

#Transform 78
Transform: AffineTransform_float_3_3
Parameters: 1 0.000338032 0.00060846 -0.000338974 0.999998 0.0022888 -0.000607692 -0.00228921 0.999997 -0.0188997 0.154568 -0.490728
FixedParameters: 0 0 0

#Transform 79
Transform: AffineTransform_float_3_3
Parameters: 0.999998 0.000139212 0.00162362 -0.000142481 0.999997 0.00209828 -0.00162236 -0.00209871 0.999996 0.002856 0.148171 -0.428164
FixedParameters: 0 0 0

#Transform 80
Transform: AffineTransform_float_3_3
Parameters: 0.999999 0.000198655 0.00176555 -0.000202463 0.999997 0.00234316 -0.00176433 -0.00234384 0.999996 0.0135519 0.15798 -0.426067
FixedParameters: 0 0 0

#Transform 81
Transform: AffineTransform_float_3_3
Parameters: 0.999999 0.000108246 0.00145538 -0.000111452 0.999998 0.00218399 -0.00145515 -0.00218501 0.999996 0.0196584 0.138206 -0.473974
FixedParameters: 0 0 0

#Transform 82
Transform: AffineTransform_float_3_3
Parameters: 0.999998 0.000947068 0.00185259 -0.000951538 0.999997 0.00244981 -0.00184989 -0.00245119 0.999995 -0.0116906 0.162505 -0.389407
FixedParameters: 0 0 0

#Transform 83
Transform: AffineTransform_float_3_3
Parameters: 0.999998 0.000622613 0.00218588 -0.000627648 0.999997 0.00220471 -0.00218508 -0.00220529 0.999995 0.00628857 0.150943 -0.441671
FixedParameters: 0 0 0

#Transform 84
Transform: AffineTransform_float_3_3
Parameters: 0.999998 0.000265176 0.00199867 -0.000271279 0.999996 0.00300598 -0.00199848 -0.00300702 0.999993 0.0150229 0.185611 -0.459571
FixedParameters: 0 0 0

#Transform 85
Transform: AffineTransform_float_3_3
Parameters: 0.999998 5.94496e-05 0.0018911 -6.51827e-05 0.999996 0.0029394 -0.00189085 -0.00293961 0.999994 0.0243252 0.184203 -0.465448
FixedParameters: 0 0 0

#Transform 86
Transform: AffineTransform_float_3_3
Parameters: 0.999998 0.000450295 0.00186985 -0.000455373 0.999997 0.00269351 -0.00186845 -0.00269449 0.999994 0.0221615 0.176955 -0.463215
FixedParameters: 0 0 0

#Transform 87
Transform: AffineTransform_float_3_3
Parameters: 0.999999 0.000340313 0.00183145 -0.000346075 0.999996 0.00293709 -0.00183046 -0.00293691 0.999994 0.00788458 0.176749 -0.466484
FixedParameters: 0 0 0

#Transform 88
Transform: AffineTransform_float_3_3
Parameters: 0.999999 0.000408364 0.00168652 -0.000414409 0.999994 0.00354703 -0.00168502 -0.00354697 0.999992 0.012553 0.223416 -0.52431
FixedParameters: 0 0 0

#Transform 89
Transform: AffineTransform_float_3_3
Parameters: 0.999999 0.000829844 0.00117842 -0.000834193 0.999994 0.00324523 -0.00117551 -0.00324577 0.999994 0.00477942 0.200364 -0.788321
FixedParameters: 0 0 0

#Transform 90
Transform: AffineTransform_float_3_3
Parameters: 0.999999 0.000469646 0.00133015 -0.000471015 1 0.00100774 -0.00132867 -0.00100827 0.999999 -0.0134013 0.0810569 -0.57082
FixedParameters: 0 0 0

#Transform 91
Transform: AffineTransform_float_3_3
Parameters: 0.999999 0.000818631 0.000997716 -0.000822631 0.999994 0.00346239 -0.000995437 -0.00346261 0.999994 -0.0293207 0.206872 -0.506789
FixedParameters: 0 0 0

#Transform 92
Transform: AffineTransform_float_3_3
Parameters: 0.999999 0.000501881 0.00139348 -0.0005057 0.999997 0.00236166 -0.00139228 -0.00236234 0.999996 -0.0109654 0.172443 -0.45394
FixedParameters: 0 0 0

#Transform 93
Transform: AffineTransform_float_3_3
Parameters: 1 0.000355146 0.000895368 -0.000356901 0.999998 0.00200904 -0.000894719 -0.00200896 0.999998 -0.00910302 0.191821 -0.357148
FixedParameters: 0 0 0

#Transform 94
Transform: AffineTransform_float_3_3
Parameters: 0.999999 0.000416785 0.00152016 -0.000423159 0.999992 0.00404372 -0.00151818 -0.00404428 0.99999 0.0137361 0.262711 -0.539406
FixedParameters: 0 0 0

#Transform 95
Transform: AffineTransform_float_3_3
Parameters: 0.999996 0.000337102 0.00285568 -0.000349803 0.99999 0.00452441 -0.00285489 -0.0045256 0.999986 0.0655038 0.27717 -0.743819
FixedParameters: 0 0 0

#Transform 96
Transform: AffineTransform_float_3_3
Parameters: 0.999996 0.000551533 0.00249698 -0.000561983 0.999991 0.00435685 -0.00249367 -0.00435816 0.999988 0.0553598 0.282366 -0.644601
FixedParameters: 0 0 0

#Transform 97
Transform: AffineTransform_float_3_3
Parameters: 0.999997 0.00095856 0.00193152 -0.000966551 0.999992 0.00387586 -0.0019281 -0.00387814 0.999991 -0.0089397 0.266802 -0.489002
FixedParameters: 0 0 0

#Transform 98
Transform: AffineTransform_float_3_3
Parameters: 0.999999 0.000728065 0.00138299 -0.000733917 0.999992 0.00397435 -0.00138044 -0.00397565 0.999991 0.00807494 0.276625 -0.428577
FixedParameters: 0 0 0

#Transform 99
Transform: AffineTransform_float_3_3
Parameters: 0.999998 0.000753766 0.00190795 -0.000761565 0.999991 0.00421728 -0.00190508 -0.00421873 0.999989 0.00762805 0.298279 -0.378492
FixedParameters: 0 0 0

#Transform 100
Transform: AffineTransform_float_3_3
Parameters: 0.999998 0.000329917 0.0022819 -0.000339822 0.99999 0.00444526 -0.00228007 -0.00444674 0.999987 0.030655 0.274412 -0.506429
FixedParameters: 0 0 0

#Transform 101
Transform: AffineTransform_float_3_3
Parameters: 0.999997 0.000418364 0.00242169 -0.000428857 0.999991 0.00422921 -0.00242018 -0.00422979 0.999988 0.0197572 0.277123 -0.493419
FixedParameters: 0 0 0

#Transform 102
Transform: AffineTransform_float_3_3
Parameters: 0.999998 0.000575264 0.00221822 -0.000584173 0.999991 0.00405395 -0.00221519 -0.00405505 0.99999 0.0134324 0.26883 -0.478313
FixedParameters: 0 0 0

#Transform 103
Transform: AffineTransform_float_3_3
Parameters: 0.999998 0.00100471 0.00164527 -0.00101076 0.999993 0.00368207 -0.00164151 -0.00368394 0.999992 -0.0129179 0.24072 -0.511429
FixedParameters: 0 0 0

#Transform 104
Transform: AffineTransform_float_3_3
Parameters: 0.999998 0.000853338 0.00216984 -0.000862394 0.999992 0.00399822 -0.00216649 -0.00399978 0.99999 -0.00751046 0.261149 -0.465602
FixedParameters: 0 0 0

#Transform 105
Transform: AffineTransform_float_3_3
Parameters: 0.999998 0.00056079 0.00227535 -0.000569494 0.999992 0.00381995 -0.00227363 -0.00382105 0.99999 0.0247586 0.25202 -0.455373
FixedParameters: 0 0 0

#Transform 106
Transform: AffineTransform_float_3_3
Parameters: 0.999996 0.000350803 0.00257708 -0.000361012 0.999992 0.00399531 -0.00257538 -0.00399568 0.999988 0.0280644 0.256629 -0.415867
FixedParameters: 0 0 0

#Transform 107
Transform: AffineTransform_float_3_3
Parameters: 0.999998 0.000680415 0.00218501 -0.0006879 0.999993 0.00369922 -0.00218255 -0.00370077 0.99999 0.0127578 0.258786 -0.453495
FixedParameters: 0 0 0

#Transform 108
Transform: AffineTransform_float_3_3
Parameters: 0.999997 0.000952153 0.00229755 -0.000960967 0.999993 0.00372288 -0.00229394 -0.00372512 0.99999 0.00240931 0.249468 -0.505555
FixedParameters: 0 0 0

#Transform 109
Transform: AffineTransform_float_3_3
Parameters: 0.999997 0.00122982 0.00218101 -0.00123784 0.999991 0.00407324 -0.00217618 -0.00407576 0.999989 0.0133903 0.268319 -0.518509
FixedParameters: 0 0 0

#Transform 110
Transform: AffineTransform_float_3_3
Parameters: 0.999997 0.000812844 0.00235606 -0.00082097 0.999992 0.00376231 -0.0023529 -0.00376469 0.99999 0.0162191 0.261542 -0.514593
FixedParameters: 0 0 0

#Transform 111
Transform: AffineTransform_float_3_3
Parameters: 0.999996 0.000338552 0.00255517 -0.000348204 0.999993 0.00392036 -0.00255362 -0.00392065 0.999989 0.0158977 0.280066 -0.473823
FixedParameters: 0 0 0

#Transform 112
Transform: AffineTransform_float_3_3
Parameters: 0.999997 0.000259737 0.00266577 -0.000268025 0.999995 0.00332868 -0.00266477 -0.00332932 0.999991 0.0445229 0.251543 -0.490859
FixedParameters: 0 0 0

#Transform 113
Transform: AffineTransform_float_3_3
Parameters: 0.999997 0.000723008 0.00239407 -0.000729469 0.999996 0.00277734 -0.00239185 -0.00277866 0.999993 -0.00955762 0.240178 -0.473218
FixedParameters: 0 0 0

#Transform 114
Transform: AffineTransform_float_3_3
Parameters: 0.999997 0.00110012 0.00223549 -0.0011094 0.99999 0.00434482 -0.00223018 -0.00434618 0.999988 0.000711292 0.294649 -0.439916
FixedParameters: 0 0 0

#Transform 115
Transform: AffineTransform_float_3_3
Parameters: 0.999997 0.000792005 0.00236477 -0.000801309 0.999992 0.0039982 -0.00236138 -0.0039998 0.999989 0.0176145 0.291898 -0.479266
FixedParameters: 0 0 0

#Transform 116
Transform: AffineTransform_float_3_3
Parameters: 0.999996 0.000773608 0.00253195 -0.000783616 0.999992 0.00387226 -0.0025289 -0.00387474 0.999989 0.0240344 0.291788 -0.465239
FixedParameters: 0 0 0

#Transform 117
Transform: AffineTransform_float_3_3
Parameters: 0.999997 0.000878534 0.0023284 -0.000888751 0.999989 0.00445518 -0.0023239 -0.00445782 0.999988 -0.00599461 0.314224 -0.474968
FixedParameters: 0 0 0

#Transform 118
Transform: AffineTransform_float_3_3
Parameters: 0.999997 0.000635114 0.0024306 -0.000644834 0.999991 0.00405567 -0.00242747 -0.00405732 0.999989 0.0127571 0.303143 -0.426166
FixedParameters: 0 0 0

#Transform 119
Transform: AffineTransform_float_3_3
Parameters: 0.999996 0.000436477 0.00251387 -0.000446345 0.999991 0.00421112 -0.00251169 -0.00421188 0.999988 0.012106 0.293827 -0.445727
FixedParameters: 0 0 0

#Transform 120
Transform: AffineTransform_float_3_3
Parameters: 0.999997 0.000599874 0.00244552 -0.000608276 0.999993 0.00376075 -0.00244304 -0.00376224 0.99999 0.0109248 0.278002 -0.443923
FixedParameters: 0 0 0

#Transform 121
Transform: AffineTransform_float_3_3
Parameters: 0.999997 0.000597524 0.00244609 -0.000608786 0.999988 0.00472176 -0.00244324 -0.00472324 0.999986 0.00983684 0.317963 -0.457977
FixedParameters: 0 0 0

#Transform 122
Transform: AffineTransform_float_3_3
Parameters: 0.999997 0.000598233 0.00244592 -0.000608078 0.99999 0.00443176 -0.00244342 -0.00443324 0.999987 0.0182617 0.302638 -0.498818
FixedParameters: 0 0 0

#Transform 123
Transform: AffineTransform_float_3_3
Parameters: 0.999996 0.000620418 0.00249641 -0.000629794 0.999991 0.00406403 -0.00249379 -0.00406497 0.999989 -0.000475878 0.297785 -0.442606
FixedParameters: 0 0 0

#Transform 124
Transform: AffineTransform_float_3_3
Parameters: 0.999996 0.000643017 0.00254884 -0.000653052 0.999992 0.00385194 -0.00254683 -0.00385306 0.999989 0.00325072 0.281798 -0.453752
FixedParameters: 0 0 0

#Transform 125
Transform: AffineTransform_float_3_3
Parameters: 0.999997 -0.000517552 0.00240342 0.000510572 0.999997 0.0027349 -0.0024045 -0.0027331 0.999993 0.0774067 0.202382 -0.58164
FixedParameters: 0 0 0

#Transform 126
Transform: AffineTransform_float_3_3
Parameters: 0.999997 -0.000205922 0.0023444 0.00020005 0.999998 0.0022045 -0.00234501 -0.0022035 0.999995 0.0468668 0.195772 -0.539923
FixedParameters: 0 0 0

#Transform 127
Transform: AffineTransform_float_3_3
Parameters: 0.999998 0.000163704 0.00230394 -0.000173411 0.999991 0.00435864 -0.00230362 -0.00435937 0.999988 0.0138006 0.310042 -0.396315
FixedParameters: 0 0 0

#Transform 128
Transform: AffineTransform_float_3_3
Parameters: 0.999998 0.00025312 0.00224582 -0.000263373 0.999991 0.00438929 -0.00224431 -0.00438971 0.999988 0.0115997 0.318731 -0.413215
FixedParameters: 0 0 0

#Transform 129
Transform: AffineTransform_float_3_3
Parameters: 0.999997 0.000501458 0.00262354 -0.00051559 0.999985 0.00555005 -0.00262099 -0.00555195 0.999982 0.0418417 0.389365 -0.548238
FixedParameters: 0 0 0

#Transform 130
Transform: AffineTransform_float_3_3
Parameters: 0.999998 0.00127234 0.00114727 -0.00127957 0.999974 0.00714475 -0.00113832 -0.00714626 0.999974 0.00207953 0.44452 -0.5876
FixedParameters: 0 0 0

#Transform 131
Transform: AffineTransform_float_3_3
Parameters: 0.999997 0.00107515 0.00188306 -0.00108561 0.999984 0.00561569 -0.00187653 -0.00561831 0.999983 0.00982004 0.387657 -0.472327
FixedParameters: 0 0 0

#Transform 132
Transform: AffineTransform_float_3_3
Parameters: 0.999997 0.00119019 0.00221529 -0.0012016 0.999986 0.00519364 -0.00220886 -0.00519536 0.999984 0.00730469 0.368881 -0.449199
FixedParameters: 0 0 0

#Transform 133
Transform: AffineTransform_float_3_3
Parameters: 0.999998 0.000886054 0.00215933 -0.000897377 0.999986 0.00518415 -0.00215478 -0.00518584 0.999984 0.00797209 0.362974 -0.418649
FixedParameters: 0 0 0

#Transform 134
Transform: AffineTransform_float_3_3
Parameters: 0.999998 0.00112632 0.0020556 -0.0011375 0.999985 0.00531776 -0.00204917 -0.00532024 0.999984 0.00184021 0.356667 -0.476928
FixedParameters: 0 0 0

#Transform 135
Transform: AffineTransform_float_3_3
Parameters: 0.999998 0.000779969 0.00180806 -0.000790025 0.999985 0.0053323 -0.0018036 -0.0053337 0.999984 0.00561333 0.371896 -0.509688
FixedParameters: 0 0 0

#Transform 136
Transform: AffineTransform_float_3_3
Parameters: 0.999998 0.000470022 0.00205929 -0.000479766 0.999989 0.0047929 -0.00205681 -0.00479411 0.999987 0.0199988 0.36217 -0.404817
FixedParameters: 0 0 0

#Transform 137
Transform: AffineTransform_float_3_3
Parameters: 0.999998 0.000543452 0.00186067 -0.000551103 0.999992 0.0040357 -0.00185938 -0.0040363 0.99999 -0.0188391 0.324466 -0.360232
FixedParameters: 0 0 0

#Transform 138
Transform: AffineTransform_float_3_3
Parameters: 0.999999 0.00017789 0.00181611 -0.000187818 0.999987 0.00508518 -0.00181462 -0.00508582 0.999985 -9.00015e-05 0.356503 -0.4509
FixedParameters: 0 0 0

#Transform 139
Transform: AffineTransform_float_3_3
Parameters: 0.999997 0.000920829 0.00220332 -0.000930576 0.999988 0.00472204 -0.00219927 -0.00472396 0.999986 -0.0140529 0.342802 -0.382806
FixedParameters: 0 0 0

#Transform 140
Transform: AffineTransform_float_3_3
Parameters: 0.999998 0.000262039 0.0020641 -0.000272127 0.999989 0.00464032 -0.00206329 -0.00464068 0.999987 0.0326441 0.366205 -0.366999
FixedParameters: 0 0 0

#Transform 141
Transform: AffineTransform_float_3_3
Parameters: 0.999997 0.000572537 0.00267644 -0.000585828 0.999987 0.00511204 -0.00267323 -0.00511296 0.999983 0.0300097 0.377605 -0.389901
FixedParameters: 0 0 0

#Transform 142
Transform: AffineTransform_float_3_3
Parameters: 0.999998 -4.57122e-05 0.00194223 3.59029e-05 0.999987 0.00505974 -0.00194248 -0.00506025 0.999985 0.00953182 0.382085 -0.377739
FixedParameters: 0 0 0

#Transform 143
Transform: AffineTransform_float_3_3
Parameters: 0.999998 0.000316273 0.00164038 -0.000322724 0.999992 0.00417084 -0.00163861 -0.00417117 0.99999 -0.00838455 0.351414 -0.334495
FixedParameters: 0 0 0

#Transform 144
Transform: AffineTransform_float_3_3
Parameters: 0.999997 0.000520911 0.00209693 -0.000528542 0.999994 0.00366962 -0.00209528 -0.00367038 0.999991 0.00555441 0.340145 -0.305097
FixedParameters: 0 0 0

#Transform 145
Transform: AffineTransform_float_3_3
Parameters: 0.999999 0.000243939 0.000915006 -0.00024698 0.999995 0.00317077 -0.000914621 -0.00317122 0.999994 0.00946511 0.302802 -0.271756
FixedParameters: 0 0 0

#Transform 146
Transform: AffineTransform_float_3_3
Parameters: 0.999998 -0.000204249 0.00173631 0.000198954 0.999996 0.0029225 -0.00173629 -0.0029225 0.999994 0.0285213 0.293261 -0.186271
FixedParameters: 0 0 0

#Transform 147
Transform: AffineTransform_float_3_3
Parameters: 0.999999 -0.000713403 0.00164949 0.000707888 0.999994 0.00337812 -0.00165125 -0.00337788 0.999993 0.0575465 0.295813 -0.224034
FixedParameters: 0 0 0

#Transform 148
Transform: AffineTransform_float_3_3
Parameters: 0.999998 -0.000166857 0.00196144 0.000159121 0.999992 0.00401319 -0.00196181 -0.00401181 0.99999 0.0448569 0.350063 -0.0589926
FixedParameters: 0 0 0

#Transform 149
Transform: AffineTransform_float_3_3
Parameters: 0.999998 -0.000599815 0.00192439 0.000590967 0.999989 0.00457981 -0.00192706 -0.00457819 0.999988 0.0629823 0.335913 -0.137937
FixedParameters: 0 0 0

#Transform 150
Transform: AffineTransform_float_3_3
Parameters: 0.999997 1.7075e-06 0.00221823 -9.9663e-06 0.999992 0.00399286 -0.00221894 -0.00399214 0.999989 0.0334696 0.293772 -0.131422
FixedParameters: 0 0 0

#Transform 151
Transform: AffineTransform_float_3_3
Parameters: 0.999998 8.49695e-05 0.00205431 -9.23674e-05 0.999993 0.00387833 -0.00205399 -0.00387867 0.99999 0.0360675 0.316477 -0.183142
FixedParameters: 0 0 0

#Transform 152
Transform: AffineTransform_float_3_3
Parameters: 0.999999 0.0003317 0.00168089 -0.000336693 0.999995 0.00324516 -0.00168014 -0.00324484 0.999993 0.0155318 0.282595 -0.18943
FixedParameters: 0 0 0

#Transform 153
Transform: AffineTransform_float_3_3
Parameters: 0.999998 -0.000609738 0.00217587 0.000603794 0.999995 0.00308363 -0.00217736 -0.00308237 0.999992 0.0917926 0.288491 -0.188192
FixedParameters: 0 0 0

#Transform 154
Transform: AffineTransform_float_3_3
Parameters: 0.999998 -0.000498805 0.00225 0.000492279 0.999996 0.00281993 -0.00225106 -0.00281907 0.999994 0.0851855 0.286041 -0.154916
FixedParameters: 0 0 0

#Transform 155
Transform: AffineTransform_float_3_3
Parameters: 0.999997 -0.00112886 0.00244148 0.0011207 0.999994 0.00336 -0.00244494 -0.003358 0.999991 0.0946049 0.299875 -0.140665
FixedParameters: 0 0 0

#Transform 156
Transform: AffineTransform_float_3_3
Parameters: 0.999996 -0.00115839 0.00237212 0.00114977 0.999993 0.0035552 -0.00237622 -0.0035518 0.999991 0.0964737 0.306602 -0.172136
FixedParameters: 0 0 0

#Transform 157
Transform: AffineTransform_float_3_3
Parameters: 0.999997 -0.00112992 0.00244099 0.00112095 0.999992 0.00379521 -0.0024449 -0.00379179 0.99999 0.10077 0.347246 -0.10194
FixedParameters: 0 0 0

#Transform 158
Transform: AffineTransform_float_3_3
Parameters: 0.999996 -0.00109476 0.00252334 0.00108616 0.999993 0.00352321 -0.00252731 -0.00351979 0.99999 0.0939501 0.324935 -0.115208
FixedParameters: 0 0 0

#Transform 159
Transform: AffineTransform_float_3_3
Parameters: 0.999997 -0.00122585 0.00221098 0.00121907 0.999994 0.00340081 -0.00221519 -0.0033982 0.999992 0.0855232 0.309738 -0.196317
FixedParameters: 0 0 0

#Transform 160
Transform: AffineTransform_float_3_3
Parameters: 0.999996 -0.000673082 0.00254183 0.000664974 0.999995 0.00324531 -0.00254431 -0.00324469 0.999991 0.0796554 0.319042 -0.16877
FixedParameters: 0 0 0

#Transform 161
Transform: AffineTransform_float_3_3
Parameters: 0.999995 -0.00120381 0.00290806 0.00119447 0.999994 0.00334025 -0.00291275 -0.00333675 0.99999 0.101269 0.299506 -0.136366
FixedParameters: 0 0 0

#Transform 162
Transform: AffineTransform_float_3_3
Parameters: 0.999998 -0.000971052 0.00166213 0.000965837 0.999995 0.00286792 -0.00166518 -0.00286608 0.999995 0.0843975 0.28436 -0.239871
FixedParameters: 0 0 0

#Transform 163
Transform: AffineTransform_float_3_3
Parameters: 0.999998 -0.000736466 0.00183481 0.000731276 0.999996 0.00273565 -0.00183763 -0.00273435 0.999995 0.0579247 0.293591 -0.20725
FixedParameters: 0 0 0

#Transform 164
Transform: AffineTransform_float_3_3
Parameters: 0.999996 -0.00109494 0.00252176 0.00108624 0.999994 0.00328336 -0.00252574 -0.00328063 0.999991 0.102669 0.307155 -0.191896
FixedParameters: 0 0 0

#Transform 165
Transform: AffineTransform_float_3_3
Parameters: 0.999997 -0.00128624 0.00206586 0.00127991 0.999994 0.00298875 -0.00206956 -0.00298625 0.999993 0.086101 0.31114 -0.185686
FixedParameters: 0 0 0

#Transform 166
Transform: AffineTransform_float_3_3
Parameters: 0.999996 -0.00119411 0.00228295 0.00118801 0.999996 0.00257118 -0.00228603 -0.00256782 0.999994 0.0876372 0.2828 -0.199319
FixedParameters: 0 0 0

#Transform 167
Transform: AffineTransform_float_3_3
Parameters: 0.999996 -0.000990535 0.00261013 0.000982471 0.999996 0.00280019 -0.002613 -0.00279781 0.999993 0.0906563 0.298621 -0.167339
FixedParameters: 0 0 0

#Transform 168
Transform: AffineTransform_float_3_3
Parameters: 0.999996 -0.00102568 0.00268206 0.00101899 0.999996 0.00247035 -0.00268446 -0.00246765 0.999993 0.0953023 0.289755 -0.137287
FixedParameters: 0 0 0

#Transform 169
Transform: AffineTransform_float_3_3
Parameters: 0.999996 -0.00106681 0.00258593 0.00106044 0.999996 0.00275236 -0.00258861 -0.00274964 0.999993 0.108688 0.302145 -0.186815
FixedParameters: 0 0 0

#Transform 170
Transform: AffineTransform_float_3_3
Parameters: 0.999997 -0.00128541 0.00206637 0.00128035 0.999995 0.00258775 -0.00206997 -0.00258525 0.999994 0.0829788 0.299056 -0.171991
FixedParameters: 0 0 0

#Transform 171
Transform: AffineTransform_float_3_3
Parameters: 0.999995 -0.00122919 0.00273204 0.00122144 0.999995 0.00292875 -0.00273511 -0.00292625 0.999992 0.114464 0.307234 -0.189992
FixedParameters: 0 0 0

#Transform 172
Transform: AffineTransform_float_3_3
Parameters: 0.999997 -0.00119919 0.0020287 0.00119299 0.999994 0.00323653 -0.00203287 -0.00323447 0.999993 0.122081 0.325921 -0.259949
FixedParameters: 0 0 0

#Transform 173
Transform: AffineTransform_float_3_3
Parameters: 0.999995 -0.00226936 0.00247149 0.00225586 0.999983 0.00547393 -0.00248465 -0.00546907 0.999982 0.148385 0.422804 -0.247521
FixedParameters: 0 0 0

#Transform 174
Transform: AffineTransform_float_3_3
Parameters: 0.999994 -0.00180941 0.00291859 0.00180052 0.999993 0.00300447 -0.00292441 -0.00299953 0.999991 0.170635 0.312134 -0.16357
FixedParameters: 0 0 0

#Transform 175
Transform: AffineTransform_float_3_3
Parameters: 0.999994 -0.00159927 0.00301107 0.00159058 0.999994 0.00309736 -0.00301539 -0.00309264 0.999991 0.153322 0.322445 -0.160967
FixedParameters: 0 0 0

#Transform 176
Transform: AffineTransform_float_3_3
Parameters: 0.999997 -0.0011955 0.00202529 0.00118694 0.99999 0.00414887 -0.00203107 -0.00414613 0.99999 0.134883 0.373762 -0.251278
FixedParameters: 0 0 0

#Transform 177
Transform: AffineTransform_float_3_3
Parameters: 0.999997 -0.00095903 0.00227396 0.000946658 0.999985 0.00539663 -0.00227855 -0.00539437 0.999983 0.149904 0.432653 -0.288546
FixedParameters: 0 0 0

#Transform 178
Transform: AffineTransform_float_3_3
Parameters: 0.999997 -0.00114615 0.0021418 0.00113823 0.999992 0.00386491 -0.00214561 -0.00386209 0.999991 0.131923 0.376335 -0.220967
FixedParameters: 0 0 0

#Transform 179
Transform: AffineTransform_float_3_3
Parameters: 0.999995 -0.00134691 0.00266782 0.00133648 0.999993 0.00374783 -0.00267325 -0.00374417 0.999989 0.11994 0.354992 -0.137015
FixedParameters: 0 0 0
