# transform file /out/sourcedata/freesurfer/sub-v1s10x0051123_ses-1/mri/transforms/cc_up.lta
# created by oesteban on Thu Mar 12 10:06:15 2026

type      = 0 # LINEAR_VOX_TO_VOX
nxforms   = 1
mean      = 131.0000 141.0000 126.0000
sigma     = 10000.0000
1 4 4
9.901298880577087e-01 4.869860783219337e-02 1.314209103584290e-01 -2.220460510253906e+01 
-4.827521741390228e-02 9.988136291503906e-01 -6.407617125660181e-03 1.222608184814453e+01 
-1.315770298242569e-01 0.000000000000000e+00 9.913060069084167e-01 2.826248168945312e+01 
0.000000000000000e+00 0.000000000000000e+00 0.000000000000000e+00 1.000000000000000e+00 
src volume info
valid = 1  # volume info valid
filename = /out/sourcedata/freesurfer/sub-v1s10x0051123_ses-1/mri/norm.mgz
volume = 256 256 256
voxelsize = 1.000000000000000e+00 1.000000000000000e+00 1.000000000000000e+00
xras   = -1.000000000000000e+00 0.000000000000000e+00 0.000000000000000e+00
yras   = 0.000000000000000e+00 0.000000000000000e+00 -1.000000000000000e+00
zras   = 0.000000000000000e+00 1.000000000000000e+00 0.000000000000000e+00
cras   = -9.455360412597656e+00 1.000000000000000e+00 -4.457855224609375e-01
dst volume info
valid = 1  # volume info valid
filename = /out/sourcedata/freesurfer/sub-v1s10x0051123_ses-1/mri/norm.mgz
volume = 256 256 256
voxelsize = 1.000000000000000e+00 1.000000000000000e+00 1.000000000000000e+00
xras   = -1.000000000000000e+00 0.000000000000000e+00 0.000000000000000e+00
yras   = 0.000000000000000e+00 0.000000000000000e+00 -1.000000000000000e+00
zras   = 0.000000000000000e+00 1.000000000000000e+00 0.000000000000000e+00
cras   = -9.455360412597656e+00 1.000000000000000e+00 -4.457855224609375e-01
