#Insight Transform File V1.0
#Transform 0
Transform: AffineTransform_float_3_3
Parameters: 0.999999 -0.000530636 -0.000565766 0.000528367 0.999994 -0.00328194 0.00056754 0.00328206 0.999995 -0.0973239 0.183315 0.63975
FixedParameters: 0 0 0

#Transform 1
Transform: AffineTransform_float_3_3
Parameters: 1 0.000462254 0.00015841 -0.00046171 1 0.00119277 -0.000157699 -0.00119223 0.999999 -0.00756077 -0.0471807 -0.111874
FixedParameters: 0 0 0

#Transform 2
Transform: AffineTransform_float_3_3
Parameters: 1 0.00041512 4.68588e-05 -0.000415206 0.999999 0.00091898 -4.60957e-05 -0.000919018 0.999999 0.00117556 -0.0373389 -0.132047
FixedParameters: 0 0 0

#Transform 3
Transform: AffineTransform_float_3_3
Parameters: 0.999999 0.000612977 0.000514902 -0.000613412 0.999999 0.00131768 -0.000513676 -0.00131832 0.999999 0.00889736 -0.0403204 -0.179263
FixedParameters: 0 0 0

#Transform 4
Transform: AffineTransform_float_3_3
Parameters: 0.999999 0.000768625 0.00023656 -0.000769843 0.999998 0.00175482 -0.00023478 -0.00175518 0.999999 0.00156336 -0.0515276 -0.199056
FixedParameters: 0 0 0

#Transform 5
Transform: AffineTransform_float_3_3
Parameters: 1 0.000969776 0.000350118 -0.000970361 0.999998 0.00159551 -0.000348333 -0.00159549 0.999998 -0.0105913 -0.0564634 -0.212085
FixedParameters: 0 0 0

#Transform 6
Transform: AffineTransform_float_3_3
Parameters: 0.999999 0.000824208 0.000375951 -0.000825429 0.999998 0.00181054 -0.000375196 -0.00181046 0.999998 -0.0102698 -0.0570144 -0.271156
FixedParameters: 0 0 0

#Transform 7
Transform: AffineTransform_float_3_3
Parameters: 0.999999 0.000828505 0.000342814 -0.000829372 0.999997 0.00204272 -0.000340739 -0.00204328 0.999998 0.00086816 -0.0619826 -0.279986
FixedParameters: 0 0 0

#Transform 8
Transform: AffineTransform_float_3_3
Parameters: 0.999999 0.000732955 0.000155513 -0.000733592 0.999996 0.00250489 -0.000154071 -0.00250511 0.999997 0.00641885 -0.0570944 -0.28704
FixedParameters: 0 0 0

#Transform 9
Transform: AffineTransform_float_3_3
Parameters: 0.999999 0.000889574 -0.000152719 -0.000888734 0.999997 0.00228299 0.000154546 -0.00228202 0.999997 0.00343823 -0.0507926 -0.292906
FixedParameters: 0 0 0

#Transform 10
Transform: AffineTransform_float_3_3
Parameters: 1 0.000573967 0.000154102 -0.00057417 0.999997 0.00238791 -0.000152672 -0.00238809 0.999997 0.0056266 -0.0412107 -0.271077
FixedParameters: 0 0 0

#Transform 11
Transform: AffineTransform_float_3_3
Parameters: 1 0.000554778 0.000265112 -0.000555296 0.999998 0.00197785 -0.000264227 -0.00197815 0.999998 0.0277141 -0.041879 -0.277685
FixedParameters: 0 0 0

#Transform 12
Transform: AffineTransform_float_3_3
Parameters: 0.999999 0.000370321 0.000710977 -0.000372284 0.999997 0.00240074 -0.000710896 -0.00240126 0.999997 0.0179911 -0.0419758 -0.234517
FixedParameters: 0 0 0

#Transform 13
Transform: AffineTransform_float_3_3
Parameters: 1 0.000546438 0.000358817 -0.000546573 0.999997 0.0022118 -0.000358101 -0.00221219 0.999997 0.0280095 -0.0347976 -0.265422
FixedParameters: 0 0 0

#Transform 14
Transform: AffineTransform_float_3_3
Parameters: 0.999999 0.000730379 0.000334453 -0.000730857 0.999997 0.00230076 -0.000333713 -0.00230125 0.999998 0.00687203 -0.0452075 -0.279688
FixedParameters: 0 0 0

#Transform 15
Transform: AffineTransform_float_3_3
Parameters: 0.999999 0.000755591 0.000236729 -0.000755956 0.999998 0.00189482 -0.000235176 -0.00189518 0.999998 0.0233872 -0.0259552 -0.269925
FixedParameters: 0 0 0

#Transform 16
Transform: AffineTransform_float_3_3
Parameters: 1 0.000636183 -4.59527e-05 -0.000636375 0.999997 0.00211503 4.77237e-05 -0.00211497 0.999998 0.00844229 -0.0317715 -0.250244
FixedParameters: 0 0 0

#Transform 17
Transform: AffineTransform_float_3_3
Parameters: 1 0.000636173 -4.60825e-05 -0.000636385 0.999998 0.00191103 4.75939e-05 -0.00191097 0.999998 0.0164677 -0.0199266 -0.267865
FixedParameters: 0 0 0

#Transform 18
Transform: AffineTransform_float_3_3
Parameters: 0.999999 0.000695932 -0.000146212 -0.00069576 0.999998 0.0019111 0.000147951 -0.0019109 0.999998 0.0230218 -0.0240575 -0.303727
FixedParameters: 0 0 0

#Transform 19
Transform: AffineTransform_float_3_3
Parameters: 0.999999 0.000808393 -0.000119187 -0.000807514 0.999998 0.0014571 0.00012023 -0.0014569 0.999999 0.0433468 -0.0423162 -0.327183
FixedParameters: 0 0 0

#Transform 20
Transform: AffineTransform_float_3_3
Parameters: 1 0.00030913 9.20024e-05 -0.00030856 0.999998 0.00191097 -9.12127e-05 -0.00191103 0.999998 0.0378576 -0.030509 -0.223083
FixedParameters: 0 0 0

#Transform 21
Transform: AffineTransform_float_3_3
Parameters: 1 0.000330841 -6.48466e-05 -0.000331004 0.999999 0.00175302 6.50863e-05 -0.00175298 0.999999 0.0603564 -0.0405006 -0.321489
FixedParameters: 0 0 0

#Transform 22
Transform: AffineTransform_float_3_3
Parameters: 1 0.000467353 -0.000250531 -0.000466799 0.999998 0.00188312 0.00025137 -0.00188288 0.999998 0.044229 -0.0340619 -0.265834
FixedParameters: 0 0 0

#Transform 23
Transform: AffineTransform_float_3_3
Parameters: 1 0.000155238 0.000277456 -0.000156138 0.999998 0.00162296 -0.000276951 -0.00162304 0.999998 0.0284494 -0.0389886 -0.266924
FixedParameters: 0 0 0

#Transform 24
Transform: AffineTransform_float_3_3
Parameters: 1 0.000382666 0.00018151 -0.000383438 0.999997 0.00213393 -0.000179875 -0.00213407 0.999997 0.0268952 -0.0298552 -0.280745
FixedParameters: 0 0 0

#Transform 25
Transform: AffineTransform_float_3_3
Parameters: 1 0.000239607 -0.00059491 -0.000238275 0.999998 0.0022203 0.000595441 -0.00222071 0.999998 0.0491214 -0.0462016 -0.327346
FixedParameters: 0 0 0

#Transform 26
Transform: AffineTransform_float_3_3
Parameters: 1 0.000249882 0.00023761 -0.000250197 0.999996 0.00260294 -0.000236699 -0.00260306 0.999996 0.0369288 -0.0431542 -0.317632
FixedParameters: 0 0 0

#Transform 27
Transform: AffineTransform_float_3_3
Parameters: 1 0.00033463 -0.00031576 -0.000334732 0.999996 0.0025331 0.000316005 -0.00253289 0.999996 0.0447047 -0.0450932 -0.367833
FixedParameters: 0 0 0

#Transform 28
Transform: AffineTransform_float_3_3
Parameters: 1 3.72355e-05 0.000165537 -3.71177e-05 0.999997 0.00242299 -0.000165748 -0.00242301 0.999997 0.0299255 -0.046328 -0.326021
FixedParameters: 0 0 0

#Transform 29
Transform: AffineTransform_float_3_3
Parameters: 1 0.000282387 -0.000959179 -0.000280351 0.999998 0.00222342 0.000960291 -0.00222358 0.999997 0.0346392 -0.0491397 -0.406051
FixedParameters: 0 0 0

#Transform 30
Transform: AffineTransform_float_3_3
Parameters: 1 0.000365845 -0.000133562 -0.000365545 0.999996 0.00257705 0.000134527 -0.00257695 0.999996 0.00889405 -0.0391163 -0.337802
FixedParameters: 0 0 0

#Transform 31
Transform: AffineTransform_float_3_3
Parameters: 1 0.000172562 0.000270175 -0.000173793 0.999998 0.00228295 -0.000269384 -0.00228305 0.999998 0.0173484 -0.0487107 -0.364829
FixedParameters: 0 0 0

#Transform 32
Transform: AffineTransform_float_3_3
Parameters: 1 0.000116296 0.000293905 -0.000117758 0.999997 0.00248996 -0.000293322 -0.00249003 0.999997 0.0182802 -0.0433135 -0.350353
FixedParameters: 0 0 0

#Transform 33
Transform: AffineTransform_float_3_3
Parameters: 1 5.77558e-05 -0.00012307 -5.74649e-05 0.999996 0.00277601 0.000122469 -0.00277599 0.999996 0.0599908 -0.0445917 -0.386552
FixedParameters: 0 0 0

#Transform 34
Transform: AffineTransform_float_3_3
Parameters: 1 0.000154014 0.000278014 -0.000154601 0.999997 0.00271396 -0.000277567 -0.00271404 0.999997 0.0317814 -0.0551717 -0.357855
FixedParameters: 0 0 0

#Transform 35
Transform: AffineTransform_float_3_3
Parameters: 1 0.000184507 8.50058e-05 -0.000184009 0.999997 0.00249298 -8.44779e-05 -0.00249302 0.999997 0.0583438 -0.0520685 -0.428223
FixedParameters: 0 0 0

#Transform 36
Transform: AffineTransform_float_3_3
Parameters: 1 -0.000120489 8.75422e-05 0.000120282 0.999994 0.00341701 -8.74444e-05 -0.00341699 0.999994 0.0127955 -0.0329796 -0.374169
FixedParameters: 0 0 0

#Transform 37
Transform: AffineTransform_float_3_3
Parameters: 1 -0.000341747 -3.06452e-05 0.000342286 0.999997 0.00244499 2.98933e-05 -0.00244501 0.999997 0.0540533 -0.0218972 -0.360156
FixedParameters: 0 0 0

#Transform 38
Transform: AffineTransform_float_3_3
Parameters: 1 0.000197117 0.000259926 -0.000198024 0.999994 0.00352195 -0.000258925 -0.00352205 0.999994 0.0296647 -0.00921977 -0.316309
FixedParameters: 0 0 0

#Transform 39
Transform: AffineTransform_float_3_3
Parameters: 1 -0.000156768 0.000408765 0.000155428 0.999994 0.00324206 -0.000409247 -0.00324193 0.999994 0.0220725 -0.0124058 -0.32508
FixedParameters: 0 0 0

#Transform 40
Transform: AffineTransform_float_3_3
Parameters: 1 -0.000132029 -7.13693e-05 0.000132851 0.999996 0.00301999 7.14898e-05 -0.00302001 0.999996 0.0752446 -0.0211017 -0.340468
FixedParameters: 0 0 0

#Transform 41
Transform: AffineTransform_float_3_3
Parameters: 1 -0.000156884 0.000408721 0.000156231 0.999994 0.00352506 -0.000409685 -0.00352493 0.999993 0.0286962 -0.0172527 -0.315379
FixedParameters: 0 0 0

#Transform 42
Transform: AffineTransform_float_3_3
Parameters: 1 -0.000315745 3.0825e-05 0.000315929 0.999994 0.00329201 -3.1984e-05 -0.00329199 0.999994 0.0651997 -0.0220807 -0.390677
FixedParameters: 0 0 0

#Transform 43
Transform: AffineTransform_float_3_3
Parameters: 1 -0.000227358 0.000240985 0.000227064 0.999995 0.00332306 -0.000241966 -0.00332295 0.999995 0.0426544 -0.0230386 -0.339305
FixedParameters: 0 0 0

#Transform 44
Transform: AffineTransform_float_3_3
Parameters: 1 -0.000156816 0.000408747 0.00015538 0.999995 0.00335807 -0.000409266 -0.00335794 0.999995 0.0311799 -0.0131964 -0.343934
FixedParameters: 0 0 0

#Transform 45
Transform: AffineTransform_float_3_3
Parameters: 1 -0.000260673 0.00016175 0.000260954 0.999995 0.00317204 -0.000162875 -0.00317196 0.999995 0.0645645 -0.00528221 -0.319755
FixedParameters: 0 0 0

#Transform 46
Transform: AffineTransform_float_3_3
Parameters: 1 -0.000284917 0.000462647 0.000283572 0.999995 0.00329177 -0.000463068 -0.00329223 0.999994 0.0455482 -0.0105254 -0.284422
FixedParameters: 0 0 0

#Transform 47
Transform: AffineTransform_float_3_3
Parameters: 1 -0.000365385 -8.71033e-05 0.000366317 0.999995 0.00312697 8.57358e-05 -0.00312703 0.999995 0.0719863 -0.0184972 -0.341529
FixedParameters: 0 0 0

#Transform 48
Transform: AffineTransform_float_3_3
Parameters: 1 -0.000156953 0.000408695 0.000156162 0.999993 0.00369322 -0.000409712 -0.00369378 0.999994 0.0331009 -0.000308078 -0.304814
FixedParameters: 0 0 0

#Transform 49
Transform: AffineTransform_float_3_3
Parameters: 1 -0.000226867 0.000438211 0.000225245 0.999995 0.0033431 -0.000439193 -0.0033429 0.999995 0.0645754 0.00674012 -0.365841
FixedParameters: 0 0 0

#Transform 50
Transform: AffineTransform_float_3_3
Parameters: 0.999999 -0.000625255 0.000605503 0.000622956 0.999993 0.00362053 -0.000607652 -0.00362047 0.999994 0.0441834 -3.27749e-05 -0.340068
FixedParameters: 0 0 0

#Transform 51
Transform: AffineTransform_float_3_3
Parameters: 0.999999 -0.000625016 0.00060575 0.000623196 0.999995 0.00322502 -0.000607405 -0.00322498 0.999994 0.0498644 -0.0066369 -0.359983
FixedParameters: 0 0 0

#Transform 52
Transform: AffineTransform_float_3_3
Parameters: 1 -0.000511185 0.000876648 0.000507803 0.999994 0.00342045 -0.000879074 -0.00341955 0.999994 0.042872 0.00140325 -0.320548
FixedParameters: 0 0 0

#Transform 53
Transform: AffineTransform_float_3_3
Parameters: 1 -0.000277439 0.000459608 0.000275928 0.999996 0.00306713 -0.000460776 -0.00306687 0.999995 0.0446499 -0.00452739 -0.30635
FixedParameters: 0 0 0

#Transform 54
Transform: AffineTransform_float_3_3
Parameters: 1 -0.000507414 0.000885107 0.000504935 0.999995 0.0031006 -0.000886266 -0.0031004 0.999995 0.0460999 -0.0016665 -0.31474
FixedParameters: 0 0 0

#Transform 55
Transform: AffineTransform_float_3_3
Parameters: 1 -0.000285013 0.000462589 0.000283476 0.999993 0.00349828 -0.000463127 -0.00349871 0.999994 0.025249 -0.0128625 -0.320849
FixedParameters: 0 0 0

#Transform 56
Transform: AffineTransform_float_3_3
Parameters: 1 -0.000124253 -0.000156017 0.000124284 0.999996 0.00305298 0.000155649 -0.00305302 0.999996 0.0405396 -0.018729 -0.33736
FixedParameters: 0 0 0

#Transform 57
Transform: AffineTransform_float_3_3
Parameters: 1 -5.807e-05 0.000367287 5.71391e-05 0.999996 0.00305302 -0.000367109 -0.00305298 0.999996 0.0104436 -0.0290137 -0.287927
FixedParameters: 0 0 0

#Transform 58
Transform: AffineTransform_float_3_3
Parameters: 1 -0.000104149 0.000386685 0.00010311 0.999996 0.00303804 -0.000386785 -0.00303796 0.999996 0.00873145 -0.0229409 -0.337917
FixedParameters: 0 0 0

#Transform 59
Transform: AffineTransform_float_3_3
Parameters: 1 -0.000387801 0.000506342 0.00038688 0.999997 0.00258884 -0.000506898 -0.00258916 0.999996 0.0235274 -0.0349472 -0.329218
FixedParameters: 0 0 0

#Transform 60
Transform: AffineTransform_float_3_3
Parameters: 1 -0.000155881 0.000408365 0.000154475 0.999995 0.00332507 -0.000408867 -0.00332494 0.999995 0.023082 -0.0184179 -0.334029
FixedParameters: 0 0 0

#Transform 61
Transform: AffineTransform_float_3_3
Parameters: 1 0.000129051 0.000288532 -0.000129857 0.999995 0.00299332 -0.000288148 -0.00299268 0.999996 0.00654691 -0.0219411 -0.330261
FixedParameters: 0 0 0

#Transform 62
Transform: AffineTransform_float_3_3
Parameters: 1 -0.000142603 0.000587147 0.00014076 0.999994 0.00346808 -0.00058799 -0.00346792 0.999994 0.0101381 -0.0117379 -0.285715
FixedParameters: 0 0 0

#Transform 63
Transform: AffineTransform_float_3_3
Parameters: 1 -0.000353593 0.000608762 0.000351943 0.999995 0.00318321 -0.000610869 -0.00318278 0.999994 0.0264466 -0.0254031 -0.322114
FixedParameters: 0 0 0

#Transform 64
Transform: AffineTransform_float_3_3
Parameters: 0.999999 -0.000625225 0.000605534 0.000622986 0.999994 0.00357002 -0.00060762 -0.00356998 0.999993 0.0270796 -0.0203803 -0.279996
FixedParameters: 0 0 0

#Transform 65
Transform: AffineTransform_float_3_3
Parameters: 0.999999 -0.000625189 0.00060557 0.000623021 0.999993 0.00351253 -0.000607584 -0.00351247 0.999994 0.0307372 -0.0136655 -0.283692
FixedParameters: 0 0 0

#Transform 66
Transform: AffineTransform_float_3_3
Parameters: 1 -0.000422926 0.000521013 0.000421713 0.999996 0.00279437 -0.000521923 -0.00279463 0.999996 0.0334312 -0.0267399 -0.314899
FixedParameters: 0 0 0

#Transform 67
Transform: AffineTransform_float_3_3
Parameters: 1 -0.000439655 0.000527882 0.000438122 0.999995 0.00306123 -0.000529119 -0.00306077 0.999995 0.0391828 -0.0305878 -0.301329
FixedParameters: 0 0 0

#Transform 68
Transform: AffineTransform_float_3_3
Parameters: 1 -0.00018288 -0.000109614 0.000183892 0.999996 0.00283698 0.000109494 -0.00283702 0.999996 0.0717409 -0.0220206 -0.321657
FixedParameters: 0 0 0

#Transform 69
Transform: AffineTransform_float_3_3
Parameters: 0.999999 -0.000543453 0.00079941 0.000541572 0.999995 0.00305859 -0.000800749 -0.00305841 0.999995 0.0179145 -0.0132561 -0.278362
FixedParameters: 0 0 0

#Transform 70
Transform: AffineTransform_float_3_3
Parameters: 1 -0.000333641 0.000483286 0.000332421 0.999996 0.00302216 -0.000483848 -0.00302184 0.999996 0.0403026 -0.00856104 -0.334097
FixedParameters: 0 0 0

#Transform 71
Transform: AffineTransform_float_3_3
Parameters: 1 -0.000416873 0.00109993 0.000414316 0.999996 0.00294961 -0.00110079 -0.00294939 0.999995 0.0119428 0.0178981 -0.232542
FixedParameters: 0 0 0

#Transform 72
Transform: AffineTransform_float_3_3
Parameters: 0.999999 -0.000522475 0.000562918 0.000520992 0.999996 0.00282529 -0.000564415 -0.0028247 0.999996 0.0364565 -0.00739575 -0.316012
FixedParameters: 0 0 0

#Transform 73
Transform: AffineTransform_float_3_3
Parameters: 1 -0.000772618 0.000899824 0.000769924 0.999994 0.00338485 -0.000902145 -0.00338415 0.999994 0.0382689 0.00769784 -0.252722
FixedParameters: 0 0 0

#Transform 74
Transform: AffineTransform_float_3_3
Parameters: 1 -0.000404954 0.00112846 0.000401616 0.999995 0.00304661 -0.00113025 -0.00304639 0.999995 0.0295578 -0.01129 -0.250923
FixedParameters: 0 0 0

#Transform 75
Transform: AffineTransform_float_3_3
Parameters: 1 -0.000394563 0.00115411 0.000390519 0.999994 0.0034546 -0.00115523 -0.00345439 0.999993 0.0355542 -0.0190251 -0.289881
FixedParameters: 0 0 0

#Transform 76
Transform: AffineTransform_float_3_3
Parameters: 1 -0.000498105 0.000907937 0.000494708 0.999994 0.00352709 -0.000909459 -0.00352691 0.999993 0.0366914 -0.024723 -0.30252
FixedParameters: 0 0 0

#Transform 77
Transform: AffineTransform_float_3_3
Parameters: 1 -0.000454249 0.00101214 0.000451178 0.999993 0.00345761 -0.00101368 -0.00345739 0.999993 0.0218572 -0.0259467 -0.306452
FixedParameters: 0 0 0

#Transform 78
Transform: AffineTransform_float_3_3
Parameters: 1 -0.000483769 0.00107646 0.00047896 0.999994 0.00363152 -0.00107797 -0.00363048 0.999993 0.0347059 -0.0268705 -0.296828
FixedParameters: 0 0 0

#Transform 79
Transform: AffineTransform_float_3_3
Parameters: 0.999999 -0.000511734 0.000874936 0.00050921 0.999995 0.00316245 -0.000876184 -0.00316155 0.999994 0.0367764 -0.0144031 -0.304082
FixedParameters: 0 0 0

#Transform 80
Transform: AffineTransform_float_3_3
Parameters: 0.999999 -0.000780232 0.0010082 0.000776719 0.999994 0.00342658 -0.00101064 -0.00342642 0.999994 0.0352832 -0.0127511 -0.255569
FixedParameters: 0 0 0

#Transform 81
Transform: AffineTransform_float_3_3
Parameters: 1 -0.000514254 0.0008686 0.000512162 0.999996 0.00293709 -0.000869635 -0.00293691 0.999995 0.0418086 -0.00869065 -0.285284
FixedParameters: 0 0 0

#Transform 82
Transform: AffineTransform_float_3_3
Parameters: 0.999999 -0.000797689 0.00098672 0.000794169 0.999995 0.00304079 -0.000988268 -0.00303921 0.999995 0.0415811 -0.00976664 -0.263933
FixedParameters: 0 0 0

#Transform 83
Transform: AffineTransform_float_3_3
Parameters: 0.999999 -0.000351019 0.00125495 0.000347571 0.999997 0.00241844 -0.00125558 -0.00241756 0.999996 0.0574237 0.00489046 -0.241498
FixedParameters: 0 0 0

#Transform 84
Transform: AffineTransform_float_3_3
Parameters: 0.999998 -0.00072918 0.00141405 0.000725926 0.999996 0.00267918 -0.00141544 -0.00267782 0.999995 0.0589474 -0.00638963 -0.22162
FixedParameters: 0 0 0

#Transform 85
Transform: AffineTransform_float_3_3
Parameters: 0.999999 -0.000921546 0.00107375 0.000917774 0.999995 0.00291078 -0.00107581 -0.00291022 0.999995 0.0512197 0.0048748 -0.221752
FixedParameters: 0 0 0

#Transform 86
Transform: AffineTransform_float_3_3
Parameters: 0.999999 -0.00101385 0.000854458 0.00101146 0.999995 0.00285166 -0.000856942 -0.00285134 0.999996 0.0670247 -0.00901178 -0.260258
FixedParameters: 0 0 0

#Transform 87
Transform: AffineTransform_float_3_3
Parameters: 0.999999 -0.000958128 0.000986466 0.000955037 0.999996 0.00262494 -0.000989115 -0.00262305 0.999996 0.0532886 -0.00578785 -0.252542
FixedParameters: 0 0 0

#Transform 88
Transform: AffineTransform_float_3_3
Parameters: 0.999999 -0.000958529 0.000986077 0.000954635 0.999995 0.00303094 -0.000989503 -0.00302905 0.999995 0.0519767 -0.00251083 -0.23308
FixedParameters: 0 0 0

#Transform 89
Transform: AffineTransform_float_3_3
Parameters: 1 -0.0007805 0.000911329 0.000778273 0.999996 0.00287135 -0.000913824 -0.00287065 0.999995 0.0702329 0.00420661 -0.263657
FixedParameters: 0 0 0

#Transform 90
Transform: AffineTransform_float_3_3
Parameters: 0.999999 -0.000887531 0.00115537 0.000883157 0.999994 0.00336218 -0.00115842 -0.00336082 0.999994 0.043419 -0.00305137 -0.229913
FixedParameters: 0 0 0

#Transform 91
Transform: AffineTransform_float_3_3
Parameters: 0.999999 -0.000927423 0.00106046 0.000924148 0.999994 0.00333014 -0.0010628 -0.00332886 0.999994 0.0531416 -0.00809585 -0.294064
FixedParameters: 0 0 0

#Transform 92
Transform: AffineTransform_float_3_3
Parameters: 0.999999 -0.000851337 0.0012412 0.000846676 0.999994 0.00324621 -0.00124381 -0.00324479 0.999994 0.0418363 -0.00778757 -0.248007
FixedParameters: 0 0 0

#Transform 93
Transform: AffineTransform_float_3_3
Parameters: 1 -0.000789934 0.00065222 0.000787658 0.999994 0.00334252 -0.000655122 -0.00334149 0.999994 0.0630894 -9.72871e-05 -0.248706
FixedParameters: 0 0 0

#Transform 94
Transform: AffineTransform_float_3_3
Parameters: 1 -0.000711591 0.000755965 0.000709545 0.999994 0.00333969 -0.000758731 -0.00333931 0.999995 0.0208666 -0.000223942 -0.248816
FixedParameters: 0 0 0

#Transform 95
Transform: AffineTransform_float_3_3
Parameters: 1 -0.000911047 0.000588507 0.000909548 0.999995 0.00304354 -0.000591676 -0.00304246 0.999995 0.0400496 -0.0233834 -0.293037
FixedParameters: 0 0 0

#Transform 96
Transform: AffineTransform_float_3_3
Parameters: 0.999999 -0.000877929 0.00117772 0.000874006 0.999995 0.00310783 -0.00118026 -0.00310717 0.999994 0.0247162 -0.0130704 -0.241342
FixedParameters: 0 0 0

#Transform 97
Transform: AffineTransform_float_3_3
Parameters: 1 -0.000800122 0.000919245 0.000796391 0.999995 0.00316338 -0.000921924 -0.00316262 0.999994 0.0368657 -0.0177238 -0.29651
FixedParameters: 0 0 0

#Transform 98
Transform: AffineTransform_float_3_3
Parameters: 0.999999 -0.000958981 0.000985638 0.000954576 0.999993 0.00348874 -0.000989022 -0.00348826 0.999993 0.0256601 -0.0334167 -0.237275
FixedParameters: 0 0 0

#Transform 99
Transform: AffineTransform_float_3_3
Parameters: 0.999999 -0.000958465 0.000986139 0.0009547 0.999995 0.00296594 -0.000989441 -0.00296405 0.999995 0.0333032 -0.0266398 -0.304371
FixedParameters: 0 0 0

#Transform 100
Transform: AffineTransform_float_3_3
Parameters: 0.999999 -0.000916238 0.00108655 0.00091214 0.999995 0.00302615 -0.00108879 -0.00302485 0.999995 0.0251231 -0.0241966 -0.287159
FixedParameters: 0 0 0

#Transform 101
Transform: AffineTransform_float_3_3
Parameters: 0.999999 -0.000921808 0.00107352 0.000918432 0.999995 0.00315378 -0.00107643 -0.00315322 0.999994 0.0439339 -0.0254191 -0.278984
FixedParameters: 0 0 0

#Transform 102
Transform: AffineTransform_float_3_3
Parameters: 0.999999 -0.000928698 0.00124725 0.000925087 0.999996 0.00280995 -0.00124956 -0.00280905 0.999995 0.0375878 -0.0216428 -0.282829
FixedParameters: 0 0 0

#Transform 103
Transform: AffineTransform_float_3_3
Parameters: 0.999999 -0.00111729 0.00105256 0.00111384 0.999994 0.00324597 -0.0010569 -0.00324503 0.999994 0.0297781 -0.0161047 -0.24865
FixedParameters: 0 0 0

#Transform 104
Transform: AffineTransform_float_3_3
Parameters: 0.999999 -0.00106929 0.00103247 0.00106611 0.999994 0.0031809 -0.00103636 -0.0031801 0.999994 0.0358459 -0.0219485 -0.284347
FixedParameters: 0 0 0

#Transform 105
Transform: AffineTransform_float_3_3
Parameters: 0.999999 -0.00130483 0.00123343 0.001301 0.999994 0.00324304 -0.00123714 -0.00324196 0.999994 0.0266096 -0.0160988 -0.248914
FixedParameters: 0 0 0

#Transform 106
Transform: AffineTransform_float_3_3
Parameters: 0.999999 -0.00131569 0.00120711 0.00131148 0.999995 0.00293102 -0.0012106 -0.00292998 0.999995 0.0267148 -0.00499587 -0.258717
FixedParameters: 0 0 0

#Transform 107
Transform: AffineTransform_float_3_3
Parameters: 0.999998 -0.00120636 0.00109054 0.00120334 0.999994 0.00294011 -0.00109472 -0.00293889 0.999995 0.0420637 0.000521645 -0.260771
FixedParameters: 0 0 0

#Transform 108
Transform: AffineTransform_float_3_3
Parameters: 0.999999 -0.00124999 0.00136298 0.00124603 0.999996 0.00284214 -0.00136625 -0.00284086 0.999995 0.0341114 -0.000952121 -0.224672
FixedParameters: 0 0 0

#Transform 109
Transform: AffineTransform_float_3_3
Parameters: 0.999999 -0.00134074 0.00114741 0.00133684 0.999995 0.00277633 -0.00115155 -0.00277467 0.999995 0.0491175 0.0121028 -0.237377
FixedParameters: 0 0 0

#Transform 110
Transform: AffineTransform_float_3_3
Parameters: 0.999997 -0.00170927 0.00130281 0.0017051 0.999995 0.00270166 -0.00130782 -0.00269934 0.999996 0.053067 -0.00333208 -0.232091
FixedParameters: 0 0 0

#Transform 111
Transform: AffineTransform_float_3_3
Parameters: 0.999998 -0.00150807 0.00178085 0.00150295 0.999995 0.00287063 -0.00178513 -0.00286737 0.999994 0.0361035 0.00143838 -0.197023
FixedParameters: 0 0 0

#Transform 112
Transform: AffineTransform_float_3_3
Parameters: 0.999998 -0.00140998 0.00135901 0.0014064 0.999995 0.00271086 -0.00136282 -0.00270914 0.999996 0.0505389 0.00177155 -0.209873
FixedParameters: 0 0 0

#Transform 113
Transform: AffineTransform_float_3_3
Parameters: 0.999997 -0.00161827 0.00170284 0.00161294 0.999993 0.00317434 -0.00170782 -0.00317166 0.999993 0.0544769 -0.00379833 -0.177703
FixedParameters: 0 0 0

#Transform 114
Transform: AffineTransform_float_3_3
Parameters: 0.999997 -0.00168209 0.00173067 0.00167668 0.999994 0.00276949 -0.00173523 -0.0027665 0.999994 0.0555493 -0.00218808 -0.184893
FixedParameters: 0 0 0

#Transform 115
Transform: AffineTransform_float_3_3
Parameters: 0.999998 -0.00155991 0.00165751 0.00155491 0.999995 0.00276902 -0.00166138 -0.00276598 0.999994 0.0497086 -0.0027975 -0.18466
FixedParameters: 0 0 0

#Transform 116
Transform: AffineTransform_float_3_3
Parameters: 0.999997 -0.0017091 0.00130303 0.00170527 0.999995 0.00257066 -0.0013076 -0.00256834 0.999995 0.0551228 0.000361749 -0.18843
FixedParameters: 0 0 0

#Transform 117
Transform: AffineTransform_float_3_3
Parameters: 0.999998 -0.00163054 0.0014903 0.00162612 0.999994 0.00301502 -0.00149445 -0.00301299 0.999995 0.0542934 0.00499749 -0.220379
FixedParameters: 0 0 0

#Transform 118
Transform: AffineTransform_float_3_3
Parameters: 0.999997 -0.00170936 0.0013027 0.00170501 0.999995 0.00276866 -0.00130793 -0.00276634 0.999995 0.0625806 0.0104988 -0.204441
FixedParameters: 0 0 0

#Transform 119
Transform: AffineTransform_float_3_3
Parameters: 0.999998 -0.00159349 0.00125347 0.00158983 0.999994 0.00296843 -0.00125909 -0.00296656 0.999994 0.0531492 0.00313153 -0.226913
FixedParameters: 0 0 0

#Transform 120
Transform: AffineTransform_float_3_3
Parameters: 0.999997 -0.00170957 0.00130242 0.00170519 0.999994 0.00292766 -0.00130729 -0.00292534 0.999994 0.0551451 -0.00333031 -0.180825
FixedParameters: 0 0 0

#Transform 121
Transform: AffineTransform_float_3_3
Parameters: 0.999998 -0.00183381 0.00100759 0.0018301 0.999993 0.00338313 -0.00101261 -0.00338087 0.999994 0.0916524 0.0218552 -0.186685
FixedParameters: 0 0 0

#Transform 122
Transform: AffineTransform_float_3_3
Parameters: 0.999997 -0.00171021 0.00130158 0.00170586 0.999993 0.00342466 -0.00130761 -0.00342234 0.999993 0.0661214 0.0173604 -0.214792
FixedParameters: 0 0 0

#Transform 123
Transform: AffineTransform_float_3_3
Parameters: 0.999997 -0.00173361 0.00168353 0.0017291 0.999994 0.00296751 -0.00168853 -0.0029645 0.999994 0.0582025 0.00618938 -0.17958
FixedParameters: 0 0 0

#Transform 124
Transform: AffineTransform_float_3_3
Parameters: 0.999998 -0.00153895 0.00170727 0.00153367 0.999995 0.00276921 -0.00171104 -0.00276679 0.999994 0.060681 0.00769645 -0.187407
FixedParameters: 0 0 0

#Transform 125
Transform: AffineTransform_float_3_3
Parameters: 0.999998 -0.00158662 0.0015956 0.00158108 0.999993 0.00345312 -0.00160126 -0.00345088 0.999993 0.0757636 0.0134862 -0.209463
FixedParameters: 0 0 0

#Transform 126
Transform: AffineTransform_float_3_3
Parameters: 0.999996 -0.00200013 0.00164436 0.00199371 0.999992 0.00357652 -0.00165113 -0.00357349 0.999993 0.0768163 0.0165385 -0.157811
FixedParameters: 0 0 0

#Transform 127
Transform: AffineTransform_float_3_3
Parameters: 0.999996 -0.00205544 0.00162479 0.00204896 0.999989 0.00415857 -0.0016329 -0.00415543 0.99999 0.080156 0.0260594 -0.123072
FixedParameters: 0 0 0

#Transform 128
Transform: AffineTransform_float_3_3
Parameters: 0.999997 -0.00195791 0.00185824 0.00194893 0.999988 0.00455402 -0.00186746 -0.00455098 0.999988 0.0795443 0.0250583 -0.143027
FixedParameters: 0 0 0

#Transform 129
Transform: AffineTransform_float_3_3
Parameters: 0.999996 -0.00179204 0.00188076 0.00178627 0.999993 0.00334195 -0.00188691 -0.00333804 0.999992 0.0859064 0.00408041 -0.178567
FixedParameters: 0 0 0

#Transform 130
Transform: AffineTransform_float_3_3
Parameters: 0.999997 -0.00161413 0.00195622 0.00160703 0.999992 0.00355189 -0.00196185 -0.00354911 0.999992 0.0597976 0.00814043 -0.165575
FixedParameters: 0 0 0

#Transform 131
Transform: AffineTransform_float_3_3
Parameters: 0.999996 -0.00182033 0.00218234 0.0018126 0.999993 0.0033285 -0.00218863 -0.0033255 0.999992 0.0868591 0.0139382 -0.205811
FixedParameters: 0 0 0

#Transform 132
Transform: AffineTransform_float_3_3
Parameters: 0.999995 -0.00174107 0.00237243 0.0017314 0.999992 0.00374486 -0.00237909 -0.00374013 0.99999 0.0636489 0.015866 -0.152152
FixedParameters: 0 0 0

#Transform 133
Transform: AffineTransform_float_3_3
Parameters: 0.999998 -0.00162098 0.00159092 0.00161603 0.999994 0.00327817 -0.00159625 -0.00327584 0.999994 0.0905965 0.0181625 -0.179651
FixedParameters: 0 0 0

#Transform 134
Transform: AffineTransform_float_3_3
Parameters: 0.999997 -0.00192461 0.00193491 0.00191722 0.999991 0.00352946 -0.00194135 -0.00352554 0.999992 0.0798397 0.0316562 -0.103976
FixedParameters: 0 0 0

#Transform 135
Transform: AffineTransform_float_3_3
Parameters: 0.999997 -0.00176355 0.00162782 0.00175812 0.999994 0.00295146 -0.00163347 -0.00294854 0.999995 0.0850705 0.0100417 -0.164708
FixedParameters: 0 0 0

#Transform 136
Transform: AffineTransform_float_3_3
Parameters: 0.999998 -0.00141192 0.00179504 0.00140514 0.999992 0.00367127 -0.0018005 -0.00366973 0.999992 0.0607924 0.0353661 -0.142714
FixedParameters: 0 0 0

#Transform 137
Transform: AffineTransform_float_3_3
Parameters: 0.999997 -0.00148626 0.00156857 0.00148089 0.999993 0.00345992 -0.00157357 -0.00345808 0.999993 0.0930564 0.0221232 -0.204154
FixedParameters: 0 0 0

#Transform 138
Transform: AffineTransform_float_3_3
Parameters: 0.999997 -0.00174438 0.00167574 0.00173758 0.999991 0.00401315 -0.00168167 -0.00401085 0.99999 0.0703319 0.0266178 -0.184977
FixedParameters: 0 0 0

#Transform 139
Transform: AffineTransform_float_3_3
Parameters: 0.999998 -0.00162542 0.00162713 0.00162011 0.999993 0.00343723 -0.00163209 -0.00343477 0.999993 0.0954937 0.0162777 -0.215429
FixedParameters: 0 0 0

#Transform 140
Transform: AffineTransform_float_3_3
Parameters: 0.999997 -0.00160874 0.00192078 0.00160219 0.999992 0.00381268 -0.00192669 -0.00380933 0.999991 0.0756345 0.0268902 -0.198999
FixedParameters: 0 0 0

#Transform 141
Transform: AffineTransform_float_3_3
Parameters: 0.999997 -0.00187768 0.00167708 0.00187242 0.999992 0.00331974 -0.00168333 -0.00331626 0.999993 0.0958084 0.0182393 -0.231933
FixedParameters: 0 0 0

#Transform 142
Transform: AffineTransform_float_3_3
Parameters: 0.999997 -0.00192491 0.00193515 0.00191745 0.999991 0.00388395 -0.00194243 -0.00388005 0.99999 0.0862617 0.0111872 -0.197866
FixedParameters: 0 0 0

#Transform 143
Transform: AffineTransform_float_3_3
Parameters: 0.999996 -0.00207802 0.00157112 0.0020717 0.999989 0.00424734 -0.00157979 -0.00424366 0.999989 0.10239 0.0196151 -0.170042
FixedParameters: 0 0 0

#Transform 144
Transform: AffineTransform_float_3_3
Parameters: 0.999997 -0.00199128 0.00177828 0.00198393 0.999988 0.00441277 -0.00178633 -0.00440923 0.999989 0.106055 0.0142618 -0.202291
FixedParameters: 0 0 0

#Transform 145
Transform: AffineTransform_float_3_3
Parameters: 0.999996 -0.00214464 0.00184361 0.00213762 0.99999 0.00406019 -0.00185242 -0.00405582 0.99999 0.103868 0.0121399 -0.213772
FixedParameters: 0 0 0

#Transform 146
Transform: AffineTransform_float_3_3
Parameters: 0.999997 -0.00205692 0.00180699 0.00204953 0.99999 0.00398994 -0.00181441 -0.00398605 0.99999 0.102449 0.0146758 -0.234993
FixedParameters: 0 0 0

#Transform 147
Transform: AffineTransform_float_3_3
Parameters: 0.999995 -0.00255125 0.00148352 0.00254277 0.999981 0.00556015 -0.00149788 -0.00555685 0.999983 0.0975692 0.018763 -0.146426
FixedParameters: 0 0 0

#Transform 148
Transform: AffineTransform_float_3_3
Parameters: 0.999995 -0.00231349 0.00191581 0.00230661 0.999991 0.00363246 -0.00192363 -0.00362855 0.999992 0.0946762 0.0128871 -0.180088
FixedParameters: 0 0 0

#Transform 149
Transform: AffineTransform_float_3_3
Parameters: 0.999995 -0.0025341 0.00152247 0.00252814 0.99999 0.00366073 -0.00153126 -0.00365727 0.999993 0.0957184 0.00416672 -0.23569
FixedParameters: 0 0 0

#Transform 150
Transform: AffineTransform_float_3_3
Parameters: 0.999996 -0.00236061 0.00193543 0.00235337 0.99999 0.00368759 -0.00194385 -0.00368341 0.999991 0.091271 0.00961528 -0.217046
FixedParameters: 0 0 0

#Transform 151
Transform: AffineTransform_float_3_3
Parameters: 0.999996 -0.00243882 0.00174925 0.00243211 0.99999 0.00366614 -0.00175776 -0.00366186 0.999992 0.108307 0.00649128 -0.274429
FixedParameters: 0 0 0

#Transform 152
Transform: AffineTransform_float_3_3
Parameters: 0.999995 -0.00232064 0.0020324 0.00231143 0.999988 0.00441058 -0.00204242 -0.00440541 0.999988 0.0978936 0.00514934 -0.264691
FixedParameters: 0 0 0

#Transform 153
Transform: AffineTransform_float_3_3
Parameters: 0.999997 -0.00224126 0.00144005 0.00223583 0.99999 0.00387331 -0.00144896 -0.00386969 0.999992 0.0528326 -0.00120621 -0.231006
FixedParameters: 0 0 0

#Transform 154
Transform: AffineTransform_float_3_3
Parameters: 0.999997 -0.0018147 0.00123685 0.00181023 0.99999 0.00396568 -0.00124372 -0.00396332 0.999991 0.0555051 0.00778284 -0.269015
FixedParameters: 0 0 0

#Transform 155
Transform: AffineTransform_float_3_3
Parameters: 0.999996 -0.00198669 0.00162317 0.00197996 0.99999 0.00411546 -0.00163145 -0.00411255 0.999991 0.0348481 0.000575908 -0.251309
FixedParameters: 0 0 0

#Transform 156
Transform: AffineTransform_float_3_3
Parameters: 0.999997 -0.00197228 0.00137074 0.00196741 0.99999 0.00419678 -0.00137923 -0.00419422 0.99999 0.0582486 0.00212907 -0.280372
FixedParameters: 0 0 0

#Transform 157
Transform: AffineTransform_float_3_3
Parameters: 0.999998 -0.00176579 0.0011751 0.00176049 0.999991 0.00396551 -0.00118211 -0.00396349 0.999992 0.0726198 -0.00133263 -0.257226
FixedParameters: 0 0 0

#Transform 158
Transform: AffineTransform_float_3_3
Parameters: 0.999996 -0.00201275 0.00166203 0.00200537 0.999989 0.00421757 -0.00167093 -0.00421442 0.99999 0.0570827 -0.0049802 -0.238472
FixedParameters: 0 0 0

#Transform 159
Transform: AffineTransform_float_3_3
Parameters: 0.999997 -0.00208861 0.00144727 0.00208284 0.99999 0.00396625 -0.00145539 -0.00396375 0.999991 0.060315 0.00305 -0.235827
FixedParameters: 0 0 0

#Transform 160
Transform: AffineTransform_float_3_3
Parameters: 0.999995 -0.00237201 0.00177008 0.00236407 0.999988 0.00433607 -0.00178073 -0.00433193 0.999989 0.0822565 0.00485366 -0.270358
FixedParameters: 0 0 0

#Transform 161
Transform: AffineTransform_float_3_3
Parameters: 0.999997 -0.00197984 0.00129338 0.00197349 0.999989 0.00430864 -0.0013016 -0.00430636 0.99999 0.0583719 0.000510527 -0.236923
FixedParameters: 0 0 0

#Transform 162
Transform: AffineTransform_float_3_3
Parameters: 0.999996 -0.00194428 0.00165907 0.00193556 0.999985 0.00513545 -0.00166951 -0.00513254 0.999985 0.058266 0.00867185 -0.247212
FixedParameters: 0 0 0

#Transform 163
Transform: AffineTransform_float_3_3
Parameters: 0.999995 -0.00249178 0.00162442 0.00248385 0.999987 0.00455641 -0.00163589 -0.00455259 0.999988 0.058722 0.00211809 -0.233754
FixedParameters: 0 0 0

#Transform 164
Transform: AffineTransform_float_3_3
Parameters: 0.999996 -0.00218468 0.0013948 0.00217838 0.999987 0.00458313 -0.00140452 -0.00457988 0.999989 0.0751075 -0.00570532 -0.313476
FixedParameters: 0 0 0

#Transform 165
Transform: AffineTransform_float_3_3
Parameters: 0.999995 -0.00252569 0.00154372 0.00251832 0.999986 0.00473826 -0.00155551 -0.00473474 0.999987 0.0671592 -0.00452925 -0.292822
FixedParameters: 0 0 0

#Transform 166
Transform: AffineTransform_float_3_3
Parameters: 0.999996 -0.00250295 0.00145551 0.00249646 0.999987 0.00458901 -0.00146726 -0.00458599 0.999988 0.0665824 -0.00667616 -0.276802
FixedParameters: 0 0 0

#Transform 167
Transform: AffineTransform_float_3_3
Parameters: 0.999996 -0.00249866 0.00119668 0.00249357 0.999986 0.00461107 -0.00120812 -0.00460792 0.999989 0.0810174 -0.00722299 -0.29637
FixedParameters: 0 0 0

#Transform 168
Transform: AffineTransform_float_3_3
Parameters: 0.999995 -0.00271176 0.00162989 0.00270419 0.999986 0.00455078 -0.00164242 -0.00454621 0.999988 0.07023 -0.00190253 -0.233614
FixedParameters: 0 0 0

#Transform 169
Transform: AffineTransform_float_3_3
Parameters: 0.999995 -0.00293781 0.00167237 0.00293013 0.999986 0.00431207 -0.00168425 -0.00430793 0.999989 0.074006 -0.0113324 -0.220842
FixedParameters: 0 0 0

#Transform 170
Transform: AffineTransform_float_3_3
Parameters: 0.999995 -0.0029365 0.00167518 0.0029295 0.999988 0.00398593 -0.00168605 -0.00398108 0.999991 0.073965 0.00192574 -0.229775
FixedParameters: 0 0 0

#Transform 171
Transform: AffineTransform_float_3_3
Parameters: 0.999995 -0.00265508 0.00127344 0.00265006 0.999988 0.00415496 -0.00128482 -0.00415105 0.999991 0.0686593 -0.00269567 -0.259059
FixedParameters: 0 0 0

#Transform 172
Transform: AffineTransform_float_3_3
Parameters: 0.999996 -0.00262809 0.00156756 0.00262132 0.999989 0.00393884 -0.00157757 -0.00393416 0.999991 0.0762421 0.00546169 -0.168162
FixedParameters: 0 0 0

#Transform 173
Transform: AffineTransform_float_3_3
Parameters: 0.999995 -0.00292481 0.00170297 0.00291734 0.999987 0.0039425 -0.00171441 -0.0039375 0.999991 0.073844 0.0179385 -0.185029
FixedParameters: 0 0 0

#Transform 174
Transform: AffineTransform_float_3_3
Parameters: 0.999995 -0.00292835 0.0013405 0.00292362 0.999989 0.00350029 -0.00134993 -0.00349671 0.999993 0.0892332 0.0126537 -0.247504
FixedParameters: 0 0 0

#Transform 175
Transform: AffineTransform_float_3_3
Parameters: 0.999995 -0.00296853 0.00159902 0.00296154 0.999987 0.00417111 -0.00161124 -0.00416589 0.99999 0.103084 0.0171141 -0.231179
FixedParameters: 0 0 0

#Transform 176
Transform: AffineTransform_float_3_3
Parameters: 0.999995 -0.00294397 0.00165768 0.00293648 0.999986 0.00429104 -0.00166949 -0.00428696 0.999989 0.0993644 0.0231482 -0.20135
FixedParameters: 0 0 0

#Transform 177
Transform: AffineTransform_float_3_3
Parameters: 0.999995 -0.00296807 0.00159987 0.00296161 0.999988 0.00388311 -0.00161131 -0.00387789 0.999991 0.0904307 0.0243915 -0.199941
FixedParameters: 0 0 0

#Transform 178
Transform: AffineTransform_float_3_3
Parameters: 0.999994 -0.00278709 0.00203108 0.00277909 0.999989 0.00398782 -0.00204155 -0.00398219 0.99999 0.0883476 0.0118977 -0.231153
FixedParameters: 0 0 0

#Transform 179
Transform: AffineTransform_float_3_3
Parameters: 0.999992 -0.00362009 0.001299 0.00361324 0.999979 0.00540522 -0.00131836 -0.00540079 0.999985 0.119588 0.0277473 -0.196573
FixedParameters: 0 0 0
