# transform file /out/sourcedata/freesurfer/sub-v1s10x0051128_ses-1/mri/transforms/cc_up.lta
# created by oesteban on Thu Mar 12 10:29:30 2026

type      = 0 # LINEAR_VOX_TO_VOX
nxforms   = 1
mean      = 129.0000 127.0000 119.0000
sigma     = 10000.0000
1 4 4
9.996687173843384e-01 -2.433516457676888e-02 -8.368784561753273e-03 3.289258241653442e+00 
2.433431148529053e-02 9.997037053108215e-01 -2.037161029875278e-04 1.293107128143311e+01 
8.371263742446899e-03 0.000000000000000e+00 9.999648928642273e-01 2.292919540405273e+01 
0.000000000000000e+00 0.000000000000000e+00 0.000000000000000e+00 1.000000000000000e+00 
src volume info
valid = 1  # volume info valid
filename = /out/sourcedata/freesurfer/sub-v1s10x0051128_ses-1/mri/norm.mgz
volume = 256 256 256
voxelsize = 1.000000000000000e+00 1.000000000000000e+00 1.000000000000000e+00
xras   = -1.000000000000000e+00 0.000000000000000e+00 0.000000000000000e+00
yras   = 0.000000000000000e+00 0.000000000000000e+00 -1.000000000000000e+00
zras   = 0.000000000000000e+00 1.000000000000000e+00 0.000000000000000e+00
cras   = 1.387512207031250e+00 -4.783142089843750e+00 2.445785522460938e+00
dst volume info
valid = 1  # volume info valid
filename = /out/sourcedata/freesurfer/sub-v1s10x0051128_ses-1/mri/norm.mgz
volume = 256 256 256
voxelsize = 1.000000000000000e+00 1.000000000000000e+00 1.000000000000000e+00
xras   = -1.000000000000000e+00 0.000000000000000e+00 0.000000000000000e+00
yras   = 0.000000000000000e+00 0.000000000000000e+00 -1.000000000000000e+00
zras   = 0.000000000000000e+00 1.000000000000000e+00 0.000000000000000e+00
cras   = 1.387512207031250e+00 -4.783142089843750e+00 2.445785522460938e+00
