#Insight Transform File V1.0
#Transform 0
Transform: AffineTransform_float_3_3
Parameters: 0.999999 -0.00081685 -0.000242953 0.000816496 0.999998 -0.0018142 0.000244605 0.0018138 0.999999 0.118445 0.183542 0.764088
FixedParameters: 0 0 0

#Transform 1
Transform: AffineTransform_float_3_3
Parameters: 0.999999 0.000909949 9.4642e-05 -0.000909576 1 0.000829402 -9.4444e-05 -0.000829599 0.999999 0.00434112 -0.0699977 -0.269099
FixedParameters: 0 0 0

#Transform 2
Transform: AffineTransform_float_3_3
Parameters: 0.999999 0.000640434 -0.000344251 -0.000640489 0.999999 0.000488221 0.000343955 -0.00048778 1 0.00685967 -0.083404 -0.342897
FixedParameters: 0 0 0

#Transform 3
Transform: AffineTransform_float_3_3
Parameters: 0.999999 0.000585318 -0.000415355 -0.000584884 0.999999 0.000522243 0.000415965 -0.000521757 1 0.00856315 -0.0697355 -0.313675
FixedParameters: 0 0 0

#Transform 4
Transform: AffineTransform_float_3_3
Parameters: 1 0.000914025 -0.000459879 -0.000913679 0.999999 0.000801061 0.000460422 -0.000800939 0.999999 0.00723424 -0.0446387 -0.266642
FixedParameters: 0 0 0

#Transform 5
Transform: AffineTransform_float_3_3
Parameters: 1 0.000646888 -7.51643e-05 -0.000647141 1 0.000912689 7.54252e-05 -0.000913311 0.999999 -0.00154731 -0.0679942 -0.331795
FixedParameters: 0 0 0

#Transform 6
Transform: AffineTransform_float_3_3
Parameters: 1 0.00104103 -0.000513843 -0.00104074 0.999999 0.000662176 0.0005143 -0.000661825 0.999999 -0.00705403 -0.0741308 -0.30121
FixedParameters: 0 0 0

#Transform 7
Transform: AffineTransform_float_3_3
Parameters: 0.999999 0.000859682 -0.000436897 -0.000859401 1 0.000768016 0.000437297 -0.000767984 0.999999 -0.00473696 -0.066479 -0.289859
FixedParameters: 0 0 0

#Transform 8
Transform: AffineTransform_float_3_3
Parameters: 0.999999 0.000833965 -0.000425847 -0.000833569 0.999999 0.000922996 0.000426466 -0.000923004 0.999999 -0.00657359 -0.0696162 -0.314469
FixedParameters: 0 0 0

#Transform 9
Transform: AffineTransform_float_3_3
Parameters: 1 0.000996033 -0.000494477 -0.00099552 0.999999 0.000913133 0.000495374 -0.000912867 0.999999 -0.00791273 -0.0788937 -0.398257
FixedParameters: 0 0 0

#Transform 10
Transform: AffineTransform_float_3_3
Parameters: 1 0.000874632 -0.000714538 -0.000873689 0.999999 0.000932778 0.000715248 -0.000932223 1 -0.00379795 -0.0968342 -0.38629
FixedParameters: 0 0 0

#Transform 11
Transform: AffineTransform_float_3_3
Parameters: 0.999999 0.000826498 -0.000422926 -0.00082631 1 0.00068399 0.000423136 -0.00068401 1 -0.00998802 -0.0712771 -0.34651
FixedParameters: 0 0 0

#Transform 12
Transform: AffineTransform_float_3_3
Parameters: 1 0.000917711 -0.000461434 -0.000917357 0.999999 0.000806217 0.000461994 -0.000806783 1 -0.0161685 -0.0670862 -0.398708
FixedParameters: 0 0 0

#Transform 13
Transform: AffineTransform_float_3_3
Parameters: 0.999999 0.000406653 -0.000642454 -0.000406917 1 0.000814902 0.000642587 -0.000815099 0.999999 0.00142768 -0.0900164 -0.416332
FixedParameters: 0 0 0

#Transform 14
Transform: AffineTransform_float_3_3
Parameters: 0.999999 0.000775093 -0.000400773 -0.000774617 0.999999 0.00108031 0.000401526 -0.00107969 1 -0.00414508 -0.0636179 -0.356503
FixedParameters: 0 0 0

#Transform 15
Transform: AffineTransform_float_3_3
Parameters: 1 0.000549382 -0.000305439 -0.000549281 0.999999 0.000804167 0.000305402 -0.000803832 0.999999 0.00266253 -0.09041 -0.408932
FixedParameters: 0 0 0

#Transform 16
Transform: AffineTransform_float_3_3
Parameters: 1 0.000549342 -0.00030551 -0.000549321 0.999999 0.000675168 0.000305331 -0.000674832 0.999999 -0.000304182 -0.109791 -0.470877
FixedParameters: 0 0 0

#Transform 17
Transform: AffineTransform_float_3_3
Parameters: 1 0.000350523 -1.60692e-05 -0.000350507 1 0.000513006 1.64288e-05 -0.000512994 1 0.00203941 -0.105903 -0.497129
FixedParameters: 0 0 0

#Transform 18
Transform: AffineTransform_float_3_3
Parameters: 1 0.000375958 -0.000358246 -0.000375765 1 0.000270135 0.000358449 -0.000269865 1 0.00159736 -0.128572 -0.542107
FixedParameters: 0 0 0

#Transform 19
Transform: AffineTransform_float_3_3
Parameters: 1 0.000467065 -0.000499203 -0.0004671 1 -3.47667e-05 0.00049917 3.5233e-05 1 0.00591638 -0.120276 -0.517336
FixedParameters: 0 0 0

#Transform 20
Transform: AffineTransform_float_3_3
Parameters: 1 0.000549224 -0.000305724 -0.00054944 1 0.000286168 0.000305117 -0.000285833 1 0.00955466 -0.116664 -0.528518
FixedParameters: 0 0 0

#Transform 21
Transform: AffineTransform_float_3_3
Parameters: 1 5.69863e-05 -0.000298023 -5.72158e-05 1 -0.000384983 0.000297979 0.000385017 1 0.0139676 -0.165692 -0.654764
FixedParameters: 0 0 0

#Transform 22
Transform: AffineTransform_float_3_3
Parameters: 1 -3.52785e-05 -0.000422911 3.47964e-05 1 -0.000570015 0.00042295 0.000569985 0.999999 0.0188648 -0.149857 -0.631017
FixedParameters: 0 0 0

#Transform 23
Transform: AffineTransform_float_3_3
Parameters: 1 0.00010075 -0.000202589 -0.000101029 1 -0.000686979 0.000202451 0.00068702 0.999999 0.00941259 -0.141257 -0.607989
FixedParameters: 0 0 0

#Transform 24
Transform: AffineTransform_float_3_3
Parameters: 1 -4.09229e-05 -5.54104e-05 4.08911e-05 1 -0.000287002 5.54339e-05 0.000286998 1 0.00792832 -0.123463 -0.620775
FixedParameters: 0 0 0

#Transform 25
Transform: AffineTransform_float_3_3
Parameters: 1 4.51039e-05 -0.000479773 -4.51471e-05 1 -4.49783e-05 0.000479769 4.50216e-05 1 0.0171475 -0.116237 -0.605926
FixedParameters: 0 0 0

#Transform 26
Transform: AffineTransform_float_3_3
Parameters: 1 1.79881e-05 -0.000556289 -1.81695e-05 1 -0.00016299 0.000556283 0.00016301 1 0.0154793 -0.1185 -0.636957
FixedParameters: 0 0 0

#Transform 27
Transform: AffineTransform_float_3_3
Parameters: 1 -5.93464e-05 -0.000564697 5.93803e-05 1 2.99665e-05 0.000564694 -3.00335e-05 1 0.0161661 -0.137761 -0.623055
FixedParameters: 0 0 0

#Transform 28
Transform: AffineTransform_float_3_3
Parameters: 1 -3.35335e-05 -5.85535e-05 3.35527e-05 1 0.000163998 5.85425e-05 -0.000164002 1 0.00797911 -0.111278 -0.621009
FixedParameters: 0 0 0

#Transform 29
Transform: AffineTransform_float_3_3
Parameters: 1 -0.000101308 -9.27938e-05 0.000101312 1 2.39906e-05 9.2789e-05 -2.40094e-05 1 0.0058505 -0.1226 -0.643042
FixedParameters: 0 0 0

#Transform 30
Transform: AffineTransform_float_3_3
Parameters: 1 -8.36441e-05 -0.000102478 8.37191e-05 1 0.000365991 0.000102416 -0.000366009 1 0.00822648 -0.102188 -0.606116
FixedParameters: 0 0 0

#Transform 31
Transform: AffineTransform_float_3_3
Parameters: 1 -0.000130597 -9.01408e-05 0.000130605 1 4.09882e-05 9.01301e-05 -4.10117e-05 1 0.00814401 -0.12332 -0.668027
FixedParameters: 0 0 0

#Transform 32
Transform: AffineTransform_float_3_3
Parameters: 1 -0.00021968 -9.80446e-05 0.000219783 1 0.000526978 9.7813e-05 -0.000527021 1 0.013662 -0.129462 -0.683335
FixedParameters: 0 0 0

#Transform 33
Transform: AffineTransform_float_3_3
Parameters: 1 -0.000159668 -6.91527e-05 0.000159717 1 0.000355989 6.9039e-05 -0.000356011 1 0.0087263 -0.125953 -0.682132
FixedParameters: 0 0 0

#Transform 34
Transform: AffineTransform_float_3_3
Parameters: 1 -0.000261193 -0.00015757 0.000261369 1 0.000559959 0.000157277 -0.000560041 1 0.00896915 -0.107131 -0.678906
FixedParameters: 0 0 0

#Transform 35
Transform: AffineTransform_float_3_3
Parameters: 1 0.000157932 -0.000139809 -0.000157912 1 7.20221e-05 0.000139831 -7.1978e-05 1 0.00408756 -0.109566 -0.649176
FixedParameters: 0 0 0

#Transform 36
Transform: AffineTransform_float_3_3
Parameters: 1 -0.000133885 -0.00028755 0.00013409 1 0.000357961 0.000287454 -0.000358038 1 0.00580646 -0.112968 -0.645771
FixedParameters: 0 0 0

#Transform 37
Transform: AffineTransform_float_3_3
Parameters: 1 -8.68897e-05 -3.59893e-05 8.69754e-05 1 0.001194 3.57817e-05 -0.001194 1 0.00815948 -0.0970607 -0.512355
FixedParameters: 0 0 0

#Transform 38
Transform: AffineTransform_float_3_3
Parameters: 1 0.000108355 -0.000118592 -0.000109386 1 0.00118301 0.00011832 -0.00118299 1 0.00496681 -0.102564 -0.577915
FixedParameters: 0 0 0

#Transform 39
Transform: AffineTransform_float_3_3
Parameters: 1 0.000158093 -0.000139627 -0.000158142 0.999999 0.00122402 0.000139093 -0.00122398 0.999999 0.00408704 -0.0949019 -0.600233
FixedParameters: 0 0 0

#Transform 40
Transform: AffineTransform_float_3_3
Parameters: 1 0.000158111 -0.000139605 -0.000158124 0.999999 0.00135802 0.000139114 -0.00135798 0.999999 0.00164559 -0.0725892 -0.600416
FixedParameters: 0 0 0

#Transform 41
Transform: AffineTransform_float_3_3
Parameters: 1 -0.000125572 -1.96132e-05 0.000125615 1 0.001102 1.93364e-05 -0.001102 1 0.00891275 -0.103991 -0.674698
FixedParameters: 0 0 0

#Transform 42
Transform: AffineTransform_float_3_3
Parameters: 1 -0.000178417 -9.06497e-05 0.000178637 0.999999 0.00121498 9.02159e-05 -0.00121502 1 0.00871502 -0.0955911 -0.616056
FixedParameters: 0 0 0

#Transform 43
Transform: AffineTransform_float_3_3
Parameters: 1 -5.92661e-05 -4.76714e-05 5.93687e-05 1 0.001078 4.75435e-05 -0.001078 1 0.00776611 -0.0969466 -0.659473
FixedParameters: 0 0 0

#Transform 44
Transform: AffineTransform_float_3_3
Parameters: 1 -0.000235014 -3.20234e-05 0.000235109 0.999999 0.00149599 3.13201e-05 -0.00149601 0.999999 0.0100692 -0.104205 -0.665372
FixedParameters: 0 0 0

#Transform 45
Transform: AffineTransform_float_3_3
Parameters: 1 -0.000266478 3.99948e-05 0.000265464 1 0.00117201 -4.02275e-05 -0.00117199 1 0.0113333 -0.101958 -0.689172
FixedParameters: 0 0 0

#Transform 46
Transform: AffineTransform_float_3_3
Parameters: 1 -0.000237007 2.75255e-05 0.000236942 1 0.00117401 -2.80819e-05 -0.00117399 1 0.00714736 -0.108567 -0.716238
FixedParameters: 0 0 0

#Transform 47
Transform: AffineTransform_float_3_3
Parameters: 1 -0.000297808 5.31465e-05 0.000297648 0.999999 0.00149602 -5.40373e-05 -0.00149598 0.999999 0.0118131 -0.0896586 -0.682593
FixedParameters: 0 0 0

#Transform 48
Transform: AffineTransform_float_3_3
Parameters: 1 -0.000255415 3.53992e-05 0.000255354 0.999999 0.000858008 -3.58374e-05 -0.00085799 0.999999 0.00681753 -0.0882783 -0.720789
FixedParameters: 0 0 0

#Transform 49
Transform: AffineTransform_float_3_3
Parameters: 1 -6.83964e-05 -0.000128515 6.88494e-05 0.999998 0.00176435 0.000128272 -0.00176365 0.999999 0.0069524 -0.0721559 -0.689376
FixedParameters: 0 0 0

#Transform 50
Transform: AffineTransform_float_3_3
Parameters: 1 0.00015812 -0.000139595 -0.000158115 0.999999 0.00142302 0.000139125 -0.00142298 0.999999 0.00409482 -0.0628246 -0.676967
FixedParameters: 0 0 0

#Transform 51
Transform: AffineTransform_float_3_3
Parameters: 1 -3.25189e-05 -5.89961e-05 3.27268e-05 0.999999 0.001764 5.8881e-05 -0.001764 0.999999 0.000903678 -0.091046 -0.747617
FixedParameters: 0 0 0

#Transform 52
Transform: AffineTransform_float_3_3
Parameters: 1 -0.000175303 1.34144e-06 0.000175298 0.999998 0.001616 -1.90801e-06 -0.001616 0.999998 0.00207652 -0.103463 -0.821109
FixedParameters: 0 0 0

#Transform 53
Transform: AffineTransform_float_3_3
Parameters: 1 -0.000119108 -2.2434e-05 0.000119192 0.999998 0.001881 2.19857e-05 -0.001881 0.999998 0.00878633 -0.0886018 -0.798266
FixedParameters: 0 0 0

#Transform 54
Transform: AffineTransform_float_3_3
Parameters: 1 -0.000283083 4.6841e-05 0.000282916 0.999999 0.00176401 -4.78395e-05 -0.00176399 0.999999 0.00770336 -0.0953832 -0.822507
FixedParameters: 0 0 0

#Transform 55
Transform: AffineTransform_float_3_3
Parameters: 0.999999 -0.000743458 -0.000292902 0.000744066 0.999998 0.00194678 0.000291317 -0.00194722 0.999998 0.03256 -0.101275 -0.838786
FixedParameters: 0 0 0

#Transform 56
Transform: AffineTransform_float_3_3
Parameters: 1 -0.00102414 -0.000263248 0.00102454 0.999998 0.00176658 0.000260941 -0.00176642 0.999998 0.0363136 -0.0952875 -0.771915
FixedParameters: 0 0 0

#Transform 57
Transform: AffineTransform_float_3_3
Parameters: 0.999999 -0.000855317 -0.000233551 0.000855579 0.999999 0.00169965 0.000231954 -0.00169935 0.999999 0.0163202 -0.0874864 -0.776374
FixedParameters: 0 0 0

#Transform 58
Transform: AffineTransform_float_3_3
Parameters: 0.999999 -0.000855356 -0.000233409 0.00085554 0.999998 0.00153365 0.000232096 -0.00153335 0.999998 0.00671499 -0.0927292 -0.812286
FixedParameters: 0 0 0

#Transform 59
Transform: AffineTransform_float_3_3
Parameters: 1 -0.000625026 -0.000330842 0.000625227 0.999999 0.00169964 0.000329108 -0.00169936 0.999999 0.00368234 -0.104376 -0.842371
FixedParameters: 0 0 0

#Transform 60
Transform: AffineTransform_float_3_3
Parameters: 1 -0.000624972 -0.000330944 0.00062528 0.999999 0.00186164 0.000329007 -0.00186136 0.999998 0.00864414 -0.100759 -0.836495
FixedParameters: 0 0 0

#Transform 61
Transform: AffineTransform_float_3_3
Parameters: 0.999999 -0.000723591 -0.000289202 0.000724042 0.999999 0.00169964 0.000288053 -0.00169936 0.999999 0.00235153 -0.112764 -0.894581
FixedParameters: 0 0 0

#Transform 62
Transform: AffineTransform_float_3_3
Parameters: 1 -0.00103356 -0.000655446 0.00103433 0.999998 0.00169917 0.000653633 -0.00169983 0.999998 0.00373862 -0.10901 -0.877492
FixedParameters: 0 0 0

#Transform 63
Transform: AffineTransform_float_3_3
Parameters: 1 -0.00049909 -0.000471938 0.000500039 0.999998 0.00156676 0.000471683 -0.00156723 0.999998 0.000371845 -0.106663 -0.851392
FixedParameters: 0 0 0

#Transform 64
Transform: AffineTransform_float_3_3
Parameters: 1 -0.000563333 -0.000356875 0.000563571 0.999998 0.0016268 0.000355433 -0.0016272 0.999998 -0.00293557 -0.0766974 -0.805536
FixedParameters: 0 0 0

#Transform 65
Transform: AffineTransform_float_3_3
Parameters: 0.999999 -0.000837488 -0.000581965 0.000838954 0.999999 0.00171736 0.000580397 -0.00171764 0.999998 -0.00633614 -0.0949141 -0.863169
FixedParameters: 0 0 0

#Transform 66
Transform: AffineTransform_float_3_3
Parameters: 1 -0.000788325 -0.000575428 0.000789025 0.999998 0.00141055 0.000573593 -0.00141145 0.999999 -0.00541147 -0.116434 -0.904385
FixedParameters: 0 0 0

#Transform 67
Transform: AffineTransform_float_3_3
Parameters: 1 -0.00101906 -0.000619961 0.00102005 0.999999 0.00122822 0.000618767 -0.00122878 0.999999 -0.000226282 -0.121708 -0.887655
FixedParameters: 0 0 0

#Transform 68
Transform: AffineTransform_float_3_3
Parameters: 0.999999 -0.00103893 -0.000666925 0.00104003 0.999999 0.00122215 0.000665695 -0.00122284 0.999999 -0.00190656 -0.0876213 -0.812362
FixedParameters: 0 0 0

#Transform 69
Transform: AffineTransform_float_3_3
Parameters: 1 -0.000938497 -0.000429131 0.000938851 0.999999 0.0010296 0.000428509 -0.0010304 1 -0.0072643 -0.106197 -0.847946
FixedParameters: 0 0 0

#Transform 70
Transform: AffineTransform_float_3_3
Parameters: 0.999999 -0.00108895 -0.0007846 0.00109004 0.999999 0.00102899 0.000783668 -0.00103001 0.999999 -0.00830343 -0.11703 -0.872268
FixedParameters: 0 0 0

#Transform 71
Transform: AffineTransform_float_3_3
Parameters: 0.999999 -0.000918141 -0.000381451 0.000918569 0.999999 0.00125565 0.000380456 -0.00125635 0.999999 -0.0106572 -0.113408 -0.883236
FixedParameters: 0 0 0

#Transform 72
Transform: AffineTransform_float_3_3
Parameters: 0.999999 -0.00124263 -0.000443082 0.00124337 0.999999 0.00143394 0.000440827 -0.00143506 0.999999 -0.00859814 -0.104024 -0.861164
FixedParameters: 0 0 0

#Transform 73
Transform: AffineTransform_float_3_3
Parameters: 0.999999 -0.00107547 -0.000753626 0.00107564 0.999998 0.00134204 0.00075152 -0.00134296 0.999998 -0.012135 -0.114743 -0.891656
FixedParameters: 0 0 0

#Transform 74
Transform: AffineTransform_float_3_3
Parameters: 1 -0.000954376 -0.000694964 0.000955269 0.999999 0.00102334 0.00069432 -0.00102466 0.999999 -0.0101628 -0.111833 -0.888078
FixedParameters: 0 0 0

#Transform 75
Transform: AffineTransform_float_3_3
Parameters: 1 -0.00101252 -0.000604171 0.00101331 0.999999 0.00109624 0.000603261 -0.00109676 0.999999 -0.00695831 -0.104786 -0.866449
FixedParameters: 0 0 0

#Transform 76
Transform: AffineTransform_float_3_3
Parameters: 0.999999 -0.00131959 -0.000599462 0.00132079 0.999998 0.00144042 0.00059697 -0.00144058 0.999999 -0.00532384 -0.0839143 -0.832289
FixedParameters: 0 0 0

#Transform 77
Transform: AffineTransform_float_3_3
Parameters: 1 -0.00103232 -0.000651257 0.00103336 0.999999 0.00121117 0.000650066 -0.00121182 0.999999 -0.00852943 -0.0820751 -0.874757
FixedParameters: 0 0 0

#Transform 78
Transform: AffineTransform_float_3_3
Parameters: 0.999998 -0.00167141 -0.00101715 0.00167238 0.999998 0.00119235 0.00101486 -0.00119364 0.999999 0.0074558 -0.0892791 -0.863488
FixedParameters: 0 0 0

#Transform 79
Transform: AffineTransform_float_3_3
Parameters: 0.999998 -0.00147963 -0.000584936 0.00148072 0.999998 0.00138698 0.00058214 -0.00138802 0.999999 0.0134823 -0.0974733 -0.814727
FixedParameters: 0 0 0

#Transform 80
Transform: AffineTransform_float_3_3
Parameters: 0.999998 -0.00154338 -0.000557506 0.00154399 0.999998 0.00102599 0.000555648 -0.00102701 0.999999 0.0119794 -0.10645 -0.866144
FixedParameters: 0 0 0

#Transform 81
Transform: AffineTransform_float_3_3
Parameters: 0.999998 -0.00158013 -0.000542161 0.00158088 0.999998 0.00118184 0.000539736 -0.00118216 0.999999 0.0237753 -0.0985755 -0.858181
FixedParameters: 0 0 0

#Transform 82
Transform: AffineTransform_float_3_3
Parameters: 0.999998 -0.00163648 -0.000517869 0.00163684 0.999998 0.000861848 0.000516359 -0.000862151 0.999999 0.0242744 -0.101693 -0.860605
FixedParameters: 0 0 0

#Transform 83
Transform: AffineTransform_float_3_3
Parameters: 0.999998 -0.00190357 -0.000847252 0.00190412 0.999998 0.00118308 0.000844445 -0.00118492 0.999999 0.0198194 -0.094619 -0.84942
FixedParameters: 0 0 0

#Transform 84
Transform: AffineTransform_float_3_3
Parameters: 0.999998 -0.00154234 -0.000558227 0.00154319 0.999998 0.00124083 0.000555709 -0.00124116 0.999998 0.0253089 -0.0881724 -0.83693
FixedParameters: 0 0 0

#Transform 85
Transform: AffineTransform_float_3_3
Parameters: 0.999998 -0.00209351 -0.000821026 0.00209424 0.999997 0.00109198 0.000819072 -0.00109402 0.999999 0.0326834 -0.106009 -0.884795
FixedParameters: 0 0 0

#Transform 86
Transform: AffineTransform_float_3_3
Parameters: 0.999997 -0.00216654 -0.000977682 0.00216758 0.999996 0.00154579 0.000973992 -0.00154721 0.999998 0.0384678 -0.0960218 -0.858806
FixedParameters: 0 0 0

#Transform 87
Transform: AffineTransform_float_3_3
Parameters: 0.999998 -0.00213059 -0.000891419 0.00213178 0.999997 0.00126464 0.000888648 -0.00126635 0.999999 0.0383496 -0.0934327 -0.888428
FixedParameters: 0 0 0

#Transform 88
Transform: AffineTransform_float_3_3
Parameters: 0.999998 -0.00214206 -0.000784057 0.00214351 0.999997 0.00101686 0.000781929 -0.00101814 0.999999 0.0339443 -0.108235 -0.917506
FixedParameters: 0 0 0

#Transform 89
Transform: AffineTransform_float_3_3
Parameters: 0.999998 -0.00176518 -0.00108505 0.00176643 0.999997 0.00124914 0.00108234 -0.00125086 0.999998 0.0356473 -0.0777953 -0.881997
FixedParameters: 0 0 0

#Transform 90
Transform: AffineTransform_float_3_3
Parameters: 0.999997 -0.00196582 -0.000981396 0.00196765 0.999997 0.00174277 0.00097847 -0.00174523 0.999998 0.0280301 -0.0624214 -0.840307
FixedParameters: 0 0 0

#Transform 91
Transform: AffineTransform_float_3_3
Parameters: 0.999997 -0.00226291 -0.000999533 0.00226619 0.999995 0.00251429 0.000994305 -0.00251672 0.999997 0.0532502 -0.0635393 -0.84089
FixedParameters: 0 0 0

#Transform 92
Transform: AffineTransform_float_3_3
Parameters: 0.999996 -0.0024354 -0.00138798 0.00243924 0.999994 0.00248353 0.0013815 -0.00248747 0.999997 0.0525962 -0.0676576 -0.82579
FixedParameters: 0 0 0

#Transform 93
Transform: AffineTransform_float_3_3
Parameters: 0.999997 -0.00226329 -0.000871017 0.00226526 0.999994 0.00235557 0.00086559 -0.00235742 0.999997 0.0506674 -0.0596178 -0.801094
FixedParameters: 0 0 0

#Transform 94
Transform: AffineTransform_float_3_3
Parameters: 0.999997 -0.0023462 -0.000892363 0.00234817 0.999994 0.00229345 0.000886837 -0.00229554 0.999997 0.0646274 -0.0584132 -0.791148
FixedParameters: 0 0 0

#Transform 95
Transform: AffineTransform_float_3_3
Parameters: 0.999996 -0.00247697 -0.000837396 0.0024779 0.999994 0.00238096 0.000831229 -0.00238304 0.999996 0.0632317 -0.0476791 -0.757165
FixedParameters: 0 0 0

#Transform 96
Transform: AffineTransform_float_3_3
Parameters: 0.999997 -0.00231555 -0.000905809 0.00231806 0.999994 0.00256145 0.00089918 -0.00256355 0.999997 0.0739592 -0.0390431 -0.785597
FixedParameters: 0 0 0

#Transform 97
Transform: AffineTransform_float_3_3
Parameters: 0.999996 -0.00269979 -0.000839696 0.00270205 0.999993 0.00270077 0.000832577 -0.00270323 0.999996 0.0655465 -0.0479211 -0.78756
FixedParameters: 0 0 0

#Transform 98
Transform: AffineTransform_float_3_3
Parameters: 0.999996 -0.002482 -0.00130702 0.00248564 0.999993 0.00276151 0.00130024 -0.00276449 0.999995 0.0603796 -0.0506157 -0.79748
FixedParameters: 0 0 0

#Transform 99
Transform: AffineTransform_float_3_3
Parameters: 0.999996 -0.00239099 -0.00134307 0.00239467 0.999993 0.0027007 0.00133708 -0.0027043 0.999996 0.0454956 -0.044764 -0.814598
FixedParameters: 0 0 0

#Transform 100
Transform: AffineTransform_float_3_3
Parameters: 0.999996 -0.00266952 -0.00144835 0.00267347 0.999993 0.00278174 0.00144173 -0.00278527 0.999995 0.0475492 -0.0410687 -0.803808
FixedParameters: 0 0 0

#Transform 101
Transform: AffineTransform_float_3_3
Parameters: 0.999997 -0.00238118 -0.00132022 0.00238454 0.999993 0.00277876 0.00131299 -0.00278223 0.999995 0.0408215 -0.0501132 -0.845675
FixedParameters: 0 0 0

#Transform 102
Transform: AffineTransform_float_3_3
Parameters: 0.999996 -0.00252797 -0.00125217 0.0025321 0.999993 0.00292259 0.00124524 -0.00292541 0.999995 0.0396167 -0.0529799 -0.854377
FixedParameters: 0 0 0

#Transform 103
Transform: AffineTransform_float_3_3
Parameters: 0.999997 -0.00233882 -0.00122153 0.00234198 0.999992 0.0031399 0.00121416 -0.0031421 0.999994 0.0375672 -0.0443579 -0.847585
FixedParameters: 0 0 0

#Transform 104
Transform: AffineTransform_float_3_3
Parameters: 0.999996 -0.00258387 -0.00134723 0.00258807 0.999991 0.00308727 0.00133951 -0.00309072 0.999994 0.0358096 -0.0364892 -0.888989
FixedParameters: 0 0 0

#Transform 105
Transform: AffineTransform_float_3_3
Parameters: 0.999996 -0.00252707 -0.00166986 0.00253169 0.999992 0.00328575 0.00166135 -0.00328926 0.999993 0.0331392 -0.0359344 -0.877912
FixedParameters: 0 0 0

#Transform 106
Transform: AffineTransform_float_3_3
Parameters: 0.999996 -0.00243984 -0.00146088 0.00244415 0.999993 0.00301719 0.00145347 -0.00302081 0.999994 0.0364779 -0.0346463 -0.886061
FixedParameters: 0 0 0

#Transform 107
Transform: AffineTransform_float_3_3
Parameters: 0.999995 -0.00290866 -0.00168174 0.00291488 0.99999 0.00323307 0.00167247 -0.00323793 0.999994 0.0401655 -0.028623 -0.861832
FixedParameters: 0 0 0

#Transform 108
Transform: AffineTransform_float_3_3
Parameters: 0.999995 -0.00258852 -0.00181523 0.00259371 0.999991 0.00317878 0.00180686 -0.00318322 0.999994 0.0375677 -0.00873361 -0.829372
FixedParameters: 0 0 0

#Transform 109
Transform: AffineTransform_float_3_3
Parameters: 0.999993 -0.00317475 -0.00170198 0.00317899 0.999991 0.00272241 0.00169332 -0.00272759 0.999995 0.0390724 -0.0267505 -0.901695
FixedParameters: 0 0 0

#Transform 110
Transform: AffineTransform_float_3_3
Parameters: 0.999994 -0.00309566 -0.00188102 0.00310138 0.999991 0.00285799 0.00187194 -0.00286401 0.999994 0.0309947 -0.00809783 -0.8606
FixedParameters: 0 0 0

#Transform 111
Transform: AffineTransform_float_3_3
Parameters: 0.999994 -0.00283762 -0.00186044 0.002843 0.999992 0.00279868 0.00185318 -0.00280432 0.999995 0.0367218 -0.0219812 -0.903208
FixedParameters: 0 0 0

#Transform 112
Transform: AffineTransform_float_3_3
Parameters: 0.999993 -0.00324223 -0.00199328 0.00324737 0.99999 0.0030132 0.00198313 -0.0030198 0.999993 0.0292023 -0.0297505 -0.929785
FixedParameters: 0 0 0

#Transform 113
Transform: AffineTransform_float_3_3
Parameters: 0.999993 -0.00303581 -0.00217971 0.00304242 0.999991 0.00288155 0.00217121 -0.00288845 0.999993 0.0178711 -0.0138907 -0.905683
FixedParameters: 0 0 0

#Transform 114
Transform: AffineTransform_float_3_3
Parameters: 0.999991 -0.00327439 -0.00271221 0.003281 0.999991 0.00255385 0.00270395 -0.00256315 0.999993 0.00133327 -0.0398325 -0.987227
FixedParameters: 0 0 0

#Transform 115
Transform: AffineTransform_float_3_3
Parameters: 0.99999 -0.00334268 -0.00270884 0.00335074 0.999991 0.00275553 0.00269979 -0.00276447 0.999992 -0.000736142 -0.0447059 -1.04675
FixedParameters: 0 0 0

#Transform 116
Transform: AffineTransform_float_3_3
Parameters: 0.999992 -0.00313008 -0.00277349 0.00313666 0.999993 0.00223041 0.00276629 -0.00223859 0.999994 -0.00776439 -0.0417668 -1.05055
FixedParameters: 0 0 0

#Transform 117
Transform: AffineTransform_float_3_3
Parameters: 0.999991 -0.00333151 -0.00287997 0.00333681 0.999993 0.0019245 0.00287391 -0.0019345 0.999995 -0.0116378 -0.0687331 -1.10846
FixedParameters: 0 0 0

#Transform 118
Transform: AffineTransform_float_3_3
Parameters: 0.99999 -0.00310639 -0.00303636 0.00311322 0.999993 0.00222817 0.00302967 -0.00223783 0.999994 0.0117889 -0.0229967 -1.03079
FixedParameters: 0 0 0

#Transform 119
Transform: AffineTransform_float_3_3
Parameters: 0.999992 -0.0030296 -0.00285643 0.00303633 0.999992 0.00244644 0.00285007 -0.00245456 0.999992 0.00326845 -0.0324867 -1.06772
FixedParameters: 0 0 0

#Transform 120
Transform: AffineTransform_float_3_3
Parameters: 0.99999 -0.00324501 -0.00285925 0.00325263 0.999991 0.00259881 0.00285084 -0.00260819 0.999993 0.0137091 -0.0264557 -1.03745
FixedParameters: 0 0 0

#Transform 121
Transform: AffineTransform_float_3_3
Parameters: 0.999992 -0.00303275 -0.00286109 0.003038 0.999993 0.00215957 0.00285423 -0.00216843 0.999994 0.0115207 -0.0200399 -1.07456
FixedParameters: 0 0 0

#Transform 122
Transform: AffineTransform_float_3_3
Parameters: 0.999991 -0.0033986 -0.00275895 0.00340451 0.999992 0.00221721 0.00275196 -0.0022268 0.999994 0.0185559 -0.0120889 -1.08089
FixedParameters: 0 0 0

#Transform 123
Transform: AffineTransform_float_3_3
Parameters: 0.999991 -0.00313428 -0.00310279 0.00314068 0.999992 0.00225888 0.00309618 -0.00226912 0.999993 0.020869 -0.0200206 -1.05083
FixedParameters: 0 0 0

#Transform 124
Transform: AffineTransform_float_3_3
Parameters: 0.999992 -0.00317895 -0.00265107 0.00318502 0.999993 0.00233695 0.00264429 -0.00234606 0.999993 0.0272321 -0.0333547 -1.05176
FixedParameters: 0 0 0

#Transform 125
Transform: AffineTransform_float_3_3
Parameters: 0.999991 -0.00335588 -0.00259298 0.00336224 0.999991 0.00244603 0.00258464 -0.00245497 0.999994 0.016142 -0.0223646 -1.06145
FixedParameters: 0 0 0

#Transform 126
Transform: AffineTransform_float_3_3
Parameters: 0.999994 -0.0028028 -0.00232098 0.00280884 0.999992 0.00274902 0.00231274 -0.00275498 0.999993 0.016059 -0.00791502 -1.0465
FixedParameters: 0 0 0

#Transform 127
Transform: AffineTransform_float_3_3
Parameters: 0.999993 -0.00316736 -0.00226741 0.0031738 0.999991 0.00281983 0.00225762 -0.00282716 0.999993 0.0147232 -0.0268985 -1.08012
FixedParameters: 0 0 0

#Transform 128
Transform: AffineTransform_float_3_3
Parameters: 0.999992 -0.00330144 -0.00247389 0.0033084 0.99999 0.00298021 0.00246398 -0.00298879 0.999993 0.0113599 -0.0231516 -1.08761
FixedParameters: 0 0 0

#Transform 129
Transform: AffineTransform_float_3_3
Parameters: 0.999993 -0.00324568 -0.00219223 0.00325081 0.999992 0.0024059 0.0021843 -0.0024131 0.999994 0.00614013 -0.0381743 -1.11652
FixedParameters: 0 0 0

#Transform 130
Transform: AffineTransform_float_3_3
Parameters: 0.999992 -0.00330379 -0.00226019 0.00331029 0.999991 0.0029594 0.00225002 -0.0029666 0.999993 0.0037707 -0.0301271 -1.13264
FixedParameters: 0 0 0

#Transform 131
Transform: AffineTransform_float_3_3
Parameters: 0.999993 -0.00301899 -0.00214286 0.00302484 0.999992 0.00262954 0.00213467 -0.00263545 0.999994 0.00736888 -0.0269721 -1.11378
FixedParameters: 0 0 0

#Transform 132
Transform: AffineTransform_float_3_3
Parameters: 0.999993 -0.00329803 -0.00211904 0.00330441 0.99999 0.00281503 0.0021104 -0.00282197 0.999994 0.00869133 -0.0146115 -1.14546
FixedParameters: 0 0 0

#Transform 133
Transform: AffineTransform_float_3_3
Parameters: 0.999993 -0.00310597 -0.00240501 0.00311225 0.999991 0.00281506 0.00239599 -0.00282294 0.999994 0.00275702 -0.0208367 -1.12522
FixedParameters: 0 0 0

#Transform 134
Transform: AffineTransform_float_3_3
Parameters: 0.999992 -0.00313516 -0.00227945 0.00314117 0.999991 0.00262223 0.00227201 -0.00262877 0.999994 0.00348683 -0.0230705 -1.13663
FixedParameters: 0 0 0

#Transform 135
Transform: AffineTransform_float_3_3
Parameters: 0.99999 -0.0034249 -0.00261216 0.00343201 0.999991 0.00267464 0.00260323 -0.00268336 0.999993 0.01292 -0.0263496 -1.17088
FixedParameters: 0 0 0

#Transform 136
Transform: AffineTransform_float_3_3
Parameters: 0.999992 -0.00325315 -0.00227703 0.00325878 0.999992 0.00242497 0.00226894 -0.00243203 0.999995 0.0167124 -0.0217554 -1.11262
FixedParameters: 0 0 0

#Transform 137
Transform: AffineTransform_float_3_3
Parameters: 0.999991 -0.00389069 -0.0020483 0.00389493 0.999991 0.00203623 0.00204068 -0.00204377 0.999996 0.0279455 -0.0194378 -1.18826
FixedParameters: 0 0 0

#Transform 138
Transform: AffineTransform_float_3_3
Parameters: 0.999991 -0.00347898 -0.00238154 0.00348404 0.999992 0.00200258 0.0023749 -0.00201142 0.999995 0.0349327 3.02322e-05 -1.14301
FixedParameters: 0 0 0

#Transform 139
Transform: AffineTransform_float_3_3
Parameters: 0.999991 -0.00376148 -0.00206938 0.00376609 0.999991 0.00210457 0.00206177 -0.00211243 0.999996 0.0294287 -0.0122554 -1.17404
FixedParameters: 0 0 0

#Transform 140
Transform: AffineTransform_float_3_3
Parameters: 0.999992 -0.00348889 -0.00206555 0.003493 0.999992 0.0023073 0.00205714 -0.0023147 0.999995 0.034556 -0.00393067 -1.1561
FixedParameters: 0 0 0

#Transform 141
Transform: AffineTransform_float_3_3
Parameters: 0.999991 -0.00380651 -0.0021482 0.00381165 0.999991 0.00215102 0.00214004 -0.00215897 0.999995 0.0496952 -0.0117573 -1.13589
FixedParameters: 0 0 0

#Transform 142
Transform: AffineTransform_float_3_3
Parameters: 0.999991 -0.00375116 -0.00203631 0.0037555 0.99999 0.00229872 0.00202767 -0.00230628 0.999995 0.0669534 -0.0297391 -1.18391
FixedParameters: 0 0 0

#Transform 143
Transform: AffineTransform_float_3_3
Parameters: 0.999989 -0.00416993 -0.00189443 0.00417493 0.999988 0.00230195 0.00188436 -0.00231005 0.999995 0.0872017 -0.0129602 -1.13457
FixedParameters: 0 0 0

#Transform 144
Transform: AffineTransform_float_3_3
Parameters: 0.999989 -0.00402519 -0.00212989 0.00403048 0.999988 0.00254763 0.00211929 -0.00255636 0.999994 0.0745459 -0.000115705 -1.14202
FixedParameters: 0 0 0

#Transform 145
Transform: AffineTransform_float_3_3
Parameters: 0.999989 -0.00426382 -0.00194863 0.00426845 0.999987 0.00275155 0.00193639 -0.00276045 0.999995 0.0795681 -0.00721319 -1.11443
FixedParameters: 0 0 0

#Transform 146
Transform: AffineTransform_float_3_3
Parameters: 0.999989 -0.00453178 -0.00168833 0.00453765 0.999984 0.00335819 0.00167318 -0.00336581 0.999993 0.112934 0.0182515 -1.00646
FixedParameters: 0 0 0

#Transform 147
Transform: AffineTransform_float_3_3
Parameters: 0.999988 -0.00461347 -0.001765 0.00461837 0.999985 0.00289369 0.00175136 -0.00290231 0.999994 0.101291 0.00997841 -1.09608
FixedParameters: 0 0 0

#Transform 148
Transform: AffineTransform_float_3_3
Parameters: 0.999989 -0.00438951 -0.00194169 0.00439559 0.999985 0.00317418 0.00192727 -0.00318281 0.999993 0.101038 0.0242379 -1.11987
FixedParameters: 0 0 0

#Transform 149
Transform: AffineTransform_float_3_3
Parameters: 0.999988 -0.00443346 -0.00199124 0.00443952 0.999985 0.00308972 0.00197729 -0.00309827 0.999993 0.0890516 0.00467578 -1.14515
FixedParameters: 0 0 0

#Transform 150
Transform: AffineTransform_float_3_3
Parameters: 0.999988 -0.00447383 -0.0019784 0.00447961 0.999985 0.0030377 0.00196467 -0.0030463 0.999993 0.088506 -0.0135917 -1.22935
FixedParameters: 0 0 0

#Transform 151
Transform: AffineTransform_float_3_3
Parameters: 0.999988 -0.00433504 -0.00238502 0.00434218 0.999987 0.00268992 0.00237382 -0.00270007 0.999993 0.0868183 0.00769852 -1.17508
FixedParameters: 0 0 0

#Transform 152
Transform: AffineTransform_float_3_3
Parameters: 0.999987 -0.00455874 -0.00220481 0.0045654 0.999985 0.0029235 0.00219159 -0.0029345 0.999993 0.0817395 0.0105673 -1.17102
FixedParameters: 0 0 0

#Transform 153
Transform: AffineTransform_float_3_3
Parameters: 0.999988 -0.0043345 -0.00238437 0.00434154 0.999986 0.00275293 0.00237171 -0.00276306 0.999993 0.0853791 0.0114501 -1.16977
FixedParameters: 0 0 0

#Transform 154
Transform: AffineTransform_float_3_3
Parameters: 0.999988 -0.00430142 -0.00230785 0.00430846 0.999986 0.00296149 0.00229489 -0.00297151 0.999993 0.0726251 0.0214304 -1.12137
FixedParameters: 0 0 0

#Transform 155
Transform: AffineTransform_float_3_3
Parameters: 0.999988 -0.00430227 -0.00230956 0.00430918 0.999986 0.00293048 0.00229687 -0.00294052 0.999994 0.0983283 0.0177619 -1.11899
FixedParameters: 0 0 0

#Transform 156
Transform: AffineTransform_float_3_3
Parameters: 0.999988 -0.00429564 -0.0022956 0.0043033 0.999986 0.00311205 0.00228137 -0.00312195 0.999992 0.106632 0.0260215 -1.1202
FixedParameters: 0 0 0

#Transform 157
Transform: AffineTransform_float_3_3
Parameters: 0.999987 -0.0046305 -0.00242549 0.00463787 0.999984 0.00329289 0.00241051 -0.00330411 0.999992 0.0997955 0.0102877 -1.16984
FixedParameters: 0 0 0

#Transform 158
Transform: AffineTransform_float_3_3
Parameters: 0.999986 -0.0046962 -0.00249358 0.00470247 0.999985 0.00276925 0.00248048 -0.00278074 0.999993 0.101775 -0.00629807 -1.16504
FixedParameters: 0 0 0

#Transform 159
Transform: AffineTransform_float_3_3
Parameters: 0.999988 -0.00437014 -0.00247573 0.00437935 0.999985 0.00341245 0.00246102 -0.00342355 0.999991 0.0955566 0.00132133 -1.17362
FixedParameters: 0 0 0

#Transform 160
Transform: AffineTransform_float_3_3
Parameters: 0.999987 -0.00453863 -0.00227995 0.00454626 0.999984 0.00336141 0.00226457 -0.00337159 0.999992 0.0699481 0.031837 -1.09259
FixedParameters: 0 0 0

#Transform 161
Transform: AffineTransform_float_3_3
Parameters: 0.999987 -0.00435955 -0.00265702 0.00436872 0.999985 0.00341925 0.00264181 -0.00342975 0.999991 0.0556578 0.043242 -1.05791
FixedParameters: 0 0 0

#Transform 162
Transform: AffineTransform_float_3_3
Parameters: 0.999987 -0.0042293 -0.00277086 0.00423872 0.999986 0.00322826 0.00275684 -0.00323973 0.999991 0.0437249 0.0411043 -1.09646
FixedParameters: 0 0 0

#Transform 163
Transform: AffineTransform_float_3_3
Parameters: 0.999987 -0.00434058 -0.00275907 0.00435035 0.999984 0.00366401 0.00274355 -0.00367599 0.99999 0.040684 0.0431162 -1.08741
FixedParameters: 0 0 0

#Transform 164
Transform: AffineTransform_float_3_3
Parameters: 0.999989 -0.00400747 -0.00263217 0.0040177 0.999985 0.00365559 0.00261747 -0.00366541 0.99999 0.044194 0.0484112 -1.09829
FixedParameters: 0 0 0

#Transform 165
Transform: AffineTransform_float_3_3
Parameters: 0.999988 -0.00426596 -0.00264713 0.00427488 0.999986 0.00328433 0.0026324 -0.00329567 0.999991 0.0364719 0.0383564 -1.11985
FixedParameters: 0 0 0

#Transform 166
Transform: AffineTransform_float_3_3
Parameters: 0.999987 -0.00422389 -0.00282626 0.00423377 0.999984 0.00357304 0.00281013 -0.00358495 0.999989 0.0300456 0.0659953 -1.07811
FixedParameters: 0 0 0

#Transform 167
Transform: AffineTransform_float_3_3
Parameters: 0.999988 -0.00400911 -0.00261111 0.00401962 0.999985 0.00373831 0.00259573 -0.00374869 0.99999 0.0228636 0.0850398 -1.0366
FixedParameters: 0 0 0

#Transform 168
Transform: AffineTransform_float_3_3
Parameters: 0.999989 -0.0039747 -0.00269018 0.00398493 0.999986 0.00357459 0.00267636 -0.00358541 0.999991 0.025801 0.0884456 -1.03561
FixedParameters: 0 0 0

#Transform 169
Transform: AffineTransform_float_3_3
Parameters: 0.999988 -0.00399504 -0.00287796 0.0040053 0.999986 0.00357363 0.00286347 -0.00358536 0.999989 0.017403 0.0742735 -1.07446
FixedParameters: 0 0 0

#Transform 170
Transform: AffineTransform_float_3_3
Parameters: 0.999989 -0.00352075 -0.00285926 0.00353142 0.999988 0.00357536 0.00284684 -0.00358563 0.999989 0.0123149 0.0711153 -1.07102
FixedParameters: 0 0 0

#Transform 171
Transform: AffineTransform_float_3_3
Parameters: 0.999985 -0.00443451 -0.00314428 0.00444494 0.999985 0.0031486 0.00313002 -0.00316239 0.99999 0.0191943 0.0632382 -1.10209
FixedParameters: 0 0 0

#Transform 172
Transform: AffineTransform_float_3_3
Parameters: 0.999988 -0.0040294 -0.00257693 0.00403842 0.999986 0.00349739 0.00256335 -0.00350761 0.999991 0.0153105 0.0675123 -1.08549
FixedParameters: 0 0 0

#Transform 173
Transform: AffineTransform_float_3_3
Parameters: 0.999988 -0.00400268 -0.0025972 0.00401248 0.999985 0.00362138 0.00258281 -0.00363162 0.99999 0.0309273 0.0828244 -1.06382
FixedParameters: 0 0 0

#Transform 174
Transform: AffineTransform_float_3_3
Parameters: 0.999989 -0.00396566 -0.00273001 0.00397506 0.999987 0.00327131 0.00271735 -0.0032817 0.999991 0.0145461 0.067658 -1.08209
FixedParameters: 0 0 0

#Transform 175
Transform: AffineTransform_float_3_3
Parameters: 0.999988 -0.00388443 -0.00300274 0.00389564 0.999986 0.00364883 0.00298754 -0.00366017 0.999989 0.0184289 0.076604 -1.05749
FixedParameters: 0 0 0

#Transform 176
Transform: AffineTransform_float_3_3
Parameters: 0.999989 -0.00377224 -0.00272618 0.00378232 0.999987 0.00347315 0.00271235 -0.00348384 0.999991 0.0279679 0.0701443 -1.08765
FixedParameters: 0 0 0

#Transform 177
Transform: AffineTransform_float_3_3
Parameters: 0.999986 -0.00448127 -0.00306006 0.00449015 0.999986 0.00298132 0.00304701 -0.00299468 0.999991 0.0285678 0.0415356 -1.14887
FixedParameters: 0 0 0

#Transform 178
Transform: AffineTransform_float_3_3
Parameters: 0.999988 -0.00387005 -0.00296176 0.00388049 0.999987 0.00350203 0.00294872 -0.00351297 0.999989 0.0327011 0.0734518 -1.0774
FixedParameters: 0 0 0

#Transform 179
Transform: AffineTransform_float_3_3
Parameters: 0.999987 -0.00404128 -0.00310741 0.00405083 0.999988 0.00295693 0.00309588 -0.00297007 0.999991 0.0322467 0.058163 -1.10174
FixedParameters: 0 0 0
