#Insight Transform File V1.0
#Transform 0
Transform: AffineTransform_float_3_3
Parameters: 1 0.00025485 0.000286268 -0.000255265 0.999999 0.000724927 -0.000285898 -0.000725073 0.999999 0.0221191 -0.184425 -0.300454
FixedParameters: 0 0 0

#Transform 1
Transform: AffineTransform_float_3_3
Parameters: 1 0.000620407 -0.000263383 -0.000620433 1 -4.88365e-05 0.000263322 4.91632e-05 1 -0.0113727 -0.0049043 -0.0344702
FixedParameters: 0 0 0

#Transform 2
Transform: AffineTransform_float_3_3
Parameters: 0.999999 0.000531765 -0.000666754 -0.000531717 1 3.63547e-05 0.000666792 -3.56456e-05 1 0.0130242 0.00347363 -0.0459374
FixedParameters: 0 0 0

#Transform 3
Transform: AffineTransform_float_3_3
Parameters: 0.999999 0.000650413 -0.000461567 -0.000650102 0.999999 0.0003373 0.000462005 -0.0003367 1 -0.00860727 -0.0284791 -0.154267
FixedParameters: 0 0 0

#Transform 4
Transform: AffineTransform_float_3_3
Parameters: 1 0.00052655 -0.000407482 -0.000526992 0.999999 -0.000542785 0.00040691 0.000543214 1 0.0101844 0.0061316 -0.150694
FixedParameters: 0 0 0

#Transform 5
Transform: AffineTransform_float_3_3
Parameters: 0.999999 0.000768248 -0.000391144 -0.000768131 0.999999 0.000150301 0.000391374 -0.000149699 1 -0.0106683 -0.0297134 -0.138244
FixedParameters: 0 0 0

#Transform 6
Transform: AffineTransform_float_3_3
Parameters: 0.999999 0.000794936 0.000107034 -0.000795368 0.999999 0.000190915 -0.00010765 -0.000191086 1 -0.015879 -0.0439033 -0.200941
FixedParameters: 0 0 0

#Transform 7
Transform: AffineTransform_float_3_3
Parameters: 0.999999 0.000577871 -0.000534699 -0.000578059 1 -0.000541051 0.000534994 0.00054095 1 0.0135473 -0.0118647 -0.166438
FixedParameters: 0 0 0

#Transform 8
Transform: AffineTransform_float_3_3
Parameters: 0.999999 0.000774181 1.97712e-06 -0.000774182 1 0.000444846 -1.28889e-06 -0.000444154 0.999999 -0.0117583 -0.0388417 -0.153562
FixedParameters: 0 0 0

#Transform 9
Transform: AffineTransform_float_3_3
Parameters: 0.999999 0.000763492 -0.000266717 -0.00076362 0.999999 -0.000239796 0.00026635 0.000240203 1 0.000328663 -0.02649 -0.182234
FixedParameters: 0 0 0

#Transform 10
Transform: AffineTransform_float_3_3
Parameters: 0.999999 0.000742601 -0.000377298 -0.000742734 0.999999 -0.00017672 0.000377035 0.00017728 1 0.00165772 -0.0243891 -0.150724
FixedParameters: 0 0 0

#Transform 11
Transform: AffineTransform_float_3_3
Parameters: 0.999999 0.000766148 8.36666e-06 -0.000766149 0.999999 8.49937e-05 -8.23643e-06 -8.50065e-05 1 -0.0114143 -0.049245 -0.219298
FixedParameters: 0 0 0

#Transform 12
Transform: AffineTransform_float_3_3
Parameters: 1 0.00026705 -0.000542654 -0.000267454 1 -0.000371855 0.000542455 0.000372145 1 0.0249464 0.0138517 -0.147345
FixedParameters: 0 0 0

#Transform 13
Transform: AffineTransform_float_3_3
Parameters: 0.999999 0.000734259 3.83229e-05 -0.000734279 0.999999 0.000263972 -3.79352e-05 -0.000264028 1 -0.0067203 -0.0299624 -0.214476
FixedParameters: 0 0 0

#Transform 14
Transform: AffineTransform_float_3_3
Parameters: 1 0.000470668 -0.000147839 -0.000470777 1 -0.00036993 0.000147491 0.000370069 1 0.0123549 0.00480966 -0.170791
FixedParameters: 0 0 0

#Transform 15
Transform: AffineTransform_float_3_3
Parameters: 1 0.0006511 7.81393e-05 -0.000651582 0.999999 0.000584949 -7.82977e-05 -0.000585051 1 -0.00791706 -0.0274253 -0.202649
FixedParameters: 0 0 0

#Transform 16
Transform: AffineTransform_float_3_3
Parameters: 1 0.000415441 -8.09241e-05 -0.000415505 1 -0.000398966 8.05926e-05 0.000399033 1 0.00756828 -0.00878068 -0.158534
FixedParameters: 0 0 0

#Transform 17
Transform: AffineTransform_float_3_3
Parameters: 1 0.000621558 1.33749e-05 -0.000621957 1 0.000306992 -1.39136e-05 -0.000307009 1 -0.000499699 -0.0290898 -0.210017
FixedParameters: 0 0 0

#Transform 18
Transform: AffineTransform_float_3_3
Parameters: 1 0.000434779 -0.000196514 -0.000434787 1 -2.09145e-05 0.000196495 2.10853e-05 1 0.00903386 -0.00335449 -0.163818
FixedParameters: 0 0 0

#Transform 19
Transform: AffineTransform_float_3_3
Parameters: 1 0.000667913 0.000138404 -0.00066849 0.999999 0.000671907 -0.000138427 -0.000672092 1 -0.0125541 -0.0415633 -0.223384
FixedParameters: 0 0 0

#Transform 20
Transform: AffineTransform_float_3_3
Parameters: 1 0.000589347 9.86235e-05 -0.000589371 1 0.000118942 -9.84833e-05 -0.000119058 1 0.00714036 -0.0212153 -0.238446
FixedParameters: 0 0 0

#Transform 21
Transform: AffineTransform_float_3_3
Parameters: 1 0.000109927 -0.000240052 -0.000109969 1 -8.79736e-05 0.000240033 8.80264e-05 1 0.020633 -0.00749162 -0.189929
FixedParameters: 0 0 0

#Transform 22
Transform: AffineTransform_float_3_3
Parameters: 1 0.000372127 -0.000195722 -0.000372824 1 0.000569073 0.000196537 -0.000568927 1 0.00801579 -0.0186159 -0.177758
FixedParameters: 0 0 0

#Transform 23
Transform: AffineTransform_float_3_3
Parameters: 1 0.000503762 -0.000208022 -0.000503494 0.999999 0.000644105 0.00020867 -0.000643895 1 0.00499201 -0.0522698 -0.238147
FixedParameters: 0 0 0

#Transform 24
Transform: AffineTransform_float_3_3
Parameters: 1 0.000425812 4.98446e-06 -0.000425811 1 -8.6002e-05 -5.0577e-06 8.59978e-05 1 0.0132743 -0.0185646 -0.26709
FixedParameters: 0 0 0

#Transform 25
Transform: AffineTransform_float_3_3
Parameters: 1 0.000451819 7.65821e-05 -0.000451832 1 8.79655e-05 -7.65026e-05 -8.80346e-05 1 -0.00145127 -0.00540301 -0.154807
FixedParameters: 0 0 0

#Transform 26
Transform: AffineTransform_float_3_3
Parameters: 1 0.000689046 0.000116242 -0.000689138 0.999999 0.00039592 -0.000115696 -0.00039608 1 -0.0154188 -0.0301335 -0.188513
FixedParameters: 0 0 0

#Transform 27
Transform: AffineTransform_float_3_3
Parameters: 1 0.000662574 0.000130833 -0.000662195 0.999999 0.000574913 -0.000131383 -0.000575087 1 -0.0159715 -0.0449406 -0.233365
FixedParameters: 0 0 0

#Transform 28
Transform: AffineTransform_float_3_3
Parameters: 1 0.000606368 0.000177309 -0.00060647 1 0.000287893 -0.00017696 -0.000288107 1 0.00144158 -0.0455024 -0.255008
FixedParameters: 0 0 0

#Transform 29
Transform: AffineTransform_float_3_3
Parameters: 1 7.87662e-05 -0.000221373 -7.87613e-05 1 1.10175e-05 0.000221374 -1.09826e-05 1 0.0170436 0.00388543 -0.188077
FixedParameters: 0 0 0

#Transform 30
Transform: AffineTransform_float_3_3
Parameters: 1 0.000546101 0.000166054 -0.000546277 1 0.000530757 -0.000165475 -0.000530243 0.999999 -0.0119754 -0.0221458 -0.203152
FixedParameters: 0 0 0

#Transform 31
Transform: AffineTransform_float_3_3
Parameters: 1 0.000154078 -9.25683e-05 -0.000154085 1 -3.59857e-05 9.25573e-05 3.60142e-05 1 0.00870751 0.01079 -0.180317
FixedParameters: 0 0 0

#Transform 32
Transform: AffineTransform_float_3_3
Parameters: 1 0.000443451 0.000382174 -0.000443638 1 0.000244831 -0.000381957 -0.000245169 1 -0.000723035 -0.00559627 -0.220151
FixedParameters: 0 0 0

#Transform 33
Transform: AffineTransform_float_3_3
Parameters: 1 0.000287098 0.000159561 -0.000287185 1 0.000270954 -0.000159405 -0.000271046 1 0.00265321 -0.00186301 -0.14767
FixedParameters: 0 0 0

#Transform 34
Transform: AffineTransform_float_3_3
Parameters: 1 0.000164465 -5.78655e-05 -0.000164467 1 -2.29904e-05 5.78579e-05 2.30095e-05 1 0.0103208 -0.0128784 -0.231685
FixedParameters: 0 0 0

#Transform 35
Transform: AffineTransform_float_3_3
Parameters: 1 0.000243375 8.47269e-05 -0.000243451 1 0.000448979 -8.45083e-05 -0.000449021 1 0.000341072 9.16717e-05 -0.144034
FixedParameters: 0 0 0

#Transform 36
Transform: AffineTransform_float_3_3
Parameters: 1 4.64152e-05 -1.86181e-05 -4.64168e-05 1 -4.29991e-05 1.86141e-05 4.30009e-05 1 0.00215334 0.00159272 -0.205852
FixedParameters: 0 0 0

#Transform 37
Transform: AffineTransform_float_3_3
Parameters: 1 0.000363101 0.000118753 -0.000363256 0.999999 0.000651957 -0.000118279 -0.000652043 1 0.00217686 -0.0161656 -0.157364
FixedParameters: 0 0 0

#Transform 38
Transform: AffineTransform_float_3_3
Parameters: 1 0.000466714 0.000209538 -0.000467004 0.999999 0.000692902 -0.000208891 -0.000693097 0.999999 -0.00292409 -0.0406857 -0.238835
FixedParameters: 0 0 0

#Transform 39
Transform: AffineTransform_float_3_3
Parameters: 1 0.000139538 -2.44353e-05 -0.000139528 1 0.000211003 2.44942e-05 -0.000210997 1 0.00627795 -0.0123871 -0.247904
FixedParameters: 0 0 0

#Transform 40
Transform: AffineTransform_float_3_3
Parameters: 1 0.000228395 -1.20258e-05 -0.000228376 0.999999 0.000797002 1.23899e-05 -0.000796997 0.999999 0.00121868 -0.025515 -0.200097
FixedParameters: 0 0 0

#Transform 41
Transform: AffineTransform_float_3_3
Parameters: 1 0.000181954 0.000129158 -0.000181922 1 -0.000125023 -0.000129203 0.000124976 1 0.00444967 -0.00241789 -0.201078
FixedParameters: 0 0 0

#Transform 42
Transform: AffineTransform_float_3_3
Parameters: 1 0.000410203 0.000317101 -0.000409714 0.999999 0.00067987 -0.000316934 -0.00068013 0.999999 -0.00726302 -0.0335296 -0.225038
FixedParameters: 0 0 0

#Transform 43
Transform: AffineTransform_float_3_3
Parameters: 1 0.00033781 0.000171815 -0.00033802 1 0.000613942 -0.0001714 -0.000614058 1 -0.00225996 -0.046607 -0.259568
FixedParameters: 0 0 0

#Transform 44
Transform: AffineTransform_float_3_3
Parameters: 1 8.86432e-05 2.97718e-05 -8.86779e-05 1 0.000582997 -2.96684e-05 -0.000583002 1 0.00310443 -0.043387 -0.226486
FixedParameters: 0 0 0

#Transform 45
Transform: AffineTransform_float_3_3
Parameters: 1 0.000256118 1.73421e-05 -0.000256123 1 0.000159996 -1.72601e-05 -0.000160004 1 0.00447498 -0.00941131 -0.226957
FixedParameters: 0 0 0

#Transform 46
Transform: AffineTransform_float_3_3
Parameters: 1 0.000251282 0.000385522 -0.000251842 0.999999 0.000726903 -0.000385156 -0.000727096 0.999999 -0.00530952 -0.0368022 -0.244522
FixedParameters: 0 0 0

#Transform 47
Transform: AffineTransform_float_3_3
Parameters: 1 0.000155602 0.000277253 -0.000155775 1 0.000312957 -0.000277155 -0.000313043 1 -0.00359506 -0.00517975 -0.204072
FixedParameters: 0 0 0

#Transform 48
Transform: AffineTransform_float_3_3
Parameters: 1 0.000251253 0.000187822 -0.000251403 1 0.000399953 -0.000187621 -0.000400047 1 -0.000766816 -0.0139312 -0.264481
FixedParameters: 0 0 0

#Transform 49
Transform: AffineTransform_float_3_3
Parameters: 1 0.000262581 7.12121e-05 -0.00026268 0.999999 0.000699981 -7.08444e-05 -0.000700018 1 -0.00209558 -0.0260626 -0.227002
FixedParameters: 0 0 0

#Transform 50
Transform: AffineTransform_float_3_3
Parameters: 1 0.0002246 -1.59038e-05 -0.000224582 1 0.000557003 1.6154e-05 -0.000556996 1 0.00271843 -0.013826 -0.206555
FixedParameters: 0 0 0

#Transform 51
Transform: AffineTransform_float_3_3
Parameters: 1 0.000302051 0.000350894 -0.000302156 1 0.000148894 -0.000350804 -0.000149106 1 -0.00529794 -0.0195052 -0.260698
FixedParameters: 0 0 0

#Transform 52
Transform: AffineTransform_float_3_3
Parameters: 1 0.000338833 0.000205077 -0.000339521 0.999999 0.00072293 -0.000205507 -0.000723069 0.999999 -0.00898549 -0.0203173 -0.176461
FixedParameters: 0 0 0

#Transform 53
Transform: AffineTransform_float_3_3
Parameters: 1 0.000199973 0.000141124 -0.000200062 1 0.000315972 -0.000140997 -0.000316028 1 -0.00219782 -0.0288234 -0.250808
FixedParameters: 0 0 0

#Transform 54
Transform: AffineTransform_float_3_3
Parameters: 1 0.000122956 0.000146652 -0.000123148 1 0.000652982 -0.000146491 -0.000653018 1 -0.00300566 -0.0243103 -0.19432
FixedParameters: 0 0 0

#Transform 55
Transform: AffineTransform_float_3_3
Parameters: 1 2.98947e-06 0.000258294 -3.3609e-06 0.999999 0.000718999 -0.00025829 -0.000719 0.999999 0.00141791 -0.0347423 -0.265959
FixedParameters: 0 0 0

#Transform 56
Transform: AffineTransform_float_3_3
Parameters: 1 -8.9324e-07 0.000113315 6.80432e-07 0.999999 0.000938999 -0.000113316 -0.000938999 0.999999 -0.00404252 -0.0323455 -0.219293
FixedParameters: 0 0 0

#Transform 57
Transform: AffineTransform_float_3_3
Parameters: 1 -8.97608e-05 8.80228e-05 8.96902e-05 1 0.000401008 -8.80948e-05 -0.000400992 1 0.00432471 -0.0178619 -0.256721
FixedParameters: 0 0 0

#Transform 58
Transform: AffineTransform_float_3_3
Parameters: 1 -0.000156487 2.28212e-05 0.000156446 0.999999 0.000898003 -2.31022e-05 -0.000897996 0.999999 0.007141 -0.0511593 -0.247016
FixedParameters: 0 0 0

#Transform 59
Transform: AffineTransform_float_3_3
Parameters: 1 -0.000213009 -2.59306e-05 0.000213036 1 0.000528994 2.57053e-05 -0.000529005 1 0.0168507 -0.0303192 -0.247579
FixedParameters: 0 0 0

#Transform 60
Transform: AffineTransform_float_3_3
Parameters: 1 -5.49225e-05 0.000337088 5.42988e-05 0.999999 0.000925018 -0.000337189 -0.000924981 0.999999 0.000697918 -0.0484269 -0.278466
FixedParameters: 0 0 0

#Transform 61
Transform: AffineTransform_float_3_3
Parameters: 1 -5.68194e-05 0.000298901 5.69923e-05 1 0.000365017 -0.000298022 -0.000364983 1 0.000539735 -0.0358923 -0.216137
FixedParameters: 0 0 0

#Transform 62
Transform: AffineTransform_float_3_3
Parameters: 1 6.95465e-06 0.000275116 -7.15769e-06 1 0.000368998 -0.00027511 -0.000369002 1 0.00186233 -0.0134157 -0.226355
FixedParameters: 0 0 0

#Transform 63
Transform: AffineTransform_float_3_3
Parameters: 1 -7.39561e-06 0.000272431 7.7564e-06 1 0.00102616 -0.000272837 -0.00102685 1 -0.0028485 -0.0294707 -0.209015
FixedParameters: 0 0 0

#Transform 64
Transform: AffineTransform_float_3_3
Parameters: 1 -0.000156049 0.000116128 0.000155954 1 0.000408018 -0.000116255 -0.000407982 1 0.0123658 -0.0124196 -0.223817
FixedParameters: 0 0 0

#Transform 65
Transform: AffineTransform_float_3_3
Parameters: 1 -3.7666e-05 0.000395983 3.67733e-05 1 0.00112702 -0.000396067 -0.00112699 1 -0.00439707 -0.0256062 -0.212958
FixedParameters: 0 0 0

#Transform 66
Transform: AffineTransform_float_3_3
Parameters: 1 -0.000509442 0.00036371 0.000509135 0.999999 0.000422338 -0.000364141 -0.000422662 1 0.0248337 0.00202342 -0.231972
FixedParameters: 0 0 0

#Transform 67
Transform: AffineTransform_float_3_3
Parameters: 1 -2.92384e-05 0.000416233 2.80087e-05 0.999999 0.00147701 -0.000416318 -0.00147699 0.999999 -0.00520833 -0.0408686 -0.224209
FixedParameters: 0 0 0

#Transform 68
Transform: AffineTransform_float_3_3
Parameters: 1 -2.82083e-05 0.000418092 2.78673e-05 0.999999 0.000876011 -0.000417221 -0.000875988 0.999999 0.00190351 -0.0405472 -0.259258
FixedParameters: 0 0 0

#Transform 69
Transform: AffineTransform_float_3_3
Parameters: 1 -5.20741e-05 0.000361909 5.12792e-05 1 0.00109802 -0.000362023 -0.00109798 1 0.00204714 -0.0343435 -0.194081
FixedParameters: 0 0 0

#Transform 70
Transform: AffineTransform_float_3_3
Parameters: 1 -4.62884e-05 0.000374843 4.61242e-05 1 0.000219017 -0.000374863 -0.000218983 1 0.00353781 -0.0217944 -0.204084
FixedParameters: 0 0 0

#Transform 71
Transform: AffineTransform_float_3_3
Parameters: 1 -5.1582e-05 0.000362845 5.09898e-05 0.999999 0.000816018 -0.000362928 -0.000815981 0.999999 -0.00316039 -0.0209956 -0.153121
FixedParameters: 0 0 0

#Transform 72
Transform: AffineTransform_float_3_3
Parameters: 1 -3.93575e-05 0.000391404 3.89888e-05 1 0.000471015 -0.000391441 -0.000470984 1 -0.00176087 -0.0200926 -0.21095
FixedParameters: 0 0 0

#Transform 73
Transform: AffineTransform_float_3_3
Parameters: 1 -7.46272e-05 0.000308507 7.40508e-05 0.999999 0.000934022 -0.000308646 -0.000933976 0.999999 -0.0030373 -0.0233359 -0.161733
FixedParameters: 0 0 0

#Transform 74
Transform: AffineTransform_float_3_3
Parameters: 1 -1.79871e-05 0.000442038 1.73788e-05 1 0.000688007 -0.000442062 -0.000687992 0.999999 -0.00124748 -0.00754567 -0.17611
FixedParameters: 0 0 0

#Transform 75
Transform: AffineTransform_float_3_3
Parameters: 1 -0.000106595 0.000530539 0.000105599 0.999999 0.000938055 -0.000530738 -0.000937943 0.999999 -0.000392252 -0.0262573 -0.215274
FixedParameters: 0 0 0

#Transform 76
Transform: AffineTransform_float_3_3
Parameters: 1 -0.000406247 0.000394679 0.000405605 0.999999 0.000813159 -0.000395339 -0.000812839 0.999999 0.0174693 -0.00363715 -0.147083
FixedParameters: 0 0 0

#Transform 77
Transform: AffineTransform_float_3_3
Parameters: 1 -0.000382251 0.000551592 0.000381448 1 0.00108321 -0.000551499 -0.00108279 1 0.014704 -0.0181067 -0.178215
FixedParameters: 0 0 0

#Transform 78
Transform: AffineTransform_float_3_3
Parameters: 0.999999 -0.000389916 0.000600346 0.000388828 0.999999 0.00123223 -0.000600385 -0.00123177 0.999999 0.0117 -0.0272908 -0.193772
FixedParameters: 0 0 0

#Transform 79
Transform: AffineTransform_float_3_3
Parameters: 1 -0.000154904 0.000118856 0.000154755 1 0.000624018 -0.00011905 -0.000623981 1 0.00829949 -0.0109511 -0.189473
FixedParameters: 0 0 0

#Transform 80
Transform: AffineTransform_float_3_3
Parameters: 0.999999 -0.00066585 0.00043055 0.000665309 0.999999 0.00108229 -0.00043107 -0.00108171 1 0.0252756 -0.0328968 -0.223743
FixedParameters: 0 0 0

#Transform 81
Transform: AffineTransform_float_3_3
Parameters: 1 -0.000282828 0.000427114 0.000282521 0.999999 0.00081712 -0.000426655 -0.000816879 0.999999 0.0121497 -0.0155782 -0.160505
FixedParameters: 0 0 0

#Transform 82
Transform: AffineTransform_float_3_3
Parameters: 1 -0.000297315 0.000485319 0.000296409 1 0.000933145 -0.000485873 -0.000932857 1 0.0104072 -0.0130511 -0.211448
FixedParameters: 0 0 0

#Transform 83
Transform: AffineTransform_float_3_3
Parameters: 1 -0.000268635 0.00055568 0.00026793 1 0.00098615 -0.000555289 -0.000985852 1 0.00144535 0.00823629 -0.151166
FixedParameters: 0 0 0

#Transform 84
Transform: AffineTransform_float_3_3
Parameters: 1 -0.000306415 0.000430511 0.000305966 1 0.000975133 -0.000430187 -0.000974869 1 0.00728506 -0.0159608 -0.153932
FixedParameters: 0 0 0

#Transform 85
Transform: AffineTransform_float_3_3
Parameters: 0.999999 -0.000369993 0.000677887 0.000369107 1 0.000942251 -0.000677662 -0.00094175 1 0.00109874 -0.0229436 -0.204546
FixedParameters: 0 0 0

#Transform 86
Transform: AffineTransform_float_3_3
Parameters: 1 -0.000417221 0.00032005 0.0004167 0.999999 0.000813133 -0.000320728 -0.000812866 0.999999 0.0174486 -0.0118983 -0.184267
FixedParameters: 0 0 0

#Transform 87
Transform: AffineTransform_float_3_3
Parameters: 0.999999 -0.00017838 0.000697571 0.000176522 0.999999 0.00133112 -0.000698043 -0.00133088 0.999999 -0.00149041 -0.0389058 -0.231387
FixedParameters: 0 0 0

#Transform 88
Transform: AffineTransform_float_3_3
Parameters: 1 -0.000377047 0.000530124 0.000376393 0.999999 0.000617199 -0.000530589 -0.0006168 0.999999 0.00756102 0.0118131 -0.15039
FixedParameters: 0 0 0

#Transform 89
Transform: AffineTransform_float_3_3
Parameters: 1 -0.00033303 0.00053419 0.0003322 0.999999 0.000777177 -0.000534707 -0.000776821 0.999999 0.0122686 -0.0247639 -0.207617
FixedParameters: 0 0 0

#Transform 90
Transform: AffineTransform_float_3_3
Parameters: 0.999999 -0.000553173 0.000514455 0.000552718 1 0.000821925 -0.000514443 -0.000822075 0.999999 0.0141932 0.00109743 -0.158132
FixedParameters: 0 0 0

#Transform 91
Transform: AffineTransform_float_3_3
Parameters: 0.999999 -0.000581626 0.000462566 0.000581025 0.999999 0.000649268 -0.000463321 -0.00064873 0.999999 0.0178943 0.0119554 -0.19325
FixedParameters: 0 0 0

#Transform 92
Transform: AffineTransform_float_3_3
Parameters: 0.999999 -0.000313903 0.000636498 0.000313432 0.999999 0.0014002 -0.000636846 -0.0013998 0.999999 0.000483998 -0.0241936 -0.203904
FixedParameters: 0 0 0

#Transform 93
Transform: AffineTransform_float_3_3
Parameters: 1 -0.000580163 0.000168677 0.000580318 1 0.000698945 -0.000168568 -0.000698054 0.999999 0.021702 0.000470689 -0.187769
FixedParameters: 0 0 0

#Transform 94
Transform: AffineTransform_float_3_3
Parameters: 0.999999 -0.000364251 0.000629862 0.000363486 1 0.00091823 -0.00062961 -0.000917772 1 0.00837581 -0.00702709 -0.204588
FixedParameters: 0 0 0

#Transform 95
Transform: AffineTransform_float_3_3
Parameters: 0.999999 -0.000416994 0.000641293 0.00041574 1 0.000977268 -0.000642106 -0.000976733 1 0.00480143 0.00649192 -0.13733
FixedParameters: 0 0 0

#Transform 96
Transform: AffineTransform_float_3_3
Parameters: 1 -0.000441428 0.000216683 0.000441799 1 4.50956e-05 -0.000215802 -4.49046e-05 1 0.0147556 0.0429115 -0.160814
FixedParameters: 0 0 0

#Transform 97
Transform: AffineTransform_float_3_3
Parameters: 0.999999 -0.000456699 0.000596218 0.00045595 1 0.000955912 -0.00059617 -0.000956087 0.999999 0.00829691 0.020962 -0.152249
FixedParameters: 0 0 0

#Transform 98
Transform: AffineTransform_float_3_3
Parameters: 0.999999 -0.000463106 0.00054488 0.000462449 0.999999 0.000603252 -0.000545438 -0.000602747 0.999999 0.014463 0.0452408 -0.162415
FixedParameters: 0 0 0

#Transform 99
Transform: AffineTransform_float_3_3
Parameters: 0.999999 -0.000359962 0.000772759 0.000360102 1 0.000505278 -0.000773513 -0.000504721 0.999999 0.00352682 0.0187677 -0.213214
FixedParameters: 0 0 0

#Transform 100
Transform: AffineTransform_float_3_3
Parameters: 0.999999 -0.000666686 0.000531048 0.000665828 1 0.000806994 -0.000532123 -0.000807005 0.999999 0.0223561 0.0311921 -0.168531
FixedParameters: 0 0 0

#Transform 101
Transform: AffineTransform_float_3_3
Parameters: 0.999999 -0.000596293 0.000484198 0.000596311 0.999999 0.000384441 -0.000483736 -0.000384559 1 0.023346 0.0446327 -0.212445
FixedParameters: 0 0 0

#Transform 102
Transform: AffineTransform_float_3_3
Parameters: 1 -0.000664059 0.000593818 0.000663243 1 0.00101639 -0.000594246 -0.00101561 1 0.0174343 0.00283834 -0.231061
FixedParameters: 0 0 0

#Transform 103
Transform: AffineTransform_float_3_3
Parameters: 0.999999 -0.000763215 0.000441598 0.000762489 1 0.000820977 -0.000442851 -0.000821022 0.999999 0.0252747 0.0248083 -0.191223
FixedParameters: 0 0 0

#Transform 104
Transform: AffineTransform_float_3_3
Parameters: 0.999999 -0.000705557 0.000693079 0.000705421 1 0.000761129 -0.000694543 -0.00076087 0.999999 0.0180459 -7.64722e-06 -0.254253
FixedParameters: 0 0 0

#Transform 105
Transform: AffineTransform_float_3_3
Parameters: 1 -0.000879528 0.000408021 0.000879013 0.999999 0.00110851 -0.00040905 -0.00110849 1 0.0341639 0.00997609 -0.186326
FixedParameters: 0 0 0

#Transform 106
Transform: AffineTransform_float_3_3
Parameters: 0.999999 -0.0007141 0.000311394 0.000713794 0.999999 0.000490222 -0.000312093 -0.000489777 1 0.0268763 0.00693673 -0.2429
FixedParameters: 0 0 0

#Transform 107
Transform: AffineTransform_float_3_3
Parameters: 0.999999 -0.000678312 0.000426866 0.000677508 0.999999 0.00139829 -0.00042784 -0.00139771 0.999999 0.0201579 -0.0320727 -0.226885
FixedParameters: 0 0 0

#Transform 108
Transform: AffineTransform_float_3_3
Parameters: 0.999999 -0.00076903 0.000443191 0.000768893 1 0.000595981 -0.000443187 -0.000596019 1 0.0282359 0.0121044 -0.207761
FixedParameters: 0 0 0

#Transform 109
Transform: AffineTransform_float_3_3
Parameters: 0.999999 -0.000608094 0.000574579 0.00060707 1 0.00089135 -0.000575662 -0.000890651 1 0.0158679 -0.00120273 -0.253833
FixedParameters: 0 0 0

#Transform 110
Transform: AffineTransform_float_3_3
Parameters: 0.999999 -0.000631582 0.000496236 0.000630703 0.999999 0.00127831 -0.000496929 -0.00127769 0.999999 0.0199098 4.76655e-06 -0.225547
FixedParameters: 0 0 0

#Transform 111
Transform: AffineTransform_float_3_3
Parameters: 0.999999 -0.000768254 0.000544968 0.00076762 1 0.000581059 -0.000545861 -0.000580941 1 0.0247933 0.0367779 -0.223135
FixedParameters: 0 0 0

#Transform 112
Transform: AffineTransform_float_3_3
Parameters: 0.999999 -0.000422127 0.00058046 0.000421873 1 0.00101125 -0.000581704 -0.00101076 1 0.00638621 0.0131867 -0.172874
FixedParameters: 0 0 0

#Transform 113
Transform: AffineTransform_float_3_3
Parameters: 0.999999 -0.000529088 0.000651447 0.000528515 0.999999 0.00144534 -0.000652445 -0.00144465 0.999998 0.00982128 -0.010265 -0.217853
FixedParameters: 0 0 0

#Transform 114
Transform: AffineTransform_float_3_3
Parameters: 1 -0.000480324 0.000805514 0.00047908 0.999999 0.00158539 -0.000806504 -0.00158461 0.999999 0.00680615 -0.0204501 -0.233892
FixedParameters: 0 0 0

#Transform 115
Transform: AffineTransform_float_3_3
Parameters: 0.999999 -0.000607919 0.00043934 0.000607356 0.999998 0.00153027 -0.000439358 -0.00152973 0.999998 0.0158665 -0.0222934 -0.256727
FixedParameters: 0 0 0

#Transform 116
Transform: AffineTransform_float_3_3
Parameters: 0.999999 -0.000594899 0.000416293 0.000593827 0.999999 0.00175425 -0.000417458 -0.00175375 0.999999 0.0204472 -0.0380314 -0.2561
FixedParameters: 0 0 0

#Transform 117
Transform: AffineTransform_float_3_3
Parameters: 1 -0.000749419 0.000676794 0.000748632 0.999999 0.0008693 -0.000677176 -0.0008697 0.999999 0.0250501 -0.0106139 -0.273221
FixedParameters: 0 0 0

#Transform 118
Transform: AffineTransform_float_3_3
Parameters: 1 -0.000947249 0.000458399 0.000947017 0.999999 0.00110543 -0.000458651 -0.00110457 1 0.0421744 -0.00151928 -0.201343
FixedParameters: 0 0 0

#Transform 119
Transform: AffineTransform_float_3_3
Parameters: 0.999999 -0.000683819 0.000483278 0.000683029 0.999999 0.00162497 -0.000483658 -0.00162503 0.999998 0.0173382 -0.032539 -0.21812
FixedParameters: 0 0 0

#Transform 120
Transform: AffineTransform_float_3_3
Parameters: 0.999999 -0.000800519 0.000469009 0.000799825 0.999999 0.00115538 -0.000469937 -0.00115462 0.999999 0.0220337 -0.0371368 -0.219209
FixedParameters: 0 0 0

#Transform 121
Transform: AffineTransform_float_3_3
Parameters: 1 -0.000867144 0.000691438 0.000865787 0.999998 0.00126275 -0.000692706 -0.00126225 0.999999 0.0369145 0.00952763 -0.117121
FixedParameters: 0 0 0

#Transform 122
Transform: AffineTransform_float_3_3
Parameters: 1 -0.000766262 0.000875272 0.000765465 0.999999 0.000678463 -0.000875391 -0.000678536 0.999999 0.0188916 -0.00719751 -0.201453
FixedParameters: 0 0 0

#Transform 123
Transform: AffineTransform_float_3_3
Parameters: 1 -0.000927876 0.000647858 0.000927261 0.999999 0.0010786 -0.000648017 -0.0010774 0.999999 0.0286602 0.0094822 -0.174381
FixedParameters: 0 0 0

#Transform 124
Transform: AffineTransform_float_3_3
Parameters: 0.999999 -0.000902184 0.000528826 0.000901836 1 0.000699117 -0.000529166 -0.000698882 0.999999 0.0400546 0.0373443 -0.178872
FixedParameters: 0 0 0

#Transform 125
Transform: AffineTransform_float_3_3
Parameters: 1 -0.000917728 0.000735935 0.000917538 0.999999 0.00101968 -0.000737275 -0.00101832 0.999999 0.0370936 0.00937678 -0.234318
FixedParameters: 0 0 0

#Transform 126
Transform: AffineTransform_float_3_3
Parameters: 1 -0.00095577 0.000597461 0.000954958 0.999999 0.00133321 -0.000598167 -0.00133279 0.999999 0.0355607 0.0128427 -0.201565
FixedParameters: 0 0 0

#Transform 127
Transform: AffineTransform_float_3_3
Parameters: 1 -0.000986799 0.000665158 0.000985717 0.999999 0.00110666 -0.000666419 -0.00110534 0.999999 0.0396455 0.00968892 -0.193413
FixedParameters: 0 0 0

#Transform 128
Transform: AffineTransform_float_3_3
Parameters: 0.999999 -0.00101436 0.000882183 0.00101297 0.999999 0.00100889 -0.000883306 -0.0010071 0.999999 0.0367035 0.0151241 -0.218865
FixedParameters: 0 0 0

#Transform 129
Transform: AffineTransform_float_3_3
Parameters: 0.999999 -0.00101716 0.000796214 0.001016 0.999998 0.00121896 -0.00079685 -0.00121804 0.999999 0.0335948 0.00839983 -0.221744
FixedParameters: 0 0 0

#Transform 130
Transform: AffineTransform_float_3_3
Parameters: 0.999999 -0.00100728 0.000762964 0.0010061 0.999999 0.00103177 -0.00076412 -0.00103023 0.999999 0.0385362 0.0119056 -0.174026
FixedParameters: 0 0 0

#Transform 131
Transform: AffineTransform_float_3_3
Parameters: 1 -0.000781261 0.000875989 0.000780148 1 0.000858324 -0.000876408 -0.000857675 0.999999 0.032102 0.00866339 -0.245595
FixedParameters: 0 0 0

#Transform 132
Transform: AffineTransform_float_3_3
Parameters: 0.999999 -0.000972384 0.000819799 0.000971395 0.999999 0.0010808 -0.000820057 -0.0010792 0.999999 0.0266219 -0.00685151 -0.210299
FixedParameters: 0 0 0

#Transform 133
Transform: AffineTransform_float_3_3
Parameters: 0.999999 -0.00124536 0.000618615 0.00124602 0.999999 0.000837411 -0.00061925 -0.000836588 0.999999 0.0455679 0.00987858 -0.223469
FixedParameters: 0 0 0

#Transform 134
Transform: AffineTransform_float_3_3
Parameters: 1 -0.000899845 0.000699226 0.000898139 0.999998 0.00177778 -0.000700581 -0.00177722 0.999999 0.031156 0.00959928 -0.205658
FixedParameters: 0 0 0

#Transform 135
Transform: AffineTransform_float_3_3
Parameters: 1 -0.000820894 0.000891486 0.000819147 0.999997 0.00193288 -0.000893205 -0.00193211 0.999998 0.0258437 -0.0132624 -0.231736
FixedParameters: 0 0 0

#Transform 136
Transform: AffineTransform_float_3_3
Parameters: 1 -0.000909692 0.000762752 0.000908296 0.999999 0.00117069 -0.000763958 -0.00116931 0.999999 0.0366173 0.0122934 -0.21942
FixedParameters: 0 0 0

#Transform 137
Transform: AffineTransform_float_3_3
Parameters: 1 -0.000986063 0.000608306 0.000984357 0.999998 0.00204124 -0.000610486 -0.00204076 0.999998 0.0405752 -0.0123729 -0.172197
FixedParameters: 0 0 0

#Transform 138
Transform: AffineTransform_float_3_3
Parameters: 1 -0.0008742 0.000780575 0.000873007 0.999997 0.00185283 -0.000782361 -0.00185216 0.999998 0.0354211 -0.0232046 -0.211912
FixedParameters: 0 0 0

#Transform 139
Transform: AffineTransform_float_3_3
Parameters: 1 -0.000868702 0.000724101 0.000867872 0.999998 0.00174763 -0.000725685 -0.00174637 0.999998 0.036195 -0.0403787 -0.263445
FixedParameters: 0 0 0

#Transform 140
Transform: AffineTransform_float_3_3
Parameters: 1 -0.00098058 0.000603145 0.000979297 0.999998 0.00170923 -0.000604654 -0.00170877 0.999998 0.0404399 -0.0258708 -0.218523
FixedParameters: 0 0 0

#Transform 141
Transform: AffineTransform_float_3_3
Parameters: 1 -0.000858708 0.000870946 0.000856299 0.999998 0.00160554 -0.000872778 -0.00160546 0.999998 0.0337179 -0.0375424 -0.251433
FixedParameters: 0 0 0

#Transform 142
Transform: AffineTransform_float_3_3
Parameters: 1 -0.000935437 0.000607116 0.000934391 0.999999 0.00150421 -0.000608087 -0.00150379 0.999999 0.0396048 -0.012611 -0.198087
FixedParameters: 0 0 0

#Transform 143
Transform: AffineTransform_float_3_3
Parameters: 0.999999 -0.00104207 0.00066551 0.00104206 0.999999 0.00128334 -0.000666734 -0.00128267 0.999999 0.0406697 0.00642007 -0.212556
FixedParameters: 0 0 0

#Transform 144
Transform: AffineTransform_float_3_3
Parameters: 1 -0.000880039 0.000707397 0.000879137 0.999999 0.00156226 -0.000709615 -0.00156174 0.999998 0.0367437 -0.00767263 -0.198651
FixedParameters: 0 0 0

#Transform 145
Transform: AffineTransform_float_3_3
Parameters: 0.999999 -0.000966419 0.000857194 0.000965545 0.999999 0.00127347 -0.000859124 -0.00127253 0.999999 0.0361053 -0.00545924 -0.179511
FixedParameters: 0 0 0

#Transform 146
Transform: AffineTransform_float_3_3
Parameters: 0.999999 -0.000980864 0.00091782 0.000979222 0.999999 0.0011079 -0.00091907 -0.0011061 0.999999 0.0354524 0.00137124 -0.235716
FixedParameters: 0 0 0

#Transform 147
Transform: AffineTransform_float_3_3
Parameters: 0.999999 -0.00104483 0.00072839 0.00104447 0.999998 0.00141255 -0.000729891 -0.00141245 0.999999 0.0397308 -0.0386595 -0.213133
FixedParameters: 0 0 0

#Transform 148
Transform: AffineTransform_float_3_3
Parameters: 0.999999 -0.00138327 0.000762354 0.00138236 0.999999 0.0011047 -0.000763567 -0.00110331 0.999999 0.0507045 -0.00533918 -0.191846
FixedParameters: 0 0 0

#Transform 149
Transform: AffineTransform_float_3_3
Parameters: 0.999999 -0.00119165 0.000868883 0.00119025 0.999998 0.00125783 -0.000870037 -0.00125717 0.999999 0.0404493 -0.0267374 -0.234595
FixedParameters: 0 0 0

#Transform 150
Transform: AffineTransform_float_3_3
Parameters: 0.999999 -0.00130153 0.0007092 0.00130026 0.999999 0.00117056 -0.000711324 -0.00116944 0.999999 0.0451638 -0.00636791 -0.188817
FixedParameters: 0 0 0

#Transform 151
Transform: AffineTransform_float_3_3
Parameters: 0.999999 -0.00134912 0.000640338 0.00134804 0.999999 0.00114651 -0.000642508 -0.00114549 0.999999 0.0531006 -0.0182139 -0.218385
FixedParameters: 0 0 0

#Transform 152
Transform: AffineTransform_float_3_3
Parameters: 0.999999 -0.00140719 0.00054153 0.00140667 0.999997 0.0015624 -0.000543164 -0.0015616 0.999998 0.0593885 -0.0142465 -0.191212
FixedParameters: 0 0 0

#Transform 153
Transform: AffineTransform_float_3_3
Parameters: 0.999998 -0.00146055 0.000625901 0.00146012 0.999999 0.000969195 -0.00062689 -0.000968804 0.999999 0.0644246 -0.00857719 -0.207293
FixedParameters: 0 0 0

#Transform 154
Transform: AffineTransform_float_3_3
Parameters: 0.999999 -0.00120179 0.000834466 0.00120049 0.999999 0.0010108 -0.000835973 -0.0010102 1 0.0411355 -0.0200423 -0.214083
FixedParameters: 0 0 0

#Transform 155
Transform: AffineTransform_float_3_3
Parameters: 0.999999 -0.00130759 0.000782176 0.00130638 0.999999 0.00127366 -0.000783663 -0.00127234 0.999999 0.0549232 -0.0092089 -0.173666
FixedParameters: 0 0 0

#Transform 156
Transform: AffineTransform_float_3_3
Parameters: 0.999999 -0.00118939 0.000864208 0.00118749 0.999998 0.00155482 -0.000866062 -0.00155418 0.999998 0.0404477 0.00522549 -0.16762
FixedParameters: 0 0 0

#Transform 157
Transform: AffineTransform_float_3_3
Parameters: 0.999999 -0.00106655 0.00083671 0.001065 0.999998 0.00193953 -0.000839393 -0.00193847 0.999998 0.0384621 -0.017334 -0.149949
FixedParameters: 0 0 0

#Transform 158
Transform: AffineTransform_float_3_3
Parameters: 0.999999 -0.00106362 0.000656062 0.00106194 0.999997 0.00217134 -0.000657915 -0.00217066 0.999997 0.041327 -0.0158201 -0.168259
FixedParameters: 0 0 0

#Transform 159
Transform: AffineTransform_float_3_3
Parameters: 0.999998 -0.00129935 0.000945969 0.00129659 0.999997 0.00187202 -0.000948987 -0.00187098 0.999998 0.0547712 -0.00576155 -0.173323
FixedParameters: 0 0 0

#Transform 160
Transform: AffineTransform_float_3_3
Parameters: 0.999999 -0.00128293 0.000753745 0.00128148 0.999997 0.00234261 -0.00075738 -0.00234139 0.999997 0.0439758 -0.0420281 -0.188456
FixedParameters: 0 0 0

#Transform 161
Transform: AffineTransform_float_3_3
Parameters: 0.999999 -0.00114944 0.0010753 0.00114671 0.999997 0.00223703 -0.00107806 -0.00223597 0.999997 0.0362362 -0.0471825 -0.20648
FixedParameters: 0 0 0

#Transform 162
Transform: AffineTransform_float_3_3
Parameters: 0.999999 -0.00125535 0.000960523 0.00125325 0.999997 0.00218164 -0.000963625 -0.00218136 0.999997 0.0513089 -0.0404718 -0.195199
FixedParameters: 0 0 0

#Transform 163
Transform: AffineTransform_float_3_3
Parameters: 0.999999 -0.00129326 0.000808459 0.00129175 0.999998 0.00141169 -0.000810265 -0.00141031 0.999999 0.0634437 -0.0141559 -0.222677
FixedParameters: 0 0 0

#Transform 164
Transform: AffineTransform_float_3_3
Parameters: 0.999998 -0.00127696 0.000968508 0.00127476 0.999997 0.00220903 -0.000971773 -0.00220797 0.999998 0.0538184 -0.026363 -0.206271
FixedParameters: 0 0 0

#Transform 165
Transform: AffineTransform_float_3_3
Parameters: 0.999998 -0.00133682 0.000862245 0.00133509 0.999998 0.00168359 -0.000863982 -0.00168341 0.999998 0.0634955 -0.00579629 -0.188503
FixedParameters: 0 0 0

#Transform 166
Transform: AffineTransform_float_3_3
Parameters: 0.999999 -0.00121503 0.000966154 0.00121272 0.999997 0.00227497 -0.000969305 -0.00227403 0.999997 0.0517941 -0.0178859 -0.191984
FixedParameters: 0 0 0

#Transform 167
Transform: AffineTransform_float_3_3
Parameters: 0.999998 -0.00154894 0.000809818 0.00154844 0.999997 0.00159469 -0.000812386 -0.00159431 0.999998 0.0685939 0.000918688 -0.181868
FixedParameters: 0 0 0

#Transform 168
Transform: AffineTransform_float_3_3
Parameters: 0.999998 -0.00144904 0.000717421 0.00144772 0.999997 0.00173247 -0.000719678 -0.00173253 0.999998 0.0680518 -0.00517518 -0.227598
FixedParameters: 0 0 0

#Transform 169
Transform: AffineTransform_float_3_3
Parameters: 0.999998 -0.00172552 0.000821034 0.00172372 0.999997 0.00180706 -0.000824502 -0.00180494 0.999998 0.0848617 -0.000698347 -0.19715
FixedParameters: 0 0 0

#Transform 170
Transform: AffineTransform_float_3_3
Parameters: 0.999998 -0.00179797 0.000857608 0.0017974 0.999997 0.00155482 -0.000860824 -0.00155317 0.999998 0.0920452 0.00580378 -0.17833
FixedParameters: 0 0 0

#Transform 171
Transform: AffineTransform_float_3_3
Parameters: 0.999998 -0.00171742 0.000917343 0.00171554 0.999997 0.00187386 -0.00092009 -0.00187214 0.999998 0.0748674 -0.0127938 -0.220394
FixedParameters: 0 0 0

#Transform 172
Transform: AffineTransform_float_3_3
Parameters: 0.999998 -0.00172002 0.000823818 0.00171795 0.999997 0.00196185 -0.0008278 -0.00196115 0.999998 0.0785753 -0.00582598 -0.163091
FixedParameters: 0 0 0

#Transform 173
Transform: AffineTransform_float_3_3
Parameters: 0.999998 -0.00174159 0.000716147 0.00174027 0.999997 0.00174153 -0.000719447 -0.00174047 0.999998 0.0866234 -0.00665026 -0.191233
FixedParameters: 0 0 0

#Transform 174
Transform: AffineTransform_float_3_3
Parameters: 0.999999 -0.00158666 0.000895483 0.00158551 0.999997 0.00202286 -0.000898607 -0.00202214 0.999998 0.0679675 -0.0276268 -0.223979
FixedParameters: 0 0 0

#Transform 175
Transform: AffineTransform_float_3_3
Parameters: 0.999998 -0.00152283 0.000735597 0.0015206 0.999996 0.00230776 -0.000739857 -0.00230624 0.999997 0.0743574 -0.0275343 -0.191331
FixedParameters: 0 0 0

#Transform 176
Transform: AffineTransform_float_3_3
Parameters: 0.999998 -0.00168933 0.000986284 0.00168817 0.999997 0.0016481 -0.000989478 -0.0016469 0.999998 0.0791154 -0.00133548 -0.230393
FixedParameters: 0 0 0

#Transform 177
Transform: AffineTransform_float_3_3
Parameters: 0.999998 -0.00167515 0.00101508 0.00167328 0.999996 0.00214213 -0.00101896 -0.00214086 0.999997 0.0864823 -0.0158395 -0.215436
FixedParameters: 0 0 0

#Transform 178
Transform: AffineTransform_float_3_3
Parameters: 0.999998 -0.00170992 0.000860621 0.00170795 0.999997 0.00204875 -0.000863939 -0.00204725 0.999997 0.0876947 -0.0299997 -0.178591
FixedParameters: 0 0 0

#Transform 179
Transform: AffineTransform_float_3_3
Parameters: 0.999998 -0.00168288 0.00101703 0.00168144 0.999997 0.00173251 -0.00102049 -0.00173049 0.999998 0.0850331 -0.0138601 -0.232073
FixedParameters: 0 0 0
