#Insight Transform File V1.0
#Transform 0
Transform: AffineTransform_float_3_3
Parameters: 0.999999 -0.000788079 0.00156071 0.000787789 1 0.000218535 -0.00156013 -0.000217465 0.999999 0.0527985 -0.281992 -0.494394
FixedParameters: 0 0 0

#Transform 1
Transform: AffineTransform_float_3_3
Parameters: 0.999999 0.000760033 -0.00117222 -0.000759441 0.999999 0.000812044 0.00117292 -0.000810957 0.999999 0.0232849 0.0267304 -0.0435778
FixedParameters: 0 0 0

#Transform 2
Transform: AffineTransform_float_3_3
Parameters: 0.999999 0.000429044 -0.000568009 -0.000429439 1 -0.000347756 0.000567711 0.000348243 1 0.0208155 0.0838537 -0.0404081
FixedParameters: 0 0 0

#Transform 3
Transform: AffineTransform_float_3_3
Parameters: 0.999999 8.17597e-05 -0.000759824 -8.2391e-05 0.999999 -0.00127794 0.000760144 0.00127806 0.999999 0.0276404 0.106825 -0.0958406
FixedParameters: 0 0 0

#Transform 4
Transform: AffineTransform_float_3_3
Parameters: 0.999999 -6.36148e-05 -0.000709001 6.22544e-05 0.999998 -0.00225889 0.000708504 0.00225811 0.999998 0.0577885 0.110157 -0.136037
FixedParameters: 0 0 0

#Transform 5
Transform: AffineTransform_float_3_3
Parameters: 0.999999 4.0881e-05 -0.000945536 -4.47277e-05 0.999994 -0.00341981 0.000946302 0.00341919 0.999994 0.0389862 0.124874 -0.159417
FixedParameters: 0 0 0

#Transform 6
Transform: AffineTransform_float_3_3
Parameters: 0.999999 0.000291957 -0.000896842 -0.00029555 0.999992 -0.00398174 0.000895171 0.00398226 0.999991 0.0184082 0.139906 -0.184191
FixedParameters: 0 0 0

#Transform 7
Transform: AffineTransform_float_3_3
Parameters: 1 -0.00012926 -0.00105987 0.00012535 0.999993 -0.00376478 0.00106018 0.00376523 0.999993 0.0417532 0.116832 -0.221408
FixedParameters: 0 0 0

#Transform 8
Transform: AffineTransform_float_3_3
Parameters: 0.999999 -1.31889e-06 -0.000761183 -1.21809e-06 0.999992 -0.003992 0.000761852 0.003992 0.999991 0.0373256 0.119534 -0.222037
FixedParameters: 0 0 0

#Transform 9
Transform: AffineTransform_float_3_3
Parameters: 0.999999 -9.39704e-05 -0.000976179 8.95252e-05 0.999991 -0.00436294 0.000976338 0.00436207 0.99999 0.0536046 0.130387 -0.211381
FixedParameters: 0 0 0

#Transform 10
Transform: AffineTransform_float_3_3
Parameters: 0.999999 -2.67765e-06 -0.000763019 -1.01527e-06 0.999988 -0.00473984 0.000763695 0.00473915 0.999988 0.0348972 0.135704 -0.213743
FixedParameters: 0 0 0

#Transform 11
Transform: AffineTransform_float_3_3
Parameters: 0.999999 -8.12624e-05 -0.000945831 7.64457e-05 0.999989 -0.00469907 0.00094593 0.00469892 0.999988 0.0349266 0.137179 -0.231879
FixedParameters: 0 0 0

#Transform 12
Transform: AffineTransform_float_3_3
Parameters: 0.999999 -5.3466e-05 -0.000879649 4.83631e-05 0.999985 -0.00543505 0.000880481 0.00543496 0.999985 0.032067 0.126681 -0.176865
FixedParameters: 0 0 0

#Transform 13
Transform: AffineTransform_float_3_3
Parameters: 0.999999 -3.88774e-07 -0.000752916 -5.47784e-06 0.999972 -0.007472 0.000752765 0.007472 0.999972 0.0165001 0.149795 -0.210363
FixedParameters: 0 0 0

#Transform 14
Transform: AffineTransform_float_3_3
Parameters: 1 0.000131332 -6.66504e-05 -0.000131875 0.999975 -0.00705399 6.57142e-05 0.00705401 0.999975 0.017825 0.14976 -0.299992
FixedParameters: 0 0 0

#Transform 15
Transform: AffineTransform_float_3_3
Parameters: 1 -9.46566e-05 0.000113811 9.46849e-05 0.999982 -0.00589998 -0.000113223 0.00590001 0.999982 0.00217292 0.150449 -0.314591
FixedParameters: 0 0 0

#Transform 16
Transform: AffineTransform_float_3_3
Parameters: 1 -0.000348106 -0.000207055 0.000347963 0.999998 -0.00162507 0.000206875 0.00162493 0.999998 0.0343149 0.136536 -0.119331
FixedParameters: 0 0 0

#Transform 17
Transform: AffineTransform_float_3_3
Parameters: 1 -0.000302116 -9.76101e-05 0.000301353 0.99999 -0.00460703 9.81585e-05 0.00460697 0.99999 0.0200466 0.124964 -0.230498
FixedParameters: 0 0 0

#Transform 18
Transform: AffineTransform_float_3_3
Parameters: 1 -0.000481623 -0.000514518 0.000478855 0.999987 -0.00497989 0.000517209 0.00498011 0.999988 0.0430115 0.126046 -0.220315
FixedParameters: 0 0 0

#Transform 19
Transform: AffineTransform_float_3_3
Parameters: 1 0.000214713 -0.000133576 -0.000215454 0.999991 -0.00425097 0.000132668 0.00425103 0.999991 -0.000380667 0.12515 -0.224224
FixedParameters: 0 0 0

#Transform 20
Transform: AffineTransform_float_3_3
Parameters: 0.999999 -0.000807902 6.47874e-05 0.000808139 0.999992 -0.00385695 -6.17065e-05 0.00385705 0.999993 0.026354 0.107455 -0.198113
FixedParameters: 0 0 0

#Transform 21
Transform: AffineTransform_float_3_3
Parameters: 1 0.000184735 0.000615937 -0.000182988 0.999997 -0.00216475 -0.000616342 0.00216525 0.999998 -0.00149455 0.0937252 -0.121887
FixedParameters: 0 0 0

#Transform 22
Transform: AffineTransform_float_3_3
Parameters: 0.999999 -0.000784565 0.000212721 0.000784969 0.999996 -0.00280283 -0.000210163 0.00280317 0.999996 0.00211749 0.110916 -0.133673
FixedParameters: 0 0 0

#Transform 23
Transform: AffineTransform_float_3_3
Parameters: 1 -0.000866931 0.000493234 0.000868422 0.999997 -0.00230757 -0.00049107 0.00230843 0.999997 0.0302185 0.102575 -0.120979
FixedParameters: 0 0 0

#Transform 24
Transform: AffineTransform_float_3_3
Parameters: 0.999999 -0.000935302 4.65218e-06 0.000935846 0.999997 -0.00212236 -1.99282e-06 0.00212164 0.999998 -0.0177938 0.0976373 -0.0984609
FixedParameters: 0 0 0

#Transform 25
Transform: AffineTransform_float_3_3
Parameters: 1 -0.000871054 -0.000774155 0.000867589 0.999992 -0.00410183 0.000777882 0.00410117 0.999991 0.0095217 0.121177 -0.136797
FixedParameters: 0 0 0

#Transform 26
Transform: AffineTransform_float_3_3
Parameters: 1 -0.000909319 -0.000721091 0.000904254 0.999975 -0.00713081 0.000728526 0.00713019 0.999974 -0.00278126 0.134181 -0.246409
FixedParameters: 0 0 0

#Transform 27
Transform: AffineTransform_float_3_3
Parameters: 0.999999 -0.00118088 -0.000750141 0.00117518 0.99997 -0.00770804 0.000759261 0.00770696 0.99997 -0.00226185 0.129225 -0.283118
FixedParameters: 0 0 0

#Transform 28
Transform: AffineTransform_float_3_3
Parameters: 0.999999 -0.00109964 -0.000561451 0.00109399 0.999965 -0.00826241 0.000570398 0.00826259 0.999966 -0.00245323 0.132163 -0.278853
FixedParameters: 0 0 0

#Transform 29
Transform: AffineTransform_float_3_3
Parameters: 1 -0.00108426 -0.000525357 0.0010789 0.999963 -0.00855873 0.000534692 0.00855827 0.999963 -0.014119 0.148442 -0.278722
FixedParameters: 0 0 0

#Transform 30
Transform: AffineTransform_float_3_3
Parameters: 0.999999 -0.00112882 -0.000626594 0.00112254 0.999958 -0.00905935 0.000636109 0.00905865 0.999959 -0.0131181 0.149205 -0.290235
FixedParameters: 0 0 0

#Transform 31
Transform: AffineTransform_float_3_3
Parameters: 0.999999 -0.00112312 -0.000613957 0.00111768 0.99996 -0.00888085 0.000623897 0.00888016 0.99996 -0.0118251 0.150345 -0.278579
FixedParameters: 0 0 0

#Transform 32
Transform: AffineTransform_float_3_3
Parameters: 0.999998 -0.00142418 -0.000873858 0.00141632 0.999963 -0.00844305 0.000886178 0.00844196 0.999964 -0.00599745 0.135487 -0.210309
FixedParameters: 0 0 0

#Transform 33
Transform: AffineTransform_float_3_3
Parameters: 0.999999 -0.000961597 -0.00079096 0.000955755 0.999973 -0.00732691 0.0007982 0.00732608 0.999972 -0.0280126 0.131946 -0.0791086
FixedParameters: 0 0 0

#Transform 34
Transform: AffineTransform_float_3_3
Parameters: 0.999999 -0.00185493 6.88987e-05 0.00185588 0.999996 -0.00210075 -6.46471e-05 0.00210025 0.999998 0.0238535 0.100892 -0.030647
FixedParameters: 0 0 0

#Transform 35
Transform: AffineTransform_float_3_3
Parameters: 0.999999 -0.00147877 0.000249395 0.00147946 0.999997 -0.00189699 -0.000246936 0.00189701 0.999998 0.038952 0.11516 -0.119638
FixedParameters: 0 0 0

#Transform 36
Transform: AffineTransform_float_3_3
Parameters: 0.999998 -0.00158673 -0.000217993 0.0015849 0.999984 -0.00535451 0.000226048 0.0053545 0.999986 0.0249241 0.128896 -0.252043
FixedParameters: 0 0 0

#Transform 37
Transform: AffineTransform_float_3_3
Parameters: 1 -0.00122 -6.60979e-05 0.00121959 0.999982 -0.00590009 7.37964e-05 0.00589992 0.999983 0.0100623 0.116936 -0.282298
FixedParameters: 0 0 0

#Transform 38
Transform: AffineTransform_float_3_3
Parameters: 0.999999 -0.00150949 -0.000191337 0.00150856 0.99998 -0.00614781 0.000200573 0.00614719 0.999981 0.0299676 0.135158 -0.23722
FixedParameters: 0 0 0

#Transform 39
Transform: AffineTransform_float_3_3
Parameters: 0.999994 -0.00329299 -0.000879048 0.00328922 0.999986 -0.00416004 0.000891858 0.00415696 0.999991 0.121202 0.125834 -0.211155
FixedParameters: 0 0 0

#Transform 40
Transform: AffineTransform_float_3_3
Parameters: 0.999999 -0.00150849 -0.000405642 0.00150677 0.99999 -0.00422513 0.000412215 0.00422387 0.999991 0.0583978 0.122042 -0.231658
FixedParameters: 0 0 0

#Transform 41
Transform: AffineTransform_float_3_3
Parameters: 0.999997 0.000594232 0.00240029 -0.000589802 0.999999 -0.00169055 -0.00240073 0.00168845 0.999995 -0.0405785 0.12955 -0.12592
FixedParameters: 0 0 0

#Transform 42
Transform: AffineTransform_float_3_3
Parameters: 0.999998 -0.000738469 0.00175541 0.000738039 0.999999 0.000496602 -0.00175562 -0.000495399 0.999998 -0.00494085 0.121204 -0.0912649
FixedParameters: 0 0 0

#Transform 43
Transform: AffineTransform_float_3_3
Parameters: 0.999998 -0.00106564 0.00171217 0.00106461 0.999999 0.00079977 -0.00171242 -0.000798231 0.999998 0.0141067 0.0976022 -0.0656533
FixedParameters: 0 0 0

#Transform 44
Transform: AffineTransform_float_3_3
Parameters: 0.999999 -0.000674581 0.0013854 0.000673832 1 0.000271087 -0.00138576 -0.000269913 0.999999 -0.0089162 0.119261 -0.0752721
FixedParameters: 0 0 0

#Transform 45
Transform: AffineTransform_float_3_3
Parameters: 0.999999 -0.00059607 0.00176038 0.000595139 1 0.000376201 -0.00175991 -0.000374799 0.999998 -0.0234497 0.116811 -0.0766698
FixedParameters: 0 0 0

#Transform 46
Transform: AffineTransform_float_3_3
Parameters: 0.999998 -0.000819676 0.00142001 0.000820212 1 -0.000649684 -0.00141947 0.000651317 0.999999 -0.00731094 0.117141 -0.0779773
FixedParameters: 0 0 0

#Transform 47
Transform: AffineTransform_float_3_3
Parameters: 0.999997 -0.000630487 0.00236646 0.000630446 1 9.30942e-06 -0.00236647 -7.69009e-06 0.999997 -0.0203364 0.116215 -0.0708924
FixedParameters: 0 0 0

#Transform 48
Transform: AffineTransform_float_3_3
Parameters: 0.999999 -0.000877997 0.00158529 0.00087662 1 0.000558543 -0.00158535 -0.000556456 0.999999 -0.0240606 0.114835 -0.0741278
FixedParameters: 0 0 0

#Transform 49
Transform: AffineTransform_float_3_3
Parameters: 0.999999 -0.000499332 0.00142721 0.000501141 1 -0.000633981 -0.00142657 0.000634019 0.999999 -0.0116871 0.13085 -0.0852839
FixedParameters: 0 0 0

#Transform 50
Transform: AffineTransform_float_3_3
Parameters: 0.999998 -0.0010059 0.00141825 0.00100741 0.999999 -0.000991781 -0.00141678 0.00099322 0.999999 -0.0168941 0.137504 -0.127964
FixedParameters: 0 0 0

#Transform 51
Transform: AffineTransform_float_3_3
Parameters: 0.999998 -0.000889697 0.00168933 0.000892551 0.999998 -0.00162119 -0.0016875 0.00162281 0.999997 -0.046805 0.129886 -0.15647
FixedParameters: 0 0 0

#Transform 52
Transform: AffineTransform_float_3_3
Parameters: 0.999999 -0.000984957 0.00118537 0.000987213 0.999998 -0.00166968 -0.00118353 0.00167132 0.999998 -0.0214113 0.13447 -0.128906
FixedParameters: 0 0 0

#Transform 53
Transform: AffineTransform_float_3_3
Parameters: 0.999998 -0.000706873 0.00144055 0.000710588 0.999997 -0.00233583 -0.00143922 0.00233717 0.999996 -0.0438334 0.140389 -0.155837
FixedParameters: 0 0 0

#Transform 54
Transform: AffineTransform_float_3_3
Parameters: 0.999999 -0.000767216 0.00117942 0.000770026 0.999997 -0.0024703 -0.0011776 0.0024707 0.999996 -0.0323081 0.126157 -0.16397
FixedParameters: 0 0 0

#Transform 55
Transform: AffineTransform_float_3_3
Parameters: 0.999998 -0.000692293 0.00146165 0.000695506 0.999997 -0.00244584 -0.00145985 0.00244717 0.999996 -0.0392484 0.1389 -0.161477
FixedParameters: 0 0 0

#Transform 56
Transform: AffineTransform_float_3_3
Parameters: 0.999998 -0.000753098 0.00146769 0.000756467 0.999997 -0.00217459 -0.00146639 0.00217541 0.999997 -0.0494612 0.144049 -0.142991
FixedParameters: 0 0 0

#Transform 57
Transform: AffineTransform_float_3_3
Parameters: 0.999999 -0.000955674 0.000853091 0.000957601 0.999997 -0.00235839 -0.00085095 0.00235861 0.999997 -0.0224202 0.123357 -0.143568
FixedParameters: 0 0 0

#Transform 58
Transform: AffineTransform_float_3_3
Parameters: 0.999999 -0.000985234 0.00119099 0.000988022 0.999997 -0.00243803 -0.00118816 0.00243897 0.999996 -0.0323222 0.131434 -0.151899
FixedParameters: 0 0 0

#Transform 59
Transform: AffineTransform_float_3_3
Parameters: 0.999998 -0.000840444 0.00137939 0.000844457 0.999996 -0.00254853 -0.00137708 0.00254947 0.999996 -0.0627244 0.121475 -0.155452
FixedParameters: 0 0 0

#Transform 60
Transform: AffineTransform_float_3_3
Parameters: 0.999999 -0.000786862 0.00124977 0.00078829 0.999998 -0.00162086 -0.00124828 0.00162214 0.999998 -0.0447127 0.136476 -0.131889
FixedParameters: 0 0 0

#Transform 61
Transform: AffineTransform_float_3_3
Parameters: 0.999999 -0.00100515 0.0011442 0.00100757 0.999996 -0.00254406 -0.00114198 0.00254494 0.999996 -0.0440414 0.13232 -0.185016
FixedParameters: 0 0 0

#Transform 62
Transform: AffineTransform_float_3_3
Parameters: 0.999999 -0.0012197 0.00133112 0.00122355 0.999995 -0.00287458 -0.00132792 0.00287642 0.999994 -0.050787 0.136074 -0.188067
FixedParameters: 0 0 0

#Transform 63
Transform: AffineTransform_float_3_3
Parameters: 0.999998 -0.00108283 0.00164907 0.00108859 0.999993 -0.00357927 -0.00164526 0.00358074 0.999992 -0.0451861 0.135943 -0.21608
FixedParameters: 0 0 0

#Transform 64
Transform: AffineTransform_float_3_3
Parameters: 0.999998 -0.00115702 0.00109879 0.00116054 0.999995 -0.00291493 -0.00109625 0.00291606 0.999995 -0.0382491 0.146468 -0.185799
FixedParameters: 0 0 0

#Transform 65
Transform: AffineTransform_float_3_3
Parameters: 0.999999 -0.000849923 0.00103012 0.000853695 0.999994 -0.00348833 -0.00102708 0.00348867 0.999993 -0.0302776 0.148066 -0.205743
FixedParameters: 0 0 0

#Transform 66
Transform: AffineTransform_float_3_3
Parameters: 1 -0.000655845 0.000960653 0.000658757 0.999995 -0.00308722 -0.000958574 0.00308778 0.999995 -0.0432375 0.143722 -0.181166
FixedParameters: 0 0 0

#Transform 67
Transform: AffineTransform_float_3_3
Parameters: 0.999999 -0.000601821 0.00126946 0.000605678 0.999995 -0.00322408 -0.00126807 0.00322492 0.999994 -0.0496855 0.162701 -0.173519
FixedParameters: 0 0 0

#Transform 68
Transform: AffineTransform_float_3_3
Parameters: 0.999999 -0.000665479 0.00134148 0.000670146 0.999994 -0.00335295 -0.00133951 0.00335405 0.999993 -0.0475636 0.160495 -0.209272
FixedParameters: 0 0 0

#Transform 69
Transform: AffineTransform_float_3_3
Parameters: 0.999998 -0.000908272 0.00131394 0.000913509 0.999991 -0.00414365 -0.00130943 0.00414535 0.99999 -0.0492509 0.142515 -0.28164
FixedParameters: 0 0 0

#Transform 70
Transform: AffineTransform_float_3_3
Parameters: 0.999998 -0.000786793 0.00145478 0.000794499 0.999986 -0.00517655 -0.00145108 0.00517745 0.999986 -0.0471372 0.152453 -0.294059
FixedParameters: 0 0 0

#Transform 71
Transform: AffineTransform_float_3_3
Parameters: 0.999998 -0.0013137 0.0011087 0.00131984 0.999987 -0.00502275 -0.00110205 0.00502425 0.999987 -0.00348139 0.14455 -0.253411
FixedParameters: 0 0 0

#Transform 72
Transform: AffineTransform_float_3_3
Parameters: 0.999998 -0.00143964 0.000815997 0.00144372 0.999985 -0.00523804 -0.000808786 0.00523897 0.999986 0.000712808 0.153152 -0.262359
FixedParameters: 0 0 0

#Transform 73
Transform: AffineTransform_float_3_3
Parameters: 0.999998 -0.00140483 0.00150729 0.00141019 0.999993 -0.0034793 -0.00150184 0.0034807 0.999993 -0.00174124 0.147994 -0.173206
FixedParameters: 0 0 0

#Transform 74
Transform: AffineTransform_float_3_3
Parameters: 0.999999 -0.00118317 0.00101274 0.00118802 0.999989 -0.00466616 -0.00100734 0.00466784 0.999988 -0.00511473 0.14709 -0.233728
FixedParameters: 0 0 0

#Transform 75
Transform: AffineTransform_float_3_3
Parameters: 0.999999 -0.00131437 0.0013136 0.00132138 0.999984 -0.00556748 -0.00130656 0.00556952 0.999984 -0.00818143 0.130771 -0.267588
FixedParameters: 0 0 0

#Transform 76
Transform: AffineTransform_float_3_3
Parameters: 0.999998 -0.00117956 0.00126174 0.00118756 0.999981 -0.00604071 -0.00125416 0.00604228 0.99998 -0.041848 0.156764 -0.286283
FixedParameters: 0 0 0

#Transform 77
Transform: AffineTransform_float_3_3
Parameters: 0.999999 -0.00133599 0.00117686 0.00134359 0.999981 -0.00608364 -0.00116859 0.00608537 0.999981 -0.046832 0.146037 -0.291407
FixedParameters: 0 0 0

#Transform 78
Transform: AffineTransform_float_3_3
Parameters: 0.999999 -0.0015469 0.000937486 0.00155395 0.999974 -0.00699892 -0.000927355 0.00700109 0.999975 -0.0214052 0.157582 -0.300178
FixedParameters: 0 0 0

#Transform 79
Transform: AffineTransform_float_3_3
Parameters: 0.999999 -0.000929792 0.00101779 0.000935625 0.999982 -0.00603641 -0.0010114 0.00603758 0.999981 -0.0477312 0.160503 -0.314878
FixedParameters: 0 0 0

#Transform 80
Transform: AffineTransform_float_3_3
Parameters: 0.999998 -0.00135554 0.000906511 0.00136155 0.999977 -0.00673414 -0.000897555 0.00673587 0.999977 -0.0270166 0.165561 -0.323074
FixedParameters: 0 0 0

#Transform 81
Transform: AffineTransform_float_3_3
Parameters: 0.999998 -0.00123714 0.00119769 0.00124561 0.999975 -0.00688973 -0.00118914 0.00689127 0.999976 -0.0265255 0.156552 -0.298718
FixedParameters: 0 0 0

#Transform 82
Transform: AffineTransform_float_3_3
Parameters: 0.999998 -0.00136678 0.000897888 0.00137297 0.999974 -0.00712234 -0.000888638 0.00712266 0.999974 -0.0214813 0.16348 -0.29107
FixedParameters: 0 0 0

#Transform 83
Transform: AffineTransform_float_3_3
Parameters: 0.999998 -0.00130293 0.00104761 0.00130865 0.999986 -0.00511384 -0.00104084 0.00511515 0.999986 -0.00108277 0.157977 -0.237546
FixedParameters: 0 0 0

#Transform 84
Transform: AffineTransform_float_3_3
Parameters: 0.999998 -0.00138592 0.000853994 0.00139225 0.999978 -0.00657218 -0.000844547 0.00657382 0.999978 -0.0367948 0.173415 -0.293379
FixedParameters: 0 0 0

#Transform 85
Transform: AffineTransform_float_3_3
Parameters: 0.999998 -0.00130762 0.001035 0.00131438 0.999977 -0.00670386 -0.00102637 0.00670515 0.999977 -0.0461032 0.172826 -0.302405
FixedParameters: 0 0 0

#Transform 86
Transform: AffineTransform_float_3_3
Parameters: 0.999998 -0.00151635 0.000552446 0.00152076 0.999971 -0.00747253 -0.000541186 0.00747347 0.999972 -0.00265775 0.172621 -0.329314
FixedParameters: 0 0 0

#Transform 87
Transform: AffineTransform_float_3_3
Parameters: 0.999998 -0.00190041 0.000717697 0.00190572 0.999963 -0.00842273 -0.000701286 0.00842327 0.999964 0.00675779 0.167066 -0.332895
FixedParameters: 0 0 0

#Transform 88
Transform: AffineTransform_float_3_3
Parameters: 0.999998 -0.00201732 0.00101331 0.0020255 0.999964 -0.00821769 -0.000997177 0.00822031 0.999966 0.0625031 0.188358 -0.315639
FixedParameters: 0 0 0

#Transform 89
Transform: AffineTransform_float_3_3
Parameters: 0.999998 -0.00199345 0.000689668 0.00200037 0.999953 -0.00947636 -0.000671009 0.00947764 0.999955 -0.0172426 0.176596 -0.35219
FixedParameters: 0 0 0

#Transform 90
Transform: AffineTransform_float_3_3
Parameters: 0.999997 -0.00207289 0.00050674 0.00207737 0.999959 -0.00879684 -0.000487969 0.00879816 0.999961 0.0111374 0.170877 -0.338617
FixedParameters: 0 0 0

#Transform 91
Transform: AffineTransform_float_3_3
Parameters: 0.999998 -0.0018674 0.000398195 0.00187048 0.999974 -0.00687878 -0.000385618 0.00688022 0.999976 0.108945 0.159652 -0.380315
FixedParameters: 0 0 0

#Transform 92
Transform: AffineTransform_float_3_3
Parameters: 0.999996 -0.00170427 0.00228206 0.00171828 0.999981 -0.00597637 -0.00227228 0.00598064 0.999979 0.103988 0.151188 -0.592015
FixedParameters: 0 0 0

#Transform 93
Transform: AffineTransform_float_3_3
Parameters: 0.999997 -0.00201508 0.00146317 0.00202156 0.999988 -0.00432283 -0.00145506 0.00432517 0.999989 -0.0162891 0.146369 -0.498526
FixedParameters: 0 0 0

#Transform 94
Transform: AffineTransform_float_3_3
Parameters: 0.999998 -0.00208022 0.000325776 0.00208322 0.999949 -0.00983986 -0.000305168 0.00984114 0.999952 0.00136183 0.173838 -0.597219
FixedParameters: 0 0 0

#Transform 95
Transform: AffineTransform_float_3_3
Parameters: 0.999998 -0.00198987 0.000446896 0.00199489 0.999933 -0.011407 -0.000423252 0.011408 0.999935 -0.0222746 0.195224 -0.545931
FixedParameters: 0 0 0

#Transform 96
Transform: AffineTransform_float_3_3
Parameters: 0.999997 -0.0023786 -0.000437859 0.00237381 0.999923 -0.0122159 0.00046718 0.0122151 0.999926 0.0999822 0.176694 -0.503417
FixedParameters: 0 0 0

#Transform 97
Transform: AffineTransform_float_3_3
Parameters: 0.999997 -0.0021449 9.78882e-05 0.0021464 0.999901 -0.0139617 -6.80443e-05 0.0139613 0.999903 0.0218544 0.176278 -0.518105
FixedParameters: 0 0 0

#Transform 98
Transform: AffineTransform_float_3_3
Parameters: 0.999996 -0.0027707 6.14531e-05 0.0027718 0.999887 -0.0147913 -2.07002e-05 0.0147907 0.999891 0.0115793 0.187378 -0.65216
FixedParameters: 0 0 0

#Transform 99
Transform: AffineTransform_float_3_3
Parameters: 0.999996 -0.00281521 0.000334913 0.00282108 0.999863 -0.0163109 -0.000288946 0.0163111 0.999867 -0.0306376 0.223633 -0.624271
FixedParameters: 0 0 0

#Transform 100
Transform: AffineTransform_float_3_3
Parameters: 0.999997 -0.00234779 -3.93467e-05 0.00234736 0.999897 -0.0142242 7.30487e-05 0.0142239 0.999899 0.0406907 0.205056 -0.479601
FixedParameters: 0 0 0

#Transform 101
Transform: AffineTransform_float_3_3
Parameters: 0.999998 -0.00192509 0.000182548 0.00192705 0.999899 -0.0140492 -0.000155484 0.0140498 0.999901 -0.0164831 0.19957 -0.535198
FixedParameters: 0 0 0

#Transform 102
Transform: AffineTransform_float_3_3
Parameters: 0.999998 -0.002312 -0.000387327 0.00230682 0.99991 -0.0132546 0.000417972 0.0132534 0.999913 0.020744 0.206165 -0.517708
FixedParameters: 0 0 0

#Transform 103
Transform: AffineTransform_float_3_3
Parameters: 0.999997 -0.00237339 -0.00128455 0.00235475 0.999892 -0.0145212 0.00131899 0.0145178 0.999894 -0.0103586 0.184324 -0.67374
FixedParameters: 0 0 0

#Transform 104
Transform: AffineTransform_float_3_3
Parameters: 0.999996 -0.00305322 -4.88181e-05 0.00305258 0.999864 -0.0162059 9.81474e-05 0.0162061 0.999868 -0.0143708 0.215398 -0.566084
FixedParameters: 0 0 0

#Transform 105
Transform: AffineTransform_float_3_3
Parameters: 0.999995 -0.00290343 -0.00127104 0.00288415 0.999882 -0.0150775 0.00131516 0.0150735 0.999885 -0.0176446 0.198016 -0.746416
FixedParameters: 0 0 0

#Transform 106
Transform: AffineTransform_float_3_3
Parameters: 0.999994 -0.00286171 -0.00159092 0.00283384 0.999856 -0.016775 0.00163835 0.01677 0.999858 -0.020289 0.204533 -0.724
FixedParameters: 0 0 0

#Transform 107
Transform: AffineTransform_float_3_3
Parameters: 0.999994 -0.00308214 -0.001209 0.00305879 0.999829 -0.0182747 0.00126523 0.0182713 0.999832 7.94429e-05 0.214664 -0.703524
FixedParameters: 0 0 0

#Transform 108
Transform: AffineTransform_float_3_3
Parameters: 0.999994 -0.00282126 -0.00188676 0.00278516 0.999825 -0.018479 0.00193874 0.0184739 0.999828 0.00814058 0.217789 -0.748842
FixedParameters: 0 0 0

#Transform 109
Transform: AffineTransform_float_3_3
Parameters: 0.999994 -0.00321433 -0.00168075 0.00317962 0.999792 -0.0201992 0.00174529 0.0201938 0.999794 -0.00901475 0.224374 -0.736703
FixedParameters: 0 0 0

#Transform 110
Transform: AffineTransform_float_3_3
Parameters: 0.999994 -0.00279021 -0.00166484 0.00275522 0.999781 -0.0207771 0.00172267 0.0207719 0.999783 0.00894028 0.2362 -0.70017
FixedParameters: 0 0 0

#Transform 111
Transform: AffineTransform_float_3_3
Parameters: 0.999993 -0.0031151 -0.0016856 0.00307724 0.99975 -0.0221449 0.00175432 0.0221391 0.999753 0.0452038 0.257588 -0.719227
FixedParameters: 0 0 0

#Transform 112
Transform: AffineTransform_float_3_3
Parameters: 0.999994 -0.00322116 -0.00162769 0.00318392 0.999738 -0.022676 0.00169914 0.022671 0.999741 -0.00133189 0.23927 -0.807468
FixedParameters: 0 0 0

#Transform 113
Transform: AffineTransform_float_3_3
Parameters: 0.999993 -0.0033187 -0.0016285 0.00327894 0.999717 -0.0235772 0.00170672 0.0235718 0.999721 -0.00238927 0.247596 -0.725409
FixedParameters: 0 0 0

#Transform 114
Transform: AffineTransform_float_3_3
Parameters: 0.999994 -0.00332591 -0.00147073 0.0032911 0.999728 -0.0230666 0.00154667 0.0230615 0.999733 -0.0201589 0.252011 -0.733777
FixedParameters: 0 0 0

#Transform 115
Transform: AffineTransform_float_3_3
Parameters: 0.999993 -0.00352865 -0.00169673 0.00348779 0.999723 -0.0232896 0.00177795 0.0232844 0.999727 -0.014595 0.24399 -0.837434
FixedParameters: 0 0 0

#Transform 116
Transform: AffineTransform_float_3_3
Parameters: 0.999991 -0.00369541 -0.00234136 0.00364219 0.999751 -0.0220097 0.00242228 0.0220013 0.999755 0.011769 0.252447 -0.698877
FixedParameters: 0 0 0

#Transform 117
Transform: AffineTransform_float_3_3
Parameters: 0.99999 -0.00366421 -0.00250954 0.0036071 0.999737 -0.0226559 0.00259188 0.0226472 0.99974 0.006203 0.224188 -0.787876
FixedParameters: 0 0 0

#Transform 118
Transform: AffineTransform_float_3_3
Parameters: 0.99999 -0.00388389 -0.0023014 0.00382963 0.999724 -0.0231624 0.00239068 0.0231527 0.999729 -0.00325007 0.25294 -0.808162
FixedParameters: 0 0 0

#Transform 119
Transform: AffineTransform_float_3_3
Parameters: 0.999993 -0.00365881 -0.0014499 0.00362378 0.999711 -0.0237505 0.00153594 0.0237445 0.999717 -0.00106933 0.270834 -0.701681
FixedParameters: 0 0 0

#Transform 120
Transform: AffineTransform_float_3_3
Parameters: 0.99999 -0.00370898 -0.00259552 0.00364573 0.999704 -0.0240483 0.0026845 0.0240387 0.999708 0.0134951 0.222676 -0.90133
FixedParameters: 0 0 0

#Transform 121
Transform: AffineTransform_float_3_3
Parameters: 0.999993 -0.00334603 -0.00178335 0.00330003 0.999667 -0.0255894 0.00186811 0.0255836 0.999671 0.00378706 0.276988 -0.886334
FixedParameters: 0 0 0

#Transform 122
Transform: AffineTransform_float_3_3
Parameters: 0.999993 -0.00356833 -0.00116547 0.00353644 0.999654 -0.0260737 0.00125814 0.0260693 0.999659 0.0104822 0.284613 -0.756206
FixedParameters: 0 0 0

#Transform 123
Transform: AffineTransform_float_3_3
Parameters: 0.999991 -0.00349171 -0.0021103 0.00343885 0.999688 -0.0247546 0.00219605 0.0247474 0.999691 -0.00290565 0.266201 -0.844517
FixedParameters: 0 0 0

#Transform 124
Transform: AffineTransform_float_3_3
Parameters: 0.99999 -0.00340723 -0.00313434 0.00333532 0.999734 -0.0228184 0.00321162 0.0228076 0.999734 -0.0220347 0.25014 -0.947319
FixedParameters: 0 0 0

#Transform 125
Transform: AffineTransform_float_3_3
Parameters: 0.999989 -0.00405065 -0.00207164 0.00399873 0.999693 -0.0244543 0.00217043 0.0244456 0.999699 0.0130994 0.25576 -0.860384
FixedParameters: 0 0 0

#Transform 126
Transform: AffineTransform_float_3_3
Parameters: 0.999987 -0.00442595 -0.00228805 0.00436695 0.999677 -0.0250611 0.00239778 0.025051 0.999684 0.0285083 0.252595 -0.824288
FixedParameters: 0 0 0

#Transform 127
Transform: AffineTransform_float_3_3
Parameters: 0.999993 -0.00347178 -0.0018223 0.00342467 0.999673 -0.025371 0.00190973 0.0253651 0.999677 -0.00624462 0.271359 -0.895341
FixedParameters: 0 0 0

#Transform 128
Transform: AffineTransform_float_3_3
Parameters: 0.999989 -0.00453422 -0.00163899 0.00448966 0.999653 -0.0259685 0.00175597 0.0259615 0.999662 -0.0115433 0.250089 -0.94914
FixedParameters: 0 0 0

#Transform 129
Transform: AffineTransform_float_3_3
Parameters: 0.999989 -0.00441705 -0.00112254 0.0043868 0.999649 -0.0261238 0.00123711 0.0261182 0.999658 -0.00148899 0.270659 -0.865024
FixedParameters: 0 0 0

#Transform 130
Transform: AffineTransform_float_3_3
Parameters: 0.99999 -0.00406951 -0.00154726 0.00402722 0.999636 -0.0266539 0.00165464 0.0266471 0.999644 -0.00392576 0.272989 -0.892029
FixedParameters: 0 0 0

#Transform 131
Transform: AffineTransform_float_3_3
Parameters: 0.999991 -0.00389195 -0.00174934 0.00384531 0.999657 -0.025897 0.00184956 0.02589 0.999663 -0.00149513 0.269959 -0.868496
FixedParameters: 0 0 0

#Transform 132
Transform: AffineTransform_float_3_3
Parameters: 0.999991 -0.00406173 -0.00119465 0.00402893 0.999653 -0.0260368 0.00129934 0.0260322 0.99966 -0.00856822 0.27119 -0.857652
FixedParameters: 0 0 0

#Transform 133
Transform: AffineTransform_float_3_3
Parameters: 0.999991 -0.0039999 -0.00134979 0.00396386 0.999649 -0.0261832 0.00145445 0.0261768 0.999657 -0.00439815 0.272736 -0.933825
FixedParameters: 0 0 0

#Transform 134
Transform: AffineTransform_float_3_3
Parameters: 0.999989 -0.00411833 -0.00229533 0.00405632 0.999644 -0.0263572 0.00240307 0.0263478 0.999649 0.00760798 0.270266 -0.882613
FixedParameters: 0 0 0

#Transform 135
Transform: AffineTransform_float_3_3
Parameters: 0.999991 -0.00342359 -0.00227311 0.00336376 0.999654 -0.026094 0.00236128 0.026086 0.999656 -0.0243227 0.264084 -0.921306
FixedParameters: 0 0 0

#Transform 136
Transform: AffineTransform_float_3_3
Parameters: 0.999991 -0.00392368 -0.00175196 0.00387619 0.999634 -0.026763 0.00185624 0.0267559 0.99964 -0.000849206 0.271633 -0.925198
FixedParameters: 0 0 0

#Transform 137
Transform: AffineTransform_float_3_3
Parameters: 0.99999 -0.00409971 -0.00215326 0.00404205 0.999644 -0.0263566 0.00226038 0.0263484 0.99965 -0.0274375 0.277895 -0.889072
FixedParameters: 0 0 0

#Transform 138
Transform: AffineTransform_float_3_3
Parameters: 0.99999 -0.00411611 -0.00201697 0.00406086 0.999634 -0.0267678 0.00212641 0.0267592 0.999639 -0.0114723 0.262201 -0.883199
FixedParameters: 0 0 0

#Transform 139
Transform: AffineTransform_float_3_3
Parameters: 0.99999 -0.00385115 -0.00234571 0.00378757 0.999646 -0.0263566 0.00244655 0.0263474 0.99965 -0.0114532 0.27943 -0.884986
FixedParameters: 0 0 0

#Transform 140
Transform: AffineTransform_float_3_3
Parameters: 0.999987 -0.00452703 -0.00210459 0.0044701 0.999643 -0.0263584 0.00222297 0.0263486 0.99965 -0.00150437 0.271595 -0.909628
FixedParameters: 0 0 0

#Transform 141
Transform: AffineTransform_float_3_3
Parameters: 0.99999 -0.00406424 -0.00218696 0.00400626 0.999653 -0.0260155 0.00229168 0.0260065 0.999659 -0.0320307 0.269415 -0.863733
FixedParameters: 0 0 0

#Transform 142
Transform: AffineTransform_float_3_3
Parameters: 0.999989 -0.00417741 -0.00205608 0.00412246 0.999652 -0.0260811 0.00216441 0.0260719 0.999657 -0.000903326 0.265387 -0.812727
FixedParameters: 0 0 0

#Transform 143
Transform: AffineTransform_float_3_3
Parameters: 0.99999 -0.00406162 -0.00185934 0.00401063 0.999643 -0.0264369 0.00196564 0.0264291 0.999649 -0.0140827 0.27926 -0.862474
FixedParameters: 0 0 0

#Transform 144
Transform: AffineTransform_float_3_3
Parameters: 0.99999 -0.00409962 -0.00187278 0.0040488 0.999642 -0.026437 0.00198071 0.026429 0.999649 -0.029894 0.28923 -0.873012
FixedParameters: 0 0 0

#Transform 145
Transform: AffineTransform_float_3_3
Parameters: 0.999991 -0.00375912 -0.00192145 0.00370634 0.999643 -0.0264359 0.00201986 0.0264281 0.999649 -0.0400207 0.289197 -0.896304
FixedParameters: 0 0 0

#Transform 146
Transform: AffineTransform_float_3_3
Parameters: 0.99999 -0.00415259 -0.0016118 0.00410847 0.999638 -0.0265884 0.00172132 0.0265816 0.999645 -0.0377101 0.269925 -0.936553
FixedParameters: 0 0 0

#Transform 147
Transform: AffineTransform_float_3_3
Parameters: 0.99999 -0.00417996 -0.00159104 0.00413651 0.999641 -0.0264364 0.00170116 0.0264296 0.999649 -0.0367032 0.280925 -0.956364
FixedParameters: 0 0 0

#Transform 148
Transform: AffineTransform_float_3_3
Parameters: 0.999988 -0.00438761 -0.0019443 0.0043349 0.999646 -0.0262572 0.00205876 0.0262488 0.999653 -0.0232893 0.269848 -0.982805
FixedParameters: 0 0 0

#Transform 149
Transform: AffineTransform_float_3_3
Parameters: 0.999986 -0.00483375 -0.00190397 0.00478239 0.999639 -0.0264394 0.00203156 0.0264295 0.999649 -0.0223148 0.272576 -0.977045
FixedParameters: 0 0 0

#Transform 150
Transform: AffineTransform_float_3_3
Parameters: 0.999988 -0.00464845 -0.00169881 0.00460188 0.999628 -0.0268803 0.00182276 0.0268717 0.999637 -0.0193302 0.266601 -1.0052
FixedParameters: 0 0 0

#Transform 151
Transform: AffineTransform_float_3_3
Parameters: 0.999988 -0.00459086 -0.0017136 0.00454356 0.99964 -0.0264383 0.00183433 0.0264297 0.999649 -0.0177322 0.268871 -1.02156
FixedParameters: 0 0 0

#Transform 152
Transform: AffineTransform_float_3_3
Parameters: 0.999989 -0.00422602 -0.00170204 0.00418016 0.999651 -0.0260876 0.00181173 0.0260805 0.999659 -0.0250145 0.283421 -0.974085
FixedParameters: 0 0 0

#Transform 153
Transform: AffineTransform_float_3_3
Parameters: 0.999989 -0.00430496 -0.00178378 0.00425664 0.999644 -0.0263656 0.0018965 0.0263574 0.999651 -0.0227654 0.260075 -1.03458
FixedParameters: 0 0 0

#Transform 154
Transform: AffineTransform_float_3_3
Parameters: 0.999989 -0.0044446 -0.00186454 0.00439441 0.999646 -0.0262393 0.00198044 0.0262307 0.999654 -0.0201554 0.274446 -0.996188
FixedParameters: 0 0 0

#Transform 155
Transform: AffineTransform_float_3_3
Parameters: 0.999987 -0.00462682 -0.00189206 0.0045758 0.999642 -0.0263498 0.00201366 0.0263402 0.999651 -0.0296273 0.27459 -0.991137
FixedParameters: 0 0 0

#Transform 156
Transform: AffineTransform_float_3_3
Parameters: 0.999988 -0.00474602 -0.00163355 0.00470038 0.999629 -0.0268374 0.00176131 0.0268296 0.999638 -0.0186337 0.280164 -1.01492
FixedParameters: 0 0 0

#Transform 157
Transform: AffineTransform_float_3_3
Parameters: 0.999987 -0.0046791 -0.00192395 0.00462707 0.99964 -0.0264392 0.00204649 0.0264298 0.999648 -0.0199447 0.282145 -1.03153
FixedParameters: 0 0 0

#Transform 158
Transform: AffineTransform_float_3_3
Parameters: 0.999987 -0.00466061 -0.00178946 0.00461234 0.999662 -0.0255918 0.00190822 0.0255822 0.999671 -0.0181086 0.261891 -0.994372
FixedParameters: 0 0 0

#Transform 159
Transform: AffineTransform_float_3_3
Parameters: 0.999986 -0.00472541 -0.00210216 0.00467022 0.999665 -0.0254578 0.00222244 0.0254472 0.999674 -0.0137851 0.259363 -0.995889
FixedParameters: 0 0 0

#Transform 160
Transform: AffineTransform_float_3_3
Parameters: 0.999988 -0.00442088 -0.00179648 0.00437397 0.999664 -0.0255605 0.00190865 0.0255525 0.999672 -0.0332161 0.265017 -1.00269
FixedParameters: 0 0 0

#Transform 161
Transform: AffineTransform_float_3_3
Parameters: 0.999989 -0.00428679 -0.00186475 0.00424171 0.999716 -0.0234495 0.00196536 0.0234415 0.999723 -0.0223958 0.254767 -0.9568
FixedParameters: 0 0 0

#Transform 162
Transform: AffineTransform_float_3_3
Parameters: 0.999991 -0.00413491 -0.00117547 0.00410423 0.999675 -0.0251562 0.00127939 0.0251508 0.999683 -0.0427989 0.263967 -0.974832
FixedParameters: 0 0 0

#Transform 163
Transform: AffineTransform_float_3_3
Parameters: 0.999989 -0.00434695 -0.00161485 0.00430339 0.999656 -0.0258437 0.00172682 0.0258362 0.999665 -0.0240274 0.258588 -1.10423
FixedParameters: 0 0 0

#Transform 164
Transform: AffineTransform_float_3_3
Parameters: 0.99999 -0.00433663 -0.00162227 0.00429427 0.999676 -0.0250899 0.00172985 0.0250831 0.999684 -0.0348848 0.265339 -1.01806
FixedParameters: 0 0 0

#Transform 165
Transform: AffineTransform_float_3_3
Parameters: 0.99999 -0.00423621 -0.00182377 0.00418858 0.999668 -0.0254436 0.00193088 0.0254354 0.999674 -0.0231904 0.25587 -1.0698
FixedParameters: 0 0 0

#Transform 166
Transform: AffineTransform_float_3_3
Parameters: 0.99999 -0.00433792 -0.00163293 0.00429512 0.99967 -0.025321 0.00174217 0.025314 0.999678 -0.0241988 0.270202 -1.05574
FixedParameters: 0 0 0

#Transform 167
Transform: AffineTransform_float_3_3
Parameters: 0.99999 -0.00414109 -0.00172104 0.00409586 0.99966 -0.0257348 0.00182656 0.0257272 0.999667 -0.0259657 0.283815 -1.02957
FixedParameters: 0 0 0

#Transform 168
Transform: AffineTransform_float_3_3
Parameters: 0.999989 -0.0042172 -0.00168897 0.00417348 0.999679 -0.024989 0.00179336 0.024982 0.999686 -0.0251111 0.26222 -1.04875
FixedParameters: 0 0 0

#Transform 169
Transform: AffineTransform_float_3_3
Parameters: 0.999989 -0.00434054 -0.00188372 0.00429128 0.999673 -0.0252027 0.00199271 0.0251943 0.999681 -0.0214835 0.277386 -0.97144
FixedParameters: 0 0 0

#Transform 170
Transform: AffineTransform_float_3_3
Parameters: 0.999989 -0.00394006 -0.00226107 0.00388137 0.999673 -0.0252755 0.00236021 0.0252665 0.999678 -0.0225871 0.280924 -1.02408
FixedParameters: 0 0 0

#Transform 171
Transform: AffineTransform_float_3_3
Parameters: 0.999988 -0.00463731 -0.00194243 0.0045852 0.999658 -0.0257117 0.0020613 0.0257023 0.999668 -0.0167379 0.270199 -0.996729
FixedParameters: 0 0 0

#Transform 172
Transform: AffineTransform_float_3_3
Parameters: 0.999989 -0.00426602 -0.00199657 0.00421322 0.999656 -0.025888 0.0021065 0.025879 0.999663 -0.0212001 0.290686 -1.01676
FixedParameters: 0 0 0

#Transform 173
Transform: AffineTransform_float_3_3
Parameters: 0.999988 -0.00452191 -0.00199627 0.00447059 0.999669 -0.0253497 0.00211056 0.0253403 0.999677 -0.0243992 0.28106 -1.01959
FixedParameters: 0 0 0

#Transform 174
Transform: AffineTransform_float_3_3
Parameters: 0.999988 -0.00462429 -0.00194891 0.00457378 0.999663 -0.0255652 0.00206633 0.0255558 0.999671 -0.0293547 0.287362 -1.01051
FixedParameters: 0 0 0

#Transform 175
Transform: AffineTransform_float_3_3
Parameters: 0.999987 -0.00466954 -0.00200766 0.0046161 0.999657 -0.0257942 0.00212682 0.0257848 0.999666 -0.01565 0.291943 -1.02913
FixedParameters: 0 0 0

#Transform 176
Transform: AffineTransform_float_3_3
Parameters: 0.999986 -0.00484526 -0.0017803 0.00479869 0.999662 -0.0255539 0.00190335 0.0255451 0.999672 -0.0320495 0.300702 -0.997501
FixedParameters: 0 0 0

#Transform 177
Transform: AffineTransform_float_3_3
Parameters: 0.999989 -0.00436579 -0.00202843 0.00431282 0.999658 -0.025779 0.00213995 0.02577 0.999666 -0.0154686 0.281825 -1.05059
FixedParameters: 0 0 0

#Transform 178
Transform: AffineTransform_float_3_3
Parameters: 0.999986 -0.00484453 -0.0018145 0.00479497 0.999647 -0.0261484 0.00194054 0.0261386 0.999656 -0.0153913 0.285406 -1.01031
FixedParameters: 0 0 0

#Transform 179
Transform: AffineTransform_float_3_3
Parameters: 0.999985 -0.00492516 -0.00237364 0.00486237 0.999655 -0.0257965 0.00250053 0.0257845 0.999664 -0.00298621 0.297659 -0.999709
FixedParameters: 0 0 0
