#Insight Transform File V1.0
#Transform 0
Transform: AffineTransform_float_3_3
Parameters: 1 -0.000343363 0.00027137 0.000343284 0.999999 0.000866092 -0.000271044 -0.000865906 0.999999 0.0437119 -0.189018 -0.300685
FixedParameters: 0 0 0

#Transform 1
Transform: AffineTransform_float_3_3
Parameters: 1 0.000291503 0.000110937 -0.00029152 1 7.79677e-05 -0.000110892 -7.80324e-05 1 -0.00451858 0.0564722 0.0213517
FixedParameters: 0 0 0

#Transform 2
Transform: AffineTransform_float_3_3
Parameters: 0.999999 0.000777294 0.000610981 -0.000777613 1 0.000261372 -0.000610574 -0.000261627 0.999999 -0.0154566 0.080013 -0.0118935
FixedParameters: 0 0 0

#Transform 3
Transform: AffineTransform_float_3_3
Parameters: 1 0.000446986 0.000250648 -0.000447583 0.999999 0.00119289 -0.000249581 -0.00119311 1 -0.0242386 0.0789384 0.0224264
FixedParameters: 0 0 0

#Transform 4
Transform: AffineTransform_float_3_3
Parameters: 1 0.000279524 -0.000268243 -0.000279079 0.999999 0.000828074 0.000268705 -0.000827924 0.999999 0.00273611 0.0979216 -0.0198735
FixedParameters: 0 0 0

#Transform 5
Transform: AffineTransform_float_3_3
Parameters: 1 0.000645013 -4.67201e-05 -0.00064501 1 3.40303e-05 4.6764e-05 -3.397e-05 1 -0.0037816 0.104758 -0.0416516
FixedParameters: 0 0 0

#Transform 6
Transform: AffineTransform_float_3_3
Parameters: 1 -1.00128e-05 -0.0001391 1.02952e-05 1 0.001015 0.000139079 -0.001015 1 -0.00022638 0.101157 -0.0115132
FixedParameters: 0 0 0

#Transform 7
Transform: AffineTransform_float_3_3
Parameters: 1 -0.000480123 -0.000189643 0.000480788 0.999995 0.00316576 0.000187913 -0.00316524 0.999995 0.00491517 0.0840219 0.0656179
FixedParameters: 0 0 0

#Transform 8
Transform: AffineTransform_float_3_3
Parameters: 0.999999 -0.000465428 -0.000576494 0.000466931 0.999996 0.00256273 0.000575806 -0.00256327 0.999996 0.00439791 0.0929664 0.069234
FixedParameters: 0 0 0

#Transform 9
Transform: AffineTransform_float_3_3
Parameters: 1 3.71078e-05 -0.000316229 -3.63837e-05 0.999996 0.00259801 0.000316811 -0.00259799 0.999996 0.0258354 0.0943142 0.0486245
FixedParameters: 0 0 0

#Transform 10
Transform: AffineTransform_float_3_3
Parameters: 0.999997 0.00227149 -0.000715019 -0.00226976 0.999993 0.00310755 0.000722685 -0.00310645 0.999995 -0.0936224 0.0756516 0.0720162
FixedParameters: 0 0 0

#Transform 11
Transform: AffineTransform_float_3_3
Parameters: 0.999998 0.000375152 -0.00226234 -0.000371915 0.999998 0.00170166 0.00226333 -0.00170134 0.999996 0.0425794 0.0916546 0.0438317
FixedParameters: 0 0 0

#Transform 12
Transform: AffineTransform_float_3_3
Parameters: 0.999999 0.00131995 0.000216064 -0.00132059 0.999999 0.000561203 -0.000215502 -0.000561797 0.999999 -0.0663622 0.0798448 0.124592
FixedParameters: 0 0 0

#Transform 13
Transform: AffineTransform_float_3_3
Parameters: 1 0.000952199 -0.000644194 -0.000951366 0.999999 0.000949254 0.00064508 -0.000948746 0.999999 -0.00554385 0.0817688 -0.00296381
FixedParameters: 0 0 0

#Transform 14
Transform: AffineTransform_float_3_3
Parameters: 1 0.000785297 -0.000650912 -0.000784792 1 0.000688152 0.000651072 -0.000687849 0.999999 0.00981588 0.107304 -0.0377661
FixedParameters: 0 0 0

#Transform 15
Transform: AffineTransform_float_3_3
Parameters: 0.999999 0.000696594 -0.000509084 -0.000695905 1 0.000675148 0.000510024 -0.000675852 1 -0.00195848 0.102477 -0.0184288
FixedParameters: 0 0 0

#Transform 16
Transform: AffineTransform_float_3_3
Parameters: 0.999999 0.00045095 -0.000984584 -0.000450078 0.999999 0.0011086 0.000985053 -0.0011084 0.999999 0.0105511 0.0998737 0.00220485
FixedParameters: 0 0 0

#Transform 17
Transform: AffineTransform_float_3_3
Parameters: 1 0.000238262 -0.000445162 -0.000238451 0.999999 0.000821106 0.000445944 -0.000820893 0.999999 0.0159394 0.124051 -0.0390124
FixedParameters: 0 0 0

#Transform 18
Transform: AffineTransform_float_3_3
Parameters: 0.999999 0.000376629 -0.00063932 -0.000376125 1 0.00111324 0.000640549 -0.00111276 0.999999 0.00951629 0.120471 -0.0330874
FixedParameters: 0 0 0

#Transform 19
Transform: AffineTransform_float_3_3
Parameters: 0.999999 0.000382228 -0.000905622 -0.000381693 0.999999 0.0010195 0.000905871 -0.0010195 0.999999 0.0198855 0.117969 -0.0302583
FixedParameters: 0 0 0

#Transform 20
Transform: AffineTransform_float_3_3
Parameters: 0.999999 0.000288719 -0.000784808 -0.000288565 0.999999 0.000684226 0.000785594 -0.000683773 0.999999 0.0382535 0.137694 -0.0493684
FixedParameters: 0 0 0

#Transform 21
Transform: AffineTransform_float_3_3
Parameters: 1 0.000335003 -0.000383172 -0.000334694 0.999999 0.000403281 0.000383442 -0.000403719 1 0.0304385 0.128732 -0.0420344
FixedParameters: 0 0 0

#Transform 22
Transform: AffineTransform_float_3_3
Parameters: 0.999999 0.000222491 -0.000813158 -0.000221187 1 0.000802181 0.000813514 -0.00080182 1 0.0316146 0.116694 -0.0273051
FixedParameters: 0 0 0

#Transform 23
Transform: AffineTransform_float_3_3
Parameters: 0.999999 0.00023137 -0.000920986 -0.000230258 1 0.00110321 0.000921886 -0.00110279 0.999999 0.0351523 0.106014 -0.0110202
FixedParameters: 0 0 0

#Transform 24
Transform: AffineTransform_float_3_3
Parameters: 0.999999 0.000212763 -0.000964334 -0.000212527 0.999999 0.000802565 0.000964145 -0.000801436 0.999999 0.0483786 0.118339 -0.0473495
FixedParameters: 0 0 0

#Transform 25
Transform: AffineTransform_float_3_3
Parameters: 0.999999 0.000299936 -0.000758911 -0.00029923 1 0.00107123 0.000759944 -0.00107077 0.999999 0.0273427 0.110316 -0.0282266
FixedParameters: 0 0 0

#Transform 26
Transform: AffineTransform_float_3_3
Parameters: 1 0.000513067 -0.000881568 -0.000512253 0.999999 0.00120545 0.000882274 -0.00120455 0.999999 0.0168378 0.10577 0.00592737
FixedParameters: 0 0 0

#Transform 27
Transform: AffineTransform_float_3_3
Parameters: 1 0.000558025 -0.000928993 -0.000556517 1 0.00102252 0.000929212 -0.00102148 0.999999 0.011348 0.100952 -0.00892347
FixedParameters: 0 0 0

#Transform 28
Transform: AffineTransform_float_3_3
Parameters: 0.999999 0.000275935 -0.000815953 -0.000274779 0.999999 0.00127222 0.000817044 -0.00127178 0.999999 0.0238472 0.0967435 0.00462288
FixedParameters: 0 0 0

#Transform 29
Transform: AffineTransform_float_3_3
Parameters: 0.999999 0.000277604 -0.000811444 -0.00027741 1 0.000927379 0.000811429 -0.000927623 1 0.0294517 0.113141 -0.0196193
FixedParameters: 0 0 0

#Transform 30
Transform: AffineTransform_float_3_3
Parameters: 0.999999 0.000301701 -0.00075438 -0.000301373 1 0.000827229 0.00075527 -0.000826773 1 0.0269705 0.114146 -0.022356
FixedParameters: 0 0 0

#Transform 31
Transform: AffineTransform_float_3_3
Parameters: 0.999999 0.000341846 -0.000659546 -0.000342108 0.999999 0.000795378 0.00065956 -0.000795621 0.999999 0.0269052 0.107431 -0.0256269
FixedParameters: 0 0 0

#Transform 32
Transform: AffineTransform_float_3_3
Parameters: 1 0.00037422 -0.000583116 -0.000374205 0.999999 0.00080137 0.000584106 -0.000801628 0.999999 0.0200408 0.101887 -0.00830797
FixedParameters: 0 0 0

#Transform 33
Transform: AffineTransform_float_3_3
Parameters: 0.999999 0.000321349 -0.000708271 -0.000320797 1 0.00103923 0.000709329 -0.00103877 0.999999 0.0159227 0.108625 -0.00631951
FixedParameters: 0 0 0

#Transform 34
Transform: AffineTransform_float_3_3
Parameters: 1 -0.0002404 -0.000511778 0.000240709 0.999999 0.00120088 0.000511591 -0.00120112 0.999999 -0.00393528 0.115572 0.000542679
FixedParameters: 0 0 0

#Transform 35
Transform: AffineTransform_float_3_3
Parameters: 1 -0.000153078 -0.000628034 0.00015311 0.999999 0.000758903 0.000628192 -0.000759096 0.999999 0.0129076 0.112286 -0.0218675
FixedParameters: 0 0 0

#Transform 36
Transform: AffineTransform_float_3_3
Parameters: 1 0.00034807 -0.000478457 -0.000348286 1 0.00114417 0.000478724 -0.00114383 0.999999 0.0211471 0.11931 -0.0269417
FixedParameters: 0 0 0

#Transform 37
Transform: AffineTransform_float_3_3
Parameters: 1 0.000131155 -0.000382491 -0.000131088 1 0.00059805 0.000381727 -0.00059795 0.999999 0.0208801 0.129924 -0.0283739
FixedParameters: 0 0 0

#Transform 38
Transform: AffineTransform_float_3_3
Parameters: 1 0.000180451 -0.000364042 -0.000179883 0.999999 0.00131722 0.000363596 -0.00131778 0.999999 0.0162692 0.109667 -0.0174549
FixedParameters: 0 0 0

#Transform 39
Transform: AffineTransform_float_3_3
Parameters: 1 0.000133173 4.79268e-05 -0.000133312 0.999999 0.00145899 -4.7538e-05 -0.00145901 0.999999 0.00181509 0.110721 -0.00446903
FixedParameters: 0 0 0

#Transform 40
Transform: AffineTransform_float_3_3
Parameters: 1 0.00010435 -2.02732e-05 -0.000104307 1 0.001071 2.04966e-05 -0.001071 1 0.0148958 0.11969 -0.0214712
FixedParameters: 0 0 0

#Transform 41
Transform: AffineTransform_float_3_3
Parameters: 1 5.91689e-05 -0.000127087 -5.8838e-05 0.999999 0.00130101 0.00012724 -0.00130099 0.999999 0.0230701 0.124211 -0.0187488
FixedParameters: 0 0 0

#Transform 42
Transform: AffineTransform_float_3_3
Parameters: 1 8.91668e-05 -5.61626e-05 -8.94047e-05 0.999999 0.00136901 5.54865e-05 -0.001369 0.999999 0.00672514 0.112645 0.0022133
FixedParameters: 0 0 0

#Transform 43
Transform: AffineTransform_float_3_3
Parameters: 0.999999 0.000542982 -0.000546629 -0.000541861 0.999999 0.0013823 0.000547207 -0.0013817 0.999999 0.0310768 0.126806 -0.00890893
FixedParameters: 0 0 0

#Transform 44
Transform: AffineTransform_float_3_3
Parameters: 1 0.000449204 -0.000414354 -0.000448396 0.999998 0.00191919 0.000414235 -0.00191881 0.999998 0.0212805 0.118589 -0.0260227
FixedParameters: 0 0 0

#Transform 45
Transform: AffineTransform_float_3_3
Parameters: 1 0.000100867 -2.84747e-05 -0.000100756 0.999998 0.001931 2.8864e-05 -0.001931 0.999998 -0.0233462 0.107525 0.0114114
FixedParameters: 0 0 0

#Transform 46
Transform: AffineTransform_float_3_3
Parameters: 1 0.000564105 0.000268512 -0.000564327 0.999999 0.00139985 -0.000268244 -0.00140015 0.999999 -0.0087553 0.116838 -0.010464
FixedParameters: 0 0 0

#Transform 47
Transform: AffineTransform_float_3_3
Parameters: 0.999999 0.000535837 0.00054661 -0.000537358 0.999998 0.00187671 -0.000545907 -0.00187729 0.999998 0.0389985 0.131677 -0.00555047
FixedParameters: 0 0 0

#Transform 48
Transform: AffineTransform_float_3_3
Parameters: 1 0.000244921 -0.000652256 -0.000245044 1 0.00061116 0.000652946 -0.00061084 0.999999 0.0369116 0.139551 -0.0492991
FixedParameters: 0 0 0

#Transform 49
Transform: AffineTransform_float_3_3
Parameters: 1 0.000116596 -0.000402152 -0.000115455 0.999999 0.00141805 0.000402481 -0.00141795 0.999999 0.012531 0.127104 -0.0305185
FixedParameters: 0 0 0

#Transform 50
Transform: AffineTransform_float_3_3
Parameters: 1 0.000230211 -0.00020798 -0.000229495 0.999999 0.00171869 0.000208771 -0.00171931 0.999998 0.0200767 0.138382 -0.0258849
FixedParameters: 0 0 0

#Transform 51
Transform: AffineTransform_float_3_3
Parameters: 1 0.000179699 -0.000371203 -0.000178455 0.999998 0.00167506 0.000371803 -0.00167493 0.999998 0.0154846 0.139777 -0.00646903
FixedParameters: 0 0 0

#Transform 52
Transform: AffineTransform_float_3_3
Parameters: 1 0.000113177 -0.000186826 -0.000112654 0.999999 0.00139802 0.000187142 -0.00139798 0.999999 0.0137452 0.145766 -0.0372754
FixedParameters: 0 0 0

#Transform 53
Transform: AffineTransform_float_3_3
Parameters: 1 -0.000149856 -6.69881e-05 0.000150113 0.999998 0.00193099 6.64088e-05 -0.00193101 0.999998 0.000321128 0.142353 -0.0167099
FixedParameters: 0 0 0

#Transform 54
Transform: AffineTransform_float_3_3
Parameters: 1 -5.09911e-05 -6.42257e-05 5.12472e-05 0.999998 0.001997 6.40215e-05 -0.001997 0.999998 0.0120192 0.14345 -0.0112626
FixedParameters: 0 0 0

#Transform 55
Transform: AffineTransform_float_3_3
Parameters: 1 -1.25423e-05 -0.000196631 1.31447e-05 0.999999 0.001532 0.000196591 -0.001532 0.999999 0.0113485 0.138928 -0.0162589
FixedParameters: 0 0 0

#Transform 56
Transform: AffineTransform_float_3_3
Parameters: 1 -1.95712e-05 -0.000149137 2.01011e-05 0.999999 0.001777 0.000149067 -0.001777 0.999999 0.0189198 0.139706 -0.00924243
FixedParameters: 0 0 0

#Transform 57
Transform: AffineTransform_float_3_3
Parameters: 1 -0.000241709 0.000471183 0.000241356 0.999999 0.00176512 -0.000471506 -0.00176489 0.999999 -0.0169659 0.131142 0.01302
FixedParameters: 0 0 0

#Transform 58
Transform: AffineTransform_float_3_3
Parameters: 1 -0.000366825 0.000586007 0.000366257 0.999998 0.00160321 -0.000586652 -0.00160278 0.999998 -0.0196232 0.123986 0.0443582
FixedParameters: 0 0 0

#Transform 59
Transform: AffineTransform_float_3_3
Parameters: 1 0.000538104 0.000407722 -0.000538941 0.999998 0.00167714 -0.000407227 -0.00167686 0.999999 -0.0339429 0.129853 0.0418896
FixedParameters: 0 0 0

#Transform 60
Transform: AffineTransform_float_3_3
Parameters: 0.999999 2.58892e-05 0.00101711 -2.83806e-05 0.999998 0.00167733 -0.00101741 -0.00167667 0.999998 -0.038635 0.12725 0.0351141
FixedParameters: 0 0 0

#Transform 61
Transform: AffineTransform_float_3_3
Parameters: 0.999999 -0.000164017 0.000781319 0.000163236 0.999998 0.00192728 -0.000781811 -0.00192772 0.999998 -0.0333151 0.109094 0.0512618
FixedParameters: 0 0 0

#Transform 62
Transform: AffineTransform_float_3_3
Parameters: 1 -7.47019e-05 0.000334457 7.45511e-05 0.999998 0.00160002 -0.000335087 -0.00159997 0.999998 -0.00310453 0.123551 -0.0047497
FixedParameters: 0 0 0

#Transform 63
Transform: AffineTransform_float_3_3
Parameters: 1 -6.90735e-05 0.000260428 6.91618e-05 0.999998 0.00159602 -0.00026104 -0.00159598 0.999998 -0.00531484 0.135176 -0.00399259
FixedParameters: 0 0 0

#Transform 64
Transform: AffineTransform_float_3_3
Parameters: 1 -0.00020231 0.000191823 0.000201611 0.999999 0.00181904 -0.000192558 -0.00181896 0.999999 -0.0153636 0.122324 0.00174315
FixedParameters: 0 0 0

#Transform 65
Transform: AffineTransform_float_3_3
Parameters: 1 -0.000434976 0.000424778 0.000433942 0.999999 0.00167582 -0.000425313 -0.00167617 0.999998 -0.0163917 0.142209 -0.0161498
FixedParameters: 0 0 0

#Transform 66
Transform: AffineTransform_float_3_3
Parameters: 1 -0.000483234 0.000310557 0.000482586 0.999999 0.00166879 -0.000311249 -0.00166921 0.999998 -0.0158341 0.115701 0.00503225
FixedParameters: 0 0 0

#Transform 67
Transform: AffineTransform_float_3_3
Parameters: 1 -0.000483309 0.000310439 0.00048251 0.999998 0.00191315 -0.000311367 -0.00191285 0.999998 -0.0287598 0.125385 0.00180579
FixedParameters: 0 0 0

#Transform 68
Transform: AffineTransform_float_3_3
Parameters: 0.999999 -0.000185235 0.000795618 0.000183215 0.999998 0.00209314 -0.00079586 -0.00209285 0.999997 -0.025647 0.121571 0.0051557
FixedParameters: 0 0 0

#Transform 69
Transform: AffineTransform_float_3_3
Parameters: 1 -0.000150642 0.00109812 0.000148868 0.999998 0.00182332 -0.00109853 -0.00182368 0.999998 -0.0334873 0.11177 0.0239612
FixedParameters: 0 0 0

#Transform 70
Transform: AffineTransform_float_3_3
Parameters: 0.999999 -7.27605e-05 0.00128327 7.00679e-05 0.999997 0.0020716 -0.00128251 -0.0020714 0.999997 -0.0534438 0.119425 0.0567986
FixedParameters: 0 0 0

#Transform 71
Transform: AffineTransform_float_3_3
Parameters: 1 2.75215e-05 0.000689643 -2.9018e-05 0.999998 0.00175234 -0.000689935 -0.00175166 0.999998 -0.0196132 0.120729 0.0275157
FixedParameters: 0 0 0

#Transform 72
Transform: AffineTransform_float_3_3
Parameters: 1 -0.000109891 0.00119484 0.000107566 0.999998 0.00190628 -0.00119512 -0.00190672 0.999997 -0.0419905 0.117045 0.0393189
FixedParameters: 0 0 0

#Transform 73
Transform: AffineTransform_float_3_3
Parameters: 1 -0.000141858 0.00112016 0.000138897 0.999997 0.00231731 -0.00112067 -0.00231769 0.999997 -0.0501915 0.111493 0.0788646
FixedParameters: 0 0 0

#Transform 74
Transform: AffineTransform_float_3_3
Parameters: 1 -9.20804e-05 0.000440406 9.09969e-05 0.999998 0.00227304 -0.000441213 -0.00227296 0.999998 -0.00548012 0.141766 0.00510418
FixedParameters: 0 0 0

#Transform 75
Transform: AffineTransform_float_3_3
Parameters: 0.999999 0.000588861 0.00117364 -0.000595413 0.999987 0.00498266 -0.00117101 -0.00498333 0.999987 0.0107112 0.214155 0.0542002
FixedParameters: 0 0 0

#Transform 76
Transform: AffineTransform_float_3_3
Parameters: 0.999983 -0.00333586 -0.00474491 0.00345691 0.999664 0.0256872 0.00465737 -0.0257028 0.999658 0.146617 0.109478 1.00279
FixedParameters: 0 0 0

#Transform 77
Transform: AffineTransform_float_3_3
Parameters: 0.999992 -0.00220891 -0.00333312 0.00225789 0.999889 0.0147817 0.00329986 -0.0147894 0.999885 0.0281892 0.379478 0.464022
FixedParameters: 0 0 0

#Transform 78
Transform: AffineTransform_float_3_3
Parameters: 0.999999 -0.000509758 -0.00125554 0.000515991 0.999986 0.00541972 0.0012531 -0.00542029 0.999985 0.0250593 0.188632 0.265712
FixedParameters: 0 0 0

#Transform 79
Transform: AffineTransform_float_3_3
Parameters: 0.999999 -0.000509399 -0.000801021 0.00051662 0.999963 0.0086378 0.000797126 -0.0086372 0.999962 0.0230442 0.181462 0.267585
FixedParameters: 0 0 0

#Transform 80
Transform: AffineTransform_float_3_3
Parameters: 0.999999 0.000695253 -0.0005254 -0.000691853 0.999982 0.00594837 0.000529439 -0.00594764 0.999982 -0.0237306 0.183471 0.238108
FixedParameters: 0 0 0

#Transform 81
Transform: AffineTransform_float_3_3
Parameters: 0.999999 0.000325881 0.000683159 -0.000329337 0.999987 0.00523178 -0.000681294 -0.00523223 0.999986 -0.052911 0.17986 0.183347
FixedParameters: 0 0 0

#Transform 82
Transform: AffineTransform_float_3_3
Parameters: 0.999999 0.000851792 -0.000148195 -0.000850858 0.999986 0.00523213 0.00015303 -0.00523187 0.999987 -0.0478588 0.166486 0.184216
FixedParameters: 0 0 0

#Transform 83
Transform: AffineTransform_float_3_3
Parameters: 0.999999 0.00102653 0.00150972 -0.00103413 0.999987 0.00501166 -0.00150475 -0.00501335 0.999986 -0.117259 0.182403 0.282832
FixedParameters: 0 0 0

#Transform 84
Transform: AffineTransform_float_3_3
Parameters: 1 0.000506157 5.35601e-06 -0.000506455 0.999983 0.005818 -2.61683e-06 -0.005818 0.999983 -0.0412749 0.176835 0.179545
FixedParameters: 0 0 0

#Transform 85
Transform: AffineTransform_float_3_3
Parameters: 1 1.23349e-05 0.00023976 -1.29186e-05 0.999982 0.00587499 -0.000239473 -0.005875 0.999982 -0.0432823 0.176298 0.184423
FixedParameters: 0 0 0

#Transform 86
Transform: AffineTransform_float_3_3
Parameters: 1 0.00046413 0.000167234 -0.000465557 0.99998 0.00630892 -0.000164911 -0.00630908 0.99998 -0.048701 0.181948 0.16525
FixedParameters: 0 0 0

#Transform 87
Transform: AffineTransform_float_3_3
Parameters: 1 0.000396001 3.7627e-06 -0.000397206 0.999981 0.006035 -1.73717e-06 -0.006035 0.999982 -0.0435267 0.188865 0.158041
FixedParameters: 0 0 0

#Transform 88
Transform: AffineTransform_float_3_3
Parameters: 1 0.000101614 -3.69243e-05 -0.000101513 0.999978 0.00662001 3.73485e-05 -0.00662 0.999978 -0.0265727 0.193054 0.162985
FixedParameters: 0 0 0

#Transform 89
Transform: AffineTransform_float_3_3
Parameters: 1 0.00109408 -0.000549156 -0.00108985 0.999966 0.00818024 0.000558206 -0.00817975 0.999966 -0.0303902 0.169162 -0.10326
FixedParameters: 0 0 0

#Transform 90
Transform: AffineTransform_float_3_3
Parameters: 1 0.000990731 0.000550099 -0.00099518 0.999969 0.00782046 -0.000542825 -0.00782154 0.99997 -0.0635177 0.169118 0.0186166
FixedParameters: 0 0 0

#Transform 91
Transform: AffineTransform_float_3_3
Parameters: 1 0.00069199 0.000860008 -0.000696809 0.999978 0.00664477 -0.000855746 -0.00664524 0.999978 -0.0305645 0.179349 -0.00362202
FixedParameters: 0 0 0

#Transform 92
Transform: AffineTransform_float_3_3
Parameters: 0.999999 0.000293948 0.000893656 -0.000300589 0.999975 0.00703474 -0.000890897 -0.00703527 0.999975 -0.0222561 0.173628 -0.0193614
FixedParameters: 0 0 0

#Transform 93
Transform: AffineTransform_float_3_3
Parameters: 0.999999 5.53979e-05 0.0014355 -6.50399e-05 0.999982 0.00587442 -0.00143568 -0.00587457 0.999982 -0.0141048 0.173628 0.0339345
FixedParameters: 0 0 0

#Transform 94
Transform: AffineTransform_float_3_3
Parameters: 0.999999 0.000340885 0.00126625 -0.000349687 0.999976 0.00690693 -0.00126407 -0.00690708 0.999976 -0.0253478 0.183893 -0.00157298
FixedParameters: 0 0 0

#Transform 95
Transform: AffineTransform_float_3_3
Parameters: 1 0.000397727 0.00111369 -0.000405515 0.999977 0.00680991 -0.00111134 -0.00681009 0.999976 -0.027446 0.17418 -0.0425302
FixedParameters: 0 0 0

#Transform 96
Transform: AffineTransform_float_3_3
Parameters: 0.999999 0.000238694 0.00129366 -0.000248156 0.999976 0.0068102 -0.00129163 -0.0068108 0.999976 -0.0336449 0.187221 0.000374446
FixedParameters: 0 0 0

#Transform 97
Transform: AffineTransform_float_3_3
Parameters: 0.999999 0.000370941 0.000803086 -0.000376415 0.999982 0.00603691 -0.000801449 -0.00603609 0.999981 -0.0104273 0.182498 -0.0414618
FixedParameters: 0 0 0

#Transform 98
Transform: AffineTransform_float_3_3
Parameters: 1 0.000311801 0.00108458 -0.000318051 0.999982 0.00603702 -0.0010826 -0.00603698 0.999981 -0.030844 0.188144 -0.0305656
FixedParameters: 0 0 0

#Transform 99
Transform: AffineTransform_float_3_3
Parameters: 0.999999 -0.000226352 0.00125004 0.00021944 0.999985 0.00543843 -0.00125205 -0.00543857 0.999984 -0.036153 0.195303 0.0856333
FixedParameters: 0 0 0

#Transform 100
Transform: AffineTransform_float_3_3
Parameters: 1 7.16212e-05 0.00068215 -7.50472e-05 0.999985 0.00549695 -0.000681986 -0.00549705 0.999984 -0.0319796 0.202136 0.0373669
FixedParameters: 0 0 0

#Transform 101
Transform: AffineTransform_float_3_3
Parameters: 0.999999 0.000634963 0.000700397 -0.000638337 0.999983 0.00580655 -0.000697189 -0.00580744 0.999983 -0.0239315 0.171783 -0.0236584
FixedParameters: 0 0 0

#Transform 102
Transform: AffineTransform_float_3_3
Parameters: 0.999999 0.000458042 0.000635649 -0.0004617 0.99998 0.00620407 -0.000632817 -0.00620393 0.999981 -0.0387891 0.173619 -0.0101514
FixedParameters: 0 0 0

#Transform 103
Transform: AffineTransform_float_3_3
Parameters: 0.999999 0.000183749 0.000849838 -0.000188526 0.999984 0.00575185 -0.00084873 -0.00575216 0.999983 -0.0354807 0.173202 -0.00105214
FixedParameters: 0 0 0

#Transform 104
Transform: AffineTransform_float_3_3
Parameters: 0.999999 2.81491e-05 0.0009419 -3.37312e-05 0.999983 0.00582197 -0.000941652 -0.00582203 0.999982 -0.0286572 0.196422 -0.0279119
FixedParameters: 0 0 0

#Transform 105
Transform: AffineTransform_float_3_3
Parameters: 0.999999 0.0002668 0.000861752 -0.000271627 0.999983 0.00570428 -0.000859714 -0.00570472 0.999984 -0.0261423 0.189923 -0.0207185
FixedParameters: 0 0 0

#Transform 106
Transform: AffineTransform_float_3_3
Parameters: 0.999999 0.000284244 0.000743906 -0.000289012 0.99998 0.00630479 -0.000742245 -0.00630521 0.99998 -0.0281994 0.188663 0.00432386
FixedParameters: 0 0 0

#Transform 107
Transform: AffineTransform_float_3_3
Parameters: 1 0.000447282 0.000321589 -0.000449294 0.99998 0.00623122 -0.000319016 -0.00623078 0.999981 -0.0076083 0.190434 -0.0427669
FixedParameters: 0 0 0

#Transform 108
Transform: AffineTransform_float_3_3
Parameters: 1 0.0003312 0.00117716 -0.00033911 0.999978 0.00665996 -0.0011749 -0.00666003 0.999977 -0.0366526 0.183796 -0.0643303
FixedParameters: 0 0 0

#Transform 109
Transform: AffineTransform_float_3_3
Parameters: 0.999999 0.000283508 0.000774529 -0.000289536 0.999977 0.00687078 -0.000772545 -0.00687122 0.999976 -0.029007 0.196243 -0.0978414
FixedParameters: 0 0 0

#Transform 110
Transform: AffineTransform_float_3_3
Parameters: 1 0.00104174 -0.000347176 -0.00104059 0.999987 0.00499 0.000352043 -0.00498999 0.999987 -0.0192726 0.219012 -0.0116153
FixedParameters: 0 0 0

#Transform 111
Transform: AffineTransform_float_3_3
Parameters: 0.999999 0.00124987 -0.000714734 -0.00124574 0.999989 0.00451053 0.000720466 -0.00450946 0.999989 -0.0176869 0.218547 -0.0665231
FixedParameters: 0 0 0

#Transform 112
Transform: AffineTransform_float_3_3
Parameters: 1 0.00107504 -0.000441162 -0.0010732 0.99999 0.00426712 0.000445726 -0.00426688 0.999991 -0.00977799 0.217937 -0.117453
FixedParameters: 0 0 0

#Transform 113
Transform: AffineTransform_float_3_3
Parameters: 0.999998 0.00161965 -8.75002e-05 -0.00161914 0.999992 0.00347663 9.33759e-05 -0.00347636 0.999994 -0.046644 0.237377 0.00534995
FixedParameters: 0 0 0

#Transform 114
Transform: AffineTransform_float_3_3
Parameters: 0.999998 0.001597 -0.000301342 -0.00159535 0.999993 0.00353161 0.000306311 -0.00353139 0.999993 -0.036456 0.226544 -0.068616
FixedParameters: 0 0 0

#Transform 115
Transform: AffineTransform_float_3_3
Parameters: 0.999999 0.00168504 -0.00060004 -0.00168179 0.999989 0.0045123 0.000607477 -0.0045117 0.99999 -0.0431256 0.219092 -0.109029
FixedParameters: 0 0 0

#Transform 116
Transform: AffineTransform_float_3_3
Parameters: 0.999998 0.00187543 -0.000978472 -0.00187101 0.999991 0.00384276 0.000985502 -0.00384124 0.999992 -0.0451015 0.221514 -0.118409
FixedParameters: 0 0 0

#Transform 117
Transform: AffineTransform_float_3_3
Parameters: 0.999998 0.00223947 0.000123765 -0.00223977 0.999993 0.00295706 -0.000117215 -0.00295693 0.999996 -0.0910433 0.205193 0.0350065
FixedParameters: 0 0 0

#Transform 118
Transform: AffineTransform_float_3_3
Parameters: 0.999998 0.00185115 0.000387281 -0.00185272 0.999994 0.00308662 -0.000381622 -0.00308738 0.999995 -0.0826099 0.212428 0.0780287
FixedParameters: 0 0 0

#Transform 119
Transform: AffineTransform_float_3_3
Parameters: 0.999998 0.00198217 0.000310767 -0.00198301 0.999994 0.00267372 -0.000305939 -0.00267428 0.999996 -0.0881581 0.205449 0.0339847
FixedParameters: 0 0 0

#Transform 120
Transform: AffineTransform_float_3_3
Parameters: 0.999997 0.00211608 0.000339924 -0.00211663 0.999994 0.00259862 -0.000333777 -0.00259938 0.999997 -0.101492 0.206838 0.0355821
FixedParameters: 0 0 0

#Transform 121
Transform: AffineTransform_float_3_3
Parameters: 0.999998 0.00225378 -2.10177e-05 -0.00225377 0.999994 0.00253139 2.70423e-05 -0.00253061 0.999997 -0.0900687 0.222328 0.00527596
FixedParameters: 0 0 0

#Transform 122
Transform: AffineTransform_float_3_3
Parameters: 0.999999 0.00175602 -0.000274262 -0.00175562 0.999993 0.00328861 0.000279897 -0.00328838 0.999994 -0.0777681 0.221115 -0.0102298
FixedParameters: 0 0 0

#Transform 123
Transform: AffineTransform_float_3_3
Parameters: 0.999998 0.00156951 -0.000431452 -0.0015678 0.999993 0.00316332 0.000436382 -0.00316268 0.999995 -0.0461623 0.227701 -0.066716
FixedParameters: 0 0 0

#Transform 124
Transform: AffineTransform_float_3_3
Parameters: 0.999998 0.00157086 -0.000327532 -0.00156967 0.999993 0.00335901 0.000333087 -0.003358 0.999994 -0.0617944 0.214757 -0.00866152
FixedParameters: 0 0 0

#Transform 125
Transform: AffineTransform_float_3_3
Parameters: 0.999997 0.00233655 -0.000341764 -0.00233513 0.999993 0.00278678 0.000348475 -0.00278522 0.999996 -0.0971412 0.199567 0.0239245
FixedParameters: 0 0 0

#Transform 126
Transform: AffineTransform_float_3_3
Parameters: 0.999994 0.0035136 -0.00106377 -0.0035136 0.999994 0.000184069 0.00106413 -0.000180933 1 -0.119125 0.229954 -0.0351778
FixedParameters: 0 0 0

#Transform 127
Transform: AffineTransform_float_3_3
Parameters: 0.999993 0.00343833 -0.00151483 -0.00344201 0.999991 -0.00237732 0.00150674 0.00238268 0.999996 -0.154048 0.278023 -0.104048
FixedParameters: 0 0 0

#Transform 128
Transform: AffineTransform_float_3_3
Parameters: 0.999993 0.00343354 -0.00156973 -0.00343472 0.999994 -0.000621129 0.00156729 0.000626867 0.999998 -0.155245 0.218685 -0.048611
FixedParameters: 0 0 0

#Transform 129
Transform: AffineTransform_float_3_3
Parameters: 0.999989 0.00465899 -0.00132571 -0.00465845 0.999989 0.00064641 0.00132894 -0.000640591 0.999999 -0.189791 0.216138 -0.0371927
FixedParameters: 0 0 0

#Transform 130
Transform: AffineTransform_float_3_3
Parameters: 0.999992 0.00384982 -0.00114162 -0.00384981 0.999992 0.000347369 0.00114244 -0.000343635 0.999999 -0.136268 0.225764 -0.0770412
FixedParameters: 0 0 0

#Transform 131
Transform: AffineTransform_float_3_3
Parameters: 0.999992 0.00380715 -0.000408522 -0.00380575 0.999989 0.00259981 0.000418851 -0.00259819 0.999997 -0.154823 0.213952 0.0170395
FixedParameters: 0 0 0

#Transform 132
Transform: AffineTransform_float_3_3
Parameters: 0.999994 0.00235722 -0.0027944 -0.00233412 0.999963 0.0082299 0.00281454 -0.00822309 0.999962 -0.0489311 0.198877 0.227198
FixedParameters: 0 0 0

#Transform 133
Transform: AffineTransform_float_3_3
Parameters: 0.999983 0.00166259 -0.0055504 -0.00162236 0.999973 0.0071888 0.00556257 -0.0071802 0.999959 -0.0014371 0.2121 0.0971863
FixedParameters: 0 0 0

#Transform 134
Transform: AffineTransform_float_3_3
Parameters: 0.999991 0.00174703 -0.00370688 -0.00172393 0.99998 0.0060453 0.00371753 -0.0060387 0.999975 -0.0363727 0.210478 0.128418
FixedParameters: 0 0 0

#Transform 135
Transform: AffineTransform_float_3_3
Parameters: 0.999994 0.00195194 -0.0028501 -0.00193655 0.999983 0.00556439 0.00286129 -0.00555961 0.999981 -0.0504356 0.209095 0.105172
FixedParameters: 0 0 0

#Transform 136
Transform: AffineTransform_float_3_3
Parameters: 0.999993 0.00204679 -0.00296825 -0.002032 0.999986 0.00508975 0.00297817 -0.00508326 0.999983 -0.0462599 0.207587 0.028434
FixedParameters: 0 0 0

#Transform 137
Transform: AffineTransform_float_3_3
Parameters: 0.999994 0.00221941 -0.00264497 -0.0022055 0.999983 0.00536855 0.0026575 -0.00536245 0.999982 -0.0627451 0.193492 0.0284155
FixedParameters: 0 0 0

#Transform 138
Transform: AffineTransform_float_3_3
Parameters: 0.999994 0.00176847 -0.00280555 -0.00175323 0.999984 0.00532599 0.00281532 -0.00532101 0.999982 -0.0352394 0.209298 0.0170186
FixedParameters: 0 0 0

#Transform 139
Transform: AffineTransform_float_3_3
Parameters: 0.999994 0.00199468 -0.00263362 -0.00198186 0.999985 0.00493793 0.00264257 -0.00493307 0.999984 -0.0273186 0.209676 -0.0124385
FixedParameters: 0 0 0

#Transform 140
Transform: AffineTransform_float_3_3
Parameters: 0.999994 0.0018127 -0.00269889 -0.00179874 0.999985 0.00512893 0.00270803 -0.00512408 0.999984 -0.0369056 0.217873 -0.0275174
FixedParameters: 0 0 0

#Transform 141
Transform: AffineTransform_float_3_3
Parameters: 0.999994 0.00206216 -0.0025331 -0.00204894 0.999984 0.00521191 0.00254383 -0.0052071 0.999984 -0.0373508 0.220867 -0.0176439
FixedParameters: 0 0 0

#Transform 142
Transform: AffineTransform_float_3_3
Parameters: 0.999995 0.00185008 -0.0026088 -0.00183702 0.999986 0.00495786 0.00261731 -0.00495314 0.999985 -0.034512 0.214385 -0.00680206
FixedParameters: 0 0 0

#Transform 143
Transform: AffineTransform_float_3_3
Parameters: 0.999994 0.00179533 -0.0027404 -0.00178093 0.999985 0.00513095 0.00274937 -0.00512605 0.999983 -0.0318094 0.227478 -0.0194388
FixedParameters: 0 0 0

#Transform 144
Transform: AffineTransform_float_3_3
Parameters: 0.999995 0.00210309 -0.00261882 -0.00208949 0.999984 0.00511418 0.00262957 -0.00510881 0.999983 -0.0330185 0.238936 -0.0184551
FixedParameters: 0 0 0

#Transform 145
Transform: AffineTransform_float_3_3
Parameters: 0.999995 0.00174443 -0.00272558 -0.00173141 0.999987 0.00476279 0.0027346 -0.00475821 0.999985 -0.0218507 0.223584 -0.00939927
FixedParameters: 0 0 0

#Transform 146
Transform: AffineTransform_float_3_3
Parameters: 0.999995 0.00167238 -0.0024042 -0.00166074 0.999986 0.00500391 0.00241203 -0.0050001 0.999985 -0.026991 0.2239 -0.00225644
FixedParameters: 0 0 0

#Transform 147
Transform: AffineTransform_float_3_3
Parameters: 0.999994 0.00144233 -0.00295247 -0.00142857 0.999987 0.00476901 0.00296032 -0.00476399 0.999984 -2.60751e-05 0.239413 -0.0183785
FixedParameters: 0 0 0

#Transform 148
Transform: AffineTransform_float_3_3
Parameters: 0.999994 0.00145477 -0.00292584 -0.00144012 0.999984 0.0053218 0.00293304 -0.0053182 0.999981 0.00394507 0.216745 -0.0260068
FixedParameters: 0 0 0

#Transform 149
Transform: AffineTransform_float_3_3
Parameters: 0.999994 0.00141955 -0.00300836 -0.00140408 0.999987 0.00502866 0.00301581 -0.00502434 0.999983 0.00590349 0.229373 -0.0232793
FixedParameters: 0 0 0

#Transform 150
Transform: AffineTransform_float_3_3
Parameters: 0.999995 0.00139895 -0.00305881 -0.00138301 0.999985 0.00523782 0.0030661 -0.00523418 0.999982 0.0367713 0.228301 -0.0771035
FixedParameters: 0 0 0

#Transform 151
Transform: AffineTransform_float_3_3
Parameters: 0.999995 0.00152646 -0.00275287 -0.00151272 0.999986 0.00501323 0.00276096 -0.00500977 0.999983 0.0329813 0.243539 -0.0661228
FixedParameters: 0 0 0

#Transform 152
Transform: AffineTransform_float_3_3
Parameters: 0.999995 0.00120203 -0.00293093 -0.00118709 0.999988 0.00478327 0.00293705 -0.00477973 0.999984 0.032942 0.242341 -0.0715946
FixedParameters: 0 0 0

#Transform 153
Transform: AffineTransform_float_3_3
Parameters: 0.999994 0.00124154 -0.00342502 -0.00122873 0.999992 0.00378366 0.00342906 -0.00377934 0.999987 0.0463814 0.257871 -0.10491
FixedParameters: 0 0 0

#Transform 154
Transform: AffineTransform_float_3_3
Parameters: 0.999994 0.00133732 -0.00320028 -0.00132416 0.99999 0.00430718 0.00320591 -0.00430282 0.999985 0.027966 0.251266 -0.0796223
FixedParameters: 0 0 0

#Transform 155
Transform: AffineTransform_float_3_3
Parameters: 0.999994 0.00107194 -0.00328903 -0.00105704 0.999989 0.00453578 0.00329417 -0.00453222 0.999985 0.0300258 0.242808 -0.0765187
FixedParameters: 0 0 0

#Transform 156
Transform: AffineTransform_float_3_3
Parameters: 0.999994 0.000938803 -0.00316865 -0.000923313 0.999988 0.00480208 0.00317307 -0.00479893 0.999984 0.0294806 0.251618 -0.0743859
FixedParameters: 0 0 0

#Transform 157
Transform: AffineTransform_float_3_3
Parameters: 0.999995 0.00137629 -0.0029322 -0.0013629 0.99999 0.00442642 0.00293771 -0.00442258 0.999986 0.0253563 0.266994 -0.0991843
FixedParameters: 0 0 0

#Transform 158
Transform: AffineTransform_float_3_3
Parameters: 0.999997 0.00116328 -0.00236994 -0.00115275 0.999989 0.00451236 0.00237523 -0.00450964 0.999987 0.00300612 0.247293 -0.0525068
FixedParameters: 0 0 0

#Transform 159
Transform: AffineTransform_float_3_3
Parameters: 0.999996 0.0011618 -0.00237726 -0.00114981 0.999985 0.00535736 0.00238342 -0.00535464 0.999983 -0.0138019 0.242608 -0.0270788
FixedParameters: 0 0 0

#Transform 160
Transform: AffineTransform_float_3_3
Parameters: 0.999997 0.00122182 -0.00222987 -0.00121207 0.99999 0.00441482 0.00223507 -0.00441219 0.999988 -0.0167958 0.252573 -0.0356554
FixedParameters: 0 0 0

#Transform 161
Transform: AffineTransform_float_3_3
Parameters: 0.999996 0.00117118 -0.00253553 -0.00115965 0.999988 0.00467557 0.00254074 -0.00467243 0.999986 -0.0196285 0.239673 -0.080004
FixedParameters: 0 0 0

#Transform 162
Transform: AffineTransform_float_3_3
Parameters: 0.999997 0.00112245 -0.00246987 -0.00111063 0.999987 0.00504201 0.00247583 -0.00503999 0.999984 -0.00721104 0.249254 -0.0511678
FixedParameters: 0 0 0

#Transform 163
Transform: AffineTransform_float_3_3
Parameters: 0.999997 0.00112293 -0.00246741 -0.00111118 0.999988 0.00476737 0.00247329 -0.00476463 0.999986 -0.0180386 0.238519 -0.0321824
FixedParameters: 0 0 0

#Transform 164
Transform: AffineTransform_float_3_3
Parameters: 0.999997 0.000774314 -0.00223955 -0.000764515 0.99999 0.00444003 0.00224306 -0.00443797 0.999987 0.00064291 0.248127 -0.0176002
FixedParameters: 0 0 0

#Transform 165
Transform: AffineTransform_float_3_3
Parameters: 0.999996 0.00121098 -0.0022557 -0.00120103 0.99999 0.00440782 0.00226078 -0.00440518 0.999988 -0.00786488 0.257483 -0.0657803
FixedParameters: 0 0 0

#Transform 166
Transform: AffineTransform_float_3_3
Parameters: 0.999995 0.00100136 -0.00275634 -0.000989077 0.999989 0.00453272 0.00276098 -0.00452929 0.999986 0.00430512 0.257708 -0.0767744
FixedParameters: 0 0 0

#Transform 167
Transform: AffineTransform_float_3_3
Parameters: 0.999997 0.00112009 -0.00247318 -0.00110933 0.999989 0.00455637 0.00247857 -0.00455363 0.999987 -0.00551427 0.250403 -0.0567531
FixedParameters: 0 0 0

#Transform 168
Transform: AffineTransform_float_3_3
Parameters: 0.999996 0.000899728 -0.00245721 -0.000888518 0.999988 0.00486702 0.00246153 -0.00486398 0.999985 -0.00597911 0.261482 -0.0376549
FixedParameters: 0 0 0

#Transform 169
Transform: AffineTransform_float_3_3
Parameters: 0.999996 0.00110044 -0.00230097 -0.00109089 0.999991 0.00415098 0.00230544 -0.00414802 0.999989 0.0101398 0.259932 -0.0781211
FixedParameters: 0 0 0

#Transform 170
Transform: AffineTransform_float_3_3
Parameters: 0.999996 0.00105507 -0.00262739 -0.00104346 0.99999 0.00437837 0.00263273 -0.00437563 0.999987 0.0181092 0.257397 -0.0794346
FixedParameters: 0 0 0

#Transform 171
Transform: AffineTransform_float_3_3
Parameters: 0.999997 0.00112062 -0.0024722 -0.00110999 0.999989 0.00461286 0.00247679 -0.00461014 0.999986 -0.000998602 0.260334 -0.0749966
FixedParameters: 0 0 0

#Transform 172
Transform: AffineTransform_float_3_3
Parameters: 0.999997 0.00124804 -0.00182272 -0.00124001 0.999991 0.00421122 0.00182871 -0.00420879 0.99999 -0.0115815 0.258861 -0.0400951
FixedParameters: 0 0 0

#Transform 173
Transform: AffineTransform_float_3_3
Parameters: 0.999997 0.00103957 -0.00228917 -0.00103022 0.99999 0.00432883 0.00229389 -0.00432617 0.999988 0.0093422 0.248889 -0.0636283
FixedParameters: 0 0 0

#Transform 174
Transform: AffineTransform_float_3_3
Parameters: 0.999997 0.00111445 -0.00248545 -0.0011035 0.99999 0.00430837 0.00249076 -0.00430563 0.999988 0.00696445 0.253246 -0.053278
FixedParameters: 0 0 0

#Transform 175
Transform: AffineTransform_float_3_3
Parameters: 0.999996 0.00105492 -0.00262898 -0.00104336 0.999989 0.00461538 0.00263429 -0.00461263 0.999986 0.021926 0.241972 -0.102109
FixedParameters: 0 0 0

#Transform 176
Transform: AffineTransform_float_3_3
Parameters: 0.999996 0.000903178 -0.00240459 -0.000891927 0.999988 0.00479062 0.00240842 -0.00478838 0.999985 0.00859843 0.23333 -0.0589825
FixedParameters: 0 0 0

#Transform 177
Transform: AffineTransform_float_3_3
Parameters: 0.999997 0.000921423 -0.00203188 -0.000912853 0.999988 0.00468617 0.00203623 -0.00468383 0.999987 0.01329 0.248596 -0.0440314
FixedParameters: 0 0 0

#Transform 178
Transform: AffineTransform_float_3_3
Parameters: 0.999997 0.0011444 -0.0024151 -0.00113333 0.999989 0.00454121 0.00242028 -0.00453779 0.999987 0.028731 0.248522 -0.0708358
FixedParameters: 0 0 0

#Transform 179
Transform: AffineTransform_float_3_3
Parameters: 0.999996 0.00112117 -0.00234049 -0.00110878 0.999987 0.00496522 0.0023464 -0.00496278 0.999985 0.0188336 0.244311 -0.111524
FixedParameters: 0 0 0
