#Insight Transform File V1.0
#Transform 0
Transform: AffineTransform_float_3_3
Parameters: 0.999998 0.00146115 0.00168476 -0.00146242 0.999999 0.00107995 -0.00168369 -0.00108205 0.999998 -0.00459998 -0.319549 -0.486827
FixedParameters: 0 0 0

#Transform 1
Transform: AffineTransform_float_3_3
Parameters: 0.999999 0.000739214 -0.000387655 -0.000739758 0.999999 -0.00120671 0.00038679 0.00120729 0.999999 -0.00361314 0.0755479 0.000410593
FixedParameters: 0 0 0

#Transform 2
Transform: AffineTransform_float_3_3
Parameters: 1 0.000675637 6.59981e-05 -0.00067519 1 -0.000429197 -6.56578e-05 0.000429803 0.999999 -0.0181332 0.0957656 -0.0523089
FixedParameters: 0 0 0

#Transform 3
Transform: AffineTransform_float_3_3
Parameters: 1 0.000568815 -0.000170016 -0.000568957 1 -0.000417903 0.00016954 0.000418096 1 -0.0178996 0.0969132 -0.048778
FixedParameters: 0 0 0

#Transform 4
Transform: AffineTransform_float_3_3
Parameters: 1 0.000543785 -0.000236583 -0.000544026 0.999999 -0.000509871 0.000236029 0.000510128 1 -0.0244184 0.10662 -0.0564401
FixedParameters: 0 0 0

#Transform 5
Transform: AffineTransform_float_3_3
Parameters: 1 0.00053724 -0.000252005 -0.000536896 1 -9.28646e-05 0.000252825 9.31357e-05 1 -0.0274271 0.109966 -0.0563647
FixedParameters: 0 0 0

#Transform 6
Transform: AffineTransform_float_3_3
Parameters: 1 0.000626258 -8.31026e-05 -0.000626202 0.999999 0.000332052 8.35184e-05 -0.000331948 1 -0.012594 0.101301 -0.0578096
FixedParameters: 0 0 0

#Transform 7
Transform: AffineTransform_float_3_3
Parameters: 1 0.000473656 -0.000232852 -0.000473893 1 -0.000509889 0.000232368 0.00051011 1 -0.0301681 0.117604 -0.055831
FixedParameters: 0 0 0

#Transform 8
Transform: AffineTransform_float_3_3
Parameters: 1 0.000500587 -0.000397201 -0.000500626 1 -4.8801e-05 0.000397152 4.91987e-05 1 -0.00252755 0.101983 -0.0484117
FixedParameters: 0 0 0

#Transform 9
Transform: AffineTransform_float_3_3
Parameters: 1 0.000526889 -0.00021754 -0.000526785 0.999999 -0.000657885 0.000217768 0.000658114 1 -0.0395587 0.116201 -0.0556139
FixedParameters: 0 0 0

#Transform 10
Transform: AffineTransform_float_3_3
Parameters: 1 0.000493439 -0.000408659 -0.000493932 0.999999 -0.000603645 0.000408064 0.000603354 1 -0.0194878 0.106239 -0.0619071
FixedParameters: 0 0 0

#Transform 11
Transform: AffineTransform_float_3_3
Parameters: 0.999999 0.000378796 -0.000701178 -0.000379375 0.999999 -0.000690734 0.000701574 0.000691265 0.999999 -0.0435005 0.116578 -0.0689543
FixedParameters: 0 0 0

#Transform 12
Transform: AffineTransform_float_3_3
Parameters: 0.999999 0.00032403 -0.000643941 -0.000324363 1 -0.000258791 0.000643773 0.000259208 1 -0.0201166 0.0935433 -0.048842
FixedParameters: 0 0 0

#Transform 13
Transform: AffineTransform_float_3_3
Parameters: 1 0.000469772 -0.000242 -0.000469962 1 -0.000392886 0.00024163 0.000393113 1 -0.0362881 0.106139 -0.0505696
FixedParameters: 0 0 0

#Transform 14
Transform: AffineTransform_float_3_3
Parameters: 1 0.000453232 -0.000475173 -0.000453716 1 -0.000509784 0.000474711 0.000510215 1 -0.0240259 0.102049 -0.051584
FixedParameters: 0 0 0

#Transform 15
Transform: AffineTransform_float_3_3
Parameters: 1 0.000236754 -0.000637238 -0.000236955 1 -0.000157849 0.000637163 0.000158151 1 -0.0192388 0.0949639 -0.0492638
FixedParameters: 0 0 0

#Transform 16
Transform: AffineTransform_float_3_3
Parameters: 1 0.000143517 -0.000557451 -0.000143708 1 -0.00017192 0.000557402 0.00017208 1 -0.0291599 0.087305 -0.0457125
FixedParameters: 0 0 0

#Transform 17
Transform: AffineTransform_float_3_3
Parameters: 1 0.0001015 -0.00102203 -0.00010202 1 -0.000253896 0.00102198 0.000254104 0.999999 -0.0120183 0.100075 -0.0588181
FixedParameters: 0 0 0

#Transform 18
Transform: AffineTransform_float_3_3
Parameters: 0.999999 0.000159827 -0.00089701 -0.000160741 0.999999 -0.000509703 0.000896847 0.000509296 0.999999 -0.0340736 0.0979133 -0.0728307
FixedParameters: 0 0 0

#Transform 19
Transform: AffineTransform_float_3_3
Parameters: 0.999999 0.000274225 -0.00121838 -0.000274156 0.999999 -0.000509154 0.00121863 0.000509847 0.999999 -0.0086118 0.115419 -0.0662671
FixedParameters: 0 0 0

#Transform 20
Transform: AffineTransform_float_3_3
Parameters: 0.999999 0.000337171 -0.000661517 -0.000337606 1 -0.000328777 0.000661295 0.000329223 0.999999 -0.0319343 0.0933436 -0.050854
FixedParameters: 0 0 0

#Transform 21
Transform: AffineTransform_float_3_3
Parameters: 0.999999 0.000396103 -0.00118217 -0.000396386 0.999999 -0.000509019 0.00118137 0.000509981 1 -0.0129595 0.102577 -0.0600773
FixedParameters: 0 0 0

#Transform 22
Transform: AffineTransform_float_3_3
Parameters: 0.999999 0.000457661 -0.00118326 -0.00045774 1 -0.000422306 0.00118248 0.000422694 1 -0.0176985 0.0900144 -0.0480068
FixedParameters: 0 0 0

#Transform 23
Transform: AffineTransform_float_3_3
Parameters: 0.999999 0.000603952 -0.00107764 -0.000603928 0.999999 1.18036e-05 0.00107765 -1.11966e-05 0.999999 -0.0317636 0.0701987 0.00471162
FixedParameters: 0 0 0

#Transform 24
Transform: AffineTransform_float_3_3
Parameters: 0.999999 0.000557918 -0.0011763 -0.000557809 0.999999 0.000212809 0.00117562 -0.000212192 0.999999 -0.014796 0.068465 -0.0288137
FixedParameters: 0 0 0

#Transform 25
Transform: AffineTransform_float_3_3
Parameters: 0.999999 0.000164744 -0.000891288 -0.000164975 1 -0.0001297 0.000891246 0.000129299 1 -0.0347515 0.0772314 -0.0392137
FixedParameters: 0 0 0

#Transform 26
Transform: AffineTransform_float_3_3
Parameters: 1 0.000277022 -0.00110604 -0.00027662 1 0.000182306 0.00110614 -0.000181694 0.999999 -0.00895929 0.0737374 -0.0378645
FixedParameters: 0 0 0

#Transform 27
Transform: AffineTransform_float_3_3
Parameters: 0.999999 0.000205569 -0.00137131 -0.000205474 1 3.47942e-05 0.00137132 -3.42059e-05 0.999999 -0.0305996 0.0752043 -0.0418784
FixedParameters: 0 0 0

#Transform 28
Transform: AffineTransform_float_3_3
Parameters: 0.999999 0.000338433 -0.00118111 -0.000338371 1 2.65524e-05 0.00118113 -2.64477e-05 0.999999 -0.0129956 0.0777272 -0.0373967
FixedParameters: 0 0 0

#Transform 29
Transform: AffineTransform_float_3_3
Parameters: 0.999999 5.41005e-05 -0.000947456 -5.40986e-05 1 1.0513e-06 0.000947456 -9.4879e-07 0.999999 -0.0327326 0.0752437 -0.0362838
FixedParameters: 0 0 0

#Transform 30
Transform: AffineTransform_float_3_3
Parameters: 0.999999 6.93926e-05 -0.0014842 -6.98378e-05 1 -0.000149537 0.00148418 0.000150463 0.999999 -0.00505035 0.0787569 -0.0224112
FixedParameters: 0 0 0

#Transform 31
Transform: AffineTransform_float_3_3
Parameters: 0.999999 5.36235e-05 -0.00136645 -5.39358e-05 1 0.000222586 0.00136686 -0.000222415 0.999999 -0.00653413 0.0669588 -0.0183582
FixedParameters: 0 0 0

#Transform 32
Transform: AffineTransform_float_3_3
Parameters: 0.999999 -1.38798e-05 -0.00151086 1.38592e-05 1 -0.000311509 0.00151048 0.000311492 0.999999 -0.0172979 0.0865932 -0.00635566
FixedParameters: 0 0 0

#Transform 33
Transform: AffineTransform_float_3_3
Parameters: 0.999999 0.000156939 -0.0017821 -0.00015703 0.999999 -0.000135055 0.00178298 0.000134945 0.999998 0.0154364 0.0747217 -0.00682548
FixedParameters: 0 0 0

#Transform 34
Transform: AffineTransform_float_3_3
Parameters: 0.999998 0.000304904 -0.00187555 -0.000306071 1 -0.000311121 0.00187536 0.000310878 0.999998 -0.00831659 0.0879586 0.000415883
FixedParameters: 0 0 0

#Transform 35
Transform: AffineTransform_float_3_3
Parameters: 0.999998 0.000172707 -0.0018909 -0.000173132 1 -0.00011216 0.00189086 0.000112839 0.999998 -0.00630586 0.0727976 -0.00395252
FixedParameters: 0 0 0

#Transform 36
Transform: AffineTransform_float_3_3
Parameters: 0.999998 -7.97864e-05 -0.00202489 7.92417e-05 1 -0.000134289 0.00202491 0.000134711 0.999998 -0.0235093 0.0776099 0.00269077
FixedParameters: 0 0 0

#Transform 37
Transform: AffineTransform_float_3_3
Parameters: 0.999999 7.63132e-05 -0.00177635 -7.68918e-05 0.999999 -0.000422199 0.0017759 0.000421801 0.999998 -0.00724767 0.0869618 0.0105705
FixedParameters: 0 0 0

#Transform 38
Transform: AffineTransform_float_3_3
Parameters: 0.999998 -0.000330512 -0.0019173 0.00033033 1 -4.77614e-05 0.00191733 4.72384e-05 0.999998 -0.024619 0.0664039 0.00789139
FixedParameters: 0 0 0

#Transform 39
Transform: AffineTransform_float_3_3
Parameters: 0.999998 -0.000411538 -0.00202409 0.000411646 1 2.60389e-05 0.00202407 -2.6961e-05 0.999998 0.00687279 0.0636719 0.00594738
FixedParameters: 0 0 0

#Transform 40
Transform: AffineTransform_float_3_3
Parameters: 0.999998 -0.000190555 -0.0020725 0.000190184 1 -0.000311523 0.00207222 0.000311478 0.999998 -0.00615014 0.0740042 0.0135544
FixedParameters: 0 0 0

#Transform 41
Transform: AffineTransform_float_3_3
Parameters: 0.999998 -0.000233544 -0.00210619 0.000234412 1 -1.26217e-05 0.0021058 1.23802e-05 0.999998 0.0074501 0.0672518 0.00641241
FixedParameters: 0 0 0

#Transform 42
Transform: AffineTransform_float_3_3
Parameters: 0.999998 7.27745e-05 -0.0017098 -7.39277e-05 0.999999 -0.000606362 0.00170932 0.000606637 0.999998 -0.0321609 0.0941099 0.0211933
FixedParameters: 0 0 0

#Transform 43
Transform: AffineTransform_float_3_3
Parameters: 0.999996 -0.000218928 -0.00258701 0.000219564 1 0.000122817 0.00258696 -0.000123182 0.999997 0.0171916 0.065674 -0.00060241
FixedParameters: 0 0 0

#Transform 44
Transform: AffineTransform_float_3_3
Parameters: 0.999998 -0.000494103 -0.00196516 0.000494148 1 1.09009e-05 0.00196514 -1.2099e-05 0.999998 -0.0077072 0.0716611 0.00494644
FixedParameters: 0 0 0

#Transform 45
Transform: AffineTransform_float_3_3
Parameters: 0.999997 -0.000328624 -0.00211157 0.000327718 1 -0.00021482 0.00211171 0.000214178 0.999998 -0.000124967 0.0623863 0.0103276
FixedParameters: 0 0 0

#Transform 46
Transform: AffineTransform_float_3_3
Parameters: 0.999997 -0.000145586 -0.0025256 0.000146007 1 0.000343017 0.00252497 -0.000342984 0.999997 0.0293098 0.0547356 0.00997608
FixedParameters: 0 0 0

#Transform 47
Transform: AffineTransform_float_3_3
Parameters: 0.999997 -0.000397065 -0.00213122 0.00039754 1 0.000111025 0.00213113 -0.000111974 0.999997 0.000997192 0.0723399 0.00400362
FixedParameters: 0 0 0

#Transform 48
Transform: AffineTransform_float_3_3
Parameters: 0.999997 -0.00036522 -0.00247164 0.000365971 1 0.000230481 0.00247055 -0.000231519 0.999997 0.0203079 0.0577056 0.0150316
FixedParameters: 0 0 0

#Transform 49
Transform: AffineTransform_float_3_3
Parameters: 0.999998 -0.000395234 -0.00191492 0.000394041 1 -0.000311883 0.00191516 0.000311116 0.999998 -0.00439019 0.0897879 0.027915
FixedParameters: 0 0 0

#Transform 50
Transform: AffineTransform_float_3_3
Parameters: 0.999996 -0.000360291 -0.00254363 0.00035963 1 -0.000311531 0.00254347 0.000310469 0.999997 0.00646161 0.0816707 0.0468406
FixedParameters: 0 0 0

#Transform 51
Transform: AffineTransform_float_3_3
Parameters: 0.999997 -0.000420165 -0.00268101 0.000419736 1 -8.07412e-05 0.00268108 7.92581e-05 0.999996 -1.35456e-06 0.0747879 0.0259184
FixedParameters: 0 0 0

#Transform 52
Transform: AffineTransform_float_3_3
Parameters: 0.999996 -0.000448761 -0.00259939 0.000448827 1 -0.000164935 0.00259915 0.000164066 0.999996 0.00268328 0.0731798 0.0266799
FixedParameters: 0 0 0

#Transform 53
Transform: AffineTransform_float_3_3
Parameters: 0.999996 -0.000351831 -0.00302054 0.000352574 1 0.00012268 0.00302046 -0.000123319 0.999995 0.0304434 0.0716676 0.0396866
FixedParameters: 0 0 0

#Transform 54
Transform: AffineTransform_float_3_3
Parameters: 0.999997 -0.000691366 -0.00234208 0.00069082 1 -0.000117387 0.00234224 0.000115613 0.999997 -0.00923843 0.0799214 0.0452589
FixedParameters: 0 0 0

#Transform 55
Transform: AffineTransform_float_3_3
Parameters: 0.999997 -0.000517091 -0.00263971 0.000517036 0.999999 0.00016302 0.00263993 -0.000164981 0.999996 0.0133925 0.0673463 0.0220612
FixedParameters: 0 0 0

#Transform 56
Transform: AffineTransform_float_3_3
Parameters: 0.999996 -0.000924162 -0.00271591 0.000922618 0.999999 -0.000526916 0.00271741 0.000524082 0.999996 0.010179 0.0927777 0.0556516
FixedParameters: 0 0 0

#Transform 57
Transform: AffineTransform_float_3_3
Parameters: 0.999996 -0.000490324 -0.00285114 0.000490606 1 -0.000112655 0.00285086 0.000111347 0.999996 0.0183772 0.0706771 0.0282498
FixedParameters: 0 0 0

#Transform 58
Transform: AffineTransform_float_3_3
Parameters: 0.999996 -0.000545936 -0.00279156 0.000546361 1 7.52191e-05 0.00279147 -7.67803e-05 0.999996 0.00373526 0.0864134 0.0485235
FixedParameters: 0 0 0

#Transform 59
Transform: AffineTransform_float_3_3
Parameters: 0.999996 -0.000511061 -0.00275531 0.000511369 1 5.53353e-05 0.00275526 -5.66643e-05 0.999997 0.0262316 0.0842259 0.0419753
FixedParameters: 0 0 0

#Transform 60
Transform: AffineTransform_float_3_3
Parameters: 0.999995 -0.000676596 -0.0030359 0.00067649 1 0.000133051 0.00303611 -0.000134951 0.999996 0.00436787 0.0790859 0.0553044
FixedParameters: 0 0 0

#Transform 61
Transform: AffineTransform_float_3_3
Parameters: 0.999996 -0.000357011 -0.00273077 0.000356626 1 -0.000239231 0.00273055 0.00023877 0.999997 0.00230327 0.0918014 0.0586628
FixedParameters: 0 0 0

#Transform 62
Transform: AffineTransform_float_3_3
Parameters: 0.999995 -0.000422995 -0.00317188 0.00042296 1 -6.0852e-06 0.00317188 4.91465e-06 0.999995 0.025715 0.066565 0.0646184
FixedParameters: 0 0 0

#Transform 63
Transform: AffineTransform_float_3_3
Parameters: 0.999996 -0.000476069 -0.00286445 0.000477194 1 0.000356379 0.0028645 -0.000357621 0.999996 -0.0126784 0.0622396 0.06768
FixedParameters: 0 0 0

#Transform 64
Transform: AffineTransform_float_3_3
Parameters: 0.999995 -0.00024611 -0.00292142 0.000244819 0.999999 -0.00037882 0.00292122 0.000378179 0.999996 0.0322474 0.0994037 0.0818655
FixedParameters: 0 0 0

#Transform 65
Transform: AffineTransform_float_3_3
Parameters: 0.999996 -0.000450935 -0.00298576 0.000453167 0.999999 0.000527393 0.00298568 -0.000528604 0.999995 -0.00776689 0.0789096 0.078457
FixedParameters: 0 0 0

#Transform 66
Transform: AffineTransform_float_3_3
Parameters: 0.999995 -0.000365661 -0.00321897 0.000365993 1 5.10786e-05 0.00321893 -5.1921e-05 0.999995 0.0340203 0.0892094 0.0772343
FixedParameters: 0 0 0

#Transform 67
Transform: AffineTransform_float_3_3
Parameters: 0.999996 -0.000758058 -0.00296377 0.000762296 0.999999 0.0014017 0.00296228 -0.0014033 0.999995 -0.00150338 0.0658828 0.0945231
FixedParameters: 0 0 0

#Transform 68
Transform: AffineTransform_float_3_3
Parameters: 0.999995 -0.000609783 -0.00328439 0.000611591 0.999999 0.000614098 0.0032835 -0.000615901 0.999994 0.0332271 0.0792061 0.0837331
FixedParameters: 0 0 0

#Transform 69
Transform: AffineTransform_float_3_3
Parameters: 0.999996 -0.000194954 -0.00290519 0.000196296 1 0.000614817 0.00290481 -0.000615185 0.999995 -0.00952339 0.0741302 0.0665392
FixedParameters: 0 0 0

#Transform 70
Transform: AffineTransform_float_3_3
Parameters: 0.999993 -0.000283956 -0.00356778 0.000286789 1 0.000783391 0.00356851 -0.000784609 0.999993 0.0131572 0.0719927 0.0652048
FixedParameters: 0 0 0

#Transform 71
Transform: AffineTransform_float_3_3
Parameters: 0.999995 -0.000391727 -0.00321436 0.000391562 1 0.000116998 0.00321466 -0.000118004 0.999995 -0.0231416 0.0859699 0.0729516
FixedParameters: 0 0 0

#Transform 72
Transform: AffineTransform_float_3_3
Parameters: 0.999993 -0.000293222 -0.00366888 0.00029363 1 0.000180333 0.00366916 -0.000181668 0.999993 0.0231086 0.0796465 0.0552479
FixedParameters: 0 0 0

#Transform 73
Transform: AffineTransform_float_3_3
Parameters: 0.999993 -0.000601236 -0.00351283 0.000603715 0.999999 0.000614346 0.00351287 -0.000615652 0.999993 -0.00865176 0.0709653 0.0619781
FixedParameters: 0 0 0

#Transform 74
Transform: AffineTransform_float_3_3
Parameters: 0.999992 -0.000156813 -0.00400046 0.000157513 1 0.000202293 0.00400079 -0.000202708 0.999992 0.0235537 0.0938392 0.0657016
FixedParameters: 0 0 0

#Transform 75
Transform: AffineTransform_float_3_3
Parameters: 0.999992 -0.000529734 -0.00394362 0.000533309 1 0.000852032 0.00394296 -0.000853967 0.999992 -0.00686803 0.0568455 0.0633554
FixedParameters: 0 0 0

#Transform 76
Transform: AffineTransform_float_3_3
Parameters: 0.999991 -0.000174187 -0.00420484 0.000178772 0.999999 0.00091969 0.00420477 -0.000920306 0.999991 0.0259753 0.0669365 0.0890629
FixedParameters: 0 0 0

#Transform 77
Transform: AffineTransform_float_3_3
Parameters: 0.999993 -0.000129914 -0.00368824 0.000130114 1 0.00015193 0.00368859 -0.000152071 0.999993 -0.00558972 0.0919267 0.108645
FixedParameters: 0 0 0

#Transform 78
Transform: AffineTransform_float_3_3
Parameters: 0.999993 -0.000297462 -0.00391312 0.00029886 1 0.000580756 0.00391302 -0.000582247 0.999992 0.0033558 0.0765241 0.0953867
FixedParameters: 0 0 0

#Transform 79
Transform: AffineTransform_float_3_3
Parameters: 0.999993 -0.000135004 -0.00356069 0.000133788 1 -0.000300069 0.00356038 0.00029993 0.999994 -0.019822 0.113558 0.130968
FixedParameters: 0 0 0

#Transform 80
Transform: AffineTransform_float_3_3
Parameters: 0.999992 -0.000168404 -0.0038622 0.000168547 1 1.82707e-05 0.00386219 -1.87293e-05 0.999993 0.00498852 0.0816863 0.0834459
FixedParameters: 0 0 0

#Transform 81
Transform: AffineTransform_float_3_3
Parameters: 0.999992 -0.000531831 -0.00380157 0.000539024 0.999998 0.00184409 0.00380141 -0.00184591 0.999992 -0.0122645 0.0685627 0.118147
FixedParameters: 0 0 0

#Transform 82
Transform: AffineTransform_float_3_3
Parameters: 0.999993 -0.000474878 -0.00370554 0.000476233 1 0.000483008 0.00370494 -0.000484994 0.999994 0.00135935 0.0780118 0.0957563
FixedParameters: 0 0 0

#Transform 83
Transform: AffineTransform_float_3_3
Parameters: 0.999992 -0.000684037 -0.00388944 0.000686377 1 0.000536311 0.00388949 -0.00053869 0.999993 -0.00432519 0.0656866 0.0718972
FixedParameters: 0 0 0

#Transform 84
Transform: AffineTransform_float_3_3
Parameters: 0.999993 -0.000301618 -0.00378876 0.000303445 1 0.000483623 0.00378924 -0.000484378 0.999993 0.00400105 0.0783505 0.0919388
FixedParameters: 0 0 0

#Transform 85
Transform: AffineTransform_float_3_3
Parameters: 0.999992 -0.000477953 -0.00378751 0.000480861 1 0.000798953 0.00378699 -0.000801047 0.999993 -0.0103721 0.0653007 0.0868484
FixedParameters: 0 0 0

#Transform 86
Transform: AffineTransform_float_3_3
Parameters: 0.999991 -0.000657732 -0.00401903 0.00065939 1 0.000482483 0.00401825 -0.000485519 0.999992 -0.00637646 0.0807726 0.103125
FixedParameters: 0 0 0

#Transform 87
Transform: AffineTransform_float_3_3
Parameters: 0.999993 -0.000372896 -0.00390235 0.000373981 1 0.00013831 0.00390225 -0.000139688 0.999992 0.00440711 0.0898549 0.103752
FixedParameters: 0 0 0

#Transform 88
Transform: AffineTransform_float_3_3
Parameters: 0.999993 -0.000530085 -0.00386161 0.000531026 1 0.00023972 0.00386175 -0.00024228 0.999993 -0.0048663 0.0862903 0.103955
FixedParameters: 0 0 0

#Transform 89
Transform: AffineTransform_float_3_3
Parameters: 0.999991 -0.000584649 -0.00419824 0.000585085 1 5.06726e-05 0.00419818 -5.33266e-05 0.999991 0.0200113 0.0869781 0.095048
FixedParameters: 0 0 0

#Transform 90
Transform: AffineTransform_float_3_3
Parameters: 0.999991 -0.000732488 -0.00414158 0.000734656 1 0.00048245 0.00414165 -0.00048555 0.999992 -0.00934679 0.0690187 0.0859045
FixedParameters: 0 0 0

#Transform 91
Transform: AffineTransform_float_3_3
Parameters: 0.999991 -0.000438081 -0.00424294 0.000438921 1 0.000143573 0.00424189 -0.000146426 0.999991 0.0256098 0.0820095 0.0609088
FixedParameters: 0 0 0

#Transform 92
Transform: AffineTransform_float_3_3
Parameters: 0.999991 -0.000666158 -0.00401329 0.000667811 1 0.000482453 0.0040125 -0.000485549 0.999992 -0.018943 0.075423 0.090688
FixedParameters: 0 0 0

#Transform 93
Transform: AffineTransform_float_3_3
Parameters: 0.999992 -0.000476102 -0.00393596 0.000475378 1 -9.3103e-05 0.00393605 9.08954e-05 0.999992 0.0127128 0.0987733 0.106262
FixedParameters: 0 0 0

#Transform 94
Transform: AffineTransform_float_3_3
Parameters: 0.999992 -0.000705344 -0.00406066 0.00070787 1 0.000584259 0.00405969 -0.00058774 0.999992 -0.00749473 0.0889081 0.12839
FixedParameters: 0 0 0

#Transform 95
Transform: AffineTransform_float_3_3
Parameters: 0.99999 -0.000521082 -0.0044533 0.00052188 1 8.83176e-05 0.0044532 -9.06808e-05 0.99999 0.0317753 0.101649 0.110586
FixedParameters: 0 0 0

#Transform 96
Transform: AffineTransform_float_3_3
Parameters: 0.999991 -0.000694863 -0.00424226 0.000697001 1 0.000467536 0.00424239 -0.000470464 0.999991 0.000532372 0.0867815 0.131111
FixedParameters: 0 0 0

#Transform 97
Transform: AffineTransform_float_3_3
Parameters: 0.999991 -0.00079456 -0.00416741 0.000796624 1 0.00046702 0.00416745 -0.000469981 0.999991 0.0042901 0.0934974 0.117015
FixedParameters: 0 0 0

#Transform 98
Transform: AffineTransform_float_3_3
Parameters: 0.99999 -0.000604383 -0.0042808 0.000605752 1 0.000311898 0.00427989 -0.000314102 0.999991 0.0023794 0.0976481 0.121785
FixedParameters: 0 0 0

#Transform 99
Transform: AffineTransform_float_3_3
Parameters: 0.99999 -0.00079946 -0.00428915 0.000801643 1 0.000467054 0.00428918 -0.000470946 0.999991 -0.00274152 0.0954529 0.130972
FixedParameters: 0 0 0

#Transform 100
Transform: AffineTransform_float_3_3
Parameters: 0.999992 -0.000553779 -0.00410517 0.000553181 1 -0.000186144 0.00410498 0.000183857 0.999991 0.0108124 0.117597 0.139558
FixedParameters: 0 0 0

#Transform 101
Transform: AffineTransform_float_3_3
Parameters: 0.999992 -0.000823023 -0.00408564 0.000826767 1 0.000681964 0.00408529 -0.000685033 0.999992 -0.0134051 0.0921656 0.144718
FixedParameters: 0 0 0

#Transform 102
Transform: AffineTransform_float_3_3
Parameters: 0.999992 -0.000562142 -0.00410084 0.000563757 1 0.000467821 0.00410018 -0.000470181 0.999991 0.0289765 0.102843 0.13484
FixedParameters: 0 0 0

#Transform 103
Transform: AffineTransform_float_3_3
Parameters: 0.999992 -0.000757891 -0.00406465 0.000759689 0.999999 0.000381251 0.00406354 -0.000383747 0.999991 -0.00775042 0.11269 0.157997
FixedParameters: 0 0 0

#Transform 104
Transform: AffineTransform_float_3_3
Parameters: 0.999991 -0.00055692 -0.00433884 0.000558137 1 0.000396223 0.00433826 -0.000398779 0.999991 0.0117863 0.0984359 0.118818
FixedParameters: 0 0 0

#Transform 105
Transform: AffineTransform_float_3_3
Parameters: 0.99999 -0.000866603 -0.00441166 0.0008689 1 0.000467019 0.00441163 -0.00047098 0.99999 -0.00819413 0.0965345 0.152703
FixedParameters: 0 0 0

#Transform 106
Transform: AffineTransform_float_3_3
Parameters: 0.99999 -0.000646972 -0.00458888 0.000647025 1 0.000104185 0.00458913 -0.000107817 0.99999 0.0191759 0.11176 0.152283
FixedParameters: 0 0 0

#Transform 107
Transform: AffineTransform_float_3_3
Parameters: 0.999992 -0.000850423 -0.00392257 0.000851049 0.999999 -3.90032e-05 0.00392224 3.60001e-05 0.999992 -0.0231587 0.121607 0.195877
FixedParameters: 0 0 0

#Transform 108
Transform: AffineTransform_float_3_3
Parameters: 0.999988 -0.000790155 -0.00473059 0.000793185 1 0.000651615 0.0047298 -0.000655385 0.999988 0.0120755 0.0923002 0.146464
FixedParameters: 0 0 0

#Transform 109
Transform: AffineTransform_float_3_3
Parameters: 0.999991 -0.000848871 -0.00419586 0.000848997 0.999999 1.32856e-05 0.00419583 -1.67142e-05 0.999991 -0.0157366 0.105778 0.161159
FixedParameters: 0 0 0

#Transform 110
Transform: AffineTransform_float_3_3
Parameters: 0.999989 -0.0009733 -0.00457167 0.000975257 0.999999 0.000514114 0.00457184 -0.000517888 0.99999 0.0377043 0.0841408 0.126294
FixedParameters: 0 0 0

#Transform 111
Transform: AffineTransform_float_3_3
Parameters: 0.999991 -0.000886343 -0.00415185 0.000885102 0.999999 -0.000150981 0.00415212 0.000148016 0.999991 -0.0136089 0.115772 0.172303
FixedParameters: 0 0 0

#Transform 112
Transform: AffineTransform_float_3_3
Parameters: 0.999989 -0.000870067 -0.00472437 0.000871277 1 0.000223247 0.00472437 -0.000227753 0.999989 0.0269471 0.0904928 0.124643
FixedParameters: 0 0 0

#Transform 113
Transform: AffineTransform_float_3_3
Parameters: 0.999992 -0.00100354 -0.00392053 0.00100376 0.999999 2.62476e-05 0.00392047 -2.97518e-05 0.999992 -0.0158552 0.116939 0.187612
FixedParameters: 0 0 0

#Transform 114
Transform: AffineTransform_float_3_3
Parameters: 0.99999 -0.000995381 -0.00450942 0.000996806 0.999999 0.000155714 0.0045091 -0.000160282 0.99999 0.0140141 0.0936494 0.13334
FixedParameters: 0 0 0

#Transform 115
Transform: AffineTransform_float_3_3
Parameters: 0.999991 -0.000912282 -0.00429389 0.000912278 0.999999 -2.2222e-06 0.00429389 -1.2222e-06 0.99999 0.00191999 0.118155 0.162262
FixedParameters: 0 0 0

#Transform 116
Transform: AffineTransform_float_3_3
Parameters: 0.999989 -0.00107915 -0.00444648 0.00108128 0.999999 0.000443404 0.0044463 -0.000448595 0.99999 0.0184659 0.0957823 0.140354
FixedParameters: 0 0 0

#Transform 117
Transform: AffineTransform_float_3_3
Parameters: 0.99999 -0.00163682 -0.00413067 0.00164205 0.999997 0.00140998 0.00412877 -0.00141702 0.999991 0.00887344 0.103749 0.173937
FixedParameters: 0 0 0

#Transform 118
Transform: AffineTransform_float_3_3
Parameters: 0.999991 -0.00122289 -0.00422491 0.00122415 0.999999 0.000255885 0.00422467 -0.000261114 0.999992 0.00574605 0.104037 0.171501
FixedParameters: 0 0 0

#Transform 119
Transform: AffineTransform_float_3_3
Parameters: 0.999989 -0.00126963 -0.00454055 0.00127213 0.999999 0.000517644 0.00453909 -0.000523354 0.99999 0.0275582 0.085709 0.144939
FixedParameters: 0 0 0

#Transform 120
Transform: AffineTransform_float_3_3
Parameters: 0.999989 -0.00131828 -0.00451218 0.00132202 0.999998 0.000760457 0.00451042 -0.00076654 0.999989 0.0179559 0.0945087 0.157984
FixedParameters: 0 0 0

#Transform 121
Transform: AffineTransform_float_3_3
Parameters: 0.99999 -0.00107626 -0.00431497 0.00107997 1 0.000748043 0.00431453 -0.000752956 0.999991 0.0228778 0.110335 0.177358
FixedParameters: 0 0 0

#Transform 122
Transform: AffineTransform_float_3_3
Parameters: 0.999989 -0.00126982 -0.00435355 0.00127323 0.999999 0.000706366 0.00435292 -0.000711632 0.99999 0.0129889 0.117071 0.204998
FixedParameters: 0 0 0

#Transform 123
Transform: AffineTransform_float_3_3
Parameters: 0.999989 -0.00135434 -0.00454556 0.00135979 0.999998 0.00114625 0.00454348 -0.00115275 0.999989 0.00704769 0.115187 0.222583
FixedParameters: 0 0 0

#Transform 124
Transform: AffineTransform_float_3_3
Parameters: 0.999991 -0.00138461 -0.00418514 0.00139151 0.999998 0.00152794 0.00418232 -0.00153306 0.99999 0.00213748 0.110525 0.232534
FixedParameters: 0 0 0

#Transform 125
Transform: AffineTransform_float_3_3
Parameters: 0.999989 -0.00136298 -0.00435297 0.00136798 0.999999 0.00114596 0.00435087 -0.00115204 0.99999 0.022042 0.115527 0.225367
FixedParameters: 0 0 0

#Transform 126
Transform: AffineTransform_float_3_3
Parameters: 0.999989 -0.00147157 -0.00429505 0.00147671 0.999998 0.00123757 0.00429373 -0.00124443 0.99999 0.00023285 0.0937342 0.223493
FixedParameters: 0 0 0

#Transform 127
Transform: AffineTransform_float_3_3
Parameters: 0.999987 -0.00138453 -0.00477601 0.00138998 0.999999 0.00114615 0.00477517 -0.00115285 0.999988 0.036924 0.105979 0.21881
FixedParameters: 0 0 0

#Transform 128
Transform: AffineTransform_float_3_3
Parameters: 0.999989 -0.00139238 -0.00444043 0.00139667 0.999999 0.00114571 0.00443865 -0.00115229 0.999989 0.00525611 0.0923916 0.223968
FixedParameters: 0 0 0

#Transform 129
Transform: AffineTransform_float_3_3
Parameters: 0.999988 -0.00128783 -0.0047271 0.00129111 0.999999 0.00073332 0.00472676 -0.000739682 0.999989 0.0437979 0.110772 0.196109
FixedParameters: 0 0 0

#Transform 130
Transform: AffineTransform_float_3_3
Parameters: 0.99999 -0.00144133 -0.00438066 0.00144569 0.999999 0.00106458 0.00437861 -0.00107142 0.99999 -0.00747438 0.0959308 0.242228
FixedParameters: 0 0 0

#Transform 131
Transform: AffineTransform_float_3_3
Parameters: 0.999989 -0.00118074 -0.00452021 0.00118521 0.999999 0.00114671 0.00451891 -0.00115229 0.999989 0.0262539 0.112876 0.214988
FixedParameters: 0 0 0

#Transform 132
Transform: AffineTransform_float_3_3
Parameters: 0.999989 -0.00122554 -0.00447928 0.00123248 0.999998 0.00153591 0.00447731 -0.00154109 0.999989 0.0122014 0.110148 0.224582
FixedParameters: 0 0 0

#Transform 133
Transform: AffineTransform_float_3_3
Parameters: 0.999988 -0.00110283 -0.00472228 0.0011098 0.999998 0.0014597 0.00472086 -0.0014643 0.999988 0.0355896 0.114193 0.220317
FixedParameters: 0 0 0

#Transform 134
Transform: AffineTransform_float_3_3
Parameters: 0.999988 -0.00122246 -0.00460806 0.00122665 0.999999 0.000893773 0.00460651 -0.000899228 0.999989 0.0159726 0.125812 0.225746
FixedParameters: 0 0 0

#Transform 135
Transform: AffineTransform_float_3_3
Parameters: 0.999986 -0.00129176 -0.00513518 0.00129958 0.999998 0.00160179 0.00513362 -0.00160922 0.999986 0.0569108 0.114509 0.228255
FixedParameters: 0 0 0

#Transform 136
Transform: AffineTransform_float_3_3
Parameters: 0.99999 -0.00141785 -0.00409423 0.00142192 0.999998 0.000831935 0.00409303 -0.000837062 0.999991 -0.00245455 0.131417 0.244516
FixedParameters: 0 0 0

#Transform 137
Transform: AffineTransform_float_3_3
Parameters: 0.999988 -0.00145277 -0.0045461 0.00145937 0.999998 0.00147464 0.00454361 -0.00148136 0.999988 0.0476506 0.112601 0.226504
FixedParameters: 0 0 0

#Transform 138
Transform: AffineTransform_float_3_3
Parameters: 0.999989 -0.00147244 -0.00441294 0.00147871 0.999998 0.0014816 0.00441037 -0.0014874 0.999989 0.0126929 0.1235 0.240684
FixedParameters: 0 0 0

#Transform 139
Transform: AffineTransform_float_3_3
Parameters: 0.99999 -0.00148042 -0.00416858 0.00148595 0.999998 0.00137057 0.00416593 -0.00137643 0.999991 0.0231967 0.117621 0.243853
FixedParameters: 0 0 0

#Transform 140
Transform: AffineTransform_float_3_3
Parameters: 0.999988 -0.00143314 -0.00468228 0.00144235 0.999997 0.00190704 0.00467939 -0.00191396 0.999988 0.0255651 0.106458 0.221822
FixedParameters: 0 0 0

#Transform 141
Transform: AffineTransform_float_3_3
Parameters: 0.999992 -0.00155599 -0.00386953 0.00156096 0.999998 0.00135321 0.00386765 -0.00135879 0.999992 -0.00700048 0.127295 0.255498
FixedParameters: 0 0 0

#Transform 142
Transform: AffineTransform_float_3_3
Parameters: 0.999988 -0.00152599 -0.00464987 0.00153184 0.999998 0.00126151 0.00464743 -0.00126849 0.999989 0.0451359 0.108681 0.200272
FixedParameters: 0 0 0

#Transform 143
Transform: AffineTransform_float_3_3
Parameters: 0.999991 -0.00185935 -0.00397042 0.00186616 0.999997 0.00178169 0.00396689 -0.00178931 0.99999 0.00592298 0.106058 0.242053
FixedParameters: 0 0 0

#Transform 144
Transform: AffineTransform_float_3_3
Parameters: 0.999988 -0.0015144 -0.00464284 0.0015205 0.999998 0.00124758 0.00464139 -0.00125442 0.999989 0.0445309 0.114881 0.21413
FixedParameters: 0 0 0

#Transform 145
Transform: AffineTransform_float_3_3
Parameters: 0.999988 -0.00159536 -0.00459317 0.0016031 0.999997 0.00188328 0.00459012 -0.00189072 0.999988 0.0225469 0.110078 0.233863
FixedParameters: 0 0 0

#Transform 146
Transform: AffineTransform_float_3_3
Parameters: 0.999988 -0.00143406 -0.00473648 0.00143999 0.999998 0.00134482 0.00473442 -0.00135118 0.999988 0.0565688 0.116455 0.21974
FixedParameters: 0 0 0

#Transform 147
Transform: AffineTransform_float_3_3
Parameters: 0.999989 -0.00186498 -0.00434363 0.00187318 0.999997 0.00178869 0.00434006 -0.00179631 0.999989 0.0177208 0.0906607 0.244394
FixedParameters: 0 0 0

#Transform 148
Transform: AffineTransform_float_3_3
Parameters: 0.999988 -0.00147168 -0.00452514 0.00147711 0.999998 0.00135259 0.00452295 -0.00135941 0.999989 0.0344627 0.120418 0.258423
FixedParameters: 0 0 0

#Transform 149
Transform: AffineTransform_float_3_3
Parameters: 0.99999 -0.00164887 -0.00412228 0.00165619 0.999997 0.00177758 0.00411951 -0.00178542 0.99999 0.00951572 0.110314 0.264882
FixedParameters: 0 0 0

#Transform 150
Transform: AffineTransform_float_3_3
Parameters: 0.999986 -0.00171359 -0.00487978 0.00172291 0.999997 0.0018006 0.00487709 -0.0018094 0.999987 0.0571254 0.109872 0.242299
FixedParameters: 0 0 0

#Transform 151
Transform: AffineTransform_float_3_3
Parameters: 0.999988 -0.00186387 -0.00449608 0.00187231 0.999997 0.00185607 0.00449264 -0.00186493 0.999989 0.0201916 0.109884 0.262587
FixedParameters: 0 0 0

#Transform 152
Transform: AffineTransform_float_3_3
Parameters: 0.999988 -0.00161487 -0.0046145 0.00162034 0.999999 0.00113001 0.00461186 -0.00113699 0.999989 0.0624679 0.137049 0.248002
FixedParameters: 0 0 0

#Transform 153
Transform: AffineTransform_float_3_3
Parameters: 0.999988 -0.00187862 -0.00450831 0.00188558 0.999997 0.00148283 0.00450545 -0.00149117 0.999989 0.0312667 0.107151 0.255837
FixedParameters: 0 0 0

#Transform 154
Transform: AffineTransform_float_3_3
Parameters: 0.999988 -0.00191172 -0.0044889 0.00191945 0.999997 0.00188372 0.00448557 -0.00189228 0.999988 0.0388058 0.100928 0.256235
FixedParameters: 0 0 0

#Transform 155
Transform: AffineTransform_float_3_3
Parameters: 0.999988 -0.00189752 -0.00456654 0.00190422 0.999997 0.00153664 0.00456381 -0.00154536 0.999988 0.0396933 0.101453 0.250207
FixedParameters: 0 0 0

#Transform 156
Transform: AffineTransform_float_3_3
Parameters: 0.999987 -0.00185141 -0.00460989 0.00185982 0.999997 0.00180777 0.00460668 -0.00181624 0.999988 0.0560683 0.100809 0.26842
FixedParameters: 0 0 0

#Transform 157
Transform: AffineTransform_float_3_3
Parameters: 0.999989 -0.00187808 -0.00413507 0.00188462 0.999997 0.00151882 0.00413299 -0.00152718 0.99999 0.0309881 0.116984 0.287236
FixedParameters: 0 0 0

#Transform 158
Transform: AffineTransform_float_3_3
Parameters: 0.999988 -0.00188092 -0.00456703 0.00188943 0.999997 0.00183486 0.00456361 -0.00184414 0.999988 0.0629092 0.10024 0.27645
FixedParameters: 0 0 0

#Transform 159
Transform: AffineTransform_float_3_3
Parameters: 0.999989 -0.00195021 -0.00410452 0.00195609 0.999998 0.00122543 0.00410259 -0.00123357 0.999991 0.0464203 0.125166 0.303692
FixedParameters: 0 0 0

#Transform 160
Transform: AffineTransform_float_3_3
Parameters: 0.999989 -0.00188025 -0.00413414 0.00188614 0.999997 0.00144166 0.00413235 -0.00144934 0.99999 0.051391 0.108364 0.289256
FixedParameters: 0 0 0

#Transform 161
Transform: AffineTransform_float_3_3
Parameters: 0.999987 -0.00219399 -0.00446188 0.00220068 0.999996 0.00157157 0.00445808 -0.00158043 0.999989 0.0558085 0.117502 0.318314
FixedParameters: 0 0 0

#Transform 162
Transform: AffineTransform_float_3_3
Parameters: 0.999989 -0.00210809 -0.00416597 0.00211372 0.999996 0.00155501 0.00416251 -0.00156399 0.99999 0.0359103 0.107846 0.323612
FixedParameters: 0 0 0

#Transform 163
Transform: AffineTransform_float_3_3
Parameters: 0.999988 -0.00208966 -0.00442996 0.00209566 0.999997 0.0015049 0.00442677 -0.0015141 0.999989 0.0574556 0.118561 0.316151
FixedParameters: 0 0 0

#Transform 164
Transform: AffineTransform_float_3_3
Parameters: 0.999989 -0.00244408 -0.00404069 0.00245261 0.999995 0.0021431 0.004035 -0.0021529 0.999989 0.0321762 0.0951059 0.328803
FixedParameters: 0 0 0

#Transform 165
Transform: AffineTransform_float_3_3
Parameters: 0.999988 -0.00223788 -0.00439778 0.00224586 0.999996 0.00169551 0.0043942 -0.00170448 0.999989 0.0710711 0.123033 0.326665
FixedParameters: 0 0 0

#Transform 166
Transform: AffineTransform_float_3_3
Parameters: 0.99999 -0.00217448 -0.00395994 0.00218099 0.999996 0.00169831 0.00395657 -0.00170769 0.99999 0.0164235 0.108677 0.33544
FixedParameters: 0 0 0

#Transform 167
Transform: AffineTransform_float_3_3
Parameters: 0.999988 -0.00214073 -0.00427055 0.00214784 0.999996 0.00169101 0.00426641 -0.00169999 0.99999 0.0493142 0.104267 0.320974
FixedParameters: 0 0 0

#Transform 168
Transform: AffineTransform_float_3_3
Parameters: 0.99999 -0.00220752 -0.00374315 0.00221537 0.999995 0.00197666 0.00373843 -0.00198534 0.999991 0.013116 0.108733 0.344081
FixedParameters: 0 0 0

#Transform 169
Transform: AffineTransform_float_3_3
Parameters: 0.99999 -0.00198411 -0.00382542 0.00199071 0.999996 0.00170184 0.00382138 -0.00170915 0.999992 0.041702 0.13213 0.341967
FixedParameters: 0 0 0

#Transform 170
Transform: AffineTransform_float_3_3
Parameters: 0.99999 -0.00261741 -0.00342362 0.00262457 0.999995 0.00200415 0.00341806 -0.00201285 0.999992 0.0231266 0.111669 0.370385
FixedParameters: 0 0 0

#Transform 171
Transform: AffineTransform_float_3_3
Parameters: 0.999989 -0.00245153 -0.00395056 0.00245943 0.999995 0.00194544 0.00394634 -0.00195556 0.99999 0.0526496 0.119789 0.332947
FixedParameters: 0 0 0

#Transform 172
Transform: AffineTransform_float_3_3
Parameters: 0.999991 -0.00238194 -0.00352221 0.0023865 0.999996 0.00111002 0.00351938 -0.00111897 0.999993 0.0329882 0.160057 0.38321
FixedParameters: 0 0 0

#Transform 173
Transform: AffineTransform_float_3_3
Parameters: 0.999989 -0.00232782 -0.00402231 0.0023354 0.999995 0.00192076 0.00401777 -0.00193023 0.99999 0.0697558 0.127185 0.337266
FixedParameters: 0 0 0

#Transform 174
Transform: AffineTransform_float_3_3
Parameters: 0.999992 -0.00228534 -0.00323785 0.0022914 0.999996 0.0016655 0.00323439 -0.0016725 0.999993 0.0234881 0.133608 0.34688
FixedParameters: 0 0 0

#Transform 175
Transform: AffineTransform_float_3_3
Parameters: 0.999991 -0.00195053 -0.00373417 0.00195625 0.999997 0.00132679 0.00373185 -0.00133421 0.999993 0.0713886 0.135416 0.324101
FixedParameters: 0 0 0

#Transform 176
Transform: AffineTransform_float_3_3
Parameters: 0.999991 -0.00248473 -0.00350877 0.00249114 0.999995 0.0018489 0.00350452 -0.0018571 0.999992 0.0344266 0.132851 0.377864
FixedParameters: 0 0 0

#Transform 177
Transform: AffineTransform_float_3_3
Parameters: 0.999991 -0.00236916 -0.00368104 0.00237547 0.999996 0.00149789 0.0036781 -0.0015061 0.999991 0.0631427 0.148591 0.350329
FixedParameters: 0 0 0

#Transform 178
Transform: AffineTransform_float_3_3
Parameters: 0.999991 -0.00274329 -0.00341187 0.00275022 0.999994 0.00211275 0.0034056 -0.00212225 0.999992 0.034392 0.145699 0.409507
FixedParameters: 0 0 0

#Transform 179
Transform: AffineTransform_float_3_3
Parameters: 0.999992 -0.00236703 -0.00329752 0.00237119 0.999996 0.00140646 0.00329411 -0.00141354 0.999993 0.0544351 0.161113 0.403636
FixedParameters: 0 0 0
