#Insight Transform File V1.0
#Transform 0
Transform: AffineTransform_float_3_3
Parameters: 1 0.00012707 7.43041e-05 -0.000127151 1 0.00054199 -7.41663e-05 -0.000542009 1 0.0505798 -0.182359 -0.285973
FixedParameters: 0 0 0

#Transform 1
Transform: AffineTransform_float_3_3
Parameters: 0.999999 0.000800675 -0.00015103 -0.000800742 0.999999 -0.000219879 0.000150678 0.00022012 1 -0.00426289 0.0210786 -0.0327807
FixedParameters: 0 0 0

#Transform 2
Transform: AffineTransform_float_3_3
Parameters: 1 0.00110472 -7.39811e-05 -0.00110464 0.999999 0.000525723 7.51432e-05 -0.000526277 1 -0.0160692 0.0419696 -0.0481086
FixedParameters: 0 0 0

#Transform 3
Transform: AffineTransform_float_3_3
Parameters: 0.999999 0.00116291 0.000449546 -0.0011631 0.999999 0.000217325 -0.000449041 -0.000217675 0.999999 -0.00560382 0.0792492 -0.0970859
FixedParameters: 0 0 0

#Transform 4
Transform: AffineTransform_float_3_3
Parameters: 0.999999 0.000754532 0.000193832 -0.000754684 0.999999 0.000392854 -0.000193239 -0.000393146 1 -0.00968188 0.0785208 -0.101629
FixedParameters: 0 0 0

#Transform 5
Transform: AffineTransform_float_3_3
Parameters: 1 0.00108455 0.000482991 -0.00108406 0.999999 0.000447324 -0.000482411 -0.000447676 0.999999 0.00285606 0.0544382 -0.170007
FixedParameters: 0 0 0

#Transform 6
Transform: AffineTransform_float_3_3
Parameters: 0.999999 0.000877679 0.000445695 -0.000877962 0.999999 0.000317456 -0.000445137 -0.000317543 0.999999 0.00112213 0.0733326 -0.115081
FixedParameters: 0 0 0

#Transform 7
Transform: AffineTransform_float_3_3
Parameters: 1 0.00117187 8.40095e-05 -0.00117191 0.999999 0.000208542 -8.35197e-05 -0.000209458 1 -0.00637803 0.0883471 -0.165616
FixedParameters: 0 0 0

#Transform 8
Transform: AffineTransform_float_3_3
Parameters: 1 0.00105041 0.000375113 -0.00105054 0.999999 0.000877455 -0.000374581 -0.000877547 1 -0.00308689 0.0858776 -0.180486
FixedParameters: 0 0 0

#Transform 9
Transform: AffineTransform_float_3_3
Parameters: 1 0.00109942 0.000229806 -0.00109944 0.999999 0.0012076 -0.000228462 -0.0012074 0.999999 -0.0145303 0.0896366 -0.176312
FixedParameters: 0 0 0

#Transform 10
Transform: AffineTransform_float_3_3
Parameters: 0.999999 0.000828705 0.000344222 -0.000829817 1 0.00104856 -0.000343404 -0.00104844 0.999999 -0.00597285 0.105946 -0.206969
FixedParameters: 0 0 0

#Transform 11
Transform: AffineTransform_float_3_3
Parameters: 1 0.000589418 4.75929e-06 -0.00058982 0.999999 0.001267 -4.18571e-06 -0.001267 0.999999 -0.0167258 0.0818784 -0.207934
FixedParameters: 0 0 0

#Transform 12
Transform: AffineTransform_float_3_3
Parameters: 1 0.000649856 0.000196283 -0.000649776 0.999999 0.00114687 -0.000196103 -0.00114713 1 -0.00398583 0.0895317 -0.248502
FixedParameters: 0 0 0

#Transform 13
Transform: AffineTransform_float_3_3
Parameters: 1 0.0004071 0.000236081 -0.000408126 0.999999 0.0013459 -0.000235904 -0.0013461 0.999999 -0.00753208 0.100879 -0.25705
FixedParameters: 0 0 0

#Transform 14
Transform: AffineTransform_float_3_3
Parameters: 1 0.000378735 -7.97477e-06 -0.000379096 0.999999 0.001827 8.43882e-06 -0.001827 0.999999 -0.00728754 0.0995389 -0.267095
FixedParameters: 0 0 0

#Transform 15
Transform: AffineTransform_float_3_3
Parameters: 1 0.000472704 -7.59702e-05 -0.00047245 0.999998 0.00165503 7.75344e-05 -0.00165496 0.999998 -0.00303239 0.100271 -0.297524
FixedParameters: 0 0 0

#Transform 16
Transform: AffineTransform_float_3_3
Parameters: 1 0.000517929 -0.000228442 -0.000517439 0.999998 0.00192412 0.000229514 -0.00192388 0.999998 -0.00555515 0.101853 -0.264087
FixedParameters: 0 0 0

#Transform 17
Transform: AffineTransform_float_3_3
Parameters: 1 0.000489772 -0.000323598 -0.000488875 0.999997 0.0025908 0.000324293 -0.0025912 0.999996 -0.0104093 0.110828 -0.284688
FixedParameters: 0 0 0

#Transform 18
Transform: AffineTransform_float_3_3
Parameters: 0.999999 0.000459316 -0.000571102 -0.000457887 0.999996 0.00273842 0.000572163 -0.00273859 0.999997 -0.0070438 0.111586 -0.276106
FixedParameters: 0 0 0

#Transform 19
Transform: AffineTransform_float_3_3
Parameters: 1 0.000493602 -0.000453424 -0.000491853 0.999997 0.00235638 0.000454826 -0.00235662 0.999998 0.00538631 0.114715 -0.309305
FixedParameters: 0 0 0

#Transform 20
Transform: AffineTransform_float_3_3
Parameters: 1 0.000252597 -0.000265893 -0.000251497 0.999996 0.00280107 0.000266385 -0.00280093 0.999996 -0.00455617 0.120613 -0.230158
FixedParameters: 0 0 0

#Transform 21
Transform: AffineTransform_float_3_3
Parameters: 0.999999 0.000250089 -0.0010235 -0.00024757 0.999996 0.00251177 0.00102369 -0.00251123 0.999997 0.0168711 0.110713 -0.320573
FixedParameters: 0 0 0

#Transform 22
Transform: AffineTransform_float_3_3
Parameters: 0.999999 9.33048e-05 -0.00134916 -9.00283e-05 0.999996 0.00252764 0.00134896 -0.00252736 0.999996 0.0319819 0.122396 -0.297067
FixedParameters: 0 0 0

#Transform 23
Transform: AffineTransform_float_3_3
Parameters: 1 0.000171695 -0.00101648 -0.00016874 0.999996 0.00255069 0.00101721 -0.00255031 0.999997 0.0188674 0.115769 -0.314038
FixedParameters: 0 0 0

#Transform 24
Transform: AffineTransform_float_3_3
Parameters: 1 0.000203486 -0.00108748 -0.00020047 0.999997 0.00241137 0.00108832 -0.00241163 0.999996 0.00388403 0.126955 -0.263792
FixedParameters: 0 0 0

#Transform 25
Transform: AffineTransform_float_3_3
Parameters: 1 -3.45868e-05 -0.00122033 3.74484e-05 0.999996 0.00262531 0.00121947 -0.00262468 0.999995 0.0246676 0.115068 -0.299726
FixedParameters: 0 0 0

#Transform 26
Transform: AffineTransform_float_3_3
Parameters: 0.999999 -1.39768e-05 -0.00123872 1.7617e-05 0.999996 0.00274113 0.00123889 -0.00274187 0.999995 0.0170243 0.142169 -0.259066
FixedParameters: 0 0 0

#Transform 27
Transform: AffineTransform_float_3_3
Parameters: 0.999999 0.000227896 -0.00131127 -0.000224093 0.999996 0.00280081 0.00131187 -0.00280019 0.999996 0.0194858 0.11388 -0.312904
FixedParameters: 0 0 0

#Transform 28
Transform: AffineTransform_float_3_3
Parameters: 1 0.000322738 -0.00115584 -0.000319621 0.999995 0.00287988 0.00115702 -0.00287912 0.999996 -0.00571369 0.119941 -0.315451
FixedParameters: 0 0 0

#Transform 29
Transform: AffineTransform_float_3_3
Parameters: 1 0.000225416 -0.00112593 -0.000222794 0.999996 0.00256276 0.00112733 -0.00256223 0.999996 0.0066722 0.131916 -0.328199
FixedParameters: 0 0 0

#Transform 30
Transform: AffineTransform_float_3_3
Parameters: 0.999999 0.000175678 -0.00124475 -0.000172117 0.999996 0.00285373 0.00124507 -0.00285327 0.999996 0.00763684 0.128864 -0.318486
FixedParameters: 0 0 0

#Transform 31
Transform: AffineTransform_float_3_3
Parameters: 1 0.000254325 -0.0010577 -0.000252107 0.999996 0.00272242 0.00105841 -0.00272258 0.999996 0.0060185 0.136567 -0.316119
FixedParameters: 0 0 0

#Transform 32
Transform: AffineTransform_float_3_3
Parameters: 0.999999 0.000148279 -0.00131105 -0.00014417 0.999995 0.00326835 0.00131172 -0.00326866 0.999994 0.00819305 0.125715 -0.277125
FixedParameters: 0 0 0

#Transform 33
Transform: AffineTransform_float_3_3
Parameters: 0.999999 0.000300438 -0.0012985 -0.000296033 0.999996 0.00270554 0.00129905 -0.00270546 0.999995 0.00446189 0.141428 -0.305724
FixedParameters: 0 0 0

#Transform 34
Transform: AffineTransform_float_3_3
Parameters: 1 0.000239741 -0.00109268 -0.000236994 0.999996 0.00287762 0.00109338 -0.00287638 0.999995 -0.00399175 0.140654 -0.288157
FixedParameters: 0 0 0

#Transform 35
Transform: AffineTransform_float_3_3
Parameters: 0.999999 0.000256946 -0.00141867 -0.000252775 0.999995 0.00318087 0.00141909 -0.00318013 0.999994 0.00533249 0.13207 -0.280903
FixedParameters: 0 0 0

#Transform 36
Transform: AffineTransform_float_3_3
Parameters: 0.999999 0.000463147 -0.00113758 -0.000459692 0.999995 0.00324568 0.00113898 -0.00324532 0.999995 -0.0211507 0.143702 -0.255818
FixedParameters: 0 0 0

#Transform 37
Transform: AffineTransform_float_3_3
Parameters: 1 0.000484536 -0.00111816 -0.000480711 0.999993 0.00346669 0.00111991 -0.0034663 0.999993 -0.0160816 0.132575 -0.245242
FixedParameters: 0 0 0

#Transform 38
Transform: AffineTransform_float_3_3
Parameters: 1 0.000252007 -0.00106488 -0.000248172 0.999994 0.00346242 0.00106594 -0.00346258 0.999993 -0.00184931 0.144084 -0.276647
FixedParameters: 0 0 0

#Transform 39
Transform: AffineTransform_float_3_3
Parameters: 0.999999 0.000427796 -0.000647128 -0.000425858 0.999993 0.00382192 0.000648411 -0.00382208 0.999992 -0.0232016 0.142833 -0.271996
FixedParameters: 0 0 0

#Transform 40
Transform: AffineTransform_float_3_3
Parameters: 0.999999 0.00038307 -0.000753982 -0.000380853 0.999991 0.00407528 0.000755506 -0.00407471 0.999991 -0.0222548 0.13724 -0.280271
FixedParameters: 0 0 0

#Transform 41
Transform: AffineTransform_float_3_3
Parameters: 0.999999 0.000416621 -0.000673833 -0.000413976 0.999993 0.00390228 0.000676015 -0.00390172 0.999992 -0.0228994 0.140127 -0.243741
FixedParameters: 0 0 0

#Transform 42
Transform: AffineTransform_float_3_3
Parameters: 0.999999 0.000427529 -0.000648639 -0.00042456 0.99999 0.00460428 0.000650581 -0.00460373 0.999989 -0.0230992 0.127373 -0.29268
FixedParameters: 0 0 0

#Transform 43
Transform: AffineTransform_float_3_3
Parameters: 0.999999 0.000372346 -0.000779748 -0.000369695 0.999991 0.00421829 0.000781288 -0.00421771 0.999991 -0.0220386 0.140322 -0.261879
FixedParameters: 0 0 0

#Transform 44
Transform: AffineTransform_float_3_3
Parameters: 1 0.000214376 -0.000509742 -0.000212624 0.999993 0.00390211 0.000511269 -0.00390189 0.999993 0.00121262 0.139981 -0.28322
FixedParameters: 0 0 0

#Transform 45
Transform: AffineTransform_float_3_3
Parameters: 1 0.000312243 -0.000591961 -0.000310057 0.999991 0.00405633 0.000593425 -0.00405666 0.999992 -0.000490173 0.147262 -0.282215
FixedParameters: 0 0 0

#Transform 46
Transform: AffineTransform_float_3_3
Parameters: 0.999999 0.000179601 -0.000895222 -0.000176146 0.999992 0.00412731 0.000895101 -0.00412769 0.999992 -0.00176563 0.138919 -0.278327
FixedParameters: 0 0 0

#Transform 47
Transform: AffineTransform_float_3_3
Parameters: 0.999999 1.49184e-06 -0.000808467 1.5358e-06 0.99999 0.00438915 0.000809109 -0.00438985 0.99999 0.00532465 0.130395 -0.303006
FixedParameters: 0 0 0

#Transform 48
Transform: AffineTransform_float_3_3
Parameters: 1 0.00014294 -0.000378534 -0.000141732 0.999987 0.00505706 0.000378914 -0.00505695 0.999987 -0.00679081 0.145688 -0.278614
FixedParameters: 0 0 0

#Transform 49
Transform: AffineTransform_float_3_3
Parameters: 0.999999 2.20692e-05 -0.00080082 -1.81451e-05 0.99999 0.00441702 0.000801249 -0.00441698 0.99999 0.00396909 0.135263 -0.285363
FixedParameters: 0 0 0

#Transform 50
Transform: AffineTransform_float_3_3
Parameters: 1 7.55897e-05 -0.000545823 -7.35503e-05 0.999993 0.00391104 0.000546267 -0.00391096 0.999992 -0.00703604 0.165518 -0.256018
FixedParameters: 0 0 0

#Transform 51
Transform: AffineTransform_float_3_3
Parameters: 0.999999 -0.000160473 -0.000832721 0.000163734 0.999991 0.00440487 0.000831935 -0.00440514 0.99999 0.00815058 0.141535 -0.274551
FixedParameters: 0 0 0

#Transform 52
Transform: AffineTransform_float_3_3
Parameters: 0.999999 -0.000139923 -0.000783853 0.000142867 0.99999 0.00447789 0.000783229 -0.00447811 0.999989 0.00267235 0.158705 -0.29492
FixedParameters: 0 0 0

#Transform 53
Transform: AffineTransform_float_3_3
Parameters: 0.999999 -0.000134344 -0.000770971 0.000137505 0.999989 0.00469289 0.000770337 -0.0046931 0.999988 0.00610459 0.154341 -0.300678
FixedParameters: 0 0 0

#Transform 54
Transform: AffineTransform_float_3_3
Parameters: 0.999999 -0.000298554 -0.000702176 0.000302305 0.999989 0.00464279 0.000700558 -0.00464321 0.999989 0.00882517 0.171063 -0.28141
FixedParameters: 0 0 0

#Transform 55
Transform: AffineTransform_float_3_3
Parameters: 0.999999 -0.000431655 -0.000600893 0.000435019 0.999988 0.0047801 0.000598843 -0.0047799 0.999989 0.00719266 0.162831 -0.267314
FixedParameters: 0 0 0

#Transform 56
Transform: AffineTransform_float_3_3
Parameters: 1 -0.000487473 -0.000182923 0.000488195 0.999988 0.00489891 0.000180766 -0.00489909 0.999988 0.0085643 0.177654 -0.297577
FixedParameters: 0 0 0

#Transform 57
Transform: AffineTransform_float_3_3
Parameters: 1 -0.000477018 -0.0001581 0.000478469 0.999987 0.00507093 0.000155487 -0.00507108 0.999987 0.00952899 0.160865 -0.270888
FixedParameters: 0 0 0

#Transform 58
Transform: AffineTransform_float_3_3
Parameters: 1 -0.000169429 -0.000119875 0.000170094 0.999987 0.00498898 0.000119492 -0.00498902 0.999987 0.00749102 0.157919 -0.273145
FixedParameters: 0 0 0

#Transform 59
Transform: AffineTransform_float_3_3
Parameters: 1 -0.000577512 -3.03807e-05 0.000577661 0.999987 0.00502999 2.68019e-05 -0.00503002 0.999988 0.0102371 0.163912 -0.267813
FixedParameters: 0 0 0

#Transform 60
Transform: AffineTransform_float_3_3
Parameters: 0.999999 -0.000704023 -6.86051e-05 0.000704048 0.999986 0.00519996 6.48261e-05 -0.00520005 0.999987 0.0207296 0.169638 -0.253302
FixedParameters: 0 0 0

#Transform 61
Transform: AffineTransform_float_3_3
Parameters: 1 -0.000501219 -0.000216497 0.00050258 0.999984 0.00563089 0.000213467 -0.00563111 0.999984 0.00651832 0.182257 -0.301086
FixedParameters: 0 0 0

#Transform 62
Transform: AffineTransform_float_3_3
Parameters: 0.999999 -0.00077035 -0.000333633 0.000772314 0.999986 0.00536023 0.000329298 -0.00536077 0.999985 0.0195829 0.189326 -0.282273
FixedParameters: 0 0 0

#Transform 63
Transform: AffineTransform_float_3_3
Parameters: 0.999999 -0.000897874 5.32372e-05 0.000897354 0.999984 0.00568554 -5.806e-05 -0.00568546 0.999983 0.024794 0.188637 -0.245853
FixedParameters: 0 0 0

#Transform 64
Transform: AffineTransform_float_3_3
Parameters: 1 -0.00110914 0.000167612 0.00110812 0.999983 0.00559819 -0.000172799 -0.00559781 0.999985 0.0249076 0.185539 -0.260557
FixedParameters: 0 0 0

#Transform 65
Transform: AffineTransform_float_3_3
Parameters: 0.999999 -0.00129179 -2.08715e-05 0.00129104 0.999982 0.00588046 1.36895e-05 -0.00588053 0.999982 0.0201197 0.192543 -0.224187
FixedParameters: 0 0 0

#Transform 66
Transform: AffineTransform_float_3_3
Parameters: 0.999999 -0.00128638 -0.000508475 0.00128992 0.999983 0.0057482 0.000501142 -0.0057488 0.999983 -0.00278338 0.198315 -0.225449
FixedParameters: 0 0 0

#Transform 67
Transform: AffineTransform_float_3_3
Parameters: 1 -0.00110444 -7.30632e-05 0.00110485 0.999983 0.00585641 6.68196e-05 -0.00585659 0.999982 -0.0140111 0.199362 -0.19286
FixedParameters: 0 0 0

#Transform 68
Transform: AffineTransform_float_3_3
Parameters: 0.999999 -0.000854883 -0.000124073 0.000855996 0.999983 0.00573053 0.000118731 -0.00573146 0.999983 -0.00259621 0.18731 -0.223046
FixedParameters: 0 0 0

#Transform 69
Transform: AffineTransform_float_3_3
Parameters: 0.999999 -0.00123361 -0.00038193 0.00123563 0.999983 0.00564253 0.000375473 -0.00564346 0.999984 0.00634638 0.186352 -0.20197
FixedParameters: 0 0 0

#Transform 70
Transform: AffineTransform_float_3_3
Parameters: 1 -0.00116919 -0.000228012 0.00117006 0.999982 0.00578974 0.000220633 -0.00579026 0.999983 0.0153415 0.17273 -0.230721
FixedParameters: 0 0 0

#Transform 71
Transform: AffineTransform_float_3_3
Parameters: 0.999998 -0.00159609 -0.000500836 0.00159873 0.999981 0.00600191 0.00049176 -0.0060021 0.999982 0.0120247 0.200642 -0.168353
FixedParameters: 0 0 0

#Transform 72
Transform: AffineTransform_float_3_3
Parameters: 1 -0.00116561 -0.000220321 0.00116701 0.99998 0.00631639 0.000212672 -0.00631761 0.99998 0.0209977 0.158084 -0.253895
FixedParameters: 0 0 0

#Transform 73
Transform: AffineTransform_float_3_3
Parameters: 0.999998 -0.00163902 -0.000115228 0.00163922 0.999982 0.00578831 0.00010649 -0.0057887 0.999983 0.0211618 0.181066 -0.222475
FixedParameters: 0 0 0

#Transform 74
Transform: AffineTransform_float_3_3
Parameters: 0.999999 -0.00122107 -0.000137372 0.00122176 0.99998 0.00612068 0.000130427 -0.00612031 0.999981 0.0264838 0.172989 -0.256831
FixedParameters: 0 0 0

#Transform 75
Transform: AffineTransform_float_3_3
Parameters: 0.999998 -0.00159395 -5.98622e-05 0.00159355 0.99998 0.0061624 5.04573e-05 -0.0061626 0.999981 0.0203579 0.187147 -0.200422
FixedParameters: 0 0 0

#Transform 76
Transform: AffineTransform_float_3_3
Parameters: 0.999999 -0.00130401 -1.92234e-05 0.00130325 0.999981 0.00603947 1.14832e-05 -0.00603953 0.999981 0.0237805 0.181766 -0.230123
FixedParameters: 0 0 0

#Transform 77
Transform: AffineTransform_float_3_3
Parameters: 0.999998 -0.00162925 -0.000126946 0.00162974 0.999977 0.00650728 0.000115976 -0.00650771 0.999978 0.0170155 0.185393 -0.223754
FixedParameters: 0 0 0

#Transform 78
Transform: AffineTransform_float_3_3
Parameters: 0.999998 -0.00159809 -5.18756e-05 0.0015976 0.999979 0.00631641 4.1928e-05 -0.00631659 0.99998 0.0314345 0.183699 -0.275208
FixedParameters: 0 0 0

#Transform 79
Transform: AffineTransform_float_3_3
Parameters: 0.999998 -0.00166575 -0.000215013 0.00166696 0.999976 0.00673514 0.000204115 -0.00673586 0.999977 0.0272593 0.192902 -0.217658
FixedParameters: 0 0 0

#Transform 80
Transform: AffineTransform_float_3_3
Parameters: 0.999998 -0.0016605 0.000112858 0.00165924 0.999979 0.00630368 -0.000123016 -0.00630332 0.99998 0.0288352 0.189925 -0.272057
FixedParameters: 0 0 0

#Transform 81
Transform: AffineTransform_float_3_3
Parameters: 0.999998 -0.00169266 0.000197095 0.00169135 0.99998 0.00607883 -0.000207288 -0.00607817 0.999982 0.0387397 0.191066 -0.239561
FixedParameters: 0 0 0

#Transform 82
Transform: AffineTransform_float_3_3
Parameters: 0.999998 -0.00197951 0.000506427 0.001976 0.999977 0.0065753 -0.000519687 -0.00657471 0.999979 0.0196352 0.187129 -0.268902
FixedParameters: 0 0 0

#Transform 83
Transform: AffineTransform_float_3_3
Parameters: 0.999997 -0.00233648 0.000437625 0.00233379 0.999977 0.00649965 -0.000452997 -0.00649834 0.999978 0.0362866 0.208519 -0.25008
FixedParameters: 0 0 0

#Transform 84
Transform: AffineTransform_float_3_3
Parameters: 0.999997 -0.00237392 0.000378194 0.00237105 0.999973 0.00703969 -0.000395306 -0.00703932 0.999975 0.0265575 0.185494 -0.249184
FixedParameters: 0 0 0

#Transform 85
Transform: AffineTransform_float_3_3
Parameters: 0.999998 -0.00210566 0.000117202 0.00210479 0.999973 0.00697775 -0.00013174 -0.00697725 0.999976 0.0457764 0.19356 -0.267554
FixedParameters: 0 0 0

#Transform 86
Transform: AffineTransform_float_3_3
Parameters: 0.999998 -0.00190964 0.000226706 0.0019079 0.999975 0.00674893 -0.000238939 -0.00674807 0.999977 0.0453058 0.193466 -0.278958
FixedParameters: 0 0 0

#Transform 87
Transform: AffineTransform_float_3_3
Parameters: 0.999998 -0.0017233 -4.3734e-05 0.00172443 0.999976 0.00674842 3.21552e-05 -0.00674858 0.999977 0.0364043 0.208634 -0.280789
FixedParameters: 0 0 0

#Transform 88
Transform: AffineTransform_float_3_3
Parameters: 0.999999 -0.00181997 0.000147845 0.00181884 0.999975 0.00693141 -0.000160459 -0.00693159 0.999976 0.035468 0.204264 -0.286136
FixedParameters: 0 0 0

#Transform 89
Transform: AffineTransform_float_3_3
Parameters: 0.999998 -0.00210362 0.000267416 0.0021009 0.999971 0.0072417 -0.000282103 -0.00724129 0.999973 0.0294454 0.212057 -0.278856
FixedParameters: 0 0 0

#Transform 90
Transform: AffineTransform_float_3_3
Parameters: 0.999998 -0.00198016 0.000261423 0.00197813 0.999967 0.00782002 -0.000277005 -0.00781898 0.99997 0.0488145 0.219807 -0.268477
FixedParameters: 0 0 0

#Transform 91
Transform: AffineTransform_float_3_3
Parameters: 0.999998 -0.0023012 0.000139847 0.00229993 0.999965 0.00800531 -0.000158687 -0.00800467 0.999967 0.0339395 0.214079 -0.25909
FixedParameters: 0 0 0

#Transform 92
Transform: AffineTransform_float_3_3
Parameters: 0.999998 -0.00199885 2.5467e-05 0.00199798 0.999975 0.00678619 -3.82808e-05 -0.00678681 0.999977 0.0401786 0.220528 -0.291276
FixedParameters: 0 0 0

#Transform 93
Transform: AffineTransform_float_3_3
Parameters: 0.999997 -0.00224194 0.000383695 0.00223901 0.999961 0.008487 -0.000402671 -0.00848599 0.999964 0.0286781 0.208112 -0.259103
FixedParameters: 0 0 0

#Transform 94
Transform: AffineTransform_float_3_3
Parameters: 0.999997 -0.00212481 0.000346711 0.0021228 0.999972 0.00720588 -0.000362337 -0.00720512 0.999974 0.0298451 0.211274 -0.297701
FixedParameters: 0 0 0

#Transform 95
Transform: AffineTransform_float_3_3
Parameters: 0.999996 -0.00244491 0.000741074 0.0024394 0.999972 0.00714076 -0.000758598 -0.00713925 0.999975 0.0350252 0.213618 -0.291938
FixedParameters: 0 0 0

#Transform 96
Transform: AffineTransform_float_3_3
Parameters: 0.999997 -0.00251947 0.000243422 0.00251713 0.999968 0.00759741 -0.000262775 -0.00759759 0.999971 0.058149 0.215126 -0.275342
FixedParameters: 0 0 0

#Transform 97
Transform: AffineTransform_float_3_3
Parameters: 0.999998 -0.00223792 0.000269707 0.00223634 0.999969 0.00745375 -0.000286765 -0.00745325 0.999972 0.0375711 0.220454 -0.28599
FixedParameters: 0 0 0

#Transform 98
Transform: AffineTransform_float_3_3
Parameters: 0.999997 -0.00254058 0.000192582 0.002539 0.999968 0.00761713 -0.00021236 -0.00761687 0.999971 0.0350031 0.222999 -0.301589
FixedParameters: 0 0 0

#Transform 99
Transform: AffineTransform_float_3_3
Parameters: 0.999998 -0.00222018 -5.53075e-05 0.00222071 0.999969 0.00760487 3.89973e-05 -0.00760513 0.999971 0.0186432 0.212819 -0.333916
FixedParameters: 0 0 0

#Transform 100
Transform: AffineTransform_float_3_3
Parameters: 0.999996 -0.00257429 0.000221665 0.00257337 0.99997 0.00724357 -0.000240427 -0.00724243 0.999974 0.0423381 0.234486 -0.299681
FixedParameters: 0 0 0

#Transform 101
Transform: AffineTransform_float_3_3
Parameters: 0.999998 -0.00228443 0.000245336 0.00228144 0.999965 0.00807071 -0.000264193 -0.00807029 0.999968 0.0258056 0.227193 -0.305181
FixedParameters: 0 0 0

#Transform 102
Transform: AffineTransform_float_3_3
Parameters: 0.999998 -0.00230336 0.000250364 0.00230115 0.99997 0.00744557 -0.000267964 -0.00744443 0.999972 0.0515715 0.225526 -0.319637
FixedParameters: 0 0 0

#Transform 103
Transform: AffineTransform_float_3_3
Parameters: 0.999996 -0.00256055 0.000298145 0.00255863 0.999968 0.00769041 -0.000318068 -0.0076896 0.999971 0.0456242 0.214092 -0.328537
FixedParameters: 0 0 0

#Transform 104
Transform: AffineTransform_float_3_3
Parameters: 0.999996 -0.00279359 0.000412305 0.00279069 0.999966 0.0076828 -0.00043392 -0.0076812 0.999971 0.0358912 0.233164 -0.286991
FixedParameters: 0 0 0

#Transform 105
Transform: AffineTransform_float_3_3
Parameters: 0.999998 -0.00223671 1.39672e-05 0.00223617 0.999967 0.00778454 -3.13236e-05 -0.00778446 0.99997 0.0604452 0.217414 -0.317624
FixedParameters: 0 0 0

#Transform 106
Transform: AffineTransform_float_3_3
Parameters: 0.999996 -0.00273112 0.000403673 0.00272836 0.999967 0.00768475 -0.00042434 -0.00768326 0.999971 0.0388391 0.243673 -0.258135
FixedParameters: 0 0 0

#Transform 107
Transform: AffineTransform_float_3_3
Parameters: 0.999997 -0.00235827 0.0002106 0.00235614 0.999964 0.00824014 -0.000230534 -0.00823987 0.999966 0.0329234 0.211588 -0.292144
FixedParameters: 0 0 0

#Transform 108
Transform: AffineTransform_float_3_3
Parameters: 0.999997 -0.00246609 0.000441096 0.00246211 0.999961 0.00840587 -0.000461236 -0.00840511 0.999964 0.0311835 0.242295 -0.250466
FixedParameters: 0 0 0

#Transform 109
Transform: AffineTransform_float_3_3
Parameters: 0.999997 -0.00250712 0.000412638 0.00250361 0.999961 0.00840619 -0.000433472 -0.00840481 0.999965 0.0398818 0.224438 -0.309625
FixedParameters: 0 0 0

#Transform 110
Transform: AffineTransform_float_3_3
Parameters: 0.999997 -0.00250707 0.00041296 0.00250367 0.999962 0.00827782 -0.000433152 -0.00827717 0.999965 0.0314493 0.232632 -0.293251
FixedParameters: 0 0 0

#Transform 111
Transform: AffineTransform_float_3_3
Parameters: 0.999996 -0.00253572 0.000344295 0.00253231 0.999964 0.00803603 -0.000364265 -0.00803498 0.999968 0.0495318 0.237882 -0.285967
FixedParameters: 0 0 0

#Transform 112
Transform: AffineTransform_float_3_3
Parameters: 0.999996 -0.00304855 0.000422597 0.00304451 0.99996 0.00845843 -0.000448383 -0.00845657 0.999964 0.0397217 0.251821 -0.25703
FixedParameters: 0 0 0

#Transform 113
Transform: AffineTransform_float_3_3
Parameters: 0.999997 -0.00264297 0.000557485 0.0026377 0.999961 0.00848991 -0.000579191 -0.00848909 0.999964 0.0584322 0.219358 -0.323503
FixedParameters: 0 0 0

#Transform 114
Transform: AffineTransform_float_3_3
Parameters: 0.999996 -0.00270859 0.000451182 0.002705 0.99996 0.00861351 -0.000474685 -0.00861249 0.999962 0.0253002 0.246418 -0.259117
FixedParameters: 0 0 0

#Transform 115
Transform: AffineTransform_float_3_3
Parameters: 0.999997 -0.00236928 0.000441232 0.00236591 0.999955 0.00916784 -0.000462829 -0.00916716 0.999958 0.0275606 0.236007 -0.264472
FixedParameters: 0 0 0

#Transform 116
Transform: AffineTransform_float_3_3
Parameters: 0.999996 -0.0029891 0.000360224 0.00298614 0.999951 0.00944322 -0.000389058 -0.00944178 0.999955 0.0254224 0.243827 -0.253718
FixedParameters: 0 0 0

#Transform 117
Transform: AffineTransform_float_3_3
Parameters: 0.999996 -0.00282391 0.000597908 0.00281826 0.999954 0.00917513 -0.000623786 -0.00917386 0.999958 0.0563543 0.234266 -0.279835
FixedParameters: 0 0 0

#Transform 118
Transform: AffineTransform_float_3_3
Parameters: 0.999994 -0.00325048 0.000505765 0.00324574 0.999952 0.00924059 -0.000536362 -0.00923941 0.999957 0.0498551 0.238252 -0.27747
FixedParameters: 0 0 0

#Transform 119
Transform: AffineTransform_float_3_3
Parameters: 0.999994 -0.00326231 0.000472338 0.00325837 0.999954 0.00905533 -0.000501951 -0.00905366 0.999958 0.0721916 0.249425 -0.286503
FixedParameters: 0 0 0

#Transform 120
Transform: AffineTransform_float_3_3
Parameters: 0.999993 -0.00346323 0.000828662 0.00345555 0.999952 0.00922246 -0.000861051 -0.00921954 0.999957 0.0881151 0.240251 -0.280925
FixedParameters: 0 0 0

#Transform 121
Transform: AffineTransform_float_3_3
Parameters: 0.999996 -0.00296325 0.000763724 0.00295635 0.999956 0.00885835 -0.000789742 -0.00885665 0.99996 0.100498 0.248827 -0.257321
FixedParameters: 0 0 0

#Transform 122
Transform: AffineTransform_float_3_3
Parameters: 0.999994 -0.00356213 0.00083297 0.00355392 0.999952 0.0091722 -0.000865512 -0.0091698 0.999958 0.0863739 0.257185 -0.244993
FixedParameters: 0 0 0

#Transform 123
Transform: AffineTransform_float_3_3
Parameters: 0.999993 -0.0034551 0.000793756 0.00344756 0.999953 0.00897832 -0.000823921 -0.00897566 0.999959 0.0948796 0.270095 -0.255394
FixedParameters: 0 0 0

#Transform 124
Transform: AffineTransform_float_3_3
Parameters: 0.999993 -0.00345769 0.000786936 0.00345005 0.999951 0.00934731 -0.000818777 -0.00934469 0.999956 0.0609912 0.257611 -0.224069
FixedParameters: 0 0 0

#Transform 125
Transform: AffineTransform_float_3_3
Parameters: 0.999994 -0.00333681 0.000705479 0.00332993 0.999953 0.00907494 -0.000736015 -0.00907306 0.999958 0.0655738 0.267232 -0.212712
FixedParameters: 0 0 0

#Transform 126
Transform: AffineTransform_float_3_3
Parameters: 0.999994 -0.00352787 0.000830854 0.0035191 0.999944 0.00997153 -0.000866552 -0.00996847 0.99995 0.0747586 0.261613 -0.218085
FixedParameters: 0 0 0

#Transform 127
Transform: AffineTransform_float_3_3
Parameters: 0.999994 -0.0033315 0.000770059 0.00332453 0.999949 0.00945951 -0.000801603 -0.00945648 0.999955 0.0921359 0.265104 -0.21599
FixedParameters: 0 0 0

#Transform 128
Transform: AffineTransform_float_3_3
Parameters: 0.999994 -0.00333597 0.000757956 0.00332813 0.999941 0.0103173 -0.000792146 -0.0103157 0.999947 0.0623888 0.250821 -0.237472
FixedParameters: 0 0 0

#Transform 129
Transform: AffineTransform_float_3_3
Parameters: 0.999994 -0.00323886 0.000179939 0.00323713 0.999941 0.0104306 -0.000213731 -0.0104294 0.999945 0.0585221 0.27962 -0.219516
FixedParameters: 0 0 0

#Transform 130
Transform: AffineTransform_float_3_3
Parameters: 0.999994 -0.00325599 0.000363256 0.00325188 0.999937 0.010763 -0.000398094 -0.010762 0.999942 0.0663446 0.275617 -0.233992
FixedParameters: 0 0 0

#Transform 131
Transform: AffineTransform_float_3_3
Parameters: 0.999995 -0.00313728 0.000651267 0.00312953 0.999936 0.010917 -0.000685645 -0.010915 0.99994 0.0712215 0.268938 -0.235929
FixedParameters: 0 0 0

#Transform 132
Transform: AffineTransform_float_3_3
Parameters: 0.999994 -0.0035484 0.000941807 0.00353732 0.999929 0.0114196 -0.000981709 -0.0114164 0.999934 0.0988718 0.248916 -0.283469
FixedParameters: 0 0 0

#Transform 133
Transform: AffineTransform_float_3_3
Parameters: 0.999993 -0.00367817 0.000544981 0.00367095 0.99993 0.0112435 -0.000586488 -0.0112415 0.999937 0.102849 0.279716 -0.215556
FixedParameters: 0 0 0

#Transform 134
Transform: AffineTransform_float_3_3
Parameters: 0.999994 -0.00355547 0.000785568 0.00354662 0.999931 0.0111954 -0.000825516 -0.0111926 0.999937 0.107873 0.271211 -0.235782
FixedParameters: 0 0 0

#Transform 135
Transform: AffineTransform_float_3_3
Parameters: 0.999993 -0.0035854 0.00111479 0.00357255 0.999928 0.0114408 -0.00115552 -0.0114362 0.999934 0.101393 0.285221 -0.202414
FixedParameters: 0 0 0

#Transform 136
Transform: AffineTransform_float_3_3
Parameters: 0.999994 -0.00332217 0.000831624 0.00331199 0.999926 0.0116844 -0.00087089 -0.0116816 0.999931 0.106942 0.269973 -0.237797
FixedParameters: 0 0 0

#Transform 137
Transform: AffineTransform_float_3_3
Parameters: 0.999994 -0.00327008 0.00065585 0.0032628 0.999928 0.011624 -0.000694067 -0.0116211 0.999932 0.0931228 0.28155 -0.23403
FixedParameters: 0 0 0

#Transform 138
Transform: AffineTransform_float_3_3
Parameters: 0.999997 -0.00266541 0.000477763 0.00265924 0.999929 0.0116041 -0.000509199 -0.0116029 0.999933 0.0785609 0.271271 -0.256029
FixedParameters: 0 0 0

#Transform 139
Transform: AffineTransform_float_3_3
Parameters: 0.999997 -0.00264189 0.000533957 0.00263431 0.99992 0.0123911 -0.000567141 -0.0123889 0.999923 0.0629946 0.273585 -0.238474
FixedParameters: 0 0 0

#Transform 140
Transform: AffineTransform_float_3_3
Parameters: 0.999996 -0.00269135 0.000639627 0.00268367 0.999915 0.0127522 -0.000673998 -0.0127508 0.999918 0.0597431 0.268358 -0.268158
FixedParameters: 0 0 0

#Transform 141
Transform: AffineTransform_float_3_3
Parameters: 0.999996 -0.00279097 0.000534723 0.00278422 0.999924 0.0119741 -0.000568365 -0.0119718 0.999928 0.0620383 0.289079 -0.214361
FixedParameters: 0 0 0

#Transform 142
Transform: AffineTransform_float_3_3
Parameters: 0.999995 -0.00332535 0.000616062 0.00331718 0.999909 0.0130749 -0.000659809 -0.0130721 0.999914 0.0362335 0.291819 -0.205824
FixedParameters: 0 0 0

#Transform 143
Transform: AffineTransform_float_3_3
Parameters: 0.999994 -0.00326576 0.000592586 0.00325725 0.999908 0.0131259 -0.000634715 -0.0131241 0.999913 0.0445734 0.293947 -0.190572
FixedParameters: 0 0 0

#Transform 144
Transform: AffineTransform_float_3_3
Parameters: 0.999995 -0.00307111 0.000881119 0.00305931 0.999912 0.0128898 -0.00092044 -0.0128872 0.999916 0.0350003 0.295473 -0.219431
FixedParameters: 0 0 0

#Transform 145
Transform: AffineTransform_float_3_3
Parameters: 0.999993 -0.00341094 0.00102789 0.00339844 0.999915 0.0125833 -0.00107058 -0.0125797 0.99992 0.0691161 0.310911 -0.170049
FixedParameters: 0 0 0

#Transform 146
Transform: AffineTransform_float_3_3
Parameters: 0.999993 -0.00345748 0.000882059 0.00344636 0.999909 0.0130317 -0.000927333 -0.0130283 0.999915 0.0535062 0.313711 -0.173984
FixedParameters: 0 0 0

#Transform 147
Transform: AffineTransform_float_3_3
Parameters: 0.999993 -0.00378099 0.000960087 0.00376774 0.999907 0.0131087 -0.00100896 -0.0131043 0.999913 0.0795489 0.302858 -0.185148
FixedParameters: 0 0 0

#Transform 148
Transform: AffineTransform_float_3_3
Parameters: 0.999993 -0.00344134 0.000889457 0.00342986 0.999905 0.0133268 -0.000935415 -0.0133242 0.999911 0.0698035 0.314043 -0.207546
FixedParameters: 0 0 0

#Transform 149
Transform: AffineTransform_float_3_3
Parameters: 0.999992 -0.00373443 0.000749318 0.00372393 0.999909 0.0129609 -0.000797887 -0.0129581 0.999915 0.0801638 0.31015 -0.168476
FixedParameters: 0 0 0

#Transform 150
Transform: AffineTransform_float_3_3
Parameters: 0.999992 -0.00386309 0.000979183 0.00385068 0.999911 0.012707 -0.00102843 -0.0127029 0.999919 0.0716295 0.314778 -0.217294
FixedParameters: 0 0 0

#Transform 151
Transform: AffineTransform_float_3_3
Parameters: 0.999993 -0.00379541 0.000744915 0.00378439 0.999905 0.0132699 -0.000795169 -0.013267 0.999911 0.0616135 0.30779 -0.168792
FixedParameters: 0 0 0

#Transform 152
Transform: AffineTransform_float_3_3
Parameters: 0.999992 -0.00401375 0.00109534 0.00399853 0.999897 0.0138232 -0.00115087 -0.0138178 0.999904 0.0972797 0.29253 -0.200793
FixedParameters: 0 0 0

#Transform 153
Transform: AffineTransform_float_3_3
Parameters: 0.999992 -0.0039831 0.00117116 0.00396719 0.999906 0.0131506 -0.00122364 -0.0131454 0.999913 0.0790891 0.306266 -0.194661
FixedParameters: 0 0 0

#Transform 154
Transform: AffineTransform_float_3_3
Parameters: 0.999993 -0.00374632 0.00105839 0.00373218 0.999911 0.0128219 -0.00110682 -0.0128181 0.999917 0.0708423 0.302243 -0.192267
FixedParameters: 0 0 0

#Transform 155
Transform: AffineTransform_float_3_3
Parameters: 0.999991 -0.00388674 0.00120313 0.00386984 0.999903 0.0133784 -0.00125392 -0.0133746 0.99991 0.0805736 0.320101 -0.215742
FixedParameters: 0 0 0

#Transform 156
Transform: AffineTransform_float_3_3
Parameters: 0.999992 -0.0039279 0.0008348 0.00391647 0.999897 0.0137624 -0.000888212 -0.0137586 0.999905 0.0862674 0.312898 -0.222655
FixedParameters: 0 0 0

#Transform 157
Transform: AffineTransform_float_3_3
Parameters: 0.999992 -0.00404358 0.00101651 0.00402883 0.999892 0.0141269 -0.00107271 -0.0141221 0.9999 0.0676947 0.323053 -0.246461
FixedParameters: 0 0 0

#Transform 158
Transform: AffineTransform_float_3_3
Parameters: 0.99999 -0.00433576 0.00103851 0.00432048 0.999888 0.0143494 -0.00110081 -0.0143446 0.999896 0.070195 0.329979 -0.182226
FixedParameters: 0 0 0

#Transform 159
Transform: AffineTransform_float_3_3
Parameters: 0.99999 -0.00424906 0.00145254 0.00422791 0.999889 0.0143224 -0.00151346 -0.0143156 0.999897 0.0730069 0.32627 -0.248796
FixedParameters: 0 0 0

#Transform 160
Transform: AffineTransform_float_3_3
Parameters: 0.99999 -0.00411856 0.00131899 0.00409855 0.999877 0.015112 -0.00138136 -0.015106 0.999885 0.0696021 0.341118 -0.224114
FixedParameters: 0 0 0

#Transform 161
Transform: AffineTransform_float_3_3
Parameters: 0.999991 -0.00399995 0.000885044 0.0039871 0.999892 0.0141893 -0.000941991 -0.0141857 0.999899 0.0808801 0.330337 -0.26045
FixedParameters: 0 0 0

#Transform 162
Transform: AffineTransform_float_3_3
Parameters: 0.999991 -0.00410153 0.00097844 0.00408799 0.999898 0.0136808 -0.00103448 -0.0136762 0.999906 0.0689247 0.348011 -0.214575
FixedParameters: 0 0 0

#Transform 163
Transform: AffineTransform_float_3_3
Parameters: 0.999994 -0.00344661 0.000737398 0.0034359 0.99989 0.0144052 -0.000786998 -0.0144028 0.999896 0.0604888 0.33125 -0.189757
FixedParameters: 0 0 0

#Transform 164
Transform: AffineTransform_float_3_3
Parameters: 0.999992 -0.00388322 0.00104915 0.00386704 0.999888 0.014431 -0.00110539 -0.014427 0.999895 0.0794261 0.352723 -0.191235
FixedParameters: 0 0 0

#Transform 165
Transform: AffineTransform_float_3_3
Parameters: 0.999992 -0.00389722 0.00137496 0.0038758 0.999883 0.0148124 -0.00143236 -0.0148066 0.99989 0.0833695 0.33594 -0.177503
FixedParameters: 0 0 0

#Transform 166
Transform: AffineTransform_float_3_3
Parameters: 0.99999 -0.00412536 0.00124975 0.00410716 0.999885 0.0145747 -0.00130939 -0.0145693 0.999893 0.10014 0.339486 -0.252805
FixedParameters: 0 0 0

#Transform 167
Transform: AffineTransform_float_3_3
Parameters: 0.999991 -0.00398998 0.00154757 0.00396728 0.999882 0.0148359 -0.0016063 -0.0148291 0.999889 0.0852608 0.336276 -0.194468
FixedParameters: 0 0 0

#Transform 168
Transform: AffineTransform_float_3_3
Parameters: 0.999991 -0.00400798 0.00150346 0.00398587 0.999887 0.0145194 -0.00156165 -0.0145136 0.999893 0.0857066 0.347787 -0.174423
FixedParameters: 0 0 0

#Transform 169
Transform: AffineTransform_float_3_3
Parameters: 0.99999 -0.00418323 0.00144183 0.00416237 0.999889 0.0143374 -0.00150099 -0.0143316 0.999897 0.0826397 0.328034 -0.225965
FixedParameters: 0 0 0

#Transform 170
Transform: AffineTransform_float_3_3
Parameters: 0.99999 -0.00429439 0.00164833 0.00426827 0.99987 0.0155861 -0.00171471 -0.0155789 0.999877 0.0744663 0.334051 -0.191374
FixedParameters: 0 0 0

#Transform 171
Transform: AffineTransform_float_3_3
Parameters: 0.99999 -0.00408769 0.00145341 0.00406496 0.999882 0.0148473 -0.00151397 -0.0148417 0.999889 0.0862465 0.333791 -0.223852
FixedParameters: 0 0 0

#Transform 172
Transform: AffineTransform_float_3_3
Parameters: 0.999988 -0.00447725 0.00169238 0.00444997 0.999869 0.0155872 -0.0017613 -0.0155798 0.999877 0.0748942 0.334438 -0.223216
FixedParameters: 0 0 0

#Transform 173
Transform: AffineTransform_float_3_3
Parameters: 0.999991 -0.00412203 0.00153344 0.00409894 0.999879 0.0150347 -0.00159549 -0.0150283 0.999886 0.0528709 0.343914 -0.175354
FixedParameters: 0 0 0

#Transform 174
Transform: AffineTransform_float_3_3
Parameters: 0.999991 -0.00390957 0.00149536 0.00388387 0.999852 0.0167577 -0.00156073 -0.0167523 0.999858 0.0772911 0.356342 -0.23129
FixedParameters: 0 0 0

#Transform 175
Transform: AffineTransform_float_3_3
Parameters: 0.999991 -0.00386599 0.00160291 0.0038402 0.999868 0.0157924 -0.00166383 -0.0157856 0.999874 0.0665861 0.343146 -0.225506
FixedParameters: 0 0 0

#Transform 176
Transform: AffineTransform_float_3_3
Parameters: 0.99999 -0.00409394 0.00148812 0.00406947 0.99987 0.0155844 -0.00155117 -0.0155785 0.999877 0.0606665 0.355996 -0.206761
FixedParameters: 0 0 0

#Transform 177
Transform: AffineTransform_float_3_3
Parameters: 0.999991 -0.0040274 0.00177965 0.00399807 0.999864 0.0160088 -0.00184314 -0.0160022 0.99987 0.0614775 0.345506 -0.236581
FixedParameters: 0 0 0

#Transform 178
Transform: AffineTransform_float_3_3
Parameters: 0.999991 -0.00401433 0.00181188 0.0039843 0.999864 0.0160588 -0.00187665 -0.0160512 0.999869 0.0693135 0.36809 -0.187009
FixedParameters: 0 0 0

#Transform 179
Transform: AffineTransform_float_3_3
Parameters: 0.99999 -0.00389366 0.0018647 0.0038632 0.999861 0.0162203 -0.00192762 -0.0162127 0.999867 0.0700439 0.343773 -0.259943
FixedParameters: 0 0 0
