#Insight Transform File V1.0
#Transform 0
Transform: AffineTransform_float_3_3
Parameters: 1 0.00033041 8.26915e-05 -0.000330543 0.999999 0.000807972 -8.21575e-05 -0.000808027 0.999999 0.0669817 -0.215291 -0.300011
FixedParameters: 0 0 0

#Transform 1
Transform: AffineTransform_float_3_3
Parameters: 0.999999 0.00115463 -0.000627345 -0.00115494 0.999999 -0.000246635 0.000626775 0.000247364 1 -0.0369778 0.0476668 -0.0384447
FixedParameters: 0 0 0

#Transform 2
Transform: AffineTransform_float_3_3
Parameters: 1 0.000955645 -0.000374593 -0.000956284 0.999998 -0.00137764 0.000372878 0.00137836 0.999999 -0.0368565 0.0849428 -0.114969
FixedParameters: 0 0 0

#Transform 3
Transform: AffineTransform_float_3_3
Parameters: 0.999999 0.00119559 -0.00048245 -0.00119662 0.999996 -0.00228242 0.00047975 0.00228358 0.999998 -0.0470257 0.0976944 -0.159044
FixedParameters: 0 0 0

#Transform 4
Transform: AffineTransform_float_3_3
Parameters: 0.999999 0.0010867 -0.000719939 -0.00108827 0.999998 -0.00163858 0.000718215 0.00163942 0.999998 -0.0232878 0.0961179 -0.147652
FixedParameters: 0 0 0

#Transform 5
Transform: AffineTransform_float_3_3
Parameters: 1 0.00112444 -0.000236503 -0.00112556 0.999997 -0.00208209 0.00023405 0.0020819 0.999998 -0.0382098 0.0887559 -0.159869
FixedParameters: 0 0 0

#Transform 6
Transform: AffineTransform_float_3_3
Parameters: 0.999999 0.000987867 -2.89805e-05 -0.000987188 0.999998 -0.00183197 2.72032e-05 0.00183203 0.999999 -0.0317743 0.10322 -0.133237
FixedParameters: 0 0 0

#Transform 7
Transform: AffineTransform_float_3_3
Parameters: 0.999999 0.00140465 -0.00014305 -0.00140407 0.999996 -0.00210416 0.000139902 0.00210384 0.999998 -0.0542532 0.104009 -0.140177
FixedParameters: 0 0 0

#Transform 8
Transform: AffineTransform_float_3_3
Parameters: 0.999999 0.00133359 -0.000174196 -0.00133394 0.999997 -0.00175592 0.000172663 0.00175708 0.999999 -0.0521596 0.111144 -0.147896
FixedParameters: 0 0 0

#Transform 9
Transform: AffineTransform_float_3_3
Parameters: 0.999999 0.00119372 -0.000390039 -0.00119456 0.999997 -0.00208489 0.000386901 0.0020851 0.999998 -0.0385917 0.117706 -0.161232
FixedParameters: 0 0 0

#Transform 10
Transform: AffineTransform_float_3_3
Parameters: 0.999998 0.00165104 0.000302548 -0.00165068 0.999997 -0.00170581 -0.000304638 0.00170619 0.999998 -0.0870689 0.119126 -0.131745
FixedParameters: 0 0 0

#Transform 11
Transform: AffineTransform_float_3_3
Parameters: 0.999999 0.00127399 -8.81934e-05 -0.00127515 0.999995 -0.00281225 8.45681e-05 0.00281175 0.999996 -0.0376864 0.109929 -0.188755
FixedParameters: 0 0 0

#Transform 12
Transform: AffineTransform_float_3_3
Parameters: 0.999999 0.00125564 -7.98084e-05 -0.00125576 0.999997 -0.00239926 7.69358e-05 0.00239874 0.999997 -0.0577164 0.112274 -0.180137
FixedParameters: 0 0 0

#Transform 13
Transform: AffineTransform_float_3_3
Parameters: 0.999999 0.00139911 -0.000505261 -0.00140082 0.999993 -0.00364866 0.000499647 0.00364935 0.999994 -0.0496857 0.136907 -0.267989
FixedParameters: 0 0 0

#Transform 14
Transform: AffineTransform_float_3_3
Parameters: 0.999999 0.000784706 -0.000151983 -0.00078572 0.999991 -0.00421288 0.000148519 0.00421312 0.999991 -0.0460749 0.120544 -0.271623
FixedParameters: 0 0 0

#Transform 15
Transform: AffineTransform_float_3_3
Parameters: 1 0.000315154 -0.000229073 -0.000316446 0.999989 -0.00453492 0.00022805 0.00453507 0.999989 -0.0258438 0.107345 -0.272904
FixedParameters: 0 0 0

#Transform 16
Transform: AffineTransform_float_3_3
Parameters: 0.999999 0.00082817 -0.00021562 -0.00082857 0.999989 -0.00459283 0.000211692 0.00459318 0.99999 -0.0366121 0.125842 -0.289247
FixedParameters: 0 0 0

#Transform 17
Transform: AffineTransform_float_3_3
Parameters: 0.999999 0.000762247 0.000111946 -0.000761836 0.999989 -0.00474745 -0.000115638 0.00474655 0.999989 -0.0336772 0.120943 -0.301999
FixedParameters: 0 0 0

#Transform 18
Transform: AffineTransform_float_3_3
Parameters: 1 0.000393304 -7.01016e-05 -0.000394104 0.999988 -0.00475997 6.85853e-05 0.00476002 0.999988 -0.042785 0.112452 -0.286787
FixedParameters: 0 0 0

#Transform 19
Transform: AffineTransform_float_3_3
Parameters: 1 0.000295489 0.000152503 -0.000294867 0.999985 -0.00549904 -0.000153126 0.00549895 0.999985 -0.0227204 0.121904 -0.342498
FixedParameters: 0 0 0

#Transform 20
Transform: AffineTransform_float_3_3
Parameters: 1 0.000261412 0.00034479 -0.000260108 0.999989 -0.00454909 -0.000346381 0.00454891 0.999989 -0.0356456 0.124321 -0.268716
FixedParameters: 0 0 0

#Transform 21
Transform: AffineTransform_float_3_3
Parameters: 1 0.000218679 0.000186743 -0.00021728 0.999986 -0.00515104 -0.000187678 0.00515096 0.999986 -0.0141613 0.130607 -0.302932
FixedParameters: 0 0 0

#Transform 22
Transform: AffineTransform_float_3_3
Parameters: 1 7.39758e-05 0.000425356 -7.23689e-05 0.99999 -0.00450803 -0.000426154 0.00450797 0.999989 -0.0197772 0.139183 -0.268656
FixedParameters: 0 0 0

#Transform 23
Transform: AffineTransform_float_3_3
Parameters: 1 -7.86612e-05 0.000490885 8.05987e-05 0.999991 -0.00424896 -0.000490347 0.00424904 0.999991 -0.0256815 0.133373 -0.275865
FixedParameters: 0 0 0

#Transform 24
Transform: AffineTransform_float_3_3
Parameters: 1 7.82516e-06 0.000453787 -5.04602e-06 0.99999 -0.004504 -0.000454375 0.004504 0.99999 -0.0173428 0.144759 -0.277461
FixedParameters: 0 0 0

#Transform 25
Transform: AffineTransform_float_3_3
Parameters: 1 0.000175683 0.00038165 -0.000174625 0.999993 -0.00379607 -0.000382198 0.00379593 0.999992 -0.0122599 0.120972 -0.271853
FixedParameters: 0 0 0

#Transform 26
Transform: AffineTransform_float_3_3
Parameters: 1 -0.000157176 0.000524306 0.000159492 0.999994 -0.00346076 -0.00052374 0.00346024 0.999994 -0.0123301 0.128209 -0.235794
FixedParameters: 0 0 0

#Transform 27
Transform: AffineTransform_float_3_3
Parameters: 1 -0.000180237 0.00026225 0.000180832 0.999994 -0.00363996 -0.000261466 0.00364005 0.999994 -0.00362788 0.131941 -0.241437
FixedParameters: 0 0 0

#Transform 28
Transform: AffineTransform_float_3_3
Parameters: 0.999999 -0.000383276 0.000621214 0.000385889 0.999994 -0.00347576 -0.000619991 0.00347624 0.999994 -0.00919222 0.131927 -0.234913
FixedParameters: 0 0 0

#Transform 29
Transform: AffineTransform_float_3_3
Parameters: 0.999999 -0.000454894 0.000651994 0.000457482 0.999994 -0.00359171 -0.000651087 0.0035923 0.999994 -0.00106264 0.141883 -0.241361
FixedParameters: 0 0 0

#Transform 30
Transform: AffineTransform_float_3_3
Parameters: 1 -0.000231536 0.00055625 0.000232942 0.999994 -0.00362287 -0.000555627 0.00362313 0.999994 -0.00566121 0.145191 -0.256507
FixedParameters: 0 0 0

#Transform 31
Transform: AffineTransform_float_3_3
Parameters: 1 -0.00030305 0.000587077 0.000305025 0.999993 -0.00391982 -0.000585753 0.00392018 0.999992 -0.00708966 0.135253 -0.267095
FixedParameters: 0 0 0

#Transform 32
Transform: AffineTransform_float_3_3
Parameters: 1 -0.000340376 0.00105876 0.000343979 0.999993 -0.00356028 -0.00105791 0.00356172 0.999993 0.00823227 0.153307 -0.266816
FixedParameters: 0 0 0

#Transform 33
Transform: AffineTransform_float_3_3
Parameters: 1 -0.000530464 0.00101467 0.000533719 0.999995 -0.00309031 -0.00101336 0.00309069 0.999995 -0.00035551 0.137131 -0.226507
FixedParameters: 0 0 0

#Transform 34
Transform: AffineTransform_float_3_3
Parameters: 0.999999 -0.00051717 0.000678958 0.000520393 0.999992 -0.0039195 -0.000677262 0.00391951 0.999993 0.0155433 0.13546 -0.317285
FixedParameters: 0 0 0

#Transform 35
Transform: AffineTransform_float_3_3
Parameters: 0.999999 -0.000557902 0.000696069 0.000560665 0.999993 -0.00349161 -0.000694534 0.00349239 0.999993 0.00822005 0.145819 -0.263759
FixedParameters: 0 0 0

#Transform 36
Transform: AffineTransform_float_3_3
Parameters: 1 -0.000499113 0.00039905 0.000501317 0.999993 -0.0037498 -0.00039714 0.0037502 0.999993 0.0180784 0.137468 -0.309471
FixedParameters: 0 0 0

#Transform 37
Transform: AffineTransform_float_3_3
Parameters: 0.999999 -0.000617344 0.000721933 0.000620886 0.999992 -0.00390855 -0.000719464 0.00390945 0.999992 0.00841937 0.141176 -0.302809
FixedParameters: 0 0 0

#Transform 38
Transform: AffineTransform_float_3_3
Parameters: 1 -0.000812375 0.000805322 0.000814839 0.999993 -0.00365019 -0.000802282 0.00365081 0.999993 0.0163403 0.15156 -0.270787
FixedParameters: 0 0 0

#Transform 39
Transform: AffineTransform_float_3_3
Parameters: 0.999999 -0.000711358 0.000558689 0.000713508 0.999993 -0.00380796 -0.000555634 0.00380804 0.999992 0.0265703 0.13972 -0.303696
FixedParameters: 0 0 0

#Transform 40
Transform: AffineTransform_float_3_3
Parameters: 0.999999 -0.00084356 0.000971644 0.000846524 0.999994 -0.00328103 -0.000968998 0.00328197 0.999995 0.0148367 0.146055 -0.246114
FixedParameters: 0 0 0

#Transform 41
Transform: AffineTransform_float_3_3
Parameters: 1 -0.0008637 0.000827539 0.00086661 0.999992 -0.00382264 -0.000823824 0.00382335 0.999992 0.0331091 0.13669 -0.309903
FixedParameters: 0 0 0

#Transform 42
Transform: AffineTransform_float_3_3
Parameters: 0.999999 -0.000638834 0.00106511 0.000642614 0.999993 -0.00380832 -0.00106274 0.00380968 0.999992 0.02929 0.159669 -0.304681
FixedParameters: 0 0 0

#Transform 43
Transform: AffineTransform_float_3_3
Parameters: 0.999999 -0.00118166 0.00142898 0.00118638 0.999993 -0.00344252 -0.00142518 0.00344448 0.999993 0.0290558 0.152681 -0.260066
FixedParameters: 0 0 0

#Transform 44
Transform: AffineTransform_float_3_3
Parameters: 0.999998 -0.00110945 0.00130554 0.00111368 0.999993 -0.00343076 -0.00130134 0.00343224 0.999993 0.0321884 0.147469 -0.266985
FixedParameters: 0 0 0

#Transform 45
Transform: AffineTransform_float_3_3
Parameters: 0.999999 -0.000980196 0.00106108 0.000984018 0.999993 -0.00359396 -0.00105784 0.00359604 0.999993 0.0313876 0.140528 -0.268563
FixedParameters: 0 0 0

#Transform 46
Transform: AffineTransform_float_3_3
Parameters: 0.999999 -0.000847407 0.00129003 0.00085184 0.999994 -0.00339811 -0.00128676 0.00339889 0.999993 0.0293619 0.143057 -0.253456
FixedParameters: 0 0 0

#Transform 47
Transform: AffineTransform_float_3_3
Parameters: 0.999998 -0.000915931 0.00132412 0.000919324 0.999995 -0.00291663 -0.00132127 0.00291837 0.999995 0.020752 0.131303 -0.239283
FixedParameters: 0 0 0

#Transform 48
Transform: AffineTransform_float_3_3
Parameters: 0.999999 -0.000873674 0.00120039 0.000877607 0.999993 -0.0036058 -0.00119751 0.0036072 0.999993 0.0238435 0.14562 -0.273905
FixedParameters: 0 0 0

#Transform 49
Transform: AffineTransform_float_3_3
Parameters: 0.999998 -0.000957758 0.00144388 0.000962759 0.999994 -0.00336767 -0.00144084 0.00336833 0.999993 0.017707 0.13376 -0.282139
FixedParameters: 0 0 0

#Transform 50
Transform: AffineTransform_float_3_3
Parameters: 0.999999 -0.00127898 0.000871647 0.00128215 0.999992 -0.00369809 -0.000867307 0.00369891 0.999993 0.0373037 0.142303 -0.269235
FixedParameters: 0 0 0

#Transform 51
Transform: AffineTransform_float_3_3
Parameters: 0.999998 -0.00130501 0.0010903 0.00130885 0.999993 -0.00351015 -0.00108494 0.00351086 0.999993 0.0428493 0.143847 -0.260471
FixedParameters: 0 0 0

#Transform 52
Transform: AffineTransform_float_3_3
Parameters: 0.999999 -0.00122223 0.00131201 0.00122628 0.999994 -0.0031416 -0.00130906 0.0031434 0.999994 0.0160823 0.145234 -0.248848
FixedParameters: 0 0 0

#Transform 53
Transform: AffineTransform_float_3_3
Parameters: 0.999999 -0.00107947 0.000803866 0.00108294 0.999992 -0.00395949 -0.000799515 0.00396051 0.999992 0.036926 0.148332 -0.29768
FixedParameters: 0 0 0

#Transform 54
Transform: AffineTransform_float_3_3
Parameters: 0.999998 -0.00105989 0.00124321 0.00106369 0.999993 -0.00358689 -0.00123994 0.00358812 0.999993 0.0172057 0.147554 -0.281142
FixedParameters: 0 0 0

#Transform 55
Transform: AffineTransform_float_3_3
Parameters: 0.999999 -0.000956396 0.000804216 0.000960075 0.999992 -0.00384059 -0.000800147 0.00384141 0.999992 0.0257868 0.141592 -0.283102
FixedParameters: 0 0 0

#Transform 56
Transform: AffineTransform_float_3_3
Parameters: 0.999999 -0.00120172 0.00130486 0.00120682 0.999991 -0.00406749 -0.00130033 0.00406852 0.999992 0.0318887 0.155276 -0.308553
FixedParameters: 0 0 0

#Transform 57
Transform: AffineTransform_float_3_3
Parameters: 0.999998 -0.00102778 0.00122936 0.00103174 0.999993 -0.00353194 -0.00122551 0.00353305 0.999993 0.0146287 0.143126 -0.260701
FixedParameters: 0 0 0

#Transform 58
Transform: AffineTransform_float_3_3
Parameters: 0.999998 -0.00133366 0.000976883 0.0013377 0.999989 -0.00442191 -0.000970731 0.00442309 0.99999 0.0334375 0.162577 -0.324011
FixedParameters: 0 0 0

#Transform 59
Transform: AffineTransform_float_3_3
Parameters: 0.999998 -0.00130653 0.00134977 0.00131188 0.999991 -0.0040238 -0.00134451 0.0040252 0.999991 0.0347524 0.152332 -0.305353
FixedParameters: 0 0 0

#Transform 60
Transform: AffineTransform_float_3_3
Parameters: 0.999998 -0.00133312 0.00135998 0.00133723 0.999993 -0.00339424 -0.00135526 0.00339576 0.999994 0.0238789 0.143568 -0.26027
FixedParameters: 0 0 0

#Transform 61
Transform: AffineTransform_float_3_3
Parameters: 0.999999 -0.00113301 0.00104623 0.00113796 0.99999 -0.00437502 -0.00104104 0.00437598 0.99999 0.034768 0.160114 -0.326855
FixedParameters: 0 0 0

#Transform 62
Transform: AffineTransform_float_3_3
Parameters: 0.999997 -0.00156701 0.00149528 0.00157186 0.999995 -0.00302423 -0.00149053 0.00302678 0.999994 0.0244672 0.157374 -0.239894
FixedParameters: 0 0 0

#Transform 63
Transform: AffineTransform_float_3_3
Parameters: 0.999999 -0.00125197 0.00132683 0.00125652 0.99999 -0.00428691 -0.00132188 0.0042881 0.99999 0.0368577 0.166267 -0.371389
FixedParameters: 0 0 0

#Transform 64
Transform: AffineTransform_float_3_3
Parameters: 0.999998 -0.0013837 0.00138292 0.00138896 0.999991 -0.0040375 -0.00137792 0.0040385 0.999991 0.0250687 0.1657 -0.306837
FixedParameters: 0 0 0

#Transform 65
Transform: AffineTransform_float_3_3
Parameters: 0.999999 -0.00124594 0.000963583 0.00125044 0.999991 -0.00403801 -0.000958634 0.00403899 0.999991 0.0328501 0.166775 -0.299762
FixedParameters: 0 0 0

#Transform 66
Transform: AffineTransform_float_3_3
Parameters: 0.999998 -0.00132788 0.00160226 0.00133364 0.999992 -0.00380293 -0.00159701 0.00380508 0.999992 0.0282137 0.171855 -0.303431
FixedParameters: 0 0 0

#Transform 67
Transform: AffineTransform_float_3_3
Parameters: 0.999997 -0.00150536 0.00157455 0.00151115 0.999992 -0.00358984 -0.00156899 0.00359316 0.999992 0.0294763 0.158038 -0.294476
FixedParameters: 0 0 0

#Transform 68
Transform: AffineTransform_float_3_3
Parameters: 0.999998 -0.00153981 0.00134355 0.00154509 0.99999 -0.00416435 -0.0013369 0.00416566 0.999991 0.0360088 0.16201 -0.309509
FixedParameters: 0 0 0

#Transform 69
Transform: AffineTransform_float_3_3
Parameters: 0.999997 -0.0015619 0.00145952 0.00156753 0.99999 -0.00408378 -0.00145385 0.00408623 0.999991 0.0366611 0.160247 -0.345205
FixedParameters: 0 0 0

#Transform 70
Transform: AffineTransform_float_3_3
Parameters: 0.999998 -0.00153926 0.00117768 0.00154383 0.99999 -0.00405676 -0.00117175 0.00405824 0.999991 0.0363403 0.171131 -0.291718
FixedParameters: 0 0 0

#Transform 71
Transform: AffineTransform_float_3_3
Parameters: 0.999998 -0.00155922 0.00132218 0.00156388 0.999993 -0.00350051 -0.00131691 0.00350249 0.999993 0.0326798 0.153826 -0.272593
FixedParameters: 0 0 0

#Transform 72
Transform: AffineTransform_float_3_3
Parameters: 0.999997 -0.00157939 0.00146698 0.00158502 0.99999 -0.00406389 -0.00146123 0.00406711 0.999991 0.0391545 0.163153 -0.33247
FixedParameters: 0 0 0

#Transform 73
Transform: AffineTransform_float_3_3
Parameters: 0.999998 -0.00162496 0.00155949 0.00163069 0.999993 -0.00360403 -0.00155302 0.00360697 0.999992 0.0298596 0.179414 -0.287618
FixedParameters: 0 0 0

#Transform 74
Transform: AffineTransform_float_3_3
Parameters: 0.999997 -0.0016531 0.00143744 0.00165856 0.999991 -0.00395619 -0.00143052 0.00395881 0.999991 0.0255845 0.173407 -0.296785
FixedParameters: 0 0 0

#Transform 75
Transform: AffineTransform_float_3_3
Parameters: 0.999998 -0.001649 0.001327 0.00165559 0.999988 -0.00451138 -0.00131959 0.00451362 0.999989 0.035893 0.170295 -0.372658
FixedParameters: 0 0 0

#Transform 76
Transform: AffineTransform_float_3_3
Parameters: 0.999997 -0.00178564 0.00155488 0.00179116 0.999991 -0.003801 -0.00154839 0.003803 0.999991 0.0319621 0.169738 -0.314189
FixedParameters: 0 0 0

#Transform 77
Transform: AffineTransform_float_3_3
Parameters: 0.999998 -0.00157035 0.00138629 0.0015759 0.99999 -0.00427539 -0.00137995 0.00427761 0.999989 0.0277889 0.169128 -0.328443
FixedParameters: 0 0 0

#Transform 78
Transform: AffineTransform_float_3_3
Parameters: 0.999998 -0.00179099 0.00131348 0.00179647 0.999988 -0.00428506 -0.00130653 0.00428693 0.99999 0.0454509 0.157383 -0.355761
FixedParameters: 0 0 0

#Transform 79
Transform: AffineTransform_float_3_3
Parameters: 0.999998 -0.00176391 0.00154504 0.00177001 0.999992 -0.00358669 -0.00153894 0.00358931 0.999993 0.0282855 0.168618 -0.312382
FixedParameters: 0 0 0

#Transform 80
Transform: AffineTransform_float_3_3
Parameters: 0.999998 -0.00201519 0.000996832 0.00201849 0.99999 -0.00409308 -0.000989132 0.00409492 0.999991 0.0490493 0.161798 -0.340221
FixedParameters: 0 0 0

#Transform 81
Transform: AffineTransform_float_3_3
Parameters: 0.999997 -0.00213072 0.00115597 0.00213594 0.999988 -0.00436226 -0.00114616 0.00436574 0.99999 0.0609422 0.167258 -0.370168
FixedParameters: 0 0 0

#Transform 82
Transform: AffineTransform_float_3_3
Parameters: 0.999996 -0.00210581 0.00148289 0.00211112 0.999989 -0.00404881 -0.00147384 0.00405219 0.99999 0.0495418 0.173818 -0.346183
FixedParameters: 0 0 0

#Transform 83
Transform: AffineTransform_float_3_3
Parameters: 0.999996 -0.00215198 0.00139544 0.00215796 0.999989 -0.00421693 -0.00138568 0.00422007 0.99999 0.068185 0.157414 -0.382816
FixedParameters: 0 0 0

#Transform 84
Transform: AffineTransform_float_3_3
Parameters: 0.999997 -0.0020352 0.00175585 0.00204233 0.999988 -0.00431184 -0.00174682 0.00431616 0.999989 0.0590572 0.168462 -0.383562
FixedParameters: 0 0 0

#Transform 85
Transform: AffineTransform_float_3_3
Parameters: 0.999995 -0.00205749 0.00238562 0.00206591 0.999991 -0.00355056 -0.00237822 0.00355544 0.999991 0.0312296 0.16658 -0.30025
FixedParameters: 0 0 0

#Transform 86
Transform: AffineTransform_float_3_3
Parameters: 0.999997 -0.00213203 0.0017036 0.00213805 0.99999 -0.00384715 -0.00169612 0.00385086 0.999991 0.0575665 0.177101 -0.326126
FixedParameters: 0 0 0

#Transform 87
Transform: AffineTransform_float_3_3
Parameters: 0.999996 -0.00221976 0.00184472 0.00222606 0.999991 -0.00352004 -0.00183709 0.00352396 0.999992 0.0423159 0.171744 -0.296207
FixedParameters: 0 0 0

#Transform 88
Transform: AffineTransform_float_3_3
Parameters: 0.999997 -0.00209248 0.00168821 0.00209988 0.999988 -0.00440824 -0.0016796 0.00441176 0.999989 0.0547384 0.168522 -0.395167
FixedParameters: 0 0 0

#Transform 89
Transform: AffineTransform_float_3_3
Parameters: 0.999995 -0.00212289 0.00211726 0.00213101 0.999989 -0.00411813 -0.00210882 0.00412287 0.999989 0.0510301 0.171661 -0.374104
FixedParameters: 0 0 0

#Transform 90
Transform: AffineTransform_float_3_3
Parameters: 0.999996 -0.0021879 0.00172788 0.00219448 0.999989 -0.003954 -0.0017195 0.003958 0.999991 0.058671 0.160045 -0.368235
FixedParameters: 0 0 0

#Transform 91
Transform: AffineTransform_float_3_3
Parameters: 0.999996 -0.0022256 0.0017456 0.00223333 0.999988 -0.00447025 -0.00173645 0.00447375 0.999988 0.0647323 0.169497 -0.407223
FixedParameters: 0 0 0

#Transform 92
Transform: AffineTransform_float_3_3
Parameters: 0.999995 -0.00234371 0.00214174 0.00235103 0.999991 -0.00357596 -0.0021335 0.00358104 0.999991 0.0424313 0.160498 -0.345331
FixedParameters: 0 0 0

#Transform 93
Transform: AffineTransform_float_3_3
Parameters: 0.999996 -0.0022557 0.00175733 0.00226252 0.999989 -0.00406882 -0.00174881 0.00407319 0.999991 0.0648033 0.165372 -0.403812
FixedParameters: 0 0 0

#Transform 94
Transform: AffineTransform_float_3_3
Parameters: 0.999994 -0.00234497 0.00227782 0.0023532 0.99999 -0.00376449 -0.0022683 0.00376951 0.999991 0.0510155 0.162813 -0.365599
FixedParameters: 0 0 0

#Transform 95
Transform: AffineTransform_float_3_3
Parameters: 0.999995 -0.0024947 0.00185978 0.0025018 0.999989 -0.00402486 -0.00185045 0.00402914 0.99999 0.080604 0.156953 -0.372682
FixedParameters: 0 0 0

#Transform 96
Transform: AffineTransform_float_3_3
Parameters: 0.999996 -0.00241813 0.00183544 0.00242522 0.999989 -0.0039687 -0.00182608 0.0039733 0.99999 0.0594839 0.155496 -0.381751
FixedParameters: 0 0 0

#Transform 97
Transform: AffineTransform_float_3_3
Parameters: 0.999996 -0.00242531 0.00177072 0.00243152 0.99999 -0.00386585 -0.00176181 0.00387016 0.999991 0.0589458 0.16576 -0.334727
FixedParameters: 0 0 0

#Transform 98
Transform: AffineTransform_float_3_3
Parameters: 0.999996 -0.00237619 0.0016563 0.00238384 0.999988 -0.00429135 -0.00164612 0.00429564 0.999989 0.0691306 0.183839 -0.372458
FixedParameters: 0 0 0

#Transform 99
Transform: AffineTransform_float_3_3
Parameters: 0.999996 -0.00238686 0.00179241 0.00239383 0.999991 -0.00355186 -0.00178385 0.00355614 0.999993 0.0543582 0.161573 -0.348686
FixedParameters: 0 0 0

#Transform 100
Transform: AffineTransform_float_3_3
Parameters: 0.999997 -0.00222809 0.001565 0.00223562 0.999988 -0.0045038 -0.00155515 0.0045072 0.999988 0.0758565 0.169673 -0.432132
FixedParameters: 0 0 0

#Transform 101
Transform: AffineTransform_float_3_3
Parameters: 0.999994 -0.00264181 0.00201771 0.00264859 0.999991 -0.00343517 -0.00200847 0.00344083 0.999992 0.0692407 0.160953 -0.314322
FixedParameters: 0 0 0

#Transform 102
Transform: AffineTransform_float_3_3
Parameters: 0.999996 -0.00249838 0.00172437 0.00250492 0.999989 -0.00406534 -0.0017139 0.00406965 0.99999 0.0699045 0.170064 -0.3453
FixedParameters: 0 0 0

#Transform 103
Transform: AffineTransform_float_3_3
Parameters: 0.999994 -0.00252212 0.00231182 0.00253068 0.999991 -0.00358251 -0.00230227 0.00358849 0.999991 0.0532029 0.180684 -0.34184
FixedParameters: 0 0 0

#Transform 104
Transform: AffineTransform_float_3_3
Parameters: 0.999994 -0.00257294 0.00233319 0.00258111 0.99999 -0.00346483 -0.00232388 0.00347117 0.999992 0.055382 0.191182 -0.333078
FixedParameters: 0 0 0

#Transform 105
Transform: AffineTransform_float_3_3
Parameters: 0.999995 -0.00244925 0.00228235 0.00245825 0.999988 -0.00409924 -0.00227223 0.00410476 0.999989 0.0585598 0.165861 -0.349741
FixedParameters: 0 0 0

#Transform 106
Transform: AffineTransform_float_3_3
Parameters: 0.999994 -0.00247597 0.0024404 0.00248358 0.999991 -0.00338415 -0.00243177 0.00338985 0.999991 0.0527058 0.180654 -0.301297
FixedParameters: 0 0 0

#Transform 107
Transform: AffineTransform_float_3_3
Parameters: 0.999994 -0.00250128 0.00211009 0.00250811 0.999992 -0.00319971 -0.00210208 0.0032053 0.999993 0.0604742 0.179339 -0.287752
FixedParameters: 0 0 0

#Transform 108
Transform: AffineTransform_float_3_3
Parameters: 0.999995 -0.00257508 0.00142921 0.00258059 0.999989 -0.00389962 -0.00141975 0.00390339 0.999992 0.0752934 0.177973 -0.376552
FixedParameters: 0 0 0

#Transform 109
Transform: AffineTransform_float_3_3
Parameters: 0.999995 -0.00247383 0.00229048 0.00248271 0.999991 -0.00339752 -0.00228166 0.00340248 0.999991 0.0456068 0.180688 -0.300435
FixedParameters: 0 0 0

#Transform 110
Transform: AffineTransform_float_3_3
Parameters: 0.999996 -0.00256242 0.00112396 0.00256684 0.999988 -0.00406857 -0.00111413 0.00407143 0.999991 0.0738464 0.175951 -0.342514
FixedParameters: 0 0 0

#Transform 111
Transform: AffineTransform_float_3_3
Parameters: 0.999994 -0.00284444 0.00197394 0.00285048 0.999991 -0.00342125 -0.00196432 0.00342676 0.999992 0.0685094 0.185857 -0.307625
FixedParameters: 0 0 0

#Transform 112
Transform: AffineTransform_float_3_3
Parameters: 0.999994 -0.00265519 0.00189266 0.00266179 0.999991 -0.00336947 -0.00188408 0.00337453 0.999993 0.0654399 0.177215 -0.321898
FixedParameters: 0 0 0

#Transform 113
Transform: AffineTransform_float_3_3
Parameters: 0.999994 -0.00280422 0.00195629 0.00281008 0.999991 -0.00330802 -0.00194666 0.00331399 0.999993 0.0769732 0.174465 -0.334721
FixedParameters: 0 0 0

#Transform 114
Transform: AffineTransform_float_3_3
Parameters: 0.999994 -0.00271132 0.0021399 0.00271846 0.99999 -0.00341354 -0.00213122 0.00341946 0.999992 0.0682588 0.175268 -0.336531
FixedParameters: 0 0 0

#Transform 115
Transform: AffineTransform_float_3_3
Parameters: 0.999995 -0.00261288 0.00187626 0.00262048 0.999989 -0.00387524 -0.00186715 0.00388077 0.999991 0.0648576 0.190727 -0.335889
FixedParameters: 0 0 0

#Transform 116
Transform: AffineTransform_float_3_3
Parameters: 0.999995 -0.00271076 0.00121952 0.00271578 0.999989 -0.0038335 -0.00120884 0.0038365 0.999992 0.0902348 0.177261 -0.376695
FixedParameters: 0 0 0

#Transform 117
Transform: AffineTransform_float_3_3
Parameters: 0.999994 -0.00282166 0.00196382 0.00282724 0.99999 -0.00332196 -0.00195491 0.00332804 0.999993 0.070642 0.178283 -0.315589
FixedParameters: 0 0 0

#Transform 118
Transform: AffineTransform_float_3_3
Parameters: 0.999994 -0.00274607 0.00173594 0.00275246 0.999989 -0.00372873 -0.00172569 0.00373327 0.999992 0.0756771 0.159543 -0.363729
FixedParameters: 0 0 0

#Transform 119
Transform: AffineTransform_float_3_3
Parameters: 0.999994 -0.00285909 0.00185329 0.00286466 0.99999 -0.00352056 -0.001843 0.00352544 0.999992 0.0906498 0.179789 -0.36108
FixedParameters: 0 0 0

#Transform 120
Transform: AffineTransform_float_3_3
Parameters: 0.999993 -0.00292121 0.00200593 0.00292782 0.99999 -0.00318085 -0.00199666 0.00318615 0.999993 0.0613774 0.15717 -0.324138
FixedParameters: 0 0 0

#Transform 121
Transform: AffineTransform_float_3_3
Parameters: 0.999995 -0.00299409 0.00149997 0.00300007 0.999987 -0.00413917 -0.00148764 0.00414383 0.999991 0.0919629 0.18841 -0.375239
FixedParameters: 0 0 0

#Transform 122
Transform: AffineTransform_float_3_3
Parameters: 0.999993 -0.00303509 0.00194764 0.00304227 0.999989 -0.00362695 -0.00193676 0.00363305 0.999992 0.0798465 0.180335 -0.355289
FixedParameters: 0 0 0

#Transform 123
Transform: AffineTransform_float_3_3
Parameters: 0.999993 -0.00301367 0.00195667 0.00302041 0.999989 -0.00383397 -0.00194523 0.00384004 0.999991 0.0806952 0.19175 -0.335832
FixedParameters: 0 0 0

#Transform 124
Transform: AffineTransform_float_3_3
Parameters: 0.999995 -0.00274537 0.00193283 0.00275218 0.999989 -0.0037984 -0.00192273 0.0038026 0.999991 0.0735871 0.166115 -0.371843
FixedParameters: 0 0 0

#Transform 125
Transform: AffineTransform_float_3_3
Parameters: 0.999993 -0.0029401 0.00254366 0.00294864 0.999991 -0.00314507 -0.00253499 0.00315293 0.999992 0.0673537 0.181326 -0.289666
FixedParameters: 0 0 0

#Transform 126
Transform: AffineTransform_float_3_3
Parameters: 0.999994 -0.00299913 0.00204146 0.00300614 0.999988 -0.00373974 -0.0020307 0.00374626 0.99999 0.080651 0.172374 -0.342295
FixedParameters: 0 0 0

#Transform 127
Transform: AffineTransform_float_3_3
Parameters: 0.999993 -0.00272372 0.00251772 0.00273204 0.99999 -0.00323918 -0.00250859 0.00324582 0.999992 0.044252 0.175702 -0.304117
FixedParameters: 0 0 0

#Transform 128
Transform: AffineTransform_float_3_3
Parameters: 0.999994 -0.00303888 0.00205806 0.00304594 0.999989 -0.00362461 -0.00204678 0.00363139 0.999991 0.0830973 0.17165 -0.35507
FixedParameters: 0 0 0

#Transform 129
Transform: AffineTransform_float_3_3
Parameters: 0.999993 -0.00310733 0.00200917 0.00311646 0.999986 -0.00419747 -0.00199605 0.00420353 0.999989 0.0801386 0.172429 -0.412185
FixedParameters: 0 0 0

#Transform 130
Transform: AffineTransform_float_3_3
Parameters: 0.999993 -0.00328299 0.0018899 0.00328899 0.999989 -0.00342617 -0.00187855 0.00343283 0.999992 0.0758991 0.171185 -0.349083
FixedParameters: 0 0 0

#Transform 131
Transform: AffineTransform_float_3_3
Parameters: 0.999992 -0.00346928 0.00224208 0.00347636 0.999987 -0.00350665 -0.00223033 0.00351435 0.999991 0.108861 0.17868 -0.411144
FixedParameters: 0 0 0

#Transform 132
Transform: AffineTransform_float_3_3
Parameters: 0.999964 -0.00607608 0.00595281 0.00602632 0.999948 0.00830528 -0.00600344 -0.00826972 0.999948 0.280687 0.14837 -0.5035
FixedParameters: 0 0 0

#Transform 133
Transform: AffineTransform_float_3_3
Parameters: 0.99995 -0.00827294 0.00573895 0.00825388 0.999961 0.00324668 -0.00576511 -0.00319932 0.999978 0.396787 0.166482 -0.263642
FixedParameters: 0 0 0

#Transform 134
Transform: AffineTransform_float_3_3
Parameters: 0.999948 -0.00826548 0.00609574 0.00823954 0.999957 0.00427421 -0.0061302 -0.00422379 0.999972 0.407261 0.163437 -0.275493
FixedParameters: 0 0 0

#Transform 135
Transform: AffineTransform_float_3_3
Parameters: 0.999945 -0.00836281 0.0063676 0.00834064 0.999959 0.00348365 -0.00639665 -0.00343035 0.999973 0.404089 0.15766 -0.272919
FixedParameters: 0 0 0

#Transform 136
Transform: AffineTransform_float_3_3
Parameters: 0.999944 -0.00807618 0.0069253 0.00805116 0.99996 0.00376246 -0.00695563 -0.00370654 0.999969 0.406552 0.176019 -0.310499
FixedParameters: 0 0 0

#Transform 137
Transform: AffineTransform_float_3_3
Parameters: 0.999938 -0.00837824 0.00730274 0.00835086 0.999958 0.00367108 -0.00733334 -0.00360891 0.999967 0.413481 0.171537 -0.310856
FixedParameters: 0 0 0

#Transform 138
Transform: AffineTransform_float_3_3
Parameters: 0.999929 -0.00892663 0.00795857 0.00889662 0.999953 0.00383565 -0.00799258 -0.00376434 0.999961 0.435689 0.177484 -0.332131
FixedParameters: 0 0 0

#Transform 139
Transform: AffineTransform_float_3_3
Parameters: 0.999937 -0.0084093 0.00743953 0.00838509 0.99996 0.00328741 -0.00746761 -0.00322459 0.999967 0.409669 0.155655 -0.311075
FixedParameters: 0 0 0

#Transform 140
Transform: AffineTransform_float_3_3
Parameters: 0.999937 -0.0083664 0.00747073 0.0083405 0.999959 0.00343849 -0.00749921 -0.0033765 0.999966 0.406161 0.181037 -0.299091
FixedParameters: 0 0 0

#Transform 141
Transform: AffineTransform_float_3_3
Parameters: 0.999937 -0.00837763 0.00748321 0.00835821 0.999962 0.00267153 -0.00750553 -0.00260847 0.999968 0.398843 0.16913 -0.308754
FixedParameters: 0 0 0

#Transform 142
Transform: AffineTransform_float_3_3
Parameters: 0.999936 -0.00849968 0.00744249 0.00848313 0.999961 0.00229174 -0.00746098 -0.00222827 0.99997 0.421509 0.160682 -0.347298
FixedParameters: 0 0 0

#Transform 143
Transform: AffineTransform_float_3_3
Parameters: 0.999931 -0.00854227 0.00797554 0.00852485 0.999962 0.00214879 -0.00799359 -0.0020812 0.999966 0.419405 0.161641 -0.351285
FixedParameters: 0 0 0

#Transform 144
Transform: AffineTransform_float_3_3
Parameters: 0.999934 -0.00859936 0.00771088 0.00858187 0.99996 0.00233488 -0.00773092 -0.00226811 0.999968 0.412688 0.155148 -0.270865
FixedParameters: 0 0 0

#Transform 145
Transform: AffineTransform_float_3_3
Parameters: 0.999932 -0.00864523 0.00783915 0.00863101 0.999961 0.00184829 -0.00785482 -0.00178071 0.999968 0.432545 0.177009 -0.289322
FixedParameters: 0 0 0

#Transform 146
Transform: AffineTransform_float_3_3
Parameters: 0.999934 -0.00839497 0.00781549 0.00837796 0.999962 0.00216505 -0.00783321 -0.00209895 0.999967 0.417244 0.17149 -0.303514
FixedParameters: 0 0 0

#Transform 147
Transform: AffineTransform_float_3_3
Parameters: 0.999935 -0.00857557 0.00754726 0.00856288 0.999962 0.00164298 -0.00756024 -0.00157802 0.99997 0.420995 0.169971 -0.285905
FixedParameters: 0 0 0

#Transform 148
Transform: AffineTransform_float_3_3
Parameters: 0.999935 -0.00861233 0.00756053 0.00860039 0.999961 0.00165138 -0.00757416 -0.00158562 0.99997 0.432802 0.151737 -0.305729
FixedParameters: 0 0 0

#Transform 149
Transform: AffineTransform_float_3_3
Parameters: 0.999925 -0.00890491 0.00832034 0.00889305 0.999959 0.00148029 -0.00833272 -0.00140571 0.999964 0.431512 0.168921 -0.262509
FixedParameters: 0 0 0

#Transform 150
Transform: AffineTransform_float_3_3
Parameters: 0.999931 -0.00900645 0.00747892 0.00899539 0.999959 0.00143567 -0.007491 -0.00136832 0.999971 0.445655 0.172309 -0.287836
FixedParameters: 0 0 0

#Transform 151
Transform: AffineTransform_float_3_3
Parameters: 0.99993 -0.00859093 0.00820516 0.00857927 0.999962 0.00146261 -0.00821729 -0.00139239 0.999966 0.4242 0.169995 -0.276246
FixedParameters: 0 0 0

#Transform 152
Transform: AffineTransform_float_3_3
Parameters: 0.999929 -0.00884364 0.00804987 0.00883992 0.999961 0.000526772 -0.00805381 -0.00045523 0.999967 0.430507 0.163615 -0.275823
FixedParameters: 0 0 0

#Transform 153
Transform: AffineTransform_float_3_3
Parameters: 0.999922 -0.00946684 0.00812959 0.00946127 0.999955 0.000766825 -0.00813627 -0.000690175 0.999966 0.456796 0.161811 -0.325752
FixedParameters: 0 0 0

#Transform 154
Transform: AffineTransform_float_3_3
Parameters: 0.999923 -0.00917362 0.00834855 0.00916501 0.999957 0.00110935 -0.0083591 -0.00103265 0.999964 0.442165 0.155319 -0.272283
FixedParameters: 0 0 0

#Transform 155
Transform: AffineTransform_float_3_3
Parameters: 0.999927 -0.00941997 0.00755864 0.00941372 0.999956 0.000802714 -0.00756558 -0.000731282 0.999971 0.460646 0.152375 -0.31129
FixedParameters: 0 0 0

#Transform 156
Transform: AffineTransform_float_3_3
Parameters: 0.999926 -0.00925652 0.00796838 0.00925056 0.999957 0.000886401 -0.00797646 -0.000812599 0.999967 0.457711 0.154683 -0.339093
FixedParameters: 0 0 0

#Transform 157
Transform: AffineTransform_float_3_3
Parameters: 0.999927 -0.00943183 0.00758219 0.0094229 0.999955 0.00114103 -0.00759223 -0.00106897 0.99997 0.457242 0.147632 -0.30121
FixedParameters: 0 0 0

#Transform 158
Transform: AffineTransform_float_3_3
Parameters: 0.999925 -0.00942 0.00789435 0.00941431 0.999955 0.000794643 -0.00790151 -0.000720355 0.999969 0.466707 0.158814 -0.332148
FixedParameters: 0 0 0

#Transform 159
Transform: AffineTransform_float_3_3
Parameters: 0.99992 -0.00940285 0.00854288 0.00939251 0.999955 0.00131047 -0.0085553 -0.00123053 0.999963 0.459559 0.162338 -0.261498
FixedParameters: 0 0 0

#Transform 160
Transform: AffineTransform_float_3_3
Parameters: 0.99992 -0.00942107 0.00842838 0.00941064 0.999954 0.00135624 -0.00844079 -0.00127676 0.999963 0.463911 0.150358 -0.268747
FixedParameters: 0 0 0

#Transform 161
Transform: AffineTransform_float_3_3
Parameters: 0.999923 -0.00960552 0.00794251 0.00959785 0.999954 0.00096449 -0.00795135 -0.000888504 0.999968 0.478101 0.151366 -0.333809
FixedParameters: 0 0 0

#Transform 162
Transform: AffineTransform_float_3_3
Parameters: 0.999915 -0.00951406 0.00899606 0.00950267 0.999954 0.00130777 -0.00900866 -0.00122222 0.999958 0.463254 0.157797 -0.286937
FixedParameters: 0 0 0

#Transform 163
Transform: AffineTransform_float_3_3
Parameters: 0.999926 -0.00931678 0.00783259 0.00931133 0.999957 0.000760306 -0.00783988 -0.000686687 0.999969 0.471386 0.148667 -0.314798
FixedParameters: 0 0 0

#Transform 164
Transform: AffineTransform_float_3_3
Parameters: 0.999922 -0.00987917 0.00754563 0.00987371 0.999951 0.000727749 -0.00755268 -0.000653243 0.999971 0.496229 0.156039 -0.369056
FixedParameters: 0 0 0

#Transform 165
Transform: AffineTransform_float_3_3
Parameters: 0.999919 -0.00970009 0.00831772 0.00968958 0.999952 0.00132378 -0.00832983 -0.00124322 0.999964 0.472907 0.156414 -0.295213
FixedParameters: 0 0 0

#Transform 166
Transform: AffineTransform_float_3_3
Parameters: 0.99992 -0.00970971 0.00807735 0.00970348 0.999952 0.000837422 -0.00808481 -0.000758578 0.999967 0.499626 0.155288 -0.341333
FixedParameters: 0 0 0

#Transform 167
Transform: AffineTransform_float_3_3
Parameters: 0.999915 -0.00981738 0.00856257 0.00980796 0.999951 0.00117941 -0.00857396 -0.00109559 0.999963 0.485265 0.160592 -0.289841
FixedParameters: 0 0 0

#Transform 168
Transform: AffineTransform_float_3_3
Parameters: 0.999921 -0.00980952 0.00793463 0.00980032 0.999951 0.00119517 -0.00794598 -0.00111683 0.999968 0.487777 0.157767 -0.275519
FixedParameters: 0 0 0

#Transform 169
Transform: AffineTransform_float_3_3
Parameters: 0.999919 -0.00982787 0.00814329 0.00982294 0.999952 0.000704306 -0.00815014 -0.00062369 0.999966 0.489647 0.173341 -0.316708
FixedParameters: 0 0 0

#Transform 170
Transform: AffineTransform_float_3_3
Parameters: 0.999912 -0.0100465 0.00872347 0.0100355 0.999949 0.0013457 -0.00873724 -0.00125829 0.999961 0.477966 0.15589 -0.26
FixedParameters: 0 0 0

#Transform 171
Transform: AffineTransform_float_3_3
Parameters: 0.999917 -0.00980153 0.00839118 0.00979504 0.999952 0.000825129 -0.00839851 -0.000742871 0.999965 0.497468 0.168818 -0.29709
FixedParameters: 0 0 0

#Transform 172
Transform: AffineTransform_float_3_3
Parameters: 0.999915 -0.0101182 0.00821362 0.0101073 0.999948 0.00146311 -0.00822815 -0.00137989 0.999965 0.500591 0.147264 -0.290019
FixedParameters: 0 0 0

#Transform 173
Transform: AffineTransform_float_3_3
Parameters: 0.999913 -0.00983656 0.00870441 0.00982613 0.999951 0.00116675 -0.00871519 -0.00108124 0.999961 0.480579 0.151973 -0.25607
FixedParameters: 0 0 0

#Transform 174
Transform: AffineTransform_float_3_3
Parameters: 0.999922 -0.0097165 0.00785479 0.00970895 0.999953 0.000967497 -0.0078639 -0.000891496 0.999968 0.499747 0.140767 -0.320554
FixedParameters: 0 0 0

#Transform 175
Transform: AffineTransform_float_3_3
Parameters: 0.999913 -0.00990265 0.00872124 0.00989003 0.999949 0.00150766 -0.00873509 -0.00142135 0.999961 0.488818 0.159674 -0.269634
FixedParameters: 0 0 0

#Transform 176
Transform: AffineTransform_float_3_3
Parameters: 0.999912 -0.0100634 0.00862537 0.0100558 0.999949 0.000945705 -0.00863496 -0.000859285 0.999962 0.492449 0.149706 -0.276539
FixedParameters: 0 0 0

#Transform 177
Transform: AffineTransform_float_3_3
Parameters: 0.999903 -0.0103133 0.00928789 0.0103034 0.999947 0.00105347 -0.00929822 -0.000957522 0.999956 0.505719 0.172499 -0.304753
FixedParameters: 0 0 0

#Transform 178
Transform: AffineTransform_float_3_3
Parameters: 0.99991 -0.0106107 0.0082027 0.0106035 0.999944 0.000991368 -0.00821333 -0.000904626 0.999966 0.531792 0.158677 -0.348144
FixedParameters: 0 0 0

#Transform 179
Transform: AffineTransform_float_3_3
Parameters: 0.999905 -0.0105036 0.00891687 0.0104936 0.999944 0.00119187 -0.00892906 -0.00109812 0.999959 0.50304 0.153441 -0.266989
FixedParameters: 0 0 0
