#Insight Transform File V1.0
#Transform 0
Transform: AffineTransform_float_3_3
Parameters: 1 -0.00060115 -0.000176857 0.00060184 0.999999 -0.000649106 0.000177247 0.000648893 1 0.0667308 0.104777 0.347287
FixedParameters: 0 0 0

#Transform 1
Transform: AffineTransform_float_3_3
Parameters: 1 7.47953e-05 -0.000299195 -7.50031e-05 0.999999 -0.000998977 0.000299966 0.000999021 0.999999 0.0445354 0.0822199 -0.136978
FixedParameters: 0 0 0

#Transform 2
Transform: AffineTransform_float_3_3
Parameters: 1 0.000450826 -0.000459671 -0.000451945 0.999999 -0.00164315 0.000459108 0.00164285 0.999998 0.0208565 0.125176 -0.186327
FixedParameters: 0 0 0

#Transform 3
Transform: AffineTransform_float_3_3
Parameters: 1 0.000237537 -0.000368594 -0.00023812 0.999999 -0.00131991 0.000368886 0.00132009 0.999999 0.0352481 0.12148 -0.25577
FixedParameters: 0 0 0

#Transform 4
Transform: AffineTransform_float_3_3
Parameters: 0.999999 0.000411837 -0.000810712 -0.000413661 0.999998 -0.00193467 0.000809645 0.00193533 0.999998 0.038333 0.12742 -0.266532
FixedParameters: 0 0 0

#Transform 5
Transform: AffineTransform_float_3_3
Parameters: 1 0.000249113 -0.00089133 -0.000249995 0.999998 -0.00196578 0.000891408 0.00196622 0.999997 0.041027 0.126401 -0.298662
FixedParameters: 0 0 0

#Transform 6
Transform: AffineTransform_float_3_3
Parameters: 1 0.000795604 -0.000606986 -0.000797155 0.999997 -0.00192336 0.000605763 0.00192363 0.999998 0.0346476 0.123594 -0.306371
FixedParameters: 0 0 0

#Transform 7
Transform: AffineTransform_float_3_3
Parameters: 0.999999 0.000304767 -0.000763051 -0.000304273 0.999999 -0.000535615 0.000763254 0.000535385 0.999999 0.027548 0.124468 -0.277914
FixedParameters: 0 0 0

#Transform 8
Transform: AffineTransform_float_3_3
Parameters: 1 0.000388335 -0.000432944 -0.000389247 0.999999 -0.00150483 0.000432695 0.00150517 0.999999 0.0119116 0.125863 -0.327218
FixedParameters: 0 0 0

#Transform 9
Transform: AffineTransform_float_3_3
Parameters: 1 0.000756664 -0.000907529 -0.00075795 0.999999 -0.00164631 0.000906484 0.00164769 0.999998 0.0137205 0.119063 -0.331898
FixedParameters: 0 0 0

#Transform 10
Transform: AffineTransform_float_3_3
Parameters: 0.999996 0.00079471 -0.00246972 -0.000799795 0.999997 -0.00227722 0.00246781 0.00227979 0.999995 0.037845 0.0818506 -0.271055
FixedParameters: 0 0 0

#Transform 11
Transform: AffineTransform_float_3_3
Parameters: 0.999996 0.000814319 -0.00242769 -0.000817587 0.999999 -0.00148256 0.00242686 0.00148444 0.999996 0.00192738 0.0916933 -0.32362
FixedParameters: 0 0 0

#Transform 12
Transform: AffineTransform_float_3_3
Parameters: 0.999996 0.00100166 -0.00259009 -0.00100795 0.999996 -0.00247979 0.00258775 0.00248221 0.999994 -0.0220712 0.0838689 -0.373387
FixedParameters: 0 0 0

#Transform 13
Transform: AffineTransform_float_3_3
Parameters: 0.999996 0.000713778 -0.00265184 -0.000723238 0.999993 -0.00361513 0.00264904 0.00361688 0.99999 -0.003311 0.0776359 -0.375005
FixedParameters: 0 0 0

#Transform 14
Transform: AffineTransform_float_3_3
Parameters: 0.999999 0.000443609 -0.00176185 -0.000447575 0.999997 -0.00224155 0.00176145 0.00224245 0.999996 0.00355724 0.108484 -0.28687
FixedParameters: 0 0 0

#Transform 15
Transform: AffineTransform_float_3_3
Parameters: 0.999998 0.000325339 -0.00228949 -0.000318049 0.999995 0.00305376 0.00229104 -0.00305224 0.999993 -0.0014947 0.203436 -0.101457
FixedParameters: 0 0 0

#Transform 16
Transform: AffineTransform_float_3_3
Parameters: 0.999997 0.00181526 -0.00132314 -0.00181013 0.999991 0.00380648 0.00133035 -0.00380452 0.999992 -0.0197406 0.201077 -0.103119
FixedParameters: 0 0 0

#Transform 17
Transform: AffineTransform_float_3_3
Parameters: 0.999996 0.00147646 -0.00243936 -0.00147137 0.999997 0.00193049 0.00244254 -0.00192751 0.999995 -0.0698651 0.204963 -0.155194
FixedParameters: 0 0 0

#Transform 18
Transform: AffineTransform_float_3_3
Parameters: 0.999996 -0.00245456 0.000886553 0.00245277 0.999997 0.00115095 -0.000889042 -0.00114805 0.999999 0.248003 0.167855 -0.292619
FixedParameters: 0 0 0

#Transform 19
Transform: AffineTransform_float_3_3
Parameters: 0.999987 -0.00250383 0.004584 0.00247736 0.99998 0.00581449 -0.00459826 -0.0058035 0.999973 0.213182 0.254031 -0.0725918
FixedParameters: 0 0 0

#Transform 20
Transform: AffineTransform_float_3_3
Parameters: 0.999985 -0.00438502 0.00333767 0.00437822 0.999989 0.00188503 -0.0033457 -0.00186996 0.999993 0.220715 0.222342 -0.0474849
FixedParameters: 0 0 0

#Transform 21
Transform: AffineTransform_float_3_3
Parameters: 0.999998 -0.00150997 0.000530309 0.00151062 0.999998 -0.00135271 -0.000528061 0.00135429 0.999999 0.0604619 0.196224 -0.164907
FixedParameters: 0 0 0

#Transform 22
Transform: AffineTransform_float_3_3
Parameters: 0.999999 -0.0015146 -0.000217479 0.00151406 0.999998 -0.00153548 0.000219898 0.00153552 0.999999 0.0619595 0.20326 -0.194042
FixedParameters: 0 0 0

#Transform 23
Transform: AffineTransform_float_3_3
Parameters: 0.999999 -0.000546404 -0.000605068 0.000544889 0.999998 -0.00201033 0.000606871 0.00200967 0.999998 0.00985968 0.171172 -0.250673
FixedParameters: 0 0 0

#Transform 24
Transform: AffineTransform_float_3_3
Parameters: 1 -0.000906073 -0.000424779 0.000905382 0.999998 -0.00143554 0.000426068 0.00143546 0.999998 0.0255047 0.195048 -0.195681
FixedParameters: 0 0 0

#Transform 25
Transform: AffineTransform_float_3_3
Parameters: 0.999999 -0.000682008 -0.000263705 0.000681756 0.999998 -0.00148018 0.000264412 0.00147982 0.999999 0.00264712 0.184374 -0.177944
FixedParameters: 0 0 0

#Transform 26
Transform: AffineTransform_float_3_3
Parameters: 0.999999 -0.000285363 -0.000654523 0.000284568 0.999999 -0.00131019 0.000654878 0.00130981 0.999999 -0.00542323 0.191923 -0.155904
FixedParameters: 0 0 0

#Transform 27
Transform: AffineTransform_float_3_3
Parameters: 0.999999 -0.000288159 -0.000767477 0.000286892 0.999998 -0.00167786 0.000768972 0.00167814 0.999998 0.00863408 0.159611 -0.221492
FixedParameters: 0 0 0

#Transform 28
Transform: AffineTransform_float_3_3
Parameters: 1 -0.000359092 -0.000933997 0.000357936 0.999998 -0.00160398 0.000934366 0.00160402 0.999998 -0.00121664 0.144081 -0.28633
FixedParameters: 0 0 0

#Transform 29
Transform: AffineTransform_float_3_3
Parameters: 0.999999 -0.000484181 -0.000734965 0.000482134 0.999999 -0.00175236 0.000735347 0.00175165 0.999998 -0.00152876 0.162282 -0.244565
FixedParameters: 0 0 0

#Transform 30
Transform: AffineTransform_float_3_3
Parameters: 1 -0.00037083 -0.000980073 0.000369118 0.999999 -0.00134336 0.000980676 0.00134264 0.999998 -0.0120869 0.176841 -0.2079
FixedParameters: 0 0 0

#Transform 31
Transform: AffineTransform_float_3_3
Parameters: 0.999999 -0.000375334 -0.00138243 0.000373644 0.999999 -0.000944157 0.00138274 0.000943841 0.999998 0.00428988 0.177801 -0.204057
FixedParameters: 0 0 0

#Transform 32
Transform: AffineTransform_float_3_3
Parameters: 0.999999 -0.000357464 -0.00123674 0.000356809 1 -0.000637082 0.00123681 0.000636918 0.999999 0.00770569 0.176523 -0.221982
FixedParameters: 0 0 0

#Transform 33
Transform: AffineTransform_float_3_3
Parameters: 0.999999 -0.000277811 -0.00124465 0.000275949 1 -0.00111834 0.00124488 0.00111765 0.999998 -0.00230197 0.177147 -0.249048
FixedParameters: 0 0 0

#Transform 34
Transform: AffineTransform_float_3_3
Parameters: 1 0.00060133 -0.000841151 -0.000602543 0.999998 -0.00150149 0.000839873 0.0015025 0.999998 -0.0372682 0.188018 -0.219478
FixedParameters: 0 0 0

#Transform 35
Transform: AffineTransform_float_3_3
Parameters: 0.999999 0.00140715 -0.000575206 -0.00140838 0.999998 -0.00175155 0.000572115 0.00175245 0.999999 -0.0788048 0.191053 -0.241314
FixedParameters: 0 0 0

#Transform 36
Transform: AffineTransform_float_3_3
Parameters: 0.999999 0.00169671 -0.000449283 -0.00169688 0.999998 -0.00150211 0.000446946 0.00150289 0.999998 -0.107626 0.19699 -0.227137
FixedParameters: 0 0 0

#Transform 37
Transform: AffineTransform_float_3_3
Parameters: 0.999998 0.00166294 -0.000411308 -0.00166407 0.999997 -0.00168304 0.000408861 0.00168296 0.999998 -0.0766222 0.215153 -0.248683
FixedParameters: 0 0 0

#Transform 38
Transform: AffineTransform_float_3_3
Parameters: 0.999999 0.00172954 -0.000563583 -0.00173023 0.999997 -0.0016519 0.000560627 0.0016531 0.999998 -0.0842857 0.215829 -0.241711
FixedParameters: 0 0 0

#Transform 39
Transform: AffineTransform_float_3_3
Parameters: 0.999998 0.00172644 -0.000802828 -0.00172777 0.999997 -0.00180298 0.000800279 0.00180502 0.999998 -0.082629 0.206028 -0.252382
FixedParameters: 0 0 0

#Transform 40
Transform: AffineTransform_float_3_3
Parameters: 0.999998 0.00207806 -0.00104391 -0.00208005 0.999996 -0.00170791 0.00104049 0.00171009 0.999997 -0.095957 0.187294 -0.36965
FixedParameters: 0 0 0

#Transform 41
Transform: AffineTransform_float_3_3
Parameters: 0.999996 0.00191702 -0.00170503 -0.00191937 0.999997 -0.0014175 0.00170288 0.00142049 0.999997 -0.115773 0.182129 -0.414853
FixedParameters: 0 0 0

#Transform 42
Transform: AffineTransform_float_3_3
Parameters: 0.999995 0.00140713 -0.00261971 -0.00141049 0.999998 -0.00114006 0.00261755 0.00114394 0.999995 -0.117246 0.177287 -0.365753
FixedParameters: 0 0 0

#Transform 43
Transform: AffineTransform_float_3_3
Parameters: 0.999996 0.0012221 -0.0025057 -0.00122208 0.999999 5.67322e-06 0.00250571 -2.32743e-06 0.999997 -0.105297 0.189352 -0.335276
FixedParameters: 0 0 0

#Transform 44
Transform: AffineTransform_float_3_3
Parameters: 0.999995 0.00125805 -0.00272087 -0.00126037 0.999999 -0.000908323 0.00271964 0.000911676 0.999995 -0.0879839 0.192209 -0.357141
FixedParameters: 0 0 0

#Transform 45
Transform: AffineTransform_float_3_3
Parameters: 0.999994 0.000606932 -0.00337545 -0.000605454 1 0.00055053 0.00337597 -0.000548472 0.999994 -0.0932142 0.19674 -0.25972
FixedParameters: 0 0 0

#Transform 46
Transform: AffineTransform_float_3_3
Parameters: 0.999995 0.000740013 -0.00305983 -0.000739494 1 0.000300235 0.00305974 -0.000297767 0.999995 -0.117867 0.188057 -0.280741
FixedParameters: 0 0 0

#Transform 47
Transform: AffineTransform_float_3_3
Parameters: 0.999995 0.000763092 -0.00299647 -0.000766263 0.999999 -0.00111923 0.00299543 0.00112177 0.999995 -0.111261 0.156313 -0.367761
FixedParameters: 0 0 0

#Transform 48
Transform: AffineTransform_float_3_3
Parameters: 0.999992 -0.000898201 -0.00383748 0.000901683 0.999999 0.000931523 0.00383736 -0.000935479 0.999992 -0.0239542 0.223762 -0.248718
FixedParameters: 0 0 0

#Transform 49
Transform: AffineTransform_float_3_3
Parameters: 0.999993 0.000915827 -0.00362557 -0.000915569 1 0.00021775 0.00362543 -0.000215253 0.999993 -0.103179 0.195826 -0.258972
FixedParameters: 0 0 0

#Transform 50
Transform: AffineTransform_float_3_3
Parameters: 0.999991 0.000593149 -0.00422615 -0.000593876 0.999999 -0.000193472 0.00422553 0.000196528 0.999991 -0.102807 0.210567 -0.271339
FixedParameters: 0 0 0

#Transform 51
Transform: AffineTransform_float_3_3
Parameters: 0.999986 -3.485e-05 -0.00526282 2.45247e-05 0.999998 -0.00200403 0.00526271 0.00200397 0.999984 -0.0993535 0.176366 -0.329973
FixedParameters: 0 0 0

#Transform 52
Transform: AffineTransform_float_3_3
Parameters: 0.999986 -0.000258733 -0.00514668 0.000250647 0.999999 -0.00148834 0.00514655 0.00148666 0.999986 -0.114673 0.1883 -0.358046
FixedParameters: 0 0 0

#Transform 53
Transform: AffineTransform_float_3_3
Parameters: 0.999985 -0.000443043 -0.00532618 0.000437352 0.999999 -0.00112681 0.00532667 0.00112519 0.999985 -0.107594 0.207751 -0.374022
FixedParameters: 0 0 0

#Transform 54
Transform: AffineTransform_float_3_3
Parameters: 0.999987 -0.000867996 -0.00514592 0.00085926 0.999998 -0.00164221 0.00514747 0.00163779 0.999985 -0.104669 0.199187 -0.277229
FixedParameters: 0 0 0

#Transform 55
Transform: AffineTransform_float_3_3
Parameters: 0.999978 -0.00243566 -0.00627136 0.00242124 0.999995 -0.00233117 0.00627639 0.00231583 0.999977 -0.0576389 0.160133 -0.290058
FixedParameters: 0 0 0

#Transform 56
Transform: AffineTransform_float_3_3
Parameters: 0.999984 -0.000812375 -0.00550606 0.00079735 0.999996 -0.00267854 0.00550858 0.00267346 0.999981 -0.0956186 0.189735 -0.354797
FixedParameters: 0 0 0

#Transform 57
Transform: AffineTransform_float_3_3
Parameters: 0.999993 0.00113742 -0.00358458 -0.0011396 0.999999 -0.00048549 0.003584 0.000489508 0.999993 -0.149548 0.21733 -0.277722
FixedParameters: 0 0 0

#Transform 58
Transform: AffineTransform_float_3_3
Parameters: 0.999993 0.000931171 -0.00349797 -0.000931374 0.999999 -2.71066e-05 0.00349792 3.08924e-05 0.999994 -0.144305 0.222189 -0.262856
FixedParameters: 0 0 0

#Transform 59
Transform: AffineTransform_float_3_3
Parameters: 0.99999 0.00124936 -0.00429488 -0.0012524 0.999998 -0.000808382 0.00429444 0.000813619 0.99999 -0.171982 0.214532 -0.305233
FixedParameters: 0 0 0

#Transform 60
Transform: AffineTransform_float_3_3
Parameters: 0.999988 0.00140664 -0.00453488 -0.00141087 0.999998 -0.00089806 0.00453393 0.000903939 0.99999 -0.200161 0.220258 -0.299503
FixedParameters: 0 0 0

#Transform 61
Transform: AffineTransform_float_3_3
Parameters: 0.999989 0.00119897 -0.00464817 -0.00120426 0.999999 -0.00108766 0.00464675 0.00109334 0.999989 -0.17819 0.213697 -0.319011
FixedParameters: 0 0 0

#Transform 62
Transform: AffineTransform_float_3_3
Parameters: 0.999989 0.0012418 -0.00455076 -0.00124742 0.999998 -0.00129158 0.00454927 0.00129742 0.999989 -0.178065 0.220109 -0.296365
FixedParameters: 0 0 0

#Transform 63
Transform: AffineTransform_float_3_3
Parameters: 0.999987 0.0011172 -0.00484331 -0.00112298 0.999999 -0.00128546 0.00484084 0.00129154 0.999987 -0.206446 0.235024 -0.297974
FixedParameters: 0 0 0

#Transform 64
Transform: AffineTransform_float_3_3
Parameters: 0.999988 0.00143552 -0.00469627 -0.0014397 0.999998 -0.000958339 0.00469471 0.000965662 0.999989 -0.230624 0.241261 -0.289115
FixedParameters: 0 0 0

#Transform 65
Transform: AffineTransform_float_3_3
Parameters: 0.99999 0.00134305 -0.00431416 -0.00134831 0.999999 -0.00116995 0.0043122 0.00117605 0.99999 -0.217169 0.240759 -0.274354
FixedParameters: 0 0 0

#Transform 66
Transform: AffineTransform_float_3_3
Parameters: 0.99999 0.0014607 -0.00417765 -0.00146463 0.999999 -0.000939004 0.00417648 0.000944996 0.999991 -0.222864 0.251865 -0.253056
FixedParameters: 0 0 0

#Transform 67
Transform: AffineTransform_float_3_3
Parameters: 0.99999 0.00158739 -0.00423253 -0.00159253 0.999998 -0.00122359 0.00423075 0.00122941 0.999991 -0.218356 0.246333 -0.257267
FixedParameters: 0 0 0

#Transform 68
Transform: AffineTransform_float_3_3
Parameters: 0.999992 0.00133279 -0.00378014 -0.00133689 0.999998 -0.00106037 0.00377889 0.00106563 0.999992 -0.191734 0.253651 -0.234421
FixedParameters: 0 0 0

#Transform 69
Transform: AffineTransform_float_3_3
Parameters: 0.999991 0.00112176 -0.00396246 -0.00112834 0.999999 -0.0016056 0.00396057 0.0016104 0.999991 -0.188933 0.240027 -0.253228
FixedParameters: 0 0 0

#Transform 70
Transform: AffineTransform_float_3_3
Parameters: 0.999994 0.00199481 -0.0026356 -0.00199615 0.999998 -0.00057285 0.00263476 0.00057915 0.999996 -0.227253 0.261377 -0.199638
FixedParameters: 0 0 0

#Transform 71
Transform: AffineTransform_float_3_3
Parameters: 0.999994 0.00132716 -0.00295972 -0.00132685 0.999999 5.56912e-05 0.00295986 -5.13091e-05 0.999996 -0.185101 0.266643 -0.168065
FixedParameters: 0 0 0

#Transform 72
Transform: AffineTransform_float_3_3
Parameters: 0.999995 0.00023739 -0.00317958 -0.000237661 1 -4.2402e-05 0.00317956 4.25972e-05 0.999995 -0.137692 0.266652 -0.200727
FixedParameters: 0 0 0

#Transform 73
Transform: AffineTransform_float_3_3
Parameters: 0.999994 -0.000325746 -0.00351845 0.000325574 1 -2.48892e-05 0.00351846 2.41103e-05 0.999994 -0.0974721 0.251885 -0.178757
FixedParameters: 0 0 0

#Transform 74
Transform: AffineTransform_float_3_3
Parameters: 0.999994 -4.91274e-05 -0.00365537 4.92261e-05 1 1.3382e-05 0.00365537 -1.36181e-05 0.999994 -0.0906978 0.24732 -0.180272
FixedParameters: 0 0 0

#Transform 75
Transform: AffineTransform_float_3_3
Parameters: 0.999995 0.00122616 -0.00309361 -0.00122237 0.999998 0.0010387 0.00309509 -0.00103529 0.999995 -0.166218 0.265187 -0.156474
FixedParameters: 0 0 0

#Transform 76
Transform: AffineTransform_float_3_3
Parameters: 0.999994 0.00151366 -0.00307556 -0.00151105 0.999999 0.000916057 0.00307634 -0.000910946 0.999995 -0.187969 0.280994 -0.199868
FixedParameters: 0 0 0

#Transform 77
Transform: AffineTransform_float_3_3
Parameters: 0.999994 0.00159387 -0.00325623 -0.00159399 0.999999 -0.000217254 0.00325606 0.000222747 0.999995 -0.220836 0.269288 -0.158563
FixedParameters: 0 0 0

#Transform 78
Transform: AffineTransform_float_3_3
Parameters: 0.999993 0.00202584 -0.00330805 -0.00202481 0.999998 0.000158049 0.00330867 -0.00015095 0.999995 -0.23278 0.271548 -0.196699
FixedParameters: 0 0 0

#Transform 79
Transform: AffineTransform_float_3_3
Parameters: 0.999992 0.00171321 -0.00375935 -0.00171253 0.999999 -2.85474e-05 0.00375886 3.44539e-05 0.999993 -0.253019 0.262758 -0.0802842
FixedParameters: 0 0 0

#Transform 80
Transform: AffineTransform_float_3_3
Parameters: 0.99999 0.00129037 -0.00423509 -0.0012992 0.999997 -0.00218742 0.00423181 0.00219357 0.999988 -0.243849 0.229741 -0.126869
FixedParameters: 0 0 0

#Transform 81
Transform: AffineTransform_float_3_3
Parameters: 0.999988 0.00162975 -0.00449362 -0.00163733 0.999998 -0.00171562 0.00449118 0.00172338 0.999989 -0.259965 0.240186 -0.180068
FixedParameters: 0 0 0

#Transform 82
Transform: AffineTransform_float_3_3
Parameters: 0.99999 0.00160888 -0.00432291 -0.00161631 0.999998 -0.0017675 0.00432037 0.0017745 0.999989 -0.261769 0.253478 -0.193096
FixedParameters: 0 0 0

#Transform 83
Transform: AffineTransform_float_3_3
Parameters: 0.99999 0.0014493 -0.00437631 -0.0014581 0.999997 -0.00200675 0.00437325 0.00201325 0.999988 -0.25801 0.248589 -0.22596
FixedParameters: 0 0 0

#Transform 84
Transform: AffineTransform_float_3_3
Parameters: 0.999987 0.00154246 -0.0048198 -0.00155105 0.999997 -0.001799 0.00481701 0.001807 0.999987 -0.270983 0.24223 -0.227107
FixedParameters: 0 0 0

#Transform 85
Transform: AffineTransform_float_3_3
Parameters: 0.999983 0.00200561 -0.00547408 -0.00202065 0.999994 -0.00256703 0.00546902 0.00257797 0.999981 -0.283282 0.23737 -0.228116
FixedParameters: 0 0 0

#Transform 86
Transform: AffineTransform_float_3_3
Parameters: 0.999984 0.00189688 -0.00523141 -0.00190566 0.999997 -0.00167441 0.00522781 0.00168459 0.999985 -0.296355 0.238539 -0.21377
FixedParameters: 0 0 0

#Transform 87
Transform: AffineTransform_float_3_3
Parameters: 0.999984 0.00164138 -0.0054089 -0.00164924 0.999998 -0.00153374 0.00540663 0.00154327 0.999984 -0.278266 0.254643 -0.224741
FixedParameters: 0 0 0

#Transform 88
Transform: AffineTransform_float_3_3
Parameters: 0.999986 0.00185949 -0.00485322 -0.00186636 0.999997 -0.00133846 0.00484994 0.00134753 0.999988 -0.31319 0.254219 -0.184671
FixedParameters: 0 0 0

#Transform 89
Transform: AffineTransform_float_3_3
Parameters: 0.999986 0.00170478 -0.00502368 -0.00171211 0.999997 -0.00146956 0.0050209 0.00147844 0.999986 -0.288524 0.252829 -0.188489
FixedParameters: 0 0 0

#Transform 90
Transform: AffineTransform_float_3_3
Parameters: 0.999986 0.00176853 -0.00506511 -0.00177629 0.999997 -0.00150037 0.00506203 0.00150862 0.999986 -0.284584 0.240476 -0.225058
FixedParameters: 0 0 0

#Transform 91
Transform: AffineTransform_float_3_3
Parameters: 0.999984 0.00172548 -0.00539726 -0.00173261 0.999998 -0.00134851 0.00539484 0.00135749 0.999985 -0.285812 0.242628 -0.210886
FixedParameters: 0 0 0

#Transform 92
Transform: AffineTransform_float_3_3
Parameters: 0.999986 0.00207021 -0.00501536 -0.00207473 0.999997 -0.000968318 0.00501344 0.000978683 0.999987 -0.292035 0.242453 -0.190152
FixedParameters: 0 0 0

#Transform 93
Transform: AffineTransform_float_3_3
Parameters: 0.999985 0.00194701 -0.00512595 -0.00195314 0.999997 -0.00123236 0.00512377 0.00124264 0.999986 -0.3227 0.228858 -0.190741
FixedParameters: 0 0 0

#Transform 94
Transform: AffineTransform_float_3_3
Parameters: 0.999985 0.00223386 -0.00496934 -0.00224047 0.999997 -0.00135896 0.0049668 0.00137005 0.999987 -0.327235 0.230457 -0.159108
FixedParameters: 0 0 0

#Transform 95
Transform: AffineTransform_float_3_3
Parameters: 0.999983 0.00209271 -0.00557717 -0.00210286 0.999997 -0.00172735 0.0055736 0.00173965 0.999983 -0.302907 0.237692 -0.203629
FixedParameters: 0 0 0

#Transform 96
Transform: AffineTransform_float_3_3
Parameters: 0.999987 0.00295287 -0.00418596 -0.00294599 0.999994 0.00174903 0.00419083 -0.00173697 0.99999 -0.316568 0.316211 -0.12404
FixedParameters: 0 0 0

#Transform 97
Transform: AffineTransform_float_3_3
Parameters: 0.999985 0.00294307 -0.00447948 -0.00293681 0.999995 0.00147936 0.00448457 -0.00146564 0.999989 -0.366702 0.295058 -0.0822598
FixedParameters: 0 0 0

#Transform 98
Transform: AffineTransform_float_3_3
Parameters: 0.999983 0.00167999 -0.00554542 -0.00167711 0.999998 0.000500984 0.00554603 -0.000492017 0.999985 -0.321548 0.278322 -0.153519
FixedParameters: 0 0 0

#Transform 99
Transform: AffineTransform_float_3_3
Parameters: 0.999985 0.00188062 -0.00500612 -0.00186746 0.999995 0.00262688 0.00501065 -0.00261712 0.999984 -0.313532 0.311264 -0.114734
FixedParameters: 0 0 0

#Transform 100
Transform: AffineTransform_float_3_3
Parameters: 0.999973 0.000805861 -0.00726985 -0.000782148 0.999994 0.00334832 0.00727271 -0.00334268 0.999968 -0.2443 0.30637 -0.223088
FixedParameters: 0 0 0

#Transform 101
Transform: AffineTransform_float_3_3
Parameters: 0.99998 0.00245694 -0.00585554 -0.00243548 0.99999 0.00374039 0.00586479 -0.00372561 0.999976 -0.349645 0.326691 -0.172081
FixedParameters: 0 0 0

#Transform 102
Transform: AffineTransform_float_3_3
Parameters: 0.99998 0.00249516 -0.00576979 -0.00247873 0.999993 0.00282705 0.00577654 -0.00281295 0.999979 -0.316206 0.319015 -0.115427
FixedParameters: 0 0 0

#Transform 103
Transform: AffineTransform_float_3_3
Parameters: 0.999985 0.00242633 -0.0050328 -0.00242229 0.999997 0.000798775 0.00503505 -0.000786225 0.999987 -0.321139 0.29493 -0.128878
FixedParameters: 0 0 0

#Transform 104
Transform: AffineTransform_float_3_3
Parameters: 0.999981 0.00267679 -0.0055122 -0.00267595 0.999997 0.000202424 0.00551271 -0.000187579 0.999985 -0.356605 0.277588 -0.128495
FixedParameters: 0 0 0

#Transform 105
Transform: AffineTransform_float_3_3
Parameters: 0.999982 0.00263024 -0.00538034 -0.00262377 0.999996 0.00113165 0.00538321 -0.00111735 0.999984 -0.343107 0.277998 -0.165722
FixedParameters: 0 0 0

#Transform 106
Transform: AffineTransform_float_3_3
Parameters: 0.99998 0.00262987 -0.00583909 -0.00262391 0.999997 0.00100068 0.00584126 -0.000985326 0.999982 -0.378502 0.296444 -0.173212
FixedParameters: 0 0 0

#Transform 107
Transform: AffineTransform_float_3_3
Parameters: 0.999981 0.0023845 -0.00572035 -0.002383 0.999997 0.000252178 0.00572099 -0.000238822 0.999983 -0.362596 0.275239 -0.188733
FixedParameters: 0 0 0

#Transform 108
Transform: AffineTransform_float_3_3
Parameters: 0.99998 0.00252029 -0.00570506 -0.00251734 0.999997 0.000494554 0.00570645 -0.000480447 0.999983 -0.372358 0.292276 -0.190476
FixedParameters: 0 0 0

#Transform 109
Transform: AffineTransform_float_3_3
Parameters: 0.999977 0.0024901 -0.00632599 -0.00248644 0.999997 0.000608256 0.00632739 -0.000592747 0.99998 -0.387231 0.291222 -0.213399
FixedParameters: 0 0 0

#Transform 110
Transform: AffineTransform_float_3_3
Parameters: 0.999972 0.00362832 -0.0065714 -0.00362809 0.999993 0.00012981 0.00657172 -0.000105195 0.999978 -0.412886 0.270167 -0.223857
FixedParameters: 0 0 0

#Transform 111
Transform: AffineTransform_float_3_3
Parameters: 0.999959 0.00373449 -0.00816818 -0.0037474 0.999992 -0.00144163 0.00816244 0.00147136 0.999966 -0.414652 0.251382 -0.352902
FixedParameters: 0 0 0

#Transform 112
Transform: AffineTransform_float_3_3
Parameters: 0.999971 0.00409454 -0.00631737 -0.0040962 0.999991 -0.000356606 0.00631633 0.000382397 0.99998 -0.435049 0.290568 -0.229045
FixedParameters: 0 0 0

#Transform 113
Transform: AffineTransform_float_3_3
Parameters: 0.999969 0.00445037 -0.00646384 -0.00444796 0.99999 0.00030236 0.00646587 -0.000273635 0.999979 -0.451872 0.286029 -0.199317
FixedParameters: 0 0 0

#Transform 114
Transform: AffineTransform_float_3_3
Parameters: 0.999967 0.0044342 -0.006829 -0.00442951 0.99999 0.00067469 0.00683234 -0.00064431 0.999977 -0.470032 0.302849 -0.190032
FixedParameters: 0 0 0

#Transform 115
Transform: AffineTransform_float_3_3
Parameters: 0.999969 0.0038808 -0.00694339 -0.00388726 0.999992 -0.000952182 0.00693946 0.000978815 0.999975 -0.466269 0.272607 -0.236006
FixedParameters: 0 0 0

#Transform 116
Transform: AffineTransform_float_3_3
Parameters: 0.999971 0.00348206 -0.00677744 -0.00349227 0.999993 -0.0015439 0.00677174 0.0015681 0.999976 -0.459002 0.280555 -0.26991
FixedParameters: 0 0 0

#Transform 117
Transform: AffineTransform_float_3_3
Parameters: 0.999966 0.00391097 -0.00735863 -0.00392168 0.999991 -0.00145352 0.00735229 0.00148248 0.999972 -0.463789 0.280081 -0.169914
FixedParameters: 0 0 0

#Transform 118
Transform: AffineTransform_float_3_3
Parameters: 0.999962 0.00474269 -0.00730557 -0.00474513 0.999989 -0.000356038 0.00730401 0.000390962 0.999973 -0.5079 0.283683 -0.163749
FixedParameters: 0 0 0

#Transform 119
Transform: AffineTransform_float_3_3
Parameters: 0.999958 0.00446153 -0.0079915 -0.00446774 0.99999 -0.000806026 0.00798772 0.000840975 0.999968 -0.521089 0.298717 -0.182047
FixedParameters: 0 0 0

#Transform 120
Transform: AffineTransform_float_3_3
Parameters: 0.999961 0.00470332 -0.00745396 -0.00470189 0.999989 0.000201877 0.00745516 -0.000166123 0.999972 -0.538932 0.297812 -0.116107
FixedParameters: 0 0 0

#Transform 121
Transform: AffineTransform_float_3_3
Parameters: 0.999954 0.00472813 -0.00833157 -0.00472636 0.999989 0.000306795 0.0083323 -0.000267216 0.999965 -0.510394 0.299747 -0.0660195
FixedParameters: 0 0 0

#Transform 122
Transform: AffineTransform_float_3_3
Parameters: 0.999954 0.0049511 -0.00820864 -0.00495305 0.999988 -0.00017782 0.0082072 0.000219173 0.999966 -0.524776 0.290445 -0.13235
FixedParameters: 0 0 0

#Transform 123
Transform: AffineTransform_float_3_3
Parameters: 0.999952 0.00462701 -0.00861135 -0.00462484 0.999989 0.000168414 0.00861181 -0.000128582 0.999963 -0.546746 0.292775 -0.205593
FixedParameters: 0 0 0

#Transform 124
Transform: AffineTransform_float_3_3
Parameters: 0.999948 0.00514341 -0.00887306 -0.00514077 0.999987 0.000267021 0.00887412 -0.000221979 0.999961 -0.546278 0.311575 -0.164746
FixedParameters: 0 0 0

#Transform 125
Transform: AffineTransform_float_3_3
Parameters: 0.999946 0.00498063 -0.00910037 -0.0049775 0.999988 0.000410943 0.00910264 -0.000365061 0.999959 -0.561204 0.297546 -0.169479
FixedParameters: 0 0 0

#Transform 126
Transform: AffineTransform_float_3_3
Parameters: 0.999947 0.00465413 -0.00917627 -0.00465377 0.999989 0.000112413 0.00917658 -6.95941e-05 0.999958 -0.525745 0.30137 -0.162209
FixedParameters: 0 0 0

#Transform 127
Transform: AffineTransform_float_3_3
Parameters: 0.999949 0.00510486 -0.00879807 -0.00510747 0.999987 -0.000349483 0.00879586 0.000394519 0.999962 -0.579214 0.280097 -0.212449
FixedParameters: 0 0 0

#Transform 128
Transform: AffineTransform_float_3_3
Parameters: 0.999948 0.00467394 -0.00903917 -0.00468459 0.999988 -0.00117017 0.00903317 0.00121283 0.999959 -0.570195 0.270546 -0.175935
FixedParameters: 0 0 0

#Transform 129
Transform: AffineTransform_float_3_3
Parameters: 0.999951 0.00491286 -0.00860162 -0.0049248 0.999987 -0.0012752 0.00859533 0.00131779 0.999962 -0.594337 0.272984 -0.176746
FixedParameters: 0 0 0

#Transform 130
Transform: AffineTransform_float_3_3
Parameters: 0.999937 0.00482247 -0.0101273 -0.0048439 0.999986 -0.00210934 0.010117 0.00215767 0.999947 -0.619366 0.283868 -0.111979
FixedParameters: 0 0 0

#Transform 131
Transform: AffineTransform_float_3_3
Parameters: 0.999938 0.00480958 -0.0101065 -0.00482003 0.999988 -0.00103161 0.0101015 0.00107939 0.999949 -0.640776 0.29127 -0.138449
FixedParameters: 0 0 0

#Transform 132
Transform: AffineTransform_float_3_3
Parameters: 0.999926 0.00672664 -0.0102038 -0.00674827 0.999975 -0.00206034 0.0101894 0.00212965 0.999946 -0.689282 0.294258 -0.253051
FixedParameters: 0 0 0

#Transform 133
Transform: AffineTransform_float_3_3
Parameters: 0.999931 0.00734089 -0.00909556 -0.00735944 0.999971 -0.00192316 0.0090813 0.00198983 0.999957 -0.700981 0.302383 -0.226874
FixedParameters: 0 0 0

#Transform 134
Transform: AffineTransform_float_3_3
Parameters: 0.999913 0.00995411 -0.00858387 -0.00997745 0.999946 -0.00276113 0.00855551 0.00284686 0.999959 -0.803443 0.320275 -0.248575
FixedParameters: 0 0 0

#Transform 135
Transform: AffineTransform_float_3_3
Parameters: 0.999922 0.00968824 -0.00787634 -0.00971031 0.999949 -0.00268705 0.00784942 0.00276294 0.999966 -0.788745 0.28732 -0.183318
FixedParameters: 0 0 0

#Transform 136
Transform: AffineTransform_float_3_3
Parameters: 0.999945 0.00584811 -0.00868353 -0.00586307 0.999981 -0.00170446 0.00867317 0.00175554 0.999961 -0.652383 0.293212 -0.125751
FixedParameters: 0 0 0

#Transform 137
Transform: AffineTransform_float_3_3
Parameters: 0.999945 0.00547714 -0.00900835 -0.00549048 0.999984 -0.00150916 0.00899958 0.00155884 0.999958 -0.645019 0.303207 -0.172502
FixedParameters: 0 0 0

#Transform 138
Transform: AffineTransform_float_3_3
Parameters: 0.999945 0.00597328 -0.00863836 -0.00598812 0.999981 -0.00163036 0.00862792 0.00168163 0.999961 -0.66231 0.295828 -0.173218
FixedParameters: 0 0 0

#Transform 139
Transform: AffineTransform_float_3_3
Parameters: 0.999942 0.00553048 -0.00924056 -0.00553971 0.999984 -0.00101258 0.00923461 0.00106441 0.999957 -0.640785 0.296324 -0.209807
FixedParameters: 0 0 0

#Transform 140
Transform: AffineTransform_float_3_3
Parameters: 0.99994 0.00416893 -0.0101847 -0.00418213 0.99999 -0.00127032 0.0101792 0.00131367 0.999947 -0.592514 0.285444 -0.241923
FixedParameters: 0 0 0

#Transform 141
Transform: AffineTransform_float_3_3
Parameters: 0.999936 0.00475305 -0.0103383 -0.00476601 0.999988 -0.00119219 0.0103324 0.0012418 0.999946 -0.625084 0.277147 -0.284876
FixedParameters: 0 0 0

#Transform 142
Transform: AffineTransform_float_3_3
Parameters: 0.999936 0.00540388 -0.00993911 -0.0054112 0.999985 -0.000711039 0.00993563 0.000763962 0.999951 -0.687726 0.296572 -0.205161
FixedParameters: 0 0 0

#Transform 143
Transform: AffineTransform_float_3_3
Parameters: 0.99993 0.00431324 -0.0110193 -0.00431991 0.999991 -0.000576391 0.0110167 0.000623607 0.999939 -0.680027 0.290998 0.0703516
FixedParameters: 0 0 0

#Transform 144
Transform: AffineTransform_float_3_3
Parameters: 0.999901 0.00639886 -0.0125434 -0.00637187 0.999977 0.00216999 0.0125569 -0.00209001 0.999919 -0.528819 0.3486 -1.31572
FixedParameters: 0 0 0

#Transform 145
Transform: AffineTransform_float_3_3
Parameters: 0.999847 0.00752307 -0.0157551 -0.00748314 0.999969 0.00265152 0.0157748 -0.00253349 0.999872 -0.678236 0.468122 -1.1533
FixedParameters: 0 0 0

#Transform 146
Transform: AffineTransform_float_3_3
Parameters: 0.999846 0.00655461 -0.0162461 -0.00657144 0.999978 -0.000961026 0.0162401 0.00106797 0.999867 -0.681353 0.42404 -1.45143
FixedParameters: 0 0 0

#Transform 147
Transform: AffineTransform_float_3_3
Parameters: 0.999853 0.00563489 -0.0161521 -0.00569955 0.999975 -0.00398019 0.0161298 0.00407181 0.999862 -0.635917 0.362803 -1.63283
FixedParameters: 0 0 0

#Transform 148
Transform: AffineTransform_float_3_3
Parameters: 0.999858 0.00608973 -0.0157006 -0.00612415 0.999979 -0.00216439 0.0156869 0.00225961 0.999874 -0.625929 0.383471 -1.66937
FixedParameters: 0 0 0

#Transform 149
Transform: AffineTransform_float_3_3
Parameters: 0.999847 0.00597468 -0.0164736 -0.0060137 0.999979 -0.00233397 0.0164586 0.00243302 0.999862 -0.667785 0.345949 -1.72537
FixedParameters: 0 0 0

#Transform 150
Transform: AffineTransform_float_3_3
Parameters: 0.999825 0.00656105 -0.0174814 -0.00664781 0.999966 -0.00490756 0.0174485 0.00502244 0.999835 -0.741277 0.303708 -1.79868
FixedParameters: 0 0 0

#Transform 151
Transform: AffineTransform_float_3_3
Parameters: 0.999828 0.00617524 -0.0174506 -0.00626801 0.999967 -0.00524638 0.0174172 0.00535462 0.999834 -0.764584 0.301219 -1.82796
FixedParameters: 0 0 0

#Transform 152
Transform: AffineTransform_float_3_3
Parameters: 0.999831 0.00595646 -0.0173536 -0.0060583 0.999964 -0.00585809 0.0173182 0.00596192 0.999832 -0.749141 0.281085 -1.93505
FixedParameters: 0 0 0

#Transform 153
Transform: AffineTransform_float_3_3
Parameters: 0.999828 0.0062787 -0.0174182 -0.00638162 0.999963 -0.00582242 0.017381 0.00593257 0.999831 -0.748181 0.290418 -1.92665
FixedParameters: 0 0 0

#Transform 154
Transform: AffineTransform_float_3_3
Parameters: 0.999754 0.00499858 -0.0215797 -0.00508287 0.99998 -0.00385456 0.0215599 0.00396344 0.99976 -0.663425 0.328332 -2.06073
FixedParameters: 0 0 0

#Transform 155
Transform: AffineTransform_float_3_3
Parameters: 0.999842 0.00413991 -0.0172539 -0.00430127 0.999947 -0.00935601 0.0172143 0.00942898 0.999807 -0.747128 0.263326 -1.99409
FixedParameters: 0 0 0

#Transform 156
Transform: AffineTransform_float_3_3
Parameters: 0.99984 0.00537346 -0.0171044 -0.00551936 0.999948 -0.00852005 0.0170574 0.00861295 0.999817 -0.794017 0.247938 -2.01986
FixedParameters: 0 0 0

#Transform 157
Transform: AffineTransform_float_3_3
Parameters: 0.999834 0.00628265 -0.0171155 -0.00637727 0.999964 -0.00546581 0.0170806 0.00557417 0.999838 -0.804939 0.304956 -1.9579
FixedParameters: 0 0 0

#Transform 158
Transform: AffineTransform_float_3_3
Parameters: 0.999821 0.00659932 -0.0177248 -0.00672106 0.999954 -0.00677866 0.0176793 0.00689731 0.999819 -0.871156 0.303914 -1.9734
FixedParameters: 0 0 0

#Transform 159
Transform: AffineTransform_float_3_3
Parameters: 0.999819 0.0065667 -0.0178968 -0.00668424 0.999956 -0.00653682 0.0178526 0.00665518 0.999819 -0.834029 0.304047 -2.07182
FixedParameters: 0 0 0

#Transform 160
Transform: AffineTransform_float_3_3
Parameters: 0.999809 0.00611214 -0.0185355 -0.00622541 0.999962 -0.00604627 0.0184981 0.00616072 0.99981 -0.820409 0.306626 -2.08788
FixedParameters: 0 0 0

#Transform 161
Transform: AffineTransform_float_3_3
Parameters: 0.999793 0.00449375 -0.0198508 -0.00469406 0.999939 -0.0100502 0.0198046 0.0101408 0.999752 -0.741243 0.198946 -2.23913
FixedParameters: 0 0 0

#Transform 162
Transform: AffineTransform_float_3_3
Parameters: 0.999826 0.00445009 -0.018106 -0.00462529 0.999943 -0.00964417 0.0180622 0.00972683 0.99979 -0.763174 0.202631 -2.24939
FixedParameters: 0 0 0

#Transform 163
Transform: AffineTransform_float_3_3
Parameters: 0.999834 0.00538925 -0.0173688 -0.00551894 0.999958 -0.00744014 0.0173275 0.00753487 0.999822 -0.785191 0.263742 -2.13027
FixedParameters: 0 0 0

#Transform 164
Transform: AffineTransform_float_3_3
Parameters: 0.999837 0.00640863 -0.0168819 -0.00646718 0.999974 -0.00344534 0.0168594 0.00355367 0.999852 -0.786338 0.340959 -1.99159
FixedParameters: 0 0 0

#Transform 165
Transform: AffineTransform_float_3_3
Parameters: 0.999817 0.00558794 -0.0183007 -0.0057508 0.999944 -0.0088886 0.0182503 0.00899241 0.999793 -0.896469 0.235372 -2.0668
FixedParameters: 0 0 0

#Transform 166
Transform: AffineTransform_float_3_3
Parameters: 0.999794 0.00291954 -0.0200957 -0.00306653 0.999969 -0.00727413 0.0200746 0.00733487 0.999772 -0.870636 0.238283 -2.05937
FixedParameters: 0 0 0

#Transform 167
Transform: AffineTransform_float_3_3
Parameters: 0.999788 0.00456417 -0.0200838 -0.00468033 0.999973 -0.00572964 0.0200573 0.00582236 0.999782 -0.892382 0.280815 -1.99853
FixedParameters: 0 0 0

#Transform 168
Transform: AffineTransform_float_3_3
Parameters: 0.99977 0.00598149 -0.02063 -0.00616571 0.999942 -0.00887001 0.020576 0.00899499 0.999748 -0.948477 0.253273 -2.11221
FixedParameters: 0 0 0

#Transform 169
Transform: AffineTransform_float_3_3
Parameters: 0.999782 0.00445478 -0.0203942 -0.00466888 0.999935 -0.0104244 0.0203464 0.0105176 0.999738 -0.861442 0.242054 -2.16837
FixedParameters: 0 0 0

#Transform 170
Transform: AffineTransform_float_3_3
Parameters: 0.999791 0.00560545 -0.0196987 -0.00581094 0.999929 -0.0104149 0.0196382 0.010528 0.999752 -0.87542 0.219214 -2.15242
FixedParameters: 0 0 0

#Transform 171
Transform: AffineTransform_float_3_3
Parameters: 0.999782 0.00508416 -0.0202587 -0.00528374 0.999939 -0.00978353 0.0202072 0.00988845 0.999747 -0.859424 0.239239 -2.15357
FixedParameters: 0 0 0

#Transform 172
Transform: AffineTransform_float_3_3
Parameters: 0.999781 0.00573598 -0.0201238 -0.00593171 0.999935 -0.0096831 0.0200671 0.0097999 0.999751 -0.892715 0.25453 -2.13081
FixedParameters: 0 0 0

#Transform 173
Transform: AffineTransform_float_3_3
Parameters: 0.999717 0.00716053 -0.0226936 -0.00755528 0.99982 -0.0173782 0.0225652 0.0175448 0.999592 -1.10937 0.189333 -1.68439
FixedParameters: 0 0 0

#Transform 174
Transform: AffineTransform_float_3_3
Parameters: 0.999735 0.0081189 -0.0215181 -0.00836625 0.9999 -0.0114385 0.0214228 0.0116155 0.999703 -1.12479 0.308793 -1.54329
FixedParameters: 0 0 0

#Transform 175
Transform: AffineTransform_float_3_3
Parameters: 0.999754 0.00886024 -0.020328 -0.008901 0.999959 -0.0019 0.0203104 0.00207999 0.999792 -1.05963 0.470804 -1.67596
FixedParameters: 0 0 0

#Transform 176
Transform: AffineTransform_float_3_3
Parameters: 0.999752 0.00911984 -0.0202841 -0.00914832 0.999957 -0.00133004 0.0202707 0.00151596 0.999793 -1.06158 0.48603 -1.62259
FixedParameters: 0 0 0

#Transform 177
Transform: AffineTransform_float_3_3
Parameters: 0.999745 0.00838069 -0.0209588 -0.00844644 0.99996 -0.00305546 0.0209333 0.00323155 0.999776 -1.04551 0.443978 -1.69605
FixedParameters: 0 0 0

#Transform 178
Transform: AffineTransform_float_3_3
Parameters: 0.99974 0.00877445 -0.0210558 -0.00889742 0.999944 -0.00574798 0.0210037 0.00593402 0.999762 -1.07641 0.393545 -1.81224
FixedParameters: 0 0 0

#Transform 179
Transform: AffineTransform_float_3_3
Parameters: 0.99973 0.00903469 -0.0213799 -0.00912254 0.99995 -0.00404222 0.021343 0.0042368 0.999764 -1.11981 0.433884 -1.69326
FixedParameters: 0 0 0
