#Insight Transform File V1.0
#Transform 0
Transform: AffineTransform_float_3_3
Parameters: 1 -0.000252983 0.000492213 0.000252208 0.999999 0.000787124 -0.00049261 -0.000786875 0.999999 0.0659151 -0.136122 -0.305084
FixedParameters: 0 0 0

#Transform 1
Transform: AffineTransform_float_3_3
Parameters: 1 0.000542613 7.03938e-05 -0.000542569 1 -0.000316038 -7.07368e-05 0.000315962 1 -0.00858772 0.0359839 -0.00153596
FixedParameters: 0 0 0

#Transform 2
Transform: AffineTransform_float_3_3
Parameters: 1 0.000622272 -0.000319191 -0.000621576 0.999999 -0.000419802 0.000318402 0.000420198 1 0.0040961 0.0827165 -0.0143966
FixedParameters: 0 0 0

#Transform 3
Transform: AffineTransform_float_3_3
Parameters: 1 0.000450903 0.000267094 -0.000450724 1 -0.000335192 -0.000267396 0.000335808 1 -0.0188136 0.0845652 -0.00665689
FixedParameters: 0 0 0

#Transform 4
Transform: AffineTransform_float_3_3
Parameters: 1 0.000522293 0.000109133 -0.000523138 0.999999 -0.000546057 -0.000109437 0.000545943 1 -0.00363551 0.0731294 -0.00508154
FixedParameters: 0 0 0

#Transform 5
Transform: AffineTransform_float_3_3
Parameters: 1 0.000487532 -9.81007e-05 -0.000487629 1 -0.000494952 9.7618e-05 0.000495048 1 -0.0047684 0.0799892 0.00397211
FixedParameters: 0 0 0

#Transform 6
Transform: AffineTransform_float_3_3
Parameters: 1 0.000613532 -0.000316915 -0.000613934 0.999999 -0.000635805 0.000316134 0.000636194 0.999999 -0.0200993 0.0989972 -0.00763428
FixedParameters: 0 0 0

#Transform 7
Transform: AffineTransform_float_3_3
Parameters: 1 0.000439954 0.00033111 -0.000440207 1 -0.00107215 -0.000331787 0.00107186 1 -0.0174126 0.122036 0.022603
FixedParameters: 0 0 0

#Transform 8
Transform: AffineTransform_float_3_3
Parameters: 1 0.000164985 0.000301809 -0.00016439 0.999999 -0.000984792 -0.000302134 0.000985208 1 0.000505002 0.118072 -0.00206127
FixedParameters: 0 0 0

#Transform 9
Transform: AffineTransform_float_3_3
Parameters: 1 0.000263155 2.43774e-05 -0.000263118 0.999999 -0.000745006 -2.47695e-05 0.000744993 0.999999 0.00856805 0.0913874 -0.00611914
FixedParameters: 0 0 0

#Transform 10
Transform: AffineTransform_float_3_3
Parameters: 1 9.98888e-05 0.000358338 -9.89353e-05 0.999999 -0.00133004 -0.000358603 0.00132996 0.999999 -0.00797365 0.122639 0.0145677
FixedParameters: 0 0 0

#Transform 11
Transform: AffineTransform_float_3_3
Parameters: 1 0.000226837 0.000288699 -0.000227057 0.999999 -0.00128707 -0.000289015 0.00128693 0.999999 -0.0135588 0.0901331 0.0214704
FixedParameters: 0 0 0

#Transform 12
Transform: AffineTransform_float_3_3
Parameters: 1 0.000299287 0.000143008 -0.000299741 0.999999 -0.000850114 -0.000142286 0.000850885 0.999999 -0.00339678 0.0810369 0.00482524
FixedParameters: 0 0 0

#Transform 13
Transform: AffineTransform_float_3_3
Parameters: 1 0.000284944 -0.000225639 -0.000285327 0.999999 -0.000849935 0.000225154 0.000850064 0.999999 -0.0123928 0.100331 -0.00922025
FixedParameters: 0 0 0

#Transform 14
Transform: AffineTransform_float_3_3
Parameters: 1 0.000339735 -0.000241091 -0.000340123 0.999999 -0.00135892 0.000241131 0.00135908 0.999999 -0.0277266 0.117579 -0.0266641
FixedParameters: 0 0 0

#Transform 15
Transform: AffineTransform_float_3_3
Parameters: 1 -3.78558e-05 -0.000135823 3.75061e-05 0.999999 -0.00128701 0.00013592 0.001287 0.999999 -0.0255473 0.111088 -0.0429525
FixedParameters: 0 0 0

#Transform 16
Transform: AffineTransform_float_3_3
Parameters: 1 -3.78122e-05 -0.000135835 3.75494e-05 0.999999 -0.000967004 0.000135908 0.000966994 0.999999 -0.0247741 0.115844 -0.0528377
FixedParameters: 0 0 0

#Transform 17
Transform: AffineTransform_float_3_3
Parameters: 1 -3.78247e-05 -0.000135832 3.75371e-05 1 -0.00105801 0.000135912 0.001058 1 -0.026072 0.107535 -0.0585828
FixedParameters: 0 0 0

#Transform 18
Transform: AffineTransform_float_3_3
Parameters: 1 -0.000350012 0.000498326 0.00035142 0.999999 -0.00141382 -0.000497334 0.00141417 0.999999 -0.0322754 0.110022 -0.0715278
FixedParameters: 0 0 0

#Transform 19
Transform: AffineTransform_float_3_3
Parameters: 1 0.000225242 0.000300436 -0.000224894 0.999997 -0.00218107 -0.00030115 0.00218093 0.999997 -0.0259985 0.121904 -0.0964876
FixedParameters: 0 0 0

#Transform 20
Transform: AffineTransform_float_3_3
Parameters: 1 0.000505994 -1.34028e-05 -0.000505764 0.999999 -0.00141399 1.29358e-05 0.00141401 0.999999 -0.0414462 0.131987 -0.103115
FixedParameters: 0 0 0

#Transform 21
Transform: AffineTransform_float_3_3
Parameters: 1 0.000188889 -0.000567356 -0.000189449 0.999999 -0.000727892 0.000568044 0.000728107 0.999999 -0.0434059 0.121679 -0.177665
FixedParameters: 0 0 0

#Transform 22
Transform: AffineTransform_float_3_3
Parameters: 1 8.08591e-05 -0.000480408 -8.14146e-05 0.999998 -0.00158196 0.000479884 0.00158204 0.999998 -0.0490285 0.12872 -0.182652
FixedParameters: 0 0 0

#Transform 23
Transform: AffineTransform_float_3_3
Parameters: 1 0.000223257 -0.000208514 -0.000223669 1 -0.00099014 0.000208072 0.00098886 0.999999 -0.0540734 0.115164 -0.251343
FixedParameters: 0 0 0

#Transform 24
Transform: AffineTransform_float_3_3
Parameters: 1 0.000318936 -0.000129478 -0.000318377 0.999998 -0.00156996 0.00012821 0.00157004 0.999999 -0.0465454 0.117927 -0.271485
FixedParameters: 0 0 0

#Transform 25
Transform: AffineTransform_float_3_3
Parameters: 1 0.00102101 0.000351598 -0.00102039 0.999999 -0.00150169 -0.000352469 0.00150131 0.999998 -0.0657634 0.144024 -0.146183
FixedParameters: 0 0 0

#Transform 26
Transform: AffineTransform_float_3_3
Parameters: 1 0.000609149 -0.000205563 -0.000609446 0.999998 -0.00202387 0.000205024 0.00202412 0.999998 -0.034805 0.125809 -0.195563
FixedParameters: 0 0 0

#Transform 27
Transform: AffineTransform_float_3_3
Parameters: 0.999999 0.000702447 0.00012923 -0.000701877 0.999999 -0.00116709 -0.000129905 0.00116691 1 -0.0770286 0.127691 -0.157225
FixedParameters: 0 0 0

#Transform 28
Transform: AffineTransform_float_3_3
Parameters: 0.999999 0.000702449 0.000129219 -0.000702839 0.999999 -0.00118209 -0.00012965 0.00118191 1 -0.0755301 0.115955 -0.235906
FixedParameters: 0 0 0

#Transform 29
Transform: AffineTransform_float_3_3
Parameters: 0.999999 0.00070247 0.000129105 -0.000702818 0.999999 -0.00134516 -0.000129765 0.00134584 0.999999 -0.0634002 0.123033 -0.267505
FixedParameters: 0 0 0

#Transform 30
Transform: AffineTransform_float_3_3
Parameters: 1 0.000577955 0.000397381 -0.000577556 0.999999 -0.00137723 -0.000397741 0.00137677 0.999999 -0.0587874 0.151297 -0.23445
FixedParameters: 0 0 0

#Transform 31
Transform: AffineTransform_float_3_3
Parameters: 1 0.000372412 0.000479639 -0.000370967 1 -0.00122725 -0.000479588 0.00122775 0.999999 -0.0574952 0.138818 -0.173865
FixedParameters: 0 0 0

#Transform 32
Transform: AffineTransform_float_3_3
Parameters: 1 0.000347251 2.06568e-05 -0.000347213 0.999999 -0.000899007 -2.12811e-05 0.000898992 0.999999 -0.0351209 0.138966 -0.194787
FixedParameters: 0 0 0

#Transform 33
Transform: AffineTransform_float_3_3
Parameters: 0.999999 0.000691905 0.000484738 -0.000690814 0.999998 -0.00184134 -0.000486053 0.00184067 0.999998 -0.00474077 0.116991 -0.597123
FixedParameters: 0 0 0

#Transform 34
Transform: AffineTransform_float_3_3
Parameters: 1 0.000307843 -0.000195625 -0.000308115 0.999999 -0.000695939 0.000195196 0.00069606 0.999999 -0.039874 0.109195 -0.168093
FixedParameters: 0 0 0

#Transform 35
Transform: AffineTransform_float_3_3
Parameters: 1 0.000431995 -0.000230435 -0.000432314 0.999999 -0.0012729 0.000230298 0.0012731 0.999999 -0.0391298 0.135272 -0.317639
FixedParameters: 0 0 0

#Transform 36
Transform: AffineTransform_float_3_3
Parameters: 1 -0.000187237 0.000177672 0.000186544 0.999999 -0.000761966 -0.00017712 0.000762033 0.999999 -0.0611383 0.127972 -0.298507
FixedParameters: 0 0 0

#Transform 37
Transform: AffineTransform_float_3_3
Parameters: 1 -0.000173761 0.000464621 0.000174675 1 -0.00098392 -0.000464278 0.000984082 1 -0.0277743 0.12065 -0.38907
FixedParameters: 0 0 0

#Transform 38
Transform: AffineTransform_float_3_3
Parameters: 1 0.000555085 0.000309814 -0.000554249 0.999997 -0.00246617 -0.000311319 0.00246583 0.999997 -0.0484955 0.124974 -0.49595
FixedParameters: 0 0 0

#Transform 39
Transform: AffineTransform_float_3_3
Parameters: 1 0.000609511 0.000834604 -0.000607455 0.999997 -0.00238351 -0.00083697 0.00238249 0.999997 -0.0733603 0.125057 -0.45472
FixedParameters: 0 0 0

#Transform 40
Transform: AffineTransform_float_3_3
Parameters: 0.999999 0.000469084 0.000740988 -0.00046747 0.999997 -0.00238642 -0.000742689 0.00238658 0.999996 -0.0479138 0.139837 -0.439516
FixedParameters: 0 0 0

#Transform 41
Transform: AffineTransform_float_3_3
Parameters: 0.999999 0.000160907 0.000765944 -0.000159456 0.999999 -0.00174912 -0.000767201 0.00174888 0.999998 -0.0313717 0.124088 -0.43806
FixedParameters: 0 0 0

#Transform 42
Transform: AffineTransform_float_3_3
Parameters: 1 0.000298972 0.000277647 -0.000298228 0.999996 -0.00259408 -0.000277965 0.00259392 0.999996 -0.0198978 0.146781 -0.495596
FixedParameters: 0 0 0

#Transform 43
Transform: AffineTransform_float_3_3
Parameters: 1 -0.000241106 0.000304053 0.00024123 0.999999 -0.00179193 -0.000302922 0.00179207 0.999999 -0.0366907 0.117735 -0.404965
FixedParameters: 0 0 0

#Transform 44
Transform: AffineTransform_float_3_3
Parameters: 1 3.98171e-05 -0.000121209 -4.03624e-05 0.999998 -0.002251 0.000121028 0.00225101 0.999998 -0.0407099 0.137366 -0.445119
FixedParameters: 0 0 0

#Transform 45
Transform: AffineTransform_float_3_3
Parameters: 1 0.000242084 -0.000177742 -0.000242554 0.999998 -0.00207596 0.000177699 0.00207604 0.999998 -0.0510246 0.13077 -0.411256
FixedParameters: 0 0 0

#Transform 46
Transform: AffineTransform_float_3_3
Parameters: 1 7.16059e-05 -0.000130094 -7.2173e-05 0.999997 -0.00218199 0.00012978 0.00218201 0.999997 -0.0498427 0.144026 -0.363904
FixedParameters: 0 0 0

#Transform 47
Transform: AffineTransform_float_3_3
Parameters: 1 0.000242083 -0.000177743 -0.000242556 0.999998 -0.00208296 0.000177697 0.00208304 0.999998 -0.0358506 0.115991 -0.364095
FixedParameters: 0 0 0

#Transform 48
Transform: AffineTransform_float_3_3
Parameters: 0.999999 0.000215918 -0.000759523 -0.000218141 0.999995 -0.00290983 0.000758689 0.00291016 0.999995 -0.00656731 0.133978 -0.544568
FixedParameters: 0 0 0

#Transform 49
Transform: AffineTransform_float_3_3
Parameters: 1 3.46904e-05 -0.000113545 -3.52051e-05 0.999998 -0.002268 0.000113387 0.00226801 0.999998 -0.0540568 0.13684 -0.448407
FixedParameters: 0 0 0

#Transform 50
Transform: AffineTransform_float_3_3
Parameters: 1 -8.29627e-05 -0.000288308 8.22004e-05 0.999995 -0.00299177 0.000288535 0.00299223 0.999996 -0.0351764 0.139857 -0.502183
FixedParameters: 0 0 0

#Transform 51
Transform: AffineTransform_float_3_3
Parameters: 1 -0.000251222 -0.000352344 0.000250582 0.999998 -0.00227209 0.000353217 0.00227191 0.999998 -0.0277425 0.124873 -0.480029
FixedParameters: 0 0 0

#Transform 52
Transform: AffineTransform_float_3_3
Parameters: 1 -0.000235489 0.000149112 0.000235103 0.999996 -0.00283896 -0.000148473 0.00283903 0.999996 -0.0481831 0.132538 -0.463155
FixedParameters: 0 0 0

#Transform 53
Transform: AffineTransform_float_3_3
Parameters: 1 -0.000126186 9.45265e-05 0.000126657 0.999997 -0.00249799 -9.38949e-05 0.00249801 0.999997 -0.0459459 0.116095 -0.528169
FixedParameters: 0 0 0

#Transform 54
Transform: AffineTransform_float_3_3
Parameters: 0.999999 -0.00065369 0.000688538 0.000655241 0.999997 -0.00221648 -0.000687297 0.00221652 0.999998 -0.0498022 0.131784 -0.426689
FixedParameters: 0 0 0

#Transform 55
Transform: AffineTransform_float_3_3
Parameters: 1 -0.000360212 -0.000295738 0.000359236 0.999996 -0.00282411 0.000296539 0.00282389 0.999996 -0.0276386 0.119603 -0.493687
FixedParameters: 0 0 0

#Transform 56
Transform: AffineTransform_float_3_3
Parameters: 1 -0.000613675 -9.58809e-05 0.00061259 0.999996 -0.00284606 9.74436e-05 0.00284594 0.999996 -0.0324343 0.133833 -0.463663
FixedParameters: 0 0 0

#Transform 57
Transform: AffineTransform_float_3_3
Parameters: 0.999999 -0.000691614 -0.000375765 0.000690878 0.999998 -0.00190226 0.000377164 0.00190174 0.999998 -0.0380987 0.126588 -0.367857
FixedParameters: 0 0 0

#Transform 58
Transform: AffineTransform_float_3_3
Parameters: 1 -0.000293621 -0.000228099 0.000293075 0.999994 -0.00329606 0.000229766 0.00329593 0.999994 -0.0203889 0.132028 -0.426235
FixedParameters: 0 0 0

#Transform 59
Transform: AffineTransform_float_3_3
Parameters: 1 -0.000590183 -1.22857e-05 0.000589583 0.999996 -0.00255101 1.3368e-05 0.00255099 0.999996 -0.0353845 0.140988 -0.427908
FixedParameters: 0 0 0

#Transform 60
Transform: AffineTransform_float_3_3
Parameters: 1 -0.000456017 0.000274043 0.000457041 0.999997 -0.00236088 -0.00027285 0.00236113 0.999997 -0.0528635 0.12521 -0.406132
FixedParameters: 0 0 0

#Transform 61
Transform: AffineTransform_float_3_3
Parameters: 1 -0.000542943 0.000156381 0.000543554 0.999996 -0.00282891 -0.000154271 0.00282908 0.999996 -0.0415958 0.1353 -0.454377
FixedParameters: 0 0 0

#Transform 62
Transform: AffineTransform_float_3_3
Parameters: 0.999999 -0.00066198 -0.000268287 0.000660921 0.999996 -0.00276525 0.000269751 0.00276575 0.999996 -0.0359853 0.126917 -0.483579
FixedParameters: 0 0 0

#Transform 63
Transform: AffineTransform_float_3_3
Parameters: 1 -0.000574555 4.33728e-05 0.000574477 0.999998 -0.00221623 -4.17902e-05 0.00221577 0.999997 -0.037993 0.129029 -0.464069
FixedParameters: 0 0 0

#Transform 64
Transform: AffineTransform_float_3_3
Parameters: 1 -0.000328841 0.000360311 0.00032992 0.999995 -0.00321188 -0.000358892 0.00321212 0.999995 -0.0351925 0.122186 -0.512276
FixedParameters: 0 0 0

#Transform 65
Transform: AffineTransform_float_3_3
Parameters: 0.999999 -0.00067631 -0.000319265 0.000675181 0.999995 -0.00284722 0.000321882 0.00284678 0.999996 -0.043824 0.124282 -0.494893
FixedParameters: 0 0 0

#Transform 66
Transform: AffineTransform_float_3_3
Parameters: 1 -0.000620906 -0.000122174 0.00061979 0.999997 -0.00237008 0.000123187 0.00236992 0.999997 -0.0363091 0.129024 -0.467396
FixedParameters: 0 0 0

#Transform 67
Transform: AffineTransform_float_3_3
Parameters: 0.999999 -0.000824571 -8.85915e-05 0.000824469 0.999996 -0.00295133 9.12634e-05 0.00295067 0.999995 -0.0268095 0.151914 -0.450864
FixedParameters: 0 0 0

#Transform 68
Transform: AffineTransform_float_3_3
Parameters: 0.999999 -0.000676288 -0.000319313 0.000675204 0.999996 -0.00277622 0.000321834 0.00277578 0.999996 -0.00545419 0.131092 -0.465187
FixedParameters: 0 0 0

#Transform 69
Transform: AffineTransform_float_3_3
Parameters: 1 -0.00060852 -7.77775e-05 0.000607854 0.999996 -0.00253205 7.98937e-05 0.00253195 0.999997 -0.0276681 0.142646 -0.370914
FixedParameters: 0 0 0

#Transform 70
Transform: AffineTransform_float_3_3
Parameters: 0.999999 -0.000676446 -0.000318979 0.000674781 0.999995 -0.00327047 0.000321203 0.00326953 0.999994 0.00444863 0.150384 -0.455391
FixedParameters: 0 0 0

#Transform 71
Transform: AffineTransform_float_3_3
Parameters: 0.999999 -0.00077605 -0.000226995 0.000775237 0.999996 -0.00272418 0.000229026 0.00272382 0.999997 -0.0171741 0.129513 -0.387591
FixedParameters: 0 0 0

#Transform 72
Transform: AffineTransform_float_3_3
Parameters: 0.999999 -0.00107251 -0.000120686 0.00107191 0.999994 -0.00308613 0.000124146 0.00308587 0.999995 -0.0294414 0.13819 -0.391547
FixedParameters: 0 0 0

#Transform 73
Transform: AffineTransform_float_3_3
Parameters: 1 -0.00119247 -2.29696e-05 0.00119249 0.999996 -0.00279536 2.64787e-05 0.00279564 0.999996 -0.0183025 0.128648 -0.369408
FixedParameters: 0 0 0

#Transform 74
Transform: AffineTransform_float_3_3
Parameters: 1 -0.00101003 0.000312948 0.00101079 0.999997 -0.00250594 -0.000310775 0.00250606 0.999997 -0.0400042 0.143907 -0.361567
FixedParameters: 0 0 0

#Transform 75
Transform: AffineTransform_float_3_3
Parameters: 0.999999 -0.00128141 0.000149283 0.00128232 0.999994 -0.00346314 -0.000144525 0.00346386 0.999994 -0.0139935 0.131404 -0.492707
FixedParameters: 0 0 0

#Transform 76
Transform: AffineTransform_float_3_3
Parameters: 0.999999 -0.0013805 0.000317706 0.00138132 0.999994 -0.00298882 -0.000313306 0.00298917 0.999995 -0.0317376 0.137039 -0.431561
FixedParameters: 0 0 0

#Transform 77
Transform: AffineTransform_float_3_3
Parameters: 0.999999 -0.000991479 8.27135e-05 0.000991399 0.999995 -0.00280792 -7.90728e-05 0.00280808 0.999996 -0.0129981 0.139724 -0.387247
FixedParameters: 0 0 0

#Transform 78
Transform: AffineTransform_float_3_3
Parameters: 1 -0.000912377 -0.000430275 0.000910615 0.999994 -0.00334547 0.000432948 0.00334554 0.999994 0.00799598 0.142879 -0.500558
FixedParameters: 0 0 0

#Transform 79
Transform: AffineTransform_float_3_3
Parameters: 0.999999 -0.00133405 -0.000133843 0.00133392 0.999992 -0.00361618 0.000139101 0.00361582 0.999994 -0.0187476 0.139569 -0.422129
FixedParameters: 0 0 0

#Transform 80
Transform: AffineTransform_float_3_3
Parameters: 0.999999 -0.00144184 -0.000103953 0.00144102 0.999993 -0.00331715 0.000109394 0.00331685 0.999995 -0.00608716 0.129113 -0.414925
FixedParameters: 0 0 0

#Transform 81
Transform: AffineTransform_float_3_3
Parameters: 0.999999 -0.00149476 -8.95589e-05 0.0014941 0.999994 -0.00299621 9.43932e-05 0.00299679 0.999996 -0.0216014 0.126048 -0.402224
FixedParameters: 0 0 0

#Transform 82
Transform: AffineTransform_float_3_3
Parameters: 0.999999 -0.00138528 5.65317e-05 0.00138526 0.999994 -0.00316818 -5.284e-05 0.00316782 0.999995 -0.0104782 0.13486 -0.400532
FixedParameters: 0 0 0

#Transform 83
Transform: AffineTransform_float_3_3
Parameters: 0.999999 -0.00131672 -0.000138722 0.0013156 0.999992 -0.00361126 0.000144107 0.00361174 0.999994 0.00504535 0.140073 -0.437977
FixedParameters: 0 0 0

#Transform 84
Transform: AffineTransform_float_3_3
Parameters: 0.999999 -0.00138607 -0.000118788 0.00138571 0.999992 -0.0039305 0.00012433 0.0039305 0.999992 -0.00221968 0.131066 -0.431749
FixedParameters: 0 0 0

#Transform 85
Transform: AffineTransform_float_3_3
Parameters: 0.999999 -0.00149479 -8.90986e-05 0.00149504 0.999993 -0.00330414 9.4588e-05 0.00330386 0.999995 0.000182072 0.141316 -0.425855
FixedParameters: 0 0 0

#Transform 86
Transform: AffineTransform_float_3_3
Parameters: 0.999999 -0.00149483 -8.84029e-05 0.00149473 0.999992 -0.00376946 9.43195e-05 0.00376953 0.999993 0.00105728 0.156391 -0.327735
FixedParameters: 0 0 0

#Transform 87
Transform: AffineTransform_float_3_3
Parameters: 0.999999 -0.00142387 -0.000161858 0.00142335 0.999994 -0.00340056 0.000166188 0.00340044 0.999994 0.0106231 0.143484 -0.410222
FixedParameters: 0 0 0

#Transform 88
Transform: AffineTransform_float_3_3
Parameters: 0.999998 -0.00161851 0.000232115 0.00161959 0.999993 -0.00317396 -0.000226921 0.00317504 0.999995 -0.0163835 0.150453 -0.304731
FixedParameters: 0 0 0

#Transform 89
Transform: AffineTransform_float_3_3
Parameters: 0.999999 -0.00125594 -0.000841523 0.00125198 0.999984 -0.00554713 0.000848744 0.00554587 0.999984 -0.00427215 0.117779 -0.146422
FixedParameters: 0 0 0

#Transform 90
Transform: AffineTransform_float_3_3
Parameters: 0.999999 -0.00125872 -0.00092661 0.00125282 0.999981 -0.00593924 0.000933873 0.00593776 0.999982 -0.0273787 0.131814 -0.0684003
FixedParameters: 0 0 0

#Transform 91
Transform: AffineTransform_float_3_3
Parameters: 0.999999 -0.000997579 -0.00121901 0.000990742 0.999982 -0.00591003 0.0012245 0.00590898 0.999982 0.00628889 0.133534 -0.350906
FixedParameters: 0 0 0

#Transform 92
Transform: AffineTransform_float_3_3
Parameters: 0.999998 -0.000994671 -0.00132656 0.000986324 0.999979 -0.00645913 0.00133379 0.00645787 0.999978 -0.0459392 0.155521 -0.145074
FixedParameters: 0 0 0

#Transform 93
Transform: AffineTransform_float_3_3
Parameters: 0.999998 -0.00102645 -0.00131846 0.00101911 0.999987 -0.00503017 0.00132399 0.00502884 0.999987 -0.017336 0.141697 -0.166668
FixedParameters: 0 0 0

#Transform 94
Transform: AffineTransform_float_3_3
Parameters: 0.999998 -0.00146684 -0.00125529 0.00146061 0.999986 -0.00500273 0.00126298 0.00500127 0.999987 -0.0196135 0.152155 -0.151331
FixedParameters: 0 0 0

#Transform 95
Transform: AffineTransform_float_3_3
Parameters: 0.999997 -0.0013745 -0.00166804 0.00136632 0.999986 -0.00493091 0.00167406 0.00492908 0.999986 -0.0133113 0.135984 -0.253768
FixedParameters: 0 0 0

#Transform 96
Transform: AffineTransform_float_3_3
Parameters: 0.999999 -0.00151717 -0.00101596 0.00151305 0.999988 -0.00467362 0.00102343 0.00467139 0.999989 -0.0132548 0.147818 -0.170127
FixedParameters: 0 0 0

#Transform 97
Transform: AffineTransform_float_3_3
Parameters: 0.999998 -0.00167724 -0.000961584 0.00167264 0.999988 -0.00454769 0.000969429 0.00454531 0.999989 -0.0275569 0.141889 -0.206594
FixedParameters: 0 0 0

#Transform 98
Transform: AffineTransform_float_3_3
Parameters: 0.999997 -0.00162685 -0.00158503 0.00161951 0.999986 -0.00514147 0.001593 0.00513854 0.999985 -0.00601344 0.123167 -0.309384
FixedParameters: 0 0 0

#Transform 99
Transform: AffineTransform_float_3_3
Parameters: 0.999998 -0.00173338 -0.00145696 0.00172581 0.999984 -0.00533748 0.00146696 0.00533551 0.999985 -0.0143693 0.149196 -0.305089
FixedParameters: 0 0 0

#Transform 100
Transform: AffineTransform_float_3_3
Parameters: 0.999996 -0.00210434 -0.00159715 0.00209664 0.999987 -0.00474758 0.0016067 0.00474342 0.999987 -0.0189373 0.126557 -0.314155
FixedParameters: 0 0 0

#Transform 101
Transform: AffineTransform_float_3_3
Parameters: 0.999996 -0.00208794 -0.00153689 0.00208087 0.999985 -0.00503517 0.00154722 0.00503183 0.999986 -0.0181741 0.152987 -0.34239
FixedParameters: 0 0 0

#Transform 102
Transform: AffineTransform_float_3_3
Parameters: 0.999996 -0.00207918 -0.00190613 0.00206946 0.999985 -0.00507966 0.00191725 0.00507534 0.999986 -0.0182915 0.133056 -0.343446
FixedParameters: 0 0 0

#Transform 103
Transform: AffineTransform_float_3_3
Parameters: 0.999998 -0.00199261 -0.00120166 0.00198678 0.999986 -0.00472828 0.00121063 0.00472571 0.999989 -0.0347322 0.158843 -0.265247
FixedParameters: 0 0 0

#Transform 104
Transform: AffineTransform_float_3_3
Parameters: 0.999997 -0.00205088 -0.00140745 0.00204385 0.999987 -0.0048041 0.001417 0.00480089 0.999987 -0.00465829 0.141859 -0.359675
FixedParameters: 0 0 0

#Transform 105
Transform: AffineTransform_float_3_3
Parameters: 0.999997 -0.00217406 -0.00123362 0.00216801 0.999986 -0.00469064 0.00124413 0.00468835 0.999989 -0.027897 0.15683 -0.301563
FixedParameters: 0 0 0

#Transform 106
Transform: AffineTransform_float_3_3
Parameters: 0.999996 -0.00213039 -0.00144341 0.00212339 0.999986 -0.00467404 0.00145317 0.00467096 0.999988 -0.0126421 0.143062 -0.337474
FixedParameters: 0 0 0

#Transform 107
Transform: AffineTransform_float_3_3
Parameters: 0.999996 -0.00235256 -0.00116204 0.00234666 0.999982 -0.00539596 0.00117412 0.00539304 0.999985 0.00490804 0.157027 -0.360867
FixedParameters: 0 0 0

#Transform 108
Transform: AffineTransform_float_3_3
Parameters: 0.999998 -0.00206255 -0.000872198 0.00205753 0.999984 -0.00533228 0.000883621 0.00533072 0.999985 -0.00228727 0.145222 -0.0774452
FixedParameters: 0 0 0

#Transform 109
Transform: AffineTransform_float_3_3
Parameters: 0.999996 -0.0019632 -0.00164228 0.00195575 0.999987 -0.00470318 0.00165225 0.00469981 0.999987 0.0130031 0.160148 -0.145943
FixedParameters: 0 0 0

#Transform 110
Transform: AffineTransform_float_3_3
Parameters: 0.999997 -0.0021852 -0.00127445 0.00218097 0.99999 -0.003938 0.00128275 0.00393499 0.999991 0.0116705 0.137957 -0.0992729
FixedParameters: 0 0 0

#Transform 111
Transform: AffineTransform_float_3_3
Parameters: 0.999996 -0.00219183 -0.00142625 0.0021853 0.999987 -0.00456642 0.00143612 0.00456358 0.999988 0.0027548 0.144095 -0.1626
FixedParameters: 0 0 0

#Transform 112
Transform: AffineTransform_float_3_3
Parameters: 0.999996 -0.00216264 -0.00143487 0.00215693 0.999988 -0.00434732 0.00144449 0.00434367 0.999989 0.000948254 0.140041 -0.16612
FixedParameters: 0 0 0

#Transform 113
Transform: AffineTransform_float_3_3
Parameters: 0.999993 -0.0024103 -0.00277587 0.00239638 0.999984 -0.00506501 0.00278795 0.00505798 0.999983 0.0255715 0.142784 -0.466627
FixedParameters: 0 0 0

#Transform 114
Transform: AffineTransform_float_3_3
Parameters: 0.999995 -0.00273462 -0.00168423 0.00272667 0.999985 -0.00469671 0.00169729 0.00469228 0.999988 0.0146473 0.149797 -0.414222
FixedParameters: 0 0 0

#Transform 115
Transform: AffineTransform_float_3_3
Parameters: 0.999995 -0.00256435 -0.00184231 0.00255589 0.999985 -0.00476683 0.00185483 0.00476216 0.999987 0.0188212 0.144428 -0.399715
FixedParameters: 0 0 0

#Transform 116
Transform: AffineTransform_float_3_3
Parameters: 0.999995 -0.0025883 -0.0019342 0.00257859 0.999985 -0.00479685 0.00194613 0.00479214 0.999987 0.0264556 0.1462 -0.557685
FixedParameters: 0 0 0

#Transform 117
Transform: AffineTransform_float_3_3
Parameters: 0.999996 -0.002755 -0.00124247 0.00274945 0.999986 -0.00452205 0.00125435 0.00451895 0.999989 0.0441831 0.145796 -0.476739
FixedParameters: 0 0 0

#Transform 118
Transform: AffineTransform_float_3_3
Parameters: 0.999994 -0.00276516 -0.00175979 0.00275843 0.999987 -0.00422997 0.00177153 0.00422502 0.99999 0.0515828 0.165748 -0.405133
FixedParameters: 0 0 0

#Transform 119
Transform: AffineTransform_float_3_3
Parameters: 0.999995 -0.00268448 -0.00178781 0.0026777 0.999989 -0.00371691 0.00179761 0.00371209 0.999992 0.0297098 0.149208 -0.379759
FixedParameters: 0 0 0

#Transform 120
Transform: AffineTransform_float_3_3
Parameters: 0.999994 -0.00282268 -0.00192333 0.00281457 0.999987 -0.00422753 0.00193553 0.00422146 0.999989 0.0440112 0.165188 -0.408301
FixedParameters: 0 0 0

#Transform 121
Transform: AffineTransform_float_3_3
Parameters: 0.999994 -0.00277606 -0.00204693 0.00276779 0.999988 -0.00407679 0.00205887 0.00407021 0.99999 0.0299397 0.150839 -0.39267
FixedParameters: 0 0 0

#Transform 122
Transform: AffineTransform_float_3_3
Parameters: 0.999994 -0.00283768 -0.00164913 0.00283117 0.999987 -0.00415504 0.00166133 0.00414995 0.99999 0.0292611 0.168699 -0.368528
FixedParameters: 0 0 0

#Transform 123
Transform: AffineTransform_float_3_3
Parameters: 0.999994 -0.00297888 -0.0021414 0.00296802 0.999983 -0.0049853 0.00215669 0.0049787 0.999986 0.035411 0.151545 -0.443026
FixedParameters: 0 0 0

#Transform 124
Transform: AffineTransform_float_3_3
Parameters: 0.999995 -0.00280351 -0.00152786 0.00279704 0.999987 -0.00415465 0.00154004 0.00415034 0.99999 0.0180578 0.167517 -0.349765
FixedParameters: 0 0 0

#Transform 125
Transform: AffineTransform_float_3_3
Parameters: 0.999995 -0.0027259 -0.0012511 0.00272002 0.999987 -0.00434503 0.00126298 0.00434196 0.999989 0.0152911 0.17449 -0.324083
FixedParameters: 0 0 0

#Transform 126
Transform: AffineTransform_float_3_3
Parameters: 0.999995 -0.00300218 -0.0014858 0.00299628 0.999988 -0.00399116 0.00149769 0.00398684 0.99999 0.0244558 0.157802 -0.326098
FixedParameters: 0 0 0

#Transform 127
Transform: AffineTransform_float_3_3
Parameters: 0.999994 -0.00296756 -0.00139984 0.00296079 0.999986 -0.00444678 0.00141318 0.00444221 0.999989 0.0224046 0.166016 -0.319342
FixedParameters: 0 0 0

#Transform 128
Transform: AffineTransform_float_3_3
Parameters: 0.999995 -0.00287109 -0.00171539 0.0028635 0.999987 -0.00422829 0.00172732 0.00422271 0.99999 0.0274877 0.152942 -0.389274
FixedParameters: 0 0 0

#Transform 129
Transform: AffineTransform_float_3_3
Parameters: 0.999994 -0.00291717 -0.00148422 0.00291183 0.999988 -0.0038097 0.00149438 0.0038053 0.999992 0.0205544 0.155092 -0.318822
FixedParameters: 0 0 0

#Transform 130
Transform: AffineTransform_float_3_3
Parameters: 0.999995 -0.00295334 -0.00153815 0.00294664 0.999986 -0.00434091 0.00155048 0.00433609 0.99999 0.0265597 0.156158 -0.359078
FixedParameters: 0 0 0

#Transform 131
Transform: AffineTransform_float_3_3
Parameters: 0.999994 -0.00300541 -0.00171 0.00299822 0.999987 -0.00412558 0.00172244 0.00412041 0.99999 0.0392667 0.139972 -0.367892
FixedParameters: 0 0 0

#Transform 132
Transform: AffineTransform_float_3_3
Parameters: 0.999994 -0.00312709 -0.00149568 0.00312108 0.999986 -0.00423312 0.00150885 0.00422888 0.99999 0.0337643 0.147242 -0.338825
FixedParameters: 0 0 0

#Transform 133
Transform: AffineTransform_float_3_3
Parameters: 0.999994 -0.00296712 -0.0013154 0.00296175 0.999987 -0.00420353 0.0013273 0.00419947 0.99999 0.0384941 0.165368 -0.371957
FixedParameters: 0 0 0

#Transform 134
Transform: AffineTransform_float_3_3
Parameters: 0.999993 -0.00334933 -0.00154002 0.00334223 0.999983 -0.00459893 0.00155531 0.00459406 0.999988 0.0354613 0.162338 -0.352193
FixedParameters: 0 0 0

#Transform 135
Transform: AffineTransform_float_3_3
Parameters: 0.999994 -0.00298262 -0.0016407 0.00297482 0.999983 -0.00490327 0.00165512 0.00489773 0.999987 0.0459326 0.156065 -0.403033
FixedParameters: 0 0 0

#Transform 136
Transform: AffineTransform_float_3_3
Parameters: 0.999995 -0.00308348 -0.00127117 0.00307848 0.999986 -0.00420355 0.00128405 0.00419945 0.99999 0.0343562 0.164986 -0.309196
FixedParameters: 0 0 0

#Transform 137
Transform: AffineTransform_float_3_3
Parameters: 0.999993 -0.00315809 -0.00208614 0.00314653 0.999981 -0.00515584 0.00210235 0.00514915 0.999984 0.0599987 0.158204 -0.387742
FixedParameters: 0 0 0

#Transform 138
Transform: AffineTransform_float_3_3
Parameters: 0.999994 -0.0032887 -0.00160947 0.00328215 0.999986 -0.00410006 0.00162312 0.00409493 0.99999 0.0269217 0.149678 -0.312026
FixedParameters: 0 0 0

#Transform 139
Transform: AffineTransform_float_3_3
Parameters: 0.999994 -0.00329853 -0.00108971 0.00329331 0.999985 -0.00431255 0.00110346 0.00430944 0.99999 0.0280963 0.150787 -0.307574
FixedParameters: 0 0 0

#Transform 140
Transform: AffineTransform_float_3_3
Parameters: 0.999993 -0.00330437 -0.00161583 0.00329576 0.999981 -0.00505986 0.00163251 0.00505514 0.999986 0.0361543 0.162299 -0.478548
FixedParameters: 0 0 0

#Transform 141
Transform: AffineTransform_float_3_3
Parameters: 0.999994 -0.0031791 -0.00127071 0.00317311 0.999984 -0.00475775 0.00128572 0.00475426 0.999988 0.0214451 0.160594 -0.497315
FixedParameters: 0 0 0

#Transform 142
Transform: AffineTransform_float_3_3
Parameters: 0.999993 -0.00343763 -0.000995905 0.00343285 0.999984 -0.00448858 0.00101206 0.00448442 0.99999 0.0256266 0.151679 -0.456487
FixedParameters: 0 0 0

#Transform 143
Transform: AffineTransform_float_3_3
Parameters: 0.999993 -0.00362214 -0.00142032 0.00361552 0.999983 -0.00462644 0.00143639 0.00462056 0.999988 0.0296536 0.154601 -0.381986
FixedParameters: 0 0 0

#Transform 144
Transform: AffineTransform_float_3_3
Parameters: 0.999992 -0.00357847 -0.00173269 0.00356942 0.999981 -0.00504805 0.00175082 0.00504194 0.999986 0.050409 0.152091 -0.450904
FixedParameters: 0 0 0

#Transform 145
Transform: AffineTransform_float_3_3
Parameters: 0.99999 -0.00393142 -0.00191765 0.00392364 0.999984 -0.00412246 0.00193427 0.00411454 0.99999 0.0453338 0.130096 -0.406134
FixedParameters: 0 0 0

#Transform 146
Transform: AffineTransform_float_3_3
Parameters: 0.999991 -0.0040039 -0.00144562 0.00399808 0.999984 -0.00403123 0.00146169 0.00402577 0.999991 0.0506229 0.1515 -0.391922
FixedParameters: 0 0 0

#Transform 147
Transform: AffineTransform_float_3_3
Parameters: 0.999992 -0.00378995 -0.00172709 0.00378248 0.999982 -0.0046844 0.00174557 0.0046776 0.999988 0.0605522 0.16132 -0.418834
FixedParameters: 0 0 0

#Transform 148
Transform: AffineTransform_float_3_3
Parameters: 0.99999 -0.00395654 -0.00215197 0.00394666 0.999983 -0.00432351 0.00216914 0.00431449 0.999988 0.0703642 0.173979 -0.42241
FixedParameters: 0 0 0

#Transform 149
Transform: AffineTransform_float_3_3
Parameters: 0.999991 -0.00384418 -0.00175508 0.00383663 0.999984 -0.00416493 0.00177158 0.00415807 0.999989 0.0679384 0.156058 -0.455387
FixedParameters: 0 0 0

#Transform 150
Transform: AffineTransform_float_3_3
Parameters: 0.999991 -0.00401078 -0.00170595 0.00400264 0.99998 -0.00478203 0.00172535 0.00477496 0.999987 0.0554957 0.155178 -0.550924
FixedParameters: 0 0 0

#Transform 151
Transform: AffineTransform_float_3_3
Parameters: 0.99999 -0.00395204 -0.00172456 0.00394435 0.999983 -0.00420099 0.00174127 0.00419399 0.999989 0.0553354 0.135108 -0.507071
FixedParameters: 0 0 0

#Transform 152
Transform: AffineTransform_float_3_3
Parameters: 0.999989 -0.0042645 -0.00163731 0.00425799 0.999983 -0.0039855 0.00165385 0.0039785 0.999991 0.0549375 0.172257 -0.474129
FixedParameters: 0 0 0

#Transform 153
Transform: AffineTransform_float_3_3
Parameters: 0.999991 -0.00405102 -0.00169699 0.00404388 0.999983 -0.00410906 0.00171379 0.00410194 0.99999 0.0467401 0.146551 -0.489513
FixedParameters: 0 0 0

#Transform 154
Transform: AffineTransform_float_3_3
Parameters: 0.999991 -0.00387012 -0.00174786 0.00386272 0.999984 -0.00413794 0.00176437 0.00413105 0.99999 0.0464121 0.135195 -0.515448
FixedParameters: 0 0 0

#Transform 155
Transform: AffineTransform_float_3_3
Parameters: 0.999988 -0.00436287 -0.00198056 0.00435385 0.999981 -0.00451605 0.00199977 0.00450795 0.999988 0.0550785 0.150249 -0.566152
FixedParameters: 0 0 0

#Transform 156
Transform: AffineTransform_float_3_3
Parameters: 0.999991 -0.00385152 -0.00187916 0.00384342 0.999982 -0.00466016 0.00189679 0.00465284 0.999988 0.0449054 0.166484 -0.464464
FixedParameters: 0 0 0

#Transform 157
Transform: AffineTransform_float_3_3
Parameters: 0.99999 -0.00413533 -0.00175266 0.00412749 0.99998 -0.00483851 0.00177345 0.00483149 0.999987 0.0540663 0.174379 -0.437101
FixedParameters: 0 0 0

#Transform 158
Transform: AffineTransform_float_3_3
Parameters: 0.999989 -0.00409395 -0.002516 0.00408216 0.99998 -0.00473685 0.00253472 0.00472614 0.999985 0.0664053 0.159299 -0.521453
FixedParameters: 0 0 0

#Transform 159
Transform: AffineTransform_float_3_3
Parameters: 0.99999 -0.00411413 -0.00167803 0.00410674 0.999982 -0.00443335 0.00169678 0.00442564 0.999988 0.0413707 0.173998 -0.428875
FixedParameters: 0 0 0

#Transform 160
Transform: AffineTransform_float_3_3
Parameters: 0.99999 -0.00408855 -0.00168438 0.00408098 0.999981 -0.00467408 0.00170364 0.00466692 0.999988 0.0593891 0.176613 -0.479863
FixedParameters: 0 0 0

#Transform 161
Transform: AffineTransform_float_3_3
Parameters: 0.99999 -0.00428739 -0.00175068 0.00428002 0.999981 -0.00444303 0.00176982 0.00443497 0.999989 0.0544027 0.158448 -0.475786
FixedParameters: 0 0 0

#Transform 162
Transform: AffineTransform_float_3_3
Parameters: 0.99999 -0.00423731 -0.00157391 0.00423105 0.999981 -0.00436719 0.00159321 0.0043608 0.999989 0.0429042 0.171526 -0.400004
FixedParameters: 0 0 0

#Transform 163
Transform: AffineTransform_float_3_3
Parameters: 0.999989 -0.00436228 -0.00201642 0.0043536 0.999981 -0.00441994 0.00203575 0.00441205 0.999988 0.0584141 0.139975 -0.508387
FixedParameters: 0 0 0

#Transform 164
Transform: AffineTransform_float_3_3
Parameters: 0.999991 -0.00422088 -0.00127088 0.00421595 0.999982 -0.00412807 0.00128856 0.00412292 0.99999 0.0415178 0.15914 -0.433392
FixedParameters: 0 0 0

#Transform 165
Transform: AffineTransform_float_3_3
Parameters: 0.999989 -0.00425232 -0.00162162 0.00424496 0.999979 -0.00491842 0.00164229 0.00491158 0.999987 0.0588322 0.171983 -0.463062
FixedParameters: 0 0 0

#Transform 166
Transform: AffineTransform_float_3_3
Parameters: 0.999988 -0.00434367 -0.00195129 0.00433587 0.999981 -0.00434488 0.00196981 0.00433712 0.999988 0.067427 0.145098 -0.505027
FixedParameters: 0 0 0

#Transform 167
Transform: AffineTransform_float_3_3
Parameters: 0.99999 -0.00452418 -0.000823155 0.00452128 0.999983 -0.00381021 0.000840049 0.00380679 0.999992 0.0702876 0.154915 -0.479818
FixedParameters: 0 0 0

#Transform 168
Transform: AffineTransform_float_3_3
Parameters: 0.999989 -0.0045819 -0.000971163 0.00457718 0.999982 -0.00402493 0.000989486 0.00402006 0.999991 0.0880341 0.140989 -0.549521
FixedParameters: 0 0 0

#Transform 169
Transform: AffineTransform_float_3_3
Parameters: 0.999988 -0.00478127 -0.00106861 0.00477346 0.999969 -0.00637969 0.00109882 0.00637431 0.999979 0.0995757 0.150147 -0.612471
FixedParameters: 0 0 0

#Transform 170
Transform: AffineTransform_float_3_3
Parameters: 0.999992 -0.00330701 -0.00254415 0.00330058 0.999992 -0.00265155 0.00255345 0.00264345 0.999993 0.000219218 0.140999 -0.292597
FixedParameters: 0 0 0

#Transform 171
Transform: AffineTransform_float_3_3
Parameters: 0.999993 -0.0033808 -0.00169664 0.00338028 0.999994 -0.000567567 0.001698 0.000562433 0.999998 -0.00103108 0.156436 -0.0147078
FixedParameters: 0 0 0

#Transform 172
Transform: AffineTransform_float_3_3
Parameters: 0.999993 -0.00383362 -0.000589903 0.00383238 0.999988 -0.002848 0.000600756 0.002846 0.999995 0.0172546 0.150401 0.146627
FixedParameters: 0 0 0

#Transform 173
Transform: AffineTransform_float_3_3
Parameters: 0.999993 -0.00364003 -0.000632374 0.0036371 0.999987 -0.00355971 0.00064537 0.00355729 0.999994 0.0401012 0.146848 0.104607
FixedParameters: 0 0 0

#Transform 174
Transform: AffineTransform_float_3_3
Parameters: 0.999992 -0.00351077 -0.00150014 0.00350548 0.999988 -0.00343104 0.00151242 0.00342596 0.999993 0.0519477 0.171902 0.0429749
FixedParameters: 0 0 0

#Transform 175
Transform: AffineTransform_float_3_3
Parameters: 0.999988 -0.0038933 -0.00292229 0.00388229 0.999987 -0.00356747 0.00293687 0.00355652 0.999989 0.0432007 0.179567 0.0262155
FixedParameters: 0 0 0

#Transform 176
Transform: AffineTransform_float_3_3
Parameters: 0.999986 -0.00362697 -0.00386783 0.00361291 0.999987 -0.00350182 0.00388019 0.00348818 0.999986 0.069687 0.166852 -0.0306109
FixedParameters: 0 0 0

#Transform 177
Transform: AffineTransform_float_3_3
Parameters: 0.999986 -0.00389737 -0.00377173 0.00388259 0.999985 -0.00399683 0.00378709 0.00398217 0.999985 0.0444727 0.185427 -0.0129558
FixedParameters: 0 0 0

#Transform 178
Transform: AffineTransform_float_3_3
Parameters: 0.999983 -0.00354492 -0.00463792 0.00352832 0.999988 -0.00343293 0.00464963 0.00341707 0.999984 0.0726811 0.16714 -0.168903
FixedParameters: 0 0 0

#Transform 179
Transform: AffineTransform_float_3_3
Parameters: 0.999987 -0.00383096 -0.00317017 0.00382017 0.999987 -0.00329865 0.00318322 0.00328635 0.99999 0.0338047 0.188592 -0.200879
FixedParameters: 0 0 0
