# transform file /out/sourcedata/freesurfer/sub-v1s10x0051122_ses-1/mri/transforms/cc_up.lta
# created by oesteban on Thu Mar 12 09:56:30 2026

type      = 0 # LINEAR_VOX_TO_VOX
nxforms   = 1
mean      = 127.0000 131.0000 111.0000
sigma     = 10000.0000
1 4 4
9.981817603111267e-01 1.984911225736141e-02 -5.691343918442726e-02 4.752622604370117e+00 
-1.981692761182785e-02 9.998028874397278e-01 1.129903947003186e-03 1.244343662261963e+01 
5.692465230822563e-02 -1.164153218269348e-10 9.983784556388855e-01 1.788066101074219e+01 
0.000000000000000e+00 0.000000000000000e+00 0.000000000000000e+00 1.000000000000000e+00 
src volume info
valid = 1  # volume info valid
filename = /out/sourcedata/freesurfer/sub-v1s10x0051122_ses-1/mri/norm.mgz
volume = 256 256 256
voxelsize = 1.000000000000000e+00 1.000000000000000e+00 1.000000000000000e+00
xras   = -1.000000000000000e+00 0.000000000000000e+00 0.000000000000000e+00
yras   = 0.000000000000000e+00 0.000000000000000e+00 -1.000000000000000e+00
zras   = 0.000000000000000e+00 1.000000000000000e+00 0.000000000000000e+00
cras   = -8.009574890136719e+00 1.000000000000000e+00 -7.674697875976562e+00
dst volume info
valid = 1  # volume info valid
filename = /out/sourcedata/freesurfer/sub-v1s10x0051122_ses-1/mri/norm.mgz
volume = 256 256 256
voxelsize = 1.000000000000000e+00 1.000000000000000e+00 1.000000000000000e+00
xras   = -1.000000000000000e+00 0.000000000000000e+00 0.000000000000000e+00
yras   = 0.000000000000000e+00 0.000000000000000e+00 -1.000000000000000e+00
zras   = 0.000000000000000e+00 1.000000000000000e+00 0.000000000000000e+00
cras   = -8.009574890136719e+00 1.000000000000000e+00 -7.674697875976562e+00
