#Insight Transform File V1.0
#Transform 0
Transform: AffineTransform_float_3_3
Parameters: 1 -0.000731761 -0.000710037 0.000730934 0.999999 -0.00122967 0.000711444 0.00122933 0.999999 -0.0440003 0.0874739 0.356829
FixedParameters: 0 0 0

#Transform 1
Transform: AffineTransform_float_3_3
Parameters: 0.999999 0.000500688 0.000679535 -0.00050081 0.999999 0.00076702 -0.000679158 -0.000766981 1 -0.010527 0.0357325 -0.124766
FixedParameters: 0 0 0

#Transform 2
Transform: AffineTransform_float_3_3
Parameters: 0.999999 0.000473499 0.000870288 -0.000474679 0.999999 0.00120659 -0.000869535 -0.00120741 0.999999 0.00957614 0.0737387 -0.169571
FixedParameters: 0 0 0

#Transform 3
Transform: AffineTransform_float_3_3
Parameters: 1 0.000192279 0.000657016 -0.000192364 0.999999 0.00106323 -0.000656077 -0.00106277 0.999999 0.00914164 0.0912541 -0.22698
FixedParameters: 0 0 0

#Transform 4
Transform: AffineTransform_float_3_3
Parameters: 0.999999 0.000423352 0.000830679 -0.000423993 0.999999 0.000940008 -0.000830273 -0.000939992 0.999999 0.00718442 0.08767 -0.265526
FixedParameters: 0 0 0

#Transform 5
Transform: AffineTransform_float_3_3
Parameters: 1 0.000178921 0.000566042 -0.000179826 0.999999 0.000798898 -0.000565755 -0.000799101 0.999999 0.00475654 0.0792235 -0.256462
FixedParameters: 0 0 0

#Transform 6
Transform: AffineTransform_float_3_3
Parameters: 1 0.000320269 0.00060285 -0.000321586 1 0.00109281 -0.000602148 -0.00109319 0.999999 0.00925154 0.0942437 -0.242506
FixedParameters: 0 0 0

#Transform 7
Transform: AffineTransform_float_3_3
Parameters: 1 0.000264244 0.000626559 -0.000265309 0.999999 0.000850194 -0.000626109 -0.000849806 1 0.00153894 0.105045 -0.246225
FixedParameters: 0 0 0

#Transform 8
Transform: AffineTransform_float_3_3
Parameters: 0.999999 0.000429327 0.000828195 -0.000430905 0.999999 0.001509 -0.000827288 -0.001509 0.999999 0.00337055 0.10486 -0.219968
FixedParameters: 0 0 0

#Transform 9
Transform: AffineTransform_float_3_3
Parameters: 0.999999 0.000429311 0.000828203 -0.000430922 0.999999 0.001529 -0.000827279 -0.001529 0.999999 0.0115908 0.109124 -0.218225
FixedParameters: 0 0 0

#Transform 10
Transform: AffineTransform_float_3_3
Parameters: 1 0.00045443 0.000885931 -0.000455957 1 0.000862803 -0.000885145 -0.000862195 0.999999 0.0121176 0.0962044 -0.195583
FixedParameters: 0 0 0

#Transform 11
Transform: AffineTransform_float_3_3
Parameters: 1 0.000261186 0.000430249 -0.000262375 0.999999 0.00138189 -0.000429526 -0.00138211 0.999999 0.0083747 0.103738 -0.206369
FixedParameters: 0 0 0

#Transform 12
Transform: AffineTransform_float_3_3
Parameters: 0.999999 0.00026766 0.000723943 -0.000268571 1 0.000628805 -0.000723606 -0.000629193 0.999999 -0.00226211 0.109289 -0.216662
FixedParameters: 0 0 0

#Transform 13
Transform: AffineTransform_float_3_3
Parameters: 1 0.000283604 0.000483771 -0.000284362 0.999998 0.00173622 -0.000483175 -0.00173578 0.999999 -0.0172489 0.105741 -0.179703
FixedParameters: 0 0 0

#Transform 14
Transform: AffineTransform_float_3_3
Parameters: 0.999999 0.000342234 0.000621804 -0.000342951 0.999999 0.00131779 -0.000621292 -0.00131821 0.999999 -0.00917448 0.119337 -0.170286
FixedParameters: 0 0 0

#Transform 15
Transform: AffineTransform_float_3_3
Parameters: 1 0.000167844 0.000381776 -0.000168151 0.999998 0.00160693 -0.000381627 -0.00160706 0.999998 -0.00189746 0.107452 -0.163694
FixedParameters: 0 0 0

#Transform 16
Transform: AffineTransform_float_3_3
Parameters: 1 0.000104359 0.000354348 -0.000105115 1 0.00106796 -0.000354124 -0.00106804 1 -0.00315417 0.123482 -0.189079
FixedParameters: 0 0 0

#Transform 17
Transform: AffineTransform_float_3_3
Parameters: 1 0.000239673 0.00037965 -0.000240907 0.999999 0.00162675 -0.000378869 -0.00162624 0.999998 0.00796992 0.114906 -0.186851
FixedParameters: 0 0 0

#Transform 18
Transform: AffineTransform_float_3_3
Parameters: 1 0.000141599 0.000147512 -0.000142053 0.999999 0.00154198 -0.000147074 -0.00154202 0.999999 -0.00638183 0.127313 -0.202801
FixedParameters: 0 0 0

#Transform 19
Transform: AffineTransform_float_3_3
Parameters: 1 6.91911e-05 -2.38022e-05 -6.9109e-05 0.999998 0.001715 2.40393e-05 -0.001715 0.999998 -0.00552452 0.128501 -0.196418
FixedParameters: 0 0 0

#Transform 20
Transform: AffineTransform_float_3_3
Parameters: 1 5.55394e-06 0.000287589 -6.1084e-06 0.999999 0.000964358 -0.000287577 -0.000963642 1 -0.00612809 0.116695 -0.230445
FixedParameters: 0 0 0

#Transform 21
Transform: AffineTransform_float_3_3
Parameters: 1 -8.84574e-05 0.000661605 8.72239e-05 0.999998 0.00162706 -0.000662281 -0.00162694 0.999998 0.0043495 0.115151 -0.205761
FixedParameters: 0 0 0

#Transform 22
Transform: AffineTransform_float_3_3
Parameters: 1 -7.7392e-05 0.000322659 7.66367e-05 1 0.00117003 -0.000322839 -0.00116998 1 0.00596355 0.113459 -0.207639
FixedParameters: 0 0 0

#Transform 23
Transform: AffineTransform_float_3_3
Parameters: 1 0.000115241 8.472e-05 -0.000115272 1 0.000184838 -8.46774e-05 -0.000184162 1 -0.00971411 0.101714 -0.193042
FixedParameters: 0 0 0

#Transform 24
Transform: AffineTransform_float_3_3
Parameters: 0.999999 0.00043953 0.000853223 -0.0004418 0.999998 0.00187062 -0.000851965 -0.00187138 0.999998 -0.026305 0.142293 -0.181988
FixedParameters: 0 0 0

#Transform 25
Transform: AffineTransform_float_3_3
Parameters: 1 -0.000153176 0.00062614 0.000151597 0.999999 0.0012611 -0.000626524 -0.0012609 0.999999 0.0118342 0.133211 -0.20637
FixedParameters: 0 0 0

#Transform 26
Transform: AffineTransform_float_3_3
Parameters: 0.999999 -9.67256e-05 0.000893217 9.56595e-05 0.999999 0.00133109 -0.000892944 -0.00133091 0.999998 -0.000891179 0.125212 -0.187224
FixedParameters: 0 0 0

#Transform 27
Transform: AffineTransform_float_3_3
Parameters: 1 -0.000194833 0.000643606 0.000193177 0.999998 0.00159112 -0.000643303 -0.00159087 0.999998 -0.00302026 0.133975 -0.198682
FixedParameters: 0 0 0

#Transform 28
Transform: AffineTransform_float_3_3
Parameters: 0.999998 0.000379601 0.00186487 -0.000385076 0.999996 0.00280716 -0.00186376 -0.00280784 0.999995 -0.0364065 0.189404 -0.256558
FixedParameters: 0 0 0

#Transform 29
Transform: AffineTransform_float_3_3
Parameters: 0.999997 0.00105649 0.00252163 -0.00106254 0.999996 0.00247777 -0.00251911 -0.00248023 0.999994 -0.0939969 0.183744 -0.270581
FixedParameters: 0 0 0

#Transform 30
Transform: AffineTransform_float_3_3
Parameters: 0.999995 -0.00188267 0.00259351 0.00188138 0.999998 0.000831927 -0.00259465 -0.000827075 0.999997 0.267482 0.0968352 -0.315859
FixedParameters: 0 0 0

#Transform 31
Transform: AffineTransform_float_3_3
Parameters: 0.99999 -0.00401542 0.00208952 0.00401798 0.999992 -0.000984907 -0.00208526 0.000993094 0.999998 0.309673 0.024367 -0.280284
FixedParameters: 0 0 0

#Transform 32
Transform: AffineTransform_float_3_3
Parameters: 0.999999 -0.000629594 0.00105976 0.000629372 1 -0.000513693 -0.00105964 0.000514308 0.999999 -0.0174139 0.06139 -0.345078
FixedParameters: 0 0 0

#Transform 33
Transform: AffineTransform_float_3_3
Parameters: 0.999999 -0.000875734 0.0008996 0.000875835 0.999999 -0.00078542 -0.000898754 0.000785581 0.999999 0.00362709 0.0822588 -0.373783
FixedParameters: 0 0 0

#Transform 34
Transform: AffineTransform_float_3_3
Parameters: 1 -0.00051655 0.000997024 0.000516396 1 7.75147e-05 -0.000997104 -7.64848e-05 0.999999 -0.00911845 0.102545 -0.28414
FixedParameters: 0 0 0

#Transform 35
Transform: AffineTransform_float_3_3
Parameters: 0.999999 -0.000635986 0.00116682 0.000635018 1 0.000414534 -0.00116735 -0.000414465 0.999999 -0.00982783 0.100975 -0.270948
FixedParameters: 0 0 0

#Transform 36
Transform: AffineTransform_float_3_3
Parameters: 0.999999 -0.000447101 0.000717461 0.000445775 0.999998 0.00183632 -0.000718571 -0.00183568 0.999998 -0.0133956 0.151957 -0.169357
FixedParameters: 0 0 0

#Transform 37
Transform: AffineTransform_float_3_3
Parameters: 0.999999 -0.000302791 0.000889801 0.000300565 0.999998 0.00198642 -0.00089047 -0.00198658 0.999998 -0.0187983 0.163169 -0.156836
FixedParameters: 0 0 0

#Transform 38
Transform: AffineTransform_float_3_3
Parameters: 0.999999 -0.000532087 0.000610068 0.00053153 0.999999 0.000456477 -0.000610554 -0.000456522 1 -0.0188082 0.108785 -0.217215
FixedParameters: 0 0 0

#Transform 39
Transform: AffineTransform_float_3_3
Parameters: 0.999999 -0.000437243 0.000569877 0.00043675 1 0.000432249 -0.000570254 -0.00043175 0.999999 -0.0218843 0.1076 -0.231391
FixedParameters: 0 0 0

#Transform 40
Transform: AffineTransform_float_3_3
Parameters: 0.999999 -0.00068599 0.000675099 0.000685076 1 0.000677103 -0.000676027 -0.000676896 0.999999 -0.0202987 0.102091 -0.223176
FixedParameters: 0 0 0

#Transform 41
Transform: AffineTransform_float_3_3
Parameters: 0.999999 -0.000437082 0.00057 0.000436911 1 0.000150249 -0.000570131 -0.000149751 1 -0.0223624 0.109783 -0.21949
FixedParameters: 0 0 0

#Transform 42
Transform: AffineTransform_float_3_3
Parameters: 0.999999 -0.000488682 0.000591833 0.000488407 1 0.000232289 -0.00059206 -0.000231711 1 -0.0159881 0.112665 -0.219356
FixedParameters: 0 0 0

#Transform 43
Transform: AffineTransform_float_3_3
Parameters: 1 -0.000557173 0.00101646 0.000557055 1 5.85661e-05 -0.00101652 -5.74335e-05 0.999999 -0.00924925 0.0839524 -0.265188
FixedParameters: 0 0 0

#Transform 44
Transform: AffineTransform_float_3_3
Parameters: 0.999999 -0.00072185 0.0010065 0.000722677 1 -0.00041048 -0.0010059 0.00041052 0.999999 -0.00801456 0.089183 -0.212848
FixedParameters: 0 0 0

#Transform 45
Transform: AffineTransform_float_3_3
Parameters: 1 -0.000829312 0.000736315 0.000828953 1 0.000244251 -0.00073672 -0.000243749 1 0.000333276 0.0935857 -0.181573
FixedParameters: 0 0 0

#Transform 46
Transform: AffineTransform_float_3_3
Parameters: 0.999999 -0.000748611 0.000319657 0.000748407 0.999999 0.000320239 -0.000320136 -0.00031976 1 -0.0347315 0.105517 -0.206452
FixedParameters: 0 0 0

#Transform 47
Transform: AffineTransform_float_3_3
Parameters: 0.999999 -0.000785299 0.000105357 0.000786259 0.999999 -0.000183917 -0.000105459 0.000184083 1 -0.0484893 0.0934332 -0.207805
FixedParameters: 0 0 0

#Transform 48
Transform: AffineTransform_float_3_3
Parameters: 0.999999 -0.000860732 0.00030627 0.000860859 1 0.000429904 -0.00030609 -0.000430096 1 -0.0477269 0.104072 -0.223082
FixedParameters: 0 0 0

#Transform 49
Transform: AffineTransform_float_3_3
Parameters: 1 -0.000933672 0.000590253 0.000933147 0.999999 0.000444344 -0.000591083 -0.000444655 1 -0.0388851 0.124608 -0.207587
FixedParameters: 0 0 0

#Transform 50
Transform: AffineTransform_float_3_3
Parameters: 0.999999 -0.000699745 0.000440343 0.000698975 0.999999 0.00131731 -0.000441264 -0.00131669 0.999999 -0.0431646 0.141557 -0.142014
FixedParameters: 0 0 0

#Transform 51
Transform: AffineTransform_float_3_3
Parameters: 1 -0.000663712 0.000965308 0.000661965 0.999998 0.00178579 -0.000966224 -0.00178521 0.999998 -0.0355424 0.161464 -0.18073
FixedParameters: 0 0 0

#Transform 52
Transform: AffineTransform_float_3_3
Parameters: 1 -0.00075491 0.000859081 0.000753334 0.999999 0.00114465 -0.000859886 -0.00114335 0.999999 -0.0356556 0.157485 -0.175376
FixedParameters: 0 0 0

#Transform 53
Transform: AffineTransform_float_3_3
Parameters: 1 -0.000676037 0.000938895 0.000674143 0.999998 0.00191379 -0.000940028 -0.00191321 0.999998 -0.0413119 0.166775 -0.17982
FixedParameters: 0 0 0

#Transform 54
Transform: AffineTransform_float_3_3
Parameters: 0.999999 -0.000797824 0.000560465 0.000796458 0.999997 0.0019136 -0.000561675 -0.0019134 0.999998 -0.0395898 0.148203 -0.16958
FixedParameters: 0 0 0

#Transform 55
Transform: AffineTransform_float_3_3
Parameters: 1 -0.000809646 0.000845811 0.000808544 0.999998 0.00165632 -0.00084704 -0.00165567 0.999998 -0.0348949 0.161615 -0.183105
FixedParameters: 0 0 0

#Transform 56
Transform: AffineTransform_float_3_3
Parameters: 1 -0.000795084 0.000741223 0.000794412 0.999999 0.00133659 -0.000742817 -0.00133541 0.999999 -0.0338633 0.140241 -0.1353
FixedParameters: 0 0 0

#Transform 57
Transform: AffineTransform_float_3_3
Parameters: 1 -0.000821535 0.00074564 0.000820909 0.999999 0.00156025 -0.000746752 -0.00155975 0.999998 -0.0362219 0.141256 -0.136559
FixedParameters: 0 0 0

#Transform 58
Transform: AffineTransform_float_3_3
Parameters: 0.999999 -0.000802857 0.000939285 0.000801012 0.999997 0.00188691 -0.00094086 -0.00188609 0.999998 -0.033592 0.166567 -0.186331
FixedParameters: 0 0 0

#Transform 59
Transform: AffineTransform_float_3_3
Parameters: 1 -0.00093371 0.00059326 0.000932215 0.999998 0.00158619 -0.000595299 -0.0015858 0.999998 -0.0366335 0.161321 -0.131741
FixedParameters: 0 0 0

#Transform 60
Transform: AffineTransform_float_3_3
Parameters: 1 -0.000929071 0.00050662 0.000929162 0.999998 0.00158711 -0.000508118 -0.00158689 0.999998 -0.0380997 0.157573 -0.13357
FixedParameters: 0 0 0

#Transform 61
Transform: AffineTransform_float_3_3
Parameters: 1 -0.000911706 0.00048609 0.000910407 0.999998 0.00173444 -0.000488329 -0.00173356 0.999999 -0.0386861 0.159627 -0.130879
FixedParameters: 0 0 0

#Transform 62
Transform: AffineTransform_float_3_3
Parameters: 1 -0.000982939 0.000487045 0.000981781 0.999998 0.00158712 -0.000489243 -0.00158688 0.999998 -0.061552 0.143206 -0.0906537
FixedParameters: 0 0 0

#Transform 63
Transform: AffineTransform_float_3_3
Parameters: 0.999999 -0.000857833 0.000390081 0.000856862 0.999997 0.00224134 -0.000392082 -0.00224067 0.999998 -0.0679256 0.160429 -0.118587
FixedParameters: 0 0 0

#Transform 64
Transform: AffineTransform_float_3_3
Parameters: 0.999999 -0.000889944 6.20981e-05 0.000889573 0.999998 0.0018579 -6.31718e-05 -0.0018571 0.999998 -0.0587742 0.155237 -0.12383
FixedParameters: 0 0 0

#Transform 65
Transform: AffineTransform_float_3_3
Parameters: 0.999999 -0.000748141 -0.000164801 0.000748149 0.999999 0.00163652 0.000163663 -0.00163748 0.999998 -0.0695307 0.154905 -0.113944
FixedParameters: 0 0 0

#Transform 66
Transform: AffineTransform_float_3_3
Parameters: 0.999999 -0.000831259 0.000301354 0.000831083 0.999999 0.00158689 -0.000302151 -0.00158711 0.999999 -0.0688963 0.155385 -0.131697
FixedParameters: 0 0 0

#Transform 67
Transform: AffineTransform_float_3_3
Parameters: 0.999999 -0.000933384 0.000840645 0.000931496 0.999998 0.00158742 -0.000841764 -0.00158657 0.999998 -0.0179064 0.191525 -0.166695
FixedParameters: 0 0 0

#Transform 68
Transform: AffineTransform_float_3_3
Parameters: 0.999999 -0.00112172 0.000544062 0.00112033 0.999998 0.00199025 -0.000546683 -0.00198975 0.999998 -0.0299499 0.184911 -0.0375243
FixedParameters: 0 0 0

#Transform 69
Transform: AffineTransform_float_3_3
Parameters: 0.999999 -0.00123209 0.000205593 0.00123214 0.999997 0.00178525 -0.000208151 -0.00178474 0.999999 -0.033576 0.189027 -0.116613
FixedParameters: 0 0 0

#Transform 70
Transform: AffineTransform_float_3_3
Parameters: 1 -0.000859709 0.000845115 0.000856176 0.999993 0.00355352 -0.000847921 -0.00355348 0.999993 -0.0726699 0.2453 -0.172262
FixedParameters: 0 0 0

#Transform 71
Transform: AffineTransform_float_3_3
Parameters: 0.999999 -0.000396055 0.0012929 0.000388024 0.999978 0.00649902 -0.00129521 -0.00649798 0.999978 -0.138738 0.336583 -0.46668
FixedParameters: 0 0 0

#Transform 72
Transform: AffineTransform_float_3_3
Parameters: 0.999994 -0.000997575 0.00351551 0.000983943 0.999992 0.00382276 -0.00352002 -0.00381924 0.999986 -0.0676444 0.284643 -0.950324
FixedParameters: 0 0 0

#Transform 73
Transform: AffineTransform_float_3_3
Parameters: 0.999994 -0.00186633 0.00311044 0.00186702 0.999998 -0.000318846 -0.00310977 0.000324156 0.999995 -0.0365725 0.168689 -0.551664
FixedParameters: 0 0 0

#Transform 74
Transform: AffineTransform_float_3_3
Parameters: 0.999997 -0.00160194 0.00152328 0.00159782 0.999996 0.00229303 -0.0015264 -0.00229097 0.999996 -0.0347478 0.227087 -0.219849
FixedParameters: 0 0 0

#Transform 75
Transform: AffineTransform_float_3_3
Parameters: 0.999997 -0.00159165 0.00154638 0.00158897 0.999998 0.00167105 -0.0015484 -0.00166895 0.999998 -0.0502684 0.230483 -0.193955
FixedParameters: 0 0 0

#Transform 76
Transform: AffineTransform_float_3_3
Parameters: 0.999998 -0.00146335 0.00142945 0.0014608 0.999997 0.00208168 -0.00143263 -0.00208032 0.999997 -0.0544059 0.232037 -0.187301
FixedParameters: 0 0 0

#Transform 77
Transform: AffineTransform_float_3_3
Parameters: 0.999998 -0.00142255 0.00138725 0.00142016 0.999997 0.00208841 -0.00139029 -0.00208659 0.999996 -0.0557019 0.229265 -0.190469
FixedParameters: 0 0 0

#Transform 78
Transform: AffineTransform_float_3_3
Parameters: 0.999997 -0.00142973 0.00165422 0.00142521 0.999996 0.00251231 -0.00165757 -0.00250969 0.999996 -0.0580305 0.249261 -0.187083
FixedParameters: 0 0 0

#Transform 79
Transform: AffineTransform_float_3_3
Parameters: 0.999997 -0.00141544 0.00161169 0.00141006 0.999995 0.00284323 -0.0016159 -0.00284078 0.999995 -0.0695567 0.257899 -0.18268
FixedParameters: 0 0 0

#Transform 80
Transform: AffineTransform_float_3_3
Parameters: 0.999997 -0.00151021 0.00158412 0.00150628 0.999996 0.00243582 -0.00158765 -0.00243317 0.999995 -0.0675525 0.249285 -0.212714
FixedParameters: 0 0 0

#Transform 81
Transform: AffineTransform_float_3_3
Parameters: 0.999998 -0.00166453 0.00150668 0.00166052 0.999996 0.0025871 -0.00151145 -0.00258491 0.999996 -0.0476245 0.234964 -0.197565
FixedParameters: 0 0 0

#Transform 82
Transform: AffineTransform_float_3_3
Parameters: 0.999997 -0.00156224 0.00152302 0.00155782 0.999995 0.00269397 -0.0015276 -0.00269203 0.999995 -0.0419295 0.25352 -0.218971
FixedParameters: 0 0 0

#Transform 83
Transform: AffineTransform_float_3_3
Parameters: 0.999998 -0.00162247 0.00124635 0.0016191 0.999994 0.00286746 -0.00125182 -0.00286554 0.999995 -0.0637541 0.248198 -0.226312
FixedParameters: 0 0 0

#Transform 84
Transform: AffineTransform_float_3_3
Parameters: 0.999997 -0.00155345 0.00145735 0.00154817 0.999994 0.00324406 -0.00146267 -0.00324094 0.999994 -0.0782635 0.288709 -0.295709
FixedParameters: 0 0 0

#Transform 85
Transform: AffineTransform_float_3_3
Parameters: 0.999997 -0.00149694 0.00155881 0.00149141 0.999993 0.00353313 -0.00156409 -0.00352987 0.999993 -0.0684311 0.279581 -0.301527
FixedParameters: 0 0 0

#Transform 86
Transform: AffineTransform_float_3_3
Parameters: 0.999998 -0.00149473 0.00167976 0.00148894 0.999993 0.0033561 -0.0016845 -0.0033539 0.999993 -0.042302 0.288548 -0.311825
FixedParameters: 0 0 0

#Transform 87
Transform: AffineTransform_float_3_3
Parameters: 0.999996 -0.00142947 0.00211737 0.00141714 0.999982 0.00584212 -0.00212515 -0.00583888 0.999981 -0.0404397 0.348765 -0.478378
FixedParameters: 0 0 0

#Transform 88
Transform: AffineTransform_float_3_3
Parameters: 0.999993 -0.000871316 0.00369006 0.000826756 0.999928 0.0120128 -0.00370098 -0.0120092 0.999921 0.102649 0.59816 -1.29092
FixedParameters: 0 0 0

#Transform 89
Transform: AffineTransform_float_3_3
Parameters: 0.999995 -0.00079849 0.00300141 0.000779373 0.999979 0.00641485 -0.00300673 -0.00641215 0.999975 -0.0174381 0.289959 -0.38546
FixedParameters: 0 0 0

#Transform 90
Transform: AffineTransform_float_3_3
Parameters: 0.999997 -0.00127881 0.00211605 0.00127167 0.999993 0.0034188 -0.00212028 -0.0034162 0.999992 -0.0266347 0.270435 -0.152998
FixedParameters: 0 0 0

#Transform 91
Transform: AffineTransform_float_3_3
Parameters: 0.999996 -0.00165184 0.00221543 0.00164595 0.999994 0.00298339 -0.00222078 -0.0029796 0.999993 -0.037733 0.258085 -0.19658
FixedParameters: 0 0 0

#Transform 92
Transform: AffineTransform_float_3_3
Parameters: 0.999996 -0.00167562 0.00235829 0.00166728 0.999993 0.00321083 -0.00236322 -0.00320716 0.999992 0.0208848 0.289472 -0.565713
FixedParameters: 0 0 0

#Transform 93
Transform: AffineTransform_float_3_3
Parameters: 0.999997 -0.00184723 0.00156027 0.00184297 0.999995 0.00282896 -0.00156505 -0.00282604 0.999994 0.00826841 0.276256 -0.421168
FixedParameters: 0 0 0

#Transform 94
Transform: AffineTransform_float_3_3
Parameters: 0.999997 -0.00156699 0.00194953 0.00156011 0.999993 0.00350679 -0.00195469 -0.00350421 0.999992 0.00174165 0.301229 -0.372794
FixedParameters: 0 0 0

#Transform 95
Transform: AffineTransform_float_3_3
Parameters: 0.999996 -0.00158867 0.00206229 0.00158161 0.999993 0.00326401 -0.00206775 -0.00326099 0.999992 -0.00305992 0.299592 -0.365195
FixedParameters: 0 0 0

#Transform 96
Transform: AffineTransform_float_3_3
Parameters: 0.999997 -0.00179979 0.00201615 0.00179312 0.999994 0.00301401 -0.0020217 -0.00301099 0.999993 -0.0143889 0.273327 -0.372513
FixedParameters: 0 0 0

#Transform 97
Transform: AffineTransform_float_3_3
Parameters: 0.999996 -0.00193981 0.00204928 0.0019342 0.999994 0.00293236 -0.00205575 -0.00292865 0.999994 -0.000947071 0.275641 -0.334861
FixedParameters: 0 0 0

#Transform 98
Transform: AffineTransform_float_3_3
Parameters: 0.999996 -0.00208759 0.00192297 0.00208373 0.999996 0.00209124 -0.00192694 -0.00208676 0.999996 0.00213162 0.268946 -0.390244
FixedParameters: 0 0 0

#Transform 99
Transform: AffineTransform_float_3_3
Parameters: 0.999996 -0.00248591 0.00169193 0.00248256 0.999994 0.00234092 -0.00169788 -0.00233608 0.999996 0.0103276 0.276044 -0.362746
FixedParameters: 0 0 0

#Transform 100
Transform: AffineTransform_float_3_3
Parameters: 0.999997 -0.00186471 0.00171737 0.00185731 0.99999 0.00409079 -0.00172455 -0.00408721 0.99999 -0.0356391 0.316743 -0.330158
FixedParameters: 0 0 0

#Transform 101
Transform: AffineTransform_float_3_3
Parameters: 0.999998 -0.00173216 0.00141031 0.00172669 0.99999 0.00401488 -0.001418 -0.00401212 0.999991 -0.0545428 0.346343 -0.283325
FixedParameters: 0 0 0

#Transform 102
Transform: AffineTransform_float_3_3
Parameters: 0.999998 -0.00165004 0.00165612 0.00164441 0.999993 0.00335532 -0.00166189 -0.00335268 0.999993 -0.0493821 0.304547 -0.291386
FixedParameters: 0 0 0

#Transform 103
Transform: AffineTransform_float_3_3
Parameters: 0.999996 -0.00176362 0.00193161 0.00175701 0.999991 0.00380815 -0.00193868 -0.00380486 0.999991 -0.0361646 0.315004 -0.357468
FixedParameters: 0 0 0

#Transform 104
Transform: AffineTransform_float_3_3
Parameters: 0.999996 -0.00176406 0.0022648 0.00175677 0.999993 0.00339988 -0.00227043 -0.00339612 0.999992 -0.0377308 0.3223 -0.339203
FixedParameters: 0 0 0

#Transform 105
Transform: AffineTransform_float_3_3
Parameters: 0.999996 -0.00186462 0.00219089 0.00185765 0.999992 0.00344182 -0.00219736 -0.00343718 0.999992 -0.0380826 0.316401 -0.370534
FixedParameters: 0 0 0

#Transform 106
Transform: AffineTransform_float_3_3
Parameters: 0.999996 -0.00166965 0.00217853 0.00166124 0.999991 0.00378937 -0.00218482 -0.00378563 0.99999 -0.0360677 0.325724 -0.342029
FixedParameters: 0 0 0

#Transform 107
Transform: AffineTransform_float_3_3
Parameters: 0.999997 -0.00164341 0.00181268 0.0016382 0.999995 0.00295256 -0.00181709 -0.00294944 0.999994 -0.025651 0.301745 -0.30032
FixedParameters: 0 0 0

#Transform 108
Transform: AffineTransform_float_3_3
Parameters: 0.999996 -0.00201827 0.00195814 0.00201071 0.99999 0.00386333 -0.00196606 -0.00385967 0.999991 -0.0155302 0.311208 -0.287462
FixedParameters: 0 0 0

#Transform 109
Transform: AffineTransform_float_3_3
Parameters: 0.999997 -0.00163823 0.00182766 0.00163101 0.999991 0.00393758 -0.0018338 -0.00393442 0.99999 -0.0262775 0.337112 -0.316309
FixedParameters: 0 0 0

#Transform 110
Transform: AffineTransform_float_3_3
Parameters: 0.999997 -0.00185065 0.0017137 0.00184442 0.999991 0.00364476 -0.00172005 -0.00364124 0.999992 -0.0262291 0.328511 -0.303206
FixedParameters: 0 0 0

#Transform 111
Transform: AffineTransform_float_3_3
Parameters: 0.999997 -0.00197089 0.00182402 0.00196418 0.999993 0.00319818 -0.00183001 -0.00319382 0.999993 -0.0246974 0.315584 -0.279548
FixedParameters: 0 0 0

#Transform 112
Transform: AffineTransform_float_3_3
Parameters: 0.999997 -0.00180448 0.00198851 0.00179756 0.999992 0.00354732 -0.00199456 -0.00354367 0.999992 -0.0365708 0.338727 -0.282394
FixedParameters: 0 0 0

#Transform 113
Transform: AffineTransform_float_3_3
Parameters: 0.999996 -0.00174428 0.00218043 0.00173697 0.999993 0.00344454 -0.002187 -0.00344046 0.999992 -0.0346277 0.324452 -0.279719
FixedParameters: 0 0 0

#Transform 114
Transform: AffineTransform_float_3_3
Parameters: 0.999994 -0.00202154 0.00254894 0.00201245 0.999991 0.00370568 -0.00255609 -0.00370032 0.99999 -0.0240211 0.339705 -0.290463
FixedParameters: 0 0 0

#Transform 115
Transform: AffineTransform_float_3_3
Parameters: 0.999996 -0.00218115 0.00212041 0.00217446 0.999993 0.002964 -0.00212712 -0.00295899 0.999993 -0.0240737 0.321749 -0.289254
FixedParameters: 0 0 0

#Transform 116
Transform: AffineTransform_float_3_3
Parameters: 0.999996 -0.0021226 0.0018424 0.00211724 0.999993 0.00315478 -0.00184866 -0.00315122 0.999993 -0.0684996 0.309551 -0.315109
FixedParameters: 0 0 0

#Transform 117
Transform: AffineTransform_float_3_3
Parameters: 0.999996 -0.00235472 0.00195086 0.00234768 0.999992 0.00317446 -0.00195827 -0.00316953 0.999992 -0.0147189 0.321964 -0.267066
FixedParameters: 0 0 0

#Transform 118
Transform: AffineTransform_float_3_3
Parameters: 0.999995 -0.00232582 0.00218714 0.0023182 0.999992 0.00317546 -0.00219476 -0.00316953 0.999993 -0.00915283 0.308966 -0.280493
FixedParameters: 0 0 0

#Transform 119
Transform: AffineTransform_float_3_3
Parameters: 0.999995 -0.00229905 0.00215105 0.00229168 0.999991 0.00347533 -0.00215935 -0.00346967 0.999992 -0.010557 0.332741 -0.251177
FixedParameters: 0 0 0

#Transform 120
Transform: AffineTransform_float_3_3
Parameters: 0.999995 -0.00247895 0.00197362 0.00247191 0.99999 0.00356592 -0.00198231 -0.00356108 0.999992 -0.00807293 0.320231 -0.234297
FixedParameters: 0 0 0

#Transform 121
Transform: AffineTransform_float_3_3
Parameters: 0.999994 -0.00255629 0.00209561 0.00254997 0.999992 0.00309502 -0.00210336 -0.00308998 0.999993 0.0131404 0.32602 -0.236308
FixedParameters: 0 0 0

#Transform 122
Transform: AffineTransform_float_3_3
Parameters: 0.999995 -0.00246844 0.00196654 0.00246267 0.999992 0.00305788 -0.0019745 -0.00305312 0.999993 -0.00169098 0.301511 -0.258813
FixedParameters: 0 0 0

#Transform 123
Transform: AffineTransform_float_3_3
Parameters: 0.999995 -0.00214952 0.00223285 0.00214306 0.999993 0.00334782 -0.00223996 -0.00334318 0.999991 -0.0380585 0.335674 -0.242694
FixedParameters: 0 0 0

#Transform 124
Transform: AffineTransform_float_3_3
Parameters: 0.999995 -0.00202521 0.00214666 0.00201611 0.999989 0.00418587 -0.0021554 -0.00418212 0.999989 -0.0507388 0.329085 -0.248645
FixedParameters: 0 0 0

#Transform 125
Transform: AffineTransform_float_3_3
Parameters: 0.999996 -0.00201729 0.0022661 0.00200752 0.999989 0.0041141 -0.00227448 -0.0041099 0.999989 -0.0397335 0.351604 -0.225637
FixedParameters: 0 0 0

#Transform 126
Transform: AffineTransform_float_3_3
Parameters: 0.999996 -0.00219702 0.00165619 0.00219135 0.99999 0.00371587 -0.00166446 -0.00371213 0.999992 -0.0322402 0.329782 -0.249147
FixedParameters: 0 0 0

#Transform 127
Transform: AffineTransform_float_3_3
Parameters: 0.999996 -0.00188806 0.00172143 0.00188112 0.99999 0.00421248 -0.00172966 -0.00420952 0.999989 -0.0505545 0.351529 -0.220609
FixedParameters: 0 0 0

#Transform 128
Transform: AffineTransform_float_3_3
Parameters: 0.999997 -0.00182174 0.00176997 0.0018128 0.999987 0.00487945 -0.00177822 -0.00487655 0.999986 -0.0635777 0.359588 -0.208387
FixedParameters: 0 0 0

#Transform 129
Transform: AffineTransform_float_3_3
Parameters: 0.999997 -0.00216214 0.00164576 0.00215474 0.999986 0.00489763 -0.00165649 -0.00489336 0.999986 -0.0468512 0.364277 -0.185864
FixedParameters: 0 0 0

#Transform 130
Transform: AffineTransform_float_3_3
Parameters: 0.999997 -0.00205906 0.00142308 0.00205301 0.999986 0.00473016 -0.00143265 -0.00472784 0.999988 -0.0473205 0.339294 -0.200794
FixedParameters: 0 0 0

#Transform 131
Transform: AffineTransform_float_3_3
Parameters: 0.999997 -0.00198559 0.00153441 0.00197769 0.999985 0.00511428 -0.00154388 -0.00511172 0.999986 -0.0487422 0.36434 -0.230163
FixedParameters: 0 0 0

#Transform 132
Transform: AffineTransform_float_3_3
Parameters: 0.999996 -0.00213781 0.00210537 0.00212488 0.999981 0.00585288 -0.00211793 -0.00584812 0.999981 -0.0515629 0.413524 -0.253652
FixedParameters: 0 0 0

#Transform 133
Transform: AffineTransform_float_3_3
Parameters: 0.999996 -0.00224327 0.00162872 0.00223422 0.999984 0.00528653 -0.00164067 -0.00528347 0.999985 -0.0555952 0.398876 -0.22246
FixedParameters: 0 0 0

#Transform 134
Transform: AffineTransform_float_3_3
Parameters: 0.999995 -0.00234458 0.00183567 0.00233353 0.999981 0.00569554 -0.00184914 -0.00569046 0.999982 -0.0409227 0.396711 -0.231063
FixedParameters: 0 0 0

#Transform 135
Transform: AffineTransform_float_3_3
Parameters: 0.999996 -0.00230772 0.00177754 0.00229895 0.999984 0.00513797 -0.00178895 -0.00513402 0.999985 -0.0424173 0.3694 -0.23248
FixedParameters: 0 0 0

#Transform 136
Transform: AffineTransform_float_3_3
Parameters: 0.999996 -0.00226784 0.00181113 0.00225791 0.999983 0.00536034 -0.00182313 -0.00535566 0.999984 -0.0492011 0.375545 -0.230026
FixedParameters: 0 0 0

#Transform 137
Transform: AffineTransform_float_3_3
Parameters: 0.999996 -0.0022553 0.00207215 0.0022443 0.999982 0.00548206 -0.00208442 -0.00547695 0.999983 -0.0387582 0.39632 -0.232385
FixedParameters: 0 0 0

#Transform 138
Transform: AffineTransform_float_3_3
Parameters: 0.999996 -0.00243686 0.00150245 0.00242908 0.999985 0.00500239 -0.00151467 -0.00499862 0.999987 -0.0385963 0.386645 -0.218485
FixedParameters: 0 0 0

#Transform 139
Transform: AffineTransform_float_3_3
Parameters: 0.999996 -0.00238769 0.00145403 0.00238035 0.999985 0.00488619 -0.00146613 -0.0048828 0.999987 -0.0461237 0.373745 -0.22573
FixedParameters: 0 0 0

#Transform 140
Transform: AffineTransform_float_3_3
Parameters: 0.999997 -0.00222422 0.0015598 0.00221641 0.999985 0.0050007 -0.0015712 -0.0049973 0.999987 -0.041645 0.368927 -0.258341
FixedParameters: 0 0 0

#Transform 141
Transform: AffineTransform_float_3_3
Parameters: 0.999996 -0.00193543 0.0020143 0.00192548 0.999985 0.00509148 -0.00202433 -0.00508652 0.999985 -0.0453319 0.400148 -0.260787
FixedParameters: 0 0 0

#Transform 142
Transform: AffineTransform_float_3_3
Parameters: 0.999995 -0.00234269 0.0017611 0.00233411 0.999985 0.005019 -0.00177324 -0.005015 0.999986 -0.0421948 0.391995 -0.244827
FixedParameters: 0 0 0

#Transform 143
Transform: AffineTransform_float_3_3
Parameters: 0.999996 -0.00235777 0.00165292 0.00234902 0.999984 0.00523777 -0.00166493 -0.00523423 0.999985 -0.0312406 0.382452 -0.213722
FixedParameters: 0 0 0

#Transform 144
Transform: AffineTransform_float_3_3
Parameters: 0.999995 -0.00245461 0.0015764 0.00244742 0.999985 0.00487659 -0.00158858 -0.00487241 0.999987 -0.0337534 0.382539 -0.223065
FixedParameters: 0 0 0

#Transform 145
Transform: AffineTransform_float_3_3
Parameters: 0.999996 -0.00233252 0.0017147 0.00232205 0.999979 0.00603987 -0.00172872 -0.00603612 0.99998 -0.0561201 0.409147 -0.227501
FixedParameters: 0 0 0

#Transform 146
Transform: AffineTransform_float_3_3
Parameters: 0.999996 -0.00237974 0.00105359 0.00237423 0.999985 0.00499944 -0.00106538 -0.00499656 0.999987 -0.0235203 0.405275 -0.136819
FixedParameters: 0 0 0

#Transform 147
Transform: AffineTransform_float_3_3
Parameters: 0.999996 -0.00253367 0.00142415 0.00252646 0.999983 0.00521134 -0.00143749 -0.00520767 0.999986 -0.0286957 0.389218 -0.141777
FixedParameters: 0 0 0

#Transform 148
Transform: AffineTransform_float_3_3
Parameters: 0.999997 -0.00226576 0.00108757 0.00226023 0.999986 0.0048594 -0.00109759 -0.00485661 0.999988 -0.0364591 0.38911 -0.149027
FixedParameters: 0 0 0

#Transform 149
Transform: AffineTransform_float_3_3
Parameters: 0.999997 -0.00242516 0.00112661 0.00241875 0.999981 0.00581531 -0.00114135 -0.00581269 0.999983 -0.0377314 0.393103 -0.0874457
FixedParameters: 0 0 0

#Transform 150
Transform: AffineTransform_float_3_3
Parameters: 0.999996 -0.00223371 0.00133151 0.00222531 0.999975 0.00664706 -0.00134667 -0.00664394 0.999977 -0.0538796 0.433513 -0.108345
FixedParameters: 0 0 0

#Transform 151
Transform: AffineTransform_float_3_3
Parameters: 0.999996 -0.00229103 0.0017306 0.00228079 0.999981 0.00580584 -0.00174397 -0.00580216 0.999982 -0.051759 0.434821 -0.112936
FixedParameters: 0 0 0

#Transform 152
Transform: AffineTransform_float_3_3
Parameters: 0.999997 -0.00251147 0.00106264 0.00250545 0.999981 0.00555424 -0.00107669 -0.00555175 0.999984 -0.0549699 0.408893 -0.0871247
FixedParameters: 0 0 0

#Transform 153
Transform: AffineTransform_float_3_3
Parameters: 0.999996 -0.00253492 0.0011258 0.00252839 0.999982 0.00547143 -0.00113969 -0.00546857 0.999984 -0.0397585 0.406553 -0.0592539
FixedParameters: 0 0 0

#Transform 154
Transform: AffineTransform_float_3_3
Parameters: 0.999997 -0.00257874 0.000909579 0.00257368 0.999984 0.00524877 -0.000923338 -0.00524623 0.999986 -0.044277 0.403994 -0.0715588
FixedParameters: 0 0 0

#Transform 155
Transform: AffineTransform_float_3_3
Parameters: 0.999996 -0.00279295 0.000767931 0.00278865 0.999982 0.00536621 -0.000783291 -0.00536479 0.999985 -0.0488286 0.426988 -0.0796205
FixedParameters: 0 0 0

#Transform 156
Transform: AffineTransform_float_3_3
Parameters: 0.999996 -0.0027182 0.000835213 0.00271405 0.999982 0.0053977 -0.00085033 -0.00539531 0.999985 -0.0553997 0.408817 -0.0483399
FixedParameters: 0 0 0

#Transform 157
Transform: AffineTransform_float_3_3
Parameters: 0.999997 -0.00264022 0.000715801 0.00263639 0.999981 0.00542967 -0.000729856 -0.00542732 0.999985 -0.0521749 0.398917 -0.0637314
FixedParameters: 0 0 0

#Transform 158
Transform: AffineTransform_float_3_3
Parameters: 0.999996 -0.00261099 0.000930992 0.00260631 0.999984 0.00513685 -0.000943588 -0.00513415 0.999986 -0.047813 0.399693 -0.0954138
FixedParameters: 0 0 0

#Transform 159
Transform: AffineTransform_float_3_3
Parameters: 0.999996 -0.00260796 0.0010056 0.00260342 0.999984 0.00513704 -0.00101856 -0.00513395 0.999986 -0.049154 0.387881 -0.11251
FixedParameters: 0 0 0

#Transform 160
Transform: AffineTransform_float_3_3
Parameters: 0.999996 -0.00269577 0.000875679 0.00269093 0.99998 0.00575679 -0.000891563 -0.00575422 0.999983 -0.0417744 0.406843 -0.081286
FixedParameters: 0 0 0

#Transform 161
Transform: AffineTransform_float_3_3
Parameters: 0.999997 -0.00216702 0.00165756 0.002156 0.999977 0.00641282 -0.00167119 -0.00640918 0.999978 -0.0476867 0.428479 -0.128924
FixedParameters: 0 0 0

#Transform 162
Transform: AffineTransform_float_3_3
Parameters: 0.999996 -0.00243412 0.000887378 0.00243004 0.999983 0.00512209 -0.000900321 -0.0051199 0.999986 -0.0457841 0.382422 -0.053656
FixedParameters: 0 0 0

#Transform 163
Transform: AffineTransform_float_3_3
Parameters: 0.999996 -0.00279139 0.000452682 0.00278855 0.999982 0.00545454 -0.000467744 -0.00545346 0.999985 0.0394015 0.395826 -0.313293
FixedParameters: 0 0 0

#Transform 164
Transform: AffineTransform_float_3_3
Parameters: 0.999995 -0.00277643 -0.00113336 0.00278293 0.99998 0.00570847 0.00111735 -0.00571053 0.999983 0.107804 0.432676 -0.326791
FixedParameters: 0 0 0

#Transform 165
Transform: AffineTransform_float_3_3
Parameters: 0.999999 -0.00072976 0.00119644 0.000711799 0.99989 0.0148327 -0.00120687 -0.0148323 0.999889 -0.0345068 0.678524 0.389814
FixedParameters: 0 0 0

#Transform 166
Transform: AffineTransform_float_3_3
Parameters: 0.999998 -0.0018001 0.000768123 0.00179352 0.999949 0.00986004 -0.000785534 -0.00985796 0.999951 -0.0957892 0.559705 0.0353181
FixedParameters: 0 0 0

#Transform 167
Transform: AffineTransform_float_3_3
Parameters: 0.999998 -0.00224819 0.000361494 0.00224562 0.999966 0.0079898 -0.000379263 -0.00798819 0.999968 -0.0731214 0.47376 -0.00359391
FixedParameters: 0 0 0

#Transform 168
Transform: AffineTransform_float_3_3
Parameters: 0.999998 -0.00225821 0.000595778 0.00225311 0.999968 0.00775613 -0.000613024 -0.00775487 0.99997 -0.0693036 0.460133 -0.00461123
FixedParameters: 0 0 0

#Transform 169
Transform: AffineTransform_float_3_3
Parameters: 0.999998 -0.0021913 0.000537362 0.00218646 0.999963 0.00833132 -0.00055609 -0.00832967 0.999965 -0.0715266 0.486663 -0.0778972
FixedParameters: 0 0 0

#Transform 170
Transform: AffineTransform_float_3_3
Parameters: 0.999997 -0.00264155 0.00032839 0.00263792 0.999961 0.00852652 -0.000350417 -0.00852549 0.999964 -0.0624258 0.496879 -0.0536897
FixedParameters: 0 0 0

#Transform 171
Transform: AffineTransform_float_3_3
Parameters: 0.999997 -0.00227289 0.00103773 0.00226408 0.999959 0.00875029 -0.00105757 -0.0087477 0.999961 -0.0556147 0.518162 -0.0907139
FixedParameters: 0 0 0

#Transform 172
Transform: AffineTransform_float_3_3
Parameters: 0.999998 -0.00226787 0.00058603 0.00226372 0.999972 0.00719912 -0.000603142 -0.00719789 0.999974 -0.0786788 0.479598 -0.126959
FixedParameters: 0 0 0

#Transform 173
Transform: AffineTransform_float_3_3
Parameters: 0.999997 -0.00252152 0.000365439 0.00251869 0.999964 0.00804792 -0.000385634 -0.00804608 0.999968 -0.0736602 0.491182 -0.0612847
FixedParameters: 0 0 0

#Transform 174
Transform: AffineTransform_float_3_3
Parameters: 0.999996 -0.00260268 0.000512581 0.00259874 0.999969 0.00735812 -0.000531798 -0.00735687 0.999973 -0.0720694 0.485241 -0.0628135
FixedParameters: 0 0 0

#Transform 175
Transform: AffineTransform_float_3_3
Parameters: 0.999996 -0.00300347 0.000307639 0.00300195 0.999985 0.00463005 -0.000321912 -0.00462895 0.999989 -0.0342063 0.396649 -0.217913
FixedParameters: 0 0 0

#Transform 176
Transform: AffineTransform_float_3_3
Parameters: 0.999996 -0.00273136 0.000382733 0.00272926 0.999978 0.00597268 -0.000399054 -0.00597131 0.999982 -0.0249581 0.429082 -0.14751
FixedParameters: 0 0 0

#Transform 177
Transform: AffineTransform_float_3_3
Parameters: 0.999996 -0.00288653 0.000158659 0.00288571 0.999983 0.00507458 -0.000173109 -0.00507442 0.999987 -0.0531693 0.418111 -0.122389
FixedParameters: 0 0 0

#Transform 178
Transform: AffineTransform_float_3_3
Parameters: 0.999996 -0.00281744 0.000586721 0.00281386 0.999979 0.00594293 -0.000604282 -0.00594107 0.999982 -0.0657344 0.44606 -0.0914618
FixedParameters: 0 0 0

#Transform 179
Transform: AffineTransform_float_3_3
Parameters: 0.999996 -0.00280261 0.00025097 0.00280115 0.999978 0.00598734 -0.000267838 -0.00598665 0.999982 -0.0746054 0.452609 -0.0863307
FixedParameters: 0 0 0
