# transform file /out/sourcedata/freesurfer/sub-v1s10x0051078_ses-1/mri/transforms/cc_up.lta
# created by oesteban on Thu Mar 12 07:22:36 2026

type      = 0 # LINEAR_VOX_TO_VOX
nxforms   = 1
mean      = 128.0000 132.0000 137.0000
sigma     = 10000.0000
1 4 4
9.983617067337036e-01 4.915969446301460e-02 2.927885949611664e-02 -7.603983879089355e+00 
-4.913856834173203e-02 9.987909793853760e-01 -1.441082102246583e-03 1.658069801330566e+01 
-2.931430377066135e-02 0.000000000000000e+00 9.995702505111694e-01 -5.218208789825439e+00 
0.000000000000000e+00 0.000000000000000e+00 0.000000000000000e+00 1.000000000000000e+00 
src volume info
valid = 1  # volume info valid
filename = /out/sourcedata/freesurfer/sub-v1s10x0051078_ses-1/mri/norm.mgz
volume = 256 256 256
voxelsize = 1.000000000000000e+00 1.000000000000000e+00 1.000000000000000e+00
xras   = -1.000000000000000e+00 0.000000000000000e+00 0.000000000000000e+00
yras   = 0.000000000000000e+00 0.000000000000000e+00 -1.000000000000000e+00
zras   = 0.000000000000000e+00 1.000000000000000e+00 0.000000000000000e+00
cras   = -8.732467651367188e+00 -2.285542297363281e+01 -4.783142089843750e+00
dst volume info
valid = 1  # volume info valid
filename = /out/sourcedata/freesurfer/sub-v1s10x0051078_ses-1/mri/norm.mgz
volume = 256 256 256
voxelsize = 1.000000000000000e+00 1.000000000000000e+00 1.000000000000000e+00
xras   = -1.000000000000000e+00 0.000000000000000e+00 0.000000000000000e+00
yras   = 0.000000000000000e+00 0.000000000000000e+00 -1.000000000000000e+00
zras   = 0.000000000000000e+00 1.000000000000000e+00 0.000000000000000e+00
cras   = -8.732467651367188e+00 -2.285542297363281e+01 -4.783142089843750e+00
