# transform file /out/sourcedata/freesurfer/sub-v1s10x0051152_ses-1/mri/transforms/cc_up.lta
# created by oesteban on Thu Mar 12 11:31:39 2026

type      = 0 # LINEAR_VOX_TO_VOX
nxforms   = 1
mean      = 130.0000 138.0000 119.0000
sigma     = 10000.0000
1 4 4
9.960292577743530e-01 -6.893505156040192e-02 -5.633586645126343e-02 1.528606605529785e+01 
6.882505118846893e-02 9.976211190223694e-01 -3.892776090651751e-03 -3.081759452819824e+00 
5.647020041942596e-02 0.000000000000000e+00 9.984043240547180e-01 1.696270370483398e+01 
0.000000000000000e+00 0.000000000000000e+00 0.000000000000000e+00 1.000000000000000e+00 
src volume info
valid = 1  # volume info valid
filename = /out/sourcedata/freesurfer/sub-v1s10x0051152_ses-1/mri/norm.mgz
volume = 256 256 256
voxelsize = 1.000000000000000e+00 1.000000000000000e+00 1.000000000000000e+00
xras   = -1.000000000000000e+00 0.000000000000000e+00 0.000000000000000e+00
yras   = 0.000000000000000e+00 0.000000000000000e+00 -1.000000000000000e+00
zras   = 0.000000000000000e+00 1.000000000000000e+00 0.000000000000000e+00
cras   = 2.833793640136719e+00 1.000000000000000e+00 -1.168670654296875e+00
dst volume info
valid = 1  # volume info valid
filename = /out/sourcedata/freesurfer/sub-v1s10x0051152_ses-1/mri/norm.mgz
volume = 256 256 256
voxelsize = 1.000000000000000e+00 1.000000000000000e+00 1.000000000000000e+00
xras   = -1.000000000000000e+00 0.000000000000000e+00 0.000000000000000e+00
yras   = 0.000000000000000e+00 0.000000000000000e+00 -1.000000000000000e+00
zras   = 0.000000000000000e+00 1.000000000000000e+00 0.000000000000000e+00
cras   = 2.833793640136719e+00 1.000000000000000e+00 -1.168670654296875e+00
