#Insight Transform File V1.0
#Transform 0
Transform: AffineTransform_float_3_3
Parameters: 1 0.000166389 -9.99711e-06 -0.000166412 1 -0.001205 9.59609e-06 0.001205 1 0.0499403 0.121568 0.352188
FixedParameters: 0 0 0

#Transform 1
Transform: AffineTransform_float_3_3
Parameters: 1 0.000743994 -0.000870172 -0.000744496 1 -0.000288559 0.000869743 0.00028844 1 0.014218 0.0218418 -0.0434757
FixedParameters: 0 0 0

#Transform 2
Transform: AffineTransform_float_3_3
Parameters: 0.999999 0.000554874 -0.000752173 -0.000555944 1 -0.000711942 0.000751382 0.000712057 0.999999 0.0231229 0.0178636 -0.154817
FixedParameters: 0 0 0

#Transform 3
Transform: AffineTransform_float_3_3
Parameters: 0.999999 0.000525416 -0.00128402 -0.000526722 1 -0.000660172 0.00128425 0.000660828 0.999999 0.0366931 0.0127522 -0.196863
FixedParameters: 0 0 0

#Transform 4
Transform: AffineTransform_float_3_3
Parameters: 0.999999 0.000771008 -0.00127415 -0.000772278 1 -0.000498223 0.00127338 0.000498775 0.999999 0.0383713 0.0161415 -0.217711
FixedParameters: 0 0 0

#Transform 5
Transform: AffineTransform_float_3_3
Parameters: 0.999999 0.000499883 -0.00119367 -0.000501073 1 -0.000498609 0.00119317 0.00049839 0.999999 0.0135416 0.0089315 -0.234543
FixedParameters: 0 0 0

#Transform 6
Transform: AffineTransform_float_3_3
Parameters: 0.999998 0.000619537 -0.00163111 -0.000620151 1 -0.000307684 0.00163165 0.000308317 0.999999 0.0379773 0.0109088 -0.2727
FixedParameters: 0 0 0

#Transform 7
Transform: AffineTransform_float_3_3
Parameters: 0.999999 0.000765532 -0.00128703 -0.000766423 0.999999 -0.000497709 0.00128719 0.000498291 1 0.0120426 0.0134209 -0.321661
FixedParameters: 0 0 0

#Transform 8
Transform: AffineTransform_float_3_3
Parameters: 0.999999 0.000765532 -0.00128703 -0.000766423 0.999999 -0.000497709 0.00128719 0.000498291 1 0.0212672 0.0291679 -0.328327
FixedParameters: 0 0 0

#Transform 9
Transform: AffineTransform_float_3_3
Parameters: 0.999999 0.000766182 -0.00128664 -0.000766163 1 7.77899e-06 0.00128666 -7.22139e-06 0.999999 0.0130466 0.0107408 -0.328741
FixedParameters: 0 0 0

#Transform 10
Transform: AffineTransform_float_3_3
Parameters: 0.999999 0.000530725 -0.00140695 -0.000530403 1 0.0002539 0.0014063 -0.000253102 0.999999 0.0237745 0.022423 -0.344488
FixedParameters: 0 0 0

#Transform 11
Transform: AffineTransform_float_3_3
Parameters: 0.999999 0.000477734 -0.00132694 -0.00047845 0.999999 0.000224788 0.00132662 -0.000224214 0.999999 0.036741 0.00523369 -0.404846
FixedParameters: 0 0 0

#Transform 12
Transform: AffineTransform_float_3_3
Parameters: 0.999998 0.000673655 -0.00150552 -0.000674013 1 0.000317168 0.00150541 -0.000315834 0.999999 0.0200701 0.00448914 -0.401005
FixedParameters: 0 0 0

#Transform 13
Transform: AffineTransform_float_3_3
Parameters: 0.999998 0.000686866 -0.00147351 -0.000686842 1 8.31762e-06 0.00147352 -7.68276e-06 1 0.0337999 0.00170549 -0.419964
FixedParameters: 0 0 0

#Transform 14
Transform: AffineTransform_float_3_3
Parameters: 0.999999 0.000627693 -0.00161334 -0.000628155 1 0.000142319 0.00161391 -0.000141682 0.999999 0.0362978 -0.00259968 -0.450409
FixedParameters: 0 0 0

#Transform 15
Transform: AffineTransform_float_3_3
Parameters: 0.999999 0.000759613 -0.00130294 -0.000759586 1 0.000363783 0.00130389 -0.000363217 0.999999 0.0309762 -0.0164529 -0.484559
FixedParameters: 0 0 0

#Transform 16
Transform: AffineTransform_float_3_3
Parameters: 0.999998 0.000681931 -0.00148467 -0.0006824 1 -0.000157682 0.00148445 0.000158318 0.999999 0.0339759 -0.0017426 -0.492188
FixedParameters: 0 0 0

#Transform 17
Transform: AffineTransform_float_3_3
Parameters: 0.999999 0.000595672 -0.00168648 -0.000597129 1 -0.000547688 0.00168674 0.000548311 0.999999 0.0399799 -0.0186074 -0.527686
FixedParameters: 0 0 0

#Transform 18
Transform: AffineTransform_float_3_3
Parameters: 0.999998 0.000692386 -0.00145913 -0.000693435 1 -0.000492836 0.00145936 0.000494164 0.999999 0.0270245 -0.00889164 -0.51081
FixedParameters: 0 0 0

#Transform 19
Transform: AffineTransform_float_3_3
Parameters: 0.999998 0.000649118 -0.00156122 -0.00064996 1 -0.000393833 0.00156162 0.000395167 0.999999 0.0266602 0.00511872 -0.48629
FixedParameters: 0 0 0

#Transform 20
Transform: AffineTransform_float_3_3
Parameters: 0.999999 0.00063899 -0.00158513 -0.000640163 1 -0.00036968 0.00158466 0.000370318 0.999999 0.0447375 0.0117532 -0.514094
FixedParameters: 0 0 0

#Transform 21
Transform: AffineTransform_float_3_3
Parameters: 0.999999 0.000324948 -0.00134512 -0.000325679 1 -0.00027105 0.00134495 0.00027195 0.999999 0.0405439 -0.00483008 -0.554972
FixedParameters: 0 0 0

#Transform 22
Transform: AffineTransform_float_3_3
Parameters: 0.999999 0.000292212 -0.00151076 -0.000292988 0.999999 -0.000561045 0.00151004 0.000561954 0.999999 0.0458458 0.0159694 -0.519881
FixedParameters: 0 0 0

#Transform 23
Transform: AffineTransform_float_3_3
Parameters: 0.999999 0.00016769 -0.0017707 -0.000169047 1 -0.000493189 0.00177146 0.00049381 0.999998 0.0542847 -0.0023671 -0.534805
FixedParameters: 0 0 0

#Transform 24
Transform: AffineTransform_float_3_3
Parameters: 0.999998 0.000637874 -0.0015871 -0.000639324 1 -0.000579681 0.00158728 0.000580319 0.999999 0.0318928 0.0109951 -0.545232
FixedParameters: 0 0 0

#Transform 25
Transform: AffineTransform_float_3_3
Parameters: 0.999999 0.000272982 -0.00134844 -0.000273676 1 -0.000743479 0.00134856 0.000743522 0.999999 0.036491 -0.00847711 -0.539721
FixedParameters: 0 0 0

#Transform 26
Transform: AffineTransform_float_3_3
Parameters: 0.999999 0.000287669 -0.00128922 -0.000288776 1 -0.000429116 0.00128897 0.000429883 0.999999 0.0492677 -0.0114053 -0.561707
FixedParameters: 0 0 0

#Transform 27
Transform: AffineTransform_float_3_3
Parameters: 0.999999 0.000349722 -0.00137012 -0.000351111 1 -0.000649367 0.00137059 0.000649633 0.999999 0.0376817 0.00730597 -0.540245
FixedParameters: 0 0 0

#Transform 28
Transform: AffineTransform_float_3_3
Parameters: 0.999998 0.000311252 -0.00163953 -0.000312395 1 -0.000629336 0.00163875 0.000629664 0.999998 0.0629284 0.00537545 -0.552237
FixedParameters: 0 0 0

#Transform 29
Transform: AffineTransform_float_3_3
Parameters: 0.999999 0.000132272 -0.00085393 -0.000132323 0.999999 -0.000797375 0.000854249 0.000797626 1 0.0357942 0.0179853 -0.563915
FixedParameters: 0 0 0

#Transform 30
Transform: AffineTransform_float_3_3
Parameters: 0.999999 6.72003e-05 -0.000912148 -6.79321e-05 0.999999 -0.000905578 0.000911635 0.000906421 0.999999 0.0395605 0.0363028 -0.529744
FixedParameters: 0 0 0

#Transform 31
Transform: AffineTransform_float_3_3
Parameters: 0.999999 0.000191612 -0.000883409 -0.000192675 1 -0.00060183 0.000883178 0.000602169 0.999999 0.0346714 0.0190397 -0.518454
FixedParameters: 0 0 0

#Transform 32
Transform: AffineTransform_float_3_3
Parameters: 1 0.000583274 -0.000946514 -0.000584041 0.999999 -0.000404447 0.000946041 0.000405552 0.999999 0.0264525 0.0139934 -0.550625
FixedParameters: 0 0 0

#Transform 33
Transform: AffineTransform_float_3_3
Parameters: 0.999999 0.000339948 -0.00119496 -0.000339443 1 -0.000173235 0.00119445 0.000174766 0.999999 0.0334145 0.0277096 -0.519321
FixedParameters: 0 0 0

#Transform 34
Transform: AffineTransform_float_3_3
Parameters: 0.999999 0.000115417 -0.000876013 -0.000115582 1 -0.000619898 0.000875479 0.000620101 0.999999 0.0321259 0.0097716 -0.541383
FixedParameters: 0 0 0

#Transform 35
Transform: AffineTransform_float_3_3
Parameters: 1 0.000389355 -0.000983596 -0.000389684 0.999999 -0.000365464 0.000984232 0.000365536 0.999999 0.0231888 0.0144151 -0.547508
FixedParameters: 0 0 0

#Transform 36
Transform: AffineTransform_float_3_3
Parameters: 1 0.00032465 -0.00113551 -0.000324916 0.999999 -0.000522119 0.00113478 0.000522881 1 0.0411973 0.0233096 -0.540229
FixedParameters: 0 0 0

#Transform 37
Transform: AffineTransform_float_3_3
Parameters: 0.999999 0.000271115 -0.00090933 -0.000270525 1 -0.000181754 0.000908841 0.000182246 0.999999 0.02798 0.00932233 -0.550972
FixedParameters: 0 0 0

#Transform 38
Transform: AffineTransform_float_3_3
Parameters: 0.999999 0.000168729 -0.00099948 -0.000169093 1 -0.000181831 0.000999419 0.000182169 0.999999 0.0311174 0.0117372 -0.517639
FixedParameters: 0 0 0

#Transform 39
Transform: AffineTransform_float_3_3
Parameters: 1 0.000398135 -0.000963275 -0.000398486 1 -0.000181616 0.00096313 0.000182383 0.999999 0.0298481 0.026506 -0.535034
FixedParameters: 0 0 0

#Transform 40
Transform: AffineTransform_float_3_3
Parameters: 0.999999 0.000205094 -0.000881128 -0.000204915 1 0.000101333 0.000881169 -0.000101667 1 0.0237247 0.0271267 -0.559221
FixedParameters: 0 0 0

#Transform 41
Transform: AffineTransform_float_3_3
Parameters: 0.999999 0.000222537 -0.000888561 -0.00022245 1 4.91977e-05 0.000888583 -4.88023e-05 0.999999 0.0313542 0.0210407 -0.569149
FixedParameters: 0 0 0

#Transform 42
Transform: AffineTransform_float_3_3
Parameters: 0.999999 0.000297278 -0.000920149 -0.000297751 1 0.000243274 0.000920684 -0.000242726 0.999999 0.0244599 0.0122148 -0.58913
FixedParameters: 0 0 0

#Transform 43
Transform: AffineTransform_float_3_3
Parameters: 1 0.00017055 -0.00102173 -0.000170053 1 0.000243174 0.00102181 -0.000242826 0.999999 0.0312946 0.0120174 -0.589317
FixedParameters: 0 0 0

#Transform 44
Transform: AffineTransform_float_3_3
Parameters: 0.999999 0.000251238 -0.000900626 -0.00025082 1 0.000232226 0.000900743 -0.000231774 0.999999 0.0304446 0.0174603 -0.637185
FixedParameters: 0 0 0

#Transform 45
Transform: AffineTransform_float_3_3
Parameters: 0.999999 0.000195192 -0.00087678 -0.000194566 1 0.000357171 0.000876919 -0.000356829 0.999999 0.0291696 0.00997297 -0.615176
FixedParameters: 0 0 0

#Transform 46
Transform: AffineTransform_float_3_3
Parameters: 1 -0.000128145 -0.00113625 0.00012817 1 1.12141e-05 0.00113625 -1.0786e-05 1 0.0451433 0.0143832 -0.575905
FixedParameters: 0 0 0

#Transform 47
Transform: AffineTransform_float_3_3
Parameters: 0.999999 -2.15198e-05 -0.000785026 2.13597e-05 1 -0.000102017 0.000785031 0.000101983 0.999999 0.0198727 0.0134584 -0.542045
FixedParameters: 0 0 0

#Transform 48
Transform: AffineTransform_float_3_3
Parameters: 0.999999 3.03953e-06 -0.000795185 -1.94693e-06 1 0.000687001 0.000795189 -0.000686997 0.999999 0.0252554 0.0411023 -0.507966
FixedParameters: 0 0 0

#Transform 49
Transform: AffineTransform_float_3_3
Parameters: 1 0.000100415 -0.000565019 -9.99376e-05 1 0.000422056 0.000565104 -0.000421943 1 0.0215893 0.0306792 -0.540089
FixedParameters: 0 0 0

#Transform 50
Transform: AffineTransform_float_3_3
Parameters: 1 0.00010038 -0.000565025 -9.99721e-05 1 0.000361056 0.000565098 -0.000360943 1 0.0202285 0.0366494 -0.57842
FixedParameters: 0 0 0

#Transform 51
Transform: AffineTransform_float_3_3
Parameters: 0.999999 2.95844e-06 -0.000795186 -2.02806e-06 1 0.000585001 0.000795189 -0.000584997 0.999999 0.0264898 0.00705135 -0.612976
FixedParameters: 0 0 0

#Transform 52
Transform: AffineTransform_float_3_3
Parameters: 0.999999 3.15134e-06 -0.000795185 -1.83449e-06 0.999999 0.000828361 0.00079519 -0.000827638 1 0.0255387 0.0189595 -0.58763
FixedParameters: 0 0 0

#Transform 53
Transform: AffineTransform_float_3_3
Parameters: 0.999999 2.56174e-06 -0.000795187 -2.42496e-06 1 8.6002e-05 0.000795188 -8.5998e-05 0.999999 0.0254979 0.044996 -0.53623
FixedParameters: 0 0 0

#Transform 54
Transform: AffineTransform_float_3_3
Parameters: 0.999999 2.91631e-06 -0.000795186 -2.07022e-06 1 0.000532002 0.000795188 -0.000531998 0.999999 0.0284441 0.039358 -0.571765
FixedParameters: 0 0 0

#Transform 55
Transform: AffineTransform_float_3_3
Parameters: 1 5.43857e-05 -0.000673655 -5.37538e-05 1 0.000469036 0.000673706 -0.000468963 0.999999 0.0231523 0.027043 -0.588003
FixedParameters: 0 0 0

#Transform 56
Transform: AffineTransform_float_3_3
Parameters: 1 8.06398e-05 -0.000611956 -7.98576e-05 1 0.000639049 0.000612058 -0.00063895 0.999999 0.022415 0.0285823 -0.576726
FixedParameters: 0 0 0

#Transform 57
Transform: AffineTransform_float_3_3
Parameters: 0.999999 2.60146e-05 -0.000740861 -2.50781e-05 1 0.000632018 0.000740894 -0.00063198 0.999999 0.0291281 0.0386178 -0.576523
FixedParameters: 0 0 0

#Transform 58
Transform: AffineTransform_float_3_3
Parameters: 0.999999 3.00137e-06 -0.000795185 -1.98511e-06 1 0.000639001 0.000795189 -0.000638997 0.999999 0.0273348 0.0328092 -0.58274
FixedParameters: 0 0 0

#Transform 59
Transform: AffineTransform_float_3_3
Parameters: 0.999999 2.83442e-06 -0.000795186 -2.15214e-06 1 0.000429002 0.000795188 -0.000428998 0.999999 0.0195597 0.0380658 -0.582578
FixedParameters: 0 0 0

#Transform 60
Transform: AffineTransform_float_3_3
Parameters: 0.999999 3.30983e-06 -0.000795185 -2.5966e-06 1 0.001027 0.000795582 -0.001027 0.999999 0.0339802 0.0321928 -0.561835
FixedParameters: 0 0 0

#Transform 61
Transform: AffineTransform_float_3_3
Parameters: 0.999999 3.0782e-06 -0.000795186 -1.90767e-06 1 0.000736362 0.000795189 -0.000735638 1 0.0281541 0.0458623 -0.54783
FixedParameters: 0 0 0

#Transform 62
Transform: AffineTransform_float_3_3
Parameters: 1 5.50199e-05 -0.000672715 -5.39004e-05 0.999999 0.000832396 0.000672806 -0.000831604 1 0.0199767 0.0507299 -0.508902
FixedParameters: 0 0 0

#Transform 63
Transform: AffineTransform_float_3_3
Parameters: 0.999999 0.000200212 -0.000878638 -0.00019967 0.999999 0.000832535 0.000879361 -0.000831465 0.999999 0.0218587 0.0402943 -0.517452
FixedParameters: 0 0 0

#Transform 64
Transform: AffineTransform_float_3_3
Parameters: 1 0.000138415 -0.00104251 -0.00013799 0.999999 0.000832657 0.00104221 -0.000832344 0.999999 0.0339434 0.0434582 -0.52705
FixedParameters: 0 0 0

#Transform 65
Transform: AffineTransform_float_3_3
Parameters: 0.999999 0.000134741 -0.000850964 -0.000133509 0.999999 0.000724113 0.000851158 -0.000723885 0.999999 0.0350505 0.04365 -0.571028
FixedParameters: 0 0 0

#Transform 66
Transform: AffineTransform_float_3_3
Parameters: 0.999999 -5.96806e-05 -0.000944381 6.06181e-05 1 0.00119094 0.000943708 -0.00119106 0.999999 0.0316292 0.0491942 -0.588713
FixedParameters: 0 0 0

#Transform 67
Transform: AffineTransform_float_3_3
Parameters: 0.999999 3.46008e-06 -0.000795184 -2.4462e-06 1 0.001216 0.000795582 -0.001216 0.999999 0.0253504 0.0548498 -0.572108
FixedParameters: 0 0 0

#Transform 68
Transform: AffineTransform_float_3_3
Parameters: 1 4.56856e-05 -0.00112813 -4.51188e-05 0.999999 0.000832564 0.00112768 -0.000832436 0.999999 0.0356895 0.0415428 -0.560542
FixedParameters: 0 0 0

#Transform 69
Transform: AffineTransform_float_3_3
Parameters: 0.999999 3.54594e-06 -0.000795183 -2.36026e-06 0.999999 0.001324 0.000795582 -0.001324 0.999999 0.0229751 0.0297395 -0.601951
FixedParameters: 0 0 0

#Transform 70
Transform: AffineTransform_float_3_3
Parameters: 0.999999 -6.04116e-05 -0.000946226 6.18418e-05 0.999999 0.00124194 0.000946465 -0.00124206 0.999999 0.0274077 0.0401654 -0.574407
FixedParameters: 0 0 0

#Transform 71
Transform: AffineTransform_float_3_3
Parameters: 0.999999 0.000126823 -0.000847399 -0.000125778 1 0.00115911 0.000848083 -0.00115889 0.999999 0.0371437 0.0486958 -0.592548
FixedParameters: 0 0 0

#Transform 72
Transform: AffineTransform_float_3_3
Parameters: 0.999999 3.48075e-06 -0.000795184 -2.42551e-06 0.999999 0.001242 0.000795582 -0.001242 0.999999 0.0280175 0.0332221 -0.618816
FixedParameters: 0 0 0

#Transform 73
Transform: AffineTransform_float_3_3
Parameters: 1 5.08979e-06 -0.00109219 -4.1871e-06 0.999999 0.001435 0.00109207 -0.00143499 0.999998 0.0314922 0.0173637 -0.649369
FixedParameters: 0 0 0

#Transform 74
Transform: AffineTransform_float_3_3
Parameters: 1 -8.88516e-05 -0.00101346 9.04487e-05 0.999999 0.00124191 0.00101363 -0.00124209 0.999998 0.0514833 0.0269402 -0.673773
FixedParameters: 0 0 0

#Transform 75
Transform: AffineTransform_float_3_3
Parameters: 0.999999 -0.000838976 -0.00115982 0.000840287 0.999999 0.00135939 0.00115832 -0.00136061 0.999999 0.103837 0.0212198 -0.722119
FixedParameters: 0 0 0

#Transform 76
Transform: AffineTransform_float_3_3
Parameters: 0.999998 -0.000540978 -0.00159203 0.000543091 0.999999 0.0012415 0.00159146 -0.0012425 0.999998 0.0795749 0.0213081 -0.75495
FixedParameters: 0 0 0

#Transform 77
Transform: AffineTransform_float_3_3
Parameters: 0.999997 -0.000812171 -0.00201041 0.000815764 0.999998 0.00180908 0.00200903 -0.00181092 0.999996 0.0949312 0.0252436 -0.718583
FixedParameters: 0 0 0

#Transform 78
Transform: AffineTransform_float_3_3
Parameters: 0.999998 -0.000686148 -0.0018455 0.00068806 0.999999 0.00126561 0.00184493 -0.0012674 0.999998 0.0897375 0.0398831 -0.704312
FixedParameters: 0 0 0

#Transform 79
Transform: AffineTransform_float_3_3
Parameters: 0.999997 -0.000861379 -0.00198962 0.000863209 0.999999 0.001153 0.0019888 -0.001155 0.999997 0.0934945 0.0334079 -0.715055
FixedParameters: 0 0 0

#Transform 80
Transform: AffineTransform_float_3_3
Parameters: 0.999998 -0.000634237 -0.00188692 0.000637663 0.999998 0.00174388 0.00188495 -0.00174412 0.999997 0.0838338 0.0246398 -0.765809
FixedParameters: 0 0 0

#Transform 81
Transform: AffineTransform_float_3_3
Parameters: 0.999999 -0.000730423 -0.00162373 0.00073238 0.999999 0.00116917 0.0016228 -0.00117083 0.999998 0.0829487 0.0473565 -0.729223
FixedParameters: 0 0 0

#Transform 82
Transform: AffineTransform_float_3_3
Parameters: 0.999998 -0.000659166 -0.00186992 0.000661826 0.999999 0.00144948 0.00186917 -0.00145052 0.999997 0.0923405 0.0319125 -0.774864
FixedParameters: 0 0 0

#Transform 83
Transform: AffineTransform_float_3_3
Parameters: 0.999998 -0.000665695 -0.00154036 0.000666771 0.999999 0.00124533 0.00153987 -0.00124667 0.999998 0.0754209 0.0385272 -0.758842
FixedParameters: 0 0 0

#Transform 84
Transform: AffineTransform_float_3_3
Parameters: 0.999998 -0.000477453 -0.0015114 0.000479543 0.999999 0.00129979 0.00151093 -0.00130121 0.999998 0.0767084 0.0462515 -0.744938
FixedParameters: 0 0 0

#Transform 85
Transform: AffineTransform_float_3_3
Parameters: 0.999998 -0.000632673 -0.00180735 0.000634259 0.999999 0.000947574 0.00180693 -0.000948425 0.999998 0.0810696 0.046734 -0.757802
FixedParameters: 0 0 0

#Transform 86
Transform: AffineTransform_float_3_3
Parameters: 0.999998 -0.000638767 -0.00149746 0.000640818 0.999999 0.0012994 0.00149658 -0.0013006 0.999998 0.0735857 0.0554399 -0.753053
FixedParameters: 0 0 0

#Transform 87
Transform: AffineTransform_float_3_3
Parameters: 0.999997 -0.00102039 -0.00187351 0.00102342 0.999999 0.0012988 0.00187163 -0.00130119 0.999997 0.0894338 0.0517861 -0.732328
FixedParameters: 0 0 0

#Transform 88
Transform: AffineTransform_float_3_3
Parameters: 0.999999 -0.000591827 -0.00161615 0.000593182 0.999999 0.000988762 0.00161576 -0.000989238 0.999998 0.0760825 0.0592104 -0.746309
FixedParameters: 0 0 0

#Transform 89
Transform: AffineTransform_float_3_3
Parameters: 0.999998 -0.000909991 -0.00177248 0.000911564 1 0.000962593 0.00177151 -0.000964407 0.999997 0.0783271 0.0544585 -0.752822
FixedParameters: 0 0 0

#Transform 90
Transform: AffineTransform_float_3_3
Parameters: 0.999998 -0.000721856 -0.00176308 0.000724488 0.999999 0.00126844 0.00176202 -0.00126956 0.999998 0.0773632 0.0509086 -0.748513
FixedParameters: 0 0 0

#Transform 91
Transform: AffineTransform_float_3_3
Parameters: 0.999997 -0.000760141 -0.00199444 0.000763121 0.999999 0.0012082 0.00199338 -0.0012098 0.999997 0.0788106 0.0498474 -0.728033
FixedParameters: 0 0 0

#Transform 92
Transform: AffineTransform_float_3_3
Parameters: 0.999998 -0.000901292 -0.00177508 0.000902911 0.999999 0.000973759 0.0017741 -0.000976241 0.999998 0.0790069 0.0552145 -0.751687
FixedParameters: 0 0 0

#Transform 93
Transform: AffineTransform_float_3_3
Parameters: 0.999997 -0.000976909 -0.00196029 0.000978984 0.999999 0.0012328 0.00195905 -0.0012352 0.999997 0.08825 0.0297101 -0.782629
FixedParameters: 0 0 0

#Transform 94
Transform: AffineTransform_float_3_3
Parameters: 0.999998 -0.000839744 -0.00170561 0.000841382 0.999999 0.00128929 0.00170462 -0.00129072 0.999998 0.0805105 0.0584186 -0.774643
FixedParameters: 0 0 0

#Transform 95
Transform: AffineTransform_float_3_3
Parameters: 0.999998 -0.0010707 -0.00156671 0.00107228 0.999999 0.00138589 0.00156491 -0.00138711 0.999998 0.0778086 0.0369924 -0.773754
FixedParameters: 0 0 0

#Transform 96
Transform: AffineTransform_float_3_3
Parameters: 0.999997 -0.000804763 -0.00203419 0.000807251 0.999999 0.00138608 0.0020322 -0.00138792 0.999997 0.0829131 0.0427092 -0.747563
FixedParameters: 0 0 0

#Transform 97
Transform: AffineTransform_float_3_3
Parameters: 0.999999 -0.000650998 -0.00135656 0.000652412 0.999999 0.00119948 0.00135578 -0.00120052 0.999999 0.0548398 0.0480507 -0.7529
FixedParameters: 0 0 0

#Transform 98
Transform: AffineTransform_float_3_3
Parameters: 0.999998 -0.000930683 -0.00169972 0.000932607 0.999999 0.00126298 0.00169946 -0.00126402 0.999998 0.0739979 0.0623692 -0.74089
FixedParameters: 0 0 0

#Transform 99
Transform: AffineTransform_float_3_3
Parameters: 0.999998 -0.000667822 -0.00154271 0.00066975 0.999999 0.00122133 0.00154186 -0.00122267 0.999998 0.0602357 0.0560571 -0.762819
FixedParameters: 0 0 0

#Transform 100
Transform: AffineTransform_float_3_3
Parameters: 0.999998 -0.000933135 -0.00138159 0.000934461 0.999999 0.00114592 0.00138023 -0.00114708 0.999998 0.0623871 0.0510471 -0.718626
FixedParameters: 0 0 0

#Transform 101
Transform: AffineTransform_float_3_3
Parameters: 0.999998 -0.000960184 -0.00144267 0.000960691 0.999999 0.000494181 0.00144211 -0.000494819 0.999999 0.0511944 0.0714722 -0.728272
FixedParameters: 0 0 0

#Transform 102
Transform: AffineTransform_float_3_3
Parameters: 0.999998 -0.000700123 -0.00175927 0.000700944 1 0.000494487 0.00175897 -0.000495513 0.999998 0.0703419 0.0586578 -0.772166
FixedParameters: 0 0 0

#Transform 103
Transform: AffineTransform_float_3_3
Parameters: 0.999998 -0.000749054 -0.00154195 0.000749898 0.999999 0.000571564 0.00154148 -0.000572436 0.999999 0.0594594 0.0449217 -0.785895
FixedParameters: 0 0 0

#Transform 104
Transform: AffineTransform_float_3_3
Parameters: 0.999998 -0.000903896 -0.00182495 0.000904818 0.999999 0.000504069 0.00182443 -0.000505931 0.999998 0.0806854 0.0445019 -0.797046
FixedParameters: 0 0 0

#Transform 105
Transform: AffineTransform_float_3_3
Parameters: 0.999998 -0.00102815 -0.00200806 0.00103062 0.999999 0.000976653 0.00200775 -0.000979348 0.999998 0.077108 0.0227376 -0.822071
FixedParameters: 0 0 0

#Transform 106
Transform: AffineTransform_float_3_3
Parameters: 0.999997 -0.00099292 -0.00198381 0.000994058 0.999999 0.000518108 0.00198317 -0.000519891 0.999998 0.0874182 0.0306079 -0.822173
FixedParameters: 0 0 0

#Transform 107
Transform: AffineTransform_float_3_3
Parameters: 0.999998 -0.000903044 -0.00188185 0.000904883 0.999999 0.000977378 0.00188086 -0.000978621 0.999998 0.0792169 0.0316786 -0.842135
FixedParameters: 0 0 0

#Transform 108
Transform: AffineTransform_float_3_3
Parameters: 0.999997 -0.00113275 -0.00185074 0.00113431 0.999999 0.000670829 0.00184961 -0.00067217 0.999998 0.0848545 0.0311148 -0.816321
FixedParameters: 0 0 0

#Transform 109
Transform: AffineTransform_float_3_3
Parameters: 0.999997 -0.00126915 -0.00217194 0.00127064 0.999999 0.000554168 0.00217092 -0.00055683 0.999997 0.101119 0.0285419 -0.794879
FixedParameters: 0 0 0

#Transform 110
Transform: AffineTransform_float_3_3
Parameters: 0.999998 -0.000939843 -0.00170219 0.000940628 0.999999 0.000500119 0.00170164 -0.000501881 0.999999 0.0798136 0.0536778 -0.815521
FixedParameters: 0 0 0

#Transform 111
Transform: AffineTransform_float_3_3
Parameters: 0.999997 -0.00144067 -0.00165392 0.00144188 0.999998 0.000523183 0.00165372 -0.000525816 0.999998 0.113101 0.0544627 -0.802761
FixedParameters: 0 0 0

#Transform 112
Transform: AffineTransform_float_3_3
Parameters: 0.999997 -0.00128383 -0.00176819 0.00128476 0.999999 0.000521656 0.00176724 -0.000523344 0.999999 0.108424 0.0522044 -0.816411
FixedParameters: 0 0 0

#Transform 113
Transform: AffineTransform_float_3_3
Parameters: 0.999997 -0.00142016 -0.00191236 0.00142082 0.999999 0.000412058 0.00191157 -0.000413942 0.999998 0.103754 0.0335952 -0.864574
FixedParameters: 0 0 0

#Transform 114
Transform: AffineTransform_float_3_3
Parameters: 0.999997 -0.00133328 -0.00173426 0.00133494 0.999998 0.000629252 0.00173388 -0.000631746 0.999998 0.0895064 0.0309357 -0.81999
FixedParameters: 0 0 0

#Transform 115
Transform: AffineTransform_float_3_3
Parameters: 0.999997 -0.0013616 -0.00191217 0.00136199 0.999999 0.00034317 0.00191162 -0.00034483 0.999998 0.113837 0.0438639 -0.827858
FixedParameters: 0 0 0

#Transform 116
Transform: AffineTransform_float_3_3
Parameters: 0.999998 -0.00113434 -0.0016382 0.00113499 0.999999 0.000478708 0.00163751 -0.000480291 0.999998 0.0836445 0.0423074 -0.851164
FixedParameters: 0 0 0

#Transform 117
Transform: AffineTransform_float_3_3
Parameters: 0.999997 -0.0012528 -0.00179765 0.00125388 0.999999 0.000555674 0.00179665 -0.000557326 0.999999 0.0874849 0.0255991 -0.834832
FixedParameters: 0 0 0

#Transform 118
Transform: AffineTransform_float_3_3
Parameters: 0.999998 -0.00115562 -0.00190168 0.00115612 0.999999 0.000131368 0.00190137 -0.000133631 0.999998 0.0887887 0.0355367 -0.858471
FixedParameters: 0 0 0

#Transform 119
Transform: AffineTransform_float_3_3
Parameters: 0.999997 -0.00118928 -0.00176262 0.0011904 0.999999 0.000466469 0.00176282 -0.00046853 0.999998 0.082754 0.0354111 -0.831927
FixedParameters: 0 0 0

#Transform 120
Transform: AffineTransform_float_3_3
Parameters: 0.999998 -0.00134826 -0.00191769 0.00134771 0.999999 9.5342e-05 0.00191782 -9.76595e-05 0.999998 0.0856283 0.0489785 -0.803714
FixedParameters: 0 0 0

#Transform 121
Transform: AffineTransform_float_3_3
Parameters: 0.999998 -0.00122654 -0.00191951 0.00122729 0.999999 0.000434572 0.00191883 -0.000436428 0.999998 0.084582 0.0256245 -0.879701
FixedParameters: 0 0 0

#Transform 122
Transform: AffineTransform_float_3_3
Parameters: 0.999998 -0.0011002 -0.0017721 0.00110136 0.999999 0.000328615 0.00177137 -0.000330383 0.999998 0.0873451 0.0317858 -0.853022
FixedParameters: 0 0 0

#Transform 123
Transform: AffineTransform_float_3_3
Parameters: 0.999997 -0.00120475 -0.00201657 0.00120468 0.999999 -1.75032e-05 0.00201661 1.5497e-05 0.999998 0.0943737 0.0391443 -0.824832
FixedParameters: 0 0 0

#Transform 124
Transform: AffineTransform_float_3_3
Parameters: 0.999998 -0.00112886 -0.0016709 0.0011296 0.999999 0.00038068 0.00167135 -0.000382321 0.999998 0.0731492 0.0375455 -0.8325
FixedParameters: 0 0 0

#Transform 125
Transform: AffineTransform_float_3_3
Parameters: 0.999997 -0.00126958 -0.00179047 0.00127153 0.999999 0.000434291 0.00179028 -0.000436707 0.999998 0.0878413 0.0452408 -0.793544
FixedParameters: 0 0 0

#Transform 126
Transform: AffineTransform_float_3_3
Parameters: 0.999998 -0.00126972 -0.00182409 0.00127039 0.999999 0.00043461 0.00182337 -0.00043639 0.999999 0.0885514 0.0498155 -0.831834
FixedParameters: 0 0 0

#Transform 127
Transform: AffineTransform_float_3_3
Parameters: 0.999998 -0.00143361 -0.00181869 0.00143427 0.999999 0.000434319 0.00181783 -0.000436681 0.999999 0.0928366 0.0645328 -0.837968
FixedParameters: 0 0 0

#Transform 128
Transform: AffineTransform_float_3_3
Parameters: 0.999997 -0.00138477 -0.00191868 0.00138552 0.999999 0.000434269 0.00191787 -0.00043673 0.999998 0.0990396 0.0455885 -0.83608
FixedParameters: 0 0 0

#Transform 129
Transform: AffineTransform_float_3_3
Parameters: 0.999997 -0.00129961 -0.00173321 0.0013002 0.999999 0.000434314 0.00173246 -0.000436685 0.999998 0.086239 0.0495925 -0.839548
FixedParameters: 0 0 0

#Transform 130
Transform: AffineTransform_float_3_3
Parameters: 0.999997 -0.00155228 -0.00160311 0.00155305 0.999999 0.000238925 0.00160236 -0.000241074 0.999998 0.102678 0.0684657 -0.827094
FixedParameters: 0 0 0

#Transform 131
Transform: AffineTransform_float_3_3
Parameters: 0.999998 -0.0013796 -0.00137682 0.00137973 0.999998 0.000573668 0.00137694 -0.000575334 0.999999 0.0855305 0.048347 -0.832221
FixedParameters: 0 0 0

#Transform 132
Transform: AffineTransform_float_3_3
Parameters: 0.999998 -0.00154139 -0.00175779 0.001542 0.999999 0.000434064 0.00175684 -0.000435935 0.999999 0.0883426 0.0492011 -0.80624
FixedParameters: 0 0 0

#Transform 133
Transform: AffineTransform_float_3_3
Parameters: 0.999997 -0.00156034 -0.00180179 0.00156056 0.999999 0.000314963 0.0018012 -0.000317037 0.999998 0.0935518 0.0771444 -0.787948
FixedParameters: 0 0 0

#Transform 134
Transform: AffineTransform_float_3_3
Parameters: 0.999998 -0.00132738 -0.00148357 0.00132775 0.999999 0.000434597 0.0014828 -0.000436402 0.999999 0.0781454 0.0614653 -0.821996
FixedParameters: 0 0 0

#Transform 135
Transform: AffineTransform_float_3_3
Parameters: 0.999999 -0.00124817 -0.00132198 0.00124972 0.999999 0.000932557 0.00132004 -0.000934442 0.999999 0.0696158 0.0591855 -0.813978
FixedParameters: 0 0 0

#Transform 136
Transform: AffineTransform_float_3_3
Parameters: 0.999998 -0.00153214 -0.00173812 0.00153314 0.999999 0.000816752 0.00173639 -0.000819249 0.999998 0.094639 0.0515331 -0.813446
FixedParameters: 0 0 0

#Transform 137
Transform: AffineTransform_float_3_3
Parameters: 0.999998 -0.00143118 -0.00150087 0.00143195 0.999998 0.00104606 0.00149997 -0.00104894 0.999998 0.0793656 0.050171 -0.835249
FixedParameters: 0 0 0

#Transform 138
Transform: AffineTransform_float_3_3
Parameters: 0.999997 -0.00146643 -0.00158359 0.00146795 0.999999 0.000935092 0.00158255 -0.000936909 0.999999 0.0754233 0.0523523 -0.82683
FixedParameters: 0 0 0

#Transform 139
Transform: AffineTransform_float_3_3
Parameters: 0.999998 -0.00143344 -0.00150518 0.00143451 0.999999 0.00083705 0.00150447 -0.000839951 0.999999 0.084611 0.0364509 -0.829885
FixedParameters: 0 0 0

#Transform 140
Transform: AffineTransform_float_3_3
Parameters: 0.999997 -0.00156269 -0.00180982 0.00156393 0.999999 0.000741586 0.0018092 -0.000744416 0.999998 0.0854122 0.0392137 -0.826023
FixedParameters: 0 0 0

#Transform 141
Transform: AffineTransform_float_3_3
Parameters: 0.999998 -0.00152729 -0.00172722 0.001529 0.999998 0.000914928 0.00172612 -0.000918072 0.999999 0.0868575 0.0492624 -0.83043
FixedParameters: 0 0 0

#Transform 142
Transform: AffineTransform_float_3_3
Parameters: 0.999997 -0.00151751 -0.0018357 0.00151859 0.999998 0.00104578 0.0018337 -0.00104922 0.999998 0.093091 0.0453346 -0.832668
FixedParameters: 0 0 0

#Transform 143
Transform: AffineTransform_float_3_3
Parameters: 0.999996 -0.00164321 -0.00200185 0.00164503 0.999998 0.00104564 0.0020005 -0.00104936 0.999998 0.0955931 0.0285598 -0.850435
FixedParameters: 0 0 0

#Transform 144
Transform: AffineTransform_float_3_3
Parameters: 0.999997 -0.00154911 -0.0017788 0.00154963 0.999999 0.00092266 0.00177711 -0.000925342 0.999998 0.0976994 0.0340496 -0.815675
FixedParameters: 0 0 0

#Transform 145
Transform: AffineTransform_float_3_3
Parameters: 0.999997 -0.00159689 -0.00189221 0.00159797 0.999998 0.00101339 0.00189014 -0.00101661 0.999997 0.114221 0.0522858 -0.833572
FixedParameters: 0 0 0

#Transform 146
Transform: AffineTransform_float_3_3
Parameters: 0.999997 -0.00155806 -0.00179999 0.00155905 0.999999 0.00093161 0.00179918 -0.000934392 0.999998 0.0968729 0.0431321 -0.847309
FixedParameters: 0 0 0

#Transform 147
Transform: AffineTransform_float_3_3
Parameters: 0.999996 -0.00164219 -0.00199772 0.00164384 0.999998 0.000774285 0.00199687 -0.000778715 0.999998 0.118296 0.0531277 -0.825596
FixedParameters: 0 0 0

#Transform 148
Transform: AffineTransform_float_3_3
Parameters: 0.999996 -0.0016416 -0.00199572 0.00164248 0.999998 0.000678497 0.00199427 -0.000681502 0.999997 0.107971 0.0496861 -0.856546
FixedParameters: 0 0 0

#Transform 149
Transform: AffineTransform_float_3_3
Parameters: 0.999997 -0.0016058 -0.00190844 0.00160574 0.999999 0.00022371 0.00190811 -0.000226291 0.999998 0.105187 0.0547542 -0.827013
FixedParameters: 0 0 0

#Transform 150
Transform: AffineTransform_float_3_3
Parameters: 0.999996 -0.00184369 -0.00223964 0.00184364 0.999998 -1.29961e-05 0.00223968 9.00436e-06 0.999998 0.12914 0.0498187 -0.803357
FixedParameters: 0 0 0

#Transform 151
Transform: AffineTransform_float_3_3
Parameters: 0.999997 -0.00155494 -0.00178759 0.00155424 0.999999 5.89953e-05 0.00178779 -6.10062e-05 0.999999 0.0621674 0.0554513 -0.756346
FixedParameters: 0 0 0

#Transform 152
Transform: AffineTransform_float_3_3
Parameters: 0.999996 -0.00199368 -0.00164504 0.00199309 0.999998 -0.000622867 0.00164581 0.000619135 0.999999 0.102925 0.0608269 -0.804437
FixedParameters: 0 0 0

#Transform 153
Transform: AffineTransform_float_3_3
Parameters: 0.999996 -0.00164232 -0.00199513 0.00164268 0.999998 0.00031865 0.00199447 -0.00032235 0.999998 0.108608 0.0607648 -0.795566
FixedParameters: 0 0 0

#Transform 154
Transform: AffineTransform_float_3_3
Parameters: 0.999996 -0.00180436 -0.00208833 0.00180512 0.999998 0.000401005 0.00208727 -0.000404993 0.999997 0.110141 0.0510755 -0.837447
FixedParameters: 0 0 0

#Transform 155
Transform: AffineTransform_float_3_3
Parameters: 0.999996 -0.00180378 -0.00182024 0.00180453 0.999998 0.00035149 0.00182028 -0.00035451 0.999998 0.117697 0.0636568 -0.871166
FixedParameters: 0 0 0

#Transform 156
Transform: AffineTransform_float_3_3
Parameters: 0.999996 -0.00196322 -0.00170768 0.00196482 0.999998 0.000891909 0.00170587 -0.00089509 0.999998 0.116863 0.0282664 -0.899595
FixedParameters: 0 0 0

#Transform 157
Transform: AffineTransform_float_3_3
Parameters: 0.999996 -0.00220645 -0.00212128 0.00220772 0.999997 0.00063894 0.00212015 -0.00064406 0.999998 0.120914 0.0362694 -0.841845
FixedParameters: 0 0 0

#Transform 158
Transform: AffineTransform_float_3_3
Parameters: 0.999996 -0.00195906 -0.00195863 0.00195963 0.999998 0.000378577 0.00195753 -0.000383422 0.999998 0.126828 0.0512404 -0.828502
FixedParameters: 0 0 0

#Transform 159
Transform: AffineTransform_float_3_3
Parameters: 0.999996 -0.00229439 -0.00197962 0.00229605 0.999997 0.000550925 0.00197839 -0.000555073 0.999998 0.12735 0.0496479 -0.824531
FixedParameters: 0 0 0

#Transform 160
Transform: AffineTransform_float_3_3
Parameters: 0.999996 -0.00226966 -0.0020541 0.00227076 0.999998 0.000488806 0.00205226 -0.000493192 0.999998 0.143296 0.0424396 -0.848141
FixedParameters: 0 0 0

#Transform 161
Transform: AffineTransform_float_3_3
Parameters: 0.999995 -0.00224174 -0.00220659 0.00224431 0.999997 0.000909033 0.0022042 -0.000913965 0.999998 0.141449 0.0406816 -0.831359
FixedParameters: 0 0 0

#Transform 162
Transform: AffineTransform_float_3_3
Parameters: 0.999995 -0.00243915 -0.00196357 0.00243962 0.999997 0.000352679 0.00196223 -0.000357319 0.999998 0.138883 0.0563685 -0.806122
FixedParameters: 0 0 0

#Transform 163
Transform: AffineTransform_float_3_3
Parameters: 0.999996 -0.00227005 -0.00181446 0.00226966 0.999998 0.000142991 0.00181419 -0.00014701 0.999998 0.140124 0.0596499 -0.837135
FixedParameters: 0 0 0

#Transform 164
Transform: AffineTransform_float_3_3
Parameters: 0.999995 -0.00231931 -0.00179948 0.00232004 0.999997 0.000457935 0.00179774 -0.000462062 0.999998 0.1219 0.0693653 -0.842259
FixedParameters: 0 0 0

#Transform 165
Transform: AffineTransform_float_3_3
Parameters: 0.999995 -0.00236756 -0.00207784 0.00236835 0.999997 0.000536549 0.00207699 -0.000541451 0.999997 0.124591 0.0564497 -0.848287
FixedParameters: 0 0 0

#Transform 166
Transform: AffineTransform_float_3_3
Parameters: 0.999996 -0.00233266 -0.00200918 0.00233386 0.999997 0.000657782 0.0020078 -0.000662218 0.999998 0.131107 0.0682843 -0.871624
FixedParameters: 0 0 0

#Transform 167
Transform: AffineTransform_float_3_3
Parameters: 0.999994 -0.00260626 -0.00199999 0.00260723 0.999997 0.000832746 0.00199773 -0.000838255 0.999997 0.142118 0.0631817 -0.830143
FixedParameters: 0 0 0

#Transform 168
Transform: AffineTransform_float_3_3
Parameters: 0.999996 -0.00236953 -0.00196801 0.00237015 0.999997 0.000289805 0.00196794 -0.000294196 0.999998 0.146457 0.064919 -0.855678
FixedParameters: 0 0 0

#Transform 169
Transform: AffineTransform_float_3_3
Parameters: 0.999996 -0.00260645 -0.00162492 0.00260753 0.999997 0.000657362 0.0016241 -0.000661639 0.999998 0.122785 0.0708982 -0.864366
FixedParameters: 0 0 0

#Transform 170
Transform: AffineTransform_float_3_3
Parameters: 0.999994 -0.00246098 -0.00212749 0.00246234 0.999996 0.000657232 0.00212594 -0.000662766 0.999997 0.150987 0.0583132 -0.829751
FixedParameters: 0 0 0

#Transform 171
Transform: AffineTransform_float_3_3
Parameters: 0.999996 -0.0023855 -0.00142837 0.00238563 0.999997 0.000551496 0.00142743 -0.000555506 0.999999 0.130046 0.0718864 -0.85018
FixedParameters: 0 0 0

#Transform 172
Transform: AffineTransform_float_3_3
Parameters: 0.999997 -0.00232623 -0.00135801 0.00232735 0.999998 0.000607591 0.00135649 -0.000610409 0.999999 0.105162 0.078216 -0.845427
FixedParameters: 0 0 0

#Transform 173
Transform: AffineTransform_float_3_3
Parameters: 0.999996 -0.00228129 -0.00125224 0.00228241 0.999998 0.000658533 0.00125054 -0.000661465 0.999999 0.120326 0.0632987 -0.849205
FixedParameters: 0 0 0

#Transform 174
Transform: AffineTransform_float_3_3
Parameters: 0.999996 -0.00227232 -0.00123106 0.00227341 0.999998 0.000658593 0.00122937 -0.000661406 0.999999 0.109406 0.0707169 -0.851862
FixedParameters: 0 0 0

#Transform 175
Transform: AffineTransform_float_3_3
Parameters: 0.999997 -0.00233045 -0.00136826 0.00233173 0.999998 0.000658561 0.00136649 -0.000661438 0.999999 0.138073 0.0630796 -0.866648
FixedParameters: 0 0 0

#Transform 176
Transform: AffineTransform_float_3_3
Parameters: 0.999996 -0.0023917 -0.00151281 0.00239316 0.999997 0.000658131 0.00151097 -0.000661867 0.999999 0.135803 0.0567487 -0.90274
FixedParameters: 0 0 0

#Transform 177
Transform: AffineTransform_float_3_3
Parameters: 0.999996 -0.00237318 -0.00146983 0.00237534 0.999997 0.000782261 0.00146834 -0.000785739 0.999999 0.128504 0.054035 -0.871263
FixedParameters: 0 0 0

#Transform 178
Transform: AffineTransform_float_3_3
Parameters: 0.999996 -0.00236259 -0.00144352 0.00236367 0.999997 0.000556698 0.00144219 -0.0005593 0.999999 0.129836 0.0640519 -0.881073
FixedParameters: 0 0 0

#Transform 179
Transform: AffineTransform_float_3_3
Parameters: 0.999996 -0.00241333 -0.00152535 0.00241385 0.999996 0.000646429 0.00152392 -0.000649571 0.999999 0.118992 0.0586235 -0.899281
FixedParameters: 0 0 0
