# transform file /out/sourcedata/freesurfer/sub-v1s10x0051045_ses-1/mri/transforms/cc_up.lta
# created by oesteban on Thu Mar 12 06:27:25 2026

type      = 0 # LINEAR_VOX_TO_VOX
nxforms   = 1
mean      = 128.0000 136.0000 116.0000
sigma     = 10000.0000
1 4 4
9.999689459800720e-01 3.769933246076107e-03 -6.936881691217422e-03 -1.435015946626663e-01 
-3.769842674955726e-03 9.999929666519165e-01 2.615176526887808e-05 1.048225975036621e+01 
6.936931051313877e-03 0.000000000000000e+00 9.999760389328003e-01 2.311162948608398e+01 
0.000000000000000e+00 0.000000000000000e+00 0.000000000000000e+00 1.000000000000000e+00 
src volume info
valid = 1  # volume info valid
filename = /out/sourcedata/freesurfer/sub-v1s10x0051045_ses-1/mri/norm.mgz
volume = 256 256 256
voxelsize = 1.000000000000000e+00 1.000000000000000e+00 1.000000000000000e+00
xras   = -1.000000000000000e+00 0.000000000000000e+00 0.000000000000000e+00
yras   = 0.000000000000000e+00 0.000000000000000e+00 -1.000000000000000e+00
zras   = 0.000000000000000e+00 1.000000000000000e+00 0.000000000000000e+00
cras   = 5.002471923828125e+00 -4.783142089843750e+00 -1.056625366210938e+01
dst volume info
valid = 1  # volume info valid
filename = /out/sourcedata/freesurfer/sub-v1s10x0051045_ses-1/mri/norm.mgz
volume = 256 256 256
voxelsize = 1.000000000000000e+00 1.000000000000000e+00 1.000000000000000e+00
xras   = -1.000000000000000e+00 0.000000000000000e+00 0.000000000000000e+00
yras   = 0.000000000000000e+00 0.000000000000000e+00 -1.000000000000000e+00
zras   = 0.000000000000000e+00 1.000000000000000e+00 0.000000000000000e+00
cras   = 5.002471923828125e+00 -4.783142089843750e+00 -1.056625366210938e+01
