# transform file /out/sourcedata/freesurfer/sub-v1s10x0051079_ses-1/mri/transforms/cc_up.lta
# created by oesteban on Thu Mar 12 07:43:18 2026

type      = 0 # LINEAR_VOX_TO_VOX
nxforms   = 1
mean      = 128.0000 135.0000 123.0000
sigma     = 10000.0000
1 4 4
9.992427229881287e-01 -2.421434409916401e-02 -3.046016395092010e-02 7.638383865356445e+00 
2.420310117304325e-02 9.997068643569946e-01 -7.377891452051699e-04 2.048596143722534e+00 
3.046909719705582e-02 0.000000000000000e+00 9.995357990264893e-01 7.184742450714111e+00 
0.000000000000000e+00 0.000000000000000e+00 0.000000000000000e+00 1.000000000000000e+00 
src volume info
valid = 1  # volume info valid
filename = /out/sourcedata/freesurfer/sub-v1s10x0051079_ses-1/mri/norm.mgz
volume = 256 256 256
voxelsize = 1.000000000000000e+00 1.000000000000000e+00 1.000000000000000e+00
xras   = -1.000000000000000e+00 0.000000000000000e+00 0.000000000000000e+00
yras   = 0.000000000000000e+00 0.000000000000000e+00 -1.000000000000000e+00
zras   = 0.000000000000000e+00 1.000000000000000e+00 0.000000000000000e+00
cras   = 1.006271362304688e+01 1.000000000000000e+00 -1.490362548828125e+01
dst volume info
valid = 1  # volume info valid
filename = /out/sourcedata/freesurfer/sub-v1s10x0051079_ses-1/mri/norm.mgz
volume = 256 256 256
voxelsize = 1.000000000000000e+00 1.000000000000000e+00 1.000000000000000e+00
xras   = -1.000000000000000e+00 0.000000000000000e+00 0.000000000000000e+00
yras   = 0.000000000000000e+00 0.000000000000000e+00 -1.000000000000000e+00
zras   = 0.000000000000000e+00 1.000000000000000e+00 0.000000000000000e+00
cras   = 1.006271362304688e+01 1.000000000000000e+00 -1.490362548828125e+01
