# transform file /out/sourcedata/freesurfer/sub-v1s10x0051105_ses-1/mri/transforms/cc_up.lta
# created by oesteban on Thu Mar 12 09:10:16 2026

type      = 0 # LINEAR_VOX_TO_VOX
nxforms   = 1
mean      = 126.0000 118.0000 118.0000
sigma     = 10000.0000
1 4 4
9.983904957771301e-01 -5.252179503440857e-02 2.139823324978352e-02 7.073198318481445e+00 
5.250973626971245e-02 9.986197948455811e-01 1.125426962971687e-03 2.144911956787109e+01 
-2.142780832946301e-02 0.000000000000000e+00 9.997704029083252e-01 2.070429611206055e+01 
0.000000000000000e+00 0.000000000000000e+00 0.000000000000000e+00 1.000000000000000e+00 
src volume info
valid = 1  # volume info valid
filename = /out/sourcedata/freesurfer/sub-v1s10x0051105_ses-1/mri/norm.mgz
volume = 256 256 256
voxelsize = 1.000000000000000e+00 1.000000000000000e+00 1.000000000000000e+00
xras   = -1.000000000000000e+00 0.000000000000000e+00 0.000000000000000e+00
yras   = 0.000000000000000e+00 0.000000000000000e+00 -1.000000000000000e+00
zras   = 0.000000000000000e+00 1.000000000000000e+00 0.000000000000000e+00
cras   = 6.651229858398438e-01 1.000000000000000e+00 1.000000000000000e+00
dst volume info
valid = 1  # volume info valid
filename = /out/sourcedata/freesurfer/sub-v1s10x0051105_ses-1/mri/norm.mgz
volume = 256 256 256
voxelsize = 1.000000000000000e+00 1.000000000000000e+00 1.000000000000000e+00
xras   = -1.000000000000000e+00 0.000000000000000e+00 0.000000000000000e+00
yras   = 0.000000000000000e+00 0.000000000000000e+00 -1.000000000000000e+00
zras   = 0.000000000000000e+00 1.000000000000000e+00 0.000000000000000e+00
cras   = 6.651229858398438e-01 1.000000000000000e+00 1.000000000000000e+00
