#Insight Transform File V1.0
#Transform 0
Transform: AffineTransform_float_3_3
Parameters: 1 0.000172225 0.000241939 -0.000172224 1 -2.19431e-06 -0.00024194 2.80564e-06 1 0.0587949 0.115324 0.382327
FixedParameters: 0 0 0

#Transform 1
Transform: AffineTransform_float_3_3
Parameters: 1 0.000623913 -0.000162559 -0.000622797 0.999998 0.0017961 0.000163487 -0.0017959 0.999999 0.0167942 0.161329 -0.145325
FixedParameters: 0 0 0

#Transform 2
Transform: AffineTransform_float_3_3
Parameters: 0.999999 0.00102712 0.000173623 -0.00102782 0.999996 0.00244682 -0.000170826 -0.00244718 0.999997 0.00829245 0.206564 -0.192791
FixedParameters: 0 0 0

#Transform 3
Transform: AffineTransform_float_3_3
Parameters: 0.999999 0.000912112 -9.93007e-05 -0.00091244 0.999997 0.00225809 0.00010158 -0.00225791 0.999998 -0.014519 0.236059 -0.201263
FixedParameters: 0 0 0

#Transform 4
Transform: AffineTransform_float_3_3
Parameters: 0.999999 0.00111888 0.000608404 -0.0011203 0.999995 0.00279817 -0.000605151 -0.00279883 0.999995 -0.00031554 0.231033 -0.261833
FixedParameters: 0 0 0

#Transform 5
Transform: AffineTransform_float_3_3
Parameters: 0.999999 0.00149099 0.000422588 -0.00149161 0.999999 -0.000355936 -0.000423259 0.000356064 1 -0.0166267 0.128503 -0.333562
FixedParameters: 0 0 0

#Transform 6
Transform: AffineTransform_float_3_3
Parameters: 0.999999 0.00177682 0.000105118 -0.00177642 0.999998 0.000639149 -0.000104159 -0.000638851 0.999999 -0.017365 0.164354 -0.338983
FixedParameters: 0 0 0

#Transform 7
Transform: AffineTransform_float_3_3
Parameters: 0.999998 0.00189228 5.79788e-05 -0.00189226 0.999998 0.00101323 -5.63768e-05 -0.00101277 0.999999 -0.0444585 0.185592 -0.322767
FixedParameters: 0 0 0

#Transform 8
Transform: AffineTransform_float_3_3
Parameters: 0.999999 0.00184846 -0.000289043 -0.00184762 0.999997 0.00120418 0.000291262 -0.00120382 1 -0.0399033 0.212728 -0.264561
FixedParameters: 0 0 0

#Transform 9
Transform: AffineTransform_float_3_3
Parameters: 0.999999 0.00178043 4.8438e-05 -0.00178082 0.999997 0.0013934 -4.66277e-05 -0.0013936 0.999999 -0.027312 0.181323 -0.282303
FixedParameters: 0 0 0

#Transform 10
Transform: AffineTransform_float_3_3
Parameters: 0.999999 0.00144688 -0.000286838 -0.00144676 0.999999 0.000211903 0.00028745 -0.000211097 1 -0.0273421 0.153385 -0.32741
FixedParameters: 0 0 0

#Transform 11
Transform: AffineTransform_float_3_3
Parameters: 0.999999 0.00179607 1.99745e-05 -0.00179649 0.999998 0.000710094 -1.83426e-05 -0.000710906 0.999999 -0.0273999 0.182677 -0.317749
FixedParameters: 0 0 0

#Transform 12
Transform: AffineTransform_float_3_3
Parameters: 0.999998 0.001904 -0.00050898 -0.00190285 0.999996 0.00176061 0.000511607 -0.00175939 0.999999 -0.040412 0.232336 -0.322082
FixedParameters: 0 0 0

#Transform 13
Transform: AffineTransform_float_3_3
Parameters: 0.999997 0.00196545 -0.000929011 -0.00196328 0.999995 0.0022119 0.000933097 -0.0022111 0.999997 -0.0687519 0.257382 -0.289277
FixedParameters: 0 0 0

#Transform 14
Transform: AffineTransform_float_3_3
Parameters: 0.999998 0.00185096 -0.000587903 -0.0018489 0.999994 0.00261737 0.000592593 -0.00261663 0.999996 -0.0600887 0.269612 -0.331139
FixedParameters: 0 0 0

#Transform 15
Transform: AffineTransform_float_3_3
Parameters: 0.999998 0.00191392 -0.000865995 -0.00191249 0.999994 0.0027031 0.000871204 -0.00270191 0.999997 -0.0713444 0.264321 -0.287626
FixedParameters: 0 0 0

#Transform 16
Transform: AffineTransform_float_3_3
Parameters: 0.999999 0.0014486 -0.000993984 -0.0014464 0.999996 0.00235223 0.0009975 -0.00235077 0.999997 -0.0709379 0.257308 -0.242845
FixedParameters: 0 0 0

#Transform 17
Transform: AffineTransform_float_3_3
Parameters: 0.999998 0.00163588 -0.000403088 -0.0016345 0.999995 0.00249215 0.000407164 -0.00249085 0.999996 -0.0308288 0.259597 -0.245459
FixedParameters: 0 0 0

#Transform 18
Transform: AffineTransform_float_3_3
Parameters: 0.999998 0.00161044 -0.00039639 -0.00160935 0.999995 0.00266928 0.00039999 -0.00266872 0.999997 -0.0584811 0.273492 -0.248003
FixedParameters: 0 0 0

#Transform 19
Transform: AffineTransform_float_3_3
Parameters: 0.999998 0.00170738 -0.000807569 -0.00170618 0.999995 0.00252182 0.000811965 -0.00252118 0.999997 -0.0375534 0.281312 -0.2496
FixedParameters: 0 0 0

#Transform 20
Transform: AffineTransform_float_3_3
Parameters: 0.999999 0.00170304 -0.000632551 -0.00170077 0.999996 0.00229572 0.00063629 -0.00229428 0.999997 -0.0517667 0.274654 -0.233182
FixedParameters: 0 0 0

#Transform 21
Transform: AffineTransform_float_3_3
Parameters: 0.999998 0.00171311 -0.00113091 -0.0017107 0.999996 0.00216037 0.00113501 -0.00215863 0.999997 -0.0728686 0.282237 -0.227907
FixedParameters: 0 0 0

#Transform 22
Transform: AffineTransform_float_3_3
Parameters: 0.999998 0.00163461 -0.00107021 -0.001632 0.999996 0.00237519 0.00107467 -0.00237382 0.999997 -0.0644826 0.254125 -0.217478
FixedParameters: 0 0 0

#Transform 23
Transform: AffineTransform_float_3_3
Parameters: 0.999999 0.00158192 -0.000891513 -0.00157945 0.999996 0.00247469 0.000894732 -0.00247331 0.999996 -0.0758079 0.263024 -0.221453
FixedParameters: 0 0 0

#Transform 24
Transform: AffineTransform_float_3_3
Parameters: 0.999999 0.00139271 -0.00119607 -0.00138946 0.999996 0.00239546 0.00119944 -0.00239354 0.999996 -0.0580943 0.258411 -0.193514
FixedParameters: 0 0 0

#Transform 25
Transform: AffineTransform_float_3_3
Parameters: 0.999999 0.00144665 -0.000916223 -0.00144493 0.999996 0.00228712 0.000919543 -0.00228588 0.999997 -0.0556339 0.268456 -0.192427
FixedParameters: 0 0 0

#Transform 26
Transform: AffineTransform_float_3_3
Parameters: 0.999999 0.00146392 -0.000952884 -0.00146139 0.999994 0.00283119 0.000956953 -0.00282981 0.999996 -0.06188 0.269862 -0.206543
FixedParameters: 0 0 0

#Transform 27
Transform: AffineTransform_float_3_3
Parameters: 0.999999 0.00115492 -0.00131606 -0.00115065 0.999994 0.00305947 0.00131929 -0.00305854 0.999995 -0.0614279 0.289516 -0.192111
FixedParameters: 0 0 0

#Transform 28
Transform: AffineTransform_float_3_3
Parameters: 0.999999 0.000904201 -0.00117526 -0.000900369 0.999994 0.00346485 0.001179 -0.00346414 0.999993 -0.049767 0.303206 -0.186631
FixedParameters: 0 0 0

#Transform 29
Transform: AffineTransform_float_3_3
Parameters: 0.999999 0.00113875 -0.00142715 -0.00113411 0.999994 0.00327342 0.00143115 -0.00327159 0.999994 -0.0691709 0.295312 -0.153225
FixedParameters: 0 0 0

#Transform 30
Transform: AffineTransform_float_3_3
Parameters: 0.999998 0.00110222 -0.00123517 -0.00109787 0.999994 0.00313515 0.00123917 -0.00313385 0.999994 -0.0720705 0.282285 -0.181566
FixedParameters: 0 0 0

#Transform 31
Transform: AffineTransform_float_3_3
Parameters: 0.999998 0.00109374 -0.00122067 -0.00109101 0.999996 0.00251113 0.00122326 -0.00250987 0.999996 -0.059611 0.271124 -0.165383
FixedParameters: 0 0 0

#Transform 32
Transform: AffineTransform_float_3_3
Parameters: 0.999998 0.00114234 -0.00124149 -0.00113999 0.999996 0.00231437 0.00124387 -0.00231364 0.999997 -0.0537164 0.271311 -0.139012
FixedParameters: 0 0 0

#Transform 33
Transform: AffineTransform_float_3_3
Parameters: 0.999998 0.00113048 -0.00122866 -0.00112786 0.999996 0.00245218 0.0012313 -0.00245082 0.999996 -0.0811851 0.269386 -0.147933
FixedParameters: 0 0 0

#Transform 34
Transform: AffineTransform_float_3_3
Parameters: 0.999999 0.00148806 -0.000938701 -0.0014856 0.999997 0.00193304 0.000941684 -0.00193096 0.999998 -0.0797511 0.254591 -0.144324
FixedParameters: 0 0 0

#Transform 35
Transform: AffineTransform_float_3_3
Parameters: 0.999999 0.00123789 -0.00126977 -0.0012353 0.999996 0.00235837 0.0012727 -0.00235664 0.999996 -0.0728035 0.258053 -0.142333
FixedParameters: 0 0 0

#Transform 36
Transform: AffineTransform_float_3_3
Parameters: 0.999999 0.0012792 -0.00085002 -0.00127748 0.999997 0.00223673 0.000853366 -0.00223527 0.999997 -0.0657734 0.256227 -0.146571
FixedParameters: 0 0 0

#Transform 37
Transform: AffineTransform_float_3_3
Parameters: 0.999999 0.00111321 -0.00131647 -0.0011095 0.999996 0.00270026 0.00131957 -0.00269874 0.999995 -0.08428 0.282786 -0.142033
FixedParameters: 0 0 0

#Transform 38
Transform: AffineTransform_float_3_3
Parameters: 0.999999 0.00102749 -0.00117909 -0.00102528 0.999997 0.00221236 0.00118165 -0.00221064 0.999997 -0.0594227 0.266205 -0.134044
FixedParameters: 0 0 0

#Transform 39
Transform: AffineTransform_float_3_3
Parameters: 0.999999 0.000856277 -0.00131275 -0.000852864 0.999997 0.00244592 0.00131495 -0.00244508 0.999996 -0.062857 0.276305 -0.100076
FixedParameters: 0 0 0

#Transform 40
Transform: AffineTransform_float_3_3
Parameters: 0.999999 0.000687443 -0.00114938 -0.000684941 0.999997 0.00239879 0.00115069 -0.00239721 0.999996 -0.0667506 0.272077 -0.119209
FixedParameters: 0 0 0

#Transform 41
Transform: AffineTransform_float_3_3
Parameters: 0.999999 0.000683376 -0.00116102 -0.00068108 0.999998 0.00211695 0.00116285 -0.00211606 0.999998 -0.0723674 0.260466 -0.11142
FixedParameters: 0 0 0

#Transform 42
Transform: AffineTransform_float_3_3
Parameters: 0.999998 0.00110194 -0.00125016 -0.00109904 0.999996 0.00252017 0.0012528 -0.00251883 0.999996 -0.0673658 0.257213 -0.160267
FixedParameters: 0 0 0

#Transform 43
Transform: AffineTransform_float_3_3
Parameters: 0.999999 0.00123103 -0.000943639 -0.00122887 0.999997 0.00224996 0.000946801 -0.00224905 0.999998 -0.0659298 0.249472 -0.139811
FixedParameters: 0 0 0

#Transform 44
Transform: AffineTransform_float_3_3
Parameters: 0.999998 0.00100464 -0.00128163 -0.00100131 0.999998 0.00196208 0.00128412 -0.00196092 0.999997 -0.0672362 0.249536 -0.125457
FixedParameters: 0 0 0

#Transform 45
Transform: AffineTransform_float_3_3
Parameters: 0.999999 0.000761924 -0.000974904 -0.000759468 0.999997 0.00213053 0.000976695 -0.00213046 0.999997 -0.0507882 0.245268 -0.123099
FixedParameters: 0 0 0

#Transform 46
Transform: AffineTransform_float_3_3
Parameters: 0.999999 0.000701073 -0.00110348 -0.000698306 0.999998 0.00202357 0.00110486 -0.00202343 0.999997 -0.0472072 0.252957 -0.121696
FixedParameters: 0 0 0

#Transform 47
Transform: AffineTransform_float_3_3
Parameters: 0.999999 0.00127106 -0.000848056 -0.00126958 0.999998 0.00133587 0.000849608 -0.00133513 0.999999 -0.0437874 0.23929 -0.158713
FixedParameters: 0 0 0

#Transform 48
Transform: AffineTransform_float_3_3
Parameters: 0.999999 0.00127036 -0.000849106 -0.0012695 0.999999 0.000508719 0.000850396 -0.00050728 0.999999 -0.0664677 0.225748 -0.22107
FixedParameters: 0 0 0

#Transform 49
Transform: AffineTransform_float_3_3
Parameters: 0.999999 0.00119724 -0.000817098 -0.00119572 0.999999 0.00116662 0.000818968 -0.00116538 0.999999 -0.0604778 0.251972 -0.211712
FixedParameters: 0 0 0

#Transform 50
Transform: AffineTransform_float_3_3
Parameters: 0.999999 0.00133125 -0.00060299 -0.00133165 0.999999 0.000756444 0.000604473 -0.000755556 0.999999 -0.0551234 0.237516 -0.229665
FixedParameters: 0 0 0

#Transform 51
Transform: AffineTransform_float_3_3
Parameters: 0.999999 0.0013257 -0.000528977 -0.00132565 0.999999 4.63419e-05 0.000529099 -4.56586e-05 1 -0.0627053 0.198926 -0.220448
FixedParameters: 0 0 0

#Transform 52
Transform: AffineTransform_float_3_3
Parameters: 0.999999 0.00124215 -0.000818736 -0.00124103 0.999999 0.00116066 0.000819775 -0.00115934 0.999999 -0.066112 0.245072 -0.176178
FixedParameters: 0 0 0

#Transform 53
Transform: AffineTransform_float_3_3
Parameters: 0.999998 0.00131456 -0.000988712 -0.00131437 0.999999 0.000955582 0.000989773 -0.00095442 0.999998 -0.0733774 0.248915 -0.166295
FixedParameters: 0 0 0

#Transform 54
Transform: AffineTransform_float_3_3
Parameters: 0.999999 0.00124498 -0.00037613 -0.00124524 0.999999 0.000173109 0.00037564 -0.000172892 1 -0.0594262 0.200177 -0.188241
FixedParameters: 0 0 0

#Transform 55
Transform: AffineTransform_float_3_3
Parameters: 0.999999 0.00118696 -0.000374705 -0.00118665 0.999999 -0.000107915 0.000375369 0.000108086 1 -0.0682343 0.202974 -0.209207
FixedParameters: 0 0 0

#Transform 56
Transform: AffineTransform_float_3_3
Parameters: 0.999999 0.000933574 -0.00104817 -0.000932087 0.999998 0.00152077 0.00104956 -0.00152023 0.999998 -0.0604361 0.277106 -0.194259
FixedParameters: 0 0 0

#Transform 57
Transform: AffineTransform_float_3_3
Parameters: 0.999999 -0.000100541 -0.00153238 0.000107337 0.999991 0.0042752 0.001532 -0.0042748 0.999989 -0.0110393 0.373201 -0.185268
FixedParameters: 0 0 0

#Transform 58
Transform: AffineTransform_float_3_3
Parameters: 0.999999 -0.000205457 -0.00148858 0.00021137 0.999992 0.0037962 0.00148711 -0.0037968 0.999992 -0.0330015 0.357876 -0.182004
FixedParameters: 0 0 0

#Transform 59
Transform: AffineTransform_float_3_3
Parameters: 1 0.000277325 -0.00110266 -0.000273276 0.999994 0.00344045 0.00110389 -0.00344054 0.999993 -0.0443452 0.345724 -0.177267
FixedParameters: 0 0 0

#Transform 60
Transform: AffineTransform_float_3_3
Parameters: 1 -5.03508e-05 -0.000964715 5.39186e-05 0.999992 0.0039591 0.000964945 -0.0039599 0.999992 -0.0294122 0.350549 -0.16988
FixedParameters: 0 0 0

#Transform 61
Transform: AffineTransform_float_3_3
Parameters: 1 -0.000125566 -0.00100468 0.000129694 0.999991 0.00408223 0.00100428 -0.00408177 0.999991 -0.0317686 0.365972 -0.153857
FixedParameters: 0 0 0

#Transform 62
Transform: AffineTransform_float_3_3
Parameters: 1 -0.000110872 -0.00116595 0.000115826 0.999991 0.00404038 0.00116475 -0.00404062 0.999992 -0.0445991 0.361009 -0.147908
FixedParameters: 0 0 0

#Transform 63
Transform: AffineTransform_float_3_3
Parameters: 0.999999 -3.13914e-05 -0.00127408 3.65931e-05 0.999991 0.00415411 0.00127391 -0.00415489 0.99999 -0.0527539 0.378256 -0.160784
FixedParameters: 0 0 0

#Transform 64
Transform: AffineTransform_float_3_3
Parameters: 0.999999 9.58688e-06 -0.000837948 -6.9873e-06 0.999991 0.00421501 0.00083774 -0.00421499 0.999991 -0.0357028 0.3666 -0.187938
FixedParameters: 0 0 0

#Transform 65
Transform: AffineTransform_float_3_3
Parameters: 0.999999 0.000129799 -0.000888712 -0.000126107 0.999994 0.00355347 0.000888561 -0.00355253 0.999993 -0.043808 0.34783 -0.151536
FixedParameters: 0 0 0

#Transform 66
Transform: AffineTransform_float_3_3
Parameters: 1 0.000100141 -0.00110713 -9.60906e-05 0.999993 0.00384411 0.00110761 -0.00384389 0.999992 -0.0640161 0.370751 -0.113784
FixedParameters: 0 0 0

#Transform 67
Transform: AffineTransform_float_3_3
Parameters: 1 -1.24568e-05 -0.00111189 1.66035e-05 0.999992 0.00387249 0.0011115 -0.0038725 0.999992 -0.0446533 0.361555 -0.108198
FixedParameters: 0 0 0

#Transform 68
Transform: AffineTransform_float_3_3
Parameters: 0.999999 -1.55445e-05 -0.000992421 1.98597e-05 0.999993 0.00376234 0.000992539 -0.00376166 0.999993 -0.0485529 0.356146 -0.123622
FixedParameters: 0 0 0

#Transform 69
Transform: AffineTransform_float_3_3
Parameters: 1 -8.6369e-05 -0.0011621 9.19029e-05 0.999992 0.00413305 0.001162 -0.00413395 0.999991 -0.0609188 0.360082 -0.111193
FixedParameters: 0 0 0

#Transform 70
Transform: AffineTransform_float_3_3
Parameters: 0.999999 -0.000321822 -0.000903824 0.000326488 0.999987 0.00513107 0.000902452 -0.00513093 0.999987 -0.0678382 0.429344 -0.105931
FixedParameters: 0 0 0

#Transform 71
Transform: AffineTransform_float_3_3
Parameters: 1 0.000308627 -0.000987709 -0.000303418 0.999987 0.00508945 0.000989626 -0.00508954 0.999986 -0.0810551 0.416815 -0.114274
FixedParameters: 0 0 0

#Transform 72
Transform: AffineTransform_float_3_3
Parameters: 1 0.000507262 -0.000961295 -0.000501678 0.999987 0.00514628 0.000963977 -0.00514672 0.999986 -0.0789699 0.395479 -0.125409
FixedParameters: 0 0 0

#Transform 73
Transform: AffineTransform_float_3_3
Parameters: 0.999998 0.000330924 -0.0015617 -0.000323049 0.999986 0.00520681 0.00156324 -0.00520718 0.999985 -0.100758 0.395414 -0.0987203
FixedParameters: 0 0 0

#Transform 74
Transform: AffineTransform_float_3_3
Parameters: 1 0.000339139 -0.00113411 -0.000333665 0.999988 0.00472389 0.00113517 -0.00472311 0.999989 -0.0763397 0.40303 -0.0750755
FixedParameters: 0 0 0

#Transform 75
Transform: AffineTransform_float_3_3
Parameters: 0.999999 0.000245682 -0.00127708 -0.000239293 0.999989 0.00475946 0.00127858 -0.00475954 0.999988 -0.0885819 0.396792 -0.0690463
FixedParameters: 0 0 0

#Transform 76
Transform: AffineTransform_float_3_3
Parameters: 0.999999 0.000408001 -0.00115556 -0.000402825 0.99999 0.00450683 0.0011571 -0.00450517 0.999989 -0.0974421 0.384645 -0.0709128
FixedParameters: 0 0 0

#Transform 77
Transform: AffineTransform_float_3_3
Parameters: 1 0.000428139 -0.000944098 -0.000424029 0.99999 0.00425555 0.000946136 -0.00425544 0.99999 -0.0886697 0.369093 -0.0841086
FixedParameters: 0 0 0

#Transform 78
Transform: AffineTransform_float_3_3
Parameters: 0.999999 0.000518847 -0.000891633 -0.000514556 0.999988 0.00482462 0.000894109 -0.00482439 0.999988 -0.0749837 0.401634 -0.103523
FixedParameters: 0 0 0

#Transform 79
Transform: AffineTransform_float_3_3
Parameters: 1 0.000415569 -0.00114109 -0.000409208 0.999982 0.00605648 0.00114382 -0.00605553 0.999981 -0.0803412 0.455763 -0.0949832
FixedParameters: 0 0 0

#Transform 80
Transform: AffineTransform_float_3_3
Parameters: 0.999999 0.00027098 -0.00148974 -0.00026156 0.999977 0.00672555 0.00149132 -0.00672545 0.999976 -0.10029 0.4758 -0.13211
FixedParameters: 0 0 0

#Transform 81
Transform: AffineTransform_float_3_3
Parameters: 0.999998 0.0006522 -0.00198589 -0.000637755 0.999975 0.00716259 0.00199022 -0.00716142 0.999972 -0.112894 0.488053 -0.122774
FixedParameters: 0 0 0

#Transform 82
Transform: AffineTransform_float_3_3
Parameters: 0.999999 0.000529817 -0.00178776 -0.00051676 0.999975 0.00709309 0.00179172 -0.00709191 0.999973 -0.0945145 0.496813 -0.122186
FixedParameters: 0 0 0

#Transform 83
Transform: AffineTransform_float_3_3
Parameters: 0.999999 0.00033084 -0.00178496 -0.000317854 0.999974 0.00723488 0.0017875 -0.00723512 0.999972 -0.102784 0.494643 -0.104255
FixedParameters: 0 0 0

#Transform 84
Transform: AffineTransform_float_3_3
Parameters: 0.999998 0.000622239 -0.00179469 -0.000610713 0.999979 0.00638341 0.00179872 -0.00638258 0.999978 -0.114397 0.461959 -0.0927137
FixedParameters: 0 0 0

#Transform 85
Transform: AffineTransform_float_3_3
Parameters: 0.999999 0.000365615 -0.00146983 -0.000355346 0.999979 0.00647904 0.00147171 -0.00647796 0.999978 -0.0883775 0.47613 -0.0718633
FixedParameters: 0 0 0

#Transform 86
Transform: AffineTransform_float_3_3
Parameters: 0.999999 0.000583835 -0.00177693 -0.00057165 0.999976 0.00689054 0.00178143 -0.00688846 0.999975 -0.0959886 0.498184 -0.0835666
FixedParameters: 0 0 0

#Transform 87
Transform: AffineTransform_float_3_3
Parameters: 0.999998 0.000968967 -0.00138316 -0.000964544 0.999992 0.00377365 0.0013865 -0.00377236 0.999993 -0.102917 0.389312 -0.133344
FixedParameters: 0 0 0

#Transform 88
Transform: AffineTransform_float_3_3
Parameters: 0.999998 0.000985964 -0.00134199 -0.000981401 0.999994 0.00345311 0.00134535 -0.00345188 0.999993 -0.125389 0.384015 -0.13186
FixedParameters: 0 0 0

#Transform 89
Transform: AffineTransform_float_3_3
Parameters: 0.999998 0.000953918 -0.00141842 -0.000949504 0.999993 0.00353866 0.00142212 -0.00353734 0.999993 -0.120784 0.387433 -0.127374
FixedParameters: 0 0 0

#Transform 90
Transform: AffineTransform_float_3_3
Parameters: 0.999999 0.000955454 -0.00141739 -0.000949675 0.999989 0.0046203 0.0014217 -0.0046197 0.999989 -0.10807 0.418682 -0.106157
FixedParameters: 0 0 0

#Transform 91
Transform: AffineTransform_float_3_3
Parameters: 0.999998 0.000995459 -0.00132035 -0.000990273 0.999992 0.00389311 0.00132373 -0.0038919 0.999992 -0.103715 0.383393 -0.0977198
FixedParameters: 0 0 0

#Transform 92
Transform: AffineTransform_float_3_3
Parameters: 0.999999 0.000543551 -0.00122309 -0.000537451 0.999989 0.00463281 0.00122598 -0.00463218 0.999988 -0.113029 0.411277 -0.0969327
FixedParameters: 0 0 0

#Transform 93
Transform: AffineTransform_float_3_3
Parameters: 0.999999 0.00053045 -0.00131556 -0.000524406 0.999991 0.00428685 0.00131796 -0.00428616 0.99999 -0.0935667 0.395768 -0.101629
FixedParameters: 0 0 0

#Transform 94
Transform: AffineTransform_float_3_3
Parameters: 0.999999 0.000500365 -0.00139894 -0.000493222 0.999989 0.00475185 0.00140194 -0.00475115 0.999988 -0.0994308 0.412591 -0.116359
FixedParameters: 0 0 0

#Transform 95
Transform: AffineTransform_float_3_3
Parameters: 0.999999 0.000910259 -0.00112415 -0.000905907 0.999989 0.00460802 0.00112856 -0.00460598 0.999989 -0.105184 0.405565 -0.131314
FixedParameters: 0 0 0

#Transform 96
Transform: AffineTransform_float_3_3
Parameters: 0.999999 0.000579305 -0.00118328 -0.000573771 0.999991 0.00416183 0.00118557 -0.00416116 0.999991 -0.0999545 0.411958 -0.125896
FixedParameters: 0 0 0

#Transform 97
Transform: AffineTransform_float_3_3
Parameters: 0.999999 0.000494996 -0.00137822 -0.000488338 0.999988 0.00479083 0.00138028 -0.00479017 0.999988 -0.0928085 0.423508 -0.126123
FixedParameters: 0 0 0

#Transform 98
Transform: AffineTransform_float_3_3
Parameters: 1 0.00048622 -0.00106242 -0.000481532 0.999989 0.00466967 0.00106482 -0.00466933 0.999988 -0.0850382 0.420682 -0.137379
FixedParameters: 0 0 0

#Transform 99
Transform: AffineTransform_float_3_3
Parameters: 1 0.000417075 -0.000893598 -0.000413078 0.999989 0.00465252 0.000894951 -0.00465248 0.999989 -0.0891286 0.425105 -0.152137
FixedParameters: 0 0 0

#Transform 100
Transform: AffineTransform_float_3_3
Parameters: 0.999999 0.000253008 -0.0014892 -0.000247617 0.999993 0.00374788 0.00149027 -0.00374711 0.999992 -0.0605053 0.394237 -0.117146
FixedParameters: 0 0 0

#Transform 101
Transform: AffineTransform_float_3_3
Parameters: 0.999999 0.000481806 -0.00116356 -0.000476141 0.999988 0.00468371 0.00116592 -0.00468329 0.999988 -0.0941138 0.419621 -0.0986711
FixedParameters: 0 0 0

#Transform 102
Transform: AffineTransform_float_3_3
Parameters: 0.999999 0.000419833 -0.00125614 -0.000414277 0.999991 0.00429668 0.0012576 -0.00429633 0.99999 -0.0869855 0.394004 -0.0974752
FixedParameters: 0 0 0

#Transform 103
Transform: AffineTransform_float_3_3
Parameters: 0.999999 0.000394427 -0.000830313 -0.000390641 0.999992 0.00409133 0.000831545 -0.00409068 0.999992 -0.068254 0.370469 -0.0971506
FixedParameters: 0 0 0

#Transform 104
Transform: AffineTransform_float_3_3
Parameters: 1 0.000234389 -0.000989721 -0.000230473 0.999991 0.00422938 0.000991409 -0.00422962 0.99999 -0.0893336 0.38207 -0.107848
FixedParameters: 0 0 0

#Transform 105
Transform: AffineTransform_float_3_3
Parameters: 1 0.000216166 -0.00103307 -0.000211967 0.999991 0.00418937 0.00103459 -0.00418963 0.999991 -0.076959 0.394969 -0.0984505
FixedParameters: 0 0 0

#Transform 106
Transform: AffineTransform_float_3_3
Parameters: 0.999999 0.000322516 -0.0007795 -0.000319993 0.999991 0.00413841 0.00078057 -0.0041386 0.999992 -0.0666938 0.396244 -0.107901
FixedParameters: 0 0 0

#Transform 107
Transform: AffineTransform_float_3_3
Parameters: 0.999999 0.000292999 -0.000850407 -0.000289338 0.99999 0.0044624 0.000851417 -0.0044626 0.99999 -0.0948458 0.396468 -0.0955885
FixedParameters: 0 0 0

#Transform 108
Transform: AffineTransform_float_3_3
Parameters: 1 0.000181223 -0.00111694 -0.000176716 0.99999 0.00442435 0.00111864 -0.00442465 0.99999 -0.0834248 0.387526 -0.0730942
FixedParameters: 0 0 0

#Transform 109
Transform: AffineTransform_float_3_3
Parameters: 1 0.000210754 -0.00104598 -0.000206439 0.999991 0.00419337 0.00104745 -0.00419363 0.999991 -0.0815842 0.381533 -0.0837825
FixedParameters: 0 0 0

#Transform 110
Transform: AffineTransform_float_3_3
Parameters: 0.999999 0.00012764 -0.000853847 -0.00012356 0.999991 0.00423211 0.000855162 -0.00423189 0.99999 -0.0927353 0.387636 -0.0836128
FixedParameters: 0 0 0

#Transform 111
Transform: AffineTransform_float_3_3
Parameters: 1 6.22875e-05 -0.000499216 -6.03992e-05 0.999995 0.00320503 0.00049908 -0.00320497 0.999994 -0.07266 0.371038 -0.136167
FixedParameters: 0 0 0

#Transform 112
Transform: AffineTransform_float_3_3
Parameters: 0.999999 0.000366834 -0.000672843 -0.000365013 0.999995 0.0032984 0.000674198 -0.0032986 0.999995 -0.0637276 0.359724 -0.155703
FixedParameters: 0 0 0

#Transform 113
Transform: AffineTransform_float_3_3
Parameters: 1 0.000497053 -0.00100915 -0.000493176 0.999992 0.00386565 0.00101139 -0.00386535 0.999992 -0.0804299 0.385756 -0.112443
FixedParameters: 0 0 0

#Transform 114
Transform: AffineTransform_float_3_3
Parameters: 1 0.000266228 -0.000912451 -0.000263358 0.999994 0.00351224 0.000913642 -0.00351176 0.999993 -0.0871202 0.380817 -0.116218
FixedParameters: 0 0 0

#Transform 115
Transform: AffineTransform_float_3_3
Parameters: 1 0.000456286 -0.00110677 -0.000452421 0.999992 0.00411266 0.00110839 -0.00411235 0.999991 -0.0832995 0.394664 -0.12138
FixedParameters: 0 0 0

#Transform 116
Transform: AffineTransform_float_3_3
Parameters: 1 0.000224077 -0.00101459 -0.000220079 0.999991 0.00436123 0.00101533 -0.00436078 0.99999 -0.077268 0.399868 -0.117033
FixedParameters: 0 0 0

#Transform 117
Transform: AffineTransform_float_3_3
Parameters: 0.999999 -5.10631e-05 -0.00100018 5.46683e-05 0.999992 0.00403531 0.000999473 -0.00403469 0.999992 -0.0923099 0.394571 -0.114242
FixedParameters: 0 0 0

#Transform 118
Transform: AffineTransform_float_3_3
Parameters: 0.999999 0.000264668 -0.00126917 -0.000258724 0.999991 0.00425284 0.0012702 -0.00425216 0.999991 -0.0777877 0.400368 -0.144558
FixedParameters: 0 0 0

#Transform 119
Transform: AffineTransform_float_3_3
Parameters: 0.999975 0.00159996 -0.0069568 -0.00163756 0.999984 -0.00536905 0.00694754 0.00537994 0.999962 -0.483048 -0.0372717 -0.623494
FixedParameters: 0 0 0

#Transform 120
Transform: AffineTransform_float_3_3
Parameters: 0.999997 0.000710207 -0.00204834 -0.000722753 0.99998 -0.00617407 0.00204387 0.00617492 0.999979 -0.235334 0.013586 -0.174964
FixedParameters: 0 0 0

#Transform 121
Transform: AffineTransform_float_3_3
Parameters: 0.999999 7.77753e-05 -0.000942401 -7.81852e-05 1 -0.000217774 0.000942367 0.000217226 0.999999 -0.155556 0.245554 0.210059
FixedParameters: 0 0 0

#Transform 122
Transform: AffineTransform_float_3_3
Parameters: 1 0.000268626 -0.000493194 -0.000268687 1 -6.18674e-05 0.000493161 6.21324e-05 1 -0.127022 0.250724 0.145086
FixedParameters: 0 0 0

#Transform 123
Transform: AffineTransform_float_3_3
Parameters: 1 0.000287817 -0.000447395 -0.000288569 0.999999 -0.00084087 0.00044691 0.000841128 0.999999 -0.154189 0.208009 0.10587
FixedParameters: 0 0 0

#Transform 124
Transform: AffineTransform_float_3_3
Parameters: 1 0.00021425 -0.000620375 -0.000215222 0.999999 -0.000783866 0.000620039 0.000784132 0.999999 -0.140284 0.211486 0.136372
FixedParameters: 0 0 0

#Transform 125
Transform: AffineTransform_float_3_3
Parameters: 1 0.000208881 -0.000632431 -0.000209121 0.999999 -0.00122587 0.000632448 0.00122613 0.999999 -0.132369 0.193984 0.121718
FixedParameters: 0 0 0

#Transform 126
Transform: AffineTransform_float_3_3
Parameters: 1 0.000246574 -0.000544075 -0.000247759 1 -0.00108987 0.000543536 0.00109013 1 -0.137344 0.200917 0.114837
FixedParameters: 0 0 0

#Transform 127
Transform: AffineTransform_float_3_3
Parameters: 0.999999 0.000433875 -0.000595029 -0.00043425 1 -0.000314741 0.000594756 0.000315258 1 -0.15429 0.220134 0.0621978
FixedParameters: 0 0 0

#Transform 128
Transform: AffineTransform_float_3_3
Parameters: 0.999999 0.000547897 -0.000759364 -0.000547741 1 0.000103416 0.000759476 -0.000102584 0.999999 -0.136128 0.231059 0.0595053
FixedParameters: 0 0 0

#Transform 129
Transform: AffineTransform_float_3_3
Parameters: 1 0.000356335 -0.000286793 -0.000356026 1 0.000537102 0.000287176 -0.000536898 1 -0.125289 0.256889 0.0821048
FixedParameters: 0 0 0

#Transform 130
Transform: AffineTransform_float_3_3
Parameters: 1 0.00036376 -0.000579034 -0.000363494 1 0.000230211 0.000579201 -0.000229789 1 -0.143831 0.245203 0.0817907
FixedParameters: 0 0 0

#Transform 131
Transform: AffineTransform_float_3_3
Parameters: 1 0.000290969 -0.000440682 -0.000290888 1 9.22809e-05 0.000440736 -9.27192e-05 1 -0.123076 0.25283 0.0699999
FixedParameters: 0 0 0

#Transform 132
Transform: AffineTransform_float_3_3
Parameters: 0.999999 0.000179277 -0.000855794 -0.000179217 0.999999 0.000572306 0.00085639 -0.000572694 0.999999 -0.134456 0.27175 0.0943361
FixedParameters: 0 0 0

#Transform 133
Transform: AffineTransform_float_3_3
Parameters: 1 0.000410624 -0.000158692 -0.000410359 0.999999 0.000834065 0.000159377 -0.000833934 0.999999 -0.128548 0.284051 0.100384
FixedParameters: 0 0 0

#Transform 134
Transform: AffineTransform_float_3_3
Parameters: 1 0.000342902 -0.000318275 -0.000342889 1 2.01092e-05 0.000318289 -1.98909e-05 1 -0.11724 0.261241 0.104446
FixedParameters: 0 0 0

#Transform 135
Transform: AffineTransform_float_3_3
Parameters: 1 0.000308062 -0.000400252 -0.000308179 1 -0.000146877 0.000400162 0.000147123 1 -0.0998008 0.248883 0.122632
FixedParameters: 0 0 0

#Transform 136
Transform: AffineTransform_float_3_3
Parameters: 1 0.000237813 -0.000565887 -0.000237765 1 4.31346e-05 0.000565908 -4.28655e-05 1 -0.114628 0.247026 0.133365
FixedParameters: 0 0 0

#Transform 137
Transform: AffineTransform_float_3_3
Parameters: 1 0.00025995 -0.000311403 -0.000260084 1 -0.000214919 0.000311291 0.000215081 1 -0.127927 0.244408 0.12402
FixedParameters: 0 0 0

#Transform 138
Transform: AffineTransform_float_3_3
Parameters: 1 0.000196384 0.000176347 -0.000196578 1 0.000549965 -0.000176131 -0.000550034 1 -0.111032 0.266037 0.141282
FixedParameters: 0 0 0

#Transform 139
Transform: AffineTransform_float_3_3
Parameters: 1 0.00034021 -0.000325186 -0.00033972 0.999999 0.00135411 0.000325186 -0.00135389 0.999999 -0.131881 0.294702 0.102176
FixedParameters: 0 0 0

#Transform 140
Transform: AffineTransform_float_3_3
Parameters: 0.999999 0.000689163 -0.00128614 -0.000686402 0.999998 0.00209204 0.00128796 -0.00209096 0.999997 -0.141007 0.354032 0.118576
FixedParameters: 0 0 0

#Transform 141
Transform: AffineTransform_float_3_3
Parameters: 1 0.000791413 -0.000623439 -0.000790962 1 0.000362134 0.000624011 -0.000361866 1 -0.143403 0.298343 0.0851759
FixedParameters: 0 0 0

#Transform 142
Transform: AffineTransform_float_3_3
Parameters: 0.999999 0.000821923 -0.000664364 -0.000822448 1 0.000591187 0.000664806 -0.000590814 0.999999 -0.112481 0.294782 0.102744
FixedParameters: 0 0 0

#Transform 143
Transform: AffineTransform_float_3_3
Parameters: 1 0.000912295 -0.000489597 -0.000911939 0.999999 0.00076224 0.000490068 -0.00076276 1 -0.125251 0.282645 0.105347
FixedParameters: 0 0 0

#Transform 144
Transform: AffineTransform_float_3_3
Parameters: 0.999999 0.000814858 -0.000506569 -0.000814761 0.999999 9.64129e-05 0.000506726 -9.55873e-05 1 -0.135063 0.277021 0.15358
FixedParameters: 0 0 0

#Transform 145
Transform: AffineTransform_float_3_3
Parameters: 1 0.0009937 -8.58244e-05 -0.000993441 0.999999 -0.000772275 8.52108e-05 0.000771725 1 -0.109654 0.24818 0.129305
FixedParameters: 0 0 0

#Transform 146
Transform: AffineTransform_float_3_3
Parameters: 0.999998 0.00132535 0.000996358 -0.0013196 0.999981 -0.00604048 -0.00100421 0.00603853 0.999981 -0.0597701 0.0816557 0.0266217
FixedParameters: 0 0 0

#Transform 147
Transform: AffineTransform_float_3_3
Parameters: 0.999999 0.000801455 0.00122261 -0.00079476 0.999985 -0.00557878 -0.00122747 0.00557823 0.999984 -0.0243566 0.0859108 0.0754505
FixedParameters: 0 0 0

#Transform 148
Transform: AffineTransform_float_3_3
Parameters: 0.999999 0.000982946 0.000941727 -0.000979467 0.999992 -0.00386908 -0.000945524 0.00386792 0.999992 -0.0215361 0.143578 0.107399
FixedParameters: 0 0 0

#Transform 149
Transform: AffineTransform_float_3_3
Parameters: 0.999999 0.00106574 0.000762806 -0.0010623 0.999993 -0.0035456 -0.000767337 0.00354539 0.999993 -0.0287787 0.148424 0.0925658
FixedParameters: 0 0 0

#Transform 150
Transform: AffineTransform_float_3_3
Parameters: 0.999999 0.0016045 0.000799913 -0.00160145 0.999994 -0.00322459 -0.000805004 0.00322341 0.999994 -0.0375539 0.1594 0.0608793
FixedParameters: 0 0 0

#Transform 151
Transform: AffineTransform_float_3_3
Parameters: 0.999998 0.00126678 0.000968343 -0.00126362 0.999994 -0.00339517 -0.000972219 0.00339483 0.999994 -0.0113971 0.157586 0.0675476
FixedParameters: 0 0 0

#Transform 152
Transform: AffineTransform_float_3_3
Parameters: 0.999999 0.00121421 0.00133236 -0.00120901 0.999993 -0.00357941 -0.00133593 0.00357759 0.999993 -0.0363223 0.155587 0.0997217
FixedParameters: 0 0 0

#Transform 153
Transform: AffineTransform_float_3_3
Parameters: 0.999999 0.00128356 0.00122335 -0.00127907 0.999993 -0.00339036 -0.00122824 0.00338864 0.999993 -0.0104582 0.15306 0.0978052
FixedParameters: 0 0 0

#Transform 154
Transform: AffineTransform_float_3_3
Parameters: 0.999999 0.00130453 0.00127196 -0.00130044 0.999993 -0.00346745 -0.00127681 0.00346554 0.999993 -0.0106437 0.139676 0.0925148
FixedParameters: 0 0 0

#Transform 155
Transform: AffineTransform_float_3_3
Parameters: 1 0.000742462 0.000849226 -0.000740013 0.999994 -0.00337478 -0.000851746 0.00337422 0.999994 -0.0107396 0.167106 0.111874
FixedParameters: 0 0 0

#Transform 156
Transform: AffineTransform_float_3_3
Parameters: 1 0.000784866 0.000874577 -0.000782256 0.999994 -0.00336884 -0.000877372 0.00336816 0.999994 -0.0054789 0.156855 0.103121
FixedParameters: 0 0 0

#Transform 157
Transform: AffineTransform_float_3_3
Parameters: 0.999999 0.000935114 0.000898464 -0.000931874 0.999995 -0.00311563 -0.000902188 0.00311537 0.999995 -0.0207238 0.163372 0.0946362
FixedParameters: 0 0 0

#Transform 158
Transform: AffineTransform_float_3_3
Parameters: 0.999999 0.00115386 0.000921091 -0.00115075 0.999994 -0.00325885 -0.000925197 0.00325814 0.999994 -0.0356096 0.161806 0.105309
FixedParameters: 0 0 0

#Transform 159
Transform: AffineTransform_float_3_3
Parameters: 0.999999 0.00113404 0.000875302 -0.00113149 0.999994 -0.00310763 -0.000878937 0.00310637 0.999995 -0.0346862 0.161534 0.100387
FixedParameters: 0 0 0

#Transform 160
Transform: AffineTransform_float_3_3
Parameters: 0.999999 0.00100484 0.000962144 -0.00100168 0.999995 -0.00314376 -0.000965047 0.00314324 0.999995 -0.0189377 0.15688 0.0976154
FixedParameters: 0 0 0

#Transform 161
Transform: AffineTransform_float_3_3
Parameters: 0.999999 0.000887126 0.00113439 -0.000883293 0.999995 -0.00313665 -0.00113745 0.00313535 0.999995 -0.0218037 0.157468 0.113347
FixedParameters: 0 0 0

#Transform 162
Transform: AffineTransform_float_3_3
Parameters: 0.999999 0.000901493 0.00115881 -0.000898172 0.999995 -0.00285068 -0.00116145 0.00284931 0.999995 -0.00545683 0.169992 0.122807
FixedParameters: 0 0 0

#Transform 163
Transform: AffineTransform_float_3_3
Parameters: 0.999999 0.00101619 0.00103455 -0.00101307 0.999995 -0.00309485 -0.00103834 0.00309416 0.999995 -0.0236385 0.163182 0.126091
FixedParameters: 0 0 0

#Transform 164
Transform: AffineTransform_float_3_3
Parameters: 0.999999 0.000522829 0.00111959 -0.000519602 0.999995 -0.00308323 -0.00112124 0.00308278 0.999995 -0.0150988 0.174233 0.176312
FixedParameters: 0 0 0

#Transform 165
Transform: AffineTransform_float_3_3
Parameters: 0.999999 0.0011548 0.00062974 -0.00115249 0.999993 -0.00381188 -0.00063421 0.00381112 0.999993 -0.0131715 0.150643 0.187586
FixedParameters: 0 0 0

#Transform 166
Transform: AffineTransform_float_3_3
Parameters: 0.999999 0.00160713 0.000921153 -0.00160297 0.999991 -0.00368827 -0.000926434 0.00368672 0.999993 -0.0230032 0.163125 0.188075
FixedParameters: 0 0 0

#Transform 167
Transform: AffineTransform_float_3_3
Parameters: 0.999999 0.00149479 0.00100358 -0.00149178 0.999994 -0.00320081 -0.00100842 0.00319919 0.999994 -0.0348942 0.182725 0.170911
FixedParameters: 0 0 0

#Transform 168
Transform: AffineTransform_float_3_3
Parameters: 0.999998 0.00158652 0.000673523 -0.00158459 0.999995 -0.00260538 -0.00067785 0.00260462 0.999996 -0.0374487 0.195778 0.175043
FixedParameters: 0 0 0

#Transform 169
Transform: AffineTransform_float_3_3
Parameters: 0.999998 0.00185007 0.000829567 -0.00184728 0.999993 -0.00326784 -0.00083509 0.00326615 0.999994 -0.0343337 0.178141 0.164843
FixedParameters: 0 0 0

#Transform 170
Transform: AffineTransform_float_3_3
Parameters: 0.999998 0.0014589 0.000777078 -0.0014565 0.999996 -0.00256144 -0.000780611 0.00256056 0.999996 -0.0392691 0.203116 0.181694
FixedParameters: 0 0 0

#Transform 171
Transform: AffineTransform_float_3_3
Parameters: 0.999999 0.00151572 0.00095121 -0.00151231 0.999994 -0.00310324 -0.00095628 0.00310176 0.999995 -0.033012 0.185736 0.138153
FixedParameters: 0 0 0

#Transform 172
Transform: AffineTransform_float_3_3
Parameters: 0.999998 0.00148415 0.000867771 -0.00148183 0.999996 -0.00225044 -0.000870509 0.00224856 0.999997 -0.0272616 0.209791 0.176511
FixedParameters: 0 0 0

#Transform 173
Transform: AffineTransform_float_3_3
Parameters: 0.999999 0.00134338 0.0012626 -0.00134084 0.999996 -0.00251849 -0.00126557 0.00251651 0.999997 -0.0358286 0.197125 0.185089
FixedParameters: 0 0 0

#Transform 174
Transform: AffineTransform_float_3_3
Parameters: 0.999997 0.00209666 -0.0010572 -0.00210326 0.999977 -0.00636972 0.00104386 0.00637128 0.999979 -0.0542196 0.105548 0.00287917
FixedParameters: 0 0 0

#Transform 175
Transform: AffineTransform_float_3_3
Parameters: 0.999998 0.00188079 -0.00067973 -0.00188583 0.999971 -0.00741846 0.000665984 0.00741955 0.999973 -0.0704148 0.0776133 0.294539
FixedParameters: 0 0 0

#Transform 176
Transform: AffineTransform_float_3_3
Parameters: 0.999998 0.00150735 -0.000873158 -0.00151204 0.99998 -0.00623141 0.000863686 0.00623259 0.99998 -0.0786469 0.136183 0.238541
FixedParameters: 0 0 0

#Transform 177
Transform: AffineTransform_float_3_3
Parameters: 0.999999 0.00139565 -0.000210414 -0.00139698 0.999984 -0.00539071 0.000202584 0.00539129 0.999986 -0.0452018 0.147421 0.216493
FixedParameters: 0 0 0

#Transform 178
Transform: AffineTransform_float_3_3
Parameters: 0.999999 0.00116527 -0.000601236 -0.00116762 0.999988 -0.00469066 0.000595425 0.00469134 0.999989 -0.0557016 0.172103 0.234596
FixedParameters: 0 0 0

#Transform 179
Transform: AffineTransform_float_3_3
Parameters: 0.999999 0.00127397 -0.000596609 -0.0012762 0.999991 -0.0038406 0.000592337 0.0038414 0.999992 -0.067749 0.19086 0.243988
FixedParameters: 0 0 0
