#Insight Transform File V1.0
#Transform 0
Transform: AffineTransform_float_3_3
Parameters: 1 -0.000195276 -0.000497014 0.000194412 0.999999 -0.000868096 0.000497352 0.000867902 0.999999 0.0588975 0.10528 0.366469
FixedParameters: 0 0 0

#Transform 1
Transform: AffineTransform_float_3_3
Parameters: 1 0.000509714 4.47398e-06 -0.000509717 1 0.000313998 -4.15389e-06 -0.000314002 1 -0.017167 0.0354768 -0.0311661
FixedParameters: 0 0 0

#Transform 2
Transform: AffineTransform_float_3_3
Parameters: 1 0.000126859 -0.000150571 -0.000126689 1 0.000564019 0.000150714 -0.000563981 1 0.00183915 0.0721441 -0.0726361
FixedParameters: 0 0 0

#Transform 3
Transform: AffineTransform_float_3_3
Parameters: 1 0.00029163 6.20377e-05 -0.000291715 0.999999 0.000681982 -6.16399e-05 -0.000682018 1 -0.00954744 0.0821955 -0.105002
FixedParameters: 0 0 0

#Transform 4
Transform: AffineTransform_float_3_3
Parameters: 1 0.000310179 -8.27415e-05 -0.000310106 1 0.000439026 8.30138e-05 -0.000438974 1 -0.00533407 0.0799823 -0.106697
FixedParameters: 0 0 0

#Transform 5
Transform: AffineTransform_float_3_3
Parameters: 1 0.000301932 -4.61551e-05 -0.000301871 0.999999 0.000654014 4.65499e-05 -0.000653986 1 -0.00610744 0.0901284 -0.133901
FixedParameters: 0 0 0

#Transform 6
Transform: AffineTransform_float_3_3
Parameters: 1 0.000386738 0.000102269 -0.000386946 1 0.00102196 -0.000101479 -0.00102204 1 -0.0108585 0.073325 -0.102523
FixedParameters: 0 0 0

#Transform 7
Transform: AffineTransform_float_3_3
Parameters: 1 0.000621984 0.000176755 -0.000621772 1 0.00100276 -0.000176804 -0.00100224 1 -0.0175242 0.0654808 -0.0975214
FixedParameters: 0 0 0

#Transform 8
Transform: AffineTransform_float_3_3
Parameters: 1 0.000391162 1.44585e-05 -0.000391177 1 0.000522994 -1.40494e-05 -0.000523005 1 -0.0179943 0.0703819 -0.072283
FixedParameters: 0 0 0

#Transform 9
Transform: AffineTransform_float_3_3
Parameters: 1 0.000276698 0.000117316 -0.000276904 0.999999 0.000875967 -0.000116831 -0.000876032 0.999999 -0.00563642 0.0761563 -0.0851629
FixedParameters: 0 0 0

#Transform 10
Transform: AffineTransform_float_3_3
Parameters: 1 0.00033983 0.000350338 -0.000339568 1 0.000954749 -0.000350054 -0.000954253 1 -0.0257583 0.0758962 -0.103242
FixedParameters: 0 0 0

#Transform 11
Transform: AffineTransform_float_3_3
Parameters: 1 0.000101482 0.000259889 -0.00010212 0.999999 0.00122797 -0.000259639 -0.00122803 0.999999 -0.00585453 0.0793723 -0.121103
FixedParameters: 0 0 0

#Transform 12
Transform: AffineTransform_float_3_3
Parameters: 1 0.000198589 0.000508604 -0.000198926 0.999999 0.0012469 -0.000508474 -0.0012471 0.999999 -0.0273189 0.0896562 -0.124909
FixedParameters: 0 0 0

#Transform 13
Transform: AffineTransform_float_3_3
Parameters: 1 0.000332043 0.000140767 -0.000332279 0.999999 0.000841953 -0.000140208 -0.000842046 0.999999 -0.0098894 0.0849628 -0.0825033
FixedParameters: 0 0 0

#Transform 14
Transform: AffineTransform_float_3_3
Parameters: 1 0.000266508 0.00040152 -0.000267141 0.999999 0.000787892 -0.000401099 -0.000788106 0.999999 -0.0245514 0.0955195 -0.0990809
FixedParameters: 0 0 0

#Transform 15
Transform: AffineTransform_float_3_3
Parameters: 1 0.000278278 0.000129573 -0.000278494 0.999999 0.000833963 -0.000129108 -0.000834035 0.999999 -0.00908043 0.0764071 -0.083346
FixedParameters: 0 0 0

#Transform 16
Transform: AffineTransform_float_3_3
Parameters: 0.999999 0.000639033 0.000451449 -0.000640065 0.999999 0.00114371 -0.000449986 -0.00114429 0.999999 -0.0396577 0.0835647 -0.109737
FixedParameters: 0 0 0

#Transform 17
Transform: AffineTransform_float_3_3
Parameters: 1 0.000289906 0.000134746 -0.000290194 1 0.00106896 -0.000134126 -0.00106904 1 -0.00920392 0.0890656 -0.107203
FixedParameters: 0 0 0

#Transform 18
Transform: AffineTransform_float_3_3
Parameters: 1 0.00014237 0.000364159 -0.000142963 0.999999 0.000814947 -0.000363926 -0.000815051 0.999999 -0.0174187 0.0881707 -0.139803
FixedParameters: 0 0 0

#Transform 19
Transform: AffineTransform_float_3_3
Parameters: 1 0.000201959 0.000340866 -0.000202915 0.999999 0.00086693 -0.000341446 -0.000867068 0.999999 -0.0161886 0.0935834 -0.0976192
FixedParameters: 0 0 0

#Transform 20
Transform: AffineTransform_float_3_3
Parameters: 1 8.91597e-05 0.000228201 -8.96301e-05 1 0.00103098 -0.000228016 -0.00103102 1 -0.0058072 0.0838366 -0.121086
FixedParameters: 0 0 0

#Transform 21
Transform: AffineTransform_float_3_3
Parameters: 1 0.000142401 0.000364147 -0.000142933 0.999999 0.000730948 -0.000363938 -0.000731051 0.999999 -0.0142246 0.0808904 -0.130978
FixedParameters: 0 0 0

#Transform 22
Transform: AffineTransform_float_3_3
Parameters: 1 0.000108825 0.000278493 -0.000109371 1 0.000979971 -0.000278279 -0.000980031 1 -0.00591475 0.0796002 -0.105007
FixedParameters: 0 0 0

#Transform 23
Transform: AffineTransform_float_3_3
Parameters: 1 0.000142257 0.000364203 -0.000143076 1 0.00112495 -0.000363882 -0.00112505 1 -0.015127 0.0850798 -0.117293
FixedParameters: 0 0 0

#Transform 24
Transform: AffineTransform_float_3_3
Parameters: 1 0.000142272 0.000364197 -0.000143061 1 0.00108395 -0.000363888 -0.00108405 1 -0.0153487 0.0867441 -0.106057
FixedParameters: 0 0 0

#Transform 25
Transform: AffineTransform_float_3_3
Parameters: 1 8.40608e-05 0.000215162 -8.45125e-05 1 0.00104998 -0.000214985 -0.00105002 1 -0.00572864 0.089177 -0.107481
FixedParameters: 0 0 0

#Transform 26
Transform: AffineTransform_float_3_3
Parameters: 1 0.000116823 0.000298987 -0.000117428 1 0.00101097 -0.00029875 -0.00101104 1 -0.0150132 0.0889575 -0.108161
FixedParameters: 0 0 0

#Transform 27
Transform: AffineTransform_float_3_3
Parameters: 1 0.000142293 0.000364189 -0.00014304 1 0.00102595 -0.000363896 -0.00102605 1 -0.0155861 0.0926966 -0.0985046
FixedParameters: 0 0 0

#Transform 28
Transform: AffineTransform_float_3_3
Parameters: 1 0.000142308 0.000364184 -0.000143026 0.999999 0.000987288 -0.000363902 -0.000986712 1 -0.0129772 0.097986 -0.112068
FixedParameters: 0 0 0

#Transform 29
Transform: AffineTransform_float_3_3
Parameters: 1 0.00014228 0.000364195 -0.000143054 1 0.00106395 -0.000363891 -0.00106405 1 -0.0272062 0.0989291 -0.128806
FixedParameters: 0 0 0

#Transform 30
Transform: AffineTransform_float_3_3
Parameters: 1 0.00014228 0.000364194 -0.000143054 1 0.00106295 -0.000363891 -0.00106305 1 -0.00619638 0.10242 -0.122454
FixedParameters: 0 0 0

#Transform 31
Transform: AffineTransform_float_3_3
Parameters: 1 0.000142312 0.000364182 -0.000143022 0.999999 0.000976288 -0.000363904 -0.000975712 1 -0.0204947 0.104723 -0.132491
FixedParameters: 0 0 0

#Transform 32
Transform: AffineTransform_float_3_3
Parameters: 1 9.20423e-05 0.000235663 -9.25855e-05 1 0.00115298 -0.000235451 -0.00115302 1 -0.00581493 0.0961085 -0.117659
FixedParameters: 0 0 0

#Transform 33
Transform: AffineTransform_float_3_3
Parameters: 1 6.59094e-05 0.000394032 -6.67312e-05 1 0.00104297 -0.000393893 -0.00104303 1 -0.00487426 0.0894037 -0.125405
FixedParameters: 0 0 0

#Transform 34
Transform: AffineTransform_float_3_3
Parameters: 1 3.53047e-05 0.000406029 -3.58861e-05 0.999999 0.000715985 -0.000405978 -0.000716014 0.999999 -0.0167645 0.101808 -0.106559
FixedParameters: 0 0 0

#Transform 35
Transform: AffineTransform_float_3_3
Parameters: 1 0.000146291 0.000198341 -0.000146566 0.999999 0.000692971 -0.000198138 -0.000693029 0.999999 -0.00671953 0.100437 -0.100096
FixedParameters: 0 0 0

#Transform 36
Transform: AffineTransform_float_3_3
Parameters: 1 -1.30936e-05 0.000424969 1.34762e-05 1 0.000645005 -0.000425351 -0.000644994 0.999999 -0.0104979 0.10485 -0.0895052
FixedParameters: 0 0 0

#Transform 37
Transform: AffineTransform_float_3_3
Parameters: 1 9.90935e-05 0.000302702 -9.94501e-05 1 0.00058897 -0.000302585 -0.00058903 1 0.00381329 0.102265 -0.0822981
FixedParameters: 0 0 0

#Transform 38
Transform: AffineTransform_float_3_3
Parameters: 1 4.65223e-05 0.000401654 -4.70139e-05 1 0.000611981 -0.000401596 -0.000612018 0.999999 -0.0042897 0.0895381 -0.0859785
FixedParameters: 0 0 0

#Transform 39
Transform: AffineTransform_float_3_3
Parameters: 1 0.000182484 0.000422558 -0.000182065 1 0.000605923 -0.000422702 -0.000606077 0.999999 -0.00896368 0.101736 -0.0887057
FixedParameters: 0 0 0

#Transform 40
Transform: AffineTransform_float_3_3
Parameters: 1 1.98773e-06 0.000568261 -2.6835e-06 0.999999 0.000934338 -0.000567326 -0.000933662 1 0.00372654 0.0920755 -0.105645
FixedParameters: 0 0 0

#Transform 41
Transform: AffineTransform_float_3_3
Parameters: 1 5.57469e-05 0.00057946 -5.68397e-05 0.999999 0.000943307 -0.000579353 -0.000942693 1 -0.00824341 0.0939577 -0.115509
FixedParameters: 0 0 0

#Transform 42
Transform: AffineTransform_float_3_3
Parameters: 1 6.76341e-05 0.000296735 -6.82269e-05 0.999999 0.000999319 -0.000296599 -0.00099868 1 -0.000828132 0.0856743 -0.101941
FixedParameters: 0 0 0

#Transform 43
Transform: AffineTransform_float_3_3
Parameters: 1 -0.000278674 0.000528702 0.000278597 1 0.000953148 -0.000529598 -0.000952853 1 0.00138676 0.0939721 -0.120468
FixedParameters: 0 0 0

#Transform 44
Transform: AffineTransform_float_3_3
Parameters: 1 -0.000301245 0.000470953 0.000301637 1 0.000960276 -0.000470966 -0.000960726 1 0.00165182 0.105951 -0.110515
FixedParameters: 0 0 0

#Transform 45
Transform: AffineTransform_float_3_3
Parameters: 1 -0.000333944 0.000387177 0.000334249 0.999999 0.000807129 -0.000388081 -0.00080687 0.999999 0.00829416 0.0969127 -0.109671
FixedParameters: 0 0 0

#Transform 46
Transform: AffineTransform_float_3_3
Parameters: 1 -0.000229298 0.000509415 0.000229281 0.999999 0.000930116 -0.000510207 -0.000929882 0.999999 0.00948643 0.085451 -0.127148
FixedParameters: 0 0 0

#Transform 47
Transform: AffineTransform_float_3_3
Parameters: 1 -0.000326797 0.000405695 0.000327167 1 0.00114113 -0.000405875 -0.00114087 1 -0.000160312 0.0890647 -0.116206
FixedParameters: 0 0 0

#Transform 48
Transform: AffineTransform_float_3_3
Parameters: 1 -0.000389727 0.000244567 0.000390485 1 0.0010991 -0.000244858 -0.00109891 1 0.0187303 0.104419 -0.109655
FixedParameters: 0 0 0

#Transform 49
Transform: AffineTransform_float_3_3
Parameters: 1 -0.000360256 0.000320013 0.000360846 1 0.00110312 -0.000320243 -0.00110289 1 0.0124055 0.118079 -0.13459
FixedParameters: 0 0 0

#Transform 50
Transform: AffineTransform_float_3_3
Parameters: 1 -0.000432589 0.000134886 0.000432437 0.999999 0.000565058 -0.000135375 -0.000564941 1 0.019023 0.104866 -0.138617
FixedParameters: 0 0 0

#Transform 51
Transform: AffineTransform_float_3_3
Parameters: 1 -0.000502084 0.000182308 0.000502135 0.999999 0.000861091 -0.000182242 -0.000860908 0.999999 0.0203294 0.110908 -0.121184
FixedParameters: 0 0 0

#Transform 52
Transform: AffineTransform_float_3_3
Parameters: 1 -0.000495812 0.000181866 0.000495409 1 0.00110509 -0.000182961 -0.00110491 1 0.0102681 0.0783865 -0.093069
FixedParameters: 0 0 0

#Transform 53
Transform: AffineTransform_float_3_3
Parameters: 1 -0.000279665 0.000529034 0.000278538 1 0.00106515 -0.000529629 -0.00106485 1 -0.00662497 0.0916955 -0.0992672
FixedParameters: 0 0 0

#Transform 54
Transform: AffineTransform_float_3_3
Parameters: 1 -0.000292353 0.000309643 0.000292111 1 0.000980751 -0.000309285 -0.000981249 0.999999 -0.000736631 0.0840759 -0.0975285
FixedParameters: 0 0 0

#Transform 55
Transform: AffineTransform_float_3_3
Parameters: 1 -0.000306543 0.00038602 0.000306103 1 0.00104212 -0.000385727 -0.00104188 1 0.00235149 0.104305 -0.144688
FixedParameters: 0 0 0

#Transform 56
Transform: AffineTransform_float_3_3
Parameters: 1 -0.000368164 0.000563596 0.000367869 0.999999 0.00108634 -0.00056476 -0.00108666 1 -0.00456709 0.091398 -0.138977
FixedParameters: 0 0 0

#Transform 57
Transform: AffineTransform_float_3_3
Parameters: 1 -0.000442326 0.000156633 0.00044195 0.999999 0.00119507 -0.00015769 -0.00119493 1 0.0193862 0.0928387 -0.137515
FixedParameters: 0 0 0

#Transform 58
Transform: AffineTransform_float_3_3
Parameters: 1 -0.000353408 0.00055768 0.000351901 0.999999 0.0013502 -0.000558633 -0.0013498 0.999999 -0.00139715 0.0991869 -0.131402
FixedParameters: 0 0 0

#Transform 59
Transform: AffineTransform_float_3_3
Parameters: 1 -0.000417184 0.000177019 0.000417232 1 0.000895734 -0.000176836 -0.000896266 0.999999 0.0126709 0.0929013 -0.0982401
FixedParameters: 0 0 0

#Transform 60
Transform: AffineTransform_float_3_3
Parameters: 1 -0.000394493 0.000336712 0.000394249 1 0.000904793 -0.000336495 -0.000905207 0.999999 0.00466936 0.108666 -0.107215
FixedParameters: 0 0 0

#Transform 61
Transform: AffineTransform_float_3_3
Parameters: 1 -0.00041583 0.000334315 0.000415225 1 0.000903799 -0.000335067 -0.000904201 0.999999 0.00365526 0.102059 -0.0987103
FixedParameters: 0 0 0

#Transform 62
Transform: AffineTransform_float_3_3
Parameters: 1 -0.000473693 0.000230226 0.000473631 1 0.00092677 -0.000230173 -0.000927231 0.999999 0.0200822 0.107699 -0.110658
FixedParameters: 0 0 0

#Transform 63
Transform: AffineTransform_float_3_3
Parameters: 1 -0.000512387 0.000452602 0.000511962 1 0.000872025 -0.000452565 -0.000872975 1 0.00267213 0.115369 -0.126309
FixedParameters: 0 0 0

#Transform 64
Transform: AffineTransform_float_3_3
Parameters: 1 -0.000603554 0.000167177 0.000603611 1 0.000917761 -0.000167354 -0.000918239 0.999999 0.0133326 0.107444 -0.100441
FixedParameters: 0 0 0

#Transform 65
Transform: AffineTransform_float_3_3
Parameters: 1 -0.000550194 0.000207557 0.000549836 1 0.000860775 -0.000208504 -0.000861225 0.999999 0.00845592 0.100287 -0.0986391
FixedParameters: 0 0 0

#Transform 66
Transform: AffineTransform_float_3_3
Parameters: 1 -0.000751677 0.000713768 0.000750618 0.999999 0.00074133 -0.000714882 -0.00074167 0.999999 0.00846088 0.116038 -0.10709
FixedParameters: 0 0 0

#Transform 67
Transform: AffineTransform_float_3_3
Parameters: 0.999999 -0.000922812 0.000270623 0.000922754 0.999999 0.00077991 -0.000271132 -0.00078009 0.999999 0.0272552 0.104931 -0.10186
FixedParameters: 0 0 0

#Transform 68
Transform: AffineTransform_float_3_3
Parameters: 0.999999 -0.000691874 0.000367007 0.000691536 0.999999 0.000956914 -0.0003674 -0.000957086 0.999999 0.0239022 0.105865 -0.119322
FixedParameters: 0 0 0

#Transform 69
Transform: AffineTransform_float_3_3
Parameters: 0.999999 -0.000753056 0.000210413 0.000752952 0.999999 0.00111416 -0.000211159 -0.00111384 1 0.0243311 0.114205 -0.14047
FixedParameters: 0 0 0

#Transform 70
Transform: AffineTransform_float_3_3
Parameters: 1 -0.000815012 0.000738527 0.000814837 1 0.000748263 -0.000740111 -0.000747737 0.999999 0.0143946 0.10872 -0.157457
FixedParameters: 0 0 0

#Transform 71
Transform: AffineTransform_float_3_3
Parameters: 1 -0.00094941 0.000394829 0.000949152 0.999999 0.000788035 -0.000395394 -0.000787965 0.999999 0.0280955 0.123143 -0.158106
FixedParameters: 0 0 0

#Transform 72
Transform: AffineTransform_float_3_3
Parameters: 1 -0.000848615 0.000584026 0.000848887 0.999999 0.000876156 -0.000584947 -0.000875844 0.999999 0.00947918 0.129207 -0.182226
FixedParameters: 0 0 0

#Transform 73
Transform: AffineTransform_float_3_3
Parameters: 1 -0.00104622 0.000345009 0.00104589 1 0.000471022 -0.000345994 -0.000470978 1 0.0173248 0.119518 -0.180959
FixedParameters: 0 0 0

#Transform 74
Transform: AffineTransform_float_3_3
Parameters: 1 -0.00107913 0.000480417 0.00107876 1 0.000384179 -0.000481246 -0.000383821 1 0.0304356 0.11697 -0.199219
FixedParameters: 0 0 0

#Transform 75
Transform: AffineTransform_float_3_3
Parameters: 0.999999 -0.0013575 0.000658123 0.0013583 0.999999 0.000380688 -0.00065859 -0.000380313 1 0.0353543 0.128549 -0.221844
FixedParameters: 0 0 0

#Transform 76
Transform: AffineTransform_float_3_3
Parameters: 0.999999 -0.00142043 0.000497407 0.00142032 0.999999 0.000112367 -0.000497725 -0.000111633 1 0.0357876 0.12172 -0.217591
FixedParameters: 0 0 0

#Transform 77
Transform: AffineTransform_float_3_3
Parameters: 0.999999 -0.00144196 0.000442464 0.00144222 0.999999 0.000118299 -0.000441873 -0.000117703 1 0.048087 0.122912 -0.194614
FixedParameters: 0 0 0

#Transform 78
Transform: AffineTransform_float_3_3
Parameters: 0.999999 -0.00140784 0.000529518 0.00140737 0.999999 0.000451406 -0.000530788 -0.000450593 1 0.0454184 0.110787 -0.199596
FixedParameters: 0 0 0

#Transform 79
Transform: AffineTransform_float_3_3
Parameters: 0.999998 -0.00173449 0.000795274 0.00173366 0.999998 0.000750701 -0.000796944 -0.000749298 0.999999 0.0536733 0.120305 -0.181
FixedParameters: 0 0 0

#Transform 80
Transform: AffineTransform_float_3_3
Parameters: 0.999998 -0.00178124 0.000675739 0.00178068 0.999998 0.000410525 -0.000677199 -0.000409474 1 0.0612555 0.116703 -0.163416
FixedParameters: 0 0 0

#Transform 81
Transform: AffineTransform_float_3_3
Parameters: 0.999998 -0.00178124 0.000675741 0.00178068 0.999998 0.000409525 -0.000677198 -0.000408474 1 0.061198 0.130837 -0.206781
FixedParameters: 0 0 0

#Transform 82
Transform: AffineTransform_float_3_3
Parameters: 0.999998 -0.00178111 0.00067607 0.00178081 0.999999 0.000224525 -0.000676868 -0.000223475 1 0.0612212 0.127124 -0.182216
FixedParameters: 0 0 0

#Transform 83
Transform: AffineTransform_float_3_3
Parameters: 0.999998 -0.0017812 0.000675833 0.00178072 0.999998 0.000357525 -0.000677105 -0.000356474 1 0.0612291 0.123887 -0.189452
FixedParameters: 0 0 0

#Transform 84
Transform: AffineTransform_float_3_3
Parameters: 0.999998 -0.00217307 0.000829728 0.0021728 0.999998 0.000163784 -0.000830437 -0.000162215 1 0.0570854 0.135949 -0.205644
FixedParameters: 0 0 0

#Transform 85
Transform: AffineTransform_float_3_3
Parameters: 0.999998 -0.00217328 0.000829179 0.00217295 0.999998 0.000416784 -0.000830055 -0.000415217 1 0.0679646 0.128035 -0.179175
FixedParameters: 0 0 0

#Transform 86
Transform: AffineTransform_float_3_3
Parameters: 0.999998 -0.00217317 0.000829455 0.00217269 0.999998 0.000289784 -0.00083071 -0.000288215 1 0.0649544 0.138051 -0.230327
FixedParameters: 0 0 0

#Transform 87
Transform: AffineTransform_float_3_3
Parameters: 0.999998 -0.00217336 0.000828961 0.00217287 0.999998 0.000516784 -0.000830273 -0.000515216 0.999999 0.067942 0.128565 -0.198971
FixedParameters: 0 0 0

#Transform 88
Transform: AffineTransform_float_3_3
Parameters: 0.999998 -0.00209837 0.00102066 0.00209754 0.999998 0.000584257 -0.00102217 -0.000582743 0.999999 0.0647416 0.122307 -0.226904
FixedParameters: 0 0 0

#Transform 89
Transform: AffineTransform_float_3_3
Parameters: 0.999999 -0.00171059 0.000647704 0.00171017 0.999998 0.000605429 -0.000648842 -0.000604571 0.999999 0.0543057 0.12324 -0.158899
FixedParameters: 0 0 0

#Transform 90
Transform: AffineTransform_float_3_3
Parameters: 0.999998 -0.00149435 0.000703826 0.00149341 0.999998 0.00118471 -0.000705501 -0.00118329 0.999999 0.0383467 0.120654 -0.186206
FixedParameters: 0 0 0

#Transform 91
Transform: AffineTransform_float_3_3
Parameters: 0.999998 -0.00154041 0.000506176 0.00154002 0.999998 0.00110144 -0.000507705 -0.00110056 1 0.0404111 0.137864 -0.13787
FixedParameters: 0 0 0

#Transform 92
Transform: AffineTransform_float_3_3
Parameters: 0.999999 -0.0010786 0.000583527 0.00107776 0.999999 0.00103629 -0.00058483 -0.00103571 0.999999 0.0251448 0.131675 -0.205738
FixedParameters: 0 0 0

#Transform 93
Transform: AffineTransform_float_3_3
Parameters: 0.999999 -0.00134461 0.000576003 0.0013435 0.999998 0.00159044 -0.000578415 -0.00158956 0.999998 0.0387082 0.128033 -0.167698
FixedParameters: 0 0 0

#Transform 94
Transform: AffineTransform_float_3_3
Parameters: 0.999998 -0.00134435 0.000834748 0.00134366 0.999998 0.000851915 -0.000835174 -0.000851084 0.999999 0.0267196 0.103705 -0.218662
FixedParameters: 0 0 0

#Transform 95
Transform: AffineTransform_float_3_3
Parameters: 0.999999 -0.00165645 0.000722985 0.00165581 0.999999 0.000698519 -0.000724366 -0.000697481 0.999999 0.0365138 0.133173 -0.185622
FixedParameters: 0 0 0

#Transform 96
Transform: AffineTransform_float_3_3
Parameters: 0.999998 -0.00151585 0.000667934 0.00151523 0.999999 0.000733467 -0.000669226 -0.000733533 1 0.0340153 0.133465 -0.189301
FixedParameters: 0 0 0

#Transform 97
Transform: AffineTransform_float_3_3
Parameters: 0.999998 -0.0016043 0.00102957 0.00160306 0.999998 0.000954446 -0.00103077 -0.000952555 1 0.028993 0.137426 -0.183808
FixedParameters: 0 0 0

#Transform 98
Transform: AffineTransform_float_3_3
Parameters: 0.999999 -0.00167719 0.00073043 0.00167603 0.999998 0.00103789 -0.000732976 -0.00103611 1 0.042189 0.13944 -0.163842
FixedParameters: 0 0 0

#Transform 99
Transform: AffineTransform_float_3_3
Parameters: 0.999998 -0.00173154 0.00109092 0.00173072 0.999998 0.000544343 -0.00109187 -0.000542657 0.999999 0.0388162 0.1381 -0.213739
FixedParameters: 0 0 0

#Transform 100
Transform: AffineTransform_float_3_3
Parameters: 0.999998 -0.00183881 0.000926783 0.00183768 0.999998 0.00100069 -0.000928598 -0.000999314 0.999999 0.0454213 0.135343 -0.188713
FixedParameters: 0 0 0

#Transform 101
Transform: AffineTransform_float_3_3
Parameters: 0.999998 -0.00182486 0.000967866 0.00182361 0.999997 0.00083422 -0.000969976 -0.000832778 0.999999 0.0516932 0.119208 -0.224003
FixedParameters: 0 0 0

#Transform 102
Transform: AffineTransform_float_3_3
Parameters: 0.999997 -0.00206461 0.00088193 0.00206361 0.999997 0.000982803 -0.000884121 -0.000981196 0.999999 0.0433942 0.119759 -0.221524
FixedParameters: 0 0 0

#Transform 103
Transform: AffineTransform_float_3_3
Parameters: 0.999998 -0.00206426 0.000882775 0.00206361 0.999998 0.000573804 -0.000884209 -0.000572196 0.999999 0.0619116 0.128028 -0.203417
FixedParameters: 0 0 0

#Transform 104
Transform: AffineTransform_float_3_3
Parameters: 0.999997 -0.00249354 0.0010508 0.00249276 0.999997 0.000547263 -0.0010526 -0.000544737 0.999999 0.0798837 0.13533 -0.220566
FixedParameters: 0 0 0

#Transform 105
Transform: AffineTransform_float_3_3
Parameters: 0.999996 -0.00281491 0.0011763 0.00281381 0.999996 0.000623615 -0.00117887 -0.000620383 0.999999 0.075263 0.141733 -0.236406
FixedParameters: 0 0 0

#Transform 106
Transform: AffineTransform_float_3_3
Parameters: 0.999995 -0.00288507 0.00120547 0.00288481 0.999996 0.00010878 -0.00120609 -0.00010522 0.999999 0.100233 0.117312 -0.235602
FixedParameters: 0 0 0

#Transform 107
Transform: AffineTransform_float_3_3
Parameters: 0.999995 -0.00298983 0.00124516 0.00298896 0.999995 0.000499026 -0.0012472 -0.000494972 0.999999 0.107638 0.139793 -0.237782
FixedParameters: 0 0 0

#Transform 108
Transform: AffineTransform_float_3_3
Parameters: 0.999995 -0.00298908 0.00124696 0.00298898 0.999995 -0.000104838 -0.00124726 0.000108163 0.999999 0.0967808 0.139286 -0.282073
FixedParameters: 0 0 0

#Transform 109
Transform: AffineTransform_float_3_3
Parameters: 0.999994 -0.00313803 0.00130541 0.00313798 0.999995 -0.000120942 -0.00130557 0.000125059 0.999999 0.106064 0.124824 -0.242497
FixedParameters: 0 0 0

#Transform 110
Transform: AffineTransform_float_3_3
Parameters: 0.999994 -0.00336495 0.000926381 0.00336423 0.999994 8.1946e-05 -0.000925627 -7.90577e-05 1 0.123488 0.136447 -0.261601
FixedParameters: 0 0 0

#Transform 111
Transform: AffineTransform_float_3_3
Parameters: 0.999993 -0.00331565 0.00134 0.00331589 0.999994 -0.000224463 -0.00133943 0.000228537 0.999999 0.1236 0.120506 -0.305669
FixedParameters: 0 0 0

#Transform 112
Transform: AffineTransform_float_3_3
Parameters: 0.999993 -0.00349793 0.00136273 0.00349754 0.999994 0.00014539 -0.00136373 -0.000140609 0.999999 0.115846 0.137937 -0.260342
FixedParameters: 0 0 0

#Transform 113
Transform: AffineTransform_float_3_3
Parameters: 0.999993 -0.0034012 0.00160947 0.00340126 0.999994 -0.000127771 -0.00160952 0.00013323 0.999999 0.130864 0.140228 -0.272002
FixedParameters: 0 0 0

#Transform 114
Transform: AffineTransform_float_3_3
Parameters: 0.999993 -0.00344383 0.00141031 0.00344385 0.999994 -0.000133522 -0.00141031 0.000138479 0.999999 0.128944 0.129637 -0.299146
FixedParameters: 0 0 0

#Transform 115
Transform: AffineTransform_float_3_3
Parameters: 0.999993 -0.00338476 0.00154462 0.00338448 0.999994 -2.70169e-05 -0.00154535 3.19855e-05 0.999999 0.107588 0.135663 -0.290254
FixedParameters: 0 0 0

#Transform 116
Transform: AffineTransform_float_3_3
Parameters: 0.999993 -0.00351504 0.0014205 0.00351466 0.999993 0.00026375 -0.00142141 -0.000259251 0.999999 0.13313 0.150225 -0.284095
FixedParameters: 0 0 0

#Transform 117
Transform: AffineTransform_float_3_3
Parameters: 0.999992 -0.00356166 0.00167952 0.00356229 0.999994 -0.000291604 -0.00167835 0.000297395 0.999998 0.121488 0.157395 -0.314464
FixedParameters: 0 0 0

#Transform 118
Transform: AffineTransform_float_3_3
Parameters: 0.999991 -0.00385638 0.00144021 0.00385659 0.999992 -0.000195165 -0.00143962 0.000200835 0.999999 0.138676 0.138037 -0.30965
FixedParameters: 0 0 0

#Transform 119
Transform: AffineTransform_float_3_3
Parameters: 0.99999 -0.00392536 0.00185585 0.00392603 0.999992 -0.000372641 -0.00185476 0.000380359 0.999998 0.155872 0.135019 -0.37328
FixedParameters: 0 0 0

#Transform 120
Transform: AffineTransform_float_3_3
Parameters: 0.999991 -0.00387534 0.001745 0.00387587 0.999992 -0.000625166 -0.00174162 0.00063183 0.999998 0.140372 0.127879 -0.345291
FixedParameters: 0 0 0

#Transform 121
Transform: AffineTransform_float_3_3
Parameters: 0.99999 -0.00405708 0.00152014 0.00405775 0.999991 -0.000459026 -0.00151825 0.000465973 0.999998 0.14433 0.139928 -0.319079
FixedParameters: 0 0 0

#Transform 122
Transform: AffineTransform_float_3_3
Parameters: 0.99999 -0.00406101 0.00187151 0.00406172 0.999992 -0.000380666 -0.00187025 0.000388334 0.999998 0.156002 0.146067 -0.336831
FixedParameters: 0 0 0

#Transform 123
Transform: AffineTransform_float_3_3
Parameters: 0.99999 -0.00391794 0.00187472 0.00391885 0.999992 -0.000435448 -0.00187314 0.000442551 0.999998 0.143287 0.143183 -0.352735
FixedParameters: 0 0 0

#Transform 124
Transform: AffineTransform_float_3_3
Parameters: 0.99999 -0.00405693 0.00152053 0.00405753 0.999992 -0.000554232 -0.0015188 0.000559769 0.999999 0.160403 0.134975 -0.335233
FixedParameters: 0 0 0

#Transform 125
Transform: AffineTransform_float_3_3
Parameters: 0.99999 -0.00405645 0.00152182 0.00405765 0.999991 -0.00087223 -0.00151844 0.00087777 0.999998 0.144265 0.138907 -0.366434
FixedParameters: 0 0 0

#Transform 126
Transform: AffineTransform_float_3_3
Parameters: 0.99999 -0.00424858 0.00177669 0.00424979 0.999991 -0.00064606 -0.00177396 0.000652939 0.999998 0.164957 0.151297 -0.333842
FixedParameters: 0 0 0

#Transform 127
Transform: AffineTransform_float_3_3
Parameters: 0.999989 -0.0043663 0.00202406 0.00436766 0.999991 -0.000694111 -0.00202169 0.000702891 0.999997 0.168471 0.140339 -0.34008
FixedParameters: 0 0 0

#Transform 128
Transform: AffineTransform_float_3_3
Parameters: 0.999989 -0.00436865 0.00201801 0.00437042 0.99999 -0.000798999 -0.00201471 0.000807 0.999998 0.151008 0.141209 -0.324935
FixedParameters: 0 0 0

#Transform 129
Transform: AffineTransform_float_3_3
Parameters: 0.999989 -0.00449463 0.00169742 0.00449787 0.999989 -0.00153746 -0.00169137 0.00154454 0.999997 0.186094 0.139027 -0.36468
FixedParameters: 0 0 0

#Transform 130
Transform: AffineTransform_float_3_3
Parameters: 0.999987 -0.0046352 0.00175254 0.00463753 0.999988 -0.0014961 -0.00174607 0.0015049 0.999997 0.170722 0.132863 -0.403251
FixedParameters: 0 0 0

#Transform 131
Transform: AffineTransform_float_3_3
Parameters: 0.999989 -0.00449498 0.00169649 0.00449788 0.999989 -0.00133225 -0.00169136 0.00134075 0.999997 0.171655 0.134855 -0.381773
FixedParameters: 0 0 0

#Transform 132
Transform: AffineTransform_float_3_3
Parameters: 0.999988 -0.00470238 0.00177845 0.0047048 0.999988 -0.00139807 -0.00177178 0.00140593 0.999998 0.191638 0.135382 -0.381043
FixedParameters: 0 0 0

#Transform 133
Transform: AffineTransform_float_3_3
Parameters: 0.999985 -0.00489268 0.00220415 0.0048963 0.999986 -0.00147972 -0.00219706 0.00149028 0.999996 0.191647 0.141065 -0.367746
FixedParameters: 0 0 0

#Transform 134
Transform: AffineTransform_float_3_3
Parameters: 0.999986 -0.00476506 0.00227463 0.00476737 0.999988 -0.00135166 -0.00226878 0.00136234 0.999997 0.177939 0.151808 -0.338455
FixedParameters: 0 0 0

#Transform 135
Transform: AffineTransform_float_3_3
Parameters: 0.999985 -0.00485136 0.00230916 0.00485423 0.999987 -0.0014513 -0.0023021 0.0014627 0.999996 0.173888 0.158111 -0.308167
FixedParameters: 0 0 0

#Transform 136
Transform: AffineTransform_float_3_3
Parameters: 0.999986 -0.00468863 0.00272313 0.00469187 0.999988 -0.00122846 -0.0027177 0.00124154 0.999995 0.183331 0.15268 -0.264549
FixedParameters: 0 0 0

#Transform 137
Transform: AffineTransform_float_3_3
Parameters: 0.999984 -0.00493425 0.00276777 0.00493822 0.999987 -0.00134212 -0.00276061 0.00135487 0.999995 0.189146 0.160602 -0.284273
FixedParameters: 0 0 0

#Transform 138
Transform: AffineTransform_float_3_3
Parameters: 0.999985 -0.00482122 0.00266699 0.00482514 0.999987 -0.00145172 -0.00266001 0.00146428 0.999995 0.185024 0.155542 -0.261889
FixedParameters: 0 0 0

#Transform 139
Transform: AffineTransform_float_3_3
Parameters: 0.999984 -0.00501658 0.00237291 0.00501898 0.999987 -0.00123594 -0.00236659 0.00124806 0.999997 0.201582 0.152566 -0.268392
FixedParameters: 0 0 0

#Transform 140
Transform: AffineTransform_float_3_3
Parameters: 0.999984 -0.00493028 0.00280195 0.00493487 0.999987 -0.00156563 -0.00279445 0.00157937 0.999995 0.198142 0.143451 -0.287084
FixedParameters: 0 0 0

#Transform 141
Transform: AffineTransform_float_3_3
Parameters: 0.999983 -0.00511534 0.00282013 0.0051207 0.999985 -0.00175849 -0.002811 0.00177351 0.999994 0.186643 0.150021 -0.292872
FixedParameters: 0 0 0

#Transform 142
Transform: AffineTransform_float_3_3
Parameters: 0.999983 -0.0051178 0.00281302 0.00512445 0.999984 -0.00218652 -0.00280228 0.00220148 0.999994 0.203156 0.167771 -0.280431
FixedParameters: 0 0 0

#Transform 143
Transform: AffineTransform_float_3_3
Parameters: 0.999983 -0.0049591 0.00287511 0.0049648 0.999985 -0.00200953 -0.00286461 0.00202347 0.999994 0.204511 0.159285 -0.279935
FixedParameters: 0 0 0

#Transform 144
Transform: AffineTransform_float_3_3
Parameters: 0.999982 -0.00502223 0.0030555 0.00502899 0.999985 -0.00212331 -0.00304452 0.00213869 0.999993 0.205874 0.147739 -0.287615
FixedParameters: 0 0 0

#Transform 145
Transform: AffineTransform_float_3_3
Parameters: 0.999983 -0.00508534 0.0028949 0.00509213 0.999984 -0.00237341 -0.00288297 0.00238759 0.999993 0.186258 0.153304 -0.274539
FixedParameters: 0 0 0

#Transform 146
Transform: AffineTransform_float_3_3
Parameters: 0.999983 -0.00514259 0.00274982 0.00514965 0.999984 -0.00237912 -0.00273793 0.00239288 0.999993 0.223448 0.159323 -0.259919
FixedParameters: 0 0 0

#Transform 147
Transform: AffineTransform_float_3_3
Parameters: 0.999981 -0.00548548 0.003024 0.00549452 0.999981 -0.00288857 -0.00300823 0.00290443 0.999991 0.228689 0.150482 -0.286869
FixedParameters: 0 0 0

#Transform 148
Transform: AffineTransform_float_3_3
Parameters: 0.99998 -0.00541196 0.00321 0.00542115 0.999981 -0.00288718 -0.0031943 0.00290382 0.999991 0.218083 0.165732 -0.297283
FixedParameters: 0 0 0

#Transform 149
Transform: AffineTransform_float_3_3
Parameters: 0.999981 -0.00548841 0.00301656 0.00549741 0.99998 -0.00288826 -0.00300077 0.00290473 0.999991 0.219157 0.157811 -0.268171
FixedParameters: 0 0 0

#Transform 150
Transform: AffineTransform_float_3_3
Parameters: 0.99998 -0.00532926 0.00341924 0.00533965 0.999981 -0.00288585 -0.00340402 0.00290415 0.99999 0.228197 0.172532 -0.286678
FixedParameters: 0 0 0

#Transform 151
Transform: AffineTransform_float_3_3
Parameters: 0.999981 -0.00547996 0.00303795 0.00548908 0.99998 -0.00288783 -0.00302221 0.00290517 0.999992 0.213401 0.168982 -0.298672
FixedParameters: 0 0 0

#Transform 152
Transform: AffineTransform_float_3_3
Parameters: 0.999981 -0.0054433 0.00313137 0.00545204 0.999982 -0.00262264 -0.00311687 0.00263936 0.999992 0.206618 0.189818 -0.276037
FixedParameters: 0 0 0

#Transform 153
Transform: AffineTransform_float_3_3
Parameters: 0.999981 -0.00550732 0.00296859 0.0055161 0.999981 -0.00295861 -0.00295284 0.0029754 0.999991 0.227936 0.166264 -0.272626
FixedParameters: 0 0 0

#Transform 154
Transform: AffineTransform_float_3_3
Parameters: 0.999979 -0.00562068 0.00301571 0.00563104 0.999979 -0.00329735 -0.00299734 0.00331465 0.99999 0.226875 0.1574 -0.311262
FixedParameters: 0 0 0

#Transform 155
Transform: AffineTransform_float_3_3
Parameters: 0.99998 -0.00558628 0.0030021 0.00559561 0.999979 -0.00329719 -0.00298359 0.00331481 0.99999 0.215921 0.161097 -0.299385
FixedParameters: 0 0 0

#Transform 156
Transform: AffineTransform_float_3_3
Parameters: 0.999978 -0.00588929 0.00311803 0.00589795 0.999979 -0.00273948 -0.00310167 0.00275752 0.999991 0.229993 0.170484 -0.282162
FixedParameters: 0 0 0

#Transform 157
Transform: AffineTransform_float_3_3
Parameters: 0.999978 -0.00575645 0.00306729 0.00576563 0.999978 -0.00298851 -0.00305064 0.00300649 0.999991 0.227663 0.165754 -0.30918
FixedParameters: 0 0 0

#Transform 158
Transform: AffineTransform_float_3_3
Parameters: 0.999978 -0.00574299 0.00348764 0.00575267 0.999979 -0.0029652 -0.00347059 0.00298579 0.999989 0.22387 0.17309 -0.33147
FixedParameters: 0 0 0

#Transform 159
Transform: AffineTransform_float_3_3
Parameters: 0.999978 -0.00588969 0.00311726 0.00589754 0.999979 -0.00260814 -0.00310244 0.00262686 0.999992 0.219574 0.170403 -0.300986
FixedParameters: 0 0 0

#Transform 160
Transform: AffineTransform_float_3_3
Parameters: 0.999977 -0.00580567 0.00332952 0.00581462 0.999979 -0.00280238 -0.00331344 0.00282162 0.99999 0.236089 0.166498 -0.318074
FixedParameters: 0 0 0

#Transform 161
Transform: AffineTransform_float_3_3
Parameters: 0.999978 -0.00572277 0.00353813 0.00573386 0.999979 -0.00317485 -0.00351973 0.00319515 0.999989 0.224797 0.172536 -0.31232
FixedParameters: 0 0 0

#Transform 162
Transform: AffineTransform_float_3_3
Parameters: 0.999976 -0.00596261 0.00346167 0.00597446 0.999977 -0.00327428 -0.00344185 0.00329472 0.999989 0.235966 0.155855 -0.310441
FixedParameters: 0 0 0

#Transform 163
Transform: AffineTransform_float_3_3
Parameters: 0.999977 -0.00578081 0.00339041 0.00579256 0.999977 -0.00352064 -0.0033695 0.00354036 0.999988 0.234991 0.172403 -0.321044
FixedParameters: 0 0 0

#Transform 164
Transform: AffineTransform_float_3_3
Parameters: 0.999978 -0.00570662 0.00357829 0.0057177 0.999978 -0.00336989 -0.00355927 0.00338911 0.999988 0.225675 0.168479 -0.33583
FixedParameters: 0 0 0

#Transform 165
Transform: AffineTransform_float_3_3
Parameters: 0.999977 -0.00580305 0.00333495 0.00581302 0.999978 -0.00325602 -0.00331603 0.00327598 0.999989 0.230688 0.170285 -0.328658
FixedParameters: 0 0 0

#Transform 166
Transform: AffineTransform_float_3_3
Parameters: 0.999978 -0.00587192 0.00316094 0.00588191 0.999977 -0.00323495 -0.00314126 0.00325405 0.99999 0.241615 0.166569 -0.32611
FixedParameters: 0 0 0

#Transform 167
Transform: AffineTransform_float_3_3
Parameters: 0.999974 -0.0060188 0.00398423 0.0060327 0.999975 -0.00358841 -0.00396193 0.00361259 0.999986 0.250007 0.17072 -0.347495
FixedParameters: 0 0 0

#Transform 168
Transform: AffineTransform_float_3_3
Parameters: 0.999976 -0.00604963 0.00357307 0.00606151 0.999976 -0.00335651 -0.00355225 0.00337748 0.999988 0.237884 0.16353 -0.314818
FixedParameters: 0 0 0

#Transform 169
Transform: AffineTransform_float_3_3
Parameters: 0.999977 -0.00599451 0.00293449 0.00600021 0.99998 -0.00193251 -0.00292294 0.00195049 0.999994 0.251983 0.153128 -0.248405
FixedParameters: 0 0 0

#Transform 170
Transform: AffineTransform_float_3_3
Parameters: 0.999978 -0.00576727 0.00311231 0.00577404 0.999981 -0.00220341 -0.00309909 0.00222059 0.999993 0.22486 0.146226 -0.293344
FixedParameters: 0 0 0

#Transform 171
Transform: AffineTransform_float_3_3
Parameters: 0.999978 -0.00582065 0.00313257 0.00582717 0.999981 -0.00208913 -0.0031195 0.00210687 0.999994 0.219859 0.148436 -0.286867
FixedParameters: 0 0 0

#Transform 172
Transform: AffineTransform_float_3_3
Parameters: 0.999979 -0.00567007 0.00331412 0.00567908 0.99998 -0.00257123 -0.00329992 0.00259077 0.999991 0.235897 0.146917 -0.294911
FixedParameters: 0 0 0

#Transform 173
Transform: AffineTransform_float_3_3
Parameters: 0.999977 -0.00577701 0.00358197 0.00578702 0.999979 -0.00269961 -0.00356631 0.00271939 0.99999 0.213962 0.165556 -0.316731
FixedParameters: 0 0 0

#Transform 174
Transform: AffineTransform_float_3_3
Parameters: 0.999976 -0.00573103 0.00369723 0.00574231 0.999979 -0.00301211 -0.00367972 0.00303288 0.999988 0.227428 0.160625 -0.297225
FixedParameters: 0 0 0

#Transform 175
Transform: AffineTransform_float_3_3
Parameters: 0.999977 -0.00576736 0.00360359 0.00578043 0.999977 -0.00354466 -0.00358342 0.00356534 0.999987 0.240931 0.161983 -0.30511
FixedParameters: 0 0 0

#Transform 176
Transform: AffineTransform_float_3_3
Parameters: 0.999975 -0.00596 0.00395496 0.00597248 0.999977 -0.00322328 -0.00393595 0.00324672 0.999987 0.239674 0.172312 -0.307896
FixedParameters: 0 0 0

#Transform 177
Transform: AffineTransform_float_3_3
Parameters: 0.999974 -0.00577807 0.00414639 0.0057927 0.999976 -0.00364795 -0.00412476 0.00367205 0.999985 0.218686 0.166773 -0.32149
FixedParameters: 0 0 0

#Transform 178
Transform: AffineTransform_float_3_3
Parameters: 0.999973 -0.00616692 0.00384452 0.00617957 0.999975 -0.00338715 -0.00382307 0.00341084 0.999987 0.23816 0.157336 -0.329142
FixedParameters: 0 0 0

#Transform 179
Transform: AffineTransform_float_3_3
Parameters: 0.999975 -0.00600464 0.00391227 0.0060206 0.999974 -0.00406037 -0.00388718 0.00408362 0.999984 0.239016 0.148458 -0.390107
FixedParameters: 0 0 0
