# transform file /out/sourcedata/freesurfer/sub-v1s10x0050981_ses-1/mri/transforms/cc_up.lta
# created by oesteban on Thu Mar 12 02:24:47 2026

type      = 0 # LINEAR_VOX_TO_VOX
nxforms   = 1
mean      = 128.0000 135.0000 115.0000
sigma     = 10000.0000
1 4 4
9.951590895652771e-01 -1.888553495518863e-03 -9.825988858938217e-02 1.175294971466064e+01 
1.879414427094162e-03 9.999982714653015e-01 -1.855693844845518e-04 3.778348684310913e+00 
9.826005995273590e-02 0.000000000000000e+00 9.951608777046204e-01 -5.188266277313232e+00 
0.000000000000000e+00 0.000000000000000e+00 0.000000000000000e+00 1.000000000000000e+00 
src volume info
valid = 1  # volume info valid
filename = /out/sourcedata/freesurfer/sub-v1s10x0050981_ses-1/mri/norm.mgz
volume = 256 256 256
voxelsize = 1.000000000000000e+00 1.000000000000000e+00 1.000000000000000e+00
xras   = -1.000000000000000e+00 0.000000000000000e+00 0.000000000000000e+00
yras   = 0.000000000000000e+00 0.000000000000000e+00 -1.000000000000000e+00
zras   = 0.000000000000000e+00 1.000000000000000e+00 0.000000000000000e+00
cras   = 6.651229858398438e-01 -2.614456176757812e+00 -1.201205444335938e+01
dst volume info
valid = 1  # volume info valid
filename = /out/sourcedata/freesurfer/sub-v1s10x0050981_ses-1/mri/norm.mgz
volume = 256 256 256
voxelsize = 1.000000000000000e+00 1.000000000000000e+00 1.000000000000000e+00
xras   = -1.000000000000000e+00 0.000000000000000e+00 0.000000000000000e+00
yras   = 0.000000000000000e+00 0.000000000000000e+00 -1.000000000000000e+00
zras   = 0.000000000000000e+00 1.000000000000000e+00 0.000000000000000e+00
cras   = 6.651229858398438e-01 -2.614456176757812e+00 -1.201205444335938e+01
