#Insight Transform File V1.0
#Transform 0
Transform: AffineTransform_float_3_3
Parameters: 1 -0.000116386 0.000112336 0.000116282 0.999999 0.000459166 -0.000112443 -0.000459834 1 0.0457895 -0.182248 -0.280536
FixedParameters: 0 0 0

#Transform 1
Transform: AffineTransform_float_3_3
Parameters: 1 0.000669089 0.000135219 -0.000668652 1 -0.00017109 -0.000134527 0.00017091 1 -0.00257496 0.039392 -0.0151594
FixedParameters: 0 0 0

#Transform 2
Transform: AffineTransform_float_3_3
Parameters: 1 0.000488076 -0.000160544 -0.000488123 1 -0.000146922 0.000160401 0.000147078 1 0.0156147 0.0978288 -0.0457942
FixedParameters: 0 0 0

#Transform 3
Transform: AffineTransform_float_3_3
Parameters: 0.999999 0.000828732 -9.77741e-05 -0.000828387 0.999999 -0.000236919 9.83018e-05 0.000237081 1 0.000103463 0.106958 -0.0549896
FixedParameters: 0 0 0

#Transform 4
Transform: AffineTransform_float_3_3
Parameters: 0.999999 0.000771713 -0.000569803 -0.000771681 0.999999 2.84399e-05 0.000569846 -2.75604e-05 1 -0.0152114 0.113968 -0.0545988
FixedParameters: 0 0 0

#Transform 5
Transform: AffineTransform_float_3_3
Parameters: 0.999999 0.000691704 -0.000264337 -0.000691742 1 -7.1817e-05 0.000264238 7.21826e-05 1 0.0023526 0.106535 -0.0506747
FixedParameters: 0 0 0

#Transform 6
Transform: AffineTransform_float_3_3
Parameters: 0.999999 0.000643355 -0.000301447 -0.000643443 1 -0.000146806 0.000301258 0.000147194 1 -0.00421012 0.115774 -0.0579799
FixedParameters: 0 0 0

#Transform 7
Transform: AffineTransform_float_3_3
Parameters: 0.999999 0.000682543 -0.000319175 -0.000682637 1 -0.000146782 0.000318974 0.000147218 1 -0.0168815 0.113852 -0.074296
FixedParameters: 0 0 0

#Transform 8
Transform: AffineTransform_float_3_3
Parameters: 0.999999 0.000882917 -0.000384585 -0.00088294 0.999999 -2.96602e-05 0.000384532 3.03393e-05 1 -0.0315514 0.0971153 -0.0413262
FixedParameters: 0 0 0

#Transform 9
Transform: AffineTransform_float_3_3
Parameters: 0.999999 0.00121159 -0.000252842 -0.00121173 0.999999 -0.000277053 0.000252171 0.000276946 1 -0.0209081 0.0946952 -0.0458936
FixedParameters: 0 0 0

#Transform 10
Transform: AffineTransform_float_3_3
Parameters: 0.999999 0.00116619 -0.000615204 -0.00116733 0.999999 -0.00124064 0.000613229 0.00124136 0.999999 -0.0357587 0.108605 4.74869e-05
FixedParameters: 0 0 0

#Transform 11
Transform: AffineTransform_float_3_3
Parameters: 1 0.000466052 -0.000153614 -0.000466241 0.999999 -0.000614928 0.00015304 0.000615071 1 -0.0132141 0.078225 -0.0183112
FixedParameters: 0 0 0

#Transform 12
Transform: AffineTransform_float_3_3
Parameters: 0.999999 0.000847674 -0.000467566 -0.000847462 0.999999 -0.000190604 0.000468162 0.000191397 1 -0.00203848 0.104181 -0.0594654
FixedParameters: 0 0 0

#Transform 13
Transform: AffineTransform_float_3_3
Parameters: 0.999999 0.000949735 -0.000227189 -0.000949753 0.999999 -3.8784e-05 0.000227115 3.92155e-05 1 -0.0286031 0.116431 -0.053005
FixedParameters: 0 0 0

#Transform 14
Transform: AffineTransform_float_3_3
Parameters: 0.999999 0.000818336 -0.000536627 -0.00081858 0.999999 -0.000226561 0.000536256 0.000227439 1 -0.0168575 0.113964 -0.052035
FixedParameters: 0 0 0

#Transform 15
Transform: AffineTransform_float_3_3
Parameters: 0.999999 0.000847733 -0.000467457 -0.000847402 0.999999 -6.26037e-05 0.000468271 6.33968e-05 1 -0.00878099 0.11834 -0.051932
FixedParameters: 0 0 0

#Transform 16
Transform: AffineTransform_float_3_3
Parameters: 1 0.000721825 -0.000763923 -0.000721681 0.999999 -0.000160449 0.000764611 0.000161552 0.999999 -0.0244102 0.119205 -0.0483439
FixedParameters: 0 0 0

#Transform 17
Transform: AffineTransform_float_3_3
Parameters: 1 0.000862255 -0.00064551 -0.000862607 1 -0.000272803 0.00064504 0.000273197 1 -0.0274106 0.125154 -0.0598873
FixedParameters: 0 0 0

#Transform 18
Transform: AffineTransform_float_3_3
Parameters: 1 0.000682347 -0.000856887 -0.000682621 1 -0.000159415 0.000856668 0.000160584 0.999999 -0.00862123 0.110915 -0.0611446
FixedParameters: 0 0 0

#Transform 19
Transform: AffineTransform_float_3_3
Parameters: 1 0.000715438 -0.000778213 -0.000716347 0.999999 -0.00083565 0.000777937 0.00083535 0.999999 0.0169356 0.121345 -0.105915
FixedParameters: 0 0 0

#Transform 20
Transform: AffineTransform_float_3_3
Parameters: 0.999999 0.000798224 -0.000977892 -0.000797764 1 -0.00023558 0.000977125 0.00023642 0.999999 -0.021185 0.0806397 -0.00568249
FixedParameters: 0 0 0

#Transform 21
Transform: AffineTransform_float_3_3
Parameters: 0.999999 0.000870131 -0.000414733 -0.000869938 0.999999 0.000232361 0.000415137 -0.000231639 1 0.0227255 0.115388 -0.0767807
FixedParameters: 0 0 0

#Transform 22
Transform: AffineTransform_float_3_3
Parameters: 0.999999 0.000737426 -0.000330638 -0.000737605 0.999999 -0.000269756 0.00033024 0.000270243 1 -0.0179409 0.0937808 -0.0280501
FixedParameters: 0 0 0

#Transform 23
Transform: AffineTransform_float_3_3
Parameters: 1 0.000501272 -0.000428915 -0.000501211 0.999999 7.03678e-05 0.000428986 -7.06324e-05 1 -0.010964 0.10699 -0.0532834
FixedParameters: 0 0 0

#Transform 24
Transform: AffineTransform_float_3_3
Parameters: 1 0.00105068 -0.000514067 -0.00105078 1 0.000285181 0.000513745 -0.00028482 1 -0.0365752 0.0812946 0.0656129
FixedParameters: 0 0 0

#Transform 25
Transform: AffineTransform_float_3_3
Parameters: 0.999999 0.000436279 -0.00143751 -0.000435976 1 0.000242139 0.0014368 -0.000240861 0.999999 0.0576793 0.0780562 -0.239375
FixedParameters: 0 0 0

#Transform 26
Transform: AffineTransform_float_3_3
Parameters: 1 0.000486196 -0.000921491 -0.000484515 1 0.0009116 0.000922376 -0.0009114 1 0.0264387 0.108785 -0.119376
FixedParameters: 0 0 0

#Transform 27
Transform: AffineTransform_float_3_3
Parameters: 1 0.000269753 -0.000473586 -0.000269132 0.999999 0.00106828 0.000473241 -0.00106872 1 0.00179302 0.0899838 -0.214204
FixedParameters: 0 0 0

#Transform 28
Transform: AffineTransform_float_3_3
Parameters: 1 0.000525783 -0.00014311 -0.000525407 0.999999 0.00130808 0.000144485 -0.00130792 0.999999 -0.0101392 0.0975802 -0.172082
FixedParameters: 0 0 0

#Transform 29
Transform: AffineTransform_float_3_3
Parameters: 1 0.000354929 -0.000220951 -0.000355004 0.999999 0.000715078 0.000220538 -0.000714921 0.999999 -0.010488 0.10082 -0.154894
FixedParameters: 0 0 0

#Transform 30
Transform: AffineTransform_float_3_3
Parameters: 1 0.000464792 -0.000438746 -0.000465017 0.999999 0.0012362 0.000439366 -0.0012358 0.999999 -0.0091317 0.086725 -0.225868
FixedParameters: 0 0 0

#Transform 31
Transform: AffineTransform_float_3_3
Parameters: 1 0.000342324 -0.000592177 -0.000341295 0.999999 0.0011992 0.000592076 -0.0011988 0.999999 -0.00737998 0.101579 -0.180382
FixedParameters: 0 0 0

#Transform 32
Transform: AffineTransform_float_3_3
Parameters: 0.999999 0.000494684 -0.000572612 -0.000494353 1 0.000289283 0.000572898 -0.000288717 1 -0.0101401 0.0842354 -0.210853
FixedParameters: 0 0 0

#Transform 33
Transform: AffineTransform_float_3_3
Parameters: 1 0.000296845 -0.000546645 -0.00029691 1 -0.000415838 0.000547318 0.000416162 1 0.0154046 0.0459106 -0.379145
FixedParameters: 0 0 0

#Transform 34
Transform: AffineTransform_float_3_3
Parameters: 1 0.000307147 -0.000408118 -0.000306524 0.999999 0.000763125 0.000408586 -0.000762874 0.999999 -0.00615348 0.0906421 -0.275335
FixedParameters: 0 0 0

#Transform 35
Transform: AffineTransform_float_3_3
Parameters: 1 0.000350711 -0.000415032 -0.000350721 1 -1.18544e-05 0.000415024 1.21455e-05 1 0.014485 0.0849069 -0.337769
FixedParameters: 0 0 0

#Transform 36
Transform: AffineTransform_float_3_3
Parameters: 1 -5.93373e-05 -0.000204022 5.95262e-05 1 0.000462988 0.000203967 -0.000463012 1 0.0205522 0.0565945 -0.446779
FixedParameters: 0 0 0

#Transform 37
Transform: AffineTransform_float_3_3
Parameters: 1 -6.11406e-05 -0.00044213 6.17214e-05 1 0.00109997 0.000441074 -0.00110003 1 0.0095182 0.0779839 -0.342607
FixedParameters: 0 0 0

#Transform 38
Transform: AffineTransform_float_3_3
Parameters: 1 7.69651e-05 -0.000190069 -7.66688e-05 0.999999 0.000779014 0.000190189 -0.000778985 0.999999 0.00724003 0.0668131 -0.407188
FixedParameters: 0 0 0

#Transform 39
Transform: AffineTransform_float_3_3
Parameters: 1 -3.13737e-05 2.84904e-05 3.13265e-05 0.999999 0.000827 -2.85423e-05 -0.000826999 0.999999 -0.00252595 0.062359 -0.427183
FixedParameters: 0 0 0

#Transform 40
Transform: AffineTransform_float_3_3
Parameters: 1 -4.65807e-05 -7.43359e-06 4.65966e-05 1 0.001079 7.33305e-06 -0.001079 1 1.25566e-05 0.0821482 -0.362682
FixedParameters: 0 0 0

#Transform 41
Transform: AffineTransform_float_3_3
Parameters: 1 -4.65812e-05 -7.43038e-06 4.65961e-05 1 0.00101 7.33627e-06 -0.00101 1 0.00251157 0.064735 -0.390473
FixedParameters: 0 0 0

#Transform 42
Transform: AffineTransform_float_3_3
Parameters: 1 -0.00013857 -0.000224766 0.000138113 0.999999 0.00103133 0.000224871 -0.00103067 1 0.0212086 0.0504368 -0.386281
FixedParameters: 0 0 0

#Transform 43
Transform: AffineTransform_float_3_3
Parameters: 1 0.000355799 -0.000177878 -0.000355544 0.999999 0.000716063 0.000178387 -0.000715936 0.999999 0.0330121 0.0790592 -0.2646
FixedParameters: 0 0 0

#Transform 44
Transform: AffineTransform_float_3_3
Parameters: 1 7.08608e-05 0.000269731 -7.11823e-05 1 0.000595981 -0.000269646 -0.000596019 1 0.00170831 0.104574 -0.252938
FixedParameters: 0 0 0

#Transform 45
Transform: AffineTransform_float_3_3
Parameters: 1 8.4738e-05 0.000302925 -8.54375e-05 1 0.00115497 -0.000302728 -0.00115503 1 -0.00185985 0.100172 -0.224807
FixedParameters: 0 0 0

#Transform 46
Transform: AffineTransform_float_3_3
Parameters: 1 -0.000147187 0.000401178 0.000146572 0.999999 0.000766058 -0.000401403 -0.00076594 0.999999 0.00915799 0.0986329 -0.289584
FixedParameters: 0 0 0

#Transform 47
Transform: AffineTransform_float_3_3
Parameters: 1 -0.000451439 0.000529557 0.000451163 0.999998 0.00149739 -0.000530379 -0.00149761 0.999999 0.0211716 0.0778262 -0.343049
FixedParameters: 0 0 0

#Transform 48
Transform: AffineTransform_float_3_3
Parameters: 1 -0.000295883 0.000463688 0.00029559 0.999999 0.00172914 -0.000464181 -0.00172886 0.999999 0.0103102 0.0787504 -0.324991
FixedParameters: 0 0 0

#Transform 49
Transform: AffineTransform_float_3_3
Parameters: 1 -0.000460107 7.49091e-05 0.000460223 0.999998 0.00181904 -7.56626e-05 -0.00181897 0.999999 0.0141285 0.0794946 -0.336424
FixedParameters: 0 0 0

#Transform 50
Transform: AffineTransform_float_3_3
Parameters: 1 -0.000534029 -0.000100113 0.000534779 0.999999 0.0018028 9.91069e-05 -0.00180221 0.999998 0.0332474 0.0696429 -0.410762
FixedParameters: 0 0 0

#Transform 51
Transform: AffineTransform_float_3_3
Parameters: 1 -0.000424316 0.000159654 0.00042412 0.999998 0.00183407 -0.00016029 -0.00183393 0.999999 0.00996643 0.0653215 -0.398067
FixedParameters: 0 0 0

#Transform 52
Transform: AffineTransform_float_3_3
Parameters: 1 -0.000460101 7.49427e-05 0.000460229 0.999999 0.00174604 -7.5629e-05 -0.00174597 0.999999 0.0149913 0.081368 -0.367763
FixedParameters: 0 0 0

#Transform 53
Transform: AffineTransform_float_3_3
Parameters: 1 -0.00048267 2.15174e-05 0.000482985 0.999999 0.00173865 -2.22762e-05 -0.00173935 0.999998 0.0342871 0.0633482 -0.361917
FixedParameters: 0 0 0

#Transform 54
Transform: AffineTransform_float_3_3
Parameters: 1 -0.000495749 0.000203848 0.000495723 0.999998 0.0019801 -0.00020397 -0.0019799 0.999998 0.0141015 0.079034 -0.34927
FixedParameters: 0 0 0

#Transform 55
Transform: AffineTransform_float_3_3
Parameters: 1 -0.000574702 -3.1875e-05 0.000575201 0.999999 0.00173198 3.08038e-05 -0.00173202 0.999999 0.043422 0.087447 -0.358776
FixedParameters: 0 0 0

#Transform 56
Transform: AffineTransform_float_3_3
Parameters: 0.999999 -0.000770962 0.000189469 0.000770854 0.999997 0.00233715 -0.000191231 -0.00233685 0.999998 0.0249261 0.0982049 -0.390046
FixedParameters: 0 0 0

#Transform 57
Transform: AffineTransform_float_3_3
Parameters: 0.999999 -0.000929534 -0.00018631 0.000930199 0.999997 0.00216647 0.000184511 -0.00216753 0.999997 0.0107427 0.0978311 -0.371921
FixedParameters: 0 0 0

#Transform 58
Transform: AffineTransform_float_3_3
Parameters: 1 -0.000345475 6.86567e-05 0.000345157 0.999998 0.00228703 -7.02361e-05 -0.00228698 0.999998 0.00216782 0.0879807 -0.382442
FixedParameters: 0 0 0

#Transform 59
Transform: AffineTransform_float_3_3
Parameters: 1 -9.39287e-05 0.000122105 9.37687e-05 0.999998 0.00226001 -0.000121608 -0.00225999 0.999998 -0.00149065 0.0629661 -0.449567
FixedParameters: 0 0 0

#Transform 60
Transform: AffineTransform_float_3_3
Parameters: 1 -0.000297571 4.83937e-05 0.000297328 0.999997 0.00247001 -4.98631e-05 -0.00246998 0.999997 0.00149012 0.0743259 -0.418764
FixedParameters: 0 0 0

#Transform 61
Transform: AffineTransform_float_3_3
Parameters: 1 -0.000292945 4.65636e-05 0.000292749 0.999998 0.00208701 -4.77859e-05 -0.00208699 0.999998 0.00143819 0.0770243 -0.388727
FixedParameters: 0 0 0

#Transform 62
Transform: AffineTransform_float_3_3
Parameters: 1 -0.000323337 5.94603e-05 0.000322191 0.999998 0.00188302 -6.02851e-05 -0.00188298 0.999998 0.00853726 0.0708823 -0.404495
FixedParameters: 0 0 0

#Transform 63
Transform: AffineTransform_float_3_3
Parameters: 1 -0.000347456 2.13605e-06 0.000346915 0.999997 0.00248 -2.54685e-06 -0.00248 0.999997 0.0023725 0.0692483 -0.435089
FixedParameters: 0 0 0

#Transform 64
Transform: AffineTransform_float_3_3
Parameters: 1 -0.000597573 -0.000281872 0.000598263 0.999998 0.00216747 0.00028059 -0.00216853 0.999997 0.0257251 0.0826836 -0.393375
FixedParameters: 0 0 0

#Transform 65
Transform: AffineTransform_float_3_3
Parameters: 0.999999 -0.000830394 -3.35814e-07 0.000830253 0.999997 0.002315 -1.27684e-06 -0.002315 0.999998 0.021728 0.0779838 -0.446047
FixedParameters: 0 0 0

#Transform 66
Transform: AffineTransform_float_3_3
Parameters: 0.999999 -0.000720955 1.20807e-05 0.000720756 0.999997 0.00236201 -1.32543e-05 -0.00236199 0.999997 0.0118999 0.0852057 -0.429382
FixedParameters: 0 0 0

#Transform 67
Transform: AffineTransform_float_3_3
Parameters: 0.999999 -0.000840497 -2.43243e-05 0.000840468 0.999997 0.00235298 2.26008e-05 -0.00235302 0.999997 0.0250008 0.0888656 -0.356674
FixedParameters: 0 0 0

#Transform 68
Transform: AffineTransform_float_3_3
Parameters: 0.999999 -0.000673567 -0.000271435 0.000674132 0.999998 0.00202266 0.00027002 -0.00202233 0.999997 0.0283276 0.094892 -0.381786
FixedParameters: 0 0 0

#Transform 69
Transform: AffineTransform_float_3_3
Parameters: 0.999999 -0.000793127 8.77734e-05 0.000792499 0.999996 0.00275107 -8.99037e-05 -0.00275093 0.999996 0.0198729 0.085965 -0.341986
FixedParameters: 0 0 0

#Transform 70
Transform: AffineTransform_float_3_3
Parameters: 1 -0.000837926 -0.000842272 0.000839206 0.999999 0.0016213 0.000841254 -0.00162271 0.999999 0.0764028 0.0608136 -0.412706
FixedParameters: 0 0 0

#Transform 71
Transform: AffineTransform_float_3_3
Parameters: 0.999999 -0.000791743 -0.000539971 0.000793209 0.999996 0.00270742 0.000537382 -0.00270758 0.999996 0.0252489 0.109558 -0.288711
FixedParameters: 0 0 0

#Transform 72
Transform: AffineTransform_float_3_3
Parameters: 0.999999 -0.000658808 0.000406352 0.000658135 0.999998 0.00178827 -0.000406865 -0.00178773 0.999999 0.0235605 0.0752525 -0.472056
FixedParameters: 0 0 0

#Transform 73
Transform: AffineTransform_float_3_3
Parameters: 0.999999 -0.000719373 0.000473878 0.000718974 0.999998 0.00221334 -0.000475611 -0.00221266 0.999998 0.0123653 0.0967623 -0.408938
FixedParameters: 0 0 0

#Transform 74
Transform: AffineTransform_float_3_3
Parameters: 0.999999 -0.000830782 -1.56377e-06 0.000830646 0.999996 0.002684 -6.63763e-07 -0.002684 0.999997 0.0102001 0.124261 -0.267875
FixedParameters: 0 0 0

#Transform 75
Transform: AffineTransform_float_3_3
Parameters: 1 -0.000507374 -0.000137636 0.000507469 0.999998 0.00227593 0.000136637 -0.00227607 0.999998 0.0139137 0.114525 -0.281901
FixedParameters: 0 0 0

#Transform 76
Transform: AffineTransform_float_3_3
Parameters: 1 -0.000537094 5.17366e-05 0.000537232 0.999997 0.00240003 -5.33945e-05 -0.00239997 0.999997 0.0218873 0.0793831 -0.453158
FixedParameters: 0 0 0

#Transform 77
Transform: AffineTransform_float_3_3
Parameters: 1 -0.000600402 -9.85854e-05 0.000600383 0.999997 0.00261194 9.67602e-05 -0.00261206 0.999997 0.00980765 0.108441 -0.376811
FixedParameters: 0 0 0

#Transform 78
Transform: AffineTransform_float_3_3
Parameters: 0.999999 -0.000703049 0.000301617 0.000702198 0.999996 0.00269721 -0.000303566 -0.00269679 0.999997 0.010487 0.111341 -0.338088
FixedParameters: 0 0 0

#Transform 79
Transform: AffineTransform_float_3_3
Parameters: 0.999999 -0.00151635 0.00028762 0.00151557 0.999996 0.00247393 -0.000291047 -0.00247307 0.999997 0.0502458 0.103751 -0.443716
FixedParameters: 0 0 0

#Transform 80
Transform: AffineTransform_float_3_3
Parameters: 0.999999 -0.00156884 0.000162775 0.00156857 0.999995 0.00275875 -0.000167357 -0.00275825 0.999996 0.0369618 0.118413 -0.401278
FixedParameters: 0 0 0

#Transform 81
Transform: AffineTransform_float_3_3
Parameters: 1 -0.00114137 0.000129103 0.00114087 0.999995 0.00283879 -0.00013243 -0.00283921 0.999996 0.0236707 0.121542 -0.298425
FixedParameters: 0 0 0

#Transform 82
Transform: AffineTransform_float_3_3
Parameters: 1 -0.00114113 -0.000354733 0.00114169 0.999999 0.00154308 0.000352521 -0.00154392 0.999998 0.0307803 0.126721 -0.295048
FixedParameters: 0 0 0

#Transform 83
Transform: AffineTransform_float_3_3
Parameters: 0.999999 -0.000679664 0.000382657 0.000678741 0.999998 0.0017129 -0.000384064 -0.0017131 0.999998 -0.000212154 0.130903 -0.16768
FixedParameters: 0 0 0

#Transform 84
Transform: AffineTransform_float_3_3
Parameters: 1 -0.000674718 0.000582182 0.000672728 0.999997 0.00204239 -0.000584013 -0.00204161 0.999997 -0.0245494 0.114458 -0.154795
FixedParameters: 0 0 0

#Transform 85
Transform: AffineTransform_float_3_3
Parameters: 0.999999 -0.000881693 0.000902392 0.000879362 0.999997 0.00244859 -0.000904333 -0.00244841 0.999997 0.0141317 0.111485 -0.250661
FixedParameters: 0 0 0

#Transform 86
Transform: AffineTransform_float_3_3
Parameters: 1 -0.000502803 0.00111455 0.000499187 0.999996 0.00279671 -0.0011163 -0.00279629 0.999995 -0.0178111 0.125582 -0.274476
FixedParameters: 0 0 0

#Transform 87
Transform: AffineTransform_float_3_3
Parameters: 1 -0.00113364 0.00030499 0.00113366 0.999997 0.00189735 -0.000306529 -0.00189665 0.999998 -0.00524542 0.136174 -0.275596
FixedParameters: 0 0 0

#Transform 88
Transform: AffineTransform_float_3_3
Parameters: 1 -0.00104411 0.000267927 0.0010433 0.999998 0.00125728 -0.000268319 -0.00125672 0.999999 0.00598768 0.127161 -0.254972
FixedParameters: 0 0 0

#Transform 89
Transform: AffineTransform_float_3_3
Parameters: 0.999999 -0.00126527 -0.000192192 0.00126593 0.999997 0.0021034 0.000189098 -0.0021046 0.999998 0.0546269 0.124961 -0.235649
FixedParameters: 0 0 0

#Transform 90
Transform: AffineTransform_float_3_3
Parameters: 1 -0.00108673 -0.000344339 0.0010881 0.999995 0.00298048 0.0003414 -0.00298053 0.999996 0.0910712 0.12637 -0.283009
FixedParameters: 0 0 0

#Transform 91
Transform: AffineTransform_float_3_3
Parameters: 1 -0.00113388 0.000304133 0.00113343 0.999996 0.00265335 -0.000307386 -0.00265265 0.999997 0.0269699 0.121072 -0.232765
FixedParameters: 0 0 0

#Transform 92
Transform: AffineTransform_float_3_3
Parameters: 0.999999 -0.00122161 9.60586e-05 0.00122138 0.999996 0.00249476 -9.90016e-05 -0.00249524 0.999997 0.0369764 0.0631943 -0.540977
FixedParameters: 0 0 0

#Transform 93
Transform: AffineTransform_float_3_3
Parameters: 1 -0.000943894 0.000755337 0.00094141 0.999995 0.00302371 -0.000758666 -0.00302229 0.999995 0.00030086 0.129288 -0.261136
FixedParameters: 0 0 0

#Transform 94
Transform: AffineTransform_float_3_3
Parameters: 0.999999 -0.000827081 0.00103158 0.000825094 0.999997 0.00223201 -0.0010342 -0.00223099 0.999997 -0.013407 0.139376 -0.208141
FixedParameters: 0 0 0

#Transform 95
Transform: AffineTransform_float_3_3
Parameters: 0.999999 -0.000828136 0.00103073 0.000824825 0.999994 0.00325364 -0.00103321 -0.00325335 0.999994 -0.000232376 0.10526 -0.297637
FixedParameters: 0 0 0

#Transform 96
Transform: AffineTransform_float_3_3
Parameters: 1 -0.000633444 0.00094905 0.000630672 0.999995 0.00304475 -0.000950919 -0.00304425 0.999995 -0.0315835 0.107446 -0.261763
FixedParameters: 0 0 0

#Transform 97
Transform: AffineTransform_float_3_3
Parameters: 0.999999 -0.000688268 0.00136271 0.000683892 0.999995 0.00304624 -0.0013653 -0.00304576 0.999995 -0.0449398 0.119631 -0.259415
FixedParameters: 0 0 0

#Transform 98
Transform: AffineTransform_float_3_3
Parameters: 1 -0.00101366 0.00058954 0.0010127 0.999995 0.00291924 -0.000592164 -0.00291876 0.999995 -0.00278936 0.114091 -0.253923
FixedParameters: 0 0 0

#Transform 99
Transform: AffineTransform_float_3_3
Parameters: 0.999999 -0.000650409 0.000645315 0.00064889 0.999996 0.00249242 -0.000647103 -0.00249158 0.999996 0.0101062 0.119301 -0.337783
FixedParameters: 0 0 0

#Transform 100
Transform: AffineTransform_float_3_3
Parameters: 0.999999 -0.000883158 0.000899334 0.00088024 0.999996 0.00278159 -0.000901868 -0.00278141 0.999996 0.0021812 0.121496 -0.252127
FixedParameters: 0 0 0

#Transform 101
Transform: AffineTransform_float_3_3
Parameters: 1 -0.00107621 0.000440972 0.00107504 0.999994 0.00309048 -0.000443937 -0.00308952 0.999995 0.0228372 0.135227 -0.236868
FixedParameters: 0 0 0

#Transform 102
Transform: AffineTransform_float_3_3
Parameters: 0.999999 -0.00107421 0.000914649 0.00107153 0.999996 0.00281462 -0.000917396 -0.00281338 0.999995 0.0109507 0.141351 -0.26755
FixedParameters: 0 0 0

#Transform 103
Transform: AffineTransform_float_3_3
Parameters: 0.999999 -0.00102026 0.00085482 0.00101766 0.999995 0.00297151 -0.000857584 -0.00297048 0.999995 -0.00538814 0.136047 -0.236058
FixedParameters: 0 0 0

#Transform 104
Transform: AffineTransform_float_3_3
Parameters: 1 -0.00109267 0.00040194 0.0010918 0.999996 0.00254008 -0.000404727 -0.00253992 0.999997 -0.00495096 0.143084 -0.212998
FixedParameters: 0 0 0

#Transform 105
Transform: AffineTransform_float_3_3
Parameters: 1 -0.00109503 0.000396322 0.00109412 0.999996 0.00262107 -0.000399298 -0.00262092 0.999996 0.00318458 0.139835 -0.225738
FixedParameters: 0 0 0

#Transform 106
Transform: AffineTransform_float_3_3
Parameters: 1 -0.00111529 0.00034821 0.0011145 0.999996 0.00279388 -0.000351677 -0.00279312 0.999996 0.0167906 0.135936 -0.269284
FixedParameters: 0 0 0

#Transform 107
Transform: AffineTransform_float_3_3
Parameters: 1 -0.001198 0.000151633 0.00119732 0.999994 0.00302518 -0.000155727 -0.00302482 0.999996 0.025587 0.108292 -0.291612
FixedParameters: 0 0 0

#Transform 108
Transform: AffineTransform_float_3_3
Parameters: 0.999999 -0.00148404 -9.3582e-05 0.00148471 0.999996 0.00225771 9.00323e-05 -0.00225729 0.999998 0.0334902 0.120183 -0.217437
FixedParameters: 0 0 0

#Transform 109
Transform: AffineTransform_float_3_3
Parameters: 0.999999 -0.00174138 -2.92353e-05 0.00174083 0.999996 0.00208744 2.55092e-05 -0.00208756 0.999997 0.0217788 0.138245 -0.219349
FixedParameters: 0 0 0

#Transform 110
Transform: AffineTransform_float_3_3
Parameters: 0.999998 -0.00160632 0.000291246 0.00160525 0.999998 0.0015996 -0.000294151 -0.0015994 0.999998 0.0172069 0.129282 -0.279503
FixedParameters: 0 0 0

#Transform 111
Transform: AffineTransform_float_3_3
Parameters: 0.999999 -0.00115711 -0.00100643 0.00115821 0.999999 0.000808041 0.00100587 -0.000808957 0.999999 0.0625221 0.162312 -0.152695
FixedParameters: 0 0 0

#Transform 112
Transform: AffineTransform_float_3_3
Parameters: 0.999999 -0.00121453 -0.000295727 0.00121537 0.999999 0.000768489 0.00029478 -0.000768512 1 0.0105336 0.159174 -0.189865
FixedParameters: 0 0 0

#Transform 113
Transform: AffineTransform_float_3_3
Parameters: 0.999999 -0.000981543 0.000289977 0.000980494 0.999998 0.00156793 -0.000290822 -0.00156807 0.999999 -0.00632618 0.153832 -0.16374
FixedParameters: 0 0 0

#Transform 114
Transform: AffineTransform_float_3_3
Parameters: 0.999999 -0.00149076 5.69303e-06 0.00149153 0.999998 0.000906857 -6.55545e-06 -0.000906144 1 0.00976933 0.159329 -0.138444
FixedParameters: 0 0 0

#Transform 115
Transform: AffineTransform_float_3_3
Parameters: 0.999999 -0.00141155 0.000359278 0.00141142 0.999999 0.001265 -0.000361006 -0.001264 0.999999 0.0251319 0.143477 -0.180223
FixedParameters: 0 0 0

#Transform 116
Transform: AffineTransform_float_3_3
Parameters: 0.999999 -0.00113381 0.000848939 0.00113319 0.999999 0.00113776 -0.000850988 -0.00113724 0.999999 -0.0266507 0.162934 -0.127607
FixedParameters: 0 0 0

#Transform 117
Transform: AffineTransform_float_3_3
Parameters: 1 -0.000904092 0.000750896 0.000903049 0.999997 0.00182583 -0.000752744 -0.00182517 0.999998 -0.0207745 0.145171 -0.138882
FixedParameters: 0 0 0

#Transform 118
Transform: AffineTransform_float_3_3
Parameters: 0.999999 -0.00118478 0.000728426 0.00118459 0.999999 0.00102686 -0.000730327 -0.00102514 0.999999 -0.0103898 0.149057 -0.129914
FixedParameters: 0 0 0

#Transform 119
Transform: AffineTransform_float_3_3
Parameters: 0.999999 -0.00113458 0.000847911 0.00113281 0.999997 0.00204375 -0.000851094 -0.00204324 0.999998 0.00285726 0.15204 -0.193953
FixedParameters: 0 0 0

#Transform 120
Transform: AffineTransform_float_3_3
Parameters: 0.999999 -0.00113428 0.000848305 0.00113311 0.999998 0.0016956 -0.000850698 -0.00169439 0.999998 0.00265991 0.154797 -0.156589
FixedParameters: 0 0 0

#Transform 121
Transform: AffineTransform_float_3_3
Parameters: 0.999999 -0.00116662 0.000637987 0.0011655 0.999999 0.00118239 -0.000639823 -0.00118161 0.999999 -0.0106288 0.150027 -0.150709
FixedParameters: 0 0 0

#Transform 122
Transform: AffineTransform_float_3_3
Parameters: 0.999999 -0.00113347 0.000849395 0.00113353 0.999999 0.000734756 -0.00085053 -0.000734243 0.999999 -0.0112006 0.165021 -0.128296
FixedParameters: 0 0 0

#Transform 123
Transform: AffineTransform_float_3_3
Parameters: 0.999999 -0.00113335 0.000849556 0.00113326 0.999999 0.000592756 -0.00085129 -0.000592242 0.999999 -0.00657137 0.166605 -0.127069
FixedParameters: 0 0 0

#Transform 124
Transform: AffineTransform_float_3_3
Parameters: 0.999999 -0.00105763 0.00102924 0.00105659 0.999999 0.00133173 -0.0010306 -0.00133027 0.999998 0.00306092 0.152349 -0.154265
FixedParameters: 0 0 0

#Transform 125
Transform: AffineTransform_float_3_3
Parameters: 0.999998 -0.00137478 0.00142124 0.0013731 0.999998 0.0010509 -0.00142359 -0.0010491 0.999999 -0.00767715 0.12487 -0.091992
FixedParameters: 0 0 0

#Transform 126
Transform: AffineTransform_float_3_3
Parameters: 0.999999 -0.00117997 0.00073998 0.00117963 0.999998 0.00138067 -0.000741787 -0.00138033 0.999999 0.018237 0.130203 -0.112539
FixedParameters: 0 0 0

#Transform 127
Transform: AffineTransform_float_3_3
Parameters: 0.999999 -0.00114617 0.000998046 0.00114392 0.999996 0.00217394 -0.00100065 -0.00217306 0.999997 0.00144029 0.134483 -0.207784
FixedParameters: 0 0 0

#Transform 128
Transform: AffineTransform_float_3_3
Parameters: 0.999998 -0.00091619 0.00136493 0.000914115 0.999998 0.0018632 -0.00136636 -0.00186281 0.999998 -0.0210024 0.140818 -0.181053
FixedParameters: 0 0 0

#Transform 129
Transform: AffineTransform_float_3_3
Parameters: 0.999999 -0.00120843 0.000673146 0.00120705 0.999996 0.00257245 -0.000676988 -0.00257154 0.999996 0.0373031 0.141961 -0.278484
FixedParameters: 0 0 0

#Transform 130
Transform: AffineTransform_float_3_3
Parameters: 0.999999 -0.00123781 0.000951176 0.00123514 0.999996 0.00270897 -0.000954582 -0.00270803 0.999996 0.0127938 0.147791 -0.251937
FixedParameters: 0 0 0

#Transform 131
Transform: AffineTransform_float_3_3
Parameters: 0.999999 -0.00131325 0.000424454 0.0013123 0.999996 0.00248505 -0.000428215 -0.00248395 0.999996 0.0252771 0.151921 -0.251811
FixedParameters: 0 0 0

#Transform 132
Transform: AffineTransform_float_3_3
Parameters: 0.999999 -0.00170693 0.000543711 0.00170598 0.999997 0.00194106 -0.000547573 -0.00193994 0.999998 0.0310779 0.137832 -0.243086
FixedParameters: 0 0 0

#Transform 133
Transform: AffineTransform_float_3_3
Parameters: 1 -0.00114647 0.000397968 0.00114591 0.999997 0.0021711 -0.000400183 -0.0021709 0.999997 0.0230119 0.133314 -0.210708
FixedParameters: 0 0 0

#Transform 134
Transform: AffineTransform_float_3_3
Parameters: 1 -0.00114142 0.000355976 0.00114081 0.999998 0.0019419 -0.000358566 -0.00194111 0.999998 0.0030134 0.149916 -0.144521
FixedParameters: 0 0 0

#Transform 135
Transform: AffineTransform_float_3_3
Parameters: 0.999998 -0.00149502 0.000582879 0.0014943 0.999998 0.00162715 -0.000584981 -0.00162685 0.999998 0.0280869 0.152657 -0.137332
FixedParameters: 0 0 0

#Transform 136
Transform: AffineTransform_float_3_3
Parameters: 0.999998 -0.00157193 0.000401106 0.00157172 0.999998 0.00123727 -0.000403154 -0.00123673 0.999999 0.036264 0.157791 -0.153978
FixedParameters: 0 0 0

#Transform 137
Transform: AffineTransform_float_3_3
Parameters: 0.999998 -0.00153506 0.000487873 0.00153436 0.999997 0.00231124 -0.000491283 -0.00230976 0.999997 0.034196 0.152057 -0.244379
FixedParameters: 0 0 0

#Transform 138
Transform: AffineTransform_float_3_3
Parameters: 0.999998 -0.00172974 2.65246e-05 0.00173027 0.999997 0.00215154 -2.98961e-05 -0.00215147 0.999998 0.0782849 0.152909 -0.209451
FixedParameters: 0 0 0

#Transform 139
Transform: AffineTransform_float_3_3
Parameters: 0.999999 -0.00164724 0.000651644 0.00164601 0.999996 0.00213936 -0.000655006 -0.00213864 0.999997 0.0202151 0.170786 -0.179408
FixedParameters: 0 0 0

#Transform 140
Transform: AffineTransform_float_3_3
Parameters: 0.999998 -0.00196313 0.000546023 0.00196229 0.999996 0.00219856 -0.000550967 -0.00219644 0.999998 0.0438391 0.165059 -0.228265
FixedParameters: 0 0 0

#Transform 141
Transform: AffineTransform_float_3_3
Parameters: 0.999998 -0.00177051 0.00100247 0.00176901 0.999997 0.00198606 -0.00100621 -0.00198394 0.999997 0.0262661 0.164902 -0.20245
FixedParameters: 0 0 0

#Transform 142
Transform: AffineTransform_float_3_3
Parameters: 0.999998 -0.00180952 0.000910269 0.00180776 0.999995 0.00253808 -0.000915236 -0.00253691 0.999996 0.0219807 0.176365 -0.241423
FixedParameters: 0 0 0

#Transform 143
Transform: AffineTransform_float_3_3
Parameters: 0.999998 -0.00197825 0.000510249 0.00197765 0.999996 0.00211814 -0.000514943 -0.00211686 0.999997 0.043912 0.179637 -0.223424
FixedParameters: 0 0 0

#Transform 144
Transform: AffineTransform_float_3_3
Parameters: 0.999998 -0.00194761 0.000582812 0.00194656 0.999996 0.00223242 -0.000587822 -0.00223158 0.999998 0.0434239 0.185697 -0.251634
FixedParameters: 0 0 0

#Transform 145
Transform: AffineTransform_float_3_3
Parameters: 0.999998 -0.00152844 0.000498499 0.00152753 0.999996 0.0020844 -0.000502106 -0.00208359 0.999998 0.042121 0.179419 -0.225504
FixedParameters: 0 0 0

#Transform 146
Transform: AffineTransform_float_3_3
Parameters: 0.999999 -0.00140725 0.000708573 0.00140647 0.999997 0.00229764 -0.000711744 -0.00229636 0.999997 0.0268449 0.158342 -0.219133
FixedParameters: 0 0 0

#Transform 147
Transform: AffineTransform_float_3_3
Parameters: 0.999999 -0.0016295 0.000768357 0.0016282 0.999996 0.00245554 -0.000773063 -0.00245446 0.999997 0.0243932 0.173609 -0.201358
FixedParameters: 0 0 0

#Transform 148
Transform: AffineTransform_float_3_3
Parameters: 0.999998 -0.00183814 0.000857681 0.00183615 0.999997 0.00183486 -0.000861658 -0.00183314 0.999998 0.0475585 0.185542 -0.231704
FixedParameters: 0 0 0

#Transform 149
Transform: AffineTransform_float_3_3
Parameters: 0.999998 -0.00173143 0.000812213 0.0017293 0.999997 0.00203069 -0.000816476 -0.00202931 0.999998 0.040252 0.172977 -0.212611
FixedParameters: 0 0 0

#Transform 150
Transform: AffineTransform_float_3_3
Parameters: 0.999999 -0.00162753 0.000880798 0.001627 0.999997 0.00170887 -0.000883067 -0.00170813 0.999998 0.0303909 0.167776 -0.171121
FixedParameters: 0 0 0

#Transform 151
Transform: AffineTransform_float_3_3
Parameters: 0.999999 -0.0017456 0.000601633 0.00174517 0.999998 0.000682331 -0.000603093 -0.000681667 0.999999 0.0188348 0.167257 -0.114316
FixedParameters: 0 0 0

#Transform 152
Transform: AffineTransform_float_3_3
Parameters: 0.999998 -0.00190208 0.000609089 0.00190153 0.999997 0.00077044 -0.000611097 -0.000769558 0.999999 0.0402307 0.172299 -0.134614
FixedParameters: 0 0 0

#Transform 153
Transform: AffineTransform_float_3_3
Parameters: 0.999999 -0.00142473 -0.000645041 0.00142504 0.999998 0.00136614 0.000642851 -0.00136586 0.999999 0.123795 0.179308 -0.180911
FixedParameters: 0 0 0

#Transform 154
Transform: AffineTransform_float_3_3
Parameters: 0.999998 -0.00193225 -0.000168742 0.00193189 0.999995 0.00251917 0.00016386 -0.00251984 0.999997 0.0941513 0.157062 -0.206313
FixedParameters: 0 0 0

#Transform 155
Transform: AffineTransform_float_3_3
Parameters: 0.999998 -0.00164647 0.000467967 0.0016459 0.999995 0.00268642 -0.000472208 -0.00268559 0.999997 0.0319917 0.128455 -0.337424
FixedParameters: 0 0 0

#Transform 156
Transform: AffineTransform_float_3_3
Parameters: 0.999999 -0.00168047 0.00038761 0.00168028 0.999996 0.00224614 -0.000391475 -0.00224486 0.999998 0.0614684 0.147534 -0.362024
FixedParameters: 0 0 0

#Transform 157
Transform: AffineTransform_float_3_3
Parameters: 0.999998 -0.00170084 0.000338874 0.00169962 0.999995 0.00273107 -0.000344086 -0.00272993 0.999996 0.0197266 0.166954 -0.271969
FixedParameters: 0 0 0

#Transform 158
Transform: AffineTransform_float_3_3
Parameters: 0.999999 -0.00173491 0.000435769 0.00173319 0.999995 0.0026914 -0.000441029 -0.0026906 0.999997 0.0308465 0.162555 -0.234791
FixedParameters: 0 0 0

#Transform 159
Transform: AffineTransform_float_3_3
Parameters: 0.999998 -0.00195354 -3.40615e-05 0.00195382 0.999995 0.00261043 2.92453e-05 -0.00261057 0.999997 0.0704321 0.154225 -0.348256
FixedParameters: 0 0 0

#Transform 160
Transform: AffineTransform_float_3_3
Parameters: 0.999998 -0.00166856 0.000239902 0.00166846 0.999994 0.00314489 -0.000244481 -0.00314411 0.999995 0.0403107 0.151023 -0.321321
FixedParameters: 0 0 0

#Transform 161
Transform: AffineTransform_float_3_3
Parameters: 0.999999 -0.00142069 0.000473192 0.00141884 0.999995 0.00303732 -0.000476822 -0.00303669 0.999996 0.0346602 0.146502 -0.321584
FixedParameters: 0 0 0

#Transform 162
Transform: AffineTransform_float_3_3
Parameters: 0.999998 -0.001969 0.000461875 0.00196753 0.999993 0.0031062 -0.000468188 -0.0031058 0.999995 0.0589477 0.165385 -0.291147
FixedParameters: 0 0 0

#Transform 163
Transform: AffineTransform_float_3_3
Parameters: 0.999998 -0.00188043 0.000453435 0.00187891 0.999995 0.00280599 -0.000458989 -0.00280501 0.999996 0.0661894 0.15844 -0.359326
FixedParameters: 0 0 0

#Transform 164
Transform: AffineTransform_float_3_3
Parameters: 0.999997 -0.00206492 0.000826974 0.00206309 0.999995 0.00251663 -0.000831837 -0.00251537 0.999996 0.0534423 0.166382 -0.284397
FixedParameters: 0 0 0

#Transform 165
Transform: AffineTransform_float_3_3
Parameters: 0.999998 -0.00222715 0.000442447 0.0022262 0.999995 0.00222312 -0.000447351 -0.00222188 0.999998 0.0559961 0.13575 -0.35551
FixedParameters: 0 0 0

#Transform 166
Transform: AffineTransform_float_3_3
Parameters: 0.999997 -0.00215355 0.000451922 0.00215175 0.999995 0.00252975 -0.000456508 -0.00252925 0.999996 0.0758132 0.146407 -0.396676
FixedParameters: 0 0 0

#Transform 167
Transform: AffineTransform_float_3_3
Parameters: 0.999998 -0.00226381 0.000355012 0.00226247 0.999994 0.00258794 -0.000360419 -0.00258706 0.999997 0.0730012 0.141891 -0.403883
FixedParameters: 0 0 0

#Transform 168
Transform: AffineTransform_float_3_3
Parameters: 0.999998 -0.00230962 0.000246496 0.00230888 0.999994 0.00249134 -0.000251698 -0.00249166 0.999997 0.0571427 0.174669 -0.315121
FixedParameters: 0 0 0

#Transform 169
Transform: AffineTransform_float_3_3
Parameters: 0.999997 -0.00212219 0.000691536 0.00212056 0.999996 0.00163839 -0.000694413 -0.00163761 0.999998 0.0542348 0.168834 -0.315077
FixedParameters: 0 0 0

#Transform 170
Transform: AffineTransform_float_3_3
Parameters: 0.999998 -0.00228469 0.000305927 0.00228339 0.999995 0.00229168 -0.000311008 -0.00229032 0.999997 0.0753809 0.140769 -0.407104
FixedParameters: 0 0 0

#Transform 171
Transform: AffineTransform_float_3_3
Parameters: 0.999997 -0.00212315 0.000688571 0.00212077 0.999993 0.00303575 -0.000694617 -0.00303425 0.999996 0.0542535 0.16366 -0.304075
FixedParameters: 0 0 0

#Transform 172
Transform: AffineTransform_float_3_3
Parameters: 0.999997 -0.00248866 -0.000178674 0.00248917 0.999993 0.00263954 0.000172228 -0.00264046 0.999997 0.0774806 0.169442 -0.301736
FixedParameters: 0 0 0

#Transform 173
Transform: AffineTransform_float_3_3
Parameters: 0.999998 -0.0023372 0.000181067 0.00233639 0.999995 0.00249305 -0.000187334 -0.00249295 0.999996 0.0752657 0.148345 -0.369202
FixedParameters: 0 0 0

#Transform 174
Transform: AffineTransform_float_3_3
Parameters: 0.999997 -0.00239663 3.98242e-05 0.00239599 0.999994 0.00260008 -4.55898e-05 -0.00259992 0.999997 0.0761281 0.154195 -0.382786
FixedParameters: 0 0 0

#Transform 175
Transform: AffineTransform_float_3_3
Parameters: 0.999997 -0.00249397 -0.000187093 0.00249375 0.999996 0.00121151 0.000184591 -0.00121249 0.999999 0.0603587 0.156481 -0.250804
FixedParameters: 0 0 0

#Transform 176
Transform: AffineTransform_float_3_3
Parameters: 0.999997 -0.00211905 0.000698958 0.00211744 0.999996 0.0016134 -0.000701719 -0.0016126 0.999998 0.0692531 0.159412 -0.303104
FixedParameters: 0 0 0

#Transform 177
Transform: AffineTransform_float_3_3
Parameters: 0.999998 -0.00185355 0.000700262 0.00185221 0.999996 0.00234743 -0.000704355 -0.00234557 0.999997 0.0407731 0.170802 -0.263848
FixedParameters: 0 0 0

#Transform 178
Transform: AffineTransform_float_3_3
Parameters: 0.999997 -0.00211934 0.000698089 0.00211754 0.999995 0.00202361 -0.000701665 -0.00202139 0.999997 0.0527289 0.173422 -0.234164
FixedParameters: 0 0 0

#Transform 179
Transform: AffineTransform_float_3_3
Parameters: 0.999997 -0.0023414 0.000253703 0.00234122 0.999994 0.00236073 -0.000259763 -0.00236027 0.999997 0.0893544 0.160916 -0.280996
FixedParameters: 0 0 0
