#Insight Transform File V1.0
#Transform 0
Transform: AffineTransform_float_3_3
Parameters: 1 -0.000143501 0.000681067 0.000143397 1 0.000363098 -0.000680251 -0.000362902 0.999999 0.0466596 -0.180264 -0.323555
FixedParameters: 0 0 0

#Transform 1
Transform: AffineTransform_float_3_3
Parameters: 0.999999 0.000732614 -0.000193494 -0.00073254 0.999999 0.000191142 0.000193774 -0.000190858 1 -0.0201244 0.0570267 -0.0245403
FixedParameters: 0 0 0

#Transform 2
Transform: AffineTransform_float_3_3
Parameters: 0.999999 0.000834003 -0.00023102 -0.000833887 0.999999 0.000252193 0.00023144 -0.000251807 1 -0.0315641 0.107688 -0.0479402
FixedParameters: 0 0 0

#Transform 3
Transform: AffineTransform_float_3_3
Parameters: 1 0.000627132 6.74939e-05 -0.000627564 1 0.000305958 -6.80304e-05 -0.000306043 1 -0.0242479 0.121133 -0.0530655
FixedParameters: 0 0 0

#Transform 4
Transform: AffineTransform_float_3_3
Parameters: 0.999999 0.000778235 -0.000262592 -0.000778392 0.999999 0.000444204 0.000262363 -0.000443796 1 -0.0418691 0.124415 -0.0478491
FixedParameters: 0 0 0

#Transform 5
Transform: AffineTransform_float_3_3
Parameters: 1 7.65715e-06 -0.000299744 -7.67976e-06 1 0.000615002 0.000298833 -0.000614997 1 -0.01518 0.136799 -0.0415729
FixedParameters: 0 0 0

#Transform 6
Transform: AffineTransform_float_3_3
Parameters: 1 0.000255159 0.000148051 -0.000255125 1 -0.000114038 -0.000148109 0.000113962 1 -0.0256194 0.1424 -0.0525366
FixedParameters: 0 0 0

#Transform 7
Transform: AffineTransform_float_3_3
Parameters: 1 0.00041168 -0.000171593 -0.000411754 1 -0.000214929 0.000171416 0.00021507 1 -0.0261513 0.14391 -0.0523064
FixedParameters: 0 0 0

#Transform 8
Transform: AffineTransform_float_3_3
Parameters: 1 0.000596955 -0.000124136 -0.000596963 1 -3.19258e-05 0.000124098 3.2074e-05 1 -0.030964 0.137763 -0.0572295
FixedParameters: 0 0 0

#Transform 9
Transform: AffineTransform_float_3_3
Parameters: 1 0.000653121 -0.0001479 -0.000653098 1 8.00967e-05 0.000148004 -7.99035e-05 1 -0.0320564 0.136014 -0.0569315
FixedParameters: 0 0 0

#Transform 10
Transform: AffineTransform_float_3_3
Parameters: 1 0.000344959 -0.000221314 -0.000345278 1 0.000163076 0.000220506 -0.000162924 1 -0.0103534 0.145304 -0.0653547
FixedParameters: 0 0 0

#Transform 11
Transform: AffineTransform_float_3_3
Parameters: 1 0.000272102 -0.000431512 -0.000272796 0.999999 0.00026227 0.000432046 -0.00026273 1 -0.00421191 0.15443 -0.0666076
FixedParameters: 0 0 0

#Transform 12
Transform: AffineTransform_float_3_3
Parameters: 1 0.000402666 -0.000507662 -0.000402614 1 5.12045e-05 0.000507703 -5.07957e-05 1 0.00870437 0.150178 -0.0689212
FixedParameters: 0 0 0

#Transform 13
Transform: AffineTransform_float_3_3
Parameters: 1 0.000466743 -0.00035669 -0.000466698 1 6.31666e-05 0.000356749 -6.28336e-05 1 -0.00683002 0.140196 -0.0647953
FixedParameters: 0 0 0

#Transform 14
Transform: AffineTransform_float_3_3
Parameters: 1 0.000188125 -0.000486059 -0.000187894 1 0.000238091 0.000486149 -0.000237909 1 0.00544088 0.141434 -0.0564516
FixedParameters: 0 0 0

#Transform 15
Transform: AffineTransform_float_3_3
Parameters: 1 0.000222459 -0.000484385 -0.000222353 1 0.000109108 0.000484433 -0.000108892 1 0.00689744 0.143623 -0.0540014
FixedParameters: 0 0 0

#Transform 16
Transform: AffineTransform_float_3_3
Parameters: 1 0.000288797 -0.000333239 -0.000288639 1 0.000238096 0.000333376 -0.000237904 1 0.00259649 0.142454 -0.0571954
FixedParameters: 0 0 0

#Transform 17
Transform: AffineTransform_float_3_3
Parameters: 1 -0.000129088 -0.000344987 0.000129034 1 -7.90445e-05 0.000345008 7.89555e-05 1 0.0300591 0.127093 -0.0465033
FixedParameters: 0 0 0

#Transform 18
Transform: AffineTransform_float_3_3
Parameters: 1 5.68758e-05 -0.000423926 -5.6886e-05 1 -1.19759e-05 0.000423924 1.20241e-05 1 0.000176293 0.132485 -0.0490903
FixedParameters: 0 0 0

#Transform 19
Transform: AffineTransform_float_3_3
Parameters: 1 -9.53127e-08 -0.0003997 2.85575e-07 1 0.000238 0.0003997 -0.000238 1 -0.00541552 0.129701 -0.0454878
FixedParameters: 0 0 0

#Transform 20
Transform: AffineTransform_float_3_3
Parameters: 1 -0.00050923 -0.00100603 0.000509833 1 0.000299847 0.00100572 -0.000300153 1 0.00784885 0.14621 -0.0259991
FixedParameters: 0 0 0

#Transform 21
Transform: AffineTransform_float_3_3
Parameters: 0.999999 8.68094e-05 -0.00125908 -8.71015e-05 1 -0.000115531 0.00125906 0.000116469 0.999999 -0.00934152 0.157706 -0.0285906
FixedParameters: 0 0 0

#Transform 22
Transform: AffineTransform_float_3_3
Parameters: 0.999999 0.000563294 -0.000559369 -0.000563389 1 0.000264315 0.000558746 -0.000263685 1 -0.0403241 0.102921 -0.0279328
FixedParameters: 0 0 0

#Transform 23
Transform: AffineTransform_float_3_3
Parameters: 1 0.000469197 -0.000317602 -0.000469224 1 -4.28509e-05 0.000317561 4.31489e-05 1 -0.046615 0.130831 -0.0287398
FixedParameters: 0 0 0

#Transform 24
Transform: AffineTransform_float_3_3
Parameters: 0.999999 6.34901e-05 -0.000906539 -6.20205e-05 0.999999 0.000810569 0.000906641 -0.00081043 1 -0.0262944 0.126131 -0.00842915
FixedParameters: 0 0 0

#Transform 25
Transform: AffineTransform_float_3_3
Parameters: 1 -0.000245793 -0.00100799 0.000246977 1 0.000587111 0.0010077 -0.000586888 0.999999 -0.0143979 0.127604 0.0264283
FixedParameters: 0 0 0

#Transform 26
Transform: AffineTransform_float_3_3
Parameters: 0.999999 -0.000534604 -0.000477219 0.000535132 0.999999 0.000552744 0.000476627 -0.000553255 0.999999 -0.00928118 0.107568 0.0171826
FixedParameters: 0 0 0

#Transform 27
Transform: AffineTransform_float_3_3
Parameters: 0.999999 -0.00101316 -0.000728431 0.00101272 0.999999 -0.000932892 0.000729929 0.000932109 0.999999 0.0867253 0.140433 -0.0435875
FixedParameters: 0 0 0

#Transform 28
Transform: AffineTransform_float_3_3
Parameters: 0.999999 -0.000163796 -0.00087994 0.000163887 1 5.18558e-05 0.000879923 -5.21441e-05 0.999999 0.00783002 0.119456 -0.0163154
FixedParameters: 0 0 0

#Transform 29
Transform: AffineTransform_float_3_3
Parameters: 1 6.69666e-05 -0.000610583 -6.6472e-05 1 0.000405041 0.000610637 -0.000404959 0.999999 -0.0121797 0.12061 -0.0108033
FixedParameters: 0 0 0

#Transform 30
Transform: AffineTransform_float_3_3
Parameters: 1 0.000161504 -0.00066384 -0.000161386 1 8.91072e-05 0.000663869 -8.88928e-05 1 -0.0187234 0.127828 0.00686895
FixedParameters: 0 0 0

#Transform 31
Transform: AffineTransform_float_3_3
Parameters: 0.999999 -0.000107676 -0.000781001 0.000107769 1 5.89158e-05 0.000780988 -5.90841e-05 0.999999 -0.0291429 0.111511 -0.0129416
FixedParameters: 0 0 0

#Transform 32
Transform: AffineTransform_float_3_3
Parameters: 1 -0.00010331 -0.00035374 0.000103542 1 0.000328963 0.000353672 -0.000329036 1 -0.0157107 0.124339 0.0132792
FixedParameters: 0 0 0

#Transform 33
Transform: AffineTransform_float_3_3
Parameters: 1 -7.57735e-05 -0.000361031 7.64045e-05 0.999999 0.000873972 0.000360898 -0.000874027 0.999999 -0.0236035 0.112512 -0.0027786
FixedParameters: 0 0 0

#Transform 34
Transform: AffineTransform_float_3_3
Parameters: 1 8.22368e-06 -0.000203365 -8.15494e-06 1 0.000169002 0.000203368 -0.000168998 1 -0.0199599 0.136186 0.0244596
FixedParameters: 0 0 0

#Transform 35
Transform: AffineTransform_float_3_3
Parameters: 1 9.80839e-05 7.42498e-07 -9.8084e-05 1 8.79999e-05 -7.25236e-07 -8.80001e-05 1 -0.0138926 0.139282 0.0724969
FixedParameters: 0 0 0

#Transform 36
Transform: AffineTransform_float_3_3
Parameters: 1 -0.000382405 -0.000199327 0.000382258 1 -0.000367076 0.000199608 0.000366924 1 -0.0123563 0.127534 0.0208989
FixedParameters: 0 0 0

#Transform 37
Transform: AffineTransform_float_3_3
Parameters: 1 -0.000222447 -0.000654094 0.000222089 1 -0.000273145 0.000654215 0.000272854 0.999999 -0.0321415 0.123568 0.0213518
FixedParameters: 0 0 0

#Transform 38
Transform: AffineTransform_float_3_3
Parameters: 1 -0.000115521 -0.000425704 0.000115518 1 -3.04918e-06 0.000425705 2.95083e-06 1 -0.0534316 0.142027 0.0438726
FixedParameters: 0 0 0

#Transform 39
Transform: AffineTransform_float_3_3
Parameters: 1 -0.00024163 -0.000372173 0.000241627 1 -3.08996e-06 0.000372175 2.9101e-06 1 -0.0435602 0.154239 0.0387022
FixedParameters: 0 0 0

#Transform 40
Transform: AffineTransform_float_3_3
Parameters: 1 -0.000415238 -0.000555948 0.000415234 1 -3.23091e-06 0.000555951 2.76921e-06 1 -0.0448327 0.162653 0.0469621
FixedParameters: 0 0 0

#Transform 41
Transform: AffineTransform_float_3_3
Parameters: 0.999999 -0.000320015 -0.000727815 0.000319658 1 -0.000245233 0.000727972 0.000244767 0.999999 -0.0358771 0.145138 0.0388164
FixedParameters: 0 0 0

#Transform 42
Transform: AffineTransform_float_3_3
Parameters: 0.999999 -0.000122733 -0.000733445 0.000122849 1 -0.00054809 0.000733188 0.00054791 0.999999 -0.0422183 0.147988 0.0316305
FixedParameters: 0 0 0

#Transform 43
Transform: AffineTransform_float_3_3
Parameters: 0.999999 -0.000854523 -0.00159393 0.000855738 0.999999 0.000669356 0.00159318 -0.000670643 0.999999 0.0654744 0.182958 -0.161405
FixedParameters: 0 0 0

#Transform 44
Transform: AffineTransform_float_3_3
Parameters: 0.999997 -0.00185675 -0.00153129 0.00185558 0.999998 -0.000858431 0.00153277 0.000855571 0.999999 0.0997267 0.169184 -0.0155976
FixedParameters: 0 0 0

#Transform 45
Transform: AffineTransform_float_3_3
Parameters: 0.999999 -0.00115372 -0.000888935 0.00115283 0.999998 -0.00131382 0.000890263 0.00131318 0.999999 0.0361675 0.160721 -0.0267442
FixedParameters: 0 0 0

#Transform 46
Transform: AffineTransform_float_3_3
Parameters: 1 -0.000573637 -6.35468e-05 0.000573544 0.999999 -0.000729036 6.43831e-05 0.000728963 0.999999 -0.0347754 0.139683 -0.0162954
FixedParameters: 0 0 0

#Transform 47
Transform: AffineTransform_float_3_3
Parameters: 1 -0.000218884 -0.000415493 0.000218639 1 -0.000295091 0.000415622 0.000294909 1 -0.0192629 0.165991 0.0298397
FixedParameters: 0 0 0

#Transform 48
Transform: AffineTransform_float_3_3
Parameters: 0.999999 -0.000570698 -0.000708119 0.000570573 1 -0.000738197 0.000708571 0.000738803 0.999999 -0.0431369 0.165784 0.0225526
FixedParameters: 0 0 0

#Transform 49
Transform: AffineTransform_float_3_3
Parameters: 1 -0.000440441 -0.000384333 0.000440985 1 -0.000490169 0.000384374 0.000489831 1 -0.0598545 0.151142 0.0123931
FixedParameters: 0 0 0

#Transform 50
Transform: AffineTransform_float_3_3
Parameters: 1 -0.000351497 -0.000543888 0.000351428 1 -6.31912e-05 0.000543933 6.28089e-05 1 -0.0708091 0.147201 0.0429698
FixedParameters: 0 0 0

#Transform 51
Transform: AffineTransform_float_3_3
Parameters: 0.999999 -0.000324469 -0.000758517 0.000324839 1 -0.000363246 0.000758362 0.000362754 0.999999 -0.067417 0.167332 0.0405295
FixedParameters: 0 0 0

#Transform 52
Transform: AffineTransform_float_3_3
Parameters: 1 -0.000683256 -0.000841978 0.000683333 1 4.56316e-05 0.000841916 -4.53682e-05 1 -0.0518363 0.159421 0.0620891
FixedParameters: 0 0 0

#Transform 53
Transform: AffineTransform_float_3_3
Parameters: 0.999999 -0.000500228 -0.00065011 0.00049911 0.999999 -0.000559324 0.000649748 0.000558675 0.999999 -0.0305155 0.13645 0.0610806
FixedParameters: 0 0 0

#Transform 54
Transform: AffineTransform_float_3_3
Parameters: 0.999999 -0.000291355 -0.000734556 0.000291021 1 -0.000227214 0.000734688 0.000226786 0.999999 -0.0346733 0.144503 0.0865493
FixedParameters: 0 0 0

#Transform 55
Transform: AffineTransform_float_3_3
Parameters: 1 -5.62459e-05 -0.00028356 5.62885e-05 1 7.4984e-05 0.000283552 -7.50159e-05 1 -0.0521102 0.11713 0.0734424
FixedParameters: 0 0 0

#Transform 56
Transform: AffineTransform_float_3_3
Parameters: 1 -0.000202019 -0.000404195 0.000201969 1 -6.10817e-05 0.000404219 6.09184e-05 1 -0.0632771 0.141632 0.064843
FixedParameters: 0 0 0

#Transform 57
Transform: AffineTransform_float_3_3
Parameters: 1 -5.89455e-05 -0.000660532 5.85914e-05 1 -0.000268039 0.000660563 0.000267961 0.999999 -0.0788362 0.153062 0.0841461
FixedParameters: 0 0 0

#Transform 58
Transform: AffineTransform_float_3_3
Parameters: 0.999998 0.00114562 -0.00178201 -0.00114741 0.999999 -0.000979011 0.00178121 0.000980988 0.999998 -0.114372 0.147245 0.0412999
FixedParameters: 0 0 0

#Transform 59
Transform: AffineTransform_float_3_3
Parameters: 0.999996 0.00120768 -0.00229432 -0.00120878 0.999999 -0.000524977 0.00229358 0.000527022 0.999997 -0.121925 0.176671 0.0735476
FixedParameters: 0 0 0

#Transform 60
Transform: AffineTransform_float_3_3
Parameters: 0.999997 0.00133943 -0.00206286 -0.00134119 0.999998 -0.000742136 0.0020614 0.000744861 0.999997 -0.13637 0.177253 0.0806508
FixedParameters: 0 0 0

#Transform 61
Transform: AffineTransform_float_3_3
Parameters: 0.999997 0.000897576 -0.0019627 -0.000898652 0.999999 -0.000606932 0.00196214 0.000609067 0.999997 -0.108294 0.145851 0.0451564
FixedParameters: 0 0 0

#Transform 62
Transform: AffineTransform_float_3_3
Parameters: 0.999998 0.000710271 -0.00149155 -0.000710966 1 -0.000363635 0.00149195 0.000364366 0.999999 -0.104135 0.131248 0.030455
FixedParameters: 0 0 0

#Transform 63
Transform: AffineTransform_float_3_3
Parameters: 0.999998 0.00118958 -0.00149105 -0.00118993 1 -0.000424281 0.00148965 0.000425719 0.999999 -0.121912 0.140997 0.0530001
FixedParameters: 0 0 0

#Transform 64
Transform: AffineTransform_float_3_3
Parameters: 0.999998 0.00123414 -0.00126814 -0.00123548 0.999999 -0.000682001 0.00126738 0.000682998 0.999999 -0.135653 0.151488 0.0650835
FixedParameters: 0 0 0

#Transform 65
Transform: AffineTransform_float_3_3
Parameters: 0.999999 0.000340321 -0.0015158 -0.000341426 1 -0.00036397 0.00151555 0.000365028 0.999999 -0.0820908 0.176563 0.11
FixedParameters: 0 0 0

#Transform 66
Transform: AffineTransform_float_3_3
Parameters: 1 0.000258283 -0.000156652 -0.000258575 0.999999 -0.000933959 0.000156169 0.000934039 0.999999 -0.0535093 0.15092 0.192805
FixedParameters: 0 0 0

#Transform 67
Transform: AffineTransform_float_3_3
Parameters: 1 8.72015e-06 -0.000389293 -8.42195e-06 1 0.000383003 0.000389299 -0.000382997 1 -0.0912088 0.137759 0.250361
FixedParameters: 0 0 0

#Transform 68
Transform: AffineTransform_float_3_3
Parameters: 1 -6.96226e-05 -0.000253966 6.9904e-05 1 0.000553982 0.000253889 -0.000554017 1 -0.0730222 0.124977 0.227664
FixedParameters: 0 0 0

#Transform 69
Transform: AffineTransform_float_3_3
Parameters: 0.999999 -0.000287193 -0.000682 0.000286487 1 0.000156805 0.0006823 -0.000157196 1 -0.0685367 0.136562 0.174759
FixedParameters: 0 0 0

#Transform 70
Transform: AffineTransform_float_3_3
Parameters: 1 -4.50362e-06 -0.000554137 5.31155e-06 0.999999 0.000728997 0.000554129 -0.000729002 0.999999 -0.0765875 0.111205 0.148145
FixedParameters: 0 0 0

#Transform 71
Transform: AffineTransform_float_3_3
Parameters: 0.999999 0.000210846 -0.000893304 -0.000210539 1 0.000172188 0.000893376 -0.000171812 0.999999 -0.0898617 0.161418 0.183938
FixedParameters: 0 0 0

#Transform 72
Transform: AffineTransform_float_3_3
Parameters: 1 0.000323684 -0.00059214 -0.000323696 0.999999 0.000767191 0.000593027 -0.000766808 0.999999 -0.114588 0.161046 0.210997
FixedParameters: 0 0 0

#Transform 73
Transform: AffineTransform_float_3_3
Parameters: 0.999999 8.15676e-05 -0.000838183 -8.11549e-05 1 0.000795428 0.000838703 -0.000794572 1 -0.103911 0.142419 0.191816
FixedParameters: 0 0 0

#Transform 74
Transform: AffineTransform_float_3_3
Parameters: 1 0.000324665 -0.000596406 -0.000324974 1 -0.000258806 0.000596238 0.000259193 1 -0.0989702 0.135161 0.171408
FixedParameters: 0 0 0

#Transform 75
Transform: AffineTransform_float_3_3
Parameters: 1 0.00027055 -0.000493931 -0.000270446 1 0.000105286 0.000493988 -0.000105714 1 -0.102789 0.151468 0.19572
FixedParameters: 0 0 0

#Transform 76
Transform: AffineTransform_float_3_3
Parameters: 0.999999 0.000445283 -0.000583554 -0.000444689 1 -0.00027974 0.000582914 0.000280259 1 -0.106205 0.155883 0.188334
FixedParameters: 0 0 0

#Transform 77
Transform: AffineTransform_float_3_3
Parameters: 1 0.000456464 -0.000996857 -0.000455022 1 0.000919607 0.000996774 -0.000919394 1 -0.131277 0.137231 0.183442
FixedParameters: 0 0 0

#Transform 78
Transform: AffineTransform_float_3_3
Parameters: 0.999999 0.000714843 -0.00110765 -0.000715417 1 -0.000259415 0.00110728 0.000259585 0.999999 -0.131635 0.163271 0.178667
FixedParameters: 0 0 0

#Transform 79
Transform: AffineTransform_float_3_3
Parameters: 1 0.000551849 -0.00103849 -0.000552551 1 -0.000337426 0.00103811 0.000338573 0.999999 -0.113777 0.156797 0.193698
FixedParameters: 0 0 0

#Transform 80
Transform: AffineTransform_float_3_3
Parameters: 0.999999 -0.000358696 -0.000865661 0.000358805 1 6.26894e-05 0.000865615 -6.33105e-05 0.999999 -0.0925893 0.159458 0.208284
FixedParameters: 0 0 0

#Transform 81
Transform: AffineTransform_float_3_3
Parameters: 1 -9.35834e-05 -0.00099562 9.33246e-05 1 -0.000130093 0.000995645 0.000129907 0.999999 -0.0741909 0.145712 0.174091
FixedParameters: 0 0 0

#Transform 82
Transform: AffineTransform_float_3_3
Parameters: 0.999999 0.000258117 -0.000722406 -0.000258463 1 -0.000238813 0.000722283 0.000239186 0.999999 -0.0913376 0.148377 0.176281
FixedParameters: 0 0 0

#Transform 83
Transform: AffineTransform_float_3_3
Parameters: 1 0.000231458 -0.000368615 -0.000231589 1 0.000353085 0.000367858 -0.000352915 1 -0.123004 0.13869 0.181165
FixedParameters: 0 0 0

#Transform 84
Transform: AffineTransform_float_3_3
Parameters: 1 1.81425e-05 -0.00051282 -1.79763e-05 1 0.000162009 0.000512826 -0.000161991 1 -0.10012 0.139733 0.204971
FixedParameters: 0 0 0

#Transform 85
Transform: AffineTransform_float_3_3
Parameters: 0.999999 4.34103e-05 -0.000737525 -4.40328e-05 1 0.000202033 0.000737933 -0.000201968 0.999999 -0.0731842 0.150407 0.201367
FixedParameters: 0 0 0

#Transform 86
Transform: AffineTransform_float_3_3
Parameters: 1 -1.64083e-06 -0.000334842 1.42123e-06 1 0.001046 0.00033523 -0.001046 1 -0.078405 0.150786 0.241795
FixedParameters: 0 0 0

#Transform 87
Transform: AffineTransform_float_3_3
Parameters: 1 0.000263998 -0.000617078 -0.00026367 1 0.000266163 0.000617219 -0.000265837 1 -0.047253 0.157788 0.222369
FixedParameters: 0 0 0

#Transform 88
Transform: AffineTransform_float_3_3
Parameters: 0.999999 4.9672e-05 -0.000768056 -5.13727e-05 0.999999 -0.00170696 0.000767493 0.00170704 0.999998 -0.00507977 0.140477 0.116284
FixedParameters: 0 0 0

#Transform 89
Transform: AffineTransform_float_3_3
Parameters: 0.999999 -0.000556501 -0.000785868 0.000560476 0.999992 0.00404377 0.000783444 -0.00404323 0.999992 -0.0379968 0.171398 0.176788
FixedParameters: 0 0 0

#Transform 90
Transform: AffineTransform_float_3_3
Parameters: 0.999995 -0.00070694 -0.0031104 0.000727714 0.999979 0.00655436 0.00310513 -0.00655664 0.999973 0.0352067 0.175814 0.288638
FixedParameters: 0 0 0

#Transform 91
Transform: AffineTransform_float_3_3
Parameters: 0.999999 -0.000384473 -0.00147715 0.000390907 0.999989 0.00480494 0.00147562 -0.00480606 0.999988 -0.0669431 0.160016 0.263914
FixedParameters: 0 0 0

#Transform 92
Transform: AffineTransform_float_3_3
Parameters: 0.999999 -0.000630687 -0.0014152 0.00063687 0.999992 0.00413947 0.0014123 -0.00414054 0.999991 -0.070796 0.174342 0.282613
FixedParameters: 0 0 0

#Transform 93
Transform: AffineTransform_float_3_3
Parameters: 0.999999 -0.00059931 -0.00119631 0.000604111 0.99999 0.00431964 0.00119345 -0.00432036 0.99999 -0.0766588 0.174865 0.291585
FixedParameters: 0 0 0

#Transform 94
Transform: AffineTransform_float_3_3
Parameters: 0.999999 -0.0003862 -0.000790148 0.000390134 0.999989 0.0048257 0.000787965 -0.00482631 0.999988 -0.104419 0.164855 0.292797
FixedParameters: 0 0 0

#Transform 95
Transform: AffineTransform_float_3_3
Parameters: 0.999999 -0.000339921 -0.00130535 0.000343945 0.999995 0.00310291 0.00130387 -0.00310309 0.999995 -0.113028 0.227299 0.309968
FixedParameters: 0 0 0

#Transform 96
Transform: AffineTransform_float_3_3
Parameters: 1 -0.000548328 -0.00108964 0.000552228 0.999994 0.00330176 0.00108849 -0.00330224 0.999994 -0.115915 0.22026 0.356226
FixedParameters: 0 0 0

#Transform 97
Transform: AffineTransform_float_3_3
Parameters: 0.999999 -0.000573583 -0.00120704 0.00057737 0.999994 0.00347767 0.00120499 -0.00347833 0.999993 -0.0820185 0.195141 0.351046
FixedParameters: 0 0 0

#Transform 98
Transform: AffineTransform_float_3_3
Parameters: 1 -0.000621379 -0.000831228 0.000624359 0.999992 0.00377684 0.000829006 -0.00377716 0.999993 -0.10371 0.176546 0.308173
FixedParameters: 0 0 0

#Transform 99
Transform: AffineTransform_float_3_3
Parameters: 0.999999 -0.000848134 -0.00109136 0.000850912 0.999996 0.00278328 0.00108911 -0.00278372 0.999996 -0.0831633 0.189891 0.302594
FixedParameters: 0 0 0

#Transform 100
Transform: AffineTransform_float_3_3
Parameters: 0.999999 -0.000555644 -0.00121453 0.000558488 0.999998 0.00230869 0.00121313 -0.00230932 0.999997 -0.0754664 0.177988 0.293307
FixedParameters: 0 0 0

#Transform 101
Transform: AffineTransform_float_3_3
Parameters: 0.999999 -0.000458179 -0.00125565 0.000460807 0.999997 0.00214678 0.00125485 -0.00214722 0.999997 -0.0268809 0.167515 0.308602
FixedParameters: 0 0 0

#Transform 102
Transform: AffineTransform_float_3_3
Parameters: 0.999999 -0.000722937 -0.000553573 0.000724045 0.999997 0.0023136 0.000551927 -0.0023144 0.999997 -0.088493 0.175733 0.320966
FixedParameters: 0 0 0

#Transform 103
Transform: AffineTransform_float_3_3
Parameters: 0.999998 -0.00141362 -0.00181556 0.00141568 0.999999 0.000965999 0.00181452 -0.000969001 0.999998 -0.0123014 0.161086 0.110631
FixedParameters: 0 0 0

#Transform 104
Transform: AffineTransform_float_3_3
Parameters: 0.999999 -0.000637575 -0.000344073 0.000636336 0.999996 -0.00256322 0.000346027 0.00256278 0.999996 -0.0378332 0.195439 -0.0194064
FixedParameters: 0 0 0

#Transform 105
Transform: AffineTransform_float_3_3
Parameters: 0.999997 -0.00208576 -0.000543419 0.00208486 0.999998 -0.0004738 0.000544471 0.000472201 1 0.00354371 0.26273 0.208641
FixedParameters: 0 0 0

#Transform 106
Transform: AffineTransform_float_3_3
Parameters: 0.999998 -0.00225544 0.000151955 0.0022551 0.999997 0.000653471 -0.000152671 -0.000653528 0.999999 -0.0122743 0.210885 0.264601
FixedParameters: 0 0 0

#Transform 107
Transform: AffineTransform_float_3_3
Parameters: 1 -0.000533058 0.000102858 0.000533215 0.999999 0.00113206 -0.000103145 -0.00113195 1 -0.112439 0.185214 0.292861
FixedParameters: 0 0 0

#Transform 108
Transform: AffineTransform_float_3_3
Parameters: 1 -0.000372678 -5.18604e-05 0.000372791 1 0.00109798 5.10419e-05 -0.00109802 1 -0.117053 0.169483 0.262748
FixedParameters: 0 0 0

#Transform 109
Transform: AffineTransform_float_3_3
Parameters: 1 -0.000409697 -0.000139363 0.000410011 1 0.00113094 0.000138435 -0.00113106 1 -0.0988454 0.200913 0.312498
FixedParameters: 0 0 0

#Transform 110
Transform: AffineTransform_float_3_3
Parameters: 1 -0.000540114 -0.000344717 0.000541176 0.999999 0.00097402 0.000344585 -0.000972979 0.999999 -0.0987942 0.194559 0.314862
FixedParameters: 0 0 0

#Transform 111
Transform: AffineTransform_float_3_3
Parameters: 0.999999 -0.000817348 -0.000466354 0.000818401 0.999999 0.00113062 0.000464504 -0.00113138 1 -0.0917462 0.190984 0.317146
FixedParameters: 0 0 0

#Transform 112
Transform: AffineTransform_float_3_3
Parameters: 0.999999 -0.00087812 -0.00089995 0.000878314 0.999999 0.00113021 0.000898745 -0.00113179 0.999999 -0.0753222 0.196861 0.331212
FixedParameters: 0 0 0

#Transform 113
Transform: AffineTransform_float_3_3
Parameters: 0.999999 -0.000925812 -0.000315552 0.000926327 0.999998 0.00165971 0.000313789 -0.00166029 0.999999 -0.0790647 0.189808 0.348706
FixedParameters: 0 0 0

#Transform 114
Transform: AffineTransform_float_3_3
Parameters: 0.999999 -0.000839787 -0.000147586 0.000840582 0.999998 0.00137588 0.000146194 -0.00137612 0.999999 -0.0830679 0.1846 0.321693
FixedParameters: 0 0 0

#Transform 115
Transform: AffineTransform_float_3_3
Parameters: 0.999999 -0.000244509 -0.000670731 0.000245477 0.999999 0.00140784 0.000670432 -0.00140816 0.999999 -0.109034 0.161412 0.309119
FixedParameters: 0 0 0

#Transform 116
Transform: AffineTransform_float_3_3
Parameters: 1 -0.000350926 -0.000457427 0.000351156 0.999999 0.00125784 0.000456935 -0.00125816 0.999999 -0.112524 0.161683 0.308992
FixedParameters: 0 0 0

#Transform 117
Transform: AffineTransform_float_3_3
Parameters: 1 -0.000580126 -0.000375742 0.000580654 0.999999 0.00140778 0.000375419 -0.00140822 0.999999 -0.109468 0.182237 0.331816
FixedParameters: 0 0 0

#Transform 118
Transform: AffineTransform_float_3_3
Parameters: 1 -0.000539625 -0.000279952 0.000540803 0.999999 0.00140785 0.000279352 -0.00140815 0.999999 -0.122855 0.186168 0.337464
FixedParameters: 0 0 0

#Transform 119
Transform: AffineTransform_float_3_3
Parameters: 1 -0.00031954 -0.00057819 0.000319991 0.999999 0.00118582 0.000577823 -0.00118619 0.999999 -0.12494 0.178504 0.337193
FixedParameters: 0 0 0

#Transform 120
Transform: AffineTransform_float_3_3
Parameters: 1 -0.000134435 -0.000597844 0.000134806 0.999999 0.00140792 0.000596935 -0.00140808 0.999999 -0.129178 0.167199 0.345961
FixedParameters: 0 0 0

#Transform 121
Transform: AffineTransform_float_3_3
Parameters: 1 -0.000728452 -0.000725402 0.000729285 0.999999 0.000939678 0.000725344 -0.000939321 0.999999 -0.113724 0.168121 0.335686
FixedParameters: 0 0 0

#Transform 122
Transform: AffineTransform_float_3_3
Parameters: 0.999999 -0.000727385 -0.000675709 0.000727149 0.999999 0.000505869 0.000675363 -0.000506132 1 -0.102628 0.158466 0.32293
FixedParameters: 0 0 0

#Transform 123
Transform: AffineTransform_float_3_3
Parameters: 0.999999 -0.000931557 -0.000815351 0.000932217 0.999999 0.000969241 0.000813934 -0.000970759 0.999999 -0.094261 0.179228 0.349538
FixedParameters: 0 0 0

#Transform 124
Transform: AffineTransform_float_3_3
Parameters: 0.999999 -0.000860181 -0.000978113 0.000861441 0.999999 0.00111501 0.000976583 -0.00111599 0.999998 -0.0968655 0.183232 0.358382
FixedParameters: 0 0 0

#Transform 125
Transform: AffineTransform_float_3_3
Parameters: 0.999999 -0.00108319 -0.000955259 0.00108437 0.999999 0.000893812 0.000954631 -0.000895188 0.999999 -0.0946942 0.168317 0.348313
FixedParameters: 0 0 0

#Transform 126
Transform: AffineTransform_float_3_3
Parameters: 0.999999 -0.000835026 -0.000420862 0.000835967 0.999999 0.0011195 0.000418992 -0.0011195 0.999999 -0.113211 0.179341 0.353097
FixedParameters: 0 0 0

#Transform 127
Transform: AffineTransform_float_3_3
Parameters: 0.999999 -0.000392891 -0.000607972 0.000393497 0.999999 0.00125576 0.000607375 -0.00125624 0.999999 -0.119019 0.168996 0.337258
FixedParameters: 0 0 0

#Transform 128
Transform: AffineTransform_float_3_3
Parameters: 1 -0.00015713 -9.54801e-06 0.000157155 0.999999 0.00131 9.1363e-06 -0.00131 0.999999 -0.131202 0.143842 0.322661
FixedParameters: 0 0 0

#Transform 129
Transform: AffineTransform_float_3_3
Parameters: 1 -0.000437475 -8.22975e-05 0.000437251 0.999998 0.00186196 8.198e-05 -0.00186204 0.999999 -0.111567 0.182625 0.36188
FixedParameters: 0 0 0

#Transform 130
Transform: AffineTransform_float_3_3
Parameters: 1 0.000120697 -0.000434098 -0.000118928 0.999998 0.00203605 0.000434586 -0.00203595 0.999998 -0.126206 0.17627 0.374315
FixedParameters: 0 0 0

#Transform 131
Transform: AffineTransform_float_3_3
Parameters: 1 -0.000588352 -0.000259513 0.000588729 0.999999 0.00174885 0.000258766 -0.00174915 0.999999 -0.119561 0.195989 0.363821
FixedParameters: 0 0 0

#Transform 132
Transform: AffineTransform_float_3_3
Parameters: 0.999999 -0.000369809 -0.00081749 0.000369824 1 8.69763e-06 0.000817483 -9.30227e-06 0.999999 -0.0262977 0.182548 0.315831
FixedParameters: 0 0 0

#Transform 133
Transform: AffineTransform_float_3_3
Parameters: 1 -0.000842423 -0.000853247 0.000841714 1 -0.000954872 0.000854463 0.000954129 0.999999 -0.0145825 0.185841 0.259003
FixedParameters: 0 0 0

#Transform 134
Transform: AffineTransform_float_3_3
Parameters: 0.999999 -0.00100602 -0.000774329 0.0010076 0.999999 0.00136843 0.000772884 -0.00136857 0.999999 -0.0675883 0.180318 0.356661
FixedParameters: 0 0 0

#Transform 135
Transform: AffineTransform_float_3_3
Parameters: 1 -0.000721703 -0.000923902 0.00072258 0.999998 0.00147169 0.000922558 -0.00147231 0.999999 -0.0833693 0.209632 0.366962
FixedParameters: 0 0 0

#Transform 136
Transform: AffineTransform_float_3_3
Parameters: 0.999999 -0.000867135 -0.000418691 0.000868214 0.999998 0.00192648 0.000416659 -0.00192651 0.999998 -0.103061 0.215166 0.398169
FixedParameters: 0 0 0

#Transform 137
Transform: AffineTransform_float_3_3
Parameters: 1 -0.000837842 -0.000868477 0.000839634 0.999998 0.00186727 0.000867046 -0.00186873 0.999998 -0.100751 0.208051 0.404549
FixedParameters: 0 0 0

#Transform 138
Transform: AffineTransform_float_3_3
Parameters: 0.999999 -0.00094839 -0.000821796 0.000950006 0.999998 0.00186722 0.000819952 -0.00186878 0.999998 -0.0981025 0.209174 0.398942
FixedParameters: 0 0 0

#Transform 139
Transform: AffineTransform_float_3_3
Parameters: 0.999999 -0.000461124 -0.00113828 0.000463534 0.999998 0.00186783 0.00113733 -0.00186817 0.999998 -0.104993 0.195351 0.374395
FixedParameters: 0 0 0

#Transform 140
Transform: AffineTransform_float_3_3
Parameters: 0.999999 -0.000639646 -0.000742523 0.00064084 0.999999 0.00142452 0.000741089 -0.00142547 0.999998 -0.109901 0.207342 0.383809
FixedParameters: 0 0 0

#Transform 141
Transform: AffineTransform_float_3_3
Parameters: 0.999999 -0.000440162 -0.000710756 0.000440975 0.999998 0.00186769 0.000709891 -0.00186831 0.999998 -0.120314 0.206853 0.405137
FixedParameters: 0 0 0

#Transform 142
Transform: AffineTransform_float_3_3
Parameters: 0.999999 -0.000957299 -0.000818261 0.000959507 0.999997 0.00223822 0.000815671 -0.00223978 0.999997 -0.114482 0.212372 0.433112
FixedParameters: 0 0 0

#Transform 143
Transform: AffineTransform_float_3_3
Parameters: 0.999999 -0.000842261 -0.00101746 0.000844423 0.999998 0.00177514 0.00101616 -0.00177686 0.999998 -0.133855 0.208615 0.403423
FixedParameters: 0 0 0

#Transform 144
Transform: AffineTransform_float_3_3
Parameters: 0.999999 -0.00088632 -0.000847076 0.000886496 0.999999 0.000103609 0.000846892 -0.000104391 1 -0.109724 0.229067 0.130504
FixedParameters: 0 0 0

#Transform 145
Transform: AffineTransform_float_3_3
Parameters: 0.999999 -0.00100692 -0.00112533 0.00100965 0.999996 0.00268008 0.00112241 -0.00268093 0.999996 -0.054101 0.222587 0.342592
FixedParameters: 0 0 0

#Transform 146
Transform: AffineTransform_float_3_3
Parameters: 0.999999 -0.00170848 -0.000208115 0.00170827 0.999998 0.00075634 0.000206843 -0.000755659 1 -0.0656215 0.213825 0.381063
FixedParameters: 0 0 0

#Transform 147
Transform: AffineTransform_float_3_3
Parameters: 0.999999 -0.00126196 0.000262994 0.00126293 0.999998 -0.00158203 -0.000261231 0.00158197 0.999999 -0.0824011 0.232167 0.328812
FixedParameters: 0 0 0

#Transform 148
Transform: AffineTransform_float_3_3
Parameters: 0.999999 -0.00036964 0.000717673 0.000369081 0.999999 0.00130227 -0.000718105 -0.00130173 0.999999 -0.162934 0.219411 0.434732
FixedParameters: 0 0 0

#Transform 149
Transform: AffineTransform_float_3_3
Parameters: 0.999999 -0.000493169 -0.000790253 0.000493644 0.999999 0.000883817 0.000789772 -0.000883183 0.999999 -0.0757483 0.238967 0.416646
FixedParameters: 0 0 0

#Transform 150
Transform: AffineTransform_float_3_3
Parameters: 0.999999 -0.000734605 -7.55015e-05 0.00073512 1 0.000823585 7.52109e-05 -0.000824415 0.999999 -0.10423 0.233996 0.484431
FixedParameters: 0 0 0

#Transform 151
Transform: AffineTransform_float_3_3
Parameters: 0.999999 -0.000718399 -0.000223055 0.000719582 0.999998 0.00178184 0.000221413 -0.00178216 0.999999 -0.127766 0.230172 0.483467
FixedParameters: 0 0 0

#Transform 152
Transform: AffineTransform_float_3_3
Parameters: 1 -0.000105641 -7.25603e-05 0.000105787 0.999999 0.00100599 7.23476e-05 -0.00100601 0.999999 -0.125069 0.224719 0.462452
FixedParameters: 0 0 0

#Transform 153
Transform: AffineTransform_float_3_3
Parameters: 0.999996 0.00276315 -0.000472705 -0.00276575 0.999976 -0.0064111 0.000455385 0.0064129 0.999979 -0.234095 0.428736 0.0970822
FixedParameters: 0 0 0

#Transform 154
Transform: AffineTransform_float_3_3
Parameters: 0.999999 0.000716584 0.000126248 -0.000717087 0.999977 0.00687376 -0.000121248 -0.00687324 0.999976 -0.194253 0.375346 0.815836
FixedParameters: 0 0 0

#Transform 155
Transform: AffineTransform_float_3_3
Parameters: 0.999999 0.000696392 0.000457381 -0.000697157 0.999997 0.00242568 -0.000455702 -0.00242632 0.999997 -0.210505 0.269842 0.537906
FixedParameters: 0 0 0

#Transform 156
Transform: AffineTransform_float_3_3
Parameters: 0.999999 0.000746159 0.000685981 -0.000747043 0.999997 0.00237449 -0.000684527 -0.00237551 0.999997 -0.238255 0.26402 0.521712
FixedParameters: 0 0 0

#Transform 157
Transform: AffineTransform_float_3_3
Parameters: 0.999999 0.000857814 0.000947758 -0.000858635 0.999999 0.00140539 -0.000946127 -0.00140561 0.999999 -0.249102 0.273612 0.498124
FixedParameters: 0 0 0

#Transform 158
Transform: AffineTransform_float_3_3
Parameters: 0.999999 0.00107114 0.00085786 -0.00107282 0.999998 0.00182693 -0.000855644 -0.00182807 0.999998 -0.261184 0.276701 0.526749
FixedParameters: 0 0 0

#Transform 159
Transform: AffineTransform_float_3_3
Parameters: 1 0.000350568 0.000528129 -0.000351153 1 0.00105482 -0.0005287 -0.00105519 1 -0.160405 0.292984 0.5986
FixedParameters: 0 0 0

#Transform 160
Transform: AffineTransform_float_3_3
Parameters: 1 -4.83845e-05 0.000645396 5.12846e-05 0.999992 -0.00397682 -0.000645138 0.00397618 0.999992 -0.108931 0.339116 0.602518
FixedParameters: 0 0 0

#Transform 161
Transform: AffineTransform_float_3_3
Parameters: 1 0.000363402 0.00053648 -0.000362814 0.999999 -0.00140519 -0.00053711 0.0014048 0.999999 -0.177345 0.274301 0.527417
FixedParameters: 0 0 0

#Transform 162
Transform: AffineTransform_float_3_3
Parameters: 0.999999 0.000864809 0.000957158 -0.000864701 1 -5.66206e-05 -0.000957256 5.63791e-05 1 -0.210194 0.260687 0.59055
FixedParameters: 0 0 0

#Transform 163
Transform: AffineTransform_float_3_3
Parameters: 1 0.00111097 0.000442179 -0.0011111 0.999999 0.000140356 -0.000441867 -0.000140644 0.999999 -0.212683 0.281346 0.626864
FixedParameters: 0 0 0

#Transform 164
Transform: AffineTransform_float_3_3
Parameters: 0.999999 0.000922566 3.64873e-05 -0.000922572 0.999999 7.49665e-05 -3.6349e-05 -7.50337e-05 1 -0.209944 0.279238 0.616834
FixedParameters: 0 0 0

#Transform 165
Transform: AffineTransform_float_3_3
Parameters: 0.999999 0.000853279 0.000313635 -0.00085377 0.999999 0.000159732 -0.000314283 -0.000160268 1 -0.216874 0.270097 0.621811
FixedParameters: 0 0 0

#Transform 166
Transform: AffineTransform_float_3_3
Parameters: 1 0.00110241 0.000393533 -0.0011024 0.999999 -6.5863e-06 -0.000393548 6.41328e-06 0.999999 -0.238052 0.274657 0.612808
FixedParameters: 0 0 0

#Transform 167
Transform: AffineTransform_float_3_3
Parameters: 1 0.00105788 0.000484913 -0.00105845 0.999999 -0.000366666 -0.000485298 0.000366334 0.999999 -0.218804 0.253437 0.574744
FixedParameters: 0 0 0

#Transform 168
Transform: AffineTransform_float_3_3
Parameters: 0.999999 0.00144516 0.000556972 -0.00144591 0.999999 0.000326043 -0.000556948 -0.000326958 1 -0.231105 0.250994 0.579052
FixedParameters: 0 0 0

#Transform 169
Transform: AffineTransform_float_3_3
Parameters: 0.999998 0.00132903 0.000890075 -0.00132916 0.999999 -0.000445336 -0.000890866 0.000443664 1 -0.239907 0.254828 0.592101
FixedParameters: 0 0 0

#Transform 170
Transform: AffineTransform_float_3_3
Parameters: 0.999998 0.00134945 0.00093929 -0.00134923 0.999999 -0.00012106 -0.000939615 0.000119939 1 -0.256799 0.252228 0.599314
FixedParameters: 0 0 0

#Transform 171
Transform: AffineTransform_float_3_3
Parameters: 0.999999 0.00121949 0.000994619 -0.00121961 0.999999 5.99942e-05 -0.000994472 -6.1006e-05 0.999999 -0.236339 0.249948 0.603792
FixedParameters: 0 0 0

#Transform 172
Transform: AffineTransform_float_3_3
Parameters: 0.999999 0.00133193 0.000465291 -0.00133169 0.999999 -0.000259132 -0.000465979 0.000257867 1 -0.251544 0.258151 0.578692
FixedParameters: 0 0 0

#Transform 173
Transform: AffineTransform_float_3_3
Parameters: 0.999999 0.00118351 0.000487274 -0.00118439 0.999999 -3.27296e-05 -0.00048696 3.22708e-05 0.999999 -0.248187 0.266004 0.607006
FixedParameters: 0 0 0

#Transform 174
Transform: AffineTransform_float_3_3
Parameters: 0.999999 0.000587011 -0.0016565 -0.000585493 1 0.000458276 0.00165704 -0.000457723 0.999999 -0.186499 0.329752 0.691862
FixedParameters: 0 0 0

#Transform 175
Transform: AffineTransform_float_3_3
Parameters: 0.999902 0.0109164 -0.00876298 -0.0108606 0.999921 0.00643774 0.00883273 -0.00634127 0.999941 -0.202365 0.736592 2.32869
FixedParameters: 0 0 0

#Transform 176
Transform: AffineTransform_float_3_3
Parameters: 0.999748 0.0200595 -0.0100589 -0.0201483 0.999758 -0.00884489 0.00987954 0.00904512 0.999911 -0.281834 1.22568 0.670857
FixedParameters: 0 0 0

#Transform 177
Transform: AffineTransform_float_3_3
Parameters: 0.999937 0.00763239 -0.00830848 -0.00761357 0.999968 0.00239099 0.00832704 -0.00232701 0.999963 -0.216166 0.547704 1.21549
FixedParameters: 0 0 0

#Transform 178
Transform: AffineTransform_float_3_3
Parameters: 0.99994 0.00791878 -0.00765905 -0.00791523 0.999968 0.00050973 0.00766282 -0.000449275 0.999971 -0.260292 0.492222 1.04323
FixedParameters: 0 0 0

#Transform 179
Transform: AffineTransform_float_3_3
Parameters: 0.999941 0.00770187 -0.00757716 -0.00770518 0.999971 -0.000413998 0.00757324 0.000471995 0.999971 -0.269834 0.493952 0.985508
FixedParameters: 0 0 0
