#Insight Transform File V1.0
#Transform 0
Transform: AffineTransform_float_3_3
Parameters: 1 0.000971961 -0.000622255 -0.000972677 0.999999 -0.000889754 0.000621444 0.000890244 0.999999 -0.001614 0.0798292 0.384431
FixedParameters: 0 0 0

#Transform 1
Transform: AffineTransform_float_3_3
Parameters: 1 0.000121933 -0.00103149 -0.000121308 1 0.000302278 0.00103156 -0.000302722 0.999999 0.0196588 -0.011486 -0.113518
FixedParameters: 0 0 0

#Transform 2
Transform: AffineTransform_float_3_3
Parameters: 1 0.000416479 -0.000977965 -0.000416486 1 0.000667408 0.000977991 -0.000666594 1 0.00933655 -0.0161366 -0.169156
FixedParameters: 0 0 0

#Transform 3
Transform: AffineTransform_float_3_3
Parameters: 0.999999 0.000217 -0.000807723 -0.000216527 1 0.000535175 0.000807034 -0.000534825 0.999999 0.0151253 -0.0209908 -0.186033
FixedParameters: 0 0 0

#Transform 4
Transform: AffineTransform_float_3_3
Parameters: 0.999999 0.000197363 -0.000855449 -0.000196448 0.999999 0.00130117 0.000855431 -0.00130083 0.999999 0.0111947 0.00648062 -0.173025
FixedParameters: 0 0 0

#Transform 5
Transform: AffineTransform_float_3_3
Parameters: 1 0.000172313 -0.000914417 -0.000171485 1 0.00117016 0.00091429 -0.00116984 0.999999 0.0192145 -0.0045423 -0.195106
FixedParameters: 0 0 0

#Transform 6
Transform: AffineTransform_float_3_3
Parameters: 0.999999 0.000528363 -0.000715029 -0.000527317 0.999999 0.00164653 0.000716238 -0.00164647 0.999999 0.00348211 0.010199 -0.180092
FixedParameters: 0 0 0

#Transform 7
Transform: AffineTransform_float_3_3
Parameters: 0.999999 0.000292074 -0.000943782 -0.000290251 0.999997 0.00214679 0.000944893 -0.00214621 0.999998 0.0106699 0.0293156 -0.191614
FixedParameters: 0 0 0

#Transform 8
Transform: AffineTransform_float_3_3
Parameters: 1 0.000172293 -0.000273432 -0.000171395 0.999997 0.00235805 0.000273322 -0.00235795 0.999997 0.00330566 0.0210565 -0.194138
FixedParameters: 0 0 0

#Transform 9
Transform: AffineTransform_float_3_3
Parameters: 1 0.000123885 -0.00103125 -0.000121587 0.999998 0.00219528 0.00103165 -0.00219572 0.999997 0.0128243 0.0289495 -0.202343
FixedParameters: 0 0 0

#Transform 10
Transform: AffineTransform_float_3_3
Parameters: 1 0.000324523 -7.71389e-05 -0.00032454 0.999997 0.00241603 7.77866e-05 -0.00241598 0.999997 -0.00331388 0.0421875 -0.203854
FixedParameters: 0 0 0

#Transform 11
Transform: AffineTransform_float_3_3
Parameters: 1 0.000287224 -0.00109999 -0.000284498 0.999997 0.00243047 0.00110032 -0.00243053 0.999996 0.0123889 0.0200736 -0.19916
FixedParameters: 0 0 0

#Transform 12
Transform: AffineTransform_float_3_3
Parameters: 1 -4.20024e-05 -0.000485831 4.31326e-05 0.999996 0.00251413 0.000485087 -0.00251487 0.999997 0.00655002 0.0274969 -0.223365
FixedParameters: 0 0 0

#Transform 13
Transform: AffineTransform_float_3_3
Parameters: 1 -2.20536e-05 -0.000428064 2.31697e-05 0.999997 0.00237799 0.000428347 -0.00237801 0.999997 0.00725104 0.0177707 -0.201848
FixedParameters: 0 0 0

#Transform 14
Transform: AffineTransform_float_3_3
Parameters: 1 1.54799e-05 -0.000328836 -1.4241e-05 0.999997 0.002481 0.000327989 -0.00248099 0.999997 0.00821884 0.0299471 -0.227938
FixedParameters: 0 0 0

#Transform 15
Transform: AffineTransform_float_3_3
Parameters: 0.999999 3.18958e-05 -0.000833743 -2.9426e-05 0.999996 0.00281918 0.000833777 -0.00281982 0.999996 0.0163985 0.0387306 -0.221141
FixedParameters: 0 0 0

#Transform 16
Transform: AffineTransform_float_3_3
Parameters: 0.999999 4.71119e-05 -0.000764183 -4.45856e-05 0.999995 0.00285519 0.000765226 -0.00285581 0.999996 0.00942208 0.029007 -0.248044
FixedParameters: 0 0 0

#Transform 17
Transform: AffineTransform_float_3_3
Parameters: 0.999999 -0.000140894 -0.000919391 0.000142924 0.999996 0.00281887 0.000918843 -0.00281913 0.999995 0.0229405 0.0308621 -0.213714
FixedParameters: 0 0 0

#Transform 18
Transform: AffineTransform_float_3_3
Parameters: 1 0.000111006 -0.000666363 -0.000109614 0.999997 0.00271807 0.000666823 -0.00271793 0.999996 0.0085658 0.0368843 -0.22297
FixedParameters: 0 0 0

#Transform 19
Transform: AffineTransform_float_3_3
Parameters: 0.999999 -0.000116825 -0.000761384 0.00011898 0.999996 0.00262427 0.000761546 -0.00262373 0.999996 0.0202566 0.0336347 -0.221008
FixedParameters: 0 0 0

#Transform 20
Transform: AffineTransform_float_3_3
Parameters: 0.999999 7.59006e-05 -0.000747074 -7.41094e-05 0.999997 0.00269206 0.000747339 -0.00269195 0.999996 0.0158978 0.0335408 -0.248294
FixedParameters: 0 0 0

#Transform 21
Transform: AffineTransform_float_3_3
Parameters: 1 -4.3265e-05 -0.000617676 4.55519e-05 0.999996 0.00259633 0.000617837 -0.00259567 0.999997 0.0162149 0.036642 -0.213362
FixedParameters: 0 0 0

#Transform 22
Transform: AffineTransform_float_3_3
Parameters: 0.999999 2.26663e-05 -0.000809246 -2.03647e-05 0.999996 0.00280102 0.000809228 -0.00280098 0.999995 0.0106559 0.0373266 -0.242432
FixedParameters: 0 0 0

#Transform 23
Transform: AffineTransform_float_3_3
Parameters: 0.999999 -1.66998e-05 -0.000779561 1.834e-05 0.999995 0.00307314 0.000779705 -0.00307386 0.999995 0.0102666 0.0410058 -0.239836
FixedParameters: 0 0 0

#Transform 24
Transform: AffineTransform_float_3_3
Parameters: 1 -0.000114985 -0.000613435 0.000116856 0.999996 0.00302493 0.000613515 -0.00302507 0.999995 0.00842903 0.0394191 -0.242189
FixedParameters: 0 0 0

#Transform 25
Transform: AffineTransform_float_3_3
Parameters: 0.999999 0.000267529 -0.00069196 -0.000265912 0.999996 0.00306219 0.000692534 -0.00306182 0.999995 -0.00378218 0.0411076 -0.229482
FixedParameters: 0 0 0

#Transform 26
Transform: AffineTransform_float_3_3
Parameters: 0.999999 0.000119598 -0.000717803 -0.000118185 0.999997 0.00253808 0.000718268 -0.00253791 0.999996 0.00385941 0.0478981 -0.195845
FixedParameters: 0 0 0

#Transform 27
Transform: AffineTransform_float_3_3
Parameters: 1 0.000243846 -0.000103754 -0.00024363 0.999995 0.00291602 0.000104255 -0.00291597 0.999995 -0.0101966 0.0541227 -0.205772
FixedParameters: 0 0 0

#Transform 28
Transform: AffineTransform_float_3_3
Parameters: 1 0.000234906 -0.00012498 -0.000234597 0.999996 0.00279203 0.000125371 -0.00279197 0.999996 -0.0103419 0.0494254 -0.213559
FixedParameters: 0 0 0

#Transform 29
Transform: AffineTransform_float_3_3
Parameters: 1 0.000670173 4.42923e-06 -0.000670055 0.999995 0.003143 -2.44864e-06 -0.003143 0.999995 -0.0272508 0.058117 -0.252976
FixedParameters: 0 0 0

#Transform 30
Transform: AffineTransform_float_3_3
Parameters: 1 0.000585983 6.49433e-05 -0.000586278 0.999995 0.00338681 -6.32052e-05 -0.00338619 0.999994 -0.0260368 0.0506121 -0.255421
FixedParameters: 0 0 0

#Transform 31
Transform: AffineTransform_float_3_3
Parameters: 1 0.000664619 -4.72979e-05 -0.00066415 0.999994 0.00340903 4.9596e-05 -0.00340897 0.999994 -0.0278262 0.0519324 -0.257368
FixedParameters: 0 0 0

#Transform 32
Transform: AffineTransform_float_3_3
Parameters: 1 0.00053598 -5.39787e-05 -0.000536391 0.999994 0.00337403 5.57559e-05 -0.00337397 0.999995 -0.0294559 0.0493349 -0.253825
FixedParameters: 0 0 0

#Transform 33
Transform: AffineTransform_float_3_3
Parameters: 1 0.000585984 6.49323e-05 -0.000586276 0.999994 0.00336796 -6.32159e-05 -0.00336804 0.999995 -0.0259747 0.0578642 -0.256961
FixedParameters: 0 0 0

#Transform 34
Transform: AffineTransform_float_3_3
Parameters: 0.999999 0.000877551 0.000291887 -0.000878637 0.999993 0.00369974 -0.000288012 -0.00370025 0.999993 -0.046795 0.0512295 -0.282436
FixedParameters: 0 0 0

#Transform 35
Transform: AffineTransform_float_3_3
Parameters: 0.999999 0.000754592 -0.000148105 -0.000754374 0.999994 0.00333575 0.000151298 -0.00333625 0.999994 -0.0379618 0.0650418 -0.266958
FixedParameters: 0 0 0

#Transform 36
Transform: AffineTransform_float_3_3
Parameters: 1 0.00101344 -3.53854e-05 -0.00101381 0.999993 0.00359804 3.86067e-05 -0.00359796 0.999994 -0.0472779 0.0538527 -0.282518
FixedParameters: 0 0 0

#Transform 37
Transform: AffineTransform_float_3_3
Parameters: 0.999999 0.000761675 -3.0566e-05 -0.000761707 0.999993 0.00346802 3.26968e-05 -0.00346798 0.999994 -0.0359536 0.0589124 -0.259036
FixedParameters: 0 0 0

#Transform 38
Transform: AffineTransform_float_3_3
Parameters: 0.999999 0.000749858 2.64035e-05 -0.000749888 0.999994 0.00337698 -2.35706e-05 -0.00337702 0.999995 -0.0350687 0.0681436 -0.260667
FixedParameters: 0 0 0

#Transform 39
Transform: AffineTransform_float_3_3
Parameters: 1 0.000605519 0.000333392 -0.000606373 0.999994 0.0034678 -0.000330891 -0.0034682 0.999994 -0.0403921 0.0608538 -0.254659
FixedParameters: 0 0 0

#Transform 40
Transform: AffineTransform_float_3_3
Parameters: 0.999999 0.000645025 0.000468652 -0.00064629 0.999994 0.00346754 -0.000467187 -0.00346745 0.999993 -0.038387 0.0614383 -0.241832
FixedParameters: 0 0 0

#Transform 41
Transform: AffineTransform_float_3_3
Parameters: 1 0.00111154 0.000478304 -0.00111383 0.999995 0.00309932 -0.00047495 -0.00309968 0.999995 -0.0684605 0.0170773 -0.301004
FixedParameters: 0 0 0

#Transform 42
Transform: AffineTransform_float_3_3
Parameters: 0.999999 0.000798082 0.000267628 -0.000798868 0.999994 0.00346763 -0.000264713 -0.00346736 0.999994 -0.0519211 0.049574 -0.252759
FixedParameters: 0 0 0

#Transform 43
Transform: AffineTransform_float_3_3
Parameters: 1 0.00104784 0.000327449 -0.00104938 0.999994 0.00339051 -0.000323881 -0.00339049 0.999994 -0.0628223 0.0487361 -0.239665
FixedParameters: 0 0 0

#Transform 44
Transform: AffineTransform_float_3_3
Parameters: 0.999999 0.000786454 6.96637e-05 -0.000785868 0.999993 0.00346795 -6.68333e-05 -0.00346805 0.999994 -0.0427583 0.0794261 -0.248781
FixedParameters: 0 0 0

#Transform 45
Transform: AffineTransform_float_3_3
Parameters: 0.999999 0.00116818 0.000614518 -0.00117114 0.999992 0.00371713 -0.000609755 -0.00371787 0.999992 -0.0698171 0.0513008 -0.276835
FixedParameters: 0 0 0

#Transform 46
Transform: AffineTransform_float_3_3
Parameters: 0.999999 0.000948966 9.26938e-05 -0.000949892 0.999993 0.00371776 -8.87871e-05 -0.00371724 0.999993 -0.0515457 0.0524359 -0.272152
FixedParameters: 0 0 0

#Transform 47
Transform: AffineTransform_float_3_3
Parameters: 0.999999 0.00115683 0.00058801 -0.00115983 0.999992 0.00391517 -0.000582873 -0.00391583 0.999992 -0.0711345 0.0549255 -0.297703
FixedParameters: 0 0 0

#Transform 48
Transform: AffineTransform_float_3_3
Parameters: 1 0.00111541 0.000489354 -0.00111764 0.999992 0.0039153 -0.000484544 -0.0039157 0.999992 -0.0681107 0.0501385 -0.282831
FixedParameters: 0 0 0

#Transform 49
Transform: AffineTransform_float_3_3
Parameters: 0.999999 0.00128221 0.000555977 -0.00128442 0.999991 0.00391514 -0.000551172 -0.00391586 0.999992 -0.0769481 0.0586199 -0.295801
FixedParameters: 0 0 0

#Transform 50
Transform: AffineTransform_float_3_3
Parameters: 0.999999 0.00116458 0.000606451 -0.00116719 0.999992 0.00391514 -0.000602566 -0.00391586 0.999992 -0.0757572 0.0597657 -0.282512
FixedParameters: 0 0 0

#Transform 51
Transform: AffineTransform_float_3_3
Parameters: 0.999999 0.00113247 0.000529866 -0.00113496 0.999992 0.00386525 -0.000525035 -0.00386575 0.999992 -0.068574 0.0670661 -0.282375
FixedParameters: 0 0 0

#Transform 52
Transform: AffineTransform_float_3_3
Parameters: 1 0.00102421 0.0005964 -0.0010261 0.999989 0.00447039 -0.000591949 -0.00447161 0.99999 -0.0692161 0.0719524 -0.304023
FixedParameters: 0 0 0

#Transform 53
Transform: AffineTransform_float_3_3
Parameters: 0.999999 0.000789742 0.00026944 -0.00079039 0.999991 0.00417179 -0.000266782 -0.00417221 0.999992 -0.0528537 0.0725862 -0.25139
FixedParameters: 0 0 0

#Transform 54
Transform: AffineTransform_float_3_3
Parameters: 0.999999 0.00113808 0.000603858 -0.00114119 0.99999 0.00434532 -0.000599198 -0.00434669 0.999991 -0.0846664 0.0768405 -0.252362
FixedParameters: 0 0 0

#Transform 55
Transform: AffineTransform_float_3_3
Parameters: 0.999999 0.00118607 0.00066003 -0.00118931 0.999988 0.00477807 -0.000654315 -0.00477893 0.999988 -0.0742399 0.0936393 -0.250005
FixedParameters: 0 0 0

#Transform 56
Transform: AffineTransform_float_3_3
Parameters: 0.999999 0.00110959 0.000897041 -0.00111434 0.999988 0.00486721 -0.000892242 -0.00486779 0.999988 -0.0786155 0.0870432 -0.27842
FixedParameters: 0 0 0

#Transform 57
Transform: AffineTransform_float_3_3
Parameters: 0.999999 0.000991106 0.000827677 -0.000995498 0.999985 0.00529839 -0.000822257 -0.00529861 0.999986 -0.0739336 0.087455 -0.287534
FixedParameters: 0 0 0

#Transform 58
Transform: AffineTransform_float_3_3
Parameters: 1 0.000722901 0.000919176 -0.000727461 0.999987 0.00506733 -0.000916011 -0.00506866 0.999986 -0.0549267 0.0813546 -0.288302
FixedParameters: 0 0 0

#Transform 59
Transform: AffineTransform_float_3_3
Parameters: 0.999999 0.000922841 0.00109891 -0.000928211 0.999987 0.0050302 -0.00109417 -0.00503081 0.999987 -0.0735461 0.07701 -0.26993
FixedParameters: 0 0 0

#Transform 60
Transform: AffineTransform_float_3_3
Parameters: 1 0.000994455 0.000500949 -0.00099612 0.999986 0.00511335 -0.000495486 -0.00511364 0.999986 -0.075067 0.0792607 -0.283413
FixedParameters: 0 0 0

#Transform 61
Transform: AffineTransform_float_3_3
Parameters: 0.999999 0.000947844 0.00124248 -0.000954342 0.999986 0.00527403 -0.00123741 -0.00527497 0.999985 -0.0759999 0.0800218 -0.28925
FixedParameters: 0 0 0

#Transform 62
Transform: AffineTransform_float_3_3
Parameters: 0.999999 0.000880418 0.0011666 -0.000886915 0.999986 0.00522118 -0.00116195 -0.00522183 0.999986 -0.0631673 0.0915713 -0.275368
FixedParameters: 0 0 0

#Transform 63
Transform: AffineTransform_float_3_3
Parameters: 0.999999 0.00110941 0.00142969 -0.00111765 0.999985 0.00538062 -0.00142398 -0.00538238 0.999984 -0.0856697 0.0906532 -0.291869
FixedParameters: 0 0 0

#Transform 64
Transform: AffineTransform_float_3_3
Parameters: 0.999999 0.000948829 -5.88853e-05 -0.000949244 0.999987 0.00505306 6.34831e-05 -0.00505294 0.999987 -0.0758295 0.0953013 -0.264006
FixedParameters: 0 0 0

#Transform 65
Transform: AffineTransform_float_3_3
Parameters: 0.999999 0.00103334 0.00109857 -0.00103963 0.999983 0.00569622 -0.00109265 -0.00569777 0.999983 -0.0811575 0.111327 -0.297551
FixedParameters: 0 0 0

#Transform 66
Transform: AffineTransform_float_3_3
Parameters: 0.999999 0.000969053 0.000980038 -0.000974345 0.999985 0.00540205 -0.000975034 -0.00540395 0.999985 -0.0706811 0.0938664 -0.27456
FixedParameters: 0 0 0

#Transform 67
Transform: AffineTransform_float_3_3
Parameters: 0.999998 0.00125827 0.00157377 -0.00126823 0.999981 0.00602358 -0.00156561 -0.00602541 0.999981 -0.0930768 0.115579 -0.319068
FixedParameters: 0 0 0

#Transform 68
Transform: AffineTransform_float_3_3
Parameters: 0.999998 0.00112945 0.0011528 -0.00113616 0.999982 0.0058419 -0.00114676 -0.00584309 0.999982 -0.083714 0.105501 -0.299864
FixedParameters: 0 0 0

#Transform 69
Transform: AffineTransform_float_3_3
Parameters: 0.999998 0.00125906 0.00153323 -0.00126706 0.999982 0.00584164 -0.00152593 -0.00584337 0.999982 -0.09461 0.0997848 -0.318856
FixedParameters: 0 0 0

#Transform 70
Transform: AffineTransform_float_3_3
Parameters: 0.999999 0.000850766 0.00115876 -0.000858454 0.999981 0.00617222 -0.00115318 -0.00617278 0.99998 -0.0734992 0.107348 -0.312757
FixedParameters: 0 0 0

#Transform 71
Transform: AffineTransform_float_3_3
Parameters: 0.999998 0.0009368 0.00162882 -0.000946427 0.999982 0.00595367 -0.00162283 -0.00595532 0.99998 -0.0802961 0.112974 -0.310289
FixedParameters: 0 0 0

#Transform 72
Transform: AffineTransform_float_3_3
Parameters: 0.999999 0.000907605 0.00127913 -0.000915676 0.999981 0.00610105 -0.00127336 -0.00610196 0.999981 -0.0761526 0.0995409 -0.309919
FixedParameters: 0 0 0

#Transform 73
Transform: AffineTransform_float_3_3
Parameters: 0.999998 0.00096813 0.00160177 -0.000978576 0.99998 0.00631301 -0.00159469 -0.00631399 0.999979 -0.0859842 0.106337 -0.322779
FixedParameters: 0 0 0

#Transform 74
Transform: AffineTransform_float_3_3
Parameters: 0.999999 0.000624734 0.00143077 -0.000633788 0.999979 0.00638982 -0.00142664 -0.00639018 0.999979 -0.0667733 0.105584 -0.325531
FixedParameters: 0 0 0

#Transform 75
Transform: AffineTransform_float_3_3
Parameters: 0.999998 0.00066907 0.00153797 -0.000679179 0.999978 0.00658733 -0.00153338 -0.00658868 0.999977 -0.0623048 0.103292 -0.331808
FixedParameters: 0 0 0

#Transform 76
Transform: AffineTransform_float_3_3
Parameters: 0.999999 0.000565512 0.0012897 -0.000574364 0.999978 0.00665362 -0.00128564 -0.00665437 0.999977 -0.0538385 0.117743 -0.336653
FixedParameters: 0 0 0

#Transform 77
Transform: AffineTransform_float_3_3
Parameters: 0.999998 0.000531977 0.00151165 -0.000542152 0.999976 0.00685291 -0.00150767 -0.00685309 0.999975 -0.0592342 0.109417 -0.363864
FixedParameters: 0 0 0

#Transform 78
Transform: AffineTransform_float_3_3
Parameters: 0.999999 0.000773172 0.00131163 -0.000782543 0.999974 0.00714735 -0.00130665 -0.00714866 0.999974 -0.0625898 0.113489 -0.36186
FixedParameters: 0 0 0

#Transform 79
Transform: AffineTransform_float_3_3
Parameters: 0.999999 0.000706187 0.00162977 -0.000717985 0.999974 0.0071792 -0.00162554 -0.0071808 0.999973 -0.061102 0.113235 -0.362984
FixedParameters: 0 0 0

#Transform 80
Transform: AffineTransform_float_3_3
Parameters: 0.999999 0.000571136 0.0013058 -0.000581104 0.999973 0.00735361 -0.00130123 -0.00735439 0.999972 -0.054371 0.112689 -0.368277
FixedParameters: 0 0 0

#Transform 81
Transform: AffineTransform_float_3_3
Parameters: 0.999998 0.000681972 0.00157161 -0.000693488 0.999974 0.00718928 -0.00156641 -0.00719072 0.999973 -0.0643507 0.114934 -0.359141
FixedParameters: 0 0 0

#Transform 82
Transform: AffineTransform_float_3_3
Parameters: 0.999999 0.000706121 0.0016298 -0.000718052 0.999974 0.00722056 -0.00162552 -0.00722144 0.999973 -0.0747527 0.118555 -0.351557
FixedParameters: 0 0 0

#Transform 83
Transform: AffineTransform_float_3_3
Parameters: 0.999998 0.000672673 0.0015484 -0.00068365 0.999975 0.00699367 -0.00154452 -0.00699433 0.999974 -0.0600598 0.111415 -0.356811
FixedParameters: 0 0 0

#Transform 84
Transform: AffineTransform_float_3_3
Parameters: 0.999998 0.000759754 0.00176021 -0.000773284 0.999971 0.00751637 -0.00175416 -0.00751762 0.99997 -0.0786575 0.11717 -0.361742
FixedParameters: 0 0 0

#Transform 85
Transform: AffineTransform_float_3_3
Parameters: 0.999998 0.000643098 0.00147839 -0.000653437 0.999973 0.00724376 -0.00147369 -0.00724424 0.999973 -0.0652805 0.118764 -0.351769
FixedParameters: 0 0 0

#Transform 86
Transform: AffineTransform_float_3_3
Parameters: 0.999999 0.00071939 0.00166219 -0.000731734 0.999973 0.00732415 -0.00165664 -0.00732584 0.999971 -0.0827015 0.116089 -0.359723
FixedParameters: 0 0 0

#Transform 87
Transform: AffineTransform_float_3_3
Parameters: 0.999998 0.000454351 0.00154178 -0.000465413 0.999975 0.00700416 -0.00153872 -0.00700483 0.999975 -0.0554634 0.116961 -0.335813
FixedParameters: 0 0 0

#Transform 88
Transform: AffineTransform_float_3_3
Parameters: 0.999999 0.00040197 0.00181584 -0.000415971 0.999973 0.00737098 -0.00181304 -0.00737102 0.999971 -0.0623367 0.117936 -0.309166
FixedParameters: 0 0 0

#Transform 89
Transform: AffineTransform_float_3_3
Parameters: 0.999999 0.000287441 0.00135772 -0.000297186 0.999973 0.00727196 -0.00135554 -0.00727203 0.999972 -0.0485549 0.127099 -0.290551
FixedParameters: 0 0 0

#Transform 90
Transform: AffineTransform_float_3_3
Parameters: 0.999998 0.000274665 0.0017008 -0.000287364 0.999971 0.00759988 -0.00169885 -0.00760012 0.999969 -0.05741 0.120539 -0.312867
FixedParameters: 0 0 0

#Transform 91
Transform: AffineTransform_float_3_3
Parameters: 0.999998 0.000607437 0.00149756 -0.000618187 0.999973 0.00742045 -0.00149223 -0.00742156 0.999972 -0.0584718 0.107982 -0.338295
FixedParameters: 0 0 0

#Transform 92
Transform: AffineTransform_float_3_3
Parameters: 0.999998 0.000842843 0.00168677 -0.000855765 0.999967 0.0080953 -0.00168019 -0.00809672 0.999966 -0.0868542 0.113143 -0.342758
FixedParameters: 0 0 0

#Transform 93
Transform: AffineTransform_float_3_3
Parameters: 0.999999 0.000788366 0.00164763 -0.000801261 0.99997 0.00771805 -0.00164175 -0.00771995 0.999969 -0.0778575 0.118173 -0.322127
FixedParameters: 0 0 0

#Transform 94
Transform: AffineTransform_float_3_3
Parameters: 0.999999 0.00099561 0.00157794 -0.00100839 0.999966 0.00819763 -0.00156922 -0.00819937 0.999965 -0.10087 0.124334 -0.319609
FixedParameters: 0 0 0

#Transform 95
Transform: AffineTransform_float_3_3
Parameters: 0.999999 0.000711429 0.00170124 -0.000724983 0.999967 0.0080545 -0.00169553 -0.0080555 0.999966 -0.0759537 0.123852 -0.317098
FixedParameters: 0 0 0

#Transform 96
Transform: AffineTransform_float_3_3
Parameters: 0.999997 0.00077446 0.00201829 -0.000791853 0.999966 0.00819714 -0.00201209 -0.00819886 0.999964 -0.0724022 0.10396 -0.324068
FixedParameters: 0 0 0

#Transform 97
Transform: AffineTransform_float_3_3
Parameters: 0.999999 0.00010224 0.000964402 -0.000109699 0.999965 0.00829926 -0.000963007 -0.00829874 0.999965 -0.0244864 0.103337 -0.292182
FixedParameters: 0 0 0

#Transform 98
Transform: AffineTransform_float_3_3
Parameters: 0.999999 0.000161887 0.00143317 -0.000174041 0.999963 0.00864476 -0.00143128 -0.00864524 0.999961 -0.0457674 0.119289 -0.333246
FixedParameters: 0 0 0

#Transform 99
Transform: AffineTransform_float_3_3
Parameters: 0.999999 0.00039933 0.00125372 -0.000409772 0.999969 0.00784286 -0.00125128 -0.00784315 0.999969 -0.0420693 0.119304 -0.321956
FixedParameters: 0 0 0

#Transform 100
Transform: AffineTransform_float_3_3
Parameters: 0.999999 0.000412626 0.00171799 -0.000427398 0.999965 0.008285 -0.00171466 -0.008285 0.999964 -0.0577222 0.124968 -0.319188
FixedParameters: 0 0 0

#Transform 101
Transform: AffineTransform_float_3_3
Parameters: 0.999998 0.000585721 0.0015163 -0.000597631 0.999966 0.00818782 -0.00151208 -0.00818817 0.999965 -0.058487 0.122439 -0.323365
FixedParameters: 0 0 0

#Transform 102
Transform: AffineTransform_float_3_3
Parameters: 0.999998 0.000439999 0.00184599 -0.000457174 0.999958 0.00921853 -0.0018416 -0.00921947 0.999955 -0.0708352 0.142818 -0.331787
FixedParameters: 0 0 0

#Transform 103
Transform: AffineTransform_float_3_3
Parameters: 1 3.80798e-05 0.00113291 -4.70336e-05 0.999967 0.00812531 -0.00113297 -0.00812469 0.999967 -0.0334041 0.118074 -0.335204
FixedParameters: 0 0 0

#Transform 104
Transform: AffineTransform_float_3_3
Parameters: 0.999999 0.000131209 0.00135831 -0.000142341 0.999964 0.00840532 -0.00135663 -0.00840567 0.999964 -0.0382039 0.111912 -0.354696
FixedParameters: 0 0 0

#Transform 105
Transform: AffineTransform_float_3_3
Parameters: 1 8.18021e-06 0.00105993 -1.6117e-05 0.99997 0.00777035 -0.00106011 -0.00776965 0.999969 -0.0235704 0.116699 -0.319058
FixedParameters: 0 0 0

#Transform 106
Transform: AffineTransform_float_3_3
Parameters: 1 0.000261598 0.00101957 -0.000269701 0.999966 0.00823473 -0.00101779 -0.00823527 0.999965 -0.0382792 0.105433 -0.342664
FixedParameters: 0 0 0

#Transform 107
Transform: AffineTransform_float_3_3
Parameters: 1 0.000191139 0.00106834 -0.000199189 0.999968 0.00801615 -0.00106689 -0.00801585 0.999967 -0.0318652 0.115526 -0.348565
FixedParameters: 0 0 0

#Transform 108
Transform: AffineTransform_float_3_3
Parameters: 1 2.29011e-05 0.00109596 -3.0954e-05 0.999968 0.00798697 -0.00109628 -0.00798703 0.999967 -0.0313829 0.104642 -0.357745
FixedParameters: 0 0 0

#Transform 109
Transform: AffineTransform_float_3_3
Parameters: 0.999999 -2.26454e-05 0.000985134 1.54366e-05 0.999972 0.00752338 -0.000985394 -0.00752262 0.999971 -0.0244341 0.123899 -0.338676
FixedParameters: 0 0 0

#Transform 110
Transform: AffineTransform_float_3_3
Parameters: 0.999999 -2.36004e-05 0.000982369 1.68272e-05 0.999973 0.00732217 -0.000982638 -0.00732283 0.999973 -0.0244683 0.0838886 -0.380489
FixedParameters: 0 0 0

#Transform 111
Transform: AffineTransform_float_3_3
Parameters: 0.999999 -0.000295958 0.00137807 0.000288989 0.999987 0.00509692 -0.00137972 -0.00509608 0.999986 -0.0344557 0.0305939 -0.52842
FixedParameters: 0 0 0

#Transform 112
Transform: AffineTransform_float_3_3
Parameters: 1 -0.000241812 0.00114446 0.000235157 0.999982 0.00599927 -0.00114599 -0.00599872 0.999981 -0.0211549 0.0763425 -0.452377
FixedParameters: 0 0 0

#Transform 113
Transform: AffineTransform_float_3_3
Parameters: 0.999999 -7.80612e-05 0.00133944 6.96238e-05 0.999982 0.00599061 -0.00134029 -0.00599039 0.999982 -0.0360124 0.0682739 -0.47083
FixedParameters: 0 0 0

#Transform 114
Transform: AffineTransform_float_3_3
Parameters: 1 -0.000130617 0.000665706 0.000126243 0.999983 0.00594209 -0.000666564 -0.00594192 0.999982 -0.00649694 0.0657349 -0.482981
FixedParameters: 0 0 0

#Transform 115
Transform: AffineTransform_float_3_3
Parameters: 0.999999 -5.643e-05 0.000901175 5.05316e-05 0.999981 0.00625705 -0.000901957 -0.00625695 0.99998 -0.0202297 0.052119 -0.514963
FixedParameters: 0 0 0

#Transform 116
Transform: AffineTransform_float_3_3
Parameters: 0.999999 -0.000184154 0.000745403 0.000179882 0.999982 0.00611714 -0.000746431 -0.00611687 0.999981 -0.00749027 0.0656308 -0.494591
FixedParameters: 0 0 0

#Transform 117
Transform: AffineTransform_float_3_3
Parameters: 0.999999 -0.000275165 0.000795153 0.000270291 0.99998 0.00635721 -0.000796501 -0.00635678 0.999979 -0.00788646 0.0570291 -0.505821
FixedParameters: 0 0 0

#Transform 118
Transform: AffineTransform_float_3_3
Parameters: 0.999999 -0.000689289 0.00052692 0.00068549 0.99998 0.00630536 -0.000531376 -0.00630464 0.99998 0.019569 0.0823366 -0.491155
FixedParameters: 0 0 0

#Transform 119
Transform: AffineTransform_float_3_3
Parameters: 0.999999 -0.000643815 0.000636415 0.000638888 0.999977 0.00682605 -0.00064135 -0.00682595 0.999976 0.015712 0.0631145 -0.548245
FixedParameters: 0 0 0

#Transform 120
Transform: AffineTransform_float_3_3
Parameters: 0.999999 -0.00108276 0.000729439 0.00107734 0.999976 0.00672794 -0.000736077 -0.00672705 0.999978 0.0356013 0.0772923 -0.503575
FixedParameters: 0 0 0

#Transform 121
Transform: AffineTransform_float_3_3
Parameters: 0.999999 -0.00103959 0.000991865 0.00103317 0.999976 0.00683882 -0.000999318 -0.00683817 0.999976 0.028675 0.0713534 -0.504771
FixedParameters: 0 0 0

#Transform 122
Transform: AffineTransform_float_3_3
Parameters: 0.999999 -0.00127952 0.000707076 0.00127448 0.999975 0.00693655 -0.000715977 -0.00693545 0.999976 0.04396 0.0859424 -0.478573
FixedParameters: 0 0 0

#Transform 123
Transform: AffineTransform_float_3_3
Parameters: 0.999999 -0.00126726 0.000890177 0.0012607 0.999973 0.00710292 -0.000898788 -0.00710207 0.999974 0.0385341 0.0751659 -0.515707
FixedParameters: 0 0 0

#Transform 124
Transform: AffineTransform_float_3_3
Parameters: 0.999999 -0.00158531 0.000854681 0.00157965 0.999974 0.00707964 -0.000866821 -0.00707836 0.999974 0.0616573 0.0668542 -0.513324
FixedParameters: 0 0 0

#Transform 125
Transform: AffineTransform_float_3_3
Parameters: 0.999999 -0.00149984 0.000950888 0.00149377 0.999973 0.00727471 -0.000961869 -0.00727328 0.999972 0.0579065 0.0809656 -0.526701
FixedParameters: 0 0 0

#Transform 126
Transform: AffineTransform_float_3_3
Parameters: 0.999997 -0.00208686 0.000818052 0.00208012 0.999971 0.007311 -0.000833395 -0.007309 0.999973 0.0860848 0.0652699 -0.521018
FixedParameters: 0 0 0

#Transform 127
Transform: AffineTransform_float_3_3
Parameters: 0.999998 -0.00203302 0.00113769 0.00202457 0.999971 0.00739624 -0.00115282 -0.00739375 0.999971 0.0811179 0.0552968 -0.548927
FixedParameters: 0 0 0

#Transform 128
Transform: AffineTransform_float_3_3
Parameters: 0.999996 -0.00266719 0.000951158 0.00265978 0.999967 0.00764412 -0.000972151 -0.00764187 0.99997 0.109472 0.075993 -0.503735
FixedParameters: 0 0 0

#Transform 129
Transform: AffineTransform_float_3_3
Parameters: 0.999995 -0.0026105 0.00142627 0.0026004 0.999968 0.00747445 -0.00144613 -0.00747054 0.999971 0.104787 0.073168 -0.512899
FixedParameters: 0 0 0

#Transform 130
Transform: AffineTransform_float_3_3
Parameters: 0.999996 -0.00264092 0.00114472 0.00263172 0.999967 0.00770461 -0.00116508 -0.0077014 0.99997 0.111831 0.0722319 -0.52679
FixedParameters: 0 0 0

#Transform 131
Transform: AffineTransform_float_3_3
Parameters: 0.999995 -0.00259937 0.00132318 0.00258889 0.999963 0.00813717 -0.00134408 -0.00813382 0.999966 0.113777 0.0837761 -0.55224
FixedParameters: 0 0 0

#Transform 132
Transform: AffineTransform_float_3_3
Parameters: 0.999995 -0.00273282 0.00120505 0.00272354 0.999965 0.00788667 -0.00122729 -0.00788433 0.999968 0.122105 0.068516 -0.557638
FixedParameters: 0 0 0

#Transform 133
Transform: AffineTransform_float_3_3
Parameters: 0.999996 -0.00283616 0.00119346 0.00282668 0.999964 0.00799362 -0.00121571 -0.00799039 0.999967 0.131453 0.0693582 -0.581534
FixedParameters: 0 0 0

#Transform 134
Transform: AffineTransform_float_3_3
Parameters: 0.999994 -0.00305328 0.00123903 0.0030428 0.999963 0.00803866 -0.00126278 -0.00803535 0.999967 0.138477 0.0744949 -0.570252
FixedParameters: 0 0 0

#Transform 135
Transform: AffineTransform_float_3_3
Parameters: 0.999995 -0.00295085 0.00148597 0.00293764 0.999961 0.00823876 -0.00151001 -0.00823423 0.999965 0.130487 0.0759402 -0.566503
FixedParameters: 0 0 0

#Transform 136
Transform: AffineTransform_float_3_3
Parameters: 0.999994 -0.00296796 0.0014448 0.00295531 0.999961 0.00841416 -0.00146925 -0.00840984 0.999963 0.135614 0.0802518 -0.565989
FixedParameters: 0 0 0

#Transform 137
Transform: AffineTransform_float_3_3
Parameters: 0.999994 -0.00295265 0.00148189 0.00293896 0.999958 0.00868176 -0.00150672 -0.00867725 0.999962 0.129235 0.0928798 -0.593581
FixedParameters: 0 0 0

#Transform 138
Transform: AffineTransform_float_3_3
Parameters: 0.999994 -0.00316441 0.00127386 0.00315305 0.99996 0.00845791 -0.00130019 -0.0084541 0.999964 0.134537 0.0970591 -0.560472
FixedParameters: 0 0 0

#Transform 139
Transform: AffineTransform_float_3_3
Parameters: 0.999994 -0.00295786 0.0014691 0.00294508 0.999961 0.00832173 -0.00149282 -0.00831728 0.999965 0.135817 0.104274 -0.559684
FixedParameters: 0 0 0

#Transform 140
Transform: AffineTransform_float_3_3
Parameters: 0.999993 -0.00350139 0.00135918 0.00348922 0.999956 0.00878414 -0.0013898 -0.00877887 0.999961 0.157113 0.101297 -0.576684
FixedParameters: 0 0 0

#Transform 141
Transform: AffineTransform_float_3_3
Parameters: 0.999994 -0.00320143 0.00134124 0.0031895 0.999957 0.00872617 -0.00136938 -0.00872182 0.999961 0.147133 0.0946281 -0.591182
FixedParameters: 0 0 0

#Transform 142
Transform: AffineTransform_float_3_3
Parameters: 0.999992 -0.00378324 0.00147308 0.00377016 0.999953 0.00893575 -0.00150611 -0.00893025 0.999959 0.173046 0.0886891 -0.554068
FixedParameters: 0 0 0

#Transform 143
Transform: AffineTransform_float_3_3
Parameters: 0.999991 -0.00381979 0.0014503 0.00380777 0.999957 0.00845356 -0.00148215 -0.00844744 0.999963 0.188386 0.112099 -0.543646
FixedParameters: 0 0 0

#Transform 144
Transform: AffineTransform_float_3_3
Parameters: 0.999991 -0.00403319 0.00165887 0.0040176 0.999952 0.00892151 -0.00169438 -0.00891449 0.999959 0.17411 0.117086 -0.54232
FixedParameters: 0 0 0

#Transform 145
Transform: AffineTransform_float_3_3
Parameters: 0.999991 -0.00400811 0.00150785 0.0039946 0.999957 0.00844272 -0.00154147 -0.00843629 0.999963 0.191228 0.113063 -0.540399
FixedParameters: 0 0 0

#Transform 146
Transform: AffineTransform_float_3_3
Parameters: 0.999991 -0.00392696 0.00163312 0.00391263 0.999954 0.00872423 -0.00166743 -0.00871777 0.999961 0.183482 0.0850235 -0.54356
FixedParameters: 0 0 0

#Transform 147
Transform: AffineTransform_float_3_3
Parameters: 0.999988 -0.00441245 0.00176242 0.00439787 0.999955 0.00837373 -0.00180026 -0.00836526 0.999963 0.209515 0.0830386 -0.500756
FixedParameters: 0 0 0

#Transform 148
Transform: AffineTransform_float_3_3
Parameters: 0.999988 -0.00437156 0.00186368 0.00435544 0.999954 0.00854326 -0.00190046 -0.00853475 0.999962 0.195602 0.0907901 -0.48703
FixedParameters: 0 0 0

#Transform 149
Transform: AffineTransform_float_3_3
Parameters: 0.999988 -0.0047737 0.00157021 0.00476104 0.999956 0.0081586 -0.00160905 -0.0081514 0.999965 0.215062 0.113428 -0.404
FixedParameters: 0 0 0

#Transform 150
Transform: AffineTransform_float_3_3
Parameters: 0.999987 -0.00457014 0.00192782 0.00455267 0.99995 0.00890057 -0.00196848 -0.00889143 0.999959 0.209725 0.0875582 -0.489932
FixedParameters: 0 0 0

#Transform 151
Transform: AffineTransform_float_3_3
Parameters: 0.999987 -0.00482604 0.00162881 0.00481166 0.99995 0.00873397 -0.00167128 -0.00872603 0.99996 0.217848 0.0828153 -0.485971
FixedParameters: 0 0 0

#Transform 152
Transform: AffineTransform_float_3_3
Parameters: 0.999987 -0.00453948 0.00232066 0.00451934 0.999951 0.00876622 -0.00236109 -0.00875576 0.999958 0.224867 0.100472 -0.49259
FixedParameters: 0 0 0

#Transform 153
Transform: AffineTransform_float_3_3
Parameters: 0.999985 -0.00502678 0.0020614 0.00500865 0.999948 0.00894806 -0.00210605 -0.00893794 0.999958 0.22438 0.104694 -0.482249
FixedParameters: 0 0 0

#Transform 154
Transform: AffineTransform_float_3_3
Parameters: 0.999987 -0.00468076 0.00197961 0.00466237 0.999947 0.00918967 -0.00202216 -0.00918033 0.999956 0.21542 0.103141 -0.507519
FixedParameters: 0 0 0

#Transform 155
Transform: AffineTransform_float_3_3
Parameters: 0.999985 -0.00513496 0.00194633 0.00511751 0.999944 0.00925855 -0.00199387 -0.00924845 0.999955 0.242752 0.118507 -0.38082
FixedParameters: 0 0 0

#Transform 156
Transform: AffineTransform_float_3_3
Parameters: 0.999985 -0.00508027 0.0020786 0.00506255 0.99995 0.00868826 -0.00212249 -0.00867775 0.99996 0.239241 0.111497 -0.312943
FixedParameters: 0 0 0

#Transform 157
Transform: AffineTransform_float_3_3
Parameters: 0.999985 -0.0050746 0.0020923 0.00505611 0.999948 0.00890232 -0.00213733 -0.00889169 0.999959 0.244265 0.123833 -0.358872
FixedParameters: 0 0 0

#Transform 158
Transform: AffineTransform_float_3_3
Parameters: 0.999986 -0.00494046 0.00181249 0.0049245 0.99995 0.0087517 -0.00185566 -0.00874229 0.99996 0.217442 0.0997667 -0.38695
FixedParameters: 0 0 0

#Transform 159
Transform: AffineTransform_float_3_3
Parameters: 0.999988 -0.00449625 0.00196778 0.00447832 0.999949 0.00906776 -0.00200901 -0.00905924 0.999957 0.199833 0.102709 -0.352321
FixedParameters: 0 0 0

#Transform 160
Transform: AffineTransform_float_3_3
Parameters: 0.99999 -0.00402825 0.00164465 0.00401402 0.999954 0.00875009 -0.00168002 -0.00874391 0.99996 0.176914 0.111307 -0.361872
FixedParameters: 0 0 0

#Transform 161
Transform: AffineTransform_float_3_3
Parameters: 0.99999 -0.00417194 0.00188864 0.0041537 0.999946 0.00952914 -0.00192784 -0.00952186 0.999953 0.175189 0.11737 -0.365697
FixedParameters: 0 0 0

#Transform 162
Transform: AffineTransform_float_3_3
Parameters: 0.999991 -0.00400927 0.00154674 0.00399569 0.999954 0.00879488 -0.00158175 -0.00878813 0.99996 0.173768 0.107659 -0.36
FixedParameters: 0 0 0

#Transform 163
Transform: AffineTransform_float_3_3
Parameters: 0.999993 -0.00356715 0.00156904 0.00355243 0.99995 0.00936812 -0.00160296 -0.00936187 0.999955 0.139302 0.107635 -0.385779
FixedParameters: 0 0 0

#Transform 164
Transform: AffineTransform_float_3_3
Parameters: 0.999992 -0.00369847 0.00153407 0.00368387 0.999948 0.00949185 -0.00156914 -0.00948615 0.999954 0.153316 0.111596 -0.379427
FixedParameters: 0 0 0

#Transform 165
Transform: AffineTransform_float_3_3
Parameters: 0.999991 -0.00385588 0.00180764 0.00383931 0.99995 0.00932543 -0.00184334 -0.00931857 0.999954 0.171237 0.108855 -0.392195
FixedParameters: 0 0 0

#Transform 166
Transform: AffineTransform_float_3_3
Parameters: 0.999991 -0.00383291 0.00135533 0.00381987 0.999946 0.00962222 -0.00139227 -0.00961676 0.999952 0.157922 0.120569 -0.357508
FixedParameters: 0 0 0

#Transform 167
Transform: AffineTransform_float_3_3
Parameters: 0.999991 -0.00396931 0.00153334 0.00395521 0.999949 0.00928676 -0.00156969 -0.00928024 0.999955 0.17105 0.108927 -0.371763
FixedParameters: 0 0 0

#Transform 168
Transform: AffineTransform_float_3_3
Parameters: 0.999991 -0.00380433 0.00193248 0.00378589 0.999948 0.00954733 -0.00196835 -0.00953969 0.999953 0.158931 0.106015 -0.356184
FixedParameters: 0 0 0

#Transform 169
Transform: AffineTransform_float_3_3
Parameters: 0.999992 -0.00370832 0.00159659 0.00369297 0.999951 0.0092381 -0.00163089 -0.00923191 0.999956 0.16973 0.121243 -0.353148
FixedParameters: 0 0 0

#Transform 170
Transform: AffineTransform_float_3_3
Parameters: 0.999991 -0.00366632 0.00184732 0.00364834 0.99995 0.00930073 -0.00188113 -0.00929427 0.999955 0.151439 0.108985 -0.347043
FixedParameters: 0 0 0

#Transform 171
Transform: AffineTransform_float_3_3
Parameters: 0.999992 -0.00368621 0.0014878 0.00367152 0.999948 0.00951066 -0.00152239 -0.00950534 0.999954 0.15269 0.121159 -0.346766
FixedParameters: 0 0 0

#Transform 172
Transform: AffineTransform_float_3_3
Parameters: 0.999991 -0.00368662 0.0017512 0.00366899 0.999949 0.00944478 -0.00178606 -0.00943822 0.999954 0.155957 0.117065 -0.370989
FixedParameters: 0 0 0

#Transform 173
Transform: AffineTransform_float_3_3
Parameters: 0.999991 -0.00391792 0.00196673 0.00389892 0.999945 0.00971447 -0.00200423 -0.00970753 0.999951 0.149843 0.122056 -0.337084
FixedParameters: 0 0 0

#Transform 174
Transform: AffineTransform_float_3_3
Parameters: 0.999991 -0.0040331 0.00170359 0.0040163 0.999947 0.00952633 -0.00174251 -0.00951966 0.999953 0.167081 0.120148 -0.344952
FixedParameters: 0 0 0

#Transform 175
Transform: AffineTransform_float_3_3
Parameters: 0.99999 -0.00390326 0.00216748 0.00388174 0.999944 0.00990822 -0.00220604 -0.00989978 0.999948 0.141138 0.121746 -0.348018
FixedParameters: 0 0 0

#Transform 176
Transform: AffineTransform_float_3_3
Parameters: 0.999991 -0.0039373 0.00189605 0.00391909 0.999948 0.00942207 -0.00193309 -0.00941492 0.999954 0.159247 0.123883 -0.347805
FixedParameters: 0 0 0

#Transform 177
Transform: AffineTransform_float_3_3
Parameters: 0.999992 -0.00359302 0.00205125 0.00357323 0.999947 0.00967684 -0.0020857 -0.00966916 0.999951 0.124796 0.113274 -0.34643
FixedParameters: 0 0 0

#Transform 178
Transform: AffineTransform_float_3_3
Parameters: 0.99999 -0.004045 0.00219277 0.00402446 0.99995 0.00918942 -0.0022298 -0.00918158 0.999955 0.178109 0.109347 -0.308602
FixedParameters: 0 0 0

#Transform 179
Transform: AffineTransform_float_3_3
Parameters: 0.999987 -0.0042814 0.002537 0.00425765 0.999948 0.00924606 -0.00257591 -0.00923494 0.999954 0.165264 0.11914 -0.311286
FixedParameters: 0 0 0
