#Insight Transform File V1.0
#Transform 0
Transform: AffineTransform_float_3_3
Parameters: 1 0.000149184 0.000351665 -0.000149335 1 0.000213947 -0.000351601 -0.000214052 1 0.085642 -0.101682 -0.336844
FixedParameters: 0 0 0

#Transform 1
Transform: AffineTransform_float_3_3
Parameters: 1 0.000352138 8.05723e-06 -0.000352138 1 2.49972e-05 -8.03962e-06 -2.50029e-05 1 0.0040639 0.00861733 -0.00555281
FixedParameters: 0 0 0

#Transform 2
Transform: AffineTransform_float_3_3
Parameters: 1 9.43607e-05 -0.00018457 -9.44253e-05 1 -0.000174983 0.000184537 0.000175017 1 0.0138509 0.046806 -0.023731
FixedParameters: 0 0 0

#Transform 3
Transform: AffineTransform_float_3_3
Parameters: 1 0.000222238 -0.00013673 -0.000222265 1 -9.79696e-05 0.000136687 9.80303e-05 1 0.0174832 0.0468174 -0.0165607
FixedParameters: 0 0 0

#Transform 4
Transform: AffineTransform_float_3_3
Parameters: 1 5.32451e-05 -9.97495e-05 -5.328e-05 1 -0.000174995 9.97309e-05 0.000175005 1 0.00612654 0.0372368 -0.0155409
FixedParameters: 0 0 0

#Transform 5
Transform: AffineTransform_float_3_3
Parameters: 1 0.000132105 -0.000481988 -0.000132274 1 -0.000174936 0.000481941 0.000175064 1 0.0279446 0.0333818 -0.0240684
FixedParameters: 0 0 0

#Transform 6
Transform: AffineTransform_float_3_3
Parameters: 1 0.000185128 -0.000211236 -0.000185309 1 -0.000429961 0.000211077 0.000430039 1 0.0152353 0.0536402 -0.0397719
FixedParameters: 0 0 0

#Transform 7
Transform: AffineTransform_float_3_3
Parameters: 1 0.00018559 -0.000355923 -0.000185459 1 -0.000364934 0.000356708 0.000365066 1 0.0188199 0.0578614 -0.0408284
FixedParameters: 0 0 0

#Transform 8
Transform: AffineTransform_float_3_3
Parameters: 1 3.98453e-05 -0.000442918 -4.04335e-05 1 -0.000663982 0.000442865 0.000664017 0.999999 0.017649 0.0501952 -0.0396801
FixedParameters: 0 0 0

#Transform 9
Transform: AffineTransform_float_3_3
Parameters: 1 0.000131569 -0.000482134 -0.00013189 0.999999 -0.00128794 0.000481404 0.00128806 0.999999 0.0228291 0.0620861 -0.0878402
FixedParameters: 0 0 0

#Transform 10
Transform: AffineTransform_float_3_3
Parameters: 1 0.000131893 -0.000482046 -0.000132486 1 -0.000614936 0.000481883 0.000615063 0.999999 0.012824 0.0516186 -0.0510613
FixedParameters: 0 0 0

#Transform 11
Transform: AffineTransform_float_3_3
Parameters: 1 0.000179403 -0.000370615 -0.000179533 1 -0.000174933 0.000370552 0.000175066 1 0.0192688 0.0508107 -0.0325307
FixedParameters: 0 0 0

#Transform 12
Transform: AffineTransform_float_3_3
Parameters: 1 0.000196271 -0.000330313 -0.00019705 1 -0.00117894 0.000329849 0.00117907 1 0.043814 0.0701318 -0.0728595
FixedParameters: 0 0 0

#Transform 13
Transform: AffineTransform_float_3_3
Parameters: 1 0.000131965 -0.000482026 -0.000132414 1 -0.000465936 0.000481903 0.000466063 1 0.0397452 0.0698653 -0.0421802
FixedParameters: 0 0 0

#Transform 14
Transform: AffineTransform_float_3_3
Parameters: 0.999999 5.5831e-06 -0.00077929 -6.3842e-06 1 -0.000513995 0.000779284 0.000514004 0.999999 0.0492857 0.0539521 -0.0395229
FixedParameters: 0 0 0

#Transform 15
Transform: AffineTransform_float_3_3
Parameters: 1 0.000339315 -0.000569872 -0.000339292 1 2.01934e-05 0.000569886 -1.98067e-05 1 0.0304554 0.0363452 -0.0212528
FixedParameters: 0 0 0

#Transform 16
Transform: AffineTransform_float_3_3
Parameters: 0.999999 0.000446919 -0.000615655 -0.000447085 1 -0.000134725 0.000615534 0.000135275 1 0.0372614 0.0519644 -0.0314736
FixedParameters: 0 0 0

#Transform 17
Transform: AffineTransform_float_3_3
Parameters: 1 0.00013215 -0.000481975 -0.000132229 1 -8.19362e-05 0.000481954 8.20636e-05 1 0.020536 0.047484 -0.0292119
FixedParameters: 0 0 0

#Transform 18
Transform: AffineTransform_float_3_3
Parameters: 1 0.000277576 -0.000543727 -0.000277683 1 -9.88489e-05 0.000543672 9.91508e-05 1 0.0194784 0.0380031 -0.025323
FixedParameters: 0 0 0

#Transform 19
Transform: AffineTransform_float_3_3
Parameters: 1 0.000132029 -0.000482009 -0.000132351 1 -0.000333936 0.00048192 0.000334064 1 0.0244934 0.061048 -0.0368974
FixedParameters: 0 0 0

#Transform 20
Transform: AffineTransform_float_3_3
Parameters: 1 0.000217976 -0.00027959 -0.000218325 1 -0.000623939 0.000279317 0.000624061 1 0.0167838 0.0685557 -0.0555347
FixedParameters: 0 0 0

#Transform 21
Transform: AffineTransform_float_3_3
Parameters: 1 0.000220404 -0.000274004 -0.000220587 1 -0.000333939 0.000273857 0.00033406 1 0.0121026 0.0651704 -0.0388993
FixedParameters: 0 0 0

#Transform 22
Transform: AffineTransform_float_3_3
Parameters: 1 0.000338021 -0.000234961 -0.000338263 1 -0.00051492 0.000234613 0.000515079 1 0.0132526 0.0666119 -0.0409449
FixedParameters: 0 0 0

#Transform 23
Transform: AffineTransform_float_3_3
Parameters: 1 0.000142283 -0.000599773 -0.000143001 0.999999 -0.00136676 0.000598993 0.00136624 0.999999 0.0337764 0.0777526 -0.0913564
FixedParameters: 0 0 0

#Transform 24
Transform: AffineTransform_float_3_3
Parameters: 1 0.00030127 -0.00035434 -0.000300735 1 -0.00109589 0.00035421 0.00109611 1 0.0173908 0.0788923 -0.070684
FixedParameters: 0 0 0

#Transform 25
Transform: AffineTransform_float_3_3
Parameters: 1 0.00017877 -0.000371652 -0.000178996 0.999999 -0.000828933 0.000372276 0.000829066 0.999999 0.0166252 0.0700588 -0.056333
FixedParameters: 0 0 0

#Transform 26
Transform: AffineTransform_float_3_3
Parameters: 1 0.000131459 -0.000482165 -0.000132 0.999998 -0.00151678 0.000481374 0.00151622 0.999999 0.0335167 0.0858554 -0.105237
FixedParameters: 0 0 0

#Transform 27
Transform: AffineTransform_float_3_3
Parameters: 1 0.000131425 -0.000482174 -0.000132034 0.999998 -0.00158694 0.000481365 0.00158706 0.999998 0.0349199 0.0945781 -0.10953
FixedParameters: 0 0 0

#Transform 28
Transform: AffineTransform_float_3_3
Parameters: 1 0.00015308 -0.00043155 -0.000153891 0.999999 -0.00139093 0.000432044 0.00139107 0.999999 0.0286861 0.0776134 -0.0914459
FixedParameters: 0 0 0

#Transform 29
Transform: AffineTransform_float_3_3
Parameters: 1 8.64347e-05 -0.000587944 -8.67665e-05 0.999999 -0.00139695 0.000588232 0.00139705 0.999999 0.0401363 0.0882115 -0.105166
FixedParameters: 0 0 0

#Transform 30
Transform: AffineTransform_float_3_3
Parameters: 1 0.000237931 -0.000527759 -0.000238696 0.999998 -0.00196772 0.000527351 0.00196728 0.999998 0.0346202 0.0923617 -0.145644
FixedParameters: 0 0 0

#Transform 31
Transform: AffineTransform_float_3_3
Parameters: 1 0.000237265 -0.000233858 -0.000237721 0.999999 -0.00180995 0.000233919 0.00181006 0.999999 0.019768 0.110386 -0.118128
FixedParameters: 0 0 0

#Transform 32
Transform: AffineTransform_float_3_3
Parameters: 1 0.000131273 -0.000482215 -0.000132186 0.999998 -0.00190294 0.000481323 0.00190306 0.999998 0.0303833 0.0936373 -0.129417
FixedParameters: 0 0 0

#Transform 33
Transform: AffineTransform_float_3_3
Parameters: 1 7.48903e-05 -0.000433213 -7.54418e-05 0.999997 -0.00214981 0.00043342 0.00214918 0.999998 0.0427615 0.0962555 -0.152314
FixedParameters: 0 0 0

#Transform 34
Transform: AffineTransform_float_3_3
Parameters: 1 0.000172149 -0.000386534 -0.000172581 0.999999 -0.00175193 0.00038554 0.00175207 0.999999 0.024301 0.0976943 -0.125417
FixedParameters: 0 0 0

#Transform 35
Transform: AffineTransform_float_3_3
Parameters: 1 0.000149316 -0.00043991 -0.00015009 0.999998 -0.00192793 0.000438942 0.00192807 0.999998 0.0267417 0.0985883 -0.136593
FixedParameters: 0 0 0

#Transform 36
Transform: AffineTransform_float_3_3
Parameters: 1 0.000116038 -0.000517238 -0.000117336 0.999997 -0.00252194 0.000517179 0.00252206 0.999996 0.0321548 0.106065 -0.185802
FixedParameters: 0 0 0

#Transform 37
Transform: AffineTransform_float_3_3
Parameters: 1 8.73064e-05 -0.00058523 -8.82399e-05 0.999998 -0.0019178 0.000585423 0.0019172 0.999998 0.0286582 0.0929559 -0.151374
FixedParameters: 0 0 0

#Transform 38
Transform: AffineTransform_float_3_3
Parameters: 1 2.57862e-05 -0.000558928 -2.77221e-05 0.999998 -0.00173162 0.000558835 0.00173237 0.999999 0.0269844 0.0908762 -0.113325
FixedParameters: 0 0 0

#Transform 39
Transform: AffineTransform_float_3_3
Parameters: 1 0.00013853 -0.0004648 -0.000139388 0.999998 -0.00233394 0.000464681 0.00233407 0.999997 0.0393381 0.0993084 -0.170188
FixedParameters: 0 0 0

#Transform 40
Transform: AffineTransform_float_3_3
Parameters: 1 8.72767e-05 -0.000585234 -8.82693e-05 0.999998 -0.00196795 0.000585418 0.00196805 0.999998 0.0259823 0.0842105 -0.15793
FixedParameters: 0 0 0

#Transform 41
Transform: AffineTransform_float_3_3
Parameters: 1 -9.85015e-05 -0.000505942 9.74468e-05 0.999998 -0.00195205 0.000505934 0.00195195 0.999998 0.0274597 0.0870155 -0.143043
FixedParameters: 0 0 0

#Transform 42
Transform: AffineTransform_float_3_3
Parameters: 1 -4.79004e-06 -0.000545979 4.29699e-06 0.999997 -0.002139 0.000545217 0.002139 0.999997 0.0352218 0.0948085 -0.162804
FixedParameters: 0 0 0

#Transform 43
Transform: AffineTransform_float_3_3
Parameters: 1 -2.75126e-05 -0.000382932 2.64202e-05 0.999998 -0.00193401 0.000383957 0.00193399 0.999998 0.0220183 0.0913498 -0.148009
FixedParameters: 0 0 0

#Transform 44
Transform: AffineTransform_float_3_3
Parameters: 1 -2.56096e-05 -0.000536963 2.39782e-05 0.999999 -0.00151901 0.000537038 0.00151899 0.999998 0.0256683 0.0846794 -0.105883
FixedParameters: 0 0 0

#Transform 45
Transform: AffineTransform_float_3_3
Parameters: 1 -9.12402e-05 -0.000509065 8.99799e-05 0.999997 -0.00214204 0.000509062 0.00214195 0.999997 0.0278649 0.0977307 -0.154325
FixedParameters: 0 0 0

#Transform 46
Transform: AffineTransform_float_3_3
Parameters: 1 8.73498e-05 -0.000585223 -8.81961e-05 0.999999 -0.00184295 0.000585429 0.00184305 0.999998 0.0300704 0.0962323 -0.134065
FixedParameters: 0 0 0

#Transform 47
Transform: AffineTransform_float_3_3
Parameters: 1 -7.27782e-06 -0.000544804 6.41089e-06 0.999998 -0.001641 0.000544436 0.00164099 0.999998 0.0305155 0.0891622 -0.11985
FixedParameters: 0 0 0

#Transform 48
Transform: AffineTransform_float_3_3
Parameters: 1 -2.70947e-06 -0.000446839 2.06773e-06 0.999997 -0.002184 0.00044738 0.002184 0.999997 0.0288286 0.100558 -0.171903
FixedParameters: 0 0 0

#Transform 49
Transform: AffineTransform_float_3_3
Parameters: 1 -6.46532e-05 -0.000520443 6.31778e-05 0.999998 -0.00230203 0.000520347 0.00230197 0.999997 0.0267041 0.0995106 -0.164499
FixedParameters: 0 0 0

#Transform 50
Transform: AffineTransform_float_3_3
Parameters: 1 8.74029e-05 -0.000585216 -8.81433e-05 0.999999 -0.0017528 0.000585438 0.00175221 0.999999 0.0273495 0.0847919 -0.129076
FixedParameters: 0 0 0

#Transform 51
Transform: AffineTransform_float_3_3
Parameters: 0.999999 -0.000478217 -0.000547187 0.000476919 0.999998 -0.00202526 0.00054873 0.00202474 0.999998 0.0490659 0.0896161 -0.159559
FixedParameters: 0 0 0

#Transform 52
Transform: AffineTransform_float_3_3
Parameters: 1 -9.48555e-05 -0.000507506 9.37287e-05 0.999998 -0.00201705 0.000507496 0.00201695 0.999998 0.030342 0.0914308 -0.165681
FixedParameters: 0 0 0

#Transform 53
Transform: AffineTransform_float_3_3
Parameters: 1 -0.000159061 -0.000480083 0.000158394 0.999998 -0.00165307 0.000480217 0.00165292 0.999998 0.0237252 0.080583 -0.122389
FixedParameters: 0 0 0

#Transform 54
Transform: AffineTransform_float_3_3
Parameters: 1 -0.000165603 -0.000477301 0.000164738 0.999998 -0.00187008 0.000477528 0.00186992 0.999998 0.0320715 0.0840141 -0.140911
FixedParameters: 0 0 0

#Transform 55
Transform: AffineTransform_float_3_3
Parameters: 1 -0.000355039 -0.000480158 0.000353969 0.999998 -0.00207017 0.000481235 0.00206983 0.999997 0.054448 0.0922674 -0.160312
FixedParameters: 0 0 0

#Transform 56
Transform: AffineTransform_float_3_3
Parameters: 1 -0.00035615 -0.000482967 0.000354814 0.999998 -0.00193217 0.000483029 0.00193183 0.999998 0.0458768 0.0873104 -0.144477
FixedParameters: 0 0 0

#Transform 57
Transform: AffineTransform_float_3_3
Parameters: 1 -0.000201672 -0.00046191 0.000200469 0.999998 -0.00229709 0.000462443 0.00229691 0.999998 0.0367666 0.0991651 -0.150823
FixedParameters: 0 0 0

#Transform 58
Transform: AffineTransform_float_3_3
Parameters: 1 -0.000465722 -0.00045134 0.000465526 0.999998 -0.00225336 0.000452657 0.00225364 0.999997 0.057105 0.0939041 -0.17056
FixedParameters: 0 0 0

#Transform 59
Transform: AffineTransform_float_3_3
Parameters: 1 -0.000324745 -0.00040939 0.000324091 0.999998 -0.00192113 0.000410246 0.00192087 0.999998 0.04444 0.0940697 -0.139966
FixedParameters: 0 0 0

#Transform 60
Transform: AffineTransform_float_3_3
Parameters: 1 -0.000450778 -0.00025883 0.000450295 0.999998 -0.00195512 0.00025928 0.00195488 0.999998 0.0369229 0.0935014 -0.128059
FixedParameters: 0 0 0

#Transform 61
Transform: AffineTransform_float_3_3
Parameters: 0.999999 -0.000719453 -0.000240605 0.000718783 0.999996 -0.00248217 0.000242863 0.00248182 0.999997 0.0588497 0.101391 -0.180784
FixedParameters: 0 0 0

#Transform 62
Transform: AffineTransform_float_3_3
Parameters: 0.999999 -0.000760839 -0.000222896 0.000760776 0.999996 -0.00251232 0.000224097 0.00251268 0.999996 0.0590881 0.102267 -0.17529
FixedParameters: 0 0 0

#Transform 63
Transform: AffineTransform_float_3_3
Parameters: 0.999999 -0.00071011 -0.000244966 0.000709718 0.999998 -0.00187517 0.000246317 0.00187483 0.999998 0.0486396 0.0956032 -0.126247
FixedParameters: 0 0 0

#Transform 64
Transform: AffineTransform_float_3_3
Parameters: 0.999999 -0.000694571 -0.000251369 0.00069396 0.999998 -0.00226233 0.000253199 0.00226267 0.999997 0.0591232 0.109146 -0.157595
FixedParameters: 0 0 0

#Transform 65
Transform: AffineTransform_float_3_3
Parameters: 0.999999 -0.000732249 -0.000235344 0.000731762 0.999998 -0.00215253 0.000237183 0.00215147 0.999997 0.0585898 0.0935291 -0.159503
FixedParameters: 0 0 0

#Transform 66
Transform: AffineTransform_float_3_3
Parameters: 0.999999 -0.000725814 -0.000238085 0.00072531 0.999998 -0.00216353 0.000239912 0.00216247 0.999997 0.0555044 0.0908532 -0.152867
FixedParameters: 0 0 0

#Transform 67
Transform: AffineTransform_float_3_3
Parameters: 0.999999 -0.000783015 -0.000370895 0.000781953 0.999996 -0.00285344 0.000372738 0.00285356 0.999995 0.0707851 0.108413 -0.21784
FixedParameters: 0 0 0

#Transform 68
Transform: AffineTransform_float_3_3
Parameters: 1 -0.000632742 -2.00449e-05 0.000631866 0.999997 -0.00229201 2.11024e-05 0.00229199 0.999998 0.0479236 0.0979577 -0.154637
FixedParameters: 0 0 0

#Transform 69
Transform: AffineTransform_float_3_3
Parameters: 1 -0.00107951 9.55232e-05 0.00107983 0.999995 -0.00303805 -9.21143e-05 0.00303895 0.999995 0.0707822 0.113662 -0.202561
FixedParameters: 0 0 0

#Transform 70
Transform: AffineTransform_float_3_3
Parameters: 1 -0.00103537 7.67864e-05 0.0010356 0.999995 -0.00318528 -7.33426e-05 0.00318472 0.999995 0.0580874 0.104182 -0.231958
FixedParameters: 0 0 0

#Transform 71
Transform: AffineTransform_float_3_3
Parameters: 0.999999 -0.000992507 0.000176738 0.000993285 0.999995 -0.00293619 -0.00017406 0.00293581 0.999996 0.0577485 0.103542 -0.185511
FixedParameters: 0 0 0

#Transform 72
Transform: AffineTransform_float_3_3
Parameters: 1 -0.00120263 0.000148786 0.00120301 0.999993 -0.00347918 -0.00014449 0.00347882 0.999994 0.0670732 0.112916 -0.234144
FixedParameters: 0 0 0

#Transform 73
Transform: AffineTransform_float_3_3
Parameters: 0.999999 -0.000979778 0.000206816 0.000981005 0.999993 -0.00360831 -0.000202892 0.00360869 0.999993 0.0463949 0.116066 -0.230763
FixedParameters: 0 0 0

#Transform 74
Transform: AffineTransform_float_3_3
Parameters: 0.999999 -0.000995623 0.000169562 0.000996419 0.999995 -0.00311598 -0.000166506 0.00311701 0.999995 0.051371 0.107793 -0.205503
FixedParameters: 0 0 0

#Transform 75
Transform: AffineTransform_float_3_3
Parameters: 1 -0.0010058 0.000146046 0.00100617 0.999994 -0.00349922 -0.000143079 0.00349879 0.999994 0.0638844 0.114981 -0.217227
FixedParameters: 0 0 0

#Transform 76
Transform: AffineTransform_float_3_3
Parameters: 1 -0.00102902 9.21427e-05 0.00102906 0.999992 -0.00381527 -8.83639e-05 0.00381473 0.999993 0.0723411 0.111517 -0.254947
FixedParameters: 0 0 0

#Transform 77
Transform: AffineTransform_float_3_3
Parameters: 1 -0.00100069 0.000157906 0.00100151 0.999994 -0.00341 -0.000154229 0.003411 0.999994 0.0525227 0.134436 -0.21434
FixedParameters: 0 0 0

#Transform 78
Transform: AffineTransform_float_3_3
Parameters: 1 -0.00100071 0.000157801 0.00100149 0.999994 -0.00330485 -0.000154336 0.00330516 0.999995 0.0524873 0.108298 -0.19867
FixedParameters: 0 0 0

#Transform 79
Transform: AffineTransform_float_3_3
Parameters: 0.999999 -0.000913751 0.00017298 0.000913784 0.999994 -0.00352036 -0.000169308 0.00352064 0.999993 0.055191 0.127531 -0.23294
FixedParameters: 0 0 0

#Transform 80
Transform: AffineTransform_float_3_3
Parameters: 1 -0.000972055 0.000224521 0.000973103 0.999995 -0.00291214 -0.000222009 0.00291186 0.999996 0.0478907 0.114771 -0.193942
FixedParameters: 0 0 0

#Transform 81
Transform: AffineTransform_float_3_3
Parameters: 0.999999 -0.000761119 8.18359e-05 0.000761686 0.999997 -0.00264545 -8.00391e-05 0.00264555 0.999996 0.0415311 0.107019 -0.174211
FixedParameters: 0 0 0

#Transform 82
Transform: AffineTransform_float_3_3
Parameters: 0.999999 -0.000990932 0.000180421 0.000992122 0.999995 -0.00294218 -0.000176819 0.00294182 0.999995 0.0555589 0.11924 -0.191024
FixedParameters: 0 0 0

#Transform 83
Transform: AffineTransform_float_3_3
Parameters: 1 -0.00118256 2.7457e-05 0.00118299 0.999995 -0.00292248 -2.50071e-05 0.00292252 0.999995 0.0685854 0.109969 -0.204614
FixedParameters: 0 0 0

#Transform 84
Transform: AffineTransform_float_3_3
Parameters: 0.999999 -0.000990928 0.000180445 0.000991738 0.999995 -0.00296618 -0.000177717 0.00296582 0.999995 0.0483132 0.109093 -0.189544
FixedParameters: 0 0 0

#Transform 85
Transform: AffineTransform_float_3_3
Parameters: 0.999999 -0.00106765 1.45015e-06 0.00106832 0.999994 -0.00322536 1.89542e-06 0.00322464 0.999995 0.0565012 0.117415 -0.205281
FixedParameters: 0 0 0

#Transform 86
Transform: AffineTransform_float_3_3
Parameters: 1 -0.00102983 9.00493e-05 0.0010302 0.999993 -0.00356727 -8.58534e-05 0.00356673 0.999993 0.0524453 0.113857 -0.242429
FixedParameters: 0 0 0

#Transform 87
Transform: AffineTransform_float_3_3
Parameters: 0.999999 -0.000990968 0.000180223 0.000992087 0.999996 -0.00274198 -0.000177016 0.00274302 0.999996 0.0423792 0.10648 -0.193118
FixedParameters: 0 0 0

#Transform 88
Transform: AffineTransform_float_3_3
Parameters: 0.999999 -0.00099097 0.00018021 0.000992084 0.999996 -0.00272882 -0.00017703 0.00272918 0.999997 0.0426395 0.110916 -0.177902
FixedParameters: 0 0 0

#Transform 89
Transform: AffineTransform_float_3_3
Parameters: 1 -0.00107631 -1.88108e-05 0.00107685 0.999995 -0.00319038 2.21364e-05 0.00318962 0.999995 0.0645014 0.127002 -0.218242
FixedParameters: 0 0 0

#Transform 90
Transform: AffineTransform_float_3_3
Parameters: 1 -0.00114538 0.000246525 0.00114565 0.999995 -0.00294708 -0.000242534 0.00294692 0.999995 0.0543353 0.120064 -0.206883
FixedParameters: 0 0 0

#Transform 91
Transform: AffineTransform_float_3_3
Parameters: 0.999999 -0.00142243 0.000292769 0.00142331 0.999995 -0.00260394 -0.000289432 0.00260405 0.999996 0.0653213 0.11536 -0.182608
FixedParameters: 0 0 0

#Transform 92
Transform: AffineTransform_float_3_3
Parameters: 0.999999 -0.00139391 0.000207227 0.00139451 0.999995 -0.00301323 -0.000202897 0.00301378 0.999996 0.0724311 0.125288 -0.199754
FixedParameters: 0 0 0

#Transform 93
Transform: AffineTransform_float_3_3
Parameters: 0.999999 -0.00119673 0.000269155 0.00119793 0.999994 -0.00344604 -0.000264975 0.00344596 0.999994 0.0602931 0.121631 -0.239201
FixedParameters: 0 0 0

#Transform 94
Transform: AffineTransform_float_3_3
Parameters: 1 -0.00107983 -2.80162e-05 0.00107984 0.999997 -0.00232718 3.08111e-05 0.00232782 0.999997 0.0576712 0.105617 -0.161596
FixedParameters: 0 0 0

#Transform 95
Transform: AffineTransform_float_3_3
Parameters: 0.999999 -0.0012288 -0.000376308 0.00122757 0.999997 -0.00251762 0.000378949 0.00251739 0.999997 0.0680011 0.113966 -0.194406
FixedParameters: 0 0 0

#Transform 96
Transform: AffineTransform_float_3_3
Parameters: 1 -0.00112037 -0.000122102 0.00112032 0.999996 -0.00289165 0.000125038 0.00289135 0.999995 0.0571341 0.122425 -0.216787
FixedParameters: 0 0 0

#Transform 97
Transform: AffineTransform_float_3_3
Parameters: 0.999999 -0.00104524 5.3351e-05 0.00104566 0.999995 -0.00275095 -4.98306e-05 0.00275105 0.999996 0.0483365 0.122389 -0.191128
FixedParameters: 0 0 0

#Transform 98
Transform: AffineTransform_float_3_3
Parameters: 0.999999 -0.000894363 7.82412e-05 0.000894963 0.999995 -0.00300593 -7.50942e-05 0.00300607 0.999996 0.0530098 0.132136 -0.209963
FixedParameters: 0 0 0

#Transform 99
Transform: AffineTransform_float_3_3
Parameters: 1 -0.00115104 -0.000193886 0.0011506 0.999995 -0.00282838 0.000196853 0.00282862 0.999996 0.0752024 0.120094 -0.212244
FixedParameters: 0 0 0

#Transform 100
Transform: AffineTransform_float_3_3
Parameters: 1 -0.00109201 -5.65827e-05 0.00109188 0.999997 -0.00227306 5.9315e-05 0.00227294 0.999998 0.0521618 0.116732 -0.171079
FixedParameters: 0 0 0

#Transform 101
Transform: AffineTransform_float_3_3
Parameters: 1 -0.00110503 -8.61552e-05 0.00110518 0.999995 -0.00297425 8.91865e-05 0.00297475 0.999996 0.0665008 0.128307 -0.204838
FixedParameters: 0 0 0

#Transform 102
Transform: AffineTransform_float_3_3
Parameters: 0.999999 -0.00125949 3.3874e-05 0.00125999 0.999994 -0.00346347 -2.96112e-05 0.00346353 0.999994 0.0723973 0.12458 -0.250717
FixedParameters: 0 0 0

#Transform 103
Transform: AffineTransform_float_3_3
Parameters: 1 -0.00105781 2.46118e-05 0.00105732 0.999994 -0.00339613 -2.15005e-05 0.00339687 0.999994 0.052383 0.129152 -0.227312
FixedParameters: 0 0 0

#Transform 104
Transform: AffineTransform_float_3_3
Parameters: 1 -0.00112361 -0.000128613 0.00112294 0.999992 -0.00364315 0.000132333 0.00364285 0.999994 0.0602109 0.135846 -0.244404
FixedParameters: 0 0 0

#Transform 105
Transform: AffineTransform_float_3_3
Parameters: 1 -0.00112375 -0.000127431 0.00112334 0.999989 -0.00469451 0.000132204 0.0046935 0.999989 0.0693949 0.141185 -0.319434
FixedParameters: 0 0 0

#Transform 106
Transform: AffineTransform_float_3_3
Parameters: 0.999999 -0.000919362 7.90315e-05 0.000919342 0.999991 -0.00402093 -7.57107e-05 0.00402107 0.999992 0.0443157 0.14543 -0.264063
FixedParameters: 0 0 0

#Transform 107
Transform: AffineTransform_float_3_3
Parameters: 1 -0.00104123 6.37229e-05 0.00104199 0.999992 -0.00388194 -6.00993e-05 0.00388207 0.999993 0.0494007 0.144436 -0.25117
FixedParameters: 0 0 0

#Transform 108
Transform: AffineTransform_float_3_3
Parameters: 0.999999 -0.00129535 8.38026e-05 0.00129564 0.999987 -0.00490741 -7.73917e-05 0.00490759 0.999988 0.070654 0.151017 -0.321152
FixedParameters: 0 0 0

#Transform 109
Transform: AffineTransform_float_3_3
Parameters: 1 -0.00108744 0.00013676 0.00108768 0.999989 -0.00473737 -0.000131448 0.00473763 0.999988 0.0491496 0.147465 -0.293904
FixedParameters: 0 0 0

#Transform 110
Transform: AffineTransform_float_3_3
Parameters: 0.999999 -0.000971598 0.000226483 0.000972776 0.999988 -0.00493114 -0.000221888 0.00493086 0.999988 0.0423885 0.14271 -0.305682
FixedParameters: 0 0 0

#Transform 111
Transform: AffineTransform_float_3_3
Parameters: 1 -0.00102931 0.000252024 0.00103066 0.999984 -0.00555225 -0.0002465 0.00555274 0.999984 0.0410998 0.127954 -0.391533
FixedParameters: 0 0 0

#Transform 112
Transform: AffineTransform_float_3_3
Parameters: 0.999999 -0.000826067 0.000243405 0.000827842 0.999987 -0.0050098 -0.000239191 0.0050102 0.999988 0.0230244 0.122752 -0.320135
FixedParameters: 0 0 0

#Transform 113
Transform: AffineTransform_float_3_3
Parameters: 1 -0.00104398 5.75563e-05 0.00104472 0.999991 -0.00413694 -5.33788e-05 0.00413706 0.999992 0.0527473 0.132465 -0.288496
FixedParameters: 0 0 0

#Transform 114
Transform: AffineTransform_float_3_3
Parameters: 0.999999 -0.00128585 0.00010979 0.00128602 0.999992 -0.00378637 -0.000104125 0.00378662 0.999992 0.0622534 0.13261 -0.272717
FixedParameters: 0 0 0

#Transform 115
Transform: AffineTransform_float_3_3
Parameters: 0.999999 -0.00139958 -5.98014e-05 0.00139907 0.999994 -0.0032376 6.3478e-05 0.0032374 0.999994 0.0640728 0.12335 -0.236892
FixedParameters: 0 0 0

#Transform 116
Transform: AffineTransform_float_3_3
Parameters: 0.999998 -0.00172257 0.000245655 0.0017229 0.999992 -0.00360694 -0.000239141 0.00360706 0.999994 0.0832986 0.12037 -0.266811
FixedParameters: 0 0 0

#Transform 117
Transform: AffineTransform_float_3_3
Parameters: 0.999999 -0.0014448 0.000204199 0.00144482 0.999988 -0.00456822 -0.000197832 0.00456877 0.999989 0.068307 0.123851 -0.324742
FixedParameters: 0 0 0

#Transform 118
Transform: AffineTransform_float_3_3
Parameters: 0.999999 -0.00144726 0.000198009 0.00144744 0.99999 -0.00410023 -0.000192053 0.00410077 0.999991 0.0664158 0.10025 -0.301503
FixedParameters: 0 0 0

#Transform 119
Transform: AffineTransform_float_3_3
Parameters: 0.999999 -0.00145478 0.000180393 0.00145477 0.999991 -0.0039921 -0.000174692 0.0039919 0.999992 0.072459 0.109704 -0.272484
FixedParameters: 0 0 0

#Transform 120
Transform: AffineTransform_float_3_3
Parameters: 0.999999 -0.00147402 0.00027084 0.00147543 0.999987 -0.00503812 -0.000264124 0.00503889 0.999987 0.0744422 0.126161 -0.353816
FixedParameters: 0 0 0

#Transform 121
Transform: AffineTransform_float_3_3
Parameters: 0.999999 -0.00136875 0.000717894 0.0013716 0.999989 -0.00455059 -0.000711476 0.00455041 0.999989 0.0488965 0.118643 -0.303824
FixedParameters: 0 0 0

#Transform 122
Transform: AffineTransform_float_3_3
Parameters: 0.999999 -0.00143235 0.00055739 0.0014349 0.999984 -0.00547757 -0.000549968 0.00547843 0.999985 0.0586986 0.130947 -0.351759
FixedParameters: 0 0 0

#Transform 123
Transform: AffineTransform_float_3_3
Parameters: 0.999999 -0.00128214 0.000582541 0.00128446 0.999986 -0.00515461 -0.000575363 0.00515538 0.999986 0.0600791 0.135756 -0.338079
FixedParameters: 0 0 0

#Transform 124
Transform: AffineTransform_float_3_3
Parameters: 0.999999 -0.00118472 0.000639427 0.00118742 0.999987 -0.0049866 -0.000633649 0.00498739 0.999987 0.0425093 0.126982 -0.305675
FixedParameters: 0 0 0

#Transform 125
Transform: AffineTransform_float_3_3
Parameters: 0.999999 -0.001246 0.00066641 0.0012491 0.999984 -0.00538553 -0.000659944 0.00538646 0.999985 0.0543459 0.143546 -0.346787
FixedParameters: 0 0 0

#Transform 126
Transform: AffineTransform_float_3_3
Parameters: 0.999999 -0.00157042 0.000805644 0.00157509 0.999986 -0.00510346 -0.000797874 0.00510454 0.999987 0.0586136 0.124656 -0.349004
FixedParameters: 0 0 0

#Transform 127
Transform: AffineTransform_float_3_3
Parameters: 0.999998 -0.00181024 0.000815035 0.00181486 0.999983 -0.00550425 -0.000805204 0.00550575 0.999984 0.0593676 0.138723 -0.350953
FixedParameters: 0 0 0

#Transform 128
Transform: AffineTransform_float_3_3
Parameters: 0.999999 -0.00162302 0.000829901 0.00162757 0.999981 -0.00591787 -0.000820397 0.00591914 0.999983 0.0732711 0.130705 -0.407194
FixedParameters: 0 0 0

#Transform 129
Transform: AffineTransform_float_3_3
Parameters: 0.999999 -0.00171392 0.000618955 0.00171746 0.999986 -0.00498366 -0.000610529 0.00498433 0.999987 0.0720814 0.106973 -0.33923
FixedParameters: 0 0 0

#Transform 130
Transform: AffineTransform_float_3_3
Parameters: 0.999997 -0.00200285 0.000699174 0.00200696 0.999981 -0.00567733 -0.000687843 0.00567867 0.999984 0.088895 0.135833 -0.383517
FixedParameters: 0 0 0

#Transform 131
Transform: AffineTransform_float_3_3
Parameters: 0.999999 -0.00165706 0.000751043 0.00166126 0.999984 -0.00542712 -0.000742236 0.00542888 0.999985 0.0761443 0.141608 -0.350287
FixedParameters: 0 0 0

#Transform 132
Transform: AffineTransform_float_3_3
Parameters: 0.999999 -0.00160566 0.000870351 0.00161015 0.999984 -0.00537732 -0.00086187 0.00537867 0.999985 0.0623392 0.133385 -0.333456
FixedParameters: 0 0 0

#Transform 133
Transform: AffineTransform_float_3_3
Parameters: 0.999999 -0.00157839 0.000933661 0.0015835 0.999985 -0.00534025 -0.000925588 0.00534175 0.999985 0.0635616 0.147779 -0.344984
FixedParameters: 0 0 0

#Transform 134
Transform: AffineTransform_float_3_3
Parameters: 0.999997 -0.00190097 0.00103891 0.00190701 0.999981 -0.00581975 -0.00102832 0.00582225 0.999982 0.0893343 0.142583 -0.414472
FixedParameters: 0 0 0

#Transform 135
Transform: AffineTransform_float_3_3
Parameters: 0.999997 -0.00200891 0.0009226 0.00201308 0.999985 -0.00511924 -0.000911742 0.00512077 0.999986 0.0786049 0.117596 -0.369714
FixedParameters: 0 0 0

#Transform 136
Transform: AffineTransform_float_3_3
Parameters: 0.999998 -0.0020412 0.000968831 0.0020465 0.999981 -0.00586911 -0.000956412 0.00587089 0.999982 0.0901558 0.130796 -0.42802
FixedParameters: 0 0 0

#Transform 137
Transform: AffineTransform_float_3_3
Parameters: 0.999998 -0.00211447 0.000799121 0.00211911 0.999977 -0.0063774 -0.000785006 0.0063786 0.999979 0.0932792 0.126574 -0.475572
FixedParameters: 0 0 0

#Transform 138
Transform: AffineTransform_float_3_3
Parameters: 0.999998 -0.00199965 0.00106515 0.00200507 0.999981 -0.00582481 -0.00105301 0.0058262 0.999983 0.0782779 0.132053 -0.40743
FixedParameters: 0 0 0

#Transform 139
Transform: AffineTransform_float_3_3
Parameters: 0.999997 -0.00260175 0.000755744 0.00260753 0.999974 -0.00672229 -0.00073846 0.00672472 0.999977 0.126618 0.133183 -0.507394
FixedParameters: 0 0 0

#Transform 140
Transform: AffineTransform_float_3_3
Parameters: 0.999998 -0.00218031 0.000646298 0.00218352 0.999981 -0.00575648 -0.000633531 0.00575853 0.999983 0.112405 0.131473 -0.430188
FixedParameters: 0 0 0

#Transform 141
Transform: AffineTransform_float_3_3
Parameters: 0.999998 -0.00218018 0.000646726 0.00218326 0.999979 -0.00595232 -0.000634027 0.00595368 0.999982 0.105475 0.122805 -0.445211
FixedParameters: 0 0 0

#Transform 142
Transform: AffineTransform_float_3_3
Parameters: 0.999998 -0.00218008 0.000647074 0.00218336 0.999979 -0.00611232 -0.000633678 0.00611368 0.999982 0.120719 0.138838 -0.467184
FixedParameters: 0 0 0

#Transform 143
Transform: AffineTransform_float_3_3
Parameters: 0.999998 -0.00218078 0.000644709 0.00218345 0.999985 -0.00502748 -0.0006342 0.00502953 0.999987 0.0951941 0.107579 -0.384209
FixedParameters: 0 0 0

#Transform 144
Transform: AffineTransform_float_3_3
Parameters: 0.999998 -0.00218026 0.000646489 0.00218358 0.999981 -0.00584368 -0.000633343 0.00584432 0.999983 0.120358 0.116646 -0.449306
FixedParameters: 0 0 0

#Transform 145
Transform: AffineTransform_float_3_3
Parameters: 0.999998 -0.00218021 0.000646639 0.00218324 0.99998 -0.00591248 -0.000634113 0.00591453 0.999983 0.121366 0.114337 -0.471501
FixedParameters: 0 0 0

#Transform 146
Transform: AffineTransform_float_3_3
Parameters: 0.999997 -0.00258258 0.0008195 0.00258683 0.999981 -0.00565649 -0.000804452 0.00565851 0.999984 0.133649 0.12169 -0.42779
FixedParameters: 0 0 0

#Transform 147
Transform: AffineTransform_float_3_3
Parameters: 0.999996 -0.0026685 0.000857979 0.00267319 0.999978 -0.00612917 -0.000841274 0.00613083 0.999981 0.152779 0.124447 -0.509331
FixedParameters: 0 0 0

#Transform 148
Transform: AffineTransform_float_3_3
Parameters: 0.999997 -0.00256026 0.000967309 0.00256619 0.99998 -0.00586413 -0.000952358 0.00586687 0.999982 0.111912 0.134917 -0.43041
FixedParameters: 0 0 0

#Transform 149
Transform: AffineTransform_float_3_3
Parameters: 0.999994 -0.00310113 0.00104713 0.00310847 0.999972 -0.00679573 -0.00102595 0.00679926 0.999976 0.151228 0.134012 -0.521097
FixedParameters: 0 0 0

#Transform 150
Transform: AffineTransform_float_3_3
Parameters: 0.999995 -0.00281125 0.000910464 0.00281705 0.99998 -0.00565405 -0.000894143 0.00565695 0.999983 0.133609 0.1293 -0.421102
FixedParameters: 0 0 0

#Transform 151
Transform: AffineTransform_float_3_3
Parameters: 0.999995 -0.00330688 0.000666755 0.00331149 0.999973 -0.00655494 -0.000645569 0.00655707 0.999979 0.188898 0.139703 -0.500926
FixedParameters: 0 0 0

#Transform 152
Transform: AffineTransform_float_3_3
Parameters: 0.999985 -0.00490191 0.00214085 0.00491908 0.999955 -0.00809562 -0.00210179 0.00810638 0.999965 0.30023 0.161686 -0.612523
FixedParameters: 0 0 0

#Transform 153
Transform: AffineTransform_float_3_3
Parameters: 0.999987 -0.0048901 0.00156914 0.0049016 0.999963 -0.00717154 -0.0015345 0.00717947 0.999973 0.275472 0.173787 -0.535712
FixedParameters: 0 0 0

#Transform 154
Transform: AffineTransform_float_3_3
Parameters: 0.999986 -0.00508554 0.00158981 0.00509901 0.999953 -0.00817314 -0.00154806 0.00818186 0.999966 0.300569 0.170812 -0.635132
FixedParameters: 0 0 0

#Transform 155
Transform: AffineTransform_float_3_3
Parameters: 0.999941 -0.00995926 0.0043655 0.00999956 0.999906 -0.00936497 -0.00427165 0.00940803 0.999947 0.523581 0.222301 -0.711146
FixedParameters: 0 0 0

#Transform 156
Transform: AffineTransform_float_3_3
Parameters: 0.999975 -0.00652747 0.00248268 0.00654949 0.99994 -0.00885326 -0.00242504 0.00886875 0.999958 0.364412 0.202564 -0.674978
FixedParameters: 0 0 0

#Transform 157
Transform: AffineTransform_float_3_3
Parameters: 0.99998 -0.00569485 0.00249655 0.00571425 0.999954 -0.00770072 -0.00245279 0.00771529 0.999967 0.29395 0.17093 -0.603733
FixedParameters: 0 0 0

#Transform 158
Transform: AffineTransform_float_3_3
Parameters: 0.999979 -0.00606551 0.00204504 0.00608219 0.999945 -0.00853339 -0.00199349 0.00854562 0.999962 0.354074 0.188848 -0.674579
FixedParameters: 0 0 0

#Transform 159
Transform: AffineTransform_float_3_3
Parameters: 0.999977 -0.00643014 0.0024756 0.00645166 0.999942 -0.00861117 -0.00242097 0.00862684 0.99996 0.353494 0.190258 -0.662261
FixedParameters: 0 0 0

#Transform 160
Transform: AffineTransform_float_3_3
Parameters: 0.999977 -0.00627476 0.00259695 0.00629459 0.999951 -0.0076141 -0.0025494 0.0076299 0.999968 0.315033 0.18768 -0.577762
FixedParameters: 0 0 0

#Transform 161
Transform: AffineTransform_float_3_3
Parameters: 0.999975 -0.00671582 0.00244341 0.00673692 0.999937 -0.00897458 -0.00238265 0.00899042 0.999956 0.365457 0.180955 -0.717878
FixedParameters: 0 0 0

#Transform 162
Transform: AffineTransform_float_3_3
Parameters: 0.999972 -0.00688022 0.00301053 0.00690356 0.999947 -0.00769751 -0.00295767 0.0077185 0.999966 0.342365 0.171649 -0.643748
FixedParameters: 0 0 0

#Transform 163
Transform: AffineTransform_float_3_3
Parameters: 0.999916 -0.0119544 0.00487466 0.0120066 0.99987 -0.0107557 -0.00474536 0.0108133 0.99993 0.68491 0.211131 -0.961338
FixedParameters: 0 0 0

#Transform 164
Transform: AffineTransform_float_3_3
Parameters: 0.999909 -0.0123546 0.00531954 0.0124046 0.999878 -0.00950825 -0.00520204 0.00957377 0.999941 0.630771 0.22646 -0.836371
FixedParameters: 0 0 0

#Transform 165
Transform: AffineTransform_float_3_3
Parameters: 0.99992 -0.0117181 0.00463535 0.0117643 0.999881 -0.0099938 -0.00451757 0.0100472 0.999939 0.621215 0.216252 -0.879381
FixedParameters: 0 0 0

#Transform 166
Transform: AffineTransform_float_3_3
Parameters: 0.999908 -0.0124548 0.00540985 0.0125073 0.999873 -0.00985619 -0.00528593 0.00992282 0.999937 0.629866 0.230434 -0.863587
FixedParameters: 0 0 0

#Transform 167
Transform: AffineTransform_float_3_3
Parameters: 0.999926 -0.011298 0.00453744 0.0113407 0.999891 -0.00952348 -0.00443012 0.00957454 0.999945 0.595925 0.231772 -0.81607
FixedParameters: 0 0 0

#Transform 168
Transform: AffineTransform_float_3_3
Parameters: 0.999933 -0.0107264 0.0044825 0.0107693 0.999895 -0.00969699 -0.00437794 0.00974401 0.999943 0.573837 0.220835 -0.841124
FixedParameters: 0 0 0

#Transform 169
Transform: AffineTransform_float_3_3
Parameters: 0.999943 -0.00991371 0.00412939 0.00995054 0.99991 -0.0090616 -0.00403958 0.00910241 0.99995 0.516282 0.19854 -0.800411
FixedParameters: 0 0 0

#Transform 170
Transform: AffineTransform_float_3_3
Parameters: 0.999948 -0.00948547 0.00377212 0.00951627 0.999921 -0.0083107 -0.00369288 0.00834631 0.999959 0.508937 0.174147 -0.749715
FixedParameters: 0 0 0

#Transform 171
Transform: AffineTransform_float_3_3
Parameters: 0.999937 -0.0104668 0.00408153 0.0105042 0.999904 -0.00909613 -0.00398577 0.00913888 0.99995 0.564381 0.17273 -0.858939
FixedParameters: 0 0 0

#Transform 172
Transform: AffineTransform_float_3_3
Parameters: 0.999947 -0.00946655 0.00407417 0.0094979 0.999926 -0.00768578 -0.00400076 0.00772423 0.999962 0.486074 0.152549 -0.753891
FixedParameters: 0 0 0

#Transform 173
Transform: AffineTransform_float_3_3
Parameters: 0.999932 -0.0108034 0.00427581 0.0108436 0.999895 -0.00959235 -0.00417193 0.00963766 0.999945 0.57258 0.18636 -0.898663
FixedParameters: 0 0 0

#Transform 174
Transform: AffineTransform_float_3_3
Parameters: 0.999935 -0.0105689 0.00440819 0.0106089 0.999902 -0.00915988 -0.00431075 0.00920612 0.999948 0.551742 0.182283 -0.872299
FixedParameters: 0 0 0

#Transform 175
Transform: AffineTransform_float_3_3
Parameters: 0.999934 -0.0106859 0.00424933 0.0107232 0.999904 -0.00886738 -0.00415498 0.00891265 0.999952 0.533152 0.184641 -0.817602
FixedParameters: 0 0 0

#Transform 176
Transform: AffineTransform_float_3_3
Parameters: 0.999925 -0.0114687 0.00411836 0.011513 0.999876 -0.0107314 -0.00399529 0.0107776 0.999934 0.606412 0.215994 -0.92665
FixedParameters: 0 0 0

#Transform 177
Transform: AffineTransform_float_3_3
Parameters: 0.999936 -0.0105287 0.0042804 0.0105696 0.999898 -0.00967722 -0.00417778 0.00972178 0.999944 0.552868 0.2156 -0.836492
FixedParameters: 0 0 0

#Transform 178
Transform: AffineTransform_float_3_3
Parameters: 0.999925 -0.0114363 0.00443474 0.0114842 0.999874 -0.0109608 -0.00430913 0.0110112 0.999929 0.620446 0.237833 -0.928739
FixedParameters: 0 0 0

#Transform 179
Transform: AffineTransform_float_3_3
Parameters: 0.999931 -0.0109061 0.00435408 0.0109512 0.999884 -0.0105915 -0.00423828 0.0106385 0.999934 0.573742 0.234873 -0.898596
FixedParameters: 0 0 0
