#Insight Transform File V1.0
#Transform 0
Transform: AffineTransform_float_3_3
Parameters: 1 0.000167918 -0.000322685 -0.000167966 0.999999 -0.00150295 0.000321789 0.00150305 0.999999 0.0626227 0.14964 0.576276
FixedParameters: 0 0 0

#Transform 1
Transform: AffineTransform_float_3_3
Parameters: 1 0.000475998 -0.000217141 -0.000475909 1 0.000206103 0.000217338 -0.000205897 1 0.0242372 0.0357308 -0.108817
FixedParameters: 0 0 0

#Transform 2
Transform: AffineTransform_float_3_3
Parameters: 1 0.000567126 0.000304599 -0.000567094 1 -5.21726e-05 -0.000304658 5.18271e-05 1 0.0177418 0.0756686 -0.0554556
FixedParameters: 0 0 0

#Transform 3
Transform: AffineTransform_float_3_3
Parameters: 0.999999 0.000851812 -0.000147632 -0.000850954 0.999999 0.00110913 0.000148209 -0.00110887 1 0.0104413 0.0910432 -0.100084
FixedParameters: 0 0 0

#Transform 4
Transform: AffineTransform_float_3_3
Parameters: 1 0.000127593 8.93984e-06 -0.000127606 0.999999 0.000735998 -8.75201e-06 -0.000736001 0.999999 0.0230132 0.0621471 -0.139432
FixedParameters: 0 0 0

#Transform 5
Transform: AffineTransform_float_3_3
Parameters: 1 0.000528817 -9.23189e-05 -0.000528979 0.999999 0.00123405 9.27037e-05 -0.00123395 0.999999 -0.00395743 0.0635508 -0.141559
FixedParameters: 0 0 0

#Transform 6
Transform: AffineTransform_float_3_3
Parameters: 1 -1.76676e-05 -0.000139129 1.78718e-05 0.999999 0.000733997 0.000139103 -0.000734002 0.999999 0.0254392 0.0722939 -0.145412
FixedParameters: 0 0 0

#Transform 7
Transform: AffineTransform_float_3_3
Parameters: 1 -4.64457e-06 -4.68981e-05 4.74755e-06 1 0.001098 4.68877e-05 -0.001098 1 0.0292261 0.0742941 -0.139512
FixedParameters: 0 0 0

#Transform 8
Transform: AffineTransform_float_3_3
Parameters: 1 5.8474e-05 0.000102302 -5.87308e-05 0.999999 0.00125599 -0.000102155 -0.00125601 0.999999 0.0180008 0.0840409 -0.119993
FixedParameters: 0 0 0

#Transform 9
Transform: AffineTransform_float_3_3
Parameters: 1 -3.30866e-05 -0.000114128 3.33523e-05 1 0.001164 0.000114051 -0.001164 1 0.0102278 0.0797179 -0.124254
FixedParameters: 0 0 0

#Transform 10
Transform: AffineTransform_float_3_3
Parameters: 1 -1.48045e-05 -7.08366e-05 1.49055e-05 0.999999 0.000712999 7.08154e-05 -0.000713001 0.999999 0.0275449 0.0671613 -0.167456
FixedParameters: 0 0 0

#Transform 11
Transform: AffineTransform_float_3_3
Parameters: 1 -8.3189e-05 8.30459e-05 8.30969e-05 1 0.000554007 -8.3138e-05 -0.000553993 1 0.00786311 0.0663063 -0.184344
FixedParameters: 0 0 0

#Transform 12
Transform: AffineTransform_float_3_3
Parameters: 1 1.13498e-05 -0.000201378 -1.1055e-05 0.999999 0.000732002 0.000201395 -0.000731997 0.999999 0.00959187 0.0573506 -0.207264
FixedParameters: 0 0 0

#Transform 13
Transform: AffineTransform_float_3_3
Parameters: 1 -0.000107941 -2.92198e-05 0.000107989 0.999999 0.000827996 2.9041e-05 -0.000828003 0.999999 0.00785994 0.0550887 -0.209783
FixedParameters: 0 0 0

#Transform 14
Transform: AffineTransform_float_3_3
Parameters: 1 -2.57159e-05 -9.66214e-05 2.58751e-05 0.999999 0.000823997 9.65789e-05 -0.000824002 0.999999 0.00610284 0.0576745 -0.212868
FixedParameters: 0 0 0

#Transform 15
Transform: AffineTransform_float_3_3
Parameters: 1 -9.81148e-05 -0.000267945 9.88283e-05 0.999999 0.00133197 0.000267683 -0.00133203 0.999999 0.0202974 0.0594847 -0.221529
FixedParameters: 0 0 0

#Transform 16
Transform: AffineTransform_float_3_3
Parameters: 1 7.24469e-05 -0.000218596 -7.21932e-05 1 0.000580016 0.00021868 -0.000579984 1 0.00387347 0.0672044 -0.186148
FixedParameters: 0 0 0

#Transform 17
Transform: AffineTransform_float_3_3
Parameters: 1 0.000158621 -0.000427823 -0.000158169 1 0.000527068 0.00042799 -0.000526932 1 -0.00530096 0.0637198 -0.179072
FixedParameters: 0 0 0

#Transform 18
Transform: AffineTransform_float_3_3
Parameters: 1 -7.06594e-05 -0.000202483 7.07996e-05 1 0.000345986 0.000202434 -0.000346014 1 0.00989203 0.0676562 -0.200304
FixedParameters: 0 0 0

#Transform 19
Transform: AffineTransform_float_3_3
Parameters: 1 -9.70466e-05 -9.57181e-05 9.71503e-05 1 0.000541991 9.56129e-05 -0.000542009 1 0.00725806 0.0843957 -0.185458
FixedParameters: 0 0 0

#Transform 20
Transform: AffineTransform_float_3_3
Parameters: 1 -0.000463354 -0.000283766 0.000462891 0.999999 0.000806868 0.000283409 -0.000807131 0.999999 0.0126247 0.0650134 -0.212761
FixedParameters: 0 0 0

#Transform 21
Transform: AffineTransform_float_3_3
Parameters: 1 -0.000143358 -0.00037369 0.000143453 1 0.000126946 0.000373654 -0.000127054 1 0.0179322 0.0655112 -0.243937
FixedParameters: 0 0 0

#Transform 22
Transform: AffineTransform_float_3_3
Parameters: 1 -0.000108914 -0.000292707 0.000109128 1 0.000364968 0.000292628 -0.000365032 1 -0.00678486 0.0713549 -0.201545
FixedParameters: 0 0 0

#Transform 23
Transform: AffineTransform_float_3_3
Parameters: 1 -0.00032074 -0.000415787 0.000321097 1 0.000428866 0.000415511 -0.000429133 1 0.00962117 0.0669274 -0.188158
FixedParameters: 0 0 0

#Transform 24
Transform: AffineTransform_float_3_3
Parameters: 1 -0.000121048 2.96051e-05 0.000121026 1 0.000370004 -2.96947e-05 -0.000369996 1 -0.00480962 0.066833 -0.174806
FixedParameters: 0 0 0

#Transform 25
Transform: AffineTransform_float_3_3
Parameters: 1 -0.000353049 -0.000490137 0.000353928 0.999999 0.000898186 0.000489502 -0.000897813 1 0.00783297 0.0820725 -0.193511
FixedParameters: 0 0 0

#Transform 26
Transform: AffineTransform_float_3_3
Parameters: 1 -0.000386057 -0.000946384 0.000386825 1 0.000405994 0.00094607 -0.000406006 1 0.0122262 0.0800571 -0.22198
FixedParameters: 0 0 0

#Transform 27
Transform: AffineTransform_float_3_3
Parameters: 1 -0.000251372 -0.000628758 0.000251904 1 0.000422842 0.000628545 -0.000423158 0.999999 0.00297117 0.0973584 -0.198839
FixedParameters: 0 0 0

#Transform 28
Transform: AffineTransform_float_3_3
Parameters: 0.999999 -0.000294458 -0.000731051 0.00029556 0.999999 0.000754297 0.000730605 -0.000754703 1 0.0160499 0.0872289 -0.225352
FixedParameters: 0 0 0

#Transform 29
Transform: AffineTransform_float_3_3
Parameters: 0.999999 -0.000196655 -0.00073558 0.0001965 1 0.000519855 0.000735766 -0.000520145 0.999999 0.00799065 0.0730901 -0.261253
FixedParameters: 0 0 0

#Transform 30
Transform: AffineTransform_float_3_3
Parameters: 1 -0.000101167 -0.00102388 0.00010104 1 -6.21034e-05 0.0010239 6.18964e-05 0.999999 0.0118745 0.0518936 -0.282877
FixedParameters: 0 0 0

#Transform 31
Transform: AffineTransform_float_3_3
Parameters: 0.999999 -0.000616625 -0.00110162 0.000616329 1 -0.00013432 0.00110179 0.00013368 1 0.0149297 0.0617311 -0.27004
FixedParameters: 0 0 0

#Transform 32
Transform: AffineTransform_float_3_3
Parameters: 0.999999 -0.000154295 -0.000928578 0.000153879 1 -0.000224143 0.000928647 0.000223857 0.999999 -0.0206086 0.0715765 -0.23881
FixedParameters: 0 0 0

#Transform 33
Transform: AffineTransform_float_3_3
Parameters: 1 0.000447545 -0.0011149 -0.000447685 1 -0.000475501 0.00111409 0.000476498 0.999999 -0.0239692 0.0816679 -0.219526
FixedParameters: 0 0 0

#Transform 34
Transform: AffineTransform_float_3_3
Parameters: 1 0.000127436 -0.000594954 -0.000129061 0.999997 -0.00246792 0.00059485 0.00246808 0.999997 -0.0576647 0.0863859 -0.206986
FixedParameters: 0 0 0

#Transform 35
Transform: AffineTransform_float_3_3
Parameters: 0.999998 0.000717732 -0.00174704 -0.000720506 0.999999 -0.00128044 0.00174665 0.00128156 0.999998 -0.0170231 0.0982787 -0.245014
FixedParameters: 0 0 0

#Transform 36
Transform: AffineTransform_float_3_3
Parameters: 0.999998 0.000339203 -0.00158547 -0.000340009 0.999999 -0.000958157 0.00158496 0.000957844 0.999998 -0.0408798 0.0979982 -0.213325
FixedParameters: 0 0 0

#Transform 37
Transform: AffineTransform_float_3_3
Parameters: 0.999998 0.000719154 -0.00174646 -0.000720785 1 -0.000466436 0.00174579 0.000467561 0.999998 -0.0477853 0.0881385 -0.266259
FixedParameters: 0 0 0

#Transform 38
Transform: AffineTransform_float_3_3
Parameters: 0.999998 0.000291203 -0.00156457 -0.000292666 1 -0.00046739 0.0015643 0.000467609 0.999999 -0.0448059 0.0864957 -0.317193
FixedParameters: 0 0 0

#Transform 39
Transform: AffineTransform_float_3_3
Parameters: 0.999998 0.000418567 -0.00155439 -0.00041852 0.999999 -0.000280685 0.00155377 0.000281315 0.999999 -0.0597701 0.0976315 -0.299618
FixedParameters: 0 0 0

#Transform 40
Transform: AffineTransform_float_3_3
Parameters: 0.999999 0.000469353 -0.00120218 -0.000468637 0.999999 -0.000247284 0.00120248 0.000247717 0.999999 -0.0524379 0.0918535 -0.292716
FixedParameters: 0 0 0

#Transform 41
Transform: AffineTransform_float_3_3
Parameters: 0.999999 0.000533396 -0.00117634 -0.000534017 1 -0.000429732 0.0011768 0.000430268 0.999999 -0.0537973 0.0970805 -0.268671
FixedParameters: 0 0 0

#Transform 42
Transform: AffineTransform_float_3_3
Parameters: 0.999999 0.000667445 -0.00112982 -0.000667903 1 -0.000202452 0.00112955 0.000202547 0.999999 -0.0701666 0.0970281 -0.263869
FixedParameters: 0 0 0

#Transform 43
Transform: AffineTransform_float_3_3
Parameters: 1 0.000370398 -0.0011605 -0.000370604 1 -0.000653571 0.00116055 0.000654431 0.999999 -0.06533 0.0820751 -0.266781
FixedParameters: 0 0 0

#Transform 44
Transform: AffineTransform_float_3_3
Parameters: 0.999999 0.000440851 -0.00121899 -0.000441841 1 -0.000943462 0.00121869 0.000944538 0.999999 -0.0727937 0.0859853 -0.237849
FixedParameters: 0 0 0

#Transform 45
Transform: AffineTransform_float_3_3
Parameters: 1 0.000411387 -0.00112034 -0.000411925 1 -0.000651387 0.00111941 0.000651614 1 -0.0747412 0.0892926 -0.26158
FixedParameters: 0 0 0

#Transform 46
Transform: AffineTransform_float_3_3
Parameters: 0.999999 0.000804789 -0.00135119 -0.000805083 1 -0.000253119 0.0013517 0.000253881 0.999999 -0.0701715 0.0939002 -0.310451
FixedParameters: 0 0 0

#Transform 47
Transform: AffineTransform_float_3_3
Parameters: 0.999999 0.000838321 -0.00160385 -0.000839741 1 -0.000563501 0.00160382 0.000565498 0.999998 -0.0943108 0.100862 -0.311846
FixedParameters: 0 0 0

#Transform 48
Transform: AffineTransform_float_3_3
Parameters: 0.999999 0.000783041 -0.00130508 -0.000783833 1 -0.000302825 0.0013046 0.000304175 1 -0.0858723 0.0926871 -0.282697
FixedParameters: 0 0 0

#Transform 49
Transform: AffineTransform_float_3_3
Parameters: 0.999998 0.000409405 -0.00161516 -0.000410644 1 -0.000789185 0.00161504 0.000789815 0.999998 -0.0788837 0.0881497 -0.293154
FixedParameters: 0 0 0

#Transform 50
Transform: AffineTransform_float_3_3
Parameters: 0.999998 0.00100888 -0.00171651 -0.00100939 0.999999 -0.000530963 0.00171596 0.000533037 0.999998 -0.125342 0.0867752 -0.303534
FixedParameters: 0 0 0

#Transform 51
Transform: AffineTransform_float_3_3
Parameters: 0.999997 0.000805629 -0.00204325 -0.000807066 0.999999 -0.000671894 0.00204269 0.000673104 0.999997 -0.0999252 0.0881998 -0.319549
FixedParameters: 0 0 0

#Transform 52
Transform: AffineTransform_float_3_3
Parameters: 0.999998 0.000964605 -0.00162081 -0.00096555 0.999999 -0.00069513 0.00161999 0.000696869 0.999999 -0.0972954 0.0853455 -0.306551
FixedParameters: 0 0 0

#Transform 53
Transform: AffineTransform_float_3_3
Parameters: 0.999998 0.000862236 -0.00174525 -0.000863419 1 -0.0010897 0.00174443 0.0010913 0.999997 -0.112265 0.0880707 -0.301811
FixedParameters: 0 0 0

#Transform 54
Transform: AffineTransform_float_3_3
Parameters: 0.999999 0.000693249 -0.00169592 -0.000695129 0.999999 -0.000940517 0.00169514 0.000941481 0.999998 -0.0895761 0.0809496 -0.348977
FixedParameters: 0 0 0

#Transform 55
Transform: AffineTransform_float_3_3
Parameters: 0.999999 0.000669349 -0.00135554 -0.000669535 1 -0.00021194 0.00135617 0.000213061 0.999999 -0.0942368 0.0835297 -0.298859
FixedParameters: 0 0 0

#Transform 56
Transform: AffineTransform_float_3_3
Parameters: 0.999998 0.000860592 -0.00176024 -0.000860704 1 -3.11794e-05 0.00176018 3.282e-05 0.999999 -0.118954 0.104476 -0.31432
FixedParameters: 0 0 0

#Transform 57
Transform: AffineTransform_float_3_3
Parameters: 0.999999 0.000927962 -0.00160043 -0.000927998 0.999999 -0.00042021 0.00160018 0.000421791 0.999999 -0.100712 0.0958004 -0.360662
FixedParameters: 0 0 0

#Transform 58
Transform: AffineTransform_float_3_3
Parameters: 0.999997 0.000753412 -0.00201095 -0.000754015 0.999999 -0.000475179 0.00201076 0.000476821 0.999997 -0.0997068 0.0925139 -0.378265
FixedParameters: 0 0 0

#Transform 59
Transform: AffineTransform_float_3_3
Parameters: 0.999998 0.000573528 -0.00191287 -0.000572652 1 0.000229401 0.00191313 -0.000228598 0.999998 -0.0868279 0.0917217 -0.3891
FixedParameters: 0 0 0

#Transform 60
Transform: AffineTransform_float_3_3
Parameters: 0.999997 0.00074441 -0.00203289 -0.000744261 1 -0.000285182 0.002033 0.000286819 0.999998 -0.0990029 0.0727763 -0.390894
FixedParameters: 0 0 0

#Transform 61
Transform: AffineTransform_float_3_3
Parameters: 0.999998 0.000636198 -0.00181276 -0.000636392 1 -5.26936e-05 0.00181269 5.43058e-05 0.999998 -0.108517 0.0839661 -0.390519
FixedParameters: 0 0 0

#Transform 62
Transform: AffineTransform_float_3_3
Parameters: 0.999997 0.000619994 -0.0023256 -0.000620563 1 -0.00031974 0.00232481 0.00032126 0.999997 -0.100827 0.0851782 -0.416811
FixedParameters: 0 0 0

#Transform 63
Transform: AffineTransform_float_3_3
Parameters: 0.999997 0.000753783 -0.00200849 -0.000755065 0.999999 -0.00087382 0.0020073 0.00087618 0.999998 -0.111524 0.084032 -0.398548
FixedParameters: 0 0 0

#Transform 64
Transform: AffineTransform_float_3_3
Parameters: 0.999998 0.00088156 -0.00170988 -0.000881405 0.999999 -0.000337188 0.00170982 0.000338813 0.999999 -0.117874 0.0778113 -0.414942
FixedParameters: 0 0 0

#Transform 65
Transform: AffineTransform_float_3_3
Parameters: 0.999999 0.000644138 -0.00175312 -0.000644321 1 -5.1565e-05 0.00175305 5.24345e-05 0.999999 -0.107655 0.0857353 -0.379186
FixedParameters: 0 0 0

#Transform 66
Transform: AffineTransform_float_3_3
Parameters: 0.999997 0.000674239 -0.00205285 -0.000674859 1 -0.000150309 0.00205265 0.000151689 0.999997 -0.114585 0.096053 -0.397002
FixedParameters: 0 0 0

#Transform 67
Transform: AffineTransform_float_3_3
Parameters: 0.999998 0.000663485 -0.00222422 -0.000663954 1 -0.000104706 0.00222408 0.000106293 0.999998 -0.0879643 0.0737013 -0.404872
FixedParameters: 0 0 0

#Transform 68
Transform: AffineTransform_float_3_3
Parameters: 0.999999 0.00050708 -0.00169553 -0.000507988 1 -0.000538987 0.00169459 0.000540013 0.999998 -0.102471 0.0714562 -0.408191
FixedParameters: 0 0 0

#Transform 69
Transform: AffineTransform_float_3_3
Parameters: 0.999998 0.000809309 -0.00188237 -0.000808443 1 0.000334828 0.00188199 -0.000333172 0.999998 -0.118085 0.083866 -0.378714
FixedParameters: 0 0 0

#Transform 70
Transform: AffineTransform_float_3_3
Parameters: 0.999999 0.000642369 -0.00173171 -0.000642527 1 -4.47346e-05 0.00173166 4.62649e-05 0.999998 -0.104839 0.0897487 -0.364024
FixedParameters: 0 0 0

#Transform 71
Transform: AffineTransform_float_3_3
Parameters: 0.999998 0.000871985 -0.00173424 -0.000871191 0.999999 0.000229817 0.00173464 -0.000228183 0.999999 -0.129406 0.0893273 -0.366542
FixedParameters: 0 0 0

#Transform 72
Transform: AffineTransform_float_3_3
Parameters: 0.999998 0.00081725 -0.00186165 -0.000816773 1 -0.000223174 0.00186181 0.000224827 0.999998 -0.118432 0.0954863 -0.409881
FixedParameters: 0 0 0

#Transform 73
Transform: AffineTransform_float_3_3
Parameters: 0.999998 0.000733884 -0.0015422 -0.000733529 1 0.000115437 0.00154237 -0.000114563 0.999999 -0.117521 0.0872151 -0.400477
FixedParameters: 0 0 0

#Transform 74
Transform: AffineTransform_float_3_3
Parameters: 0.999999 0.000599746 -0.00144694 -0.000599927 1 -0.00051498 0.00144685 0.000516021 0.999999 -0.128731 0.0814913 -0.389791
FixedParameters: 0 0 0

#Transform 75
Transform: AffineTransform_float_3_3
Parameters: 0.999999 0.000824754 -0.00154287 -0.000825576 1 3.25794e-05 0.00154331 -3.14221e-05 0.999999 -0.124116 0.0743631 -0.401128
FixedParameters: 0 0 0

#Transform 76
Transform: AffineTransform_float_3_3
Parameters: 0.999998 0.000731678 -0.00157284 -0.000731872 1 6.33041e-05 0.00157201 -6.16974e-05 0.999999 -0.137052 0.073918 -0.397274
FixedParameters: 0 0 0

#Transform 77
Transform: AffineTransform_float_3_3
Parameters: 0.999999 0.00041843 -0.001739 -0.000419284 1 -0.000245119 0.00173879 0.000245881 0.999998 -0.123758 0.0910807 -0.431744
FixedParameters: 0 0 0

#Transform 78
Transform: AffineTransform_float_3_3
Parameters: 0.999998 0.000640362 -0.0014839 -0.000640586 1 0.000235104 0.00148459 -0.000233897 0.999999 -0.137546 0.0837677 -0.398908
FixedParameters: 0 0 0

#Transform 79
Transform: AffineTransform_float_3_3
Parameters: 0.999999 0.000922653 -0.00161462 -0.000922505 0.999999 0.000167795 0.00161401 -0.000166206 0.999999 -0.160034 0.0944408 -0.422819
FixedParameters: 0 0 0

#Transform 80
Transform: AffineTransform_float_3_3
Parameters: 0.999999 0.000923268 -0.00161287 -0.000923062 0.999999 6.47945e-05 0.00161299 -6.32058e-05 0.999999 -0.130259 0.0875726 -0.442492
FixedParameters: 0 0 0

#Transform 81
Transform: AffineTransform_float_3_3
Parameters: 0.999999 0.000953509 -0.00154189 -0.000952994 0.999999 0.000167775 0.00154221 -0.000166225 0.999999 -0.147413 0.0890352 -0.469037
FixedParameters: 0 0 0

#Transform 82
Transform: AffineTransform_float_3_3
Parameters: 0.999998 0.000723786 -0.00177356 -0.000723562 1 0.000174437 0.00177289 -0.000172565 0.999998 -0.117649 0.0895143 -0.460684
FixedParameters: 0 0 0

#Transform 83
Transform: AffineTransform_float_3_3
Parameters: 0.999999 0.000711005 -0.00170703 -0.000710676 1 0.000366519 0.00170794 -0.000365481 0.999999 -0.137138 0.0926208 -0.422513
FixedParameters: 0 0 0

#Transform 84
Transform: AffineTransform_float_3_3
Parameters: 0.999998 0.000733749 -0.00157885 -0.000734178 1 0.000280313 0.00157873 -0.00027869 0.999999 -0.149471 0.0948375 -0.421749
FixedParameters: 0 0 0

#Transform 85
Transform: AffineTransform_float_3_3
Parameters: 0.999998 0.000896589 -0.00167553 -0.000896602 0.999999 -3.19214e-06 0.00167552 4.80736e-06 0.999999 -0.15253 0.0921068 -0.45353
FixedParameters: 0 0 0

#Transform 86
Transform: AffineTransform_float_3_3
Parameters: 0.999998 0.000870469 -0.001735 -0.000871396 0.999999 -0.000644184 0.0017344 0.000645816 0.999998 -0.181516 0.0924426 -0.441763
FixedParameters: 0 0 0

#Transform 87
Transform: AffineTransform_float_3_3
Parameters: 0.999998 0.000619827 -0.00220515 -0.000620555 0.999999 -0.000461815 0.0022051 0.000463186 0.999998 -0.151162 0.100878 -0.412464
FixedParameters: 0 0 0

#Transform 88
Transform: AffineTransform_float_3_3
Parameters: 0.999997 0.00100725 -0.00214876 -0.0010089 1 -0.000778529 0.00214864 0.000781472 0.999997 -0.183138 0.108364 -0.451262
FixedParameters: 0 0 0

#Transform 89
Transform: AffineTransform_float_3_3
Parameters: 0.999997 0.000845902 -0.00238079 -0.000847395 0.999999 -0.000588374 0.00238032 0.000589626 0.999997 -0.163946 0.0994201 -0.470227
FixedParameters: 0 0 0

#Transform 90
Transform: AffineTransform_float_3_3
Parameters: 0.999998 0.000856106 -0.00209913 -0.00085585 1 0.000155102 0.00209847 -0.000152899 0.999997 -0.144744 0.0882601 -0.475312
FixedParameters: 0 0 0

#Transform 91
Transform: AffineTransform_float_3_3
Parameters: 0.999998 0.000813984 -0.00185611 -0.000814351 0.999999 -0.000346184 0.00185516 0.000347816 0.999998 -0.168116 0.0944265 -0.471895
FixedParameters: 0 0 0

#Transform 92
Transform: AffineTransform_float_3_3
Parameters: 0.999997 0.000850918 -0.00219426 -0.00085146 0.999999 -0.000211674 0.00219482 0.000213326 0.999997 -0.147338 0.0886834 -0.45755
FixedParameters: 0 0 0

#Transform 93
Transform: AffineTransform_float_3_3
Parameters: 0.999998 0.000814348 -0.00188567 -0.000813669 0.999999 0.000283993 0.00188521 -0.000283008 0.999998 -0.154874 0.0997447 -0.426451
FixedParameters: 0 0 0

#Transform 94
Transform: AffineTransform_float_3_3
Parameters: 0.999998 0.000511365 -0.00187304 -0.000511501 1 -0.000281737 0.00187236 0.000282263 0.999998 -0.157923 0.102375 -0.383435
FixedParameters: 0 0 0

#Transform 95
Transform: AffineTransform_float_3_3
Parameters: 0.999999 0.000676935 -0.00170479 -0.000677629 1 0.000181461 0.00170451 -0.000180541 0.999999 -0.160366 0.0949618 -0.388745
FixedParameters: 0 0 0

#Transform 96
Transform: AffineTransform_float_3_3
Parameters: 0.999999 0.000508394 -0.00171105 -0.000508621 1 -0.000334978 0.00171032 0.000336023 0.999998 -0.163827 0.0991659 -0.414401
FixedParameters: 0 0 0

#Transform 97
Transform: AffineTransform_float_3_3
Parameters: 0.999999 0.000629805 -0.00142714 -0.00062882 1 0.000345204 0.00142758 -0.000344796 1 -0.187039 0.0916974 -0.393607
FixedParameters: 0 0 0

#Transform 98
Transform: AffineTransform_float_3_3
Parameters: 0.999999 0.000491583 -0.00175224 -0.000491187 1 0.000113166 0.00175236 -0.000112834 0.999999 -0.169499 0.0978072 -0.448906
FixedParameters: 0 0 0

#Transform 99
Transform: AffineTransform_float_3_3
Parameters: 0.999999 0.00047053 -0.00180276 -0.00046965 1 0.000353 0.00180217 -0.000352 0.999998 -0.1661 0.0897413 -0.423438
FixedParameters: 0 0 0

#Transform 100
Transform: AffineTransform_float_3_3
Parameters: 0.999998 0.000750945 -0.00187165 -0.000750398 1 0.000392711 0.00187263 -0.000391289 0.999998 -0.187935 0.0977594 -0.425761
FixedParameters: 0 0 0

#Transform 101
Transform: AffineTransform_float_3_3
Parameters: 0.999999 0.000457735 -0.00171795 -0.000456256 1 0.000430937 0.00171834 -0.000430062 0.999998 -0.166177 0.0853606 -0.453935
FixedParameters: 0 0 0

#Transform 102
Transform: AffineTransform_float_3_3
Parameters: 0.999998 0.000284991 -0.0017337 -0.000283636 1 0.000503645 0.00173307 -0.000503354 0.999998 -0.164929 0.0879437 -0.44191
FixedParameters: 0 0 0

#Transform 103
Transform: AffineTransform_float_3_3
Parameters: 0.999999 0.000515872 -0.0017219 -0.000515534 1 0.000479194 0.00172187 -0.000478807 0.999999 -0.165762 0.0876194 -0.445693
FixedParameters: 0 0 0

#Transform 104
Transform: AffineTransform_float_3_3
Parameters: 0.999998 0.000333616 -0.00168498 -0.000332499 1 0.000331714 0.0016852 -0.000331286 0.999998 -0.158326 0.0985496 -0.431302
FixedParameters: 0 0 0

#Transform 105
Transform: AffineTransform_float_3_3
Parameters: 0.999999 0.000412093 -0.00150302 -0.000410985 1 0.000498771 0.00150251 -0.000498229 0.999999 -0.171502 0.0756558 -0.471486
FixedParameters: 0 0 0

#Transform 106
Transform: AffineTransform_float_3_3
Parameters: 0.999999 0.000322652 -0.00180307 -0.000321828 1 0.000336886 0.00180237 -0.000337114 0.999998 -0.162904 0.0797421 -0.463251
FixedParameters: 0 0 0

#Transform 107
Transform: AffineTransform_float_3_3
Parameters: 0.999997 0.000341078 -0.00210839 -0.000340185 1 0.000430384 0.00210907 -0.000429617 0.999998 -0.147993 0.0857456 -0.379317
FixedParameters: 0 0 0

#Transform 108
Transform: AffineTransform_float_3_3
Parameters: 0.999997 0.000157731 -0.00218173 -0.000156248 1 0.000340007 0.00218183 -0.000339992 0.999998 -0.149902 0.10568 -0.369516
FixedParameters: 0 0 0

#Transform 109
Transform: AffineTransform_float_3_3
Parameters: 0.999997 -0.000147854 -0.00248672 0.000147686 1 0.000230018 0.00248612 -0.000229984 0.999997 -0.13586 0.0739078 -0.420387
FixedParameters: 0 0 0

#Transform 110
Transform: AffineTransform_float_3_3
Parameters: 0.999998 0.000250504 -0.00227364 -0.000250568 1 -1.37652e-05 0.00227363 1.42345e-05 0.999997 -0.161358 0.0690809 -0.431163
FixedParameters: 0 0 0

#Transform 111
Transform: AffineTransform_float_3_3
Parameters: 0.999997 0.000163855 -0.00250487 -0.000163917 1 0.000249589 0.00250442 -0.000249413 0.999997 -0.151173 0.101609 -0.451095
FixedParameters: 0 0 0

#Transform 112
Transform: AffineTransform_float_3_3
Parameters: 0.999998 0.000217643 -0.00224206 -0.000216769 1 0.000195152 0.00224215 -0.000194848 0.999998 -0.14795 0.0854039 -0.426189
FixedParameters: 0 0 0

#Transform 113
Transform: AffineTransform_float_3_3
Parameters: 0.999997 0.000208587 -0.00246757 -0.000208219 1 7.43318e-05 0.00246761 -7.4668e-05 0.999997 -0.151777 0.0930289 -0.432799
FixedParameters: 0 0 0

#Transform 114
Transform: AffineTransform_float_3_3
Parameters: 0.999998 0.000273579 -0.00230176 -0.000273121 1 9.94468e-05 0.00230182 -9.9553e-05 0.999998 -0.119338 0.0717252 -0.45981
FixedParameters: 0 0 0

#Transform 115
Transform: AffineTransform_float_3_3
Parameters: 0.999997 0.000272593 -0.00250171 -0.000272996 1 -0.0002645 0.00250117 0.0002645 0.999997 -0.14661 0.0911887 -0.470084
FixedParameters: 0 0 0

#Transform 116
Transform: AffineTransform_float_3_3
Parameters: 0.999997 0.000177433 -0.00273164 -0.000175942 1 0.000681661 0.00273175 -0.00068134 0.999996 -0.134882 0.0855744 -0.467388
FixedParameters: 0 0 0

#Transform 117
Transform: AffineTransform_float_3_3
Parameters: 0.999997 0.000186469 -0.0024797 -0.000186172 1 0.00024528 0.00248019 -0.000245721 0.999997 -0.133886 0.0859244 -0.503724
FixedParameters: 0 0 0

#Transform 118
Transform: AffineTransform_float_3_3
Parameters: 0.999998 0.00019844 -0.00232167 -0.000197528 1 0.000394278 0.00232222 -0.000394723 0.999997 -0.14741 0.0903477 -0.477484
FixedParameters: 0 0 0

#Transform 119
Transform: AffineTransform_float_3_3
Parameters: 0.999996 -3.70167e-05 -0.00264113 3.76413e-05 1 0.000366079 0.00264057 -0.000366922 0.999997 -0.13111 0.100718 -0.455227
FixedParameters: 0 0 0

#Transform 120
Transform: AffineTransform_float_3_3
Parameters: 0.999998 8.60033e-05 -0.00232827 -8.53403e-05 1 0.000423865 0.00232781 -0.000424136 0.999997 -0.155114 0.0916595 -0.449274
FixedParameters: 0 0 0

#Transform 121
Transform: AffineTransform_float_3_3
Parameters: 0.999998 0.000313946 -0.00221177 -0.000312489 1 0.000626358 0.00221164 -0.000625642 0.999997 -0.139288 0.0803189 -0.474155
FixedParameters: 0 0 0

#Transform 122
Transform: AffineTransform_float_3_3
Parameters: 0.999997 2.23285e-05 -0.00252312 -2.23406e-05 1 0.000180441 0.00252352 -0.00017956 0.999997 -0.153414 0.0884042 -0.491904
FixedParameters: 0 0 0

#Transform 123
Transform: AffineTransform_float_3_3
Parameters: 0.999997 0.00022222 -0.00219919 -0.000221218 1 0.000437153 0.00219977 -0.000436848 0.999998 -0.167864 0.0862836 -0.478528
FixedParameters: 0 0 0

#Transform 124
Transform: AffineTransform_float_3_3
Parameters: 0.999997 -9.27605e-05 -0.00254154 9.28876e-05 1 0.00028279 0.00254096 -0.000283212 0.999997 -0.142338 0.0883023 -0.466888
FixedParameters: 0 0 0

#Transform 125
Transform: AffineTransform_float_3_3
Parameters: 0.999997 -1.27823e-05 -0.00254505 1.33024e-05 1 0.000283351 0.00254543 -0.000282649 0.999997 -0.151014 0.0867492 -0.458218
FixedParameters: 0 0 0

#Transform 126
Transform: AffineTransform_float_3_3
Parameters: 0.999997 0.000106863 -0.00270202 -0.000105675 1 0.000462465 0.00270159 -0.000462536 0.999996 -0.146727 0.0792585 -0.475851
FixedParameters: 0 0 0

#Transform 127
Transform: AffineTransform_float_3_3
Parameters: 0.999996 -5.74304e-06 -0.00256563 6.14845e-06 1 7.90093e-05 0.00256563 -7.89905e-05 0.999997 -0.14032 0.0770478 -0.490693
FixedParameters: 0 0 0

#Transform 128
Transform: AffineTransform_float_3_3
Parameters: 0.999997 4.08415e-05 -0.00267391 -4.00651e-05 1 0.000562287 0.00267382 -0.000562716 0.999996 -0.161237 0.0900069 -0.476593
FixedParameters: 0 0 0

#Transform 129
Transform: AffineTransform_float_3_3
Parameters: 0.999997 -0.000245597 -0.00247894 0.000245772 1 0.000220776 0.00247922 -0.000221225 0.999997 -0.155659 0.0803991 -0.47861
FixedParameters: 0 0 0

#Transform 130
Transform: AffineTransform_float_3_3
Parameters: 0.999997 2.66085e-05 -0.00246243 -2.52575e-05 1 0.000727242 0.00246233 -0.00072776 0.999997 -0.167158 0.0907975 -0.454297
FixedParameters: 0 0 0

#Transform 131
Transform: AffineTransform_float_3_3
Parameters: 0.999996 -0.000103249 -0.00257272 0.000104894 1 0.000497909 0.00257301 -0.00049909 0.999997 -0.149823 0.0854341 -0.467113
FixedParameters: 0 0 0

#Transform 132
Transform: AffineTransform_float_3_3
Parameters: 0.999997 -2.15587e-06 -0.00248934 3.56846e-06 1 0.000732018 0.00248919 -0.000731983 0.999997 -0.153533 0.0831078 -0.486347
FixedParameters: 0 0 0

#Transform 133
Transform: AffineTransform_float_3_3
Parameters: 0.999998 9.19428e-05 -0.00231089 -9.07036e-05 1 0.000751237 0.00231089 -0.000750766 0.999998 -0.165398 0.0871043 -0.462923
FixedParameters: 0 0 0

#Transform 134
Transform: AffineTransform_float_3_3
Parameters: 0.999997 -2.73064e-05 -0.00238372 2.74734e-05 1 0.00011696 0.00238279 -0.000117041 0.999997 -0.147925 0.0860114 -0.44779
FixedParameters: 0 0 0

#Transform 135
Transform: AffineTransform_float_3_3
Parameters: 0.999997 -6.34499e-05 -0.00220893 6.27873e-05 1 -0.000150114 0.00220895 0.000149885 0.999998 -0.13986 0.0777283 -0.421524
FixedParameters: 0 0 0

#Transform 136
Transform: AffineTransform_float_3_3
Parameters: 0.999997 -0.000339361 -0.00246567 0.000338296 1 -0.000402604 0.00246555 0.000402396 0.999997 -0.153871 0.079501 -0.436485
FixedParameters: 0 0 0

#Transform 137
Transform: AffineTransform_float_3_3
Parameters: 0.999996 3.43654e-05 -0.00283914 -3.4425e-05 1 -1.07248e-05 0.00283914 1.02748e-05 0.999996 -0.140624 0.0950286 -0.475933
FixedParameters: 0 0 0

#Transform 138
Transform: AffineTransform_float_3_3
Parameters: 0.999997 -0.000157247 -0.00252498 0.000158114 1 0.000353986 0.00252526 -0.000354014 0.999997 -0.144243 0.0957945 -0.468104
FixedParameters: 0 0 0

#Transform 139
Transform: AffineTransform_float_3_3
Parameters: 0.999996 -0.000196796 -0.00255927 0.000197637 1 0.00034388 0.00255953 -0.00034412 0.999997 -0.155002 0.0992993 -0.470046
FixedParameters: 0 0 0

#Transform 140
Transform: AffineTransform_float_3_3
Parameters: 0.999997 -0.000100239 -0.00267196 0.000100914 1 0.000297909 0.00267229 -0.000299092 0.999997 -0.148775 0.0957826 -0.469732
FixedParameters: 0 0 0

#Transform 141
Transform: AffineTransform_float_3_3
Parameters: 0.999997 -0.000267799 -0.00263674 0.000268434 1 0.000294677 0.00263697 -0.000295323 0.999996 -0.161896 0.0885145 -0.484763
FixedParameters: 0 0 0

#Transform 142
Transform: AffineTransform_float_3_3
Parameters: 0.999997 -9.03632e-05 -0.00266324 9.129e-05 1 0.000174142 0.00266321 -0.000173857 0.999996 -0.165131 0.0986848 -0.464035
FixedParameters: 0 0 0

#Transform 143
Transform: AffineTransform_float_3_3
Parameters: 0.999997 -0.000247773 -0.00267546 0.000249195 1 0.00051036 0.00267467 -0.00051164 0.999996 -0.136148 0.0971453 -0.445944
FixedParameters: 0 0 0

#Transform 144
Transform: AffineTransform_float_3_3
Parameters: 0.999997 -0.000271629 -0.00247212 0.000272575 1 0.000377559 0.0024723 -0.000377441 0.999997 -0.144354 0.102376 -0.450552
FixedParameters: 0 0 0

#Transform 145
Transform: AffineTransform_float_3_3
Parameters: 0.999997 -0.000381702 -0.00247984 0.000381994 1 0.000244285 0.00248005 -0.000244716 0.999997 -0.145289 0.0976096 -0.461259
FixedParameters: 0 0 0

#Transform 146
Transform: AffineTransform_float_3_3
Parameters: 0.999996 -0.000514428 -0.00285032 0.000515879 0.999999 0.000415275 0.00285028 -0.000416724 0.999996 -0.130631 0.0977239 -0.460356
FixedParameters: 0 0 0

#Transform 147
Transform: AffineTransform_float_3_3
Parameters: 0.999997 -0.00026207 -0.0025119 0.000263737 0.999999 0.000514723 0.00251202 -0.000515275 0.999997 -0.14819 0.101594 -0.458168
FixedParameters: 0 0 0

#Transform 148
Transform: AffineTransform_float_3_3
Parameters: 0.999995 -0.000556001 -0.00290882 0.000556622 1 0.000264126 0.00290892 -0.000265874 0.999996 -0.156091 0.10308 -0.448453
FixedParameters: 0 0 0

#Transform 149
Transform: AffineTransform_float_3_3
Parameters: 0.999995 -0.000555667 -0.00287304 0.000556944 1 0.000381993 0.00287301 -0.000383007 0.999995 -0.143124 0.0857144 -0.488408
FixedParameters: 0 0 0

#Transform 150
Transform: AffineTransform_float_3_3
Parameters: 0.999996 -0.000629312 -0.00254964 0.000629849 1 0.000361627 0.00254865 -0.000363373 0.999996 -0.140583 0.089873 -0.454717
FixedParameters: 0 0 0

#Transform 151
Transform: AffineTransform_float_3_3
Parameters: 0.999996 -0.000432859 -0.00256361 0.00043241 1 9.12761e-05 0.00256392 -9.27258e-05 0.999997 -0.144017 0.093143 -0.422394
FixedParameters: 0 0 0

#Transform 152
Transform: AffineTransform_float_3_3
Parameters: 0.999997 -0.000530629 -0.00267296 0.000531242 0.999999 0.000359325 0.00267204 -0.000360675 0.999997 -0.13628 0.0905817 -0.452942
FixedParameters: 0 0 0

#Transform 153
Transform: AffineTransform_float_3_3
Parameters: 0.999996 -0.000642923 -0.00294235 0.000644766 0.999999 0.000625209 0.00294232 -0.000626791 0.999996 -0.141952 0.102789 -0.446096
FixedParameters: 0 0 0

#Transform 154
Transform: AffineTransform_float_3_3
Parameters: 0.999996 -0.000269807 -0.00289766 0.00027066 1 0.000305961 0.00289788 -0.000306039 0.999996 -0.125372 0.0852064 -0.458191
FixedParameters: 0 0 0

#Transform 155
Transform: AffineTransform_float_3_3
Parameters: 0.999997 -0.00084717 -0.00256179 0.000844558 0.999999 -0.000690575 0.00256256 0.000688423 0.999997 -0.125669 0.0829311 -0.472141
FixedParameters: 0 0 0

#Transform 156
Transform: AffineTransform_float_3_3
Parameters: 0.999997 -0.000635835 -0.00261553 0.000636127 0.999999 -0.00012128 0.0026153 0.000118722 0.999996 -0.14094 0.108043 -0.412282
FixedParameters: 0 0 0

#Transform 157
Transform: AffineTransform_float_3_3
Parameters: 0.999997 -0.000624527 -0.00264075 0.000625465 0.999999 0.000351094 0.0026407 -0.000352907 0.999997 -0.138942 0.0990881 -0.430626
FixedParameters: 0 0 0

#Transform 158
Transform: AffineTransform_float_3_3
Parameters: 0.999996 -0.000628751 -0.00292923 0.0006283 0.999999 -7.80967e-05 0.00292933 7.59025e-05 0.999996 -0.131856 0.104809 -0.42123
FixedParameters: 0 0 0

#Transform 159
Transform: AffineTransform_float_3_3
Parameters: 0.999997 -0.00042242 -0.00243903 0.000421656 1 -0.000345798 0.00243893 0.000345202 0.999997 -0.143792 0.103548 -0.402335
FixedParameters: 0 0 0

#Transform 160
Transform: AffineTransform_float_3_3
Parameters: 0.999994 -0.00125885 -0.0030387 0.00125799 0.999999 -0.000445667 0.00303904 0.000442335 0.999996 -0.10213 0.10414 -0.417816
FixedParameters: 0 0 0

#Transform 161
Transform: AffineTransform_float_3_3
Parameters: 0.999997 -0.000632159 -0.00260644 0.000630149 0.999999 -0.000562901 0.00260676 0.000561098 0.999997 -0.133768 0.113525 -0.401874
FixedParameters: 0 0 0

#Transform 162
Transform: AffineTransform_float_3_3
Parameters: 0.999995 -0.000719528 -0.00314055 0.000720021 1 -6.91579e-05 0.00314026 6.68445e-05 0.999995 -0.124341 0.0977479 -0.419431
FixedParameters: 0 0 0

#Transform 163
Transform: AffineTransform_float_3_3
Parameters: 0.999995 -0.000875635 -0.00281912 0.00087366 0.999999 -0.000514874 0.00281963 0.000512124 0.999996 -0.111339 0.0920062 -0.431074
FixedParameters: 0 0 0

#Transform 164
Transform: AffineTransform_float_3_3
Parameters: 0.999996 -0.000967312 -0.00245203 0.000964812 0.999999 -0.00088593 0.00245295 0.000884069 0.999997 -0.121998 0.0989105 -0.417348
FixedParameters: 0 0 0

#Transform 165
Transform: AffineTransform_float_3_3
Parameters: 0.999997 -0.00094344 -0.00252834 0.000944305 1 0.000170052 0.00252802 -0.000171947 0.999997 -0.12881 0.101855 -0.392973
FixedParameters: 0 0 0

#Transform 166
Transform: AffineTransform_float_3_3
Parameters: 0.999996 -0.000892106 -0.00246322 0.000891695 0.999999 0.000102035 0.00246343 -0.000104966 0.999997 -0.129268 0.103476 -0.417742
FixedParameters: 0 0 0

#Transform 167
Transform: AffineTransform_float_3_3
Parameters: 0.999997 -0.000980725 -0.00228766 0.000980904 0.999999 3.78351e-05 0.00228758 -4.01645e-05 0.999997 -0.135532 0.0880135 -0.41492
FixedParameters: 0 0 0

#Transform 168
Transform: AffineTransform_float_3_3
Parameters: 0.999997 -0.00107318 -0.00215381 0.00107268 0.999999 -0.000544386 0.0021542 0.000542616 0.999997 -0.105074 0.0705736 -0.440948
FixedParameters: 0 0 0

#Transform 169
Transform: AffineTransform_float_3_3
Parameters: 0.999997 -0.00153074 -0.00197321 0.00152922 0.999998 -0.000853246 0.00197504 0.000850753 0.999997 -0.0844093 0.0572765 -0.425083
FixedParameters: 0 0 0

#Transform 170
Transform: AffineTransform_float_3_3
Parameters: 0.999997 -0.00123776 -0.00209908 0.00123661 0.999999 -0.000493671 0.00209991 0.000491329 0.999998 -0.112877 0.0686592 -0.406247
FixedParameters: 0 0 0

#Transform 171
Transform: AffineTransform_float_3_3
Parameters: 0.999995 -0.00168788 -0.0026281 0.00168661 0.999998 -0.000593943 0.00262932 0.000590058 0.999996 -0.105079 0.0735224 -0.418462
FixedParameters: 0 0 0

#Transform 172
Transform: AffineTransform_float_3_3
Parameters: 0.999996 -0.00135459 -0.00218 0.00135439 0.999999 -4.70266e-05 0.00218012 4.39735e-05 0.999997 -0.0842623 0.0718853 -0.431208
FixedParameters: 0 0 0

#Transform 173
Transform: AffineTransform_float_3_3
Parameters: 0.999997 -0.00133658 -0.00215368 0.0013349 0.999999 -0.000728951 0.00215392 0.000726049 0.999997 -0.10192 0.0783991 -0.420266
FixedParameters: 0 0 0

#Transform 174
Transform: AffineTransform_float_3_3
Parameters: 0.999996 -0.00120127 -0.00232228 0.00120144 0.999999 0.000234137 0.00232211 -0.000236864 0.999997 -0.0972523 0.0790165 -0.387834
FixedParameters: 0 0 0

#Transform 175
Transform: AffineTransform_float_3_3
Parameters: 0.999996 -0.00150606 -0.00214048 0.00150494 0.999998 -0.000388296 0.00214033 0.000384704 0.999997 -0.0937429 0.0863905 -0.428718
FixedParameters: 0 0 0

#Transform 176
Transform: AffineTransform_float_3_3
Parameters: 0.999997 -0.00104011 -0.00212341 0.00104058 1 0.000110717 0.00212318 -0.000112282 0.999998 -0.117653 0.105315 -0.396279
FixedParameters: 0 0 0

#Transform 177
Transform: AffineTransform_float_3_3
Parameters: 0.999995 -0.00162298 -0.00252346 0.00162304 0.999998 1.01902e-05 0.00252342 -1.48093e-05 0.999997 -0.0945279 0.095632 -0.406916
FixedParameters: 0 0 0

#Transform 178
Transform: AffineTransform_float_3_3
Parameters: 0.999997 -0.00153045 -0.00221101 0.0015305 0.999999 0.000426751 0.00221048 -0.000429251 0.999998 -0.094583 0.103813 -0.392452
FixedParameters: 0 0 0

#Transform 179
Transform: AffineTransform_float_3_3
Parameters: 0.999996 -0.0015881 -0.0024416 0.00158837 0.999999 5.42552e-05 0.00244143 -5.77439e-05 0.999997 -0.0990505 0.0935116 -0.40995
FixedParameters: 0 0 0
