#Insight Transform File V1.0
#Transform 0
Transform: AffineTransform_float_3_3
Parameters: 1 -0.00020479 -4.99821e-05 0.000204276 1 0.00015699 5.12292e-05 -0.00015701 1 -0.0798794 -0.368833 -0.481291
FixedParameters: 0 0 0

#Transform 1
Transform: AffineTransform_float_3_3
Parameters: 0.999999 0.000676242 -0.000676483 -0.00067697 1 -0.000537902 0.000675755 0.000538098 0.999999 0.0388142 0.0583696 -0.15059
FixedParameters: 0 0 0

#Transform 2
Transform: AffineTransform_float_3_3
Parameters: 1 0.000926915 -8.76817e-05 -0.000927746 0.999998 -0.00173207 8.57797e-05 0.00173293 0.999999 0.0184936 0.103543 -0.117243
FixedParameters: 0 0 0

#Transform 3
Transform: AffineTransform_float_3_3
Parameters: 0.999999 0.000942181 -0.000201741 -0.000942421 1 -0.000596322 0.000200617 0.000596677 0.999999 0.0238547 0.104759 -0.188412
FixedParameters: 0 0 0

#Transform 4
Transform: AffineTransform_float_3_3
Parameters: 0.999999 0.000793713 -0.000400188 -0.000793936 0.999999 -0.000277682 0.000399747 0.000278317 1 0.0120294 0.0919587 -0.251154
FixedParameters: 0 0 0

#Transform 5
Transform: AffineTransform_float_3_3
Parameters: 1 0.00106542 0.000236934 -0.0010647 0.999998 -0.00181041 -0.000238559 0.00181059 0.999998 -0.0342087 0.129245 -0.323757
FixedParameters: 0 0 0

#Transform 6
Transform: AffineTransform_float_3_3
Parameters: 0.999999 0.000919891 -0.000103889 -0.000920311 0.999998 -0.0013519 0.000103632 0.0013521 0.999999 0.016544 0.130016 -0.332244
FixedParameters: 0 0 0

#Transform 7
Transform: AffineTransform_float_3_3
Parameters: 1 0.0010632 0.000102025 -0.00106366 0.999999 0.000361739 -0.000102177 -0.000361261 0.999999 -0.0100962 0.116702 -0.247354
FixedParameters: 0 0 0

#Transform 8
Transform: AffineTransform_float_3_3
Parameters: 1 0.00101543 0.000121492 -0.00101532 1 -0.000459636 -0.000122425 0.000459364 1 -0.00752752 0.14287 -0.172349
FixedParameters: 0 0 0

#Transform 9
Transform: AffineTransform_float_3_3
Parameters: 0.999999 0.000659341 0.000272672 -0.000659848 0.999999 -0.00075682 -0.00027328 0.00075718 1 0.0258531 0.148269 -0.29174
FixedParameters: 0 0 0

#Transform 10
Transform: AffineTransform_float_3_3
Parameters: 1 0.000587349 -0.000887432 -0.000587438 1 0.000688315 0.000887711 -0.000688686 0.999999 0.0429238 0.137877 -0.107596
FixedParameters: 0 0 0

#Transform 11
Transform: AffineTransform_float_3_3
Parameters: 1 0.00063969 -0.000763397 -0.000639282 1 0.000267488 0.000763738 -0.000266512 0.999999 0.0565637 0.137464 -0.0504484
FixedParameters: 0 0 0

#Transform 12
Transform: AffineTransform_float_3_3
Parameters: 1 0.00094687 -0.000425924 -0.000946516 0.999999 0.000874044 0.000426658 -0.000873956 0.999999 -0.01973 0.119827 -0.13539
FixedParameters: 0 0 0

#Transform 13
Transform: AffineTransform_float_3_3
Parameters: 0.999999 0.001217 0.000523124 -0.00121828 0.999997 0.00224421 -0.00052028 -0.00224479 0.999997 -0.0359878 0.127574 0.018665
FixedParameters: 0 0 0

#Transform 14
Transform: AffineTransform_float_3_3
Parameters: 1 0.000587381 0.000200057 -0.00058867 0.999994 0.00358652 -0.00019807 -0.00358748 0.999993 0.0320577 0.149812 0.0184511
FixedParameters: 0 0 0

#Transform 15
Transform: AffineTransform_float_3_3
Parameters: 1 0.000306111 -6.92963e-05 -0.000306132 0.999997 0.00265266 7.00001e-05 -0.00265334 0.999996 0.0882291 0.144757 0.039332
FixedParameters: 0 0 0

#Transform 16
Transform: AffineTransform_float_3_3
Parameters: 0.999999 0.00043638 -0.000793799 -0.0004368 0.999999 -0.0002645 0.000793568 0.000264499 1 0.0763682 0.130851 0.0649142
FixedParameters: 0 0 0

#Transform 17
Transform: AffineTransform_float_3_3
Parameters: 1 0.000470574 -0.0010362 -0.000470465 0.999999 5.26403e-05 0.00103625 -5.23598e-05 0.999999 0.0659713 0.149289 0.00503068
FixedParameters: 0 0 0

#Transform 18
Transform: AffineTransform_float_3_3
Parameters: 1 0.000474448 -0.00014138 -0.000474309 1 0.000490067 0.000141844 -0.000489933 1 0.0685098 0.147294 -0.0584174
FixedParameters: 0 0 0

#Transform 19
Transform: AffineTransform_float_3_3
Parameters: 1 0.000401012 4.36203e-05 -0.000400582 1 -0.000453017 -4.30629e-05 0.000452983 1 0.0439401 0.14453 -0.0388568
FixedParameters: 0 0 0

#Transform 20
Transform: AffineTransform_float_3_3
Parameters: 1 0.000793338 0.000655546 -0.000792248 0.999999 -0.00123552 -0.000656193 0.00123448 0.999999 0.0327297 0.142357 -0.0428498
FixedParameters: 0 0 0

#Transform 21
Transform: AffineTransform_float_3_3
Parameters: 1 0.000327765 0.000512612 -0.000327054 0.999999 -0.000693167 -0.000513065 0.000692831 0.999999 0.07062 0.148983 -0.0143239
FixedParameters: 0 0 0

#Transform 22
Transform: AffineTransform_float_3_3
Parameters: 1 0.0003629 0.000411914 -0.000363657 1 -0.000198302 -0.000411668 0.000198698 0.999999 0.0743264 0.157898 0.0150728
FixedParameters: 0 0 0

#Transform 23
Transform: AffineTransform_float_3_3
Parameters: 1 0.000125063 0.000177254 -0.000125293 1 0.000646978 -0.000177092 -0.000647022 1 0.120126 0.165606 -0.193963
FixedParameters: 0 0 0

#Transform 24
Transform: AffineTransform_float_3_3
Parameters: 1 0.000227024 0.00106292 -0.000225708 1 -0.000618881 -0.0010632 0.000619119 0.999999 0.0822216 0.166791 -0.0992302
FixedParameters: 0 0 0

#Transform 25
Transform: AffineTransform_float_3_3
Parameters: 1 -0.000229229 0.0011038 0.000229984 0.999999 -0.000759234 -0.00110306 0.000759766 0.999999 0.109966 0.161024 -0.0585131
FixedParameters: 0 0 0

#Transform 26
Transform: AffineTransform_float_3_3
Parameters: 0.999999 -0.000162103 0.00126118 0.00016309 1 -0.000910795 -0.00126142 0.000911206 0.999999 0.122159 0.170336 -0.100667
FixedParameters: 0 0 0

#Transform 27
Transform: AffineTransform_float_3_3
Parameters: 1 -0.000460126 0.00104879 0.000460125 1 0.000439482 -0.00104959 -0.000438517 0.999999 0.148148 0.1723 -0.277954
FixedParameters: 0 0 0

#Transform 28
Transform: AffineTransform_float_3_3
Parameters: 1 -0.000348694 0.00100229 0.000348405 1 -0.000509651 -0.00100246 0.00051035 0.999999 0.0867634 0.141826 -0.239865
FixedParameters: 0 0 0

#Transform 29
Transform: AffineTransform_float_3_3
Parameters: 1 -9.67426e-06 0.000224347 9.34616e-06 0.999996 0.00278 -0.00022479 -0.00278 0.999996 0.0709263 0.17491 0.0371761
FixedParameters: 0 0 0

#Transform 30
Transform: AffineTransform_float_3_3
Parameters: 1 -0.000330203 9.44895e-05 0.000330013 0.999996 0.00305803 -9.5588e-05 -0.00305797 0.999996 0.0954372 0.187108 0.0332458
FixedParameters: 0 0 0

#Transform 31
Transform: AffineTransform_float_3_3
Parameters: 1 -0.000613543 -0.000116967 0.000613638 0.999996 0.00269293 0.000114973 -0.00269307 0.999997 0.12169 0.189438 -0.0941767
FixedParameters: 0 0 0

#Transform 32
Transform: AffineTransform_float_3_3
Parameters: 1 -0.000218533 0.000443955 0.000217204 0.999998 0.0019371 -0.000443878 -0.0019369 0.999998 0.0777172 0.200031 -0.0517205
FixedParameters: 0 0 0

#Transform 33
Transform: AffineTransform_float_3_3
Parameters: 1 -0.000629732 0.000136115 0.000628874 0.999999 0.00120309 -0.000136318 -0.00120291 1 0.0917363 0.194498 -0.0830544
FixedParameters: 0 0 0

#Transform 34
Transform: AffineTransform_float_3_3
Parameters: 1 -0.000469538 0.000273274 0.000469626 1 -0.000159872 -0.000273123 0.000160128 1 0.132203 0.182985 -0.139295
FixedParameters: 0 0 0

#Transform 35
Transform: AffineTransform_float_3_3
Parameters: 1 -0.000276082 -1.33981e-05 0.000276104 0.999999 0.000831996 1.29387e-05 -0.000832003 0.999999 0.087839 0.173141 -0.0469828
FixedParameters: 0 0 0

#Transform 36
Transform: AffineTransform_float_3_3
Parameters: 1 -0.000411298 0.00101515 0.000410633 0.999999 0.000327569 -0.00101542 -0.00032743 0.999999 0.09728 0.183802 -0.0949302
FixedParameters: 0 0 0

#Transform 37
Transform: AffineTransform_float_3_3
Parameters: 0.999999 -0.000850735 0.00165893 0.000849902 0.999999 0.000251716 -0.00165935 -0.000250283 0.999999 0.116312 0.193811 -0.193129
FixedParameters: 0 0 0

#Transform 38
Transform: AffineTransform_float_3_3
Parameters: 1 -0.00028724 0.00102289 0.000290898 0.999993 -0.00352219 -0.00102153 0.00352281 0.999994 0.129017 0.234219 -0.426587
FixedParameters: 0 0 0

#Transform 39
Transform: AffineTransform_float_3_3
Parameters: 0.999999 -8.97769e-05 0.000714558 9.11284e-05 0.999999 -0.00186294 -0.00071475 0.00186307 0.999998 0.118038 0.234466 -0.158391
FixedParameters: 0 0 0

#Transform 40
Transform: AffineTransform_float_3_3
Parameters: 1 -9.23081e-05 0.000515453 9.28593e-05 0.999999 -0.0014288 -0.000514798 0.0014282 0.999999 0.11705 0.242752 -0.151093
FixedParameters: 0 0 0

#Transform 41
Transform: AffineTransform_float_3_3
Parameters: 1 -0.000330107 0.000956407 0.000331219 0.999999 -0.00058153 -0.000956023 0.000581468 0.999999 0.115309 0.193256 -0.259458
FixedParameters: 0 0 0

#Transform 42
Transform: AffineTransform_float_3_3
Parameters: 0.999997 -0.000670537 0.00209317 0.000671486 1 -0.00053929 -0.00209298 0.00054071 0.999997 0.108741 0.186023 -0.211326
FixedParameters: 0 0 0

#Transform 43
Transform: AffineTransform_float_3_3
Parameters: 0.999998 -0.0011701 0.00125372 0.00116877 0.999998 0.00136841 -0.00125455 -0.00136759 0.999998 0.128889 0.207608 -0.10697
FixedParameters: 0 0 0

#Transform 44
Transform: AffineTransform_float_3_3
Parameters: 0.999999 -0.000968082 0.00116868 0.000967216 0.999998 0.00109928 -0.00116936 -0.00109772 0.999999 0.104251 0.236161 -0.0819317
FixedParameters: 0 0 0

#Transform 45
Transform: AffineTransform_float_3_3
Parameters: 0.999998 -0.000722937 0.00147873 0.00072316 1 0.000236375 -0.00147947 -0.000235625 0.999999 0.104859 0.218968 -0.250312
FixedParameters: 0 0 0

#Transform 46
Transform: AffineTransform_float_3_3
Parameters: 0.999999 -0.000874978 0.00124957 0.000879655 0.999991 -0.00413275 -0.00124536 0.00413425 0.999991 0.143576 0.24794 -0.449596
FixedParameters: 0 0 0

#Transform 47
Transform: AffineTransform_float_3_3
Parameters: 0.999999 -0.000763664 0.00120094 0.000767682 0.999994 -0.00347729 -0.00119812 0.00347771 0.999993 0.173173 0.229925 -0.403335
FixedParameters: 0 0 0

#Transform 48
Transform: AffineTransform_float_3_3
Parameters: 0.999999 -0.00094597 0.000321068 0.000946674 0.999995 -0.00293606 -0.000318273 0.00293594 0.999995 0.198891 0.230435 -0.417202
FixedParameters: 0 0 0

#Transform 49
Transform: AffineTransform_float_3_3
Parameters: 0.999996 -0.000414933 0.00260027 0.00042297 0.999995 -0.00315974 -0.00259948 0.00316127 0.999992 0.139448 0.237791 -0.404125
FixedParameters: 0 0 0

#Transform 50
Transform: AffineTransform_float_3_3
Parameters: 0.999996 -0.000604943 0.00268061 0.000611291 0.999997 -0.0025784 -0.00267973 0.0025796 0.999993 0.143934 0.213062 -0.240809
FixedParameters: 0 0 0

#Transform 51
Transform: AffineTransform_float_3_3
Parameters: 0.999998 -0.000847162 0.00212256 0.000849331 0.999999 -0.0011279 -0.00212171 0.00113011 0.999997 0.131034 0.240581 -0.169512
FixedParameters: 0 0 0

#Transform 52
Transform: AffineTransform_float_3_3
Parameters: 0.999999 -0.000586893 0.000760724 0.000587273 0.999999 -0.0011124 -0.000759947 0.0011126 1 0.214834 0.224153 -0.30944
FixedParameters: 0 0 0

#Transform 53
Transform: AffineTransform_float_3_3
Parameters: 0.999997 -0.000656571 0.00209622 0.000661571 0.999997 -0.0021308 -0.002095 0.0021322 0.999996 0.119686 0.237951 -0.302462
FixedParameters: 0 0 0

#Transform 54
Transform: AffineTransform_float_3_3
Parameters: 0.999997 -0.000996516 0.00220444 0.00100438 0.999994 -0.00327134 -0.00220054 0.00327366 0.999993 0.146499 0.239525 -0.230554
FixedParameters: 0 0 0

#Transform 55
Transform: AffineTransform_float_3_3
Parameters: 0.999999 -0.00070287 0.00157926 0.000705444 0.999998 -0.00164558 -0.001578 0.00164642 0.999998 0.133148 0.240103 -0.07064
FixedParameters: 0 0 0

#Transform 56
Transform: AffineTransform_float_3_3
Parameters: 0.999999 -0.000768034 0.00104586 0.000768284 1 -0.000559404 -0.00104461 0.000559596 0.999999 0.145304 0.252885 -0.0634923
FixedParameters: 0 0 0

#Transform 57
Transform: AffineTransform_float_3_3
Parameters: 0.999997 -0.000519376 0.00230424 0.000520921 0.999999 -0.000818984 -0.00230353 0.000820016 0.999997 0.134137 0.243363 -0.179012
FixedParameters: 0 0 0

#Transform 58
Transform: AffineTransform_float_3_3
Parameters: 0.999998 -0.000762826 0.0019126 0.000764529 1 -0.00102824 -0.00191116 0.00102977 0.999998 0.121798 0.244151 -0.1346
FixedParameters: 0 0 0

#Transform 59
Transform: AffineTransform_float_3_3
Parameters: 0.999996 -0.000960913 0.00237176 0.000964204 0.999999 -0.00152226 -0.00237042 0.00152474 0.999996 0.1242 0.249296 -0.106566
FixedParameters: 0 0 0

#Transform 60
Transform: AffineTransform_float_3_3
Parameters: 0.999992 -0.000439329 0.00415746 0.000443908 1 -0.00113366 -0.00415766 0.00113534 0.99999 0.11239 0.23652 -0.20385
FixedParameters: 0 0 0

#Transform 61
Transform: AffineTransform_float_3_3
Parameters: 0.999993 -0.000798828 0.00384639 0.000811259 0.999994 -0.00333776 -0.00384408 0.00334124 0.999987 0.119417 0.229139 -0.139176
FixedParameters: 0 0 0

#Transform 62
Transform: AffineTransform_float_3_3
Parameters: 0.999995 -0.000918945 0.00299987 0.000923602 0.999998 -0.00164911 -0.00299895 0.00165189 0.999994 0.127463 0.242224 -0.196908
FixedParameters: 0 0 0

#Transform 63
Transform: AffineTransform_float_3_3
Parameters: 0.999995 -0.00126715 0.00285898 0.00126943 0.999999 -0.000694971 -0.00285867 0.00069803 0.999995 0.135664 0.225251 -0.127124
FixedParameters: 0 0 0

#Transform 64
Transform: AffineTransform_float_3_3
Parameters: 0.999996 -0.000847419 0.00272844 0.00085065 0.999999 -0.00131207 -0.0027278 0.00131393 0.999995 0.11785 0.236136 -0.0211965
FixedParameters: 0 0 0

#Transform 65
Transform: AffineTransform_float_3_3
Parameters: 0.999996 -0.000956386 0.00241475 0.000959312 0.999998 -0.00114808 -0.00241361 0.00114992 0.999996 0.12579 0.240989 0.021417
FixedParameters: 0 0 0

#Transform 66
Transform: AffineTransform_float_3_3
Parameters: 0.999996 -0.000620985 0.0025126 0.000622705 0.999999 -0.00078562 -0.00251176 0.00078738 0.999996 0.13647 0.241949 -0.0978466
FixedParameters: 0 0 0

#Transform 67
Transform: AffineTransform_float_3_3
Parameters: 0.999996 -0.000731079 0.00247115 0.000734626 0.999999 -0.00124737 -0.00247038 0.00124963 0.999996 0.122546 0.252001 -0.054728
FixedParameters: 0 0 0

#Transform 68
Transform: AffineTransform_float_3_3
Parameters: 0.999996 -0.000757662 0.00248389 0.000762881 0.999997 -0.00202729 -0.002482 0.0020297 0.999995 0.149105 0.248201 -0.126735
FixedParameters: 0 0 0

#Transform 69
Transform: AffineTransform_float_3_3
Parameters: 0.999997 -0.00120441 0.00221078 0.0012087 0.999996 -0.00224372 -0.0022084 0.00224628 0.999996 0.142548 0.237905 -0.0404704
FixedParameters: 0 0 0

#Transform 70
Transform: AffineTransform_float_3_3
Parameters: 0.999997 -0.000897925 0.00195278 0.000900596 0.999998 -0.00169079 -0.00195132 0.00169222 0.999997 0.136994 0.232311 0.0652695
FixedParameters: 0 0 0

#Transform 71
Transform: AffineTransform_float_3_3
Parameters: 0.999997 -0.000982989 0.00213127 0.000986941 0.999997 -0.00215745 -0.00212913 0.00215956 0.999996 0.13503 0.245597 0.0334925
FixedParameters: 0 0 0

#Transform 72
Transform: AffineTransform_float_3_3
Parameters: 0.999997 -0.00105168 0.00197088 0.00105383 0.999998 -0.00130962 -0.0019701 0.00131238 0.999997 0.148733 0.244407 0.0631191
FixedParameters: 0 0 0

#Transform 73
Transform: AffineTransform_float_3_3
Parameters: 0.999997 -0.000834211 0.00251431 0.000837161 1 -0.00084644 -0.00251343 0.000848558 0.999996 0.130522 0.281811 0.114844
FixedParameters: 0 0 0

#Transform 74
Transform: AffineTransform_float_3_3
Parameters: 0.999998 -0.00043647 0.00224106 0.000433879 1 0.00128164 -0.00224243 -0.00128036 0.999997 0.0830053 0.275473 -0.0702893
FixedParameters: 0 0 0

#Transform 75
Transform: AffineTransform_float_3_3
Parameters: 0.999999 -0.000898879 0.00151782 0.00089284 0.99999 0.00427267 -0.00152191 -0.00427133 0.99999 0.122022 0.309219 0.164903
FixedParameters: 0 0 0

#Transform 76
Transform: AffineTransform_float_3_3
Parameters: 0.999995 -0.00117971 0.00287055 0.00117261 0.999996 0.00253814 -0.00287426 -0.00253486 0.999993 0.114258 0.295052 0.232284
FixedParameters: 0 0 0

#Transform 77
Transform: AffineTransform_float_3_3
Parameters: 0.999994 -0.00105175 0.00327813 0.00105534 0.999999 -0.00114527 -0.0032773 0.00114873 0.999994 0.1138 0.295288 0.0246122
FixedParameters: 0 0 0

#Transform 78
Transform: AffineTransform_float_3_3
Parameters: 0.999997 -0.0012026 0.00202194 0.0012037 0.999999 -0.000689623 -0.00202173 0.000692379 0.999997 0.0852926 0.27069 0.0074953
FixedParameters: 0 0 0

#Transform 79
Transform: AffineTransform_float_3_3
Parameters: 0.999995 -0.00105955 0.00290767 0.00106099 0.999999 -0.000246794 -0.00290714 0.000250205 0.999996 0.0942825 0.259901 0.00662875
FixedParameters: 0 0 0

#Transform 80
Transform: AffineTransform_float_3_3
Parameters: 0.999997 -0.00135414 0.00208572 0.00135447 0.999999 -0.000391231 -0.00208519 0.000394771 0.999997 0.123269 0.292057 0.0372737
FixedParameters: 0 0 0

#Transform 81
Transform: AffineTransform_float_3_3
Parameters: 0.999996 -0.00116706 0.00258679 0.00116976 0.999999 -0.00102773 -0.00258544 0.00103027 0.999996 0.115633 0.271734 0.0558618
FixedParameters: 0 0 0

#Transform 82
Transform: AffineTransform_float_3_3
Parameters: 0.999998 -0.00125808 0.00143685 0.00125853 0.999999 -0.00061076 -0.00143584 0.000612241 0.999998 0.130774 0.325138 -0.0748183
FixedParameters: 0 0 0

#Transform 83
Transform: AffineTransform_float_3_3
Parameters: 0.999998 -0.00141383 0.00129975 0.00141592 0.999998 -0.00110637 -0.00129846 0.00110863 0.999999 0.12435 0.316574 -0.112494
FixedParameters: 0 0 0

#Transform 84
Transform: AffineTransform_float_3_3
Parameters: 0.999997 -0.00134985 0.00167412 0.00135 0.999999 -0.000317796 -0.00167287 0.000320205 0.999999 0.134403 0.284628 -0.0338705
FixedParameters: 0 0 0

#Transform 85
Transform: AffineTransform_float_3_3
Parameters: 0.999994 -0.00135797 0.00317303 0.00135714 0.999999 -7.27786e-05 -0.00317336 7.72262e-05 0.999995 0.159375 0.292812 -0.211384
FixedParameters: 0 0 0

#Transform 86
Transform: AffineTransform_float_3_3
Parameters: 0.999995 -0.00125374 0.00273396 0.00125427 0.999999 -0.000333962 -0.00273364 0.00033804 0.999996 0.130747 0.28926 -0.125483
FixedParameters: 0 0 0

#Transform 87
Transform: AffineTransform_float_3_3
Parameters: 0.999989 -0.00158042 0.00454391 0.00157489 0.999998 0.00118921 -0.00454553 -0.00118179 0.999989 0.137498 0.29979 -0.0728268
FixedParameters: 0 0 0

#Transform 88
Transform: AffineTransform_float_3_3
Parameters: 0.999996 -0.00259849 0.00104928 0.00259675 0.999995 0.00194529 -0.00105385 -0.00194271 0.999998 0.185468 0.302496 0.233412
FixedParameters: 0 0 0

#Transform 89
Transform: AffineTransform_float_3_3
Parameters: 0.999997 -0.00199176 0.00129984 0.00199061 0.999998 0.000742663 -0.00130095 -0.000740337 0.999999 0.175024 0.296513 0.124319
FixedParameters: 0 0 0

#Transform 90
Transform: AffineTransform_float_3_3
Parameters: 0.999998 -0.00159528 0.00124765 0.00159546 0.999999 -7.05766e-05 -0.00124742 7.24238e-05 0.999999 0.193214 0.298449 0.00337178
FixedParameters: 0 0 0

#Transform 91
Transform: AffineTransform_float_3_3
Parameters: 0.999998 -0.00144242 0.00121151 0.00144188 0.999999 0.00022318 -0.00121215 -0.000221818 0.999999 0.185533 0.300908 0.019117
FixedParameters: 0 0 0

#Transform 92
Transform: AffineTransform_float_3_3
Parameters: 0.999997 -0.0016401 0.00156704 0.00164227 0.999998 -0.00123784 -0.00156442 0.00124016 0.999998 0.174036 0.320742 -0.029808
FixedParameters: 0 0 0

#Transform 93
Transform: AffineTransform_float_3_3
Parameters: 0.999998 -0.00189353 0.00126298 0.0018945 0.999997 -0.00121318 -0.00126075 0.00121582 0.999999 0.177111 0.313731 -0.0921675
FixedParameters: 0 0 0

#Transform 94
Transform: AffineTransform_float_3_3
Parameters: 0.999998 -0.00187445 0.000805056 0.00187496 0.999998 -0.000319211 -0.000803856 0.000320788 1 0.166059 0.316139 0.0263082
FixedParameters: 0 0 0

#Transform 95
Transform: AffineTransform_float_3_3
Parameters: 0.999997 -0.00185141 0.00120432 0.00185232 0.999998 -0.000539697 -0.00120323 0.000541303 0.999999 0.164789 0.318886 0.0381386
FixedParameters: 0 0 0

#Transform 96
Transform: AffineTransform_float_3_3
Parameters: 0.999997 -0.00186617 0.00171338 0.00186826 0.999998 -0.000835216 -0.00171209 0.000838784 0.999998 0.163763 0.331957 0.0308833
FixedParameters: 0 0 0

#Transform 97
Transform: AffineTransform_float_3_3
Parameters: 0.999997 -0.00170766 0.00184184 0.00171069 0.999998 -0.00139147 -0.00183946 0.00139352 0.999997 0.174322 0.296754 -0.0542251
FixedParameters: 0 0 0

#Transform 98
Transform: AffineTransform_float_3_3
Parameters: 0.999997 -0.00142691 0.00197283 0.00142628 0.999999 0.000261913 -0.00197265 -0.000259087 0.999998 0.17031 0.322909 -0.0657941
FixedParameters: 0 0 0

#Transform 99
Transform: AffineTransform_float_3_3
Parameters: 0.999996 -0.00205439 0.00198569 0.00205458 0.999998 -4.45419e-05 -0.0019855 4.84587e-05 0.999999 0.161443 0.311084 0.00404458
FixedParameters: 0 0 0

#Transform 100
Transform: AffineTransform_float_3_3
Parameters: 0.999997 -0.00171368 0.00166422 0.00171656 0.999998 -0.00149392 -0.00166146 0.00149608 0.999997 0.196487 0.356656 -0.172315
FixedParameters: 0 0 0

#Transform 101
Transform: AffineTransform_float_3_3
Parameters: 0.999996 -0.00168943 0.0022873 0.0016947 0.999996 -0.00218324 -0.00228333 0.00218676 0.999995 0.195106 0.332347 -0.0877014
FixedParameters: 0 0 0

#Transform 102
Transform: AffineTransform_float_3_3
Parameters: 0.999997 -0.00170417 0.00161941 0.00170411 0.999999 0.000544987 -0.00161981 -0.000543014 0.999998 0.182999 0.303082 0.0844701
FixedParameters: 0 0 0

#Transform 103
Transform: AffineTransform_float_3_3
Parameters: 0.999998 -0.00181942 0.00139833 0.00182105 0.999998 -0.00146938 -0.00139627 0.00147162 0.999998 0.158302 0.301152 -0.0114256
FixedParameters: 0 0 0

#Transform 104
Transform: AffineTransform_float_3_3
Parameters: 0.999996 -0.00184755 0.00238834 0.00185295 0.999996 -0.00211705 -0.00238393 0.00212095 0.999995 0.156609 0.30578 0.0372824
FixedParameters: 0 0 0

#Transform 105
Transform: AffineTransform_float_3_3
Parameters: 0.999997 -0.00179682 0.00169439 0.00179856 0.999997 -0.00113037 -0.00169269 0.00113363 0.999998 0.181338 0.302047 0.0441424
FixedParameters: 0 0 0

#Transform 106
Transform: AffineTransform_float_3_3
Parameters: 0.999997 -0.00171134 0.00139533 0.00171192 0.999999 -0.00081954 -0.00139398 0.000821462 0.999998 0.161563 0.321058 0.0740216
FixedParameters: 0 0 0

#Transform 107
Transform: AffineTransform_float_3_3
Parameters: 0.999997 -0.00155913 0.00193986 0.00156183 0.999998 -0.00157339 -0.00193785 0.00157661 0.999997 0.181326 0.320686 -0.0461373
FixedParameters: 0 0 0

#Transform 108
Transform: AffineTransform_float_3_3
Parameters: 0.999996 -0.00168441 0.00249005 0.00168879 0.999997 -0.00156155 -0.00248767 0.00156645 0.999996 0.160397 0.328514 -0.049443
FixedParameters: 0 0 0

#Transform 109
Transform: AffineTransform_float_3_3
Parameters: 0.999996 -0.00201607 0.00167006 0.00201966 0.999996 -0.00221341 -0.00166494 0.00221659 0.999996 0.199912 0.336701 -0.193245
FixedParameters: 0 0 0

#Transform 110
Transform: AffineTransform_float_3_3
Parameters: 0.999997 -0.00214755 0.00127677 0.00214899 0.999997 -0.000870185 -0.00127487 0.000872814 0.999998 0.191458 0.348918 -0.343146
FixedParameters: 0 0 0

#Transform 111
Transform: AffineTransform_float_3_3
Parameters: 0.999994 -0.00175031 0.00279442 0.00175146 0.999999 -0.000508065 -0.00279409 0.000512938 0.999996 0.147292 0.342991 -0.252776
FixedParameters: 0 0 0

#Transform 112
Transform: AffineTransform_float_3_3
Parameters: 0.999997 -0.00237857 0.000455958 0.00237779 0.999997 0.000705854 -0.000457082 -0.000705146 0.999999 0.12321 0.368594 -0.340477
FixedParameters: 0 0 0

#Transform 113
Transform: AffineTransform_float_3_3
Parameters: 0.999997 -0.00206861 0.000759562 0.00206864 0.999998 0.000495493 -0.000759769 -0.000494508 1 0.127066 0.390232 -0.248697
FixedParameters: 0 0 0

#Transform 114
Transform: AffineTransform_float_3_3
Parameters: 0.999997 -0.0020373 0.00088717 0.00203819 0.999998 -0.000723273 -0.000885139 0.000724726 0.999999 0.150746 0.371595 -0.145496
FixedParameters: 0 0 0

#Transform 115
Transform: AffineTransform_float_3_3
Parameters: 0.999995 -0.00224672 0.00232484 0.00224815 0.999997 -0.000387397 -0.002324 0.000393603 0.999997 0.152738 0.393423 -0.23542
FixedParameters: 0 0 0

#Transform 116
Transform: AffineTransform_float_3_3
Parameters: 0.999995 -0.00243365 0.00174371 0.00243548 0.999997 -0.000745891 -0.00174191 0.00075011 0.999999 0.161459 0.362661 -0.116283
FixedParameters: 0 0 0

#Transform 117
Transform: AffineTransform_float_3_3
Parameters: 0.999996 -0.00208288 0.00151072 0.00208371 0.999997 -0.000708628 -0.00150829 0.00071137 0.999998 0.174123 0.363593 -0.143948
FixedParameters: 0 0 0

#Transform 118
Transform: AffineTransform_float_3_3
Parameters: 0.999995 -0.00207496 0.00207828 0.00207679 0.999997 -0.000847309 -0.0020762 0.000851691 0.999998 0.148811 0.368711 -0.159142
FixedParameters: 0 0 0

#Transform 119
Transform: AffineTransform_float_3_3
Parameters: 0.999997 -0.00214339 0.00164582 0.00214914 0.999994 -0.00286061 -0.00163958 0.00286339 0.999994 0.165931 0.393981 -0.281416
FixedParameters: 0 0 0

#Transform 120
Transform: AffineTransform_float_3_3
Parameters: 0.999997 -0.00223036 0.00122393 0.00223361 0.999993 -0.0028282 -0.00121735 0.0028308 0.999995 0.187148 0.363267 -0.293561
FixedParameters: 0 0 0

#Transform 121
Transform: AffineTransform_float_3_3
Parameters: 0.999996 -0.00251627 0.00137513 0.00251785 0.999995 -0.00162083 -0.00137118 0.00162417 0.999997 0.199751 0.376156 -0.299617
FixedParameters: 0 0 0

#Transform 122
Transform: AffineTransform_float_3_3
Parameters: 0.999997 -0.00208744 0.00125947 0.00208818 0.999998 -0.0011243 -0.00125714 0.0011267 0.999999 0.174653 0.378047 -0.307207
FixedParameters: 0 0 0

#Transform 123
Transform: AffineTransform_float_3_3
Parameters: 0.999997 -0.00227728 0.000711362 0.0022777 0.999997 -0.000844461 -0.000709354 0.000845539 0.999999 0.197645 0.39032 -0.151064
FixedParameters: 0 0 0

#Transform 124
Transform: AffineTransform_float_3_3
Parameters: 0.999998 -0.0019277 0.000853544 0.00192892 0.999998 -0.00117508 -0.00085085 0.00117692 0.999999 0.168662 0.373801 -0.143527
FixedParameters: 0 0 0

#Transform 125
Transform: AffineTransform_float_3_3
Parameters: 0.999998 -0.00194352 1.99476e-05 0.00194278 0.999997 -0.00109548 -1.75311e-05 0.00109552 1 0.196534 0.361325 -0.293418
FixedParameters: 0 0 0

#Transform 126
Transform: AffineTransform_float_3_3
Parameters: 0.999998 -0.00216979 0.000552857 0.00217006 0.999997 -0.000948676 -0.000550577 0.000950326 1 0.189268 0.372172 -0.269606
FixedParameters: 0 0 0

#Transform 127
Transform: AffineTransform_float_3_3
Parameters: 0.999997 -0.00258135 0.000848843 0.0025798 0.999996 0.000831753 -0.0008509 -0.000830244 0.999999 0.17786 0.363183 -0.0612813
FixedParameters: 0 0 0

#Transform 128
Transform: AffineTransform_float_3_3
Parameters: 0.999996 -0.00265063 0.00075179 0.00264942 0.999996 0.000973764 -0.000753792 -0.000971237 1 0.196173 0.373207 -0.0863371
FixedParameters: 0 0 0

#Transform 129
Transform: AffineTransform_float_3_3
Parameters: 0.999997 -0.00197841 0.00159005 0.00198245 0.999996 -0.00229863 -0.00158607 0.00230137 0.999996 0.168639 0.386487 -0.226599
FixedParameters: 0 0 0

#Transform 130
Transform: AffineTransform_float_3_3
Parameters: 0.999997 -0.00209146 0.00134916 0.00209398 0.999997 -0.00151211 -0.00134651 0.00151489 0.999998 0.185065 0.366226 -0.211428
FixedParameters: 0 0 0

#Transform 131
Transform: AffineTransform_float_3_3
Parameters: 0.999996 -0.00263096 0.0011571 0.00263353 0.999994 -0.0021284 -0.00115141 0.0021316 0.999997 0.208827 0.388537 -0.283423
FixedParameters: 0 0 0

#Transform 132
Transform: AffineTransform_float_3_3
Parameters: 0.999996 -0.00219943 0.0016558 0.00220086 0.999997 -0.000668492 -0.0016547 0.000671509 0.999998 0.22208 0.37824 -0.146775
FixedParameters: 0 0 0

#Transform 133
Transform: AffineTransform_float_3_3
Parameters: 0.999996 -0.00245435 0.00121961 0.00245606 0.999997 -0.00133945 -0.00121671 0.00134255 0.999998 0.215553 0.391692 -0.21666
FixedParameters: 0 0 0

#Transform 134
Transform: AffineTransform_float_3_3
Parameters: 0.999997 -0.00237044 0.00130392 0.00237339 0.999995 -0.00187799 -0.00129961 0.00188201 0.999997 0.165199 0.394711 -0.164483
FixedParameters: 0 0 0

#Transform 135
Transform: AffineTransform_float_3_3
Parameters: 0.999995 -0.00272277 0.00201606 0.00272508 0.999995 -0.00118885 -0.00201286 0.00119415 0.999997 0.192773 0.377884 -0.127232
FixedParameters: 0 0 0

#Transform 136
Transform: AffineTransform_float_3_3
Parameters: 0.999996 -0.00277688 0.000709954 0.00277838 0.999996 -0.00123462 -0.000706243 0.00123638 0.999999 0.208292 0.379629 -0.0859227
FixedParameters: 0 0 0

#Transform 137
Transform: AffineTransform_float_3_3
Parameters: 0.999995 -0.00290041 0.000357413 0.00290006 0.999996 -0.000611863 -0.000355702 0.000613138 0.999999 0.19692 0.392245 -0.0951315
FixedParameters: 0 0 0

#Transform 138
Transform: AffineTransform_float_3_3
Parameters: 0.999997 -0.00249113 0.00092677 0.00249248 0.999996 -0.00178093 -0.000922489 0.00178407 0.999998 0.191383 0.399721 -0.171216
FixedParameters: 0 0 0

#Transform 139
Transform: AffineTransform_float_3_3
Parameters: 0.999996 -0.00272459 0.00101665 0.0027263 0.999995 -0.00180368 -0.00101141 0.00180633 0.999998 0.195085 0.375916 -0.146693
FixedParameters: 0 0 0

#Transform 140
Transform: AffineTransform_float_3_3
Parameters: 0.999996 -0.00246285 0.000758388 0.00246352 0.999996 -0.00147637 -0.000754791 0.00147863 0.999998 0.191349 0.389582 -0.0998647
FixedParameters: 0 0 0

#Transform 141
Transform: AffineTransform_float_3_3
Parameters: 0.999996 -0.00279712 0.000655012 0.00279833 0.999995 -0.00141876 -0.000651142 0.00142024 0.999999 0.201924 0.371203 -0.120136
FixedParameters: 0 0 0

#Transform 142
Transform: AffineTransform_float_3_3
Parameters: 0.999997 -0.00233775 0.000904069 0.00233923 0.999995 -0.00190197 -0.000899771 0.00190403 0.999998 0.196156 0.366037 -0.127023
FixedParameters: 0 0 0

#Transform 143
Transform: AffineTransform_float_3_3
Parameters: 0.999994 -0.00322617 0.000407076 0.00322502 0.999995 0.000272057 -0.000408437 -0.000270939 0.999999 0.188725 0.400067 0.0280002
FixedParameters: 0 0 0

#Transform 144
Transform: AffineTransform_float_3_3
Parameters: 0.999995 -0.00311578 -0.000225776 0.00311582 0.999995 9.26067e-05 0.000225196 -9.33912e-05 1 0.204404 0.404883 0.00522663
FixedParameters: 0 0 0

#Transform 145
Transform: AffineTransform_float_3_3
Parameters: 0.999996 -0.00275053 0.000292486 0.00275064 0.999997 -0.000194941 -0.000291413 0.000195059 1 0.197265 0.393603 0.00277203
FixedParameters: 0 0 0

#Transform 146
Transform: AffineTransform_float_3_3
Parameters: 0.999996 -0.00263113 0.000277713 0.00263069 0.999996 -0.000620656 -0.000276287 0.000621345 0.999999 0.17803 0.379203 -0.0089944
FixedParameters: 0 0 0

#Transform 147
Transform: AffineTransform_float_3_3
Parameters: 0.999996 -0.00260483 -0.000105065 0.00260392 0.999997 -0.000635454 0.000106535 0.000635548 1 0.200909 0.407864 -0.0879501
FixedParameters: 0 0 0

#Transform 148
Transform: AffineTransform_float_3_3
Parameters: 0.999996 -0.00282894 0.00059078 0.00283015 0.999994 -0.00157293 -0.000585948 0.00157407 0.999998 0.203487 0.375784 -0.119333
FixedParameters: 0 0 0

#Transform 149
Transform: AffineTransform_float_3_3
Parameters: 0.999995 -0.00292283 0.000482625 0.0029229 0.999996 -7.53343e-05 -0.000482181 7.66662e-05 1 0.19765 0.378146 0.0359814
FixedParameters: 0 0 0

#Transform 150
Transform: AffineTransform_float_3_3
Parameters: 0.999995 -0.00297683 0.000342729 0.00297691 0.999995 -0.000118725 -0.00034202 0.000119275 1 0.196808 0.39503 -0.003463
FixedParameters: 0 0 0

#Transform 151
Transform: AffineTransform_float_3_3
Parameters: 0.999996 -0.00286324 -1.27314e-05 0.00286376 0.999996 -0.000578577 1.47333e-05 0.000578424 1 0.208824 0.382433 -0.0911649
FixedParameters: 0 0 0

#Transform 152
Transform: AffineTransform_float_3_3
Parameters: 0.999993 -0.00369929 -0.000523236 0.00370142 0.999986 0.00376509 0.000509146 -0.0037669 0.999993 0.233065 0.403625 0.268223
FixedParameters: 0 0 0

#Transform 153
Transform: AffineTransform_float_3_3
Parameters: 0.999994 -0.00321582 -0.000716589 0.0032159 0.999995 0.000426062 0.000715154 -0.000427937 0.999999 0.250401 0.385844 0.0748412
FixedParameters: 0 0 0

#Transform 154
Transform: AffineTransform_float_3_3
Parameters: 0.999996 -0.00275662 -0.000638922 0.00275675 0.999997 9.89085e-05 0.000638371 -0.00010109 0.999999 0.231631 0.413089 0.136005
FixedParameters: 0 0 0

#Transform 155
Transform: AffineTransform_float_3_3
Parameters: 0.999995 -0.00294135 -8.20268e-05 0.00294181 0.999995 -0.00120278 8.55584e-05 0.00120222 0.999999 0.23591 0.383686 -0.0980545
FixedParameters: 0 0 0

#Transform 156
Transform: AffineTransform_float_3_3
Parameters: 0.999995 -0.00337728 3.62884e-05 0.00337727 0.999993 -0.00153594 -3.12973e-05 0.00153607 0.999999 0.225523 0.399014 -0.11444
FixedParameters: 0 0 0

#Transform 157
Transform: AffineTransform_float_3_3
Parameters: 0.999995 -0.00303095 -0.00086898 0.00303072 0.999995 -0.000740761 0.00087084 0.000738241 0.999999 0.244562 0.412816 -0.0797152
FixedParameters: 0 0 0

#Transform 158
Transform: AffineTransform_float_3_3
Parameters: 0.999995 -0.00292962 -0.000281372 0.00292918 0.999995 -0.00127616 0.000284385 0.00127584 0.999999 0.269307 0.400923 -0.118547
FixedParameters: 0 0 0

#Transform 159
Transform: AffineTransform_float_3_3
Parameters: 0.999995 -0.00305393 0.000639704 0.00305522 0.999993 -0.00182365 -0.000633551 0.00182535 0.999999 0.241008 0.415953 -0.0864479
FixedParameters: 0 0 0

#Transform 160
Transform: AffineTransform_float_3_3
Parameters: 0.999996 -0.00282088 0.000396495 0.00282202 0.999994 -0.00209728 -0.00039096 0.00209873 0.999998 0.258305 0.407198 -0.140999
FixedParameters: 0 0 0

#Transform 161
Transform: AffineTransform_float_3_3
Parameters: 0.999996 -0.00276223 -4.9341e-05 0.0027619 0.999994 -0.00209832 5.55494e-05 0.00209868 0.999998 0.261046 0.422002 -0.029617
FixedParameters: 0 0 0

#Transform 162
Transform: AffineTransform_float_3_3
Parameters: 0.999996 -0.00304674 -0.000337104 0.0030462 0.999994 -0.00121236 0.000340025 0.00121164 0.999999 0.245756 0.411275 0.0236548
FixedParameters: 0 0 0

#Transform 163
Transform: AffineTransform_float_3_3
Parameters: 0.999996 -0.00303402 0.000120884 0.003034 0.999995 -0.000982535 -0.000118075 0.000982467 1 0.235783 0.434228 0.0247277
FixedParameters: 0 0 0

#Transform 164
Transform: AffineTransform_float_3_3
Parameters: 0.999996 -0.00306281 -0.000294587 0.00306219 0.999994 -0.0015156 0.000299403 0.0015144 0.999999 0.248624 0.405627 -0.0457507
FixedParameters: 0 0 0

#Transform 165
Transform: AffineTransform_float_3_3
Parameters: 0.999996 -0.002838 3.96789e-05 0.00283802 0.999994 -0.00176243 -3.50588e-05 0.00176257 0.999998 0.23098 0.434725 0.0384246
FixedParameters: 0 0 0

#Transform 166
Transform: AffineTransform_float_3_3
Parameters: 0.999996 -0.00277363 0.000297135 0.0027738 0.999996 -0.000288922 -0.000295532 0.000289077 1 0.212271 0.428326 0.0905689
FixedParameters: 0 0 0

#Transform 167
Transform: AffineTransform_float_3_3
Parameters: 0.999994 -0.00328022 0.000478769 0.00328096 0.999994 -0.00063033 -0.000476858 0.000632672 1 0.259356 0.436708 0.0570879
FixedParameters: 0 0 0

#Transform 168
Transform: AffineTransform_float_3_3
Parameters: 0.999994 -0.00340511 0.000806266 0.0034052 0.999994 -0.000777364 -0.000803723 0.000780639 1 0.227371 0.44443 0.17194
FixedParameters: 0 0 0

#Transform 169
Transform: AffineTransform_float_3_3
Parameters: 0.999994 -0.00304949 0.00113397 0.00305115 0.999995 -0.00101235 -0.00113186 0.00101566 0.999999 0.248499 0.427097 0.155842
FixedParameters: 0 0 0

#Transform 170
Transform: AffineTransform_float_3_3
Parameters: 0.999995 -0.00293239 0.000188845 0.00293255 0.999995 -0.00110099 -0.000185536 0.00110201 0.999999 0.292525 0.404542 0.0161933
FixedParameters: 0 0 0

#Transform 171
Transform: AffineTransform_float_3_3
Parameters: 0.999997 -0.00250507 0.000288888 0.00250601 0.999994 -0.00252767 -0.000282525 0.00252833 0.999996 0.226829 0.423221 0.0190623
FixedParameters: 0 0 0

#Transform 172
Transform: AffineTransform_float_3_3
Parameters: 0.999995 -0.00298445 -0.000249242 0.00298408 0.999995 -0.00130308 0.000252555 0.00130292 0.999999 0.286186 0.422411 0.0479609
FixedParameters: 0 0 0

#Transform 173
Transform: AffineTransform_float_3_3
Parameters: 0.999996 -0.00286505 -0.000318817 0.00286455 0.999995 -0.00121925 0.000321338 0.00121876 0.999999 0.255561 0.447548 0.179852
FixedParameters: 0 0 0

#Transform 174
Transform: AffineTransform_float_3_3
Parameters: 0.999995 -0.00297092 -9.99975e-06 0.00297105 0.999996 -0.000718723 1.20403e-05 0.000719278 1 0.2436 0.451969 0.143339
FixedParameters: 0 0 0

#Transform 175
Transform: AffineTransform_float_3_3
Parameters: 0.999989 -0.00463173 -0.000818903 0.00463895 0.999939 0.00999899 0.000772243 -0.010003 0.99995 0.27925 0.552757 0.70072
FixedParameters: 0 0 0

#Transform 176
Transform: AffineTransform_float_3_3
Parameters: 0.999986 -0.00469477 -0.0021172 0.00471463 0.999944 0.00947152 0.00207339 -0.00948148 0.999953 0.293396 0.562369 0.710675
FixedParameters: 0 0 0

#Transform 177
Transform: AffineTransform_float_3_3
Parameters: 0.999944 -0.00850962 -0.00617921 0.00865607 0.999674 0.024031 0.00597261 -0.024084 0.999692 0.418659 0.730911 1.11102
FixedParameters: 0 0 0

#Transform 178
Transform: AffineTransform_float_3_3
Parameters: 0.999966 -0.00674747 -0.00473193 0.00681682 0.999868 0.0147595 0.0046325 -0.0147915 0.999879 0.359388 0.646988 0.596044
FixedParameters: 0 0 0

#Transform 179
Transform: AffineTransform_float_3_3
Parameters: 0.999967 -0.00645856 -0.00495322 0.00652298 0.999894 0.0130564 0.00486824 -0.0130885 0.999902 0.339057 0.613902 0.73776
FixedParameters: 0 0 0
