#Insight Transform File V1.0
#Transform 0
Transform: AffineTransform_float_3_3
Parameters: 1 -0.000587157 0.000167653 0.000587104 1 0.000158098 -0.000167838 -0.000157901 1 0.0753446 0.0691612 0.361453
FixedParameters: 0 0 0

#Transform 1
Transform: AffineTransform_float_3_3
Parameters: 1 0.000184466 -0.000659998 -0.00018278 0.999999 0.00127712 0.000660467 -0.00127688 0.999999 -0.00611653 0.0701589 -0.137662
FixedParameters: 0 0 0

#Transform 2
Transform: AffineTransform_float_3_3
Parameters: 1 0.000141922 -0.000370512 -0.000141776 0.999999 0.00143705 0.00037131 -0.00143695 0.999999 0.016245 0.115872 -0.270196
FixedParameters: 0 0 0

#Transform 3
Transform: AffineTransform_float_3_3
Parameters: 1 -4.63036e-05 -0.000173681 4.5852e-05 0.999999 0.00134899 0.000173947 -0.00134901 0.999999 0.00725155 0.118537 -0.230932
FixedParameters: 0 0 0

#Transform 4
Transform: AffineTransform_float_3_3
Parameters: 1 -0.000209945 -0.000221739 0.000209621 0.999999 0.00134595 0.000221565 -0.00134605 0.999999 0.0188847 0.112301 -0.285823
FixedParameters: 0 0 0

#Transform 5
Transform: AffineTransform_float_3_3
Parameters: 1 -3.55981e-05 -7.39783e-05 3.58464e-05 0.999998 0.00168 7.38582e-05 -0.00168 0.999998 0.0109276 0.117548 -0.26336
FixedParameters: 0 0 0

#Transform 6
Transform: AffineTransform_float_3_3
Parameters: 1 -0.000355521 -0.000160081 0.000355845 1 0.00101294 0.00015936 -0.00101306 1 0.0244317 0.102968 -0.319933
FixedParameters: 0 0 0

#Transform 7
Transform: AffineTransform_float_3_3
Parameters: 1 -2.58593e-05 -0.000156257 2.63692e-05 0.999998 0.00163199 0.000156172 -0.001632 0.999998 0.00268347 0.132202 -0.284425
FixedParameters: 0 0 0

#Transform 8
Transform: AffineTransform_float_3_3
Parameters: 1 -0.000147873 -0.000519409 0.000148565 0.999999 0.00155192 0.000519339 -0.00155208 0.999998 0.0188646 0.119584 -0.29738
FixedParameters: 0 0 0

#Transform 9
Transform: AffineTransform_float_3_3
Parameters: 1 -0.000126154 -0.000257171 0.0001268 0.999999 0.00125697 0.000256853 -0.00125703 0.999999 0.0109995 0.118706 -0.285991
FixedParameters: 0 0 0

#Transform 10
Transform: AffineTransform_float_3_3
Parameters: 1 -0.000633994 -0.000205338 0.000634064 0.999998 0.00146187 0.000204796 -0.00146213 0.999999 0.0310459 0.132724 -0.285026
FixedParameters: 0 0 0

#Transform 11
Transform: AffineTransform_float_3_3
Parameters: 1 -0.000668617 -2.77818e-05 0.000668163 0.999999 0.00136098 2.72737e-05 -0.00136102 0.999999 0.035131 0.138924 -0.2798
FixedParameters: 0 0 0

#Transform 12
Transform: AffineTransform_float_3_3
Parameters: 0.999999 -0.000733971 7.712e-05 0.000732875 0.999999 0.00112806 -7.83838e-05 -0.00112794 1 0.0264284 0.125785 -0.250604
FixedParameters: 0 0 0

#Transform 13
Transform: AffineTransform_float_3_3
Parameters: 0.999999 -0.000874907 5.97912e-05 0.000875179 1 0.000983901 -6.05919e-05 -0.0009831 1 0.0460377 0.116637 -0.313145
FixedParameters: 0 0 0

#Transform 14
Transform: AffineTransform_float_3_3
Parameters: 0.999999 -0.00078787 0.000368029 0.000787351 0.999999 0.00123529 -0.000369054 -0.00123471 0.999999 0.0420373 0.137114 -0.258448
FixedParameters: 0 0 0

#Transform 15
Transform: AffineTransform_float_3_3
Parameters: 1 -0.00114197 0.000172831 0.00114109 0.999999 0.000992045 -0.000173784 -0.000990955 1 0.0634999 0.118468 -0.29405
FixedParameters: 0 0 0

#Transform 16
Transform: AffineTransform_float_3_3
Parameters: 1 -0.00110198 0.000418636 0.0011015 0.999999 0.0010381 -0.000420003 -0.0010379 0.999999 0.0521407 0.115222 -0.290847
FixedParameters: 0 0 0

#Transform 17
Transform: AffineTransform_float_3_3
Parameters: 1 -0.00107057 0.000341534 0.0010704 0.999999 0.000825006 -0.000342379 -0.000824993 0.999999 0.0440072 0.105354 -0.270671
FixedParameters: 0 0 0

#Transform 18
Transform: AffineTransform_float_3_3
Parameters: 1 -0.00108573 0.000149507 0.00108595 0.999999 0.000573803 -0.000149833 -0.000574197 1 0.0556416 0.0992618 -0.325543
FixedParameters: 0 0 0

#Transform 19
Transform: AffineTransform_float_3_3
Parameters: 1 -0.00100382 0.000340114 0.00100347 0.999999 0.00108634 -0.000341373 -0.00108566 1 0.0425381 0.110611 -0.252457
FixedParameters: 0 0 0

#Transform 20
Transform: AffineTransform_float_3_3
Parameters: 1 -0.00114186 0.000173551 0.00114212 0.999999 0.000361839 -0.000173457 -0.000362162 1 0.0607519 0.0921227 -0.357276
FixedParameters: 0 0 0

#Transform 21
Transform: AffineTransform_float_3_3
Parameters: 1 -0.0011187 0.000463801 0.00111819 0.999999 0.000975159 -0.000465061 -0.000974839 0.999999 0.0479582 0.105433 -0.278772
FixedParameters: 0 0 0

#Transform 22
Transform: AffineTransform_float_3_3
Parameters: 1 -0.00114186 0.000173523 0.00114212 0.999999 0.000386839 -0.000173486 -0.000387162 1 0.060535 0.0915543 -0.36648
FixedParameters: 0 0 0

#Transform 23
Transform: AffineTransform_float_3_3
Parameters: 0.999999 -0.001315 0.000246628 0.00131509 0.999999 0.000603812 -0.000247294 -0.000603187 0.999999 0.0523087 0.0913428 -0.309742
FixedParameters: 0 0 0

#Transform 24
Transform: AffineTransform_float_3_3
Parameters: 0.999999 -0.00137646 9.9507e-05 0.00137643 0.999999 0.000176625 -9.99929e-05 -0.000176375 1 0.0727592 0.069196 -0.375069
FixedParameters: 0 0 0

#Transform 25
Transform: AffineTransform_float_3_3
Parameters: 0.999999 -0.00142986 0.000385734 0.00142993 0.999999 0.000424192 -0.000386026 -0.000423808 1 0.0618381 0.0820073 -0.328828
FixedParameters: 0 0 0

#Transform 26
Transform: AffineTransform_float_3_3
Parameters: 0.999999 -0.00176421 0.000437499 0.0017643 0.999998 0.000340053 -0.000437779 -0.000339947 1 0.0806229 0.0741596 -0.31164
FixedParameters: 0 0 0

#Transform 27
Transform: AffineTransform_float_3_3
Parameters: 0.999999 -0.00172316 0.000534327 0.00172329 0.999999 0.000247049 -0.000534256 -0.000245952 1 0.0758934 0.0785933 -0.368001
FixedParameters: 0 0 0

#Transform 28
Transform: AffineTransform_float_3_3
Parameters: 0.999999 -0.00151103 0.000330116 0.00151119 0.999998 0.000352139 -0.000330259 -0.000351861 1 0.0640187 0.0928285 -0.319346
FixedParameters: 0 0 0

#Transform 29
Transform: AffineTransform_float_3_3
Parameters: 0.999999 -0.00147231 0.00031399 0.0014722 0.999999 0.00016795 -0.000314483 -0.000167049 1 0.0652193 0.0742972 -0.393297
FixedParameters: 0 0 0

#Transform 30
Transform: AffineTransform_float_3_3
Parameters: 0.999998 -0.00162242 0.000377397 0.00162256 0.999998 0.000326253 -0.000377534 -0.000325747 1 0.0616424 0.0899065 -0.318057
FixedParameters: 0 0 0

#Transform 31
Transform: AffineTransform_float_3_3
Parameters: 0.999998 -0.00171474 0.000221445 0.00171509 0.999998 9.78672e-05 -0.000220859 -9.71334e-05 1 0.0778536 0.0673483 -0.371569
FixedParameters: 0 0 0

#Transform 32
Transform: AffineTransform_float_3_3
Parameters: 0.999999 -0.00172833 0.00052207 0.00172828 0.999999 0.000414183 -0.000522581 -0.000413817 1 0.0769305 0.07343 -0.342327
FixedParameters: 0 0 0

#Transform 33
Transform: AffineTransform_float_3_3
Parameters: 0.999998 -0.00189884 0.000415705 0.00189973 0.999998 -0.000900084 -0.000414516 0.000900917 0.999999 0.0760028 0.0469928 -0.443249
FixedParameters: 0 0 0

#Transform 34
Transform: AffineTransform_float_3_3
Parameters: 0.999997 -0.00228076 0.000586004 0.00228371 0.99999 -0.00397591 -0.000576919 0.0039771 0.999992 0.086802 -0.0318059 -0.448758
FixedParameters: 0 0 0

#Transform 35
Transform: AffineTransform_float_3_3
Parameters: 0.999997 -0.00228213 0.000580647 0.00228337 0.999996 -0.00162776 -0.000577287 0.00162824 0.999998 0.0887191 0.0227096 -0.373387
FixedParameters: 0 0 0

#Transform 36
Transform: AffineTransform_float_3_3
Parameters: 0.999997 -0.00228236 0.000579736 0.00228353 0.999996 -0.00122855 -0.000577274 0.00123045 0.999999 0.0856292 0.0369615 -0.396457
FixedParameters: 0 0 0

#Transform 37
Transform: AffineTransform_float_3_3
Parameters: 0.999998 -0.00224254 0.000673087 0.00224403 0.999997 -0.00100937 -0.000670785 0.00101164 0.999999 0.0838037 0.0374314 -0.36148
FixedParameters: 0 0 0

#Transform 38
Transform: AffineTransform_float_3_3
Parameters: 0.999997 -0.0023511 0.000419082 0.00235193 0.999995 -0.00176889 -0.000414832 0.00177011 0.999999 0.0934761 0.014994 -0.493263
FixedParameters: 0 0 0

#Transform 39
Transform: AffineTransform_float_3_3
Parameters: 0.999996 -0.00254229 0.000765714 0.00254314 0.999996 -0.00132129 -0.00076175 0.00132371 0.999999 0.0967218 0.0367541 -0.372389
FixedParameters: 0 0 0

#Transform 40
Transform: AffineTransform_float_3_3
Parameters: 0.999996 -0.0026966 0.000949453 0.00269764 0.999996 -0.00116604 -0.000945916 0.00116897 0.999999 0.115291 0.047188 -0.408573
FixedParameters: 0 0 0

#Transform 41
Transform: AffineTransform_float_3_3
Parameters: 0.999996 -0.00263769 0.000957538 0.00263842 0.999995 -0.000993916 -0.000955049 0.000996084 0.999999 0.108045 0.0565681 -0.399283
FixedParameters: 0 0 0

#Transform 42
Transform: AffineTransform_float_3_3
Parameters: 0.999996 -0.00275882 0.000673482 0.00276008 0.999995 -0.00142174 -0.000669704 0.00142326 0.999999 0.11 0.0333345 -0.42537
FixedParameters: 0 0 0

#Transform 43
Transform: AffineTransform_float_3_3
Parameters: 0.999996 -0.00277312 0.000639526 0.0027743 0.999996 -0.00111982 -0.000636463 0.00112118 1 0.109448 0.0336957 -0.442829
FixedParameters: 0 0 0

#Transform 44
Transform: AffineTransform_float_3_3
Parameters: 0.999996 -0.00275101 0.000691111 0.00275226 0.999996 -0.000807693 -0.000688894 0.000809307 0.999999 0.110304 0.0534967 -0.356259
FixedParameters: 0 0 0

#Transform 45
Transform: AffineTransform_float_3_3
Parameters: 0.999996 -0.00261664 0.000856402 0.00261821 0.999995 -0.0010632 -0.000853984 0.0010648 0.999999 0.110377 0.0459052 -0.460539
FixedParameters: 0 0 0

#Transform 46
Transform: AffineTransform_float_3_3
Parameters: 0.999996 -0.00268838 0.000838319 0.00268855 0.999996 -0.000799188 -0.000836779 0.000800814 0.999999 0.09456 0.0487462 -0.364983
FixedParameters: 0 0 0

#Transform 47
Transform: AffineTransform_float_3_3
Parameters: 0.999995 -0.00277815 0.00105157 0.00277974 0.999995 -0.00150388 -0.00104689 0.00150612 0.999998 0.118365 0.0145127 -0.473249
FixedParameters: 0 0 0

#Transform 48
Transform: AffineTransform_float_3_3
Parameters: 0.999996 -0.00260733 0.00130209 0.00260907 0.999996 -0.000967253 -0.00129888 0.000969745 0.999998 0.0963838 0.0423951 -0.363165
FixedParameters: 0 0 0

#Transform 49
Transform: AffineTransform_float_3_3
Parameters: 0.999996 -0.00284153 0.000938647 0.00284348 0.999995 -0.00159329 -0.000934575 0.00159571 0.999998 0.117373 0.019604 -0.449946
FixedParameters: 0 0 0

#Transform 50
Transform: AffineTransform_float_3_3
Parameters: 0.999996 -0.00271859 0.000976707 0.00271904 0.999996 -0.000631938 -0.000975103 0.000635062 0.999999 0.111348 0.048571 -0.39005
FixedParameters: 0 0 0

#Transform 51
Transform: AffineTransform_float_3_3
Parameters: 0.999996 -0.00267637 0.000866755 0.00267712 0.999996 -0.00110912 -0.000863574 0.00111088 1 0.10849 0.0526503 -0.437429
FixedParameters: 0 0 0

#Transform 52
Transform: AffineTransform_float_3_3
Parameters: 0.999996 -0.0025983 0.00105005 0.00259889 0.999996 -0.000833713 -0.00104848 0.000836289 0.999999 0.10062 0.067458 -0.415925
FixedParameters: 0 0 0

#Transform 53
Transform: AffineTransform_float_3_3
Parameters: 0.999996 -0.00273841 0.000721387 0.00273985 0.999995 -0.00144662 -0.00071753 0.00144838 0.999999 0.106093 0.0512004 -0.390668
FixedParameters: 0 0 0

#Transform 54
Transform: AffineTransform_float_3_3
Parameters: 0.999996 -0.00293006 0.00089357 0.00293138 0.999995 -0.000874336 -0.00089159 0.000876666 0.999999 0.1119 0.060895 -0.376892
FixedParameters: 0 0 0

#Transform 55
Transform: AffineTransform_float_3_3
Parameters: 0.999994 -0.00315506 0.000891167 0.00315543 0.999995 -0.0010883 -0.00088797 0.0010917 0.999999 0.114283 0.053547 -0.397505
FixedParameters: 0 0 0

#Transform 56
Transform: AffineTransform_float_3_3
Parameters: 0.999995 -0.0030662 0.00102575 0.00306795 0.999995 -0.000974658 -0.00102292 0.000977345 1 0.116208 0.0438421 -0.44387
FixedParameters: 0 0 0

#Transform 57
Transform: AffineTransform_float_3_3
Parameters: 0.999994 -0.00312574 0.000886317 0.00312759 0.999994 -0.00140519 -0.000881595 0.00140781 0.999999 0.11388 0.0468291 -0.421746
FixedParameters: 0 0 0

#Transform 58
Transform: AffineTransform_float_3_3
Parameters: 0.999995 -0.00315018 0.0010638 0.00315219 0.999994 -0.00161397 -0.00105953 0.00161704 0.999998 0.134231 0.0341905 -0.534468
FixedParameters: 0 0 0

#Transform 59
Transform: AffineTransform_float_3_3
Parameters: 0.999994 -0.0032787 0.0010166 0.00327913 0.999994 -0.000787982 -0.00101419 0.000791019 0.999999 0.115809 0.0631203 -0.399553
FixedParameters: 0 0 0

#Transform 60
Transform: AffineTransform_float_3_3
Parameters: 0.999994 -0.00312161 0.000896255 0.00312313 0.999994 -0.00164167 -0.000891908 0.00164433 0.999998 0.130178 0.0489559 -0.538689
FixedParameters: 0 0 0

#Transform 61
Transform: AffineTransform_float_3_3
Parameters: 0.999995 -0.00294733 0.0013051 0.00294795 0.999995 -0.000536954 -0.00130376 0.000541047 0.999999 0.122004 0.104243 -0.410673
FixedParameters: 0 0 0

#Transform 62
Transform: AffineTransform_float_3_3
Parameters: 0.999994 -0.00308552 0.00113626 0.00308695 0.999994 -0.0013153 -0.00113182 0.0013187 0.999999 0.131099 0.0763668 -0.474798
FixedParameters: 0 0 0

#Transform 63
Transform: AffineTransform_float_3_3
Parameters: 0.999994 -0.0033986 0.00126878 0.00339982 0.999994 -0.00109601 -0.001265 0.001101 0.999999 0.13282 0.0778762 -0.449883
FixedParameters: 0 0 0

#Transform 64
Transform: AffineTransform_float_3_3
Parameters: 0.999994 -0.00341007 0.00127519 0.00341189 0.999993 -0.00148333 -0.00126966 0.00148767 0.999998 0.137877 0.0527458 -0.411832
FixedParameters: 0 0 0

#Transform 65
Transform: AffineTransform_float_3_3
Parameters: 0.999993 -0.00347865 0.00137689 0.00348019 0.999994 -0.00112489 -0.00137273 0.00113011 0.999999 0.143918 0.0677122 -0.425376
FixedParameters: 0 0 0

#Transform 66
Transform: AffineTransform_float_3_3
Parameters: 0.999995 -0.00304329 0.00134519 0.00304424 0.999995 -0.000643067 -0.00134311 0.000646934 0.999999 0.119482 0.106415 -0.37211
FixedParameters: 0 0 0

#Transform 67
Transform: AffineTransform_float_3_3
Parameters: 0.999993 -0.00328155 0.00139564 0.0032831 0.999994 -0.000975942 -0.00139198 0.000980057 0.999998 0.146055 0.0942537 -0.446328
FixedParameters: 0 0 0

#Transform 68
Transform: AffineTransform_float_3_3
Parameters: 0.999994 -0.00329917 0.00148711 0.00329987 0.999995 -0.000495614 -0.00148566 0.000500388 0.999999 0.145284 0.107134 -0.418256
FixedParameters: 0 0 0

#Transform 69
Transform: AffineTransform_float_3_3
Parameters: 0.999993 -0.00364878 0.00143932 0.00365123 0.999992 -0.00107127 -0.00143556 0.00107673 0.999999 0.1511 0.0839391 -0.452925
FixedParameters: 0 0 0

#Transform 70
Transform: AffineTransform_float_3_3
Parameters: 0.999993 -0.00353953 0.00169627 0.00354037 0.999994 -0.000359723 -0.00169463 0.000365277 0.999999 0.148932 0.108968 -0.413733
FixedParameters: 0 0 0

#Transform 71
Transform: AffineTransform_float_3_3
Parameters: 0.999993 -0.00367193 0.00138493 0.00367418 0.999993 -0.00104259 -0.00138133 0.00104841 0.999999 0.150183 0.084866 -0.459829
FixedParameters: 0 0 0

#Transform 72
Transform: AffineTransform_float_3_3
Parameters: 0.999993 -0.00348362 0.00182786 0.00348453 0.999994 -0.000353359 -0.0018263 0.000359641 0.999998 0.147906 0.120441 -0.391258
FixedParameters: 0 0 0

#Transform 73
Transform: AffineTransform_float_3_3
Parameters: 0.999993 -0.00359186 0.00157308 0.00359314 0.999993 -0.000654231 -0.0015702 0.000659768 0.999998 0.1535 0.0939144 -0.388162
FixedParameters: 0 0 0

#Transform 74
Transform: AffineTransform_float_3_3
Parameters: 0.999993 -0.00362545 0.00149408 0.00362636 0.999993 -0.000692465 -0.0014918 0.000697537 0.999999 0.152077 0.0986551 -0.414764
FixedParameters: 0 0 0

#Transform 75
Transform: AffineTransform_float_3_3
Parameters: 0.999993 -0.00355626 0.00165672 0.00355802 0.999993 -0.000883837 -0.00165317 0.000889162 0.999998 0.139737 0.0600918 -0.358208
FixedParameters: 0 0 0

#Transform 76
Transform: AffineTransform_float_3_3
Parameters: 0.999993 -0.0034629 0.00158252 0.00346349 0.999994 -0.00043204 -0.00158135 0.000437962 0.999998 0.146455 0.096876 -0.420413
FixedParameters: 0 0 0

#Transform 77
Transform: AffineTransform_float_3_3
Parameters: 0.999993 -0.00357357 0.00161615 0.00357431 0.999994 -0.000347104 -0.00161457 0.000352896 0.999998 0.135091 0.108457 -0.390655
FixedParameters: 0 0 0

#Transform 78
Transform: AffineTransform_float_3_3
Parameters: 0.99999 -0.0039482 0.00181841 0.00395057 0.999991 -0.00118691 -0.00181361 0.00119409 0.999998 0.158761 0.0770765 -0.438145
FixedParameters: 0 0 0

#Transform 79
Transform: AffineTransform_float_3_3
Parameters: 0.99999 -0.00385023 0.002049 0.00385161 0.999993 -0.000620406 -0.00204696 0.000627597 0.999998 0.148861 0.0888115 -0.399995
FixedParameters: 0 0 0

#Transform 80
Transform: AffineTransform_float_3_3
Parameters: 0.999993 -0.00368934 0.00129573 0.00369174 0.999993 -0.00132526 -0.00129092 0.00132974 0.999998 0.106443 0.0615011 -0.433702
FixedParameters: 0 0 0

#Transform 81
Transform: AffineTransform_float_3_3
Parameters: 0.999991 -0.00355442 -0.00234738 0.00354848 0.999989 -0.00272614 0.00235729 0.00271786 0.999994 -0.0678528 -0.0198224 -0.699051
FixedParameters: 0 0 0

#Transform 82
Transform: AffineTransform_float_3_3
Parameters: 0.999993 -0.00337185 -0.00192739 0.00336868 0.999992 -0.00185001 0.00193382 0.00184399 0.999996 -0.0715828 0.0394888 -0.590842
FixedParameters: 0 0 0

#Transform 83
Transform: AffineTransform_float_3_3
Parameters: 0.999992 -0.00334535 -0.00185964 0.00334037 0.999991 -0.00258173 0.00186731 0.00257627 0.999995 -0.0592284 0.00976813 -0.653396
FixedParameters: 0 0 0

#Transform 84
Transform: AffineTransform_float_3_3
Parameters: 0.999994 -0.00346476 -0.000546779 0.00346392 0.999992 -0.00198354 0.000553432 0.00198246 0.999998 -0.00114855 0.0332172 -0.570197
FixedParameters: 0 0 0

#Transform 85
Transform: AffineTransform_float_3_3
Parameters: 0.999993 -0.00349695 0.000609753 0.00349688 0.999994 -0.000262486 -0.00060883 0.000264515 0.999999 0.0560081 0.0953147 -0.463623
FixedParameters: 0 0 0

#Transform 86
Transform: AffineTransform_float_3_3
Parameters: 0.999994 -0.00339444 0.000870952 0.00339453 0.999994 0.000174493 -0.000871206 -0.000171506 0.999999 0.0698551 0.113186 -0.497697
FixedParameters: 0 0 0

#Transform 87
Transform: AffineTransform_float_3_3
Parameters: 0.999994 -0.00355811 0.000841503 0.00355788 0.999993 -9.34707e-05 -0.000841747 9.6533e-05 0.999999 0.0713036 0.113811 -0.455436
FixedParameters: 0 0 0

#Transform 88
Transform: AffineTransform_float_3_3
Parameters: 0.999994 -0.00360834 0.000557489 0.00360835 0.999993 -0.000360248 -0.000555801 0.000362752 1 0.0805577 0.100982 -0.537877
FixedParameters: 0 0 0

#Transform 89
Transform: AffineTransform_float_3_3
Parameters: 0.999992 -0.00367851 0.00110583 0.00367906 0.999993 -0.000420606 -0.00110365 0.000424393 0.999999 0.0860036 0.111433 -0.502913
FixedParameters: 0 0 0

#Transform 90
Transform: AffineTransform_float_3_3
Parameters: 0.999993 -0.00386487 0.000452333 0.0038657 0.999992 -0.000334024 -0.000451054 0.000335978 1 0.0792947 0.114057 -0.489761
FixedParameters: 0 0 0

#Transform 91
Transform: AffineTransform_float_3_3
Parameters: 0.999993 -0.00363886 0.000984232 0.00363909 0.999993 -0.000312244 -0.000982868 0.000315756 0.999999 0.0836495 0.108736 -0.499946
FixedParameters: 0 0 0

#Transform 92
Transform: AffineTransform_float_3_3
Parameters: 0.999993 -0.00370299 0.000563067 0.00370296 0.999993 -0.000669537 -0.000559942 0.000671463 1 0.0860144 0.0983763 -0.491307
FixedParameters: 0 0 0

#Transform 93
Transform: AffineTransform_float_3_3
Parameters: 0.999992 -0.00382136 0.00102272 0.00382217 0.999993 -0.000328277 -0.00102243 0.000331728 0.999999 0.0897493 0.112888 -0.474892
FixedParameters: 0 0 0

#Transform 94
Transform: AffineTransform_float_3_3
Parameters: 0.999993 -0.00355687 0.00065312 0.00355701 0.999993 -0.000400296 -0.000651184 0.000402703 0.999999 0.058346 0.106734 -0.417797
FixedParameters: 0 0 0

#Transform 95
Transform: AffineTransform_float_3_3
Parameters: 0.999994 -0.00358093 0.000530562 0.00358043 0.999993 -0.000627362 -0.000528822 0.000629642 1 0.0663473 0.108245 -0.524335
FixedParameters: 0 0 0

#Transform 96
Transform: AffineTransform_float_3_3
Parameters: 0.999992 -0.00376785 0.000954236 0.00376765 0.999992 -0.000300231 -0.000953801 0.000303774 0.999999 0.0782494 0.127155 -0.466159
FixedParameters: 0 0 0

#Transform 97
Transform: AffineTransform_float_3_3
Parameters: 0.999993 -0.00378831 0.000905866 0.00378822 0.999993 -0.000165546 -0.000905518 0.000169457 0.999999 0.0830214 0.141176 -0.449206
FixedParameters: 0 0 0

#Transform 98
Transform: AffineTransform_float_3_3
Parameters: 0.999993 -0.00387233 0.000709334 0.00387223 0.999993 -0.000755389 -0.000706233 0.000758614 1 0.0881542 0.115239 -0.545393
FixedParameters: 0 0 0

#Transform 99
Transform: AffineTransform_float_3_3
Parameters: 0.999991 -0.00407615 0.000971784 0.00407739 0.999991 -0.00117238 -0.000967201 0.00117662 0.999999 0.0791495 0.1086 -0.481243
FixedParameters: 0 0 0

#Transform 100
Transform: AffineTransform_float_3_3
Parameters: 0.99999 -0.00433007 0.00108894 0.00433165 0.999989 -0.00192136 -0.00108096 0.00192565 0.999998 0.102489 0.07354 -0.546447
FixedParameters: 0 0 0

#Transform 101
Transform: AffineTransform_float_3_3
Parameters: 0.99999 -0.00447222 0.00118027 0.00447389 0.999989 -0.00130994 -0.00117444 0.00131606 0.999998 0.088139 0.10508 -0.502203
FixedParameters: 0 0 0

#Transform 102
Transform: AffineTransform_float_3_3
Parameters: 0.999989 -0.00444811 0.00138575 0.00445083 0.999988 -0.00206212 -0.00137697 0.00206789 0.999997 0.110181 0.0515772 -0.548946
FixedParameters: 0 0 0

#Transform 103
Transform: AffineTransform_float_3_3
Parameters: 0.99999 -0.00441496 0.00136842 0.00441705 0.999989 -0.00142723 -0.00136263 0.00143277 0.999998 0.123122 0.0887807 -0.54432
FixedParameters: 0 0 0

#Transform 104
Transform: AffineTransform_float_3_3
Parameters: 0.999988 -0.00476301 0.00126053 0.00476482 0.999988 -0.00128194 -0.0012542 0.00128806 0.999998 0.12239 0.0959279 -0.46451
FixedParameters: 0 0 0

#Transform 105
Transform: AffineTransform_float_3_3
Parameters: 0.999988 -0.00467311 0.00147967 0.00467581 0.999987 -0.00165972 -0.00147188 0.00166628 0.999997 0.144784 0.0932013 -0.532649
FixedParameters: 0 0 0

#Transform 106
Transform: AffineTransform_float_3_3
Parameters: 0.999988 -0.00470759 0.00138002 0.00470933 0.999988 -0.00100493 -0.00137552 0.00101207 0.999999 0.132632 0.116054 -0.427276
FixedParameters: 0 0 0

#Transform 107
Transform: AffineTransform_float_3_3
Parameters: 0.999988 -0.00477268 0.00107744 0.00477397 0.999988 -0.0014408 -0.00107049 0.0014452 0.999998 0.126724 0.101392 -0.542413
FixedParameters: 0 0 0

#Transform 108
Transform: AffineTransform_float_3_3
Parameters: 0.999988 -0.00471823 0.00124788 0.00471945 0.999988 -0.00105769 -0.00124378 0.00106432 0.999999 0.126387 0.128077 -0.408062
FixedParameters: 0 0 0

#Transform 109
Transform: AffineTransform_float_3_3
Parameters: 0.999987 -0.00485071 0.00109246 0.00485204 0.999988 -0.00107864 -0.00108697 0.00108336 0.999999 0.135282 0.117188 -0.508376
FixedParameters: 0 0 0

#Transform 110
Transform: AffineTransform_float_3_3
Parameters: 0.999988 -0.00476479 0.00109122 0.00476738 0.999987 -0.00160139 -0.00108315 0.00160661 0.999998 0.126917 0.0941446 -0.541388
FixedParameters: 0 0 0

#Transform 111
Transform: AffineTransform_float_3_3
Parameters: 0.999987 -0.00468711 0.00161731 0.00468851 0.999988 -0.00127706 -0.00161174 0.00128495 0.999998 0.118415 0.101244 -0.423994
FixedParameters: 0 0 0

#Transform 112
Transform: AffineTransform_float_3_3
Parameters: 0.999988 -0.00470974 0.00141392 0.00471174 0.999988 -0.00148613 -0.00140765 0.00149287 0.999998 0.133269 0.0921595 -0.517942
FixedParameters: 0 0 0

#Transform 113
Transform: AffineTransform_float_3_3
Parameters: 0.999988 -0.00469582 0.001405 0.00469738 0.999988 -0.000922185 -0.0014013 0.000928818 0.999998 0.103424 0.120799 -0.405545
FixedParameters: 0 0 0

#Transform 114
Transform: AffineTransform_float_3_3
Parameters: 0.999986 -0.00505909 0.00139651 0.00506291 0.999984 -0.0022551 -0.00138456 0.0022619 0.999997 0.136716 0.0767614 -0.568492
FixedParameters: 0 0 0

#Transform 115
Transform: AffineTransform_float_3_3
Parameters: 0.999987 -0.00483967 0.00174949 0.00484346 0.999987 -0.00182553 -0.00174044 0.00183447 0.999997 0.121741 0.0867994 -0.531372
FixedParameters: 0 0 0

#Transform 116
Transform: AffineTransform_float_3_3
Parameters: 0.999986 -0.00496774 0.00144999 0.00497146 0.999985 -0.00226696 -0.00143925 0.00227405 0.999997 0.138131 0.0746601 -0.575703
FixedParameters: 0 0 0

#Transform 117
Transform: AffineTransform_float_3_3
Parameters: 0.999986 -0.00488771 0.00163678 0.00489115 0.999987 -0.001725 -0.00162763 0.001733 0.999998 0.12423 0.103578 -0.491626
FixedParameters: 0 0 0

#Transform 118
Transform: AffineTransform_float_3_3
Parameters: 0.999987 -0.00482145 0.00179252 0.00482612 0.999986 -0.00235721 -0.00178118 0.00236579 0.999996 0.156163 0.0957457 -0.518775
FixedParameters: 0 0 0

#Transform 119
Transform: AffineTransform_float_3_3
Parameters: 0.999985 -0.00520673 0.0020512 0.00521027 0.999984 -0.00190789 -0.00204139 0.00191911 0.999996 0.140292 0.0982883 -0.534284
FixedParameters: 0 0 0

#Transform 120
Transform: AffineTransform_float_3_3
Parameters: 0.999986 -0.00518651 0.00159468 0.00518964 0.999984 -0.00228925 -0.00158324 0.00229775 0.999996 0.135879 0.09395 -0.494136
FixedParameters: 0 0 0

#Transform 121
Transform: AffineTransform_float_3_3
Parameters: 0.999984 -0.00527238 0.00194077 0.00527648 0.999984 -0.0020277 -0.00193077 0.00203731 0.999996 0.14491 0.100796 -0.520471
FixedParameters: 0 0 0

#Transform 122
Transform: AffineTransform_float_3_3
Parameters: 0.999984 -0.00536692 0.00171904 0.00536987 0.999983 -0.0018415 -0.00170974 0.00185051 0.999997 0.12665 0.10479 -0.459068
FixedParameters: 0 0 0

#Transform 123
Transform: AffineTransform_float_3_3
Parameters: 0.999984 -0.00536521 0.00172438 0.00537055 0.999981 -0.00283585 -0.0017094 0.00284416 0.999995 0.146165 0.0725461 -0.582587
FixedParameters: 0 0 0

#Transform 124
Transform: AffineTransform_float_3_3
Parameters: 0.999985 -0.00532215 0.00169889 0.00532483 0.999984 -0.00166919 -0.00169067 0.00167781 0.999997 0.130436 0.122829 -0.466896
FixedParameters: 0 0 0

#Transform 125
Transform: AffineTransform_float_3_3
Parameters: 0.999985 -0.0054196 0.001341 0.00542145 0.999983 -0.00195377 -0.0013303 0.00196023 0.999997 0.135609 0.106769 -0.487823
FixedParameters: 0 0 0

#Transform 126
Transform: AffineTransform_float_3_3
Parameters: 0.999983 -0.00560577 0.00162521 0.00560819 0.999983 -0.00166328 -0.0016161 0.00167272 0.999998 0.146513 0.117957 -0.631483
FixedParameters: 0 0 0

#Transform 127
Transform: AffineTransform_float_3_3
Parameters: 0.999983 -0.00555951 0.00175466 0.00556291 0.999982 -0.00204585 -0.00174329 0.00205516 0.999996 0.149056 0.101249 -0.518488
FixedParameters: 0 0 0

#Transform 128
Transform: AffineTransform_float_3_3
Parameters: 0.999982 -0.00583602 0.00171862 0.00583922 0.99998 -0.00225909 -0.00170546 0.00226891 0.999996 0.167722 0.0633142 -0.622302
FixedParameters: 0 0 0

#Transform 129
Transform: AffineTransform_float_3_3
Parameters: 0.999982 -0.0054419 0.00246364 0.0054432 0.999985 -0.000574923 -0.002461 0.000588083 0.999997 0.175721 0.15681 -0.449608
FixedParameters: 0 0 0

#Transform 130
Transform: AffineTransform_float_3_3
Parameters: 0.999982 -0.00572564 0.00188656 0.00572847 0.999983 -0.00122615 -0.00187929 0.00123685 0.999998 0.187736 0.126756 -0.536493
FixedParameters: 0 0 0

#Transform 131
Transform: AffineTransform_float_3_3
Parameters: 0.999982 -0.00561848 0.0020383 0.0056199 0.999984 -0.00082334 -0.00203359 0.000834662 0.999997 0.168506 0.146034 -0.504452
FixedParameters: 0 0 0

#Transform 132
Transform: AffineTransform_float_3_3
Parameters: 0.999983 -0.00545321 0.00205678 0.00545663 0.999984 -0.00146022 -0.00204946 0.00147178 0.999997 0.188252 0.136029 -0.574935
FixedParameters: 0 0 0

#Transform 133
Transform: AffineTransform_float_3_3
Parameters: 0.999983 -0.00545262 0.00204527 0.00545492 0.999985 -0.00122729 -0.00203826 0.00123872 0.999997 0.172583 0.139793 -0.535659
FixedParameters: 0 0 0

#Transform 134
Transform: AffineTransform_float_3_3
Parameters: 0.999981 -0.00578869 0.00188039 0.00579377 0.99998 -0.00231708 -0.00186716 0.00232792 0.999996 0.178288 0.0902573 -0.551753
FixedParameters: 0 0 0

#Transform 135
Transform: AffineTransform_float_3_3
Parameters: 0.999982 -0.0055672 0.00200574 0.00556985 0.999984 -0.00101227 -0.00200032 0.00102374 0.999998 0.178639 0.135939 -0.460407
FixedParameters: 0 0 0

#Transform 136
Transform: AffineTransform_float_3_3
Parameters: 0.999981 -0.0058406 0.0020178 0.00584433 0.999981 -0.00166338 -0.00200789 0.00167462 0.999996 0.198295 0.119374 -0.509519
FixedParameters: 0 0 0

#Transform 137
Transform: AffineTransform_float_3_3
Parameters: 0.999979 -0.00595761 0.00229368 0.00595995 0.999982 -0.00101485 -0.00228702 0.00102915 0.999997 0.184106 0.145152 -0.416851
FixedParameters: 0 0 0

#Transform 138
Transform: AffineTransform_float_3_3
Parameters: 0.999979 -0.00593137 0.0023503 0.00593405 0.999982 -0.00123043 -0.00234298 0.00124458 0.999997 0.197367 0.132413 -0.445142
FixedParameters: 0 0 0

#Transform 139
Transform: AffineTransform_float_3_3
Parameters: 0.99998 -0.00599877 0.00232203 0.0060008 0.999981 -0.00085379 -0.00231631 0.000867208 0.999997 0.197483 0.142414 -0.478156
FixedParameters: 0 0 0

#Transform 140
Transform: AffineTransform_float_3_3
Parameters: 0.999979 -0.0059882 0.00240565 0.00599041 0.999981 -0.00102096 -0.00239977 0.00103605 0.999997 0.172775 0.128336 -0.472172
FixedParameters: 0 0 0

#Transform 141
Transform: AffineTransform_float_3_3
Parameters: 0.99998 -0.0059074 0.00236346 0.00591188 0.999981 -0.00193741 -0.00235152 0.00195159 0.999995 0.197347 0.100355 -0.531539
FixedParameters: 0 0 0

#Transform 142
Transform: AffineTransform_float_3_3
Parameters: 0.99998 -0.00589915 0.0025536 0.00590165 0.999982 -0.000866501 -0.00254789 0.000881496 0.999996 0.184386 0.140717 -0.391766
FixedParameters: 0 0 0

#Transform 143
Transform: AffineTransform_float_3_3
Parameters: 0.99998 -0.00590944 0.00235836 0.0059118 0.999982 -0.00107443 -0.00235202 0.00108858 0.999997 0.213917 0.138468 -0.461344
FixedParameters: 0 0 0

#Transform 144
Transform: AffineTransform_float_3_3
Parameters: 0.99998 -0.00584287 0.00239718 0.00584445 0.999983 -0.000566348 -0.00239324 0.00058065 0.999997 0.180785 0.169423 -0.412622
FixedParameters: 0 0 0

#Transform 145
Transform: AffineTransform_float_3_3
Parameters: 0.999982 -0.0057137 0.0021929 0.00571759 0.999983 -0.00147448 -0.00218466 0.00148653 0.999997 0.201305 0.133188 -0.480645
FixedParameters: 0 0 0

#Transform 146
Transform: AffineTransform_float_3_3
Parameters: 0.999978 -0.00617155 0.00238573 0.00617302 0.999981 -0.000545504 -0.00238166 0.000560494 0.999997 0.187077 0.175706 -0.360369
FixedParameters: 0 0 0

#Transform 147
Transform: AffineTransform_float_3_3
Parameters: 0.999982 -0.00572882 0.00215652 0.0057289 0.999984 -0.000101788 -0.00215621 0.000114217 0.999998 0.196035 0.226199 -0.324712
FixedParameters: 0 0 0

#Transform 148
Transform: AffineTransform_float_3_3
Parameters: 0.999982 -0.00556986 0.00253073 0.00557136 0.999984 -0.000521592 -0.00252761 0.000535409 0.999997 0.205567 0.215172 -0.294393
FixedParameters: 0 0 0

#Transform 149
Transform: AffineTransform_float_3_3
Parameters: 0.999979 -0.00600764 0.00243647 0.006009 0.999982 -0.00067308 -0.0024329 0.000687926 0.999996 0.20513 0.211676 -0.300771
FixedParameters: 0 0 0

#Transform 150
Transform: AffineTransform_float_3_3
Parameters: 0.999978 -0.00614547 0.00245755 0.00614825 0.999981 -0.00119598 -0.00245012 0.00121102 0.999997 0.210244 0.175618 -0.404002
FixedParameters: 0 0 0

#Transform 151
Transform: AffineTransform_float_3_3
Parameters: 0.999976 -0.00631039 0.00287657 0.00631447 0.999979 -0.00161035 -0.00286586 0.00162864 0.999994 0.221251 0.151562 -0.398808
FixedParameters: 0 0 0

#Transform 152
Transform: AffineTransform_float_3_3
Parameters: 0.999977 -0.00617961 0.00273969 0.00618367 0.99998 -0.00151921 -0.00273093 0.00153579 0.999995 0.226045 0.13917 -0.490672
FixedParameters: 0 0 0

#Transform 153
Transform: AffineTransform_float_3_3
Parameters: 0.999978 -0.00607598 0.0026207 0.00607942 0.999981 -0.00139601 -0.00261284 0.001412 0.999996 0.210975 0.144053 -0.459725
FixedParameters: 0 0 0

#Transform 154
Transform: AffineTransform_float_3_3
Parameters: 0.999978 -0.0061663 0.00270199 0.0061715 0.999979 -0.00189713 -0.00269045 0.00191387 0.999995 0.231877 0.142224 -0.468801
FixedParameters: 0 0 0

#Transform 155
Transform: AffineTransform_float_3_3
Parameters: 0.999977 -0.00608325 0.00293781 0.00608787 0.999981 -0.00137712 -0.00292923 0.00139489 0.999995 0.215513 0.160903 -0.392682
FixedParameters: 0 0 0

#Transform 156
Transform: AffineTransform_float_3_3
Parameters: 0.999975 -0.00659697 0.00279855 0.00660352 0.999975 -0.00228357 -0.00278301 0.00230243 0.999994 0.243507 0.116964 -0.462879
FixedParameters: 0 0 0

#Transform 157
Transform: AffineTransform_float_3_3
Parameters: 0.999974 -0.00648261 0.0030848 0.00648604 0.999978 -0.00133007 -0.00307623 0.00134993 0.999994 0.238471 0.152619 -0.470901
FixedParameters: 0 0 0

#Transform 158
Transform: AffineTransform_float_3_3
Parameters: 0.999976 -0.00632782 0.00279241 0.00633101 0.999979 -0.00142999 -0.00278301 0.00144801 0.999995 0.212437 0.155706 -0.380088
FixedParameters: 0 0 0

#Transform 159
Transform: AffineTransform_float_3_3
Parameters: 0.999975 -0.00666336 0.00266072 0.00666801 0.999976 -0.00175045 -0.00264831 0.00176855 0.999995 0.243655 0.147425 -0.485319
FixedParameters: 0 0 0

#Transform 160
Transform: AffineTransform_float_3_3
Parameters: 0.999974 -0.00670118 0.00286517 0.00670477 0.999977 -0.00123118 -0.00285682 0.00125083 0.999995 0.228917 0.165789 -0.398661
FixedParameters: 0 0 0

#Transform 161
Transform: AffineTransform_float_3_3
Parameters: 0.999972 -0.00691971 0.00262545 0.00692352 0.999975 -0.00161224 -0.00261405 0.00162976 0.999995 0.233464 0.14711 -0.456856
FixedParameters: 0 0 0

#Transform 162
Transform: AffineTransform_float_3_3
Parameters: 0.999974 -0.00663492 0.00278594 0.0066376 0.999977 -0.000963885 -0.00277947 0.000982116 0.999995 0.233845 0.172307 -0.380189
FixedParameters: 0 0 0

#Transform 163
Transform: AffineTransform_float_3_3
Parameters: 0.999975 -0.00649009 0.00282744 0.00649318 0.999978 -0.00109151 -0.00282052 0.0011095 0.999996 0.248103 0.154042 -0.428313
FixedParameters: 0 0 0

#Transform 164
Transform: AffineTransform_float_3_3
Parameters: 0.999977 -0.00635115 0.00266363 0.00635289 0.999979 -0.000759729 -0.0026594 0.000776278 0.999996 0.226545 0.16129 -0.412052
FixedParameters: 0 0 0

#Transform 165
Transform: AffineTransform_float_3_3
Parameters: 0.999974 -0.00671086 0.00279396 0.00671365 0.999977 -0.00105113 -0.00278708 0.00106987 0.999995 0.245612 0.154191 -0.443897
FixedParameters: 0 0 0

#Transform 166
Transform: AffineTransform_float_3_3
Parameters: 0.999975 -0.00657772 0.00285652 0.00658001 0.999978 -0.000871579 -0.00285137 0.000890428 0.999995 0.232773 0.170516 -0.433935
FixedParameters: 0 0 0

#Transform 167
Transform: AffineTransform_float_3_3
Parameters: 0.999975 -0.00641408 0.00278898 0.00641739 0.999979 -0.00114776 -0.0027815 0.00116624 0.999996 0.239933 0.15666 -0.437204
FixedParameters: 0 0 0

#Transform 168
Transform: AffineTransform_float_3_3
Parameters: 0.999975 -0.00641474 0.00278747 0.00641713 0.999979 -0.000912128 -0.00278209 0.000929878 0.999995 0.229315 0.163712 -0.435728
FixedParameters: 0 0 0

#Transform 169
Transform: AffineTransform_float_3_3
Parameters: 0.999972 -0.00680535 0.00295491 0.00680854 0.999976 -0.00106047 -0.0029477 0.00108053 0.999996 0.252763 0.166466 -0.44109
FixedParameters: 0 0 0

#Transform 170
Transform: AffineTransform_float_3_3
Parameters: 0.999974 -0.00662164 0.00303927 0.00662467 0.999978 -0.00100309 -0.00303321 0.00102392 0.999995 0.247066 0.160724 -0.42639
FixedParameters: 0 0 0

#Transform 171
Transform: AffineTransform_float_3_3
Parameters: 0.999974 -0.00671669 0.00268089 0.0067204 0.999976 -0.00156053 -0.00267084 0.00157848 0.999995 0.246046 0.137147 -0.433092
FixedParameters: 0 0 0

#Transform 172
Transform: AffineTransform_float_3_3
Parameters: 0.999973 -0.00663482 0.00299291 0.00663872 0.999977 -0.00116536 -0.00298467 0.00118564 0.999995 0.25183 0.15365 -0.411655
FixedParameters: 0 0 0

#Transform 173
Transform: AffineTransform_float_3_3
Parameters: 0.999975 -0.00656866 0.00268632 0.00657265 0.999978 -0.00114452 -0.00267891 0.00116248 0.999996 0.24558 0.167992 -0.348639
FixedParameters: 0 0 0

#Transform 174
Transform: AffineTransform_float_3_3
Parameters: 0.999975 -0.00652272 0.00295252 0.0065259 0.999978 -0.000993957 -0.00294587 0.00101304 0.999995 0.249942 0.167796 -0.384721
FixedParameters: 0 0 0

#Transform 175
Transform: AffineTransform_float_3_3
Parameters: 0.999971 -0.00698371 0.00301337 0.00698736 0.999975 -0.00118126 -0.00300501 0.00120175 0.999995 0.254487 0.160349 -0.391335
FixedParameters: 0 0 0

#Transform 176
Transform: AffineTransform_float_3_3
Parameters: 0.999972 -0.00688565 0.00315675 0.00689037 0.999976 -0.00135741 -0.00314711 0.00137859 0.999994 0.268867 0.148083 -0.473888
FixedParameters: 0 0 0

#Transform 177
Transform: AffineTransform_float_3_3
Parameters: 0.999974 -0.00661285 0.00291695 0.00661593 0.999978 -0.000989287 -0.00291018 0.00100771 0.999995 0.24001 0.15502 -0.364026
FixedParameters: 0 0 0

#Transform 178
Transform: AffineTransform_float_3_3
Parameters: 0.999971 -0.00703082 0.00295124 0.00703423 0.999975 -0.00123186 -0.00294297 0.00125315 0.999995 0.260658 0.143267 -0.474875
FixedParameters: 0 0 0

#Transform 179
Transform: AffineTransform_float_3_3
Parameters: 0.999972 -0.0068241 0.00306419 0.0068251 0.999976 -0.000686025 -0.00305981 0.000706983 0.999995 0.24182 0.170166 -0.3423
FixedParameters: 0 0 0
