# transform file /out/sourcedata/freesurfer/sub-v1s10x0050986_ses-1/mri/transforms/cc_up.lta
# created by oesteban on Thu Mar 12 03:10:55 2026

type      = 0 # LINEAR_VOX_TO_VOX
nxforms   = 1
mean      = 130.0000 140.0000 137.0000
sigma     = 10000.0000
1 4 4
9.987753629684448e-01 -6.738667842000723e-03 -4.901379719376564e-02 5.612899303436279e+00 
6.730568129569292e-03 9.999773502349854e-01 -3.302951809018850e-04 3.165700912475586e+00 
4.901490733027458e-02 0.000000000000000e+00 9.987980127334595e-01 -1.325868892669678e+01 
0.000000000000000e+00 0.000000000000000e+00 0.000000000000000e+00 1.000000000000000e+00 
src volume info
valid = 1  # volume info valid
filename = /out/sourcedata/freesurfer/sub-v1s10x0050986_ses-1/mri/norm.mgz
volume = 256 256 256
voxelsize = 1.000000000000000e+00 1.000000000000000e+00 1.000000000000000e+00
xras   = -1.000000000000000e+00 0.000000000000000e+00 0.000000000000000e+00
yras   = 0.000000000000000e+00 0.000000000000000e+00 -1.000000000000000e+00
zras   = 0.000000000000000e+00 1.000000000000000e+00 0.000000000000000e+00
cras   = -3.672225952148438e+00 -7.674697875976562e+00 -1.273493957519531e+01
dst volume info
valid = 1  # volume info valid
filename = /out/sourcedata/freesurfer/sub-v1s10x0050986_ses-1/mri/norm.mgz
volume = 256 256 256
voxelsize = 1.000000000000000e+00 1.000000000000000e+00 1.000000000000000e+00
xras   = -1.000000000000000e+00 0.000000000000000e+00 0.000000000000000e+00
yras   = 0.000000000000000e+00 0.000000000000000e+00 -1.000000000000000e+00
zras   = 0.000000000000000e+00 1.000000000000000e+00 0.000000000000000e+00
cras   = -3.672225952148438e+00 -7.674697875976562e+00 -1.273493957519531e+01
