#Insight Transform File V1.0
#Transform 0
Transform: AffineTransform_float_3_3
Parameters: 1 -0.000545358 -0.000165859 0.000546098 0.999999 -0.000543091 0.000166061 0.000542909 1 0.0545573 0.0738997 0.307751
FixedParameters: 0 0 0

#Transform 1
Transform: AffineTransform_float_3_3
Parameters: 0.999999 0.000721182 -0.000514396 -0.000721641 0.999999 -0.000826836 0.000514123 0.000826164 1 0.00339031 0.0786136 -0.0658632
FixedParameters: 0 0 0

#Transform 2
Transform: AffineTransform_float_3_3
Parameters: 0.999999 0.00119966 -0.000472826 -0.00120036 0.999998 -0.00115843 0.000470965 0.00115957 0.999999 -0.00180982 0.115241 -0.0989852
FixedParameters: 0 0 0

#Transform 3
Transform: AffineTransform_float_3_3
Parameters: 1 0.000785819 -0.000711484 -0.000787706 0.999998 -0.00187629 0.000710372 0.00187671 0.999998 0.0336997 0.134914 -0.178393
FixedParameters: 0 0 0

#Transform 4
Transform: AffineTransform_float_3_3
Parameters: 0.999998 0.00184911 -0.00129622 -0.00185235 0.999994 -0.00301717 0.00129071 0.00301983 0.999995 -0.0269619 0.109771 -0.21768
FixedParameters: 0 0 0

#Transform 5
Transform: AffineTransform_float_3_3
Parameters: 0.999999 0.00115242 -0.00107485 -0.0011571 0.999991 -0.00413097 0.00107005 0.00413203 0.999991 0.011302 0.0929607 -0.268806
FixedParameters: 0 0 0

#Transform 6
Transform: AffineTransform_float_3_3
Parameters: 0.999996 0.00212733 -0.00152712 -0.00213822 0.999972 -0.00723805 0.00151217 0.00724096 0.999972 -0.019291 0.038783 -0.385389
FixedParameters: 0 0 0

#Transform 7
Transform: AffineTransform_float_3_3
Parameters: 0.999998 0.00161604 -0.000654517 -0.00162136 0.999962 -0.00863167 0.000640379 0.00863233 0.999962 -7.08813e-05 0.00787108 -0.434745
FixedParameters: 0 0 0

#Transform 8
Transform: AffineTransform_float_3_3
Parameters: 0.999999 0.00137846 -0.0005487 -0.00138223 0.999974 -0.00706061 0.000538411 0.00706139 0.999975 -0.00178557 0.0364909 -0.376196
FixedParameters: 0 0 0

#Transform 9
Transform: AffineTransform_float_3_3
Parameters: 0.999999 0.00127558 -0.000786395 -0.00128141 0.999974 -0.00706421 0.000778065 0.00706479 0.999975 0.0145651 0.0381151 -0.371025
FixedParameters: 0 0 0

#Transform 10
Transform: AffineTransform_float_3_3
Parameters: 0.999999 0.00137845 -0.000548733 -0.00138224 0.999974 -0.00708461 0.000538378 0.00708539 0.999975 0.0161263 0.0560951 -0.351582
FixedParameters: 0 0 0

#Transform 11
Transform: AffineTransform_float_3_3
Parameters: 0.999999 0.00119563 -0.000470167 -0.00119871 0.999971 -0.0074908 0.000461436 0.0074912 0.999972 0.0179853 0.0503159 -0.374068
FixedParameters: 0 0 0

#Transform 12
Transform: AffineTransform_float_3_3
Parameters: 1 0.00100756 -0.000388593 -0.00101015 0.999972 -0.00742861 0.000380967 0.00742939 0.999973 0.0235084 0.0564159 -0.370909
FixedParameters: 0 0 0

#Transform 13
Transform: AffineTransform_float_3_3
Parameters: 1 0.00095179 -0.000363812 -0.00095401 0.999976 -0.00687166 0.000357159 0.00687234 0.999977 0.00500585 0.0595358 -0.343897
FixedParameters: 0 0 0

#Transform 14
Transform: AffineTransform_float_3_3
Parameters: 0.999999 0.00110678 -0.000768666 -0.00111197 0.999976 -0.00689951 0.000760859 0.00690049 0.999976 0.0190004 0.0657619 -0.342157
FixedParameters: 0 0 0

#Transform 15
Transform: AffineTransform_float_3_3
Parameters: 1 0.000959349 -0.000731433 -0.000964883 0.999974 -0.00721366 0.000724134 0.00721434 0.999974 0.021152 0.0562365 -0.389816
FixedParameters: 0 0 0

#Transform 16
Transform: AffineTransform_float_3_3
Parameters: 0.999999 0.001293 -0.000512057 -0.00129741 0.999973 -0.00729171 0.000502763 0.0072923 0.999974 0.0214594 0.0380902 -0.386385
FixedParameters: 0 0 0

#Transform 17
Transform: AffineTransform_float_3_3
Parameters: 1 0.001092 -0.000425097 -0.00109469 0.999972 -0.0073629 0.00041728 0.0073631 0.999973 0.0176605 0.0375223 -0.385363
FixedParameters: 0 0 0

#Transform 18
Transform: AffineTransform_float_3_3
Parameters: 0.999999 0.00129289 -0.000512327 -0.00129751 0.999971 -0.0075007 0.000502492 0.0075013 0.999972 0.0190011 0.054163 -0.389934
FixedParameters: 0 0 0

#Transform 19
Transform: AffineTransform_float_3_3
Parameters: 1 0.00101696 -0.000668646 -0.00102173 0.999971 -0.00762368 0.000660605 0.00762432 0.999971 0.0252597 0.0541928 -0.383434
FixedParameters: 0 0 0

#Transform 20
Transform: AffineTransform_float_3_3
Parameters: 0.999999 0.00119821 -0.000680519 -0.00120349 0.999971 -0.00747955 0.000671368 0.00748045 0.999972 0.020771 0.0475134 -0.406329
FixedParameters: 0 0 0

#Transform 21
Transform: AffineTransform_float_3_3
Parameters: 1 0.000925733 -0.000353638 -0.00092813 0.999969 -0.00789004 0.000346374 0.00788997 0.999969 0.0169233 0.0514185 -0.398119
FixedParameters: 0 0 0

#Transform 22
Transform: AffineTransform_float_3_3
Parameters: 0.999999 0.000863076 -0.000498194 -0.00086678 0.999972 -0.00743657 0.000491382 0.00743743 0.999972 0.0197107 0.0584355 -0.385057
FixedParameters: 0 0 0

#Transform 23
Transform: AffineTransform_float_3_3
Parameters: 1 0.000975458 -0.000374643 -0.000978742 0.999972 -0.007392 0.000367952 0.007392 0.999972 0.0288909 0.0619247 -0.376054
FixedParameters: 0 0 0

#Transform 24
Transform: AffineTransform_float_3_3
Parameters: 0.999999 0.000925879 -0.000353249 -0.000928367 0.999971 -0.00747067 0.000345839 0.00747132 0.999972 0.0209562 0.0581613 -0.385523
FixedParameters: 0 0 0

#Transform 25
Transform: AffineTransform_float_3_3
Parameters: 0.999999 0.000861894 -0.000500929 -0.000865618 0.999972 -0.00741593 0.00049417 0.00741607 0.999972 0.0205006 0.0588627 -0.38415
FixedParameters: 0 0 0

#Transform 26
Transform: AffineTransform_float_3_3
Parameters: 1 0.000925895 -0.000353212 -0.000928354 0.999972 -0.00743068 0.000345877 0.00743133 0.999973 0.0210468 0.0537438 -0.375979
FixedParameters: 0 0 0

#Transform 27
Transform: AffineTransform_float_3_3
Parameters: 0.999999 0.000658386 -0.000678769 -0.000664365 0.999972 -0.00751591 0.000673569 0.00751609 0.999971 0.0280495 0.0589222 -0.384431
FixedParameters: 0 0 0

#Transform 28
Transform: AffineTransform_float_3_3
Parameters: 0.999999 0.000474207 -0.000681567 -0.000479333 0.999973 -0.00723767 0.000678095 0.00723832 0.999973 0.0236242 0.0578526 -0.365816
FixedParameters: 0 0 0

#Transform 29
Transform: AffineTransform_float_3_3
Parameters: 0.999999 0.000759867 -0.000281108 -0.000761553 0.999974 -0.00723915 0.000275617 0.00723885 0.999974 0.0227041 0.0661529 -0.370056
FixedParameters: 0 0 0

#Transform 30
Transform: AffineTransform_float_3_3
Parameters: 1 0.000499251 -0.000346938 -0.000501732 0.999974 -0.00719483 0.000343027 0.00719517 0.999974 0.0308645 0.0624581 -0.381973
FixedParameters: 0 0 0

#Transform 31
Transform: AffineTransform_float_3_3
Parameters: 1 0.000428578 -0.000137703 -0.000429406 0.999973 -0.00735794 0.000134151 0.00735806 0.999973 0.0255089 0.0637236 -0.379425
FixedParameters: 0 0 0

#Transform 32
Transform: AffineTransform_float_3_3
Parameters: 0.999999 0.000719424 -0.000263801 -0.000721914 0.999971 -0.00748681 0.000258923 0.00748719 0.999972 0.0304179 0.0551995 -0.364302
FixedParameters: 0 0 0

#Transform 33
Transform: AffineTransform_float_3_3
Parameters: 1 0.000445193 -0.000381226 -0.000448098 0.999974 -0.00709567 0.000378179 0.00709532 0.999975 0.0281766 0.0638833 -0.360347
FixedParameters: 0 0 0

#Transform 34
Transform: AffineTransform_float_3_3
Parameters: 1 0.000428615 -0.000137587 -0.00042937 0.999975 -0.00708794 0.000134267 0.00708806 0.999975 0.0224103 0.0700089 -0.384231
FixedParameters: 0 0 0

#Transform 35
Transform: AffineTransform_float_3_3
Parameters: 0.999999 0.000589551 -0.000394992 -0.000592189 0.999971 -0.00750676 0.000391253 0.00750723 0.999971 0.0337701 0.0595278 -0.38551
FixedParameters: 0 0 0

#Transform 36
Transform: AffineTransform_float_3_3
Parameters: 1 0.000597419 0.000254353 -0.000595313 0.999985 -0.00542415 -0.000257279 0.00542385 0.999986 0.0179293 0.0843035 -0.310489
FixedParameters: 0 0 0

#Transform 37
Transform: AffineTransform_float_3_3
Parameters: 1 0.000434857 0.000198134 -0.000433808 0.999986 -0.00529409 -0.000200111 0.00529391 0.999986 0.0149226 0.0852699 -0.296452
FixedParameters: 0 0 0

#Transform 38
Transform: AffineTransform_float_3_3
Parameters: 1 0.000185037 -0.000307745 -0.000186591 0.999977 -0.00680094 0.000306277 0.00680105 0.999977 0.0295046 0.0784209 -0.350708
FixedParameters: 0 0 0

#Transform 39
Transform: AffineTransform_float_3_3
Parameters: 1 9.3644e-05 -0.000189529 -9.43892e-05 0.999985 -0.00543198 0.000189037 0.00543202 0.999985 0.0316361 0.0847208 -0.286971
FixedParameters: 0 0 0

#Transform 40
Transform: AffineTransform_float_3_3
Parameters: 1 6.0894e-05 0.000244896 -5.95175e-05 0.999985 -0.00547401 -0.000246085 0.00547399 0.999985 0.0400425 0.100187 -0.29035
FixedParameters: 0 0 0

#Transform 41
Transform: AffineTransform_float_3_3
Parameters: 1 0.000384813 3.10203e-05 -0.000384557 0.999981 -0.00611202 -3.3491e-05 0.00611199 0.999982 0.0364471 0.0859706 -0.302926
FixedParameters: 0 0 0

#Transform 42
Transform: AffineTransform_float_3_3
Parameters: 0.999999 -0.000693118 -0.00119765 0.000687671 0.999991 -0.00441162 0.00120047 0.00441138 0.99999 0.0779533 0.108364 -0.250368
FixedParameters: 0 0 0

#Transform 43
Transform: AffineTransform_float_3_3
Parameters: 0.999999 0.000794045 -0.000408338 -0.000797851 0.999963 -0.00855268 0.000402086 0.00855333 0.999964 0.0466832 0.0413657 -0.418054
FixedParameters: 0 0 0

#Transform 44
Transform: AffineTransform_float_3_3
Parameters: 1 -0.000600531 -9.23667e-05 0.000600134 0.999964 -0.00840005 9.75983e-05 0.00839994 0.999964 0.065463 0.0427638 -0.41752
FixedParameters: 0 0 0

#Transform 45
Transform: AffineTransform_float_3_3
Parameters: 1 -0.000232557 -0.000528074 0.000229391 0.999979 -0.00647512 0.000529502 0.00647488 0.999979 0.0790785 0.0773015 -0.354683
FixedParameters: 0 0 0

#Transform 46
Transform: AffineTransform_float_3_3
Parameters: 1 -4.73571e-05 -0.000184394 4.61686e-05 0.999967 -0.00821501 0.000184381 0.008215 0.999966 0.0855957 0.035976 -0.507739
FixedParameters: 0 0 0

#Transform 47
Transform: AffineTransform_float_3_3
Parameters: 1 -0.000112521 2.7104e-05 0.000112589 0.999963 -0.00862099 -2.60838e-05 0.008621 0.999963 0.0678718 0.0309904 -0.453646
FixedParameters: 0 0 0

#Transform 48
Transform: AffineTransform_float_3_3
Parameters: 1 3.06179e-05 7.06512e-05 -3.04794e-05 0.999972 -0.007491 -7.07181e-05 0.007491 0.999972 0.0466689 0.0648929 -0.409212
FixedParameters: 0 0 0

#Transform 49
Transform: AffineTransform_float_3_3
Parameters: 1 0.000101398 -0.000188061 -0.000103428 0.999961 -0.00891399 0.000186765 0.00891402 0.999961 0.0435986 0.058824 -0.445309
FixedParameters: 0 0 0

#Transform 50
Transform: AffineTransform_float_3_3
Parameters: 1 -0.000193784 0.000153831 0.000194498 0.999969 -0.00789197 -0.000152217 0.00789203 0.999969 0.0640307 0.0679732 -0.408888
FixedParameters: 0 0 0

#Transform 51
Transform: AffineTransform_float_3_3
Parameters: 1 -0.000297744 0.000137825 0.000299068 0.99997 -0.00771496 -0.000135061 0.00771504 0.99997 0.0679634 0.0567658 -0.419406
FixedParameters: 0 0 0

#Transform 52
Transform: AffineTransform_float_3_3
Parameters: 1 -0.000129987 -5.58669e-05 0.00012907 0.999967 -0.008049 5.79521e-05 0.00804899 0.999967 0.0799814 0.0732835 -0.435898
FixedParameters: 0 0 0

#Transform 53
Transform: AffineTransform_float_3_3
Parameters: 1 -0.000308526 -5.04035e-05 0.000307861 0.999969 -0.00778301 5.29692e-05 0.00778298 0.999969 0.0769462 0.0658303 -0.4306
FixedParameters: 0 0 0

#Transform 54
Transform: AffineTransform_float_3_3
Parameters: 1 -0.000469571 0.000259342 0.000472106 0.999968 -0.00795888 -0.000255529 0.00795913 0.999969 0.0725508 0.0710074 -0.415742
FixedParameters: 0 0 0

#Transform 55
Transform: AffineTransform_float_3_3
Parameters: 1 -0.000426744 -0.000116798 0.000425536 0.999968 -0.00792904 0.000120013 0.00792894 0.999968 0.0782852 0.0766857 -0.411366
FixedParameters: 0 0 0

#Transform 56
Transform: AffineTransform_float_3_3
Parameters: 1 -0.000498953 -0.00011491 0.000498693 0.999968 -0.00790905 0.000118867 0.00790894 0.999968 0.0826269 0.0819143 -0.413065
FixedParameters: 0 0 0

#Transform 57
Transform: AffineTransform_float_3_3
Parameters: 1 -0.000426947 0.000184231 0.00042834 0.999967 -0.00809293 -0.000180991 0.00809308 0.999967 0.0623291 0.0789007 -0.409218
FixedParameters: 0 0 0

#Transform 58
Transform: AffineTransform_float_3_3
Parameters: 1 -0.000287826 0.000518747 0.00029062 0.999979 -0.00649785 -0.000516578 0.00649815 0.999979 0.0399876 0.0898396 -0.340387
FixedParameters: 0 0 0

#Transform 59
Transform: AffineTransform_float_3_3
Parameters: 1 -0.000425127 0.000460004 0.000428268 0.999972 -0.00755981 -0.000457373 0.0075602 0.999972 0.0794137 0.0646861 -0.400235
FixedParameters: 0 0 0

#Transform 60
Transform: AffineTransform_float_3_3
Parameters: 1 -0.00109577 -6.09173e-05 0.0010953 0.999968 -0.00790843 6.93176e-05 0.00790757 0.999969 0.0769342 0.056418 -0.399501
FixedParameters: 0 0 0

#Transform 61
Transform: AffineTransform_float_3_3
Parameters: 1 -0.00113861 0.000288003 0.00114153 0.99996 -0.00880868 -0.000277903 0.00880932 0.999961 0.0844187 0.0531256 -0.428633
FixedParameters: 0 0 0

#Transform 62
Transform: AffineTransform_float_3_3
Parameters: 1 -0.000601957 0.000243111 0.000603792 0.999975 -0.00705785 -0.000238283 0.00705814 0.999975 0.0718474 0.0852759 -0.36196
FixedParameters: 0 0 0

#Transform 63
Transform: AffineTransform_float_3_3
Parameters: 0.999999 -0.000816366 0.000226172 0.000818244 0.999972 -0.00740018 -0.000219989 0.00739982 0.999972 0.0767602 0.0813588 -0.36523
FixedParameters: 0 0 0

#Transform 64
Transform: AffineTransform_float_3_3
Parameters: 0.999999 -0.000806479 0.000609125 0.000810429 0.999977 -0.00671151 -0.000603014 0.00671249 0.999978 0.0902173 0.0890578 -0.368426
FixedParameters: 0 0 0

#Transform 65
Transform: AffineTransform_float_3_3
Parameters: 0.999999 -0.000608001 0.000644537 0.000612344 0.999975 -0.00705461 -0.000639357 0.00705539 0.999975 0.0787964 0.089603 -0.376651
FixedParameters: 0 0 0

#Transform 66
Transform: AffineTransform_float_3_3
Parameters: 0.999998 -0.00108449 0.00168636 0.00109584 0.999976 -0.00695422 -0.00167911 0.00695579 0.999975 0.103204 0.0908053 -0.385427
FixedParameters: 0 0 0

#Transform 67
Transform: AffineTransform_float_3_3
Parameters: 0.999999 -0.000681981 0.00132018 0.00069156 0.999977 -0.0067683 -0.00131498 0.0067687 0.999976 0.0813415 0.0970445 -0.347813
FixedParameters: 0 0 0

#Transform 68
Transform: AffineTransform_float_3_3
Parameters: 0.999999 -0.000675247 0.00133506 0.000685405 0.999975 -0.0070553 -0.00133048 0.0070557 0.999974 0.0986427 0.0961133 -0.350941
FixedParameters: 0 0 0

#Transform 69
Transform: AffineTransform_float_3_3
Parameters: 0.999999 -0.000662177 0.0011774 0.000669409 0.999978 -0.00659022 -0.00117272 0.00659178 0.999977 0.0915816 0.0990775 -0.349612
FixedParameters: 0 0 0

#Transform 70
Transform: AffineTransform_float_3_3
Parameters: 1 -0.000538629 0.001072 0.000546423 0.999976 -0.00688727 -0.00106809 0.00688773 0.999976 0.0782737 0.0930333 -0.362272
FixedParameters: 0 0 0

#Transform 71
Transform: AffineTransform_float_3_3
Parameters: 0.999999 -0.000581622 0.00112201 0.000590312 0.999969 -0.00774019 -0.00111796 0.0077408 0.999969 0.0812105 0.0573787 -0.404789
FixedParameters: 0 0 0

#Transform 72
Transform: AffineTransform_float_3_3
Parameters: 1 -0.00065097 0.000898169 0.000657013 0.999977 -0.00673641 -0.000893317 0.00673759 0.999977 0.0762605 0.0898808 -0.368256
FixedParameters: 0 0 0

#Transform 73
Transform: AffineTransform_float_3_3
Parameters: 0.999999 -0.000756999 0.00114606 0.000765552 0.999975 -0.00711913 -0.00114063 0.00712087 0.999974 0.0876069 0.089924 -0.383016
FixedParameters: 0 0 0

#Transform 74
Transform: AffineTransform_float_3_3
Parameters: 0.999999 -0.000555916 0.00110859 0.000564194 0.999971 -0.00764623 -0.00110505 0.00764678 0.999971 0.0764844 0.0766126 -0.443111
FixedParameters: 0 0 0

#Transform 75
Transform: AffineTransform_float_3_3
Parameters: 1 -0.000506871 0.000900574 0.000512915 0.999973 -0.00722754 -0.000896772 0.00722845 0.999973 0.0799274 0.0949094 -0.367867
FixedParameters: 0 0 0

#Transform 76
Transform: AffineTransform_float_3_3
Parameters: 0.999999 -0.000777453 0.00103308 0.00078437 0.999973 -0.0072942 -0.00102802 0.00729581 0.999973 0.0947795 0.104029 -0.396125
FixedParameters: 0 0 0

#Transform 77
Transform: AffineTransform_float_3_3
Parameters: 0.999998 0.000532584 0.00204524 -0.000514843 0.999963 -0.00866436 -0.00205005 0.00866365 0.99996 0.0850704 0.0670167 -0.450329
FixedParameters: 0 0 0

#Transform 78
Transform: AffineTransform_float_3_3
Parameters: 1 0.000274711 0.000390619 -0.000270123 0.999937 -0.0112171 -0.000393857 0.0112169 0.999937 0.0389928 0.0512128 -0.507992
FixedParameters: 0 0 0

#Transform 79
Transform: AffineTransform_float_3_3
Parameters: 1 0.000473791 0.000986635 -0.000457524 0.99987 -0.0161055 -0.000994993 0.0161045 0.99987 0.0835292 -0.0541 -0.667377
FixedParameters: 0 0 0

#Transform 80
Transform: AffineTransform_float_3_3
Parameters: 1 0.00017834 0.000919352 -0.000169421 0.999952 -0.00977216 -0.000921074 0.00977184 0.999952 0.0539828 0.0399761 -0.47566
FixedParameters: 0 0 0

#Transform 81
Transform: AffineTransform_float_3_3
Parameters: 1 0.00025076 -0.000366708 -0.00025533 0.999925 -0.0121869 0.00036305 0.0121871 0.999925 0.0495114 0.0157845 -0.599721
FixedParameters: 0 0 0

#Transform 82
Transform: AffineTransform_float_3_3
Parameters: 0.999984 -0.00338039 -0.00449055 0.00331688 0.999894 -0.0141121 0.00453837 0.0140968 0.99989 0.0485037 -0.0221676 -0.694947
FixedParameters: 0 0 0

#Transform 83
Transform: AffineTransform_float_3_3
Parameters: 1 -0.000976517 0.00051495 0.00098191 0.999945 -0.0104109 -0.000504295 0.0104111 0.999946 0.0509824 0.02904 -0.57754
FixedParameters: 0 0 0

#Transform 84
Transform: AffineTransform_float_3_3
Parameters: 0.999996 -0.0021611 -0.00170028 0.00214469 0.999953 -0.00950142 0.00172023 0.00949758 0.999953 0.107687 0.0626034 -0.533875
FixedParameters: 0 0 0

#Transform 85
Transform: AffineTransform_float_3_3
Parameters: 0.999999 -0.00122913 -0.000227715 0.00122718 0.999942 -0.0107114 0.000240775 0.0107116 0.999943 0.0642088 0.0489439 -0.580682
FixedParameters: 0 0 0

#Transform 86
Transform: AffineTransform_float_3_3
Parameters: 0.999999 -0.000527107 0.00138762 0.000537295 0.999975 -0.00712611 -0.00138466 0.00712689 0.999974 0.0466275 0.119611 -0.430829
FixedParameters: 0 0 0

#Transform 87
Transform: AffineTransform_float_3_3
Parameters: 1 -0.000577003 0.000967856 0.000583744 0.999975 -0.00708865 -0.000963197 0.00708835 0.999974 0.0504771 0.100015 -0.435915
FixedParameters: 0 0 0

#Transform 88
Transform: AffineTransform_float_3_3
Parameters: 0.999999 -0.000567765 0.00117762 0.000576582 0.999974 -0.00726218 -0.00117341 0.00726283 0.999973 0.0478046 0.094773 -0.458795
FixedParameters: 0 0 0

#Transform 89
Transform: AffineTransform_float_3_3
Parameters: 1 -0.000576937 0.0010614 0.000584338 0.999976 -0.00695459 -0.00105781 0.00695441 0.999975 0.0466148 0.10757 -0.421456
FixedParameters: 0 0 0

#Transform 90
Transform: AffineTransform_float_3_3
Parameters: 0.999999 -0.000630757 0.00116102 0.000638737 0.999975 -0.00700711 -0.00115622 0.00700789 0.999975 0.046685 0.0981285 -0.418611
FixedParameters: 0 0 0

#Transform 91
Transform: AffineTransform_float_3_3
Parameters: 0.999999 -0.00089617 0.000889637 0.000902568 0.999972 -0.00745342 -0.000882031 0.00745359 0.999972 0.0471131 0.0898422 -0.442399
FixedParameters: 0 0 0

#Transform 92
Transform: AffineTransform_float_3_3
Parameters: 0.999998 -0.00204641 -0.000337073 0.00204364 0.999965 -0.00808337 0.000353729 0.00808262 0.999967 0.11545 0.0944833 -0.470394
FixedParameters: 0 0 0

#Transform 93
Transform: AffineTransform_float_3_3
Parameters: 0.999999 0.000125073 0.00184703 -0.000109375 0.999966 -0.00826434 -0.0018481 0.00826465 0.999964 0.0359642 0.0836835 -0.483047
FixedParameters: 0 0 0

#Transform 94
Transform: AffineTransform_float_3_3
Parameters: 1 -0.000483817 0.00108393 0.000493386 0.99996 -0.00884431 -0.00107991 0.00884467 0.99996 0.0513806 0.0839751 -0.487771
FixedParameters: 0 0 0

#Transform 95
Transform: AffineTransform_float_3_3
Parameters: 0.999999 -0.000447319 0.00116898 0.000456671 0.999965 -0.00833432 -0.00116476 0.00833468 0.999965 0.061501 0.0774378 -0.477523
FixedParameters: 0 0 0

#Transform 96
Transform: AffineTransform_float_3_3
Parameters: 1 -0.000521069 0.00107151 0.000529839 0.999963 -0.00857444 -0.00106713 0.00857556 0.999962 0.0660472 0.0849092 -0.474002
FixedParameters: 0 0 0

#Transform 97
Transform: AffineTransform_float_3_3
Parameters: 0.999999 -0.000738294 0.00121785 0.000748773 0.999958 -0.00911394 -0.0012113 0.00911506 0.999958 0.0719941 0.0539405 -0.479775
FixedParameters: 0 0 0

#Transform 98
Transform: AffineTransform_float_3_3
Parameters: 0.999998 -0.000579399 0.00158589 0.000592457 0.999967 -0.00814077 -0.00158072 0.00814124 0.999966 0.0677872 0.097149 -0.461723
FixedParameters: 0 0 0

#Transform 99
Transform: AffineTransform_float_3_3
Parameters: 0.999998 -0.000578852 0.00158609 0.000592079 0.999964 -0.00848577 -0.00158014 0.00848624 0.999963 0.0491573 0.0908828 -0.477884
FixedParameters: 0 0 0

#Transform 100
Transform: AffineTransform_float_3_3
Parameters: 0.999999 -0.000460773 0.0014715 0.000473281 0.999964 -0.00845216 -0.00146706 0.00845283 0.999963 0.0558757 0.0944551 -0.451661
FixedParameters: 0 0 0

#Transform 101
Transform: AffineTransform_float_3_3
Parameters: 0.999999 -0.000573699 0.00158357 0.000587111 0.999966 -0.00826478 -0.00157835 0.00826522 0.999965 0.0491471 0.0960545 -0.445203
FixedParameters: 0 0 0

#Transform 102
Transform: AffineTransform_float_3_3
Parameters: 0.999998 -0.000607161 0.00150576 0.000620609 0.999964 -0.00852692 -0.00150098 0.00852807 0.999962 0.0487244 0.081181 -0.468174
FixedParameters: 0 0 0

#Transform 103
Transform: AffineTransform_float_3_3
Parameters: 0.999998 -0.000600917 0.00153635 0.00061406 0.999967 -0.00813092 -0.00153124 0.00813209 0.999966 0.0489184 0.0810462 -0.487735
FixedParameters: 0 0 0

#Transform 104
Transform: AffineTransform_float_3_3
Parameters: 1 -0.000561795 0.00106836 0.000570235 0.999964 -0.0084474 -0.00106343 0.0084486 0.999963 0.0445853 0.0819213 -0.480541
FixedParameters: 0 0 0

#Transform 105
Transform: AffineTransform_float_3_3
Parameters: 1 -0.000442248 0.00108737 0.000451596 0.999964 -0.00853437 -0.00108345 0.00853464 0.999963 0.0432816 0.0766329 -0.500314
FixedParameters: 0 0 0

#Transform 106
Transform: AffineTransform_float_3_3
Parameters: 0.999998 -0.000811429 0.00189811 0.000830163 0.999949 -0.0101382 -0.00188941 0.0101399 0.999947 0.0682288 0.0612705 -0.620382
FixedParameters: 0 0 0

#Transform 107
Transform: AffineTransform_float_3_3
Parameters: 0.999999 -0.000477506 0.00131973 0.000488336 0.999963 -0.00858521 -0.0013162 0.00858578 0.999962 0.0569578 0.0865252 -0.506836
FixedParameters: 0 0 0

#Transform 108
Transform: AffineTransform_float_3_3
Parameters: 0.999999 -0.000606258 0.0012508 0.000616589 0.999959 -0.00902208 -0.00124545 0.00902291 0.999958 0.0521054 0.0822477 -0.506144
FixedParameters: 0 0 0

#Transform 109
Transform: AffineTransform_float_3_3
Parameters: 0.999999 -0.000558992 0.00122455 0.000570042 0.999961 -0.00881515 -0.00121884 0.00881584 0.99996 0.0528848 0.0861296 -0.453493
FixedParameters: 0 0 0

#Transform 110
Transform: AffineTransform_float_3_3
Parameters: 0.999999 -0.000479258 0.00141704 0.00049237 0.999958 -0.00912916 -0.00141254 0.00912984 0.999957 0.0534104 0.0808323 -0.507143
FixedParameters: 0 0 0

#Transform 111
Transform: AffineTransform_float_3_3
Parameters: 0.999999 -0.000608539 0.0011899 0.000619653 0.999957 -0.00926526 -0.00118368 0.00926672 0.999956 0.0482459 0.0804567 -0.49227
FixedParameters: 0 0 0

#Transform 112
Transform: AffineTransform_float_3_3
Parameters: 1 -0.000354737 0.00103976 0.000362961 0.999961 -0.00882362 -0.00103675 0.00882437 0.99996 0.0396555 0.0798069 -0.473299
FixedParameters: 0 0 0

#Transform 113
Transform: AffineTransform_float_3_3
Parameters: 0.999999 -0.000554173 0.0012158 0.00056444 0.999961 -0.00871316 -0.00121121 0.00871382 0.999961 0.0460818 0.0851838 -0.480722
FixedParameters: 0 0 0

#Transform 114
Transform: AffineTransform_float_3_3
Parameters: 1 -0.000877084 0.000852103 0.000885154 0.999964 -0.00845725 -0.00084431 0.00845874 0.999964 0.0656474 0.0660063 -0.496344
FixedParameters: 0 0 0

#Transform 115
Transform: AffineTransform_float_3_3
Parameters: 0.999999 -0.000857638 0.000896433 0.000865784 0.999961 -0.00881344 -0.000888885 0.00881357 0.999961 0.0657821 0.0824559 -0.455924
FixedParameters: 0 0 0

#Transform 116
Transform: AffineTransform_float_3_3
Parameters: 1 -0.00067158 0.000940789 0.000679772 0.999962 -0.00869321 -0.000935372 0.00869378 0.999962 0.0544403 0.083671 -0.455086
FixedParameters: 0 0 0

#Transform 117
Transform: AffineTransform_float_3_3
Parameters: 1 -0.000566245 0.000937426 0.000574984 0.999963 -0.00859846 -0.000932103 0.00859953 0.999962 0.0521423 0.0959775 -0.477137
FixedParameters: 0 0 0

#Transform 118
Transform: AffineTransform_float_3_3
Parameters: 0.999999 -0.000755599 0.00112356 0.000765874 0.999961 -0.00879399 -0.00111704 0.008795 0.999961 0.0667033 0.0791085 -0.519646
FixedParameters: 0 0 0

#Transform 119
Transform: AffineTransform_float_3_3
Parameters: 1 -0.00093669 0.000396186 0.000939133 0.999978 -0.00658463 -0.000390277 0.00658537 0.999978 0.0843311 0.110049 -0.390927
FixedParameters: 0 0 0

#Transform 120
Transform: AffineTransform_float_3_3
Parameters: 1 -0.000862556 0.000653575 0.000866151 0.99998 -0.00627544 -0.000648388 0.00627656 0.99998 0.0627795 0.0988762 -0.333243
FixedParameters: 0 0 0

#Transform 121
Transform: AffineTransform_float_3_3
Parameters: 0.999999 -0.000954061 0.0010396 0.000962849 0.999968 -0.00790521 -0.00103208 0.00790578 0.999968 0.0700712 0.109929 -0.395913
FixedParameters: 0 0 0

#Transform 122
Transform: AffineTransform_float_3_3
Parameters: 0.999999 -0.000856914 0.000896922 0.000864417 0.999969 -0.00770808 -0.000890765 0.00770892 0.99997 0.0565502 0.105144 -0.3903
FixedParameters: 0 0 0

#Transform 123
Transform: AffineTransform_float_3_3
Parameters: 0.999999 -0.0008634 0.00101347 0.000870689 0.999974 -0.00716697 -0.00100777 0.00716803 0.999974 0.0498853 0.12331 -0.370582
FixedParameters: 0 0 0

#Transform 124
Transform: AffineTransform_float_3_3
Parameters: 0.999999 -0.00066514 0.000683577 0.000669846 0.999974 -0.00720354 -0.00067831 0.00720445 0.999974 0.0476525 0.104738 -0.387032
FixedParameters: 0 0 0

#Transform 125
Transform: AffineTransform_float_3_3
Parameters: 0.999999 -0.000352034 0.00153749 0.00036321 0.999974 -0.0072233 -0.00153525 0.00722371 0.999973 0.0358208 0.117065 -0.383658
FixedParameters: 0 0 0

#Transform 126
Transform: AffineTransform_float_3_3
Parameters: 0.999999 -0.000923514 0.00110315 0.000931471 0.999972 -0.00748534 -0.00109651 0.00748666 0.999971 0.0588492 0.101208 -0.401623
FixedParameters: 0 0 0

#Transform 127
Transform: AffineTransform_float_3_3
Parameters: 1 -0.000653409 0.000936931 0.000659833 0.999973 -0.00736459 -0.00093175 0.00736441 0.999972 0.0526592 0.104096 -0.400538
FixedParameters: 0 0 0

#Transform 128
Transform: AffineTransform_float_3_3
Parameters: 0.999999 -0.000862295 0.00109848 0.000870668 0.999971 -0.0075289 -0.00109176 0.0075301 0.999971 0.0545517 0.104856 -0.388839
FixedParameters: 0 0 0

#Transform 129
Transform: AffineTransform_float_3_3
Parameters: 0.999998 -2.73217e-06 0.00207888 1.96807e-05 0.999968 -0.00796231 -0.00207836 0.00796168 0.999966 0.056604 0.10093 -0.428298
FixedParameters: 0 0 0

#Transform 130
Transform: AffineTransform_float_3_3
Parameters: 0.999992 0.000829063 0.00403668 -0.000801346 0.999975 -0.0069128 -0.00404253 0.00690919 0.999968 -0.00337502 0.125176 -0.417204
FixedParameters: 0 0 0

#Transform 131
Transform: AffineTransform_float_3_3
Parameters: 0.999997 -0.000591449 0.00212958 0.000606111 0.999977 -0.00665091 -0.00212561 0.00665209 0.999976 0.0454374 0.12543 -0.412577
FixedParameters: 0 0 0

#Transform 132
Transform: AffineTransform_float_3_3
Parameters: 0.999999 -0.000703912 0.00164234 0.000715202 0.999977 -0.00675769 -0.00163791 0.00675932 0.999976 0.0517896 0.120886 -0.389059
FixedParameters: 0 0 0

#Transform 133
Transform: AffineTransform_float_3_3
Parameters: 0.999998 -0.0010849 0.00116743 0.0010934 0.999967 -0.00804058 -0.00115862 0.00804242 0.999967 0.0714762 0.0928416 -0.414502
FixedParameters: 0 0 0

#Transform 134
Transform: AffineTransform_float_3_3
Parameters: 0.999998 9.89158e-05 0.00224992 -7.45683e-05 0.999941 -0.0108942 -0.00225111 0.0108938 0.999939 0.0377838 0.0501651 -0.504385
FixedParameters: 0 0 0

#Transform 135
Transform: AffineTransform_float_3_3
Parameters: 0.999999 -0.00115857 0.000497861 0.00116256 0.999964 -0.00840178 -0.000488484 0.00840221 0.999964 0.0486613 0.0826794 -0.434571
FixedParameters: 0 0 0

#Transform 136
Transform: AffineTransform_float_3_3
Parameters: 0.999999 -0.000883873 0.000977088 0.000892632 0.999965 -0.00839649 -0.000969812 0.0083975 0.999964 0.0528301 0.0769808 -0.460661
FixedParameters: 0 0 0

#Transform 137
Transform: AffineTransform_float_3_3
Parameters: 0.999996 -0.00136819 0.00217898 0.00138502 0.99997 -0.0076349 -0.00216838 0.00763809 0.999968 0.107275 0.124791 -0.449051
FixedParameters: 0 0 0

#Transform 138
Transform: AffineTransform_float_3_3
Parameters: 0.999998 -0.00130323 0.00142904 0.00131362 0.999971 -0.00750735 -0.00141993 0.00750966 0.999971 0.0920655 0.113346 -0.448342
FixedParameters: 0 0 0

#Transform 139
Transform: AffineTransform_float_3_3
Parameters: 0.999998 -0.00117329 0.00159063 0.00118455 0.999971 -0.00747018 -0.00158186 0.00747181 0.999971 0.0903046 0.12739 -0.404576
FixedParameters: 0 0 0

#Transform 140
Transform: AffineTransform_float_3_3
Parameters: 0.999998 -0.00123475 0.00159684 0.00124749 0.99997 -0.00762044 -0.00158715 0.00762156 0.999969 0.0943306 0.129423 -0.40508
FixedParameters: 0 0 0

#Transform 141
Transform: AffineTransform_float_3_3
Parameters: 0.999999 -0.000984193 0.00153454 0.000994842 0.999973 -0.00728654 -0.00152712 0.00728746 0.999972 0.0773753 0.13087 -0.414957
FixedParameters: 0 0 0

#Transform 142
Transform: AffineTransform_float_3_3
Parameters: 0.999998 -0.00119231 0.00162427 0.00120464 0.99997 -0.00764712 -0.00161478 0.00764889 0.99997 0.0748284 0.126754 -0.392509
FixedParameters: 0 0 0

#Transform 143
Transform: AffineTransform_float_3_3
Parameters: 0.999998 -0.00116242 0.00160791 0.00117428 0.99997 -0.00757818 -0.00159905 0.00757982 0.99997 0.0832013 0.138698 -0.38264
FixedParameters: 0 0 0

#Transform 144
Transform: AffineTransform_float_3_3
Parameters: 0.999998 -0.00134547 0.0015845 0.0013574 0.999967 -0.00796392 -0.00157366 0.00796608 0.999967 0.0927917 0.131052 -0.389577
FixedParameters: 0 0 0

#Transform 145
Transform: AffineTransform_float_3_3
Parameters: 0.999998 -0.0011906 0.00157783 0.00120196 0.99997 -0.00768717 -0.0015692 0.00768883 0.999969 0.0953033 0.141763 -0.378086
FixedParameters: 0 0 0

#Transform 146
Transform: AffineTransform_float_3_3
Parameters: 0.999998 -0.00115163 0.00164031 0.0011644 0.999971 -0.00758731 -0.00163066 0.00758968 0.999969 0.0808955 0.142879 -0.394962
FixedParameters: 0 0 0

#Transform 147
Transform: AffineTransform_float_3_3
Parameters: 0.999998 -0.0015112 0.00175368 0.00152452 0.99997 -0.00759376 -0.00174131 0.00759624 0.999969 0.109967 0.132635 -0.438845
FixedParameters: 0 0 0

#Transform 148
Transform: AffineTransform_float_3_3
Parameters: 0.999997 -0.00144001 0.00191792 0.0014536 0.99997 -0.00759329 -0.00190676 0.00759672 0.99997 0.100568 0.128484 -0.433684
FixedParameters: 0 0 0

#Transform 149
Transform: AffineTransform_float_3_3
Parameters: 0.999998 -0.00112847 0.00131885 0.0011403 0.999959 -0.00903772 -0.00130849 0.00903928 0.999958 0.0799641 0.100911 -0.495873
FixedParameters: 0 0 0

#Transform 150
Transform: AffineTransform_float_3_3
Parameters: 0.999997 -0.00167035 0.00138008 0.00168577 0.999928 -0.0118781 -0.0013601 0.0118799 0.999929 0.0826521 0.0580611 -0.68908
FixedParameters: 0 0 0

#Transform 151
Transform: AffineTransform_float_3_3
Parameters: 0.999999 -0.00120368 0.00125404 0.00121852 0.999929 -0.0118827 -0.00123962 0.0118843 0.999929 0.0825513 0.0524208 -0.688183
FixedParameters: 0 0 0

#Transform 152
Transform: AffineTransform_float_3_3
Parameters: 0.999998 -0.00131502 0.00139947 0.0013335 0.999918 -0.0127082 -0.00138254 0.0127098 0.999918 0.0982385 0.0676122 -0.713277
FixedParameters: 0 0 0

#Transform 153
Transform: AffineTransform_float_3_3
Parameters: 0.999999 -0.00143809 0.00119666 0.00145298 0.999919 -0.0126055 -0.00117773 0.0126075 0.99992 0.0877997 0.0704917 -0.69482
FixedParameters: 0 0 0

#Transform 154
Transform: AffineTransform_float_3_3
Parameters: 0.999999 -0.00143587 0.0011005 0.00144917 0.999928 -0.0119526 -0.00108338 0.0119544 0.999928 0.0780043 0.0612694 -0.675021
FixedParameters: 0 0 0

#Transform 155
Transform: AffineTransform_float_3_3
Parameters: 0.999999 -0.00122225 0.0013811 0.00123865 0.999929 -0.0118244 -0.0013669 0.0118256 0.999929 0.0868728 0.0659771 -0.676144
FixedParameters: 0 0 0

#Transform 156
Transform: AffineTransform_float_3_3
Parameters: 0.999998 -0.00108903 0.00131624 0.00110394 0.999929 -0.0118898 -0.00130283 0.0118912 0.999928 0.0840194 0.0694833 -0.699712
FixedParameters: 0 0 0

#Transform 157
Transform: AffineTransform_float_3_3
Parameters: 0.999997 -0.00145255 0.0020179 0.00148203 0.999894 -0.0144851 -0.00199688 0.0144889 0.999893 0.0996554 0.037595 -0.807769
FixedParameters: 0 0 0

#Transform 158
Transform: AffineTransform_float_3_3
Parameters: 0.99997 -0.000181051 0.00776853 0.00041399 0.99955 -0.029992 -0.00775937 0.029995 0.99952 0.275849 0.358569 -2.2689
FixedParameters: 0 0 0

#Transform 159
Transform: AffineTransform_float_3_3
Parameters: 0.999992 -0.00149314 0.00373573 0.00155613 0.999856 -0.0169091 -0.00370959 0.0169149 0.99985 0.196794 0.319698 -1.06653
FixedParameters: 0 0 0

#Transform 160
Transform: AffineTransform_float_3_3
Parameters: 0.999992 -0.00147021 0.00369685 0.00153519 0.999845 -0.0175382 -0.00367009 0.0175438 0.99984 0.191995 0.32315 -1.10331
FixedParameters: 0 0 0

#Transform 161
Transform: AffineTransform_float_3_3
Parameters: 0.999992 -0.00148016 0.0036756 0.00154415 0.999848 -0.0173772 -0.00364939 0.0173828 0.999842 0.182762 0.293302 -1.12465
FixedParameters: 0 0 0

#Transform 162
Transform: AffineTransform_float_3_3
Parameters: 0.999992 -0.00146057 0.00371722 0.00152634 0.999842 -0.0177232 -0.00369076 0.0177287 0.999836 0.17906 0.307944 -1.10893
FixedParameters: 0 0 0

#Transform 163
Transform: AffineTransform_float_3_3
Parameters: 0.999992 -0.00153076 0.00356298 0.00159151 0.99985 -0.0172152 -0.00353635 0.0172208 0.999846 0.179527 0.305598 -1.09014
FixedParameters: 0 0 0

#Transform 164
Transform: AffineTransform_float_3_3
Parameters: 0.999993 -0.00137477 0.00353126 0.00143713 0.999841 -0.0177468 -0.00350586 0.0177512 0.999836 0.179927 0.292456 -1.10269
FixedParameters: 0 0 0

#Transform 165
Transform: AffineTransform_float_3_3
Parameters: 0.999993 -0.00140383 0.00342469 0.0014638 0.999843 -0.017681 -0.00339927 0.017686 0.999838 0.18015 0.295765 -1.09223
FixedParameters: 0 0 0

#Transform 166
Transform: AffineTransform_float_3_3
Parameters: 0.999994 -0.0014079 0.00337993 0.00146716 0.999846 -0.0174781 -0.00335482 0.0174829 0.999842 0.183541 0.30023 -1.076
FixedParameters: 0 0 0

#Transform 167
Transform: AffineTransform_float_3_3
Parameters: 0.999993 -0.0016367 0.00354189 0.00168568 0.9999 -0.0140263 -0.00351856 0.0140317 0.999896 0.157986 0.268496 -1.20752
FixedParameters: 0 0 0

#Transform 168
Transform: AffineTransform_float_3_3
Parameters: 0.999987 -0.00168924 0.00485651 0.00175215 0.999913 -0.0130513 -0.00483346 0.0130597 0.999903 0.195834 0.34552 -0.960986
FixedParameters: 0 0 0

#Transform 169
Transform: AffineTransform_float_3_3
Parameters: 0.999991 -0.00144663 0.00380594 0.00150191 0.999894 -0.0144832 -0.00378455 0.0144888 0.999888 0.185081 0.290486 -1.09686
FixedParameters: 0 0 0

#Transform 170
Transform: AffineTransform_float_3_3
Parameters: 0.99999 -0.00164121 0.0042887 0.00169895 0.999906 -0.0135522 -0.00426542 0.0135588 0.999899 0.179323 0.313096 -0.979177
FixedParameters: 0 0 0

#Transform 171
Transform: AffineTransform_float_3_3
Parameters: 0.999991 -0.00150378 0.0041373 0.00155737 0.999912 -0.0131782 -0.00411697 0.0131839 0.999905 0.183306 0.314156 -0.960916
FixedParameters: 0 0 0

#Transform 172
Transform: AffineTransform_float_3_3
Parameters: 0.999991 -0.00163883 0.00388912 0.00169186 0.999905 -0.0136485 -0.00386576 0.0136545 0.999899 0.190755 0.302512 -0.998446
FixedParameters: 0 0 0

#Transform 173
Transform: AffineTransform_float_3_3
Parameters: 0.99999 -0.00163039 0.00416849 0.00168504 0.999914 -0.0130336 -0.00414699 0.0130404 0.999906 0.198478 0.31954 -1.00093
FixedParameters: 0 0 0

#Transform 174
Transform: AffineTransform_float_3_3
Parameters: 0.999989 -0.0018282 0.00446944 0.00188835 0.999906 -0.0135539 -0.00444434 0.0135621 0.999899 0.197097 0.290309 -1.02378
FixedParameters: 0 0 0

#Transform 175
Transform: AffineTransform_float_3_3
Parameters: 0.999988 -0.00181113 0.00457239 0.00187081 0.999914 -0.0130078 -0.00454832 0.0130162 0.999905 0.198855 0.339465 -0.977819
FixedParameters: 0 0 0

#Transform 176
Transform: AffineTransform_float_3_3
Parameters: 0.999989 -0.00177266 0.00451149 0.00183271 0.999907 -0.0135171 -0.00448764 0.0135249 0.999898 0.195569 0.314591 -1.00501
FixedParameters: 0 0 0

#Transform 177
Transform: AffineTransform_float_3_3
Parameters: 0.999989 -0.00185001 0.00448068 0.00191047 0.999909 -0.0134079 -0.004455 0.0134171 0.9999 0.199657 0.322336 -0.960118
FixedParameters: 0 0 0

#Transform 178
Transform: AffineTransform_float_3_3
Parameters: 0.99999 -0.00169793 0.00428563 0.00175528 0.999909 -0.0133459 -0.00426323 0.013353 0.999901 0.176523 0.320312 -0.966069
FixedParameters: 0 0 0

#Transform 179
Transform: AffineTransform_float_3_3
Parameters: 0.99999 -0.00167372 0.00428669 0.00173077 0.99991 -0.013261 -0.00426431 0.013268 0.999903 0.178217 0.324691 -0.989229
FixedParameters: 0 0 0
