#Insight Transform File V1.0
#Transform 0
Transform: AffineTransform_float_3_3
Parameters: 1 -0.000301723 -0.000257522 0.000301555 1 -0.000325078 0.000257718 0.000324922 1 0.052746 0.0940084 0.350538
FixedParameters: 0 0 0

#Transform 1
Transform: AffineTransform_float_3_3
Parameters: 1 0.000381682 -0.00055962 -0.000381678 1 4.21369e-06 0.000559623 -3.7865e-06 1 0.0241687 0.0752521 -0.0504035
FixedParameters: 0 0 0

#Transform 2
Transform: AffineTransform_float_3_3
Parameters: 1 0.00033594 -0.000383548 -0.000335598 1 0.000445129 0.000383847 -0.000444871 1 0.0249223 0.103107 -0.12294
FixedParameters: 0 0 0

#Transform 3
Transform: AffineTransform_float_3_3
Parameters: 0.999999 0.000314342 -0.000767571 -0.000313637 1 0.000459241 0.000767859 -0.000458759 0.999999 0.0332277 0.119552 -0.109473
FixedParameters: 0 0 0

#Transform 4
Transform: AffineTransform_float_3_3
Parameters: 0.999999 0.000321413 -0.000770816 -0.000322216 1 7.62485e-05 0.000771256 -7.57522e-05 0.999999 0.0358245 0.117452 -0.143714
FixedParameters: 0 0 0

#Transform 5
Transform: AffineTransform_float_3_3
Parameters: 0.999999 0.000127827 -0.000875144 -0.000126409 0.999999 0.000810471 0.00087535 -0.000809529 0.999999 0.0337708 0.127315 -0.133509
FixedParameters: 0 0 0

#Transform 6
Transform: AffineTransform_float_3_3
Parameters: 0.999999 0.000194747 -0.000716805 -0.000193902 1 0.000589139 0.000717034 -0.00058886 0.999999 0.0301452 0.133471 -0.129792
FixedParameters: 0 0 0

#Transform 7
Transform: AffineTransform_float_3_3
Parameters: 1 0.000215277 -0.000668055 -0.000215181 0.999999 0.000364296 0.000667292 -0.000364704 1 0.0293589 0.126723 -0.177251
FixedParameters: 0 0 0

#Transform 8
Transform: AffineTransform_float_3_3
Parameters: 1 0.000264542 -0.000552017 -0.000263989 1 0.000501146 0.000552282 -0.000500854 0.999999 0.0274773 0.128771 -0.136559
FixedParameters: 0 0 0

#Transform 9
Transform: AffineTransform_float_3_3
Parameters: 0.999999 0.000338353 -0.000697619 -0.00033825 1 7.42361e-05 0.000697669 -7.3764e-05 1 0.0369066 0.13531 -0.191778
FixedParameters: 0 0 0

#Transform 10
Transform: AffineTransform_float_3_3
Parameters: 1 0.000504059 -0.000912017 -0.00050309 1 0.0005311 0.000912552 -0.0005309 0.999999 0.0254825 0.12725 -0.125713
FixedParameters: 0 0 0

#Transform 11
Transform: AffineTransform_float_3_3
Parameters: 1 0.000436434 -0.000942462 -0.000436464 1 -1.55885e-05 0.000942448 1.64112e-05 0.999999 0.0419277 0.154886 -0.177441
FixedParameters: 0 0 0

#Transform 12
Transform: AffineTransform_float_3_3
Parameters: 1 0.000394443 -0.00113031 -0.000393882 1 0.000828446 0.00113043 -0.000827555 0.999999 0.0294687 0.132882 -0.160853
FixedParameters: 0 0 0

#Transform 13
Transform: AffineTransform_float_3_3
Parameters: 1 0.000478998 -0.00105031 -0.00047816 1 0.000399502 0.0010507 -0.000398497 0.999999 0.0479686 0.148343 -0.169325
FixedParameters: 0 0 0

#Transform 14
Transform: AffineTransform_float_3_3
Parameters: 0.999999 0.000378582 -0.000928463 -0.000378271 1 0.000378351 0.000927828 -0.000377649 0.999999 0.0334047 0.146444 -0.197506
FixedParameters: 0 0 0

#Transform 15
Transform: AffineTransform_float_3_3
Parameters: 0.999999 0.000362663 -0.000690015 -0.000361422 1 0.000899251 0.000690666 -0.000898751 1 0.0295423 0.151782 -0.17561
FixedParameters: 0 0 0

#Transform 16
Transform: AffineTransform_float_3_3
Parameters: 0.999999 0.000176008 -0.000714439 -0.000175595 1 0.000289125 0.00071454 -0.000288874 0.999999 0.0330494 0.146031 -0.152265
FixedParameters: 0 0 0

#Transform 17
Transform: AffineTransform_float_3_3
Parameters: 0.999999 0.000126249 -0.000831383 -0.000126109 1 8.41049e-05 0.000831404 -8.38951e-05 0.999999 0.0316102 0.160122 -0.205945
FixedParameters: 0 0 0

#Transform 18
Transform: AffineTransform_float_3_3
Parameters: 0.999999 0.00033539 -0.000839151 -0.000333792 1 0.000951434 0.000839787 -0.000951567 1 0.0400825 0.150494 -0.192951
FixedParameters: 0 0 0

#Transform 19
Transform: AffineTransform_float_3_3
Parameters: 0.999999 0.000160425 -0.000751256 -0.00015992 1 0.00033612 0.000751363 -0.000335879 0.999999 0.0364338 0.168315 -0.17014
FixedParameters: 0 0 0

#Transform 20
Transform: AffineTransform_float_3_3
Parameters: 0.999999 0.000255737 -0.000938454 -0.000255512 1 0.00012024 0.000938516 -0.00011976 0.999999 0.0442297 0.163105 -0.174967
FixedParameters: 0 0 0

#Transform 21
Transform: AffineTransform_float_3_3
Parameters: 0.999999 0.000160336 -0.000751275 -0.000160009 1 0.000217273 0.000751345 -0.000217727 1 0.0334488 0.152614 -0.185588
FixedParameters: 0 0 0

#Transform 22
Transform: AffineTransform_float_3_3
Parameters: 0.999999 0.000356856 -0.000928865 -0.000355753 0.999999 0.000593483 0.000929287 -0.000593516 0.999999 0.031349 0.175624 -0.172157
FixedParameters: 0 0 0

#Transform 23
Transform: AffineTransform_float_3_3
Parameters: 1 0.000335439 -0.00111674 -0.000335141 1 0.000133527 0.00111683 -0.000133473 0.999999 0.0438492 0.190903 -0.188145
FixedParameters: 0 0 0

#Transform 24
Transform: AffineTransform_float_3_3
Parameters: 0.999999 0.000142942 -0.000791819 -0.000143019 1 -4.88867e-05 0.000791805 4.91131e-05 0.999999 0.0388244 0.151954 -0.20523
FixedParameters: 0 0 0

#Transform 25
Transform: AffineTransform_float_3_3
Parameters: 0.999999 0.000135479 -0.000810169 -0.000135243 1 0.00038711 0.000809354 -0.00038689 0.999999 0.0273683 0.165888 -0.189133
FixedParameters: 0 0 0

#Transform 26
Transform: AffineTransform_float_3_3
Parameters: 0.999999 0.000113485 -0.000861744 -0.000113476 1 0.000232251 0.000860876 -0.00023275 1 0.03487 0.162535 -0.161777
FixedParameters: 0 0 0

#Transform 27
Transform: AffineTransform_float_3_3
Parameters: 0.999999 0.000142971 -0.00149935 -0.000143296 1 -0.000415273 0.00149884 0.000415727 0.999999 0.0453401 0.167927 -0.187694
FixedParameters: 0 0 0

#Transform 28
Transform: AffineTransform_float_3_3
Parameters: 1 2.47822e-05 -0.0011151 -2.40427e-05 1 0.000507387 0.0011142 -0.000506613 0.999999 0.0395694 0.173539 -0.181283
FixedParameters: 0 0 0

#Transform 29
Transform: AffineTransform_float_3_3
Parameters: 1 2.81012e-05 -0.000661415 -2.74305e-05 1 0.000507018 0.000661443 -0.000506981 0.999999 0.018818 0.152566 -0.200148
FixedParameters: 0 0 0

#Transform 30
Transform: AffineTransform_float_3_3
Parameters: 0.999999 5.2995e-05 -0.00124237 -5.25204e-05 1 0.000191425 0.00124239 -0.000190575 0.999999 0.037217 0.173271 -0.184139
FixedParameters: 0 0 0

#Transform 31
Transform: AffineTransform_float_3_3
Parameters: 0.999999 -0.000105126 -0.000975358 0.000105821 1 0.000355897 0.000975283 -0.000356102 0.999999 0.0334204 0.14814 -0.20819
FixedParameters: 0 0 0

#Transform 32
Transform: AffineTransform_float_3_3
Parameters: 1 -0.000154075 -0.0010914 0.000155337 1 0.000578191 0.00109122 -0.000577809 0.999999 0.02858 0.156819 -0.173667
FixedParameters: 0 0 0

#Transform 33
Transform: AffineTransform_float_3_3
Parameters: 1 -0.000140554 -0.00105818 0.000140724 1 8.03635e-05 0.00105816 -8.06365e-05 1 0.0288587 0.149073 -0.192689
FixedParameters: 0 0 0

#Transform 34
Transform: AffineTransform_float_3_3
Parameters: 0.999999 -0.000100168 -0.000965301 0.000101263 1 0.0010439 0.000965481 -0.0010441 0.999999 0.0273733 0.172817 -0.199516
FixedParameters: 0 0 0

#Transform 35
Transform: AffineTransform_float_3_3
Parameters: 1 -5.08691e-05 -0.00117856 5.09989e-05 0.999999 0.000611453 0.00117797 -0.000611548 0.999999 0.0324244 0.179026 -0.175211
FixedParameters: 0 0 0

#Transform 36
Transform: AffineTransform_float_3_3
Parameters: 0.999999 -0.000357977 -0.0015275 0.000358614 1 0.000207965 0.00152735 -0.000209035 0.999999 0.0431146 0.167358 -0.166104
FixedParameters: 0 0 0

#Transform 37
Transform: AffineTransform_float_3_3
Parameters: 0.999999 -0.000197004 -0.00125012 0.000198364 0.999999 0.000912112 0.00125015 -0.000911887 0.999998 0.0320021 0.162579 -0.173889
FixedParameters: 0 0 0

#Transform 38
Transform: AffineTransform_float_3_3
Parameters: 0.999999 0.000112698 -0.000959011 -0.000112969 0.999999 0.000542261 0.000958604 -0.000542739 0.999999 0.0351389 0.193725 -0.143015
FixedParameters: 0 0 0

#Transform 39
Transform: AffineTransform_float_3_3
Parameters: 1 0.000174061 -0.00103941 -0.00017323 1 0.00040018 0.00103955 -0.000399819 0.999999 0.027053 0.182492 -0.193483
FixedParameters: 0 0 0

#Transform 40
Transform: AffineTransform_float_3_3
Parameters: 0.999999 0.000159628 -0.000897342 -0.000159235 1 0.000732503 0.000897966 -0.000731497 1 0.0272519 0.168903 -0.189423
FixedParameters: 0 0 0

#Transform 41
Transform: AffineTransform_float_3_3
Parameters: 1 -3.60004e-05 -0.00121304 3.64792e-05 1 0.000738316 0.00121246 -0.000737684 0.999999 0.0272911 0.172987 -0.165916
FixedParameters: 0 0 0

#Transform 42
Transform: AffineTransform_float_3_3
Parameters: 1 -0.000454132 -0.00109891 0.000453856 1 0.000292861 0.00109904 -0.00029314 1 0.0245038 0.177999 -0.177726
FixedParameters: 0 0 0

#Transform 43
Transform: AffineTransform_float_3_3
Parameters: 1 -0.000384947 -0.000937074 0.000385504 0.999999 0.000787999 0.000936857 -0.000788001 0.999999 0.0132106 0.170777 -0.194079
FixedParameters: 0 0 0

#Transform 44
Transform: AffineTransform_float_3_3
Parameters: 0.999999 -0.000498957 -0.00120698 0.000499542 0.999999 0.00100476 0.00120676 -0.00100524 0.999998 0.0233617 0.170916 -0.187478
FixedParameters: 0 0 0

#Transform 45
Transform: AffineTransform_float_3_3
Parameters: 0.999999 -0.000476302 -0.00128284 0.000477815 1 0.000589747 0.00128227 -0.000590251 0.999999 0.0384501 0.170038 -0.200443
FixedParameters: 0 0 0

#Transform 46
Transform: AffineTransform_float_3_3
Parameters: 0.999999 -0.000408815 -0.00116699 0.00040915 1 0.000537883 0.00116694 -0.000538118 0.999999 0.033103 0.175267 -0.157984
FixedParameters: 0 0 0

#Transform 47
Transform: AffineTransform_float_3_3
Parameters: 1 -0.000277353 -0.00110643 0.000278418 0.999999 0.000897052 0.00110632 -0.000896947 0.999999 0.025132 0.169506 -0.16303
FixedParameters: 0 0 0

#Transform 48
Transform: AffineTransform_float_3_3
Parameters: 0.999998 -0.000705326 -0.00144428 0.000706329 0.999999 0.0006657 0.00144373 -0.0006663 0.999999 0.0314948 0.186942 -0.173959
FixedParameters: 0 0 0

#Transform 49
Transform: AffineTransform_float_3_3
Parameters: 0.999998 -0.000601142 -0.00146996 0.000602079 0.999999 0.000631475 0.00146959 -0.000632524 0.999998 0.0375556 0.186268 -0.197785
FixedParameters: 0 0 0

#Transform 50
Transform: AffineTransform_float_3_3
Parameters: 0.999999 -0.000504648 -0.00130773 0.000506415 0.999999 0.0010277 0.00130708 -0.0010283 0.999998 0.0372302 0.171772 -0.186963
FixedParameters: 0 0 0

#Transform 51
Transform: AffineTransform_float_3_3
Parameters: 1 -0.00073831 -0.000868864 0.000738787 0.999999 0.000804565 0.000868067 -0.000804434 0.999999 0.0246596 0.183255 -0.172158
FixedParameters: 0 0 0

#Transform 52
Transform: AffineTransform_float_3_3
Parameters: 0.999999 -0.0010372 -0.00146208 0.00103717 0.999999 0.000303051 0.00146184 -0.00030395 0.999999 0.0310431 0.176715 -0.173312
FixedParameters: 0 0 0

#Transform 53
Transform: AffineTransform_float_3_3
Parameters: 0.999999 -0.00104667 -0.00112693 0.00104709 0.999999 0.000595027 0.00112607 -0.000595972 0.999999 0.0297006 0.190016 -0.164682
FixedParameters: 0 0 0

#Transform 54
Transform: AffineTransform_float_3_3
Parameters: 0.999999 -0.001131 -0.00109692 0.00113275 0.999999 0.00104097 0.00109588 -0.00104203 0.999999 0.0322302 0.182768 -0.192589
FixedParameters: 0 0 0

#Transform 55
Transform: AffineTransform_float_3_3
Parameters: 0.999999 -0.00117792 -0.00105301 0.00117871 0.999999 0.000814607 0.00105148 -0.000816392 0.999999 0.036225 0.194637 -0.19227
FixedParameters: 0 0 0

#Transform 56
Transform: AffineTransform_float_3_3
Parameters: 0.999999 -0.000985299 -0.00110853 0.000986214 0.999999 0.000828114 0.00110729 -0.000828884 0.999999 0.031159 0.201412 -0.178221
FixedParameters: 0 0 0

#Transform 57
Transform: AffineTransform_float_3_3
Parameters: 0.999999 -0.00105802 -0.001095 0.00105855 0.999999 0.000659048 0.001094 -0.000659951 0.999999 0.0335136 0.19443 -0.176812
FixedParameters: 0 0 0

#Transform 58
Transform: AffineTransform_float_3_3
Parameters: 0.999998 -0.00106655 -0.00138254 0.00106798 0.999999 0.000849091 0.00138112 -0.000849907 0.999999 0.0391123 0.20692 -0.204047
FixedParameters: 0 0 0

#Transform 59
Transform: AffineTransform_float_3_3
Parameters: 0.999998 -0.00139485 -0.00137609 0.00139601 0.999999 0.000948288 0.00137514 -0.000950713 0.999999 0.0347384 0.204933 -0.22158
FixedParameters: 0 0 0

#Transform 60
Transform: AffineTransform_float_3_3
Parameters: 0.999999 -0.00123113 -0.00137156 0.00123188 0.999999 0.000944519 0.00137001 -0.000946481 0.999999 0.0433141 0.201135 -0.231659
FixedParameters: 0 0 0

#Transform 61
Transform: AffineTransform_float_3_3
Parameters: 0.999998 -0.00114051 -0.00129925 0.00114153 0.999999 0.00110073 0.00129751 -0.00110227 0.999999 0.0326747 0.202382 -0.228931
FixedParameters: 0 0 0

#Transform 62
Transform: AffineTransform_float_3_3
Parameters: 0.999998 -0.00111569 -0.00122924 0.00111681 1 0.000828836 0.00122777 -0.000830165 0.999999 0.0307037 0.203756 -0.201063
FixedParameters: 0 0 0

#Transform 63
Transform: AffineTransform_float_3_3
Parameters: 0.999999 -0.00116743 -0.00138006 0.00116855 0.999999 0.000933596 0.00137958 -0.000935405 0.999999 0.0411668 0.209877 -0.211718
FixedParameters: 0 0 0

#Transform 64
Transform: AffineTransform_float_3_3
Parameters: 0.999998 -0.00135596 -0.00139267 0.00135757 0.999999 0.00110017 0.00139139 -0.00110183 0.999998 0.034346 0.199248 -0.235177
FixedParameters: 0 0 0

#Transform 65
Transform: AffineTransform_float_3_3
Parameters: 0.999998 -0.00141094 -0.00122914 0.00141258 0.999999 0.000881472 0.00122795 -0.000883527 0.999999 0.0247993 0.219223 -0.220435
FixedParameters: 0 0 0

#Transform 66
Transform: AffineTransform_float_3_3
Parameters: 0.999998 -0.00118951 -0.00119161 0.00119058 0.999999 0.00105679 0.0011908 -0.00105821 0.999999 0.0127348 0.213057 -0.203109
FixedParameters: 0 0 0

#Transform 67
Transform: AffineTransform_float_3_3
Parameters: 0.999998 -0.00126988 -0.00142887 0.00127152 0.999998 0.000760751 0.00142825 -0.000762248 0.999999 0.0209954 0.209594 -0.212485
FixedParameters: 0 0 0

#Transform 68
Transform: AffineTransform_float_3_3
Parameters: 0.999999 -0.00111758 -0.0014935 0.00111913 0.999999 0.00100554 0.00149295 -0.00100746 0.999998 0.024024 0.205899 -0.221738
FixedParameters: 0 0 0

#Transform 69
Transform: AffineTransform_float_3_3
Parameters: 0.999999 -0.00113578 -0.00148587 0.00113775 0.999999 0.00115052 0.00148496 -0.00115248 0.999998 0.0231463 0.207053 -0.218512
FixedParameters: 0 0 0

#Transform 70
Transform: AffineTransform_float_3_3
Parameters: 0.999997 -0.00140135 -0.00162197 0.00140277 0.999999 0.000881294 0.00162119 -0.000883708 0.999999 0.0180262 0.212022 -0.205785
FixedParameters: 0 0 0

#Transform 71
Transform: AffineTransform_float_3_3
Parameters: 0.999998 -0.0012129 -0.00157899 0.0012144 0.999999 0.00076765 0.00157751 -0.000769348 0.999998 0.0152741 0.212406 -0.206646
FixedParameters: 0 0 0

#Transform 72
Transform: AffineTransform_float_3_3
Parameters: 0.999998 -0.00151775 -0.00138709 0.00151909 0.999998 0.0010051 0.00138574 -0.0010079 0.999999 0.00339182 0.215936 -0.19461
FixedParameters: 0 0 0

#Transform 73
Transform: AffineTransform_float_3_3
Parameters: 0.999999 -0.0010814 -0.00134586 0.00108281 0.999999 0.00086711 0.00134438 -0.000867888 0.999999 0.000193369 0.215892 -0.187514
FixedParameters: 0 0 0

#Transform 74
Transform: AffineTransform_float_3_3
Parameters: 0.999997 -0.00147103 -0.00153905 0.00147114 0.999998 0.000633151 0.00153796 -0.000634849 0.999998 0.00545683 0.217639 -0.203626
FixedParameters: 0 0 0

#Transform 75
Transform: AffineTransform_float_3_3
Parameters: 0.999998 -0.0013719 -0.00183088 0.00137352 0.999998 0.000691413 0.00182937 -0.000693585 0.999998 -0.00655539 0.217583 -0.211195
FixedParameters: 0 0 0

#Transform 76
Transform: AffineTransform_float_3_3
Parameters: 0.999998 -0.00111602 -0.00165163 0.00111802 0.999999 0.00104351 0.001651 -0.00104648 0.999998 -0.0211722 0.219199 -0.219177
FixedParameters: 0 0 0

#Transform 77
Transform: AffineTransform_float_3_3
Parameters: 0.999997 -0.00103328 -0.00192113 0.00103541 0.999999 0.000692091 0.001921 -0.000693908 0.999998 0.00941047 0.210049 -0.198622
FixedParameters: 0 0 0

#Transform 78
Transform: AffineTransform_float_3_3
Parameters: 0.999998 -0.00112017 -0.0016443 0.00112061 0.999999 0.000691878 0.00164352 -0.000694123 0.999999 -0.0125842 0.213364 -0.196708
FixedParameters: 0 0 0

#Transform 79
Transform: AffineTransform_float_3_3
Parameters: 0.999999 -0.00104005 -0.00145565 0.00104054 0.999999 0.000798053 0.00145477 -0.000798947 0.999999 -0.0158277 0.215644 -0.194525
FixedParameters: 0 0 0

#Transform 80
Transform: AffineTransform_float_3_3
Parameters: 0.999999 -0.000952076 -0.00156351 0.000953781 0.999999 0.000839229 0.0015623 -0.000840769 0.999999 -0.0213226 0.210361 -0.199175
FixedParameters: 0 0 0

#Transform 81
Transform: AffineTransform_float_3_3
Parameters: 0.999997 -0.00129991 -0.00207 0.00130191 0.999999 0.000924874 0.00206837 -0.000928125 0.999997 -0.0401324 0.235042 -0.229165
FixedParameters: 0 0 0

#Transform 82
Transform: AffineTransform_float_3_3
Parameters: 0.999998 -0.00075954 -0.0018036 0.000760577 0.999999 0.000797349 0.00180317 -0.000798651 0.999998 -0.0225838 0.234105 -0.209808
FixedParameters: 0 0 0

#Transform 83
Transform: AffineTransform_float_3_3
Parameters: 0.999998 -0.000893805 -0.00174131 0.000894874 0.999999 0.000835162 0.00174059 -0.000836837 0.999998 -0.0363014 0.216122 -0.203667
FixedParameters: 0 0 0

#Transform 84
Transform: AffineTransform_float_3_3
Parameters: 0.999998 -0.0010684 -0.00203223 0.00106938 0.999999 0.000691907 0.00203153 -0.000694093 0.999998 -0.0403237 0.237501 -0.200334
FixedParameters: 0 0 0

#Transform 85
Transform: AffineTransform_float_3_3
Parameters: 0.999998 -0.00122979 -0.00190304 0.00123059 0.999998 0.000691739 0.00190211 -0.000694262 0.999998 -0.0353575 0.237035 -0.199895
FixedParameters: 0 0 0

#Transform 86
Transform: AffineTransform_float_3_3
Parameters: 0.999997 -0.00103766 -0.00210719 0.00104012 0.999999 0.000925736 0.00210696 -0.000927262 0.999997 -0.0253995 0.231184 -0.215482
FixedParameters: 0 0 0

#Transform 87
Transform: AffineTransform_float_3_3
Parameters: 0.999998 -0.000808421 -0.00219446 0.000809964 0.999999 0.000980304 0.00219405 -0.000981697 0.999997 -0.0374356 0.227107 -0.20218
FixedParameters: 0 0 0

#Transform 88
Transform: AffineTransform_float_3_3
Parameters: 0.999997 -0.000942532 -0.00226366 0.000943765 0.999999 0.000764097 0.00226208 -0.000766902 0.999997 -0.0368841 0.235236 -0.207333
FixedParameters: 0 0 0

#Transform 89
Transform: AffineTransform_float_3_3
Parameters: 0.999997 -0.00104345 -0.00246961 0.00104521 0.999999 0.00091486 0.00246887 -0.00091714 0.999996 -0.0349618 0.226378 -0.227672
FixedParameters: 0 0 0

#Transform 90
Transform: AffineTransform_float_3_3
Parameters: 0.999997 -0.000806604 -0.00232119 0.00080946 1 0.0010112 0.00232034 -0.0010128 0.999997 -0.0386768 0.231537 -0.216549
FixedParameters: 0 0 0

#Transform 91
Transform: AffineTransform_float_3_3
Parameters: 0.999997 -0.0006212 -0.00246589 0.000623703 1 0.0010667 0.00246573 -0.0010683 0.999997 -0.0536614 0.231007 -0.219406
FixedParameters: 0 0 0

#Transform 92
Transform: AffineTransform_float_3_3
Parameters: 0.999996 -0.000725371 -0.00267605 0.000728165 0.999999 0.000692798 0.00267543 -0.000695199 0.999996 -0.0495455 0.233252 -0.215124
FixedParameters: 0 0 0

#Transform 93
Transform: AffineTransform_float_3_3
Parameters: 0.999995 -0.00082065 -0.00327182 0.0008248 0.999999 0.00119541 0.00327141 -0.00119859 0.999994 -0.0499228 0.228134 -0.226739
FixedParameters: 0 0 0

#Transform 94
Transform: AffineTransform_float_3_3
Parameters: 0.999994 -0.000812575 -0.00322539 0.000815865 0.999999 0.000997478 0.00322402 -0.00100052 0.999995 -0.0499712 0.229944 -0.223081
FixedParameters: 0 0 0

#Transform 95
Transform: AffineTransform_float_3_3
Parameters: 0.999996 -0.000785625 -0.00296439 0.000787898 0.999999 0.000692771 0.00296408 -0.000695228 0.999996 -0.0664449 0.231897 -0.218671
FixedParameters: 0 0 0

#Transform 96
Transform: AffineTransform_float_3_3
Parameters: 0.999995 -0.0007481 -0.00304643 0.000750273 0.999999 0.000872822 0.00304538 -0.000875178 0.999995 -0.0801224 0.233922 -0.223411
FixedParameters: 0 0 0

#Transform 97
Transform: AffineTransform_float_3_3
Parameters: 0.999995 -0.000725911 -0.00305159 0.000727914 0.999999 0.000692886 0.00305044 -0.000695114 0.999995 -0.0671935 0.234353 -0.213523
FixedParameters: 0 0 0

#Transform 98
Transform: AffineTransform_float_3_3
Parameters: 0.999994 -0.000697978 -0.00322276 0.000701349 0.999999 0.00115385 0.00322179 -0.00115615 0.999994 -0.0835736 0.236588 -0.227848
FixedParameters: 0 0 0

#Transform 99
Transform: AffineTransform_float_3_3
Parameters: 0.999994 -0.000647368 -0.00359057 0.000651455 0.999999 0.00113528 0.00358974 -0.00113772 0.999993 -0.0915118 0.239957 -0.220157
FixedParameters: 0 0 0

#Transform 100
Transform: AffineTransform_float_3_3
Parameters: 0.999993 -0.000400039 -0.00355805 0.000405424 0.999999 0.00145782 0.00355791 -0.00145918 0.999993 -0.111544 0.23604 -0.211414
FixedParameters: 0 0 0

#Transform 101
Transform: AffineTransform_float_3_3
Parameters: 0.999994 -0.000660914 -0.0035217 0.000665305 0.999999 0.00133128 0.00352097 -0.00133372 0.999993 -0.0882313 0.243483 -0.213425
FixedParameters: 0 0 0

#Transform 102
Transform: AffineTransform_float_3_3
Parameters: 0.999993 -0.000857282 -0.00362751 0.000862654 0.999999 0.0014277 0.00362609 -0.0014303 0.999992 -0.081783 0.228848 -0.229234
FixedParameters: 0 0 0

#Transform 103
Transform: AffineTransform_float_3_3
Parameters: 0.999993 -0.000917852 -0.00358328 0.000924111 0.999998 0.00169716 0.00358158 -0.00170084 0.999992 -0.0726904 0.217026 -0.207408
FixedParameters: 0 0 0

#Transform 104
Transform: AffineTransform_float_3_3
Parameters: 0.999995 -0.000872474 -0.00299883 0.000878342 0.999998 0.00180997 0.00299669 -0.00181303 0.999993 -0.0803706 0.22964 -0.201227
FixedParameters: 0 0 0

#Transform 105
Transform: AffineTransform_float_3_3
Parameters: 0.999995 -0.000885313 -0.00311287 0.000890711 0.999998 0.00166819 0.00311094 -0.00167081 0.999993 -0.0702863 0.212357 -0.210164
FixedParameters: 0 0 0

#Transform 106
Transform: AffineTransform_float_3_3
Parameters: 0.999994 -0.00081855 -0.0035438 0.000824888 0.999999 0.00172755 0.00354238 -0.00173045 0.999992 -0.0706765 0.230531 -0.2345
FixedParameters: 0 0 0

#Transform 107
Transform: AffineTransform_float_3_3
Parameters: 0.999992 -0.000778938 -0.00398254 0.000787006 0.999997 0.00203437 0.00398063 -0.00203763 0.99999 -0.101963 0.234696 -0.266918
FixedParameters: 0 0 0

#Transform 108
Transform: AffineTransform_float_3_3
Parameters: 0.999993 -0.00121722 -0.00339711 0.00122283 0.999998 0.00163637 0.00339546 -0.00163963 0.999993 -0.0929151 0.245035 -0.241469
FixedParameters: 0 0 0

#Transform 109
Transform: AffineTransform_float_3_3
Parameters: 0.999994 -0.000985722 -0.0035025 0.00099126 0.999999 0.00170885 0.00350185 -0.00171215 0.999992 -0.0784583 0.220197 -0.225146
FixedParameters: 0 0 0

#Transform 110
Transform: AffineTransform_float_3_3
Parameters: 0.999993 -0.000902218 -0.00345519 0.000908199 0.999998 0.00185334 0.00345364 -0.00185666 0.999992 -0.0784045 0.230946 -0.217614
FixedParameters: 0 0 0

#Transform 111
Transform: AffineTransform_float_3_3
Parameters: 0.999994 -0.00083838 -0.00354312 0.000843668 0.999998 0.00157984 0.00354188 -0.00158216 0.999993 -0.0818897 0.253729 -0.225836
FixedParameters: 0 0 0

#Transform 112
Transform: AffineTransform_float_3_3
Parameters: 0.999993 -0.000796808 -0.00346718 0.000803301 0.999998 0.00178784 0.00346574 -0.00179116 0.999993 -0.0821535 0.254392 -0.227913
FixedParameters: 0 0 0

#Transform 113
Transform: AffineTransform_float_3_3
Parameters: 0.999993 -0.000911743 -0.00341758 0.000917712 0.999998 0.00173734 0.00341582 -0.00174066 0.999993 -0.0811257 0.241732 -0.222963
FixedParameters: 0 0 0

#Transform 114
Transform: AffineTransform_float_3_3
Parameters: 0.999994 -0.000880623 -0.00354774 0.000887794 0.999997 0.00210269 0.00354623 -0.00210531 0.999992 -0.0815945 0.248516 -0.213559
FixedParameters: 0 0 0

#Transform 115
Transform: AffineTransform_float_3_3
Parameters: 0.999994 -0.00108469 -0.00308505 0.00109044 0.999998 0.00182644 0.00308342 -0.00182956 0.999993 -0.0991326 0.234917 -0.199061
FixedParameters: 0 0 0

#Transform 116
Transform: AffineTransform_float_3_3
Parameters: 0.999993 -0.00121163 -0.00338745 0.0012189 0.999997 0.00202319 0.00338526 -0.0020278 0.999992 -0.0700738 0.243297 -0.204906
FixedParameters: 0 0 0

#Transform 117
Transform: AffineTransform_float_3_3
Parameters: 0.999993 -0.00127412 -0.0035337 0.00128066 0.999998 0.00183601 0.00353174 -0.00184 0.999992 -0.0787024 0.252641 -0.217512
FixedParameters: 0 0 0

#Transform 118
Transform: AffineTransform_float_3_3
Parameters: 0.999992 -0.00104613 -0.00369178 0.00105297 0.999997 0.00197595 0.00368984 -0.00198005 0.999991 -0.0774025 0.25099 -0.215839
FixedParameters: 0 0 0

#Transform 119
Transform: AffineTransform_float_3_3
Parameters: 0.999992 -0.000940404 -0.0037145 0.000949761 0.999997 0.00230231 0.00371235 -0.00230569 0.999991 -0.101445 0.263238 -0.218276
FixedParameters: 0 0 0

#Transform 120
Transform: AffineTransform_float_3_3
Parameters: 0.99999 -0.000769172 -0.00424498 0.000777491 0.999997 0.00204657 0.00424348 -0.00204943 0.999989 -0.106572 0.252855 -0.245094
FixedParameters: 0 0 0

#Transform 121
Transform: AffineTransform_float_3_3
Parameters: 0.99999 -0.0009367 -0.0042317 0.000945935 0.999997 0.00216051 0.0042293 -0.00216549 0.999989 -0.088348 0.2492 -0.234724
FixedParameters: 0 0 0

#Transform 122
Transform: AffineTransform_float_3_3
Parameters: 0.999991 -0.000687906 -0.00422253 0.000698454 0.999997 0.00232156 0.00422099 -0.00232444 0.999988 -0.0965877 0.2588 -0.232857
FixedParameters: 0 0 0

#Transform 123
Transform: AffineTransform_float_3_3
Parameters: 0.999991 -0.000876787 -0.00415508 0.000884533 0.999997 0.00202204 0.00415319 -0.00202496 0.999989 -0.10623 0.248836 -0.234337
FixedParameters: 0 0 0

#Transform 124
Transform: AffineTransform_float_3_3
Parameters: 0.999992 -0.00112208 -0.00385181 0.00113007 0.999997 0.00204285 0.00384941 -0.00204715 0.99999 -0.0879645 0.246429 -0.243616
FixedParameters: 0 0 0

#Transform 125
Transform: AffineTransform_float_3_3
Parameters: 0.999994 -0.000982443 -0.00353306 0.000989468 0.999997 0.00195998 0.00353101 -0.00196402 0.999991 -0.103973 0.252166 -0.220821
FixedParameters: 0 0 0

#Transform 126
Transform: AffineTransform_float_3_3
Parameters: 0.999992 -0.0011128 -0.00382865 0.00112021 0.999998 0.00192791 0.00382747 -0.00193209 0.999991 -0.0960158 0.253713 -0.217812
FixedParameters: 0 0 0

#Transform 127
Transform: AffineTransform_float_3_3
Parameters: 0.999992 -0.00116796 -0.00399623 0.00117641 0.999997 0.0022555 0.00399393 -0.0022605 0.999989 -0.095715 0.253052 -0.242398
FixedParameters: 0 0 0

#Transform 128
Transform: AffineTransform_float_3_3
Parameters: 0.999991 -0.00127497 -0.00399986 0.00128407 0.999996 0.00245143 0.00399696 -0.00245658 0.999989 -0.101781 0.264784 -0.26169
FixedParameters: 0 0 0

#Transform 129
Transform: AffineTransform_float_3_3
Parameters: 0.999989 -0.00128162 -0.00451795 0.00129261 0.999996 0.0024796 0.00451533 -0.0024854 0.999987 -0.105666 0.266334 -0.256804
FixedParameters: 0 0 0

#Transform 130
Transform: AffineTransform_float_3_3
Parameters: 0.99999 -0.00111498 -0.00427559 0.00112557 0.999996 0.00257391 0.00427358 -0.0025791 0.999988 -0.107477 0.284517 -0.250884
FixedParameters: 0 0 0

#Transform 131
Transform: AffineTransform_float_3_3
Parameters: 0.999991 -0.00101751 -0.00428206 0.00102734 0.999996 0.00242032 0.00427956 -0.00242468 0.999988 -0.100531 0.264502 -0.21974
FixedParameters: 0 0 0

#Transform 132
Transform: AffineTransform_float_3_3
Parameters: 0.999991 -0.00102203 -0.00409019 0.00103151 0.999996 0.0024905 0.00408753 -0.0024945 0.999989 -0.0868265 0.264195 -0.224175
FixedParameters: 0 0 0

#Transform 133
Transform: AffineTransform_float_3_3
Parameters: 0.999991 -0.00131982 -0.00387354 0.00132886 0.999997 0.0023539 0.00387121 -0.0023591 0.99999 -0.101829 0.271137 -0.23302
FixedParameters: 0 0 0

#Transform 134
Transform: AffineTransform_float_3_3
Parameters: 0.999989 -0.0016168 -0.00435278 0.00162732 0.999996 0.00247405 0.00434943 -0.00248095 0.999988 -0.091511 0.279941 -0.237488
FixedParameters: 0 0 0

#Transform 135
Transform: AffineTransform_float_3_3
Parameters: 0.999991 -0.00145649 -0.00397642 0.00146762 0.999995 0.00283558 0.00397189 -0.00284142 0.999988 -0.102195 0.273986 -0.232657
FixedParameters: 0 0 0

#Transform 136
Transform: AffineTransform_float_3_3
Parameters: 0.999992 -0.00143507 -0.00392151 0.00144478 0.999996 0.00246059 0.0039174 -0.00246541 0.999989 -0.0920301 0.274511 -0.242917
FixedParameters: 0 0 0

#Transform 137
Transform: AffineTransform_float_3_3
Parameters: 0.999991 -0.00125508 -0.00408086 0.00126611 0.999996 0.00263789 0.00407758 -0.00264311 0.999988 -0.112494 0.275916 -0.269525
FixedParameters: 0 0 0

#Transform 138
Transform: AffineTransform_float_3_3
Parameters: 0.999992 -0.00101987 -0.00403445 0.00103209 0.999996 0.0028164 0.00403204 -0.0028196 0.999988 -0.125599 0.27561 -0.271636
FixedParameters: 0 0 0

#Transform 139
Transform: AffineTransform_float_3_3
Parameters: 0.999992 -0.00103837 -0.00402141 0.00104834 0.999996 0.0025465 0.00401947 -0.0025505 0.999989 -0.113974 0.25351 -0.245176
FixedParameters: 0 0 0

#Transform 140
Transform: AffineTransform_float_3_3
Parameters: 0.99999 -0.00117066 -0.00432588 0.00118286 0.999996 0.0026236 0.00432308 -0.00262939 0.999987 -0.111385 0.28037 -0.26048
FixedParameters: 0 0 0

#Transform 141
Transform: AffineTransform_float_3_3
Parameters: 0.99999 -0.00114526 -0.00418664 0.00115749 0.999995 0.00293608 0.00418403 -0.00293992 0.999987 -0.117418 0.266 -0.275163
FixedParameters: 0 0 0

#Transform 142
Transform: AffineTransform_float_3_3
Parameters: 0.99999 -0.0011241 -0.00433869 0.00113689 0.999995 0.00304815 0.00433543 -0.00305285 0.999986 -0.125351 0.250141 -0.247179
FixedParameters: 0 0 0

#Transform 143
Transform: AffineTransform_float_3_3
Parameters: 0.999988 -0.00134244 -0.00472659 0.00135456 0.999996 0.00268441 0.00472389 -0.0026906 0.999986 -0.111243 0.260652 -0.256132
FixedParameters: 0 0 0

#Transform 144
Transform: AffineTransform_float_3_3
Parameters: 0.999991 -0.000975348 -0.00412817 0.000985612 0.999996 0.00267429 0.00412577 -0.00267871 0.999988 -0.119228 0.262601 -0.252428
FixedParameters: 0 0 0

#Transform 145
Transform: AffineTransform_float_3_3
Parameters: 0.99999 -0.00109408 -0.0042375 0.00110694 0.999995 0.00291139 0.00423393 -0.00291561 0.999987 -0.111909 0.262028 -0.252985
FixedParameters: 0 0 0

#Transform 146
Transform: AffineTransform_float_3_3
Parameters: 0.999992 -0.00117357 -0.00386912 0.00118219 0.999997 0.00211447 0.00386634 -0.00211852 0.99999 -0.116575 0.268166 -0.238981
FixedParameters: 0 0 0

#Transform 147
Transform: AffineTransform_float_3_3
Parameters: 0.999991 -0.000987664 -0.00410496 0.000996304 0.999997 0.00210762 0.00410337 -0.00211138 0.999989 -0.130727 0.270228 -0.23603
FixedParameters: 0 0 0

#Transform 148
Transform: AffineTransform_float_3_3
Parameters: 0.99999 -0.000978358 -0.00425285 0.000989487 0.999997 0.00258951 0.0042502 -0.00259349 0.999988 -0.12784 0.276111 -0.221375
FixedParameters: 0 0 0

#Transform 149
Transform: AffineTransform_float_3_3
Parameters: 0.999991 -0.000767182 -0.00416287 0.000778081 0.999997 0.00250727 0.00416106 -0.00251073 0.999989 -0.132802 0.279907 -0.213911
FixedParameters: 0 0 0

#Transform 150
Transform: AffineTransform_float_3_3
Parameters: 0.999988 -0.000839914 -0.0049765 0.000851762 0.999997 0.00250867 0.00497457 -0.00251334 0.999984 -0.149227 0.290984 -0.221532
FixedParameters: 0 0 0

#Transform 151
Transform: AffineTransform_float_3_3
Parameters: 0.999989 -0.000776192 -0.00477532 0.000789115 0.999996 0.00263077 0.00477312 -0.00263522 0.999985 -0.155607 0.285272 -0.226294
FixedParameters: 0 0 0

#Transform 152
Transform: AffineTransform_float_3_3
Parameters: 0.999987 -0.000867265 -0.00500591 0.000880803 0.999995 0.00275486 0.00500379 -0.00275914 0.999984 -0.149116 0.301822 -0.201984
FixedParameters: 0 0 0

#Transform 153
Transform: AffineTransform_float_3_3
Parameters: 0.999988 -0.000952966 -0.00469739 0.000966232 0.999995 0.00280921 0.00469431 -0.00281378 0.999985 -0.157571 0.300161 -0.202525
FixedParameters: 0 0 0

#Transform 154
Transform: AffineTransform_float_3_3
Parameters: 0.999987 -0.00103947 -0.00503381 0.00105059 0.999997 0.00218582 0.00503169 -0.00219118 0.999985 -0.135408 0.299492 -0.213686
FixedParameters: 0 0 0

#Transform 155
Transform: AffineTransform_float_3_3
Parameters: 0.999985 -0.00103382 -0.00538185 0.00104831 0.999996 0.00265035 0.00537903 -0.00265565 0.999982 -0.144899 0.301525 -0.214863
FixedParameters: 0 0 0

#Transform 156
Transform: AffineTransform_float_3_3
Parameters: 0.999983 -0.000802722 -0.00589108 0.00082117 0.999996 0.00294683 0.00588886 -0.00295116 0.999978 -0.164346 0.30645 -0.230704
FixedParameters: 0 0 0

#Transform 157
Transform: AffineTransform_float_3_3
Parameters: 0.999982 -0.00068312 -0.00599046 0.000703465 0.999994 0.00342913 0.00598799 -0.00343287 0.999977 -0.176176 0.327677 -0.245626
FixedParameters: 0 0 0

#Transform 158
Transform: AffineTransform_float_3_3
Parameters: 0.999981 -0.000784468 -0.00599056 0.000804199 0.999994 0.00319137 0.00598792 -0.00319563 0.999977 -0.166592 0.3094 -0.210544
FixedParameters: 0 0 0

#Transform 159
Transform: AffineTransform_float_3_3
Parameters: 0.999979 -0.000893816 -0.00643083 0.000917382 0.999993 0.00365833 0.00642766 -0.00366467 0.999972 -0.172611 0.300821 -0.206135
FixedParameters: 0 0 0

#Transform 160
Transform: AffineTransform_float_3_3
Parameters: 0.99998 -0.000813528 -0.00637669 0.000836414 0.999993 0.00366774 0.00637318 -0.00367226 0.999973 -0.189072 0.299178 -0.210501
FixedParameters: 0 0 0

#Transform 161
Transform: AffineTransform_float_3_3
Parameters: 0.999978 -0.000979416 -0.00664267 0.00100614 0.999991 0.00398728 0.00663938 -0.00399372 0.99997 -0.188915 0.295525 -0.21755
FixedParameters: 0 0 0

#Transform 162
Transform: AffineTransform_float_3_3
Parameters: 0.999978 -0.000989369 -0.00654838 0.00101561 0.999992 0.00403795 0.00654399 -0.00404505 0.999971 -0.196976 0.285165 -0.173837
FixedParameters: 0 0 0

#Transform 163
Transform: AffineTransform_float_3_3
Parameters: 0.999977 -0.000864322 -0.00680445 0.000889536 0.999993 0.00364606 0.0068019 -0.00365194 0.99997 -0.18992 0.313206 -0.221024
FixedParameters: 0 0 0

#Transform 164
Transform: AffineTransform_float_3_3
Parameters: 0.99998 -0.000454471 -0.00629398 0.000478442 0.999992 0.00383365 0.00629203 -0.00383635 0.999973 -0.198282 0.300533 -0.209745
FixedParameters: 0 0 0

#Transform 165
Transform: AffineTransform_float_3_3
Parameters: 0.99998 -0.000295112 -0.00621948 0.000320817 0.999992 0.00401931 0.00621862 -0.00402068 0.999972 -0.213459 0.296201 -0.206041
FixedParameters: 0 0 0

#Transform 166
Transform: AffineTransform_float_3_3
Parameters: 0.999978 -0.000633075 -0.00650682 0.000656046 0.999993 0.00363111 0.00650376 -0.00363489 0.999972 -0.191198 0.292569 -0.225984
FixedParameters: 0 0 0

#Transform 167
Transform: AffineTransform_float_3_3
Parameters: 0.99998 -0.000513953 -0.00628345 0.000540361 0.999991 0.00418028 0.00628145 -0.00418373 0.999972 -0.210876 0.312084 -0.224205
FixedParameters: 0 0 0

#Transform 168
Transform: AffineTransform_float_3_3
Parameters: 0.99998 -0.000446272 -0.00629619 0.000471128 0.999993 0.00390234 0.00629423 -0.00390566 0.999972 -0.204879 0.310272 -0.209056
FixedParameters: 0 0 0

#Transform 169
Transform: AffineTransform_float_3_3
Parameters: 0.99998 -0.000661535 -0.00629341 0.000683681 0.999994 0.00347935 0.0062914 -0.00348464 0.999974 -0.203333 0.305616 -0.187701
FixedParameters: 0 0 0

#Transform 170
Transform: AffineTransform_float_3_3
Parameters: 0.999979 -0.000657441 -0.0064444 0.000682005 0.999993 0.00368763 0.00644161 -0.00369237 0.999973 -0.212236 0.30535 -0.211135
FixedParameters: 0 0 0

#Transform 171
Transform: AffineTransform_float_3_3
Parameters: 0.999978 -0.000549878 -0.00661147 0.000573331 0.999993 0.00351074 0.00660968 -0.00351425 0.999972 -0.218037 0.305189 -0.207276
FixedParameters: 0 0 0

#Transform 172
Transform: AffineTransform_float_3_3
Parameters: 0.999978 -0.000480967 -0.00669982 0.000505331 0.999993 0.00363031 0.00669786 -0.00363369 0.999971 -0.214227 0.296206 -0.183294
FixedParameters: 0 0 0

#Transform 173
Transform: AffineTransform_float_3_3
Parameters: 0.999976 -0.000587024 -0.00687376 0.000610129 0.999994 0.00341786 0.00687221 -0.00342214 0.99997 -0.209494 0.340401 -0.189236
FixedParameters: 0 0 0

#Transform 174
Transform: AffineTransform_float_3_3
Parameters: 0.999978 -0.000860929 -0.00658169 0.000883968 0.999994 0.00346477 0.00657872 -0.00347023 0.999973 -0.217812 0.322473 -0.176418
FixedParameters: 0 0 0

#Transform 175
Transform: AffineTransform_float_3_3
Parameters: 0.999978 -0.000820454 -0.00648195 0.000841881 0.999995 0.00325177 0.00647883 -0.00325723 0.999974 -0.231725 0.323531 -0.174548
FixedParameters: 0 0 0

#Transform 176
Transform: AffineTransform_float_3_3
Parameters: 0.999978 -0.000814797 -0.00647393 0.000838268 0.999993 0.00358596 0.00647015 -0.00359204 0.999973 -0.229977 0.317076 -0.1791
FixedParameters: 0 0 0

#Transform 177
Transform: AffineTransform_float_3_3
Parameters: 0.999975 -0.00096957 -0.00709743 0.000995631 0.999993 0.00371193 0.00709385 -0.00371908 0.999968 -0.219059 0.309028 -0.174597
FixedParameters: 0 0 0

#Transform 178
Transform: AffineTransform_float_3_3
Parameters: 0.999972 -0.000840465 -0.00753224 0.000868029 0.999993 0.00377129 0.00752845 -0.00377872 0.999964 -0.201304 0.332936 -0.173099
FixedParameters: 0 0 0

#Transform 179
Transform: AffineTransform_float_3_3
Parameters: 0.999972 -0.000813288 -0.00752984 0.000840342 0.999993 0.00365185 0.00752699 -0.00365815 0.999965 -0.216368 0.344272 -0.159233
FixedParameters: 0 0 0
