#Insight Transform File V1.0
#Transform 0
Transform: AffineTransform_float_3_3
Parameters: 1 -0.000646136 0.000811961 0.000646042 1 5.73175e-05 -0.000812035 -5.76822e-05 1 0.0131782 -0.206236 -0.302956
FixedParameters: 0 0 0

#Transform 1
Transform: AffineTransform_float_3_3
Parameters: 0.999999 0.000744744 -0.000331325 -0.000744737 0.999999 1.12469e-05 0.000331341 -1.07534e-05 1 0.00256357 0.0489182 -0.144179
FixedParameters: 0 0 0

#Transform 2
Transform: AffineTransform_float_3_3
Parameters: 0.999999 0.000755194 0.000310995 -0.000755045 0.999999 0.000610765 -0.000311383 -0.000611235 1 -0.00509243 0.0691802 -0.150515
FixedParameters: 0 0 0

#Transform 3
Transform: AffineTransform_float_3_3
Parameters: 0.999999 0.00126526 0.000109662 -0.00126532 0.999999 0.000286502 -0.000108936 -0.000287498 1 0.0048139 0.0754592 -0.230734
FixedParameters: 0 0 0

#Transform 4
Transform: AffineTransform_float_3_3
Parameters: 0.999999 0.000864803 0.000179446 -0.000864845 1 0.000118692 -0.000179241 -0.000118308 1 -0.00029616 0.0739366 -0.221073
FixedParameters: 0 0 0

#Transform 5
Transform: AffineTransform_float_3_3
Parameters: 0.999999 0.00125158 -0.000478306 -0.00125104 0.999999 0.000559239 0.000479704 -0.00055876 1 0.00303705 0.078784 -0.334569
FixedParameters: 0 0 0

#Transform 6
Transform: AffineTransform_float_3_3
Parameters: 1 6.84723e-05 2.30555e-05 -6.84526e-05 1 -0.000427001 -2.31139e-05 0.000426998 1 0.00151986 0.0294473 -0.25805
FixedParameters: 0 0 0

#Transform 7
Transform: AffineTransform_float_3_3
Parameters: 1 0.000684338 0.000112774 -0.000684415 0.999999 0.000343923 -0.000112303 -0.000344077 1 -0.00450733 0.0557611 -0.226258
FixedParameters: 0 0 0

#Transform 8
Transform: AffineTransform_float_3_3
Parameters: 0.999999 0.00112298 0.000716272 -0.00112319 0.999999 0.000149556 -0.000715935 -0.000150445 1 0.0152202 0.0612378 -0.258471
FixedParameters: 0 0 0

#Transform 9
Transform: AffineTransform_float_3_3
Parameters: 1 0.000557279 0.000409968 -0.000557037 1 0.000350772 -0.000410888 -0.000351229 1 -0.00424537 0.0523108 -0.217596
FixedParameters: 0 0 0

#Transform 10
Transform: AffineTransform_float_3_3
Parameters: 0.999999 0.000725523 0.00019371 -0.000725389 0.999999 -0.00034514 -0.00019421 0.000344859 1 0.00156159 0.0503116 -0.229079
FixedParameters: 0 0 0

#Transform 11
Transform: AffineTransform_float_3_3
Parameters: 0.999999 0.000511218 0.000555971 -0.000510038 0.999998 -0.00188728 -0.000557508 0.00188672 0.999998 0.00494684 0.0132006 -0.255259
FixedParameters: 0 0 0

#Transform 12
Transform: AffineTransform_float_3_3
Parameters: 1 -0.000172999 3.78974e-05 0.000173124 0.999998 -0.00165799 -3.73235e-05 0.00165801 0.999998 0.00343657 0.0209708 -0.258479
FixedParameters: 0 0 0

#Transform 13
Transform: AffineTransform_float_3_3
Parameters: 1 0.000293594 0.000314051 -0.000292746 0.999999 -0.00134809 -0.000314841 0.00134791 0.999999 -0.00116902 0.0150356 -0.261472
FixedParameters: 0 0 0

#Transform 14
Transform: AffineTransform_float_3_3
Parameters: 1 0.000160033 0.000488424 -0.000158152 0.999996 -0.00286708 -0.000488946 0.00286692 0.999996 0.00567701 0.027288 -0.265775
FixedParameters: 0 0 0

#Transform 15
Transform: AffineTransform_float_3_3
Parameters: 0.999997 0.00160294 0.00179707 -0.00159702 0.999993 -0.0032181 -0.00180278 0.00321589 0.999993 0.0368499 0.011601 -0.333732
FixedParameters: 0 0 0

#Transform 16
Transform: AffineTransform_float_3_3
Parameters: 0.999997 0.00216636 0.000357543 -0.00216506 0.999993 -0.00292245 -0.000364425 0.00292155 0.999996 0.025573 0.0124306 -0.375572
FixedParameters: 0 0 0

#Transform 17
Transform: AffineTransform_float_3_3
Parameters: 0.999998 0.00121197 0.00156137 -0.00120744 0.999997 -0.00237732 -0.00156372 0.00237568 0.999996 0.0307941 0.0305899 -0.265915
FixedParameters: 0 0 0

#Transform 18
Transform: AffineTransform_float_3_3
Parameters: 0.999998 0.00133895 0.0013439 -0.00133512 0.999996 -0.00250023 -0.00134718 0.00249877 0.999996 0.0234947 0.0395691 -0.202128
FixedParameters: 0 0 0

#Transform 19
Transform: AffineTransform_float_3_3
Parameters: 0.999998 0.00108757 0.00125663 -0.00108433 0.999996 -0.0025948 -0.00125978 0.0025942 0.999996 0.0299832 0.0306168 -0.244129
FixedParameters: 0 0 0

#Transform 20
Transform: AffineTransform_float_3_3
Parameters: 0.999999 0.000653523 0.00137042 -0.000649781 0.999996 -0.00270754 -0.00137238 0.00270647 0.999996 0.0176603 0.0198094 -0.201933
FixedParameters: 0 0 0

#Transform 21
Transform: AffineTransform_float_3_3
Parameters: 0.999999 0.00054166 0.00125621 -0.000538428 0.999998 -0.00201832 -0.0012576 0.00201768 0.999997 0.0142395 0.041111 -0.159191
FixedParameters: 0 0 0

#Transform 22
Transform: AffineTransform_float_3_3
Parameters: 0.999998 0.00106182 0.00129259 -0.00105809 0.999996 -0.00271417 -0.00129586 0.00271284 0.999995 0.0300845 0.0370411 -0.232399
FixedParameters: 0 0 0

#Transform 23
Transform: AffineTransform_float_3_3
Parameters: 0.999998 0.000883164 0.00176929 -0.000879447 0.999997 -0.00235 -0.00177148 0.00234901 0.999996 0.0270088 0.0412947 -0.194682
FixedParameters: 0 0 0

#Transform 24
Transform: AffineTransform_float_3_3
Parameters: 0.999998 0.000769126 0.00155049 -0.000764953 0.999997 -0.00240683 -0.0015517 0.00240517 0.999996 0.034785 0.0381297 -0.185986
FixedParameters: 0 0 0

#Transform 25
Transform: AffineTransform_float_3_3
Parameters: 0.999997 0.00103082 0.00191494 -0.00102504 0.999996 -0.00260804 -0.00191743 0.00260696 0.999995 0.0356664 0.0252399 -0.234878
FixedParameters: 0 0 0

#Transform 26
Transform: AffineTransform_float_3_3
Parameters: 0.999998 0.00183757 0.000926595 -0.00183575 0.999997 -0.00155701 -0.000929688 0.00155499 0.999998 0.0355366 0.00606375 -0.498359
FixedParameters: 0 0 0

#Transform 27
Transform: AffineTransform_float_3_3
Parameters: 0.999999 0.000336883 0.000902158 -0.000335721 0.999998 -0.00166394 -0.000902496 0.00166406 0.999998 0.0324937 0.0299732 -0.279092
FixedParameters: 0 0 0

#Transform 28
Transform: AffineTransform_float_3_3
Parameters: 0.999999 0.000871228 0.000945943 -0.000868991 0.999998 -0.00194762 -0.00094763 0.00194738 0.999998 0.0314468 0.00617635 -0.283185
FixedParameters: 0 0 0

#Transform 29
Transform: AffineTransform_float_3_3
Parameters: 0.999998 0.000594726 0.0018544 -0.000591379 0.999998 -0.00200023 -0.00185613 0.00199877 0.999997 0.0320645 0.0304809 -0.20796
FixedParameters: 0 0 0

#Transform 30
Transform: AffineTransform_float_3_3
Parameters: 0.999999 0.00131117 0.000850543 -0.00131012 0.999997 -0.00201091 -0.00085372 0.00201009 0.999998 0.0319415 0.00953753 -0.408272
FixedParameters: 0 0 0

#Transform 31
Transform: AffineTransform_float_3_3
Parameters: 0.999998 0.000475079 0.00157593 -0.000472014 0.999999 -0.00155603 -0.00157662 0.00155597 0.999998 0.0352783 0.040386 -0.283954
FixedParameters: 0 0 0

#Transform 32
Transform: AffineTransform_float_3_3
Parameters: 0.999999 0.000484274 0.000968707 -0.000483834 0.999999 -0.00117747 -0.000969065 0.00117653 0.999999 0.0304397 0.0379151 -0.320812
FixedParameters: 0 0 0

#Transform 33
Transform: AffineTransform_float_3_3
Parameters: 0.999999 0.000625767 0.00144646 -0.000623308 0.999999 -0.00180455 -0.00144754 0.00180346 0.999997 0.0334139 0.0226135 -0.328506
FixedParameters: 0 0 0

#Transform 34
Transform: AffineTransform_float_3_3
Parameters: 1 0.000426511 0.000981353 -0.000425303 1 -0.00108442 -0.000981885 0.00108358 0.999999 0.0254392 0.0430028 -0.307034
FixedParameters: 0 0 0

#Transform 35
Transform: AffineTransform_float_3_3
Parameters: 0.999999 0.000482307 0.000917347 -0.000481431 0.999999 -0.00148024 -0.000917992 0.00148077 0.999998 0.0252418 0.0404383 -0.325202
FixedParameters: 0 0 0

#Transform 36
Transform: AffineTransform_float_3_3
Parameters: 0.999999 0.000410027 0.00121885 -0.000407708 0.999998 -0.00170614 -0.00121947 0.00170586 0.999997 0.0193179 0.019193 -0.344018
FixedParameters: 0 0 0

#Transform 37
Transform: AffineTransform_float_3_3
Parameters: 0.999999 0.000297948 0.00148967 -0.000295606 0.999997 -0.00215293 -0.0014903 0.00215207 0.999996 0.0233977 0.0261955 -0.242006
FixedParameters: 0 0 0

#Transform 38
Transform: AffineTransform_float_3_3
Parameters: 0.999999 0.000590716 0.00108633 -0.000588505 0.999998 -0.00186428 -0.00108774 0.00186372 0.999998 0.0280209 0.0231139 -0.30218
FixedParameters: 0 0 0

#Transform 39
Transform: AffineTransform_float_3_3
Parameters: 0.999998 0.000639795 0.0019875 -0.000634153 0.999996 -0.00257739 -0.00198883 0.0025756 0.999994 0.0416062 0.0019134 -0.312415
FixedParameters: 0 0 0

#Transform 40
Transform: AffineTransform_float_3_3
Parameters: 0.999996 0.000521772 0.00258612 -0.000515347 0.999997 -0.00263896 -0.00258796 0.00263704 0.999994 0.0331209 0.0241104 -0.1878
FixedParameters: 0 0 0

#Transform 41
Transform: AffineTransform_float_3_3
Parameters: 0.999998 0.000641588 0.0019793 -0.000634643 0.999993 -0.00347939 -0.00198193 0.00347761 0.999992 0.0390532 -0.00809035 -0.346971
FixedParameters: 0 0 0

#Transform 42
Transform: AffineTransform_float_3_3
Parameters: 0.999998 0.000238568 0.00226236 -0.000232772 0.999997 -0.00258851 -0.00226216 0.00258749 0.999995 0.0383382 0.0154564 -0.250945
FixedParameters: 0 0 0

#Transform 43
Transform: AffineTransform_float_3_3
Parameters: 0.999998 0.00059106 0.00160707 -0.000586384 0.999996 -0.00300659 -0.00160957 0.00300541 0.999994 0.0385043 -0.0074218 -0.372307
FixedParameters: 0 0 0

#Transform 44
Transform: AffineTransform_float_3_3
Parameters: 0.999998 0.000297386 0.00228414 -0.000290403 0.999996 -0.00282329 -0.00228437 0.00282271 0.999994 0.0177093 0.0214198 -0.219439
FixedParameters: 0 0 0

#Transform 45
Transform: AffineTransform_float_3_3
Parameters: 0.999998 -9.92319e-05 0.00201413 0.000107355 0.999993 -0.00367912 -0.00201379 0.00367887 0.999991 0.0309541 0.00855986 -0.264414
FixedParameters: 0 0 0

#Transform 46
Transform: AffineTransform_float_3_3
Parameters: 0.999997 0.000326819 0.00252506 -0.000319169 0.999996 -0.00294579 -0.00252607 0.00294421 0.999992 0.0439196 -0.000477385 -0.294289
FixedParameters: 0 0 0

#Transform 47
Transform: AffineTransform_float_3_3
Parameters: 0.999997 0.000292345 0.00244607 -0.000285516 0.999996 -0.00268468 -0.00244712 0.00268332 0.999993 0.0179657 0.0251358 -0.185244
FixedParameters: 0 0 0

#Transform 48
Transform: AffineTransform_float_3_3
Parameters: 0.999996 0.000878902 0.00273706 -0.000869247 0.999994 -0.0033478 -0.00274031 0.0033452 0.999991 0.0545411 -0.0150591 -0.415792
FixedParameters: 0 0 0

#Transform 49
Transform: AffineTransform_float_3_3
Parameters: 0.999997 0.0017639 0.00179049 -0.00176478 0.999998 0.000393615 -0.00179041 -0.000396386 0.999998 0.0776762 0.0424799 -0.427542
FixedParameters: 0 0 0

#Transform 50
Transform: AffineTransform_float_3_3
Parameters: 0.999997 0.000374138 0.00238037 -0.00037278 1 -0.000560657 -0.00238132 0.000560342 0.999997 0.0421178 0.058054 -0.238072
FixedParameters: 0 0 0

#Transform 51
Transform: AffineTransform_float_3_3
Parameters: 0.999996 0.000160456 0.00306424 -0.000154061 0.999998 -0.00222259 -0.00306404 0.00222242 0.999993 0.0472276 0.0300612 -0.191413
FixedParameters: 0 0 0

#Transform 52
Transform: AffineTransform_float_3_3
Parameters: 0.999996 0.000319768 0.00273736 -0.000314114 0.999998 -0.00218448 -0.00273825 0.00218352 0.999994 0.0436563 0.0308547 -0.201667
FixedParameters: 0 0 0

#Transform 53
Transform: AffineTransform_float_3_3
Parameters: 0.999994 0.000620705 0.00360785 -0.000614438 0.999998 -0.00187061 -0.00360927 0.00186839 0.999992 0.049905 0.0285343 -0.269144
FixedParameters: 0 0 0

#Transform 54
Transform: AffineTransform_float_3_3
Parameters: 0.999995 0.000334273 0.00312205 -0.000328716 0.999999 -0.00160514 -0.00312339 0.00160386 0.999994 0.0421284 0.0345226 -0.276063
FixedParameters: 0 0 0

#Transform 55
Transform: AffineTransform_float_3_3
Parameters: 0.999995 0.000627257 0.00284899 -0.000624967 1 -0.00111719 -0.00284975 0.00111581 0.999995 0.0387329 0.0252625 -0.333607
FixedParameters: 0 0 0

#Transform 56
Transform: AffineTransform_float_3_3
Parameters: 0.999995 0.000626231 0.00284922 -0.000625069 0.999999 -0.00075804 -0.00284991 0.000755962 0.999995 0.0442223 0.0360275 -0.347794
FixedParameters: 0 0 0

#Transform 57
Transform: AffineTransform_float_3_3
Parameters: 0.999995 0.000776226 0.00302691 -0.000772826 0.999999 -0.0012356 -0.00302818 0.0012324 0.999994 0.054091 0.0213328 -0.406495
FixedParameters: 0 0 0

#Transform 58
Transform: AffineTransform_float_3_3
Parameters: 0.999995 0.00114182 0.00318745 -0.00113908 0.999999 -0.00107069 -0.00318925 0.00106632 0.999994 0.0475995 0.0115943 -0.447247
FixedParameters: 0 0 0

#Transform 59
Transform: AffineTransform_float_3_3
Parameters: 0.999992 0.00140939 0.00355394 -0.00140522 0.999998 -0.00123733 -0.00355546 0.00123167 0.999993 0.0486451 0.0137359 -0.439672
FixedParameters: 0 0 0

#Transform 60
Transform: AffineTransform_float_3_3
Parameters: 0.999992 0.00109068 0.00368976 -0.0010851 0.999998 -0.00138119 -0.00369081 0.00137681 0.999992 0.0517833 0.0217523 -0.40563
FixedParameters: 0 0 0

#Transform 61
Transform: AffineTransform_float_3_3
Parameters: 0.999992 0.00117819 0.0036523 -0.00117433 0.999999 -0.000908265 -0.00365326 0.000904732 0.999993 0.0476167 0.0305896 -0.430551
FixedParameters: 0 0 0

#Transform 62
Transform: AffineTransform_float_3_3
Parameters: 0.999993 0.000728284 0.00384398 -0.000724378 0.999999 -0.00115882 -0.00384463 0.00115618 0.999992 0.0479074 0.039708 -0.285481
FixedParameters: 0 0 0

#Transform 63
Transform: AffineTransform_float_3_3
Parameters: 0.999993 0.000877143 0.00342887 -0.000870944 0.999998 -0.00190154 -0.00343038 0.00189847 0.999992 0.0611854 -0.00308849 -0.417788
FixedParameters: 0 0 0

#Transform 64
Transform: AffineTransform_float_3_3
Parameters: 0.999995 0.000241233 0.00322828 -0.000238381 1 -0.000869878 -0.00322752 0.000869123 0.999994 0.0698297 0.0461443 -0.332296
FixedParameters: 0 0 0

#Transform 65
Transform: AffineTransform_float_3_3
Parameters: 0.999995 0.000484963 0.00312454 -0.000481598 1 -0.000833765 -0.00312457 0.000832233 0.999995 0.0554748 0.0426699 -0.32141
FixedParameters: 0 0 0

#Transform 66
Transform: AffineTransform_float_3_3
Parameters: 0.999994 0.000779113 0.00320094 -0.00077425 0.999999 -0.00168439 -0.00320213 0.00168162 0.999994 0.0564495 0.0213967 -0.377155
FixedParameters: 0 0 0

#Transform 67
Transform: AffineTransform_float_3_3
Parameters: 0.999994 0.00051486 0.00360829 -0.000508743 0.999998 -0.00172208 -0.00360955 0.00171992 0.999993 0.0445256 0.0211056 -0.30684
FixedParameters: 0 0 0

#Transform 68
Transform: AffineTransform_float_3_3
Parameters: 0.999995 0.000706354 0.00303081 -0.00070113 0.999998 -0.00162203 -0.00303114 0.00161997 0.999994 0.0504964 0.00745829 -0.423339
FixedParameters: 0 0 0

#Transform 69
Transform: AffineTransform_float_3_3
Parameters: 0.999993 0.000562165 0.00384117 -0.000556601 0.999999 -0.00149538 -0.00384142 0.00149262 0.999992 0.0477424 0.0216872 -0.302003
FixedParameters: 0 0 0

#Transform 70
Transform: AffineTransform_float_3_3
Parameters: 0.999993 0.000735346 0.00384774 -0.000729368 0.999998 -0.00142684 -0.00384879 0.00142416 0.999991 0.0495143 0.0127348 -0.368619
FixedParameters: 0 0 0

#Transform 71
Transform: AffineTransform_float_3_3
Parameters: 0.999992 0.000637866 0.00401085 -0.000629012 0.999997 -0.00228341 -0.00401299 0.00228059 0.999989 0.048378 -0.00176331 -0.399612
FixedParameters: 0 0 0

#Transform 72
Transform: AffineTransform_float_3_3
Parameters: 0.999992 0.000662318 0.00407278 -0.00065469 0.999998 -0.00182419 -0.00407428 0.00182181 0.99999 0.0529994 0.0175902 -0.295641
FixedParameters: 0 0 0

#Transform 73
Transform: AffineTransform_float_3_3
Parameters: 0.999992 0.00117473 0.00378172 -0.00116468 0.999996 -0.00271975 -0.0037847 0.00271524 0.999989 0.0695697 -0.0237452 -0.509143
FixedParameters: 0 0 0

#Transform 74
Transform: AffineTransform_float_3_3
Parameters: 0.999994 0.000886262 0.00350973 -0.000879516 0.999998 -0.00180464 -0.00351149 0.00180136 0.999992 0.0611289 0.0148451 -0.373862
FixedParameters: 0 0 0

#Transform 75
Transform: AffineTransform_float_3_3
Parameters: 0.99999 0.000553762 0.00430707 -0.000543121 0.999996 -0.00259272 -0.0043093 0.00259028 0.999987 0.0405317 -0.0167172 -0.314198
FixedParameters: 0 0 0

#Transform 76
Transform: AffineTransform_float_3_3
Parameters: 0.999992 -0.00108599 0.00367778 0.00108703 0.999999 -0.000443577 -0.00367695 0.000447425 0.999993 0.0533026 0.0526624 -0.195216
FixedParameters: 0 0 0

#Transform 77
Transform: AffineTransform_float_3_3
Parameters: 0.999995 0.000107434 0.00317048 -0.000106024 1 -0.000367801 -0.00317017 0.000367198 0.999994 0.0665373 0.0510027 -0.348668
FixedParameters: 0 0 0

#Transform 78
Transform: AffineTransform_float_3_3
Parameters: 0.999991 0.00021387 0.00419176 -0.000210609 0.999999 -0.000765456 -0.00419184 0.000764544 0.999991 0.0505619 0.0688645 -0.227477
FixedParameters: 0 0 0

#Transform 79
Transform: AffineTransform_float_3_3
Parameters: 0.999993 0.000839505 0.00345408 -0.000836062 1 -0.000899431 -0.00345441 0.00089657 0.999994 0.0628127 0.0380223 -0.412336
FixedParameters: 0 0 0

#Transform 80
Transform: AffineTransform_float_3_3
Parameters: 0.999992 0.000510701 0.00382867 -0.000507436 1 -0.00083918 -0.00382927 0.000836819 0.999992 0.0463132 0.0395658 -0.34582
FixedParameters: 0 0 0

#Transform 81
Transform: AffineTransform_float_3_3
Parameters: 0.999992 0.000311599 0.00411631 -0.000309577 1 -0.000628999 -0.00411645 0.000628004 0.999991 0.041727 0.0453459 -0.252829
FixedParameters: 0 0 0

#Transform 82
Transform: AffineTransform_float_3_3
Parameters: 0.999991 0.000754873 0.00401489 -0.00075136 1 -0.000783048 -0.0040149 0.000779952 0.999991 0.0490881 0.0356607 -0.318182
FixedParameters: 0 0 0

#Transform 83
Transform: AffineTransform_float_3_3
Parameters: 0.999991 0.000332077 0.00435133 -0.000328836 1 -0.000840798 -0.00435125 0.000840204 0.99999 0.0399944 0.0743434 -0.235279
FixedParameters: 0 0 0

#Transform 84
Transform: AffineTransform_float_3_3
Parameters: 0.999991 0.000291783 0.00409093 -0.00029044 1 -0.000549912 -0.004091 0.000549092 0.999992 0.0384318 0.0704459 -0.225445
FixedParameters: 0 0 0

#Transform 85
Transform: AffineTransform_float_3_3
Parameters: 0.999991 0.000399303 0.00417173 -0.000395075 0.999999 -0.000885374 -0.00417218 0.000883622 0.999991 0.0529801 0.0248118 -0.364661
FixedParameters: 0 0 0

#Transform 86
Transform: AffineTransform_float_3_3
Parameters: 0.999995 0.00163304 0.00242135 -0.00163706 0.999998 0.00169882 -0.00241867 -0.00170318 0.999995 0.0973692 0.0400789 -0.634727
FixedParameters: 0 0 0

#Transform 87
Transform: AffineTransform_float_3_3
Parameters: 0.999995 0.000899032 0.00308644 -0.000904489 0.999998 0.00169253 -0.00308442 -0.00169447 0.999994 0.0462707 0.0751842 -0.408001
FixedParameters: 0 0 0

#Transform 88
Transform: AffineTransform_float_3_3
Parameters: 0.999995 0.000297436 0.00310697 -0.000293576 0.999999 -0.00127702 -0.00310709 0.00127598 0.999994 0.00871001 0.042382 -0.227163
FixedParameters: 0 0 0

#Transform 89
Transform: AffineTransform_float_3_3
Parameters: 0.999993 3.69507e-05 0.00372644 -3.24198e-05 1 -0.00115457 -0.00372588 0.00115443 0.999993 0.0330715 0.0520773 -0.230541
FixedParameters: 0 0 0

#Transform 90
Transform: AffineTransform_float_3_3
Parameters: 0.999994 -0.00074758 0.00318818 0.000745293 0.999999 0.000709862 -0.0031891 -0.000707137 0.999995 0.0147536 0.0868893 -0.167675
FixedParameters: 0 0 0

#Transform 91
Transform: AffineTransform_float_3_3
Parameters: 0.999996 -0.000329124 0.00288023 0.000326895 0.999999 0.000934635 -0.0028811 -0.000933366 0.999996 0.00819267 0.101815 -0.148027
FixedParameters: 0 0 0

#Transform 92
Transform: AffineTransform_float_3_3
Parameters: 0.999994 -0.00118509 0.00324297 0.00118254 0.999999 0.000799755 -0.0032438 -0.000796244 0.999994 0.0311809 0.104458 -0.16602
FixedParameters: 0 0 0

#Transform 93
Transform: AffineTransform_float_3_3
Parameters: 0.999993 -0.00151847 0.00338172 0.0015127 0.999997 0.00163083 -0.00338454 -0.00162616 0.999993 0.0298013 0.0923727 -0.133917
FixedParameters: 0 0 0

#Transform 94
Transform: AffineTransform_float_3_3
Parameters: 0.999993 -0.00120129 0.00338376 0.00119607 0.999998 0.00149133 -0.00338613 -0.00148667 0.999993 0.0403469 0.0987872 -0.140554
FixedParameters: 0 0 0

#Transform 95
Transform: AffineTransform_float_3_3
Parameters: 0.999993 -0.00137554 0.00332222 0.00137172 0.999998 0.00130748 -0.00332461 -0.00130252 0.999993 0.0312113 0.0924704 -0.137769
FixedParameters: 0 0 0

#Transform 96
Transform: AffineTransform_float_3_3
Parameters: 0.999992 -0.00084941 0.00373727 0.000843181 0.999999 0.0016598 -0.00373835 -0.0016562 0.999991 0.0342043 0.0888737 -0.190785
FixedParameters: 0 0 0

#Transform 97
Transform: AffineTransform_float_3_3
Parameters: 0.999992 -0.00086614 0.00374258 0.000861155 0.999999 0.00149102 -0.00374343 -0.00148798 0.999992 0.026685 0.0806864 -0.159625
FixedParameters: 0 0 0

#Transform 98
Transform: AffineTransform_float_3_3
Parameters: 0.999993 -0.000706445 0.00383988 0.000702709 0.999999 0.00111985 -0.00384026 -0.00111715 0.999992 0.0358536 0.0672089 -0.14884
FixedParameters: 0 0 0

#Transform 99
Transform: AffineTransform_float_3_3
Parameters: 0.999992 -0.00104354 0.00404968 0.00103884 0.999999 0.00118216 -0.00405093 -0.00117784 0.999991 0.043028 0.0662409 -0.129548
FixedParameters: 0 0 0

#Transform 100
Transform: AffineTransform_float_3_3
Parameters: 0.999992 -0.00110521 0.00365968 0.00110327 0.999999 0.000445469 -0.00366013 -0.000441529 0.999993 0.0421096 0.0687161 -0.109011
FixedParameters: 0 0 0

#Transform 101
Transform: AffineTransform_float_3_3
Parameters: 0.999994 -0.0004352 0.00340373 0.000432961 1 0.000522319 -0.00340365 -0.00052068 0.999994 0.044289 0.0834657 -0.127501
FixedParameters: 0 0 0

#Transform 102
Transform: AffineTransform_float_3_3
Parameters: 0.999994 -0.00143331 0.00316998 0.00143199 0.999999 0.000417457 -0.00317064 -0.000412541 0.999995 0.0482905 0.0915664 -0.125005
FixedParameters: 0 0 0

#Transform 103
Transform: AffineTransform_float_3_3
Parameters: 0.999997 -0.000830771 0.00260219 0.000829268 1 0.000718618 -0.00260324 -0.000716382 0.999996 0.0552868 0.0960519 -0.193188
FixedParameters: 0 0 0

#Transform 104
Transform: AffineTransform_float_3_3
Parameters: 0.999994 -0.000851957 0.00328289 0.000852056 0.999999 -1.35678e-05 -0.00328287 1.64326e-05 0.999995 0.0485159 0.096844 -0.152909
FixedParameters: 0 0 0

#Transform 105
Transform: AffineTransform_float_3_3
Parameters: 0.999995 -0.000545941 0.00332655 0.000545172 1 0.000116297 -0.00332668 -0.000114702 0.999994 0.0545657 0.0870973 -0.152985
FixedParameters: 0 0 0

#Transform 106
Transform: AffineTransform_float_3_3
Parameters: 0.999995 -0.000541817 0.00318448 0.000543186 1 -0.00035879 -0.0031837 0.00036021 0.999995 0.0619911 0.0798324 -0.197967
FixedParameters: 0 0 0

#Transform 107
Transform: AffineTransform_float_3_3
Parameters: 0.999994 -0.000924424 0.00331367 0.000926337 0.999999 -0.000484451 -0.0033133 0.000488549 0.999994 0.0651611 0.0750088 -0.139325
FixedParameters: 0 0 0

#Transform 108
Transform: AffineTransform_float_3_3
Parameters: 0.999997 -0.00112064 0.00243467 0.00112242 0.999999 -0.000633659 -0.00243378 0.000636341 0.999997 0.0623668 0.0693301 -0.182511
FixedParameters: 0 0 0

#Transform 109
Transform: AffineTransform_float_3_3
Parameters: 0.999997 -0.000579917 0.00239933 0.000582891 0.999999 -0.00135779 -0.00239842 0.00135921 0.999996 0.0652071 0.0432712 -0.249277
FixedParameters: 0 0 0

#Transform 110
Transform: AffineTransform_float_3_3
Parameters: 0.999994 -0.00108541 0.00313363 0.00108528 0.999999 -0.000186325 -0.00313375 0.000189678 0.999995 0.0498808 0.0799236 -0.128755
FixedParameters: 0 0 0

#Transform 111
Transform: AffineTransform_float_3_3
Parameters: 0.999996 -0.000198028 0.00275772 0.000200306 0.999999 -0.000888273 -0.00275843 0.000888727 0.999995 0.0817988 0.0325825 -0.348558
FixedParameters: 0 0 0

#Transform 112
Transform: AffineTransform_float_3_3
Parameters: 0.999994 -0.00170389 0.00299841 0.0017054 0.999998 -0.000467693 -0.00299734 0.000472307 0.999995 0.073543 0.0732106 -0.109423
FixedParameters: 0 0 0

#Transform 113
Transform: AffineTransform_float_3_3
Parameters: 0.999995 -0.0014736 0.00282906 0.00147547 0.999999 -0.000560425 -0.00282793 0.000564574 0.999996 0.072526 0.0705334 -0.104783
FixedParameters: 0 0 0

#Transform 114
Transform: AffineTransform_float_3_3
Parameters: 0.999994 -0.001729 0.00293554 0.00173029 0.999998 -0.000217726 -0.00293478 0.000222273 0.999996 0.0660544 0.0840027 -0.093269
FixedParameters: 0 0 0

#Transform 115
Transform: AffineTransform_float_3_3
Parameters: 0.999995 -0.00133027 0.00291666 0.00133263 0.999999 -0.000851355 -0.00291545 0.000855647 0.999996 0.0692267 0.0700074 -0.1006
FixedParameters: 0 0 0

#Transform 116
Transform: AffineTransform_float_3_3
Parameters: 0.999994 -0.001606 0.00281495 0.00161096 0.999997 -0.00141507 -0.00281237 0.00141993 0.999995 0.0729004 0.0583062 -0.146575
FixedParameters: 0 0 0

#Transform 117
Transform: AffineTransform_float_3_3
Parameters: 0.999997 -0.00089388 0.00234161 0.000895785 0.999999 -0.000686294 -0.00234091 0.000687706 0.999997 0.0695049 0.0685917 -0.212724
FixedParameters: 0 0 0

#Transform 118
Transform: AffineTransform_float_3_3
Parameters: 0.999995 -0.00167755 0.0029115 0.00167836 0.999999 -0.000588073 -0.00291058 0.00059293 0.999995 0.0658083 0.0797087 -0.0893585
FixedParameters: 0 0 0

#Transform 119
Transform: AffineTransform_float_3_3
Parameters: 0.999997 -0.00102289 0.00233307 0.00102604 0.999999 -0.00103915 -0.00233239 0.00104185 0.999997 0.0694795 0.0493532 -0.182778
FixedParameters: 0 0 0

#Transform 120
Transform: AffineTransform_float_3_3
Parameters: 0.999994 -0.000776847 0.00343239 0.000779952 1 -0.000966847 -0.00343155 0.000970156 0.999994 0.0659083 0.0615329 -0.161906
FixedParameters: 0 0 0

#Transform 121
Transform: AffineTransform_float_3_3
Parameters: 0.999996 -0.00107293 0.00286945 0.00107466 0.999999 -0.000526796 -0.00286885 0.000530204 0.999996 0.0577557 0.0800673 -0.126833
FixedParameters: 0 0 0

#Transform 122
Transform: AffineTransform_float_3_3
Parameters: 0.999994 -0.0010104 0.00311498 0.0010127 1 -0.000727086 -0.00311365 0.000729914 0.999995 0.0616002 0.0690833 -0.14422
FixedParameters: 0 0 0

#Transform 123
Transform: AffineTransform_float_3_3
Parameters: 0.999996 -0.000850841 0.00277526 0.000852144 1 -0.000635668 -0.00277431 0.000638334 0.999996 0.0537749 0.0774036 -0.160626
FixedParameters: 0 0 0

#Transform 124
Transform: AffineTransform_float_3_3
Parameters: 0.999995 -0.000750822 0.00300834 0.000753142 0.999999 -0.000973257 -0.00300754 0.000975746 0.999995 0.0675522 0.0755136 -0.166644
FixedParameters: 0 0 0

#Transform 125
Transform: AffineTransform_float_3_3
Parameters: 0.999993 -0.000529621 0.0035282 0.000532817 0.999999 -0.000954131 -0.00352785 0.00095587 0.999993 0.0716338 0.0771797 -0.165001
FixedParameters: 0 0 0

#Transform 126
Transform: AffineTransform_float_3_3
Parameters: 0.999993 -0.000529572 0.00352734 0.000532727 0.999999 -0.00107913 -0.00352647 0.00108087 0.999993 0.060913 0.0672715 -0.163326
FixedParameters: 0 0 0

#Transform 127
Transform: AffineTransform_float_3_3
Parameters: 0.999995 -0.000840022 0.00326136 0.000842437 1 -0.000912135 -0.00326049 0.000914868 0.999994 0.0651623 0.0760226 -0.164163
FixedParameters: 0 0 0

#Transform 128
Transform: AffineTransform_float_3_3
Parameters: 0.999995 -0.000616894 0.00332726 0.000618138 1 -0.00038331 -0.00332732 0.00038469 0.999995 0.0511418 0.082642 -0.159779
FixedParameters: 0 0 0

#Transform 129
Transform: AffineTransform_float_3_3
Parameters: 0.999994 -0.000931953 0.00333605 0.000937215 0.999998 -0.00171161 -0.00333458 0.00171439 0.999993 0.068233 0.0603145 -0.193315
FixedParameters: 0 0 0

#Transform 130
Transform: AffineTransform_float_3_3
Parameters: 0.999992 -0.00131961 0.00357348 0.00132473 0.999998 -0.00144785 -0.00357176 0.00145315 0.999992 0.0566727 0.0457188 -0.0625641
FixedParameters: 0 0 0

#Transform 131
Transform: AffineTransform_float_3_3
Parameters: 0.999992 -0.00183498 0.00374778 0.00184618 0.999993 -0.0031201 -0.00374197 0.00312691 0.999989 0.0620797 0.0385354 -0.10093
FixedParameters: 0 0 0

#Transform 132
Transform: AffineTransform_float_3_3
Parameters: 0.999994 -0.00179139 0.00293444 0.00179105 0.999999 0.000284301 -0.00293492 -0.0002787 0.999995 0.0231974 0.11453 -0.0829745
FixedParameters: 0 0 0

#Transform 133
Transform: AffineTransform_float_3_3
Parameters: 0.999994 -0.00130921 0.00304012 0.00130649 0.999998 0.000879892 -0.00304136 -0.000876106 0.999995 0.072467 0.0916034 -0.133568
FixedParameters: 0 0 0

#Transform 134
Transform: AffineTransform_float_3_3
Parameters: 0.999992 -0.00113939 0.00382015 0.00114151 0.999999 -0.000497703 -0.00382046 0.000502298 0.999993 0.0606859 0.0913798 -0.103259
FixedParameters: 0 0 0

#Transform 135
Transform: AffineTransform_float_3_3
Parameters: 0.999992 -0.000132844 0.00415969 0.000135891 1 -0.000634573 -0.00415966 0.000634425 0.999991 0.061994 0.0939829 -0.191733
FixedParameters: 0 0 0

#Transform 136
Transform: AffineTransform_float_3_3
Parameters: 0.999991 -0.000161801 0.00424216 0.000163837 1 -0.000394442 -0.00424257 0.000394557 0.999991 0.0414607 0.0778375 -0.178027
FixedParameters: 0 0 0

#Transform 137
Transform: AffineTransform_float_3_3
Parameters: 0.999989 -0.000365208 0.00452932 0.00036671 0.999999 -0.00026681 -0.00452873 0.000268189 0.99999 0.073009 0.0950812 -0.214717
FixedParameters: 0 0 0

#Transform 138
Transform: AffineTransform_float_3_3
Parameters: 0.999989 -0.000901037 0.00448533 0.000902175 0.999999 -0.000270991 -0.00448537 0.00027501 0.99999 0.0459371 0.0971386 -0.147623
FixedParameters: 0 0 0

#Transform 139
Transform: AffineTransform_float_3_3
Parameters: 0.99999 -0.000963085 0.00451203 0.00096532 1 -0.000391043 -0.00451181 0.000394956 0.99999 0.0653738 0.0778438 -0.175946
FixedParameters: 0 0 0

#Transform 140
Transform: AffineTransform_float_3_3
Parameters: 0.999989 -0.00129059 0.0046513 0.00129321 1 -0.000419592 -0.00465074 0.000425406 0.999989 0.0578202 0.0900952 -0.16252
FixedParameters: 0 0 0

#Transform 141
Transform: AffineTransform_float_3_3
Parameters: 0.999989 -0.00148713 0.00427921 0.00148854 0.999999 -0.000315748 -0.00427879 0.000322253 0.999991 0.0416684 0.0907064 -0.0937311
FixedParameters: 0 0 0

#Transform 142
Transform: AffineTransform_float_3_3
Parameters: 0.999987 0.000302488 0.0050539 -0.000298666 1 -0.000781702 -0.00505373 0.0007803 0.999987 0.0928373 0.0791501 -0.345693
FixedParameters: 0 0 0

#Transform 143
Transform: AffineTransform_float_3_3
Parameters: 0.99999 -0.000643633 0.00437476 0.000642121 1 0.000218624 -0.00437412 -0.000216374 0.99999 0.0666547 0.105828 -0.212122
FixedParameters: 0 0 0

#Transform 144
Transform: AffineTransform_float_3_3
Parameters: 0.999987 -0.00114381 0.0049456 0.00114423 0.999999 -0.00017292 -0.00494572 0.000178083 0.999988 0.0616209 0.0896009 -0.19067
FixedParameters: 0 0 0

#Transform 145
Transform: AffineTransform_float_3_3
Parameters: 0.999988 -0.00152534 0.0047517 0.00152845 0.999998 -0.000599193 -0.00475092 0.000606806 0.999988 0.0560323 0.0825394 -0.18717
FixedParameters: 0 0 0

#Transform 146
Transform: AffineTransform_float_3_3
Parameters: 0.999984 -0.000525121 0.0056607 0.000527941 1 -0.000560647 -0.00566077 0.000563357 0.999984 0.0861811 0.0924422 -0.278067
FixedParameters: 0 0 0

#Transform 147
Transform: AffineTransform_float_3_3
Parameters: 0.999984 -0.00133258 0.00562826 0.0013331 0.999999 -4.22571e-05 -0.00562814 4.97424e-05 0.999984 0.0673007 0.0941491 -0.183605
FixedParameters: 0 0 0

#Transform 148
Transform: AffineTransform_float_3_3
Parameters: 0.999984 -0.00052464 0.00566074 0.000528422 1 -0.000645645 -0.00566073 0.000648355 0.999984 0.0859831 0.0734261 -0.314106
FixedParameters: 0 0 0

#Transform 149
Transform: AffineTransform_float_3_3
Parameters: 0.999985 -0.0012875 0.00520657 0.00128754 0.999999 0.000125281 -0.00520635 -0.000118722 0.999986 0.0587348 0.101067 -0.185963
FixedParameters: 0 0 0

#Transform 150
Transform: AffineTransform_float_3_3
Parameters: 0.999985 -0.000518815 0.00547063 0.000521765 0.999999 -0.00038793 -0.00547075 0.000391066 0.999985 0.0818041 0.0888827 -0.246801
FixedParameters: 0 0 0

#Transform 151
Transform: AffineTransform_float_3_3
Parameters: 0.999983 -0.000797084 0.00589258 0.000800536 1 -0.000558126 -0.00589143 0.000562874 0.999982 0.0747895 0.0829619 -0.230967
FixedParameters: 0 0 0

#Transform 152
Transform: AffineTransform_float_3_3
Parameters: 0.999984 -0.00108239 0.00543841 0.00108419 1 -0.000367815 -0.00543774 0.000374188 0.999985 0.0636183 0.100662 -0.223782
FixedParameters: 0 0 0

#Transform 153
Transform: AffineTransform_float_3_3
Parameters: 0.999984 -0.00105137 0.00542563 0.00105445 1 -0.000486992 -0.00542474 0.000493007 0.999985 0.0640056 0.0797142 -0.178967
FixedParameters: 0 0 0

#Transform 154
Transform: AffineTransform_float_3_3
Parameters: 0.999985 -0.000975585 0.00539528 0.000981258 0.999999 -0.00105843 -0.00539401 0.00106357 0.999985 0.0759897 0.0774728 -0.188619
FixedParameters: 0 0 0

#Transform 155
Transform: AffineTransform_float_3_3
Parameters: 0.999985 -0.000938314 0.00537915 0.00094436 0.999999 -0.00097464 -0.00537758 0.000979356 0.999985 0.0847731 0.0692824 -0.196316
FixedParameters: 0 0 0

#Transform 156
Transform: AffineTransform_float_3_3
Parameters: 0.999983 -0.000921207 0.00572017 0.000925625 0.999999 -0.000807911 -0.00571987 0.000813091 0.999983 0.0791421 0.0789233 -0.19735
FixedParameters: 0 0 0

#Transform 157
Transform: AffineTransform_float_3_3
Parameters: 0.999984 -0.00107779 0.0054376 0.00108103 0.999999 -0.000705685 -0.00543635 0.000711319 0.999985 0.0774562 0.0836942 -0.186955
FixedParameters: 0 0 0

#Transform 158
Transform: AffineTransform_float_3_3
Parameters: 0.999986 -0.0014451 0.00509784 0.00145102 0.999998 -0.0011824 -0.00509614 0.0011896 0.999986 0.0712224 0.0807637 -0.108289
FixedParameters: 0 0 0

#Transform 159
Transform: AffineTransform_float_3_3
Parameters: 0.999981 -0.000749653 0.00611212 0.000756128 0.999999 -0.00107521 -0.00611091 0.00107979 0.999981 0.102565 0.0746738 -0.244806
FixedParameters: 0 0 0

#Transform 160
Transform: AffineTransform_float_3_3
Parameters: 0.999984 -0.00131836 0.00539321 0.00132114 0.999999 -0.000705157 -0.00539254 0.00071185 0.999985 0.0926729 0.0885498 -0.197912
FixedParameters: 0 0 0

#Transform 161
Transform: AffineTransform_float_3_3
Parameters: 0.999981 -0.00084857 0.00601199 0.000855316 0.999999 -0.00111556 -0.0060105 0.00112044 0.999981 0.0923038 0.0858015 -0.220006
FixedParameters: 0 0 0

#Transform 162
Transform: AffineTransform_float_3_3
Parameters: 0.999983 -0.00152798 0.00562894 0.00153202 0.999999 -0.000669355 -0.00562754 0.000677645 0.999984 0.0729478 0.0950771 -0.127715
FixedParameters: 0 0 0

#Transform 163
Transform: AffineTransform_float_3_3
Parameters: 0.999981 -0.000998553 0.00607359 0.00100475 0.999999 -0.00109045 -0.00607274 0.00109656 0.999981 0.0939175 0.074345 -0.235639
FixedParameters: 0 0 0

#Transform 164
Transform: AffineTransform_float_3_3
Parameters: 0.999983 -0.00156673 0.00573599 0.00157109 0.999998 -0.000764968 -0.00573385 0.000774031 0.999983 0.0738633 0.0839773 -0.115169
FixedParameters: 0 0 0

#Transform 165
Transform: AffineTransform_float_3_3
Parameters: 0.999983 -0.000985979 0.00586413 0.000987248 0.999999 -0.000216895 -0.00586423 0.000223107 0.999983 0.087334 0.0991147 -0.214566
FixedParameters: 0 0 0

#Transform 166
Transform: AffineTransform_float_3_3
Parameters: 0.999983 -0.00155339 0.00563999 0.00155815 0.999999 -0.000731344 -0.00563837 0.000740653 0.999984 0.0597827 0.099488 -0.163046
FixedParameters: 0 0 0

#Transform 167
Transform: AffineTransform_float_3_3
Parameters: 0.999982 -0.000569019 0.00586 0.000571171 1 -0.000294131 -0.0058602 0.000296867 0.999983 0.099377 0.0859582 -0.29037
FixedParameters: 0 0 0

#Transform 168
Transform: AffineTransform_float_3_3
Parameters: 0.999983 -0.00149291 0.00561218 0.00149515 0.999999 -0.000194731 -0.00561158 0.000203263 0.999984 0.0755125 0.100644 -0.185207
FixedParameters: 0 0 0

#Transform 169
Transform: AffineTransform_float_3_3
Parameters: 0.999986 -0.000886261 0.00535404 0.000886732 0.999999 -4.15983e-05 -0.00535397 4.64012e-05 0.999986 0.08784 0.0948843 -0.252181
FixedParameters: 0 0 0

#Transform 170
Transform: AffineTransform_float_3_3
Parameters: 0.999983 -0.00134373 0.00579216 0.00134462 0.999999 -0.000185462 -0.00579218 0.000193541 0.999984 0.0799601 0.0897534 -0.207169
FixedParameters: 0 0 0

#Transform 171
Transform: AffineTransform_float_3_3
Parameters: 0.999982 -0.00131911 0.00589563 0.00132203 0.999999 -0.000433461 -0.00589461 0.000441537 0.999982 0.0816784 0.081527 -0.235463
FixedParameters: 0 0 0

#Transform 172
Transform: AffineTransform_float_3_3
Parameters: 0.999981 -0.000519884 0.00623988 0.000521037 1 -0.000238355 -0.00623884 0.000241648 0.99998 0.0977438 0.0891157 -0.268347
FixedParameters: 0 0 0

#Transform 173
Transform: AffineTransform_float_3_3
Parameters: 0.99998 -0.00129282 0.00617069 0.00129613 0.999999 -0.000551595 -0.00616992 0.000559407 0.999981 0.0705423 0.0850708 -0.218367
FixedParameters: 0 0 0

#Transform 174
Transform: AffineTransform_float_3_3
Parameters: 0.999981 -0.00157575 0.00592957 0.00157602 0.999999 -0.000128111 -0.00592968 0.000137893 0.999983 0.0740137 0.0974357 -0.154943
FixedParameters: 0 0 0

#Transform 175
Transform: AffineTransform_float_3_3
Parameters: 0.99998 -0.00113483 0.00610333 0.00113786 0.999999 -0.000503799 -0.00610193 0.0005102 0.999981 0.0907021 0.0939277 -0.251907
FixedParameters: 0 0 0

#Transform 176
Transform: AffineTransform_float_3_3
Parameters: 0.999982 -0.00243963 0.00544724 0.00244166 0.999997 -0.000215676 -0.00544708 0.000228322 0.999985 0.0800547 0.101107 -0.118159
FixedParameters: 0 0 0

#Transform 177
Transform: AffineTransform_float_3_3
Parameters: 0.999986 -0.000743475 0.00537401 0.000742094 1 0.000252494 -0.00537385 -0.000248506 0.999986 0.111299 0.093022 -0.387189
FixedParameters: 0 0 0

#Transform 178
Transform: AffineTransform_float_3_3
Parameters: 0.999985 -0.00189499 0.00526915 0.00189456 0.999998 4.47852e-05 -0.0052693 -3.52123e-05 0.999986 0.0857706 0.102844 -0.154523
FixedParameters: 0 0 0

#Transform 179
Transform: AffineTransform_float_3_3
Parameters: 0.999982 -0.00270137 0.00535227 0.00270213 0.999997 -0.000272234 -0.0053509 0.00028577 0.999985 0.100745 0.108287 -0.113034
FixedParameters: 0 0 0
