# transform file /out/sourcedata/freesurfer/sub-v1s10x0051116_ses-1/mri/transforms/cc_up.lta
# created by oesteban on Thu Mar 12 10:00:07 2026

type      = 0 # LINEAR_VOX_TO_VOX
nxforms   = 1
mean      = 131.0000 138.0000 121.0000
sigma     = 10000.0000
1 4 4
9.995690584182739e-01 -2.919024787843227e-02 -3.140496788546443e-03 3.180452108383179e+00 
2.919010445475578e-02 9.995740056037903e-01 -9.171095734927803e-05 2.302926063537598e+00 
3.141835564747453e-03 7.275958481545164e-12 9.999951720237732e-01 1.559592533111572e+01 
0.000000000000000e+00 0.000000000000000e+00 0.000000000000000e+00 1.000000000000000e+00 
src volume info
valid = 1  # volume info valid
filename = /out/sourcedata/freesurfer/sub-v1s10x0051116_ses-1/mri/norm.mgz
volume = 256 256 256
voxelsize = 1.000000000000000e+00 1.000000000000000e+00 1.000000000000000e+00
xras   = -1.000000000000000e+00 0.000000000000000e+00 0.000000000000000e+00
yras   = 0.000000000000000e+00 0.000000000000000e+00 -1.000000000000000e+00
zras   = 0.000000000000000e+00 1.000000000000000e+00 0.000000000000000e+00
cras   = -5.776977539062500e-02 1.000000000000000e+00 -8.397583007812500e+00
dst volume info
valid = 1  # volume info valid
filename = /out/sourcedata/freesurfer/sub-v1s10x0051116_ses-1/mri/norm.mgz
volume = 256 256 256
voxelsize = 1.000000000000000e+00 1.000000000000000e+00 1.000000000000000e+00
xras   = -1.000000000000000e+00 0.000000000000000e+00 0.000000000000000e+00
yras   = 0.000000000000000e+00 0.000000000000000e+00 -1.000000000000000e+00
zras   = 0.000000000000000e+00 1.000000000000000e+00 0.000000000000000e+00
cras   = -5.776977539062500e-02 1.000000000000000e+00 -8.397583007812500e+00
