# transform file /out/sourcedata/freesurfer/sub-v1s10x0050982_ses-1/mri/transforms/cc_up.lta
# created by oesteban on Thu Mar 12 02:26:44 2026

type      = 0 # LINEAR_VOX_TO_VOX
nxforms   = 1
mean      = 127.0000 121.0000 125.0000
sigma     = 10000.0000
1 4 4
9.991365671157837e-01 5.229925736784935e-03 -4.121626913547516e-02 6.819586753845215e+00 
-5.225481465458870e-03 9.999862909317017e-01 2.155609690817073e-04 2.563759422302246e+01 
4.121683537960052e-02 0.000000000000000e+00 9.991502761840820e-01 3.880768299102783e+00 
0.000000000000000e+00 0.000000000000000e+00 0.000000000000000e+00 1.000000000000000e+00 
src volume info
valid = 1  # volume info valid
filename = /out/sourcedata/freesurfer/sub-v1s10x0050982_ses-1/mri/norm.mgz
volume = 256 256 256
voxelsize = 1.000000000000000e+00 1.000000000000000e+00 1.000000000000000e+00
xras   = -1.000000000000000e+00 0.000000000000000e+00 0.000000000000000e+00
yras   = 0.000000000000000e+00 0.000000000000000e+00 -1.000000000000000e+00
zras   = 0.000000000000000e+00 1.000000000000000e+00 0.000000000000000e+00
cras   = 6.651229858398438e-01 1.184336853027344e+01 7.506027221679688e+00
dst volume info
valid = 1  # volume info valid
filename = /out/sourcedata/freesurfer/sub-v1s10x0050982_ses-1/mri/norm.mgz
volume = 256 256 256
voxelsize = 1.000000000000000e+00 1.000000000000000e+00 1.000000000000000e+00
xras   = -1.000000000000000e+00 0.000000000000000e+00 0.000000000000000e+00
yras   = 0.000000000000000e+00 0.000000000000000e+00 -1.000000000000000e+00
zras   = 0.000000000000000e+00 1.000000000000000e+00 0.000000000000000e+00
cras   = 6.651229858398438e-01 1.184336853027344e+01 7.506027221679688e+00
