# transform file /out/sourcedata/freesurfer/sub-v1s10x0050980_ses-1/mri/transforms/cc_up.lta
# created by oesteban on Thu Mar 12 02:41:56 2026

type      = 0 # LINEAR_VOX_TO_VOX
nxforms   = 1
mean      = 132.0000 139.0000 119.0000
sigma     = 10000.0000
1 4 4
9.891744852066040e-01 -1.165221408009529e-01 8.919985592365265e-02 3.533854007720947e+00 
1.160512492060661e-01 9.931881427764893e-01 1.046504452824593e-02 -8.549749374389648e+00 
-8.981163799762726e-02 0.000000000000000e+00 9.959588646888733e-01 2.620919799804688e+01 
0.000000000000000e+00 0.000000000000000e+00 0.000000000000000e+00 1.000000000000000e+00 
src volume info
valid = 1  # volume info valid
filename = /out/sourcedata/freesurfer/sub-v1s10x0050980_ses-1/mri/norm.mgz
volume = 256 256 256
voxelsize = 1.000000000000000e+00 1.000000000000000e+00 1.000000000000000e+00
xras   = -1.000000000000000e+00 0.000000000000000e+00 0.000000000000000e+00
yras   = 0.000000000000000e+00 0.000000000000000e+00 -1.000000000000000e+00
zras   = 0.000000000000000e+00 1.000000000000000e+00 0.000000000000000e+00
cras   = 5.002471923828125e+00 -6.228912353515625e+00 -3.337341308593750e+00
dst volume info
valid = 1  # volume info valid
filename = /out/sourcedata/freesurfer/sub-v1s10x0050980_ses-1/mri/norm.mgz
volume = 256 256 256
voxelsize = 1.000000000000000e+00 1.000000000000000e+00 1.000000000000000e+00
xras   = -1.000000000000000e+00 0.000000000000000e+00 0.000000000000000e+00
yras   = 0.000000000000000e+00 0.000000000000000e+00 -1.000000000000000e+00
zras   = 0.000000000000000e+00 1.000000000000000e+00 0.000000000000000e+00
cras   = 5.002471923828125e+00 -6.228912353515625e+00 -3.337341308593750e+00
