#Insight Transform File V1.0
#Transform 0
Transform: AffineTransform_float_3_3
Parameters: 1 0.000174538 -0.000440448 -0.000174245 0.999999 -0.000712923 0.000439809 0.000713076 0.999999 -0.0681531 0.181734 0.321409
FixedParameters: 0 0 0

#Transform 1
Transform: AffineTransform_float_3_3
Parameters: 1 0.000458523 -9.43452e-05 -0.000458785 1 0.00068489 9.40525e-05 -0.000684109 0.999999 -0.00778493 0.0696595 -0.0638134
FixedParameters: 0 0 0

#Transform 2
Transform: AffineTransform_float_3_3
Parameters: 1 0.000459064 -8.78218e-05 -0.000459251 0.999999 0.00116104 8.79675e-05 -0.00116096 1 0.0123691 0.113064 -0.147899
FixedParameters: 0 0 0

#Transform 3
Transform: AffineTransform_float_3_3
Parameters: 1 0.000323825 -6.10042e-05 -0.000323682 1 0.00116102 6.1756e-05 -0.00116098 1 -0.00119875 0.117194 -0.088708
FixedParameters: 0 0 0

#Transform 4
Transform: AffineTransform_float_3_3
Parameters: 1 0.000336299 -3.14821e-05 -0.000336215 0.999999 0.00131401 3.23658e-05 -0.00131399 0.999999 -0.0023712 0.114561 -0.0820802
FixedParameters: 0 0 0

#Transform 5
Transform: AffineTransform_float_3_3
Parameters: 1 0.000357325 1.84003e-05 -0.000357387 0.999999 0.00172663 -1.7166e-05 -0.00172737 0.999998 0.0120877 0.136303 -0.126958
FixedParameters: 0 0 0

#Transform 6
Transform: AffineTransform_float_3_3
Parameters: 1 -4.53711e-05 0.000185328 4.53324e-05 1 0.00116101 -0.000184513 -0.00116099 1 0.0050136 0.109674 -0.0943846
FixedParameters: 0 0 0

#Transform 7
Transform: AffineTransform_float_3_3
Parameters: 1 -0.000113177 2.50614e-05 0.000113109 0.999999 0.001338 -2.53642e-05 -0.001338 0.999999 -0.00363053 0.112334 -0.0923639
FixedParameters: 0 0 0

#Transform 8
Transform: AffineTransform_float_3_3
Parameters: 1 -8.1514e-06 0.000127195 7.70006e-06 0.999999 0.001774 -0.000127223 -0.001774 0.999999 0.0294985 0.136138 -0.13304
FixedParameters: 0 0 0

#Transform 9
Transform: AffineTransform_float_3_3
Parameters: 1 1.97769e-06 0.000297686 -3.04876e-06 0.999999 0.001799 -0.000297677 -0.001799 0.999999 0.00931645 0.126546 -0.106439
FixedParameters: 0 0 0

#Transform 10
Transform: AffineTransform_float_3_3
Parameters: 1 -0.000297274 -0.000409479 0.000296942 0.999999 0.000717878 0.000409443 -0.000718121 0.999999 0.0192031 0.0857884 -0.104475
FixedParameters: 0 0 0

#Transform 11
Transform: AffineTransform_float_3_3
Parameters: 1 -0.000556103 -0.00014145 0.000555486 1 0.00107692 0.000140643 -0.00107708 1 0.0457057 0.120542 -0.0881257
FixedParameters: 0 0 0

#Transform 12
Transform: AffineTransform_float_3_3
Parameters: 1 -0.000328104 -0.000289989 0.000328916 0.999999 0.000725904 0.000290433 -0.000726095 0.999999 0.0286891 0.121668 -0.0760453
FixedParameters: 0 0 0

#Transform 13
Transform: AffineTransform_float_3_3
Parameters: 1 -0.000536553 -0.000238648 0.000536939 0.999999 0.000810871 0.000237778 -0.000811127 0.999999 0.0316296 0.116752 -0.10222
FixedParameters: 0 0 0

#Transform 14
Transform: AffineTransform_float_3_3
Parameters: 1 -0.000118606 -0.000498179 0.000119547 0.999999 0.0009453 0.000497954 -0.000944699 1 0.00990688 0.108518 -0.102258
FixedParameters: 0 0 0

#Transform 15
Transform: AffineTransform_float_3_3
Parameters: 1 0.000216031 -0.000107873 -0.000216321 1 0.000465023 0.000107154 -0.000464977 1 0.0148378 0.115352 -0.0649582
FixedParameters: 0 0 0

#Transform 16
Transform: AffineTransform_float_3_3
Parameters: 1 0.000294141 7.60724e-05 -0.000294113 1 -0.000186022 -7.61818e-05 0.000185978 1 0.00369788 0.116586 -0.0549567
FixedParameters: 0 0 0

#Transform 17
Transform: AffineTransform_float_3_3
Parameters: 1 -0.000340233 0.000117249 0.000340226 1 3.30398e-05 -0.000117271 -3.296e-05 1 0.015195 0.110734 -0.0485847
FixedParameters: 0 0 0

#Transform 18
Transform: AffineTransform_float_3_3
Parameters: 0.999999 0.000135402 -0.000858158 -0.000135134 1 -7.17313e-05 0.000859059 7.12689e-05 1 0.0226152 0.121094 -0.0738801
FixedParameters: 0 0 0

#Transform 19
Transform: AffineTransform_float_3_3
Parameters: 1 0.000302954 -0.000593737 -0.000303336 0.999999 -0.000321667 0.000593542 0.000321332 1 0.0235262 0.124258 -0.0683971
FixedParameters: 0 0 0

#Transform 20
Transform: AffineTransform_float_3_3
Parameters: 1 -0.000123519 -0.000472306 0.000123215 1 -0.000322058 0.000472385 0.000321942 1 0.0169117 0.117288 -0.0610039
FixedParameters: 0 0 0

#Transform 21
Transform: AffineTransform_float_3_3
Parameters: 1 -0.000537807 -0.000347194 0.000537289 0.999999 -0.000746186 0.000347996 0.000745813 0.999999 0.0341714 0.129622 -0.0877467
FixedParameters: 0 0 0

#Transform 22
Transform: AffineTransform_float_3_3
Parameters: 1 -0.000292075 -0.000561475 0.000291237 0.999999 -0.000746163 0.00056191 0.000745835 0.999999 0.0292834 0.123044 -0.101775
FixedParameters: 0 0 0

#Transform 23
Transform: AffineTransform_float_3_3
Parameters: 0.999999 -0.000494156 -0.000561368 0.000494239 0.999999 -0.000746277 0.000561714 0.000745722 0.999999 0.0143624 0.104122 -0.0684011
FixedParameters: 0 0 0

#Transform 24
Transform: AffineTransform_float_3_3
Parameters: 0.999999 -0.000496844 -0.000552662 0.000497127 0.999999 -0.000577275 0.000552844 0.000576725 0.999999 0.0259883 0.111886 -0.0970844
FixedParameters: 0 0 0

#Transform 25
Transform: AffineTransform_float_3_3
Parameters: 0.999999 -0.000542782 -0.000653849 0.000542534 1 -0.000189355 0.000654054 0.000188645 1 0.0116894 0.119274 -0.0891375
FixedParameters: 0 0 0

#Transform 26
Transform: AffineTransform_float_3_3
Parameters: 1 -0.000595079 -4.27299e-05 0.000595054 1 -0.000284026 4.30679e-05 0.000283974 1 0.0210125 0.131491 -0.0658735
FixedParameters: 0 0 0

#Transform 27
Transform: AffineTransform_float_3_3
Parameters: 0.999999 -0.000598324 -0.000530038 0.000597357 0.999999 -0.000911957 0.000531129 0.000912042 1 0.00399179 0.110887 -0.0915635
FixedParameters: 0 0 0

#Transform 28
Transform: AffineTransform_float_3_3
Parameters: 0.999999 -0.000673904 -0.000584755 0.000673583 0.999999 -0.00106039 0.000585792 0.00105961 1 0.00832412 0.0973582 -0.119872
FixedParameters: 0 0 0

#Transform 29
Transform: AffineTransform_float_3_3
Parameters: 1 -0.000406614 -7.68155e-05 0.00040696 0.999999 -0.00120303 7.6483e-05 0.00120297 1 -0.00384416 0.0940089 -0.0851252
FixedParameters: 0 0 0

#Transform 30
Transform: AffineTransform_float_3_3
Parameters: 0.999999 -0.000475194 -0.00058237 0.000473402 0.999999 -0.00120328 0.000582591 0.00120272 0.999999 -0.00954437 0.106361 -0.108356
FixedParameters: 0 0 0

#Transform 31
Transform: AffineTransform_float_3_3
Parameters: 1 -0.000536479 0.000102817 0.000536488 1 -4.59449e-05 -0.000102768 4.60552e-05 1 0.00459147 0.120753 -0.120421
FixedParameters: 0 0 0

#Transform 32
Transform: AffineTransform_float_3_3
Parameters: 0.999999 -0.000731214 0.000150859 0.000731279 0.999999 -0.00021589 -0.000150543 0.00021611 1 0.000356804 0.110768 -0.118744
FixedParameters: 0 0 0

#Transform 33
Transform: AffineTransform_float_3_3
Parameters: 1 -0.000412153 3.49232e-05 0.000412172 1 -0.000268986 -3.47014e-05 0.000269014 1 0.0100123 0.11846 -0.115981
FixedParameters: 0 0 0

#Transform 34
Transform: AffineTransform_float_3_3
Parameters: 0.999999 -0.000679895 0.000271702 0.000679836 0.999999 -0.000609815 -0.000271793 0.000610185 1 0.00684107 0.125149 -0.0659496
FixedParameters: 0 0 0

#Transform 35
Transform: AffineTransform_float_3_3
Parameters: 0.999999 -0.000772233 5.46315e-05 0.000772315 1 -0.000755471 -5.34646e-05 0.000755529 0.999999 0.0120037 0.121975 -0.0710116
FixedParameters: 0 0 0

#Transform 36
Transform: AffineTransform_float_3_3
Parameters: 1 -0.000660743 -3.87747e-05 0.000660725 1 -0.000227026 3.90747e-05 0.000226974 1 0.0224489 0.138445 -0.0690468
FixedParameters: 0 0 0

#Transform 37
Transform: AffineTransform_float_3_3
Parameters: 0.999999 -0.000597053 0.000466656 0.000597398 0.999999 -0.000370569 -0.000466213 0.000370431 1 0.00361422 0.132078 -0.0572419
FixedParameters: 0 0 0

#Transform 38
Transform: AffineTransform_float_3_3
Parameters: 1 -0.000193042 0.000294957 0.000193207 1 -0.00027879 -0.00029485 0.00027821 1 0.00246884 0.147748 -0.0624368
FixedParameters: 0 0 0

#Transform 39
Transform: AffineTransform_float_3_3
Parameters: 1 -0.000784899 0.00083714 0.000785032 1 -0.000862344 -0.000836314 0.000863658 1 0.0374208 0.118592 -0.0528006
FixedParameters: 0 0 0

#Transform 40
Transform: AffineTransform_float_3_3
Parameters: 0.999999 -0.000831444 7.58328e-05 0.000831431 0.999999 8.40629e-05 -7.59725e-05 -8.39367e-05 1 0.0399438 0.137145 -0.0617562
FixedParameters: 0 0 0

#Transform 41
Transform: AffineTransform_float_3_3
Parameters: 0.999999 -0.00104286 0.000723913 0.0010435 0.999999 -0.000712605 -0.000723346 0.000713395 0.999999 0.0375008 0.115651 -0.0496005
FixedParameters: 0 0 0

#Transform 42
Transform: AffineTransform_float_3_3
Parameters: 1 -0.000562157 -0.000118581 0.000562059 1 -0.000411067 0.000119043 0.000410933 1 0.032217 0.129902 -0.0744026
FixedParameters: 0 0 0

#Transform 43
Transform: AffineTransform_float_3_3
Parameters: 0.999999 -0.000887319 0.00020268 0.000887258 1 0.000151027 -0.000202948 -0.000149972 1 0.0480499 0.138598 -0.0698407
FixedParameters: 0 0 0

#Transform 44
Transform: AffineTransform_float_3_3
Parameters: 1 -0.00096785 0.000522204 0.000968347 1 -0.000476855 -0.000521281 0.000477145 1 0.0238926 0.113107 -0.0396872
FixedParameters: 0 0 0

#Transform 45
Transform: AffineTransform_float_3_3
Parameters: 0.999999 -0.000815591 0.000333339 0.000815714 0.999999 -0.000184728 -0.000333037 0.000185272 1 0.0416003 0.144456 -0.0663394
FixedParameters: 0 0 0

#Transform 46
Transform: AffineTransform_float_3_3
Parameters: 0.999999 -0.00106423 0.000712113 0.0010646 0.999999 -0.000537602 -0.000711888 0.000538399 0.999999 0.0388256 0.115692 -0.035069
FixedParameters: 0 0 0

#Transform 47
Transform: AffineTransform_float_3_3
Parameters: 0.999999 -0.00108903 0.000722749 0.00108951 0.999999 -0.000604573 -0.000722352 0.000605428 0.999999 0.0548836 0.121489 -0.0440714
FixedParameters: 0 0 0

#Transform 48
Transform: AffineTransform_float_3_3
Parameters: 0.999999 -0.00101667 0.000691331 0.00101682 0.999999 -0.000105504 -0.000691116 0.000105496 1 0.0398889 0.135124 -0.0567163
FixedParameters: 0 0 0

#Transform 49
Transform: AffineTransform_float_3_3
Parameters: 0.999999 -0.00121054 0.000774336 0.00121101 0.999999 -0.000552423 -0.000773917 0.000553578 0.999999 0.0330349 0.101911 -0.0262998
FixedParameters: 0 0 0

#Transform 50
Transform: AffineTransform_float_3_3
Parameters: 1 -0.0011176 0.000269543 0.0011178 0.999999 -0.000384059 -0.000268685 0.000383941 1 0.0480392 0.135902 -0.0570996
FixedParameters: 0 0 0

#Transform 51
Transform: AffineTransform_float_3_3
Parameters: 0.999999 -0.00118017 0.000761425 0.00118062 0.999999 -0.000552461 -0.00076104 0.000553539 0.999999 0.0521902 0.129039 -0.0395791
FixedParameters: 0 0 0

#Transform 52
Transform: AffineTransform_float_3_3
Parameters: 0.999999 -0.00126335 0.00056576 0.0012639 0.999999 -0.000834645 -0.00056457 0.000835354 0.999999 0.049998 0.116574 -0.0145796
FixedParameters: 0 0 0

#Transform 53
Transform: AffineTransform_float_3_3
Parameters: 1 -0.00111144 0.000445121 0.00111178 0.999999 -0.000384865 -0.000444265 0.000385135 1 0.0468121 0.134869 -0.0604945
FixedParameters: 0 0 0

#Transform 54
Transform: AffineTransform_float_3_3
Parameters: 0.999999 -0.00106894 0.000670442 0.00106945 1 -0.000383643 -0.000669621 0.000384357 1 0.0562435 0.138086 -0.0531677
FixedParameters: 0 0 0

#Transform 55
Transform: AffineTransform_float_3_3
Parameters: 0.999999 -0.00122476 0.000428995 0.00122499 0.999999 -0.000260835 -0.000428355 0.000261165 1 0.0307072 0.125047 -0.0410113
FixedParameters: 0 0 0

#Transform 56
Transform: AffineTransform_float_3_3
Parameters: 1 -0.00115267 0.000347934 0.00115261 1 9.20412e-05 -0.000348146 -9.19582e-05 1 0.0530929 0.150919 -0.0635436
FixedParameters: 0 0 0

#Transform 57
Transform: AffineTransform_float_3_3
Parameters: 0.999999 -0.00135045 0.000642097 0.00135079 0.999999 -0.000260493 -0.000641392 0.000261507 1 0.0550042 0.119275 -0.0445756
FixedParameters: 0 0 0

#Transform 58
Transform: AffineTransform_float_3_3
Parameters: 0.999999 -0.00131288 0.000730521 0.00131294 0.999999 -0.000310248 -0.000730626 0.000310753 1 0.0499084 0.124985 -0.0420879
FixedParameters: 0 0 0

#Transform 59
Transform: AffineTransform_float_3_3
Parameters: 0.999999 -0.00119884 0.00062556 0.00119883 0.999999 -0.00029961 -0.000625761 0.000300391 1 0.0533348 0.149312 -0.0626094
FixedParameters: 0 0 0

#Transform 60
Transform: AffineTransform_float_3_3
Parameters: 0.999999 -0.00140705 0.000386197 0.00140704 0.999999 -0.000495817 -0.000385722 0.000496184 1 0.04868 0.154117 -0.0466688
FixedParameters: 0 0 0

#Transform 61
Transform: AffineTransform_float_3_3
Parameters: 0.999998 -0.00180282 0.00108816 0.00180437 0.999998 -0.00107361 -0.00108613 0.00107539 0.999999 0.0622011 0.132736 -0.0225873
FixedParameters: 0 0 0

#Transform 62
Transform: AffineTransform_float_3_3
Parameters: 0.999999 -0.00131123 0.000568166 0.00131137 0.999999 -0.000461615 -0.000567875 0.000462386 1 0.0611988 0.144556 -0.0595197
FixedParameters: 0 0 0

#Transform 63
Transform: AffineTransform_float_3_3
Parameters: 0.999999 -0.00142348 0.00024513 0.00142456 0.999999 -0.000315011 -0.000244623 0.000314989 1 0.04648 0.153818 -0.0660911
FixedParameters: 0 0 0

#Transform 64
Transform: AffineTransform_float_3_3
Parameters: 0.999998 -0.00185367 0.000968863 0.00185433 0.999998 -0.000745924 -0.000967934 0.000748076 0.999999 0.0664066 0.126449 -0.0469839
FixedParameters: 0 0 0

#Transform 65
Transform: AffineTransform_float_3_3
Parameters: 0.999998 -0.00188839 0.000887291 0.00188877 0.999998 -0.000432045 -0.000886576 0.000433956 0.999999 0.0839819 0.146224 -0.0702667
FixedParameters: 0 0 0

#Transform 66
Transform: AffineTransform_float_3_3
Parameters: 0.999999 -0.00170076 0.000464332 0.0017007 0.999999 6.89175e-05 -0.000464565 -6.80817e-05 1 0.0725216 0.134057 -0.0612477
FixedParameters: 0 0 0

#Transform 67
Transform: AffineTransform_float_3_3
Parameters: 0.999998 -0.00213508 0.000953684 0.0021352 0.999998 -0.000267044 -0.00095346 0.000268958 0.999999 0.0836885 0.133841 -0.0535773
FixedParameters: 0 0 0

#Transform 68
Transform: AffineTransform_float_3_3
Parameters: 0.999998 -0.00179067 0.000807857 0.00179108 0.999998 -0.000490274 -0.000807019 0.000491727 0.999999 0.107985 0.149775 -0.0796093
FixedParameters: 0 0 0

#Transform 69
Transform: AffineTransform_float_3_3
Parameters: 0.999998 -0.0019675 0.00107437 0.00196826 0.999998 -0.000533814 -0.00107318 0.000535187 0.999999 0.106426 0.150021 -0.0693167
FixedParameters: 0 0 0

#Transform 70
Transform: AffineTransform_float_3_3
Parameters: 0.999997 -0.00203095 0.00138477 0.00203262 0.999997 -0.000882961 -0.00138302 0.000885038 0.999998 0.0839123 0.117608 -0.0402545
FixedParameters: 0 0 0

#Transform 71
Transform: AffineTransform_float_3_3
Parameters: 0.999999 -0.00170199 0.000686742 0.00170205 0.999999 -0.000614705 -0.000686488 0.000616298 0.999999 0.0774219 0.148349 -0.059729
FixedParameters: 0 0 0

#Transform 72
Transform: AffineTransform_float_3_3
Parameters: 0.999999 -0.00157097 0.00078783 0.00157181 0.999999 -0.000783482 -0.000786287 0.000784517 0.999999 0.0793084 0.144181 -0.0649214
FixedParameters: 0 0 0

#Transform 73
Transform: AffineTransform_float_3_3
Parameters: 0.999998 -0.0017214 0.00110332 0.00172281 0.999998 -0.000995028 -0.00110173 0.000995973 0.999999 0.0690242 0.122292 -0.0377835
FixedParameters: 0 0 0

#Transform 74
Transform: AffineTransform_float_3_3
Parameters: 0.999998 -0.00195101 0.000757882 0.00195157 0.999997 -0.000627242 -0.000756351 0.000628758 0.999999 0.0757575 0.14483 -0.0674
FixedParameters: 0 0 0

#Transform 75
Transform: AffineTransform_float_3_3
Parameters: 0.999998 -0.00187654 0.000503805 0.00187656 0.999998 -0.000795775 -0.000502658 0.000796225 0.999999 0.0739274 0.145215 -0.0764075
FixedParameters: 0 0 0

#Transform 76
Transform: AffineTransform_float_3_3
Parameters: 0.999998 -0.00196337 0.000642065 0.00196375 0.999998 -0.000910821 -0.000640328 0.000911181 0.999999 0.0625382 0.141906 -0.0579267
FixedParameters: 0 0 0

#Transform 77
Transform: AffineTransform_float_3_3
Parameters: 0.999998 -0.00214607 0.000846093 0.00214697 0.999997 -0.000994906 -0.000843658 0.000997095 1 0.0778933 0.12139 -0.0436322
FixedParameters: 0 0 0

#Transform 78
Transform: AffineTransform_float_3_3
Parameters: 0.999997 -0.00212094 0.00067258 0.00212139 0.999998 -0.000629654 -0.000670828 0.000630346 1 0.079124 0.153164 -0.0911604
FixedParameters: 0 0 0

#Transform 79
Transform: AffineTransform_float_3_3
Parameters: 0.999997 -0.00237754 0.001237 0.00237832 0.999997 -0.000629347 -0.00123584 0.000631655 0.999999 0.0866284 0.142254 -0.0603099
FixedParameters: 0 0 0

#Transform 80
Transform: AffineTransform_float_3_3
Parameters: 0.999996 -0.00249958 0.000781301 0.00249971 0.999997 -0.000585641 -0.00078021 0.000587362 0.999999 0.0936707 0.160286 -0.0775057
FixedParameters: 0 0 0

#Transform 81
Transform: AffineTransform_float_3_3
Parameters: 0.999998 -0.0019881 0.000387147 0.00198793 0.999997 -0.000785104 -0.000385865 0.000785897 0.999999 0.0769039 0.155944 -0.0828448
FixedParameters: 0 0 0

#Transform 82
Transform: AffineTransform_float_3_3
Parameters: 0.999998 -0.00177589 0.000893651 0.00177665 0.999998 -0.000864133 -0.000892419 0.000865867 0.999999 0.0668477 0.1396 -0.0533192
FixedParameters: 0 0 0

#Transform 83
Transform: AffineTransform_float_3_3
Parameters: 0.999999 -0.00148351 0.000446876 0.00148463 0.999999 -0.00110185 -0.000445835 0.00110315 0.999999 0.0464453 0.157012 -0.0960157
FixedParameters: 0 0 0

#Transform 84
Transform: AffineTransform_float_3_3
Parameters: 1 -0.000944203 0.000689563 0.00094562 0.999998 -0.00159471 -0.00068839 0.00159529 0.999998 0.0311427 0.13871 -0.044107
FixedParameters: 0 0 0

#Transform 85
Transform: AffineTransform_float_3_3
Parameters: 0.999999 -0.00167911 0.000613058 0.00168108 0.999997 -0.00181533 -0.000610108 0.00181667 0.999998 0.0659376 0.145116 -0.0328361
FixedParameters: 0 0 0

#Transform 86
Transform: AffineTransform_float_3_3
Parameters: 0.999998 -0.00184199 0.000368327 0.00184214 0.999997 -0.00126168 -0.000365518 0.00126232 0.999999 0.0670248 0.157785 -0.0595073
FixedParameters: 0 0 0

#Transform 87
Transform: AffineTransform_float_3_3
Parameters: 0.999999 -0.00126902 -2.69845e-05 0.00126909 0.999998 -0.00113704 2.76386e-05 0.00113697 1 0.0278137 0.162122 -0.0488873
FixedParameters: 0 0 0

#Transform 88
Transform: AffineTransform_float_3_3
Parameters: 0.999999 -0.0012157 0.000414789 0.00121609 0.999998 -0.00140586 -0.000413211 0.00140614 0.999999 0.0152792 0.154568 -0.0235033
FixedParameters: 0 0 0

#Transform 89
Transform: AffineTransform_float_3_3
Parameters: 1 -0.00070385 0.000988592 0.00070746 0.999996 -0.00288666 -0.000986889 0.00288734 0.999995 0.00325633 0.141103 -0.0485537
FixedParameters: 0 0 0

#Transform 90
Transform: AffineTransform_float_3_3
Parameters: 0.999999 -0.000823131 9.17813e-05 0.000822776 0.999997 -0.00234693 -8.97594e-05 0.00234708 0.999997 -0.00623679 0.153968 -0.0362607
FixedParameters: 0 0 0

#Transform 91
Transform: AffineTransform_float_3_3
Parameters: 1 -0.00102605 -0.000492392 0.0010247 0.999996 -0.00244966 0.000494793 0.00244934 0.999996 -0.00540892 0.150715 -0.0534302
FixedParameters: 0 0 0

#Transform 92
Transform: AffineTransform_float_3_3
Parameters: 1 -0.00114079 -0.000443796 0.00114008 0.999997 -0.00198766 0.000445707 0.00198734 0.999997 0.00347905 0.152031 -0.122598
FixedParameters: 0 0 0

#Transform 93
Transform: AffineTransform_float_3_3
Parameters: 0.999998 -0.00159275 8.16487e-05 0.0015928 0.999997 -0.00188439 -7.87978e-05 0.00188462 0.999998 0.0325917 0.158469 -0.124467
FixedParameters: 0 0 0

#Transform 94
Transform: AffineTransform_float_3_3
Parameters: 0.999999 -0.00156236 -0.000169772 0.00156221 0.999996 -0.00237778 0.000173658 0.00237722 0.999997 0.00694966 0.164625 -0.075542
FixedParameters: 0 0 0

#Transform 95
Transform: AffineTransform_float_3_3
Parameters: 0.999999 -0.00176194 -0.000309924 0.00176097 0.999994 -0.0028467 0.000314178 0.0028463 0.999996 -0.00260001 0.147065 -0.0224773
FixedParameters: 0 0 0

#Transform 96
Transform: AffineTransform_float_3_3
Parameters: 0.999999 -0.00126809 -0.000637223 0.00126644 0.999997 -0.00212596 0.000639988 0.00212504 0.999998 0.00597873 0.157286 -0.0152614
FixedParameters: 0 0 0

#Transform 97
Transform: AffineTransform_float_3_3
Parameters: 0.999999 -0.000529602 -0.00066188 0.000527291 0.999993 -0.00353299 0.000663522 0.00353301 0.999994 -0.038221 0.124347 -0.00294924
FixedParameters: 0 0 0

#Transform 98
Transform: AffineTransform_float_3_3
Parameters: 0.999998 -0.00170179 -0.000849838 0.00169868 0.999994 -0.00306739 0.000855023 0.0030666 0.999995 -0.00847102 0.13499 0.000412476
FixedParameters: 0 0 0

#Transform 99
Transform: AffineTransform_float_3_3
Parameters: 0.999997 -0.00154691 -0.00182865 0.0015403 0.999993 -0.00324805 0.00183318 0.00324595 0.999993 -0.00502293 0.130863 -0.0502813
FixedParameters: 0 0 0

#Transform 100
Transform: AffineTransform_float_3_3
Parameters: 0.999998 -0.00155496 -0.00131802 0.00155102 0.999992 -0.00348748 0.00132335 0.00348552 0.999993 0.00309702 0.134469 -0.0289265
FixedParameters: 0 0 0

#Transform 101
Transform: AffineTransform_float_3_3
Parameters: 0.999998 -0.00194057 -0.000772831 0.00193904 0.999993 -0.00294481 0.000778617 0.00294319 0.999995 -0.00578145 0.15684 0.0142858
FixedParameters: 0 0 0

#Transform 102
Transform: AffineTransform_float_3_3
Parameters: 0.999996 -0.00182049 -0.00189181 0.00181343 0.999992 -0.00349903 0.00189863 0.00349497 0.999992 -0.00535265 0.145723 -0.0112319
FixedParameters: 0 0 0

#Transform 103
Transform: AffineTransform_float_3_3
Parameters: 0.999998 -0.00160882 -0.001552 0.00160334 0.999993 -0.00316508 0.00155706 0.00316292 0.999994 -0.00616429 0.157323 0.00810882
FixedParameters: 0 0 0

#Transform 104
Transform: AffineTransform_float_3_3
Parameters: 0.999997 -0.0014032 -0.00203258 0.00139648 0.999993 -0.00349692 0.00203701 0.00349408 0.999992 -0.0425318 0.137135 0.013553
FixedParameters: 0 0 0

#Transform 105
Transform: AffineTransform_float_3_3
Parameters: 0.999997 -0.00153168 -0.0019983 0.00152494 0.999994 -0.00333129 0.00200351 0.00332872 0.999993 -0.010473 0.138343 -0.031635
FixedParameters: 0 0 0

#Transform 106
Transform: AffineTransform_float_3_3
Parameters: 0.999997 -0.00168954 -0.00171708 0.00168298 0.999991 -0.00370748 0.00172369 0.00370451 0.999991 -0.0377274 0.139092 0.0284296
FixedParameters: 0 0 0

#Transform 107
Transform: AffineTransform_float_3_3
Parameters: 0.999998 -0.000932061 -0.00214095 0.000924872 0.999993 -0.00361191 0.00214414 0.00361009 0.999991 -0.00807403 0.139991 -0.0727554
FixedParameters: 0 0 0

#Transform 108
Transform: AffineTransform_float_3_3
Parameters: 0.999999 -0.000515368 -0.00121851 0.000511143 0.999992 -0.00399727 0.00122027 0.00399673 0.999991 -0.0824051 0.143739 0.0199601
FixedParameters: 0 0 0

#Transform 109
Transform: AffineTransform_float_3_3
Parameters: 0.999998 -0.00101342 -0.00124945 0.00100831 0.99999 -0.00430306 0.00125357 0.00430194 0.999989 -0.0612218 0.147507 0.0341362
FixedParameters: 0 0 0

#Transform 110
Transform: AffineTransform_float_3_3
Parameters: 0.999998 -0.000597725 -0.00155862 0.000590691 0.99999 -0.00432021 0.00156102 0.00431979 0.99999 -0.0407028 0.131338 -0.0529573
FixedParameters: 0 0 0

#Transform 111
Transform: AffineTransform_float_3_3
Parameters: 0.999998 -0.00112589 -0.00151133 0.00111986 0.99999 -0.00429413 0.00151692 0.00429287 0.99999 -0.0590154 0.148865 -0.0393794
FixedParameters: 0 0 0

#Transform 112
Transform: AffineTransform_float_3_3
Parameters: 0.999999 -0.000595566 -0.00170427 0.000588552 0.999991 -0.00406014 0.00170726 0.00405886 0.999991 -0.0486645 0.147794 -0.0448237
FixedParameters: 0 0 0

#Transform 113
Transform: AffineTransform_float_3_3
Parameters: 0.999998 -0.000797789 -0.0014727 0.000791576 0.999991 -0.00416081 0.00147566 0.00415919 0.99999 -0.0596952 0.140519 -0.0091108
FixedParameters: 0 0 0

#Transform 114
Transform: AffineTransform_float_3_3
Parameters: 0.999998 -0.00105371 -0.00182965 0.00104579 0.99999 -0.00431684 0.00183427 0.00431516 0.99999 -0.0552494 0.146335 -0.00408043
FixedParameters: 0 0 0

#Transform 115
Transform: AffineTransform_float_3_3
Parameters: 0.999998 -0.000965019 -0.00138685 0.000959909 0.999993 -0.00388013 0.00138974 0.00387887 0.999992 -0.038599 0.157633 -0.0208051
FixedParameters: 0 0 0

#Transform 116
Transform: AffineTransform_float_3_3
Parameters: 0.999998 -0.00104027 -0.00131315 0.00103446 0.999991 -0.00401416 0.00131729 0.00401284 0.999991 -0.0671225 0.141422 0.00320069
FixedParameters: 0 0 0

#Transform 117
Transform: AffineTransform_float_3_3
Parameters: 0.999998 -0.00130095 -0.00192059 0.00129348 0.999991 -0.00399557 0.00192652 0.00399343 0.999991 -0.0432451 0.137455 -0.0707442
FixedParameters: 0 0 0

#Transform 118
Transform: AffineTransform_float_3_3
Parameters: 0.999998 -0.00160966 -0.00159079 0.00160249 0.999989 -0.00435715 0.00159758 0.00435486 0.999989 -0.0656899 0.13007 -0.00284467
FixedParameters: 0 0 0

#Transform 119
Transform: AffineTransform_float_3_3
Parameters: 0.999997 -0.00116523 -0.00178166 0.00115665 0.999989 -0.00450935 0.00178677 0.00450664 0.999988 -0.0592063 0.141213 -0.00825594
FixedParameters: 0 0 0

#Transform 120
Transform: AffineTransform_float_3_3
Parameters: 0.999999 -0.00121384 -0.000938023 0.00121 0.99999 -0.00435629 0.000943475 0.00435471 0.99999 -0.0490255 0.148678 0.0320319
FixedParameters: 0 0 0

#Transform 121
Transform: AffineTransform_float_3_3
Parameters: 0.999997 -0.00127119 -0.00219674 0.0012625 0.999992 -0.00389271 0.00220085 0.0038893 0.999991 -0.0241561 0.157145 -0.0108198
FixedParameters: 0 0 0

#Transform 122
Transform: AffineTransform_float_3_3
Parameters: 0.999998 -0.001108 -0.00180648 0.00110105 0.999991 -0.00385092 0.00181094 0.00384908 0.999991 -0.0363944 0.141208 0.00775704
FixedParameters: 0 0 0

#Transform 123
Transform: AffineTransform_float_3_3
Parameters: 0.999999 -0.00121698 -0.00140607 0.00121176 0.999992 -0.00386651 0.00141088 0.0038645 0.999992 -0.0498215 0.155285 0.0377119
FixedParameters: 0 0 0

#Transform 124
Transform: AffineTransform_float_3_3
Parameters: 0.999998 -0.00107638 -0.00182011 0.00107007 0.999993 -0.00364524 0.00182388 0.00364277 0.999992 -0.0450199 0.157205 -0.0238368
FixedParameters: 0 0 0

#Transform 125
Transform: AffineTransform_float_3_3
Parameters: 0.999999 -0.00121904 -0.00119857 0.00121495 0.999993 -0.00367825 0.00120334 0.00367675 0.999993 -0.0535552 0.160179 0.0426585
FixedParameters: 0 0 0

#Transform 126
Transform: AffineTransform_float_3_3
Parameters: 0.999998 -0.0010844 -0.00154468 0.00107894 0.999993 -0.00359931 0.00154788 0.00359669 0.999993 -0.0454511 0.170993 0.0212634
FixedParameters: 0 0 0

#Transform 127
Transform: AffineTransform_float_3_3
Parameters: 0.999997 -0.00122475 -0.00175639 0.00121772 0.999992 -0.00387058 0.00176087 0.00386842 0.999991 -0.0401358 0.154629 0.00446234
FixedParameters: 0 0 0

#Transform 128
Transform: AffineTransform_float_3_3
Parameters: 0.999998 -0.00172498 -0.00154218 0.00172006 0.999993 -0.00347361 0.00154734 0.0034704 0.999993 -0.0566204 0.159214 -0.00328906
FixedParameters: 0 0 0

#Transform 129
Transform: AffineTransform_float_3_3
Parameters: 0.999997 -0.00142492 -0.00167057 0.0014185 0.999992 -0.00377196 0.0016754 0.00377003 0.999991 -0.0429162 0.154701 -0.0282624
FixedParameters: 0 0 0

#Transform 130
Transform: AffineTransform_float_3_3
Parameters: 0.999997 -0.00126342 -0.00173977 0.00125637 0.999992 -0.00391263 0.00174466 0.00391037 0.999991 -0.0401062 0.153982 -0.0372313
FixedParameters: 0 0 0

#Transform 131
Transform: AffineTransform_float_3_3
Parameters: 0.999998 -0.00150256 -0.00148728 0.00149719 0.999993 -0.00357218 0.0014925 0.00356982 0.999992 -0.0619937 0.167416 0.0180362
FixedParameters: 0 0 0

#Transform 132
Transform: AffineTransform_float_3_3
Parameters: 0.999997 -0.000922911 -0.0019131 0.000915767 0.999992 -0.00378904 0.00191694 0.00378696 0.999991 -0.0723332 0.172624 0.0128587
FixedParameters: 0 0 0

#Transform 133
Transform: AffineTransform_float_3_3
Parameters: 0.999998 -0.000655128 -0.00189951 0.000648968 0.999994 -0.00341852 0.00190215 0.00341748 0.999992 -0.0773479 0.187576 0.0337385
FixedParameters: 0 0 0

#Transform 134
Transform: AffineTransform_float_3_3
Parameters: 0.999998 -0.00103041 -0.00178004 0.00102428 0.999994 -0.00342026 0.00178341 0.00341874 0.999992 -0.0387132 0.203706 0.0244893
FixedParameters: 0 0 0

#Transform 135
Transform: AffineTransform_float_3_3
Parameters: 0.999998 -0.00089021 -0.00186082 0.000884765 0.999995 -0.00308893 0.00186264 0.00308707 0.999994 -0.0544787 0.179914 0.0171127
FixedParameters: 0 0 0

#Transform 136
Transform: AffineTransform_float_3_3
Parameters: 0.999999 -0.000940342 -0.00109092 0.000936733 0.999994 -0.00315867 0.00109437 0.00315733 0.999995 -0.0628462 0.198339 0.0301654
FixedParameters: 0 0 0

#Transform 137
Transform: AffineTransform_float_3_3
Parameters: 0.999998 -0.00107635 -0.00153737 0.0010722 0.999994 -0.00331745 0.00154084 0.00331556 0.999993 -0.0426644 0.185124 0.00390749
FixedParameters: 0 0 0

#Transform 138
Transform: AffineTransform_float_3_3
Parameters: 0.999999 -0.00127648 -0.00135067 0.00127214 0.999995 -0.00301752 0.00135456 0.00301548 0.999995 -0.0415133 0.180365 -0.00905548
FixedParameters: 0 0 0

#Transform 139
Transform: AffineTransform_float_3_3
Parameters: 0.999997 -0.00140259 -0.00162946 0.00139712 0.999994 -0.00312772 0.00163403 0.00312528 0.999994 -0.0558504 0.185779 0.0118703
FixedParameters: 0 0 0

#Transform 140
Transform: AffineTransform_float_3_3
Parameters: 0.999999 -0.00116462 -0.00138445 0.00116028 0.999995 -0.00294404 0.0013875 0.00294295 0.999995 -0.0521895 0.181741 -0.00641325
FixedParameters: 0 0 0

#Transform 141
Transform: AffineTransform_float_3_3
Parameters: 0.999998 -0.00102849 -0.00123046 0.00102475 0.999994 -0.00322506 0.0012342 0.00322394 0.999994 -0.0541958 0.211068 -0.00753836
FixedParameters: 0 0 0

#Transform 142
Transform: AffineTransform_float_3_3
Parameters: 0.999997 -0.000804492 -0.00201611 0.000797778 0.999993 -0.00358554 0.00201965 0.00358446 0.999992 -0.089334 0.199079 0.0213075
FixedParameters: 0 0 0

#Transform 143
Transform: AffineTransform_float_3_3
Parameters: 0.999998 -0.000674458 -0.00175423 0.000666099 0.99999 -0.00447846 0.00175711 0.00447754 0.999989 -0.095703 0.182423 0.0153086
FixedParameters: 0 0 0

#Transform 144
Transform: AffineTransform_float_3_3
Parameters: 0.999997 -0.00112386 -0.0018008 0.00111688 0.999992 -0.00376245 0.00180426 0.00376055 0.999991 -0.0553801 0.175365 0.0230082
FixedParameters: 0 0 0

#Transform 145
Transform: AffineTransform_float_3_3
Parameters: 0.999997 -0.00139175 -0.00160442 0.00138686 0.999993 -0.00357203 0.00160937 0.00356898 0.999992 -0.063172 0.18456 0.0387097
FixedParameters: 0 0 0

#Transform 146
Transform: AffineTransform_float_3_3
Parameters: 0.999999 -0.00121484 -0.00119174 0.00121067 0.999993 -0.00356924 0.00119529 0.00356776 0.999993 -0.040348 0.191419 -0.00851178
FixedParameters: 0 0 0

#Transform 147
Transform: AffineTransform_float_3_3
Parameters: 0.999998 -0.00145146 -0.00142861 0.00144628 0.999992 -0.00365302 0.00143369 0.00365098 0.999992 -0.0626641 0.186404 0.0258297
FixedParameters: 0 0 0

#Transform 148
Transform: AffineTransform_float_3_3
Parameters: 0.999999 -0.00106982 -0.00135285 0.0010649 0.999993 -0.00370824 0.0013575 0.00370676 0.999992 -0.0418591 0.199642 -0.00352609
FixedParameters: 0 0 0

#Transform 149
Transform: AffineTransform_float_3_3
Parameters: 0.999998 -0.00120936 -0.00157703 0.00120349 0.999993 -0.00365234 0.00158126 0.00365066 0.999993 -0.0526649 0.185383 0.0262085
FixedParameters: 0 0 0

#Transform 150
Transform: AffineTransform_float_3_3
Parameters: 0.999997 -0.00144024 -0.00156512 0.00143516 0.999993 -0.00359484 0.00156957 0.00359316 0.999993 -0.0691888 0.184874 0.0735114
FixedParameters: 0 0 0

#Transform 151
Transform: AffineTransform_float_3_3
Parameters: 0.999999 -0.000873041 -0.00162728 0.000863624 0.999982 -0.00587585 0.00163227 0.00587515 0.999981 -0.118551 0.162579 0.0409979
FixedParameters: 0 0 0

#Transform 152
Transform: AffineTransform_float_3_3
Parameters: 0.999995 -0.00168232 -0.00241066 0.00167187 0.999989 -0.00440177 0.00241758 0.00439724 0.999988 -0.0559258 0.17108 0.0300142
FixedParameters: 0 0 0

#Transform 153
Transform: AffineTransform_float_3_3
Parameters: 0.999991 -0.000803675 -0.00414783 0.00078473 0.999989 -0.00462681 0.00415235 0.00462319 0.999981 0.00477773 0.17759 -0.27468
FixedParameters: 0 0 0

#Transform 154
Transform: AffineTransform_float_3_3
Parameters: 0.999996 -0.00124826 -0.0027267 0.00123725 0.999991 -0.00421111 0.00273208 0.00420789 0.999987 -0.0747786 0.203173 0.0128762
FixedParameters: 0 0 0

#Transform 155
Transform: AffineTransform_float_3_3
Parameters: 0.999996 -0.00165204 -0.00235746 0.00164159 0.999991 -0.00411311 0.00236394 0.00410889 0.999988 -0.0907311 0.203415 0.0262201
FixedParameters: 0 0 0

#Transform 156
Transform: AffineTransform_float_3_3
Parameters: 0.999996 -0.00127115 -0.00252103 0.00126109 0.999992 -0.00392391 0.00252574 0.00392109 0.999989 -0.0699728 0.214923 0.00637596
FixedParameters: 0 0 0

#Transform 157
Transform: AffineTransform_float_3_3
Parameters: 0.999996 -0.00136931 -0.00238091 0.00135954 0.99999 -0.00409196 0.00238686 0.00408903 0.999989 -0.0924898 0.195845 0.0243035
FixedParameters: 0 0 0

#Transform 158
Transform: AffineTransform_float_3_3
Parameters: 0.999996 -0.0012787 -0.0025177 0.00126826 0.99999 -0.00436878 0.00252282 0.00436523 0.999988 -0.0751441 0.220059 -0.0286171
FixedParameters: 0 0 0

#Transform 159
Transform: AffineTransform_float_3_3
Parameters: 0.999995 -0.00132865 -0.00311009 0.00131426 0.999988 -0.00467896 0.0031162 0.00467505 0.999985 -0.0875384 0.198215 -0.025768
FixedParameters: 0 0 0

#Transform 160
Transform: AffineTransform_float_3_3
Parameters: 0.999996 -0.00156037 -0.00263267 0.00154792 0.999988 -0.00483296 0.00263998 0.00482904 0.999984 -0.105739 0.185972 0.0249655
FixedParameters: 0 0 0

#Transform 161
Transform: AffineTransform_float_3_3
Parameters: 0.999996 -0.0015595 -0.00239673 0.00154819 0.999987 -0.00498896 0.0024036 0.00498505 0.999984 -0.0984719 0.206789 0.0289543
FixedParameters: 0 0 0

#Transform 162
Transform: AffineTransform_float_3_3
Parameters: 0.999994 -0.00170535 -0.00279783 0.00169237 0.999988 -0.00480727 0.00280606 0.00480274 0.999985 -0.0957632 0.199419 0.0284885
FixedParameters: 0 0 0

#Transform 163
Transform: AffineTransform_float_3_3
Parameters: 0.999994 -0.00163562 -0.00325354 0.00162068 0.999989 -0.00449694 0.003261 0.00449206 0.999985 -0.0984213 0.197992 0.0232388
FixedParameters: 0 0 0

#Transform 164
Transform: AffineTransform_float_3_3
Parameters: 0.999996 -0.0012937 -0.00271155 0.00128291 0.99999 -0.0041217 0.00271617 0.0041183 0.999988 -0.0808368 0.200575 0.000665963
FixedParameters: 0 0 0

#Transform 165
Transform: AffineTransform_float_3_3
Parameters: 0.999994 -0.00135561 -0.00326178 0.00134008 0.999989 -0.00463624 0.00326802 0.00463176 0.999984 -0.124147 0.197301 0.0380695
FixedParameters: 0 0 0

#Transform 166
Transform: AffineTransform_float_3_3
Parameters: 0.999994 -0.0016832 -0.00278335 0.00166971 0.999986 -0.00492318 0.00279176 0.00491882 0.999984 -0.110762 0.197604 0.0432059
FixedParameters: 0 0 0

#Transform 167
Transform: AffineTransform_float_3_3
Parameters: 0.999995 -0.00154845 -0.0027196 0.00153652 0.999989 -0.00441456 0.0027259 0.00441045 0.999987 -0.106207 0.19448 0.018391
FixedParameters: 0 0 0

#Transform 168
Transform: AffineTransform_float_3_3
Parameters: 0.999995 -0.0018989 -0.00248322 0.00188796 0.999989 -0.00418557 0.00249161 0.00418042 0.999988 -0.10825 0.194754 0.0468961
FixedParameters: 0 0 0

#Transform 169
Transform: AffineTransform_float_3_3
Parameters: 0.999994 -0.00191444 -0.00264634 0.00190319 0.99999 -0.00416157 0.00265437 0.00415644 0.999988 -0.108949 0.202883 0.030478
FixedParameters: 0 0 0

#Transform 170
Transform: AffineTransform_float_3_3
Parameters: 0.999994 -0.00188659 -0.00272147 0.00187642 0.99999 -0.00408964 0.00272954 0.00408437 0.999988 -0.0910101 0.19831 0.0179959
FixedParameters: 0 0 0

#Transform 171
Transform: AffineTransform_float_3_3
Parameters: 0.999995 -0.00191468 -0.00250169 0.00190488 0.99999 -0.00392765 0.00250923 0.00392235 0.999989 -0.103086 0.209249 0.0394065
FixedParameters: 0 0 0

#Transform 172
Transform: AffineTransform_float_3_3
Parameters: 0.999995 -0.0017895 -0.00269998 0.00177869 0.99999 -0.00416833 0.00270662 0.00416367 0.999988 -0.114882 0.179976 0.0315416
FixedParameters: 0 0 0

#Transform 173
Transform: AffineTransform_float_3_3
Parameters: 0.999997 -0.0014018 -0.00203068 0.00139355 0.999991 -0.00410328 0.0020364 0.00409973 0.999989 -0.0952001 0.187326 0.0207555
FixedParameters: 0 0 0

#Transform 174
Transform: AffineTransform_float_3_3
Parameters: 0.999996 -0.00158801 -0.00239272 0.00157892 0.999991 -0.0038495 0.00239876 0.00384549 0.999989 -0.117798 0.189949 0.0522738
FixedParameters: 0 0 0

#Transform 175
Transform: AffineTransform_float_3_3
Parameters: 0.999996 -0.00144029 -0.00247014 0.00142974 0.999991 -0.00410362 0.00247669 0.00409938 0.999988 -0.101747 0.201116 0.0264804
FixedParameters: 0 0 0

#Transform 176
Transform: AffineTransform_float_3_3
Parameters: 0.999995 -0.0016267 -0.00249798 0.00161671 0.999991 -0.00386777 0.00250438 0.00386323 0.99999 -0.0941785 0.197913 0.0223349
FixedParameters: 0 0 0

#Transform 177
Transform: AffineTransform_float_3_3
Parameters: 0.999994 -0.00184776 -0.00267511 0.00183733 0.999991 -0.0039636 0.00268187 0.00395941 0.999988 -0.110976 0.198206 0.0339407
FixedParameters: 0 0 0

#Transform 178
Transform: AffineTransform_float_3_3
Parameters: 0.999994 -0.00187593 -0.00266285 0.00186438 0.999989 -0.00419149 0.00267068 0.00418651 0.999988 -0.110021 0.198754 0.0486852
FixedParameters: 0 0 0

#Transform 179
Transform: AffineTransform_float_3_3
Parameters: 0.999995 -0.00178186 -0.0028428 0.00177168 0.999991 -0.00375621 0.00284922 0.0037518 0.999989 -0.104081 0.205146 0.0321467
FixedParameters: 0 0 0
