#Insight Transform File V1.0
#Transform 0
Transform: AffineTransform_float_3_3
Parameters: 0.999999 -0.000264488 0.000681705 0.000263629 1 -0.00033082 -0.00068206 0.00033118 0.999999 0.0602085 -0.395532 -0.532783
FixedParameters: 0 0 0

#Transform 1
Transform: AffineTransform_float_3_3
Parameters: 0.999999 0.000723588 -0.000536951 -0.000723856 0.999999 -0.000613611 0.000536983 0.000614388 0.999999 -0.013579 0.095183 -0.00181907
FixedParameters: 0 0 0

#Transform 2
Transform: AffineTransform_float_3_3
Parameters: 1 0.000448639 -0.000534288 -0.000449527 1 -0.00083212 0.00053354 0.00083188 0.999999 -0.00548706 0.0946313 0.0190238
FixedParameters: 0 0 0

#Transform 3
Transform: AffineTransform_float_3_3
Parameters: 0.999999 0.000682636 -0.000633434 -0.000683145 0.999999 -0.000401414 0.000632886 0.000401584 1 0.0133451 0.149414 -0.00839214
FixedParameters: 0 0 0

#Transform 4
Transform: AffineTransform_float_3_3
Parameters: 0.999999 0.00073883 -0.000501089 -0.000739483 1 -0.000651989 0.000500125 0.00065201 0.999999 0.00819207 0.138835 0.044205
FixedParameters: 0 0 0

#Transform 5
Transform: AffineTransform_float_3_3
Parameters: 1 0.000447621 -0.000452368 -0.00044801 0.999999 -0.000861797 0.000452517 0.000862202 0.999999 -0.0164895 0.117035 0.0337388
FixedParameters: 0 0 0

#Transform 6
Transform: AffineTransform_float_3_3
Parameters: 0.999999 0.000588488 -0.000593813 -0.000589511 0.999999 -0.000861857 0.000592798 0.000861142 0.999999 0.0202904 0.12451 0.0116409
FixedParameters: 0 0 0

#Transform 7
Transform: AffineTransform_float_3_3
Parameters: 0.999999 0.000899028 -0.000864614 -0.000900091 0.999999 -0.00137443 0.00086267 0.00137457 0.999999 -0.00958281 0.133459 0.0371061
FixedParameters: 0 0 0

#Transform 8
Transform: AffineTransform_float_3_3
Parameters: 1 0.000562782 -0.000414243 -0.000562898 0.999999 -0.000611766 0.000414474 0.000612233 0.999999 -0.0150297 0.137301 0.0400279
FixedParameters: 0 0 0

#Transform 9
Transform: AffineTransform_float_3_3
Parameters: 1 0.00051966 -0.000303543 -0.000520031 0.999999 -0.000611842 0.000302907 0.000612157 1 0.0256078 0.146995 0.0356206
FixedParameters: 0 0 0

#Transform 10
Transform: AffineTransform_float_3_3
Parameters: 1 0.00045247 -0.000461719 -0.00045281 0.999999 -0.000368638 0.000461385 0.000368361 1 0.0182249 0.147187 0.0365404
FixedParameters: 0 0 0

#Transform 11
Transform: AffineTransform_float_3_3
Parameters: 0.999999 0.000517768 -0.000671634 -0.000517649 1 8.93478e-05 0.000671726 -8.86523e-05 1 0.00415952 0.141867 0.0488621
FixedParameters: 0 0 0

#Transform 12
Transform: AffineTransform_float_3_3
Parameters: 0.999999 0.000569595 -0.000646853 -0.000569383 1 0.000164368 0.000647039 -0.000163632 1 -0.00224836 0.146785 0.044344
FixedParameters: 0 0 0

#Transform 13
Transform: AffineTransform_float_3_3
Parameters: 0.999999 0.000831518 -0.00131275 -0.00083087 1 0.000395884 0.00131249 -0.000395116 0.999999 0.0486684 0.150042 0.0172473
FixedParameters: 0 0 0

#Transform 14
Transform: AffineTransform_float_3_3
Parameters: 0.999999 0.000515193 -0.000813721 -0.000514644 1 0.000337419 0.000814068 -0.000336581 0.999999 0.0131002 0.152891 0.0185847
FixedParameters: 0 0 0

#Transform 15
Transform: AffineTransform_float_3_3
Parameters: 1 0.000579934 -0.000942424 -0.000580659 0.999999 0.0001037 0.000942934 -0.000103301 0.999999 0.0365838 0.162478 -0.00424381
FixedParameters: 0 0 0

#Transform 16
Transform: AffineTransform_float_3_3
Parameters: 1 0.000678163 -0.000810517 -0.000678344 0.999999 -0.000111297 0.000810366 0.000111702 1 0.00967235 0.144677 0.0220827
FixedParameters: 0 0 0

#Transform 17
Transform: AffineTransform_float_3_3
Parameters: 1 0.000458475 -0.000447771 -0.000458527 1 -5.77946e-05 0.000447717 5.82052e-05 1 0.00694479 0.167206 0.0299031
FixedParameters: 0 0 0

#Transform 18
Transform: AffineTransform_float_3_3
Parameters: 1 0.000458435 -0.000447811 -0.000458567 1 -0.000146795 0.000447677 0.000147205 1 0.0254416 0.163692 0.0132247
FixedParameters: 0 0 0

#Transform 19
Transform: AffineTransform_float_3_3
Parameters: 1 0.000660093 -0.000812406 -0.000659924 0.999999 0.000103689 0.000812543 -0.000103311 1 0.024561 0.162386 0.0149886
FixedParameters: 0 0 0

#Transform 20
Transform: AffineTransform_float_3_3
Parameters: 0.999999 0.000445016 -0.000659043 -0.000444563 1 0.000343293 0.000659348 -0.000342707 0.999999 0.00562697 0.172142 0.0319159
FixedParameters: 0 0 0

#Transform 21
Transform: AffineTransform_float_3_3
Parameters: 0.999999 0.00034403 -0.000717445 -0.000344003 1 1.92469e-05 0.000717458 -1.87533e-05 0.999999 0.0250763 0.168493 0.0122691
FixedParameters: 0 0 0

#Transform 22
Transform: AffineTransform_float_3_3
Parameters: 1 0.000192915 -0.00107367 -0.000193613 1 0.000103361 0.0010741 -0.00010364 0.999999 0.0127329 0.168441 0.0368532
FixedParameters: 0 0 0

#Transform 23
Transform: AffineTransform_float_3_3
Parameters: 0.999999 0.000253073 -0.000931903 -0.00025288 1 0.000103388 0.000931955 -0.000103612 0.999999 0.00514044 0.161865 0.0392131
FixedParameters: 0 0 0

#Transform 24
Transform: AffineTransform_float_3_3
Parameters: 1 0.000405811 -0.00057197 -0.000406084 1 0.000103232 0.000571133 -0.000102768 1 0.0106019 0.162341 0.0322782
FixedParameters: 0 0 0

#Transform 25
Transform: AffineTransform_float_3_3
Parameters: 0.999999 0.000301192 -0.000818649 -0.0003018 1 0.000191247 0.000819155 -0.000190753 0.999999 0.0118049 0.169651 0.0356002
FixedParameters: 0 0 0

#Transform 26
Transform: AffineTransform_float_3_3
Parameters: 1 0.000223525 -0.001001 -0.000223818 1 -0.000146623 0.00100094 0.000146376 0.999999 0.0253742 0.173798 0.0533449
FixedParameters: 0 0 0

#Transform 27
Transform: AffineTransform_float_3_3
Parameters: 1 0.000218697 -0.00101291 -0.000218487 1 0.000103374 0.00101296 -0.000103626 0.999999 -0.0101635 0.167281 0.06014
FixedParameters: 0 0 0

#Transform 28
Transform: AffineTransform_float_3_3
Parameters: 0.999999 0.000300525 -0.000819672 -0.000300766 1 -0.000146753 0.000819583 0.000147246 0.999999 -0.00649055 0.161751 0.059066
FixedParameters: 0 0 0

#Transform 29
Transform: AffineTransform_float_3_3
Parameters: 1 0.000236373 -0.000971463 -0.000236897 1 0.00020423 0.00097195 -0.00020377 0.999999 0.0319679 0.174791 0.056894
FixedParameters: 0 0 0

#Transform 30
Transform: AffineTransform_float_3_3
Parameters: 0.999999 0.000258151 -0.000919936 -0.00025796 1 0.00010339 0.000919989 -0.00010361 1 -0.00525342 0.157479 0.0640531
FixedParameters: 0 0 0

#Transform 31
Transform: AffineTransform_float_3_3
Parameters: 0.999999 0.000199803 -0.000796322 -0.000199639 1 0.000103159 0.000796363 -0.000102841 0.999999 -0.00507399 0.174534 0.0799956
FixedParameters: 0 0 0

#Transform 32
Transform: AffineTransform_float_3_3
Parameters: 0.999999 5.41187e-05 -0.000734619 -5.44434e-05 1 -0.00022096 0.000734595 0.00022104 0.999999 0.0125959 0.157336 0.0632227
FixedParameters: 0 0 0

#Transform 33
Transform: AffineTransform_float_3_3
Parameters: 1 -0.000182308 -0.000647207 0.000182442 1 0.000102882 0.00064717 -0.000103118 1 -0.00562511 0.165152 0.0604613
FixedParameters: 0 0 0

#Transform 34
Transform: AffineTransform_float_3_3
Parameters: 1 -8.54268e-05 -0.000677456 8.55664e-05 1 0.000102942 0.000677439 -0.000103058 1 0.00702292 0.16486 0.0652187
FixedParameters: 0 0 0

#Transform 35
Transform: AffineTransform_float_3_3
Parameters: 0.999999 -0.000271373 -0.000857091 0.00027155 1 0.000102767 0.000857035 -0.000103233 0.999999 -0.0164104 0.173341 0.0982084
FixedParameters: 0 0 0

#Transform 36
Transform: AffineTransform_float_3_3
Parameters: 1 -5.56792e-05 -0.000348961 5.58767e-05 1 0.00028298 0.000348929 -0.000283019 1 -0.0101919 0.163229 0.0795582
FixedParameters: 0 0 0

#Transform 37
Transform: AffineTransform_float_3_3
Parameters: 1 -0.000283426 -0.000885647 0.000283723 1 0.000167749 0.000885552 -0.000168251 0.999999 -0.00973399 0.165673 0.0798956
FixedParameters: 0 0 0

#Transform 38
Transform: AffineTransform_float_3_3
Parameters: 1 -0.000503127 -0.000159102 0.00050316 1 0.00010292 0.000158998 -0.00010308 1 -0.00815939 0.166209 0.0779388
FixedParameters: 0 0 0

#Transform 39
Transform: AffineTransform_float_3_3
Parameters: 1 -0.000609028 -0.000113971 0.000608974 1 -0.00023707 0.00011426 0.000236931 1 -0.00801814 0.152667 0.0831264
FixedParameters: 0 0 0

#Transform 40
Transform: AffineTransform_float_3_3
Parameters: 1 -0.000330237 -0.000432316 0.000330129 1 -0.000125143 0.000432398 0.000124857 1 -0.0116398 0.154338 0.0830364
FixedParameters: 0 0 0

#Transform 41
Transform: AffineTransform_float_3_3
Parameters: 0.999999 -9.99727e-05 -0.000977663 9.99278e-05 1 -2.30977e-05 0.000977667 2.29022e-05 0.999999 0.0101665 0.159301 0.0490635
FixedParameters: 0 0 0

#Transform 42
Transform: AffineTransform_float_3_3
Parameters: 1 -0.000608902 -0.000114644 0.000609491 0.999999 0.000866929 0.000114508 -0.000867069 0.999999 -0.00802706 0.180672 0.0731962
FixedParameters: 0 0 0

#Transform 43
Transform: AffineTransform_float_3_3
Parameters: 0.999999 -0.000671843 -0.000262486 0.000671975 0.999999 0.000250823 0.000262148 -0.000251176 1 -0.00825797 0.156049 0.0830256
FixedParameters: 0 0 0

#Transform 44
Transform: AffineTransform_float_3_3
Parameters: 0.999999 -0.000482271 -0.000793681 0.000482587 1 0.000198617 0.000793489 -0.000199383 0.999999 -0.00216752 0.166704 0.0796129
FixedParameters: 0 0 0

#Transform 45
Transform: AffineTransform_float_3_3
Parameters: 1 -0.000306469 -0.000358804 0.000306612 1 0.00019889 0.000358682 -0.00019911 1 -0.00885497 0.180059 0.0950295
FixedParameters: 0 0 0

#Transform 46
Transform: AffineTransform_float_3_3
Parameters: 1 -0.000516 -0.000153682 0.000516061 1 0.000198921 0.000153477 -0.000199079 1 -0.0201002 0.163613 0.101702
FixedParameters: 0 0 0

#Transform 47
Transform: AffineTransform_float_3_3
Parameters: 1 -0.000264725 -0.000260257 0.00026474 1 2.89311e-05 0.000260242 -2.90689e-05 1 -0.000375391 0.162623 0.101856
FixedParameters: 0 0 0

#Transform 48
Transform: AffineTransform_float_3_3
Parameters: 1 -0.000396344 -0.000570504 0.000396474 1 0.000113621 0.000570414 -0.000113379 0.999999 -0.00127572 0.164957 0.131202
FixedParameters: 0 0 0

#Transform 49
Transform: AffineTransform_float_3_3
Parameters: 1 -0.000423021 -0.000193128 0.000423098 1 0.000198918 0.000192959 -0.000199082 1 -0.0154044 0.176509 0.134854
FixedParameters: 0 0 0

#Transform 50
Transform: AffineTransform_float_3_3
Parameters: 1 -0.000613078 -0.000787071 0.000612471 1 0.000198518 0.000787217 -0.000199483 0.999999 0.0112398 0.17182 0.119134
FixedParameters: 0 0 0

#Transform 51
Transform: AffineTransform_float_3_3
Parameters: 1 -0.000444724 -0.000505456 0.000444925 1 0.000198775 0.000505279 -0.000199225 1 0.00126595 0.157259 0.0881163
FixedParameters: 0 0 0

#Transform 52
Transform: AffineTransform_float_3_3
Parameters: 0.999999 -0.000783191 -0.000266273 0.000783297 0.999999 0.000198791 0.000265961 -0.000199208 1 -0.00705481 0.178534 0.115069
FixedParameters: 0 0 0

#Transform 53
Transform: AffineTransform_float_3_3
Parameters: 1 -0.000526126 -0.000364467 0.000526271 1 0.000198808 0.000364258 -0.000199192 1 -0.00749658 0.16996 0.11867
FixedParameters: 0 0 0

#Transform 54
Transform: AffineTransform_float_3_3
Parameters: 1 -0.000583597 -0.000367431 0.000583539 0.999999 0.000640785 0.000367995 -0.000641214 0.999999 -0.00737936 0.168094 0.112407
FixedParameters: 0 0 0

#Transform 55
Transform: AffineTransform_float_3_3
Parameters: 0.999999 -0.000787038 -0.000275646 0.000787265 0.999999 0.000411783 0.000274997 -0.000412216 1 0.0126483 0.175749 0.10686
FixedParameters: 0 0 0

#Transform 56
Transform: AffineTransform_float_3_3
Parameters: 0.999999 -0.000819809 -0.000353024 0.000820136 0.999999 0.00046271 0.000352264 -0.000463289 1 0.00985904 0.176815 0.100934
FixedParameters: 0 0 0

#Transform 57
Transform: AffineTransform_float_3_3
Parameters: 1 -0.000573181 -0.000385788 0.000572425 1 0.000212779 0.000385935 -0.000213221 1 0.000600057 0.1829 0.0879816
FixedParameters: 0 0 0

#Transform 58
Transform: AffineTransform_float_3_3
Parameters: 0.999999 -0.000670281 -0.000620674 0.000670135 0.999999 0.000623584 0.000620228 -0.000624415 0.999999 0.00239637 0.190972 0.111244
FixedParameters: 0 0 0

#Transform 59
Transform: AffineTransform_float_3_3
Parameters: 1 -0.000622705 0.000111922 0.000622602 0.999999 0.000463069 -0.000112499 -0.00046293 1 -0.00113332 0.180259 0.0953834
FixedParameters: 0 0 0

#Transform 60
Transform: AffineTransform_float_3_3
Parameters: 1 -0.000622602 0.000112493 0.000622704 0.999999 -0.00045393 -0.000111928 0.00045407 1 -0.0240309 0.179212 0.0937045
FixedParameters: 0 0 0

#Transform 61
Transform: AffineTransform_float_3_3
Parameters: 0.999999 -0.000579971 -0.000429503 0.000579908 1 -7.42492e-05 0.000429589 7.37509e-05 1 -0.00984198 0.172659 0.0959016
FixedParameters: 0 0 0

#Transform 62
Transform: AffineTransform_float_3_3
Parameters: 0.999999 -0.000815647 -0.000342586 0.000815703 1 8.25677e-05 0.000342451 -8.24318e-05 1 -0.0247169 0.174126 0.0839758
FixedParameters: 0 0 0

#Transform 63
Transform: AffineTransform_float_3_3
Parameters: 0.999999 -0.000753891 -0.000197263 0.000753988 1 0.000244698 0.000196895 -0.000244301 1 0.0442249 0.176316 0.0633737
FixedParameters: 0 0 0

#Transform 64
Transform: AffineTransform_float_3_3
Parameters: 0.999999 -0.000785175 -0.000270784 0.00078522 0.999999 8.27872e-05 0.000270654 -8.32124e-05 1 -0.00101532 0.181037 0.0924636
FixedParameters: 0 0 0

#Transform 65
Transform: AffineTransform_float_3_3
Parameters: 0.999999 -0.000798457 -0.000302083 0.000798507 0.999999 8.27586e-05 0.00030195 -8.32409e-05 1 -0.0128099 0.169516 0.0850276
FixedParameters: 0 0 0

#Transform 66
Transform: AffineTransform_float_3_3
Parameters: 1 -0.000863421 -0.000454676 0.000863269 1 -0.000167545 0.000454965 0.000167455 0.999999 0.0058955 0.157327 0.076373
FixedParameters: 0 0 0

#Transform 67
Transform: AffineTransform_float_3_3
Parameters: 1 -0.000918682 -0.000587295 0.000918837 1 0.000916309 0.000586002 -0.000916692 0.999999 -0.00330433 0.193871 0.114449
FixedParameters: 0 0 0

#Transform 68
Transform: AffineTransform_float_3_3
Parameters: 1 -0.000876504 -0.000486344 0.000876755 1 0.000258421 0.000485891 -0.000258578 0.999999 -0.025486 0.172965 0.118668
FixedParameters: 0 0 0

#Transform 69
Transform: AffineTransform_float_3_3
Parameters: 1 -0.00102553 -0.000512061 0.00102562 0.999999 8.2322e-05 0.000511891 -8.26774e-05 0.999999 -0.00300245 0.15768 0.0967854
FixedParameters: 0 0 0

#Transform 70
Transform: AffineTransform_float_3_3
Parameters: 1 -0.000945392 -0.000444216 0.00094577 0.999999 0.000426427 0.00044341 -0.000426572 0.999999 -0.0117138 0.166112 0.0999606
FixedParameters: 0 0 0

#Transform 71
Transform: AffineTransform_float_3_3
Parameters: 0.999999 -0.00127574 -0.000313929 0.0012764 0.999999 0.000424087 0.000313766 -0.000424913 1 -0.0233454 0.163138 0.106624
FixedParameters: 0 0 0

#Transform 72
Transform: AffineTransform_float_3_3
Parameters: 1 -0.00110712 8.38001e-05 0.00110744 0.999999 0.000424733 -8.38208e-05 -0.000425267 1 0.00557875 0.183005 0.0916907
FixedParameters: 0 0 0

#Transform 73
Transform: AffineTransform_float_3_3
Parameters: 1 -0.00119731 -0.000128626 0.00119776 0.999999 0.000216486 0.000129027 -0.000217514 1 -0.00620151 0.17744 0.0943672
FixedParameters: 0 0 0

#Transform 74
Transform: AffineTransform_float_3_3
Parameters: 0.999999 -0.00127731 -0.000317612 0.00127797 0.999999 0.000424082 0.000317448 -0.000424918 1 -0.0195334 0.178007 0.0949458
FixedParameters: 0 0 0

#Transform 75
Transform: AffineTransform_float_3_3
Parameters: 1 -0.00110712 8.38001e-05 0.00110744 0.999999 0.000424733 -8.38208e-05 -0.000425267 1 -0.00144315 0.183746 0.0789582
FixedParameters: 0 0 0

#Transform 76
Transform: AffineTransform_float_3_3
Parameters: 1 -0.00111776 -0.000317911 0.00111803 0.999999 0.000424644 0.000316961 -0.000425354 1 0.0327869 0.173951 0.0965884
FixedParameters: 0 0 0

#Transform 77
Transform: AffineTransform_float_3_3
Parameters: 1 -0.0011282 3.40839e-05 0.00112817 0.999999 0.000424679 -3.50428e-05 -0.00042532 1 0.00962408 0.180784 0.0927362
FixedParameters: 0 0 0

#Transform 78
Transform: AffineTransform_float_3_3
Parameters: 0.999999 -0.00129136 -0.000350756 0.00129165 0.999999 0.000424035 0.000349659 -0.000424964 0.999999 0.0278079 0.186018 0.0595409
FixedParameters: 0 0 0

#Transform 79
Transform: AffineTransform_float_3_3
Parameters: 1 -0.00117113 -6.71899e-05 0.00117158 0.999999 0.000424562 6.71147e-05 -0.000425438 1 0.0282743 0.183763 0.0634583
FixedParameters: 0 0 0

#Transform 80
Transform: AffineTransform_float_3_3
Parameters: 0.999999 -0.00125349 -0.000261451 0.00125372 0.999999 0.000424313 0.000260386 -0.000425686 1 0.019815 0.19493 0.0876836
FixedParameters: 0 0 0

#Transform 81
Transform: AffineTransform_float_3_3
Parameters: 0.999999 -0.00125345 -0.00026165 0.00125415 0.999999 0.00058316 0.000261108 -0.00058384 0.999999 0.031399 0.182656 0.0931661
FixedParameters: 0 0 0

#Transform 82
Transform: AffineTransform_float_3_3
Parameters: 0.999999 -0.00135907 7.88662e-05 0.00135941 0.999999 0.000338748 -7.88672e-05 -0.000339253 1 -0.0175287 0.173252 0.0960145
FixedParameters: 0 0 0

#Transform 83
Transform: AffineTransform_float_3_3
Parameters: 0.999999 -0.00125565 -0.000348516 0.00125542 0.999999 0.00042405 0.000348761 -0.00042495 0.999999 0.0132083 0.180356 0.112142
FixedParameters: 0 0 0

#Transform 84
Transform: AffineTransform_float_3_3
Parameters: 1 -0.00108892 6.52252e-05 0.00108926 0.999999 0.000424712 -6.52304e-05 -0.000425289 1 -0.0185188 0.202493 0.122906
FixedParameters: 0 0 0

#Transform 85
Transform: AffineTransform_float_3_3
Parameters: 1 -0.00115408 -0.000371618 0.00115436 0.999999 0.00109942 0.000370391 -0.00109958 0.999999 -0.00234865 0.206611 0.17019
FixedParameters: 0 0 0

#Transform 86
Transform: AffineTransform_float_3_3
Parameters: 0.999999 -0.000855847 4.79161e-05 0.000856081 0.999999 0.00161053 -4.97526e-05 -0.00161047 0.999998 -0.0298227 0.215061 0.210884
FixedParameters: 0 0 0

#Transform 87
Transform: AffineTransform_float_3_3
Parameters: 0.999999 -0.00130383 -0.000371601 0.00130492 0.999996 0.00237336 0.000368952 -0.00237363 0.999997 0.0191752 0.212815 0.201216
FixedParameters: 0 0 0

#Transform 88
Transform: AffineTransform_float_3_3
Parameters: 0.999999 -0.000986706 5.35362e-05 0.000986301 0.999996 0.0024279 -5.60939e-05 -0.0024271 0.999997 -0.0315326 0.212045 0.200153
FixedParameters: 0 0 0

#Transform 89
Transform: AffineTransform_float_3_3
Parameters: 0.999999 -0.000893995 0.000185916 0.000892948 0.999997 0.00242801 -0.000188022 -0.00242698 0.999997 -0.0118304 0.213052 0.164381
FixedParameters: 0 0 0

#Transform 90
Transform: AffineTransform_float_3_3
Parameters: 1 -0.00105628 0.000253852 0.00105508 0.999996 0.00284491 -0.000256706 -0.00284509 0.999996 -0.0338361 0.219349 0.19486
FixedParameters: 0 0 0

#Transform 91
Transform: AffineTransform_float_3_3
Parameters: 1 -0.00100737 0.00023354 0.00100602 0.999996 0.00258888 -0.00023652 -0.00258912 0.999996 -0.028103 0.219804 0.196703
FixedParameters: 0 0 0

#Transform 92
Transform: AffineTransform_float_3_3
Parameters: 1 -0.00109505 -1.07765e-05 0.00109535 0.999995 0.00277799 7.84384e-06 -0.00277801 0.999996 -0.0335398 0.213 0.200715
FixedParameters: 0 0 0

#Transform 93
Transform: AffineTransform_float_3_3
Parameters: 0.999999 -0.000836879 9.20981e-05 0.000836227 0.999996 0.00275008 -9.44674e-05 -0.00274992 0.999996 -0.012555 0.215999 0.209184
FixedParameters: 0 0 0

#Transform 94
Transform: AffineTransform_float_3_3
Parameters: 0.999999 -0.000984268 0.000224116 0.000984013 0.999997 0.00229922 -0.0002268 -0.00229878 0.999998 -0.0167318 0.209599 0.225176
FixedParameters: 0 0 0

#Transform 95
Transform: AffineTransform_float_3_3
Parameters: 1 -0.00102576 0.000241501 0.00102445 0.999996 0.00239925 -0.000244188 -0.00239875 0.999997 -0.0170117 0.22845 0.237932
FixedParameters: 0 0 0

#Transform 96
Transform: AffineTransform_float_3_3
Parameters: 1 -0.00102398 0.000240457 0.00102347 0.999996 0.00265989 -0.000244062 -0.00266011 0.999996 -0.048888 0.214645 0.270334
FixedParameters: 0 0 0

#Transform 97
Transform: AffineTransform_float_3_3
Parameters: 1 -0.000993726 0.000374047 0.000992798 0.999995 0.00279737 -0.000376842 -0.00279663 0.999996 -0.0303601 0.224671 0.258723
FixedParameters: 0 0 0

#Transform 98
Transform: AffineTransform_float_3_3
Parameters: 0.999999 -0.00126841 0.000342509 0.00126676 0.999993 0.00332444 -0.000346863 -0.00332356 0.999995 -0.0355121 0.219585 0.24345
FixedParameters: 0 0 0

#Transform 99
Transform: AffineTransform_float_3_3
Parameters: 0.999999 -0.00103607 0.000709202 0.00103301 0.999994 0.00325153 -0.000712248 -0.00325147 0.999994 -0.0365567 0.221757 0.249407
FixedParameters: 0 0 0

#Transform 100
Transform: AffineTransform_float_3_3
Parameters: 1 -0.001069 0.000597344 0.00106679 0.999995 0.00315128 -0.000600391 -0.00315072 0.999995 -0.0175406 0.225695 0.258906
FixedParameters: 0 0 0

#Transform 101
Transform: AffineTransform_float_3_3
Parameters: 0.999999 -0.00111783 0.00071336 0.00111581 0.999995 0.00315144 -0.000717107 -0.00315056 0.999995 -0.0182059 0.220458 0.245933
FixedParameters: 0 0 0

#Transform 102
Transform: AffineTransform_float_3_3
Parameters: 0.999999 -0.00110938 0.000733515 0.00110706 0.999994 0.00326245 -0.000737454 -0.00326154 0.999994 -0.0193655 0.225387 0.2396
FixedParameters: 0 0 0

#Transform 103
Transform: AffineTransform_float_3_3
Parameters: 0.999999 -0.00127288 0.000344986 0.00127151 0.999995 0.00290093 -0.000348293 -0.00290007 0.999995 -0.0299214 0.228344 0.265379
FixedParameters: 0 0 0

#Transform 104
Transform: AffineTransform_float_3_3
Parameters: 0.999999 -0.00110526 0.000743443 0.00110298 0.999994 0.00345446 -0.000746858 -0.00345354 0.999994 -0.016293 0.21954 0.242849
FixedParameters: 0 0 0

#Transform 105
Transform: AffineTransform_float_3_3
Parameters: 0.999999 -0.00103212 0.000917063 0.00102881 0.999995 0.00315159 -0.000920265 -0.00315041 0.999994 -0.0266971 0.218323 0.241145
FixedParameters: 0 0 0

#Transform 106
Transform: AffineTransform_float_3_3
Parameters: 0.999999 -0.00122256 0.000745494 0.00122034 0.999994 0.00315155 -0.000749901 -0.00315045 0.999995 -0.0330155 0.214965 0.232355
FixedParameters: 0 0 0

#Transform 107
Transform: AffineTransform_float_3_3
Parameters: 0.999999 -0.00133748 0.000371816 0.00133577 0.999994 0.00315099 -0.000376165 -0.00315001 0.999995 -0.0366823 0.219155 0.242582
FixedParameters: 0 0 0

#Transform 108
Transform: AffineTransform_float_3_3
Parameters: 0.999999 -0.00128381 0.000563849 0.00128166 0.999993 0.00328052 -0.000568583 -0.00328048 0.999994 -0.0132251 0.223849 0.252919
FixedParameters: 0 0 0

#Transform 109
Transform: AffineTransform_float_3_3
Parameters: 0.999999 -0.00134648 0.000657321 0.0013449 0.999994 0.00337153 -0.000662182 -0.00337047 0.999994 -0.0240445 0.219585 0.242036
FixedParameters: 0 0 0

#Transform 110
Transform: AffineTransform_float_3_3
Parameters: 0.999999 -0.00145952 0.000999919 0.00145602 0.999993 0.00337525 -0.00100462 -0.00337375 0.999994 -0.0256542 0.229547 0.237195
FixedParameters: 0 0 0

#Transform 111
Transform: AffineTransform_float_3_3
Parameters: 0.999998 -0.00155784 0.00076631 0.00155501 0.999989 0.00421599 -0.000773379 -0.00421501 0.999991 -0.0260749 0.242457 0.245766
FixedParameters: 0 0 0

#Transform 112
Transform: AffineTransform_float_3_3
Parameters: 0.999998 -0.00134922 0.000947699 0.00134523 0.999993 0.00361192 -0.000953217 -0.00361008 0.999993 -0.0102141 0.220041 0.241523
FixedParameters: 0 0 0

#Transform 113
Transform: AffineTransform_float_3_3
Parameters: 0.999998 -0.00129329 0.000939021 0.00129027 0.999992 0.0038265 -0.000944164 -0.0038255 0.999992 -0.00986712 0.231961 0.236831
FixedParameters: 0 0 0

#Transform 114
Transform: AffineTransform_float_3_3
Parameters: 0.999999 -0.00142628 0.00107947 0.00142258 0.999992 0.00382682 -0.00108471 -0.00382518 0.999991 -0.0209934 0.220678 0.241393
FixedParameters: 0 0 0

#Transform 115
Transform: AffineTransform_float_3_3
Parameters: 0.999998 -0.0014583 0.000807109 0.00145525 0.99999 0.00413546 -0.000813104 -0.00413454 0.999991 -0.0333447 0.221293 0.242389
FixedParameters: 0 0 0

#Transform 116
Transform: AffineTransform_float_3_3
Parameters: 0.999998 -0.00157567 0.000723746 0.00157299 0.999992 0.00372278 -0.000729022 -0.00372121 0.999993 -0.0276457 0.227526 0.25033
FixedParameters: 0 0 0

#Transform 117
Transform: AffineTransform_float_3_3
Parameters: 0.999998 -0.00152138 0.000633507 0.00151885 0.999992 0.00382625 -0.000639616 -0.00382575 0.999992 -0.0231487 0.22097 0.242633
FixedParameters: 0 0 0

#Transform 118
Transform: AffineTransform_float_3_3
Parameters: 0.999998 -0.00149496 0.00114798 0.00149054 0.999993 0.00351215 -0.00115241 -0.00351085 0.999993 -0.0325252 0.220244 0.241021
FixedParameters: 0 0 0

#Transform 119
Transform: AffineTransform_float_3_3
Parameters: 0.999999 -0.00145988 0.000999391 0.00145697 0.999992 0.0037361 -0.00100462 -0.0037339 0.999992 -0.040644 0.221712 0.243946
FixedParameters: 0 0 0

#Transform 120
Transform: AffineTransform_float_3_3
Parameters: 0.999999 -0.00151855 0.000859596 0.00151577 0.999993 0.00351059 -0.000865114 -0.00350941 0.999993 -0.0214925 0.231752 0.23676
FixedParameters: 0 0 0

#Transform 121
Transform: AffineTransform_float_3_3
Parameters: 0.999999 -0.00135755 0.00124288 0.0013526 0.999992 0.00366548 -0.00124807 -0.00366352 0.999993 -0.017528 0.240638 0.239825
FixedParameters: 0 0 0

#Transform 122
Transform: AffineTransform_float_3_3
Parameters: 0.999998 -0.00152075 0.00085429 0.00151825 0.999993 0.0033621 -0.000859374 -0.00336091 0.999994 -0.00877792 0.227493 0.231911
FixedParameters: 0 0 0

#Transform 123
Transform: AffineTransform_float_3_3
Parameters: 0.999999 -0.0015971 0.000672725 0.00159493 0.999993 0.00334272 -0.000677869 -0.00334128 0.999995 -0.0053806 0.221348 0.244633
FixedParameters: 0 0 0

#Transform 124
Transform: AffineTransform_float_3_3
Parameters: 0.999998 -0.00147547 0.000962027 0.0014721 0.999992 0.00344021 -0.000967033 -0.00343878 0.999994 -0.00952469 0.21941 0.239711
FixedParameters: 0 0 0

#Transform 125
Transform: AffineTransform_float_3_3
Parameters: 0.999999 -0.00140742 0.00112364 0.00140432 0.999994 0.00323602 -0.00112799 -0.00323498 0.999994 -0.00470805 0.227195 0.258662
FixedParameters: 0 0 0

#Transform 126
Transform: AffineTransform_float_3_3
Parameters: 0.999999 -0.00144171 0.00104229 0.0014388 0.999993 0.0033993 -0.00104734 -0.0033977 0.999994 -0.0126769 0.230989 0.236579
FixedParameters: 0 0 0

#Transform 127
Transform: AffineTransform_float_3_3
Parameters: 0.999998 -0.00154426 0.000798491 0.00154163 0.999992 0.00367988 -0.000804711 -0.00367812 0.999993 -0.0294973 0.228413 0.259894
FixedParameters: 0 0 0

#Transform 128
Transform: AffineTransform_float_3_3
Parameters: 0.999999 -0.00146761 0.000980631 0.00146434 0.999994 0.00332708 -0.00098525 -0.00332492 0.999994 -0.0200348 0.219329 0.239986
FixedParameters: 0 0 0

#Transform 129
Transform: AffineTransform_float_3_3
Parameters: 0.999997 -0.00171093 0.00130791 0.00170637 0.999992 0.00363267 -0.00131374 -0.00363033 0.999993 -0.0120351 0.244399 0.243766
FixedParameters: 0 0 0

#Transform 130
Transform: AffineTransform_float_3_3
Parameters: 0.999998 -0.00152984 0.00123291 0.00152544 0.999992 0.00363268 -0.00123834 -0.00363032 0.999993 -0.0272462 0.247915 0.240897
FixedParameters: 0 0 0

#Transform 131
Transform: AffineTransform_float_3_3
Parameters: 0.999998 -0.001742 0.000950006 0.00173782 0.999992 0.00363194 -0.000956198 -0.00363006 0.999993 -0.0217078 0.258267 0.264744
FixedParameters: 0 0 0

#Transform 132
Transform: AffineTransform_float_3_3
Parameters: 0.999998 -0.00170654 0.000923566 0.00170324 0.999991 0.00396186 -0.000930099 -0.00396014 0.999992 -0.014355 0.258876 0.265116
FixedParameters: 0 0 0

#Transform 133
Transform: AffineTransform_float_3_3
Parameters: 0.999999 -0.00158533 0.000961666 0.00158139 0.999991 0.00393717 -0.000968078 -0.00393483 0.999992 -0.0219239 0.258531 0.264969
FixedParameters: 0 0 0

#Transform 134
Transform: AffineTransform_float_3_3
Parameters: 0.999998 -0.00165411 0.00109451 0.00165102 0.999993 0.00349509 -0.00110039 -0.00349291 0.999993 -0.00297837 0.244564 0.253726
FixedParameters: 0 0 0

#Transform 135
Transform: AffineTransform_float_3_3
Parameters: 0.999998 -0.00164449 0.000952352 0.00164114 0.999993 0.00366485 -0.000958337 -0.00366315 0.999993 -0.00683546 0.248031 0.241083
FixedParameters: 0 0 0

#Transform 136
Transform: AffineTransform_float_3_3
Parameters: 0.999998 -0.00175187 0.0011691 0.00174851 0.999993 0.00355113 -0.00117495 -0.00354988 0.999993 -0.0166377 0.24427 0.247715
FixedParameters: 0 0 0

#Transform 137
Transform: AffineTransform_float_3_3
Parameters: 0.999998 -0.00176576 0.000911486 0.00176303 0.999992 0.00348789 -0.000917738 -0.0034861 0.999993 0.00348399 0.242397 0.227846
FixedParameters: 0 0 0

#Transform 138
Transform: AffineTransform_float_3_3
Parameters: 0.999997 -0.00187677 0.00105253 0.00187346 0.999992 0.00348841 -0.00105863 -0.00348659 0.999993 0.00532869 0.242921 0.228088
FixedParameters: 0 0 0

#Transform 139
Transform: AffineTransform_float_3_3
Parameters: 0.999998 -0.00170056 0.00147186 0.00169595 0.999992 0.00356009 -0.00147775 -0.00355791 0.999993 -0.00868164 0.242857 0.227908
FixedParameters: 0 0 0

#Transform 140
Transform: AffineTransform_float_3_3
Parameters: 0.999997 -0.00187677 0.00105253 0.00187346 0.999992 0.00348841 -0.00105863 -0.00348659 0.999993 0.00033091 0.235192 0.251455
FixedParameters: 0 0 0

#Transform 141
Transform: AffineTransform_float_3_3
Parameters: 0.999997 -0.0017277 0.00140729 0.0017235 0.999993 0.00357687 -0.00141344 -0.00357414 0.999993 -0.0133703 0.232765 0.251574
FixedParameters: 0 0 0

#Transform 142
Transform: AffineTransform_float_3_3
Parameters: 0.999997 -0.00179622 0.00124457 0.00179161 0.999991 0.00383731 -0.00125175 -0.00383569 0.999992 -0.0198713 0.237982 0.233301
FixedParameters: 0 0 0

#Transform 143
Transform: AffineTransform_float_3_3
Parameters: 0.999997 -0.00187704 0.00105205 0.00187319 0.999991 0.00374241 -0.00105911 -0.00374059 0.999993 -0.0199823 0.245912 0.251404
FixedParameters: 0 0 0

#Transform 144
Transform: AffineTransform_float_3_3
Parameters: 0.999997 -0.00191164 0.00115805 0.00190734 0.999992 0.00359629 -0.0011648 -0.00359471 0.999993 -0.0136601 0.251926 0.246106
FixedParameters: 0 0 0

#Transform 145
Transform: AffineTransform_float_3_3
Parameters: 0.999997 -0.00187677 0.00105253 0.00187346 0.999992 0.00348841 -0.00105863 -0.00348659 0.999993 0.00446667 0.250901 0.223299
FixedParameters: 0 0 0

#Transform 146
Transform: AffineTransform_float_3_3
Parameters: 0.999997 -0.00217119 0.00117761 0.00216817 0.999994 0.00299112 -0.00118361 -0.00298888 0.999994 -0.0133246 0.236344 0.182785
FixedParameters: 0 0 0

#Transform 147
Transform: AffineTransform_float_3_3
Parameters: 0.999997 -0.00223887 0.0010065 0.00223598 0.999993 0.00298118 -0.00101247 -0.00297882 0.999995 0.0065701 0.229919 0.177452
FixedParameters: 0 0 0

#Transform 148
Transform: AffineTransform_float_3_3
Parameters: 0.999998 -0.00191628 0.00131734 0.00191181 0.999992 0.00357396 -0.00132443 -0.00357104 0.999993 0.00709474 0.233742 0.185688
FixedParameters: 0 0 0

#Transform 149
Transform: AffineTransform_float_3_3
Parameters: 0.999996 -0.00225061 0.00120858 0.00224601 0.99999 0.0038848 -0.00121723 -0.0038822 0.999992 -0.010028 0.238844 0.194927
FixedParameters: 0 0 0

#Transform 150
Transform: AffineTransform_float_3_3
Parameters: 0.999997 -0.00237062 0.000668071 0.00236858 0.999994 0.00258436 -0.000674401 -0.00258264 0.999996 -0.0109613 0.212861 0.179384
FixedParameters: 0 0 0

#Transform 151
Transform: AffineTransform_float_3_3
Parameters: 0.999996 -0.00225017 0.0012094 0.00224606 0.999991 0.0035208 -0.00121733 -0.0035182 0.999993 -0.0100248 0.23639 0.190565
FixedParameters: 0 0 0

#Transform 152
Transform: AffineTransform_float_3_3
Parameters: 0.999997 -0.00240807 0.000833844 0.00240569 0.999992 0.00328458 -0.000842288 -0.00328342 0.999994 0.000581937 0.226328 0.168069
FixedParameters: 0 0 0

#Transform 153
Transform: AffineTransform_float_3_3
Parameters: 0.999997 -0.0021466 0.00122149 0.00214239 0.999989 0.0042227 -0.00123025 -0.0042203 0.99999 0.0149048 0.245676 0.210316
FixedParameters: 0 0 0

#Transform 154
Transform: AffineTransform_float_3_3
Parameters: 0.999997 -0.00241283 0.000822442 0.00240977 0.999991 0.00342576 -0.000830282 -0.00342324 0.999994 -0.0106387 0.244894 0.21752
FixedParameters: 0 0 0

#Transform 155
Transform: AffineTransform_float_3_3
Parameters: 0.999996 -0.00247429 0.000849297 0.00247127 0.999992 0.00306703 -0.000856706 -0.00306497 0.999995 -0.010471 0.216727 0.176432
FixedParameters: 0 0 0

#Transform 156
Transform: AffineTransform_float_3_3
Parameters: 0.999996 -0.00242978 0.00083148 0.00242794 0.999994 0.0027368 -0.000838325 -0.0027342 0.999996 0.00483945 0.206476 0.155159
FixedParameters: 0 0 0

#Transform 157
Transform: AffineTransform_float_3_3
Parameters: 0.999996 -0.00257459 0.00111112 0.0025708 0.999991 0.00327643 -0.00111968 -0.00327357 0.999994 0.00675337 0.219863 0.168959
FixedParameters: 0 0 0

#Transform 158
Transform: AffineTransform_float_3_3
Parameters: 0.999997 -0.00222632 0.0014674 0.00222181 0.999992 0.00348699 -0.00147448 -0.00348402 0.999993 -0.00503672 0.229786 0.186281
FixedParameters: 0 0 0

#Transform 159
Transform: AffineTransform_float_3_3
Parameters: 0.999996 -0.00237244 0.00116108 0.00236782 0.99999 0.00349183 -0.00116934 -0.00348916 0.999993 -0.00316401 0.239968 0.198637
FixedParameters: 0 0 0

#Transform 160
Transform: AffineTransform_float_3_3
Parameters: 0.999997 -0.00215631 0.0015386 0.00215063 0.999992 0.0035794 -0.00154651 -0.00357561 0.999993 0.010939 0.255764 0.188043
FixedParameters: 0 0 0

#Transform 161
Transform: AffineTransform_float_3_3
Parameters: 0.999996 -0.00219352 0.00144974 0.00218882 0.999992 0.00332341 -0.00145771 -0.00332059 0.999994 -0.000266701 0.240834 0.201632
FixedParameters: 0 0 0

#Transform 162
Transform: AffineTransform_float_3_3
Parameters: 0.999996 -0.00219286 0.00145073 0.00218817 0.999993 0.00287126 -0.00145725 -0.00286774 0.999994 -0.000307935 0.249699 0.183906
FixedParameters: 0 0 0

#Transform 163
Transform: AffineTransform_float_3_3
Parameters: 0.999997 -0.0026337 0.000405556 0.00263323 0.999995 0.00184069 -0.000410254 -0.00183931 0.999998 -0.00988615 0.201598 0.165501
FixedParameters: 0 0 0

#Transform 164
Transform: AffineTransform_float_3_3
Parameters: 0.999996 -0.00220298 0.00163367 0.00219731 0.999992 0.00336883 -0.00164098 -0.00336517 0.999993 2.13121e-05 0.238329 0.195862
FixedParameters: 0 0 0

#Transform 165
Transform: AffineTransform_float_3_3
Parameters: 0.999997 -0.00212944 0.00160239 0.00212357 0.999991 0.00349664 -0.00160975 -0.00349336 0.999992 -9.37587e-05 0.234444 0.186835
FixedParameters: 0 0 0

#Transform 166
Transform: AffineTransform_float_3_3
Parameters: 0.999995 -0.00243078 0.00172926 0.00242464 0.999991 0.00343092 -0.00173749 -0.00342608 0.999992 0.000414916 0.238041 0.193244
FixedParameters: 0 0 0

#Transform 167
Transform: AffineTransform_float_3_3
Parameters: 0.999996 -0.00232527 0.00162135 0.00231996 0.999992 0.00328249 -0.00162908 -0.00327851 0.999993 -0.0160529 0.232038 0.236236
FixedParameters: 0 0 0

#Transform 168
Transform: AffineTransform_float_3_3
Parameters: 0.999996 -0.00251134 0.00132066 0.00250774 0.999993 0.00303989 -0.00132801 -0.00303612 0.999995 -0.0231789 0.2437 0.208578
FixedParameters: 0 0 0

#Transform 169
Transform: AffineTransform_float_3_3
Parameters: 0.999995 -0.0026099 0.00177745 0.00260419 0.999992 0.003109 -0.00178614 -0.003104 0.999993 0.00428183 0.249906 0.207628
FixedParameters: 0 0 0

#Transform 170
Transform: AffineTransform_float_3_3
Parameters: 0.999995 -0.00275856 0.00142423 0.0027543 0.999991 0.00318429 -0.00143296 -0.00318071 0.999994 0.0172518 0.254672 0.190215
FixedParameters: 0 0 0

#Transform 171
Transform: AffineTransform_float_3_3
Parameters: 0.999996 -0.00247101 0.00179164 0.00246442 0.99999 0.00379894 -0.00180142 -0.00379506 0.999991 -0.000200508 0.24153 0.194398
FixedParameters: 0 0 0

#Transform 172
Transform: AffineTransform_float_3_3
Parameters: 0.999995 -0.00271025 0.00153964 0.00270415 0.999989 0.00379053 -0.0015495 -0.00378646 0.999991 -0.000406887 0.245631 0.18061
FixedParameters: 0 0 0

#Transform 173
Transform: AffineTransform_float_3_3
Parameters: 0.999995 -0.00275959 0.00142224 0.00275405 0.999988 0.00390565 -0.0014331 -0.00390135 0.999992 -0.000573214 0.248488 0.17141
FixedParameters: 0 0 0

#Transform 174
Transform: AffineTransform_float_3_3
Parameters: 0.999995 -0.00275896 0.00142345 0.00275429 0.99999 0.00346529 -0.00143281 -0.00346171 0.999993 0.0225407 0.248085 0.175389
FixedParameters: 0 0 0

#Transform 175
Transform: AffineTransform_float_3_3
Parameters: 0.999995 -0.00252799 0.00197287 0.00252135 0.999991 0.0034665 -0.00198141 -0.0034615 0.999992 0.00529959 0.232908 0.180099
FixedParameters: 0 0 0

#Transform 176
Transform: AffineTransform_float_3_3
Parameters: 0.999995 -0.00252829 0.00178639 0.0025216 0.999991 0.00347603 -0.00179551 -0.00347197 0.999992 0.00488865 0.249197 0.173583
FixedParameters: 0 0 0

#Transform 177
Transform: AffineTransform_float_3_3
Parameters: 0.999995 -0.00267915 0.0016136 0.00267273 0.99999 0.00371669 -0.00162282 -0.00371232 0.999992 0.00470965 0.265176 0.16788
FixedParameters: 0 0 0

#Transform 178
Transform: AffineTransform_float_3_3
Parameters: 0.999995 -0.00250724 0.00161709 0.00250182 0.999991 0.00344593 -0.00162591 -0.00344207 0.999993 -0.0112193 0.242111 0.177086
FixedParameters: 0 0 0

#Transform 179
Transform: AffineTransform_float_3_3
Parameters: 0.999995 -0.00251856 0.00216446 0.00250992 0.999989 0.00401348 -0.00217423 -0.00400753 0.99999 0.00711514 0.242427 0.187868
FixedParameters: 0 0 0
