# transform file /out/sourcedata/freesurfer/sub-v1s10x0051083_ses-1/mri/transforms/cc_up.lta
# created by oesteban on Thu Mar 12 08:04:01 2026

type      = 0 # LINEAR_VOX_TO_VOX
nxforms   = 1
mean      = 132.0000 134.0000 125.0000
sigma     = 10000.0000
1 4 4
9.968732595443726e-01 -4.244505614042282e-02 6.664948910474777e-02 -4.105693340301514e+00 
4.235050827264786e-02 9.990988373756409e-01 2.831493038684130e-03 3.237882137298584e+00 
-6.670960783958435e-02 0.000000000000000e+00 9.977723956108093e-01 1.397068786621094e+01 
0.000000000000000e+00 0.000000000000000e+00 0.000000000000000e+00 1.000000000000000e+00 
src volume info
valid = 1  # volume info valid
filename = /out/sourcedata/freesurfer/sub-v1s10x0051083_ses-1/mri/norm.mgz
volume = 256 256 256
voxelsize = 1.000000000000000e+00 1.000000000000000e+00 1.000000000000000e+00
xras   = -1.000000000000000e+00 0.000000000000000e+00 0.000000000000000e+00
yras   = 0.000000000000000e+00 0.000000000000000e+00 -1.000000000000000e+00
zras   = 0.000000000000000e+00 1.000000000000000e+00 0.000000000000000e+00
cras   = 6.651229858398438e-01 -6.228912353515625e+00 -9.843383789062500e+00
dst volume info
valid = 1  # volume info valid
filename = /out/sourcedata/freesurfer/sub-v1s10x0051083_ses-1/mri/norm.mgz
volume = 256 256 256
voxelsize = 1.000000000000000e+00 1.000000000000000e+00 1.000000000000000e+00
xras   = -1.000000000000000e+00 0.000000000000000e+00 0.000000000000000e+00
yras   = 0.000000000000000e+00 0.000000000000000e+00 -1.000000000000000e+00
zras   = 0.000000000000000e+00 1.000000000000000e+00 0.000000000000000e+00
cras   = 6.651229858398438e-01 -6.228912353515625e+00 -9.843383789062500e+00
