#Insight Transform File V1.0
#Transform 0
Transform: AffineTransform_float_3_3
Parameters: 1 -0.000222508 0.00019997 0.000222695 0.999999 -0.000468803 -0.000199762 0.000468197 1 0.0611467 0.0742745 0.301041
FixedParameters: 0 0 0

#Transform 1
Transform: AffineTransform_float_3_3
Parameters: 0.999999 0.000736159 -0.000121123 -0.00073611 0.999999 0.000202089 0.00012142 -0.000201911 1 0.0257396 0.0483117 -0.0763969
FixedParameters: 0 0 0

#Transform 2
Transform: AffineTransform_float_3_3
Parameters: 0.999999 0.000824434 -0.000481162 -0.000825226 0.999999 -0.000823963 0.000479803 0.000824036 0.999999 0.0090797 0.0699288 -0.0911834
FixedParameters: 0 0 0

#Transform 3
Transform: AffineTransform_float_3_3
Parameters: 0.999999 0.000899104 0.000211546 -0.000899126 1 5.06573e-05 -0.000211455 -5.0343e-05 1 0.04222 0.0790033 -0.108297
FixedParameters: 0 0 0

#Transform 4
Transform: AffineTransform_float_3_3
Parameters: 1 0.000587971 5.97431e-06 -0.000587976 0.999999 0.000441997 -5.45455e-06 -0.000442003 1 0.0191296 0.0984753 -0.0951825
FixedParameters: 0 0 0

#Transform 5
Transform: AffineTransform_float_3_3
Parameters: 0.999999 0.00100911 0.000713306 -0.00100887 0.999999 -0.000167719 -0.000713643 0.00016628 0.999999 0.0595299 0.0884211 -0.151302
FixedParameters: 0 0 0

#Transform 6
Transform: AffineTransform_float_3_3
Parameters: 0.999999 0.000794115 0.000490455 -0.000793664 1 -0.000459542 -0.000491185 0.000459457 0.999999 0.0404445 0.095566 -0.0888977
FixedParameters: 0 0 0

#Transform 7
Transform: AffineTransform_float_3_3
Parameters: 0.999999 0.000986586 1.58272e-05 -0.000986588 0.999999 6.58319e-05 -1.56979e-05 -6.51683e-05 1 0.0447691 0.0923039 -0.112272
FixedParameters: 0 0 0

#Transform 8
Transform: AffineTransform_float_3_3
Parameters: 1 0.000590708 -0.000225869 -0.000590783 1 -0.000166866 0.000225672 0.000167133 1 0.00347258 0.0893698 -0.0334381
FixedParameters: 0 0 0

#Transform 9
Transform: AffineTransform_float_3_3
Parameters: 0.999999 0.000722824 4.20396e-05 -0.00072284 1 0.000196817 -4.17556e-05 -0.000196183 1 0.0409799 0.109361 -0.0666734
FixedParameters: 0 0 0

#Transform 10
Transform: AffineTransform_float_3_3
Parameters: 1 0.000517254 -0.00016089 -0.000517249 1 1.40833e-05 0.000160904 -1.39169e-05 1 0.0249754 0.0952294 -0.0386511
FixedParameters: 0 0 0

#Transform 11
Transform: AffineTransform_float_3_3
Parameters: 0.999999 0.000927199 -0.000354486 -0.000927214 0.999999 -2.06711e-05 0.000354448 2.13284e-05 1 0.0388463 0.11018 -0.0512536
FixedParameters: 0 0 0

#Transform 12
Transform: AffineTransform_float_3_3
Parameters: 1 0.00049244 -8.62593e-05 -0.000492437 1 2.00426e-05 8.6279e-05 -1.99576e-05 1 0.036633 0.105847 -0.0486264
FixedParameters: 0 0 0

#Transform 13
Transform: AffineTransform_float_3_3
Parameters: 0.999999 0.000840796 -0.000217545 -0.000840657 0.999999 0.000319183 0.000218082 -0.000318817 1 0.0786938 0.124174 -0.0700242
FixedParameters: 0 0 0

#Transform 14
Transform: AffineTransform_float_3_3
Parameters: 1 0.000514554 -0.000167226 -0.000514479 1 0.000223086 0.000167455 -0.000222914 1 0.026782 0.120695 -0.0499093
FixedParameters: 0 0 0

#Transform 15
Transform: AffineTransform_float_3_3
Parameters: 1 0.000644495 -4.52472e-05 -0.000644469 1 0.000285029 4.56145e-05 -0.000284971 1 0.0720881 0.127023 -0.0698662
FixedParameters: 0 0 0

#Transform 16
Transform: AffineTransform_float_3_3
Parameters: 1 0.000111447 9.19756e-06 -0.000111449 1 0.000122999 -9.17014e-06 -0.000123001 1 0.0568881 0.10773 -0.046829
FixedParameters: 0 0 0

#Transform 17
Transform: AffineTransform_float_3_3
Parameters: 1 0.00052629 -6.77368e-05 -0.000526605 0.999999 0.000560036 6.74059e-05 -0.000559964 1 0.0540551 0.122769 -0.0765042
FixedParameters: 0 0 0

#Transform 18
Transform: AffineTransform_float_3_3
Parameters: 1 0.000559535 -0.000155955 -0.000559496 1 0.000123087 0.000156092 -0.000122913 1 0.0745555 0.117714 -0.0544264
FixedParameters: 0 0 0

#Transform 19
Transform: AffineTransform_float_3_3
Parameters: 1 0.000431251 -0.000317553 -0.000431014 1 0.000373137 0.000317874 -0.000372863 1 0.0302494 0.121759 -0.0570786
FixedParameters: 0 0 0

#Transform 20
Transform: AffineTransform_float_3_3
Parameters: 0.999999 0.000723773 -1.4018e-06 -0.000724162 1 0.000765642 1.59041e-06 -0.000766359 1 0.0704335 0.123148 -0.0850547
FixedParameters: 0 0 0

#Transform 21
Transform: AffineTransform_float_3_3
Parameters: 1 0.000420526 -9.69939e-05 -0.000420513 1 6.90409e-05 9.7052e-05 -6.89593e-05 1 0.0406839 0.118218 -0.0526412
FixedParameters: 0 0 0

#Transform 22
Transform: AffineTransform_float_3_3
Parameters: 1 0.00066908 -0.000202438 -0.00066903 1 0.000123136 0.000202603 -0.000122865 1 0.0364439 0.134832 -0.0652728
FixedParameters: 0 0 0

#Transform 23
Transform: AffineTransform_float_3_3
Parameters: 1 0.000459192 -0.000113388 -0.000459169 1 9.90522e-05 0.000113479 -9.8948e-05 1 0.0517887 0.133989 -0.05871
FixedParameters: 0 0 0

#Transform 24
Transform: AffineTransform_float_3_3
Parameters: 0.999999 0.000728997 -0.000227569 -0.000728779 0.999999 0.000478166 0.000228266 -0.000477834 1 0.0379359 0.132621 -0.0757774
FixedParameters: 0 0 0

#Transform 25
Transform: AffineTransform_float_3_3
Parameters: 1 0.000508897 -0.000134498 -0.000508878 1 7.00685e-05 0.000134569 -6.99316e-05 1 0.0125766 0.114625 -0.0510862
FixedParameters: 0 0 0

#Transform 26
Transform: AffineTransform_float_3_3
Parameters: 1 0.000646163 -0.000192348 -0.000645922 0.999999 0.000626124 0.000193156 -0.000625875 1 0.0318934 0.135458 -0.0834532
FixedParameters: 0 0 0

#Transform 27
Transform: AffineTransform_float_3_3
Parameters: 1 0.000305776 -0.000131886 -0.000306108 1 0.00022504 0.000131103 -0.00022496 1 0.0150328 0.131751 -0.0654006
FixedParameters: 0 0 0

#Transform 28
Transform: AffineTransform_float_3_3
Parameters: 1 0.000566018 -0.000158547 -0.0005659 1 0.00037309 0.00015897 -0.00037291 1 0.0357217 0.13909 -0.0736724
FixedParameters: 0 0 0

#Transform 29
Transform: AffineTransform_float_3_3
Parameters: 1 0.000485997 -0.000191015 -0.00048595 1 0.000123093 0.000191134 -0.000122907 1 0.021788 0.13095 -0.0642439
FixedParameters: 0 0 0

#Transform 30
Transform: AffineTransform_float_3_3
Parameters: 1 0.00033584 -6.10384e-05 -0.000335826 1 0.000111021 6.11129e-05 -0.00011098 1 0.0214251 0.132162 -0.0576443
FixedParameters: 0 0 0

#Transform 31
Transform: AffineTransform_float_3_3
Parameters: 1 0.000335886 -6.07804e-05 -0.000335779 0.999999 0.00087902 6.13708e-05 -0.000878979 0.999999 0.0528978 0.147739 -0.0995175
FixedParameters: 0 0 0

#Transform 32
Transform: AffineTransform_float_3_3
Parameters: 1 -5.36006e-05 0.000104173 5.34808e-05 1 0.000575005 -0.000104234 -0.000574994 1 0.0399502 0.145031 -0.0852829
FixedParameters: 0 0 0

#Transform 33
Transform: AffineTransform_float_3_3
Parameters: 1 0.000295377 -4.35686e-05 -0.000294364 1 0.00106601 4.38066e-05 -0.00106599 1 0.0493828 0.151475 -0.116447
FixedParameters: 0 0 0

#Transform 34
Transform: AffineTransform_float_3_3
Parameters: 1 0.000396634 -8.66458e-05 -0.000396538 1 0.000550034 8.7082e-05 -0.000549965 1 0.0167807 0.139213 -0.0692198
FixedParameters: 0 0 0

#Transform 35
Transform: AffineTransform_float_3_3
Parameters: 1 0.000567859 -0.000159328 -0.00056774 1 0.000373091 0.000159752 -0.000372909 1 0.0457275 0.14539 -0.080967
FixedParameters: 0 0 0

#Transform 36
Transform: AffineTransform_float_3_3
Parameters: 0.999999 0.000682992 -0.000207958 -0.000682733 0.999999 0.000620142 0.000208805 -0.000619857 1 0.0237059 0.147301 -0.0852912
FixedParameters: 0 0 0

#Transform 37
Transform: AffineTransform_float_3_3
Parameters: 1 6.98817e-05 -0.000134961 -6.97143e-05 1 0.000620009 0.000135048 -0.00061999 1 0.0341652 0.15146 -0.0721917
FixedParameters: 0 0 0

#Transform 38
Transform: AffineTransform_float_3_3
Parameters: 1 0.000270026 -0.000267536 -0.000270055 0.999999 0.000678072 0.000266982 -0.000677928 0.999999 0.0340567 0.156207 -0.0946355
FixedParameters: 0 0 0

#Transform 39
Transform: AffineTransform_float_3_3
Parameters: 1 0.000281876 -0.000311506 -0.00028123 1 0.00103609 0.00031209 -0.00103591 1 0.0121671 0.151239 -0.0657322
FixedParameters: 0 0 0

#Transform 40
Transform: AffineTransform_float_3_3
Parameters: 0.999999 0.000812779 -0.000481001 -0.000812332 0.999999 0.000870031 0.000481494 -0.000869969 0.999999 0.0336363 0.156872 -0.0953046
FixedParameters: 0 0 0

#Transform 41
Transform: AffineTransform_float_3_3
Parameters: 1 4.08686e-05 -0.000264943 -4.054e-05 1 0.000620011 0.000264993 -0.000619989 1 -0.00371667 0.149314 -0.0475664
FixedParameters: 0 0 0

#Transform 42
Transform: AffineTransform_float_3_3
Parameters: 1 0.000337727 -6.15633e-05 -0.00033762 0.999999 0.00087002 6.21508e-05 -0.000869978 0.999999 0.0162027 0.156554 -0.0802709
FixedParameters: 0 0 0

#Transform 43
Transform: AffineTransform_float_3_3
Parameters: 1 0.000220853 -0.000660476 -0.000219928 0.999999 0.000700145 0.000660784 -0.000699854 0.999999 0.00292064 0.153163 -0.0476398
FixedParameters: 0 0 0

#Transform 44
Transform: AffineTransform_float_3_3
Parameters: 0.999999 0.000562575 -0.000595188 -0.00056239 0.999999 0.00125634 0.000596071 -0.00125567 0.999999 0.0177476 0.154701 -0.0779206
FixedParameters: 0 0 0

#Transform 45
Transform: AffineTransform_float_3_3
Parameters: 0.999999 0.000347793 -0.000696806 -0.000347056 1 0.000809883 0.000696449 -0.000810118 0.999999 0.00804673 0.162234 -0.0720277
FixedParameters: 0 0 0

#Transform 46
Transform: AffineTransform_float_3_3
Parameters: 1 0.000351279 -0.000506246 -0.000350785 0.999999 0.00048833 0.000506589 -0.000488669 1 0.00700814 0.156336 -0.0570107
FixedParameters: 0 0 0

#Transform 47
Transform: AffineTransform_float_3_3
Parameters: 1 0.000212492 -0.00032665 -0.000211794 1 0.00106807 0.000327103 -0.00106793 1 0.00883434 0.171541 -0.0703229
FixedParameters: 0 0 0

#Transform 48
Transform: AffineTransform_float_3_3
Parameters: 1 0.000201544 -0.000608796 -0.000201848 0.999999 0.000827483 0.0006086 -0.000826518 1 0.0148002 0.159403 -0.0503276
FixedParameters: 0 0 0

#Transform 49
Transform: AffineTransform_float_3_3
Parameters: 1 0.000241476 -0.000522431 -0.000240759 0.999999 0.00106028 0.000522022 -0.00106072 1 0.0135294 0.172276 -0.0542227
FixedParameters: 0 0 0

#Transform 50
Transform: AffineTransform_float_3_3
Parameters: 0.999999 0.00010692 -0.000747848 -0.000105466 1 0.00097208 0.000748055 -0.000971921 0.999999 0.0151699 0.169989 -0.049933
FixedParameters: 0 0 0

#Transform 51
Transform: AffineTransform_float_3_3
Parameters: 1 0.000406778 -0.000529465 -0.000406667 1 0.000973216 0.000530648 -0.000972785 1 0.0131101 0.167775 -0.0632064
FixedParameters: 0 0 0

#Transform 52
Transform: AffineTransform_float_3_3
Parameters: 0.999999 0.000549706 -0.000812593 -0.000548534 1 0.000962447 0.000812729 -0.000961554 0.999999 0.0281958 0.168092 -0.0766282
FixedParameters: 0 0 0

#Transform 53
Transform: AffineTransform_float_3_3
Parameters: 1 0.000176318 -0.000576303 -0.000175116 1 0.0010421 0.000576669 -0.0010419 1 0.0147442 0.16644 -0.0437104
FixedParameters: 0 0 0

#Transform 54
Transform: AffineTransform_float_3_3
Parameters: 0.999999 0.0006773 -0.000644306 -0.000676482 1 0.000634077 0.000645165 -0.000633923 0.999999 0.0300289 0.163141 -0.0863518
FixedParameters: 0 0 0

#Transform 55
Transform: AffineTransform_float_3_3
Parameters: 1 0.00029748 -0.000980414 -0.000296523 0.999999 0.00115644 0.000980572 -0.00115656 0.999999 0.00915893 0.164621 -0.0392289
FixedParameters: 0 0 0

#Transform 56
Transform: AffineTransform_float_3_3
Parameters: 1 0.000774766 -0.000684383 -0.000773632 0.999998 0.00178368 0.000686615 -0.00178332 0.999999 0.0261025 0.17963 -0.0870235
FixedParameters: 0 0 0

#Transform 57
Transform: AffineTransform_float_3_3
Parameters: 0.999999 0.000310298 -0.000683739 -0.000309485 0.999998 0.00155236 0.000684172 -0.00155263 0.999998 0.0177289 0.176215 -0.0406718
FixedParameters: 0 0 0

#Transform 58
Transform: AffineTransform_float_3_3
Parameters: 1 0.000748459 -0.000746871 -0.00074719 0.999997 0.00198756 0.000748393 -0.00198644 0.999997 0.0499546 0.172545 -0.0633876
FixedParameters: 0 0 0

#Transform 59
Transform: AffineTransform_float_3_3
Parameters: 0.999999 0.000174813 -0.000917329 -0.000172944 0.999999 0.00173316 0.000917402 -0.00173284 0.999998 0.0338214 0.181279 -0.035757
FixedParameters: 0 0 0

#Transform 60
Transform: AffineTransform_float_3_3
Parameters: 1 0.000586047 -0.000905234 -0.000584269 0.999998 0.00192168 0.000906033 -0.00192132 0.999998 0.0446408 0.180651 -0.0687077
FixedParameters: 0 0 0

#Transform 61
Transform: AffineTransform_float_3_3
Parameters: 1 6.74634e-05 -0.000680866 -6.71186e-05 0.999998 0.00189205 0.000680981 -0.00189195 0.999998 0.0153858 0.187548 -0.029051
FixedParameters: 0 0 0

#Transform 62
Transform: AffineTransform_float_3_3
Parameters: 0.999999 0.000269086 -0.000830995 -0.000266894 0.999997 0.00210737 0.000831595 -0.00210762 0.999997 0.032512 0.18477 -0.0693678
FixedParameters: 0 0 0

#Transform 63
Transform: AffineTransform_float_3_3
Parameters: 1 0.000111819 -0.000647557 -0.000110509 0.999999 0.00172107 0.000648331 -0.00172093 0.999999 0.0107289 0.191967 -0.0288939
FixedParameters: 0 0 0

#Transform 64
Transform: AffineTransform_float_3_3
Parameters: 1 0.000146035 -0.000689323 -0.000144206 0.999999 0.0013261 0.000689708 -0.0013259 0.999999 0.019507 0.188797 -0.0530644
FixedParameters: 0 0 0

#Transform 65
Transform: AffineTransform_float_3_3
Parameters: 0.999999 0.000274046 -0.000798441 -0.000272213 0.999998 0.00196837 0.000798987 -0.00196863 0.999998 0.0157751 0.197541 -0.0353689
FixedParameters: 0 0 0

#Transform 66
Transform: AffineTransform_float_3_3
Parameters: 1 5.46935e-05 -0.000666901 -5.35311e-05 0.999999 0.00156104 0.000667461 -0.00156096 0.999998 -0.00109328 0.196772 -0.0155005
FixedParameters: 0 0 0

#Transform 67
Transform: AffineTransform_float_3_3
Parameters: 1 0.000215391 -0.000935874 -0.000214431 0.999999 0.00121335 0.000935866 -0.00121365 0.999999 0.0155442 0.189856 -0.0501775
FixedParameters: 0 0 0

#Transform 68
Transform: AffineTransform_float_3_3
Parameters: 0.999999 5.31493e-05 -0.000849388 -5.13495e-05 0.999997 0.00237304 0.000849496 -0.00237296 0.999997 0.00239093 0.210639 -0.000305224
FixedParameters: 0 0 0

#Transform 69
Transform: AffineTransform_float_3_3
Parameters: 0.999999 -0.00015144 -0.000739303 0.000153454 0.999998 0.00198489 0.000739089 -0.00198511 0.999998 0.00762267 0.200188 -0.00704488
FixedParameters: 0 0 0

#Transform 70
Transform: AffineTransform_float_3_3
Parameters: 0.999999 7.27944e-05 -0.000833775 -7.09885e-05 0.999997 0.00242106 0.000833984 -0.00242094 0.999996 0.00222847 0.210821 -0.00413223
FixedParameters: 0 0 0

#Transform 71
Transform: AffineTransform_float_3_3
Parameters: 1 -0.00015559 -0.000626766 0.00015757 0.999996 0.00262826 0.000625413 -0.00262774 0.999997 0.00888396 0.227895 0.0231281
FixedParameters: 0 0 0

#Transform 72
Transform: AffineTransform_float_3_3
Parameters: 1 -4.75804e-05 -0.000480319 4.84903e-05 0.999998 0.00190498 0.000480526 -0.00190502 0.999998 0.00852202 0.201536 -0.0152479
FixedParameters: 0 0 0

#Transform 73
Transform: AffineTransform_float_3_3
Parameters: 0.999999 5.28051e-05 -0.000765606 -5.11128e-05 0.999996 0.00256255 0.000765733 -0.00256245 0.999997 0.00817438 0.225115 -0.00322719
FixedParameters: 0 0 0

#Transform 74
Transform: AffineTransform_float_3_3
Parameters: 0.999999 7.27453e-05 -0.000833779 -7.01182e-05 0.999997 0.00236206 0.000833587 -0.00236194 0.999997 0.00700673 0.212267 0.00886949
FixedParameters: 0 0 0

#Transform 75
Transform: AffineTransform_float_3_3
Parameters: 1 -3.46062e-05 -0.00048577 3.56905e-05 0.999998 0.00206298 0.000486015 -0.00206302 0.999998 0.0115831 0.212179 -0.0227239
FixedParameters: 0 0 0

#Transform 76
Transform: AffineTransform_float_3_3
Parameters: 0.999999 -0.000126207 -0.00097886 0.000128179 0.999997 0.00241687 0.000979417 -0.00241712 0.999996 0.014123 0.229041 -0.0058759
FixedParameters: 0 0 0

#Transform 77
Transform: AffineTransform_float_3_3
Parameters: 0.999999 3.95846e-05 -0.000819791 -3.79222e-05 0.999997 0.00237503 0.000819836 -0.00237497 0.999997 0.0030532 0.222037 0.00365346
FixedParameters: 0 0 0

#Transform 78
Transform: AffineTransform_float_3_3
Parameters: 0.999999 7.99507e-05 -0.000836904 -7.85598e-05 0.999997 0.00216443 0.000837108 -0.00216357 0.999997 0.00765138 0.222097 -0.028649
FixedParameters: 0 0 0

#Transform 79
Transform: AffineTransform_float_3_3
Parameters: 0.999999 -0.000208153 -0.000769559 0.000209982 0.999997 0.00263984 0.000768316 -0.00264016 0.999996 -0.00540477 0.230145 0.00982272
FixedParameters: 0 0 0

#Transform 80
Transform: AffineTransform_float_3_3
Parameters: 1 -0.00018692 -0.000452965 0.000187713 0.999998 0.00189292 0.000452646 -0.00189309 0.999998 0.00861686 0.211871 -0.0222133
FixedParameters: 0 0 0

#Transform 81
Transform: AffineTransform_float_3_3
Parameters: 1 -0.000213244 -0.000544956 0.000214457 0.999996 0.00280288 0.000544538 -0.00280312 0.999996 0.00483586 0.227642 -0.00752556
FixedParameters: 0 0 0

#Transform 82
Transform: AffineTransform_float_3_3
Parameters: 1 -0.000331802 -0.000570955 0.000333254 0.999997 0.00254217 0.000570966 -0.00254183 0.999997 0.0068966 0.212292 0.00437298
FixedParameters: 0 0 0

#Transform 83
Transform: AffineTransform_float_3_3
Parameters: 1 -0.000136255 -0.00053081 0.000137256 0.999998 0.00181008 0.000530706 -0.00181092 0.999999 0.0196562 0.212545 -0.0386696
FixedParameters: 0 0 0

#Transform 84
Transform: AffineTransform_float_3_3
Parameters: 1 -0.000142969 -0.000471445 0.000144218 0.999994 0.00327793 0.000471285 -0.00327806 0.999994 0.00427814 0.240931 0.0200809
FixedParameters: 0 0 0

#Transform 85
Transform: AffineTransform_float_3_3
Parameters: 0.999999 -0.000200715 -0.000718436 0.000202673 0.999997 0.00264486 0.00071815 -0.00264515 0.999996 0.0202483 0.229197 0.0145021
FixedParameters: 0 0 0

#Transform 86
Transform: AffineTransform_float_3_3
Parameters: 1 -0.000221998 -0.000942689 0.000225137 0.999995 0.00312979 0.000942462 -0.00313021 0.999994 0.0328691 0.237476 -0.0147145
FixedParameters: 0 0 0

#Transform 87
Transform: AffineTransform_float_3_3
Parameters: 0.999999 -0.000461412 -0.000772565 0.000464076 0.999994 0.003516 0.000770483 -0.003516 0.999994 0.0253062 0.24279 0.0294621
FixedParameters: 0 0 0

#Transform 88
Transform: AffineTransform_float_3_3
Parameters: 1 -0.00036404 -0.00110968 0.000367927 0.999995 0.00299695 0.00110866 -0.00299704 0.999995 0.036017 0.236236 -0.0273753
FixedParameters: 0 0 0

#Transform 89
Transform: AffineTransform_float_3_3
Parameters: 1 -0.000387215 -0.00100988 0.000390352 0.999995 0.00292197 0.00100878 -0.00292203 0.999995 0.0349262 0.263485 -0.00862322
FixedParameters: 0 0 0

#Transform 90
Transform: AffineTransform_float_3_3
Parameters: 1 -0.000421636 -0.000996469 0.000423908 0.999998 0.00206494 0.000995504 -0.00206506 0.999998 0.0659039 0.236805 -0.0419577
FixedParameters: 0 0 0

#Transform 91
Transform: AffineTransform_float_3_3
Parameters: 0.999999 -0.00033734 -0.000857279 0.000339125 0.999997 0.00265271 0.000856656 -0.00265329 0.999996 0.0503961 0.245676 -0.0294606
FixedParameters: 0 0 0

#Transform 92
Transform: AffineTransform_float_3_3
Parameters: 1 -0.000780568 -0.000810703 0.000782287 0.999995 0.00309421 0.00080835 -0.00309478 0.999994 0.0416146 0.255182 0.0150936
FixedParameters: 0 0 0

#Transform 93
Transform: AffineTransform_float_3_3
Parameters: 1 -0.000637947 -0.000790293 0.000639718 0.999997 0.00262234 0.000789035 -0.00262266 0.999996 0.0668722 0.245446 -0.0490119
FixedParameters: 0 0 0

#Transform 94
Transform: AffineTransform_float_3_3
Parameters: 1 -0.000657133 -0.000844128 0.000659551 0.999996 0.00283965 0.000842482 -0.00283935 0.999996 0.049393 0.253952 -0.0213228
FixedParameters: 0 0 0

#Transform 95
Transform: AffineTransform_float_3_3
Parameters: 1 -0.000753151 -0.000741739 0.000754638 0.999996 0.00260365 0.000739907 -0.00260335 0.999996 0.063703 0.235609 -0.0416087
FixedParameters: 0 0 0

#Transform 96
Transform: AffineTransform_float_3_3
Parameters: 0.999999 -0.000724699 -0.000571481 0.000726363 0.999996 0.00272943 0.000569223 -0.00272957 0.999996 0.0592794 0.252514 -0.0459
FixedParameters: 0 0 0

#Transform 97
Transform: AffineTransform_float_3_3
Parameters: 1 -0.000832215 -0.000839828 0.000834566 0.999996 0.00281551 0.000837228 -0.00281549 0.999996 0.0453248 0.251975 -0.000256735
FixedParameters: 0 0 0

#Transform 98
Transform: AffineTransform_float_3_3
Parameters: 0.999999 -0.000679841 -0.000770338 0.000681471 0.999997 0.00225548 0.000768048 -0.00225652 0.999997 0.061601 0.238685 -0.047737
FixedParameters: 0 0 0

#Transform 99
Transform: AffineTransform_float_3_3
Parameters: 0.999999 -0.000599419 -0.00058847 0.000601252 0.999996 0.00279265 0.000586819 -0.00279335 0.999996 0.0593422 0.252132 -0.0484869
FixedParameters: 0 0 0

#Transform 100
Transform: AffineTransform_float_3_3
Parameters: 0.999999 -0.000746402 -0.00053863 0.000748614 0.999996 0.00304245 0.000536703 -0.00304256 0.999995 0.0410894 0.264404 -0.0120254
FixedParameters: 0 0 0

#Transform 101
Transform: AffineTransform_float_3_3
Parameters: 0.999999 -0.000580395 -0.000408562 0.000580817 0.999998 0.00229461 0.000407599 -0.00229439 0.999997 0.0435818 0.242756 -0.0354723
FixedParameters: 0 0 0

#Transform 102
Transform: AffineTransform_float_3_3
Parameters: 0.999999 -0.000576777 -0.000681558 0.00057821 0.999996 0.00279261 0.000680425 -0.00279339 0.999996 0.0459861 0.258289 -0.0382754
FixedParameters: 0 0 0

#Transform 103
Transform: AffineTransform_float_3_3
Parameters: 0.999999 -0.000623613 -0.000661918 0.000626184 0.999995 0.00304259 0.000659817 -0.00304341 0.999995 0.0350038 0.274009 0.00907371
FixedParameters: 0 0 0

#Transform 104
Transform: AffineTransform_float_3_3
Parameters: 0.999999 -0.000583269 -0.000678805 0.000584605 0.999996 0.0027316 0.000677707 -0.0027324 0.999996 0.0444442 0.248518 -0.017933
FixedParameters: 0 0 0

#Transform 105
Transform: AffineTransform_float_3_3
Parameters: 0.999999 -0.000314656 -0.000952488 0.000318212 0.999993 0.00352521 0.000950508 -0.00352579 0.999994 0.0374965 0.276452 -0.00641546
FixedParameters: 0 0 0

#Transform 106
Transform: AffineTransform_float_3_3
Parameters: 1 -0.000832596 -0.000574208 0.000834583 0.999994 0.00346237 0.000571448 -0.00346263 0.999993 0.0286748 0.267518 0.0191781
FixedParameters: 0 0 0

#Transform 107
Transform: AffineTransform_float_3_3
Parameters: 1 -0.000813902 -0.000714123 0.000815671 0.999995 0.00290463 0.000711483 -0.00290437 0.999996 0.054056 0.263075 -0.0105712
FixedParameters: 0 0 0

#Transform 108
Transform: AffineTransform_float_3_3
Parameters: 0.999999 -0.000613064 -0.000666562 0.000615562 0.999994 0.00365844 0.00066416 -0.00365856 0.999993 0.0424322 0.287476 0.0160034
FixedParameters: 0 0 0

#Transform 109
Transform: AffineTransform_float_3_3
Parameters: 0.999999 -0.000644295 -0.000477771 0.000646435 0.999993 0.00376954 0.000474607 -0.00376946 0.999992 0.0194974 0.29397 0.0533502
FixedParameters: 0 0 0

#Transform 110
Transform: AffineTransform_float_3_3
Parameters: 1 -0.000862428 -0.000778442 0.000864392 0.999995 0.00312818 0.000776444 -0.00312882 0.999994 0.0569414 0.275951 0.0230792
FixedParameters: 0 0 0

#Transform 111
Transform: AffineTransform_float_3_3
Parameters: 1 -0.000741718 -0.000920479 0.000744745 0.999994 0.00343653 0.000917854 -0.00343648 0.999994 0.0290992 0.288223 0.0235237
FixedParameters: 0 0 0

#Transform 112
Transform: AffineTransform_float_3_3
Parameters: 0.999999 -0.00120486 -0.000698345 0.00120873 0.99999 0.00430136 0.000693207 -0.00430163 0.999991 0.00714261 0.300498 0.100748
FixedParameters: 0 0 0

#Transform 113
Transform: AffineTransform_float_3_3
Parameters: 1 -0.000764898 -0.00072729 0.000767548 0.999995 0.00318665 0.00072542 -0.00318635 0.999995 0.0483101 0.27721 0.0154929
FixedParameters: 0 0 0

#Transform 114
Transform: AffineTransform_float_3_3
Parameters: 1 -0.00105306 -0.000595048 0.0010557 0.99999 0.00434122 0.000590217 -0.00434178 0.99999 0.0383537 0.31375 0.0691317
FixedParameters: 0 0 0

#Transform 115
Transform: AffineTransform_float_3_3
Parameters: 1 -0.000928129 -0.000767092 0.000930602 0.999994 0.00316465 0.000763302 -0.00316535 0.999995 0.0708049 0.281496 -0.0166901
FixedParameters: 0 0 0

#Transform 116
Transform: AffineTransform_float_3_3
Parameters: 1 -0.000901441 -0.000638989 0.000903822 0.999991 0.00414527 0.000634909 -0.00414573 0.999991 0.0431929 0.294049 0.0465309
FixedParameters: 0 0 0

#Transform 117
Transform: AffineTransform_float_3_3
Parameters: 1 -0.000956439 -0.000639361 0.000958067 0.999993 0.0035506 0.000635968 -0.0035504 0.999993 0.0634547 0.27772 0.0113709
FixedParameters: 0 0 0

#Transform 118
Transform: AffineTransform_float_3_3
Parameters: 1 -0.000665584 -0.000829055 0.000669591 0.999991 0.00417045 0.00082689 -0.00417155 0.999991 0.0526053 0.29109 0.00535823
FixedParameters: 0 0 0

#Transform 119
Transform: AffineTransform_float_3_3
Parameters: 0.999999 -0.000909495 -0.000989168 0.000913037 0.999991 0.00419431 0.000985709 -0.0041947 0.999991 0.0495603 0.301016 0.0467014
FixedParameters: 0 0 0

#Transform 120
Transform: AffineTransform_float_3_3
Parameters: 1 -0.000313538 -0.00113625 0.000317927 0.999993 0.003726 0.00113454 -0.003726 0.999993 0.0531838 0.290428 -0.021319
FixedParameters: 0 0 0

#Transform 121
Transform: AffineTransform_float_3_3
Parameters: 1 -0.000569367 -0.00102884 0.000573368 0.999991 0.00418641 0.00102601 -0.00418759 0.99999 0.0445719 0.30124 0.0124381
FixedParameters: 0 0 0

#Transform 122
Transform: AffineTransform_float_3_3
Parameters: 1 -0.00044159 -0.00108245 0.000445248 0.999992 0.00381788 0.00108102 -0.00381812 0.999992 0.0393218 0.297449 0.0109601
FixedParameters: 0 0 0

#Transform 123
Transform: AffineTransform_float_3_3
Parameters: 1 -0.000437525 -0.00108415 0.000441948 0.999991 0.00416552 0.00108244 -0.00416648 0.99999 0.0316568 0.308394 0.0245219
FixedParameters: 0 0 0

#Transform 124
Transform: AffineTransform_float_3_3
Parameters: 0.999998 -0.000272225 -0.00168493 0.000280066 0.999991 0.00408241 0.00168409 -0.00408259 0.999991 0.00644891 0.305169 0.0261493
FixedParameters: 0 0 0

#Transform 125
Transform: AffineTransform_float_3_3
Parameters: 0.999999 -9.39019e-05 -0.0015386 9.97498e-05 0.999992 0.00394936 0.00153834 -0.00394964 0.999991 0.0159401 0.306739 0.0136021
FixedParameters: 0 0 0

#Transform 126
Transform: AffineTransform_float_3_3
Parameters: 0.999998 -0.00041321 -0.00166798 0.000419935 0.99999 0.00434218 0.00166657 -0.00434282 0.999989 0.00309898 0.318993 0.0579895
FixedParameters: 0 0 0

#Transform 127
Transform: AffineTransform_float_3_3
Parameters: 0.999998 -0.00011203 -0.00168723 0.00011867 0.999993 0.00383632 0.00168685 -0.00383669 0.999992 0.0185196 0.300861 0.0123419
FixedParameters: 0 0 0

#Transform 128
Transform: AffineTransform_float_3_3
Parameters: 0.999999 -0.000207042 -0.0017381 0.000214495 0.99999 0.00448835 0.00173749 -0.00448765 0.999989 0.00968141 0.330008 0.0421072
FixedParameters: 0 0 0

#Transform 129
Transform: AffineTransform_float_3_3
Parameters: 0.999998 -0.000146409 -0.00171254 0.000154236 0.99999 0.00451062 0.00171116 -0.00451039 0.999989 -0.0144042 0.317316 0.0673097
FixedParameters: 0 0 0

#Transform 130
Transform: AffineTransform_float_3_3
Parameters: 0.999999 -8.11897e-05 -0.00176692 8.89514e-05 0.99999 0.00461236 0.0017665 -0.00461264 0.999988 -0.00179635 0.319188 0.0352818
FixedParameters: 0 0 0

#Transform 131
Transform: AffineTransform_float_3_3
Parameters: 0.999999 -0.00012778 -0.00174724 0.000136252 0.999988 0.00486828 0.00174632 -0.00486872 0.999986 -0.018857 0.344066 0.0923425
FixedParameters: 0 0 0

#Transform 132
Transform: AffineTransform_float_3_3
Parameters: 0.999999 -0.000140233 -0.00175328 0.000147655 0.999991 0.00417726 0.00175297 -0.00417774 0.99999 0.0065658 0.319587 0.0239944
FixedParameters: 0 0 0

#Transform 133
Transform: AffineTransform_float_3_3
Parameters: 0.999997 0.000258557 -0.00215116 -0.00024797 0.99999 0.00453421 0.0021529 -0.00453379 0.999987 -0.0234903 0.342077 0.0452562
FixedParameters: 0 0 0

#Transform 134
Transform: AffineTransform_float_3_3
Parameters: 0.999997 7.87566e-05 -0.00235456 -6.80834e-05 0.99999 0.0044412 0.00235413 -0.0044408 0.999987 -0.0232833 0.332556 0.0511154
FixedParameters: 0 0 0

#Transform 135
Transform: AffineTransform_float_3_3
Parameters: 0.999997 0.000417904 -0.00220282 -0.000407798 0.99999 0.00449658 0.00220414 -0.00449543 0.999987 -0.0142712 0.341427 0.0173534
FixedParameters: 0 0 0

#Transform 136
Transform: AffineTransform_float_3_3
Parameters: 0.999997 0.000139375 -0.00237384 -0.000127745 0.999987 0.00507634 0.00237397 -0.00507566 0.999984 -0.0214389 0.356172 0.0592158
FixedParameters: 0 0 0

#Transform 137
Transform: AffineTransform_float_3_3
Parameters: 0.999997 -2.40952e-05 -0.00215396 3.46395e-05 0.999988 0.00473396 0.00215351 -0.00473403 0.999986 -0.0105459 0.340646 0.0479598
FixedParameters: 0 0 0

#Transform 138
Transform: AffineTransform_float_3_3
Parameters: 0.999998 7.5213e-05 -0.00187078 -6.47272e-05 0.999985 0.00543364 0.00187138 -0.00543335 0.999983 -0.00173548 0.349915 0.0380047
FixedParameters: 0 0 0

#Transform 139
Transform: AffineTransform_float_3_3
Parameters: 0.999999 -0.000196193 -0.00184645 0.000205156 0.999988 0.00498914 0.0018452 -0.00498986 0.999986 -0.00674962 0.33061 0.0559732
FixedParameters: 0 0 0

#Transform 140
Transform: AffineTransform_float_3_3
Parameters: 0.999999 1.07033e-05 -0.00175357 -3.02587e-06 0.999991 0.00436053 0.0017536 -0.00436048 0.999989 0.0156249 0.309956 0.0262784
FixedParameters: 0 0 0

#Transform 141
Transform: AffineTransform_float_3_3
Parameters: 0.999998 -9.19875e-05 -0.00198425 0.000103041 0.999987 0.00516832 0.001984 -0.00516868 0.999985 -0.00195813 0.327896 0.0454223
FixedParameters: 0 0 0

#Transform 142
Transform: AffineTransform_float_3_3
Parameters: 0.999998 -0.000152236 -0.00189413 0.000161989 0.999988 0.00496722 0.00189425 -0.00496779 0.999986 -0.020979 0.333436 0.0559681
FixedParameters: 0 0 0

#Transform 143
Transform: AffineTransform_float_3_3
Parameters: 0.999998 5.56481e-05 -0.00198101 -4.51387e-05 0.999987 0.00513762 0.00198136 -0.00513739 0.999985 -0.000405967 0.332464 0.0193799
FixedParameters: 0 0 0

#Transform 144
Transform: AffineTransform_float_3_3
Parameters: 0.999997 -0.000270473 -0.00237972 0.000283964 0.999984 0.00559536 0.00237894 -0.00559663 0.999981 -0.0240108 0.350546 0.0893846
FixedParameters: 0 0 0

#Transform 145
Transform: AffineTransform_float_3_3
Parameters: 0.999997 -5.90546e-05 -0.00222805 7.02044e-05 0.999987 0.00491888 0.00222764 -0.00491912 0.999985 0.00613445 0.338451 0.0377712
FixedParameters: 0 0 0

#Transform 146
Transform: AffineTransform_float_3_3
Parameters: 0.999998 0.00013594 -0.00204238 -0.000125336 0.999985 0.00555178 0.00204352 -0.00555122 0.999982 -0.00986041 0.354889 0.0312676
FixedParameters: 0 0 0

#Transform 147
Transform: AffineTransform_float_3_3
Parameters: 0.999997 -0.000196092 -0.00265351 0.000210828 0.999984 0.00567284 0.00265338 -0.00567315 0.99998 -0.045832 0.374184 0.105475
FixedParameters: 0 0 0

#Transform 148
Transform: AffineTransform_float_3_3
Parameters: 0.999996 0.000249184 -0.00261202 -0.000234542 0.999984 0.00561545 0.00261337 -0.00561555 0.999981 -0.0347062 0.356572 0.060992
FixedParameters: 0 0 0

#Transform 149
Transform: AffineTransform_float_3_3
Parameters: 0.999998 0.000383217 -0.00229439 -0.000368405 0.999981 0.00622752 0.00229731 -0.00622647 0.999978 -0.0347299 0.384212 0.0773244
FixedParameters: 0 0 0

#Transform 150
Transform: AffineTransform_float_3_3
Parameters: 0.999997 -0.000195346 -0.00238847 0.000207894 0.999985 0.00545991 0.00238766 -0.0054601 0.999983 -0.0350924 0.368017 0.0680279
FixedParameters: 0 0 0

#Transform 151
Transform: AffineTransform_float_3_3
Parameters: 0.999997 0.00035866 -0.00217221 -0.000348521 0.999988 0.00477943 0.00217358 -0.00477857 0.999986 -0.00258886 0.342224 -0.00652426
FixedParameters: 0 0 0

#Transform 152
Transform: AffineTransform_float_3_3
Parameters: 0.999996 0.000174178 -0.00258126 -0.00015872 0.999982 0.00601946 0.00258229 -0.00601855 0.999979 -0.0688301 0.389279 0.0935167
FixedParameters: 0 0 0

#Transform 153
Transform: AffineTransform_float_3_3
Parameters: 0.999996 0.000263384 -0.00257701 -0.000248723 0.999985 0.00544048 0.00257896 -0.00544052 0.999982 -0.0427677 0.367274 0.0444263
FixedParameters: 0 0 0

#Transform 154
Transform: AffineTransform_float_3_3
Parameters: 0.999997 9.74511e-05 -0.00243992 -8.29377e-05 0.999983 0.00590625 0.00244054 -0.00590576 0.99998 -0.0450987 0.39101 0.0489886
FixedParameters: 0 0 0

#Transform 155
Transform: AffineTransform_float_3_3
Parameters: 0.999997 -8.27933e-06 -0.00266546 2.43247e-05 0.999982 0.00603913 0.0026656 -0.00603987 0.999978 -0.0714242 0.411984 0.0933489
FixedParameters: 0 0 0

#Transform 156
Transform: AffineTransform_float_3_3
Parameters: 0.999996 -0.000101959 -0.00255931 0.000117313 0.999982 0.0058989 0.00255888 -0.0059001 0.999979 -0.0808615 0.402594 0.118302
FixedParameters: 0 0 0

#Transform 157
Transform: AffineTransform_float_3_3
Parameters: 0.999996 -2.5662e-05 -0.00289269 4.44993e-05 0.999978 0.00659243 0.00289282 -0.00659256 0.999974 -0.0623969 0.413789 0.0763721
FixedParameters: 0 0 0

#Transform 158
Transform: AffineTransform_float_3_3
Parameters: 0.999996 -8.13158e-05 -0.00278902 0.000100387 0.999976 0.00688028 0.00278836 -0.00688071 0.999973 -0.074203 0.417702 0.136984
FixedParameters: 0 0 0

#Transform 159
Transform: AffineTransform_float_3_3
Parameters: 0.999995 -0.000229323 -0.00297893 0.000248737 0.999978 0.00665483 0.00297672 -0.00665618 0.999973 -0.0734671 0.409543 0.121596
FixedParameters: 0 0 0

#Transform 160
Transform: AffineTransform_float_3_3
Parameters: 0.999995 -7.17432e-06 -0.00323762 3.07852e-05 0.999975 0.00717463 0.00323727 -0.00717537 0.999969 -0.0749205 0.422437 0.0877502
FixedParameters: 0 0 0

#Transform 161
Transform: AffineTransform_float_3_3
Parameters: 0.999995 -0.000166857 -0.00319111 0.000191036 0.99997 0.00773997 0.00319035 -0.00774103 0.999965 -0.103637 0.43428 0.182284
FixedParameters: 0 0 0

#Transform 162
Transform: AffineTransform_float_3_3
Parameters: 0.999996 0.00014354 -0.00287297 -0.000124414 0.999977 0.00682392 0.00287355 -0.00682308 0.999973 -0.0678523 0.394442 0.11211
FixedParameters: 0 0 0

#Transform 163
Transform: AffineTransform_float_3_3
Parameters: 0.999995 0.000141568 -0.00311165 -0.000118979 0.999972 0.00751009 0.00311299 -0.0075099 0.999967 -0.0728143 0.430807 0.102307
FixedParameters: 0 0 0

#Transform 164
Transform: AffineTransform_float_3_3
Parameters: 0.999994 -0.00039079 -0.00341143 0.00041609 0.999973 0.00734867 0.00340844 -0.00735133 0.999967 -0.0837442 0.424012 0.145828
FixedParameters: 0 0 0

#Transform 165
Transform: AffineTransform_float_3_3
Parameters: 0.999994 0.000151158 -0.00330413 -0.000128849 0.999977 0.0067523 0.00330463 -0.00675269 0.999972 -0.0632033 0.396404 0.11138
FixedParameters: 0 0 0

#Transform 166
Transform: AffineTransform_float_3_3
Parameters: 0.999995 5.55299e-05 -0.00312796 -3.3115e-05 0.999972 0.00744503 0.00312801 -0.00744396 0.999967 -0.066244 0.423484 0.116485
FixedParameters: 0 0 0

#Transform 167
Transform: AffineTransform_float_3_3
Parameters: 0.999995 -6.89989e-05 -0.00318998 9.23288e-05 0.999973 0.0073828 0.0031891 -0.00738321 0.999968 -0.0743789 0.438086 0.153418
FixedParameters: 0 0 0

#Transform 168
Transform: AffineTransform_float_3_3
Parameters: 0.999995 0.000306484 -0.00298721 -0.000286727 0.999976 0.00695258 0.00298863 -0.00695143 0.999972 -0.0556745 0.411736 0.0815267
FixedParameters: 0 0 0

#Transform 169
Transform: AffineTransform_float_3_3
Parameters: 0.999994 0.000366468 -0.00340662 -0.000341392 0.999972 0.00747304 0.00340985 -0.00747195 0.999966 -0.0867929 0.441193 0.10664
FixedParameters: 0 0 0

#Transform 170
Transform: AffineTransform_float_3_3
Parameters: 0.999993 4.18509e-05 -0.00376734 -1.31475e-05 0.999971 0.00767731 0.00376819 -0.00767769 0.999963 -0.10277 0.453075 0.158319
FixedParameters: 0 0 0

#Transform 171
Transform: AffineTransform_float_3_3
Parameters: 0.999993 0.00042443 -0.00388723 -0.000396666 0.999975 0.00718196 0.00389093 -0.00718005 0.999967 -0.0760402 0.424228 0.105441
FixedParameters: 0 0 0

#Transform 172
Transform: AffineTransform_float_3_3
Parameters: 0.999992 0.0005229 -0.00390797 -0.000491234 0.999968 0.00802834 0.00391193 -0.00802566 0.99996 -0.0982253 0.4698 0.118799
FixedParameters: 0 0 0

#Transform 173
Transform: AffineTransform_float_3_3
Parameters: 0.999992 -5.19307e-06 -0.00417917 3.91088e-05 0.999967 0.00807913 0.00417896 -0.00807987 0.999959 -0.122605 0.468524 0.168791
FixedParameters: 0 0 0

#Transform 174
Transform: AffineTransform_float_3_3
Parameters: 0.999991 0.000192451 -0.00438038 -0.00015988 0.999972 0.00749315 0.00438185 -0.00749285 0.999963 -0.125051 0.458376 0.163363
FixedParameters: 0 0 0

#Transform 175
Transform: AffineTransform_float_3_3
Parameters: 0.999992 0.000412686 -0.00412236 -0.000377216 0.999964 0.00840665 0.00412599 -0.00840535 0.999956 -0.123049 0.493851 0.139177
FixedParameters: 0 0 0

#Transform 176
Transform: AffineTransform_float_3_3
Parameters: 0.99999 -0.000224495 -0.00443922 0.000262488 0.999963 0.00858487 0.00443714 -0.00858614 0.999954 -0.139459 0.514237 0.212354
FixedParameters: 0 0 0

#Transform 177
Transform: AffineTransform_float_3_3
Parameters: 0.99999 0.000111174 -0.00435645 -7.81647e-05 0.999972 0.007435 0.00435722 -0.007434 0.999963 -0.116856 0.471245 0.142444
FixedParameters: 0 0 0

#Transform 178
Transform: AffineTransform_float_3_3
Parameters: 0.999989 0.0004811 -0.00464165 -0.000442928 0.999966 0.00818183 0.00464461 -0.00818017 0.999956 -0.127057 0.486654 0.127119
FixedParameters: 0 0 0

#Transform 179
Transform: AffineTransform_float_3_3
Parameters: 0.999989 1.95356e-05 -0.00470744 1.99957e-05 0.999965 0.0083831 0.00470677 -0.00838291 0.999954 -0.167324 0.498176 0.209473
FixedParameters: 0 0 0
