#Insight Transform File V1.0
#Transform 0
Transform: AffineTransform_float_3_3
Parameters: 1 -0.000322255 0.000136571 0.000322098 1 0.000574044 -0.000136941 -0.000573956 1 -0.0656757 -0.213383 -0.300468
FixedParameters: 0 0 0

#Transform 1
Transform: AffineTransform_float_3_3
Parameters: 1 0.000633313 -0.000268809 -0.000633301 1 2.21704e-05 0.000268837 -2.18299e-05 1 0.004327 0.0312872 -0.0164685
FixedParameters: 0 0 0

#Transform 2
Transform: AffineTransform_float_3_3
Parameters: 0.999999 0.000691003 -0.000291572 -0.000690536 0.999998 0.00213684 0.000292684 -0.00213716 0.999998 0.044985 0.017332 -0.0293927
FixedParameters: 0 0 0

#Transform 3
Transform: AffineTransform_float_3_3
Parameters: 0.999999 0.000916224 -0.000385446 -0.00091491 0.999995 0.003212 0.000388566 -0.00321201 0.999995 0.0456685 -0.00494499 -0.0959003
FixedParameters: 0 0 0

#Transform 4
Transform: AffineTransform_float_3_3
Parameters: 1 0.00037386 -0.000428776 -0.000372839 0.999996 0.00271616 0.000430274 -0.00271584 0.999996 0.0305706 0.0154821 -0.124014
FixedParameters: 0 0 0

#Transform 5
Transform: AffineTransform_float_3_3
Parameters: 1 0.000477041 6.59029e-05 -0.000476846 0.999996 0.00255997 -6.47722e-05 -0.00256003 0.999996 0.0397406 0.0159823 -0.0995205
FixedParameters: 0 0 0

#Transform 6
Transform: AffineTransform_float_3_3
Parameters: 0.999999 0.000710299 0.00021143 -0.000711219 0.999992 0.00377285 -0.000209609 -0.00377315 0.999993 0.0461541 -0.0151109 -0.113135
FixedParameters: 0 0 0

#Transform 7
Transform: AffineTransform_float_3_3
Parameters: 0.999999 0.000916627 -0.000384485 -0.000914897 0.999991 0.00426 0.000388606 -0.00426001 0.999991 0.0346785 -0.0104056 -0.152617
FixedParameters: 0 0 0

#Transform 8
Transform: AffineTransform_float_3_3
Parameters: 1 0.000429587 -0.000410911 -0.000427814 0.999989 0.00469518 0.000412565 -0.00469482 0.999989 0.0317491 -0.00912635 -0.192792
FixedParameters: 0 0 0

#Transform 9
Transform: AffineTransform_float_3_3
Parameters: 1 0.000278054 -0.000599044 -0.000275622 0.999989 0.00454316 0.000599579 -0.00454283 0.999989 0.0414734 0.0039836 -0.203698
FixedParameters: 0 0 0

#Transform 10
Transform: AffineTransform_float_3_3
Parameters: 1 0.000115341 -0.000348577 -0.000114105 0.999987 0.00496704 0.000349578 -0.00496696 0.999987 0.047816 0.00585974 -0.221779
FixedParameters: 0 0 0

#Transform 11
Transform: AffineTransform_float_3_3
Parameters: 1 -1.68017e-05 -0.000369128 1.87222e-05 0.999987 0.00509099 0.000369729 -0.00509101 0.999987 0.0554569 -0.00278787 -0.231859
FixedParameters: 0 0 0

#Transform 12
Transform: AffineTransform_float_3_3
Parameters: 1 0.000113884 -3.35137e-05 -0.000113508 0.999985 0.0055 3.47643e-05 -0.00549999 0.999985 0.0579097 -0.0157428 -0.258485
FixedParameters: 0 0 0

#Transform 13
Transform: AffineTransform_float_3_3
Parameters: 1 3.98208e-05 -0.000210664 -3.84516e-05 0.999986 0.00542401 0.000211479 -0.00542399 0.999986 0.0587777 -0.0157633 -0.243094
FixedParameters: 0 0 0

#Transform 14
Transform: AffineTransform_float_3_3
Parameters: 1 -4.50648e-06 -0.000316764 5.77393e-06 0.999984 0.005525 0.000316568 -0.005525 0.999984 0.0569813 -0.02098 -0.2367
FixedParameters: 0 0 0

#Transform 15
Transform: AffineTransform_float_3_3
Parameters: 1 0.000221197 -0.000380826 -0.000219748 0.999985 0.00533608 0.000382119 -0.00533591 0.999985 0.0733751 -0.0193934 -0.241788
FixedParameters: 0 0 0

#Transform 16
Transform: AffineTransform_float_3_3
Parameters: 1 6.89572e-06 -0.000289089 -5.87229e-06 0.999988 0.004947 0.000289933 -0.004947 0.999987 0.0643184 -0.0223901 -0.219503
FixedParameters: 0 0 0

#Transform 17
Transform: AffineTransform_float_3_3
Parameters: 1 1.36196e-05 -0.000272497 -1.22965e-05 0.999991 0.00411336 0.000272994 -0.00411264 0.999992 0.0549233 0.00869754 -0.22237
FixedParameters: 0 0 0

#Transform 18
Transform: AffineTransform_float_3_3
Parameters: 1 0.0001692 9.81384e-05 -0.000170338 0.999992 0.00381298 -9.77643e-05 -0.00381301 0.999992 0.042939 0.0255899 -0.233535
FixedParameters: 0 0 0

#Transform 19
Transform: AffineTransform_float_3_3
Parameters: 1 1.09095e-05 -0.000278951 -9.93121e-06 0.999991 0.004107 0.000278507 -0.00410699 0.999991 0.0495801 0.0250791 -0.250916
FixedParameters: 0 0 0

#Transform 20
Transform: AffineTransform_float_3_3
Parameters: 1 -3.57992e-05 -0.000390536 3.73922e-05 0.999991 0.00439399 0.000390996 -0.00439402 0.999991 0.0516233 0.0211764 -0.280072
FixedParameters: 0 0 0

#Transform 21
Transform: AffineTransform_float_3_3
Parameters: 1 -4.65817e-05 -0.000417329 4.92726e-05 0.999986 0.00542798 0.00041759 -0.00542802 0.999985 0.0521356 -0.00528786 -0.282768
FixedParameters: 0 0 0

#Transform 22
Transform: AffineTransform_float_3_3
Parameters: 1 0.000232203 -0.000504716 -0.000229955 0.999987 0.00520912 0.000505143 -0.00520889 0.999987 0.0503411 -0.00231714 -0.287625
FixedParameters: 0 0 0

#Transform 23
Transform: AffineTransform_float_3_3
Parameters: 1 -4.54887e-05 -0.000414554 4.80211e-05 0.999986 0.00527298 0.000414842 -0.00527302 0.999986 0.0520941 0.00680736 -0.283487
FixedParameters: 0 0 0

#Transform 24
Transform: AffineTransform_float_3_3
Parameters: 1 -1.91337e-05 -0.000351826 2.12377e-05 0.999985 0.005602 0.000352382 -0.00560201 0.999984 0.035781 0.000408212 -0.309863
FixedParameters: 0 0 0

#Transform 25
Transform: AffineTransform_float_3_3
Parameters: 1 -1.58282e-05 -0.000136446 1.64499e-05 0.999984 0.005647 0.000136654 -0.005647 0.999984 0.0199298 -0.00341083 -0.306758
FixedParameters: 0 0 0

#Transform 26
Transform: AffineTransform_float_3_3
Parameters: 1 -5.9244e-05 -0.000447784 6.14799e-05 0.999985 0.00557698 0.000448283 -0.00557703 0.999985 0.0441077 0.00427066 -0.292911
FixedParameters: 0 0 0

#Transform 27
Transform: AffineTransform_float_3_3
Parameters: 1 -5.23004e-05 -0.000431176 5.39616e-05 0.999985 0.00558398 0.000430834 -0.00558403 0.999985 0.0476747 0.00752678 -0.291497
FixedParameters: 0 0 0

#Transform 28
Transform: AffineTransform_float_3_3
Parameters: 1 -0.0002186 -0.000416961 0.000220628 0.999984 0.00575191 0.000415607 -0.0057521 0.999984 0.0399746 0.00802729 -0.284673
FixedParameters: 0 0 0

#Transform 29
Transform: AffineTransform_float_3_3
Parameters: 1 -7.93469e-05 -0.000495754 8.16163e-05 0.999985 0.00547111 0.000495125 -0.00547189 0.999985 0.0452247 0.0224649 -0.284961
FixedParameters: 0 0 0

#Transform 30
Transform: AffineTransform_float_3_3
Parameters: 1 -3.4833e-05 -0.000389666 3.7182e-05 0.999982 0.00588198 0.000389103 -0.00588201 0.999982 0.022816 0.0102644 -0.290223
FixedParameters: 0 0 0

#Transform 31
Transform: AffineTransform_float_3_3
Parameters: 1 -2.87894e-05 -0.000374892 3.07224e-05 0.999984 0.00555798 0.000374422 -0.00555801 0.999984 0.0431019 0.0189771 -0.25535
FixedParameters: 0 0 0

#Transform 32
Transform: AffineTransform_float_3_3
Parameters: 1 -8.97953e-05 -0.000520659 9.26632e-05 0.999986 0.00540496 0.000520845 -0.00540505 0.999986 0.0442416 0.0225266 -0.250946
FixedParameters: 0 0 0

#Transform 33
Transform: AffineTransform_float_3_3
Parameters: 1 -9.14164e-05 -0.000524336 9.37717e-05 0.999986 0.00525511 0.000523614 -0.0052559 0.999986 0.0332998 0.023081 -0.276731
FixedParameters: 0 0 0

#Transform 34
Transform: AffineTransform_float_3_3
Parameters: 1 6.5769e-05 -0.00028332 -6.40875e-05 0.999986 0.00528002 0.000283476 -0.00527998 0.999986 0.0395477 0.0171556 -0.270673
FixedParameters: 0 0 0

#Transform 35
Transform: AffineTransform_float_3_3
Parameters: 1 -7.80902e-05 -0.000493002 8.05289e-05 0.999984 0.00567396 0.000492353 -0.00567404 0.999984 0.0376655 0.0177904 -0.280092
FixedParameters: 0 0 0

#Transform 36
Transform: AffineTransform_float_3_3
Parameters: 1 -0.000161238 -0.000234963 0.000163044 0.999987 0.00497396 0.000234661 -0.00497403 0.999987 0.0239276 0.0199313 -0.277561
FixedParameters: 0 0 0

#Transform 37
Transform: AffineTransform_float_3_3
Parameters: 1 4.51533e-06 -0.000295541 -2.78118e-06 0.999982 0.00604 0.000296366 -0.00604 0.999981 0.040441 0.00607337 -0.245683
FixedParameters: 0 0 0

#Transform 38
Transform: AffineTransform_float_3_3
Parameters: 1 -0.000102859 -0.000551043 0.000104991 0.999989 0.00479795 0.000550297 -0.00479806 0.999989 0.0434874 0.0292604 -0.2777
FixedParameters: 0 0 0

#Transform 39
Transform: AffineTransform_float_3_3
Parameters: 1 0.000100358 -6.5848e-05 -9.9684e-05 0.999987 0.00508201 6.68647e-05 -0.00508199 0.999987 0.0316773 0.0229971 -0.269305
FixedParameters: 0 0 0

#Transform 40
Transform: AffineTransform_float_3_3
Parameters: 1 -0.000536456 -0.000242441 0.000537543 0.99999 0.00444572 0.000240289 -0.00444528 0.99999 0.0420747 0.0664736 -0.305782
FixedParameters: 0 0 0

#Transform 41
Transform: AffineTransform_float_3_3
Parameters: 1 -0.000367074 -0.000271435 0.000369001 0.999984 0.0055149 0.000269998 -0.0055151 0.999985 0.0323542 0.0264936 -0.35348
FixedParameters: 0 0 0

#Transform 42
Transform: AffineTransform_float_3_3
Parameters: 1 -0.000364304 -0.000194433 0.000364819 0.999987 0.00507893 0.000192432 -0.00507907 0.999987 0.0340905 0.0349837 -0.363266
FixedParameters: 0 0 0

#Transform 43
Transform: AffineTransform_float_3_3
Parameters: 1 -0.000673886 -0.000123413 0.000674454 0.999987 0.00507892 0.000120108 -0.00507908 0.999987 0.0401229 0.0476751 -0.353252
FixedParameters: 0 0 0

#Transform 44
Transform: AffineTransform_float_3_3
Parameters: 1 -0.000351281 -0.000101332 0.000351308 0.999986 0.00539097 0.000100167 -0.00539104 0.999986 0.0343959 0.0532003 -0.370809
FixedParameters: 0 0 0

#Transform 45
Transform: AffineTransform_float_3_3
Parameters: 1 -0.000610867 0.000130629 0.000610552 0.999984 0.00560508 -0.000134714 -0.00560492 0.999985 0.03603 0.0590142 -0.386966
FixedParameters: 0 0 0

#Transform 46
Transform: AffineTransform_float_3_3
Parameters: 1 -0.000500674 0.000321775 0.000498455 0.999982 0.00585616 -0.000323944 -0.00585584 0.999983 0.0281742 0.05761 -0.406546
FixedParameters: 0 0 0

#Transform 47
Transform: AffineTransform_float_3_3
Parameters: 1 -0.000604615 -6.00876e-05 0.000604716 0.999977 0.00665296 5.55848e-05 -0.00665303 0.999978 0.0414918 0.0237394 -0.454876
FixedParameters: 0 0 0

#Transform 48
Transform: AffineTransform_float_3_3
Parameters: 1 -0.00050054 1.03104e-05 0.000500631 0.999978 0.00663001 -1.37959e-05 -0.00662999 0.999978 0.0297067 0.0201728 -0.448871
FixedParameters: 0 0 0

#Transform 49
Transform: AffineTransform_float_3_3
Parameters: 1 -0.000196154 0.000270232 0.000194265 0.999978 0.00663005 -0.00027137 -0.00662995 0.999978 0.00970126 0.028058 -0.465497
FixedParameters: 0 0 0

#Transform 50
Transform: AffineTransform_float_3_3
Parameters: 1 -0.000422402 0.000377358 0.000419675 0.999976 0.00688016 -0.00037986 -0.00687984 0.999977 0.0153029 0.0374222 -0.486749
FixedParameters: 0 0 0

#Transform 51
Transform: AffineTransform_float_3_3
Parameters: 1 -0.000368076 0.000507617 0.000364339 0.999978 0.00663019 -0.000510493 -0.00662981 0.999978 0.0151865 0.0444627 -0.48149
FixedParameters: 0 0 0

#Transform 52
Transform: AffineTransform_float_3_3
Parameters: 1 -0.000113845 0.00046777 0.000110262 0.999978 0.00663005 -0.000468196 -0.00662995 0.999978 0.0142501 0.0432378 -0.479209
FixedParameters: 0 0 0

#Transform 53
Transform: AffineTransform_float_3_3
Parameters: 1 0.000411158 -0.000516519 -0.000407976 0.999973 0.00724221 0.000519941 -0.00724178 0.999973 0.0214998 0.08549 -0.674856
FixedParameters: 0 0 0

#Transform 54
Transform: AffineTransform_float_3_3
Parameters: 0.999999 -0.000698389 -0.000285489 0.000700176 0.999976 0.00689465 0.000281091 -0.00689435 0.999976 0.04271 0.103302 -0.619794
FixedParameters: 0 0 0

#Transform 55
Transform: AffineTransform_float_3_3
Parameters: 0.999999 -0.000535586 -0.000546328 0.000539202 0.999971 0.00767771 0.000542261 -0.0076783 0.999971 0.0367559 0.0672708 -0.660734
FixedParameters: 0 0 0

#Transform 56
Transform: AffineTransform_float_3_3
Parameters: 1 -0.000397129 -0.000212874 0.000398312 0.999972 0.00747992 0.000209937 -0.00748008 0.999972 0.0189498 0.083402 -0.704785
FixedParameters: 0 0 0

#Transform 57
Transform: AffineTransform_float_3_3
Parameters: 1 -0.000302706 1.4279e-05 0.000302336 0.999972 0.007493 -1.65809e-05 -0.00749299 0.999972 0.0149527 0.0663735 -0.759024
FixedParameters: 0 0 0

#Transform 58
Transform: AffineTransform_float_3_3
Parameters: 1 -0.000307692 2.70295e-06 0.000307511 0.999982 0.00610101 -4.22459e-06 -0.006101 0.999982 0.0152452 0.0725142 -0.855608
FixedParameters: 0 0 0

#Transform 59
Transform: AffineTransform_float_3_3
Parameters: 1 -0.000384969 -0.000183067 0.000385467 0.999976 0.00681093 0.000180833 -0.00681107 0.999977 0.018316 0.156125 -0.633024
FixedParameters: 0 0 0

#Transform 60
Transform: AffineTransform_float_3_3
Parameters: 1 -0.000378946 -0.000168007 0.000379906 0.999981 0.00604493 0.000166042 -0.00604506 0.999981 0.0126011 0.163093 -0.648544
FixedParameters: 0 0 0

#Transform 61
Transform: AffineTransform_float_3_3
Parameters: 1 -0.000346583 -9.05268e-05 0.000346628 0.999981 0.00615797 8.88805e-05 -0.00615803 0.999981 0.00821276 0.159122 -0.678456
FixedParameters: 0 0 0

#Transform 62
Transform: AffineTransform_float_3_3
Parameters: 1 -0.000316158 -1.77222e-05 0.000316236 0.999979 0.00648699 1.58516e-05 -0.006487 0.999979 0.00380568 0.150858 -0.736629
FixedParameters: 0 0 0

#Transform 63
Transform: AffineTransform_float_3_3
Parameters: 1 -0.000365001 -0.000135002 0.000365719 0.999978 0.00663995 0.000132772 -0.00664005 0.999978 0.00381044 0.133936 -0.760703
FixedParameters: 0 0 0

#Transform 64
Transform: AffineTransform_float_3_3
Parameters: 1 0.000171483 -0.000225349 -0.000170299 0.99998 0.00639368 0.000226084 -0.00639432 0.999979 -0.0139281 0.123427 -0.818342
FixedParameters: 0 0 0

#Transform 65
Transform: AffineTransform_float_3_3
Parameters: 0.999999 0.000338657 -0.000697165 -0.000334925 0.999981 0.00614524 0.000700106 -0.00614476 0.999981 -0.0310582 0.146813 -0.828551
FixedParameters: 0 0 0

#Transform 66
Transform: AffineTransform_float_3_3
Parameters: 0.999999 0.000744681 -0.000553237 -0.000739656 0.999972 0.00745241 0.000559166 -0.00745159 0.999972 -0.0372545 0.141977 -0.81244
FixedParameters: 0 0 0

#Transform 67
Transform: AffineTransform_float_3_3
Parameters: 0.999999 0.000674914 -0.000543839 -0.00067109 0.999973 0.00732937 0.000548962 -0.00732863 0.999973 -0.0365819 0.144872 -0.836736
FixedParameters: 0 0 0

#Transform 68
Transform: AffineTransform_float_3_3
Parameters: 0.999999 0.000633872 -0.000595345 -0.000629767 0.999975 0.00693937 0.000599372 -0.00693862 0.999975 -0.0355206 0.141529 -0.860802
FixedParameters: 0 0 0

#Transform 69
Transform: AffineTransform_float_3_3
Parameters: 0.999999 0.000631541 -0.000601951 -0.000627156 0.999967 0.00817402 0.000606968 -0.00817398 0.999966 -0.0353682 0.139855 -0.858715
FixedParameters: 0 0 0

#Transform 70
Transform: AffineTransform_float_3_3
Parameters: 1 0.000504082 -0.000909453 -0.000497148 0.999965 0.00833346 0.000913697 -0.00833254 0.999965 -0.0298096 0.120692 -0.870739
FixedParameters: 0 0 0

#Transform 71
Transform: AffineTransform_float_3_3
Parameters: 1 0.000487237 -0.000950092 -0.000479609 0.999965 0.00834346 0.000954059 -0.00834254 0.999964 -0.0331514 0.137467 -0.857438
FixedParameters: 0 0 0

#Transform 72
Transform: AffineTransform_float_3_3
Parameters: 0.999999 0.000546093 -0.000809256 -0.000538609 0.999958 0.00912744 0.000814666 -0.00912656 0.999958 -0.0316749 0.13044 -0.841468
FixedParameters: 0 0 0

#Transform 73
Transform: AffineTransform_float_3_3
Parameters: 0.999999 0.000474656 -0.000628444 -0.000469607 0.999962 0.0087813 0.000632775 -0.00878071 0.999961 -0.033391 0.149894 -0.857692
FixedParameters: 0 0 0

#Transform 74
Transform: AffineTransform_float_3_3
Parameters: 0.999999 0.000343685 -0.00129894 -0.000331844 0.999957 0.0092946 0.00130176 -0.00929441 0.999956 -0.0390539 0.129633 -0.882137
FixedParameters: 0 0 0

#Transform 75
Transform: AffineTransform_float_3_3
Parameters: 1 0.0004491 -0.00104467 -0.000439486 0.999954 0.00960246 0.00104897 -0.00960153 0.999953 -0.0338666 0.137713 -0.88361
FixedParameters: 0 0 0

#Transform 76
Transform: AffineTransform_float_3_3
Parameters: 0.999999 0.000323744 -0.00134867 -0.000310503 0.999953 0.00981044 0.00135183 -0.00980958 0.999951 -0.0455102 0.137585 -0.900464
FixedParameters: 0 0 0

#Transform 77
Transform: AffineTransform_float_3_3
Parameters: 0.999999 0.000269667 -0.00147904 -0.000255316 0.999954 0.00963454 0.00148143 -0.00963446 0.999952 -0.0376216 0.151819 -0.918261
FixedParameters: 0 0 0

#Transform 78
Transform: AffineTransform_float_3_3
Parameters: 0.999999 0.000315402 -0.00137067 -0.000301405 0.999947 0.0104074 0.00137349 -0.0104066 0.999945 -0.0427377 0.133951 -0.903148
FixedParameters: 0 0 0

#Transform 79
Transform: AffineTransform_float_3_3
Parameters: 0.999999 0.000256696 -0.00151304 -0.000241604 0.999946 0.0103999 0.00151541 -0.0103991 0.999945 -0.0375403 0.127738 -0.898872
FixedParameters: 0 0 0

#Transform 80
Transform: AffineTransform_float_3_3
Parameters: 1 9.21052e-05 -0.00117258 -7.87108e-05 0.999945 0.0104643 0.00117367 -0.0104647 0.999944 -0.0389621 0.121458 -0.89082
FixedParameters: 0 0 0

#Transform 81
Transform: AffineTransform_float_3_3
Parameters: 0.999999 0.000135464 -0.00139272 -0.000121048 0.999946 0.0104482 0.00139404 -0.0104478 0.999944 -0.039712 0.122949 -0.880163
FixedParameters: 0 0 0

#Transform 82
Transform: AffineTransform_float_3_3
Parameters: 0.999999 -3.73747e-05 -0.00143881 5.08753e-05 0.999955 0.00952994 0.00143844 -0.00953006 0.999953 -0.0172585 0.13151 -0.878336
FixedParameters: 0 0 0

#Transform 83
Transform: AffineTransform_float_3_3
Parameters: 0.999999 -0.000131754 -0.00179452 0.000149286 0.999951 0.00990262 0.00179285 -0.00990238 0.99995 -0.0114826 0.148838 -0.87277
FixedParameters: 0 0 0

#Transform 84
Transform: AffineTransform_float_3_3
Parameters: 0.999999 0.000347302 -0.00129386 -0.000333045 0.999944 0.0106134 0.00129801 -0.0106126 0.999943 -0.023026 0.125698 -0.894808
FixedParameters: 0 0 0

#Transform 85
Transform: AffineTransform_float_3_3
Parameters: 0.999999 0.000251152 -0.00152861 -0.000234778 0.999939 0.0110119 0.00153153 -0.0110111 0.999939 -0.0351818 0.110685 -0.912712
FixedParameters: 0 0 0

#Transform 86
Transform: AffineTransform_float_3_3
Parameters: 0.999999 -1.05604e-05 -0.00154421 2.82454e-05 0.99994 0.0109563 0.00154413 -0.0109557 0.999938 -0.0249526 0.110388 -0.917719
FixedParameters: 0 0 0

#Transform 87
Transform: AffineTransform_float_3_3
Parameters: 0.999999 0.000278795 -0.00146283 -0.000261699 0.999935 0.0114365 0.0014662 -0.0114365 0.999933 -0.0392728 0.117726 -0.933955
FixedParameters: 0 0 0

#Transform 88
Transform: AffineTransform_float_3_3
Parameters: 0.999999 0.000319606 -0.00136467 -0.000304117 0.99993 0.0118124 0.0013683 -0.0118116 0.999929 -0.0359646 0.107727 -0.950345
FixedParameters: 0 0 0

#Transform 89
Transform: AffineTransform_float_3_3
Parameters: 0.999999 0.00031592 -0.0013739 -0.000299989 0.999929 0.0118936 0.00137749 -0.0118934 0.999928 -0.0214098 0.118059 -0.963842
FixedParameters: 0 0 0

#Transform 90
Transform: AffineTransform_float_3_3
Parameters: 0.999999 0.000256148 -0.00152002 -0.00023813 0.999928 0.0120445 0.00152302 -0.0120445 0.999926 -0.0298984 0.0855205 -0.991394
FixedParameters: 0 0 0

#Transform 91
Transform: AffineTransform_float_3_3
Parameters: 0.999999 0.000288313 -0.0014414 -0.000271469 0.999928 0.0119736 0.00144476 -0.0119734 0.999927 -0.0202493 0.110467 -0.99557
FixedParameters: 0 0 0

#Transform 92
Transform: AffineTransform_float_3_3
Parameters: 0.999999 0.000367268 -0.0012498 -0.000352432 0.999925 0.0122626 0.0012545 -0.0122624 0.999924 -0.0286133 0.122191 -1.00121
FixedParameters: 0 0 0

#Transform 93
Transform: AffineTransform_float_3_3
Parameters: 0.999999 0.000377916 -0.00122469 -0.00036288 0.999921 0.0125925 0.0012299 -0.0125916 0.99992 -0.0459208 0.108995 -1.01798
FixedParameters: 0 0 0

#Transform 94
Transform: AffineTransform_float_3_3
Parameters: 0.999998 0.000220534 -0.00161134 -0.000199528 0.999912 0.0132668 0.00161421 -0.0132661 0.999911 -0.0386182 0.0827215 -1.05033
FixedParameters: 0 0 0

#Transform 95
Transform: AffineTransform_float_3_3
Parameters: 0.999998 0.000483933 -0.00162896 -0.000461487 0.999907 0.0136253 0.00163599 -0.0136237 0.999906 -0.0410802 0.100841 -1.03496
FixedParameters: 0 0 0

#Transform 96
Transform: AffineTransform_float_3_3
Parameters: 0.999999 0.000286884 -0.00144934 -0.000268092 0.999911 0.0133459 0.00145326 -0.0133451 0.99991 -0.0231598 0.0970469 -1.05682
FixedParameters: 0 0 0

#Transform 97
Transform: AffineTransform_float_3_3
Parameters: 0.999999 0.00025832 -0.00151793 -0.000238835 0.999916 0.0129755 0.0015209 -0.0129755 0.999915 -0.0248045 0.0871073 -1.06322
FixedParameters: 0 0 0

#Transform 98
Transform: AffineTransform_float_3_3
Parameters: 0.999999 0.000257786 -0.00152147 -0.00023756 0.999907 0.01362 0.0015242 -0.01362 0.999907 -0.0341222 0.103067 -1.07031
FixedParameters: 0 0 0

#Transform 99
Transform: AffineTransform_float_3_3
Parameters: 0.999999 0.000187475 -0.00135635 -0.00016806 0.999901 0.0140157 0.00135837 -0.0140152 0.999901 -0.0316622 0.0940064 -1.08368
FixedParameters: 0 0 0

#Transform 100
Transform: AffineTransform_float_3_3
Parameters: 0.999998 -2.23896e-05 -0.00221302 5.45797e-05 0.999893 0.0146638 0.00221165 -0.0146632 0.99989 -0.0293483 0.0580314 -1.09665
FixedParameters: 0 0 0

#Transform 101
Transform: AffineTransform_float_3_3
Parameters: 0.999998 3.19e-05 -0.00189435 -4.73544e-06 0.9999 0.0141355 0.00189412 -0.0141354 0.999898 -0.03452 0.0762549 -1.09879
FixedParameters: 0 0 0

#Transform 102
Transform: AffineTransform_float_3_3
Parameters: 0.999999 0.000165768 -0.00175267 -0.000139716 0.999887 0.0150588 0.0017556 -0.0150582 0.999885 -0.0486683 0.073423 -1.12548
FixedParameters: 0 0 0

#Transform 103
Transform: AffineTransform_float_3_3
Parameters: 0.999998 0.000199418 -0.00167197 -0.000173535 0.999879 0.0155765 0.0016748 -0.0155765 0.999877 -0.0501064 0.0569853 -1.16293
FixedParameters: 0 0 0

#Transform 104
Transform: AffineTransform_float_3_3
Parameters: 0.999998 -0.000275022 -0.00171786 0.000301612 0.999881 0.015405 0.00171361 -0.015406 0.99988 -0.044475 0.0478224 -1.19949
FixedParameters: 0 0 0

#Transform 105
Transform: AffineTransform_float_3_3
Parameters: 0.999998 -0.000330051 -0.00189843 0.000359041 0.999881 0.0154082 0.0018927 -0.0154088 0.99988 -0.0341693 0.0479751 -1.20493
FixedParameters: 0 0 0

#Transform 106
Transform: AffineTransform_float_3_3
Parameters: 0.999998 -0.000351233 -0.00189398 0.000380564 0.999876 0.0157798 0.00188771 -0.0157812 0.999874 -0.0204732 0.058773 -1.20964
FixedParameters: 0 0 0

#Transform 107
Transform: AffineTransform_float_3_3
Parameters: 0.999997 -1.09832e-05 -0.00218709 4.35956e-05 0.999887 0.0150495 0.00218734 -0.0150495 0.999884 -0.00741311 0.0699633 -1.19127
FixedParameters: 0 0 0

#Transform 108
Transform: AffineTransform_float_3_3
Parameters: 0.999999 0.000165698 -0.00175089 -0.000140435 0.999894 0.0145888 0.0017533 -0.0145882 0.999892 -0.0153189 0.0573778 -1.22106
FixedParameters: 0 0 0

#Transform 109
Transform: AffineTransform_float_3_3
Parameters: 0.999998 -0.000433984 -0.00220642 0.000465441 0.999897 0.0143529 0.00220049 -0.0143541 0.999894 -0.00141583 0.0874762 -1.21384
FixedParameters: 0 0 0

#Transform 110
Transform: AffineTransform_float_3_3
Parameters: 0.999998 5.04896e-05 -0.00203794 -1.93092e-05 0.999881 0.0154427 0.00203838 -0.0154433 0.999879 -0.0196488 0.0568721 -1.28324
FixedParameters: 0 0 0

#Transform 111
Transform: AffineTransform_float_3_3
Parameters: 0.999998 0.000102737 -0.00191189 -7.24122e-05 0.999872 0.0159908 0.00191367 -0.0159912 0.99987 -0.0202385 0.0447429 -1.28836
FixedParameters: 0 0 0

#Transform 112
Transform: AffineTransform_float_3_3
Parameters: 0.999998 -7.21507e-05 -0.00234277 0.000109637 0.999873 0.0159637 0.00234158 -0.0159633 0.99987 -0.00300749 0.046061 -1.28645
FixedParameters: 0 0 0

#Transform 113
Transform: AffineTransform_float_3_3
Parameters: 0.999997 -0.000101188 -0.00241978 0.00014139 0.999857 0.0168601 0.00241804 -0.0168599 0.999855 -0.011199 0.0466158 -1.33145
FixedParameters: 0 0 0

#Transform 114
Transform: AffineTransform_float_3_3
Parameters: 0.999997 3.61589e-06 -0.00215745 3.05527e-05 0.999868 0.016227 0.00215702 -0.016227 0.999866 -0.0153087 0.0423513 -1.36643
FixedParameters: 0 0 0

#Transform 115
Transform: AffineTransform_float_3_3
Parameters: 0.999998 5.94664e-05 -0.00202303 -2.50635e-05 0.999857 0.016904 0.00202369 -0.016903 0.999855 -0.00815014 0.0475104 -1.4033
FixedParameters: 0 0 0

#Transform 116
Transform: AffineTransform_float_3_3
Parameters: 0.999997 -5.84807e-06 -0.0021834 4.20527e-05 0.99986 0.016711 0.002183 -0.016711 0.999858 -0.0157331 0.0513266 -1.39027
FixedParameters: 0 0 0

#Transform 117
Transform: AffineTransform_float_3_3
Parameters: 0.999998 -0.000310187 -0.0020215 0.000339316 0.999898 0.0142722 0.00201673 -0.0142728 0.999896 -0.00495155 0.114534 -1.31836
FixedParameters: 0 0 0

#Transform 118
Transform: AffineTransform_float_3_3
Parameters: 0.999998 -9.65277e-05 -0.0018906 0.000129098 0.99985 0.0173043 0.00188868 -0.0173047 0.999848 -0.00315994 0.0784836 -1.22347
FixedParameters: 0 0 0

#Transform 119
Transform: AffineTransform_float_3_3
Parameters: 0.999999 -6.77729e-05 -0.00182057 9.53034e-05 0.999884 0.0152124 0.00181904 -0.0152126 0.999882 -0.0101546 0.0967941 -1.27855
FixedParameters: 0 0 0

#Transform 120
Transform: AffineTransform_float_3_3
Parameters: 0.999997 1.15963e-05 -0.00213059 1.99345e-05 0.99989 0.0148577 0.00212983 -0.0148583 0.999887 -0.0167613 0.153662 -1.15108
FixedParameters: 0 0 0

#Transform 121
Transform: AffineTransform_float_3_3
Parameters: 0.999998 -6.58188e-05 -0.00229893 9.09236e-05 0.999939 0.0110308 0.00229829 -0.0110312 0.999936 -0.028818 0.237578 -0.956572
FixedParameters: 0 0 0

#Transform 122
Transform: AffineTransform_float_3_3
Parameters: 0.999998 -7.70688e-05 -0.00231449 9.7025e-05 0.99996 0.00896531 0.00231338 -0.00896569 0.999956 -0.0207058 0.199906 -0.93587
FixedParameters: 0 0 0

#Transform 123
Transform: AffineTransform_float_3_3
Parameters: 0.999997 -5.89256e-05 -0.00265681 8.50876e-05 0.999954 0.0096462 0.0026552 -0.00964581 0.99995 -0.0220227 0.188522 -1.0363
FixedParameters: 0 0 0

#Transform 124
Transform: AffineTransform_float_3_3
Parameters: 0.999997 0.000386082 -0.00212329 -0.00036397 0.999945 0.0105135 0.00212663 -0.0105125 0.999943 -0.0270468 0.168536 -1.03047
FixedParameters: 0 0 0

#Transform 125
Transform: AffineTransform_float_3_3
Parameters: 0.999998 0.000138783 -0.00222831 -0.000114327 0.999937 0.0111983 0.00223001 -0.0111977 0.999935 -0.0224458 0.143028 -1.06767
FixedParameters: 0 0 0

#Transform 126
Transform: AffineTransform_float_3_3
Parameters: 0.999997 0.000138543 -0.00216871 -0.000112058 0.999925 0.0122759 0.00217012 -0.0122761 0.999922 -0.0161817 0.117047 -1.14232
FixedParameters: 0 0 0

#Transform 127
Transform: AffineTransform_float_3_3
Parameters: 0.999997 -6.38366e-06 -0.00220999 3.3714e-05 0.999927 0.012066 0.00220968 -0.012066 0.999925 -0.0138105 0.12962 -1.16704
FixedParameters: 0 0 0

#Transform 128
Transform: AffineTransform_float_3_3
Parameters: 0.999993 -0.000872251 -0.00380058 0.000905338 0.999962 0.00861244 0.00379356 -0.00861554 0.999955 0.0578774 0.130934 -1.88049
FixedParameters: 0 0 0

#Transform 129
Transform: AffineTransform_float_3_3
Parameters: 0.999997 0.000174479 -0.0025418 -0.000151315 0.999958 0.00912443 0.00254378 -0.00912356 0.999955 -0.001807 0.162183 -1.51415
FixedParameters: 0 0 0

#Transform 130
Transform: AffineTransform_float_3_3
Parameters: 0.999997 0.000288448 -0.00213501 -0.000268527 0.999954 0.00954726 0.00213724 -0.00954674 0.999952 0.0166865 0.165916 -1.49576
FixedParameters: 0 0 0

#Transform 131
Transform: AffineTransform_float_3_3
Parameters: 0.999997 0.000512718 -0.00245662 -0.000486896 0.999944 0.0105591 0.00246197 -0.010558 0.999941 0.019017 0.149206 -1.53065
FixedParameters: 0 0 0

#Transform 132
Transform: AffineTransform_float_3_3
Parameters: 0.999997 0.000410199 -0.00235659 -0.000385981 0.999949 0.0101138 0.00236049 -0.0101132 0.999946 0.00702888 0.158952 -1.5618
FixedParameters: 0 0 0

#Transform 133
Transform: AffineTransform_float_3_3
Parameters: 0.999997 0.000431275 -0.00264757 -0.000406573 0.999956 0.00944093 0.00265211 -0.00944008 0.999952 0.00681664 0.162786 -1.57951
FixedParameters: 0 0 0

#Transform 134
Transform: AffineTransform_float_3_3
Parameters: 0.999997 0.000436065 -0.00264679 -0.000406638 0.999936 0.0112513 0.0026517 -0.0112497 0.999933 0.0221682 0.117455 -1.45728
FixedParameters: 0 0 0

#Transform 135
Transform: AffineTransform_float_3_3
Parameters: 0.999999 0.000439597 -0.00171723 -0.000421221 0.999946 0.010341 0.00172148 -0.0103409 0.999945 -0.0152446 0.155273 -1.44328
FixedParameters: 0 0 0

#Transform 136
Transform: AffineTransform_float_3_3
Parameters: 0.999997 0.000253475 -0.00247152 -0.000228491 0.999949 0.0100944 0.00247394 -0.0100946 0.999946 -0.0101644 0.123248 -1.47531
FixedParameters: 0 0 0

#Transform 137
Transform: AffineTransform_float_3_3
Parameters: 0.999997 0.000180854 -0.00216468 -0.000157044 0.999939 0.0110454 0.00216558 -0.0110446 0.999937 -0.00278816 0.105403 -1.46367
FixedParameters: 0 0 0

#Transform 138
Transform: AffineTransform_float_3_3
Parameters: 0.999997 0.00012416 -0.00234777 -9.81319e-05 0.999938 0.0111589 0.0023495 -0.0111591 0.999935 -0.00317034 0.122592 -1.47481
FixedParameters: 0 0 0

#Transform 139
Transform: AffineTransform_float_3_3
Parameters: 0.999997 0.000207902 -0.0021394 -0.000185619 0.999942 0.0107241 0.0021417 -0.0107239 0.99994 -0.0154205 0.150521 -1.48786
FixedParameters: 0 0 0

#Transform 140
Transform: AffineTransform_float_3_3
Parameters: 0.999997 0.000556197 -0.00235538 -0.000529904 0.999935 0.0113871 0.00236201 -0.0113859 0.999933 -0.0194234 0.132398 -1.49854
FixedParameters: 0 0 0

#Transform 141
Transform: AffineTransform_float_3_3
Parameters: 0.999997 0.000586953 -0.00228131 -0.000560745 0.999934 0.0115348 0.00228841 -0.0115342 0.999931 -0.0104154 0.119661 -1.54225
FixedParameters: 0 0 0

#Transform 142
Transform: AffineTransform_float_3_3
Parameters: 0.999997 0.000495153 -0.00218797 -0.000469242 0.999929 0.0118717 0.00219421 -0.0118703 0.999927 -0.0102917 0.121621 -1.55415
FixedParameters: 0 0 0

#Transform 143
Transform: AffineTransform_float_3_3
Parameters: 0.999997 0.000482133 -0.0020961 -0.00045734 0.999929 0.0119073 0.00210169 -0.0119067 0.999927 -0.0140422 0.132444 -1.56494
FixedParameters: 0 0 0

#Transform 144
Transform: AffineTransform_float_3_3
Parameters: 0.999997 0.000314554 -0.00217884 -0.000286461 0.99992 0.0126415 0.00218162 -0.0126415 0.999918 -0.0156649 0.097308 -1.56119
FixedParameters: 0 0 0

#Transform 145
Transform: AffineTransform_float_3_3
Parameters: 0.999998 0.000135537 -0.00230663 -0.000106696 0.999921 0.0125373 0.00230785 -0.0125367 0.999919 -0.0115117 0.111089 -1.55278
FixedParameters: 0 0 0

#Transform 146
Transform: AffineTransform_float_3_3
Parameters: 0.999997 0.000657561 -0.00211413 -0.000631584 0.99992 0.0125718 0.00212237 -0.0125712 0.999919 -0.0171938 0.113655 -1.55341
FixedParameters: 0 0 0

#Transform 147
Transform: AffineTransform_float_3_3
Parameters: 0.999998 0.00060394 -0.00224547 -0.000576076 0.999919 0.0126681 0.00225323 -0.0126669 0.999917 -0.0138561 0.13798 -1.5142
FixedParameters: 0 0 0

#Transform 148
Transform: AffineTransform_float_3_3
Parameters: 0.999998 0.000494485 -0.002204 -0.000469631 0.999939 0.0110419 0.00220957 -0.0110411 0.999937 -0.00216993 0.154511 -1.45038
FixedParameters: 0 0 0

#Transform 149
Transform: AffineTransform_float_3_3
Parameters: 0.999999 0.000305429 -0.00183313 -0.000284777 0.999939 0.0110638 0.00183617 -0.0110642 0.999937 0.01013 0.140881 -1.42806
FixedParameters: 0 0 0

#Transform 150
Transform: AffineTransform_float_3_3
Parameters: 0.999998 0.000472494 -0.00199854 -0.000451199 0.999942 0.0107306 0.00200352 -0.0107294 0.99994 0.0106759 0.149461 -1.4399
FixedParameters: 0 0 0

#Transform 151
Transform: AffineTransform_float_3_3
Parameters: 0.999998 0.0007438 -0.00189547 -0.000724638 0.999945 0.0104647 0.00190328 -0.0104633 0.999944 -0.00103054 0.131359 -1.48988
FixedParameters: 0 0 0

#Transform 152
Transform: AffineTransform_float_3_3
Parameters: 0.999998 0.000276614 -0.00166545 -0.000259507 0.99995 0.010053 0.00166802 -0.010052 0.999948 0.00265875 0.135119 -1.49822
FixedParameters: 0 0 0

#Transform 153
Transform: AffineTransform_float_3_3
Parameters: 0.999999 0.000340624 -0.00182241 -0.000320013 0.999935 0.0113663 0.00182683 -0.0113657 0.999934 -0.00310841 0.104398 -1.51335
FixedParameters: 0 0 0

#Transform 154
Transform: AffineTransform_float_3_3
Parameters: 0.999997 0.000655514 -0.00211638 -0.000630756 0.999928 0.0119628 0.00212433 -0.0119622 0.999926 -0.0167561 0.0863286 -1.57233
FixedParameters: 0 0 0

#Transform 155
Transform: AffineTransform_float_3_3
Parameters: 0.999997 0.000456674 -0.00232132 -0.000428819 0.99993 0.0118947 0.00232611 -0.0118933 0.999927 -0.00470208 0.0797437 -1.59535
FixedParameters: 0 0 0

#Transform 156
Transform: AffineTransform_float_3_3
Parameters: 0.999998 0.000296451 -0.00210005 -0.000272361 0.999931 0.0117573 0.00210336 -0.0117567 0.999929 -0.00604125 0.119018 -1.59416
FixedParameters: 0 0 0

#Transform 157
Transform: AffineTransform_float_3_3
Parameters: 0.999997 0.000544133 -0.00213228 -0.000518627 0.999928 0.0119628 0.00213847 -0.0119612 0.999926 -0.00689819 0.110477 -1.60837
FixedParameters: 0 0 0

#Transform 158
Transform: AffineTransform_float_3_3
Parameters: 0.999997 0.000555934 -0.00236046 -0.000527191 0.999925 0.0122421 0.00236653 -0.0122409 0.999922 0.00438438 0.100551 -1.62474
FixedParameters: 0 0 0

#Transform 159
Transform: AffineTransform_float_3_3
Parameters: 0.999996 0.000469273 -0.002574 -0.000437008 0.99992 0.012626 0.00257982 -0.012625 0.999917 0.00161191 0.0959976 -1.65825
FixedParameters: 0 0 0

#Transform 160
Transform: AffineTransform_float_3_3
Parameters: 0.999997 0.00036986 -0.00236626 -0.000340639 0.999925 0.0122635 0.00237094 -0.0122625 0.999922 0.0174837 0.120447 -1.67009
FixedParameters: 0 0 0

#Transform 161
Transform: AffineTransform_float_3_3
Parameters: 0.999997 0.000157489 -0.00223996 -0.000128006 0.999908 0.0135493 0.00224188 -0.0135487 0.999906 0.0180041 0.117218 -1.69042
FixedParameters: 0 0 0

#Transform 162
Transform: AffineTransform_float_3_3
Parameters: 0.999998 0.000265922 -0.00199306 -0.00023715 0.9999 0.0141192 0.00199666 -0.0141188 0.999898 0.00332228 0.0958178 -1.66892
FixedParameters: 0 0 0

#Transform 163
Transform: AffineTransform_float_3_3
Parameters: 0.999997 0.000223769 -0.00221739 -0.000191575 0.999895 0.0144735 0.00221961 -0.0144725 0.999893 0.000264531 0.0813614 -1.69221
FixedParameters: 0 0 0

#Transform 164
Transform: AffineTransform_float_3_3
Parameters: 0.999998 0.000233041 -0.00205925 -0.000202993 0.999896 0.0144221 0.00206281 -0.0144219 0.999894 -0.000423709 0.0863976 -1.68739
FixedParameters: 0 0 0

#Transform 165
Transform: AffineTransform_float_3_3
Parameters: 0.999998 0.000222931 -0.00207661 -0.000192357 0.999894 0.0145261 0.002079 -0.0145259 0.999892 -0.00948711 0.0987554 -1.69238
FixedParameters: 0 0 0

#Transform 166
Transform: AffineTransform_float_3_3
Parameters: 0.999998 0.000250183 -0.00190983 -0.000220541 0.999883 0.0153061 0.00191299 -0.0153059 0.999882 -0.00638068 0.0746046 -1.67872
FixedParameters: 0 0 0

#Transform 167
Transform: AffineTransform_float_3_3
Parameters: 0.999998 0.000226609 -0.00193813 -0.000197029 0.999884 0.0152011 0.00194184 -0.0152009 0.999883 0.0132386 0.086027 -1.69355
FixedParameters: 0 0 0

#Transform 168
Transform: AffineTransform_float_3_3
Parameters: 0.999997 0.000362959 -0.00220608 -0.00032897 0.999882 0.0153284 0.00221145 -0.0153276 0.99988 0.00100538 0.0730118 -1.71621
FixedParameters: 0 0 0

#Transform 169
Transform: AffineTransform_float_3_3
Parameters: 0.999997 0.000456696 -0.00210477 -0.000422568 0.999867 0.0162766 0.002112 -0.0162754 0.999865 -0.000355943 0.0633897 -1.74122
FixedParameters: 0 0 0

#Transform 170
Transform: AffineTransform_float_3_3
Parameters: 0.999997 0.000202481 -0.00217546 -0.000167791 0.999868 0.0162581 0.00217833 -0.0162579 0.999865 0.00309476 0.0247644 -1.80088
FixedParameters: 0 0 0

#Transform 171
Transform: AffineTransform_float_3_3
Parameters: 0.999998 0.000212881 -0.00194002 -0.000181368 0.999866 0.0163639 0.00194268 -0.0163631 0.999864 0.00262656 0.0292916 -1.8169
FixedParameters: 0 0 0

#Transform 172
Transform: AffineTransform_float_3_3
Parameters: 0.999998 6.95514e-05 -0.00203163 -3.48693e-05 0.999861 0.016675 0.00203221 -0.016674 0.999859 0.00485092 0.0245727 -1.81549
FixedParameters: 0 0 0

#Transform 173
Transform: AffineTransform_float_3_3
Parameters: 0.999998 -8.49902e-05 -0.00197179 0.000118407 0.999849 0.0173713 0.00197011 -0.0173717 0.999847 -0.00419243 0.0342131 -1.84429
FixedParameters: 0 0 0

#Transform 174
Transform: AffineTransform_float_3_3
Parameters: 0.999998 -0.000288267 -0.00201902 0.000323456 0.999847 0.0174843 0.00201463 -0.0174847 0.999845 -0.0143355 0.0242991 -1.86324
FixedParameters: 0 0 0

#Transform 175
Transform: AffineTransform_float_3_3
Parameters: 0.999998 -0.000243257 -0.00195209 0.000276869 0.99985 0.0173084 0.0019477 -0.0173086 0.999849 -0.0148962 0.024773 -1.86928
FixedParameters: 0 0 0

#Transform 176
Transform: AffineTransform_float_3_3
Parameters: 0.999998 -0.000289869 -0.00220466 0.000328821 0.999839 0.0179732 0.00219865 -0.0179738 0.999836 -0.00726833 0.0109479 -1.86233
FixedParameters: 0 0 0

#Transform 177
Transform: AffineTransform_float_3_3
Parameters: 0.999997 -0.000333749 -0.00239053 0.000378332 0.999832 0.0183344 0.00238376 -0.0183346 0.999829 -0.0116308 0.0122595 -1.86825
FixedParameters: 0 0 0

#Transform 178
Transform: AffineTransform_float_3_3
Parameters: 0.999998 -0.000173416 -0.0023237 0.000216105 0.999834 0.0182126 0.00232027 -0.0182134 0.999831 -0.014187 -0.00192853 -1.89032
FixedParameters: 0 0 0

#Transform 179
Transform: AffineTransform_float_3_3
Parameters: 0.999997 -0.000406733 -0.00235687 0.000450294 0.999834 0.0182162 0.00234938 -0.0182168 0.999831 -0.0135489 0.000273068 -1.90854
FixedParameters: 0 0 0
