#Insight Transform File V1.0
#Transform 0
Transform: AffineTransform_float_3_3
Parameters: 1 -0.000296673 -7.16514e-05 0.0002966 1 -0.000510021 7.1954e-05 0.000509979 1 0.0635084 0.0916358 0.351718
FixedParameters: 0 0 0

#Transform 1
Transform: AffineTransform_float_3_3
Parameters: 0.999999 0.000713403 -0.000459007 -0.000713149 0.999999 0.000276327 0.000459401 -0.000275672 1 0.00183072 0.0424616 -0.0347243
FixedParameters: 0 0 0

#Transform 2
Transform: AffineTransform_float_3_3
Parameters: 0.999999 0.000544157 -0.000858412 -0.000544161 0.999999 0.00053362 0.000859384 -0.00053338 0.999999 0.0200002 0.0904432 -0.0780977
FixedParameters: 0 0 0

#Transform 3
Transform: AffineTransform_float_3_3
Parameters: 0.999999 0.000582993 -0.000766484 -0.000582551 1 0.000288447 0.00076682 -0.000287553 0.999999 0.0214941 0.0746404 -0.110401
FixedParameters: 0 0 0

#Transform 4
Transform: AffineTransform_float_3_3
Parameters: 1 0.000370471 -0.000499272 -0.00037054 1 0.000322185 0.00049859 -0.000321815 1 0.0214445 0.0726337 -0.125673
FixedParameters: 0 0 0

#Transform 5
Transform: AffineTransform_float_3_3
Parameters: 1 0.000300201 -0.000285901 -0.000300017 1 0.000322086 0.000286094 -0.000321914 1 0.0122847 0.0757985 -0.151262
FixedParameters: 0 0 0

#Transform 6
Transform: AffineTransform_float_3_3
Parameters: 0.999999 0.000310716 -0.00076675 -0.000310039 1 0.00104124 0.000767787 -0.00104076 0.999999 0.0209379 0.0941259 -0.106138
FixedParameters: 0 0 0

#Transform 7
Transform: AffineTransform_float_3_3
Parameters: 1 0.000478197 -0.000304375 -0.00047786 0.999999 0.00119515 0.000304597 -0.00119486 0.999999 0.012753 0.0957508 -0.128876
FixedParameters: 0 0 0

#Transform 8
Transform: AffineTransform_float_3_3
Parameters: 0.999999 0.00029229 -0.00072615 -0.000291546 0.999999 0.00141521 0.000726447 -0.00141479 0.999998 0.0129213 0.0906629 -0.123073
FixedParameters: 0 0 0

#Transform 9
Transform: AffineTransform_float_3_3
Parameters: 1 0.000263679 -0.000575232 -0.000263699 1 0.00112215 0.000575293 -0.00112185 0.999999 0.0249193 0.102532 -0.113772
FixedParameters: 0 0 0

#Transform 10
Transform: AffineTransform_float_3_3
Parameters: 1 0.000234948 -0.000376289 -0.000234064 1 0.00117409 0.000376839 -0.00117391 0.999999 0.0153248 0.0975198 -0.107601
FixedParameters: 0 0 0

#Transform 11
Transform: AffineTransform_float_3_3
Parameters: 1 0.000493846 -0.00049807 -0.0004931 1 0.000748039 0.000498808 -0.000748961 1 0.0087581 0.0887573 -0.152988
FixedParameters: 0 0 0

#Transform 12
Transform: AffineTransform_float_3_3
Parameters: 1 -1.29134e-05 -0.000949946 1.4773e-05 0.999999 0.00146299 0.000950296 -0.00146301 0.999998 0.0297788 0.0951537 -0.142481
FixedParameters: 0 0 0

#Transform 13
Transform: AffineTransform_float_3_3
Parameters: 0.999999 0.000226838 -0.000821346 -0.00022543 1 0.00109519 0.000820921 -0.00109481 0.999999 0.0228386 0.089647 -0.144791
FixedParameters: 0 0 0

#Transform 14
Transform: AffineTransform_float_3_3
Parameters: 1 0.000160432 -0.000975675 -0.00015963 1 0.00108316 0.000975492 -0.00108284 0.999999 0.0272987 0.117299 -0.126058
FixedParameters: 0 0 0

#Transform 15
Transform: AffineTransform_float_3_3
Parameters: 0.999998 0.000166384 -0.00196419 -0.0001604 0.999995 0.00322699 0.00196483 -0.00322702 0.999993 0.0140818 0.120015 -0.110632
FixedParameters: 0 0 0

#Transform 16
Transform: AffineTransform_float_3_3
Parameters: 0.999999 0.000677584 -0.000441035 -0.00067401 0.999974 0.00726394 0.000446641 -0.00726406 0.999973 0.0246876 0.117162 0.117725
FixedParameters: 0 0 0

#Transform 17
Transform: AffineTransform_float_3_3
Parameters: 1 0.000597279 9.86397e-05 -0.000597199 0.999997 0.00229494 -9.72096e-05 -0.00229506 0.999998 0.0257464 0.09772 -0.12317
FixedParameters: 0 0 0

#Transform 18
Transform: AffineTransform_float_3_3
Parameters: 1 -2.85847e-05 -0.000173508 2.86455e-05 0.999996 0.002826 0.000173737 -0.002826 0.999996 -0.000673801 0.116369 -0.0790832
FixedParameters: 0 0 0

#Transform 19
Transform: AffineTransform_float_3_3
Parameters: 1 -3.21581e-05 -0.000181788 3.2105e-05 0.999997 0.00238399 0.000182025 -0.00238401 0.999997 0.00769196 0.114237 -0.107725
FixedParameters: 0 0 0

#Transform 20
Transform: AffineTransform_float_3_3
Parameters: 1 -0.000458687 0.000201673 0.000457797 0.999995 0.00315809 -0.000203647 -0.00315791 0.999995 0.0188512 0.0974367 -0.120809
FixedParameters: 0 0 0

#Transform 21
Transform: AffineTransform_float_3_3
Parameters: 1 -0.000565835 -9.92045e-05 0.000565878 0.999995 0.00291694 9.72145e-05 -0.00291705 0.999995 0.0448359 0.100144 -0.140466
FixedParameters: 0 0 0

#Transform 22
Transform: AffineTransform_float_3_3
Parameters: 1 -0.000465088 -0.000359664 0.000466544 0.999996 0.00276483 0.0003584 -0.00276517 0.999996 0.0464279 0.104311 -0.133415
FixedParameters: 0 0 0

#Transform 23
Transform: AffineTransform_float_3_3
Parameters: 1 -0.000533016 -0.000966931 0.00053622 0.999996 0.00288384 0.00096594 -0.00288416 0.999996 0.0604756 0.103837 -0.177969
FixedParameters: 0 0 0

#Transform 24
Transform: AffineTransform_float_3_3
Parameters: 1 -0.000325163 -0.000367618 0.000326335 0.999996 0.00285088 0.000366152 -0.00285112 0.999996 0.0415399 0.10293 -0.1749
FixedParameters: 0 0 0

#Transform 25
Transform: AffineTransform_float_3_3
Parameters: 0.999999 -0.000345614 -0.000753968 0.000348244 0.999995 0.0029681 0.00075269 -0.0029679 0.999995 0.0460473 0.12907 -0.196178
FixedParameters: 0 0 0

#Transform 26
Transform: AffineTransform_float_3_3
Parameters: 0.999999 -0.000429986 -0.000731548 0.000432496 0.999993 0.00360804 0.000729608 -0.00360795 0.999993 0.053027 0.131499 -0.193401
FixedParameters: 0 0 0

#Transform 27
Transform: AffineTransform_float_3_3
Parameters: 1 -0.000300609 -0.000604781 0.0003025 0.999992 0.00385018 0.000603631 -0.00384982 0.999993 0.0308391 0.118379 -0.173747
FixedParameters: 0 0 0

#Transform 28
Transform: AffineTransform_float_3_3
Parameters: 0.999999 -6.75191e-05 -0.000864464 7.07974e-05 0.999995 0.00318794 0.000863884 -0.00318806 0.999994 0.0366386 0.119129 -0.196357
FixedParameters: 0 0 0

#Transform 29
Transform: AffineTransform_float_3_3
Parameters: 0.999999 -0.000452906 -0.000785904 0.000456077 0.999993 0.003528 0.00078479 -0.003528 0.999994 0.0519962 0.118001 -0.20468
FixedParameters: 0 0 0

#Transform 30
Transform: AffineTransform_float_3_3
Parameters: 0.999999 -0.00041587 -0.000696154 0.000418231 0.999997 0.00273856 0.000695571 -0.00273844 0.999996 0.0383465 0.129287 -0.191789
FixedParameters: 0 0 0

#Transform 31
Transform: AffineTransform_float_3_3
Parameters: 0.999999 -0.000456157 -0.000794337 0.000459858 0.999992 0.003825 0.000792925 -0.003825 0.999993 0.0483185 0.12011 -0.131124
FixedParameters: 0 0 0

#Transform 32
Transform: AffineTransform_float_3_3
Parameters: 1 -0.00031208 -0.000451381 0.000314153 0.999993 0.00390586 0.000450637 -0.00390614 0.999993 0.0352379 0.122359 -0.22785
FixedParameters: 0 0 0

#Transform 33
Transform: AffineTransform_float_3_3
Parameters: 0.999999 0.00100418 -0.000763098 -0.00100002 0.999988 0.00485356 0.000767693 -0.00485344 0.999988 0.115061 0.144908 -0.271809
FixedParameters: 0 0 0

#Transform 34
Transform: AffineTransform_float_3_3
Parameters: 0.999999 -0.000396762 -0.00123125 0.000403039 0.999985 0.00532902 0.0012288 -0.00532998 0.999985 0.0792962 0.132607 -0.383037
FixedParameters: 0 0 0

#Transform 35
Transform: AffineTransform_float_3_3
Parameters: 0.999999 -0.000209886 -0.000770732 0.000213495 0.999987 0.0049882 0.000769263 -0.0049878 0.999987 0.0406951 0.141119 -0.33114
FixedParameters: 0 0 0

#Transform 36
Transform: AffineTransform_float_3_3
Parameters: 1 -1.22462e-05 -0.00118413 1.85471e-05 0.999988 0.00493434 0.0011841 -0.00493366 0.999987 0.0437279 0.147628 -0.291105
FixedParameters: 0 0 0

#Transform 37
Transform: AffineTransform_float_3_3
Parameters: 1 -0.000113082 -0.00114201 0.000118379 0.999989 0.00467823 0.00114104 -0.00467777 0.999989 0.0404644 0.156527 -0.287371
FixedParameters: 0 0 0

#Transform 38
Transform: AffineTransform_float_3_3
Parameters: 1 1.69843e-05 -0.0011969 -1.29765e-05 0.999993 0.00392302 0.00119713 -0.00392298 0.999991 0.0390156 0.149839 -0.381363
FixedParameters: 0 0 0

#Transform 39
Transform: AffineTransform_float_3_3
Parameters: 1 -0.000214846 -0.00102141 0.000219402 0.999991 0.00422578 0.00102022 -0.00422622 0.99999 0.031498 0.138822 -0.32794
FixedParameters: 0 0 0

#Transform 40
Transform: AffineTransform_float_3_3
Parameters: 1 -0.000271512 -0.000954289 0.000275074 0.999992 0.00400289 0.000952743 -0.00400411 0.999991 0.0406344 0.133237 -0.33804
FixedParameters: 0 0 0

#Transform 41
Transform: AffineTransform_float_3_3
Parameters: 0.999999 -0.000288809 -0.000722525 0.000291556 0.99999 0.00445179 0.000721504 -0.00445221 0.99999 0.035064 0.142117 -0.286806
FixedParameters: 0 0 0

#Transform 42
Transform: AffineTransform_float_3_3
Parameters: 0.999999 -0.000202205 -0.000835873 0.000205886 0.999991 0.00409119 0.000834455 -0.00409081 0.999991 0.0349346 0.12709 -0.29789
FixedParameters: 0 0 0

#Transform 43
Transform: AffineTransform_float_3_3
Parameters: 1 -1.08666e-05 -0.000348974 1.28466e-05 0.999992 0.004154 0.000349266 -0.00415401 0.999992 0.0195592 0.112377 -0.270886
FixedParameters: 0 0 0

#Transform 44
Transform: AffineTransform_float_3_3
Parameters: 0.999999 -0.000155534 -0.000705854 0.000158915 0.999993 0.00369989 0.000705472 -0.00370011 0.999993 0.0391926 0.149856 -0.251718
FixedParameters: 0 0 0

#Transform 45
Transform: AffineTransform_float_3_3
Parameters: 1 -0.000111811 -0.0012144 0.000115995 0.999992 0.00394001 0.00121361 -0.00394098 0.999991 0.0427936 0.148892 -0.245891
FixedParameters: 0 0 0

#Transform 46
Transform: AffineTransform_float_3_3
Parameters: 0.999999 -0.000116223 -0.000876313 0.000120099 0.999992 0.00401189 0.000875616 -0.0040121 0.999991 0.0373406 0.154279 -0.271139
FixedParameters: 0 0 0

#Transform 47
Transform: AffineTransform_float_3_3
Parameters: 1 -0.000148405 -0.00101786 0.000152721 0.999992 0.00412185 0.00101726 -0.00412216 0.999991 0.046778 0.155232 -0.252715
FixedParameters: 0 0 0

#Transform 48
Transform: AffineTransform_float_3_3
Parameters: 0.999999 -0.000603978 -0.00110765 0.000608725 0.999989 0.00464269 0.00110436 -0.00464331 0.999989 0.0713179 0.153239 -0.245172
FixedParameters: 0 0 0

#Transform 49
Transform: AffineTransform_float_3_3
Parameters: 0.999999 -0.000259145 -0.000847755 0.000262577 0.999991 0.00419678 0.000847128 -0.00419722 0.999991 0.0349424 0.162302 -0.220474
FixedParameters: 0 0 0

#Transform 50
Transform: AffineTransform_float_3_3
Parameters: 0.999999 -0.000163788 -0.000816244 0.000166966 0.999993 0.00387987 0.000815212 -0.00388014 0.999992 0.0426064 0.16324 -0.255122
FixedParameters: 0 0 0

#Transform 51
Transform: AffineTransform_float_3_3
Parameters: 0.999999 -0.000141481 -0.000947028 0.000145168 0.999991 0.00409822 0.000946496 -0.00409778 0.999991 0.0357521 0.167959 -0.262856
FixedParameters: 0 0 0

#Transform 52
Transform: AffineTransform_float_3_3
Parameters: 0.999999 -0.000119834 -0.000757729 0.0001223 0.999993 0.00370891 0.000757083 -0.00370909 0.999993 0.0371735 0.15544 -0.262635
FixedParameters: 0 0 0

#Transform 53
Transform: AffineTransform_float_3_3
Parameters: 1 -0.000371897 -0.000958781 0.000376218 0.999991 0.00417664 0.000957219 -0.00417736 0.999991 0.0523493 0.152471 -0.283266
FixedParameters: 0 0 0

#Transform 54
Transform: AffineTransform_float_3_3
Parameters: 0.999999 -6.20182e-05 -0.000866467 6.61743e-05 0.999991 0.00421794 0.000866178 -0.00421805 0.99999 0.0344106 0.152115 -0.261902
FixedParameters: 0 0 0

#Transform 55
Transform: AffineTransform_float_3_3
Parameters: 1 -0.000155407 -0.00116131 0.000160089 0.999992 0.00416582 0.00116103 -0.00416618 0.99999 0.0408311 0.149226 -0.269428
FixedParameters: 0 0 0

#Transform 56
Transform: AffineTransform_float_3_3
Parameters: 1 -0.000405987 -0.00104098 0.000410759 0.99999 0.00450594 0.00103926 -0.00450607 0.999989 0.0632779 0.148626 -0.264824
FixedParameters: 0 0 0

#Transform 57
Transform: AffineTransform_float_3_3
Parameters: 0.999999 -0.000277215 -0.000733888 0.000281143 0.999989 0.00456215 0.000732513 -0.00456184 0.999989 0.0378885 0.150491 -0.24975
FixedParameters: 0 0 0

#Transform 58
Transform: AffineTransform_float_3_3
Parameters: 1 -0.000368757 -0.000952494 0.000373888 0.999989 0.00463065 0.000950618 -0.00463135 0.999989 0.0472445 0.154655 -0.236177
FixedParameters: 0 0 0

#Transform 59
Transform: AffineTransform_float_3_3
Parameters: 0.999999 -0.000240792 -0.000725358 0.000244223 0.999994 0.00363683 0.000724375 -0.00363718 0.999993 0.0419222 0.150593 -0.275407
FixedParameters: 0 0 0

#Transform 60
Transform: AffineTransform_float_3_3
Parameters: 1 -0.000232464 -0.000659428 0.000234757 0.999992 0.00383421 0.000658809 -0.00383379 0.999993 0.0369773 0.15563 -0.260134
FixedParameters: 0 0 0

#Transform 61
Transform: AffineTransform_float_3_3
Parameters: 1 -0.000298416 -0.000995056 0.000302251 0.999992 0.0039767 0.00099331 -0.0039773 0.999991 0.0442861 0.154812 -0.259474
FixedParameters: 0 0 0

#Transform 62
Transform: AffineTransform_float_3_3
Parameters: 1 -0.000406823 -0.000455 0.000408993 0.999992 0.00398481 0.000453451 -0.00398518 0.999992 0.0396794 0.151285 -0.267256
FixedParameters: 0 0 0

#Transform 63
Transform: AffineTransform_float_3_3
Parameters: 1 -0.000344129 -0.000985615 0.000348257 0.999992 0.00416466 0.000983373 -0.00416534 0.999991 0.0421011 0.14976 -0.267869
FixedParameters: 0 0 0

#Transform 64
Transform: AffineTransform_float_3_3
Parameters: 1 -0.00050106 -0.00103363 0.000505214 0.999992 0.00404884 0.00103243 -0.00404916 0.999991 0.0616251 0.155993 -0.281868
FixedParameters: 0 0 0

#Transform 65
Transform: AffineTransform_float_3_3
Parameters: 0.999999 -0.000544353 -0.000581737 0.000546988 0.99999 0.00431204 0.000579124 -0.00431196 0.999991 0.0520734 0.152397 -0.258995
FixedParameters: 0 0 0

#Transform 66
Transform: AffineTransform_float_3_3
Parameters: 1 -0.000617972 -0.000798034 0.000621169 0.999992 0.00407171 0.000795473 -0.00407129 0.999991 0.0545836 0.160547 -0.24428
FixedParameters: 0 0 0

#Transform 67
Transform: AffineTransform_float_3_3
Parameters: 0.999999 -0.000481081 -0.000884741 0.000484599 0.999992 0.00385093 0.000883505 -0.00385107 0.999992 0.0559898 0.162393 -0.24387
FixedParameters: 0 0 0

#Transform 68
Transform: AffineTransform_float_3_3
Parameters: 1 -0.000277077 -0.000538751 0.000280007 0.999991 0.00406685 0.000538188 -0.00406715 0.999991 0.034522 0.161164 -0.243348
FixedParameters: 0 0 0

#Transform 69
Transform: AffineTransform_float_3_3
Parameters: 0.999999 -0.000623433 -0.000517849 0.000625525 0.999994 0.00342768 0.00051527 -0.00342832 0.999994 0.0479309 0.1544 -0.251228
FixedParameters: 0 0 0

#Transform 70
Transform: AffineTransform_float_3_3
Parameters: 0.999999 -0.000655876 -0.000598103 0.000659759 0.999987 0.0049146 0.00059465 -0.00491539 0.999987 0.0396002 0.165895 -0.240664
FixedParameters: 0 0 0

#Transform 71
Transform: AffineTransform_float_3_3
Parameters: 1 -0.000535241 0.000928752 0.000523256 0.999913 0.0131736 -0.000936088 -0.0131734 0.999913 0.0563276 0.241738 0.34733
FixedParameters: 0 0 0

#Transform 72
Transform: AffineTransform_float_3_3
Parameters: 0.999999 -0.00182955 0.000160774 0.00182814 0.999957 0.00907144 -0.000177273 -0.00907156 0.999959 0.120149 0.158949 0.124449
FixedParameters: 0 0 0

#Transform 73
Transform: AffineTransform_float_3_3
Parameters: 0.999997 -0.00244243 -0.000286781 0.00244527 0.999964 0.00808814 0.000266412 -0.00808885 0.999967 0.148257 0.159325 0.0790399
FixedParameters: 0 0 0

#Transform 74
Transform: AffineTransform_float_3_3
Parameters: 0.999998 -0.00150599 -0.000558535 0.00151024 0.999965 0.00816401 0.000545709 -0.00816499 0.999967 0.108982 0.17566 0.0188896
FixedParameters: 0 0 0

#Transform 75
Transform: AffineTransform_float_3_3
Parameters: 1 -0.00105695 -8.56868e-05 0.00105719 0.999973 0.00728476 7.82926e-05 -0.00728424 0.999974 0.070415 0.170538 -0.0467485
FixedParameters: 0 0 0

#Transform 76
Transform: AffineTransform_float_3_3
Parameters: 0.999999 -0.000382601 -0.000750542 0.00038705 0.999982 0.00604107 0.000747846 -0.00604093 0.999982 0.0353032 0.16218 -0.0888712
FixedParameters: 0 0 0

#Transform 77
Transform: AffineTransform_float_3_3
Parameters: 1 -0.000459865 -0.000333716 0.000462106 0.999979 0.00635184 0.000330872 -0.00635215 0.99998 0.0218602 0.181729 -0.108403
FixedParameters: 0 0 0

#Transform 78
Transform: AffineTransform_float_3_3
Parameters: 1 -0.000416204 4.90819e-05 0.00041637 0.999981 0.00606902 -5.22938e-05 -0.00606897 0.999981 0.0170851 0.182268 -0.0985621
FixedParameters: 0 0 0

#Transform 79
Transform: AffineTransform_float_3_3
Parameters: 0.999999 -0.000691606 -0.000236887 0.000692846 0.999981 0.00602683 0.000232477 -0.00602716 0.999982 0.0398476 0.177032 -0.122023
FixedParameters: 0 0 0

#Transform 80
Transform: AffineTransform_float_3_3
Parameters: 1 -0.000458951 -0.000334088 0.000461179 0.99998 0.00632385 0.000331282 -0.00632415 0.99998 0.0279593 0.182168 -0.120454
FixedParameters: 0 0 0

#Transform 81
Transform: AffineTransform_float_3_3
Parameters: 1 -0.000400782 -0.000358363 0.00040297 0.999979 0.00638822 0.000355321 -0.00638778 0.99998 0.0326013 0.186224 -0.116855
FixedParameters: 0 0 0

#Transform 82
Transform: AffineTransform_float_3_3
Parameters: 1 -0.000859049 -0.00063703 0.000861801 0.999984 0.00559445 0.000632508 -0.00559555 0.999984 0.0492163 0.185624 -0.168132
FixedParameters: 0 0 0

#Transform 83
Transform: AffineTransform_float_3_3
Parameters: 0.999999 -0.00073127 -0.000220387 0.000732344 0.999981 0.00611284 0.000215374 -0.00611316 0.999982 0.0407713 0.188867 -0.15351
FixedParameters: 0 0 0

#Transform 84
Transform: AffineTransform_float_3_3
Parameters: 0.999999 -0.000666927 -0.000796326 0.000671101 0.999986 0.00527847 0.000792137 -0.00527953 0.999986 0.0574934 0.183982 -0.167889
FixedParameters: 0 0 0

#Transform 85
Transform: AffineTransform_float_3_3
Parameters: 1 -0.000941735 -0.000622387 0.000944924 0.999989 0.00459342 0.000618044 -0.00459459 0.99999 0.0620059 0.179184 -0.19809
FixedParameters: 0 0 0

#Transform 86
Transform: AffineTransform_float_3_3
Parameters: 0.999999 -0.000771734 -0.000961734 0.000776425 0.999985 0.00539226 0.000957961 -0.00539374 0.999985 0.0494968 0.172027 -0.172343
FixedParameters: 0 0 0

#Transform 87
Transform: AffineTransform_float_3_3
Parameters: 0.999999 -0.00084371 -0.00105842 0.000849269 0.999986 0.00531131 0.00105401 -0.00531169 0.999985 0.0584363 0.174908 -0.220267
FixedParameters: 0 0 0

#Transform 88
Transform: AffineTransform_float_3_3
Parameters: 0.999999 -0.000720957 -0.000686997 0.000724321 0.999986 0.0052435 0.000683213 -0.0052445 0.999986 0.0360239 0.178371 -0.242561
FixedParameters: 0 0 0

#Transform 89
Transform: AffineTransform_float_3_3
Parameters: 1 -0.000839358 -0.00080652 0.000844206 0.999986 0.00514453 0.000802574 -0.00514447 0.999986 0.0533555 0.180788 -0.253212
FixedParameters: 0 0 0

#Transform 90
Transform: AffineTransform_float_3_3
Parameters: 0.999999 -0.00105196 -0.00103317 0.00105692 0.999985 0.00540776 0.00102765 -0.00540924 0.999984 0.0635106 0.181101 -0.237046
FixedParameters: 0 0 0

#Transform 91
Transform: AffineTransform_float_3_3
Parameters: 0.999999 -0.00101505 -0.000943138 0.00101987 0.999988 0.00487425 0.000938325 -0.00487475 0.999988 0.0628863 0.186309 -0.234504
FixedParameters: 0 0 0

#Transform 92
Transform: AffineTransform_float_3_3
Parameters: 1 -0.000814981 -0.000867711 0.000819312 0.999986 0.00524114 0.00086333 -0.00524186 0.999985 0.0526119 0.174184 -0.256422
FixedParameters: 0 0 0

#Transform 93
Transform: AffineTransform_float_3_3
Parameters: 0.999999 -0.00107264 -0.00108183 0.00107765 0.999986 0.00518869 0.00107656 -0.00519031 0.999986 0.0545225 0.189297 -0.221939
FixedParameters: 0 0 0

#Transform 94
Transform: AffineTransform_float_3_3
Parameters: 0.999998 -0.00113686 -0.00123739 0.00114379 0.999983 0.0056888 0.00123069 -0.0056902 0.999983 0.0690428 0.190066 -0.264395
FixedParameters: 0 0 0

#Transform 95
Transform: AffineTransform_float_3_3
Parameters: 0.999998 -0.00112915 -0.00177554 0.00113635 0.999989 0.00451656 0.00177013 -0.00451844 0.999988 0.0559055 0.15005 -0.306265
FixedParameters: 0 0 0

#Transform 96
Transform: AffineTransform_float_3_3
Parameters: 0.999998 -0.000830875 -0.00175422 0.000839421 0.999987 0.00495225 0.00175078 -0.00495374 0.999986 0.0424712 0.181855 -0.29648
FixedParameters: 0 0 0

#Transform 97
Transform: AffineTransform_float_3_3
Parameters: 0.999999 -0.00124192 -0.00123677 0.00124858 0.999984 0.00558467 0.00122914 -0.00558633 0.999984 0.0827475 0.195156 -0.349213
FixedParameters: 0 0 0

#Transform 98
Transform: AffineTransform_float_3_3
Parameters: 0.999997 -0.000486211 -0.00212385 0.000502268 0.999967 0.00805718 0.00211923 -0.00805782 0.999965 0.0896035 0.216286 -0.149128
FixedParameters: 0 0 0

#Transform 99
Transform: AffineTransform_float_3_3
Parameters: 0.999999 -0.000611552 -0.00129648 0.000619281 0.999981 0.00603156 0.00129349 -0.00603243 0.999981 0.0609726 0.188969 -0.29367
FixedParameters: 0 0 0

#Transform 100
Transform: AffineTransform_float_3_3
Parameters: 0.999999 -0.000770535 -0.00116716 0.000776725 0.999984 0.00564946 0.00116247 -0.00565054 0.999984 0.034269 0.213902 -0.316098
FixedParameters: 0 0 0

#Transform 101
Transform: AffineTransform_float_3_3
Parameters: 0.999999 -0.000730212 -0.000422083 0.000732399 0.999985 0.00558954 0.000418232 -0.00558946 0.999984 0.0249885 0.205032 -0.291148
FixedParameters: 0 0 0

#Transform 102
Transform: AffineTransform_float_3_3
Parameters: 1 -5.95467e-05 -0.000297091 6.11688e-05 0.999991 0.00427998 0.000296965 -0.00428002 0.999991 0.00335614 0.209668 -0.352616
FixedParameters: 0 0 0

#Transform 103
Transform: AffineTransform_float_3_3
Parameters: 1 2.48229e-05 0.000169673 -2.57353e-05 0.999997 0.00269 -0.000169537 -0.00269001 0.999997 -0.0154594 0.178059 -0.424443
FixedParameters: 0 0 0

#Transform 104
Transform: AffineTransform_float_3_3
Parameters: 1 -0.000129702 -0.000107063 0.000130334 0.999995 0.00296398 0.000106292 -0.00296401 0.999995 -0.00195595 0.1804 -0.414612
FixedParameters: 0 0 0

#Transform 105
Transform: AffineTransform_float_3_3
Parameters: 1 -0.000169288 -3.61501e-05 0.000168581 0.999995 0.00297699 3.5535e-05 -0.002977 0.999995 -0.00136668 0.171225 -0.393054
FixedParameters: 0 0 0

#Transform 106
Transform: AffineTransform_float_3_3
Parameters: 1 -0.000252044 -0.000142282 0.000252243 0.999996 0.00256096 0.000142302 -0.00256103 0.999996 0.00594811 0.180343 -0.397957
FixedParameters: 0 0 0

#Transform 107
Transform: AffineTransform_float_3_3
Parameters: 1 -0.000129632 -0.000261153 0.000130912 0.999997 0.00245497 0.000260513 -0.00245503 0.999997 0.00167508 0.169931 -0.4002
FixedParameters: 0 0 0

#Transform 108
Transform: AffineTransform_float_3_3
Parameters: 1 -0.000569599 -8.98543e-05 0.000569531 0.999997 0.00259659 8.82072e-05 -0.00259741 0.999996 0.0179623 0.178072 -0.354787
FixedParameters: 0 0 0

#Transform 109
Transform: AffineTransform_float_3_3
Parameters: 1 -0.000365231 -0.000248691 0.000366006 0.999996 0.00262527 0.000248083 -0.00262473 0.999997 0.0127071 0.180579 -0.326057
FixedParameters: 0 0 0

#Transform 110
Transform: AffineTransform_float_3_3
Parameters: 1 -0.000601896 -0.000166105 0.000602095 0.999997 0.00220526 0.000164761 -0.00220474 0.999998 0.0091522 0.160242 -0.355533
FixedParameters: 0 0 0

#Transform 111
Transform: AffineTransform_float_3_3
Parameters: 1 -0.000549449 -4.13484e-05 0.000549965 0.999998 0.00152798 4.0589e-05 -0.00152802 0.999999 0.0176835 0.156643 -0.375509
FixedParameters: 0 0 0

#Transform 112
Transform: AffineTransform_float_3_3
Parameters: 1 -0.000599062 7.47159e-05 0.000599115 0.999998 0.00223105 -7.64685e-05 -0.00223096 0.999998 0.0100344 0.18263 -0.346942
FixedParameters: 0 0 0

#Transform 113
Transform: AffineTransform_float_3_3
Parameters: 0.999999 -0.000985462 4.93856e-05 0.000985679 0.999998 0.0017169 -5.18485e-05 -0.0017161 0.999999 0.0120256 0.153116 -0.357469
FixedParameters: 0 0 0

#Transform 114
Transform: AffineTransform_float_3_3
Parameters: 0.999999 -0.000747188 -6.75568e-05 0.000747808 0.999999 0.0017168 6.59112e-05 -0.0017162 0.999999 0.0225652 0.16345 -0.379136
FixedParameters: 0 0 0

#Transform 115
Transform: AffineTransform_float_3_3
Parameters: 0.999999 -0.000925924 -1.23273e-05 0.000926346 0.999998 0.00133899 1.07677e-05 -0.00133901 0.999999 0.0125141 0.156992 -0.388444
FixedParameters: 0 0 0

#Transform 116
Transform: AffineTransform_float_3_3
Parameters: 1 -0.00098819 -3.38638e-05 0.000987755 0.999998 0.00143681 3.23366e-05 -0.00143618 0.999999 0.00834726 0.167102 -0.352906
FixedParameters: 0 0 0

#Transform 117
Transform: AffineTransform_float_3_3
Parameters: 0.999999 -0.000764197 -0.000258667 0.000764267 0.999999 0.00116065 0.000258204 -0.00116035 0.999999 0.016625 0.164581 -0.38344
FixedParameters: 0 0 0

#Transform 118
Transform: AffineTransform_float_3_3
Parameters: 0.999999 -0.000978953 -1.68722e-05 0.000978461 0.999999 0.00116083 1.59118e-05 -0.00116017 0.999999 0.0182741 0.161594 -0.419778
FixedParameters: 0 0 0

#Transform 119
Transform: AffineTransform_float_3_3
Parameters: 1 -0.00105831 -0.000263441 0.00105839 0.999999 0.00116057 0.000262296 -0.00116043 0.999999 0.0147941 0.152247 -0.412273
FixedParameters: 0 0 0

#Transform 120
Transform: AffineTransform_float_3_3
Parameters: 1 -0.000992875 -0.000291249 0.000993103 0.999999 0.00130356 0.000289972 -0.00130344 0.999999 0.0130079 0.179372 -0.3816
FixedParameters: 0 0 0

#Transform 121
Transform: AffineTransform_float_3_3
Parameters: 0.999999 -0.00121665 -0.000196816 0.0012167 0.999998 0.0014864 0.000194509 -0.0014876 0.999999 0.0272762 0.170526 -0.36331
FixedParameters: 0 0 0

#Transform 122
Transform: AffineTransform_float_3_3
Parameters: 0.999998 -0.00158232 -4.19887e-05 0.00158229 0.999998 0.00132842 4.00163e-05 -0.00132858 0.999999 0.0243409 0.174456 -0.356298
FixedParameters: 0 0 0

#Transform 123
Transform: AffineTransform_float_3_3
Parameters: 0.999999 -0.00135206 -0.000139391 0.00135191 0.999999 0.0013473 0.000137059 -0.0013477 0.999999 0.0241536 0.178316 -0.347085
FixedParameters: 0 0 0

#Transform 124
Transform: AffineTransform_float_3_3
Parameters: 1 -0.00106991 -0.000200879 0.00107072 0.999999 0.00105463 0.000199542 -0.00105437 0.999999 0.0266971 0.175007 -0.385046
FixedParameters: 0 0 0

#Transform 125
Transform: AffineTransform_float_3_3
Parameters: 1 -0.00113748 -0.000230056 0.00113845 0.999998 0.00127059 0.000228084 -0.00127041 0.999999 0.0156431 0.187357 -0.370866
FixedParameters: 0 0 0

#Transform 126
Transform: AffineTransform_float_3_3
Parameters: 0.999999 -0.00151475 -0.000217506 0.00151497 0.999998 0.000821519 0.000217249 -0.000821483 1 0.0183399 0.178064 -0.382355
FixedParameters: 0 0 0

#Transform 127
Transform: AffineTransform_float_3_3
Parameters: 0.999999 -0.00146428 -0.000227781 0.00146479 0.999998 0.00144016 0.000225794 -0.00144084 0.999999 0.0295716 0.178892 -0.386955
FixedParameters: 0 0 0

#Transform 128
Transform: AffineTransform_float_3_3
Parameters: 0.999999 -0.00155928 -5.23689e-05 0.00155931 0.999998 0.00174041 4.91727e-05 -0.00174059 0.999999 0.0322543 0.177068 -0.385564
FixedParameters: 0 0 0

#Transform 129
Transform: AffineTransform_float_3_3
Parameters: 0.999999 -0.00150682 -7.34694e-05 0.00150644 0.999998 0.00102374 7.16965e-05 -0.00102326 1 0.0310327 0.171773 -0.411014
FixedParameters: 0 0 0

#Transform 130
Transform: AffineTransform_float_3_3
Parameters: 0.999999 -0.00178927 -9.96407e-05 0.00178935 0.999998 0.00114516 9.77749e-05 -0.00114484 0.999999 0.0377584 0.192591 -0.410702
FixedParameters: 0 0 0

#Transform 131
Transform: AffineTransform_float_3_3
Parameters: 0.999999 -0.00181907 5.67929e-05 0.00181908 0.999997 0.00205523 -6.11189e-05 -0.00205576 0.999998 0.00566021 0.179542 -0.374037
FixedParameters: 0 0 0

#Transform 132
Transform: AffineTransform_float_3_3
Parameters: 0.999999 -0.00178868 9.99468e-05 0.00178833 0.99999 0.00408468 -0.000108253 -0.00408433 0.999992 0.0801634 0.170598 -0.218332
FixedParameters: 0 0 0

#Transform 133
Transform: AffineTransform_float_3_3
Parameters: 0.999998 -0.00157858 -0.000512693 0.00158003 0.999994 0.00297804 0.000507219 -0.00297896 0.999996 0.0491704 0.195726 -0.28106
FixedParameters: 0 0 0

#Transform 134
Transform: AffineTransform_float_3_3
Parameters: 0.999999 -0.00151333 -0.000324308 0.00151369 0.999994 0.00302436 0.000319086 -0.00302464 0.999995 0.0526551 0.208475 -0.265753
FixedParameters: 0 0 0

#Transform 135
Transform: AffineTransform_float_3_3
Parameters: 0.999999 -0.00186055 -7.26195e-05 0.00186061 0.999992 0.00345336 6.64637e-05 -0.00345364 0.999994 0.0696087 0.209386 -0.29369
FixedParameters: 0 0 0

#Transform 136
Transform: AffineTransform_float_3_3
Parameters: 0.999999 -0.00172447 -0.00065309 0.00172624 0.999994 0.00298157 0.000648045 -0.00298243 0.999995 0.0693943 0.194715 -0.395654
FixedParameters: 0 0 0

#Transform 137
Transform: AffineTransform_float_3_3
Parameters: 0.999998 -0.0015928 -0.000344444 0.00159297 0.999995 0.0025653 0.000340205 -0.0025657 0.999997 0.0672072 0.181371 -0.374624
FixedParameters: 0 0 0

#Transform 138
Transform: AffineTransform_float_3_3
Parameters: 0.999998 -0.00196772 -0.000291832 0.00196805 0.999995 0.00263877 0.0002863 -0.00263923 0.999996 0.0649567 0.195585 -0.320723
FixedParameters: 0 0 0

#Transform 139
Transform: AffineTransform_float_3_3
Parameters: 0.999997 -0.00221474 -7.87555e-06 0.00221488 0.999994 0.00275812 1.04044e-06 -0.00275888 0.999996 0.0827939 0.202677 -0.320542
FixedParameters: 0 0 0

#Transform 140
Transform: AffineTransform_float_3_3
Parameters: 0.999999 -0.00185434 -0.000160399 0.00185452 0.999993 0.00315719 0.000154463 -0.0031578 0.999995 0.0738473 0.207644 -0.302522
FixedParameters: 0 0 0

#Transform 141
Transform: AffineTransform_float_3_3
Parameters: 0.999997 -0.00218408 6.47589e-05 0.0021838 0.999994 0.00283612 -7.17623e-05 -0.00283587 0.999996 0.0804147 0.182617 -0.309281
FixedParameters: 0 0 0

#Transform 142
Transform: AffineTransform_float_3_3
Parameters: 0.999998 -0.00193092 -0.000127113 0.00193128 0.999995 0.00258925 0.000121575 -0.00258975 0.999997 0.0706228 0.179952 -0.376832
FixedParameters: 0 0 0

#Transform 143
Transform: AffineTransform_float_3_3
Parameters: 0.999998 -0.00211463 4.3504e-05 0.00211523 0.999993 0.00315923 -4.96432e-05 -0.00315977 0.999995 0.0715396 0.203986 -0.295123
FixedParameters: 0 0 0

#Transform 144
Transform: AffineTransform_float_3_3
Parameters: 0.999998 -0.00195617 -0.000496595 0.00195678 0.999994 0.00276837 0.000491005 -0.00276963 0.999996 0.078575 0.195851 -0.336959
FixedParameters: 0 0 0

#Transform 145
Transform: AffineTransform_float_3_3
Parameters: 0.999998 -0.00225514 -0.0001031 0.00225575 0.999994 0.00248311 9.72834e-05 -0.00248289 0.999997 0.0733377 0.198081 -0.29184
FixedParameters: 0 0 0

#Transform 146
Transform: AffineTransform_float_3_3
Parameters: 0.999998 -0.00226011 -0.000390177 0.00226167 0.999992 0.00324031 0.000383531 -0.00324069 0.999994 0.0796602 0.19224 -0.276771
FixedParameters: 0 0 0

#Transform 147
Transform: AffineTransform_float_3_3
Parameters: 0.999998 -0.00227553 -0.000237491 0.00227645 0.999993 0.0028608 0.000231163 -0.0028612 0.999996 0.0800022 0.184656 -0.287596
FixedParameters: 0 0 0

#Transform 148
Transform: AffineTransform_float_3_3
Parameters: 0.999998 -0.00205733 0.000255951 0.00205687 0.999995 0.00213602 -0.000260664 -0.00213498 0.999998 0.0716494 0.166136 -0.317697
FixedParameters: 0 0 0

#Transform 149
Transform: AffineTransform_float_3_3
Parameters: 0.999997 -0.00217658 -0.000346959 0.00217755 0.999994 0.00258559 0.000341474 -0.00258641 0.999997 0.0739036 0.187048 -0.273389
FixedParameters: 0 0 0

#Transform 150
Transform: AffineTransform_float_3_3
Parameters: 0.999998 -0.00224093 2.10166e-06 0.00224049 0.999994 0.00274499 -7.70795e-06 -0.00274501 0.999996 0.0817899 0.203162 -0.276214
FixedParameters: 0 0 0

#Transform 151
Transform: AffineTransform_float_3_3
Parameters: 0.999997 -0.00216326 -0.000248365 0.00216371 0.999994 0.0025708 0.000243015 -0.0025712 0.999997 0.0644696 0.195872 -0.269894
FixedParameters: 0 0 0

#Transform 152
Transform: AffineTransform_float_3_3
Parameters: 0.999999 -0.00178388 -0.000313947 0.00178525 0.999994 0.00263629 0.000309 -0.00263671 0.999997 0.0689634 0.205193 -0.273224
FixedParameters: 0 0 0

#Transform 153
Transform: AffineTransform_float_3_3
Parameters: 0.999997 -0.00220935 -0.000241381 0.0022109 0.999992 0.00332481 0.000234299 -0.00332519 0.999994 0.0818035 0.184516 -0.279816
FixedParameters: 0 0 0

#Transform 154
Transform: AffineTransform_float_3_3
Parameters: 0.999997 -0.0022421 -0.000261761 0.00224327 0.999993 0.0030624 0.000254718 -0.0030636 0.999995 0.075724 0.201241 -0.277731
FixedParameters: 0 0 0

#Transform 155
Transform: AffineTransform_float_3_3
Parameters: 0.999997 -0.00210556 -0.000274006 0.00210582 0.999994 0.00269076 0.000267527 -0.00269123 0.999996 0.0748742 0.205153 -0.29347
FixedParameters: 0 0 0

#Transform 156
Transform: AffineTransform_float_3_3
Parameters: 0.999997 -0.00234709 -0.00018457 0.00234734 0.999992 0.0033374 0.000176908 -0.0033376 0.999994 0.0800237 0.196924 -0.27857
FixedParameters: 0 0 0

#Transform 157
Transform: AffineTransform_float_3_3
Parameters: 0.999997 -0.00265641 -0.000114823 0.00265617 0.999991 0.00317968 0.000105935 -0.00318032 0.999995 0.0860108 0.194051 -0.265642
FixedParameters: 0 0 0

#Transform 158
Transform: AffineTransform_float_3_3
Parameters: 0.999999 -0.00181665 -0.000366965 0.00181765 0.999994 0.00301467 0.000360862 -0.00301533 0.999995 0.100989 0.207015 -0.397636
FixedParameters: 0 0 0

#Transform 159
Transform: AffineTransform_float_3_3
Parameters: 0.999996 -0.00124552 -0.00281214 0.00125781 0.999988 0.00464292 0.00280637 -0.00464708 0.999985 0.139056 0.186839 -0.431171
FixedParameters: 0 0 0

#Transform 160
Transform: AffineTransform_float_3_3
Parameters: 0.999997 -0.000741247 -0.00225999 0.000754056 0.999985 0.00536839 0.00225573 -0.0053696 0.999983 0.0676169 0.20306 -0.435766
FixedParameters: 0 0 0

#Transform 161
Transform: AffineTransform_float_3_3
Parameters: 1 -0.000188106 -0.000323359 0.00018874 0.999995 0.00321994 0.000323848 -0.00322006 0.999995 0.00377192 0.211904 -0.406516
FixedParameters: 0 0 0

#Transform 162
Transform: AffineTransform_float_3_3
Parameters: 1 -0.000195145 -0.000195629 0.000196374 0.999995 0.00315096 0.000194395 -0.00315104 0.999995 0.00448328 0.225086 -0.389435
FixedParameters: 0 0 0

#Transform 163
Transform: AffineTransform_float_3_3
Parameters: 1 -0.000564226 -0.000165004 0.000564141 0.999995 0.0029589 0.000164287 -0.00295909 0.999995 0.00195236 0.220407 -0.436431
FixedParameters: 0 0 0

#Transform 164
Transform: AffineTransform_float_3_3
Parameters: 1 -0.00115724 -0.000358514 0.00115786 0.999996 0.00235643 0.000355681 -0.00235657 0.999997 0.0100913 0.207119 -0.48993
FixedParameters: 0 0 0

#Transform 165
Transform: AffineTransform_float_3_3
Parameters: 0.999999 -0.000988987 4.05292e-05 0.000988657 0.999997 0.00228904 -4.28243e-05 -0.00228896 0.999998 0.00972779 0.205817 -0.481681
FixedParameters: 0 0 0

#Transform 166
Transform: AffineTransform_float_3_3
Parameters: 0.999999 -0.000878337 -0.000338479 0.000878573 0.999999 0.0011317 0.000337802 -0.0011323 1 0.0180942 0.179642 -0.52497
FixedParameters: 0 0 0

#Transform 167
Transform: AffineTransform_float_3_3
Parameters: 1 -0.000686346 -0.000134945 0.000686854 0.999997 0.00240591 0.000133873 -0.00240609 0.999997 0.00442685 0.211634 -0.443891
FixedParameters: 0 0 0

#Transform 168
Transform: AffineTransform_float_3_3
Parameters: 0.999999 -0.000794393 -0.000375979 0.000795238 0.999996 0.00253755 0.000374567 -0.00253745 0.999996 0.0210281 0.203751 -0.421803
FixedParameters: 0 0 0

#Transform 169
Transform: AffineTransform_float_3_3
Parameters: 1 -0.00093892 -0.000412894 0.000940124 0.999996 0.00274946 0.00041035 -0.00274954 0.999996 0.0288782 0.20878 -0.39697
FixedParameters: 0 0 0

#Transform 170
Transform: AffineTransform_float_3_3
Parameters: 1 -0.00100471 -0.000568306 0.0010064 0.999996 0.00241643 0.000566067 -0.00241757 0.999997 0.0332812 0.21203 -0.351097
FixedParameters: 0 0 0

#Transform 171
Transform: AffineTransform_float_3_3
Parameters: 0.999999 -0.00121942 -0.000179605 0.0012193 0.999996 0.00265063 0.000175763 -0.00265037 0.999997 0.0379606 0.205729 -0.367251
FixedParameters: 0 0 0

#Transform 172
Transform: AffineTransform_float_3_3
Parameters: 1 -0.00106239 -0.000390872 0.00106314 0.999997 0.00231143 0.000388582 -0.00231157 0.999997 0.0369541 0.205312 -0.368577
FixedParameters: 0 0 0

#Transform 173
Transform: AffineTransform_float_3_3
Parameters: 0.999999 -0.0014409 -0.000608868 0.00144168 0.999996 0.00226797 0.000605342 -0.00226903 0.999997 0.0544115 0.221762 -0.338161
FixedParameters: 0 0 0

#Transform 174
Transform: AffineTransform_float_3_3
Parameters: 1 -0.00111949 -0.000402497 0.00112019 0.999997 0.0021964 0.0004002 -0.0021966 0.999998 0.0360828 0.215421 -0.356284
FixedParameters: 0 0 0

#Transform 175
Transform: AffineTransform_float_3_3
Parameters: 0.999999 -0.00134959 -0.00016938 0.00134985 0.999996 0.00275426 0.000165487 -0.00275474 0.999996 0.0400385 0.208754 -0.336909
FixedParameters: 0 0 0

#Transform 176
Transform: AffineTransform_float_3_3
Parameters: 1 -0.00103459 -0.000301531 0.00103575 0.999997 0.00216369 0.000299283 -0.00216431 0.999998 0.0397421 0.214731 -0.395224
FixedParameters: 0 0 0

#Transform 177
Transform: AffineTransform_float_3_3
Parameters: 0.999999 -0.00137028 -0.000217521 0.00137058 0.999996 0.00224155 0.00021492 -0.00224145 0.999998 0.0402851 0.212377 -0.379576
FixedParameters: 0 0 0

#Transform 178
Transform: AffineTransform_float_3_3
Parameters: 0.999999 -0.00120412 -0.000229968 0.00120496 0.999997 0.00213421 0.000227057 -0.00213479 0.999997 0.039783 0.21832 -0.367208
FixedParameters: 0 0 0

#Transform 179
Transform: AffineTransform_float_3_3
Parameters: 0.999999 -0.00121328 -0.000569888 0.00121524 0.999997 0.00184516 0.000567638 -0.00184584 0.999998 0.0402503 0.213445 -0.377301
FixedParameters: 0 0 0
