# transform file /out/sourcedata/freesurfer/sub-v1s10x0051120_ses-1/mri/transforms/cc_up.lta
# created by oesteban on Thu Mar 12 09:54:12 2026

type      = 0 # LINEAR_VOX_TO_VOX
nxforms   = 1
mean      = 131.0000 133.0000 121.0000
sigma     = 10000.0000
1 4 4
9.974272847175598e-01 4.398060590028763e-02 -5.661004036664963e-02 -2.123374462127686e+00 
-4.390994086861610e-02 9.990324378013611e-01 2.492154948413372e-03 1.761609649658203e+01 
5.666486918926239e-02 2.328306714094452e-10 9.983933568000793e-01 1.705883264541626e+00 
0.000000000000000e+00 0.000000000000000e+00 0.000000000000000e+00 1.000000000000000e+00 
src volume info
valid = 1  # volume info valid
filename = /out/sourcedata/freesurfer/sub-v1s10x0051120_ses-1/mri/norm.mgz
volume = 256 256 256
voxelsize = 1.000000000000000e+00 1.000000000000000e+00 1.000000000000000e+00
xras   = -1.000000000000000e+00 0.000000000000000e+00 0.000000000000000e+00
yras   = 0.000000000000000e+00 0.000000000000000e+00 -1.000000000000000e+00
zras   = 0.000000000000000e+00 1.000000000000000e+00 0.000000000000000e+00
cras   = 1.006271362304688e+01 1.000000000000000e+00 -1.891571044921875e+00
dst volume info
valid = 1  # volume info valid
filename = /out/sourcedata/freesurfer/sub-v1s10x0051120_ses-1/mri/norm.mgz
volume = 256 256 256
voxelsize = 1.000000000000000e+00 1.000000000000000e+00 1.000000000000000e+00
xras   = -1.000000000000000e+00 0.000000000000000e+00 0.000000000000000e+00
yras   = 0.000000000000000e+00 0.000000000000000e+00 -1.000000000000000e+00
zras   = 0.000000000000000e+00 1.000000000000000e+00 0.000000000000000e+00
cras   = 1.006271362304688e+01 1.000000000000000e+00 -1.891571044921875e+00
