#Insight Transform File V1.0
#Transform 0
Transform: AffineTransform_float_3_3
Parameters: 0.999999 -0.00133658 0.000106409 0.00133678 0.999997 -0.00212822 -0.000103872 0.00212778 0.999998 -0.0615799 0.165688 0.61412
FixedParameters: 0 0 0

#Transform 1
Transform: AffineTransform_float_3_3
Parameters: 1 0.000887414 -0.000453403 -0.000887067 1 0.000383043 0.000454083 -0.000382957 1 -0.010622 -0.0152183 -0.112407
FixedParameters: 0 0 0

#Transform 2
Transform: AffineTransform_float_3_3
Parameters: 0.999999 0.00139347 -0.000320462 -0.00139325 0.999999 0.000345935 0.000321425 -0.000345065 1 -0.0184117 0.00107867 -0.120448
FixedParameters: 0 0 0

#Transform 3
Transform: AffineTransform_float_3_3
Parameters: 0.999999 0.00182169 -5.38481e-05 -0.00182167 0.999998 0.000131586 5.43272e-05 -0.000131414 1 -0.0251142 0.0132001 -0.129329
FixedParameters: 0 0 0

#Transform 4
Transform: AffineTransform_float_3_3
Parameters: 0.999998 0.00168861 -0.000183166 -0.00168857 0.999998 0.00011595 0.000183557 -0.00011605 1 -0.0229561 0.0123647 -0.13189
FixedParameters: 0 0 0

#Transform 5
Transform: AffineTransform_float_3_3
Parameters: 0.999998 0.00200934 0.000205427 -0.00201001 0.999998 0.000681924 -0.000203607 -0.000682076 1 -0.0442475 0.0136925 -0.133059
FixedParameters: 0 0 0

#Transform 6
Transform: AffineTransform_float_3_3
Parameters: 0.999998 0.00224018 -0.000116431 -0.00223952 0.999997 0.00053739 0.000117528 -0.00053761 1 -0.04538 0.0148715 -0.124522
FixedParameters: 0 0 0

#Transform 7
Transform: AffineTransform_float_3_3
Parameters: 0.999999 0.00185921 0.000127415 -0.00185971 0.999998 0.000443459 -0.000126688 -0.000442542 1 -0.024202 0.0176902 -0.147881
FixedParameters: 0 0 0

#Transform 8
Transform: AffineTransform_float_3_3
Parameters: 0.999998 0.00195172 0.000223524 -0.00195247 0.999998 0.000791901 -0.000221352 -0.000792099 1 -0.0308816 0.00618605 -0.152138
FixedParameters: 0 0 0

#Transform 9
Transform: AffineTransform_float_3_3
Parameters: 0.999998 0.00231945 0.000268695 -0.00231974 0.999997 0.000796714 -0.000267229 -0.000797287 1 -0.0364331 -0.00465765 -0.157324
FixedParameters: 0 0 0

#Transform 10
Transform: AffineTransform_float_3_3
Parameters: 0.999998 0.00202435 -0.000153919 -0.00202361 0.999998 0.000672441 0.00015533 -0.000672559 0.999999 -0.0389665 0.0204486 -0.133321
FixedParameters: 0 0 0

#Transform 11
Transform: AffineTransform_float_3_3
Parameters: 0.999997 0.0021386 0.000421545 -0.00213884 0.999997 0.000915436 -0.000418939 -0.000916563 0.999999 -0.0416803 0.0282768 -0.125853
FixedParameters: 0 0 0

#Transform 12
Transform: AffineTransform_float_3_3
Parameters: 0.999998 0.00192657 0.000223898 -0.00192693 0.999998 0.00110991 -0.000221853 -0.00111009 0.999999 -0.0376353 0.0315702 -0.113252
FixedParameters: 0 0 0

#Transform 13
Transform: AffineTransform_float_3_3
Parameters: 0.999998 0.00205782 0.000430721 -0.00205844 0.999998 0.000888451 -0.000429294 -0.000889551 0.999999 -0.0325922 0.0352432 -0.116294
FixedParameters: 0 0 0

#Transform 14
Transform: AffineTransform_float_3_3
Parameters: 0.999997 0.00219816 0.000223692 -0.00219843 0.999997 0.000928846 -0.00022184 -0.000929155 1 -0.034341 0.0330138 -0.119224
FixedParameters: 0 0 0

#Transform 15
Transform: AffineTransform_float_3_3
Parameters: 0.999998 0.00190564 0.000215098 -0.00190552 0.999998 0.00095208 -0.000212779 -0.00095292 1 -0.0300825 0.0180418 -0.133466
FixedParameters: 0 0 0

#Transform 16
Transform: AffineTransform_float_3_3
Parameters: 0.999999 0.00145532 0.000424786 -0.00145545 0.999998 0.00140972 -0.000423305 -0.00141028 0.999998 -0.0130763 0.0326059 -0.120471
FixedParameters: 0 0 0

#Transform 17
Transform: AffineTransform_float_3_3
Parameters: 0.999999 0.00161236 0.000805247 -0.00161261 0.999998 0.0010544 -0.000803546 -0.0010556 0.999999 -0.0174657 0.0313002 -0.125642
FixedParameters: 0 0 0

#Transform 18
Transform: AffineTransform_float_3_3
Parameters: 0.999998 0.00227349 0.000525823 -0.00227465 0.999997 0.00124099 -0.000522409 -0.00124201 0.999999 -0.0584646 0.0133205 -0.107256
FixedParameters: 0 0 0

#Transform 19
Transform: AffineTransform_float_3_3
Parameters: 0.999997 0.00232938 0.000485748 -0.00232946 0.999997 0.00117321 -0.000482901 -0.00117479 1 -0.0481884 0.0279178 -0.122341
FixedParameters: 0 0 0

#Transform 20
Transform: AffineTransform_float_3_3
Parameters: 0.999998 0.00205981 0.000340039 -0.00206023 0.999997 0.00160964 -0.000336948 -0.00161036 0.999999 -0.039951 0.0324893 -0.0991148
FixedParameters: 0 0 0

#Transform 21
Transform: AffineTransform_float_3_3
Parameters: 0.999998 0.00225571 0.000289881 -0.00225598 0.999996 0.00163553 -0.000286045 -0.00163547 0.999998 -0.0402756 0.0182219 -0.0882031
FixedParameters: 0 0 0

#Transform 22
Transform: AffineTransform_float_3_3
Parameters: 0.999998 0.00226272 0.000313738 -0.00226298 0.999997 0.00148548 -0.000310558 -0.00148552 0.999999 -0.0429943 0.0281205 -0.109576
FixedParameters: 0 0 0

#Transform 23
Transform: AffineTransform_float_3_3
Parameters: 0.999998 0.00224352 0.000151039 -0.00224379 0.999996 0.00181664 -0.000147349 -0.00181736 0.999998 -0.0534042 0.0293452 -0.094233
FixedParameters: 0 0 0

#Transform 24
Transform: AffineTransform_float_3_3
Parameters: 0.999997 0.00234154 0.000292935 -0.00234228 0.999996 0.00174314 -0.000289232 -0.00174386 0.999998 -0.0515981 0.0297496 -0.0948463
FixedParameters: 0 0 0

#Transform 25
Transform: AffineTransform_float_3_3
Parameters: 0.999997 0.00240735 0.000266038 -0.00240795 0.999996 0.00166434 -0.000262484 -0.00166566 0.999999 -0.037495 0.0338038 -0.0987226
FixedParameters: 0 0 0

#Transform 26
Transform: AffineTransform_float_3_3
Parameters: 0.999996 0.00250574 0.000569051 -0.00250626 0.999995 0.00186276 -0.000563644 -0.00186424 0.999998 -0.0395512 0.0371793 -0.0880295
FixedParameters: 0 0 0

#Transform 27
Transform: AffineTransform_float_3_3
Parameters: 0.999997 0.00249925 0.000398674 -0.00250028 0.999996 0.00163883 -0.00039494 -0.00164017 0.999998 -0.0391781 0.0285134 -0.0881102
FixedParameters: 0 0 0

#Transform 28
Transform: AffineTransform_float_3_3
Parameters: 0.999997 0.00264461 0.000388661 -0.00264479 0.999995 0.00179216 -0.000384034 -0.00179284 0.999999 -0.0635201 0.0237917 -0.0913142
FixedParameters: 0 0 0

#Transform 29
Transform: AffineTransform_float_3_3
Parameters: 0.999997 0.00249751 0.000320431 -0.00249835 0.999995 0.00175418 -0.000316126 -0.00175582 0.999998 -0.0603588 0.0205312 -0.0793356
FixedParameters: 0 0 0

#Transform 30
Transform: AffineTransform_float_3_3
Parameters: 0.999997 0.00247721 0.000259571 -0.00247785 0.999995 0.00177134 -0.000255254 -0.00177266 0.999998 -0.0596402 0.0275863 -0.0795731
FixedParameters: 0 0 0

#Transform 31
Transform: AffineTransform_float_3_3
Parameters: 0.999997 0.00247723 0.000308365 -0.0024771 0.999996 0.00175006 -0.000304547 -0.00175094 0.999998 -0.0583131 0.0330789 -0.08815
FixedParameters: 0 0 0

#Transform 32
Transform: AffineTransform_float_3_3
Parameters: 0.999996 0.00257468 0.000228109 -0.00257519 0.999995 0.00174624 -0.000223578 -0.00174676 0.999998 -0.0574421 0.0204945 -0.0793192
FixedParameters: 0 0 0

#Transform 33
Transform: AffineTransform_float_3_3
Parameters: 0.999997 0.00264375 0.000450917 -0.00264509 0.999995 0.0018 -0.000445858 -0.001801 0.999999 -0.0563275 0.0234171 -0.0911453
FixedParameters: 0 0 0

#Transform 34
Transform: AffineTransform_float_3_3
Parameters: 0.999997 0.00245734 0.000393593 -0.00245819 0.999995 0.00211602 -0.000388962 -0.00211799 0.999998 -0.0620986 0.0160684 -0.0833229
FixedParameters: 0 0 0

#Transform 35
Transform: AffineTransform_float_3_3
Parameters: 0.999997 0.00239721 0.00054728 -0.00239882 0.999994 0.00222424 -0.000542386 -0.00222477 0.999998 -0.0563901 0.0160645 -0.0820746
FixedParameters: 0 0 0

#Transform 36
Transform: AffineTransform_float_3_3
Parameters: 0.999997 0.00211921 0.000695897 -0.00212009 0.999995 0.00215387 -0.000692006 -0.00215614 0.999997 -0.045799 0.0473224 -0.0964545
FixedParameters: 0 0 0

#Transform 37
Transform: AffineTransform_float_3_3
Parameters: 0.999998 0.00199595 0.00118867 -0.0019978 0.999995 0.00222353 -0.0011845 -0.00222547 0.999996 -0.0365229 0.0503843 -0.0791795
FixedParameters: 0 0 0

#Transform 38
Transform: AffineTransform_float_3_3
Parameters: 0.999997 0.00215068 0.000967652 -0.00215345 0.999995 0.00253347 -0.000961988 -0.00253554 0.999997 -0.0423634 0.0442774 -0.100889
FixedParameters: 0 0 0

#Transform 39
Transform: AffineTransform_float_3_3
Parameters: 0.999996 0.00242112 0.00103093 -0.00242368 0.999993 0.0027249 -0.00102336 -0.0027271 0.999995 -0.0564596 0.0428214 -0.0884323
FixedParameters: 0 0 0

#Transform 40
Transform: AffineTransform_float_3_3
Parameters: 0.999997 0.00212817 0.00105665 -0.00213083 0.999994 0.0027053 -0.00105076 -0.0027077 0.999995 -0.0405882 0.0476454 -0.0853013
FixedParameters: 0 0 0

#Transform 41
Transform: AffineTransform_float_3_3
Parameters: 0.999997 0.00201468 0.000980936 -0.00201715 0.999994 0.00281872 -0.000975202 -0.00282128 0.999995 -0.038763 0.0525268 -0.10771
FixedParameters: 0 0 0

#Transform 42
Transform: AffineTransform_float_3_3
Parameters: 0.999997 0.00230344 0.00103303 -0.00230579 0.999994 0.00286917 -0.00102674 -0.00287183 0.999996 -0.0430542 0.0628409 -0.0974511
FixedParameters: 0 0 0

#Transform 43
Transform: AffineTransform_float_3_3
Parameters: 0.999997 0.00228301 0.000923885 -0.00228522 0.999992 0.00314444 -0.000916463 -0.00314656 0.999994 -0.0516228 0.0681968 -0.0734997
FixedParameters: 0 0 0

#Transform 44
Transform: AffineTransform_float_3_3
Parameters: 0.999998 0.00203251 0.000978291 -0.00203599 0.999993 0.00314056 -0.000972066 -0.00314244 0.999994 -0.0388429 0.0664151 -0.072767
FixedParameters: 0 0 0

#Transform 45
Transform: AffineTransform_float_3_3
Parameters: 0.999996 0.00235977 0.000982829 -0.00236286 0.999992 0.00320123 -0.000975572 -0.00320377 0.999995 -0.0470432 0.0516332 -0.0657415
FixedParameters: 0 0 0

#Transform 46
Transform: AffineTransform_float_3_3
Parameters: 0.999997 0.00235095 0.00124238 -0.00235505 0.999992 0.00309499 -0.00123476 -0.00309801 0.999995 -0.0326437 0.0688114 -0.0750386
FixedParameters: 0 0 0

#Transform 47
Transform: AffineTransform_float_3_3
Parameters: 0.999996 0.002312 0.00124046 -0.00231667 0.999992 0.00316904 -0.00123365 -0.00317196 0.999994 -0.0329004 0.0717773 -0.0752908
FixedParameters: 0 0 0

#Transform 48
Transform: AffineTransform_float_3_3
Parameters: 0.999998 0.00189855 0.00134758 -0.00190306 0.999992 0.0034925 -0.00134072 -0.0034955 0.999993 -0.0199946 0.0708675 -0.0701962
FixedParameters: 0 0 0

#Transform 49
Transform: AffineTransform_float_3_3
Parameters: 0.999997 0.00174337 0.00162245 -0.00174881 0.999992 0.00375408 -0.00161653 -0.00375693 0.999991 -0.0116937 0.0646595 -0.0644209
FixedParameters: 0 0 0

#Transform 50
Transform: AffineTransform_float_3_3
Parameters: 0.999998 0.00146309 0.00138456 -0.00146809 0.999991 0.00390903 -0.0013799 -0.00391097 0.999991 -0.00236957 0.0676686 -0.0520509
FixedParameters: 0 0 0

#Transform 51
Transform: AffineTransform_float_3_3
Parameters: 0.999997 0.00184836 0.00167179 -0.00185502 0.999991 0.00389417 -0.00166548 -0.00389683 0.999991 0.000174996 0.0722972 -0.0577474
FixedParameters: 0 0 0

#Transform 52
Transform: AffineTransform_float_3_3
Parameters: 0.999997 0.00178777 0.00172031 -0.0017954 0.99999 0.00417918 -0.00171253 -0.00418181 0.999989 -0.00793297 0.0775597 -0.0532366
FixedParameters: 0 0 0

#Transform 53
Transform: AffineTransform_float_3_3
Parameters: 0.999996 0.00223848 0.00165285 -0.00224579 0.999988 0.00429756 -0.001643 -0.00430143 0.999989 -0.0266505 0.0679128 -0.0805312
FixedParameters: 0 0 0

#Transform 54
Transform: AffineTransform_float_3_3
Parameters: 0.999997 0.00211626 0.00172854 -0.00212471 0.999987 0.00470645 -0.0017184 -0.00470955 0.999987 -0.0337257 0.0726106 -0.0547549
FixedParameters: 0 0 0

#Transform 55
Transform: AffineTransform_float_3_3
Parameters: 0.999997 0.00214058 0.00159262 -0.00214781 0.999986 0.00472886 -0.00158215 -0.00473214 0.999988 -0.0447965 0.0827 -0.0532299
FixedParameters: 0 0 0

#Transform 56
Transform: AffineTransform_float_3_3
Parameters: 0.999997 0.00224555 0.00152327 -0.00225223 0.999987 0.00445685 -0.00151265 -0.00446015 0.999989 -0.0288577 0.0599324 -0.0475206
FixedParameters: 0 0 0

#Transform 57
Transform: AffineTransform_float_3_3
Parameters: 0.999995 0.00270474 0.00151001 -0.00271202 0.999985 0.00461704 -0.00149758 -0.00462096 0.999989 -0.0547055 0.0760757 -0.0288017
FixedParameters: 0 0 0

#Transform 58
Transform: AffineTransform_float_3_3
Parameters: 0.999995 0.00261366 0.0014428 -0.00262066 0.999984 0.0050542 -0.00142931 -0.0050568 0.999986 -0.0534075 0.094443 -0.0167484
FixedParameters: 0 0 0

#Transform 59
Transform: AffineTransform_float_3_3
Parameters: 0.999996 0.00232934 0.00166128 -0.00233726 0.999985 0.00490225 -0.00164953 -0.00490575 0.999986 -0.0516997 0.0916401 -0.031608
FixedParameters: 0 0 0

#Transform 60
Transform: AffineTransform_float_3_3
Parameters: 0.999995 0.00258179 0.00155593 -0.00259003 0.999984 0.00508559 -0.00154259 -0.00508941 0.999986 -0.051865 0.0817441 -0.0247589
FixedParameters: 0 0 0

#Transform 61
Transform: AffineTransform_float_3_3
Parameters: 0.999997 0.00224229 0.00155768 -0.0022504 0.999983 0.00546163 -0.00154558 -0.00546438 0.999984 -0.0289347 0.0897942 -0.0228246
FixedParameters: 0 0 0

#Transform 62
Transform: AffineTransform_float_3_3
Parameters: 0.999997 0.0019995 0.00156754 -0.00200846 0.999981 0.00582477 -0.00155571 -0.00582823 0.999981 -0.0294822 0.0760039 0.004029
FixedParameters: 0 0 0

#Transform 63
Transform: AffineTransform_float_3_3
Parameters: 0.999996 0.0019127 0.00175656 -0.00192338 0.999981 0.00579842 -0.00174491 -0.00580158 0.999982 -0.024399 0.0832203 -0.00142727
FixedParameters: 0 0 0

#Transform 64
Transform: AffineTransform_float_3_3
Parameters: 0.999996 0.00200421 0.00166207 -0.00201439 0.999981 0.00586093 -0.00165003 -0.00586407 0.999982 -0.0346532 0.0961964 -0.008916
FixedParameters: 0 0 0

#Transform 65
Transform: AffineTransform_float_3_3
Parameters: 0.999997 0.00203086 0.00169554 -0.00204135 0.99998 0.00599098 -0.00168397 -0.00599503 0.999981 -0.0406668 0.102762 0.00608545
FixedParameters: 0 0 0

#Transform 66
Transform: AffineTransform_float_3_3
Parameters: 0.999996 0.00211536 0.0018112 -0.00212714 0.999979 0.00621928 -0.00179803 -0.00622272 0.999978 -0.036724 0.103308 0.00740024
FixedParameters: 0 0 0

#Transform 67
Transform: AffineTransform_float_3_3
Parameters: 0.999996 0.00217264 0.00184888 -0.00218344 0.999979 0.00607961 -0.001836 -0.00608339 0.99998 -0.0282063 0.117165 -0.0105241
FixedParameters: 0 0 0

#Transform 68
Transform: AffineTransform_float_3_3
Parameters: 0.999996 0.00245186 0.00179432 -0.00246319 0.999978 0.00619572 -0.00177931 -0.00620029 0.99998 -0.0389367 0.118895 -0.0164606
FixedParameters: 0 0 0

#Transform 69
Transform: AffineTransform_float_3_3
Parameters: 0.999995 0.00242046 0.00172151 -0.00243009 0.999983 0.00538295 -0.00170784 -0.00538705 0.999984 -0.0480041 0.104408 -0.00841325
FixedParameters: 0 0 0

#Transform 70
Transform: AffineTransform_float_3_3
Parameters: 0.999995 0.00230771 0.00179284 -0.00231794 0.999982 0.00559598 -0.00177978 -0.00560002 0.999983 -0.0481472 0.108631 -0.00368876
FixedParameters: 0 0 0

#Transform 71
Transform: AffineTransform_float_3_3
Parameters: 0.999996 0.00236876 0.00189877 -0.00237998 0.999981 0.00578862 -0.0018845 -0.00579338 0.999981 -0.0516668 0.0995859 -0.0130127
FixedParameters: 0 0 0

#Transform 72
Transform: AffineTransform_float_3_3
Parameters: 0.999995 0.00215122 0.00197367 -0.0021629 0.99998 0.00601538 -0.00196041 -0.00601963 0.99998 -0.0362758 0.112511 -0.00319073
FixedParameters: 0 0 0

#Transform 73
Transform: AffineTransform_float_3_3
Parameters: 0.999996 0.00203437 0.00205685 -0.00204807 0.999975 0.00671144 -0.00204292 -0.00671556 0.999975 -0.0386352 0.0995609 0.0121079
FixedParameters: 0 0 0

#Transform 74
Transform: AffineTransform_float_3_3
Parameters: 0.999996 0.00208672 0.00192722 -0.00209877 0.999978 0.0062586 -0.00191371 -0.0062624 0.999979 -0.0385095 0.106701 -0.0157148
FixedParameters: 0 0 0

#Transform 75
Transform: AffineTransform_float_3_3
Parameters: 0.999995 0.00238535 0.00210891 -0.00239963 0.999975 0.00672245 -0.00209244 -0.00672756 0.999975 -0.0593627 0.11533 -0.00188563
FixedParameters: 0 0 0

#Transform 76
Transform: AffineTransform_float_3_3
Parameters: 0.999994 0.00249679 0.00208802 -0.00251182 0.999971 0.00710126 -0.00206945 -0.00710673 0.999972 -0.048882 0.127417 0.00262283
FixedParameters: 0 0 0

#Transform 77
Transform: AffineTransform_float_3_3
Parameters: 0.999995 0.00201542 0.00251219 -0.00203551 0.999967 0.00787227 -0.00249611 -0.00787673 0.999966 -0.0293997 0.120528 -0.00770365
FixedParameters: 0 0 0

#Transform 78
Transform: AffineTransform_float_3_3
Parameters: 0.999994 0.00214604 0.00246155 -0.00216628 0.999964 0.00817869 -0.0024434 -0.0081843 0.999963 -0.0324316 0.130456 -0.00753507
FixedParameters: 0 0 0

#Transform 79
Transform: AffineTransform_float_3_3
Parameters: 0.999994 0.00222302 0.00245252 -0.00224327 0.999963 0.00831973 -0.0024338 -0.00832427 0.999963 -0.0395485 0.129185 0.00489618
FixedParameters: 0 0 0

#Transform 80
Transform: AffineTransform_float_3_3
Parameters: 0.999994 0.00268228 0.00224825 -0.00270038 0.999966 0.00784066 -0.00222737 -0.00784635 0.999967 -0.0675576 0.115107 0.0205432
FixedParameters: 0 0 0

#Transform 81
Transform: AffineTransform_float_3_3
Parameters: 0.999994 0.00262992 0.00249318 -0.00265006 0.999965 0.00792748 -0.00247251 -0.00793352 0.999965 -0.0573757 0.129521 0.0151221
FixedParameters: 0 0 0

#Transform 82
Transform: AffineTransform_float_3_3
Parameters: 0.999994 0.00256254 0.00236534 -0.00258058 0.999964 0.00799577 -0.00234449 -0.00800223 0.999965 -0.0589632 0.138519 0.0124482
FixedParameters: 0 0 0

#Transform 83
Transform: AffineTransform_float_3_3
Parameters: 0.999992 0.00270873 0.00277839 -0.00273119 0.999961 0.00836287 -0.00275603 -0.00837014 0.999962 -0.0613939 0.140268 0.0264623
FixedParameters: 0 0 0

#Transform 84
Transform: AffineTransform_float_3_3
Parameters: 0.999992 0.00260319 0.00282274 -0.00262777 0.999957 0.00877319 -0.00280037 -0.0087808 0.999958 -0.0665743 0.135983 0.02864
FixedParameters: 0 0 0

#Transform 85
Transform: AffineTransform_float_3_3
Parameters: 0.999993 0.00245198 0.00256917 -0.00247491 0.999959 0.00867588 -0.00254748 -0.00868211 0.999959 -0.0604166 0.130678 0.034755
FixedParameters: 0 0 0

#Transform 86
Transform: AffineTransform_float_3_3
Parameters: 0.999994 0.00217397 0.00270099 -0.00219777 0.999957 0.00906547 -0.00268174 -0.00907155 0.999956 -0.0412953 0.137488 0.00934168
FixedParameters: 0 0 0

#Transform 87
Transform: AffineTransform_float_3_3
Parameters: 0.999994 0.00224364 0.00288296 -0.00226943 0.999959 0.00883786 -0.00286345 -0.00884514 0.999957 -0.0427184 0.139505 -0.0144295
FixedParameters: 0 0 0

#Transform 88
Transform: AffineTransform_float_3_3
Parameters: 0.999993 0.00247053 0.00285951 -0.00249598 0.999957 0.00894948 -0.00283675 -0.00895653 0.999956 -0.0498676 0.148048 0.0018213
FixedParameters: 0 0 0

#Transform 89
Transform: AffineTransform_float_3_3
Parameters: 0.999991 0.00270284 0.00325442 -0.00273352 0.99995 0.0095423 -0.00322881 -0.0095507 0.999949 -0.0481309 0.13605 0.0280305
FixedParameters: 0 0 0

#Transform 90
Transform: AffineTransform_float_3_3
Parameters: 0.999995 0.00201917 0.00266684 -0.00204448 0.999954 0.00936694 -0.00264785 -0.00937206 0.999952 -0.0452081 0.138773 0.0246899
FixedParameters: 0 0 0

#Transform 91
Transform: AffineTransform_float_3_3
Parameters: 0.999994 0.00220186 0.00270236 -0.00222619 0.999957 0.00899138 -0.00268253 -0.00899762 0.999956 -0.0436947 0.144226 -0.000406563
FixedParameters: 0 0 0

#Transform 92
Transform: AffineTransform_float_3_3
Parameters: 0.999994 0.00222072 0.00265796 -0.0022452 0.999956 0.00917144 -0.00263699 -0.00917758 0.999955 -0.0440217 0.143911 0.0118155
FixedParameters: 0 0 0

#Transform 93
Transform: AffineTransform_float_3_3
Parameters: 0.999993 0.00235589 0.00286758 -0.0023838 0.999952 0.00951478 -0.00284456 -0.00952122 0.999951 -0.0504643 0.164341 0.0203808
FixedParameters: 0 0 0

#Transform 94
Transform: AffineTransform_float_3_3
Parameters: 0.999992 0.00254295 0.00283822 -0.00257065 0.999949 0.00976797 -0.00281297 -0.00977604 0.999948 -0.0493389 0.163511 0.0245206
FixedParameters: 0 0 0

#Transform 95
Transform: AffineTransform_float_3_3
Parameters: 0.999993 0.00250679 0.00271607 -0.00253465 0.999947 0.00999837 -0.0026909 -0.0100056 0.999946 -0.0544555 0.165357 0.0479572
FixedParameters: 0 0 0

#Transform 96
Transform: AffineTransform_float_3_3
Parameters: 0.999993 0.00248637 0.00286544 -0.00251634 0.999944 0.0102364 -0.00283933 -0.0102436 0.999944 -0.0579538 0.155793 0.0553193
FixedParameters: 0 0 0

#Transform 97
Transform: AffineTransform_float_3_3
Parameters: 0.999993 0.00254316 0.00293173 -0.0025723 0.999946 0.0101779 -0.00290554 -0.0101851 0.999944 -0.0568466 0.166738 0.0366331
FixedParameters: 0 0 0

#Transform 98
Transform: AffineTransform_float_3_3
Parameters: 0.999993 0.00256084 0.00268236 -0.00258838 0.999943 0.0103382 -0.00265606 -0.0103448 0.999942 -0.0634796 0.168484 0.0314197
FixedParameters: 0 0 0

#Transform 99
Transform: AffineTransform_float_3_3
Parameters: 0.999993 0.00248173 0.00280637 -0.00251183 0.999939 0.0107374 -0.00277955 -0.0107436 0.999938 -0.0641611 0.175671 0.0419886
FixedParameters: 0 0 0

#Transform 100
Transform: AffineTransform_float_3_3
Parameters: 0.999992 0.00261124 0.00307726 -0.00264344 0.99994 0.0105805 -0.00304962 -0.0105895 0.999939 -0.0629605 0.171093 0.040391
FixedParameters: 0 0 0

#Transform 101
Transform: AffineTransform_float_3_3
Parameters: 0.999992 0.00247541 0.00306458 -0.00250887 0.999936 0.0110478 -0.00303695 -0.0110552 0.999934 -0.0589879 0.161051 0.0409785
FixedParameters: 0 0 0

#Transform 102
Transform: AffineTransform_float_3_3
Parameters: 0.999992 0.00272428 0.00286299 -0.00275433 0.999941 0.0105422 -0.00283425 -0.0105508 0.99994 -0.0682247 0.166315 0.039859
FixedParameters: 0 0 0

#Transform 103
Transform: AffineTransform_float_3_3
Parameters: 0.999992 0.00272743 0.00285548 -0.00276031 0.999931 0.0114206 -0.00282484 -0.0114284 0.999931 -0.0638618 0.189859 0.074019
FixedParameters: 0 0 0

#Transform 104
Transform: AffineTransform_float_3_3
Parameters: 0.999989 0.00336241 0.00307742 -0.00339287 0.999942 0.010227 -0.00304259 -0.010237 0.999943 -0.105466 0.182256 0.0594178
FixedParameters: 0 0 0

#Transform 105
Transform: AffineTransform_float_3_3
Parameters: 0.999989 0.00332434 0.00307464 -0.00335889 0.999931 0.0112331 -0.00303684 -0.0112429 0.999932 -0.0903493 0.179722 0.088842
FixedParameters: 0 0 0

#Transform 106
Transform: AffineTransform_float_3_3
Parameters: 0.999991 0.00313142 0.00304236 -0.00316388 0.99994 0.0105199 -0.00301 -0.0105291 0.99994 -0.074245 0.181982 0.0658307
FixedParameters: 0 0 0

#Transform 107
Transform: AffineTransform_float_3_3
Parameters: 0.999989 0.0033741 0.00302644 -0.00340781 0.999935 0.0109011 -0.00298992 -0.0109109 0.999936 -0.0819779 0.176038 0.0567892
FixedParameters: 0 0 0

#Transform 108
Transform: AffineTransform_float_3_3
Parameters: 0.999988 0.00335242 0.00357126 -0.00339211 0.999931 0.011216 -0.0035343 -0.011228 0.99993 -0.0874097 0.180506 0.0857796
FixedParameters: 0 0 0

#Transform 109
Transform: AffineTransform_float_3_3
Parameters: 0.999988 0.00324635 0.00346722 -0.0032834 0.999936 0.0108825 -0.00343184 -0.0108945 0.999935 -0.0840706 0.176658 0.0740236
FixedParameters: 0 0 0

#Transform 110
Transform: AffineTransform_float_3_3
Parameters: 0.999988 0.00337336 0.00356283 -0.00341351 0.999931 0.011309 -0.00352476 -0.011321 0.99993 -0.0852156 0.179327 0.0706077
FixedParameters: 0 0 0

#Transform 111
Transform: AffineTransform_float_3_3
Parameters: 0.999986 0.00352087 0.00378477 -0.00356384 0.999927 0.01151 -0.00374347 -0.011524 0.999927 -0.0878362 0.193183 0.0884595
FixedParameters: 0 0 0

#Transform 112
Transform: AffineTransform_float_3_3
Parameters: 0.999987 0.00335762 0.00402573 -0.00340622 0.999922 0.0120272 -0.00398526 -0.0120408 0.99992 -0.0763205 0.194242 0.07698
FixedParameters: 0 0 0

#Transform 113
Transform: AffineTransform_float_3_3
Parameters: 0.999985 0.00377555 0.0041207 -0.00382592 0.999917 0.0122946 -0.00407467 -0.0123094 0.999916 -0.104228 0.190366 0.10401
FixedParameters: 0 0 0

#Transform 114
Transform: AffineTransform_float_3_3
Parameters: 0.999984 0.00390799 0.0039502 -0.00395543 0.99992 0.0120558 -0.00390257 -0.0120712 0.999919 -0.0945084 0.182955 0.0838311
FixedParameters: 0 0 0

#Transform 115
Transform: AffineTransform_float_3_3
Parameters: 0.999984 0.00381702 0.00413889 -0.00386836 0.999913 0.012585 -0.00409038 -0.012601 0.999912 -0.0785543 0.199801 0.0414195
FixedParameters: 0 0 0

#Transform 116
Transform: AffineTransform_float_3_3
Parameters: 0.999984 0.00377753 0.00425636 -0.00383232 0.999909 0.0129711 -0.00420703 -0.012987 0.999907 -0.0896503 0.204452 0.086606
FixedParameters: 0 0 0

#Transform 117
Transform: AffineTransform_float_3_3
Parameters: 0.999986 0.00356855 0.00406902 -0.00361991 0.999913 0.01267 -0.00402354 -0.012685 0.999911 -0.0801366 0.213406 0.0989337
FixedParameters: 0 0 0

#Transform 118
Transform: AffineTransform_float_3_3
Parameters: 0.999985 0.003666 0.00410194 -0.00371684 0.999917 0.0123417 -0.00405694 -0.0123563 0.999915 -0.0782741 0.202094 0.0897453
FixedParameters: 0 0 0

#Transform 119
Transform: AffineTransform_float_3_3
Parameters: 0.999985 0.00352509 0.00414769 -0.00358024 0.999903 0.0134503 -0.00409967 -0.0134647 0.999901 -0.06105 0.221875 0.109358
FixedParameters: 0 0 0

#Transform 120
Transform: AffineTransform_float_3_3
Parameters: 0.999984 0.00334973 0.00452662 -0.0034117 0.9999 0.0137568 -0.00447942 -0.0137723 0.999896 -0.0481191 0.21674 0.0518358
FixedParameters: 0 0 0

#Transform 121
Transform: AffineTransform_float_3_3
Parameters: 0.999985 0.00298854 0.00454827 -0.00305344 0.999894 0.0142394 -0.00450569 -0.0142526 0.999888 -0.0324022 0.236115 0.0713383
FixedParameters: 0 0 0

#Transform 122
Transform: AffineTransform_float_3_3
Parameters: 0.999982 0.0029271 0.00511523 -0.00300498 0.999879 0.0152604 -0.00506956 -0.0152756 0.999871 -0.0337797 0.235607 0.0718226
FixedParameters: 0 0 0

#Transform 123
Transform: AffineTransform_float_3_3
Parameters: 0.999983 0.00321777 0.00481801 -0.00328691 0.999889 0.0145182 -0.00477067 -0.0145338 0.999883 -0.0373132 0.232701 0.0987156
FixedParameters: 0 0 0

#Transform 124
Transform: AffineTransform_float_3_3
Parameters: 0.999984 0.00316299 0.00478417 -0.00323162 0.999889 0.0145113 -0.00473717 -0.0145267 0.999883 -0.0363741 0.234762 0.10757
FixedParameters: 0 0 0

#Transform 125
Transform: AffineTransform_float_3_3
Parameters: 0.999982 0.00296288 0.00510026 -0.00303732 0.999886 0.0147838 -0.00505562 -0.0147992 0.999877 -0.023538 0.233375 0.111496
FixedParameters: 0 0 0

#Transform 126
Transform: AffineTransform_float_3_3
Parameters: 0.999982 0.00303099 0.00507261 -0.00310582 0.999885 0.0148669 -0.00502636 -0.0148821 0.999877 -0.0195441 0.23697 0.0907043
FixedParameters: 0 0 0

#Transform 127
Transform: AffineTransform_float_3_3
Parameters: 0.999984 0.00302622 0.00463876 -0.00309655 0.999879 0.0152095 -0.00459274 -0.0152235 0.999874 -0.0341484 0.250009 0.126493
FixedParameters: 0 0 0

#Transform 128
Transform: AffineTransform_float_3_3
Parameters: 0.999983 0.00312097 0.00503557 -0.00319298 0.99989 0.0144734 -0.00498931 -0.0144886 0.999882 -0.036139 0.227067 0.118253
FixedParameters: 0 0 0

#Transform 129
Transform: AffineTransform_float_3_3
Parameters: 0.999985 0.00266563 0.00489986 -0.00274008 0.999879 0.0152797 -0.00485872 -0.0152932 0.999871 -0.0292134 0.249759 0.120149
FixedParameters: 0 0 0

#Transform 130
Transform: AffineTransform_float_3_3
Parameters: 0.999983 0.00250636 0.00528637 -0.00258808 0.999877 0.0154684 -0.00524637 -0.0154816 0.999866 -0.0106562 0.260587 0.12294
FixedParameters: 0 0 0

#Transform 131
Transform: AffineTransform_float_3_3
Parameters: 0.999985 0.00214314 0.00514038 -0.00222355 0.999874 0.0157466 -0.00510597 -0.0157574 0.999863 0.0106866 0.256838 0.128156
FixedParameters: 0 0 0

#Transform 132
Transform: AffineTransform_float_3_3
Parameters: 0.999983 0.00225165 0.0053899 -0.00233772 0.99987 0.0159738 -0.00535289 -0.0159862 0.999858 -0.00719026 0.264267 0.136179
FixedParameters: 0 0 0

#Transform 133
Transform: AffineTransform_float_3_3
Parameters: 0.999983 0.00238605 0.00533536 -0.00247104 0.99987 0.0159661 -0.00529596 -0.015979 0.999859 -0.00892325 0.26853 0.141092
FixedParameters: 0 0 0

#Transform 134
Transform: AffineTransform_float_3_3
Parameters: 0.999983 0.00242 0.00529132 -0.00250346 0.999872 0.015791 -0.00525317 -0.015804 0.999862 -0.0264622 0.259585 0.172754
FixedParameters: 0 0 0

#Transform 135
Transform: AffineTransform_float_3_3
Parameters: 0.999983 0.00248661 0.00524263 -0.00256848 0.999875 0.0156118 -0.00520252 -0.0156252 0.999865 -0.0100914 0.26482 0.160098
FixedParameters: 0 0 0

#Transform 136
Transform: AffineTransform_float_3_3
Parameters: 0.999983 0.00246565 0.00541101 -0.00255191 0.999867 0.0160808 -0.00537056 -0.0160942 0.999856 -0.0102054 0.280465 0.150973
FixedParameters: 0 0 0

#Transform 137
Transform: AffineTransform_float_3_3
Parameters: 0.999982 0.0024655 0.00559248 -0.00255777 0.999858 0.0166287 -0.0055506 -0.0166423 0.999846 -0.0141987 0.27711 0.159398
FixedParameters: 0 0 0

#Transform 138
Transform: AffineTransform_float_3_3
Parameters: 0.999981 0.00279362 0.00553542 -0.00288738 0.999848 0.0171857 -0.00548599 -0.0172013 0.999837 -0.0153261 0.275216 0.162533
FixedParameters: 0 0 0

#Transform 139
Transform: AffineTransform_float_3_3
Parameters: 0.999982 0.00284541 0.00530619 -0.0029354 0.99985 0.0170287 -0.00525676 -0.0170442 0.999841 -0.0197933 0.275002 0.17553
FixedParameters: 0 0 0

#Transform 140
Transform: AffineTransform_float_3_3
Parameters: 0.999982 0.00256044 0.00542358 -0.00265204 0.999854 0.0168952 -0.00537954 -0.0169098 0.999843 -0.0145871 0.263497 0.186251
FixedParameters: 0 0 0

#Transform 141
Transform: AffineTransform_float_3_3
Parameters: 0.99998 0.00267866 0.00571346 -0.00277566 0.99985 0.0170774 -0.00566707 -0.0170926 0.999838 -0.0139619 0.273942 0.147899
FixedParameters: 0 0 0

#Transform 142
Transform: AffineTransform_float_3_3
Parameters: 0.999981 0.00300022 0.00551014 -0.0030946 0.999848 0.0171844 -0.00545728 -0.0172006 0.999837 -0.0222728 0.290184 0.156911
FixedParameters: 0 0 0

#Transform 143
Transform: AffineTransform_float_3_3
Parameters: 0.999979 0.00291379 0.00568854 -0.00301171 0.999848 0.0171848 -0.00563753 -0.0172012 0.999836 -0.0336782 0.286656 0.193601
FixedParameters: 0 0 0

#Transform 144
Transform: AffineTransform_float_3_3
Parameters: 0.999979 0.00287376 0.0056787 -0.00296999 0.999853 0.0169342 -0.00562885 -0.0169508 0.999841 -0.0470228 0.268313 0.212679
FixedParameters: 0 0 0

#Transform 145
Transform: AffineTransform_float_3_3
Parameters: 0.999979 0.00292555 0.00580568 -0.00302435 0.999848 0.0171848 -0.0057545 -0.0172013 0.999835 -0.0176353 0.261262 0.180428
FixedParameters: 0 0 0

#Transform 146
Transform: AffineTransform_float_3_3
Parameters: 0.999978 0.00318957 0.0059237 -0.00329357 0.999838 0.017703 -0.0058664 -0.017722 0.999825 -0.0215802 0.289305 0.1749
FixedParameters: 0 0 0

#Transform 147
Transform: AffineTransform_float_3_3
Parameters: 0.999978 0.0031281 0.0058872 -0.00323368 0.999835 0.0179037 -0.00582946 -0.0179223 0.999823 -0.0358803 0.297462 0.202064
FixedParameters: 0 0 0

#Transform 148
Transform: AffineTransform_float_3_3
Parameters: 0.999977 0.00307218 0.0060316 -0.00318014 0.999834 0.017888 -0.00597487 -0.0179069 0.999822 -0.0197611 0.294536 0.210808
FixedParameters: 0 0 0

#Transform 149
Transform: AffineTransform_float_3_3
Parameters: 0.999975 0.00321133 0.00632936 -0.00332624 0.999828 0.0182228 -0.00626976 -0.0182432 0.999814 -0.0294467 0.301435 0.17805
FixedParameters: 0 0 0

#Transform 150
Transform: AffineTransform_float_3_3
Parameters: 0.999975 0.00326681 0.00627557 -0.00337921 0.999832 0.0180015 -0.00621561 -0.0180215 0.999818 -0.0316143 0.295677 0.181351
FixedParameters: 0 0 0

#Transform 151
Transform: AffineTransform_float_3_3
Parameters: 0.999976 0.00317775 0.00605891 -0.00328357 0.999839 0.017641 -0.00600226 -0.01766 0.999826 -0.0400696 0.297378 0.216136
FixedParameters: 0 0 0

#Transform 152
Transform: AffineTransform_float_3_3
Parameters: 0.999978 0.00351306 0.00573049 -0.00360904 0.999853 0.0167512 -0.00567104 -0.0167718 0.999843 -0.0587898 0.288625 0.218806
FixedParameters: 0 0 0

#Transform 153
Transform: AffineTransform_float_3_3
Parameters: 0.999975 0.0033201 0.006211 -0.00343169 0.999831 0.018061 -0.00615056 -0.018082 0.999818 -0.0403084 0.301064 0.255917
FixedParameters: 0 0 0

#Transform 154
Transform: AffineTransform_float_3_3
Parameters: 0.999975 0.00327026 0.0062842 -0.00338554 0.999824 0.0184304 -0.00622237 -0.0184506 0.99981 -0.022878 0.308235 0.253861
FixedParameters: 0 0 0

#Transform 155
Transform: AffineTransform_float_3_3
Parameters: 0.999975 0.00316566 0.00643417 -0.00328402 0.999825 0.0184401 -0.00637502 -0.0184599 0.999809 -0.0384756 0.311791 0.275695
FixedParameters: 0 0 0

#Transform 156
Transform: AffineTransform_float_3_3
Parameters: 0.999974 0.00332546 0.00631144 -0.00344033 0.999827 0.018286 -0.00624948 -0.018307 0.999813 -0.0275921 0.316521 0.283139
FixedParameters: 0 0 0

#Transform 157
Transform: AffineTransform_float_3_3
Parameters: 0.999973 0.00331254 0.00657371 -0.00343726 0.999814 0.018971 -0.00651001 -0.018993 0.999798 -0.0299729 0.318893 0.29926
FixedParameters: 0 0 0

#Transform 158
Transform: AffineTransform_float_3_3
Parameters: 0.999974 0.00324467 0.00644907 -0.00336692 0.999813 0.0190335 -0.00638588 -0.0190545 0.999798 -0.0278137 0.327955 0.297712
FixedParameters: 0 0 0

#Transform 159
Transform: AffineTransform_float_3_3
Parameters: 0.99997 0.00338877 0.00687398 -0.00351863 0.999813 0.0190132 -0.0068088 -0.0190368 0.999795 -0.0254849 0.32179 0.281031
FixedParameters: 0 0 0

#Transform 160
Transform: AffineTransform_float_3_3
Parameters: 0.999969 0.00305066 0.0072677 -0.00319587 0.999795 0.0199786 -0.00720509 -0.0200015 0.999774 -0.0209005 0.337653 0.312082
FixedParameters: 0 0 0

#Transform 161
Transform: AffineTransform_float_3_3
Parameters: 0.99997 0.00315389 0.00717683 -0.00329905 0.999789 0.020279 -0.00711168 -0.0203021 0.999769 -0.0223048 0.333215 0.316382
FixedParameters: 0 0 0

#Transform 162
Transform: AffineTransform_float_3_3
Parameters: 0.99997 0.00326084 0.00692568 -0.00339632 0.999803 0.019535 -0.00686113 -0.019558 0.999785 -0.031839 0.322423 0.306148
FixedParameters: 0 0 0

#Transform 163
Transform: AffineTransform_float_3_3
Parameters: 0.999971 0.00311659 0.00698363 -0.00325312 0.999802 0.0195941 -0.00692194 -0.0196169 0.999783 -0.021594 0.323405 0.28795
FixedParameters: 0 0 0

#Transform 164
Transform: AffineTransform_float_3_3
Parameters: 0.999968 0.00305648 0.0072977 -0.00320247 0.999794 0.0200763 -0.00723501 -0.0200987 0.999772 -0.0337748 0.33351 0.319996
FixedParameters: 0 0 0

#Transform 165
Transform: AffineTransform_float_3_3
Parameters: 0.99997 0.00287663 0.00726531 -0.0030209 0.999797 0.0199316 -0.0072068 -0.0199534 0.999775 -0.0182188 0.33683 0.331111
FixedParameters: 0 0 0

#Transform 166
Transform: AffineTransform_float_3_3
Parameters: 0.999971 0.00269607 0.00715248 -0.00283615 0.999804 0.019615 -0.00709882 -0.019635 0.999782 -0.0155798 0.325753 0.320841
FixedParameters: 0 0 0

#Transform 167
Transform: AffineTransform_float_3_3
Parameters: 0.99997 0.00288071 0.00725504 -0.00302898 0.999783 0.0206216 -0.00719455 -0.0206434 0.999761 -0.0184866 0.349275 0.313697
FixedParameters: 0 0 0

#Transform 168
Transform: AffineTransform_float_3_3
Parameters: 0.999969 0.00278084 0.00728643 -0.00292902 0.999788 0.0204152 -0.00722731 -0.0204358 0.999765 -0.0169826 0.340958 0.324338
FixedParameters: 0 0 0

#Transform 169
Transform: AffineTransform_float_3_3
Parameters: 0.99997 0.00238766 0.00727089 -0.00253037 0.999804 0.0196579 -0.00722264 -0.0196761 0.99978 -0.000650577 0.327339 0.315804
FixedParameters: 0 0 0

#Transform 170
Transform: AffineTransform_float_3_3
Parameters: 0.999969 0.00275561 0.0074614 -0.00290592 0.999791 0.0202254 -0.00740421 -0.0202466 0.999767 0.00189496 0.334489 0.316713
FixedParameters: 0 0 0

#Transform 171
Transform: AffineTransform_float_3_3
Parameters: 0.999967 0.00204227 0.00779866 -0.00220255 0.999786 0.020552 -0.0077552 -0.020569 0.999758 0.0241059 0.346778 0.297169
FixedParameters: 0 0 0

#Transform 172
Transform: AffineTransform_float_3_3
Parameters: 0.999962 0.00156994 0.00850045 -0.00174492 0.999787 0.0205955 -0.00846608 -0.0206095 0.999752 0.0430385 0.35287 0.315975
FixedParameters: 0 0 0

#Transform 173
Transform: AffineTransform_float_3_3
Parameters: 0.999962 0.00133075 0.00867823 -0.00150411 0.999798 0.0200267 -0.00864959 -0.0200393 0.999762 0.0402386 0.341811 0.324474
FixedParameters: 0 0 0

#Transform 174
Transform: AffineTransform_float_3_3
Parameters: 0.999962 0.00141747 0.00861068 -0.00159579 0.999783 0.0207739 -0.00857948 -0.0207871 0.999747 0.056772 0.334773 0.344889
FixedParameters: 0 0 0

#Transform 175
Transform: AffineTransform_float_3_3
Parameters: 0.999962 0.00140694 0.00867034 -0.00158452 0.999788 0.0205342 -0.00863991 -0.0205468 0.999752 0.0570636 0.349401 0.36172
FixedParameters: 0 0 0

#Transform 176
Transform: AffineTransform_float_3_3
Parameters: 0.999958 0.00155053 0.0089743 -0.00174071 0.999772 0.0212852 -0.00893979 -0.0212998 0.999733 0.0543974 0.36098 0.36638
FixedParameters: 0 0 0

#Transform 177
Transform: AffineTransform_float_3_3
Parameters: 0.999958 0.00152254 0.00902622 -0.00170977 0.999781 0.0208669 -0.00899222 -0.0208812 0.999742 0.0547461 0.342074 0.356088
FixedParameters: 0 0 0

#Transform 178
Transform: AffineTransform_float_3_3
Parameters: 0.999958 0.00147128 0.00906733 -0.00166357 0.999772 0.0212974 -0.00903374 -0.0213116 0.999732 0.0553696 0.353731 0.349178
FixedParameters: 0 0 0

#Transform 179
Transform: AffineTransform_float_3_3
Parameters: 0.999957 0.00124054 0.00912146 -0.00143106 0.999778 0.0210023 -0.00909368 -0.0210146 0.999738 0.0593361 0.358661 0.339555
FixedParameters: 0 0 0
