#Insight Transform File V1.0
#Transform 0
Transform: AffineTransform_float_3_3
Parameters: 1 -0.000207856 0.000968399 0.000208535 0.999999 -0.000350645 -0.000968253 0.000350354 0.999999 0.00926334 -0.1853 -0.25418
FixedParameters: 0 0 0

#Transform 1
Transform: AffineTransform_float_3_3
Parameters: 1 0.000495466 -0.000391514 -0.000495204 1 0.000335194 0.000391845 -0.000334806 1 -0.000494526 0.0831484 -0.0658353
FixedParameters: 0 0 0

#Transform 2
Transform: AffineTransform_float_3_3
Parameters: 1 0.000517345 -0.000193873 -0.000517256 0.999999 0.0012351 0.00019423 -0.0012349 0.999999 -0.00552254 0.121143 -0.124967
FixedParameters: 0 0 0

#Transform 3
Transform: AffineTransform_float_3_3
Parameters: 1 0.00018304 -0.000288259 -0.000182679 1 0.000626052 0.000288488 -0.000625947 1 0.000449858 0.132754 -0.196399
FixedParameters: 0 0 0

#Transform 4
Transform: AffineTransform_float_3_3
Parameters: 1 0.000274135 0.000157591 -0.000274425 0.999999 0.000922956 -0.000157084 -0.000923042 0.999999 0.0003783 0.14168 -0.203588
FixedParameters: 0 0 0

#Transform 5
Transform: AffineTransform_float_3_3
Parameters: 0.999999 0.000777356 5.8434e-05 -0.000776524 0.999999 0.000759802 -5.76446e-05 -0.000759197 0.999999 -0.0169486 0.1157 -0.108344
FixedParameters: 0 0 0

#Transform 6
Transform: AffineTransform_float_3_3
Parameters: 1 -0.000406108 -0.000248142 0.000406278 1 0.000342899 0.000247863 -0.000343101 1 0.0232854 0.134856 -0.222914
FixedParameters: 0 0 0

#Transform 7
Transform: AffineTransform_float_3_3
Parameters: 1 -0.00019509 2.40152e-05 0.000194139 1 0.000645004 -2.38755e-05 -0.000644995 1 0.00229037 0.11949 -0.198199
FixedParameters: 0 0 0

#Transform 8
Transform: AffineTransform_float_3_3
Parameters: 0.999999 -0.000521545 -0.000600036 0.00052213 1 0.000487534 0.000599527 -0.000487465 0.999999 0.0341964 0.14962 -0.265917
FixedParameters: 0 0 0

#Transform 9
Transform: AffineTransform_float_3_3
Parameters: 1 -0.000374889 -0.000102784 0.000375343 1 0.000307961 0.000103473 -0.000308039 1 0.0174459 0.143115 -0.214136
FixedParameters: 0 0 0

#Transform 10
Transform: AffineTransform_float_3_3
Parameters: 0.999999 -0.00069476 -0.000290699 0.000694819 1 0.000102645 0.000290556 -0.000102354 1 0.0441376 0.152669 -0.21545
FixedParameters: 0 0 0

#Transform 11
Transform: AffineTransform_float_3_3
Parameters: 0.999995 -0.00179741 -0.00236299 0.00179886 0.999998 0.000610885 0.00236248 -0.000615115 0.999997 0.0396096 0.119335 -0.163833
FixedParameters: 0 0 0

#Transform 12
Transform: AffineTransform_float_3_3
Parameters: 0.999993 -0.00286707 -0.00263947 0.00287037 0.999995 0.00117147 0.00263612 -0.00117953 0.999996 0.0936115 0.178585 -0.333557
FixedParameters: 0 0 0

#Transform 13
Transform: AffineTransform_float_3_3
Parameters: 0.999993 -0.00262118 -0.00260287 0.00262529 0.999995 0.00152121 0.00259867 -0.00152779 0.999995 0.0674362 0.182821 -0.331479
FixedParameters: 0 0 0

#Transform 14
Transform: AffineTransform_float_3_3
Parameters: 0.999993 -0.00267667 -0.00277246 0.00267892 0.999996 0.000662972 0.00277059 -0.000670026 0.999996 0.0428321 0.172304 -0.363547
FixedParameters: 0 0 0

#Transform 15
Transform: AffineTransform_float_3_3
Parameters: 0.999991 -0.00337817 -0.00276814 0.00337955 0.999994 0.000508586 0.00276638 -0.000517413 0.999996 0.0778582 0.186627 -0.392463
FixedParameters: 0 0 0

#Transform 16
Transform: AffineTransform_float_3_3
Parameters: 0.999991 -0.00343559 -0.00255819 0.00343703 0.999994 0.00056043 0.00255601 -0.000569569 0.999997 0.0801207 0.171419 -0.382874
FixedParameters: 0 0 0

#Transform 17
Transform: AffineTransform_float_3_3
Parameters: 0.999992 -0.00330111 -0.00225195 0.0033009 0.999994 0.000357939 0.00225035 -0.000365061 0.999998 0.0649539 0.160502 -0.308623
FixedParameters: 0 0 0

#Transform 18
Transform: AffineTransform_float_3_3
Parameters: 0.999991 -0.00337773 -0.00226716 0.00337926 0.999994 0.000769355 0.00226495 -0.000777646 0.999997 0.0868578 0.192612 -0.406432
FixedParameters: 0 0 0

#Transform 19
Transform: AffineTransform_float_3_3
Parameters: 0.999993 -0.00296396 -0.00193934 0.00296491 0.999996 0.000142054 0.0019394 -0.000147945 0.999998 0.078109 0.19516 -0.339417
FixedParameters: 0 0 0

#Transform 20
Transform: AffineTransform_float_3_3
Parameters: 0.99999 -0.00338581 -0.00292735 0.0033855 0.999994 -0.000215977 0.00292839 0.000206024 0.999996 0.112504 0.174021 -0.371382
FixedParameters: 0 0 0

#Transform 21
Transform: AffineTransform_float_3_3
Parameters: 0.999992 -0.00314361 -0.0025518 0.00314553 0.999995 0.000656708 0.00254935 -0.00066429 0.999997 0.0858209 0.176591 -0.346876
FixedParameters: 0 0 0

#Transform 22
Transform: AffineTransform_float_3_3
Parameters: 0.99999 -0.00335421 -0.00276241 0.00335481 0.999994 0.000199464 0.00276235 -0.000209537 0.999996 0.0971683 0.164844 -0.41792
FixedParameters: 0 0 0

#Transform 23
Transform: AffineTransform_float_3_3
Parameters: 0.999991 -0.00350264 -0.00230995 0.003503 0.999994 0.000387769 0.0023089 -0.000396233 0.999997 0.101603 0.155866 -0.369143
FixedParameters: 0 0 0

#Transform 24
Transform: AffineTransform_float_3_3
Parameters: 0.999993 -0.00342805 -0.00191195 0.00342817 0.999994 0.000165944 0.00191211 -0.000172058 0.999998 0.0913293 0.161652 -0.343768
FixedParameters: 0 0 0

#Transform 25
Transform: AffineTransform_float_3_3
Parameters: 0.999991 -0.00377886 -0.00225103 0.00377789 0.999993 -0.000542806 0.0022534 0.000534196 0.999998 0.105569 0.15988 -0.428938
FixedParameters: 0 0 0

#Transform 26
Transform: AffineTransform_float_3_3
Parameters: 0.999992 -0.00345125 -0.00213523 0.00345253 0.999994 0.000421489 0.0021336 -0.000428509 0.999998 0.0765445 0.174606 -0.391056
FixedParameters: 0 0 0

#Transform 27
Transform: AffineTransform_float_3_3
Parameters: 0.999992 -0.003339 -0.00189048 0.00333984 0.999995 0.000359339 0.00188937 -0.00036566 0.999998 0.0865048 0.175323 -0.349371
FixedParameters: 0 0 0

#Transform 28
Transform: AffineTransform_float_3_3
Parameters: 0.999992 -0.00331032 -0.00221377 0.00330928 0.999994 -0.000357112 0.0022148 0.000350889 0.999997 0.10647 0.178804 -0.411061
FixedParameters: 0 0 0

#Transform 29
Transform: AffineTransform_float_3_3
Parameters: 0.999994 -0.00312286 -0.00188078 0.00312154 0.999995 -0.00025007 0.00188141 0.00024393 0.999998 0.0883196 0.174356 -0.286401
FixedParameters: 0 0 0

#Transform 30
Transform: AffineTransform_float_3_3
Parameters: 0.999996 -0.002393 -0.00191903 0.00239258 0.999997 -0.000349973 0.0019203 0.000345028 0.999999 0.0804868 0.188222 -0.295799
FixedParameters: 0 0 0

#Transform 31
Transform: AffineTransform_float_3_3
Parameters: 0.999991 -0.00323331 -0.00253399 0.00323307 0.999995 -4.98235e-05 0.00253429 4.11767e-05 0.999996 0.121544 0.208467 -0.373809
FixedParameters: 0 0 0

#Transform 32
Transform: AffineTransform_float_3_3
Parameters: 0.99999 -0.00236536 -0.00394711 0.00236849 0.999996 0.000859158 0.00394458 -0.000867841 0.999992 0.149164 0.208654 -0.366656
FixedParameters: 0 0 0

#Transform 33
Transform: AffineTransform_float_3_3
Parameters: 0.999994 -0.00311759 -0.001606 0.00311862 0.999995 0.000650439 0.00160455 -0.000655562 0.999999 0.0736064 0.126645 -0.195089
FixedParameters: 0 0 0

#Transform 34
Transform: AffineTransform_float_3_3
Parameters: 0.999994 -0.00292071 -0.00177909 0.00292261 0.999995 0.000939608 0.00177529 -0.000944386 0.999997 0.0823801 0.0829703 -0.177184
FixedParameters: 0 0 0

#Transform 35
Transform: AffineTransform_float_3_3
Parameters: 0.999992 -0.00332253 -0.00193277 0.00332332 0.999994 0.000577231 0.00193061 -0.000583768 0.999998 0.0933068 0.0905635 -0.237195
FixedParameters: 0 0 0

#Transform 36
Transform: AffineTransform_float_3_3
Parameters: 0.999996 -0.00273479 -0.00056722 0.00273629 0.999994 0.00204328 0.000561809 -0.00204572 0.999998 0.0583179 0.122045 -0.401455
FixedParameters: 0 0 0

#Transform 37
Transform: AffineTransform_float_3_3
Parameters: 0.999998 -0.00219661 -0.00054168 0.00219871 0.999994 0.00270451 0.000535566 -0.00270549 0.999997 0.0526989 0.125612 -0.278574
FixedParameters: 0 0 0

#Transform 38
Transform: AffineTransform_float_3_3
Parameters: 0.999996 -0.00237477 -0.00154969 0.00237978 0.999993 0.00277343 0.00154345 -0.00277657 0.999995 0.0786658 0.15423 -0.488716
FixedParameters: 0 0 0

#Transform 39
Transform: AffineTransform_float_3_3
Parameters: 0.999996 -0.00251714 -0.000725788 0.00251887 0.999993 0.00275821 0.00071937 -0.00275979 0.999996 0.0473892 0.151143 -0.421269
FixedParameters: 0 0 0

#Transform 40
Transform: AffineTransform_float_3_3
Parameters: 0.999998 -0.00209607 -0.000805548 0.00209889 0.999992 0.00340701 0.000797808 -0.00340899 0.999994 0.041123 0.160781 -0.341227
FixedParameters: 0 0 0

#Transform 41
Transform: AffineTransform_float_3_3
Parameters: 0.999996 -0.00253158 -0.000711505 0.00253368 0.999991 0.00345939 0.000702764 -0.00346161 0.999994 0.0613836 0.152293 -0.431775
FixedParameters: 0 0 0

#Transform 42
Transform: AffineTransform_float_3_3
Parameters: 0.999997 -0.00220394 -0.00094907 0.00220853 0.999986 0.00467546 0.000938925 -0.00467754 0.999988 0.0728316 0.161397 -0.430743
FixedParameters: 0 0 0

#Transform 43
Transform: AffineTransform_float_3_3
Parameters: 0.999996 -0.00262469 -0.00119992 0.00263034 0.999988 0.00413861 0.00118865 -0.00414139 0.999991 0.0679293 0.172054 -0.41484
FixedParameters: 0 0 0

#Transform 44
Transform: AffineTransform_float_3_3
Parameters: 0.999995 -0.00282378 -0.000935339 0.00282807 0.999987 0.00416476 0.000924124 -0.00416724 0.999991 0.0860091 0.194423 -0.514782
FixedParameters: 0 0 0

#Transform 45
Transform: AffineTransform_float_3_3
Parameters: 0.999996 -0.0026628 -0.00100407 0.00266779 0.999985 0.00469473 0.000991759 -0.00469727 0.999989 0.0538375 0.206246 -0.482204
FixedParameters: 0 0 0

#Transform 46
Transform: AffineTransform_float_3_3
Parameters: 0.999995 -0.00295606 -0.000881314 0.00296075 0.999984 0.00473544 0.000867848 -0.00473856 0.999989 0.0809343 0.216352 -0.536337
FixedParameters: 0 0 0

#Transform 47
Transform: AffineTransform_float_3_3
Parameters: 0.999996 -0.00253778 -0.00105744 0.00254335 0.999983 0.00516887 0.00104428 -0.00517212 0.999986 0.0645954 0.201475 -0.519467
FixedParameters: 0 0 0

#Transform 48
Transform: AffineTransform_float_3_3
Parameters: 0.999995 -0.00280234 -0.00143603 0.00280822 0.999986 0.00436538 0.00142411 -0.00437062 0.999989 0.0626109 0.205573 -0.496541
FixedParameters: 0 0 0

#Transform 49
Transform: AffineTransform_float_3_3
Parameters: 0.999996 -0.00261818 -0.00102153 0.00262274 0.999988 0.00413337 0.00101127 -0.00413663 0.999991 0.0691561 0.196451 -0.514461
FixedParameters: 0 0 0

#Transform 50
Transform: AffineTransform_float_3_3
Parameters: 0.999997 -0.00248959 -0.00107628 0.00249451 0.999986 0.00452187 0.00106554 -0.00452513 0.999989 0.0573894 0.200926 -0.510258
FixedParameters: 0 0 0

#Transform 51
Transform: AffineTransform_float_3_3
Parameters: 0.999994 -0.00304637 -0.00153982 0.00305365 0.999986 0.00440177 0.00152646 -0.00440623 0.999989 0.0655369 0.187393 -0.521556
FixedParameters: 0 0 0

#Transform 52
Transform: AffineTransform_float_3_3
Parameters: 0.999995 -0.00283055 -0.00130347 0.00283739 0.999985 0.00467807 0.00129006 -0.00468193 0.999989 0.0747741 0.19157 -0.54985
FixedParameters: 0 0 0

#Transform 53
Transform: AffineTransform_float_3_3
Parameters: 0.999996 -0.00255205 -0.0010506 0.00255762 0.999985 0.00475672 0.00103901 -0.00475928 0.999988 0.0524072 0.194254 -0.492269
FixedParameters: 0 0 0

#Transform 54
Transform: AffineTransform_float_3_3
Parameters: 0.999994 -0.0030711 -0.00127024 0.00307595 0.999985 0.00438035 0.0012568 -0.00438464 0.999989 0.0704995 0.199681 -0.527171
FixedParameters: 0 0 0

#Transform 55
Transform: AffineTransform_float_3_3
Parameters: 0.999994 -0.00313403 -0.00102317 0.00313843 0.999984 0.00457705 0.00100849 -0.00457995 0.999989 0.08117 0.199338 -0.582208
FixedParameters: 0 0 0

#Transform 56
Transform: AffineTransform_float_3_3
Parameters: 0.999994 -0.00315682 -0.00086473 0.00316086 0.999985 0.00445201 0.00085116 -0.00445399 0.999989 0.0572619 0.195263 -0.548779
FixedParameters: 0 0 0

#Transform 57
Transform: AffineTransform_float_3_3
Parameters: 0.999994 -0.00344414 -0.00117807 0.00344885 0.999985 0.00410469 0.00116379 -0.00410931 0.999991 0.0827869 0.192421 -0.557902
FixedParameters: 0 0 0

#Transform 58
Transform: AffineTransform_float_3_3
Parameters: 0.999996 -0.00252422 -0.000494252 0.00252561 0.99999 0.00386895 0.00048442 -0.00387006 0.999993 0.0394925 0.183763 -0.437891
FixedParameters: 0 0 0

#Transform 59
Transform: AffineTransform_float_3_3
Parameters: 0.999995 -0.00306174 -0.000835334 0.00306548 0.999987 0.00410398 0.00082343 -0.00410702 0.999991 0.0827431 0.195127 -0.548939
FixedParameters: 0 0 0

#Transform 60
Transform: AffineTransform_float_3_3
Parameters: 0.999993 -0.00340129 -0.00115043 0.00340695 0.999985 0.00445168 0.00113506 -0.00445532 0.999989 0.0476836 0.190886 -0.531477
FixedParameters: 0 0 0

#Transform 61
Transform: AffineTransform_float_3_3
Parameters: 0.999993 -0.0034483 -0.00127081 0.0034543 0.999984 0.00452421 0.00125491 -0.00452878 0.999989 0.0489608 0.199941 -0.473745
FixedParameters: 0 0 0

#Transform 62
Transform: AffineTransform_float_3_3
Parameters: 0.999994 -0.00348129 -0.00112707 0.00348771 0.999982 0.00495067 0.00110974 -0.00495432 0.999987 0.0731504 0.214701 -0.54701
FixedParameters: 0 0 0

#Transform 63
Transform: AffineTransform_float_3_3
Parameters: 0.999994 -0.00324903 -0.000588121 0.00325164 0.999982 0.00501363 0.000571006 -0.00501536 0.999987 0.0723987 0.227758 -0.46872
FixedParameters: 0 0 0

#Transform 64
Transform: AffineTransform_float_3_3
Parameters: 0.999995 -0.00315122 -0.00047884 0.00315365 0.999985 0.00443482 0.000464652 -0.00443718 0.99999 0.0580132 0.207011 -0.445135
FixedParameters: 0 0 0

#Transform 65
Transform: AffineTransform_float_3_3
Parameters: 0.999993 -0.0034846 -0.000832395 0.00348773 0.999985 0.00407485 0.000818538 -0.00407715 0.999992 0.0687408 0.204637 -0.4234
FixedParameters: 0 0 0

#Transform 66
Transform: AffineTransform_float_3_3
Parameters: 0.999994 -0.00354465 -0.000806755 0.00354736 0.999986 0.00393753 0.000793382 -0.00394047 0.999992 0.0732997 0.188929 -0.495524
FixedParameters: 0 0 0

#Transform 67
Transform: AffineTransform_float_3_3
Parameters: 0.999993 -0.00351535 -0.000395519 0.00351741 0.999984 0.00441843 0.00037914 -0.00442056 0.99999 0.0557724 0.202988 -0.411422
FixedParameters: 0 0 0

#Transform 68
Transform: AffineTransform_float_3_3
Parameters: 0.999991 -0.00419278 -0.000438094 0.00419331 0.999989 0.00230716 0.000428056 -0.00230884 0.999997 0.0841829 0.164714 -0.340624
FixedParameters: 0 0 0

#Transform 69
Transform: AffineTransform_float_3_3
Parameters: 0.999992 -0.00417456 -0.000186064 0.0041752 0.999989 0.00222702 0.000177313 -0.00222799 0.999997 0.0748944 0.144362 -0.306298
FixedParameters: 0 0 0

#Transform 70
Transform: AffineTransform_float_3_3
Parameters: 0.999992 -0.00413889 -0.000252676 0.00414042 0.999988 0.00263411 0.000241632 -0.00263489 0.999996 0.0772394 0.160519 -0.30496
FixedParameters: 0 0 0

#Transform 71
Transform: AffineTransform_float_3_3
Parameters: 0.999992 -0.00415842 -0.000365982 0.00415963 0.999988 0.00263348 0.000355231 -0.00263452 0.999996 0.0783665 0.157342 -0.361833
FixedParameters: 0 0 0

#Transform 72
Transform: AffineTransform_float_3_3
Parameters: 0.999992 -0.00413115 -0.000364586 0.00413203 0.999987 0.00293965 0.000352758 -0.00294135 0.999995 0.0444939 0.16096 -0.358573
FixedParameters: 0 0 0

#Transform 73
Transform: AffineTransform_float_3_3
Parameters: 0.999993 -0.00385768 -0.000511841 0.00385915 0.999989 0.00252369 0.000502594 -0.00252631 0.999997 0.0482629 0.157952 -0.330181
FixedParameters: 0 0 0

#Transform 74
Transform: AffineTransform_float_3_3
Parameters: 0.999993 -0.00381489 -0.000817586 0.0038175 0.999986 0.00349912 0.00080412 -0.00350188 0.999994 0.0833492 0.181561 -0.476278
FixedParameters: 0 0 0

#Transform 75
Transform: AffineTransform_float_3_3
Parameters: 0.99999 -0.00409818 -0.00184512 0.00410485 0.999986 0.0035043 0.00182985 -0.0035117 0.999993 0.14067 0.191035 -0.599061
FixedParameters: 0 0 0

#Transform 76
Transform: AffineTransform_float_3_3
Parameters: 0.999992 -0.00392918 -0.00124286 0.00393294 0.999986 0.00328556 0.00122973 -0.00329044 0.999994 0.110726 0.191966 -0.499282
FixedParameters: 0 0 0

#Transform 77
Transform: AffineTransform_float_3_3
Parameters: 0.999991 -0.00390022 -0.00113786 0.00390419 0.999987 0.003282 0.00112456 -0.00328599 0.999994 0.0940052 0.193985 -0.519089
FixedParameters: 0 0 0

#Transform 78
Transform: AffineTransform_float_3_3
Parameters: 0.999991 -0.00405288 -0.00113251 0.00405647 0.999986 0.00336049 0.00111888 -0.0033655 0.999994 0.0890114 0.194751 -0.520734
FixedParameters: 0 0 0

#Transform 79
Transform: AffineTransform_float_3_3
Parameters: 0.999992 -0.00394172 -0.000817504 0.00394475 0.999986 0.00352066 0.000803896 -0.00352435 0.999994 0.0742009 0.192955 -0.55384
FixedParameters: 0 0 0

#Transform 80
Transform: AffineTransform_float_3_3
Parameters: 0.999991 -0.00403509 -0.00114887 0.00404015 0.999984 0.00402566 0.00113222 -0.00402934 0.999991 0.073667 0.190341 -0.590556
FixedParameters: 0 0 0

#Transform 81
Transform: AffineTransform_float_3_3
Parameters: 0.999991 -0.00385833 -0.00134996 0.00386532 0.999982 0.00468724 0.00133131 -0.00469276 0.999988 0.060102 0.202007 -0.607653
FixedParameters: 0 0 0

#Transform 82
Transform: AffineTransform_float_3_3
Parameters: 0.999992 -0.00379749 -0.00137353 0.00380401 0.999982 0.00476523 0.00135525 -0.00477077 0.999988 0.0797562 0.209104 -0.633229
FixedParameters: 0 0 0

#Transform 83
Transform: AffineTransform_float_3_3
Parameters: 0.99999 -0.00437563 -0.00105826 0.00438001 0.99998 0.00437195 0.00103938 -0.00437704 0.99999 0.0790976 0.21255 -0.586472
FixedParameters: 0 0 0

#Transform 84
Transform: AffineTransform_float_3_3
Parameters: 0.999988 -0.00453005 -0.00180306 0.00453596 0.999983 0.00367103 0.00178587 -0.00367897 0.999992 0.107973 0.213404 -0.60802
FixedParameters: 0 0 0

#Transform 85
Transform: AffineTransform_float_3_3
Parameters: 0.999988 -0.00455985 -0.0014116 0.00456732 0.999977 0.00494021 0.00138983 -0.00494679 0.999987 0.0997677 0.240038 -0.612329
FixedParameters: 0 0 0

#Transform 86
Transform: AffineTransform_float_3_3
Parameters: 0.999989 -0.00445402 -0.00152804 0.00446146 0.999979 0.00480884 0.00150664 -0.00481616 0.999987 0.0975239 0.238582 -0.616136
FixedParameters: 0 0 0

#Transform 87
Transform: AffineTransform_float_3_3
Parameters: 0.999989 -0.00431429 -0.00195755 0.00432049 0.999986 0.00331411 0.00194371 -0.0033219 0.999993 0.0785737 0.208627 -0.495763
FixedParameters: 0 0 0

#Transform 88
Transform: AffineTransform_float_3_3
Parameters: 0.999995 -0.00288783 -0.00173197 0.00289374 0.999988 0.00385096 0.00172044 -0.00385603 0.999991 0.0417292 0.145742 -0.265929
FixedParameters: 0 0 0

#Transform 89
Transform: AffineTransform_float_3_3
Parameters: 0.999993 -0.00330065 -0.00209896 0.00331353 0.999976 0.00617574 0.00207879 -0.00618326 0.999979 0.0422982 0.186318 -0.353067
FixedParameters: 0 0 0

#Transform 90
Transform: AffineTransform_float_3_3
Parameters: 0.999991 -0.00374124 -0.00208701 0.00375384 0.999972 0.00640757 0.00206228 -0.00641543 0.999977 0.064938 0.247953 -0.552564
FixedParameters: 0 0 0

#Transform 91
Transform: AffineTransform_float_3_3
Parameters: 0.999992 -0.0037904 -0.00176124 0.00380083 0.999972 0.00649235 0.00173671 -0.00649865 0.999977 0.0513992 0.247682 -0.560332
FixedParameters: 0 0 0

#Transform 92
Transform: AffineTransform_float_3_3
Parameters: 0.99999 -0.00390013 -0.00228421 0.00391199 0.999978 0.00536167 0.00226391 -0.00537033 0.999983 0.0858428 0.242634 -0.699114
FixedParameters: 0 0 0

#Transform 93
Transform: AffineTransform_float_3_3
Parameters: 0.999994 -0.0027944 -0.00214861 0.00280545 0.999984 0.00497732 0.00213487 -0.00498368 0.999985 0.0639609 0.210278 -0.561956
FixedParameters: 0 0 0

#Transform 94
Transform: AffineTransform_float_3_3
Parameters: 0.999988 -0.00337142 -0.00360298 0.00338843 0.999983 0.00461286 0.00358732 -0.00462513 0.999982 0.0979493 0.224317 -0.757886
FixedParameters: 0 0 0

#Transform 95
Transform: AffineTransform_float_3_3
Parameters: 0.999988 -0.00349754 -0.00348184 0.00351699 0.999978 0.00567969 0.00346132 -0.00569131 0.999978 0.0739778 0.254667 -0.77252
FixedParameters: 0 0 0

#Transform 96
Transform: AffineTransform_float_3_3
Parameters: 0.999988 -0.00341928 -0.00347592 0.00343666 0.999983 0.00478013 0.00345959 -0.00479187 0.999983 0.0606652 0.239241 -0.747367
FixedParameters: 0 0 0

#Transform 97
Transform: AffineTransform_float_3_3
Parameters: 0.999995 -0.00203783 -0.00244539 0.00204689 0.999992 0.003496 0.00243777 -0.00350101 0.999991 -0.00661363 0.156798 -0.567272
FixedParameters: 0 0 0

#Transform 98
Transform: AffineTransform_float_3_3
Parameters: 0.999989 -0.00291658 -0.00348523 0.00293439 0.999983 0.00507279 0.00347056 -0.00508321 0.999981 0.0278902 0.22778 -0.72038
FixedParameters: 0 0 0

#Transform 99
Transform: AffineTransform_float_3_3
Parameters: 0.999989 -0.00346145 -0.00319376 0.00347719 0.999982 0.0048036 0.00317649 -0.00481439 0.999984 0.0375944 0.230923 -0.868249
FixedParameters: 0 0 0

#Transform 100
Transform: AffineTransform_float_3_3
Parameters: 0.999989 -0.00347704 -0.00291991 0.00349174 0.999982 0.00501064 0.00290198 -0.00502036 0.999983 0.0408289 0.24369 -0.872168
FixedParameters: 0 0 0

#Transform 101
Transform: AffineTransform_float_3_3
Parameters: 0.999989 -0.00372806 -0.00307388 0.00374309 0.99998 0.0049857 0.00305623 -0.00499731 0.999983 0.0528105 0.258668 -0.817636
FixedParameters: 0 0 0

#Transform 102
Transform: AffineTransform_float_3_3
Parameters: 0.999983 -0.00460171 -0.00337024 0.00461838 0.999977 0.0048901 0.00334827 -0.0049049 0.999982 0.0894166 0.239146 -0.897285
FixedParameters: 0 0 0

#Transform 103
Transform: AffineTransform_float_3_3
Parameters: 0.999988 -0.00415396 -0.00280322 0.00416508 0.999982 0.00417985 0.00278556 -0.00419114 0.999988 0.069994 0.218182 -0.899969
FixedParameters: 0 0 0

#Transform 104
Transform: AffineTransform_float_3_3
Parameters: 0.999988 -0.00378937 -0.00304377 0.00380437 0.999981 0.00494311 0.00302452 -0.00495489 0.999983 0.0844334 0.274952 -0.944078
FixedParameters: 0 0 0

#Transform 105
Transform: AffineTransform_float_3_3
Parameters: 0.999991 -0.00352397 -0.00231747 0.0035346 0.999982 0.00475471 0.00230065 -0.00476329 0.999986 0.0527283 0.264969 -0.909155
FixedParameters: 0 0 0

#Transform 106
Transform: AffineTransform_float_3_3
Parameters: 0.999991 -0.00335775 -0.0023603 0.0033687 0.999984 0.00442646 0.00234556 -0.00443454 0.999988 0.0588361 0.257412 -0.874129
FixedParameters: 0 0 0

#Transform 107
Transform: AffineTransform_float_3_3
Parameters: 0.99999 -0.00367963 -0.00234365 0.00368876 0.999985 0.00406746 0.00232872 -0.00407554 0.999989 0.0879835 0.2577 -0.88402
FixedParameters: 0 0 0

#Transform 108
Transform: AffineTransform_float_3_3
Parameters: 0.999992 -0.00371335 -0.00184868 0.00372429 0.999976 0.00577751 0.00182744 -0.00578349 0.999982 0.0858137 0.289796 -0.949115
FixedParameters: 0 0 0

#Transform 109
Transform: AffineTransform_float_3_3
Parameters: 0.999991 -0.00394249 -0.00167428 0.00395107 0.999979 0.0052389 0.00165296 -0.00524509 0.999984 0.0964746 0.273466 -0.991079
FixedParameters: 0 0 0

#Transform 110
Transform: AffineTransform_float_3_3
Parameters: 0.999991 -0.00404681 -0.00143831 0.00405348 0.999981 0.00478748 0.00141878 -0.00479352 0.999988 0.0937927 0.273053 -0.883197
FixedParameters: 0 0 0

#Transform 111
Transform: AffineTransform_float_3_3
Parameters: 0.999989 -0.00421089 -0.0020898 0.00422143 0.999979 0.00488291 0.00206903 -0.00489209 0.999986 0.112728 0.279058 -0.930755
FixedParameters: 0 0 0

#Transform 112
Transform: AffineTransform_float_3_3
Parameters: 0.999989 -0.00429157 -0.00157993 0.00430042 0.999974 0.00573722 0.00155513 -0.00574377 0.999982 0.0972615 0.287685 -0.908387
FixedParameters: 0 0 0

#Transform 113
Transform: AffineTransform_float_3_3
Parameters: 0.999989 -0.00426214 -0.00203853 0.00427415 0.999973 0.00599603 0.00201208 -0.00600496 0.99998 0.105649 0.297174 -0.906596
FixedParameters: 0 0 0

#Transform 114
Transform: AffineTransform_float_3_3
Parameters: 0.999989 -0.00444962 -0.00192282 0.00445999 0.999973 0.00582881 0.00189654 -0.00583819 0.999981 0.104895 0.289612 -0.961332
FixedParameters: 0 0 0

#Transform 115
Transform: AffineTransform_float_3_3
Parameters: 0.999989 -0.00452182 -0.00140066 0.00452941 0.999974 0.00555232 0.00137543 -0.00555868 0.999984 0.0725641 0.294169 -0.893968
FixedParameters: 0 0 0

#Transform 116
Transform: AffineTransform_float_3_3
Parameters: 0.999989 -0.0044137 -0.00190991 0.00442431 0.999977 0.00530278 0.00188661 -0.00531122 0.999984 0.0891781 0.282368 -0.863782
FixedParameters: 0 0 0

#Transform 117
Transform: AffineTransform_float_3_3
Parameters: 0.99999 -0.00415293 -0.002014 0.00416503 0.999972 0.00609287 0.00198806 -0.00610113 0.99998 0.104546 0.306616 -0.959678
FixedParameters: 0 0 0

#Transform 118
Transform: AffineTransform_float_3_3
Parameters: 0.999993 -0.00342904 -0.00139073 0.00343743 0.999975 0.00610619 0.00136977 -0.00611081 0.99998 0.0659587 0.295904 -0.857789
FixedParameters: 0 0 0

#Transform 119
Transform: AffineTransform_float_3_3
Parameters: 0.999994 -0.00326549 -0.00126022 0.0032715 0.999982 0.00514663 0.00124361 -0.00515137 0.999986 0.110074 0.259056 -0.879317
FixedParameters: 0 0 0

#Transform 120
Transform: AffineTransform_float_3_3
Parameters: 0.999994 -0.00327093 -0.00119506 0.00327145 0.999994 0.000437176 0.0011935 -0.000440822 0.999999 0.0984823 0.168867 -0.900216
FixedParameters: 0 0 0

#Transform 121
Transform: AffineTransform_float_3_3
Parameters: 0.999991 -0.00398999 -0.00182206 0.00399628 0.999986 0.00344258 0.00180804 -0.00344941 0.999992 0.142272 0.231145 -0.923007
FixedParameters: 0 0 0

#Transform 122
Transform: AffineTransform_float_3_3
Parameters: 0.999994 -0.00342774 -0.000251073 0.00342835 0.999987 0.00373796 0.000237911 -0.00373904 0.999993 0.0887117 0.261035 -0.864752
FixedParameters: 0 0 0

#Transform 123
Transform: AffineTransform_float_3_3
Parameters: 0.999993 -0.003699 -0.00127796 0.00370463 0.999984 0.00435472 0.00126105 -0.00435928 0.99999 0.116078 0.266901 -0.998291
FixedParameters: 0 0 0

#Transform 124
Transform: AffineTransform_float_3_3
Parameters: 0.999994 -0.00340984 -0.000377561 0.00341137 0.999983 0.00463289 0.000361968 -0.0046341 0.999989 0.0867651 0.277671 -0.996243
FixedParameters: 0 0 0

#Transform 125
Transform: AffineTransform_float_3_3
Parameters: 0.999994 -0.00356612 -0.000479573 0.00356913 0.999982 0.00478832 0.000462335 -0.00478967 0.999988 0.0941146 0.281365 -1.01736
FixedParameters: 0 0 0

#Transform 126
Transform: AffineTransform_float_3_3
Parameters: 0.999993 -0.00376634 -0.00020149 0.00376713 0.999979 0.00533493 0.000181384 -0.00533508 0.999986 0.0901934 0.302015 -0.970768
FixedParameters: 0 0 0

#Transform 127
Transform: AffineTransform_float_3_3
Parameters: 0.999991 -0.00426475 -0.000517934 0.00426738 0.999974 0.00593283 0.000492634 -0.00593518 0.999982 0.115058 0.330815 -1.056
FixedParameters: 0 0 0

#Transform 128
Transform: AffineTransform_float_3_3
Parameters: 0.999992 -0.00404451 -0.000362761 0.00404617 0.999976 0.00564307 0.000339809 -0.00564393 0.999984 0.103694 0.318361 -1.04913
FixedParameters: 0 0 0

#Transform 129
Transform: AffineTransform_float_3_3
Parameters: 0.999991 -0.00415958 -0.000575817 0.0041627 0.999975 0.00562799 0.000552069 -0.00563 0.999984 0.122736 0.321117 -1.09605
FixedParameters: 0 0 0

#Transform 130
Transform: AffineTransform_float_3_3
Parameters: 0.99999 -0.00449777 1.64118e-05 0.00449686 0.999968 0.00657755 -4.60325e-05 -0.00657744 0.999978 0.130863 0.353257 -1.0899
FixedParameters: 0 0 0

#Transform 131
Transform: AffineTransform_float_3_3
Parameters: 0.999992 -0.00402301 -0.000231079 0.00402421 0.999972 0.0062524 0.000205308 -0.00625359 0.99998 0.0886358 0.334283 -1.05141
FixedParameters: 0 0 0

#Transform 132
Transform: AffineTransform_float_3_3
Parameters: 0.999992 -0.00410194 -0.000399613 0.00410406 0.999969 0.00678355 0.000372422 -0.00678545 0.999977 0.133023 0.372728 -1.10066
FixedParameters: 0 0 0

#Transform 133
Transform: AffineTransform_float_3_3
Parameters: 0.999991 -0.00406018 -0.000406836 0.00406252 0.999968 0.00695354 0.000378828 -0.00695546 0.999976 0.100095 0.360482 -1.06392
FixedParameters: 0 0 0

#Transform 134
Transform: AffineTransform_float_3_3
Parameters: 0.999991 -0.00408391 -0.000426818 0.00408605 0.999968 0.00683444 0.000398534 -0.00683655 0.999976 0.119586 0.378548 -1.10254
FixedParameters: 0 0 0

#Transform 135
Transform: AffineTransform_float_3_3
Parameters: 0.999992 -0.0040205 5.40885e-05 0.00402003 0.999974 0.00594335 -7.81103e-05 -0.00594366 0.999983 0.0927892 0.338233 -1.01003
FixedParameters: 0 0 0

#Transform 136
Transform: AffineTransform_float_3_3
Parameters: 0.999991 -0.00410811 9.33088e-05 0.00410785 0.999977 0.00530535 -0.000114438 -0.00530464 0.999986 0.105076 0.324618 -1.03185
FixedParameters: 0 0 0

#Transform 137
Transform: AffineTransform_float_3_3
Parameters: 0.999991 -0.00406846 7.54118e-05 0.0040678 0.999976 0.00562628 -9.74193e-05 -0.00562572 0.999984 0.125267 0.341642 -1.08395
FixedParameters: 0 0 0

#Transform 138
Transform: AffineTransform_float_3_3
Parameters: 0.999992 -0.00383645 -0.000139592 0.00383743 0.999977 0.00560594 0.000118495 -0.00560706 0.999985 0.100499 0.355895 -1.01264
FixedParameters: 0 0 0

#Transform 139
Transform: AffineTransform_float_3_3
Parameters: 0.999992 -0.00401588 5.26241e-05 0.00401545 0.999975 0.00582834 -7.56675e-05 -0.00582866 0.999983 0.104625 0.338508 -1.08301
FixedParameters: 0 0 0

#Transform 140
Transform: AffineTransform_float_3_3
Parameters: 0.99999 -0.00433758 -0.000120017 0.00433819 0.999975 0.00564531 9.51953e-05 -0.0056457 0.999985 0.125887 0.334896 -1.18828
FixedParameters: 0 0 0

#Transform 141
Transform: AffineTransform_float_3_3
Parameters: 0.999993 -0.00375342 0.000248375 0.00375168 0.999972 0.00645342 -0.000272505 -0.00645159 0.999979 0.0822979 0.361058 -1.02087
FixedParameters: 0 0 0

#Transform 142
Transform: AffineTransform_float_3_3
Parameters: 0.999992 -0.00397446 8.06493e-05 0.00397344 0.999964 0.00749746 -0.000111088 -0.00749754 0.999972 0.0954107 0.398671 -1.00755
FixedParameters: 0 0 0

#Transform 143
Transform: AffineTransform_float_3_3
Parameters: 0.999992 -0.00385331 4.40504e-05 0.00385272 0.99997 0.00674166 -7.00019e-05 -0.00674134 0.999978 0.0887322 0.379608 -1.04192
FixedParameters: 0 0 0

#Transform 144
Transform: AffineTransform_float_3_3
Parameters: 0.999991 -0.00403906 0.000581884 0.00403508 0.999971 0.00647428 -0.000607481 -0.00647173 0.999979 0.0932129 0.360763 -1.05003
FixedParameters: 0 0 0

#Transform 145
Transform: AffineTransform_float_3_3
Parameters: 0.99999 -0.00430225 0.000235601 0.00430064 0.999969 0.00669228 -0.000263491 -0.00669172 0.999977 0.120372 0.383996 -1.0886
FixedParameters: 0 0 0

#Transform 146
Transform: AffineTransform_float_3_3
Parameters: 0.999991 -0.00423418 0.000660733 0.00422997 0.999966 0.00702637 -0.000689844 -0.00702363 0.999975 0.130339 0.39321 -1.11392
FixedParameters: 0 0 0

#Transform 147
Transform: AffineTransform_float_3_3
Parameters: 0.999991 -0.00423908 0.000660831 0.00423374 0.999963 0.00745637 -0.000692336 -0.00745361 0.999972 0.104932 0.401908 -1.07767
FixedParameters: 0 0 0

#Transform 148
Transform: AffineTransform_float_3_3
Parameters: 0.99999 -0.00435025 0.000216397 0.00434888 0.999968 0.00673857 -0.000245331 -0.00673743 0.999977 0.117632 0.393958 -1.10755
FixedParameters: 0 0 0

#Transform 149
Transform: AffineTransform_float_3_3
Parameters: 0.99999 -0.00426801 0.000553303 0.00426394 0.999966 0.00706979 -0.000583791 -0.00706722 0.999975 0.102716 0.392923 -1.06486
FixedParameters: 0 0 0

#Transform 150
Transform: AffineTransform_float_3_3
Parameters: 0.999991 -0.00417362 0.000632922 0.00416981 0.999962 0.00761343 -0.000664238 -0.00760958 0.999971 0.0894458 0.405681 -0.98132
FixedParameters: 0 0 0

#Transform 151
Transform: AffineTransform_float_3_3
Parameters: 0.99999 -0.00440656 0.000734194 0.00440147 0.999968 0.00666245 -0.000763435 -0.00665955 0.999978 0.123543 0.393989 -1.02755
FixedParameters: 0 0 0

#Transform 152
Transform: AffineTransform_float_3_3
Parameters: 0.99999 -0.00429677 0.000688023 0.00429217 0.999968 0.00675617 -0.000716613 -0.00675383 0.999977 0.113142 0.385936 -0.987837
FixedParameters: 0 0 0

#Transform 153
Transform: AffineTransform_float_3_3
Parameters: 0.999994 -0.00338636 -0.000864708 0.00339039 0.999982 0.00507046 0.000847521 -0.00507354 0.999987 0.0624314 0.31251 -0.774316
FixedParameters: 0 0 0

#Transform 154
Transform: AffineTransform_float_3_3
Parameters: 0.999993 -0.00364383 -0.000557835 0.0036469 0.999975 0.00612402 0.000535357 -0.00612599 0.999981 0.0812147 0.352685 -1.03787
FixedParameters: 0 0 0

#Transform 155
Transform: AffineTransform_float_3_3
Parameters: 0.999993 -0.00374137 -1.52289e-05 0.00374142 0.999965 0.00751843 -1.28003e-05 -0.00751856 0.999971 0.0755849 0.390141 -0.91914
FixedParameters: 0 0 0

#Transform 156
Transform: AffineTransform_float_3_3
Parameters: 0.999992 -0.0041551 0.000155825 0.00415404 0.999961 0.00773264 -0.000188159 -0.00773135 0.99997 0.113595 0.402199 -0.961503
FixedParameters: 0 0 0

#Transform 157
Transform: AffineTransform_float_3_3
Parameters: 0.99999 -0.00432051 0.000222313 0.0043184 0.999957 0.0082366 -0.000258399 -0.00823539 0.999966 0.0904778 0.417277 -0.957759
FixedParameters: 0 0 0

#Transform 158
Transform: AffineTransform_float_3_3
Parameters: 0.999991 -0.00419102 -0.000317133 0.00419295 0.999968 0.00681286 0.000288101 -0.00681413 0.999977 0.114496 0.390604 -0.993742
FixedParameters: 0 0 0

#Transform 159
Transform: AffineTransform_float_3_3
Parameters: 0.999991 -0.00435238 6.72408e-05 0.00435125 0.999962 0.00760478 -9.98135e-05 -0.00760422 0.999971 0.0851464 0.404024 -0.947006
FixedParameters: 0 0 0

#Transform 160
Transform: AffineTransform_float_3_3
Parameters: 0.99999 -0.00429909 0.000217101 0.00429724 0.999964 0.00739921 -0.000248793 -0.00739879 0.999972 0.0853792 0.397901 -0.89791
FixedParameters: 0 0 0

#Transform 161
Transform: AffineTransform_float_3_3
Parameters: 0.999989 -0.00467921 0.000379123 0.00467615 0.999968 0.0065767 -0.000410043 -0.00657531 0.999979 0.132008 0.383884 -0.976942
FixedParameters: 0 0 0

#Transform 162
Transform: AffineTransform_float_3_3
Parameters: 0.999989 -0.00468407 0.000378035 0.00468166 0.999963 0.00721954 -0.000412279 -0.00721745 0.999974 0.116114 0.396833 -0.990875
FixedParameters: 0 0 0

#Transform 163
Transform: AffineTransform_float_3_3
Parameters: 0.999988 -0.00488962 -7.81408e-06 0.00488981 0.999968 0.00637658 -2.31668e-05 -0.00637742 0.99998 0.129592 0.381229 -1.05816
FixedParameters: 0 0 0

#Transform 164
Transform: AffineTransform_float_3_3
Parameters: 0.99999 -0.00445723 0.000560238 0.00445176 0.999961 0.00760093 -0.00059458 -0.00759807 0.999971 0.135172 0.412756 -1.06241
FixedParameters: 0 0 0

#Transform 165
Transform: AffineTransform_float_3_3
Parameters: 0.99999 -0.00460609 0.000246247 0.00460392 0.99996 0.00761726 -0.000281331 -0.00761573 0.999971 0.125302 0.416278 -1.03963
FixedParameters: 0 0 0

#Transform 166
Transform: AffineTransform_float_3_3
Parameters: 0.999988 -0.00491898 0.000338949 0.00491579 0.999956 0.00792846 -0.000377777 -0.00792654 0.999969 0.124734 0.403771 -1.00062
FixedParameters: 0 0 0

#Transform 167
Transform: AffineTransform_float_3_3
Parameters: 0.999988 -0.00490245 0.000143595 0.00490104 0.999951 0.00860071 -0.000186147 -0.00859929 0.999963 0.141905 0.421102 -1.06983
FixedParameters: 0 0 0

#Transform 168
Transform: AffineTransform_float_3_3
Parameters: 0.99999 -0.00456667 0.000147855 0.00456561 0.999949 0.00895782 -0.00018921 -0.00895717 0.999959 0.140454 0.428263 -1.0884
FixedParameters: 0 0 0

#Transform 169
Transform: AffineTransform_float_3_3
Parameters: 0.999989 -0.00453997 -8.76931e-05 0.0045409 0.99995 0.00882046 4.79038e-05 -0.00882053 0.999962 0.120743 0.437411 -1.01646
FixedParameters: 0 0 0

#Transform 170
Transform: AffineTransform_float_3_3
Parameters: 0.999989 -0.00456667 0.000331263 0.00456358 0.999957 0.00816129 -0.000368866 -0.00815971 0.999966 0.143054 0.411685 -1.0649
FixedParameters: 0 0 0

#Transform 171
Transform: AffineTransform_float_3_3
Parameters: 0.999988 -0.00488811 0.000349479 0.00488515 0.999959 0.00759213 -0.000386768 -0.00759087 0.999971 0.136224 0.404596 -1.02809
FixedParameters: 0 0 0

#Transform 172
Transform: AffineTransform_float_3_3
Parameters: 0.999989 -0.0045674 0.00105436 0.00455944 0.999964 0.00716368 -0.001087 -0.00715832 0.999974 0.151743 0.392421 -0.944545
FixedParameters: 0 0 0

#Transform 173
Transform: AffineTransform_float_3_3
Parameters: 0.999988 -0.00481235 0.000815479 0.00480565 0.999958 0.00772029 -0.000852141 -0.00771671 0.99997 0.164385 0.422318 -1.04339
FixedParameters: 0 0 0

#Transform 174
Transform: AffineTransform_float_3_3
Parameters: 0.999988 -0.00455994 0.0013781 0.0045484 0.999955 0.00826909 -0.00141593 -0.00826289 0.999965 0.15519 0.4321 -0.953965
FixedParameters: 0 0 0

#Transform 175
Transform: AffineTransform_float_3_3
Parameters: 0.999992 -0.00395007 0.000535379 0.00394493 0.999956 0.00846804 -0.000569255 -0.00846594 0.999964 0.139249 0.419918 -0.924585
FixedParameters: 0 0 0

#Transform 176
Transform: AffineTransform_float_3_3
Parameters: 0.999991 -0.00417031 0.000408205 0.00416607 0.999954 0.00867114 -0.000444892 -0.00866986 0.999962 0.156613 0.418389 -0.992714
FixedParameters: 0 0 0

#Transform 177
Transform: AffineTransform_float_3_3
Parameters: 0.99999 -0.00435833 0.00107189 0.00434809 0.999949 0.00908169 -0.00111046 -0.0090773 0.999958 0.138019 0.438642 -0.999937
FixedParameters: 0 0 0

#Transform 178
Transform: AffineTransform_float_3_3
Parameters: 0.999989 -0.00452364 0.000365604 0.00452045 0.999953 0.00857695 -0.00040442 -0.00857505 0.999963 0.159738 0.436352 -1.05013
FixedParameters: 0 0 0

#Transform 179
Transform: AffineTransform_float_3_3
Parameters: 0.999991 -0.00415098 0.000656558 0.00414588 0.999955 0.0084663 -0.000691449 -0.00846369 0.999964 0.155197 0.42677 -0.977411
FixedParameters: 0 0 0
