#Insight Transform File V1.0
#Transform 0
Transform: AffineTransform_float_3_3
Parameters: 1 -0.000558691 -0.000102514 0.000558154 0.999999 -0.000712057 0.000102388 0.000711943 0.999999 -0.00155314 0.191774 0.306007
FixedParameters: 0 0 0

#Transform 1
Transform: AffineTransform_float_3_3
Parameters: 1 0.00066461 5.58013e-05 -0.00066462 1 8.3963e-05 -5.56896e-05 -8.40371e-05 1 -0.0404256 0.0356378 -0.00472648
FixedParameters: 0 0 0

#Transform 2
Transform: AffineTransform_float_3_3
Parameters: 0.999999 0.000928633 -0.000220001 -0.000928789 0.999998 0.0014182 0.000220794 -0.0014178 0.999999 -0.0242732 0.0753998 0.0149973
FixedParameters: 0 0 0

#Transform 3
Transform: AffineTransform_float_3_3
Parameters: 1 0.000652264 -0.000162704 -0.000652219 1 0.000136106 0.000162881 -0.000135894 1 -0.0328355 0.0766618 -0.0412867
FixedParameters: 0 0 0

#Transform 4
Transform: AffineTransform_float_3_3
Parameters: 1 0.000519362 -8.37221e-05 -0.000518548 0.999999 0.00169168 8.4167e-05 -0.00169232 0.999998 -0.0304617 0.0854071 0.0308813
FixedParameters: 0 0 0

#Transform 5
Transform: AffineTransform_float_3_3
Parameters: 1 0.000467548 -0.000152521 -0.000467759 0.999999 0.000591071 0.000152153 -0.000590929 1 -0.0125226 0.0780216 -0.0128548
FixedParameters: 0 0 0

#Transform 6
Transform: AffineTransform_float_3_3
Parameters: 1 0.00011382 -0.000573485 -0.000113115 0.999999 0.00175822 0.000573354 -0.00175878 0.999999 -0.0247707 0.0734915 0.0293135
FixedParameters: 0 0 0

#Transform 7
Transform: AffineTransform_float_3_3
Parameters: 1 -0.000138954 -0.00117381 0.000139553 0.999999 0.000647349 0.00117402 -0.000647651 0.999999 0.00222529 0.0659447 -0.0123294
FixedParameters: 0 0 0

#Transform 8
Transform: AffineTransform_float_3_3
Parameters: 1 9.08176e-05 -0.000505582 -9.04769e-05 1 0.000337046 0.000505643 -0.000336954 1 -0.00920727 0.0748676 -0.0270926
FixedParameters: 0 0 0

#Transform 9
Transform: AffineTransform_float_3_3
Parameters: 1 0.00028528 -0.000321534 -0.000284853 0.999999 0.00127209 0.000321339 -0.00127191 0.999999 -0.0230546 0.0665214 0.0162252
FixedParameters: 0 0 0

#Transform 10
Transform: AffineTransform_float_3_3
Parameters: 0.999999 0.000111168 -0.000701014 -0.00011061 1 0.000398078 0.000701103 -0.000397922 0.999999 -0.00710026 0.0748923 -0.0199718
FixedParameters: 0 0 0

#Transform 11
Transform: AffineTransform_float_3_3
Parameters: 1 0.000290695 0.00012236 -0.000290936 0.999999 0.000985964 -0.000121786 -0.000986034 0.999999 -0.0328696 0.0703571 0.00288343
FixedParameters: 0 0 0

#Transform 12
Transform: AffineTransform_float_3_3
Parameters: 0.999999 -5.51349e-05 -0.00089781 5.52426e-05 1 5.99504e-05 0.000897803 -6.00495e-05 0.999999 -0.016615 0.0609345 -0.01739
FixedParameters: 0 0 0

#Transform 13
Transform: AffineTransform_float_3_3
Parameters: 0.999999 -8.92889e-05 -0.000883345 8.92058e-05 1 -4.70788e-05 0.000883354 4.69211e-05 0.999999 -0.0260242 0.0657721 -0.0337176
FixedParameters: 0 0 0

#Transform 14
Transform: AffineTransform_float_3_3
Parameters: 0.999999 0.000188566 -0.000683505 -0.000186985 0.999999 0.00115628 0.000683939 -0.00115672 1 -0.0375592 0.074047 0.00119734
FixedParameters: 0 0 0

#Transform 15
Transform: AffineTransform_float_3_3
Parameters: 1 0.00020803 -0.000603099 -0.000207667 1 0.000301125 0.000603224 -0.000300875 1 -0.0260556 0.0852107 -0.0384535
FixedParameters: 0 0 0

#Transform 16
Transform: AffineTransform_float_3_3
Parameters: 1 -8.44346e-05 -0.00053766 8.51646e-05 1 0.000678954 0.000537545 -0.000679045 0.999999 -0.0304801 0.0746037 -0.0364913
FixedParameters: 0 0 0

#Transform 17
Transform: AffineTransform_float_3_3
Parameters: 1 0.000214946 -0.000588904 -0.000213785 0.999997 0.00209828 0.000589274 -0.00209872 0.999998 -0.0381433 0.0887983 0.0426038
FixedParameters: 0 0 0

#Transform 18
Transform: AffineTransform_float_3_3
Parameters: 0.999999 0.000144099 -0.000753215 -0.000144221 1 -8.08913e-05 0.000753192 8.11085e-05 0.999999 -0.0107666 0.0773391 -0.0494295
FixedParameters: 0 0 0

#Transform 19
Transform: AffineTransform_float_3_3
Parameters: 1 -0.000110184 -0.000213971 0.000109586 0.999999 0.000752976 0.000214196 -0.000753023 0.999999 -0.0295186 0.0900325 -0.0138041
FixedParameters: 0 0 0

#Transform 20
Transform: AffineTransform_float_3_3
Parameters: 1 1.95366e-05 -0.000663292 -1.92009e-05 1 0.000253013 0.000663302 -0.000252987 0.999999 -0.0302547 0.0665702 -0.0283647
FixedParameters: 0 0 0

#Transform 21
Transform: AffineTransform_float_3_3
Parameters: 0.999999 0.000212839 -0.0007346 -0.000212961 1 -8.28435e-05 0.000734564 8.31563e-05 0.999999 -0.0280219 0.0743452 -0.0407171
FixedParameters: 0 0 0

#Transform 22
Transform: AffineTransform_float_3_3
Parameters: 1 -7.74232e-05 -0.000177892 7.7863e-05 0.999999 0.00123699 0.0001777 -0.00123701 0.999999 -0.0537305 0.079447 0.00297512
FixedParameters: 0 0 0

#Transform 23
Transform: AffineTransform_float_3_3
Parameters: 1 -0.000102045 -0.000444508 0.000101551 1 -0.000555045 0.000444621 0.000554954 0.999999 -0.0299594 0.0929958 -0.0573811
FixedParameters: 0 0 0

#Transform 24
Transform: AffineTransform_float_3_3
Parameters: 0.999999 -0.000384822 -0.00119027 0.000384529 1 -0.000123098 0.00119037 0.000122902 0.999999 -0.0355458 0.0736945 -0.0669433
FixedParameters: 0 0 0

#Transform 25
Transform: AffineTransform_float_3_3
Parameters: 0.999999 -0.000449992 -0.000581375 0.000449896 1 -8.22616e-05 0.000581449 8.17384e-05 1 -0.0420825 0.0808591 -0.0395357
FixedParameters: 0 0 0

#Transform 26
Transform: AffineTransform_float_3_3
Parameters: 0.999999 -0.000396281 -0.00130603 0.000396298 1 -0.000346158 0.00130592 0.000345842 0.999999 -0.0230983 0.0789438 -0.0748241
FixedParameters: 0 0 0

#Transform 27
Transform: AffineTransform_float_3_3
Parameters: 1 -2.75127e-06 -0.000658381 2.13898e-06 1 -0.000465001 0.000658384 0.000464998 0.999999 -0.0536472 0.0876479 -0.0414118
FixedParameters: 0 0 0

#Transform 28
Transform: AffineTransform_float_3_3
Parameters: 1 -0.000397082 -0.00108078 0.000396662 1 -0.000194917 0.00108093 0.000194083 1 -0.0192178 0.0787866 -0.0567394
FixedParameters: 0 0 0

#Transform 29
Transform: AffineTransform_float_3_3
Parameters: 0.999999 -0.000149451 -0.000889321 0.00014928 1 -9.61328e-05 0.00088935 9.58671e-05 0.999999 -0.0532289 0.0901482 -0.0268779
FixedParameters: 0 0 0

#Transform 30
Transform: AffineTransform_float_3_3
Parameters: 1 -0.000388407 -0.00104529 0.000389172 0.999999 0.000805953 0.00104506 -0.000806046 0.999999 -0.0282949 0.0861626 -0.0014032
FixedParameters: 0 0 0

#Transform 31
Transform: AffineTransform_float_3_3
Parameters: 1 -0.000122596 -0.000120861 0.000123164 0.999997 0.00235499 0.000120282 -0.00235502 0.999997 -0.0250511 0.0982121 0.0490672
FixedParameters: 0 0 0

#Transform 32
Transform: AffineTransform_float_3_3
Parameters: 1 -0.000142632 -0.000195901 0.000142129 1 0.00106297 0.000195989 -0.00106303 1 -0.0506451 0.090494 0.000604683
FixedParameters: 0 0 0

#Transform 33
Transform: AffineTransform_float_3_3
Parameters: 0.999999 -0.000223938 -0.000794624 0.000223695 1 0.000425822 0.000794824 -0.000426178 0.999999 -0.0279488 0.0882215 -0.0193683
FixedParameters: 0 0 0

#Transform 34
Transform: AffineTransform_float_3_3
Parameters: 1 -0.000150252 -0.000350128 0.000151168 0.999999 0.00130895 0.000349733 -0.00130905 0.999999 -0.0441007 0.112395 -0.000863752
FixedParameters: 0 0 0

#Transform 35
Transform: AffineTransform_float_3_3
Parameters: 0.999999 -0.000194014 -0.000695459 0.000194299 1 0.000204865 0.000695379 -0.000205135 0.999999 -0.0459306 0.0884954 -0.0243554
FixedParameters: 0 0 0

#Transform 36
Transform: AffineTransform_float_3_3
Parameters: 1 -0.000461964 -0.00110863 0.000461845 1 -5.41524e-05 0.00110868 5.38476e-05 1 -0.0316792 0.0817941 -0.0612748
FixedParameters: 0 0 0

#Transform 37
Transform: AffineTransform_float_3_3
Parameters: 1 -0.000358766 -0.000420204 0.000358672 1 -0.000112151 0.000420285 0.000111849 1 -0.0531013 0.0932295 -0.0317204
FixedParameters: 0 0 0

#Transform 38
Transform: AffineTransform_float_3_3
Parameters: 0.999999 -0.000368373 -0.00119185 0.000367615 1 -0.000318079 0.00119209 0.000317921 0.999999 -0.0381303 0.0780351 -0.0478163
FixedParameters: 0 0 0

#Transform 39
Transform: AffineTransform_float_3_3
Parameters: 0.999999 -0.000528624 -0.000852083 0.00052801 1 -0.000671243 0.000851482 0.000671757 0.999999 -0.0353974 0.0956831 -0.0582671
FixedParameters: 0 0 0

#Transform 40
Transform: AffineTransform_float_3_3
Parameters: 1 -0.000515149 -0.00103933 0.000514974 1 -8.41757e-05 0.00103942 8.38244e-05 1 -0.0460214 0.085206 -0.0205149
FixedParameters: 0 0 0

#Transform 41
Transform: AffineTransform_float_3_3
Parameters: 0.999999 -0.00012572 -0.000828007 0.000124196 0.999999 -0.0014761 0.000827985 0.0014759 0.999998 -0.0343682 0.097516 -0.0872364
FixedParameters: 0 0 0

#Transform 42
Transform: AffineTransform_float_3_3
Parameters: 0.999999 -0.000184961 -0.000753771 0.000183512 0.999999 -0.000960779 0.000754125 0.00096122 0.999999 -0.054148 0.0928631 -0.0748198
FixedParameters: 0 0 0

#Transform 43
Transform: AffineTransform_float_3_3
Parameters: 0.999999 -0.000185979 -0.000713104 0.000185799 0.999999 -0.00077162 0.000713 0.00077138 1 -0.0441527 0.0952407 -0.0679403
FixedParameters: 0 0 0

#Transform 44
Transform: AffineTransform_float_3_3
Parameters: 0.999999 -0.000398021 -0.000832624 0.000397048 1 -0.00113733 0.000833137 0.00113667 0.999999 -0.0488803 0.0814625 -0.0758014
FixedParameters: 0 0 0

#Transform 45
Transform: AffineTransform_float_3_3
Parameters: 1 -0.000107883 -0.000678827 0.000108666 1 -0.000101074 0.000678458 0.000100927 1 -0.0773624 0.0852486 -0.0334909
FixedParameters: 0 0 0

#Transform 46
Transform: AffineTransform_float_3_3
Parameters: 0.999999 -0.000255867 -0.000851817 0.000255448 0.999999 -0.000785858 0.000851828 0.000786142 1 -0.0530379 0.082012 -0.0681495
FixedParameters: 0 0 0

#Transform 47
Transform: AffineTransform_float_3_3
Parameters: 0.999999 -0.000362447 -0.000843428 0.000362299 1 -8.83056e-05 0.000843492 8.76943e-05 0.999999 -0.0560977 0.0931191 -0.0609483
FixedParameters: 0 0 0

#Transform 48
Transform: AffineTransform_float_3_3
Parameters: 1 -0.000315313 -0.00059729 0.000314629 1 0.000197812 0.000597556 -0.000198188 1 -0.0715903 0.0916059 -0.0390259
FixedParameters: 0 0 0

#Transform 49
Transform: AffineTransform_float_3_3
Parameters: 0.999999 -0.000307082 -0.000952884 0.000305424 0.999999 -0.00135329 0.000953322 0.00135271 0.999998 -0.0547933 0.0963972 -0.115402
FixedParameters: 0 0 0

#Transform 50
Transform: AffineTransform_float_3_3
Parameters: 1 -0.000210533 -0.000470087 0.000209409 0.999997 -0.00217274 0.000470609 0.00217326 0.999998 -0.0837639 0.0951268 -0.135872
FixedParameters: 0 0 0

#Transform 51
Transform: AffineTransform_float_3_3
Parameters: 1 0.000105979 -0.0003787 -0.000108313 0.999989 -0.00481596 0.000378198 0.00481604 0.999989 -0.0721801 0.103787 -0.212067
FixedParameters: 0 0 0

#Transform 52
Transform: AffineTransform_float_3_3
Parameters: 1 -0.000190665 -0.000405644 0.000187963 0.999978 -0.00672308 0.000407017 0.00672293 0.999978 -0.062202 0.0755258 -0.304174
FixedParameters: 0 0 0

#Transform 53
Transform: AffineTransform_float_3_3
Parameters: 1 -0.000218063 -0.000238137 0.000216881 0.999985 -0.00551805 0.000238835 0.00551795 0.999984 -0.0826989 0.0870891 -0.199614
FixedParameters: 0 0 0

#Transform 54
Transform: AffineTransform_float_3_3
Parameters: 1 0.000151347 -0.000313444 -0.000153354 0.999986 -0.00530195 0.000312359 0.00530205 0.999986 -0.0597594 0.0853288 -0.225516
FixedParameters: 0 0 0

#Transform 55
Transform: AffineTransform_float_3_3
Parameters: 1 -0.000153481 4.29911e-05 0.000153418 0.999992 -0.00381799 -4.27399e-05 0.003818 0.999992 -0.0761455 0.0908784 -0.165722
FixedParameters: 0 0 0

#Transform 56
Transform: AffineTransform_float_3_3
Parameters: 1 4.37565e-05 -0.000400613 -4.42396e-05 0.999995 -0.00338898 0.000400454 0.00338902 0.999994 -0.0758176 0.0944192 -0.145626
FixedParameters: 0 0 0

#Transform 57
Transform: AffineTransform_float_3_3
Parameters: 1 0.00013245 -0.000264602 -0.000133436 0.999993 -0.00361196 0.000263251 0.00361203 0.999993 -0.0656447 0.093191 -0.177517
FixedParameters: 0 0 0

#Transform 58
Transform: AffineTransform_float_3_3
Parameters: 1 -8.01503e-05 -0.00028554 7.87197e-05 0.999991 -0.00411466 0.000285803 0.00411534 0.999992 -0.0690004 0.0647456 -0.188462
FixedParameters: 0 0 0

#Transform 59
Transform: AffineTransform_float_3_3
Parameters: 1 -2.5564e-05 -0.000262197 2.42224e-05 0.99999 -0.004315 0.000262022 0.00431499 0.99999 -0.0771383 0.0610943 -0.192806
FixedParameters: 0 0 0

#Transform 60
Transform: AffineTransform_float_3_3
Parameters: 1 -0.000234709 -0.00051628 0.000232311 0.999991 -0.00410076 0.000517413 0.00410124 0.999992 -0.0670665 0.0784817 -0.180687
FixedParameters: 0 0 0

#Transform 61
Transform: AffineTransform_float_3_3
Parameters: 1 -0.00012698 -0.000232802 0.00012627 0.999994 -0.00349703 0.000233297 0.00349697 0.999994 -0.0861596 0.0727244 -0.159569
FixedParameters: 0 0 0

#Transform 62
Transform: AffineTransform_float_3_3
Parameters: 1 -8.10433e-05 -0.000535515 7.89882e-05 0.99999 -0.00449904 0.000535063 0.00449896 0.999989 -0.0807454 0.0813164 -0.207037
FixedParameters: 0 0 0

#Transform 63
Transform: AffineTransform_float_3_3
Parameters: 1 -0.000105721 -0.000656576 0.00010192 0.999991 -0.00429607 0.000656686 0.00429593 0.99999 -0.0801266 0.0809337 -0.210847
FixedParameters: 0 0 0

#Transform 64
Transform: AffineTransform_float_3_3
Parameters: 1 -4.11272e-05 -0.000390371 4.05936e-05 0.999993 -0.00354001 0.000390799 0.00353998 0.999993 -0.0993351 0.0869445 -0.150737
FixedParameters: 0 0 0

#Transform 65
Transform: AffineTransform_float_3_3
Parameters: 1 -2.76727e-05 -0.00061935 2.55457e-05 0.999991 -0.00426202 0.000619326 0.00426198 0.99999 -0.0682453 0.0943191 -0.190624
FixedParameters: 0 0 0

#Transform 66
Transform: AffineTransform_float_3_3
Parameters: 1 -5.7137e-05 -0.000171348 5.5909e-05 0.999993 -0.00357901 0.000171753 0.00357899 0.999993 -0.0809084 0.0912699 -0.168537
FixedParameters: 0 0 0

#Transform 67
Transform: AffineTransform_float_3_3
Parameters: 1 -0.000105401 -0.000317118 0.000104197 0.999995 -0.00334904 0.000317429 0.00334897 0.999995 -0.0854864 0.088799 -0.127835
FixedParameters: 0 0 0

#Transform 68
Transform: AffineTransform_float_3_3
Parameters: 1 -0.000115396 -0.000562124 0.00011207 0.99999 -0.00459507 0.000562388 0.00459494 0.99999 -0.0653046 0.0725759 -0.206955
FixedParameters: 0 0 0

#Transform 69
Transform: AffineTransform_float_3_3
Parameters: 1 -1.84114e-05 -0.000215198 1.752e-05 0.999991 -0.004212 0.000214958 0.004212 0.999991 -0.0960207 0.0801982 -0.185314
FixedParameters: 0 0 0

#Transform 70
Transform: AffineTransform_float_3_3
Parameters: 1 -0.000201446 -0.000322737 0.000200081 0.999993 -0.00353506 0.000323766 0.00353493 0.999993 -0.0901999 0.09318 -0.138815
FixedParameters: 0 0 0

#Transform 71
Transform: AffineTransform_float_3_3
Parameters: 0.999999 -0.000261316 -0.000797643 0.000257592 0.999989 -0.00464021 0.000798488 0.00463979 0.999989 -0.0723804 0.0803158 -0.235738
FixedParameters: 0 0 0

#Transform 72
Transform: AffineTransform_float_3_3
Parameters: 1 -0.000299868 -0.000120432 0.000299365 0.999991 -0.00426304 0.000121675 0.00426296 0.999991 -0.0917922 0.089942 -0.196798
FixedParameters: 0 0 0

#Transform 73
Transform: AffineTransform_float_3_3
Parameters: 1 0.000127767 -0.000413374 -0.000129837 0.999984 -0.00567894 0.000412971 0.00567905 0.999984 -0.0919753 0.0845963 -0.230668
FixedParameters: 0 0 0

#Transform 74
Transform: AffineTransform_float_3_3
Parameters: 1 -7.45113e-05 -8.22738e-05 7.47379e-05 0.999991 -0.00421101 8.25116e-05 0.00421099 0.999991 -0.0906368 0.0961263 -0.198248
FixedParameters: 0 0 0

#Transform 75
Transform: AffineTransform_float_3_3
Parameters: 1 -2.00879e-05 -0.000170946 1.9951e-05 0.999991 -0.004227 0.000171645 0.004227 0.999991 -0.101065 0.0888183 -0.153823
FixedParameters: 0 0 0

#Transform 76
Transform: AffineTransform_float_3_3
Parameters: 1 -0.000177322 -0.000485441 0.000175284 0.999988 -0.00494108 0.000486011 0.00494091 0.999987 -0.0882979 0.0830301 -0.223373
FixedParameters: 0 0 0

#Transform 77
Transform: AffineTransform_float_3_3
Parameters: 1 -0.000149648 -0.000317727 0.000148577 0.999989 -0.00457769 0.000318311 0.00457831 0.99999 -0.0860644 0.100073 -0.226123
FixedParameters: 0 0 0

#Transform 78
Transform: AffineTransform_float_3_3
Parameters: 1 -6.93255e-05 -0.000341344 6.73609e-05 0.999991 -0.00422502 0.000341531 0.00422498 0.999991 -0.0909758 0.107212 -0.163098
FixedParameters: 0 0 0

#Transform 79
Transform: AffineTransform_float_3_3
Parameters: 1 -0.000655505 -0.000987868 0.000647815 0.999974 -0.00720829 0.000992296 0.00720772 0.999974 -0.0793947 0.0756168 -0.316641
FixedParameters: 0 0 0

#Transform 80
Transform: AffineTransform_float_3_3
Parameters: 0.999999 -0.00117345 -0.000749348 0.00116554 0.999951 -0.00987303 0.000760778 0.00987196 0.999951 -0.0806245 0.0697772 -0.422753
FixedParameters: 0 0 0

#Transform 81
Transform: AffineTransform_float_3_3
Parameters: 0.999999 -0.000928026 -0.00097156 0.00091689 0.999941 -0.0108269 0.000981852 0.0108251 0.999941 -0.103616 0.0665525 -0.402329
FixedParameters: 0 0 0

#Transform 82
Transform: AffineTransform_float_3_3
Parameters: 1 -0.000913568 -0.000551558 0.000909456 0.999963 -0.00857066 0.000559454 0.00857034 0.999963 -0.0678367 0.0999605 -0.320224
FixedParameters: 0 0 0

#Transform 83
Transform: AffineTransform_float_3_3
Parameters: 1 -0.00051735 -0.000409625 0.000513443 0.999961 -0.00890737 0.000414091 0.00890764 0.99996 -0.096826 0.0604273 -0.340479
FixedParameters: 0 0 0

#Transform 84
Transform: AffineTransform_float_3_3
Parameters: 0.999999 -0.000701231 -0.000378415 0.000699006 0.999972 -0.00741727 0.000384086 0.00741674 0.999973 -0.0963633 0.0820323 -0.268161
FixedParameters: 0 0 0

#Transform 85
Transform: AffineTransform_float_3_3
Parameters: 0.999999 -0.00080522 -0.000608501 0.00080024 0.999964 -0.00849664 0.000614414 0.00849635 0.999963 -0.0764894 0.0840752 -0.337141
FixedParameters: 0 0 0

#Transform 86
Transform: AffineTransform_float_3_3
Parameters: 0.999999 -0.00073469 -0.00038431 0.000732094 0.999968 -0.00797229 0.000389056 0.00797172 0.999968 -0.081912 0.0726769 -0.29299
FixedParameters: 0 0 0

#Transform 87
Transform: AffineTransform_float_3_3
Parameters: 1 -0.000509854 -0.00031429 0.000507284 0.999974 -0.00718931 0.000318589 0.00718969 0.999974 -0.090378 0.080746 -0.25428
FixedParameters: 0 0 0

#Transform 88
Transform: AffineTransform_float_3_3
Parameters: 0.999999 -0.000628967 -0.000340009 0.000626061 0.999973 -0.00734721 0.000343985 0.00734678 0.999973 -0.0876681 0.0811615 -0.298718
FixedParameters: 0 0 0

#Transform 89
Transform: AffineTransform_float_3_3
Parameters: 1 -0.000550196 -0.000379589 0.00054712 0.999973 -0.00732221 0.000383299 0.00732179 0.999973 -0.119682 0.0851831 -0.266922
FixedParameters: 0 0 0

#Transform 90
Transform: AffineTransform_float_3_3
Parameters: 0.999999 -0.000697773 -0.000585653 0.000692225 0.999945 -0.0104104 0.000592925 0.0104096 0.999945 -0.0914666 0.0857802 -0.459955
FixedParameters: 0 0 0

#Transform 91
Transform: AffineTransform_float_3_3
Parameters: 0.999999 -0.000745417 -0.00038269 0.000741045 0.999947 -0.0102633 0.000390999 0.0102627 0.999948 -0.118223 0.0963219 -0.353752
FixedParameters: 0 0 0

#Transform 92
Transform: AffineTransform_float_3_3
Parameters: 0.999999 -0.000963915 -0.000791602 0.000954473 0.999931 -0.0117139 0.000802551 0.0117131 0.999931 -0.0818269 0.0914006 -0.446166
FixedParameters: 0 0 0

#Transform 93
Transform: AffineTransform_float_3_3
Parameters: 1 -0.000844729 -0.000561642 0.000839435 0.999942 -0.0107376 0.000570296 0.0107374 0.999942 -0.112738 0.107523 -0.371555
FixedParameters: 0 0 0

#Transform 94
Transform: AffineTransform_float_3_3
Parameters: 0.999999 -0.00126918 -0.000556248 0.00126205 0.999918 -0.0127699 0.000572446 0.0127691 0.999918 -0.071546 0.0904424 -0.550334
FixedParameters: 0 0 0

#Transform 95
Transform: AffineTransform_float_3_3
Parameters: 1 -0.00100393 -0.000627863 0.000997664 0.999949 -0.0100636 0.000637655 0.0100624 0.999949 -0.0894678 0.103917 -0.365292
FixedParameters: 0 0 0

#Transform 96
Transform: AffineTransform_float_3_3
Parameters: 0.999999 -0.00123264 -0.000596228 0.00122808 0.999964 -0.0084009 0.000606939 0.00840011 0.999965 -0.085012 0.104282 -0.270974
FixedParameters: 0 0 0

#Transform 97
Transform: AffineTransform_float_3_3
Parameters: 0.999999 -0.00114252 -0.000606988 0.00113811 0.999964 -0.00845085 0.000617222 0.00845015 0.999964 -0.0673284 0.0814236 -0.335639
FixedParameters: 0 0 0

#Transform 98
Transform: AffineTransform_float_3_3
Parameters: 1 -0.000944639 -0.00036088 0.000941545 0.999969 -0.00786549 0.00036916 0.0078655 0.999969 -0.0913566 0.0945114 -0.279784
FixedParameters: 0 0 0

#Transform 99
Transform: AffineTransform_float_3_3
Parameters: 1 -0.000742293 -0.000731716 0.000735335 0.999962 -0.00868354 0.000737739 0.00868246 0.999962 -0.0968388 0.0737713 -0.31388
FixedParameters: 0 0 0

#Transform 100
Transform: AffineTransform_float_3_3
Parameters: 1 -0.000999563 -0.000675685 0.000993436 0.999951 -0.00993584 0.000684745 0.00993518 0.99995 -0.0902888 0.06241 -0.432624
FixedParameters: 0 0 0

#Transform 101
Transform: AffineTransform_float_3_3
Parameters: 0.999999 -0.000909047 -0.000366333 0.000905678 0.999954 -0.00955349 0.000374492 0.00955351 0.999954 -0.105136 0.0829655 -0.321335
FixedParameters: 0 0 0

#Transform 102
Transform: AffineTransform_float_3_3
Parameters: 0.999998 -0.00148255 -0.000807971 0.00147395 0.999943 -0.0105364 0.000823525 0.0105346 0.999944 -0.0745585 0.0753006 -0.429128
FixedParameters: 0 0 0

#Transform 103
Transform: AffineTransform_float_3_3
Parameters: 1 -0.000994152 -0.00038563 0.00099007 0.99995 -0.00996354 0.000396222 0.00996346 0.99995 -0.097926 0.0892559 -0.390194
FixedParameters: 0 0 0

#Transform 104
Transform: AffineTransform_float_3_3
Parameters: 0.999999 -0.000687218 -0.000628944 0.00068081 0.999958 -0.00923259 0.000636078 0.00923242 0.999957 -0.116125 0.113416 -0.285543
FixedParameters: 0 0 0

#Transform 105
Transform: AffineTransform_float_3_3
Parameters: 1 -0.000961812 -0.000745271 0.000953494 0.999945 -0.0104735 0.00075459 0.0104735 0.999945 -0.0867527 0.0855735 -0.319469
FixedParameters: 0 0 0

#Transform 106
Transform: AffineTransform_float_3_3
Parameters: 1 -0.000968681 -0.000609349 0.000962121 0.999948 -0.0101686 0.000619942 0.0101674 0.999948 -0.0758619 0.0893672 -0.308932
FixedParameters: 0 0 0

#Transform 107
Transform: AffineTransform_float_3_3
Parameters: 1 -0.00101195 -0.000434951 0.00100753 0.999966 -0.00820944 0.000442741 0.00820856 0.999966 -0.0943605 0.0944722 -0.204969
FixedParameters: 0 0 0

#Transform 108
Transform: AffineTransform_float_3_3
Parameters: 1 -0.00105562 -0.000511078 0.00105156 0.999968 -0.00791755 0.000519503 0.00791646 0.999969 -0.0724121 0.10579 -0.207607
FixedParameters: 0 0 0

#Transform 109
Transform: AffineTransform_float_3_3
Parameters: 1 -0.00090052 -0.000639744 0.000895897 0.999972 -0.00738837 0.000646599 0.00738863 0.999972 -0.0773372 0.109037 -0.201772
FixedParameters: 0 0 0

#Transform 110
Transform: AffineTransform_float_3_3
Parameters: 0.999999 -0.00151026 -0.000901672 0.00150338 0.99997 -0.00765152 0.000913066 0.00764948 0.99997 -0.0742658 0.0817415 -0.224271
FixedParameters: 0 0 0

#Transform 111
Transform: AffineTransform_float_3_3
Parameters: 1 -0.000756241 -0.00071978 0.000751146 0.999974 -0.00717554 0.000725099 0.00717446 0.999974 -0.0812548 0.110098 -0.159388
FixedParameters: 0 0 0

#Transform 112
Transform: AffineTransform_float_3_3
Parameters: 0.999999 -0.000861434 -0.00119641 0.000853131 0.999978 -0.00658982 0.00120235 0.00658918 0.999978 -0.0839726 0.099114 -0.128557
FixedParameters: 0 0 0

#Transform 113
Transform: AffineTransform_float_3_3
Parameters: 1 -0.00081189 -0.000740431 0.000806699 0.999975 -0.0070376 0.000746325 0.0070364 0.999975 -0.0568885 0.124398 -0.158525
FixedParameters: 0 0 0

#Transform 114
Transform: AffineTransform_float_3_3
Parameters: 0.999998 -0.00101895 -0.00121121 0.00101052 0.99998 -0.00639803 0.00121791 0.00639698 0.999979 -0.0681179 0.112829 -0.13291
FixedParameters: 0 0 0

#Transform 115
Transform: AffineTransform_float_3_3
Parameters: 0.999999 -0.00119262 -0.00140844 0.00118409 0.999978 -0.00651511 0.00141647 0.00651389 0.999978 -0.0485659 0.101274 -0.1471
FixedParameters: 0 0 0

#Transform 116
Transform: AffineTransform_float_3_3
Parameters: 0.999999 -0.000882882 -0.000977376 0.000874169 0.999968 -0.0078695 0.000984004 0.0078685 0.999969 -0.0492234 0.0995983 -0.122037
FixedParameters: 0 0 0

#Transform 117
Transform: AffineTransform_float_3_3
Parameters: 0.999999 -0.000721509 -0.00057063 0.000717584 0.999979 -0.00642041 0.000575154 0.00641959 0.999979 -0.0533593 0.122512 -0.0211841
FixedParameters: 0 0 0

#Transform 118
Transform: AffineTransform_float_3_3
Parameters: 1 -0.000540676 -0.000265165 0.000539041 0.999977 -0.00676214 0.000269453 0.00676186 0.999977 -0.0553659 0.138129 -0.0163188
FixedParameters: 0 0 0

#Transform 119
Transform: AffineTransform_float_3_3
Parameters: 1 -0.000600962 -0.00023395 0.000599652 0.999981 -0.00615214 0.000237403 0.00615186 0.999981 -0.0601524 0.127722 -0.00902491
FixedParameters: 0 0 0

#Transform 120
Transform: AffineTransform_float_3_3
Parameters: 1 -0.000579379 -0.000100335 0.000579617 0.999978 -0.00661121 0.000104064 0.00661179 0.999978 -0.0674038 0.125964 0.0201723
FixedParameters: 0 0 0

#Transform 121
Transform: AffineTransform_float_3_3
Parameters: 0.999999 -0.000870384 0.000325448 0.000872456 0.999967 -0.00806908 -0.000318749 0.00806892 0.999967 -0.0638088 0.1293 -0.027969
FixedParameters: 0 0 0

#Transform 122
Transform: AffineTransform_float_3_3
Parameters: 0.999999 -0.000854077 0.000476117 0.0008583 0.99997 -0.00776596 -0.000470183 0.00776605 0.99997 -0.0820468 0.122603 -0.0371135
FixedParameters: 0 0 0

#Transform 123
Transform: AffineTransform_float_3_3
Parameters: 0.999999 -0.000734796 0.000311326 0.000737064 0.999967 -0.00810577 -0.000305839 0.00810623 0.999967 -0.0602724 0.117368 -0.0756417
FixedParameters: 0 0 0

#Transform 124
Transform: AffineTransform_float_3_3
Parameters: 0.999999 -0.000807147 0.000420951 0.000810957 0.999969 -0.00783166 -0.000414721 0.00783234 0.999969 -0.0745423 0.123426 -0.0524831
FixedParameters: 0 0 0

#Transform 125
Transform: AffineTransform_float_3_3
Parameters: 0.999999 -0.000815128 0.000304545 0.000817135 0.999968 -0.00786775 -0.000298146 0.00786824 0.999969 -0.0736238 0.108374 -0.0571255
FixedParameters: 0 0 0

#Transform 126
Transform: AffineTransform_float_3_3
Parameters: 0.999999 -0.000773199 -0.000217575 0.000772064 0.999972 -0.00737417 0.000223725 0.00737382 0.999973 -0.0547661 0.116448 -0.0546453
FixedParameters: 0 0 0

#Transform 127
Transform: AffineTransform_float_3_3
Parameters: 1 -0.00101142 -7.14868e-05 0.00101084 0.999978 -0.00665659 7.82529e-05 0.00665641 0.999977 -0.0658555 0.122196 -0.0184087
FixedParameters: 0 0 0

#Transform 128
Transform: AffineTransform_float_3_3
Parameters: 1 -0.00108029 -0.000392796 0.00107748 0.999971 -0.00754758 0.000401215 0.00754742 0.999972 -0.0275014 0.121544 -0.0511643
FixedParameters: 0 0 0

#Transform 129
Transform: AffineTransform_float_3_3
Parameters: 1 -0.00107842 0.000104167 0.00107898 0.999973 -0.0072779 -9.56904e-05 0.00727811 0.999974 -0.0384692 0.125681 -0.0344982
FixedParameters: 0 0 0

#Transform 130
Transform: AffineTransform_float_3_3
Parameters: 0.999999 -0.000957959 0.000822118 0.00096453 0.999969 -0.00785242 -0.000814134 0.00785258 0.999969 -0.0884019 0.121619 -0.0613149
FixedParameters: 0 0 0

#Transform 131
Transform: AffineTransform_float_3_3
Parameters: 1 -0.000915442 0.000600978 0.000920823 0.999969 -0.00789281 -0.000593457 0.00789319 0.999968 -0.06067 0.129364 -0.0351727
FixedParameters: 0 0 0

#Transform 132
Transform: AffineTransform_float_3_3
Parameters: 1 -0.00113445 0.000349748 0.00113694 0.999972 -0.00735297 -0.000341722 0.00735303 0.999973 -0.0635996 0.156424 -0.0216679
FixedParameters: 0 0 0

#Transform 133
Transform: AffineTransform_float_3_3
Parameters: 0.999999 -0.000605058 0.000747476 0.000610227 0.999978 -0.00663154 -0.000742847 0.00663245 0.999977 -0.0717002 0.144289 0.04868
FixedParameters: 0 0 0

#Transform 134
Transform: AffineTransform_float_3_3
Parameters: 0.999999 -0.000896778 0.000566556 0.000900781 0.999977 -0.00679586 -0.000560393 0.00679615 0.999977 -0.0759044 0.154834 -0.00651401
FixedParameters: 0 0 0

#Transform 135
Transform: AffineTransform_float_3_3
Parameters: 0.999999 -0.000353201 0.000635037 0.000358015 0.999981 -0.00617377 -0.000632626 0.00617422 0.99998 -0.107646 0.148513 0.00237723
FixedParameters: 0 0 0

#Transform 136
Transform: AffineTransform_float_3_3
Parameters: 0.999999 -0.000866538 0.000407257 0.000868592 0.999978 -0.00658165 -0.000400968 0.00658235 0.999979 -0.0661414 0.141825 -0.0301779
FixedParameters: 0 0 0

#Transform 137
Transform: AffineTransform_float_3_3
Parameters: 0.999999 -0.000770214 0.000118713 0.000770431 0.999975 -0.00706091 -0.000113748 0.00706109 0.999975 -0.0831444 0.145215 -0.0229
FixedParameters: 0 0 0

#Transform 138
Transform: AffineTransform_float_3_3
Parameters: 0.999999 -0.000647279 0.000458726 0.000649915 0.999984 -0.00560471 -0.000454746 0.0056053 0.999984 -0.0986256 0.144481 0.0283583
FixedParameters: 0 0 0

#Transform 139
Transform: AffineTransform_float_3_3
Parameters: 0.999999 -0.000705575 0.000280583 0.000707374 0.999982 -0.00604316 -0.000275726 0.00604284 0.999982 -0.0760324 0.141045 -0.00994863
FixedParameters: 0 0 0

#Transform 140
Transform: AffineTransform_float_3_3
Parameters: 0.999999 -0.000741905 0.000171302 0.000743422 0.999979 -0.00640188 -0.000165865 0.00640213 0.99998 -0.0886428 0.142594 0.000149789
FixedParameters: 0 0 0

#Transform 141
Transform: AffineTransform_float_3_3
Parameters: 0.999999 -0.000791122 0.000198267 0.000792616 0.999985 -0.00544984 -0.000193708 0.00545015 0.999985 -0.0873172 0.143458 0.0606368
FixedParameters: 0 0 0

#Transform 142
Transform: AffineTransform_float_3_3
Parameters: 0.999999 -0.000594547 0.000507821 0.000597683 0.999985 -0.00555106 -0.000504494 0.00555094 0.999984 -0.0844163 0.158195 0.0318025
FixedParameters: 0 0 0

#Transform 143
Transform: AffineTransform_float_3_3
Parameters: 0.999999 -0.000853326 0.000283861 0.00085482 0.999985 -0.00543876 -0.000278253 0.00543924 0.999985 -0.0865858 0.14488 -0.00369521
FixedParameters: 0 0 0

#Transform 144
Transform: AffineTransform_float_3_3
Parameters: 0.999999 -0.000823671 0.000254285 0.000825713 0.999981 -0.00610779 -0.000249204 0.00610821 0.999982 -0.114921 0.139788 0.00825608
FixedParameters: 0 0 0

#Transform 145
Transform: AffineTransform_float_3_3
Parameters: 0.999999 -0.000772464 0.000148396 0.000773246 0.999981 -0.00621125 -0.000143789 0.00621075 0.999981 -0.0856339 0.155558 -0.000767028
FixedParameters: 0 0 0

#Transform 146
Transform: AffineTransform_float_3_3
Parameters: 0.999999 -0.000833668 0.00039768 0.00083589 0.999983 -0.00577067 -0.000393568 0.00577133 0.999984 -0.103214 0.143617 -0.000973626
FixedParameters: 0 0 0

#Transform 147
Transform: AffineTransform_float_3_3
Parameters: 0.999999 -0.000977298 0.000110283 0.000978086 0.999981 -0.00600404 -0.000104847 0.00600495 0.999982 -0.0901571 0.148808 0.0363595
FixedParameters: 0 0 0

#Transform 148
Transform: AffineTransform_float_3_3
Parameters: 1 -0.000684951 0.000163938 0.000685844 0.999988 -0.00471489 -0.000161547 0.00471511 0.999989 -0.0812226 0.136903 0.094002
FixedParameters: 0 0 0

#Transform 149
Transform: AffineTransform_float_3_3
Parameters: 0.999999 -0.000728574 0.000257332 0.000729523 0.999991 -0.00414782 -0.000254046 0.00414819 0.999992 -0.101521 0.137075 0.114955
FixedParameters: 0 0 0

#Transform 150
Transform: AffineTransform_float_3_3
Parameters: 0.999999 -0.00085797 0.000305828 0.000859266 0.999989 -0.0047081 -0.000301425 0.0047079 0.999989 -0.0774097 0.137716 0.0778271
FixedParameters: 0 0 0

#Transform 151
Transform: AffineTransform_float_3_3
Parameters: 1 -0.000920596 0.000372873 0.000922761 0.999984 -0.00556402 -0.000367219 0.00556398 0.999984 -0.116581 0.136107 0.0312055
FixedParameters: 0 0 0

#Transform 152
Transform: AffineTransform_float_3_3
Parameters: 0.999999 -0.000959276 0.00014674 0.000959852 0.999984 -0.00559286 -0.000141 0.00559314 0.999985 -0.083114 0.151753 0.0396465
FixedParameters: 0 0 0

#Transform 153
Transform: AffineTransform_float_3_3
Parameters: 0.999999 -0.000702272 0.00020757 0.000703878 0.999979 -0.00641986 -0.000203536 0.00642015 0.99998 -0.107316 0.135866 -0.00732561
FixedParameters: 0 0 0

#Transform 154
Transform: AffineTransform_float_3_3
Parameters: 1 -0.000883673 0.000687849 0.000887813 0.99998 -0.00636075 -0.000682243 0.00636125 0.999979 -0.0958558 0.12688 0.00585918
FixedParameters: 0 0 0

#Transform 155
Transform: AffineTransform_float_3_3
Parameters: 1 -0.000472984 -8.45479e-06 0.000473011 0.999985 -0.00557901 1.15008e-05 0.005579 0.999985 -0.0947325 0.15998 0.0466001
FixedParameters: 0 0 0

#Transform 156
Transform: AffineTransform_float_3_3
Parameters: 1 -0.000393432 0.000458568 0.00039613 0.999981 -0.00624782 -0.000455615 0.00624819 0.999981 -0.110486 0.181679 0.0256144
FixedParameters: 0 0 0

#Transform 157
Transform: AffineTransform_float_3_3
Parameters: 0.999999 -0.000678338 0.000202371 0.000680108 0.999981 -0.00602186 -0.000198263 0.00602213 0.999982 -0.0917654 0.165409 0.0319586
FixedParameters: 0 0 0

#Transform 158
Transform: AffineTransform_float_3_3
Parameters: 1 -0.000615895 0.000104998 0.000616609 0.999978 -0.00658594 -0.000100953 0.00658607 0.999979 -0.0883193 0.172134 -0.00608381
FixedParameters: 0 0 0

#Transform 159
Transform: AffineTransform_float_3_3
Parameters: 0.999999 -0.000672246 0.000246795 0.000674303 0.99998 -0.00630384 -0.0002433 0.00630417 0.99998 -0.104051 0.158975 0.00946108
FixedParameters: 0 0 0

#Transform 160
Transform: AffineTransform_float_3_3
Parameters: 0.999999 -0.000827469 -2.86513e-05 0.000826521 0.999974 -0.00708402 3.40638e-05 0.00708397 0.999975 -0.077292 0.163065 -0.0761734
FixedParameters: 0 0 0

#Transform 161
Transform: AffineTransform_float_3_3
Parameters: 0.999999 -0.000739226 0.000469322 0.000743309 0.999965 -0.00830001 -0.00046307 0.00829998 0.999965 -0.111305 0.158706 -0.0716967
FixedParameters: 0 0 0

#Transform 162
Transform: AffineTransform_float_3_3
Parameters: 1 -0.00108607 -6.73905e-05 0.00108496 0.999915 -0.0129922 8.22084e-05 0.0129928 0.999916 -0.0892249 0.15469 -0.206151
FixedParameters: 0 0 0

#Transform 163
Transform: AffineTransform_float_3_3
Parameters: 1 -0.00108253 -0.000103417 0.00108091 0.999909 -0.0134653 0.000117849 0.0134657 0.999909 -0.0920797 0.144611 -0.258641
FixedParameters: 0 0 0

#Transform 164
Transform: AffineTransform_float_3_3
Parameters: 0.999999 -0.000925669 2.18547e-05 0.000925462 0.999911 -0.0133151 -8.89325e-06 0.0133159 0.999911 -0.108293 0.152881 -0.188281
FixedParameters: 0 0 0

#Transform 165
Transform: AffineTransform_float_3_3
Parameters: 0.999999 -0.00152656 -0.000274034 0.00152251 0.999899 -0.0141439 0.000295903 0.014143 0.9999 -0.0753319 0.149505 -0.302186
FixedParameters: 0 0 0

#Transform 166
Transform: AffineTransform_float_3_3
Parameters: 1 -0.00109131 3.26433e-06 0.00109033 0.999907 -0.013556 1.14706e-05 0.013556 0.999908 -0.117303 0.17028 -0.199753
FixedParameters: 0 0 0

#Transform 167
Transform: AffineTransform_float_3_3
Parameters: 0.999998 -0.00189593 -0.000283091 0.00189127 0.999864 -0.0163632 0.000313569 0.0163628 0.999866 -0.0572816 0.120898 -0.359936
FixedParameters: 0 0 0

#Transform 168
Transform: AffineTransform_float_3_3
Parameters: 0.999998 -0.00164379 -0.000118446 0.00164216 0.999878 -0.0155287 0.000144535 0.0155283 0.99988 -0.080471 0.139233 -0.283843
FixedParameters: 0 0 0

#Transform 169
Transform: AffineTransform_float_3_3
Parameters: 0.999999 -0.00129519 -0.000132905 0.00129268 0.999892 -0.0146063 0.000151542 0.0146067 0.999893 -0.0933406 0.136853 -0.252375
FixedParameters: 0 0 0

#Transform 170
Transform: AffineTransform_float_3_3
Parameters: 0.999999 -0.00171562 -0.00037856 0.00171012 0.999888 -0.0148822 0.00040304 0.0148808 0.999889 -0.072706 0.151592 -0.311735
FixedParameters: 0 0 0

#Transform 171
Transform: AffineTransform_float_3_3
Parameters: 0.999998 -0.00163462 -0.000103219 0.00163281 0.999903 -0.0139049 0.000126337 0.0139052 0.999903 -0.0850904 0.14294 -0.249048
FixedParameters: 0 0 0

#Transform 172
Transform: AffineTransform_float_3_3
Parameters: 0.999998 -0.00159064 -0.000611474 0.00158107 0.999881 -0.0153101 0.000636433 0.0153089 0.999883 -0.0774783 0.1499 -0.296668
FixedParameters: 0 0 0

#Transform 173
Transform: AffineTransform_float_3_3
Parameters: 0.999999 -0.00152765 -9.42786e-05 0.00152567 0.999865 -0.0163637 0.000119696 0.0163633 0.999866 -0.0727919 0.152939 -0.347059
FixedParameters: 0 0 0

#Transform 174
Transform: AffineTransform_float_3_3
Parameters: 1 -0.00111118 0.000343195 0.00111627 0.999881 -0.0153426 -0.000326367 0.0153434 0.999882 -0.101384 0.141615 -0.292249
FixedParameters: 0 0 0

#Transform 175
Transform: AffineTransform_float_3_3
Parameters: 0.999999 -0.00133444 -0.000196737 0.00133082 0.999869 -0.0161414 0.000218894 0.0161416 0.99987 -0.0776094 0.160663 -0.364467
FixedParameters: 0 0 0

#Transform 176
Transform: AffineTransform_float_3_3
Parameters: 0.999998 -0.00192608 -0.000515577 0.00191674 0.999861 -0.0165433 0.000547405 0.0165427 0.999863 -0.0628297 0.136714 -0.430126
FixedParameters: 0 0 0

#Transform 177
Transform: AffineTransform_float_3_3
Parameters: 0.999999 -0.0015168 -0.00015429 0.00151393 0.99987 -0.0160234 0.000177916 0.0160236 0.999872 -0.0908709 0.169533 -0.316126
FixedParameters: 0 0 0

#Transform 178
Transform: AffineTransform_float_3_3
Parameters: 1 -0.00121261 -0.000171779 0.00120939 0.999849 -0.0173154 0.000192853 0.0173156 0.99985 -0.069918 0.168342 -0.407851
FixedParameters: 0 0 0

#Transform 179
Transform: AffineTransform_float_3_3
Parameters: 0.999998 -0.00160689 0.000210714 0.00160978 0.999859 -0.0167532 -0.000183488 0.0167538 0.99986 -0.0813975 0.147337 -0.375481
FixedParameters: 0 0 0
