#Insight Transform File V1.0
#Transform 0
Transform: AffineTransform_float_3_3
Parameters: 0.999999 0.000720325 0.00124981 -0.000719985 0.999999 -0.00050454 -0.00125015 0.000503459 0.999999 0.0657859 -0.352565 -0.464589
FixedParameters: 0 0 0

#Transform 1
Transform: AffineTransform_float_3_3
Parameters: 1 -7.96517e-05 0.000252271 7.95374e-05 1 -0.00054698 -0.000253104 0.00054702 1 -0.00238387 0.0517083 -0.128797
FixedParameters: 0 0 0

#Transform 2
Transform: AffineTransform_float_3_3
Parameters: 1 -0.000367808 0.000154667 0.000368316 0.999998 -0.00164894 -0.000153454 0.00164906 0.999998 0.0192598 0.0774107 -0.234559
FixedParameters: 0 0 0

#Transform 3
Transform: AffineTransform_float_3_3
Parameters: 1 -0.000532383 0.000120584 0.000532431 0.999998 -0.00182394 -0.000119563 0.00182406 0.999999 0.0250312 0.0857205 -0.326914
FixedParameters: 0 0 0

#Transform 4
Transform: AffineTransform_float_3_3
Parameters: 1 -0.000391611 0.000435442 0.000392552 0.999999 -0.00152983 -0.000435163 0.00153017 0.999998 0.0219743 0.0915321 -0.317855
FixedParameters: 0 0 0

#Transform 5
Transform: AffineTransform_float_3_3
Parameters: 1 -0.000395142 0.000368487 0.0003963 0.999998 -0.00157385 -0.000367241 0.00157414 0.999998 0.0214038 0.0846383 -0.290807
FixedParameters: 0 0 0

#Transform 6
Transform: AffineTransform_float_3_3
Parameters: 1 -0.000256367 0.000347305 0.000256957 0.999999 -0.00141091 -0.000347501 0.00141109 0.999999 0.0377621 0.0845784 -0.335108
FixedParameters: 0 0 0

#Transform 7
Transform: AffineTransform_float_3_3
Parameters: 1 -0.000599176 0.000142311 0.000599197 0.999999 -0.00145191 -0.000141492 0.00145208 0.999999 -0.00608384 0.0962415 -0.308212
FixedParameters: 0 0 0

#Transform 8
Transform: AffineTransform_float_3_3
Parameters: 0.999999 -0.000741132 6.65471e-05 0.000740867 1 -0.000951105 -6.60575e-05 0.000951897 1 -0.0132761 0.0588757 -0.275707
FixedParameters: 0 0 0

#Transform 9
Transform: AffineTransform_float_3_3
Parameters: 1 -0.000543573 -0.000175824 0.000543481 0.999999 -0.0017661 0.000176433 0.00176591 0.999999 -0.00980949 0.0663228 -0.257991
FixedParameters: 0 0 0

#Transform 10
Transform: AffineTransform_float_3_3
Parameters: 1 -0.000328691 -0.000116906 0.000328343 0.999993 -0.00373504 0.000118048 0.00373496 0.999993 0.00162294 0.0646136 -0.265877
FixedParameters: 0 0 0

#Transform 11
Transform: AffineTransform_float_3_3
Parameters: 1 -0.000166255 -0.000304094 0.000165021 0.999993 -0.00353905 0.000304875 0.00353895 0.999993 0.0192055 0.0616568 -0.292239
FixedParameters: 0 0 0

#Transform 12
Transform: AffineTransform_float_3_3
Parameters: 1 0.000222232 -0.000136459 -0.000223052 0.999996 -0.00301797 0.000135115 0.00301803 0.999996 0.00143855 0.0598538 -0.26483
FixedParameters: 0 0 0

#Transform 13
Transform: AffineTransform_float_3_3
Parameters: 1 0.000198316 -0.00012625 -0.000199102 0.999995 -0.00312598 0.000125007 0.00312603 0.999995 0.0311195 0.0649462 -0.247622
FixedParameters: 0 0 0

#Transform 14
Transform: AffineTransform_float_3_3
Parameters: 1 -0.000550142 -0.000151639 0.000549675 0.999994 -0.00326308 0.000153917 0.00326291 0.999994 0.0402782 0.0801964 -0.252025
FixedParameters: 0 0 0

#Transform 15
Transform: AffineTransform_float_3_3
Parameters: 1 -0.000465244 4.13278e-05 0.000465616 0.999996 -0.00282898 -4.09261e-05 0.00282902 0.999996 0.0413992 0.0779957 -0.222558
FixedParameters: 0 0 0

#Transform 16
Transform: AffineTransform_float_3_3
Parameters: 1 -0.00076406 -0.000654796 0.000761911 0.999993 -0.0038495 0.000657265 0.0038485 0.999993 0.0647123 0.0556414 -0.320324
FixedParameters: 0 0 0

#Transform 17
Transform: AffineTransform_float_3_3
Parameters: 1 -0.000583292 -0.000135556 0.000583082 0.999996 -0.00270908 0.000137404 0.00270892 0.999997 0.0682165 0.0875002 -0.329674
FixedParameters: 0 0 0

#Transform 18
Transform: AffineTransform_float_3_3
Parameters: 0.999999 -0.000717556 0.000109923 0.000717336 0.999997 -0.00257828 -0.000108065 0.00257772 0.999996 0.0471623 0.083609 -0.298268
FixedParameters: 0 0 0

#Transform 19
Transform: AffineTransform_float_3_3
Parameters: 1 -0.000375509 -3.62589e-05 0.00037584 0.999996 -0.00271802 3.69898e-05 0.00271799 0.999997 0.0358352 0.0717369 -0.270567
FixedParameters: 0 0 0

#Transform 20
Transform: AffineTransform_float_3_3
Parameters: 0.999999 -0.000777025 -4.20872e-05 0.000776961 0.999997 -0.00236303 4.35276e-05 0.00236297 0.999997 0.0601732 0.0880856 -0.294295
FixedParameters: 0 0 0

#Transform 21
Transform: AffineTransform_float_3_3
Parameters: 1 -0.000107585 -0.000147615 0.000106606 0.999998 -0.00199602 0.000147123 0.00199598 0.999998 0.0339308 0.100019 -0.269245
FixedParameters: 0 0 0

#Transform 22
Transform: AffineTransform_float_3_3
Parameters: 1 -0.00037094 5.79923e-05 0.000372002 0.999999 -0.00121998 -5.74767e-05 0.00122002 1 0.00359062 0.113352 -0.239888
FixedParameters: 0 0 0

#Transform 23
Transform: AffineTransform_float_3_3
Parameters: 1 -0.000392038 0.000220264 0.000392601 0.999999 -0.00127991 -0.000219259 0.00128009 0.999999 0.00536679 0.173189 -0.244489
FixedParameters: 0 0 0

#Transform 24
Transform: AffineTransform_float_3_3
Parameters: 1 6.56925e-06 8.41774e-05 -6.24125e-06 0.999998 -0.001948 -8.42024e-05 0.001948 0.999998 0.0173629 0.133735 -0.240844
FixedParameters: 0 0 0

#Transform 25
Transform: AffineTransform_float_3_3
Parameters: 1 -7.58055e-05 -0.000109007 7.51018e-05 0.999999 -0.00144001 0.000108304 0.00143999 0.999999 4.46155e-05 0.129071 -0.221533
FixedParameters: 0 0 0

#Transform 26
Transform: AffineTransform_float_3_3
Parameters: 1 -8.48248e-05 -0.000130164 8.44454e-05 0.999999 -0.00145601 0.000130411 0.00145599 0.999999 0.0197114 0.123808 -0.251854
FixedParameters: 0 0 0

#Transform 27
Transform: AffineTransform_float_3_3
Parameters: 1 0.000205381 -1.04376e-05 -0.000205029 0.999998 -0.001861 1.05944e-05 0.001861 0.999999 0.0222874 0.129532 -0.298399
FixedParameters: 0 0 0

#Transform 28
Transform: AffineTransform_float_3_3
Parameters: 1 7.34184e-05 0.000240497 -7.3162e-05 0.999997 -0.00244702 -0.000240465 0.00244698 0.999997 0.0146751 0.102337 -0.274547
FixedParameters: 0 0 0

#Transform 29
Transform: AffineTransform_float_3_3
Parameters: 1 -9.3183e-05 -0.00040708 9.17626e-05 0.999999 -0.00174404 0.000407402 0.00174396 0.999999 0.023304 0.119126 -0.256984
FixedParameters: 0 0 0

#Transform 30
Transform: AffineTransform_float_3_3
Parameters: 1 -0.000253854 -0.000526633 0.000253147 0.999999 -0.00154513 0.000527026 0.00154487 0.999998 0.00726192 0.139727 -0.220339
FixedParameters: 0 0 0

#Transform 31
Transform: AffineTransform_float_3_3
Parameters: 1 -0.000269792 -0.000563309 0.000268468 0.999998 -0.00199115 0.00056399 0.00199085 0.999998 -0.0237048 0.125935 -0.183446
FixedParameters: 0 0 0

#Transform 32
Transform: AffineTransform_float_3_3
Parameters: 1 -7.54845e-05 -0.000108037 7.50303e-05 0.999998 -0.00209901 0.000108353 0.00209899 0.999998 0.0234934 0.134779 -0.182258
FixedParameters: 0 0 0

#Transform 33
Transform: AffineTransform_float_3_3
Parameters: 1 -0.000310523 -6.95981e-06 0.000310509 0.999999 -0.000927001 7.53552e-06 0.000926997 0.999999 0.023391 0.168131 -0.175982
FixedParameters: 0 0 0

#Transform 34
Transform: AffineTransform_float_3_3
Parameters: 1 -0.000315224 -0.000171242 0.000314522 0.999999 -0.000909694 0.000170895 0.000910306 1 -0.00647075 0.160275 -0.115179
FixedParameters: 0 0 0

#Transform 35
Transform: AffineTransform_float_3_3
Parameters: 1 -0.000835132 -0.000794208 0.000834447 0.999998 -0.00134466 0.00079475 0.00134334 0.999999 0.0400786 0.11991 -0.208484
FixedParameters: 0 0 0

#Transform 36
Transform: AffineTransform_float_3_3
Parameters: 1 -0.000671544 7.17875e-05 0.000671305 0.999999 -0.00106395 -7.12792e-05 0.00106405 1 0.0283687 0.115041 -0.19224
FixedParameters: 0 0 0

#Transform 37
Transform: AffineTransform_float_3_3
Parameters: 1 -0.000269122 2.64224e-05 0.000269156 1 -0.000648993 -2.60731e-05 0.000649007 1 -0.00747106 0.139715 -0.151532
FixedParameters: 0 0 0

#Transform 38
Transform: AffineTransform_float_3_3
Parameters: 1 -0.000360979 -0.00046046 0.000360381 0.999999 -0.000649166 0.000460928 0.000648833 0.999999 0.0207047 0.160229 -0.159
FixedParameters: 0 0 0

#Transform 39
Transform: AffineTransform_float_3_3
Parameters: 1 -0.000628047 -0.0002425 0.000627665 0.999999 -0.000786305 0.000243487 0.000786694 0.999999 0.0199915 0.165211 -0.162814
FixedParameters: 0 0 0

#Transform 40
Transform: AffineTransform_float_3_3
Parameters: 1 -0.00108571 0.000183907 0.00108568 0.999999 -0.000996954 -0.000182661 0.000998047 1 0.0317799 0.156779 -0.162073
FixedParameters: 0 0 0

#Transform 41
Transform: AffineTransform_float_3_3
Parameters: 0.999998 -0.00109029 0.00115336 0.00109123 0.999999 -0.00114495 -0.00115232 0.00114605 0.999999 0.0474879 0.14005 -0.0891691
FixedParameters: 0 0 0

#Transform 42
Transform: AffineTransform_float_3_3
Parameters: 0.999999 -0.000562132 0.00109697 0.000564339 0.999999 -0.00118423 -0.00109655 0.00118477 0.999999 0.0579764 0.141619 -0.0186167
FixedParameters: 0 0 0

#Transform 43
Transform: AffineTransform_float_3_3
Parameters: 0.999999 -0.000401669 0.00138202 0.000401927 1 -0.000233933 -0.00138275 0.000235068 0.999999 0.021972 0.162792 -0.0369443
FixedParameters: 0 0 0

#Transform 44
Transform: AffineTransform_float_3_3
Parameters: 1 -0.000345209 0.000889312 0.000347164 1 -0.00109969 -0.000888551 0.00110031 0.999999 0.014414 0.159981 -0.0542654
FixedParameters: 0 0 0

#Transform 45
Transform: AffineTransform_float_3_3
Parameters: 0.999999 -0.000839966 0.000896576 0.000840411 0.999999 -0.000979248 -0.000895459 0.000980753 0.999999 0.0435889 0.154659 -0.0685047
FixedParameters: 0 0 0

#Transform 46
Transform: AffineTransform_float_3_3
Parameters: 0.999999 -0.000785457 0.00102515 0.000785906 0.999999 -0.000668402 -0.00102371 0.000668598 0.999999 0.0492354 0.167136 -0.089447
FixedParameters: 0 0 0

#Transform 47
Transform: AffineTransform_float_3_3
Parameters: 0.999999 -0.000823818 0.000934382 0.000824519 0.999999 -0.00107708 -0.000933135 0.00107792 0.999999 0.0654468 0.168156 -0.107224
FixedParameters: 0 0 0

#Transform 48
Transform: AffineTransform_float_3_3
Parameters: 0.999999 -0.000852008 0.00160764 0.000853782 0.999999 -0.00136733 -0.00160637 0.00136868 0.999998 0.0717532 0.174044 -0.107703
FixedParameters: 0 0 0

#Transform 49
Transform: AffineTransform_float_3_3
Parameters: 0.999999 -0.00102152 0.00111321 0.00102276 0.999999 -0.00114422 -0.0011114 0.00114578 0.999999 0.063147 0.1829 -0.108539
FixedParameters: 0 0 0

#Transform 50
Transform: AffineTransform_float_3_3
Parameters: 0.999999 -0.00101717 0.000985969 0.00101757 0.999999 -0.000868845 -0.000984729 0.000870156 1 0.0509767 0.180246 -0.0960605
FixedParameters: 0 0 0

#Transform 51
Transform: AffineTransform_float_3_3
Parameters: 0.999999 -0.00113333 0.00106511 0.00113398 0.999999 -0.00110015 -0.00106406 0.00110185 0.999999 0.0776575 0.176345 -0.0943586
FixedParameters: 0 0 0

#Transform 52
Transform: AffineTransform_float_3_3
Parameters: 0.999998 -0.0010442 0.0012847 0.00104565 0.999999 -0.00107487 -0.00128299 0.00107613 0.999999 0.0791433 0.172303 -0.105058
FixedParameters: 0 0 0

#Transform 53
Transform: AffineTransform_float_3_3
Parameters: 0.999997 -0.00114952 0.00181693 0.00115058 0.999999 -0.000757966 -0.00181664 0.000760036 0.999998 0.0770215 0.174178 -0.0749109
FixedParameters: 0 0 0

#Transform 54
Transform: AffineTransform_float_3_3
Parameters: 0.999999 -0.000671044 0.000460895 0.000670953 0.999999 -0.00132569 -0.000459645 0.00132631 0.999999 0.077029 0.154603 -0.0184508
FixedParameters: 0 0 0

#Transform 55
Transform: AffineTransform_float_3_3
Parameters: 0.999999 -0.00118131 0.000858109 0.00118212 0.999999 -0.000925346 -0.000857762 0.000926654 0.999999 0.0949964 0.152957 -0.0289566
FixedParameters: 0 0 0

#Transform 56
Transform: AffineTransform_float_3_3
Parameters: 0.999999 -0.000889892 0.00112651 0.00089082 0.999999 -0.000993845 -0.00112527 0.000995155 0.999999 0.0794457 0.164058 -0.0383892
FixedParameters: 0 0 0

#Transform 57
Transform: AffineTransform_float_3_3
Parameters: 0.999999 -0.00104147 0.000826301 0.00104285 0.999999 -0.00131035 -0.000825411 0.00131065 0.999999 0.0846161 0.171177 -0.0588066
FixedParameters: 0 0 0

#Transform 58
Transform: AffineTransform_float_3_3
Parameters: 0.999998 -0.00131148 0.00105511 0.00131212 0.999999 -0.00110782 -0.00105365 0.00110918 0.999999 0.0656915 0.169317 -0.0423747
FixedParameters: 0 0 0

#Transform 59
Transform: AffineTransform_float_3_3
Parameters: 0.999999 -0.00113627 0.00105369 0.00113726 0.999999 -0.000653009 -0.00105313 0.00065399 0.999999 0.0480968 0.174207 -0.0545292
FixedParameters: 0 0 0

#Transform 60
Transform: AffineTransform_float_3_3
Parameters: 0.999999 -0.0011396 0.000797858 0.00113964 0.999999 -0.000848092 -0.000796453 0.000849909 1 0.0668456 0.178401 -0.0806273
FixedParameters: 0 0 0

#Transform 61
Transform: AffineTransform_float_3_3
Parameters: 0.999999 -0.000935423 0.000973337 0.000936935 0.999999 -0.00117709 -0.000972973 0.00117891 0.999999 0.0581314 0.183098 -0.0645145
FixedParameters: 0 0 0

#Transform 62
Transform: AffineTransform_float_3_3
Parameters: 0.999999 -0.000772234 0.000984114 0.000772978 0.999999 -0.00104409 -0.000983029 0.00104491 0.999999 0.0440755 0.180652 -0.0466172
FixedParameters: 0 0 0

#Transform 63
Transform: AffineTransform_float_3_3
Parameters: 1 -0.000563711 0.000884367 0.000564434 0.999999 -0.000929349 -0.000882928 0.000929652 1 0.0507602 0.180861 -0.0762915
FixedParameters: 0 0 0

#Transform 64
Transform: AffineTransform_float_3_3
Parameters: 0.999999 -0.000570926 0.00145857 0.000571443 1 -0.000492862 -0.00145761 0.000493139 0.999999 0.0410511 0.192167 -0.0570846
FixedParameters: 0 0 0

#Transform 65
Transform: AffineTransform_float_3_3
Parameters: 0.999999 -0.00083902 0.00100129 0.000840118 0.999999 -0.000743366 -0.00100097 0.000743633 0.999999 0.0328092 0.165103 -0.0553707
FixedParameters: 0 0 0

#Transform 66
Transform: AffineTransform_float_3_3
Parameters: 0.999999 -0.0011205 0.00099323 0.00112084 1 -0.00102725 -0.000992377 0.00102875 0.999999 0.0662765 0.199411 -0.111903
FixedParameters: 0 0 0

#Transform 67
Transform: AffineTransform_float_3_3
Parameters: 0.999999 -0.00128186 0.000892428 0.00128336 0.999999 -0.00105922 -0.00089063 0.00106078 0.999999 0.0685 0.213833 -0.131849
FixedParameters: 0 0 0

#Transform 68
Transform: AffineTransform_float_3_3
Parameters: 0.999998 -0.00111657 0.00118202 0.00111741 0.999999 -0.000523887 -0.00118177 0.000525113 0.999999 0.0712991 0.224388 -0.114933
FixedParameters: 0 0 0

#Transform 69
Transform: AffineTransform_float_3_3
Parameters: 0.999999 -0.000902662 0.00105166 0.000902882 1 -0.000290258 -0.00105206 0.000290743 0.999999 0.0714161 0.220332 -0.17056
FixedParameters: 0 0 0

#Transform 70
Transform: AffineTransform_float_3_3
Parameters: 0.999999 -0.00108242 0.00105388 0.00108357 0.999998 -0.00153607 -0.00105292 0.00153693 0.999998 0.0817096 0.212959 -0.190561
FixedParameters: 0 0 0

#Transform 71
Transform: AffineTransform_float_3_3
Parameters: 0.999999 -0.00107643 0.00105068 0.00107707 0.999999 -0.00111408 -0.00104973 0.00111493 0.999999 0.0662036 0.222331 -0.137469
FixedParameters: 0 0 0

#Transform 72
Transform: AffineTransform_float_3_3
Parameters: 0.999998 -0.00128363 0.00100266 0.00128459 0.999998 -0.00152392 -0.00100112 0.00152508 0.999998 0.066739 0.208714 -0.148906
FixedParameters: 0 0 0

#Transform 73
Transform: AffineTransform_float_3_3
Parameters: 0.999998 -0.00121733 0.00104082 0.00121893 0.999998 -0.00158909 -0.00103839 0.00159091 0.999998 0.0842618 0.225516 -0.167632
FixedParameters: 0 0 0

#Transform 74
Transform: AffineTransform_float_3_3
Parameters: 0.999999 -0.00124491 0.00127493 0.00124616 0.999998 -0.00131162 -0.00127404 0.00131338 0.999998 0.0823658 0.215081 -0.158183
FixedParameters: 0 0 0

#Transform 75
Transform: AffineTransform_float_3_3
Parameters: 0.999999 -0.00129987 0.00116417 0.00130059 0.999999 -0.0010407 -0.00116291 0.00104231 0.999999 0.0822434 0.211916 -0.132556
FixedParameters: 0 0 0

#Transform 76
Transform: AffineTransform_float_3_3
Parameters: 0.999999 -0.00126482 0.000654115 0.0012658 0.999998 -0.00134553 -0.00065255 0.00134647 0.999999 0.0845548 0.220752 -0.162734
FixedParameters: 0 0 0

#Transform 77
Transform: AffineTransform_float_3_3
Parameters: 0.999998 -0.00109128 0.00116258 0.00109266 0.999998 -0.00188894 -0.00116043 0.00189006 0.999998 0.0879064 0.214889 -0.1948
FixedParameters: 0 0 0

#Transform 78
Transform: AffineTransform_float_3_3
Parameters: 0.999999 -0.00127512 0.000790501 0.001276 0.999998 -0.00163935 -0.000787767 0.00164065 0.999998 0.0603187 0.209839 -0.167222
FixedParameters: 0 0 0

#Transform 79
Transform: AffineTransform_float_3_3
Parameters: 0.999999 -0.00112298 0.000563483 0.00112391 0.999998 -0.00151873 -0.000561911 0.00151927 0.999999 0.0637114 0.209787 -0.21074
FixedParameters: 0 0 0

#Transform 80
Transform: AffineTransform_float_3_3
Parameters: 0.999998 -0.00124205 0.00106919 0.00124391 0.999998 -0.00184803 -0.00106696 0.00184997 0.999998 0.0443124 0.220314 -0.176061
FixedParameters: 0 0 0

#Transform 81
Transform: AffineTransform_float_3_3
Parameters: 0.999998 -0.00131047 0.000908603 0.00131225 0.999997 -0.00213417 -0.000905374 0.00213583 0.999997 0.0412954 0.215538 -0.165093
FixedParameters: 0 0 0

#Transform 82
Transform: AffineTransform_float_3_3
Parameters: 0.999999 -0.000858095 0.00101031 0.000860623 0.999997 -0.00228798 -0.00100875 0.00228902 0.999997 0.0455831 0.235021 -0.171384
FixedParameters: 0 0 0

#Transform 83
Transform: AffineTransform_float_3_3
Parameters: 0.999999 -0.000706287 0.00120672 0.000708506 0.999998 -0.00162499 -0.00120587 0.00162601 0.999998 0.0387653 0.234344 -0.123847
FixedParameters: 0 0 0

#Transform 84
Transform: AffineTransform_float_3_3
Parameters: 0.999999 -0.000639962 0.00128367 0.00064196 0.999999 -0.00144138 -0.00128327 0.00144162 0.999998 -0.0169202 0.227685 -0.114038
FixedParameters: 0 0 0

#Transform 85
Transform: AffineTransform_float_3_3
Parameters: 0.999998 -0.00150988 0.000607084 0.00151084 0.999997 -0.00176145 -0.000604523 0.00176256 0.999999 0.0424117 0.243847 -0.147187
FixedParameters: 0 0 0

#Transform 86
Transform: AffineTransform_float_3_3
Parameters: 0.999998 -0.00142891 0.000825143 0.00143037 0.999998 -0.00136018 -0.000823093 0.00136182 0.999999 0.0537422 0.254862 -0.178517
FixedParameters: 0 0 0

#Transform 87
Transform: AffineTransform_float_3_3
Parameters: 0.999999 -0.00111665 0.00138573 0.00111809 1 -0.00079966 -0.00138578 0.000801343 0.999999 0.043322 0.280071 -0.157706
FixedParameters: 0 0 0

#Transform 88
Transform: AffineTransform_float_3_3
Parameters: 0.999999 -0.0011834 0.00140351 0.00118434 0.999999 -0.000335393 -0.00140272 0.000336606 0.999999 0.0509064 0.262784 -0.143117
FixedParameters: 0 0 0

#Transform 89
Transform: AffineTransform_float_3_3
Parameters: 0.999997 -0.00165064 0.00133692 0.00165115 0.999998 -0.000335208 -0.00133673 0.000336793 0.999999 0.0820671 0.263529 -0.215871
FixedParameters: 0 0 0

#Transform 90
Transform: AffineTransform_float_3_3
Parameters: 0.999998 -0.00166492 0.00159155 0.00166542 0.999999 -0.000689766 -0.0015907 0.000692237 0.999999 0.0665086 0.260232 -0.133592
FixedParameters: 0 0 0

#Transform 91
Transform: AffineTransform_float_3_3
Parameters: 0.999998 -0.00141715 0.00132086 0.0014184 0.999999 -0.000620695 -0.00132001 0.000622305 0.999999 0.0787692 0.260272 -0.134293
FixedParameters: 0 0 0

#Transform 92
Transform: AffineTransform_float_3_3
Parameters: 0.999999 -0.0012122 0.0013361 0.00121259 0.999999 -0.000145587 -0.00133574 0.000147413 0.999999 0.0510885 0.266058 -0.132775
FixedParameters: 0 0 0

#Transform 93
Transform: AffineTransform_float_3_3
Parameters: 0.999998 -0.00144377 0.00144552 0.00144451 0.999999 -0.000255479 -0.00144478 0.00025752 0.999999 0.0790913 0.27193 -0.131554
FixedParameters: 0 0 0

#Transform 94
Transform: AffineTransform_float_3_3
Parameters: 0.999998 -0.00134653 0.00102003 0.0013463 0.999999 0.000116013 -0.00102034 -0.000113986 0.999999 0.069253 0.268555 -0.149514
FixedParameters: 0 0 0

#Transform 95
Transform: AffineTransform_float_3_3
Parameters: 0.999999 -0.00122793 0.00129973 0.00122733 0.999999 0.000233388 -0.00130031 -0.00023161 0.999999 0.0545577 0.264061 -0.109694
FixedParameters: 0 0 0

#Transform 96
Transform: AffineTransform_float_3_3
Parameters: 0.999999 -0.00120434 0.00135511 0.00120403 0.999999 0.000115424 -0.00135539 -0.000113574 0.999999 0.0579233 0.276781 -0.126712
FixedParameters: 0 0 0

#Transform 97
Transform: AffineTransform_float_3_3
Parameters: 0.999999 -0.00116424 0.00145104 0.00116379 0.999999 0.000741636 -0.00145132 -0.000740366 0.999999 0.037239 0.28375 -0.121772
FixedParameters: 0 0 0

#Transform 98
Transform: AffineTransform_float_3_3
Parameters: 0.999998 -0.00111918 0.00155708 0.00111859 0.999999 0.000611048 -0.00155791 -0.000608952 0.999999 0.03131 0.282698 -0.117113
FixedParameters: 0 0 0

#Transform 99
Transform: AffineTransform_float_3_3
Parameters: 0.999998 -0.00106038 0.00169875 0.00105796 0.999998 0.00159975 -0.00170015 -0.00159826 0.999997 0.0322934 0.279534 -0.078681
FixedParameters: 0 0 0

#Transform 100
Transform: AffineTransform_float_3_3
Parameters: 0.999998 -0.00157354 0.00169732 0.00157254 0.999998 0.000682616 -0.00169893 -0.000679382 0.999999 0.0696674 0.269944 -0.107952
FixedParameters: 0 0 0

#Transform 101
Transform: AffineTransform_float_3_3
Parameters: 0.999998 -0.00137536 0.00188541 0.00137298 0.999998 0.00143269 -0.00188737 -0.00143031 0.999998 0.079865 0.288623 -0.0537976
FixedParameters: 0 0 0

#Transform 102
Transform: AffineTransform_float_3_3
Parameters: 0.999996 -0.00127233 0.00250568 0.00127008 0.999998 0.00123644 -0.00250723 -0.00123356 0.999996 0.0750915 0.259155 0.0042675
FixedParameters: 0 0 0

#Transform 103
Transform: AffineTransform_float_3_3
Parameters: 0.999996 -0.00154085 0.00207803 0.0015384 0.999998 0.000998938 -0.00207965 -0.000996059 0.999997 0.0950786 0.269404 -0.0783015
FixedParameters: 0 0 0

#Transform 104
Transform: AffineTransform_float_3_3
Parameters: 0.999995 -0.00215197 0.00226418 0.00214868 0.999997 0.0012774 -0.00226638 -0.0012726 0.999997 0.0962668 0.264057 -0.0770373
FixedParameters: 0 0 0

#Transform 105
Transform: AffineTransform_float_3_3
Parameters: 0.999995 -0.00243154 0.00225105 0.00242813 0.999995 0.00160065 -0.00225499 -0.00159535 0.999996 0.113455 0.274704 -0.0665566
FixedParameters: 0 0 0

#Transform 106
Transform: AffineTransform_float_3_3
Parameters: 0.999994 -0.00262274 0.00201208 0.00262143 0.999996 0.000521936 -0.00201296 -0.000517063 0.999998 0.138769 0.289411 -0.103767
FixedParameters: 0 0 0

#Transform 107
Transform: AffineTransform_float_3_3
Parameters: 0.999994 -0.00253877 0.00225746 0.00253668 0.999997 0.000927544 -0.00225978 -0.000922456 0.999997 0.142741 0.27541 -0.0806203
FixedParameters: 0 0 0

#Transform 108
Transform: AffineTransform_float_3_3
Parameters: 0.999995 -0.00214952 0.00229277 0.00214713 0.999997 0.00117831 -0.00229584 -0.00117269 0.999997 0.126502 0.260598 -0.0758532
FixedParameters: 0 0 0

#Transform 109
Transform: AffineTransform_float_3_3
Parameters: 0.999994 -0.00277297 0.00211942 0.00277186 0.999996 0.000758539 -0.00212124 -0.000752462 0.999998 0.167551 0.293134 -0.110167
FixedParameters: 0 0 0

#Transform 110
Transform: AffineTransform_float_3_3
Parameters: 0.999994 -0.00293001 0.00217091 0.00292652 0.999994 0.00155802 -0.00217489 -0.00155098 0.999997 0.179291 0.317636 -0.0932415
FixedParameters: 0 0 0

#Transform 111
Transform: AffineTransform_float_3_3
Parameters: 0.999994 -0.00273993 0.00242761 0.0027368 0.999995 0.00142947 -0.0024316 -0.00142253 0.999996 0.170269 0.294737 -0.0941132
FixedParameters: 0 0 0

#Transform 112
Transform: AffineTransform_float_3_3
Parameters: 0.999993 -0.00318563 0.00227378 0.00318332 0.999995 0.000972186 -0.00227758 -0.000964811 0.999997 0.172016 0.286793 -0.0986594
FixedParameters: 0 0 0

#Transform 113
Transform: AffineTransform_float_3_3
Parameters: 0.999993 -0.00313111 0.00231435 0.00312938 0.999995 0.000545699 -0.00231591 -0.000538299 0.999998 0.201118 0.308442 -0.123844
FixedParameters: 0 0 0

#Transform 114
Transform: AffineTransform_float_3_3
Parameters: 0.999992 -0.00313771 0.00250472 0.0031354 0.999995 0.000880953 -0.00250785 -0.000873045 0.999996 0.18199 0.307031 -0.106793
FixedParameters: 0 0 0

#Transform 115
Transform: AffineTransform_float_3_3
Parameters: 0.999992 -0.00310218 0.00242819 0.00309872 0.999994 0.00130663 -0.00243206 -0.00129937 0.999996 0.190781 0.316855 -0.0896412
FixedParameters: 0 0 0

#Transform 116
Transform: AffineTransform_float_3_3
Parameters: 0.999994 -0.00276631 0.00213877 0.00276395 0.999996 0.00122622 -0.00214132 -0.00122078 0.999997 0.178396 0.326752 -0.0940156
FixedParameters: 0 0 0

#Transform 117
Transform: AffineTransform_float_3_3
Parameters: 0.999991 -0.00325436 0.00251432 0.00325162 0.999994 0.00104328 -0.00251779 -0.00103472 0.999996 0.18135 0.314922 -0.103301
FixedParameters: 0 0 0

#Transform 118
Transform: AffineTransform_float_3_3
Parameters: 0.999992 -0.00310919 0.00243616 0.00310698 0.999995 0.000886669 -0.00243927 -0.000879329 0.999997 0.195507 0.309506 -0.0697712
FixedParameters: 0 0 0

#Transform 119
Transform: AffineTransform_float_3_3
Parameters: 0.999992 -0.0030418 0.00243019 0.0030379 0.999995 0.00147669 -0.00243401 -0.00146831 0.999996 0.213255 0.314465 -0.0875791
FixedParameters: 0 0 0

#Transform 120
Transform: AffineTransform_float_3_3
Parameters: 0.999994 -0.00291715 0.00222633 0.00291441 0.999995 0.0012628 -0.00222946 -0.0012562 0.999996 0.178237 0.298486 -0.0886719
FixedParameters: 0 0 0

#Transform 121
Transform: AffineTransform_float_3_3
Parameters: 0.999995 -0.00296225 0.00164938 0.0029609 0.999996 0.000648881 -0.00165137 -0.000644117 0.999998 0.16208 0.261352 -0.108153
FixedParameters: 0 0 0

#Transform 122
Transform: AffineTransform_float_3_3
Parameters: 0.999994 -0.0027211 0.00206935 0.00272017 0.999996 0.00041829 -0.00206977 -0.00041271 0.999997 0.175409 0.294378 -0.115046
FixedParameters: 0 0 0

#Transform 123
Transform: AffineTransform_float_3_3
Parameters: 0.999993 -0.00311172 0.00170373 0.00311157 0.999995 0.000161449 -0.00170379 -0.000156551 0.999999 0.15578 0.279983 -0.125667
FixedParameters: 0 0 0

#Transform 124
Transform: AffineTransform_float_3_3
Parameters: 0.999994 -0.00274013 0.00202516 0.00273918 0.999996 0.000754211 -0.0020269 -0.000748791 0.999998 0.16439 0.305651 -0.104477
FixedParameters: 0 0 0

#Transform 125
Transform: AffineTransform_float_3_3
Parameters: 0.999993 -0.00316364 0.0019726 0.00316395 0.999995 -0.000174973 -0.00197239 0.00018103 0.999998 0.18426 0.303523 -0.136327
FixedParameters: 0 0 0

#Transform 126
Transform: AffineTransform_float_3_3
Parameters: 0.999992 -0.00331623 0.00217018 0.00331487 0.999995 0.000797987 -0.00217307 -0.000790012 0.999997 0.184148 0.30969 -0.109908
FixedParameters: 0 0 0

#Transform 127
Transform: AffineTransform_float_3_3
Parameters: 0.99999 -0.00389586 0.00247828 0.00389472 0.999993 0.00065552 -0.00248098 -0.00064548 0.999997 0.200716 0.304035 -0.0920674
FixedParameters: 0 0 0

#Transform 128
Transform: AffineTransform_float_3_3
Parameters: 0.99999 -0.00409469 0.0020599 0.00409399 0.999991 0.00017399 -0.00206129 -0.000165004 0.999998 0.219712 0.300325 -0.122467
FixedParameters: 0 0 0

#Transform 129
Transform: AffineTransform_float_3_3
Parameters: 0.999989 -0.003593 0.00281852 0.00359197 0.999994 0.000558656 -0.00282012 -0.000548346 0.999996 0.188773 0.276339 -0.0919091
FixedParameters: 0 0 0

#Transform 130
Transform: AffineTransform_float_3_3
Parameters: 0.99999 -0.00382874 0.00221806 0.00382885 0.999993 6.72011e-05 -0.00221762 -5.88004e-05 0.999997 0.195716 0.271075 -0.111164
FixedParameters: 0 0 0

#Transform 131
Transform: AffineTransform_float_3_3
Parameters: 0.999991 -0.00345347 0.00250643 0.00345281 0.999994 0.00029339 -0.00250658 -0.000284612 0.999997 0.207779 0.296885 -0.109601
FixedParameters: 0 0 0

#Transform 132
Transform: AffineTransform_float_3_3
Parameters: 0.999991 -0.00352655 0.00242677 0.00352585 0.999994 0.000499934 -0.00242882 -0.000492064 0.999997 0.195664 0.288032 -0.0977998
FixedParameters: 0 0 0

#Transform 133
Transform: AffineTransform_float_3_3
Parameters: 0.99999 -0.00357037 0.00246659 0.00357028 0.999994 0.00036803 -0.00246774 -0.000358971 0.999996 0.197753 0.295437 -0.0991037
FixedParameters: 0 0 0

#Transform 134
Transform: AffineTransform_float_3_3
Parameters: 0.999989 -0.00385346 0.00242637 0.00385258 0.999992 0.000267211 -0.00242747 -0.000257786 0.999997 0.21566 0.299889 -0.116891
FixedParameters: 0 0 0

#Transform 135
Transform: AffineTransform_float_3_3
Parameters: 0.999989 -0.00369111 0.00281128 0.00368804 0.999993 0.000991545 -0.00281527 -0.000981452 0.999995 0.188166 0.310893 -0.0837494
FixedParameters: 0 0 0

#Transform 136
Transform: AffineTransform_float_3_3
Parameters: 0.999991 -0.00322871 0.00282239 0.00322844 0.999995 -0.000109644 -0.00282126 0.000119357 0.999996 0.174085 0.29833 -0.0942077
FixedParameters: 0 0 0

#Transform 137
Transform: AffineTransform_float_3_3
Parameters: 0.999991 -0.00338906 0.00262729 0.00338938 0.999994 0.000191792 -0.00262803 -0.000183209 0.999997 0.197964 0.310345 -0.127446
FixedParameters: 0 0 0

#Transform 138
Transform: AffineTransform_float_3_3
Parameters: 0.99999 -0.0033681 0.00288327 0.00336616 0.999994 0.00070475 -0.00288561 -0.000695248 0.999996 0.191668 0.303931 -0.0944179
FixedParameters: 0 0 0

#Transform 139
Transform: AffineTransform_float_3_3
Parameters: 0.999992 -0.00328952 0.00231248 0.00328755 0.999994 0.0006827 -0.00231418 -0.000675299 0.999998 0.188683 0.295416 -0.0913189
FixedParameters: 0 0 0

#Transform 140
Transform: AffineTransform_float_3_3
Parameters: 0.999994 -0.00276199 0.00240688 0.00276041 0.999996 0.000765461 -0.00240872 -0.000758539 0.999997 0.17653 0.314034 -0.0975431
FixedParameters: 0 0 0

#Transform 141
Transform: AffineTransform_float_3_3
Parameters: 0.999993 -0.00270915 0.00234487 0.00270699 0.999996 0.000909012 -0.0023474 -0.000901986 0.999997 0.161027 0.311775 -0.0948998
FixedParameters: 0 0 0

#Transform 142
Transform: AffineTransform_float_3_3
Parameters: 0.999994 -0.0029136 0.00220805 0.00291206 0.999996 0.000824735 -0.00221047 -0.000818265 0.999997 0.161227 0.321169 -0.102612
FixedParameters: 0 0 0

#Transform 143
Transform: AffineTransform_float_3_3
Parameters: 0.999993 -0.00296178 0.00228197 0.00295959 0.999995 0.00102521 -0.00228473 -0.00101879 0.999997 0.141828 0.335808 -0.130457
FixedParameters: 0 0 0

#Transform 144
Transform: AffineTransform_float_3_3
Parameters: 0.999993 -0.0027539 0.0027724 0.00275227 0.999996 0.000840241 -0.00277502 -0.000832758 0.999995 0.135862 0.323443 -0.090293
FixedParameters: 0 0 0

#Transform 145
Transform: AffineTransform_float_3_3
Parameters: 0.999993 -0.00288798 0.00261021 0.00288518 0.999995 0.00101514 -0.00261275 -0.00100786 0.999996 0.121215 0.323745 -0.0353721
FixedParameters: 0 0 0

#Transform 146
Transform: AffineTransform_float_3_3
Parameters: 0.999991 -0.00315569 0.00302676 0.00315335 0.999995 0.000953952 -0.00302985 -0.000944049 0.999995 0.156505 0.319417 0.0228962
FixedParameters: 0 0 0

#Transform 147
Transform: AffineTransform_float_3_3
Parameters: 0.999991 -0.00328182 0.00272952 0.00327831 0.999994 0.00117284 -0.00273297 -0.00116415 0.999995 0.163798 0.320186 -0.0562768
FixedParameters: 0 0 0

#Transform 148
Transform: AffineTransform_float_3_3
Parameters: 0.99999 -0.00323005 0.0028529 0.00322589 0.999994 0.00146646 -0.00285759 -0.00145654 0.999995 0.157554 0.333181 -0.0331792
FixedParameters: 0 0 0

#Transform 149
Transform: AffineTransform_float_3_3
Parameters: 0.999991 -0.00325698 0.0026441 0.00325738 0.999994 0.000177859 -0.0026447 -0.000169141 0.999997 0.189989 0.310621 -0.091707
FixedParameters: 0 0 0

#Transform 150
Transform: AffineTransform_float_3_3
Parameters: 0.999991 -0.00338558 0.00248401 0.00338282 0.999994 0.00105914 -0.00248786 -0.00105085 0.999996 0.189247 0.346782 -0.0945735
FixedParameters: 0 0 0

#Transform 151
Transform: AffineTransform_float_3_3
Parameters: 0.999991 -0.00330116 0.0026832 0.00329844 0.999994 0.000974744 -0.00268632 -0.000966254 0.999996 0.175404 0.344675 -0.0993863
FixedParameters: 0 0 0

#Transform 152
Transform: AffineTransform_float_3_3
Parameters: 0.999992 -0.00322128 0.00237487 0.00322096 0.999995 0.000152383 -0.00237491 -0.000145617 0.999997 0.16639 0.340728 -0.114291
FixedParameters: 0 0 0

#Transform 153
Transform: AffineTransform_float_3_3
Parameters: 0.999989 -0.00365967 0.00291305 0.00365727 0.999993 0.000775187 -0.00291631 -0.000763808 0.999995 0.180461 0.339141 -0.075339
FixedParameters: 0 0 0

#Transform 154
Transform: AffineTransform_float_3_3
Parameters: 0.999991 -0.00334817 0.00287192 0.00334662 0.999994 0.000866504 -0.00287478 -0.000856496 0.999995 0.171885 0.342868 -0.0624277
FixedParameters: 0 0 0

#Transform 155
Transform: AffineTransform_float_3_3
Parameters: 0.999991 -0.00327963 0.00240742 0.00327839 0.999994 0.00061399 -0.00240997 -0.000606008 0.999997 0.176709 0.328393 -0.0896245
FixedParameters: 0 0 0

#Transform 156
Transform: AffineTransform_float_3_3
Parameters: 0.999992 -0.00346681 0.00230621 0.00346566 0.999994 0.000422576 -0.00230727 -0.000414423 0.999997 0.197059 0.327373 -0.118969
FixedParameters: 0 0 0

#Transform 157
Transform: AffineTransform_float_3_3
Parameters: 0.999992 -0.00343134 0.00239065 0.00342885 0.999994 0.000768784 -0.00239313 -0.000760214 0.999997 0.191466 0.348792 -0.139726
FixedParameters: 0 0 0

#Transform 158
Transform: AffineTransform_float_3_3
Parameters: 0.999992 -0.00352833 0.002161 0.00352761 0.999993 0.000351053 -0.0021616 -0.000342947 0.999997 0.204916 0.332066 -0.133088
FixedParameters: 0 0 0

#Transform 159
Transform: AffineTransform_float_3_3
Parameters: 0.999987 -0.00423873 0.00290253 0.00423941 0.999991 -0.00010925 -0.00290155 0.000121749 0.999996 0.236932 0.343623 -0.162168
FixedParameters: 0 0 0

#Transform 160
Transform: AffineTransform_float_3_3
Parameters: 0.999985 -0.0038833 0.00386692 0.0038838 0.999993 -0.000226416 -0.00386563 0.000241586 0.999992 0.245427 0.326057 -0.103833
FixedParameters: 0 0 0

#Transform 161
Transform: AffineTransform_float_3_3
Parameters: 0.999986 -0.00398813 0.00332052 0.00398751 0.999991 0.000355509 -0.00332185 -0.000342491 0.999994 0.274105 0.317954 -0.121956
FixedParameters: 0 0 0

#Transform 162
Transform: AffineTransform_float_3_3
Parameters: 0.999988 -0.0037595 0.00335074 0.00375796 0.999993 0.000547863 -0.00335244 -0.000536137 0.999994 0.244419 0.326212 -0.121973
FixedParameters: 0 0 0

#Transform 163
Transform: AffineTransform_float_3_3
Parameters: 0.999989 -0.00370021 0.00271376 0.00369978 0.999993 0.000398417 -0.00271522 -0.000387583 0.999996 0.236998 0.343386 -0.148759
FixedParameters: 0 0 0

#Transform 164
Transform: AffineTransform_float_3_3
Parameters: 0.999989 -0.00367324 0.00270117 0.0036719 0.999993 0.000639451 -0.00270346 -0.000629549 0.999996 0.248888 0.351109 -0.152921
FixedParameters: 0 0 0

#Transform 165
Transform: AffineTransform_float_3_3
Parameters: 0.999988 -0.00347593 0.00341853 0.00347331 0.999994 0.000751867 -0.00342042 -0.000740135 0.999994 0.239091 0.356348 -0.118146
FixedParameters: 0 0 0

#Transform 166
Transform: AffineTransform_float_3_3
Parameters: 0.999989 -0.00372669 0.00287045 0.00372429 0.999993 0.000855866 -0.0028735 -0.000845133 0.999995 0.269086 0.356264 -0.142349
FixedParameters: 0 0 0

#Transform 167
Transform: AffineTransform_float_3_3
Parameters: 0.999989 -0.00362242 0.00317915 0.00361838 0.999993 0.00109235 -0.0031828 -0.00108065 0.999995 0.271239 0.357427 -0.159934
FixedParameters: 0 0 0

#Transform 168
Transform: AffineTransform_float_3_3
Parameters: 0.999989 -0.0032197 0.00325367 0.00321578 0.999994 0.00119082 -0.00325748 -0.00118118 0.999994 0.246999 0.338798 -0.0931684
FixedParameters: 0 0 0

#Transform 169
Transform: AffineTransform_float_3_3
Parameters: 0.99999 -0.00338608 0.00285904 0.00338412 0.999994 0.000781721 -0.00286101 -0.00077228 0.999996 0.265536 0.352668 -0.142134
FixedParameters: 0 0 0

#Transform 170
Transform: AffineTransform_float_3_3
Parameters: 0.999988 -0.00349481 0.00348994 0.00349209 0.999994 0.000884182 -0.00349318 -0.000871817 0.999993 0.24306 0.339332 -0.102646
FixedParameters: 0 0 0

#Transform 171
Transform: AffineTransform_float_3_3
Parameters: 0.999988 -0.00379088 0.00302758 0.00378817 0.999993 0.00114344 -0.00303146 -0.00113256 0.999994 0.240973 0.348955 -0.0713846
FixedParameters: 0 0 0

#Transform 172
Transform: AffineTransform_float_3_3
Parameters: 0.999985 -0.00434346 0.00351393 0.00433448 0.999987 0.00271482 -0.00352649 -0.00269918 0.99999 0.265292 0.387504 -0.0948151
FixedParameters: 0 0 0

#Transform 173
Transform: AffineTransform_float_3_3
Parameters: 0.999988 -0.00379648 0.00317071 0.00378908 0.999989 0.00248951 -0.00318007 -0.00247748 0.999992 0.242102 0.388258 -0.0740765
FixedParameters: 0 0 0

#Transform 174
Transform: AffineTransform_float_3_3
Parameters: 0.999988 -0.00394593 0.00281762 0.00393817 0.999988 0.00299994 -0.0028299 -0.00298906 0.999992 0.267234 0.39111 -0.0561007
FixedParameters: 0 0 0

#Transform 175
Transform: AffineTransform_float_3_3
Parameters: 0.999987 -0.0042463 0.00280804 0.00424041 0.999989 0.00207438 -0.00281717 -0.00206262 0.999994 0.260769 0.372041 -0.0770661
FixedParameters: 0 0 0

#Transform 176
Transform: AffineTransform_float_3_3
Parameters: 0.999988 -0.00406225 0.00253882 0.00405834 0.999991 0.00174983 -0.0025464 -0.00173917 0.999995 0.252287 0.364147 -0.0872286
FixedParameters: 0 0 0

#Transform 177
Transform: AffineTransform_float_3_3
Parameters: 0.999987 -0.00441807 0.00280658 0.00441384 0.999989 0.00171335 -0.00281415 -0.00170065 0.999995 0.274276 0.373471 -0.118785
FixedParameters: 0 0 0

#Transform 178
Transform: AffineTransform_float_3_3
Parameters: 0.999986 -0.00425546 0.00312573 0.00424934 0.999989 0.00204991 -0.00313507 -0.00203609 0.999993 0.266465 0.387106 -0.0686693
FixedParameters: 0 0 0

#Transform 179
Transform: AffineTransform_float_3_3
Parameters: 0.999986 -0.00442691 0.00293829 0.00442154 0.999988 0.00211811 -0.00294802 -0.00210489 0.999994 0.270022 0.388365 -0.0755569
FixedParameters: 0 0 0
