#Insight Transform File V1.0
#Transform 0
Transform: AffineTransform_float_3_3
Parameters: 1 -0.000145787 -3.36309e-05 0.000145743 1 -0.000652005 3.3821e-05 0.000651995 1 -0.0450164 0.102681 0.36888
FixedParameters: 0 0 0

#Transform 1
Transform: AffineTransform_float_3_3
Parameters: 1 0.000495867 -0.000111342 -0.000495751 0.999999 0.000520055 0.000111857 -0.000519944 1 0.00673294 0.0624557 -0.0511436
FixedParameters: 0 0 0

#Transform 2
Transform: AffineTransform_float_3_3
Parameters: 0.999999 0.000764238 5.3266e-05 -0.000763417 0.999999 0.0009426 -5.22162e-05 -0.0009434 0.999999 0.00415029 0.118896 -0.142419
FixedParameters: 0 0 0

#Transform 3
Transform: AffineTransform_float_3_3
Parameters: 1 0.000243173 0.000102195 -0.000243269 1 0.000467975 -0.000101967 -0.000468025 1 0.0278302 0.137244 -0.188761
FixedParameters: 0 0 0

#Transform 4
Transform: AffineTransform_float_3_3
Parameters: 0.999999 0.000288837 0.000670439 -0.000288074 1 0.000116807 -0.000670762 -0.000117194 1 0.00488061 0.144793 -0.212388
FixedParameters: 0 0 0

#Transform 5
Transform: AffineTransform_float_3_3
Parameters: 1 -0.000338295 0.000418558 0.000338475 1 -0.000214858 -0.000418412 0.000215142 1 0.00572433 0.136193 -0.265396
FixedParameters: 0 0 0

#Transform 6
Transform: AffineTransform_float_3_3
Parameters: 1 -0.00024507 0.000637688 0.00024479 1 -0.000502844 -0.000637051 0.000503156 0.999999 0.00680367 0.131136 -0.296915
FixedParameters: 0 0 0

#Transform 7
Transform: AffineTransform_float_3_3
Parameters: 0.999999 0.000590054 0.000654289 -0.000590195 1 -0.000595179 -0.000654601 0.000595821 1 0.0428135 0.12673 -0.350424
FixedParameters: 0 0 0

#Transform 8
Transform: AffineTransform_float_3_3
Parameters: 1 0.00017142 0.000554098 -0.000171785 1 -0.000501095 -0.00055388 0.000500905 0.999999 0.0222828 0.147776 -0.30302
FixedParameters: 0 0 0

#Transform 9
Transform: AffineTransform_float_3_3
Parameters: 1 0.000148302 0.000139021 -0.000148014 1 -0.00103502 -0.000139327 0.00103498 1 0.00360099 0.146086 -0.359595
FixedParameters: 0 0 0

#Transform 10
Transform: AffineTransform_float_3_3
Parameters: 1 -2.5666e-05 0.000591204 2.55693e-05 1 -0.000696985 -0.000590777 0.000697015 0.999999 -0.00732564 0.161659 -0.331485
FixedParameters: 0 0 0

#Transform 11
Transform: AffineTransform_float_3_3
Parameters: 0.999999 5.03092e-05 0.000769726 -5.00592e-05 0.999999 -0.000760527 -0.000769412 0.000760474 1 -0.0240083 0.156862 -0.279833
FixedParameters: 0 0 0

#Transform 12
Transform: AffineTransform_float_3_3
Parameters: 1 -0.000198647 0.000384193 0.000198725 1 -0.000101924 -0.000384153 0.000102076 1 0.000998732 0.156209 -0.236071
FixedParameters: 0 0 0

#Transform 13
Transform: AffineTransform_float_3_3
Parameters: 1 7.33795e-06 0.000163108 -7.28836e-06 1 -0.000152001 -0.00016311 0.000151999 1 0.0045218 0.148703 -0.272157
FixedParameters: 0 0 0

#Transform 14
Transform: AffineTransform_float_3_3
Parameters: 0.999999 -0.000265806 0.000775726 0.000266375 1 -0.000366793 -0.00077553 0.000367206 0.999999 0.00790777 0.135605 -0.278391
FixedParameters: 0 0 0

#Transform 15
Transform: AffineTransform_float_3_3
Parameters: 0.999999 -0.000123192 0.00092792 0.00012327 1 -4.2733e-05 -0.000927909 4.2267e-05 0.999999 -0.00779109 0.159726 -0.255577
FixedParameters: 0 0 0

#Transform 16
Transform: AffineTransform_float_3_3
Parameters: 0.999999 -0.000178804 0.000732288 0.000178567 1 -0.000466869 -0.00073173 0.000467131 0.999999 -0.00770968 0.145149 -0.250132
FixedParameters: 0 0 0

#Transform 17
Transform: AffineTransform_float_3_3
Parameters: 1 -0.000133166 0.000443417 0.000133572 1 -0.000456941 -0.000443295 0.000457059 1 0.00519245 0.158388 -0.282949
FixedParameters: 0 0 0

#Transform 18
Transform: AffineTransform_float_3_3
Parameters: 1 -0.000326536 0.00061243 0.000326891 0.999999 -0.000289647 -0.00061224 0.000289353 1 0.000522732 0.154325 -0.279503
FixedParameters: 0 0 0

#Transform 19
Transform: AffineTransform_float_3_3
Parameters: 0.999999 -0.000265559 0.000926783 0.000265697 0.999999 -0.000571601 -0.000926089 0.000571398 0.999999 0.00838162 0.15628 -0.285563
FixedParameters: 0 0 0

#Transform 20
Transform: AffineTransform_float_3_3
Parameters: 0.999999 -0.000469415 0.000843065 0.000469497 1 -0.000826453 -0.000842818 0.00082655 1 0.00430147 0.157527 -0.271695
FixedParameters: 0 0 0

#Transform 21
Transform: AffineTransform_float_3_3
Parameters: 0.999999 -0.000135643 0.000937094 0.000137008 0.999999 -0.00121987 -0.00093637 0.00122013 0.999999 0.0072507 0.163691 -0.341703
FixedParameters: 0 0 0

#Transform 22
Transform: AffineTransform_float_3_3
Parameters: 0.999999 -0.0001856 0.000957356 0.000185937 0.999999 -0.00134182 -0.000956997 0.00134218 0.999998 0.0123045 0.157583 -0.358681
FixedParameters: 0 0 0

#Transform 23
Transform: AffineTransform_float_3_3
Parameters: 0.999999 -0.000421303 0.000954734 0.000422662 0.999999 -0.00160245 -0.000954831 0.00160256 0.999999 0.00860039 0.14602 -0.354113
FixedParameters: 0 0 0

#Transform 24
Transform: AffineTransform_float_3_3
Parameters: 1 -0.000387065 0.00103481 0.000388382 0.999999 -0.00171545 -0.00103362 0.00171555 0.999998 0.0107125 0.147707 -0.35254
FixedParameters: 0 0 0

#Transform 25
Transform: AffineTransform_float_3_3
Parameters: 0.999999 -9.94406e-05 0.000764637 0.000101111 0.999996 -0.00255192 -0.000764265 0.00255207 0.999996 0.0160846 0.164325 -0.359883
FixedParameters: 0 0 0

#Transform 26
Transform: AffineTransform_float_3_3
Parameters: 1 -0.000211402 0.00059936 0.000213195 0.999996 -0.00259087 -0.00059879 0.00259112 0.999996 0.0198563 0.148561 -0.430628
FixedParameters: 0 0 0

#Transform 27
Transform: AffineTransform_float_3_3
Parameters: 0.999999 -0.000476674 0.000822914 0.000478899 0.999996 -0.00294846 -0.000821156 0.00294855 0.999996 0.0200961 0.146918 -0.457291
FixedParameters: 0 0 0

#Transform 28
Transform: AffineTransform_float_3_3
Parameters: 0.999999 -0.000512592 0.00115284 0.000515912 0.999994 -0.00314825 -0.00115119 0.00314874 0.999994 0.0210235 0.148697 -0.445431
FixedParameters: 0 0 0

#Transform 29
Transform: AffineTransform_float_3_3
Parameters: 1 -0.000494175 0.000941625 0.000497284 0.999995 -0.00325254 -0.00094038 0.00325347 0.999995 0.0155443 0.168048 -0.425521
FixedParameters: 0 0 0

#Transform 30
Transform: AffineTransform_float_3_3
Parameters: 1 -0.000435886 0.000996935 0.0004383 0.999996 -0.00299041 -0.000994989 0.00299059 0.999995 0.0236218 0.163294 -0.469608
FixedParameters: 0 0 0

#Transform 31
Transform: AffineTransform_float_3_3
Parameters: 1 -0.000442067 0.00106073 0.000445039 0.999995 -0.00325653 -0.00105943 0.00325747 0.999994 0.00656729 0.151312 -0.48706
FixedParameters: 0 0 0

#Transform 32
Transform: AffineTransform_float_3_3
Parameters: 1 -0.000651709 0.0010286 0.000655223 0.999995 -0.00317569 -0.00102643 0.00317631 0.999994 0.0059099 0.165618 -0.453466
FixedParameters: 0 0 0

#Transform 33
Transform: AffineTransform_float_3_3
Parameters: 0.999999 -0.000595816 0.00133431 0.00060044 0.999995 -0.00320905 -0.00133206 0.00320995 0.999994 0.0171451 0.163189 -0.497263
FixedParameters: 0 0 0

#Transform 34
Transform: AffineTransform_float_3_3
Parameters: 0.999999 -0.000614524 0.00108695 0.000618628 0.999994 -0.00345533 -0.00108559 0.00345667 0.999993 0.000112273 0.153765 -0.495126
FixedParameters: 0 0 0

#Transform 35
Transform: AffineTransform_float_3_3
Parameters: 1 -0.000523569 0.000986294 0.000528072 0.999993 -0.00381469 -0.000984263 0.00381431 0.999992 -0.00744233 0.170697 -0.455729
FixedParameters: 0 0 0

#Transform 36
Transform: AffineTransform_float_3_3
Parameters: 1 -0.000264862 0.000962485 0.000268613 0.999992 -0.00399359 -0.000961944 0.00399341 0.999991 0.029129 0.164636 -0.529446
FixedParameters: 0 0 0

#Transform 37
Transform: AffineTransform_float_3_3
Parameters: 0.999999 -0.00051922 0.000651461 0.00052117 0.999993 -0.00381502 -0.000649472 0.00381498 0.999992 0.00565492 0.175282 -0.429933
FixedParameters: 0 0 0

#Transform 38
Transform: AffineTransform_float_3_3
Parameters: 1 0.000286281 0.00102633 -0.000282129 0.999991 -0.00426393 -0.0010268 0.00426407 0.999991 0.011509 0.152882 -0.647915
FixedParameters: 0 0 0

#Transform 39
Transform: AffineTransform_float_3_3
Parameters: 0.999999 -0.000994836 0.00116177 0.00100067 0.999988 -0.00488405 -0.00115729 0.00488495 0.999987 0.0405114 0.159096 -0.685351
FixedParameters: 0 0 0

#Transform 40
Transform: AffineTransform_float_3_3
Parameters: 0.999999 -0.0007172 0.00132339 0.0007236 0.999987 -0.00504889 -0.00131969 0.0050501 0.999986 -0.00983332 0.162614 -0.57046
FixedParameters: 0 0 0

#Transform 41
Transform: AffineTransform_float_3_3
Parameters: 0.999999 -0.00049296 0.00149486 0.00050101 0.999986 -0.0051981 -0.00149195 0.00519889 0.999985 0.0247124 0.137038 -0.716036
FixedParameters: 0 0 0

#Transform 42
Transform: AffineTransform_float_3_3
Parameters: 0.999998 -0.00115375 0.00167941 0.00116243 0.999985 -0.00528475 -0.00167311 0.00528725 0.999985 0.0184511 0.171749 -0.605636
FixedParameters: 0 0 0

#Transform 43
Transform: AffineTransform_float_3_3
Parameters: 0.999998 -0.000833077 0.00181085 0.000843651 0.999983 -0.00567518 -0.00180689 0.00567682 0.999982 0.00531961 0.164536 -0.65304
FixedParameters: 0 0 0

#Transform 44
Transform: AffineTransform_float_3_3
Parameters: 0.999998 -0.00114693 0.00169444 0.00115637 0.999984 -0.00557611 -0.00168845 0.00557789 0.999983 0.00916178 0.168089 -0.636499
FixedParameters: 0 0 0

#Transform 45
Transform: AffineTransform_float_3_3
Parameters: 0.999998 -0.000972674 0.00186413 0.000983049 0.999984 -0.00546087 -0.001859 0.00546313 0.999983 0.0180933 0.159037 -0.714807
FixedParameters: 0 0 0

#Transform 46
Transform: AffineTransform_float_3_3
Parameters: 0.999998 -0.00149029 0.0014427 0.00149931 0.999981 -0.00604406 -0.00143411 0.00604695 0.999981 0.040544 0.152308 -0.753324
FixedParameters: 0 0 0

#Transform 47
Transform: AffineTransform_float_3_3
Parameters: 0.999997 -0.00128749 0.00204198 0.00129959 0.999982 -0.00582927 -0.00203389 0.00583173 0.999981 -0.00121958 0.179273 -0.630483
FixedParameters: 0 0 0

#Transform 48
Transform: AffineTransform_float_3_3
Parameters: 0.999999 -0.000451101 0.00169082 0.000461114 0.999978 -0.00661172 -0.00168824 0.00661328 0.999977 0.0704295 0.156107 -0.874434
FixedParameters: 0 0 0

#Transform 49
Transform: AffineTransform_float_3_3
Parameters: 1 -0.0010909 9.58071e-05 0.00109101 0.99997 -0.00763526 -8.72935e-05 0.00763474 0.999971 0.232988 0.140543 -1.04173
FixedParameters: 0 0 0

#Transform 50
Transform: AffineTransform_float_3_3
Parameters: 0.999997 -0.00245647 0.000379964 0.00246012 0.999955 -0.00911396 -0.000357746 0.00911503 0.999959 0.22922 0.186795 -1.01207
FixedParameters: 0 0 0

#Transform 51
Transform: AffineTransform_float_3_3
Parameters: 0.999996 -0.00256124 0.00105113 0.00256905 0.999966 -0.00787777 -0.00103096 0.00788023 0.999968 0.145466 0.187379 -0.93035
FixedParameters: 0 0 0

#Transform 52
Transform: AffineTransform_float_3_3
Parameters: 0.999997 -0.00231912 0.00141122 0.00232929 0.99997 -0.00739602 -0.00139407 0.00739897 0.999971 0.103303 0.178813 -0.899977
FixedParameters: 0 0 0

#Transform 53
Transform: AffineTransform_float_3_3
Parameters: 0.999997 -0.00191129 0.00151915 0.00192312 0.999967 -0.00788803 -0.00150443 0.00789097 0.999967 0.122423 0.165455 -1.02873
FixedParameters: 0 0 0

#Transform 54
Transform: AffineTransform_float_3_3
Parameters: 0.999996 -0.00220597 0.00141486 0.0022174 0.999963 -0.00829418 -0.00139593 0.00829682 0.999964 0.154693 0.161281 -1.05111
FixedParameters: 0 0 0

#Transform 55
Transform: AffineTransform_float_3_3
Parameters: 0.999996 -0.00243876 0.00158739 0.00245064 0.999966 -0.00777627 -0.00156897 0.00777972 0.999968 0.131102 0.157595 -1.02322
FixedParameters: 0 0 0

#Transform 56
Transform: AffineTransform_float_3_3
Parameters: 0.999995 -0.00275057 0.00143143 0.00276224 0.999967 -0.00772973 -0.00141051 0.00773327 0.999969 0.13924 0.169559 -0.999765
FixedParameters: 0 0 0

#Transform 57
Transform: AffineTransform_float_3_3
Parameters: 0.999997 -0.00234447 0.00123912 0.00235447 0.999964 -0.0081554 -0.00121934 0.0081576 0.999966 0.127671 0.181694 -0.995845
FixedParameters: 0 0 0

#Transform 58
Transform: AffineTransform_float_3_3
Parameters: 0.999997 -0.00229155 0.00135616 0.00230198 0.999966 -0.00793884 -0.00133784 0.00794217 0.999968 0.132974 0.170774 -1.00906
FixedParameters: 0 0 0

#Transform 59
Transform: AffineTransform_float_3_3
Parameters: 0.999997 -0.00181306 0.00133674 0.0018226 0.999971 -0.00732115 -0.00132328 0.00732385 0.999972 0.0921107 0.195663 -0.874531
FixedParameters: 0 0 0

#Transform 60
Transform: AffineTransform_float_3_3
Parameters: 0.999997 -0.00206492 0.0011348 0.00207368 0.999966 -0.0079966 -0.00111841 0.00799841 0.999968 0.12315 0.199602 -0.879593
FixedParameters: 0 0 0

#Transform 61
Transform: AffineTransform_float_3_3
Parameters: 0.999999 -0.00124486 0.00119947 0.0012538 0.999973 -0.00724407 -0.00119085 0.00724493 0.999973 0.0742541 0.194069 -0.807648
FixedParameters: 0 0 0

#Transform 62
Transform: AffineTransform_float_3_3
Parameters: 0.999998 -0.00176857 0.000647045 0.00177394 0.999968 -0.00774959 -0.000632868 0.00775042 0.99997 0.213708 0.17122 -0.960086
FixedParameters: 0 0 0

#Transform 63
Transform: AffineTransform_float_3_3
Parameters: 0.999996 -0.00265412 0.00117126 0.00266241 0.999972 -0.00692835 -0.00115283 0.00693165 0.999975 0.192819 0.204408 -0.82882
FixedParameters: 0 0 0

#Transform 64
Transform: AffineTransform_float_3_3
Parameters: 0.999997 -0.00223646 0.00116935 0.00224431 0.99997 -0.00736732 -0.00115305 0.00736967 0.999972 0.107845 0.203433 -0.853322
FixedParameters: 0 0 0

#Transform 65
Transform: AffineTransform_float_3_3
Parameters: 0.999997 -0.00219309 0.00111596 0.00220168 0.99997 -0.00746749 -0.00109932 0.00746951 0.999972 0.106516 0.200894 -0.861393
FixedParameters: 0 0 0

#Transform 66
Transform: AffineTransform_float_3_3
Parameters: 0.999997 -0.00213221 0.00125667 0.0021413 0.999972 -0.00718826 -0.00124174 0.00719075 0.999974 0.0817843 0.207223 -0.837738
FixedParameters: 0 0 0

#Transform 67
Transform: AffineTransform_float_3_3
Parameters: 0.999997 -0.00201065 0.00153666 0.00202308 0.999969 -0.00769469 -0.00152155 0.00769731 0.99997 0.12671 0.196132 -0.936535
FixedParameters: 0 0 0

#Transform 68
Transform: AffineTransform_float_3_3
Parameters: 0.999996 -0.00244052 0.000942506 0.00244729 0.999965 -0.00802916 -0.000922586 0.00803084 0.999967 0.184926 0.190923 -0.903282
FixedParameters: 0 0 0

#Transform 69
Transform: AffineTransform_float_3_3
Parameters: 0.999998 -0.00187232 0.000582895 0.00187564 0.99998 -0.00614279 -0.000571306 0.00614421 0.999981 0.0784603 0.188242 -0.662679
FixedParameters: 0 0 0

#Transform 70
Transform: AffineTransform_float_3_3
Parameters: 0.999999 -0.00151232 0.000917302 0.0015184 0.999981 -0.00597797 -0.000907996 0.00598002 0.999982 0.0364449 0.202525 -0.619277
FixedParameters: 0 0 0

#Transform 71
Transform: AffineTransform_float_3_3
Parameters: 0.999997 -0.0020699 0.00116855 0.00207918 0.999966 -0.00798768 -0.00115211 0.00799033 0.999967 0.0932472 0.185649 -0.903999
FixedParameters: 0 0 0

#Transform 72
Transform: AffineTransform_float_3_3
Parameters: 0.999997 -0.00187949 0.00142232 0.00189005 0.999971 -0.00737626 -0.0014086 0.00737874 0.999971 0.0403696 0.218441 -0.788801
FixedParameters: 0 0 0

#Transform 73
Transform: AffineTransform_float_3_3
Parameters: 0.999997 -0.00179226 0.00135632 0.00180229 0.999967 -0.00788214 -0.00134167 0.00788485 0.999968 0.10259 0.191033 -0.985886
FixedParameters: 0 0 0

#Transform 74
Transform: AffineTransform_float_3_3
Parameters: 0.999997 -0.00238108 0.000813478 0.00238752 0.999961 -0.00854832 -0.000792429 0.00855069 0.999963 0.158771 0.196186 -0.981555
FixedParameters: 0 0 0

#Transform 75
Transform: AffineTransform_float_3_3
Parameters: 0.999997 -0.0022897 0.00077263 0.0022965 0.999964 -0.00811633 -0.000753674 0.00811767 0.999967 0.107245 0.217779 -0.918955
FixedParameters: 0 0 0

#Transform 76
Transform: AffineTransform_float_3_3
Parameters: 0.999997 -0.00216841 0.00116746 0.002178 0.999963 -0.00830742 -0.00114897 0.0083096 0.999965 0.0893983 0.213251 -0.963495
FixedParameters: 0 0 0

#Transform 77
Transform: AffineTransform_float_3_3
Parameters: 0.999996 -0.00258199 0.00116156 0.002592 0.999963 -0.00824946 -0.00114004 0.00825254 0.999965 0.0890368 0.207595 -1.00338
FixedParameters: 0 0 0

#Transform 78
Transform: AffineTransform_float_3_3
Parameters: 0.999995 -0.00259121 0.00144646 0.002603 0.999961 -0.00846756 -0.0014243 0.00847144 0.999963 0.0885966 0.208386 -1.05825
FixedParameters: 0 0 0

#Transform 79
Transform: AffineTransform_float_3_3
Parameters: 0.999996 -0.00250781 0.00136501 0.00251818 0.999963 -0.00830689 -0.00134417 0.00831013 0.999965 0.0826083 0.20323 -1.0638
FixedParameters: 0 0 0

#Transform 80
Transform: AffineTransform_float_3_3
Parameters: 0.999994 -0.00272371 0.00177496 0.00273738 0.999967 -0.00768368 -0.00175443 0.00768833 0.999969 0.0823936 0.198935 -0.987004
FixedParameters: 0 0 0

#Transform 81
Transform: AffineTransform_float_3_3
Parameters: 0.999996 -0.00261847 0.00146644 0.00263103 0.99996 -0.00862383 -0.001443 0.00862717 0.999962 0.0892362 0.205008 -1.07129
FixedParameters: 0 0 0

#Transform 82
Transform: AffineTransform_float_3_3
Parameters: 0.999996 -0.00256432 0.00163395 0.00257802 0.999962 -0.00836048 -0.00161239 0.00836453 0.999964 0.0877396 0.197131 -1.02234
FixedParameters: 0 0 0

#Transform 83
Transform: AffineTransform_float_3_3
Parameters: 0.999996 -0.00236328 0.00159505 0.00237686 0.999964 -0.00815437 -0.00157508 0.00815762 0.999965 0.0717951 0.208437 -1.01574
FixedParameters: 0 0 0

#Transform 84
Transform: AffineTransform_float_3_3
Parameters: 0.999996 -0.00261955 0.00150161 0.00263256 0.99996 -0.00856637 -0.00147845 0.00857063 0.999962 0.0893483 0.214783 -1.01898
FixedParameters: 0 0 0

#Transform 85
Transform: AffineTransform_float_3_3
Parameters: 0.999996 -0.00237091 0.00118828 0.00238048 0.999964 -0.00809313 -0.00116968 0.00809588 0.999967 0.0708405 0.212675 -1.0092
FixedParameters: 0 0 0

#Transform 86
Transform: AffineTransform_float_3_3
Parameters: 0.999996 -0.00225106 0.00131375 0.00226103 0.999966 -0.00802235 -0.00129571 0.00802466 0.999967 0.0510985 0.204151 -0.995911
FixedParameters: 0 0 0

#Transform 87
Transform: AffineTransform_float_3_3
Parameters: 0.999995 -0.00240186 0.00171691 0.00241621 0.999963 -0.00829703 -0.00169706 0.00830099 0.999965 0.0534405 0.20916 -1.00051
FixedParameters: 0 0 0

#Transform 88
Transform: AffineTransform_float_3_3
Parameters: 0.999996 -0.0025279 0.00139677 0.00253927 0.999965 -0.00800277 -0.0013766 0.00800623 0.999967 0.0576628 0.207051 -0.978341
FixedParameters: 0 0 0

#Transform 89
Transform: AffineTransform_float_3_3
Parameters: 0.999997 -0.0021591 0.00154284 0.00217142 0.999963 -0.00831561 -0.00152512 0.0083194 0.999964 0.0812562 0.199626 -1.08014
FixedParameters: 0 0 0

#Transform 90
Transform: AffineTransform_float_3_3
Parameters: 0.999994 -0.00307302 0.00157968 0.00308655 0.999959 -0.00852033 -0.0015531 0.00852566 0.999962 0.0785798 0.223035 -1.00762
FixedParameters: 0 0 0

#Transform 91
Transform: AffineTransform_float_3_3
Parameters: 0.999996 -0.00206426 0.00220321 0.0020807 0.99997 -0.00740891 -0.00218739 0.00741308 0.99997 -0.00298412 0.235176 -0.714123
FixedParameters: 0 0 0

#Transform 92
Transform: AffineTransform_float_3_3
Parameters: 0.999997 -0.00181734 0.0017734 0.00183316 0.999958 -0.00899919 -0.00175767 0.00900281 0.999958 0.0750682 0.214029 -1.09099
FixedParameters: 0 0 0

#Transform 93
Transform: AffineTransform_float_3_3
Parameters: 0.999996 -0.00222433 0.00138419 0.00223676 0.999954 -0.00927786 -0.00136332 0.00928113 0.999956 0.109996 0.225536 -1.11016
FixedParameters: 0 0 0

#Transform 94
Transform: AffineTransform_float_3_3
Parameters: 0.999997 -0.00209838 0.00125078 0.00210838 0.999963 -0.00843932 -0.00123343 0.00844169 0.999964 0.0815175 0.254782 -0.872693
FixedParameters: 0 0 0

#Transform 95
Transform: AffineTransform_float_3_3
Parameters: 0.999997 -0.00163884 0.00146534 0.00164963 0.999975 -0.00696153 -0.00145469 0.00696348 0.999974 0.0446874 0.231112 -0.897462
FixedParameters: 0 0 0

#Transform 96
Transform: AffineTransform_float_3_3
Parameters: 0.999996 -0.00260431 0.00129343 0.00261524 0.999962 -0.00827093 -0.00127195 0.00827406 0.999965 0.176278 0.214878 -1.07727
FixedParameters: 0 0 0

#Transform 97
Transform: AffineTransform_float_3_3
Parameters: 0.999997 -0.00242761 0.00126091 0.00243891 0.999962 -0.0084774 -0.00124043 0.00848061 0.999963 0.109644 0.246727 -0.805706
FixedParameters: 0 0 0

#Transform 98
Transform: AffineTransform_float_3_3
Parameters: 0.999998 -0.00142102 0.0014469 0.00143137 0.999973 -0.00726815 -0.00143578 0.00727085 0.999973 0.0247424 0.25107 -0.766937
FixedParameters: 0 0 0

#Transform 99
Transform: AffineTransform_float_3_3
Parameters: 0.999996 -0.00211719 0.00178875 0.00213074 0.999969 -0.007656 -0.00177321 0.00766001 0.999969 0.0969613 0.224917 -1.01349
FixedParameters: 0 0 0

#Transform 100
Transform: AffineTransform_float_3_3
Parameters: 0.999995 -0.00261163 0.00177314 0.00262595 0.999959 -0.00862288 -0.00175047 0.00862712 0.999961 0.156627 0.230213 -1.037
FixedParameters: 0 0 0

#Transform 101
Transform: AffineTransform_float_3_3
Parameters: 0.999992 -0.00332393 0.00194241 0.00334118 0.999952 -0.0092178 -0.00191121 0.00922421 0.999956 0.115344 0.245702 -1.04137
FixedParameters: 0 0 0

#Transform 102
Transform: AffineTransform_float_3_3
Parameters: 0.999992 -0.00284255 0.00288723 0.00286874 0.999953 -0.00933404 -0.00286026 0.00934197 0.999953 0.0923968 0.223788 -1.20165
FixedParameters: 0 0 0

#Transform 103
Transform: AffineTransform_float_3_3
Parameters: 0.99999 -0.00327629 0.00279188 0.00330332 0.999948 -0.00966862 -0.00276036 0.00967838 0.99995 0.105179 0.232645 -1.23472
FixedParameters: 0 0 0

#Transform 104
Transform: AffineTransform_float_3_3
Parameters: 0.999987 -0.00365676 0.00334954 0.00368671 0.99995 -0.00927529 -0.00331563 0.00928771 0.999951 0.0724284 0.239497 -1.21297
FixedParameters: 0 0 0

#Transform 105
Transform: AffineTransform_float_3_3
Parameters: 0.999988 -0.00345018 0.00329638 0.00348207 0.999948 -0.0096628 -0.00326268 0.0096742 0.999948 0.071973 0.22677 -1.2787
FixedParameters: 0 0 0

#Transform 106
Transform: AffineTransform_float_3_3
Parameters: 0.999992 -0.00312161 0.0027482 0.00314835 0.999947 -0.0098652 -0.00271714 0.00987382 0.999948 0.136796 0.212634 -1.3284
FixedParameters: 0 0 0

#Transform 107
Transform: AffineTransform_float_3_3
Parameters: 0.99999 -0.00354864 0.00268818 0.00357399 0.999949 -0.00946196 -0.00265458 0.00947104 0.999951 0.08716 0.224862 -1.26617
FixedParameters: 0 0 0

#Transform 108
Transform: AffineTransform_float_3_3
Parameters: 0.999989 -0.00375117 0.00303773 0.00378171 0.999943 -0.0100123 -0.00299953 0.0100237 0.999945 0.0957801 0.232205 -1.33111
FixedParameters: 0 0 0

#Transform 109
Transform: AffineTransform_float_3_3
Parameters: 0.999988 -0.00365428 0.00307013 0.00368514 0.999944 -0.00989012 -0.00303384 0.00990188 0.999946 0.0801858 0.246396 -1.30934
FixedParameters: 0 0 0

#Transform 110
Transform: AffineTransform_float_3_3
Parameters: 0.999987 -0.00357958 0.00363759 0.00361515 0.999947 -0.00967684 -0.00360322 0.00969016 0.999947 0.0603935 0.262797 -1.28873
FixedParameters: 0 0 0

#Transform 111
Transform: AffineTransform_float_3_3
Parameters: 0.99999 -0.00322811 0.00304997 0.00325939 0.999941 -0.0103486 -0.00301613 0.0103584 0.999942 0.13917 0.262719 -1.324
FixedParameters: 0 0 0

#Transform 112
Transform: AffineTransform_float_3_3
Parameters: 0.999989 -0.00371559 0.00305733 0.00374493 0.999944 -0.00983619 -0.00301985 0.0098468 0.999947 0.106076 0.26572 -1.24069
FixedParameters: 0 0 0

#Transform 113
Transform: AffineTransform_float_3_3
Parameters: 0.999989 -0.00356047 0.00281111 0.00358939 0.99994 -0.0103681 -0.0027746 0.0103789 0.999943 0.103325 0.267849 -1.28235
FixedParameters: 0 0 0

#Transform 114
Transform: AffineTransform_float_3_3
Parameters: 0.999987 -0.00362807 0.0033819 0.00365982 0.999948 -0.00951376 -0.00334768 0.00952625 0.999949 0.0719512 0.273362 -1.14271
FixedParameters: 0 0 0

#Transform 115
Transform: AffineTransform_float_3_3
Parameters: 0.999991 -0.0029267 0.00304969 0.00295615 0.999946 -0.00993417 -0.00302048 0.00994284 0.999946 0.130032 0.251973 -1.29315
FixedParameters: 0 0 0

#Transform 116
Transform: AffineTransform_float_3_3
Parameters: 0.99999 -0.00369095 0.00261866 0.00371678 0.999945 -0.0097842 -0.00258221 0.0097928 0.999949 0.176178 0.271489 -1.24873
FixedParameters: 0 0 0

#Transform 117
Transform: AffineTransform_float_3_3
Parameters: 0.999988 -0.0041439 0.00283892 0.00417111 0.999946 -0.00954783 -0.00279922 0.00955917 0.99995 0.113099 0.280408 -1.19157
FixedParameters: 0 0 0

#Transform 118
Transform: AffineTransform_float_3_3
Parameters: 0.999987 -0.00399315 0.00318343 0.00402512 0.999943 -0.00996336 -0.00314351 0.00997665 0.999945 0.0862125 0.272854 -1.24887
FixedParameters: 0 0 0

#Transform 119
Transform: AffineTransform_float_3_3
Parameters: 0.999987 -0.00355973 0.00358725 0.0035946 0.999945 -0.00984446 -0.00355169 0.00985655 0.999945 0.0585846 0.266221 -1.27059
FixedParameters: 0 0 0

#Transform 120
Transform: AffineTransform_float_3_3
Parameters: 0.999988 -0.00339608 0.00350635 0.0034327 0.999938 -0.0105697 -0.0034705 0.0105823 0.999938 0.141695 0.241984 -1.3455
FixedParameters: 0 0 0

#Transform 121
Transform: AffineTransform_float_3_3
Parameters: 0.999982 -0.00429338 0.00417227 0.00431769 0.999973 -0.00590194 -0.00414666 0.00592007 0.999974 0.139629 0.317399 -0.725985
FixedParameters: 0 0 0

#Transform 122
Transform: AffineTransform_float_3_3
Parameters: 0.999986 -0.00388182 0.00342841 0.003911 0.999954 -0.00875645 -0.00339384 0.00876956 0.999956 0.0941984 0.277919 -0.907377
FixedParameters: 0 0 0

#Transform 123
Transform: AffineTransform_float_3_3
Parameters: 0.999987 -0.00331758 0.0039013 0.00334944 0.999961 -0.0082504 -0.0038738 0.00826362 0.999959 -0.000681348 0.307014 -0.918403
FixedParameters: 0 0 0

#Transform 124
Transform: AffineTransform_float_3_3
Parameters: 0.999985 -0.00324118 0.00457679 0.00327833 0.999961 -0.00825487 -0.00454906 0.00826914 0.999955 0.0149301 0.266097 -1.10207
FixedParameters: 0 0 0

#Transform 125
Transform: AffineTransform_float_3_3
Parameters: 0.999986 -0.0032044 0.00415503 0.00324443 0.999947 -0.00973234 -0.00412387 0.00974567 0.999944 0.173066 0.156447 -1.71804
FixedParameters: 0 0 0

#Transform 126
Transform: AffineTransform_float_3_3
Parameters: 0.999984 -0.00425673 0.0035432 0.00429474 0.99993 -0.0109672 -0.0034957 0.0109817 0.999933 0.178962 0.236173 -1.69597
FixedParameters: 0 0 0

#Transform 127
Transform: AffineTransform_float_3_3
Parameters: 0.999977 -0.00492373 0.00479416 0.00497431 0.99993 -0.0107674 -0.00474135 0.0107906 0.999931 0.100828 0.305086 -1.48254
FixedParameters: 0 0 0

#Transform 128
Transform: AffineTransform_float_3_3
Parameters: 0.999977 -0.00442483 0.00517515 0.00448093 0.99993 -0.0109232 -0.00512655 0.0109458 0.999927 0.0825479 0.293352 -1.50073
FixedParameters: 0 0 0

#Transform 129
Transform: AffineTransform_float_3_3
Parameters: 0.999982 -0.00379412 0.00467502 0.00384621 0.999932 -0.0110305 -0.00463326 0.0110485 0.999928 0.168728 0.263964 -1.55368
FixedParameters: 0 0 0

#Transform 130
Transform: AffineTransform_float_3_3
Parameters: 0.999976 -0.00490554 0.00475526 0.00495754 0.999929 -0.0108689 -0.0047013 0.0108921 0.999929 0.158227 0.303467 -1.47052
FixedParameters: 0 0 0

#Transform 131
Transform: AffineTransform_float_3_3
Parameters: 0.999978 -0.00494949 0.0045621 0.00499878 0.999928 -0.0109338 -0.00450696 0.0109562 0.999929 0.083523 0.306731 -1.41054
FixedParameters: 0 0 0

#Transform 132
Transform: AffineTransform_float_3_3
Parameters: 0.999981 -0.00373766 0.00500225 0.00378351 0.99995 -0.00926526 -0.00496811 0.00928375 0.999945 0.0390894 0.293498 -1.36637
FixedParameters: 0 0 0

#Transform 133
Transform: AffineTransform_float_3_3
Parameters: 0.99998 -0.00347806 0.00527154 0.0035381 0.999929 -0.0114447 -0.00523078 0.0114633 0.999921 0.0744642 0.273139 -1.5075
FixedParameters: 0 0 0

#Transform 134
Transform: AffineTransform_float_3_3
Parameters: 0.999982 -0.0035285 0.00498542 0.00358299 0.999933 -0.0110018 -0.00494683 0.0110202 0.999927 0.0276108 0.317382 -1.43132
FixedParameters: 0 0 0

#Transform 135
Transform: AffineTransform_float_3_3
Parameters: 0.999986 -0.0022782 0.00481417 0.00230348 0.999983 -0.00533521 -0.00480252 0.0053468 0.999975 -0.0640724 0.326158 -1.03618
FixedParameters: 0 0 0

#Transform 136
Transform: AffineTransform_float_3_3
Parameters: 0.999962 -0.00170845 0.0084706 0.0017579 0.999981 -0.00584331 -0.00845968 0.00585769 0.999947 -0.10935 0.229426 -0.745796
FixedParameters: 0 0 0

#Transform 137
Transform: AffineTransform_float_3_3
Parameters: 0.999976 -0.00244292 0.00659132 0.00249679 0.999964 -0.00820873 -0.00657114 0.00822529 0.999945 -0.0744441 0.291418 -1.08457
FixedParameters: 0 0 0

#Transform 138
Transform: AffineTransform_float_3_3
Parameters: 0.999973 -0.0021614 0.00699793 0.00222057 0.999962 -0.00843913 -0.00697937 0.00845387 0.99994 -0.106244 0.315059 -1.05601
FixedParameters: 0 0 0

#Transform 139
Transform: AffineTransform_float_3_3
Parameters: 0.999972 -0.00283484 0.00688988 0.00289934 0.999952 -0.00928401 -0.00686293 0.00930399 0.999933 -0.041394 0.321453 -1.12887
FixedParameters: 0 0 0

#Transform 140
Transform: AffineTransform_float_3_3
Parameters: 0.999975 -0.0022273 0.00681727 0.00229062 0.999954 -0.00928721 -0.00679624 0.00930278 0.999934 -0.0850796 0.328192 -1.10885
FixedParameters: 0 0 0

#Transform 141
Transform: AffineTransform_float_3_3
Parameters: 0.99997 -0.00268143 0.00719169 0.00275466 0.999944 -0.0102162 -0.00716354 0.0102358 0.999922 0.014378 0.304818 -1.24743
FixedParameters: 0 0 0

#Transform 142
Transform: AffineTransform_float_3_3
Parameters: 0.999972 -0.00323337 0.00677846 0.00330203 0.999943 -0.0101157 -0.0067452 0.0101383 0.999926 -0.00338525 0.34179 -1.10959
FixedParameters: 0 0 0

#Transform 143
Transform: AffineTransform_float_3_3
Parameters: 0.999973 -0.00261573 0.00683619 0.00268384 0.999947 -0.00992143 -0.00680927 0.00993956 0.999927 -0.0805932 0.343643 -1.07198
FixedParameters: 0 0 0

#Transform 144
Transform: AffineTransform_float_3_3
Parameters: 0.999967 -0.00236488 0.00776147 0.0024373 0.999953 -0.00942635 -0.00773913 0.00944566 0.999925 -0.105713 0.362117 -1.04444
FixedParameters: 0 0 0

#Transform 145
Transform: AffineTransform_float_3_3
Parameters: 0.999972 -0.00301851 0.00683731 0.00308007 0.999955 -0.0090058 -0.00680945 0.00902722 0.999936 0.0578432 0.342587 -1.0837
FixedParameters: 0 0 0

#Transform 146
Transform: AffineTransform_float_3_3
Parameters: 0.999973 -0.00342955 0.00638848 0.00348279 0.999958 -0.00838015 -0.00635981 0.00840184 0.999944 0.0422991 0.362921 -0.979719
FixedParameters: 0 0 0

#Transform 147
Transform: AffineTransform_float_3_3
Parameters: 0.99997 -0.00374626 0.00687607 0.00381336 0.999946 -0.00967502 -0.00684008 0.00970099 0.99993 -0.0183248 0.358256 -1.07658
FixedParameters: 0 0 0

#Transform 148
Transform: AffineTransform_float_3_3
Parameters: 0.999979 -0.00239351 0.00600269 0.00244246 0.999964 -0.00815631 -0.00598374 0.0081707 0.999949 -0.102055 0.33131 -0.892527
FixedParameters: 0 0 0

#Transform 149
Transform: AffineTransform_float_3_3
Parameters: 0.999977 -0.00243536 0.0063525 0.00249413 0.999954 -0.0092475 -0.00632979 0.0092635 0.999937 -0.111002 0.34099 -0.963096
FixedParameters: 0 0 0

#Transform 150
Transform: AffineTransform_float_3_3
Parameters: 0.999976 -0.0021815 0.0065648 0.00224185 0.999954 -0.00924776 -0.00654469 0.00926224 0.999936 -0.110774 0.343032 -0.983006
FixedParameters: 0 0 0

#Transform 151
Transform: AffineTransform_float_3_3
Parameters: 0.999976 -0.00256481 0.00643458 0.00262785 0.999949 -0.00977067 -0.00640831 0.00978734 0.999932 0.00148318 0.32552 -1.12981
FixedParameters: 0 0 0

#Transform 152
Transform: AffineTransform_float_3_3
Parameters: 0.999976 -0.00248484 0.00649489 0.00254477 0.999954 -0.00920567 -0.00647107 0.00922233 0.999937 -0.0342292 0.325819 -1.08352
FixedParameters: 0 0 0

#Transform 153
Transform: AffineTransform_float_3_3
Parameters: 0.999971 -0.00272798 0.00701545 0.00279869 0.999946 -0.0100024 -0.0069882 0.0100216 0.999925 -0.00152558 0.331501 -1.1556
FixedParameters: 0 0 0

#Transform 154
Transform: AffineTransform_float_3_3
Parameters: 0.999975 -0.00286156 0.00650041 0.00292611 0.999947 -0.00990914 -0.00647119 0.00992787 0.99993 -0.0313798 0.33877 -1.08144
FixedParameters: 0 0 0

#Transform 155
Transform: AffineTransform_float_3_3
Parameters: 0.999977 -0.00371288 0.00578253 0.00377652 0.999934 -0.0108883 -0.00574195 0.0109097 0.999924 0.0213919 0.359782 -1.12204
FixedParameters: 0 0 0

#Transform 156
Transform: AffineTransform_float_3_3
Parameters: 0.999984 -0.002706 0.0049251 0.00276807 0.999915 -0.0126726 -0.00489005 0.0126854 0.999908 -0.0502633 0.372414 -1.18137
FixedParameters: 0 0 0

#Transform 157
Transform: AffineTransform_float_3_3
Parameters: 0.99998 -0.00304149 0.00565401 0.00311674 0.999907 -0.0133234 -0.00561287 0.0133406 0.999895 0.034402 0.391274 -1.27502
FixedParameters: 0 0 0

#Transform 158
Transform: AffineTransform_float_3_3
Parameters: 0.999984 -0.00235535 0.00525786 0.00241686 0.999929 -0.0116694 -0.00523057 0.0116826 0.999918 -0.0309892 0.383182 -1.07092
FixedParameters: 0 0 0

#Transform 159
Transform: AffineTransform_float_3_3
Parameters: 0.999977 -0.00255684 0.00637103 0.00263472 0.999919 -0.0124118 -0.00633887 0.0124282 0.999903 -0.0143509 0.377312 -1.20992
FixedParameters: 0 0 0

#Transform 160
Transform: AffineTransform_float_3_3
Parameters: 0.999974 -0.00326134 0.00644545 0.00334016 0.99992 -0.0122008 -0.00640554 0.0122222 0.999904 0.03317 0.375321 -1.18522
FixedParameters: 0 0 0

#Transform 161
Transform: AffineTransform_float_3_3
Parameters: 0.999974 -0.00310875 0.0065236 0.00318498 0.999927 -0.0116316 -0.00648682 0.0116524 0.999911 -0.0108294 0.374297 -1.17185
FixedParameters: 0 0 0

#Transform 162
Transform: AffineTransform_float_3_3
Parameters: 0.999977 -0.00272343 0.00620735 0.00279761 0.999924 -0.0120391 -0.00617418 0.0120559 0.999908 -0.0308196 0.371939 -1.18757
FixedParameters: 0 0 0

#Transform 163
Transform: AffineTransform_float_3_3
Parameters: 0.999974 -0.00297275 0.00657999 0.00305377 0.99992 -0.012237 -0.00654296 0.012257 0.999904 -0.025532 0.375809 -1.21198
FixedParameters: 0 0 0

#Transform 164
Transform: AffineTransform_float_3_3
Parameters: 0.999975 -0.00286434 0.00645377 0.00294399 0.99992 -0.0122378 -0.00641796 0.0122571 0.999905 -0.0280708 0.382142 -1.23208
FixedParameters: 0 0 0

#Transform 165
Transform: AffineTransform_float_3_3
Parameters: 0.999977 -0.00299016 0.00610207 0.00306679 0.999917 -0.0125065 -0.00606368 0.0125245 0.999903 -0.0124791 0.380964 -1.16396
FixedParameters: 0 0 0

#Transform 166
Transform: AffineTransform_float_3_3
Parameters: 0.999976 -0.00293603 0.00628854 0.0030139 0.999919 -0.0124088 -0.00625221 0.0124273 0.999904 0.00593555 0.374283 -1.24634
FixedParameters: 0 0 0

#Transform 167
Transform: AffineTransform_float_3_3
Parameters: 0.999978 -0.00270916 0.00606028 0.00278014 0.999926 -0.0118499 -0.00602748 0.0118671 0.999911 -0.00641302 0.380799 -1.1572
FixedParameters: 0 0 0

#Transform 168
Transform: AffineTransform_float_3_3
Parameters: 0.999977 -0.0029076 0.00613855 0.00298154 0.999923 -0.0120386 -0.00610264 0.0120565 0.999909 0.0058902 0.381646 -1.19828
FixedParameters: 0 0 0

#Transform 169
Transform: AffineTransform_float_3_3
Parameters: 0.999977 -0.00279696 0.00628562 0.00287089 0.999925 -0.0118684 -0.00625165 0.0118866 0.999909 -0.00267634 0.374472 -1.20605
FixedParameters: 0 0 0

#Transform 170
Transform: AffineTransform_float_3_3
Parameters: 0.999977 -0.00288075 0.00615124 0.00295398 0.999924 -0.0119237 -0.00611574 0.0119413 0.99991 -0.00818445 0.387662 -1.16347
FixedParameters: 0 0 0

#Transform 171
Transform: AffineTransform_float_3_3
Parameters: 0.999979 -0.003061 0.00584026 0.00312965 0.999924 -0.0118864 -0.00580323 0.0119036 0.999912 0.0279824 0.367451 -1.16579
FixedParameters: 0 0 0

#Transform 172
Transform: AffineTransform_float_3_3
Parameters: 0.999979 -0.00234968 0.00615356 0.0024194 0.999932 -0.0113718 -0.00612605 0.0113872 0.999916 0.00232029 0.37097 -1.15963
FixedParameters: 0 0 0

#Transform 173
Transform: AffineTransform_float_3_3
Parameters: 0.999978 -0.00281475 0.00602052 0.00288555 0.999928 -0.0116846 -0.00598733 0.0117014 0.999914 0.00973306 0.361277 -1.17513
FixedParameters: 0 0 0

#Transform 174
Transform: AffineTransform_float_3_3
Parameters: 0.999976 -0.00273784 0.0063937 0.00281273 0.999927 -0.0118144 -0.00636103 0.0118316 0.999909 0.0286196 0.362128 -1.23808
FixedParameters: 0 0 0

#Transform 175
Transform: AffineTransform_float_3_3
Parameters: 0.999977 -0.00283673 0.00606008 0.00291137 0.999919 -0.0123612 -0.00602455 0.0123778 0.999905 0.0696967 0.375561 -1.24601
FixedParameters: 0 0 0

#Transform 176
Transform: AffineTransform_float_3_3
Parameters: 0.999975 -0.00338372 0.00622503 0.00346164 0.999915 -0.0125539 -0.00618196 0.0125761 0.999902 0.0550169 0.394325 -1.20732
FixedParameters: 0 0 0

#Transform 177
Transform: AffineTransform_float_3_3
Parameters: 0.999975 -0.00329012 0.00623259 0.00336768 0.999917 -0.0124765 -0.00619147 0.0124976 0.999903 0.0287477 0.409589 -1.20008
FixedParameters: 0 0 0

#Transform 178
Transform: AffineTransform_float_3_3
Parameters: 0.999976 -0.00295132 0.00616816 0.00303005 0.999914 -0.0127232 -0.00612955 0.0127418 0.9999 0.0316117 0.383165 -1.26955
FixedParameters: 0 0 0

#Transform 179
Transform: AffineTransform_float_3_3
Parameters: 0.999975 -0.00337314 0.00619197 0.0034515 0.999915 -0.0125514 -0.00614865 0.0125726 0.999902 0.0440996 0.386792 -1.24556
FixedParameters: 0 0 0
