# transform file /out/sourcedata/freesurfer/sub-v1s10x0050993_ses-1/mri/transforms/cc_up.lta
# created by oesteban on Thu Mar 12 03:15:08 2026

type      = 0 # LINEAR_VOX_TO_VOX
nxforms   = 1
mean      = 136.0000 146.0000 119.0000
sigma     = 10000.0000
1 4 4
9.997161626815796e-01 1.929348707199097e-02 1.398159936070442e-02 -1.197229385375977e+01 
-1.929160021245480e-02 9.998138546943665e-01 -2.698040043469518e-04 4.677597999572754e+00 
-1.398420147597790e-02 0.000000000000000e+00 9.999023079872131e-01 1.691289329528809e+01 
0.000000000000000e+00 0.000000000000000e+00 0.000000000000000e+00 1.000000000000000e+00 
src volume info
valid = 1  # volume info valid
filename = /out/sourcedata/freesurfer/sub-v1s10x0050993_ses-1/mri/norm.mgz
volume = 256 256 256
voxelsize = 1.000000000000000e+00 1.000000000000000e+00 1.000000000000000e+00
xras   = -1.000000000000000e+00 0.000000000000000e+00 0.000000000000000e+00
yras   = 0.000000000000000e+00 0.000000000000000e+00 -1.000000000000000e+00
zras   = 0.000000000000000e+00 1.000000000000000e+00 0.000000000000000e+00
cras   = 1.078510284423828e+01 1.000000000000000e+00 2.771072387695312e-01
dst volume info
valid = 1  # volume info valid
filename = /out/sourcedata/freesurfer/sub-v1s10x0050993_ses-1/mri/norm.mgz
volume = 256 256 256
voxelsize = 1.000000000000000e+00 1.000000000000000e+00 1.000000000000000e+00
xras   = -1.000000000000000e+00 0.000000000000000e+00 0.000000000000000e+00
yras   = 0.000000000000000e+00 0.000000000000000e+00 -1.000000000000000e+00
zras   = 0.000000000000000e+00 1.000000000000000e+00 0.000000000000000e+00
cras   = 1.078510284423828e+01 1.000000000000000e+00 2.771072387695312e-01
