# transform file /out/sourcedata/freesurfer/sub-v1s10x0051086_ses-1/mri/transforms/cc_up.lta
# created by oesteban on Thu Mar 12 08:11:23 2026

type      = 0 # LINEAR_VOX_TO_VOX
nxforms   = 1
mean      = 129.0000 116.0000 126.0000
sigma     = 10000.0000
1 4 4
9.959039688110352e-01 8.801621943712234e-02 -2.069807983934879e-02 -7.807194709777832e+00 
-8.799722045660019e-02 9.961190819740295e-01 1.828864449635148e-03 3.869466400146484e+01 
2.077872119843960e-02 1.164153218269348e-10 9.997841119766235e-01 2.304544210433960e+00 
0.000000000000000e+00 0.000000000000000e+00 0.000000000000000e+00 1.000000000000000e+00 
src volume info
valid = 1  # volume info valid
filename = /out/sourcedata/freesurfer/sub-v1s10x0051086_ses-1/mri/norm.mgz
volume = 256 256 256
voxelsize = 1.000000000000000e+00 1.000000000000000e+00 1.000000000000000e+00
xras   = -1.000000000000000e+00 0.000000000000000e+00 0.000000000000000e+00
yras   = 0.000000000000000e+00 0.000000000000000e+00 -1.000000000000000e+00
zras   = 0.000000000000000e+00 1.000000000000000e+00 0.000000000000000e+00
cras   = -4.230949401855469e+00 -5.040649414062500e+00 1.000000000000000e+00
dst volume info
valid = 1  # volume info valid
filename = /out/sourcedata/freesurfer/sub-v1s10x0051086_ses-1/mri/norm.mgz
volume = 256 256 256
voxelsize = 1.000000000000000e+00 1.000000000000000e+00 1.000000000000000e+00
xras   = -1.000000000000000e+00 0.000000000000000e+00 0.000000000000000e+00
yras   = 0.000000000000000e+00 0.000000000000000e+00 -1.000000000000000e+00
zras   = 0.000000000000000e+00 1.000000000000000e+00 0.000000000000000e+00
cras   = -4.230949401855469e+00 -5.040649414062500e+00 1.000000000000000e+00
