#Insight Transform File V1.0
#Transform 0
Transform: AffineTransform_float_3_3
Parameters: 1 -0.000690067 0.000855647 0.000689604 0.999999 0.00103674 -0.000856547 -0.00103626 1 -0.108699 -0.339347 -0.531013
FixedParameters: 0 0 0

#Transform 1
Transform: AffineTransform_float_3_3
Parameters: 1 0.000693324 3.36196e-05 -0.000693308 0.999999 -0.000239023 -3.3951e-05 0.000238976 1 -0.0126284 0.0548893 -0.0914659
FixedParameters: 0 0 0

#Transform 2
Transform: AffineTransform_float_3_3
Parameters: 1 0.000693369 3.26766e-05 -0.000692872 0.999998 -0.00159902 -3.39727e-05 0.00159898 0.999998 0.0193842 0.101485 -0.170889
FixedParameters: 0 0 0

#Transform 3
Transform: AffineTransform_float_3_3
Parameters: 1 0.000693351 3.30615e-05 -0.000692891 0.999999 -0.00104402 -3.35882e-05 0.00104398 1 0.0185232 0.0865525 -0.191427
FixedParameters: 0 0 0

#Transform 4
Transform: AffineTransform_float_3_3
Parameters: 0.999999 0.000741133 0.000145339 -0.000740838 0.999999 -0.00100911 -0.000146834 0.00100889 1 0.0311028 0.0845111 -0.21707
FixedParameters: 0 0 0

#Transform 5
Transform: AffineTransform_float_3_3
Parameters: 0.999999 0.0007368 -6.12639e-05 -0.000736497 0.999999 -0.000715954 6.11295e-05 0.000716045 0.999999 0.025525 0.0733876 -0.221683
FixedParameters: 0 0 0

#Transform 6
Transform: AffineTransform_float_3_3
Parameters: 1 0.000693368 3.27002e-05 -0.000692873 0.999998 -0.00156502 -3.39491e-05 0.00156498 0.999999 0.0189333 0.0807335 -0.303685
FixedParameters: 0 0 0

#Transform 7
Transform: AffineTransform_float_3_3
Parameters: 1 0.000400912 -0.000204528 -0.000401475 0.999999 -0.00137992 0.00020342 0.00138008 0.999999 0.0272477 0.0834048 -0.286037
FixedParameters: 0 0 0

#Transform 8
Transform: AffineTransform_float_3_3
Parameters: 1 0.000693362 3.28464e-05 -0.000692881 0.999999 -0.00135418 -3.38035e-05 0.00135482 0.999999 0.0377595 0.0754597 -0.277977
FixedParameters: 0 0 0

#Transform 9
Transform: AffineTransform_float_3_3
Parameters: 1 0.000693362 3.28236e-05 -0.000692879 0.999999 -0.00138702 -3.38258e-05 0.00138698 0.999999 0.0187672 0.0886019 -0.28985
FixedParameters: 0 0 0

#Transform 10
Transform: AffineTransform_float_3_3
Parameters: 1 0.000693363 3.2809e-05 -0.000692879 0.999999 -0.00140802 -3.38404e-05 0.00140798 0.999999 0.0417817 0.0938377 -0.235758
FixedParameters: 0 0 0

#Transform 11
Transform: AffineTransform_float_3_3
Parameters: 1 0.000563633 8.81942e-05 -0.000563027 0.999999 -0.00121405 -8.86415e-05 0.00121395 1 0.00380695 0.0990502 -0.257287
FixedParameters: 0 0 0

#Transform 12
Transform: AffineTransform_float_3_3
Parameters: 1 0.000663572 -3.70596e-05 -0.000663279 0.999999 -0.00133598 3.62075e-05 0.00133602 0.999999 0.0110998 0.0953337 -0.261917
FixedParameters: 0 0 0

#Transform 13
Transform: AffineTransform_float_3_3
Parameters: 1 0.000693357 3.29462e-05 -0.000692886 0.999999 -0.00121018 -3.37038e-05 0.00121082 0.999999 0.00108532 0.0992358 -0.269107
FixedParameters: 0 0 0

#Transform 14
Transform: AffineTransform_float_3_3
Parameters: 1 0.000474882 -0.000145698 -0.000474823 0.999999 -0.00114193 0.000145533 0.00114207 1 0.0109385 0.101662 -0.279072
FixedParameters: 0 0 0

#Transform 15
Transform: AffineTransform_float_3_3
Parameters: 1 0.00069335 3.31017e-05 -0.000692893 1 -0.000986024 -3.3548e-05 0.000985978 1 0.017196 0.109469 -0.28173
FixedParameters: 0 0 0

#Transform 16
Transform: AffineTransform_float_3_3
Parameters: 1 0.000693347 3.31576e-05 -0.000692896 1 -0.000905383 -3.34916e-05 0.000904617 0.999999 0.00196073 0.106293 -0.283424
FixedParameters: 0 0 0

#Transform 17
Transform: AffineTransform_float_3_3
Parameters: 1 0.000508426 0.000111729 -0.000507774 0.999999 -0.00116806 -0.000111995 0.00116794 1 0.00527545 0.118361 -0.298483
FixedParameters: 0 0 0

#Transform 18
Transform: AffineTransform_float_3_3
Parameters: 1 0.000693356 3.29616e-05 -0.000692886 0.999999 -0.00118802 -3.3688e-05 0.00118798 1 0.000844969 0.0991195 -0.277169
FixedParameters: 0 0 0

#Transform 19
Transform: AffineTransform_float_3_3
Parameters: 0.999999 0.00071565 8.57366e-05 -0.000715525 0.999999 -0.000723061 -8.67714e-05 0.000722937 0.999999 0.0599536 0.0802561 -0.213475
FixedParameters: 0 0 0

#Transform 20
Transform: AffineTransform_float_3_3
Parameters: 0.999999 0.000765897 -8.99495e-05 -0.000765637 1 -0.000728291 8.97551e-05 0.000727709 1 0.046299 0.0754463 -0.207204
FixedParameters: 0 0 0

#Transform 21
Transform: AffineTransform_float_3_3
Parameters: 1 0.000693334 3.34164e-05 -0.000693298 0.999999 -0.000532023 -3.41541e-05 0.000531976 1 0.0217771 0.0823435 -0.255068
FixedParameters: 0 0 0

#Transform 22
Transform: AffineTransform_float_3_3
Parameters: 1 0.000693334 3.34137e-05 -0.000693298 0.999999 -0.000536023 -3.41569e-05 0.000535976 1 -0.000610219 0.108699 -0.301592
FixedParameters: 0 0 0

#Transform 23
Transform: AffineTransform_float_3_3
Parameters: 1 0.000693328 3.35322e-05 -0.000693304 0.999999 -0.000365023 -3.40384e-05 0.000364976 1 -0.0123757 0.103184 -0.321427
FixedParameters: 0 0 0

#Transform 24
Transform: AffineTransform_float_3_3
Parameters: 1 0.000693341 3.32728e-05 -0.000693291 0.999999 -0.000739175 -3.42982e-05 0.000739823 0.999999 -0.0217334 0.106785 -0.384157
FixedParameters: 0 0 0

#Transform 25
Transform: AffineTransform_float_3_3
Parameters: 1 0.00057514 -0.00024462 -0.0005751 0.999999 -0.000717859 0.000244715 0.00071814 0.999999 0.0306318 0.0946831 -0.366591
FixedParameters: 0 0 0

#Transform 26
Transform: AffineTransform_float_3_3
Parameters: 0.999999 0.00071374 -0.000253429 -0.000713619 0.999999 -0.000531819 0.00025359 0.000532181 1 0.00836134 0.100221 -0.334833
FixedParameters: 0 0 0

#Transform 27
Transform: AffineTransform_float_3_3
Parameters: 0.999999 0.000744099 -0.000373889 -0.000743972 1 0.000692919 0.000374 -0.000693082 1 -0.0266207 0.0683341 -0.272086
FixedParameters: 0 0 0

#Transform 28
Transform: AffineTransform_float_3_3
Parameters: 0.999999 0.000728078 -0.000209452 -0.000728255 0.999999 -0.000423847 0.000208835 0.000424152 1 -0.00428601 0.110095 -0.305455
FixedParameters: 0 0 0

#Transform 29
Transform: AffineTransform_float_3_3
Parameters: 0.999999 0.000710527 -0.000586075 -0.00071034 0.999999 0.000159416 0.0005863 -0.000158584 1 0.0150384 0.0902412 -0.279807
FixedParameters: 0 0 0

#Transform 30
Transform: AffineTransform_float_3_3
Parameters: 1 0.000516483 -0.000382976 -0.000516537 1 0.000440198 0.00038251 -0.000439802 1 -0.0175534 0.0881761 -0.31365
FixedParameters: 0 0 0

#Transform 31
Transform: AffineTransform_float_3_3
Parameters: 1 0.000505147 -0.000409697 -0.00050482 1 0.000398207 0.000410099 -0.000397793 1 -0.0114804 0.0867094 -0.311232
FixedParameters: 0 0 0

#Transform 32
Transform: AffineTransform_float_3_3
Parameters: 1 0.000534666 -0.00033996 -0.000534692 1 -3.78181e-05 0.000339919 3.81816e-05 1 0.000431175 0.0944165 -0.323043
FixedParameters: 0 0 0

#Transform 33
Transform: AffineTransform_float_3_3
Parameters: 1 0.000516263 -0.000383272 -0.000516366 1 -0.000133802 0.000383134 0.000134198 1 -0.025464 0.107468 -0.367025
FixedParameters: 0 0 0

#Transform 34
Transform: AffineTransform_float_3_3
Parameters: 1 0.000532747 -0.000344509 -0.000532704 1 6.21836e-05 0.000344575 -6.18165e-05 1 -0.0175508 0.111118 -0.344314
FixedParameters: 0 0 0

#Transform 35
Transform: AffineTransform_float_3_3
Parameters: 1 0.00051636 -0.000383142 -0.000516269 1 0.000119198 0.000383265 -0.000118802 1 -0.0166672 0.106805 -0.343808
FixedParameters: 0 0 0

#Transform 36
Transform: AffineTransform_float_3_3
Parameters: 1 0.000505264 -0.000409551 -0.000504702 0.999999 0.000686207 0.000410244 -0.000685793 0.999999 -0.0200839 0.104719 -0.348796
FixedParameters: 0 0 0

#Transform 37
Transform: AffineTransform_float_3_3
Parameters: 0.999999 0.000580975 -0.000625387 -0.00058044 0.999999 0.000428363 0.000625884 -0.000427636 0.999999 -0.0104624 0.103348 -0.353673
FixedParameters: 0 0 0

#Transform 38
Transform: AffineTransform_float_3_3
Parameters: 1 0.000516901 -0.000382018 -0.00051651 0.999999 0.000512197 0.000382547 -0.000511802 1 -0.0300365 0.106313 -0.382916
FixedParameters: 0 0 0

#Transform 39
Transform: AffineTransform_float_3_3
Parameters: 1 0.000527846 -0.000356211 -0.000527445 0.999999 0.000563188 0.000356805 -0.000562812 1 -0.0183496 0.102581 -0.386324
FixedParameters: 0 0 0

#Transform 40
Transform: AffineTransform_float_3_3
Parameters: 1 0.000517459 -0.00038048 -0.000517515 1 -7.3803e-05 0.000380403 7.41967e-05 1 -0.0301089 0.110894 -0.391497
FixedParameters: 0 0 0

#Transform 41
Transform: AffineTransform_float_3_3
Parameters: 1 0.00049762 -0.000427784 -0.000496717 0.999999 0.00105337 0.000428832 -0.00105363 1 -0.0397898 0.0900747 -0.30365
FixedParameters: 0 0 0

#Transform 42
Transform: AffineTransform_float_3_3
Parameters: 1 0.000693291 3.42928e-05 -0.00069242 0.999999 0.000731976 -3.36692e-05 -0.000732023 0.999999 -0.0650365 0.106275 -0.348903
FixedParameters: 0 0 0

#Transform 43
Transform: AffineTransform_float_3_3
Parameters: 1 0.000550863 -0.0003019 -0.000550926 0.999999 0.000543166 0.000301577 -0.000542834 1 -0.0530602 0.10867 -0.356991
FixedParameters: 0 0 0

#Transform 44
Transform: AffineTransform_float_3_3
Parameters: 1 0.00058833 7.86911e-05 -0.000588427 0.999999 0.000615954 -7.79662e-05 -0.000616046 1 -0.0671855 0.122689 -0.396913
FixedParameters: 0 0 0

#Transform 45
Transform: AffineTransform_float_3_3
Parameters: 1 0.000305392 -9.69356e-05 -0.000305333 1 0.00030303 9.71207e-05 -0.00030297 1 -0.0601989 0.120358 -0.399395
FixedParameters: 0 0 0

#Transform 46
Transform: AffineTransform_float_3_3
Parameters: 0.999999 0.000699493 -0.000243373 -0.000699304 0.999999 0.00038917 0.000243918 -0.000388829 1 -0.0581403 0.120777 -0.40103
FixedParameters: 0 0 0

#Transform 47
Transform: AffineTransform_float_3_3
Parameters: 1 0.000574239 -0.000246745 -0.000574438 1 0.000389142 0.000246271 -0.000388859 1 -0.0768523 0.132773 -0.403256
FixedParameters: 0 0 0

#Transform 48
Transform: AffineTransform_float_3_3
Parameters: 0.999999 0.000721647 -0.000311522 -0.000721478 0.999999 0.000270225 0.000311912 -0.000269775 1 -0.0544606 0.133135 -0.408536
FixedParameters: 0 0 0

#Transform 49
Transform: AffineTransform_float_3_3
Parameters: 0.999999 0.000845208 -3.0425e-05 -0.000845189 0.999999 0.000308026 3.09456e-05 -0.000307974 1 -0.0838204 0.138412 -0.407846
FixedParameters: 0 0 0

#Transform 50
Transform: AffineTransform_float_3_3
Parameters: 0.999999 0.000696679 -0.000477959 -0.00069639 0.999999 0.000303333 0.000478381 -0.000302667 1 -0.0794167 0.145558 -0.390905
FixedParameters: 0 0 0

#Transform 51
Transform: AffineTransform_float_3_3
Parameters: 0.999999 0.000751466 -0.000328296 -0.000751127 0.999999 0.000517247 0.000329072 -0.000516753 1 -0.0650372 0.140802 -0.375326
FixedParameters: 0 0 0

#Transform 52
Transform: AffineTransform_float_3_3
Parameters: 0.999999 0.000747273 -0.000238177 -0.000747211 0.999999 0.000947819 0.000238673 -0.000948182 0.999999 -0.0925452 0.132806 -0.354526
FixedParameters: 0 0 0

#Transform 53
Transform: AffineTransform_float_3_3
Parameters: 0.999999 0.00074888 -0.000447297 -0.000748896 0.999999 0.00100934 0.000449199 -0.00100866 1 -0.0420278 0.117756 -0.351336
FixedParameters: 0 0 0

#Transform 54
Transform: AffineTransform_float_3_3
Parameters: 1 0.000606442 -0.000170567 -0.000606314 0.999998 0.0015171 0.000171487 -0.0015169 0.999999 -0.098776 0.118172 -0.368072
FixedParameters: 0 0 0

#Transform 55
Transform: AffineTransform_float_3_3
Parameters: 1 0.000568612 -0.000260056 -0.000567951 0.999999 0.00126615 0.000261495 -0.00126585 0.999999 -0.0936272 0.130586 -0.357091
FixedParameters: 0 0 0

#Transform 56
Transform: AffineTransform_float_3_3
Parameters: 1 0.000639643 4.64896e-05 -0.000639759 0.999999 0.00126597 -4.48699e-05 -0.00126603 0.999999 -0.107241 0.133268 -0.404091
FixedParameters: 0 0 0

#Transform 57
Transform: AffineTransform_float_3_3
Parameters: 1 0.000457627 -0.000329699 -0.000457635 0.999999 0.000581151 0.000329311 -0.000580849 1 -0.0782542 0.129035 -0.452787
FixedParameters: 0 0 0

#Transform 58
Transform: AffineTransform_float_3_3
Parameters: 1 0.000583336 -0.000225264 -0.000582923 1 0.000913772 0.00022633 -0.000914228 0.999999 -0.0951766 0.148723 -0.4248
FixedParameters: 0 0 0

#Transform 59
Transform: AffineTransform_float_3_3
Parameters: 1 0.000232439 0.000151318 -0.000233045 0.999999 0.000709964 -0.000151908 -0.000710035 0.999999 -0.0416867 0.16057 -0.448903
FixedParameters: 0 0 0

#Transform 60
Transform: AffineTransform_float_3_3
Parameters: 1 -0.000265419 0.000319679 0.000264654 1 0.00119509 -0.000320313 -0.00119492 0.999999 -0.0267601 0.169741 -0.487373
FixedParameters: 0 0 0

#Transform 61
Transform: AffineTransform_float_3_3
Parameters: 1 0.000128639 6.28655e-05 -0.000128286 0.999999 0.00139599 -6.3818e-05 -0.00139601 0.999999 -0.0620322 0.164171 -0.421956
FixedParameters: 0 0 0

#Transform 62
Transform: AffineTransform_float_3_3
Parameters: 1 0.00041579 6.42117e-05 -0.000416385 0.999999 0.00159182 -6.38078e-05 -0.00159118 0.999998 -0.0794882 0.161102 -0.432877
FixedParameters: 0 0 0

#Transform 63
Transform: AffineTransform_float_3_3
Parameters: 1 6.14089e-05 0.000461475 -6.30228e-05 0.999999 0.00174897 -0.000461257 -0.00174903 0.999999 -0.10644 0.15748 -0.423724
FixedParameters: 0 0 0

#Transform 64
Transform: AffineTransform_float_3_3
Parameters: 1 0.000576354 0.000390529 -0.000577233 0.999998 0.00180478 -0.000389758 -0.00180523 0.999999 -0.101131 0.158613 -0.441653
FixedParameters: 0 0 0

#Transform 65
Transform: AffineTransform_float_3_3
Parameters: 1 0.000603041 0.000351092 -0.000602948 0.999998 0.00193379 -0.000350462 -0.00193421 0.999998 -0.116269 0.144115 -0.434614
FixedParameters: 0 0 0

#Transform 66
Transform: AffineTransform_float_3_3
Parameters: 1 0.000476438 0.000393835 -0.000477802 0.999997 0.00240681 -0.00039285 -0.00240719 0.999997 -0.12539 0.134266 -0.416441
FixedParameters: 0 0 0

#Transform 67
Transform: AffineTransform_float_3_3
Parameters: 1 0.000531609 0.00026952 -0.000532215 0.999997 0.00210986 -0.000268587 -0.00211014 0.999997 -0.105242 0.143173 -0.446763
FixedParameters: 0 0 0

#Transform 68
Transform: AffineTransform_float_3_3
Parameters: 1 0.000375383 0.000486387 -0.000376002 0.999996 0.00253182 -0.000485266 -0.00253218 0.999996 -0.136139 0.139032 -0.408945
FixedParameters: 0 0 0

#Transform 69
Transform: AffineTransform_float_3_3
Parameters: 1 0.000430409 0.000300473 -0.000431513 0.999996 0.00272287 -0.000299437 -0.00272313 0.999996 -0.113031 0.146522 -0.41265
FixedParameters: 0 0 0

#Transform 70
Transform: AffineTransform_float_3_3
Parameters: 1 0.000342777 0.000339522 -0.000343971 0.999996 0.00253888 -0.000339089 -0.00253912 0.999996 -0.116957 0.142394 -0.458986
FixedParameters: 0 0 0

#Transform 71
Transform: AffineTransform_float_3_3
Parameters: 1 0.000288704 -7.71151e-05 -0.000288272 0.999996 0.00277402 7.87156e-05 -0.00277398 0.999996 -0.0968743 0.138721 -0.430279
FixedParameters: 0 0 0

#Transform 72
Transform: AffineTransform_float_3_3
Parameters: 1 0.000348654 -0.00013057 -0.000348312 0.999996 0.00279505 0.000131598 -0.00279495 0.999996 -0.086072 0.139874 -0.474113
FixedParameters: 0 0 0

#Transform 73
Transform: AffineTransform_float_3_3
Parameters: 1 0.000360533 4.47352e-05 -0.000361218 0.999995 0.00333899 -4.32458e-05 -0.00333902 0.999995 -0.109787 0.130217 -0.457595
FixedParameters: 0 0 0

#Transform 74
Transform: AffineTransform_float_3_3
Parameters: 1 0.000327862 -0.000270257 -0.000326479 0.999994 0.00327309 0.000271478 -0.00327291 0.999994 -0.0819102 0.12338 -0.450328
FixedParameters: 0 0 0

#Transform 75
Transform: AffineTransform_float_3_3
Parameters: 1 0.000321331 3.4223e-05 -0.000322366 0.999993 0.00373699 -3.36585e-05 -0.00373701 0.999993 -0.101688 0.117533 -0.458708
FixedParameters: 0 0 0

#Transform 76
Transform: AffineTransform_float_3_3
Parameters: 1 0.000463847 -0.000135165 -0.000463597 0.999992 0.00379206 0.000136841 -0.00379194 0.999993 -0.0946806 0.118696 -0.450923
FixedParameters: 0 0 0

#Transform 77
Transform: AffineTransform_float_3_3
Parameters: 1 0.000271456 -0.000288576 -0.000269956 0.999992 0.00395108 0.000288874 -0.00395092 0.999992 -0.0934556 0.120755 -0.460058
FixedParameters: 0 0 0

#Transform 78
Transform: AffineTransform_float_3_3
Parameters: 1 0.000518467 -0.000201374 -0.000517634 0.999992 0.0039861 0.000203663 -0.00398589 0.999992 -0.102815 0.122376 -0.462128
FixedParameters: 0 0 0

#Transform 79
Transform: AffineTransform_float_3_3
Parameters: 0.999999 0.00077315 -0.000460428 -0.000771205 0.999988 0.004788 0.000464531 -0.004788 0.999988 -0.0707429 0.0923647 -0.471017
FixedParameters: 0 0 0

#Transform 80
Transform: AffineTransform_float_3_3
Parameters: 0.999999 0.000475501 -0.000572017 -0.00047152 0.999979 0.00643643 0.000575212 -0.00643658 0.99998 -0.0881781 0.0722911 -0.406303
FixedParameters: 0 0 0

#Transform 81
Transform: AffineTransform_float_3_3
Parameters: 0.999999 0.000722342 -0.000536537 -0.000719076 0.999973 0.00727503 0.000541361 -0.00727497 0.999973 -0.091342 0.0703857 -0.404458
FixedParameters: 0 0 0

#Transform 82
Transform: AffineTransform_float_3_3
Parameters: 0.999999 0.000721132 -0.000427539 -0.00071835 0.999971 0.00748731 0.000432264 -0.00748669 0.999972 -0.0858119 0.0701972 -0.395814
FixedParameters: 0 0 0

#Transform 83
Transform: AffineTransform_float_3_3
Parameters: 1 0.000970379 -0.000325555 -0.000967367 0.999973 0.00733116 0.000332926 -0.00732983 0.999973 -0.101883 0.0809018 -0.43425
FixedParameters: 0 0 0

#Transform 84
Transform: AffineTransform_float_3_3
Parameters: 1 0.00090538 -0.000481805 -0.000902141 0.999975 0.00710508 0.000488595 -0.00710492 0.999974 -0.096306 0.0736105 -0.445483
FixedParameters: 0 0 0

#Transform 85
Transform: AffineTransform_float_3_3
Parameters: 1 0.000898011 -0.000499472 -0.00089506 0.999976 0.00696609 0.000504989 -0.00696591 0.999975 -0.0860514 0.0637012 -0.492654
FixedParameters: 0 0 0

#Transform 86
Transform: AffineTransform_float_3_3
Parameters: 1 0.000445996 -0.000385889 -0.000443797 0.999974 0.00722717 0.000389419 -0.00722682 0.999974 -0.0965353 0.0767495 -0.462986
FixedParameters: 0 0 0

#Transform 87
Transform: AffineTransform_float_3_3
Parameters: 1 0.000601927 -1.1076e-05 -0.000602379 0.999975 0.00714701 1.56106e-05 -0.007147 0.999975 -0.100081 0.0697012 -0.490161
FixedParameters: 0 0 0

#Transform 88
Transform: AffineTransform_float_3_3
Parameters: 1 0.000533573 -0.000175351 -0.000532554 0.999974 0.00727473 0.000179425 -0.00727526 0.999973 -0.091309 0.0812778 -0.448229
FixedParameters: 0 0 0

#Transform 89
Transform: AffineTransform_float_3_3
Parameters: 1 0.000419351 -0.000449732 -0.000416524 0.999976 0.00690619 0.000452604 -0.00690581 0.999976 -0.0750171 0.0840957 -0.474645
FixedParameters: 0 0 0

#Transform 90
Transform: AffineTransform_float_3_3
Parameters: 1 0.000526247 -0.000192973 -0.000525033 0.999975 0.00712474 0.000196781 -0.00712526 0.999974 -0.106211 0.0799013 -0.470686
FixedParameters: 0 0 0

#Transform 91
Transform: AffineTransform_float_3_3
Parameters: 0.999999 0.00056041 -0.000522256 -0.000556574 0.999974 0.00727493 0.000526561 -0.00727507 0.999973 -0.0779226 0.0781984 -0.470441
FixedParameters: 0 0 0

#Transform 92
Transform: AffineTransform_float_3_3
Parameters: 1 0.000599628 -1.64064e-05 -0.000599988 0.999971 0.00749601 2.13261e-05 -0.00749599 0.999972 -0.117802 0.0933197 -0.470576
FixedParameters: 0 0 0

#Transform 93
Transform: AffineTransform_float_3_3
Parameters: 1 0.000585033 -5.16123e-05 -0.00058489 0.999973 0.00729704 5.60766e-05 -0.00729697 0.999974 -0.0953455 0.0995828 -0.483656
FixedParameters: 0 0 0

#Transform 94
Transform: AffineTransform_float_3_3
Parameters: 1 0.000482478 -0.000149773 -0.00048184 0.999974 0.00726471 0.000153097 -0.00726529 0.999973 -0.104063 0.10798 -0.480512
FixedParameters: 0 0 0

#Transform 95
Transform: AffineTransform_float_3_3
Parameters: 1 0.000515244 -0.000391109 -0.000512328 0.999977 0.00687021 0.000394878 -0.0068698 0.999977 -0.0736843 0.119627 -0.47091
FixedParameters: 0 0 0

#Transform 96
Transform: AffineTransform_float_3_3
Parameters: 1 0.00041349 -0.000281649 -0.000411765 0.999977 0.00673912 0.00028484 -0.00673889 0.999978 -0.0920177 0.110682 -0.532497
FixedParameters: 0 0 0

#Transform 97
Transform: AffineTransform_float_3_3
Parameters: 1 0.000475483 -0.000314926 -0.000473168 0.999975 0.0069513 0.00031915 -0.00695169 0.999976 -0.0738617 0.101043 -0.509062
FixedParameters: 0 0 0

#Transform 98
Transform: AffineTransform_float_3_3
Parameters: 1 0.00054548 -0.000146715 -0.000544871 0.999973 0.00729709 0.00015099 -0.00729692 0.999974 -0.0969161 0.117148 -0.501407
FixedParameters: 0 0 0

#Transform 99
Transform: AffineTransform_float_3_3
Parameters: 1 0.00052622 -0.000325903 -0.00052283 0.999972 0.00754981 0.000330141 -0.00755019 0.999971 -0.0731755 0.10598 -0.501845
FixedParameters: 0 0 0

#Transform 100
Transform: AffineTransform_float_3_3
Parameters: 1 0.000400441 -0.000495642 -0.000397277 0.999971 0.00752719 0.000499137 -0.0075268 0.999971 -0.0843243 0.112904 -0.508772
FixedParameters: 0 0 0

#Transform 101
Transform: AffineTransform_float_3_3
Parameters: 1 0.000358151 -0.00059657 -0.000354393 0.999977 0.00676121 0.000598877 -0.00676079 0.999977 -0.0730389 0.11431 -0.50388
FixedParameters: 0 0 0

#Transform 102
Transform: AffineTransform_float_3_3
Parameters: 1 0.000287642 -0.000456578 -0.000284218 0.999975 0.00703329 0.00045862 -0.00703372 0.999976 -0.0730969 0.110686 -0.48114
FixedParameters: 0 0 0

#Transform 103
Transform: AffineTransform_float_3_3
Parameters: 1 0.000174041 -7.89061e-05 -0.000173686 0.999975 0.00717302 7.95593e-05 -0.00717299 0.999975 -0.0928171 0.120963 -0.449276
FixedParameters: 0 0 0

#Transform 104
Transform: AffineTransform_float_3_3
Parameters: 0.999999 0.000679145 -0.000551979 -0.000675057 0.999972 0.00745838 0.000557337 -0.00745762 0.999972 -0.0643591 0.126395 -0.483623
FixedParameters: 0 0 0

#Transform 105
Transform: AffineTransform_float_3_3
Parameters: 1 0.000372687 -0.000562209 -0.000368768 0.999973 0.00731236 0.000565121 -0.00731264 0.999974 -0.0876109 0.116239 -0.489495
FixedParameters: 0 0 0

#Transform 106
Transform: AffineTransform_float_3_3
Parameters: 1 0.000400444 -0.00049564 -0.000397274 0.999971 0.00753319 0.000499139 -0.00753279 0.999971 -0.0865479 0.112947 -0.481621
FixedParameters: 0 0 0

#Transform 107
Transform: AffineTransform_float_3_3
Parameters: 1 0.000394136 -0.000380467 -0.000390969 0.999972 0.00740014 0.000382986 -0.00739984 0.999972 -0.0744167 0.124111 -0.508038
FixedParameters: 0 0 0

#Transform 108
Transform: AffineTransform_float_3_3
Parameters: 1 0.000252452 -0.000604163 -0.000248607 0.999972 0.00751215 0.000605808 -0.00751184 0.999971 -0.0882826 0.111892 -0.485929
FixedParameters: 0 0 0

#Transform 109
Transform: AffineTransform_float_3_3
Parameters: 0.999999 0.000148872 -0.000704236 -0.000143308 0.999974 0.0071101 0.000706036 -0.00710989 0.999974 -0.0736411 0.124021 -0.527035
FixedParameters: 0 0 0

#Transform 110
Transform: AffineTransform_float_3_3
Parameters: 1 0.000262354 -0.000228407 -0.000259997 0.999976 0.00684305 0.00023014 -0.00684293 0.999976 -0.087586 0.121471 -0.513027
FixedParameters: 0 0 0

#Transform 111
Transform: AffineTransform_float_3_3
Parameters: 1 9.72193e-05 -0.000398946 -9.46245e-05 0.999974 0.00718804 0.000400577 -0.00718796 0.999974 -0.0826854 0.134537 -0.493252
FixedParameters: 0 0 0

#Transform 112
Transform: AffineTransform_float_3_3
Parameters: 0.999999 0.000272607 -0.000802359 -0.00026751 0.999976 0.00700922 0.000804416 -0.00700879 0.999975 -0.0423964 0.134489 -0.468994
FixedParameters: 0 0 0

#Transform 113
Transform: AffineTransform_float_3_3
Parameters: 0.999999 5.8358e-05 -0.000876391 -5.13165e-05 0.99997 0.00783505 0.000876834 -0.00783495 0.999969 -0.0836575 0.123351 -0.4802
FixedParameters: 0 0 0

#Transform 114
Transform: AffineTransform_float_3_3
Parameters: 0.999999 0.000210089 -0.000953657 -0.000203185 0.999972 0.0075362 0.000954513 -0.00753581 0.999971 -0.0658855 0.119698 -0.522924
FixedParameters: 0 0 0

#Transform 115
Transform: AffineTransform_float_3_3
Parameters: 1 -3.87158e-05 -0.00045059 4.27267e-05 0.999969 0.00795199 0.000450194 -0.00795202 0.999969 -0.0901673 0.127894 -0.516392
FixedParameters: 0 0 0

#Transform 116
Transform: AffineTransform_float_3_3
Parameters: 0.999999 -7.43175e-05 -0.000722893 7.9823e-05 0.999973 0.0072623 0.000722806 -0.0072617 0.999974 -0.0689152 0.141143 -0.525622
FixedParameters: 0 0 0

#Transform 117
Transform: AffineTransform_float_3_3
Parameters: 0.999999 -0.000207309 -0.000741194 0.000213 0.999972 0.00756885 0.000740357 -0.00756916 0.999971 -0.0692179 0.149666 -0.504778
FixedParameters: 0 0 0

#Transform 118
Transform: AffineTransform_float_3_3
Parameters: 0.999999 0.000132877 -0.000725468 -0.000127413 0.99997 0.00773909 0.000726675 -0.0077389 0.99997 -0.0936405 0.137451 -0.497928
FixedParameters: 0 0 0

#Transform 119
Transform: AffineTransform_float_3_3
Parameters: 0.999999 0.000294522 -0.000791805 -0.000288198 0.999973 0.00729539 0.000793938 -0.00729562 0.999974 -0.0778315 0.136117 -0.531743
FixedParameters: 0 0 0

#Transform 120
Transform: AffineTransform_float_3_3
Parameters: 0.999999 -4.80085e-05 -0.000727338 5.3181e-05 0.999973 0.00726032 0.000726716 -0.00725968 0.999974 -0.0667208 0.139252 -0.51879
FixedParameters: 0 0 0

#Transform 121
Transform: AffineTransform_float_3_3
Parameters: 1 -1.97589e-05 -0.000615556 2.40402e-05 0.999971 0.00752935 0.00061626 -0.00752865 0.999972 -0.0854058 0.122326 -0.484675
FixedParameters: 0 0 0

#Transform 122
Transform: AffineTransform_float_3_3
Parameters: 0.999999 0.000272019 -0.000804938 -0.000266149 0.99997 0.00771122 0.000806439 -0.00771078 0.99997 -0.0891918 0.125859 -0.487151
FixedParameters: 0 0 0

#Transform 123
Transform: AffineTransform_float_3_3
Parameters: 1 0.000380488 -0.000544312 -0.000375811 0.999966 0.00824121 0.000548035 -0.00824079 0.999966 -0.111693 0.136429 -0.477809
FixedParameters: 0 0 0

#Transform 124
Transform: AffineTransform_float_3_3
Parameters: 0.999999 0.000306655 -0.000723299 -0.000300277 0.99996 0.00892422 0.000726067 -0.00892378 0.99996 -0.0872997 0.13156 -0.440904
FixedParameters: 0 0 0

#Transform 125
Transform: AffineTransform_float_3_3
Parameters: 0.999999 0.000852686 -0.000122845 -0.000851505 0.999952 0.0097031 0.000131236 -0.00970289 0.999953 -0.114866 0.0976601 -0.412258
FixedParameters: 0 0 0

#Transform 126
Transform: AffineTransform_float_3_3
Parameters: 0.999999 0.00115181 -0.000591031 -0.00114561 0.999932 0.0116227 0.000604707 -0.0116213 0.999933 -0.17757 0.0854233 -0.322588
FixedParameters: 0 0 0

#Transform 127
Transform: AffineTransform_float_3_3
Parameters: 0.999999 0.000747457 -0.000422176 -0.000743467 0.99995 0.00990031 0.000429043 -0.00989968 0.999951 -0.129009 0.128447 -0.398788
FixedParameters: 0 0 0

#Transform 128
Transform: AffineTransform_float_3_3
Parameters: 0.999999 0.000679898 -0.000586766 -0.000672975 0.999938 0.011173 0.00059477 -0.011173 0.999937 -0.139336 0.108047 -0.406169
FixedParameters: 0 0 0

#Transform 129
Transform: AffineTransform_float_3_3
Parameters: 0.999999 0.000701462 -0.000533786 -0.000695825 0.999947 0.0102332 0.000540583 -0.0102338 0.999947 -0.125213 0.120454 -0.444934
FixedParameters: 0 0 0

#Transform 130
Transform: AffineTransform_float_3_3
Parameters: 0.999999 0.00067608 -0.000595047 -0.000670151 0.999951 0.00986956 0.000602142 -0.00986945 0.999952 -0.101617 0.118635 -0.450056
FixedParameters: 0 0 0

#Transform 131
Transform: AffineTransform_float_3_3
Parameters: 0.999999 0.000829589 -0.000223116 -0.000827504 0.999946 0.0102982 0.000231506 -0.0102978 0.999947 -0.137435 0.115803 -0.477423
FixedParameters: 0 0 0

#Transform 132
Transform: AffineTransform_float_3_3
Parameters: 0.999999 0.000697319 -0.00054389 -0.000692288 0.999947 0.010327 0.000551128 -0.010327 0.999946 -0.101814 0.110965 -0.496987
FixedParameters: 0 0 0

#Transform 133
Transform: AffineTransform_float_3_3
Parameters: 0.999999 0.000699864 -0.000538007 -0.000694427 0.999942 0.010807 0.000545963 -0.010807 0.999941 -0.102044 0.121096 -0.533618
FixedParameters: 0 0 0

#Transform 134
Transform: AffineTransform_float_3_3
Parameters: 0.999999 0.000635803 -0.000693437 -0.000628127 0.999943 0.0106734 0.000700206 -0.0106726 0.999943 -0.0871345 0.125497 -0.4733
FixedParameters: 0 0 0

#Transform 135
Transform: AffineTransform_float_3_3
Parameters: 0.999999 0.00066894 -0.000232303 -0.000665719 0.999943 0.0106692 0.000239708 -0.0106688 0.999943 -0.0845951 0.127418 -0.458208
FixedParameters: 0 0 0

#Transform 136
Transform: AffineTransform_float_3_3
Parameters: 0.999999 0.000845853 -0.000183127 -0.000843531 0.999931 0.0116702 0.000192856 -0.0116698 0.999932 -0.10114 0.126143 -0.410572
FixedParameters: 0 0 0

#Transform 137
Transform: AffineTransform_float_3_3
Parameters: 0.999999 0.000644014 -0.000358657 -0.000640055 0.999932 0.0115922 0.000365649 -0.0115918 0.999932 -0.0713989 0.117649 -0.426592
FixedParameters: 0 0 0

#Transform 138
Transform: AffineTransform_float_3_3
Parameters: 0.999999 0.000896394 -6.00153e-05 -0.000896002 0.999931 0.0117667 7.073e-05 -0.0117673 0.999931 -0.104584 0.12164 -0.413806
FixedParameters: 0 0 0

#Transform 139
Transform: AffineTransform_float_3_3
Parameters: 0.999999 0.000810507 -0.000269182 -0.000807123 0.999932 0.0116332 0.000278405 -0.0116328 0.999933 -0.0925521 0.121989 -0.412766
FixedParameters: 0 0 0

#Transform 140
Transform: AffineTransform_float_3_3
Parameters: 1 0.000429438 -0.000117731 -0.000428428 0.999925 0.0122787 0.000123663 -0.0122793 0.999924 -0.0773467 0.115013 -0.385187
FixedParameters: 0 0 0

#Transform 141
Transform: AffineTransform_float_3_3
Parameters: 1 0.000521771 0.000255156 -0.000525361 0.999923 0.0123799 -0.000248749 -0.0123801 0.999924 -0.11335 0.117027 -0.423817
FixedParameters: 0 0 0

#Transform 142
Transform: AffineTransform_float_3_3
Parameters: 1 0.000476707 0.000168661 -0.000478577 0.999928 0.0120498 -0.000162395 -0.0120492 0.999927 -0.100676 0.126446 -0.409837
FixedParameters: 0 0 0

#Transform 143
Transform: AffineTransform_float_3_3
Parameters: 1 0.000467063 3.23961e-06 -0.00046626 0.999918 0.012746 2.88233e-06 -0.012746 0.999919 -0.0891218 0.124469 -0.400888
FixedParameters: 0 0 0

#Transform 144
Transform: AffineTransform_float_3_3
Parameters: 1 0.000570658 0.000335972 -0.000575323 0.999913 0.0131768 -0.000329129 -0.0131772 0.999913 -0.116947 0.117035 -0.379246
FixedParameters: 0 0 0

#Transform 145
Transform: AffineTransform_float_3_3
Parameters: 1 0.000521306 0.000206821 -0.000523797 0.99992 0.0126279 -0.000200179 -0.0126281 0.99992 -0.0923015 0.122622 -0.421052
FixedParameters: 0 0 0

#Transform 146
Transform: AffineTransform_float_3_3
Parameters: 1 0.000378586 0.000428503 -0.000383843 0.999918 0.0128178 -0.000423306 -0.0128182 0.999918 -0.116881 0.11191 -0.395533
FixedParameters: 0 0 0

#Transform 147
Transform: AffineTransform_float_3_3
Parameters: 1 0.000509295 0.000176867 -0.000511724 0.999929 0.0119568 -0.000170825 -0.0119563 0.999929 -0.0995741 0.124117 -0.413954
FixedParameters: 0 0 0

#Transform 148
Transform: AffineTransform_float_3_3
Parameters: 1 0.000310558 0.000448699 -0.000316618 0.999927 0.0120819 -0.000445306 -0.0120821 0.999927 -0.107441 0.129998 -0.396118
FixedParameters: 0 0 0

#Transform 149
Transform: AffineTransform_float_3_3
Parameters: 1 0.000405055 0.000316021 -0.000409494 0.999921 0.0125589 -0.000310506 -0.0125591 0.999921 -0.0903267 0.122084 -0.350548
FixedParameters: 0 0 0

#Transform 150
Transform: AffineTransform_float_3_3
Parameters: 1 0.000442964 0.000318859 -0.000446544 0.999921 0.0125549 -0.000312797 -0.0125551 0.999921 -0.0743769 0.128769 -0.353595
FixedParameters: 0 0 0

#Transform 151
Transform: AffineTransform_float_3_3
Parameters: 1 0.000391337 -0.000110386 -0.000389807 0.999914 0.013121 0.000114722 -0.013121 0.999914 -0.0195104 0.109168 -0.297562
FixedParameters: 0 0 0

#Transform 152
Transform: AffineTransform_float_3_3
Parameters: 1 -1.64817e-05 0.000139576 1.39081e-05 0.999903 0.013921 -0.00013947 -0.013921 0.999903 -0.086183 0.12483 -0.313869
FixedParameters: 0 0 0

#Transform 153
Transform: AffineTransform_float_3_3
Parameters: 1 0.000225993 0.000567691 -0.000233988 0.999896 0.0143772 -0.000564594 -0.0143768 0.999897 -0.0961986 0.110048 -0.333079
FixedParameters: 0 0 0

#Transform 154
Transform: AffineTransform_float_3_3
Parameters: 0.999999 0.000354994 0.000711636 -0.000364512 0.999899 0.0142187 -0.000707014 -0.0142192 0.999898 -0.113712 0.104053 -0.348283
FixedParameters: 0 0 0

#Transform 155
Transform: AffineTransform_float_3_3
Parameters: 0.999999 0.000211443 0.000807934 -0.000223101 0.999894 0.0145652 -0.000804452 -0.0145648 0.999894 -0.108686 0.103634 -0.346577
FixedParameters: 0 0 0

#Transform 156
Transform: AffineTransform_float_3_3
Parameters: 1 0.000187924 0.000540023 -0.000195697 0.999902 0.0140439 -0.000537761 -0.0140441 0.999901 -0.0957436 0.118636 -0.369316
FixedParameters: 0 0 0

#Transform 157
Transform: AffineTransform_float_3_3
Parameters: 0.999999 0.000212385 0.000785974 -0.000223502 0.999896 0.0143698 -0.000783478 -0.0143702 0.999896 -0.107237 0.116357 -0.367142
FixedParameters: 0 0 0

#Transform 158
Transform: AffineTransform_float_3_3
Parameters: 1 0.000198486 0.000565954 -0.000207014 0.999901 0.0140709 -0.000563373 -0.0140711 0.999901 -0.102088 0.117365 -0.352736
FixedParameters: 0 0 0

#Transform 159
Transform: AffineTransform_float_3_3
Parameters: 1 0.000122913 0.00038078 -0.000127736 0.9999 0.014137 -0.00037866 -0.014137 0.9999 -0.0813565 0.115084 -0.350192
FixedParameters: 0 0 0

#Transform 160
Transform: AffineTransform_float_3_3
Parameters: 0.999999 -0.000214855 0.000937809 0.000200163 0.999879 0.0155736 -0.000940677 -0.0155724 0.999878 -0.0972863 0.0888651 -0.257922
FixedParameters: 0 0 0

#Transform 161
Transform: AffineTransform_float_3_3
Parameters: 1 -0.000355233 0.000591534 0.00034613 0.999889 0.0149352 -0.00059699 -0.0149348 0.999889 -0.0656178 0.113265 -0.279086
FixedParameters: 0 0 0

#Transform 162
Transform: AffineTransform_float_3_3
Parameters: 0.999999 -0.000208032 0.000953653 0.000193704 0.999886 0.0151272 -0.000956134 -0.0151268 0.999885 -0.0969671 0.113394 -0.285815
FixedParameters: 0 0 0

#Transform 163
Transform: AffineTransform_float_3_3
Parameters: 1 -0.000345772 0.000615426 0.000335273 0.99988 0.0154864 -0.000620953 -0.0154866 0.99988 -0.0882018 0.10627 -0.289681
FixedParameters: 0 0 0

#Transform 164
Transform: AffineTransform_float_3_3
Parameters: 1 -0.000370536 0.000554334 0.00036157 0.999883 0.0153412 -0.000559235 -0.0153408 0.999882 -0.0839431 0.129743 -0.295179
FixedParameters: 0 0 0

#Transform 165
Transform: AffineTransform_float_3_3
Parameters: 0.999999 -0.000275016 0.000789592 0.000261874 0.99988 0.0155032 -0.000794068 -0.0155028 0.999879 -0.0990723 0.128564 -0.302605
FixedParameters: 0 0 0

#Transform 166
Transform: AffineTransform_float_3_3
Parameters: 1 -0.00034506 0.00061654 0.000335206 0.999889 0.0149422 -0.000621685 -0.0149418 0.999888 -0.0778821 0.134731 -0.308714
FixedParameters: 0 0 0

#Transform 167
Transform: AffineTransform_float_3_3
Parameters: 1 -0.000367451 0.000561792 0.000358405 0.999884 0.0152132 -0.000566504 -0.0152128 0.999884 -0.0719471 0.123701 -0.314072
FixedParameters: 0 0 0

#Transform 168
Transform: AffineTransform_float_3_3
Parameters: 0.999999 -0.000234782 0.000887885 0.000221113 0.999886 0.0151264 -0.000891716 -0.0151267 0.999886 -0.0882124 0.132449 -0.316604
FixedParameters: 0 0 0

#Transform 169
Transform: AffineTransform_float_3_3
Parameters: 1 -0.000383823 0.000521831 0.000375225 0.999879 0.0155472 -0.000528222 -0.0155468 0.999879 -0.0707108 0.118256 -0.307162
FixedParameters: 0 0 0

#Transform 170
Transform: AffineTransform_float_3_3
Parameters: 1 -0.00038001 0.000531131 0.000371225 0.999881 0.0154552 -0.000537332 -0.0154548 0.999881 -0.0669181 0.119232 -0.323114
FixedParameters: 0 0 0

#Transform 171
Transform: AffineTransform_float_3_3
Parameters: 0.999999 -0.000289863 0.000753397 0.000277905 0.999877 0.0157242 -0.000757557 -0.0157238 0.999876 -0.0757645 0.114123 -0.311173
FixedParameters: 0 0 0

#Transform 172
Transform: AffineTransform_float_3_3
Parameters: 0.999999 -0.00067538 0.000603738 0.000665423 0.999881 0.0153714 -0.000613945 -0.0153706 0.999881 -0.0577527 0.130401 -0.326265
FixedParameters: 0 0 0

#Transform 173
Transform: AffineTransform_float_3_3
Parameters: 1 -0.000502132 0.000403003 0.00049626 0.999888 0.014929 -0.000410797 -0.01493 0.999888 -0.0533131 0.136938 -0.335085
FixedParameters: 0 0 0

#Transform 174
Transform: AffineTransform_float_3_3
Parameters: 0.999999 -0.000253701 0.000842358 0.00023997 0.999877 0.0156692 -0.000845716 -0.0156688 0.999877 -0.0850841 0.136763 -0.323555
FixedParameters: 0 0 0

#Transform 175
Transform: AffineTransform_float_3_3
Parameters: 0.999999 -0.000342251 0.000623837 0.000332677 0.999883 0.0152734 -0.000629517 -0.0152736 0.999884 -0.0658435 0.145763 -0.331321
FixedParameters: 0 0 0

#Transform 176
Transform: AffineTransform_float_3_3
Parameters: 1 -0.000344983 0.000617298 0.000334904 0.99988 0.0154284 -0.000621848 -0.0154286 0.999881 -0.0643244 0.138845 -0.335897
FixedParameters: 0 0 0

#Transform 177
Transform: AffineTransform_float_3_3
Parameters: 0.999999 -0.000320367 0.000677584 0.000309241 0.999884 0.0152152 -0.000682535 -0.0152148 0.999884 -0.0688488 0.145448 -0.336053
FixedParameters: 0 0 0

#Transform 178
Transform: AffineTransform_float_3_3
Parameters: 1 -0.000364277 0.000569306 0.000354924 0.999889 0.0149312 -0.000574634 -0.0149308 0.999889 -0.0532371 0.148553 -0.336091
FixedParameters: 0 0 0

#Transform 179
Transform: AffineTransform_float_3_3
Parameters: 1 -0.000276885 0.000576986 0.000267989 0.99989 0.0148142 -0.000580959 -0.0148138 0.99989 -0.0628302 0.149799 -0.333185
FixedParameters: 0 0 0
