# transform file /out/sourcedata/freesurfer/sub-v1s10x0051025_ses-1/mri/transforms/cc_up.lta
# created by oesteban on Thu Mar 12 04:55:34 2026

type      = 0 # LINEAR_VOX_TO_VOX
nxforms   = 1
mean      = 125.0000 129.0000 116.0000
sigma     = 10000.0000
1 4 4
9.894245266914368e-01 4.914043843746185e-02 -1.364718079566956e-01 1.215460395812988e+01 
-4.867956042289734e-02 9.987919926643372e-01 6.714395713061094e-03 2.857257270812988e+01 
1.366368681192398e-01 0.000000000000000e+00 9.906212687492371e-01 7.729978561401367e+00 
0.000000000000000e+00 0.000000000000000e+00 0.000000000000000e+00 1.000000000000000e+00 
src volume info
valid = 1  # volume info valid
filename = /out/sourcedata/freesurfer/sub-v1s10x0051025_ses-1/mri/norm.mgz
volume = 256 256 256
voxelsize = 1.000000000000000e+00 1.000000000000000e+00 1.000000000000000e+00
xras   = -1.000000000000000e+00 0.000000000000000e+00 0.000000000000000e+00
yras   = 0.000000000000000e+00 0.000000000000000e+00 -1.000000000000000e+00
zras   = 0.000000000000000e+00 1.000000000000000e+00 0.000000000000000e+00
cras   = 5.725364685058594e+00 1.000000000000000e+00 5.337356567382812e+00
dst volume info
valid = 1  # volume info valid
filename = /out/sourcedata/freesurfer/sub-v1s10x0051025_ses-1/mri/norm.mgz
volume = 256 256 256
voxelsize = 1.000000000000000e+00 1.000000000000000e+00 1.000000000000000e+00
xras   = -1.000000000000000e+00 0.000000000000000e+00 0.000000000000000e+00
yras   = 0.000000000000000e+00 0.000000000000000e+00 -1.000000000000000e+00
zras   = 0.000000000000000e+00 1.000000000000000e+00 0.000000000000000e+00
cras   = 5.725364685058594e+00 1.000000000000000e+00 5.337356567382812e+00
