# transform file /out/sourcedata/freesurfer/sub-v1s10x0050968_ses-1/mri/transforms/cc_up.lta
# created by oesteban on Thu Mar 12 01:30:57 2026

type      = 0 # LINEAR_VOX_TO_VOX
nxforms   = 1
mean      = 129.0000 135.0000 115.0000
sigma     = 10000.0000
1 4 4
9.986594319343567e-01 2.968857064843178e-02 -4.240081459283829e-02 1.360773086547852e+00 
-2.966184727847576e-02 9.995591640472412e-01 1.259374781511724e-03 1.468009662628174e+01 
4.241951555013657e-02 0.000000000000000e+00 9.990998506546021e-01 1.271173477172852e+01 
0.000000000000000e+00 0.000000000000000e+00 0.000000000000000e+00 1.000000000000000e+00 
src volume info
valid = 1  # volume info valid
filename = /out/sourcedata/freesurfer/sub-v1s10x0050968_ses-1/mri/norm.mgz
volume = 256 256 256
voxelsize = 1.000000000000000e+00 1.000000000000000e+00 1.000000000000000e+00
xras   = -1.000000000000000e+00 0.000000000000000e+00 0.000000000000000e+00
yras   = 0.000000000000000e+00 0.000000000000000e+00 -1.000000000000000e+00
zras   = 0.000000000000000e+00 1.000000000000000e+00 0.000000000000000e+00
cras   = 3.556671142578125e+00 -1.168670654296875e+00 -4.457855224609375e-01
dst volume info
valid = 1  # volume info valid
filename = /out/sourcedata/freesurfer/sub-v1s10x0050968_ses-1/mri/norm.mgz
volume = 256 256 256
voxelsize = 1.000000000000000e+00 1.000000000000000e+00 1.000000000000000e+00
xras   = -1.000000000000000e+00 0.000000000000000e+00 0.000000000000000e+00
yras   = 0.000000000000000e+00 0.000000000000000e+00 -1.000000000000000e+00
zras   = 0.000000000000000e+00 1.000000000000000e+00 0.000000000000000e+00
cras   = 3.556671142578125e+00 -1.168670654296875e+00 -4.457855224609375e-01
