#Insight Transform File V1.0
#Transform 0
Transform: AffineTransform_float_3_3
Parameters: 1 -3.70096e-05 -0.000309193 3.64796e-05 0.999999 -0.000857011 0.000309256 0.000856988 0.999999 0.0710009 0.194871 0.338898
FixedParameters: 0 0 0

#Transform 1
Transform: AffineTransform_float_3_3
Parameters: 0.999999 0.000788848 -0.000219767 -0.000788886 1 -8.49791e-05 0.000219632 8.60204e-05 1 0.00722003 0.0604406 -0.0267331
FixedParameters: 0 0 0

#Transform 2
Transform: AffineTransform_float_3_3
Parameters: 1 0.000450868 1.27261e-05 -0.00045047 1 -0.000286006 -1.20634e-05 0.000285994 1 0.00480084 0.148063 -0.064269
FixedParameters: 0 0 0

#Transform 3
Transform: AffineTransform_float_3_3
Parameters: 1 0.00065761 -0.000134913 -0.000657708 0.999999 -0.000363911 0.000134435 0.000364088 1 0.0225901 0.163967 -0.0802962
FixedParameters: 0 0 0

#Transform 4
Transform: AffineTransform_float_3_3
Parameters: 0.999999 0.000735211 7.34419e-05 -0.000735182 0.999999 -0.000195054 -7.37286e-05 0.000194946 1 0.0173387 0.166691 -0.0823443
FixedParameters: 0 0 0

#Transform 5
Transform: AffineTransform_float_3_3
Parameters: 1 0.000580967 0.000175937 -0.000580932 1 -0.000100102 -0.000176054 9.98976e-05 1 0.00749758 0.170831 -0.0860342
FixedParameters: 0 0 0

#Transform 6
Transform: AffineTransform_float_3_3
Parameters: 1 0.000478985 -0.000202422 -0.000479122 1 -0.000338903 0.000202097 0.000339097 1 0.0278062 0.171803 -0.0842831
FixedParameters: 0 0 0

#Transform 7
Transform: AffineTransform_float_3_3
Parameters: 0.999999 0.000956333 7.71347e-05 -0.000955883 0.999999 -0.000385073 -7.69504e-05 0.000384926 1 0.0120375 0.184175 -0.0974167
FixedParameters: 0 0 0

#Transform 8
Transform: AffineTransform_float_3_3
Parameters: 1 0.000558319 -2.99332e-07 -0.000558319 1 -0.000239 3.24482e-08 0.000239 1 0.0327421 0.174863 -0.0849873
FixedParameters: 0 0 0

#Transform 9
Transform: AffineTransform_float_3_3
Parameters: 1 0.000408275 -8.748e-05 -0.000408275 1 3.57993e-08 8.748e-05 3.56324e-08 1 0.0463849 0.170271 -0.0720481
FixedParameters: 0 0 0

#Transform 10
Transform: AffineTransform_float_3_3
Parameters: 1 0.000213291 -0.000546815 -0.000213308 1 -1.57306e-05 0.000546809 1.52692e-05 1 0.0367109 0.161288 -0.0680073
FixedParameters: 0 0 0

#Transform 11
Transform: AffineTransform_float_3_3
Parameters: 1 0.000484472 9.19942e-05 -0.000484463 1 -5.00445e-05 -9.20426e-05 4.99553e-05 1 0.0244721 0.176033 -0.0788761
FixedParameters: 0 0 0

#Transform 12
Transform: AffineTransform_float_3_3
Parameters: 1 0.000653816 0.000106959 -0.000653787 1 -0.00013707 -0.000107139 0.00013693 1 0.0201177 0.176845 -0.0887319
FixedParameters: 0 0 0

#Transform 13
Transform: AffineTransform_float_3_3
Parameters: 1 0.000468859 5.50191e-05 -0.000468427 1 -0.000382026 -5.44567e-05 0.000381974 1 0.0274837 0.160024 -0.079329
FixedParameters: 0 0 0

#Transform 14
Transform: AffineTransform_float_3_3
Parameters: 1 0.000299233 -0.00016518 -0.000299359 1 -0.00037895 0.000164953 0.000379049 1 0.0192789 0.198387 -0.105331
FixedParameters: 0 0 0

#Transform 15
Transform: AffineTransform_float_3_3
Parameters: 1 5.97921e-05 -0.000240478 -5.97887e-05 1 7.0144e-06 0.000240479 -6.98564e-06 1 0.0261492 0.184383 -0.0769009
FixedParameters: 0 0 0

#Transform 16
Transform: AffineTransform_float_3_3
Parameters: 1 0.000161081 0.000177116 -0.00016097 1 -0.000313028 -0.000177217 0.000312971 1 -0.000298944 0.174897 -0.0853234
FixedParameters: 0 0 0

#Transform 17
Transform: AffineTransform_float_3_3
Parameters: 1 0.000264407 -0.000433906 -0.000264617 1 -0.000242732 0.000433777 0.000242267 1 0.030054 0.19386 -0.0941496
FixedParameters: 0 0 0

#Transform 18
Transform: AffineTransform_float_3_3
Parameters: 1 0.000298578 0.000388144 -0.00029881 1 -0.000385116 -0.000387063 0.000384884 1 0.00228489 0.174048 -0.0934397
FixedParameters: 0 0 0

#Transform 19
Transform: AffineTransform_float_3_3
Parameters: 1 0.000182173 0.000370251 -0.000182133 1 -5.40674e-05 -0.000370271 5.39325e-05 1 -0.010401 0.151737 -0.0716551
FixedParameters: 0 0 0

#Transform 20
Transform: AffineTransform_float_3_3
Parameters: 1 0.000205514 0.000297337 -0.000205518 1 6.93892e-06 -0.000297334 -7.06113e-06 1 -0.0140929 0.16793 -0.0749282
FixedParameters: 0 0 0

#Transform 21
Transform: AffineTransform_float_3_3
Parameters: 1 0.00025246 0.00027741 -0.000252463 1 6.93e-06 -0.000277406 -7.07007e-06 1 0.0043578 0.154026 -0.0688365
FixedParameters: 0 0 0

#Transform 22
Transform: AffineTransform_float_3_3
Parameters: 1 0.000436561 0.000199265 -0.000436564 1 6.91309e-06 -0.000199259 -7.08707e-06 1 0.00747283 0.147202 -0.0689958
FixedParameters: 0 0 0

#Transform 23
Transform: AffineTransform_float_3_3
Parameters: 1 0.000424594 0.000204344 -0.000424597 1 6.91331e-06 -0.000204338 -7.08684e-06 1 -0.0140992 0.144736 -0.0629414
FixedParameters: 0 0 0

#Transform 24
Transform: AffineTransform_float_3_3
Parameters: 1 0.000334537 8.18346e-05 -0.000333642 1 0.000156973 -8.21205e-05 -0.000157028 1 -0.00627562 0.143641 -0.0574933
FixedParameters: 0 0 0

#Transform 25
Transform: AffineTransform_float_3_3
Parameters: 1 -6.63414e-06 0.000322205 6.6293e-06 1 7.15479e-06 -0.000322205 -7.84518e-06 1 0.0049297 0.151184 -0.0660255
FixedParameters: 0 0 0

#Transform 26
Transform: AffineTransform_float_3_3
Parameters: 1 0.000246936 0.000279754 -0.00024694 1 6.93095e-06 -0.000279751 -7.06912e-06 1 -0.000451354 0.129205 -0.0528363
FixedParameters: 0 0 0

#Transform 27
Transform: AffineTransform_float_3_3
Parameters: 1 0.000188912 -2.58484e-05 -0.000188907 1 0.000111005 2.58903e-05 -0.000110995 1 0.00580508 0.15474 -0.0664637
FixedParameters: 0 0 0

#Transform 28
Transform: AffineTransform_float_3_3
Parameters: 1 0.000179682 -1.43001e-05 -0.000179674 1 0.000257003 1.43925e-05 -0.000256997 1 0.00591897 0.141732 -0.0639101
FixedParameters: 0 0 0

#Transform 29
Transform: AffineTransform_float_3_3
Parameters: 1 0.000313751 -1.57944e-05 -0.000313745 1 0.000181005 1.5908e-05 -0.000180995 1 0.00671352 0.115778 -0.0552585
FixedParameters: 0 0 0

#Transform 30
Transform: AffineTransform_float_3_3
Parameters: 0.999999 -0.000785816 0.000126967 0.000785761 0.999999 0.0002191 -0.000127311 -0.0002189 1 0.0244275 0.13732 -0.0633152
FixedParameters: 0 0 0

#Transform 31
Transform: AffineTransform_float_3_3
Parameters: 0.999999 -0.0006288 0.000497075 0.00062863 1 0.000171312 -0.00049729 -0.000170687 1 0.0417643 0.126274 -0.0518705
FixedParameters: 0 0 0

#Transform 32
Transform: AffineTransform_float_3_3
Parameters: 0.999999 -0.000946346 -0.00025131 0.000946411 0.999999 0.000128762 0.000251066 -0.000129237 1 0.0561126 0.139608 -0.0590683
FixedParameters: 0 0 0

#Transform 33
Transform: AffineTransform_float_3_3
Parameters: 1 -0.000172223 0.000354442 0.000172158 1 9.2061e-05 -0.000354474 -9.19389e-05 1 0.0282297 0.133594 -0.0514199
FixedParameters: 0 0 0

#Transform 34
Transform: AffineTransform_float_3_3
Parameters: 1 0.000380724 -5.51076e-05 -0.000380714 1 9.20211e-05 5.51776e-05 -9.19791e-05 1 0.0214511 0.140359 -0.0567798
FixedParameters: 0 0 0

#Transform 35
Transform: AffineTransform_float_3_3
Parameters: 1 0.000455923 -0.000110812 -0.000455855 1 0.000304051 0.000111089 -0.000303949 1 0.0265658 0.132829 -0.0473402
FixedParameters: 0 0 0

#Transform 36
Transform: AffineTransform_float_3_3
Parameters: 1 0.000196891 1.85953e-05 -0.000196902 1 0.000279996 -1.84851e-05 -0.000280004 1 0.00974247 0.122127 -0.0540437
FixedParameters: 0 0 0

#Transform 37
Transform: AffineTransform_float_3_3
Parameters: 1 -1.25582e-06 9.17792e-05 1.60966e-06 1 0.000202 -9.08593e-05 -0.000202 1 0.00583766 0.111209 -0.0479392
FixedParameters: 0 0 0

#Transform 38
Transform: AffineTransform_float_3_3
Parameters: 1 0.000219407 -3.3324e-05 -0.00021939 1 0.000253007 3.3435e-05 -0.000252993 1 0.0140567 0.139101 -0.0616578
FixedParameters: 0 0 0

#Transform 39
Transform: AffineTransform_float_3_3
Parameters: 0.999999 -0.000747063 -0.000134821 0.000747065 0.999999 6.89914e-06 0.00013481 -7.10057e-06 1 0.029377 0.165478 -0.0705204
FixedParameters: 0 0 0

#Transform 40
Transform: AffineTransform_float_3_3
Parameters: 1 -0.000158979 0.000170645 0.000158917 1 0.000182027 -0.000170703 -0.000181973 1 -0.0099438 0.137649 -0.0544169
FixedParameters: 0 0 0

#Transform 41
Transform: AffineTransform_float_3_3
Parameters: 1 0.000181355 0.000296728 -0.000181359 1 6.94621e-06 -0.000296725 -7.05384e-06 1 0.0197067 0.156997 -0.0635339
FixedParameters: 0 0 0

#Transform 42
Transform: AffineTransform_float_3_3
Parameters: 1 0.000136313 0.000213735 -0.000136375 1 0.000143971 -0.000213696 -0.000144029 1 0.00991728 0.131064 -0.0498194
FixedParameters: 0 0 0

#Transform 43
Transform: AffineTransform_float_3_3
Parameters: 1 0.000302398 0.000367037 -0.000302485 1 0.000118889 -0.000366965 -0.000119111 1 -0.0125772 0.119569 -0.0397163
FixedParameters: 0 0 0

#Transform 44
Transform: AffineTransform_float_3_3
Parameters: 1 0.000358344 0.000224861 -0.000358347 1 6.91948e-06 -0.000224856 -7.08064e-06 1 -0.000571487 0.133744 -0.0512688
FixedParameters: 0 0 0

#Transform 45
Transform: AffineTransform_float_3_3
Parameters: 1 -0.0002877 0.000417608 0.000287694 1 7.27274e-06 -0.000417613 -7.72711e-06 1 0.00576147 0.144101 -0.0595447
FixedParameters: 0 0 0

#Transform 46
Transform: AffineTransform_float_3_3
Parameters: 1 -0.000507702 0.000426416 0.000507894 1 -0.000224784 -0.000426187 0.000225216 1 -0.015603 0.167984 -0.0715271
FixedParameters: 0 0 0

#Transform 47
Transform: AffineTransform_float_3_3
Parameters: 0.999999 -0.000820278 0.000235305 0.000820328 1 -0.00010696 -0.000235128 0.00010804 1 0.0109476 0.148107 -0.0575002
FixedParameters: 0 0 0

#Transform 48
Transform: AffineTransform_float_3_3
Parameters: 0.999999 -0.000733363 0.000120158 0.000733382 0.999999 -7.9912e-05 -0.00012004 8.00882e-05 1 0.0222624 0.159655 -0.0683907
FixedParameters: 0 0 0

#Transform 49
Transform: AffineTransform_float_3_3
Parameters: 1 -0.000343308 0.000217477 0.00034336 1 -0.000118925 -0.000217396 0.000119075 1 -0.0092233 0.141862 -0.0554676
FixedParameters: 0 0 0

#Transform 50
Transform: AffineTransform_float_3_3
Parameters: 1 4.39976e-06 0.000547829 -4.40799e-06 1 7.15024e-06 -0.000547829 -7.84972e-06 1 -0.017274 0.129299 -0.0488059
FixedParameters: 0 0 0

#Transform 51
Transform: AffineTransform_float_3_3
Parameters: 0.999999 -0.000481251 0.000532355 0.000481243 0.999999 7.40875e-06 -0.000532362 -7.59101e-06 1 -0.00905245 0.114355 -0.0433977
FixedParameters: 0 0 0

#Transform 52
Transform: AffineTransform_float_3_3
Parameters: 0.999999 -0.000780226 0.000160798 0.000780291 0.999999 -0.000199875 -0.000160486 0.000200125 1 0.00375219 0.142935 -0.0603501
FixedParameters: 0 0 0

#Transform 53
Transform: AffineTransform_float_3_3
Parameters: 0.999999 -0.000682435 0.000260598 0.00068221 0.999999 -0.000318822 -0.000261083 0.000319178 1 0.0047957 0.15722 -0.0610505
FixedParameters: 0 0 0

#Transform 54
Transform: AffineTransform_float_3_3
Parameters: 1 -0.000295388 0.000627279 0.000295378 1 7.33787e-06 -0.000627284 -7.66195e-06 1 -0.0324884 0.139168 -0.0499687
FixedParameters: 0 0 0

#Transform 55
Transform: AffineTransform_float_3_3
Parameters: 1 -0.000190864 0.000179911 0.000190911 1 -0.000129966 -0.000179861 0.000130034 1 -0.0225745 0.14978 -0.0586006
FixedParameters: 0 0 0

#Transform 56
Transform: AffineTransform_float_3_3
Parameters: 1 -0.00052559 0.000159221 0.000525706 1 -0.000364916 -0.000158838 0.000365084 1 0.00548581 0.154125 -0.0565799
FixedParameters: 0 0 0

#Transform 57
Transform: AffineTransform_float_3_3
Parameters: 1 -0.000518651 0.000111544 0.000518661 1 -4.59423e-05 -0.000111497 4.60579e-05 1 0.00951103 0.165954 -0.0641251
FixedParameters: 0 0 0

#Transform 58
Transform: AffineTransform_float_3_3
Parameters: 1 0.000106874 0.000456533 -0.000106881 1 7.10388e-06 -0.000456531 -7.89612e-06 1 -0.0205512 0.14554 -0.0622493
FixedParameters: 0 0 0

#Transform 59
Transform: AffineTransform_float_3_3
Parameters: 0.999999 -0.000390254 0.000667492 0.000390135 1 8.92603e-05 -0.000667561 -8.87394e-05 1 -0.0297349 0.103908 -0.0344005
FixedParameters: 0 0 0

#Transform 60
Transform: AffineTransform_float_3_3
Parameters: 0.999999 -0.000875077 -0.000178804 0.000875716 0.999999 0.00069369 0.00017851 -0.000693308 0.999999 0.0283953 0.104586 -0.00661847
FixedParameters: 0 0 0

#Transform 61
Transform: AffineTransform_float_3_3
Parameters: 0.999999 -0.000995124 0.000163615 0.000995051 0.999999 0.000223163 -0.000164058 -0.000222837 1 0.00635228 0.118082 -0.0347906
FixedParameters: 0 0 0

#Transform 62
Transform: AffineTransform_float_3_3
Parameters: 1 -0.000439149 0.000129913 0.000439147 1 7.05696e-06 -0.00012992 -6.94285e-06 1 0.00636327 0.127567 -0.0498145
FixedParameters: 0 0 0

#Transform 63
Transform: AffineTransform_float_3_3
Parameters: 1 -0.000563137 2.72458e-05 0.000563142 1 -8.39848e-05 -2.71511e-05 8.40154e-05 1 0.00596664 0.157242 -0.0615886
FixedParameters: 0 0 0

#Transform 64
Transform: AffineTransform_float_3_3
Parameters: 0.999999 -0.000903269 0.000380149 0.000903263 0.999999 7.34318e-06 -0.000380161 -6.65642e-06 1 -0.00807335 0.128818 -0.0514806
FixedParameters: 0 0 0

#Transform 65
Transform: AffineTransform_float_3_3
Parameters: 0.999999 -0.000852401 0.000341314 0.000852492 0.999999 -0.000131709 -0.000341089 0.000132291 1 0.01155 0.14606 -0.056028
FixedParameters: 0 0 0

#Transform 66
Transform: AffineTransform_float_3_3
Parameters: 1 -0.000992368 0.000357068 0.000992323 1 6.29945e-05 -0.000357193 -6.30051e-05 1 0.000843374 0.140789 -0.0615998
FixedParameters: 0 0 0

#Transform 67
Transform: AffineTransform_float_3_3
Parameters: 1 -0.000536279 0.00024403 0.000536353 1 -0.000152869 -0.000243866 0.000153131 1 -0.00350456 0.137449 -0.0506187
FixedParameters: 0 0 0

#Transform 68
Transform: AffineTransform_float_3_3
Parameters: 1 -0.000374805 0.000204719 0.000374802 0.999999 7.22932e-06 -0.000204725 -7.77052e-06 1 -0.00284798 0.117679 -0.050396
FixedParameters: 0 0 0

#Transform 69
Transform: AffineTransform_float_3_3
Parameters: 0.999999 -0.000831416 0.000485444 0.000831408 0.999999 7.55609e-06 -0.000485456 -7.44353e-06 1 0.00598883 0.114713 -0.0457909
FixedParameters: 0 0 0

#Transform 70
Transform: AffineTransform_float_3_3
Parameters: 0.999999 -0.000704518 0.000469603 0.000704511 0.999999 7.48335e-06 -0.000469613 -7.51632e-06 1 0.0159431 0.12611 -0.0493099
FixedParameters: 0 0 0

#Transform 71
Transform: AffineTransform_float_3_3
Parameters: 1 -0.000896085 0.000466181 0.000896078 1 7.21055e-06 -0.000466194 -7.78906e-06 1 -0.00554186 0.131971 -0.04887
FixedParameters: 0 0 0

#Transform 72
Transform: AffineTransform_float_3_3
Parameters: 0.999999 -0.00146737 0.000343656 0.00146736 0.999999 7.14431e-06 -0.000343677 -6.85507e-06 1 0.0123672 0.116766 -0.04304
FixedParameters: 0 0 0

#Transform 73
Transform: AffineTransform_float_3_3
Parameters: 1 -0.00104973 0.000329471 0.00104941 1 -0.000108014 -0.000330164 0.000107987 1 0.00898986 0.141795 -0.0511199
FixedParameters: 0 0 0

#Transform 74
Transform: AffineTransform_float_3_3
Parameters: 1 -0.00105527 0.000137228 0.00105527 1 6.78494e-06 -0.000137243 -7.21464e-06 1 0.0186473 0.131697 -0.0513392
FixedParameters: 0 0 0

#Transform 75
Transform: AffineTransform_float_3_3
Parameters: 0.999999 -0.00137978 0.000455309 0.00137978 0.999999 7.26827e-06 -0.000455328 -6.73113e-06 1 0.0212322 0.140336 -0.0536006
FixedParameters: 0 0 0

#Transform 76
Transform: AffineTransform_float_3_3
Parameters: 1 -0.00104873 0.000147546 0.00104874 1 -4.42052e-05 -0.000147454 4.37952e-05 1 -0.000147836 0.116531 -0.0346478
FixedParameters: 0 0 0

#Transform 77
Transform: AffineTransform_float_3_3
Parameters: 0.999999 -0.000893482 0.000208695 0.000893479 0.999999 7.18628e-06 -0.000208708 -6.81334e-06 1 0.00467382 0.118194 -0.0429126
FixedParameters: 0 0 0

#Transform 78
Transform: AffineTransform_float_3_3
Parameters: 0.999998 -0.00191353 -4.53632e-06 0.001913 0.999998 0.00048312 3.99746e-06 -0.00048388 1 0.0605374 0.114979 -0.014195
FixedParameters: 0 0 0

#Transform 79
Transform: AffineTransform_float_3_3
Parameters: 0.999998 -0.00156621 0.00037701 0.00156585 0.999998 -4.57697e-05 -0.000377787 4.62324e-05 1 0.0273807 0.151312 -0.0534457
FixedParameters: 0 0 0

#Transform 80
Transform: AffineTransform_float_3_3
Parameters: 1 -0.00102036 0.000431902 0.00102027 1 0.000106081 -0.000432118 -0.000105919 1 0.00890451 0.125053 -0.0408785
FixedParameters: 0 0 0

#Transform 81
Transform: AffineTransform_float_3_3
Parameters: 0.999999 -0.000970117 4.35076e-05 0.000970116 0.999999 7.04202e-06 -4.35212e-05 -6.95759e-06 1 0.000554708 0.121633 -0.0396055
FixedParameters: 0 0 0

#Transform 82
Transform: AffineTransform_float_3_3
Parameters: 0.999999 -0.00138747 0.000132586 0.00138745 0.999999 6.08241e-05 -0.000132755 -6.11753e-05 1 0.0413753 0.128627 -0.0412638
FixedParameters: 0 0 0

#Transform 83
Transform: AffineTransform_float_3_3
Parameters: 1 -0.00111325 4.66876e-05 0.00111325 1 6.69209e-06 -4.67031e-05 -7.30746e-06 1 0.0276095 0.132931 -0.0441387
FixedParameters: 0 0 0

#Transform 84
Transform: AffineTransform_float_3_3
Parameters: 0.999999 -0.000823352 5.39966e-05 0.000823351 0.999999 7.04429e-06 -5.40082e-05 -6.95537e-06 1 0.0123036 0.11442 -0.0368326
FixedParameters: 0 0 0

#Transform 85
Transform: AffineTransform_float_3_3
Parameters: 0.999999 -0.000730553 -1.1466e-05 0.000730553 0.999999 6.99148e-06 1.14557e-05 -7.00823e-06 1 0.0276871 0.137178 -0.046484
FixedParameters: 0 0 0

#Transform 86
Transform: AffineTransform_float_3_3
Parameters: 0.999999 -0.00127239 0.00027067 0.00127238 0.999999 6.98447e-06 -0.000270688 -7.015e-06 1 0.016629 0.133442 -0.0521249
FixedParameters: 0 0 0

#Transform 87
Transform: AffineTransform_float_3_3
Parameters: 0.999999 -0.000842883 0.000202537 0.000842538 0.999999 -0.00011183 -0.000203269 0.000112172 1 -0.00728529 0.145931 -0.0528601
FixedParameters: 0 0 0

#Transform 88
Transform: AffineTransform_float_3_3
Parameters: 0.999999 -0.00104968 0.000795359 0.00104966 0.999999 7.62763e-06 -0.000795375 -7.37188e-06 1 -0.0142147 0.146463 -0.056861
FixedParameters: 0 0 0

#Transform 89
Transform: AffineTransform_float_3_3
Parameters: 0.999999 -0.000826001 0.00058766 0.000826238 0.999999 -0.000201362 -0.000587327 0.000201638 1 -0.0184274 0.136558 -0.0160737
FixedParameters: 0 0 0

#Transform 90
Transform: AffineTransform_float_3_3
Parameters: 0.999999 -0.000645791 0.000497906 0.000645783 0.999999 7.47406e-06 -0.000497916 -7.52563e-06 1 -0.0213345 0.132429 -0.0465967
FixedParameters: 0 0 0

#Transform 91
Transform: AffineTransform_float_3_3
Parameters: 0.999999 -0.00144978 2.6496e-06 0.00144924 0.999999 0.000774852 -3.58364e-06 -0.000774148 1 0.00564484 0.122714 0.00342303
FixedParameters: 0 0 0

#Transform 92
Transform: AffineTransform_float_3_3
Parameters: 0.999997 -0.00210031 0.000311262 0.00210027 0.999998 6.77814e-05 -0.000311545 -6.72174e-05 1 0.0310662 0.128124 -0.0321955
FixedParameters: 0 0 0

#Transform 93
Transform: AffineTransform_float_3_3
Parameters: 0.999999 -0.00144407 0.000250115 0.00144406 0.999999 7.00123e-06 -0.000250135 -6.99817e-06 1 0.0190137 0.14236 -0.0483773
FixedParameters: 0 0 0

#Transform 94
Transform: AffineTransform_float_3_3
Parameters: 0.999999 -0.00134798 0.000182169 0.00134797 0.999999 6.88562e-06 -0.000182188 -7.11382e-06 1 0.0173091 0.146868 -0.0501942
FixedParameters: 0 0 0

#Transform 95
Transform: AffineTransform_float_3_3
Parameters: 0.999999 -0.00130833 0.00022183 0.00130832 0.999999 6.9303e-06 -0.000221849 -7.06916e-06 1 0.00575606 0.130255 -0.0341678
FixedParameters: 0 0 0

#Transform 96
Transform: AffineTransform_float_3_3
Parameters: 0.999999 -0.00121687 0.000163454 0.00121686 0.999999 6.83899e-06 -0.000163471 -7.16051e-06 1 -0.0134195 0.126094 -0.041477
FixedParameters: 0 0 0

#Transform 97
Transform: AffineTransform_float_3_3
Parameters: 0.999997 -0.00243345 0.000362905 0.00243361 0.999997 0.000323652 -0.000363559 -0.000323347 1 0.002623 0.121534 -0.0255159
FixedParameters: 0 0 0

#Transform 98
Transform: AffineTransform_float_3_3
Parameters: 0.999997 -0.00212758 0.00115409 0.00212534 0.999996 0.00164653 -0.00115741 -0.00164447 0.999998 -0.0508664 0.0989195 0.0626607
FixedParameters: 0 0 0

#Transform 99
Transform: AffineTransform_float_3_3
Parameters: 0.999999 -0.000706515 0.000577265 0.000706934 0.999999 -0.000362592 -0.000576752 0.000363408 1 -0.0104021 0.154993 -0.0420532
FixedParameters: 0 0 0

#Transform 100
Transform: AffineTransform_float_3_3
Parameters: 0.999999 -0.000940998 0.000919015 0.000939918 1 0.000587504 -0.000920119 -0.000586494 0.999999 -0.0509049 0.122172 -0.0101705
FixedParameters: 0 0 0

#Transform 101
Transform: AffineTransform_float_3_3
Parameters: 1 -0.000962472 0.0004991 0.000961879 0.999999 -0.000328727 -0.000498077 0.000328273 1 -0.0242566 0.131691 -0.0279701
FixedParameters: 0 0 0

#Transform 102
Transform: AffineTransform_float_3_3
Parameters: 1 -0.0010632 0.000433351 0.00106317 1 -0.0004139 -0.000433392 0.000414102 1 -0.00784845 0.150957 -0.040121
FixedParameters: 0 0 0

#Transform 103
Transform: AffineTransform_float_3_3
Parameters: 0.999998 -0.00153796 0.000461385 0.00153822 0.999998 0.00013935 -0.000460892 -0.000138651 1 -0.0119754 0.139905 -0.0222903
FixedParameters: 0 0 0

#Transform 104
Transform: AffineTransform_float_3_3
Parameters: 0.999997 -0.0015915 0.00141487 0.00159187 0.999999 -0.000268315 -0.00141493 0.000270686 0.999999 -0.0570285 0.117124 -0.0235783
FixedParameters: 0 0 0

#Transform 105
Transform: AffineTransform_float_3_3
Parameters: 0.999999 -0.00140078 0.000372372 0.00140088 0.999999 0.000389162 -0.000372541 -0.000388838 1 0.0100198 0.103038 -0.0105071
FixedParameters: 0 0 0

#Transform 106
Transform: AffineTransform_float_3_3
Parameters: 0.999997 -0.00200848 0.000717123 0.00200832 0.999998 -0.00015828 -0.000717405 0.000159722 1 -0.0168187 0.115234 -0.0390783
FixedParameters: 0 0 0

#Transform 107
Transform: AffineTransform_float_3_3
Parameters: 0.999998 -0.00201864 0.000961903 0.00201838 0.999998 0.000139862 -0.000962464 -0.000138136 1 -0.0316302 0.13052 0.0217364
FixedParameters: 0 0 0

#Transform 108
Transform: AffineTransform_float_3_3
Parameters: 0.999997 -0.0026242 0.000566893 0.0026244 0.999996 -0.000177745 -0.000565956 0.000179255 1 -0.0108769 0.128767 0.0104874
FixedParameters: 0 0 0

#Transform 109
Transform: AffineTransform_float_3_3
Parameters: 0.999998 -0.00190457 2.4699e-05 0.00190456 0.999998 0.000250175 -2.56532e-05 -0.000250823 1 0.0140993 0.140537 0.0319713
FixedParameters: 0 0 0

#Transform 110
Transform: AffineTransform_float_3_3
Parameters: 0.999999 -0.00129852 0.00022314 0.00129844 0.999998 -0.00158307 -0.00022087 0.00158293 0.999999 0.00887534 0.187299 0.0239823
FixedParameters: 0 0 0

#Transform 111
Transform: AffineTransform_float_3_3
Parameters: 0.999999 -0.00168541 0.000651458 0.00168517 0.999999 0.000483379 -0.000652166 -0.000482621 1 0.00268203 0.121622 -0.00434031
FixedParameters: 0 0 0

#Transform 112
Transform: AffineTransform_float_3_3
Parameters: 0.999999 -0.00121002 0.00041751 0.00120971 0.999999 0.000372145 -0.00041841 -0.000371853 1 -0.00729113 0.137584 0.0575836
FixedParameters: 0 0 0

#Transform 113
Transform: AffineTransform_float_3_3
Parameters: 0.999999 -0.00156723 -1.62433e-05 0.00156682 0.999998 -0.000474386 1.68084e-05 0.000473615 1 0.0410947 0.157992 -0.0227736
FixedParameters: 0 0 0

#Transform 114
Transform: AffineTransform_float_3_3
Parameters: 0.999999 -0.0018687 -7.64464e-05 0.0018687 0.999998 0.000904194 7.52995e-05 -0.000903807 1 0.0349446 0.117734 0.0160149
FixedParameters: 0 0 0

#Transform 115
Transform: AffineTransform_float_3_3
Parameters: 0.999999 -0.00174171 -0.000107669 0.00174179 0.999998 0.0010553 0.000106224 -0.0010557 1 0.000539645 0.105947 0.0347563
FixedParameters: 0 0 0

#Transform 116
Transform: AffineTransform_float_3_3
Parameters: 0.999997 -0.00213567 0.000130315 0.00213508 0.999997 0.000257406 -0.000130104 -0.000257594 1 0.0346224 0.125065 -0.0113568
FixedParameters: 0 0 0

#Transform 117
Transform: AffineTransform_float_3_3
Parameters: 1 -0.000800816 0.000916341 0.000801054 1 0.000372527 -0.000917329 -0.000372473 1 -0.0548619 0.146508 0.0711887
FixedParameters: 0 0 0

#Transform 118
Transform: AffineTransform_float_3_3
Parameters: 0.999998 -0.00165569 0.000373375 0.00165597 0.999998 0.000141258 -0.000372921 -0.000140742 1 -0.00296282 0.124801 -0.0223426
FixedParameters: 0 0 0

#Transform 119
Transform: AffineTransform_float_3_3
Parameters: 0.999999 -0.00102927 0.00111767 0.00102871 0.999999 0.000253943 -0.00111819 -0.000253056 0.999999 -0.0452227 0.12732 0.00406365
FixedParameters: 0 0 0

#Transform 120
Transform: AffineTransform_float_3_3
Parameters: 0.999999 -0.000589479 0.00111401 0.000589764 1 -0.000127343 -0.00111386 0.000128657 0.999999 -0.0613454 0.164582 0.0738536
FixedParameters: 0 0 0

#Transform 121
Transform: AffineTransform_float_3_3
Parameters: 0.999999 -0.00124547 0.000822633 0.00124574 0.999999 -0.000403335 -0.000822547 0.000404665 0.999999 -0.0130998 0.151716 0.0251128
FixedParameters: 0 0 0

#Transform 122
Transform: AffineTransform_float_3_3
Parameters: 0.999998 -0.00169979 0.00107144 0.00169905 0.999998 0.000956462 -0.00107416 -0.000953535 0.999999 -0.0109012 0.116734 0.0612677
FixedParameters: 0 0 0

#Transform 123
Transform: AffineTransform_float_3_3
Parameters: 0.999998 -0.00179131 0.000855228 0.00179064 0.999998 0.000847813 -0.000856421 -0.000846186 0.999999 -0.0293167 0.124017 0.0165969
FixedParameters: 0 0 0

#Transform 124
Transform: AffineTransform_float_3_3
Parameters: 0.999997 -0.00186223 0.00102544 0.0018627 0.999997 -0.000609658 -0.00102501 0.000611344 0.999999 -0.052553 0.166858 -0.00864246
FixedParameters: 0 0 0

#Transform 125
Transform: AffineTransform_float_3_3
Parameters: 0.999998 -0.00187122 0.000940668 0.00187138 0.999998 0.000123194 -0.000940206 -0.000121807 1 -0.0331461 0.131704 -0.0438219
FixedParameters: 0 0 0

#Transform 126
Transform: AffineTransform_float_3_3
Parameters: 0.999997 -0.00213686 0.000486051 0.00213662 0.999997 0.000244319 -0.000487094 -0.000243679 1 -0.0249474 0.122122 -0.00872617
FixedParameters: 0 0 0

#Transform 127
Transform: AffineTransform_float_3_3
Parameters: 0.999997 -0.00209187 0.000566318 0.00209078 0.999997 0.000494465 -0.000567073 -0.000493534 1 -0.0265463 0.143338 0.0487891
FixedParameters: 0 0 0

#Transform 128
Transform: AffineTransform_float_3_3
Parameters: 0.999998 -0.00206101 0.00036751 0.00206104 0.999997 0.000494039 -0.000368626 -0.00049396 1 -0.00177716 0.129693 -0.0229998
FixedParameters: 0 0 0

#Transform 129
Transform: AffineTransform_float_3_3
Parameters: 0.999998 -0.00115927 0.0017465 0.00115729 0.999999 0.00131897 -0.00174849 -0.00131703 0.999998 -0.0696847 0.112577 0.0546738
FixedParameters: 0 0 0

#Transform 130
Transform: AffineTransform_float_3_3
Parameters: 0.999998 -0.00160134 0.00125711 0.00159934 0.999996 0.00230145 -0.00126065 -0.00229955 0.999997 -0.0473807 0.110411 0.147082
FixedParameters: 0 0 0

#Transform 131
Transform: AffineTransform_float_3_3
Parameters: 0.999999 -0.000614639 0.0013805 0.000610448 0.999995 0.003083 -0.00138177 -0.003082 0.999994 -0.0688142 0.111974 0.148167
FixedParameters: 0 0 0

#Transform 132
Transform: AffineTransform_float_3_3
Parameters: 1 -0.000361215 0.000965293 0.000358216 0.999998 0.0022315 -0.000966369 -0.0022315 0.999997 -0.0512283 0.116737 0.105917
FixedParameters: 0 0 0

#Transform 133
Transform: AffineTransform_float_3_3
Parameters: 0.999999 -0.000378136 0.00130278 0.000373967 0.999996 0.00295849 -0.00130434 -0.00295751 0.999995 -0.0518393 0.126095 0.167377
FixedParameters: 0 0 0

#Transform 134
Transform: AffineTransform_float_3_3
Parameters: 0.999999 -0.000623893 0.0011629 0.000620303 0.999995 0.00323188 -0.00116533 -0.00323113 0.999995 -0.0615775 0.118589 0.181985
FixedParameters: 0 0 0

#Transform 135
Transform: AffineTransform_float_3_3
Parameters: 0.999999 -0.00108456 0.0009182 0.00108221 0.999996 0.00262815 -0.000920602 -0.00262685 0.999997 -0.0306626 0.122041 0.175743
FixedParameters: 0 0 0

#Transform 136
Transform: AffineTransform_float_3_3
Parameters: 0.999999 -0.000798451 0.00127353 0.000794212 0.999995 0.00299917 -0.0012754 -0.00299783 0.999995 -0.02767 0.114314 0.145277
FixedParameters: 0 0 0

#Transform 137
Transform: AffineTransform_float_3_3
Parameters: 0.999999 -0.000803928 0.00122701 0.000799968 0.999995 0.00299914 -0.00122892 -0.00299786 0.999995 -0.0465841 0.1273 0.19509
FixedParameters: 0 0 0

#Transform 138
Transform: AffineTransform_float_3_3
Parameters: 0.999998 -0.000921436 0.00130591 0.00091726 0.999995 0.00290035 -0.00130834 -0.00289865 0.999995 -0.0388815 0.121826 0.14832
FixedParameters: 0 0 0

#Transform 139
Transform: AffineTransform_float_3_3
Parameters: 0.999999 -0.00102607 0.00105776 0.00102324 0.999995 0.00312788 -0.00106035 -0.00312712 0.999995 -0.0447125 0.131847 0.216112
FixedParameters: 0 0 0

#Transform 140
Transform: AffineTransform_float_3_3
Parameters: 0.999999 -0.000273585 0.00183677 0.000269895 0.999997 0.00221917 -0.00183769 -0.00221884 0.999996 -0.0661576 0.143955 0.173507
FixedParameters: 0 0 0

#Transform 141
Transform: AffineTransform_float_3_3
Parameters: 0.999999 -0.00101835 0.00107615 0.00101532 0.999994 0.00316889 -0.00107877 -0.00316811 0.999994 -0.0316325 0.120743 0.161206
FixedParameters: 0 0 0

#Transform 142
Transform: AffineTransform_float_3_3
Parameters: 0.999999 -0.000522646 0.00178451 0.000517077 0.999995 0.00302959 -0.00178554 -0.00302841 0.999994 -0.0751121 0.123497 0.194149
FixedParameters: 0 0 0

#Transform 143
Transform: AffineTransform_float_3_3
Parameters: 0.999999 -0.000699488 0.00101741 0.000696411 0.999993 0.00363286 -0.00101997 -0.00363214 0.999993 -0.0371668 0.131226 0.240591
FixedParameters: 0 0 0

#Transform 144
Transform: AffineTransform_float_3_3
Parameters: 0.999998 -0.000452917 0.00165349 0.000446843 0.999993 0.00370026 -0.00165509 -0.00369874 0.999992 -0.0568265 0.127171 0.213295
FixedParameters: 0 0 0

#Transform 145
Transform: AffineTransform_float_3_3
Parameters: 0.999999 -0.000595793 0.00176241 0.000589135 0.999993 0.00363656 -0.00176499 -0.00363444 0.999992 -0.078739 0.124034 0.237962
FixedParameters: 0 0 0

#Transform 146
Transform: AffineTransform_float_3_3
Parameters: 0.999998 -0.000653831 0.00193705 0.000650483 0.999999 0.00177857 -0.0019387 -0.00177743 0.999997 -0.0699937 0.124548 0.17327
FixedParameters: 0 0 0

#Transform 147
Transform: AffineTransform_float_3_3
Parameters: 0.999997 -0.000385648 0.0021158 0.000380362 0.999996 0.00261348 -0.00211699 -0.00261252 0.999994 -0.0567033 0.127615 0.168399
FixedParameters: 0 0 0

#Transform 148
Transform: AffineTransform_float_3_3
Parameters: 0.999998 -0.00056164 0.00186029 0.000555688 0.999994 0.00325534 -0.0018622 -0.00325465 0.999993 -0.0809278 0.141808 0.250046
FixedParameters: 0 0 0

#Transform 149
Transform: AffineTransform_float_3_3
Parameters: 0.999998 -0.000305673 0.00190923 0.000297924 0.999992 0.00388424 -0.00191024 -0.00388376 0.999991 -0.0645205 0.13091 0.244175
FixedParameters: 0 0 0

#Transform 150
Transform: AffineTransform_float_3_3
Parameters: 0.999998 -0.00067157 0.00219809 0.000663971 0.999994 0.00342793 -0.00220041 -0.00342707 0.999991 -0.071454 0.138711 0.186269
FixedParameters: 0 0 0

#Transform 151
Transform: AffineTransform_float_3_3
Parameters: 0.999997 -0.00107807 0.00191877 0.00107357 0.999996 0.00229952 -0.00192121 -0.00229748 0.999996 -0.0678083 0.126686 0.205835
FixedParameters: 0 0 0

#Transform 152
Transform: AffineTransform_float_3_3
Parameters: 0.999998 -0.00122038 0.00148616 0.00121531 0.999993 0.00341876 -0.00149014 -0.00341724 0.999993 -0.0307877 0.141089 0.216376
FixedParameters: 0 0 0

#Transform 153
Transform: AffineTransform_float_3_3
Parameters: 0.999998 -0.00158926 0.00133974 0.00158337 0.99999 0.00389807 -0.00134644 -0.00389592 0.999992 -0.0396695 0.143494 0.252468
FixedParameters: 0 0 0

#Transform 154
Transform: AffineTransform_float_3_3
Parameters: 0.999999 -0.000803105 0.00128337 0.000800128 0.999998 0.00197482 -0.00128417 -0.00197418 0.999997 -0.0610837 0.147098 0.194767
FixedParameters: 0 0 0

#Transform 155
Transform: AffineTransform_float_3_3
Parameters: 0.999999 -0.000764179 0.00120972 0.000760944 0.999996 0.00258108 -0.00121168 -0.00257992 0.999996 -0.051719 0.117991 0.148423
FixedParameters: 0 0 0

#Transform 156
Transform: AffineTransform_float_3_3
Parameters: 0.999998 -0.000501592 0.00205882 0.000495256 0.999995 0.00303569 -0.00206012 -0.00303431 0.999993 -0.0802399 0.132916 0.194078
FixedParameters: 0 0 0

#Transform 157
Transform: AffineTransform_float_3_3
Parameters: 0.999999 -0.000743876 0.00131793 0.000740111 0.999996 0.00291813 -0.00132067 -0.00291687 0.999995 -0.0485492 0.150076 0.217756
FixedParameters: 0 0 0

#Transform 158
Transform: AffineTransform_float_3_3
Parameters: 0.999999 -0.000978798 0.00153531 0.000974546 0.999996 0.00279129 -0.00153825 -0.0027897 0.999994 -0.0620079 0.119734 0.140871
FixedParameters: 0 0 0

#Transform 159
Transform: AffineTransform_float_3_3
Parameters: 0.999999 -0.00107893 0.00134582 0.00107531 0.999996 0.00246424 -0.00134915 -0.00246275 0.999996 -0.0620645 0.14378 0.187719
FixedParameters: 0 0 0

#Transform 160
Transform: AffineTransform_float_3_3
Parameters: 0.999999 -0.00107041 0.00137138 0.00106772 0.999996 0.00255577 -0.00137433 -0.00255423 0.999996 -0.0457971 0.14196 0.171651
FixedParameters: 0 0 0

#Transform 161
Transform: AffineTransform_float_3_3
Parameters: 0.999999 -0.0010155 0.00152036 0.00101036 0.999996 0.00280869 -0.00152315 -0.00280631 0.999995 -0.0561617 0.141849 0.19757
FixedParameters: 0 0 0

#Transform 162
Transform: AffineTransform_float_3_3
Parameters: 0.999998 -0.00102683 0.00136926 0.00102279 0.999996 0.00257071 -0.00137255 -0.00256929 0.999996 -0.0612014 0.160753 0.244385
FixedParameters: 0 0 0

#Transform 163
Transform: AffineTransform_float_3_3
Parameters: 0.999998 -0.000983215 0.00161081 0.000979448 0.999997 0.00222553 -0.00161228 -0.00222447 0.999996 -0.0515335 0.171959 0.200799
FixedParameters: 0 0 0

#Transform 164
Transform: AffineTransform_float_3_3
Parameters: 0.999999 -0.000856974 0.00157818 0.00085296 0.999997 0.0022253 -0.00158 -0.0022247 0.999996 -0.0742409 0.17788 0.208117
FixedParameters: 0 0 0

#Transform 165
Transform: AffineTransform_float_3_3
Parameters: 0.999999 -0.00134382 0.00122969 0.00134129 0.999996 0.00240944 -0.00123326 -0.00240755 0.999996 -0.0369576 0.175433 0.240347
FixedParameters: 0 0 0

#Transform 166
Transform: AffineTransform_float_3_3
Parameters: 0.999998 -0.00118974 0.00152948 0.00118545 0.999995 0.00294177 -0.00153304 -0.00294024 0.999995 -0.0453689 0.156353 0.226085
FixedParameters: 0 0 0

#Transform 167
Transform: AffineTransform_float_3_3
Parameters: 0.999999 -0.0012262 0.00140458 0.00122127 0.999994 0.00309951 -0.00140834 -0.00309748 0.999994 -0.0555452 0.159965 0.254985
FixedParameters: 0 0 0

#Transform 168
Transform: AffineTransform_float_3_3
Parameters: 0.999998 -0.00111331 0.00115093 0.00111022 0.999996 0.00242107 -0.00115302 -0.00241993 0.999996 -0.0357209 0.162764 0.236423
FixedParameters: 0 0 0

#Transform 169
Transform: AffineTransform_float_3_3
Parameters: 0.999999 -0.00123374 0.000913387 0.00123264 0.999998 0.00152977 -0.000915708 -0.00152823 0.999998 -0.0313229 0.164913 0.182354
FixedParameters: 0 0 0

#Transform 170
Transform: AffineTransform_float_3_3
Parameters: 0.999999 -0.00117697 0.00131369 0.00117441 0.999997 0.00227034 -0.00131613 -0.00226866 0.999997 -0.0503976 0.168909 0.228792
FixedParameters: 0 0 0

#Transform 171
Transform: AffineTransform_float_3_3
Parameters: 0.999998 -0.0012888 0.00102458 0.00128734 0.999997 0.00154011 -0.0010271 -0.00153888 0.999998 -0.0284813 0.177038 0.212492
FixedParameters: 0 0 0

#Transform 172
Transform: AffineTransform_float_3_3
Parameters: 0.999999 -0.00142463 0.00117938 0.00142176 0.999996 0.00227047 -0.00118255 -0.00226853 0.999997 -0.0397867 0.158839 0.21696
FixedParameters: 0 0 0

#Transform 173
Transform: AffineTransform_float_3_3
Parameters: 0.999998 -0.001438 0.000835913 0.00143726 0.999998 0.00146084 -0.000838661 -0.00145915 0.999998 -0.0167634 0.161993 0.15725
FixedParameters: 0 0 0

#Transform 174
Transform: AffineTransform_float_3_3
Parameters: 0.999998 -0.00109474 0.00121456 0.00109234 0.999998 0.00184912 -0.00121623 -0.00184788 0.999998 -0.0457035 0.175341 0.177501
FixedParameters: 0 0 0

#Transform 175
Transform: AffineTransform_float_3_3
Parameters: 0.999999 -0.00110881 0.000810755 0.00110724 0.999999 0.00145454 -0.000812136 -0.00145346 0.999998 -0.0350579 0.181316 0.216741
FixedParameters: 0 0 0

#Transform 176
Transform: AffineTransform_float_3_3
Parameters: 0.999999 -0.00100164 0.00156674 0.00099814 0.999997 0.00207772 -0.00156891 -0.00207528 0.999997 -0.0501225 0.155181 0.166674
FixedParameters: 0 0 0

#Transform 177
Transform: AffineTransform_float_3_3
Parameters: 0.999998 -0.00119585 0.0015242 0.00119296 0.999997 0.00249326 -0.00152672 -0.00249175 0.999995 -0.0619659 0.148656 0.194411
FixedParameters: 0 0 0

#Transform 178
Transform: AffineTransform_float_3_3
Parameters: 0.999997 -0.000840935 0.00199919 0.000836329 0.999997 0.00213513 -0.00200118 -0.00213386 0.999996 -0.0809133 0.161547 0.238361
FixedParameters: 0 0 0

#Transform 179
Transform: AffineTransform_float_3_3
Parameters: 0.999998 -0.00112624 0.00154961 0.00112277 0.999997 0.00221754 -0.00155169 -0.00221546 0.999996 -0.0414236 0.166788 0.220807
FixedParameters: 0 0 0
