# transform file /out/sourcedata/freesurfer/sub-v1s10x0051075_ses-1/mri/transforms/cc_up.lta
# created by oesteban on Thu Mar 12 07:28:52 2026

type      = 0 # LINEAR_VOX_TO_VOX
nxforms   = 1
mean      = 129.0000 135.0000 133.0000
sigma     = 10000.0000
1 4 4
9.901264309883118e-01 -3.295391425490379e-02 -1.362479329109192e-01 2.081355857849121e+01 
3.264627605676651e-02 9.994567632675171e-01 -4.492343403398991e-03 8.402831077575684e+00 
1.363219767808914e-01 4.656612317965880e-10 9.906644821166992e-01 -1.749949645996094e+01 
0.000000000000000e+00 0.000000000000000e+00 0.000000000000000e+00 1.000000000000000e+00 
src volume info
valid = 1  # volume info valid
filename = /out/sourcedata/freesurfer/sub-v1s10x0051075_ses-1/mri/norm.mgz
volume = 256 256 256
voxelsize = 1.000000000000000e+00 1.000000000000000e+00 1.000000000000000e+00
xras   = -1.000000000000000e+00 0.000000000000000e+00 0.000000000000000e+00
yras   = 0.000000000000000e+00 0.000000000000000e+00 -1.000000000000000e+00
zras   = 0.000000000000000e+00 1.000000000000000e+00 0.000000000000000e+00
cras   = 1.512295532226562e+01 1.000000000000000e+00 -1.168670654296875e+00
dst volume info
valid = 1  # volume info valid
filename = /out/sourcedata/freesurfer/sub-v1s10x0051075_ses-1/mri/norm.mgz
volume = 256 256 256
voxelsize = 1.000000000000000e+00 1.000000000000000e+00 1.000000000000000e+00
xras   = -1.000000000000000e+00 0.000000000000000e+00 0.000000000000000e+00
yras   = 0.000000000000000e+00 0.000000000000000e+00 -1.000000000000000e+00
zras   = 0.000000000000000e+00 1.000000000000000e+00 0.000000000000000e+00
cras   = 1.512295532226562e+01 1.000000000000000e+00 -1.168670654296875e+00
