# transform file /out/sourcedata/freesurfer/sub-v1s10x0051104_ses-1/mri/transforms/cc_up.lta
# created by oesteban on Thu Mar 12 08:49:49 2026

type      = 0 # LINEAR_VOX_TO_VOX
nxforms   = 1
mean      = 127.0000 137.0000 115.0000
sigma     = 10000.0000
1 4 4
9.974694848060608e-01 5.524204671382904e-02 -4.475455358624458e-02 -5.506731271743774e-01 
-5.518652498722076e-02 9.984730482101440e-01 2.476114081218839e-03 1.598559188842773e+01 
4.482299834489822e-02 2.328306436538696e-10 9.989949464797974e-01 1.736819267272949e+01 
0.000000000000000e+00 0.000000000000000e+00 0.000000000000000e+00 1.000000000000000e+00 
src volume info
valid = 1  # volume info valid
filename = /out/sourcedata/freesurfer/sub-v1s10x0051104_ses-1/mri/norm.mgz
volume = 256 256 256
voxelsize = 1.000000000000000e+00 1.000000000000000e+00 1.000000000000000e+00
xras   = -1.000000000000000e+00 0.000000000000000e+00 0.000000000000000e+00
yras   = 0.000000000000000e+00 0.000000000000000e+00 -1.000000000000000e+00
zras   = 0.000000000000000e+00 1.000000000000000e+00 0.000000000000000e+00
cras   = -5.118011474609375e+00 -1.168670654296875e+00 -5.506027221679688e+00
dst volume info
valid = 1  # volume info valid
filename = /out/sourcedata/freesurfer/sub-v1s10x0051104_ses-1/mri/norm.mgz
volume = 256 256 256
voxelsize = 1.000000000000000e+00 1.000000000000000e+00 1.000000000000000e+00
xras   = -1.000000000000000e+00 0.000000000000000e+00 0.000000000000000e+00
yras   = 0.000000000000000e+00 0.000000000000000e+00 -1.000000000000000e+00
zras   = 0.000000000000000e+00 1.000000000000000e+00 0.000000000000000e+00
cras   = -5.118011474609375e+00 -1.168670654296875e+00 -5.506027221679688e+00
