#Insight Transform File V1.0
#Transform 0
Transform: AffineTransform_float_3_3
Parameters: 0.999999 0.000407167 -0.00115636 -0.000408124 1 -0.000413528 0.00115602 0.00041447 0.999998 -0.0814617 0.207428 0.38348
FixedParameters: 0 0 0

#Transform 1
Transform: AffineTransform_float_3_3
Parameters: 1 0.000116343 0.000151635 -0.000116596 0.999999 0.000834982 -0.000151441 -0.000835017 0.999999 -0.00665492 0.0750132 -0.0653306
FixedParameters: 0 0 0

#Transform 2
Transform: AffineTransform_float_3_3
Parameters: 1 0.000180903 -5.49376e-05 -0.000180836 1 0.00060701 5.51571e-05 -0.00060699 1 -0.00657485 0.130917 -0.0882064
FixedParameters: 0 0 0

#Transform 3
Transform: AffineTransform_float_3_3
Parameters: 1 9.06245e-05 -0.000306602 -9.00786e-05 0.999999 0.000890027 0.000306763 -0.000889972 0.999999 -0.00543008 0.147264 -0.0961097
FixedParameters: 0 0 0

#Transform 4
Transform: AffineTransform_float_3_3
Parameters: 1 0.00012928 -0.000153651 -0.000129148 1 0.00042902 0.000153762 -0.00042898 1 -0.00570484 0.147065 -0.12155
FixedParameters: 0 0 0

#Transform 5
Transform: AffineTransform_float_3_3
Parameters: 1 0.000116614 -0.000157994 -0.00011637 0.999999 0.000771018 0.000158174 -0.000770981 0.999999 -0.0111543 0.155272 -0.103875
FixedParameters: 0 0 0

#Transform 6
Transform: AffineTransform_float_3_3
Parameters: 1 0.000190271 -3.28141e-05 -0.000190222 0.999999 0.000742006 3.30964e-05 -0.000741993 0.999999 -0.00749443 0.171686 -0.102756
FixedParameters: 0 0 0

#Transform 7
Transform: AffineTransform_float_3_3
Parameters: 1 0.000128801 -0.000144652 -0.000128514 0.999999 0.000991018 0.000144907 -0.00099098 0.999999 0.00419016 0.158919 -0.119328
FixedParameters: 0 0 0

#Transform 8
Transform: AffineTransform_float_3_3
Parameters: 1 6.46229e-05 -0.000295733 -6.45324e-05 1 0.000153019 0.000295753 -0.000152981 1 0.0136425 0.10474 -0.157885
FixedParameters: 0 0 0

#Transform 9
Transform: AffineTransform_float_3_3
Parameters: 1 -0.000121481 -2.77932e-05 0.000121508 1 0.000495996 2.76727e-05 -0.000496003 1 -0.0024775 0.137186 -0.155085
FixedParameters: 0 0 0

#Transform 10
Transform: AffineTransform_float_3_3
Parameters: 1 -0.000431898 0.000101037 0.000431623 0.999999 -0.000569956 -0.000101466 0.000570044 1 0.0207172 0.148299 -0.189165
FixedParameters: 0 0 0

#Transform 11
Transform: AffineTransform_float_3_3
Parameters: 0.999999 -0.00057793 -0.00046574 0.00057842 0.999998 0.00151573 0.000464377 -0.00151627 0.999998 0.0210074 0.145798 -0.13321
FixedParameters: 0 0 0

#Transform 12
Transform: AffineTransform_float_3_3
Parameters: 0.999999 -0.000697246 -0.000126657 0.000697152 0.999999 0.00172791 0.000125559 -0.00172809 0.999999 0.0402064 0.197419 -0.120583
FixedParameters: 0 0 0

#Transform 13
Transform: AffineTransform_float_3_3
Parameters: 1 -0.000975771 3.15185e-05 0.000976073 0.999998 0.00137403 -3.32798e-05 -0.00137397 0.999999 0.051226 0.180929 -0.214961
FixedParameters: 0 0 0

#Transform 14
Transform: AffineTransform_float_3_3
Parameters: 0.999999 -0.000731681 4.18515e-05 0.000732027 1 0.000530878 -4.17075e-05 -0.000530122 0.999999 0.0240476 0.17765 -0.164778
FixedParameters: 0 0 0

#Transform 15
Transform: AffineTransform_float_3_3
Parameters: 1 -0.000181007 0.000126525 0.000180704 1 0.00119602 -0.000126957 -0.00119598 1 0.00659725 0.192882 -0.121382
FixedParameters: 0 0 0

#Transform 16
Transform: AffineTransform_float_3_3
Parameters: 1 -0.000210171 0.000332165 0.000209428 1 0.00111707 -0.000332634 -0.00111693 1 0.00356116 0.193581 -0.112652
FixedParameters: 0 0 0

#Transform 17
Transform: AffineTransform_float_3_3
Parameters: 1 8.58965e-06 -0.000271903 -8.2639e-06 1 0.000599002 0.000271913 -0.000598997 1 0.0441979 0.189675 -0.109532
FixedParameters: 0 0 0

#Transform 18
Transform: AffineTransform_float_3_3
Parameters: 1 -0.00017275 -0.000195078 0.000172155 0.999999 0.000831966 0.000195181 -0.000832033 0.999999 0.0156709 0.18262 -0.102192
FixedParameters: 0 0 0

#Transform 19
Transform: AffineTransform_float_3_3
Parameters: 1 -0.000438587 0.000251727 0.00043793 0.999999 0.00130211 -0.000252868 -0.00130189 0.999999 -0.000593663 0.193919 -0.141979
FixedParameters: 0 0 0

#Transform 20
Transform: AffineTransform_float_3_3
Parameters: 1 0.000131652 0.000170167 -0.000131227 0.999999 0.00145598 -0.000170175 -0.00145602 0.999999 0.00201949 0.183555 -0.14059
FixedParameters: 0 0 0

#Transform 21
Transform: AffineTransform_float_3_3
Parameters: 0.999999 -0.000538137 0.000532521 0.000536893 0.999998 0.00153429 -0.000533249 -0.00153371 0.999998 -0.00372058 0.176546 -0.140741
FixedParameters: 0 0 0

#Transform 22
Transform: AffineTransform_float_3_3
Parameters: 1 -0.000262973 0.000343537 0.000262406 0.999999 0.00139509 -0.000343349 -0.00139491 0.999999 0.00433422 0.166198 -0.158337
FixedParameters: 0 0 0

#Transform 23
Transform: AffineTransform_float_3_3
Parameters: 1 -0.000323779 0.000199768 0.000323115 0.999998 0.00165606 -0.00020084 -0.00165593 0.999998 -0.00187884 0.189137 -0.187356
FixedParameters: 0 0 0

#Transform 24
Transform: AffineTransform_float_3_3
Parameters: 1 -0.000320582 0.000207267 0.000320453 0.999999 0.00125207 -0.000207149 -0.00125193 0.999999 0.00355809 0.173299 -0.184113
FixedParameters: 0 0 0

#Transform 25
Transform: AffineTransform_float_3_3
Parameters: 1 -0.000540948 0.000120001 0.000540939 0.999998 0.00165906 -0.000120875 -0.00165893 0.999998 0.0187778 0.173975 -0.175015
FixedParameters: 0 0 0

#Transform 26
Transform: AffineTransform_float_3_3
Parameters: 0.999999 -0.000784354 0.000150464 0.00078437 0.999999 0.00124097 -0.000151489 -0.00124003 0.999999 0.022933 0.172276 -0.126354
FixedParameters: 0 0 0

#Transform 27
Transform: AffineTransform_float_3_3
Parameters: 1 -0.00050386 0.00034649 0.000503176 0.999998 0.00154917 -0.000347129 -0.00154882 0.999998 0.00908969 0.178505 -0.153387
FixedParameters: 0 0 0

#Transform 28
Transform: AffineTransform_float_3_3
Parameters: 1 -0.000264446 0.000339918 0.000264058 1 0.00114609 -0.000339603 -0.00114591 1 0.000288315 0.183955 -0.162915
FixedParameters: 0 0 0

#Transform 29
Transform: AffineTransform_float_3_3
Parameters: 1 -0.000442523 -8.09837e-05 0.000442189 1 0.00120681 8.12276e-05 -0.00120619 0.999999 0.0163556 0.184675 -0.163081
FixedParameters: 0 0 0

#Transform 30
Transform: AffineTransform_float_3_3
Parameters: 1 -0.000389919 4.33994e-05 0.000389296 1 0.00107502 -4.29258e-05 -0.00107498 1 0.0160208 0.183204 -0.153703
FixedParameters: 0 0 0

#Transform 31
Transform: AffineTransform_float_3_3
Parameters: 1 -0.000442554 -8.08134e-05 0.000442158 0.999999 0.000821964 8.13974e-05 -0.000822035 0.999999 -0.00128474 0.186933 -0.171168
FixedParameters: 0 0 0

#Transform 32
Transform: AffineTransform_float_3_3
Parameters: 1 -0.000392658 3.68379e-05 0.000391636 0.999999 0.00136801 -3.752e-05 -0.00136799 0.999999 0.0103877 0.178782 -0.157346
FixedParameters: 0 0 0

#Transform 33
Transform: AffineTransform_float_3_3
Parameters: 0.999999 -0.000738151 4.41794e-05 0.000738445 0.999999 0.00107803 -4.48507e-05 -0.00107797 1 0.0247756 0.169435 -0.159014
FixedParameters: 0 0 0

#Transform 34
Transform: AffineTransform_float_3_3
Parameters: 1 -0.00044251 -8.10586e-05 0.000442203 0.999999 0.00137596 8.11525e-05 -0.00137604 0.999999 0.0174177 0.176528 -0.156485
FixedParameters: 0 0 0

#Transform 35
Transform: AffineTransform_float_3_3
Parameters: 1 -0.000504772 8.75338e-05 0.000504541 0.999999 0.00131304 -8.8859e-05 -0.00131296 0.999999 0.00889124 0.179474 -0.158594
FixedParameters: 0 0 0

#Transform 36
Transform: AffineTransform_float_3_3
Parameters: 1 -0.000627639 -2.7091e-06 0.000628036 0.999999 0.001269 2.03616e-06 -0.001269 0.999999 -0.00113463 0.191427 -0.14934
FixedParameters: 0 0 0

#Transform 37
Transform: AffineTransform_float_3_3
Parameters: 0.999999 -0.00079318 -0.000147716 0.000793041 0.999999 0.00132773 0.000146921 -0.00132727 0.999999 0.0236296 0.177408 -0.158247
FixedParameters: 0 0 0

#Transform 38
Transform: AffineTransform_float_3_3
Parameters: 1 -8.88515e-05 -0.000230605 8.94421e-05 0.999999 0.00128098 0.000230376 -0.00128102 0.999999 0.00109925 0.182631 -0.164348
FixedParameters: 0 0 0

#Transform 39
Transform: AffineTransform_float_3_3
Parameters: 1 -0.000442501 -8.11046e-05 0.000442211 0.999999 0.00147996 8.11065e-05 -0.00148004 0.999999 0.0070174 0.184042 -0.144614
FixedParameters: 0 0 0

#Transform 40
Transform: AffineTransform_float_3_3
Parameters: 1 -0.000340494 0.000160204 0.000340396 0.999999 0.00152505 -0.000160321 -0.00152494 0.999999 0.00304661 0.190943 -0.150578
FixedParameters: 0 0 0

#Transform 41
Transform: AffineTransform_float_3_3
Parameters: 0.999999 -0.000755661 5.13971e-05 0.000754994 0.999999 0.00132589 -5.20883e-05 -0.00132511 0.999999 0.0118248 0.199127 -0.146703
FixedParameters: 0 0 0

#Transform 42
Transform: AffineTransform_float_3_3
Parameters: 1 -0.000419762 0.000180715 0.000419626 0.999999 0.00145508 -0.000181016 -0.00145492 0.999999 0.0084157 0.187027 -0.138498
FixedParameters: 0 0 0

#Transform 43
Transform: AffineTransform_float_3_3
Parameters: 1 -0.000280484 2.73073e-05 0.000280782 0.999998 0.00170101 -2.73415e-05 -0.00170099 0.999998 0.00538139 0.194615 -0.146552
FixedParameters: 0 0 0

#Transform 44
Transform: AffineTransform_float_3_3
Parameters: 1 -0.000558543 -3.23e-05 0.000559056 0.999998 0.00193798 3.10546e-05 -0.00193802 0.999998 0.0119399 0.188214 -0.152218
FixedParameters: 0 0 0

#Transform 45
Transform: AffineTransform_float_3_3
Parameters: 1 -0.000345137 0.000149217 0.00034513 0.999999 0.00133305 -0.000149216 -0.00133295 0.999999 0.00738445 0.196923 -0.136625
FixedParameters: 0 0 0

#Transform 46
Transform: AffineTransform_float_3_3
Parameters: 1 -0.000442491 -8.11603e-05 0.000442221 0.999998 0.00160596 8.10507e-05 -0.00160603 0.999998 0.00953408 0.186291 -0.140479
FixedParameters: 0 0 0

#Transform 47
Transform: AffineTransform_float_3_3
Parameters: 1 -0.000442504 -8.10881e-05 0.000442209 0.999999 0.00144281 8.11232e-05 -0.00144219 0.999999 0.0191426 0.194438 -0.129038
FixedParameters: 0 0 0

#Transform 48
Transform: AffineTransform_float_3_3
Parameters: 1 -0.000442499 -8.11143e-05 0.000442213 0.999999 0.00150196 8.10967e-05 -0.00150204 0.999999 0.00115724 0.187618 -0.124945
FixedParameters: 0 0 0

#Transform 49
Transform: AffineTransform_float_3_3
Parameters: 1 -0.000483254 -0.000178174 0.00048312 0.999998 0.00221692 0.000176423 -0.00221709 0.999998 0.00838854 0.186568 -0.118018
FixedParameters: 0 0 0

#Transform 50
Transform: AffineTransform_float_3_3
Parameters: 0.999999 -0.00142335 -0.000425217 0.00142479 0.999994 0.00311024 0.000421212 -0.00311075 0.999995 0.0289181 0.170827 -0.0957301
FixedParameters: 0 0 0

#Transform 51
Transform: AffineTransform_float_3_3
Parameters: 1 -0.000786178 -0.00084568 0.000787066 0.999998 0.00161469 0.000843921 -0.0016153 0.999999 0.0302577 0.194882 -0.106001
FixedParameters: 0 0 0

#Transform 52
Transform: AffineTransform_float_3_3
Parameters: 1 -0.000244629 -0.000128754 0.00024478 1 0.000587968 0.000128466 -0.000588031 1 0.0159736 0.201743 -0.0940197
FixedParameters: 0 0 0

#Transform 53
Transform: AffineTransform_float_3_3
Parameters: 1 -0.000247311 -9.38472e-05 0.00024733 1 9.89767e-05 9.37982e-05 -9.90232e-05 1 0.00336835 0.222076 -0.110109
FixedParameters: 0 0 0

#Transform 54
Transform: AffineTransform_float_3_3
Parameters: 1 -0.000219177 -0.000411021 0.000218903 1 -0.00033309 0.000411167 0.00033291 1 0.0165666 0.196934 -0.103307
FixedParameters: 0 0 0

#Transform 55
Transform: AffineTransform_float_3_3
Parameters: 1 -0.000192068 -0.000215985 0.000191424 0.999999 -0.00148804 0.000216556 0.00148796 0.999999 -0.002321 0.202222 -0.150919
FixedParameters: 0 0 0

#Transform 56
Transform: AffineTransform_float_3_3
Parameters: 1 -0.000219418 -0.000410893 0.000219582 0.999999 -0.000920731 0.000410906 0.00092127 1 0.0196804 0.192444 -0.129687
FixedParameters: 0 0 0

#Transform 57
Transform: AffineTransform_float_3_3
Parameters: 1 1.07739e-05 -0.000508784 -1.04779e-05 1 -0.000613994 0.00050838 0.000614005 0.999999 0.00763197 0.197802 -0.139716
FixedParameters: 0 0 0

#Transform 58
Transform: AffineTransform_float_3_3
Parameters: 1 -0.000286198 -0.000292323 0.000285849 1 -0.000596083 0.000292664 0.000595916 1 -0.00368009 0.204392 -0.155773
FixedParameters: 0 0 0

#Transform 59
Transform: AffineTransform_float_3_3
Parameters: 1 -0.000314138 -0.000370607 0.000313566 0.999999 -0.000771116 0.000371091 0.000770883 0.999999 -0.00693157 0.208071 -0.16072
FixedParameters: 0 0 0

#Transform 60
Transform: AffineTransform_float_3_3
Parameters: 1 -0.000219339 -0.000410934 0.000219661 0.999999 -0.00072809 0.000410863 0.00072791 0.999999 0.0035684 0.198664 -0.145106
FixedParameters: 0 0 0

#Transform 61
Transform: AffineTransform_float_3_3
Parameters: 1 -0.000134702 -0.000212227 0.000134582 1 -0.000284029 0.000212303 0.000283971 1 -8.77363e-05 0.200688 -0.135697
FixedParameters: 0 0 0

#Transform 62
Transform: AffineTransform_float_3_3
Parameters: 1 -0.000112031 -0.00015884 0.000111929 1 -0.000321018 0.000158912 0.000320982 1 -0.0114093 0.197143 -0.157289
FixedParameters: 0 0 0

#Transform 63
Transform: AffineTransform_float_3_3
Parameters: 1 -0.000219225 -0.000410995 0.000218854 1 -0.00045109 0.000411193 0.00045091 1 0.00831132 0.222057 -0.152511
FixedParameters: 0 0 0

#Transform 64
Transform: AffineTransform_float_3_3
Parameters: 1 -0.000146086 -0.000238891 0.00014586 1 -0.000472035 0.000239029 0.000471965 1 -0.0099641 0.221392 -0.131305
FixedParameters: 0 0 0

#Transform 65
Transform: AffineTransform_float_3_3
Parameters: 1 -1.57262e-05 -0.000203044 1.58202e-05 0.999999 -0.000729003 0.000203987 0.000728996 0.999999 -0.0068263 0.21918 -0.126482
FixedParameters: 0 0 0

#Transform 66
Transform: AffineTransform_float_3_3
Parameters: 1 -5.61144e-05 -2.72243e-05 5.60955e-05 1 -0.000347002 2.72632e-05 0.000346998 1 -0.00168862 0.233712 -0.109775
FixedParameters: 0 0 0

#Transform 67
Transform: AffineTransform_float_3_3
Parameters: 1 -5.61122e-05 -2.7229e-05 5.60978e-05 1 -0.000263002 2.72585e-05 0.000262998 1 -0.00509854 0.235003 -0.115286
FixedParameters: 0 0 0

#Transform 68
Transform: AffineTransform_float_3_3
Parameters: 1 -0.00046022 0.000144245 0.000460193 1 9.10663e-05 -0.000144329 -9.09335e-05 1 -0.0113349 0.231501 -0.114463
FixedParameters: 0 0 0

#Transform 69
Transform: AffineTransform_float_3_3
Parameters: 1 -0.000425229 0.000129433 0.000425225 1 1.60549e-05 -0.000129446 -1.59449e-05 1 -0.00271392 0.230228 -0.106531
FixedParameters: 0 0 0

#Transform 70
Transform: AffineTransform_float_3_3
Parameters: 1 -0.000467592 0.000147347 0.00046755 1 0.000142069 -0.00014748 -0.000141931 1 -0.00611339 0.228679 -0.112342
FixedParameters: 0 0 0

#Transform 71
Transform: AffineTransform_float_3_3
Parameters: 1 -0.000411799 0.000273677 0.000411819 1 -3.68874e-05 -0.000273646 3.71128e-05 1 -0.00710079 0.235324 -0.136964
FixedParameters: 0 0 0

#Transform 72
Transform: AffineTransform_float_3_3
Parameters: 1 -0.00049153 0.00015749 0.000491477 1 0.000168077 -0.000157655 -0.000167922 1 -0.00673273 0.217306 -0.110545
FixedParameters: 0 0 0

#Transform 73
Transform: AffineTransform_float_3_3
Parameters: 1 -0.000471213 0.000149102 0.000471292 1 -0.00026693 -0.00014885 0.00026707 1 0.00715929 0.214975 -0.103954
FixedParameters: 0 0 0

#Transform 74
Transform: AffineTransform_float_3_3
Parameters: 1 -0.000583645 0.000196375 0.000583463 0.999999 0.000463114 -0.000196915 -0.000462885 1 -0.00684544 0.211776 -0.111826
FixedParameters: 0 0 0

#Transform 75
Transform: AffineTransform_float_3_3
Parameters: 1 -0.000491533 0.00015748 0.000491474 1 0.000187077 -0.000157664 -0.000186922 1 0.00277935 0.228972 -0.105432
FixedParameters: 0 0 0

#Transform 76
Transform: AffineTransform_float_3_3
Parameters: 1 -0.000497074 0.000159771 0.00049698 1 0.000293079 -0.000160062 -0.00029292 1 0.00539874 0.22967 -0.113067
FixedParameters: 0 0 0

#Transform 77
Transform: AffineTransform_float_3_3
Parameters: 1 -0.000496941 0.000160183 0.000497112 0.999999 -0.00053692 -0.00015965 0.000537079 1 -0.0112869 0.229376 -0.124398
FixedParameters: 0 0 0

#Transform 78
Transform: AffineTransform_float_3_3
Parameters: 1 -0.000496891 0.000160336 0.000497161 0.999999 -0.00084492 -0.000159496 0.000845079 0.999999 0.00656332 0.235222 -0.129734
FixedParameters: 0 0 0

#Transform 79
Transform: AffineTransform_float_3_3
Parameters: 1 -0.000574001 -2.14205e-05 0.000574001 1 -4.01241e-06 2.14251e-05 3.98781e-06 1 0.012734 0.230494 -0.111896
FixedParameters: 0 0 0

#Transform 80
Transform: AffineTransform_float_3_3
Parameters: 0.999999 -0.000694911 0.000243991 0.000694959 1 -9.68306e-05 -0.000243856 9.71696e-05 1 -0.00380855 0.220532 -0.101387
FixedParameters: 0 0 0

#Transform 81
Transform: AffineTransform_float_3_3
Parameters: 1 -0.000497023 0.000159927 0.00049703 1 -2.19206e-05 -0.000159906 2.20796e-05 1 0.0318197 0.228532 -0.0984292
FixedParameters: 0 0 0

#Transform 82
Transform: AffineTransform_float_3_3
Parameters: 0.999999 -0.00081131 -1.00412e-05 0.000811316 1 0.000332839 9.50165e-06 -0.00033216 1 0.0378686 0.198964 -0.089014
FixedParameters: 0 0 0

#Transform 83
Transform: AffineTransform_float_3_3
Parameters: 0.999999 -0.000821539 0.000455008 0.000821379 0.999999 0.000176374 -0.000455297 -0.000175626 1 0.0115536 0.196712 -0.0900789
FixedParameters: 0 0 0

#Transform 84
Transform: AffineTransform_float_3_3
Parameters: 0.999999 -0.000845354 0.000383521 0.000845128 0.999999 0.000295324 -0.000384019 -0.000294675 1 0.0116001 0.216173 -0.0962373
FixedParameters: 0 0 0

#Transform 85
Transform: AffineTransform_float_3_3
Parameters: 0.999999 -0.000853111 0.000365231 0.000853 0.999999 0.000151311 -0.000365489 -0.000150688 1 0.0164881 0.21131 -0.096849
FixedParameters: 0 0 0

#Transform 86
Transform: AffineTransform_float_3_3
Parameters: 1 -0.000977698 0.000342959 0.000977484 1 0.000310976 -0.000343567 -0.000311024 1 -0.00983952 0.23674 -0.111229
FixedParameters: 0 0 0

#Transform 87
Transform: AffineTransform_float_3_3
Parameters: 0.999999 -0.000830115 0.000124736 0.000829951 1 0.000654744 -0.000125823 -0.000655255 1 -0.00154176 0.231483 -0.130481
FixedParameters: 0 0 0

#Transform 88
Transform: AffineTransform_float_3_3
Parameters: 0.999999 -0.000931071 0.000332451 0.000930939 0.999999 0.00078595 -0.000332994 -0.00078605 0.999999 -0.00724957 0.232392 -0.132909
FixedParameters: 0 0 0

#Transform 89
Transform: AffineTransform_float_3_3
Parameters: 0.999999 -0.000873999 0.000477293 0.000873856 0.999999 0.000150417 -0.000477555 -0.000149582 1 -0.0023265 0.236945 -0.163626
FixedParameters: 0 0 0

#Transform 90
Transform: AffineTransform_float_3_3
Parameters: 1 -0.000969918 0.000297267 0.000969716 1 0.000338929 -0.000297924 -0.000339071 1 0.0182391 0.213395 -0.105181
FixedParameters: 0 0 0

#Transform 91
Transform: AffineTransform_float_3_3
Parameters: 0.999999 -0.000829896 0.000279088 0.000829662 0.999999 0.000418231 -0.000279781 -0.000417768 1 0.00363545 0.202866 -0.099157
FixedParameters: 0 0 0

#Transform 92
Transform: AffineTransform_float_3_3
Parameters: 1 -0.00104137 -7.85896e-05 0.00104141 0.999999 0.000255918 7.80565e-05 -0.000256081 1 -0.01725 0.223252 -0.125242
FixedParameters: 0 0 0

#Transform 93
Transform: AffineTransform_float_3_3
Parameters: 1 -0.00111318 -0.000250828 0.00111403 0.999997 0.00198657 0.000248636 -0.00198643 0.999998 0.0161345 0.175077 -0.0757446
FixedParameters: 0 0 0

#Transform 94
Transform: AffineTransform_float_3_3
Parameters: 1 -0.000989464 4.31715e-05 0.000989772 0.999999 0.00094253 -4.41164e-05 -0.000942469 0.999999 0.0104364 0.185402 -0.0948487
FixedParameters: 0 0 0

#Transform 95
Transform: AffineTransform_float_3_3
Parameters: 1 -0.0011 8.95489e-05 0.00109923 0.999998 0.00131195 -9.11219e-05 -0.00131105 0.999999 -0.00626252 0.188028 -0.101937
FixedParameters: 0 0 0

#Transform 96
Transform: AffineTransform_float_3_3
Parameters: 0.999999 -0.000989484 4.26764e-05 0.000989748 0.999998 0.00144289 -4.4611e-05 -0.00144211 0.999999 0.00510848 0.195359 -0.102652
FixedParameters: 0 0 0

#Transform 97
Transform: AffineTransform_float_3_3
Parameters: 0.999999 -0.00122712 0.000143145 0.00122657 0.999999 0.00144066 -0.000144448 -0.00144034 0.999999 0.0144356 0.19335 -0.101737
FixedParameters: 0 0 0

#Transform 98
Transform: AffineTransform_float_3_3
Parameters: 1 -0.000989471 4.29989e-05 0.000989764 0.999999 0.00111704 -4.42892e-05 -0.00111696 1 0.0130501 0.186518 -0.099488
FixedParameters: 0 0 0

#Transform 99
Transform: AffineTransform_float_3_3
Parameters: 1 -0.000989485 4.26646e-05 0.000989749 0.999998 0.00145489 -4.46229e-05 -0.00145411 0.999999 0.00197717 0.191757 -0.0934681
FixedParameters: 0 0 0

#Transform 100
Transform: AffineTransform_float_3_3
Parameters: 1 -0.00115248 0.000111973 0.0011517 0.999998 0.00112013 -0.000113242 -0.00111987 1 0.0216443 0.189058 -0.087936
FixedParameters: 0 0 0

#Transform 101
Transform: AffineTransform_float_3_3
Parameters: 0.999999 -0.00131821 0.000182379 0.00131826 0.999999 0.000923089 -0.00018389 -0.000921911 1 0.00606177 0.181643 -0.0885689
FixedParameters: 0 0 0

#Transform 102
Transform: AffineTransform_float_3_3
Parameters: 1 -0.00110367 9.12934e-05 0.00110293 0.999998 0.0011431 -9.25043e-05 -0.0011429 1 -0.00112221 0.184701 -0.085715
FixedParameters: 0 0 0

#Transform 103
Transform: AffineTransform_float_3_3
Parameters: 0.999999 -0.00136451 0.000262867 0.00136483 0.999998 0.000872999 -0.000263408 -0.000873 0.999999 0.0146298 0.186593 -0.0914351
FixedParameters: 0 0 0

#Transform 104
Transform: AffineTransform_float_3_3
Parameters: 0.999999 -0.00138636 0.000211167 0.00138542 0.999999 0.000968141 -0.000212538 -0.000966859 1 0.00154206 0.186657 -0.107578
FixedParameters: 0 0 0

#Transform 105
Transform: AffineTransform_float_3_3
Parameters: 0.999999 -0.0013591 0.000275491 0.00135798 0.999999 0.00107002 -0.000277087 -0.00106998 1 0.0104147 0.190886 -0.089532
FixedParameters: 0 0 0

#Transform 106
Transform: AffineTransform_float_3_3
Parameters: 0.999999 -0.00131575 0.000121214 0.00131531 0.999998 0.00121201 -0.00012217 -0.00121099 0.999999 0.011308 0.18424 -0.0947849
FixedParameters: 0 0 0

#Transform 107
Transform: AffineTransform_float_3_3
Parameters: 0.999999 -0.00135441 0.000286608 0.00135422 0.999999 0.00102103 -0.000288453 -0.00102097 1 0.0169701 0.195234 -0.0952425
FixedParameters: 0 0 0

#Transform 108
Transform: AffineTransform_float_3_3
Parameters: 0.999999 -0.00138646 0.000210567 0.00138572 0.999998 0.00140093 -0.00021222 -0.00140107 0.999999 0.00159526 0.193114 -0.097477
FixedParameters: 0 0 0

#Transform 109
Transform: AffineTransform_float_3_3
Parameters: 0.999999 -0.00138635 0.000211243 0.00138544 0.999998 0.000913933 -0.000212465 -0.000914065 0.999999 0.0138853 0.195016 -0.0944254
FixedParameters: 0 0 0

#Transform 110
Transform: AffineTransform_float_3_3
Parameters: 0.999998 -0.00154678 0.000470849 0.00154641 0.999998 0.00121737 -0.000472772 -0.00121663 0.999999 0.0149323 0.191593 -0.0867951
FixedParameters: 0 0 0

#Transform 111
Transform: AffineTransform_float_3_3
Parameters: 0.999999 -0.00134154 0.000317015 0.00134129 0.999998 0.00100843 -0.000318799 -0.00100757 1 0.00890424 0.198618 -0.0938265
FixedParameters: 0 0 0

#Transform 112
Transform: AffineTransform_float_3_3
Parameters: 0.999999 -0.0012889 0.000441398 0.00128844 0.999998 0.000960209 -0.000442952 -0.000959789 0.999999 0.00830341 0.204769 -0.0971866
FixedParameters: 0 0 0

#Transform 113
Transform: AffineTransform_float_3_3
Parameters: 0.999999 -0.00138643 0.000210716 0.00138575 0.999998 0.00129393 -0.000212071 -0.00129407 0.999999 0.0350628 0.191337 -0.10198
FixedParameters: 0 0 0

#Transform 114
Transform: AffineTransform_float_3_3
Parameters: 0.999999 -0.00140933 0.000157167 0.00140857 0.999998 0.000732862 -0.000157921 -0.000733137 1 0.0126637 0.198148 -0.099178
FixedParameters: 0 0 0

#Transform 115
Transform: AffineTransform_float_3_3
Parameters: 0.999999 -0.00137904 0.000207754 0.00137841 0.999999 0.00118178 -0.00020878 -0.00118123 0.999999 0.0105775 0.196808 -0.090174
FixedParameters: 0 0 0

#Transform 116
Transform: AffineTransform_float_3_3
Parameters: 0.999999 -0.00122708 0.000143518 0.00122714 0.999998 0.00113718 -0.000145388 -0.00113682 1 0.0139291 0.196285 -0.100789
FixedParameters: 0 0 0

#Transform 117
Transform: AffineTransform_float_3_3
Parameters: 0.999999 -0.00141442 0.000488522 0.00141299 0.999998 0.00132233 -0.000490028 -0.00132167 0.999999 0.00861518 0.216786 -0.0955787
FixedParameters: 0 0 0

#Transform 118
Transform: AffineTransform_float_3_3
Parameters: 0.999999 -0.00146833 0.000245804 0.00146823 0.999999 0.00100885 -0.000247845 -0.00100815 1 0.0313507 0.190679 -0.0908105
FixedParameters: 0 0 0

#Transform 119
Transform: AffineTransform_float_3_3
Parameters: 0.999999 -0.00140719 0.000410666 0.00140695 0.999998 0.00124622 -0.000412332 -0.00124578 0.999999 0.0223905 0.197821 -0.0889983
FixedParameters: 0 0 0

#Transform 120
Transform: AffineTransform_float_3_3
Parameters: 0.999999 -0.00153928 0.00027562 0.00153943 0.999999 0.00113791 -0.000277281 -0.00113709 0.999999 0.0230072 0.198497 -0.0862805
FixedParameters: 0 0 0

#Transform 121
Transform: AffineTransform_float_3_3
Parameters: 0.999998 -0.00156412 0.000286255 0.00156337 0.999998 0.00106509 -0.000287354 -0.00106491 1 0.0155075 0.207394 -0.0862911
FixedParameters: 0 0 0

#Transform 122
Transform: AffineTransform_float_3_3
Parameters: 0.999998 -0.00159549 0.000299231 0.00159552 0.999998 0.00123797 -0.000301339 -0.00123703 0.999999 0.015447 0.196167 -0.083654
FixedParameters: 0 0 0

#Transform 123
Transform: AffineTransform_float_3_3
Parameters: 0.999998 -0.0015964 0.00029963 0.00159644 0.999998 0.00123212 -0.000301722 -0.00123188 1 0.0344187 0.182862 -0.0905723
FixedParameters: 0 0 0

#Transform 124
Transform: AffineTransform_float_3_3
Parameters: 0.999999 -0.0013765 0.000478106 0.00137613 0.999999 0.00119815 -0.000479562 -0.00119685 0.999999 0.01495 0.199108 -0.0879582
FixedParameters: 0 0 0

#Transform 125
Transform: AffineTransform_float_3_3
Parameters: 0.999999 -0.00165818 0.000325356 0.00165801 0.999997 0.00145918 -0.000328354 -0.00145882 0.999999 0.00974774 0.195795 -0.0831221
FixedParameters: 0 0 0

#Transform 126
Transform: AffineTransform_float_3_3
Parameters: 0.999999 -0.00154562 0.000278931 0.00154558 0.999998 0.000760071 -0.00028036 -0.000759926 0.999999 0.0751717 0.179672 -0.0802724
FixedParameters: 0 0 0

#Transform 127
Transform: AffineTransform_float_3_3
Parameters: 0.999999 -0.00175856 0.000367908 0.00175831 0.999998 0.00139778 -0.000370982 -0.00139722 0.999999 -0.0018656 0.182411 -0.0696447
FixedParameters: 0 0 0

#Transform 128
Transform: AffineTransform_float_3_3
Parameters: 0.999999 -0.00175853 0.000368065 0.00175834 0.999997 0.00130814 -0.000370823 -0.00130686 0.999999 0.0188648 0.174647 -0.0622851
FixedParameters: 0 0 0

#Transform 129
Transform: AffineTransform_float_3_3
Parameters: 0.999998 -0.00157194 0.000668037 0.00157094 0.999998 0.00133269 -0.000670382 -0.00133131 0.999999 0.0146383 0.187702 -0.0723341
FixedParameters: 0 0 0

#Transform 130
Transform: AffineTransform_float_3_3
Parameters: 0.999999 -0.00175845 0.00036841 0.00175841 0.999998 0.00111214 -0.000370478 -0.00111086 0.999999 0.0273046 0.174511 -0.0715432
FixedParameters: 0 0 0

#Transform 131
Transform: AffineTransform_float_3_3
Parameters: 0.999998 -0.00167872 0.000556729 0.00167834 0.999998 0.00139422 -0.000558647 -0.00139378 0.999999 0.0082724 0.197415 -0.0939497
FixedParameters: 0 0 0

#Transform 132
Transform: AffineTransform_float_3_3
Parameters: 0.999998 -0.00161779 0.00070081 0.00161696 0.999998 0.00114878 -0.000702682 -0.00114722 0.999999 0.00274657 0.215313 -0.105141
FixedParameters: 0 0 0

#Transform 133
Transform: AffineTransform_float_3_3
Parameters: 0.999998 -0.00165233 0.000619115 0.00165159 0.999998 0.00154231 -0.000621449 -0.00154169 0.999999 0.0113586 0.20457 -0.0941524
FixedParameters: 0 0 0

#Transform 134
Transform: AffineTransform_float_3_3
Parameters: 0.999999 -0.00175838 0.00036876 0.00175849 0.999998 0.000912777 -0.000370129 -0.000912222 0.999999 0.0265672 0.206871 -0.0890968
FixedParameters: 0 0 0

#Transform 135
Transform: AffineTransform_float_3_3
Parameters: 0.999999 -0.00152819 0.000271175 0.00152804 0.999999 0.000986543 -0.000273269 -0.000986455 0.999999 0.0192399 0.19388 -0.0822697
FixedParameters: 0 0 0

#Transform 136
Transform: AffineTransform_float_3_3
Parameters: 0.999999 -0.00168043 0.000552843 0.00167975 0.999998 0.00096621 -0.000555169 -0.000965787 0.999999 0.0161033 0.194754 -0.0825243
FixedParameters: 0 0 0

#Transform 137
Transform: AffineTransform_float_3_3
Parameters: 0.999998 -0.00177898 0.000627817 0.00177829 0.999997 0.00116576 -0.00063012 -0.00116424 0.999999 0.0174312 0.195721 -0.0693406
FixedParameters: 0 0 0

#Transform 138
Transform: AffineTransform_float_3_3
Parameters: 0.999999 -0.00173516 0.000423995 0.00173522 0.999999 0.000392017 -0.000424435 -0.000391983 1 0.0294135 0.17591 -0.08542
FixedParameters: 0 0 0

#Transform 139
Transform: AffineTransform_float_3_3
Parameters: 0.999999 -0.00175849 0.000368218 0.00175837 0.999998 0.00122114 -0.00037067 -0.00121986 0.999999 0.0127982 0.203298 -0.081775
FixedParameters: 0 0 0

#Transform 140
Transform: AffineTransform_float_3_3
Parameters: 0.999999 -0.00132561 0.000457369 0.00132538 0.999999 0.000676247 -0.00045824 -0.000675752 0.999999 0.0246856 0.196851 -0.0800013
FixedParameters: 0 0 0

#Transform 141
Transform: AffineTransform_float_3_3
Parameters: 0.999999 -0.00164066 0.000646799 0.00164021 0.999998 0.00095019 -0.000648073 -0.000948809 0.999999 0.0232842 0.194847 -0.0826521
FixedParameters: 0 0 0

#Transform 142
Transform: AffineTransform_float_3_3
Parameters: 0.999998 -0.00156353 0.000669958 0.00156256 0.999998 0.00130569 -0.000672196 -0.00130431 0.999999 -0.00186805 0.202805 -0.0792327
FixedParameters: 0 0 0

#Transform 143
Transform: AffineTransform_float_3_3
Parameters: 0.999999 -0.00169921 0.000508406 0.00169848 0.999998 0.00110451 -0.000511237 -0.00110349 1 0.0130619 0.202511 -0.0872151
FixedParameters: 0 0 0

#Transform 144
Transform: AffineTransform_float_3_3
Parameters: 0.999998 -0.00161035 0.000577283 0.0016099 0.999998 0.00106757 -0.000578878 -0.00106643 1 0.00713752 0.200347 -0.0892819
FixedParameters: 0 0 0

#Transform 145
Transform: AffineTransform_float_3_3
Parameters: 0.999999 -0.00144164 0.000375507 0.00144067 0.999999 0.00111203 -0.000376478 -0.00111097 0.999999 0.012718 0.205834 -0.0846443
FixedParameters: 0 0 0

#Transform 146
Transform: AffineTransform_float_3_3
Parameters: 0.999999 -0.00141405 0.000222497 0.00141336 0.999998 0.00122696 -0.000223734 -0.00122704 1 0.0185622 0.196784 -0.078781
FixedParameters: 0 0 0

#Transform 147
Transform: AffineTransform_float_3_3
Parameters: 0.999999 -0.00142046 0.000225433 0.00142036 0.999999 0.00107996 -0.00022758 -0.00108004 1 0.00356678 0.197777 -0.082041
FixedParameters: 0 0 0

#Transform 148
Transform: AffineTransform_float_3_3
Parameters: 0.999999 -0.00134127 0.000191839 0.00134123 0.999998 0.00113711 -0.000193967 -0.00113589 0.999999 -0.00178053 0.182126 -0.0743844
FixedParameters: 0 0 0

#Transform 149
Transform: AffineTransform_float_3_3
Parameters: 0.999999 -0.00145175 0.000238797 0.00145166 0.999998 0.00100235 -0.000240785 -0.00100165 1 0.023568 0.201459 -0.0678348
FixedParameters: 0 0 0

#Transform 150
Transform: AffineTransform_float_3_3
Parameters: 0.999998 -0.00159456 0.000298844 0.0015946 0.999998 0.00123612 -0.000300945 -0.00123588 1 0.0184929 0.188161 -0.0679727
FixedParameters: 0 0 0

#Transform 151
Transform: AffineTransform_float_3_3
Parameters: 0.999998 -0.0016369 0.000316888 0.00163603 0.999998 0.00116101 -0.000318455 -0.00115999 0.999999 0.00397405 0.194224 -0.0588452
FixedParameters: 0 0 0

#Transform 152
Transform: AffineTransform_float_3_3
Parameters: 0.999999 -0.00147387 0.000248098 0.00147374 0.999999 0.00103886 -0.000250239 -0.00103815 1 0.0213359 0.207012 -0.0666496
FixedParameters: 0 0 0

#Transform 153
Transform: AffineTransform_float_3_3
Parameters: 0.999999 -0.0014306 0.000229649 0.00142995 0.999999 0.00112982 -0.000230648 -0.00112918 0.999999 0.0184678 0.182236 -0.0652114
FixedParameters: 0 0 0

#Transform 154
Transform: AffineTransform_float_3_3
Parameters: 0.999999 -0.00147395 0.000247583 0.00147312 0.999998 0.00138801 -0.000249442 -0.00138799 0.999999 0.0119196 0.19308 -0.0541054
FixedParameters: 0 0 0

#Transform 155
Transform: AffineTransform_float_3_3
Parameters: 0.999999 -0.00134773 0.000194503 0.00134674 0.999999 0.0011839 -0.000196382 -0.0011841 1 0.0107148 0.188086 -0.066716
FixedParameters: 0 0 0

#Transform 156
Transform: AffineTransform_float_3_3
Parameters: 0.999999 -0.00169607 0.00051585 0.00169576 0.999998 0.00105952 -0.000517601 -0.00105848 1 0.0262038 0.191012 -0.0669268
FixedParameters: 0 0 0

#Transform 157
Transform: AffineTransform_float_3_3
Parameters: 0.999999 -0.00166121 0.000598135 0.00166029 0.999998 0.00141912 -0.000601006 -0.00141788 0.999999 0.0174528 0.206721 -0.0590321
FixedParameters: 0 0 0

#Transform 158
Transform: AffineTransform_float_3_3
Parameters: 0.999998 -0.00164064 0.000318189 0.00164058 0.999997 0.00131816 -0.000320673 -0.00131783 0.999999 0.0199447 0.186073 -0.0524034
FixedParameters: 0 0 0

#Transform 159
Transform: AffineTransform_float_3_3
Parameters: 0.999999 -0.00165714 0.000325594 0.0016563 0.999998 0.00108103 -0.000326942 -0.00107997 1 0.0261683 0.197553 -0.0617175
FixedParameters: 0 0 0

#Transform 160
Transform: AffineTransform_float_3_3
Parameters: 0.999999 -0.00138112 0.000479999 0.00138071 0.999998 0.0012383 -0.000481577 -0.0012377 0.999999 0.00763233 0.208772 -0.0630122
FixedParameters: 0 0 0

#Transform 161
Transform: AffineTransform_float_3_3
Parameters: 0.999999 -0.00171575 0.00046911 0.00171555 0.999998 0.00146409 -0.000471372 -0.00146391 0.999999 0.0158896 0.194183 -0.06446
FixedParameters: 0 0 0

#Transform 162
Transform: AffineTransform_float_3_3
Parameters: 0.999999 -0.00148864 0.000254125 0.00148882 0.999999 0.00117987 -0.000255795 -0.00117913 0.999999 0.0282252 0.198166 -0.0601179
FixedParameters: 0 0 0

#Transform 163
Transform: AffineTransform_float_3_3
Parameters: 0.999999 -0.0014167 0.000377983 0.00141533 0.999999 0.00111302 -0.000379822 -0.00111198 0.999999 0.0157356 0.190256 -0.0632692
FixedParameters: 0 0 0

#Transform 164
Transform: AffineTransform_float_3_3
Parameters: 0.999999 -0.00166103 0.000598643 0.00166048 0.999998 0.00111348 -0.000600497 -0.00111152 0.999999 0.0264864 0.19635 -0.0601512
FixedParameters: 0 0 0

#Transform 165
Transform: AffineTransform_float_3_3
Parameters: 0.999998 -0.00166109 0.000598458 0.00166041 0.999998 0.00122464 -0.000600682 -0.00122336 0.999999 0.021421 0.192668 -0.0564892
FixedParameters: 0 0 0

#Transform 166
Transform: AffineTransform_float_3_3
Parameters: 0.999999 -0.00175843 0.000368514 0.00175844 0.999998 0.00105329 -0.000370376 -0.00105271 1 0.0354791 0.182555 -0.0618889
FixedParameters: 0 0 0

#Transform 167
Transform: AffineTransform_float_3_3
Parameters: 0.999998 -0.00200771 3.15783e-06 0.00200717 0.999997 0.000847496 -5.24918e-06 -0.000847503 1 0.014431 0.184043 -0.0794855
FixedParameters: 0 0 0

#Transform 168
Transform: AffineTransform_float_3_3
Parameters: 0.999999 -0.00180841 0.000250001 0.00180849 0.999998 0.00140458 -0.00025324 -0.00140442 0.999999 0.0496455 0.19525 -0.0473394
FixedParameters: 0 0 0

#Transform 169
Transform: AffineTransform_float_3_3
Parameters: 0.999999 -0.00171103 0.000480347 0.0017105 0.999997 0.00135646 -0.000483145 -0.00135553 0.999999 0.0489768 0.18498 -0.043286
FixedParameters: 0 0 0

#Transform 170
Transform: AffineTransform_float_3_3
Parameters: 0.999998 -0.00208663 0.000367268 0.00208572 0.999996 0.0015689 -0.00037066 -0.0015681 0.999998 0.0285128 0.206926 -0.0467866
FixedParameters: 0 0 0

#Transform 171
Transform: AffineTransform_float_3_3
Parameters: 0.999999 -0.00173661 0.000419381 0.00173611 0.999997 0.00198901 -0.000423527 -0.00198899 0.999998 0.0334249 0.195064 -0.042625
FixedParameters: 0 0 0

#Transform 172
Transform: AffineTransform_float_3_3
Parameters: 0.999999 -0.00171106 0.000480221 0.00171047 0.999998 0.0014301 -0.000483273 -0.00142989 0.999999 0.0871914 0.187773 -0.0364342
FixedParameters: 0 0 0

#Transform 173
Transform: AffineTransform_float_3_3
Parameters: 0.999998 -0.00224411 0.000433986 0.00224305 0.999997 0.00150275 -0.000437575 -0.00150225 0.999999 0.093106 0.203414 -0.0342772
FixedParameters: 0 0 0

#Transform 174
Transform: AffineTransform_float_3_3
Parameters: 0.999997 -0.00222051 0.000929018 0.00221901 0.999996 0.00185199 -0.000932633 -0.00185001 0.999998 0.0284348 0.203163 -0.0385579
FixedParameters: 0 0 0

#Transform 175
Transform: AffineTransform_float_3_3
Parameters: 0.999998 -0.00220937 0.000449122 0.00220844 0.999996 0.00174312 -0.000452747 -0.00174188 0.999999 0.0437425 0.201935 -0.0600063
FixedParameters: 0 0 0

#Transform 176
Transform: AffineTransform_float_3_3
Parameters: 0.999997 -0.00210897 0.000686789 0.00210814 0.999996 0.00174222 -0.000690451 -0.00174078 0.999998 0.0564921 0.200914 -0.0723658
FixedParameters: 0 0 0

#Transform 177
Transform: AffineTransform_float_3_3
Parameters: 0.999997 -0.00213105 0.000634242 0.00213021 0.999995 0.00219328 -0.000638984 -0.00219272 0.999997 0.0470691 0.22849 -0.0844266
FixedParameters: 0 0 0

#Transform 178
Transform: AffineTransform_float_3_3
Parameters: 0.999998 -0.00205988 0.000802876 0.0020576 0.999994 0.00262858 -0.000809094 -0.00262742 0.999996 0.0453562 0.233431 -0.0880651
FixedParameters: 0 0 0

#Transform 179
Transform: AffineTransform_float_3_3
Parameters: 0.999997 -0.00211952 0.000651335 0.00211875 0.999996 0.00208931 -0.000655586 -0.00208869 0.999998 0.0391634 0.240853 -0.106827
FixedParameters: 0 0 0
