# transform file /out/sourcedata/freesurfer/sub-v1s10x0050988_ses-1/mri/transforms/cc_up.lta
# created by oesteban on Thu Mar 12 03:08:57 2026

type      = 0 # LINEAR_VOX_TO_VOX
nxforms   = 1
mean      = 129.0000 139.0000 120.0000
sigma     = 10000.0000
1 4 4
9.928948879241943e-01 1.155496463179588e-01 2.842903696000576e-02 -1.867198562622070e+01 
-1.155023127794266e-01 9.933018088340759e-01 -3.307116916403174e-03 2.123273468017578e+01 
-2.862074784934521e-02 0.000000000000000e+00 9.995903968811035e-01 1.276943969726562e+01 
0.000000000000000e+00 0.000000000000000e+00 0.000000000000000e+00 1.000000000000000e+00 
src volume info
valid = 1  # volume info valid
filename = /out/sourcedata/freesurfer/sub-v1s10x0050988_ses-1/mri/norm.mgz
volume = 256 256 256
voxelsize = 1.000000000000000e+00 1.000000000000000e+00 1.000000000000000e+00
xras   = -1.000000000000000e+00 0.000000000000000e+00 0.000000000000000e+00
yras   = 0.000000000000000e+00 0.000000000000000e+00 -1.000000000000000e+00
zras   = 0.000000000000000e+00 1.000000000000000e+00 0.000000000000000e+00
cras   = -2.226928710937500e+00 1.000000000000000e+00 2.771072387695312e-01
dst volume info
valid = 1  # volume info valid
filename = /out/sourcedata/freesurfer/sub-v1s10x0050988_ses-1/mri/norm.mgz
volume = 256 256 256
voxelsize = 1.000000000000000e+00 1.000000000000000e+00 1.000000000000000e+00
xras   = -1.000000000000000e+00 0.000000000000000e+00 0.000000000000000e+00
yras   = 0.000000000000000e+00 0.000000000000000e+00 -1.000000000000000e+00
zras   = 0.000000000000000e+00 1.000000000000000e+00 0.000000000000000e+00
cras   = -2.226928710937500e+00 1.000000000000000e+00 2.771072387695312e-01
