#Insight Transform File V1.0
#Transform 0
Transform: AffineTransform_float_3_3
Parameters: 1 -0.000416585 0.000106335 0.000416639 1 -0.000256956 -0.000106121 0.000257044 1 0.0794047 -0.152874 -0.261834
FixedParameters: 0 0 0

#Transform 1
Transform: AffineTransform_float_3_3
Parameters: 1 0.000600515 0.000274712 -0.000601538 0.999999 0.00115284 -0.000274247 -0.00115317 1 -0.024037 0.0502317 -0.074978
FixedParameters: 0 0 0

#Transform 2
Transform: AffineTransform_float_3_3
Parameters: 1 5.50613e-05 0.000665285 -5.56148e-05 1 0.000415963 -0.000665239 -0.000416037 0.999999 -0.0305705 0.0376833 -0.0417189
FixedParameters: 0 0 0

#Transform 3
Transform: AffineTransform_float_3_3
Parameters: 1 0.000282845 0.0010185 -0.000282069 1 -0.000380928 -0.00101872 0.000381072 1 -0.0267897 0.0293851 -0.0550458
FixedParameters: 0 0 0

#Transform 4
Transform: AffineTransform_float_3_3
Parameters: 0.999999 0.000261859 0.000902476 -0.000261973 1 -0.000446877 -0.000902319 0.000447124 1 -0.0277673 0.0508783 -0.0546985
FixedParameters: 0 0 0

#Transform 5
Transform: AffineTransform_float_3_3
Parameters: 1 -0.000194862 0.00109589 0.000194445 1 0.000610573 -0.00109651 -0.000609427 0.999999 -0.033917 0.0447061 -0.0557872
FixedParameters: 0 0 0

#Transform 6
Transform: AffineTransform_float_3_3
Parameters: 1 -7.33801e-05 0.00061869 7.27206e-05 1 0.000533045 -0.000618768 -0.000532954 0.999999 -0.0227505 0.0409151 -0.0584334
FixedParameters: 0 0 0

#Transform 7
Transform: AffineTransform_float_3_3
Parameters: 0.999998 0.00112052 0.00124348 -0.00111857 0.999999 -0.000999186 -0.00124441 0.000997814 0.999999 -0.02264 0.0395568 -0.202722
FixedParameters: 0 0 0

#Transform 8
Transform: AffineTransform_float_3_3
Parameters: 0.999999 0.00129344 0.000831556 -0.00129266 0.999998 -0.00134187 -0.000833323 0.00134113 0.999999 -0.0479601 0.049604 -0.18325
FixedParameters: 0 0 0

#Transform 9
Transform: AffineTransform_float_3_3
Parameters: 1 0.000990352 0.000592228 -0.00099025 0.999999 -0.00130974 -0.00059312 0.00130926 0.999999 -0.0338165 0.0377897 -0.227863
FixedParameters: 0 0 0

#Transform 10
Transform: AffineTransform_float_3_3
Parameters: 0.999999 0.00113725 0.000693396 -0.00113533 0.999998 -0.00176394 -0.000696093 0.00176306 0.999998 -0.0356453 0.0341344 -0.213541
FixedParameters: 0 0 0

#Transform 11
Transform: AffineTransform_float_3_3
Parameters: 0.999999 0.000748837 0.00138153 -0.000742552 0.999989 -0.00479368 -0.00138463 0.00479233 0.999988 -0.021431 0.0123807 -0.255881
FixedParameters: 0 0 0

#Transform 12
Transform: AffineTransform_float_3_3
Parameters: 0.999999 0.000680239 0.00122957 -0.000676964 0.999997 -0.00266948 -0.00123071 0.00266853 0.999996 -0.0237993 0.0315611 -0.157
FixedParameters: 0 0 0

#Transform 13
Transform: AffineTransform_float_3_3
Parameters: 0.999999 0.000855093 0.00115561 -0.000855051 1 -0.000416781 -0.00115594 0.000416219 0.999999 0.0105601 0.0246368 -0.221085
FixedParameters: 0 0 0

#Transform 14
Transform: AffineTransform_float_3_3
Parameters: 0.999998 0.000721884 0.00147269 -0.00071609 0.999993 -0.0037077 -0.00147475 0.0037063 0.999992 0.0155742 0.0102768 -0.253599
FixedParameters: 0 0 0

#Transform 15
Transform: AffineTransform_float_3_3
Parameters: 0.999997 0.000773639 0.00206429 -0.000763043 0.999989 -0.00479287 -0.00206775 0.00479113 0.999986 0.0210796 0.00135885 -0.265404
FixedParameters: 0 0 0

#Transform 16
Transform: AffineTransform_float_3_3
Parameters: 1 0.000249248 0.00111835 -0.000245381 0.999992 -0.00395992 -0.00111927 0.00396009 0.999992 0.0181022 0.014039 -0.177749
FixedParameters: 0 0 0

#Transform 17
Transform: AffineTransform_float_3_3
Parameters: 0.999998 0.000185679 0.00203031 -0.000177892 0.999993 -0.0039235 -0.00203045 0.00392351 0.999991 0.0199632 0.0188243 -0.174759
FixedParameters: 0 0 0

#Transform 18
Transform: AffineTransform_float_3_3
Parameters: 0.999998 0.000155085 0.00227409 -0.000143105 0.999986 -0.00520332 -0.00227503 0.00520269 0.999984 0.0338698 -0.0120169 -0.235255
FixedParameters: 0 0 0

#Transform 19
Transform: AffineTransform_float_3_3
Parameters: 0.999998 0.000516004 0.0019717 -0.000506202 0.999986 -0.00524814 -0.00197461 0.00524687 0.999985 0.0149954 -0.00869337 -0.217926
FixedParameters: 0 0 0

#Transform 20
Transform: AffineTransform_float_3_3
Parameters: 0.999998 0.00047581 0.00222965 -0.000464123 0.999986 -0.00527117 -0.00223175 0.00526982 0.999983 0.0103187 -0.01093 -0.225776
FixedParameters: 0 0 0

#Transform 21
Transform: AffineTransform_float_3_3
Parameters: 0.999997 0.000950367 0.00229744 -0.000938963 0.999988 -0.00488209 -0.00230197 0.00487991 0.999985 0.0120285 0.00373807 -0.204739
FixedParameters: 0 0 0

#Transform 22
Transform: AffineTransform_float_3_3
Parameters: 0.999998 0.00059589 0.00199063 -0.000585729 0.999986 -0.0051901 -0.00199339 0.0051899 0.999985 0.0358698 0.00795347 -0.237522
FixedParameters: 0 0 0

#Transform 23
Transform: AffineTransform_float_3_3
Parameters: 0.999997 0.000550949 0.00232642 -0.000540887 0.99999 -0.00430704 -0.00232905 0.00430596 0.999988 0.0166995 0.0094383 -0.188414
FixedParameters: 0 0 0

#Transform 24
Transform: AffineTransform_float_3_3
Parameters: 0.999997 0.000503309 0.00242047 -0.000494919 0.999993 -0.00352498 -0.00242139 0.00352402 0.999991 0.0416116 0.00934705 -0.208211
FixedParameters: 0 0 0

#Transform 25
Transform: AffineTransform_float_3_3
Parameters: 0.999997 0.000857195 0.00233862 -0.000846058 0.999987 -0.00493691 -0.00234195 0.00493508 0.999985 0.0376605 -0.00252948 -0.286837
FixedParameters: 0 0 0

#Transform 26
Transform: AffineTransform_float_3_3
Parameters: 0.999997 0.000725326 0.00233666 -0.000713739 0.999987 -0.00520346 -0.0023409 0.00520155 0.999984 0.0608438 -0.0102029 -0.359551
FixedParameters: 0 0 0

#Transform 27
Transform: AffineTransform_float_3_3
Parameters: 0.999996 0.000832829 0.00273197 -0.000821867 0.999992 -0.00392967 -0.00273509 0.00392733 0.999989 0.00687944 0.00894193 -0.277844
FixedParameters: 0 0 0

#Transform 28
Transform: AffineTransform_float_3_3
Parameters: 0.999992 0.00134826 0.00380302 -0.00134028 0.999997 -0.00201808 -0.00380531 0.00201292 0.999991 0.0427035 0.0407325 -0.29233
FixedParameters: 0 0 0

#Transform 29
Transform: AffineTransform_float_3_3
Parameters: 0.999994 0.00104505 0.00330733 -0.00103806 0.999997 -0.0022305 -0.00330976 0.00222651 0.999992 0.0690073 0.019583 -0.235131
FixedParameters: 0 0 0

#Transform 30
Transform: AffineTransform_float_3_3
Parameters: 0.999995 0.000769315 0.0028755 -0.000765424 0.999999 -0.00122562 -0.00287713 0.00122338 0.999995 0.0153818 0.0196693 -0.1609
FixedParameters: 0 0 0

#Transform 31
Transform: AffineTransform_float_3_3
Parameters: 0.999996 0.000888863 0.00287265 -0.000883693 0.999998 -0.00192996 -0.00287464 0.00192704 0.999994 0.0263226 0.0224721 -0.187577
FixedParameters: 0 0 0

#Transform 32
Transform: AffineTransform_float_3_3
Parameters: 0.999995 0.000811668 0.00311513 -0.000801108 0.999994 -0.00344541 -0.00311823 0.00344259 0.999989 0.0414598 0.00805355 -0.23537
FixedParameters: 0 0 0

#Transform 33
Transform: AffineTransform_float_3_3
Parameters: 0.999995 0.00128992 0.00308101 -0.00127782 0.999991 -0.0040538 -0.00308594 0.0040502 0.999987 0.010469 0.0168619 -0.257539
FixedParameters: 0 0 0

#Transform 34
Transform: AffineTransform_float_3_3
Parameters: 0.999992 0.00127439 0.00364655 -0.00126554 0.999996 -0.00240496 -0.00365006 0.00240004 0.99999 0.0437881 0.017931 -0.235283
FixedParameters: 0 0 0

#Transform 35
Transform: AffineTransform_float_3_3
Parameters: 0.999995 0.000517291 0.00310127 -0.0005185 1 0.000194497 -0.00310107 -0.000195501 0.999995 0.026884 0.0493598 -0.349922
FixedParameters: 0 0 0

#Transform 36
Transform: AffineTransform_float_3_3
Parameters: 0.999994 0.000669436 0.00317494 -0.000663118 0.999998 -0.00178201 -0.00317628 0.00177999 0.999994 0.0380762 0.0476882 -0.27233
FixedParameters: 0 0 0

#Transform 37
Transform: AffineTransform_float_3_3
Parameters: 0.999993 0.000692271 0.00362737 -0.00068521 0.999998 -0.00191603 -0.00362819 0.00191396 0.999991 0.028786 0.0365188 -0.207939
FixedParameters: 0 0 0

#Transform 38
Transform: AffineTransform_float_3_3
Parameters: 0.999996 0.000506527 0.00250314 -0.000501103 0.999998 -0.00208103 -0.0025042 0.00207997 0.999994 0.0387486 0.0378755 -0.216541
FixedParameters: 0 0 0

#Transform 39
Transform: AffineTransform_float_3_3
Parameters: 0.999995 0.00042141 0.0029004 -0.000415792 0.999998 -0.00198847 -0.00290064 0.00198753 0.999994 -0.000376499 0.0341558 -0.119859
FixedParameters: 0 0 0

#Transform 40
Transform: AffineTransform_float_3_3
Parameters: 0.999996 0.000640202 0.00294485 -0.000635911 0.999998 -0.00157678 -0.00294582 0.00157522 0.999995 0.0604672 0.0364856 -0.120319
FixedParameters: 0 0 0

#Transform 41
Transform: AffineTransform_float_3_3
Parameters: 0.999996 1.49725e-05 0.00265504 -1.08754e-05 0.999998 -0.0017855 -0.00265498 0.0017855 0.999995 0.0323601 0.0257945 -0.0325975
FixedParameters: 0 0 0

#Transform 42
Transform: AffineTransform_float_3_3
Parameters: 0.999996 0.00069989 0.00299752 -0.000696 0.999999 -0.00132935 -0.00299873 0.00132665 0.999994 0.0267722 0.035859 -0.0107686
FixedParameters: 0 0 0

#Transform 43
Transform: AffineTransform_float_3_3
Parameters: 0.999994 0.000927182 0.00332898 -0.000922965 0.999998 -0.00138462 -0.00333051 0.00138138 0.999994 0.0410556 0.027905 -0.0920244
FixedParameters: 0 0 0

#Transform 44
Transform: AffineTransform_float_3_3
Parameters: 0.999995 0.000955356 0.00316817 -0.000950274 0.999998 -0.00167471 -0.00316902 0.00167229 0.999994 0.0522468 0.0344075 -0.108051
FixedParameters: 0 0 0

#Transform 45
Transform: AffineTransform_float_3_3
Parameters: 0.999993 0.00098253 0.00346345 -0.000974486 0.999997 -0.00228193 -0.00346571 0.00227807 0.999992 0.0200787 0.0284156 -0.116356
FixedParameters: 0 0 0

#Transform 46
Transform: AffineTransform_float_3_3
Parameters: 0.999995 0.00104534 0.00319181 -0.00104014 0.999998 -0.00182538 -0.00319288 0.00182162 0.999993 0.0639633 0.0199095 -0.138827
FixedParameters: 0 0 0

#Transform 47
Transform: AffineTransform_float_3_3
Parameters: 0.999993 0.000669672 0.00381978 -0.000657754 0.999995 -0.00315956 -0.00382204 0.00315744 0.999987 0.0712571 0.0226265 -0.155801
FixedParameters: 0 0 0

#Transform 48
Transform: AffineTransform_float_3_3
Parameters: 0.999994 0.000632957 0.00338102 -0.000620953 0.999994 -0.0034455 -0.00338381 0.0034435 0.999989 0.0283944 0.018834 -0.105236
FixedParameters: 0 0 0

#Transform 49
Transform: AffineTransform_float_3_3
Parameters: 0.999996 0.00051476 0.00279259 -0.000506486 0.999996 -0.00277468 -0.00279453 0.00277332 0.999993 0.0859242 0.03008 -0.109
FixedParameters: 0 0 0

#Transform 50
Transform: AffineTransform_float_3_3
Parameters: 0.999995 0.000419055 0.00294754 -0.000407704 0.999993 -0.00384148 -0.00294918 0.00384053 0.999989 0.054388 0.0212159 -0.132811
FixedParameters: 0 0 0

#Transform 51
Transform: AffineTransform_float_3_3
Parameters: 0.999996 0.000556351 0.00303047 -0.000543211 0.999991 -0.00433492 -0.00303291 0.00433308 0.999986 0.0427886 0.0193574 -0.131203
FixedParameters: 0 0 0

#Transform 52
Transform: AffineTransform_float_3_3
Parameters: 0.999993 0.000728852 0.00384772 -0.000711569 0.999991 -0.0043118 -0.00385044 0.00430921 0.999984 0.0533901 0.016768 -0.158779
FixedParameters: 0 0 0

#Transform 53
Transform: AffineTransform_float_3_3
Parameters: 0.999994 0.001024 0.00315134 -0.00100345 0.999979 -0.00644625 -0.00315804 0.00644275 0.999974 0.0561937 -0.0139971 -0.208212
FixedParameters: 0 0 0

#Transform 54
Transform: AffineTransform_float_3_3
Parameters: 0.999994 0.00110992 0.00311439 -0.00108782 0.999974 -0.00721263 -0.0031227 0.00720937 0.999969 0.0543965 -0.0254445 -0.209165
FixedParameters: 0 0 0

#Transform 55
Transform: AffineTransform_float_3_3
Parameters: 0.999996 0.000750744 0.00291614 -0.000728025 0.999968 -0.00794442 -0.00292219 0.00794159 0.999964 0.0416643 -0.0277906 -0.199982
FixedParameters: 0 0 0

#Transform 56
Transform: AffineTransform_float_3_3
Parameters: 0.999998 0.000741879 0.00156729 -0.000732062 0.999978 -0.00664544 -0.00157239 0.00664456 0.999977 -0.0463403 -0.0166816 -0.129314
FixedParameters: 0 0 0

#Transform 57
Transform: AffineTransform_float_3_3
Parameters: 0.999997 0.000656001 0.00240556 -0.0006442 0.999988 -0.00482834 -0.00240807 0.00482667 0.999986 0.0247863 0.010822 -0.15153
FixedParameters: 0 0 0

#Transform 58
Transform: AffineTransform_float_3_3
Parameters: 0.999994 0.000766907 0.00320294 -0.000750195 0.999986 -0.00537633 -0.00320683 0.00537368 0.999981 0.026675 0.0107954 -0.174711
FixedParameters: 0 0 0

#Transform 59
Transform: AffineTransform_float_3_3
Parameters: 0.999996 0.000304806 0.00304972 -0.000290537 0.999989 -0.00477117 -0.0030517 0.00477084 0.999984 0.0488477 0.0190507 -0.161592
FixedParameters: 0 0 0

#Transform 60
Transform: AffineTransform_float_3_3
Parameters: 0.999995 0.000456191 0.00333494 -0.000441021 0.99999 -0.00457824 -0.00333687 0.00457676 0.999984 0.0283292 0.0140883 -0.162358
FixedParameters: 0 0 0

#Transform 61
Transform: AffineTransform_float_3_3
Parameters: 0.999994 0.000438296 0.00327046 -0.000416295 0.999979 -0.00647514 -0.00327278 0.00647385 0.999974 0.0573433 -0.00713659 -0.257232
FixedParameters: 0 0 0

#Transform 62
Transform: AffineTransform_float_3_3
Parameters: 0.999995 0.000479833 0.00290896 -0.000462348 0.999982 -0.00596163 -0.00291161 0.00596037 0.999978 0.0494092 0.0082875 -0.190422
FixedParameters: 0 0 0

#Transform 63
Transform: AffineTransform_float_3_3
Parameters: 0.999995 0.000638401 0.00329266 -0.000617964 0.999981 -0.00613396 -0.00329623 0.00613203 0.999975 0.0553318 0.0116786 -0.198172
FixedParameters: 0 0 0

#Transform 64
Transform: AffineTransform_float_3_3
Parameters: 0.999995 0.000773276 0.00323459 -0.000752406 0.99998 -0.00639237 -0.0032389 0.00638964 0.999975 0.0575402 0.00862129 -0.197683
FixedParameters: 0 0 0

#Transform 65
Transform: AffineTransform_float_3_3
Parameters: 0.999995 0.000689104 0.00327061 -0.000670356 0.999983 -0.00591712 -0.00327452 0.00591488 0.999977 0.0545118 0.0125416 -0.184371
FixedParameters: 0 0 0

#Transform 66
Transform: AffineTransform_float_3_3
Parameters: 0.999993 0.00108718 0.00355194 -0.00107472 0.999993 -0.00349217 -0.00355533 0.00348883 0.999987 0.0711843 0.0516288 -0.112327
FixedParameters: 0 0 0

#Transform 67
Transform: AffineTransform_float_3_3
Parameters: 0.999992 0.00155756 0.00386139 -0.00155667 0.999999 -0.000236776 -0.00386173 0.000231224 0.999993 0.0766328 0.043541 0.0504437
FixedParameters: 0 0 0

#Transform 68
Transform: AffineTransform_float_3_3
Parameters: 0.999994 0.000839795 0.00328547 -0.00083155 0.999996 -0.0027748 -0.00328804 0.0027722 0.99999 0.0537954 0.0251683 0.0161353
FixedParameters: 0 0 0

#Transform 69
Transform: AffineTransform_float_3_3
Parameters: 0.999991 -0.000756612 0.00399468 0.00076889 0.999996 -0.00286665 -0.00399231 0.00286935 0.999988 0.0486083 0.0473122 -0.0625727
FixedParameters: 0 0 0

#Transform 70
Transform: AffineTransform_float_3_3
Parameters: 0.999992 -0.00191677 0.00368507 0.00192599 0.999994 -0.00254691 -0.0036799 0.00255409 0.99999 0.0721891 0.064333 -0.050223
FixedParameters: 0 0 0

#Transform 71
Transform: AffineTransform_float_3_3
Parameters: 0.999995 -0.00145317 0.00301058 0.0014575 0.999998 -0.00137106 -0.00300817 0.00137494 0.999994 0.0723116 0.0455886 -0.0132245
FixedParameters: 0 0 0

#Transform 72
Transform: AffineTransform_float_3_3
Parameters: 0.999995 -0.00132868 0.00263156 0.00133316 0.999999 -0.00142325 -0.00262975 0.00142675 0.999996 0.0547069 0.0430186 0.000236316
FixedParameters: 0 0 0

#Transform 73
Transform: AffineTransform_float_3_3
Parameters: 0.999995 -0.00123246 0.00264514 0.00123658 0.999998 -0.00152233 -0.00264297 0.00152467 0.999996 0.0536131 0.0531194 -0.0269444
FixedParameters: 0 0 0

#Transform 74
Transform: AffineTransform_float_3_3
Parameters: 0.999996 -0.00104233 0.00257529 0.00104741 0.999997 -0.0021837 -0.00257246 0.0021863 0.999994 0.0526165 0.04966 -0.0666201
FixedParameters: 0 0 0

#Transform 75
Transform: AffineTransform_float_3_3
Parameters: 0.999997 -0.00115965 0.0020925 0.0011652 0.999995 -0.00267311 -0.00208932 0.00267589 0.999995 0.0485663 0.05385 -0.101129
FixedParameters: 0 0 0

#Transform 76
Transform: AffineTransform_float_3_3
Parameters: 0.999997 -0.00122012 0.00212134 0.00122874 0.999991 -0.00407231 -0.00211638 0.00407469 0.999989 0.0333651 0.0476178 -0.10454
FixedParameters: 0 0 0

#Transform 77
Transform: AffineTransform_float_3_3
Parameters: 0.999996 -0.000752116 0.00297742 0.000764355 0.999991 -0.00421678 -0.00297316 0.00421923 0.999987 0.0289469 0.0437715 -0.119969
FixedParameters: 0 0 0

#Transform 78
Transform: AffineTransform_float_3_3
Parameters: 0.999997 -0.00083415 0.00202568 0.000839477 0.999997 -0.002382 -0.0020242 0.002384 0.999995 0.0142042 0.0751822 -0.107192
FixedParameters: 0 0 0

#Transform 79
Transform: AffineTransform_float_3_3
Parameters: 0.999998 -0.0010007 0.00170047 0.0010038 0.999997 -0.00206899 -0.00169791 0.00207101 0.999997 0.0496982 0.0695272 -0.0810458
FixedParameters: 0 0 0

#Transform 80
Transform: AffineTransform_float_3_3
Parameters: 0.999998 -0.00108354 0.00200572 0.00108891 0.999995 -0.00274537 -0.00200279 0.00274764 0.999995 0.0654291 0.0837295 -0.100639
FixedParameters: 0 0 0

#Transform 81
Transform: AffineTransform_float_3_3
Parameters: 0.999997 -0.000988077 0.00220562 0.000997724 0.999991 -0.00406136 -0.00220165 0.00406365 0.99999 0.0552734 0.0633349 -0.124858
FixedParameters: 0 0 0

#Transform 82
Transform: AffineTransform_float_3_3
Parameters: 0.999997 -0.000647936 0.00257422 0.000659338 0.999989 -0.00461135 -0.00257165 0.00461265 0.999986 0.0334076 0.0600223 -0.127986
FixedParameters: 0 0 0

#Transform 83
Transform: AffineTransform_float_3_3
Parameters: 0.999997 -0.000475977 0.00240761 0.000486646 0.99999 -0.00450502 -0.0024062 0.00450598 0.999987 0.0346957 0.0486419 -0.165278
FixedParameters: 0 0 0

#Transform 84
Transform: AffineTransform_float_3_3
Parameters: 0.999997 -0.000584222 0.00240239 0.000596327 0.999989 -0.00481477 -0.00239963 0.00481624 0.999986 0.0409363 0.0518463 -0.150438
FixedParameters: 0 0 0

#Transform 85
Transform: AffineTransform_float_3_3
Parameters: 0.999998 -0.000691694 0.00215411 0.000701693 0.99999 -0.00445319 -0.00215161 0.0044548 0.999987 0.0265387 0.0563768 -0.112296
FixedParameters: 0 0 0

#Transform 86
Transform: AffineTransform_float_3_3
Parameters: 0.999997 -0.000215242 0.00242123 0.000222642 0.999995 -0.00318181 -0.00242078 0.0031822 0.999992 -0.0133755 0.055536 -0.077223
FixedParameters: 0 0 0

#Transform 87
Transform: AffineTransform_float_3_3
Parameters: 0.999998 -0.000110601 0.00204124 0.000117317 0.999995 -0.00305925 -0.00204135 0.00305974 0.999993 -0.0235131 0.0687496 -0.109452
FixedParameters: 0 0 0

#Transform 88
Transform: AffineTransform_float_3_3
Parameters: 0.999997 -0.000238642 0.00223887 0.000245509 0.999994 -0.00332179 -0.00223821 0.00332221 0.999992 0.0209405 0.0654735 -0.144438
FixedParameters: 0 0 0

#Transform 89
Transform: AffineTransform_float_3_3
Parameters: 0.999997 -0.000276767 0.00245934 0.00028677 0.999993 -0.00384928 -0.00245773 0.00385072 0.99999 0.0489478 0.0742698 -0.161765
FixedParameters: 0 0 0

#Transform 90
Transform: AffineTransform_float_3_3
Parameters: 0.999997 -0.000717875 0.00237472 0.000724966 0.999996 -0.00279147 -0.00237242 0.00279353 0.999993 0.029458 0.0699596 -0.0986253
FixedParameters: 0 0 0

#Transform 91
Transform: AffineTransform_float_3_3
Parameters: 0.999995 -0.00089134 0.00299371 0.000901915 0.999994 -0.00323419 -0.0029907 0.0032368 0.99999 0.0456776 0.0669538 -0.159035
FixedParameters: 0 0 0

#Transform 92
Transform: AffineTransform_float_3_3
Parameters: 0.999996 -0.00146211 0.00238624 0.00146746 0.999996 -0.00230226 -0.00238253 0.00230574 0.999995 0.0632672 0.0836701 -0.126694
FixedParameters: 0 0 0

#Transform 93
Transform: AffineTransform_float_3_3
Parameters: 0.999996 -0.00067263 0.00297556 0.000680623 0.999996 -0.00290902 -0.00297309 0.00291098 0.999991 0.0356003 0.0763229 -0.187654
FixedParameters: 0 0 0

#Transform 94
Transform: AffineTransform_float_3_3
Parameters: 0.999994 -0.000740659 0.00321357 0.000754212 0.999992 -0.00396747 -0.00321017 0.00396952 0.999987 0.0542088 0.066939 -0.200334
FixedParameters: 0 0 0

#Transform 95
Transform: AffineTransform_float_3_3
Parameters: 0.999994 -0.00102287 0.00310845 0.0010351 0.999991 -0.00401368 -0.00310457 0.00401732 0.999987 0.0425043 0.0560824 -0.212715
FixedParameters: 0 0 0

#Transform 96
Transform: AffineTransform_float_3_3
Parameters: 0.999992 -0.000842471 0.00397319 0.000857784 0.999991 -0.00392432 -0.00397064 0.00392768 0.999984 0.0493906 0.0638086 -0.284288
FixedParameters: 0 0 0

#Transform 97
Transform: AffineTransform_float_3_3
Parameters: 0.999993 -0.000787135 0.00381987 0.000803468 0.99999 -0.00433702 -0.0038167 0.00433898 0.999983 0.0573042 0.0672227 -0.268839
FixedParameters: 0 0 0

#Transform 98
Transform: AffineTransform_float_3_3
Parameters: 0.999992 -0.000722168 0.00374469 0.000737653 0.999991 -0.00413512 -0.00374186 0.00413788 0.999985 0.0460125 0.0635717 -0.230999
FixedParameters: 0 0 0

#Transform 99
Transform: AffineTransform_float_3_3
Parameters: 0.999994 -0.000914308 0.00339033 0.000931853 0.999986 -0.0053176 -0.00338569 0.00532041 0.99998 0.0446604 0.0456336 -0.284672
FixedParameters: 0 0 0

#Transform 100
Transform: AffineTransform_float_3_3
Parameters: 0.999993 -0.000608209 0.00387586 0.000628251 0.999985 -0.0053281 -0.00387329 0.0053309 0.999978 0.045824 0.0434649 -0.286057
FixedParameters: 0 0 0

#Transform 101
Transform: AffineTransform_float_3_3
Parameters: 0.999993 -0.000802774 0.00352337 0.000824232 0.999982 -0.00593435 -0.00351812 0.00593665 0.999977 0.0444842 0.0297457 -0.308464
FixedParameters: 0 0 0

#Transform 102
Transform: AffineTransform_float_3_3
Parameters: 0.999992 -0.000510901 0.00383651 0.000535538 0.999979 -0.00651364 -0.00383306 0.00651636 0.999971 0.0525312 0.0268151 -0.330101
FixedParameters: 0 0 0

#Transform 103
Transform: AffineTransform_float_3_3
Parameters: 0.999993 -0.000661033 0.00374463 0.000684022 0.999982 -0.00608449 -0.00374099 0.00608752 0.999975 0.0509404 0.0262211 -0.304283
FixedParameters: 0 0 0

#Transform 104
Transform: AffineTransform_float_3_3
Parameters: 0.999992 -0.000653439 0.00411141 0.000677747 0.999982 -0.00597276 -0.00410814 0.00597624 0.999973 0.0717992 0.0446254 -0.307497
FixedParameters: 0 0 0

#Transform 105
Transform: AffineTransform_float_3_3
Parameters: 0.999992 -0.000674909 0.00390425 0.000695026 0.999987 -0.00518118 -0.00390155 0.00518382 0.999979 0.0626441 0.0543949 -0.28339
FixedParameters: 0 0 0

#Transform 106
Transform: AffineTransform_float_3_3
Parameters: 0.999993 -0.000770537 0.00352891 0.000789157 0.999985 -0.00539062 -0.00352529 0.00539339 0.999979 0.0533402 0.045002 -0.302042
FixedParameters: 0 0 0

#Transform 107
Transform: AffineTransform_float_3_3
Parameters: 0.999991 -0.000887859 0.00426961 0.00091279 0.999984 -0.00571771 -0.00426438 0.0057213 0.999975 0.0532189 0.0447811 -0.319799
FixedParameters: 0 0 0

#Transform 108
Transform: AffineTransform_float_3_3
Parameters: 0.99999 -0.000681397 0.00430229 0.000705331 0.999984 -0.005619 -0.00429825 0.005623 0.999975 0.0712109 0.0539162 -0.339071
FixedParameters: 0 0 0

#Transform 109
Transform: AffineTransform_float_3_3
Parameters: 0.999996 -0.00110874 0.00277723 0.00111109 0.999999 -0.00106016 -0.00277555 0.00106285 0.999996 0.0430666 0.129162 -0.315559
FixedParameters: 0 0 0

#Transform 110
Transform: AffineTransform_float_3_3
Parameters: 0.999995 -0.00105895 0.00275984 0.00106672 0.999996 -0.00276246 -0.00275622 0.00276554 0.999992 0.047371 0.0986523 -0.294236
FixedParameters: 0 0 0

#Transform 111
Transform: AffineTransform_float_3_3
Parameters: 0.999994 -0.00089462 0.00340875 0.000907823 0.999993 -0.00380265 -0.00340627 0.00380535 0.999987 0.057388 0.0846081 -0.344028
FixedParameters: 0 0 0

#Transform 112
Transform: AffineTransform_float_3_3
Parameters: 0.999994 -0.000956609 0.00352173 0.000970957 0.999992 -0.00397433 -0.00351806 0.00397767 0.999986 0.0626012 0.0848018 -0.316673
FixedParameters: 0 0 0

#Transform 113
Transform: AffineTransform_float_3_3
Parameters: 0.999994 -0.00117675 0.00329389 0.0011853 0.999996 -0.00263084 -0.00329046 0.00263516 0.999991 0.0376308 0.103113 -0.308799
FixedParameters: 0 0 0

#Transform 114
Transform: AffineTransform_float_3_3
Parameters: 0.999993 -0.00102661 0.00366523 0.00104022 0.999993 -0.00366479 -0.00366072 0.00366821 0.999987 0.0562007 0.0701743 -0.357186
FixedParameters: 0 0 0

#Transform 115
Transform: AffineTransform_float_3_3
Parameters: 0.999992 -0.000675682 0.0039513 0.000688932 0.999994 -0.003304 -0.00394893 0.003306 0.999987 0.0644689 0.092082 -0.339422
FixedParameters: 0 0 0

#Transform 116
Transform: AffineTransform_float_3_3
Parameters: 0.999992 -0.00109493 0.00365408 0.0011068 0.999994 -0.00318455 -0.00365091 0.00318845 0.999988 0.064142 0.100845 -0.306757
FixedParameters: 0 0 0

#Transform 117
Transform: AffineTransform_float_3_3
Parameters: 0.999995 -0.00091979 0.00319129 0.000928146 0.999996 -0.00247957 -0.00318896 0.00248343 0.999992 0.0399049 0.10224 -0.290001
FixedParameters: 0 0 0

#Transform 118
Transform: AffineTransform_float_3_3
Parameters: 0.999993 -0.00108075 0.00344527 0.00108828 0.999997 -0.00217699 -0.0034428 0.00218101 0.999991 0.0446342 0.114515 -0.269211
FixedParameters: 0 0 0

#Transform 119
Transform: AffineTransform_float_3_3
Parameters: 0.999994 -0.00107636 0.00335626 0.0010851 0.999996 -0.00255195 -0.00335261 0.00255505 0.999992 0.0520396 0.115053 -0.262856
FixedParameters: 0 0 0

#Transform 120
Transform: AffineTransform_float_3_3
Parameters: 0.999995 -0.00122426 0.00272939 0.00123236 0.999995 -0.00275704 -0.00272618 0.00276096 0.999992 0.0182346 0.128448 -0.208835
FixedParameters: 0 0 0

#Transform 121
Transform: AffineTransform_float_3_3
Parameters: 0.999996 -0.00107192 0.00283693 0.00107911 0.999996 -0.00265419 -0.0028344 0.00265682 0.999993 0.0105018 0.111456 -0.204346
FixedParameters: 0 0 0

#Transform 122
Transform: AffineTransform_float_3_3
Parameters: 0.999994 -0.00104245 0.00314036 0.00105356 0.999994 -0.00337659 -0.0031366 0.00338041 0.999989 0.0311062 0.101061 -0.253723
FixedParameters: 0 0 0

#Transform 123
Transform: AffineTransform_float_3_3
Parameters: 0.999994 -0.00117317 0.00333259 0.00118338 0.999995 -0.00304616 -0.00332873 0.00304984 0.99999 0.0272925 0.100842 -0.245999
FixedParameters: 0 0 0

#Transform 124
Transform: AffineTransform_float_3_3
Parameters: 0.999993 -0.000660404 0.00367376 0.000671037 0.999996 -0.00276756 -0.00367247 0.00277044 0.99999 0.0379215 0.111553 -0.157479
FixedParameters: 0 0 0

#Transform 125
Transform: AffineTransform_float_3_3
Parameters: 0.999992 -0.00100338 0.00367961 0.00101339 0.999996 -0.0025535 -0.00367724 0.0025575 0.99999 0.0600543 0.121729 -0.170803
FixedParameters: 0 0 0

#Transform 126
Transform: AffineTransform_float_3_3
Parameters: 0.999995 -0.00160876 0.00291262 0.00161622 0.999995 -0.0024719 -0.00290821 0.00247709 0.999992 0.0460201 0.12191 -0.158576
FixedParameters: 0 0 0

#Transform 127
Transform: AffineTransform_float_3_3
Parameters: 0.999993 -0.00170837 0.00349893 0.00171738 0.999995 -0.0024673 -0.00349457 0.0024737 0.99999 0.037375 0.1174 -0.205184
FixedParameters: 0 0 0

#Transform 128
Transform: AffineTransform_float_3_3
Parameters: 0.999993 -0.00170952 0.00350235 0.00171888 0.999995 -0.00270214 -0.00349771 0.00270786 0.99999 0.0668052 0.115718 -0.219979
FixedParameters: 0 0 0

#Transform 129
Transform: AffineTransform_float_3_3
Parameters: 0.999993 -0.00159853 0.00340132 0.00160766 0.999995 -0.00261148 -0.00339795 0.00261752 0.999991 0.0554814 0.118826 -0.197486
FixedParameters: 0 0 0

#Transform 130
Transform: AffineTransform_float_3_3
Parameters: 0.999992 -0.00118961 0.00365882 0.00120084 0.999993 -0.00321905 -0.00365458 0.00322295 0.999988 0.0680416 0.118671 -0.223283
FixedParameters: 0 0 0

#Transform 131
Transform: AffineTransform_float_3_3
Parameters: 0.999992 -0.00176718 0.00352253 0.00177533 0.999995 -0.0023279 -0.00351837 0.0023341 0.999991 0.0288512 0.132425 -0.172191
FixedParameters: 0 0 0

#Transform 132
Transform: AffineTransform_float_3_3
Parameters: 0.999994 -0.00219205 0.00276256 0.00219385 0.999997 -0.000463106 -0.00276236 0.000468896 0.999997 0.0528951 0.156905 -0.13167
FixedParameters: 0 0 0

#Transform 133
Transform: AffineTransform_float_3_3
Parameters: 0.999992 -0.002158 0.00319004 0.00216008 0.999997 -0.00100113 -0.00318821 0.00100788 0.999995 0.0529689 0.142978 -0.138268
FixedParameters: 0 0 0

#Transform 134
Transform: AffineTransform_float_3_3
Parameters: 0.999994 -0.0009817 0.00334344 0.000987835 0.999998 -0.00183843 -0.00334154 0.00184157 0.999992 0.016298 0.121493 -0.150895
FixedParameters: 0 0 0

#Transform 135
Transform: AffineTransform_float_3_3
Parameters: 0.999992 -0.00126684 0.00362895 0.00127284 0.999998 -0.00172832 -0.00362721 0.00173268 0.999991 0.0425125 0.140575 -0.152343
FixedParameters: 0 0 0

#Transform 136
Transform: AffineTransform_float_3_3
Parameters: 0.99999 -0.00135647 0.00426727 0.00136529 0.999997 -0.00206095 -0.00426444 0.00206705 0.999989 0.0717381 0.119105 -0.276409
FixedParameters: 0 0 0

#Transform 137
Transform: AffineTransform_float_3_3
Parameters: 0.999991 -0.00186332 0.00385197 0.00187306 0.999995 -0.00238479 -0.00384806 0.00239221 0.99999 0.0570746 0.115548 -0.263097
FixedParameters: 0 0 0

#Transform 138
Transform: AffineTransform_float_3_3
Parameters: 0.999992 -0.00244976 0.00332969 0.00246068 0.999992 -0.00331021 -0.00332173 0.0033188 0.999989 0.110766 0.105007 -0.299385
FixedParameters: 0 0 0

#Transform 139
Transform: AffineTransform_float_3_3
Parameters: 0.999994 -0.00170614 0.00300647 0.00171986 0.999988 -0.00466166 -0.00299855 0.00466634 0.999985 0.0978315 0.0780147 -0.345967
FixedParameters: 0 0 0

#Transform 140
Transform: AffineTransform_float_3_3
Parameters: 0.999996 -0.000487988 0.00296401 0.000504487 0.999985 -0.0053962 -0.00296186 0.0053978 0.999981 0.0469212 0.0713552 -0.3432
FixedParameters: 0 0 0

#Transform 141
Transform: AffineTransform_float_3_3
Parameters: 0.999995 -8.61118e-05 0.00300705 0.000101223 0.999987 -0.00504602 -0.00300616 0.00504597 0.999982 0.052697 0.0802004 -0.315205
FixedParameters: 0 0 0

#Transform 142
Transform: AffineTransform_float_3_3
Parameters: 0.999988 0.000100392 0.00476153 -7.56448e-05 0.999986 -0.00519132 -0.00476174 0.00519068 0.999975 0.0919658 0.067898 -0.381366
FixedParameters: 0 0 0

#Transform 143
Transform: AffineTransform_float_3_3
Parameters: 0.99999 -0.000261159 0.00444435 0.00028581 0.999984 -0.0055354 -0.00444285 0.00553659 0.999975 0.121036 0.0582194 -0.422815
FixedParameters: 0 0 0

#Transform 144
Transform: AffineTransform_float_3_3
Parameters: 0.999989 -0.000135142 0.00463854 0.000168548 0.999975 -0.00716756 -0.00463753 0.00716845 0.999964 0.11542 0.0257605 -0.493665
FixedParameters: 0 0 0

#Transform 145
Transform: AffineTransform_float_3_3
Parameters: 0.999987 -0.000355445 0.00497308 0.00039175 0.999973 -0.0073731 -0.00497032 0.0073749 0.99996 0.124643 0.028324 -0.479098
FixedParameters: 0 0 0

#Transform 146
Transform: AffineTransform_float_3_3
Parameters: 0.999986 -0.00117802 0.00519016 0.00121436 0.999974 -0.00711786 -0.00518218 0.00712414 0.999962 0.136105 0.0384822 -0.500325
FixedParameters: 0 0 0

#Transform 147
Transform: AffineTransform_float_3_3
Parameters: 0.999984 -0.00145941 0.00544592 0.00149923 0.999971 -0.00738107 -0.00543511 0.00738893 0.999958 0.172992 0.0275772 -0.543774
FixedParameters: 0 0 0

#Transform 148
Transform: AffineTransform_float_3_3
Parameters: 0.999986 -0.00141767 0.00521368 0.00145651 0.999971 -0.0075273 -0.00520347 0.0075347 0.999958 0.145809 0.0499216 -0.52668
FixedParameters: 0 0 0

#Transform 149
Transform: AffineTransform_float_3_3
Parameters: 0.999986 -0.000975251 0.00516973 0.00101309 0.999972 -0.00739409 -0.00516146 0.00739892 0.99996 0.148407 0.0497239 -0.506043
FixedParameters: 0 0 0

#Transform 150
Transform: AffineTransform_float_3_3
Parameters: 0.999989 -0.00122 0.00467944 0.00125788 0.999967 -0.00800566 -0.00466997 0.00801034 0.999957 0.154305 0.0548398 -0.501544
FixedParameters: 0 0 0

#Transform 151
Transform: AffineTransform_float_3_3
Parameters: 0.999991 -0.00107541 0.00427188 0.00111063 0.999965 -0.00826009 -0.00426274 0.00826391 0.999957 0.133357 0.0417165 -0.469763
FixedParameters: 0 0 0

#Transform 152
Transform: AffineTransform_float_3_3
Parameters: 0.999987 -0.000938413 0.00490754 0.000978244 0.999967 -0.00812683 -0.00489893 0.00813218 0.999955 0.150483 0.0307223 -0.515242
FixedParameters: 0 0 0

#Transform 153
Transform: AffineTransform_float_3_3
Parameters: 0.999988 -0.000819754 0.00495467 0.000856038 0.999974 -0.00720022 -0.00494836 0.00720378 0.999962 0.155954 0.0459991 -0.496911
FixedParameters: 0 0 0

#Transform 154
Transform: AffineTransform_float_3_3
Parameters: 0.999984 -0.000986649 0.00548364 0.00102475 0.999976 -0.00691005 -0.00547656 0.00691496 0.999962 0.163483 0.0556684 -0.504585
FixedParameters: 0 0 0

#Transform 155
Transform: AffineTransform_float_3_3
Parameters: 0.999984 -0.0011466 0.00543352 0.00118733 0.999972 -0.00737257 -0.00542458 0.00737842 0.999958 0.162543 0.0351744 -0.506635
FixedParameters: 0 0 0

#Transform 156
Transform: AffineTransform_float_3_3
Parameters: 0.999985 -0.00103959 0.00534894 0.00108169 0.999968 -0.0080004 -0.0053396 0.00800561 0.999954 0.162778 0.02626 -0.575348
FixedParameters: 0 0 0

#Transform 157
Transform: AffineTransform_float_3_3
Parameters: 0.999984 -0.00110535 0.00551965 0.00114658 0.999971 -0.00750549 -0.00551115 0.0075125 0.999956 0.170472 0.0427171 -0.55596
FixedParameters: 0 0 0

#Transform 158
Transform: AffineTransform_float_3_3
Parameters: 0.999985 -0.00159546 0.00523813 0.00163078 0.999977 -0.00660419 -0.00522743 0.00661281 0.999965 0.159294 0.0444047 -0.48102
FixedParameters: 0 0 0

#Transform 159
Transform: AffineTransform_float_3_3
Parameters: 0.999986 -0.0011715 0.00516766 0.00120865 0.999974 -0.00710027 -0.00515928 0.00710572 0.999961 0.146976 0.0633101 -0.433143
FixedParameters: 0 0 0

#Transform 160
Transform: AffineTransform_float_3_3
Parameters: 0.999986 -0.00135526 0.00524669 0.00139532 0.99997 -0.00755922 -0.0052364 0.00756679 0.999958 0.161623 0.0535086 -0.462836
FixedParameters: 0 0 0

#Transform 161
Transform: AffineTransform_float_3_3
Parameters: 0.999985 -0.00136197 0.00530682 0.00140505 0.999967 -0.00800609 -0.00529623 0.00801392 0.999954 0.149193 0.0462283 -0.455019
FixedParameters: 0 0 0

#Transform 162
Transform: AffineTransform_float_3_3
Parameters: 0.999982 -0.00142945 0.00581009 0.00147552 0.999967 -0.00795317 -0.00579882 0.00796182 0.999951 0.142278 0.0476401 -0.548097
FixedParameters: 0 0 0

#Transform 163
Transform: AffineTransform_float_3_3
Parameters: 0.999982 -0.001789 0.00569564 0.00183236 0.999969 -0.00766703 -0.00568179 0.00767798 0.999954 0.191297 0.0501783 -0.542443
FixedParameters: 0 0 0

#Transform 164
Transform: AffineTransform_float_3_3
Parameters: 0.999984 -0.00166083 0.00527125 0.00169983 0.999972 -0.00728614 -0.00525896 0.00729485 0.999959 0.202713 0.0724868 -0.46997
FixedParameters: 0 0 0

#Transform 165
Transform: AffineTransform_float_3_3
Parameters: 0.999986 -0.00124576 0.00502832 0.00127878 0.999977 -0.00666424 -0.00501988 0.00667077 0.999965 0.147485 0.0849918 -0.42891
FixedParameters: 0 0 0

#Transform 166
Transform: AffineTransform_float_3_3
Parameters: 0.999986 -0.00180968 0.0049473 0.00183566 0.999984 -0.00523749 -0.00493787 0.0052465 0.999974 0.123375 0.104726 -0.370047
FixedParameters: 0 0 0

#Transform 167
Transform: AffineTransform_float_3_3
Parameters: 0.999986 -0.00173492 0.00499976 0.00176411 0.999982 -0.00572676 -0.00498952 0.00573524 0.999971 0.14036 0.103146 -0.336259
FixedParameters: 0 0 0

#Transform 168
Transform: AffineTransform_float_3_3
Parameters: 0.999983 -0.00192311 0.00547714 0.00196053 0.999975 -0.00669906 -0.0054641 0.00670994 0.999963 0.151589 0.0906997 -0.425928
FixedParameters: 0 0 0

#Transform 169
Transform: AffineTransform_float_3_3
Parameters: 0.999987 -0.00178074 0.00487975 0.00180425 0.999987 -0.00478692 -0.00487118 0.00479609 0.999977 0.124863 0.101444 -0.332961
FixedParameters: 0 0 0

#Transform 170
Transform: AffineTransform_float_3_3
Parameters: 0.999984 -0.00179197 0.00534579 0.00181622 0.999989 -0.0044372 -0.00533838 0.0044468 0.999976 0.167121 0.101463 -0.371716
FixedParameters: 0 0 0

#Transform 171
Transform: AffineTransform_float_3_3
Parameters: 0.999979 -0.00247 0.00610844 0.00250275 0.999983 -0.00528662 -0.00609574 0.00530238 0.999967 0.163278 0.0924057 -0.465597
FixedParameters: 0 0 0

#Transform 172
Transform: AffineTransform_float_3_3
Parameters: 0.999981 -0.0020873 0.0057043 0.00212133 0.999981 -0.0058219 -0.0056921 0.0058341 0.999967 0.1821 0.0866112 -0.478536
FixedParameters: 0 0 0

#Transform 173
Transform: AffineTransform_float_3_3
Parameters: 0.99998 -0.00191096 0.00594363 0.00195149 0.999976 -0.00669856 -0.00593048 0.00671045 0.99996 0.164499 0.0710356 -0.500045
FixedParameters: 0 0 0

#Transform 174
Transform: AffineTransform_float_3_3
Parameters: 0.99998 -0.00173562 0.00606647 0.00177526 0.999977 -0.00653286 -0.00605494 0.00654313 0.99996 0.161377 0.0629988 -0.480837
FixedParameters: 0 0 0

#Transform 175
Transform: AffineTransform_float_3_3
Parameters: 0.999979 -0.00232619 0.00601042 0.002357 0.999985 -0.00503773 -0.00599806 0.00505126 0.999969 0.183499 0.109316 -0.408129
FixedParameters: 0 0 0

#Transform 176
Transform: AffineTransform_float_3_3
Parameters: 0.99998 -0.00221897 0.0060186 0.00225852 0.999976 -0.00659914 -0.00600361 0.00661288 0.99996 0.187288 0.0910004 -0.488079
FixedParameters: 0 0 0

#Transform 177
Transform: AffineTransform_float_3_3
Parameters: 0.999982 -0.00219345 0.00548715 0.00223124 0.999974 -0.00691229 -0.0054719 0.00692472 0.999961 0.15563 0.0886045 -0.474516
FixedParameters: 0 0 0

#Transform 178
Transform: AffineTransform_float_3_3
Parameters: 0.999982 -0.00239934 0.00553854 0.00243329 0.999978 -0.00609524 -0.00552414 0.00610875 0.999966 0.185024 0.0911276 -0.486205
FixedParameters: 0 0 0

#Transform 179
Transform: AffineTransform_float_3_3
Parameters: 0.999984 -0.00261376 0.00512493 0.00264013 0.999983 -0.00502703 -0.0051117 0.00503996 0.999974 0.157748 0.114744 -0.373177
FixedParameters: 0 0 0
