# transform file /out/sourcedata/freesurfer/sub-v1s10x0051059_ses-1/mri/transforms/cc_up.lta
# created by oesteban on Thu Mar 12 07:15:08 2026

type      = 0 # LINEAR_VOX_TO_VOX
nxforms   = 1
mean      = 128.0000 144.0000 115.0000
sigma     = 10000.0000
1 4 4
9.980788230895996e-01 -2.227126620709896e-02 -5.781428143382072e-02 1.012066364288330e+01 
2.223399654030800e-02 9.997519254684448e-01 -1.287916791625321e-03 -6.572321057319641e-01 
5.782862752676010e-02 -1.164153079491470e-10 9.983264803886414e-01 1.583148384094238e+01 
0.000000000000000e+00 0.000000000000000e+00 0.000000000000000e+00 1.000000000000000e+00 
src volume info
valid = 1  # volume info valid
filename = /out/sourcedata/freesurfer/sub-v1s10x0051059_ses-1/mri/norm.mgz
volume = 256 256 256
voxelsize = 1.000000000000000e+00 1.000000000000000e+00 1.000000000000000e+00
xras   = -1.000000000000000e+00 0.000000000000000e+00 0.000000000000000e+00
yras   = 0.000000000000000e+00 0.000000000000000e+00 -1.000000000000000e+00
zras   = 0.000000000000000e+00 1.000000000000000e+00 0.000000000000000e+00
cras   = 8.616912841796875e+00 -7.674697875976562e+00 3.891571044921875e+00
dst volume info
valid = 1  # volume info valid
filename = /out/sourcedata/freesurfer/sub-v1s10x0051059_ses-1/mri/norm.mgz
volume = 256 256 256
voxelsize = 1.000000000000000e+00 1.000000000000000e+00 1.000000000000000e+00
xras   = -1.000000000000000e+00 0.000000000000000e+00 0.000000000000000e+00
yras   = 0.000000000000000e+00 0.000000000000000e+00 -1.000000000000000e+00
zras   = 0.000000000000000e+00 1.000000000000000e+00 0.000000000000000e+00
cras   = 8.616912841796875e+00 -7.674697875976562e+00 3.891571044921875e+00
