#Insight Transform File V1.0
#Transform 0
Transform: AffineTransform_float_3_3
Parameters: 1 0.000278565 2.39041e-05 -0.000278146 1 -0.000615006 -2.3326e-05 0.000614993 1 -0.0458046 -0.260022 -0.261673
FixedParameters: 0 0 0

#Transform 1
Transform: AffineTransform_float_3_3
Parameters: 0.999999 -0.000686983 -0.00130119 0.000688768 0.999999 0.00139346 0.00130005 -0.00139453 0.999998 0.0204121 0.133737 -0.0452552
FixedParameters: 0 0 0

#Transform 2
Transform: AffineTransform_float_3_3
Parameters: 0.999998 -0.00115261 -0.00108393 0.00115496 0.999998 0.00175511 0.00108158 -0.00175689 0.999999 0.0484025 0.207929 -0.0590501
FixedParameters: 0 0 0

#Transform 3
Transform: AffineTransform_float_3_3
Parameters: 0.999997 -0.00131988 -0.00203186 0.00132489 0.999996 0.00249524 0.00202853 -0.00249776 0.999995 0.0851997 0.273587 -0.11383
FixedParameters: 0 0 0

#Transform 4
Transform: AffineTransform_float_3_3
Parameters: 0.999998 -0.00109828 -0.00168102 0.00110129 0.999998 0.00144387 0.00167862 -0.00144613 0.999998 0.0200583 0.197799 -0.0674023
FixedParameters: 0 0 0

#Transform 5
Transform: AffineTransform_float_3_3
Parameters: 0.999998 -0.000436999 -0.0016182 0.000442184 0.999996 0.00302465 0.0016175 -0.00302535 0.999994 0.0196852 0.249979 -0.106664
FixedParameters: 0 0 0

#Transform 6
Transform: AffineTransform_float_3_3
Parameters: 0.999999 -0.000622008 -0.00136893 0.000627091 0.999993 0.0035405 0.00136646 -0.00354149 0.999992 0.00805757 0.257032 -0.071412
FixedParameters: 0 0 0

#Transform 7
Transform: AffineTransform_float_3_3
Parameters: 0.999997 -0.0017262 -0.00134186 0.00173248 0.999989 0.00436774 0.00133448 -0.00437026 0.999989 0.0709091 0.314011 -0.158943
FixedParameters: 0 0 0

#Transform 8
Transform: AffineTransform_float_3_3
Parameters: 0.999996 -0.00199746 -0.00160097 0.00200145 0.999994 0.00260822 0.00159564 -0.00261178 0.999996 0.0709481 0.263184 -0.142002
FixedParameters: 0 0 0

#Transform 9
Transform: AffineTransform_float_3_3
Parameters: 0.999997 -0.000848241 -0.00227499 0.000857574 0.999991 0.00416314 0.00227087 -0.00416486 0.999989 -0.00491141 0.30418 -0.19686
FixedParameters: 0 0 0

#Transform 10
Transform: AffineTransform_float_3_3
Parameters: 0.999995 -0.000989013 -0.00280396 0.000997145 0.999996 0.00276281 0.0028016 -0.00276619 0.999992 -0.0476411 0.262804 -0.115809
FixedParameters: 0 0 0

#Transform 11
Transform: AffineTransform_float_3_3
Parameters: 0.999999 -0.00125125 -0.00129659 0.00125813 0.999986 0.00525943 0.00129059 -0.00526057 0.999985 0.0510853 0.369105 -0.144583
FixedParameters: 0 0 0

#Transform 12
Transform: AffineTransform_float_3_3
Parameters: 0.999994 -0.00163007 -0.00302627 0.00164519 0.999986 0.00495805 0.00301851 -0.00496294 0.999983 0.00332521 0.365374 -0.0303487
FixedParameters: 0 0 0

#Transform 13
Transform: AffineTransform_float_3_3
Parameters: 0.999997 -0.000618231 -0.00232 0.000630716 0.999984 0.00563979 0.00231659 -0.00564122 0.999982 -0.04998 0.439815 -0.130374
FixedParameters: 0 0 0

#Transform 14
Transform: AffineTransform_float_3_3
Parameters: 0.999997 -0.000703907 -0.00228564 0.000713745 0.999991 0.00425346 0.00228259 -0.00425454 0.999988 -0.0174522 0.345248 -0.156753
FixedParameters: 0 0 0

#Transform 15
Transform: AffineTransform_float_3_3
Parameters: 0.999998 -0.00124736 -0.00183366 0.00125699 0.999986 0.00518328 0.00182681 -0.00518573 0.999985 0.0467969 0.351987 -0.461468
FixedParameters: 0 0 0

#Transform 16
Transform: AffineTransform_float_3_3
Parameters: 0.999995 -0.00167467 -0.00262373 0.00168663 0.999987 0.00476809 0.0026154 -0.00477191 0.999985 0.0677246 0.346368 -0.211539
FixedParameters: 0 0 0

#Transform 17
Transform: AffineTransform_float_3_3
Parameters: 0.999996 -0.0017089 -0.00192636 0.00171776 0.999987 0.00477012 0.00191838 -0.00477388 0.999987 0.0702302 0.372346 -0.436626
FixedParameters: 0 0 0

#Transform 18
Transform: AffineTransform_float_3_3
Parameters: 0.999998 -0.00161555 -0.00163633 0.001616 0.999998 0.00058077 0.00163615 -0.00058323 0.999998 0.0585024 0.114987 -0.430083
FixedParameters: 0 0 0

#Transform 19
Transform: AffineTransform_float_3_3
Parameters: 0.999997 -0.00226325 -0.00110286 0.0022634 0.999997 0.000308406 0.00110277 -0.000310595 0.999999 0.0818767 0.141055 -0.336685
FixedParameters: 0 0 0

#Transform 20
Transform: AffineTransform_float_3_3
Parameters: 0.999993 -0.00354726 1.79028e-05 0.00354768 0.999991 0.00200003 -2.57882e-05 -0.00199997 0.999998 0.157188 0.257066 -0.302174
FixedParameters: 0 0 0

#Transform 21
Transform: AffineTransform_float_3_3
Parameters: 0.999995 -0.00292325 -0.000257122 0.00292341 0.999994 0.00188593 0.000251869 -0.00188607 0.999998 0.149026 0.236671 -0.30539
FixedParameters: 0 0 0

#Transform 22
Transform: AffineTransform_float_3_3
Parameters: 0.999998 -0.00185301 0.000999192 0.00185311 0.999998 0.000605286 -0.0010009 -0.000603713 0.999999 0.131783 0.171872 -0.354822
FixedParameters: 0 0 0

#Transform 23
Transform: AffineTransform_float_3_3
Parameters: 0.999998 -0.00155652 0.000301802 0.00155638 0.999999 0.000884598 -0.000303635 -0.0008844 0.999999 0.0668395 0.156888 -0.387318
FixedParameters: 0 0 0

#Transform 24
Transform: AffineTransform_float_3_3
Parameters: 0.999998 -0.0017532 -0.000696798 0.00175405 0.999999 0.000324473 0.000696579 -0.000325527 1 0.0803593 0.154402 -0.456849
FixedParameters: 0 0 0

#Transform 25
Transform: AffineTransform_float_3_3
Parameters: 0.999997 -0.00241435 -0.000652393 0.00241455 0.999996 0.000961969 0.000650368 -0.000963031 1 0.136567 0.180884 -0.40061
FixedParameters: 0 0 0

#Transform 26
Transform: AffineTransform_float_3_3
Parameters: 0.999993 -0.0037028 -0.00082572 0.0037042 0.999992 0.00190181 0.000817786 -0.00190519 0.999998 0.181842 0.130857 -0.847542
FixedParameters: 0 0 0

#Transform 27
Transform: AffineTransform_float_3_3
Parameters: 0.999993 -0.00347517 -0.00124125 0.0034771 0.999993 0.00163227 0.00123513 -0.00163673 0.999997 0.131066 0.182116 -0.714405
FixedParameters: 0 0 0

#Transform 28
Transform: AffineTransform_float_3_3
Parameters: 0.999996 -0.00285903 -0.000350747 0.00285895 0.999994 0.00159367 0.000346486 -0.00159433 0.999998 0.120345 0.204198 -0.476989
FixedParameters: 0 0 0

#Transform 29
Transform: AffineTransform_float_3_3
Parameters: 0.999998 -0.00223912 -0.000271911 0.00224014 0.999991 0.00367437 0.000263456 -0.00367562 0.999993 0.0804263 0.279381 -0.435276
FixedParameters: 0 0 0

#Transform 30
Transform: AffineTransform_float_3_3
Parameters: 0.999995 -0.00309802 0.000243793 0.0030967 0.999982 0.00511324 -0.000259702 -0.00511176 0.999987 0.166105 0.342363 -0.598609
FixedParameters: 0 0 0

#Transform 31
Transform: AffineTransform_float_3_3
Parameters: 0.999988 -0.00465143 -0.00099666 0.00465853 0.999965 0.00689031 0.000963456 -0.00689467 0.999975 0.16249 0.44838 -0.466743
FixedParameters: 0 0 0

#Transform 32
Transform: AffineTransform_float_3_3
Parameters: 0.999995 -0.00307935 -0.000581927 0.00308315 0.999972 0.00683491 0.000561057 -0.00683709 0.999977 0.133826 0.447054 -0.449298
FixedParameters: 0 0 0

#Transform 33
Transform: AffineTransform_float_3_3
Parameters: 0.999985 -0.00488102 -0.00219486 0.00489745 0.999957 0.00781458 0.00215628 -0.00782541 0.999967 0.117992 0.481784 -0.47763
FixedParameters: 0 0 0

#Transform 34
Transform: AffineTransform_float_3_3
Parameters: 0.99998 -0.00514872 -0.00379075 0.0051819 0.999947 0.00887539 0.0037448 -0.00889462 0.999954 0.152499 0.483028 -0.751655
FixedParameters: 0 0 0

#Transform 35
Transform: AffineTransform_float_3_3
Parameters: 0.999986 -0.00494242 -0.00147766 0.00495581 0.999947 0.00911474 0.00143319 -0.00912227 0.999958 0.15673 0.517258 -0.58767
FixedParameters: 0 0 0

#Transform 36
Transform: AffineTransform_float_3_3
Parameters: 0.999996 -0.00185652 0.00204533 0.00183878 0.99996 0.00865853 -0.00206097 -0.00865446 0.99996 0.138172 0.448967 -0.574978
FixedParameters: 0 0 0

#Transform 37
Transform: AffineTransform_float_3_3
Parameters: 0.999998 -0.00208464 0.000927625 0.00207772 0.999968 0.00773887 -0.000944576 -0.00773713 0.99997 0.132321 0.407443 -0.507593
FixedParameters: 0 0 0

#Transform 38
Transform: AffineTransform_float_3_3
Parameters: 0.999997 -0.00227637 0.00103192 0.00226791 0.99996 0.00863228 -0.00105128 -0.00862971 0.999962 0.132033 0.473702 -0.582982
FixedParameters: 0 0 0

#Transform 39
Transform: AffineTransform_float_3_3
Parameters: 0.999998 -0.00127296 0.00104871 0.00126241 0.999954 0.00952677 -0.00106062 -0.00952623 0.999954 0.0993724 0.494716 -0.64533
FixedParameters: 0 0 0

#Transform 40
Transform: AffineTransform_float_3_3
Parameters: 0.999999 -0.00181684 0.000207797 0.00181414 0.999942 0.0106005 -0.000226454 -0.0106005 0.999944 0.0908821 0.546792 -0.644244
FixedParameters: 0 0 0

#Transform 41
Transform: AffineTransform_float_3_3
Parameters: 0.999997 -0.0021379 0.000569946 0.00213047 0.999934 0.0112692 -0.000594392 -0.0112688 0.999936 0.121274 0.573339 -0.746584
FixedParameters: 0 0 0

#Transform 42
Transform: AffineTransform_float_3_3
Parameters: 0.999997 -0.00213738 0.000165835 0.00213529 0.999931 0.0115355 -0.000189907 -0.0115355 0.999934 0.096949 0.598235 -0.64451
FixedParameters: 0 0 0

#Transform 43
Transform: AffineTransform_float_3_3
Parameters: 0.999998 -0.00226191 3.42212e-05 0.0022613 0.999946 0.0101421 -5.6329e-05 -0.0101419 0.999949 0.105175 0.531476 -0.771103
FixedParameters: 0 0 0

#Transform 44
Transform: AffineTransform_float_3_3
Parameters: 0.999997 -0.00218606 0.000122194 0.0021849 0.999952 0.00953742 -0.000142738 -0.00953759 0.999955 0.103336 0.519962 -0.759856
FixedParameters: 0 0 0

#Transform 45
Transform: AffineTransform_float_3_3
Parameters: 0.999998 -0.00191732 -0.000380764 0.00192071 0.999957 0.00903862 0.000363786 -0.00903937 0.999959 0.0687825 0.491972 -0.734146
FixedParameters: 0 0 0

#Transform 46
Transform: AffineTransform_float_3_3
Parameters: 0.999997 -0.00227688 -0.000901965 0.00228552 0.999956 0.00908351 0.000881106 -0.0090855 0.999959 0.0930505 0.479988 -0.864349
FixedParameters: 0 0 0

#Transform 47
Transform: AffineTransform_float_3_3
Parameters: 0.999998 -0.00133867 -0.0010135 0.00134799 0.999954 0.0094727 0.00100088 -0.0094733 0.999954 0.0596447 0.492283 -0.756258
FixedParameters: 0 0 0

#Transform 48
Transform: AffineTransform_float_3_3
Parameters: 0.999997 -0.00195819 -0.00094674 0.00196757 0.999954 0.00944571 0.000928402 -0.0094473 0.999955 0.073673 0.511633 -0.73405
FixedParameters: 0 0 0

#Transform 49
Transform: AffineTransform_float_3_3
Parameters: 0.999997 -0.00205738 -0.000722691 0.00206402 0.999949 0.00995908 0.000702232 -0.00995993 0.99995 0.0887683 0.54058 -0.859837
FixedParameters: 0 0 0

#Transform 50
Transform: AffineTransform_float_3_3
Parameters: 0.999997 -0.00248241 -0.00055814 0.00248773 0.999952 0.00950967 0.000534753 -0.00951032 0.999954 0.0963949 0.511401 -0.881466
FixedParameters: 0 0 0

#Transform 51
Transform: AffineTransform_float_3_3
Parameters: 0.999997 -0.00208374 -0.000784434 0.0020904 0.999954 0.00942508 0.000764756 -0.00942693 0.999956 0.0666545 0.520627 -0.879304
FixedParameters: 0 0 0

#Transform 52
Transform: AffineTransform_float_3_3
Parameters: 0.999995 -0.0028721 -0.00125736 0.00288287 0.999963 0.00814981 0.00123405 -0.0081542 0.999967 0.125106 0.473286 -0.89562
FixedParameters: 0 0 0

#Transform 53
Transform: AffineTransform_float_3_3
Parameters: 0.999997 -0.0022231 -0.00111519 0.00223185 0.999964 0.00813544 0.00109808 -0.00813756 0.999966 0.0805079 0.441646 -0.950085
FixedParameters: 0 0 0

#Transform 54
Transform: AffineTransform_float_3_3
Parameters: 0.999997 -0.00231768 -0.00134029 0.00232794 0.999968 0.00762165 0.00132217 -0.00762434 0.99997 0.0871834 0.43644 -0.836632
FixedParameters: 0 0 0

#Transform 55
Transform: AffineTransform_float_3_3
Parameters: 0.999998 -0.00214456 -0.000923976 0.00215138 0.999968 0.00769857 0.000907025 -0.00770042 0.99997 0.0780442 0.429506 -0.881226
FixedParameters: 0 0 0

#Transform 56
Transform: AffineTransform_float_3_3
Parameters: 0.999997 -0.00222939 -0.00112629 0.00223755 0.999971 0.00731541 0.00111012 -0.0073176 0.999973 0.121384 0.379463 -1.044
FixedParameters: 0 0 0

#Transform 57
Transform: AffineTransform_float_3_3
Parameters: 0.999996 -0.00273883 -0.0013735 0.00274719 0.999977 0.00625449 0.00135701 -0.00625851 0.999979 0.0989393 0.373201 -0.933103
FixedParameters: 0 0 0

#Transform 58
Transform: AffineTransform_float_3_3
Parameters: 0.999995 -0.00246177 -0.00168035 0.00247246 0.999975 0.00658598 0.00166461 -0.00659002 0.999977 0.0869817 0.405089 -0.838732
FixedParameters: 0 0 0

#Transform 59
Transform: AffineTransform_float_3_3
Parameters: 0.999995 -0.00255194 -0.00189614 0.00256424 0.999975 0.00650548 0.00188 -0.00650951 0.999977 0.0633835 0.41889 -0.838378
FixedParameters: 0 0 0

#Transform 60
Transform: AffineTransform_float_3_3
Parameters: 0.999997 -0.00203782 -0.00093833 0.00204318 0.999981 0.00592764 0.000926327 -0.00592936 0.999982 0.0775805 0.339682 -0.975306
FixedParameters: 0 0 0

#Transform 61
Transform: AffineTransform_float_3_3
Parameters: 0.999998 -0.00146821 -0.000728348 0.00147147 0.999982 0.00571878 0.000720183 -0.00572022 0.999983 0.0640853 0.341215 -0.869166
FixedParameters: 0 0 0

#Transform 62
Transform: AffineTransform_float_3_3
Parameters: 1 -0.00110998 -0.000383449 0.00111265 0.999978 0.00648457 0.000376511 -0.00648542 0.999979 0.0361576 0.402671 -0.783323
FixedParameters: 0 0 0

#Transform 63
Transform: AffineTransform_float_3_3
Parameters: 0.999999 -0.00181662 -0.000133425 0.00181761 0.999973 0.00716526 0.000120774 -0.00716574 0.999974 0.0665681 0.41174 -0.815384
FixedParameters: 0 0 0

#Transform 64
Transform: AffineTransform_float_3_3
Parameters: 0.999998 -0.00141399 0.00083539 0.00140628 0.999959 0.00891783 -0.000848434 -0.00891617 0.99996 0.0784235 0.456131 -0.814854
FixedParameters: 0 0 0

#Transform 65
Transform: AffineTransform_float_3_3
Parameters: 0.999995 -0.00284649 0.000792566 0.00283905 0.999961 0.00841033 -0.000815803 -0.00840866 0.999964 0.118469 0.491254 -0.771008
FixedParameters: 0 0 0

#Transform 66
Transform: AffineTransform_float_3_3
Parameters: 0.999995 -0.0030639 0.00065277 0.00305818 0.999964 0.00789108 -0.000677032 -0.00788991 0.999969 0.0922614 0.481852 -0.824305
FixedParameters: 0 0 0

#Transform 67
Transform: AffineTransform_float_3_3
Parameters: 0.999997 -0.00195747 0.00138755 0.00194952 0.999982 0.0058078 -0.00139852 -0.00580521 0.999982 0.102287 0.348116 -0.954727
FixedParameters: 0 0 0

#Transform 68
Transform: AffineTransform_float_3_3
Parameters: 1 -0.000199388 0.000426425 0.000196183 0.999976 0.00682008 -0.000428063 -0.00681991 0.999976 -0.00562056 0.390962 -0.81065
FixedParameters: 0 0 0

#Transform 69
Transform: AffineTransform_float_3_3
Parameters: 0.999996 -0.00272561 -0.000900557 0.00273496 0.99994 0.010589 0.000871714 -0.010591 0.999944 0.0185253 0.556131 -0.740964
FixedParameters: 0 0 0

#Transform 70
Transform: AffineTransform_float_3_3
Parameters: 0.999995 -0.00258995 -0.00134389 0.00260071 0.999964 0.00804729 0.00132295 -0.00805071 0.999967 0.0762994 0.446193 -0.973078
FixedParameters: 0 0 0

#Transform 71
Transform: AffineTransform_float_3_3
Parameters: 0.999998 -0.00192066 -0.000599694 0.00192636 0.99996 0.0087572 0.000583186 -0.0087588 0.999961 0.0342863 0.514809 -0.850766
FixedParameters: 0 0 0

#Transform 72
Transform: AffineTransform_float_3_3
Parameters: 0.999997 -0.00215674 0.000230465 0.00215442 0.999969 0.00748964 -0.000246992 -0.00748935 0.999972 0.096725 0.416506 -0.969969
FixedParameters: 0 0 0

#Transform 73
Transform: AffineTransform_float_3_3
Parameters: 0.999998 -0.00224581 -0.000456893 0.00224887 0.999977 0.00638132 0.00044238 -0.00638267 0.99998 0.0689461 0.37983 -0.952442
FixedParameters: 0 0 0

#Transform 74
Transform: AffineTransform_float_3_3
Parameters: 0.999997 -0.00264841 0.000358321 0.00264582 0.999969 0.00735658 -0.000377823 -0.0073554 0.999972 0.0821856 0.406397 -1.10285
FixedParameters: 0 0 0

#Transform 75
Transform: AffineTransform_float_3_3
Parameters: 0.999996 -0.00279624 -0.000532401 0.00279907 0.999979 0.00575956 0.000515655 -0.00576043 0.999983 0.0953003 0.271968 -1.352
FixedParameters: 0 0 0

#Transform 76
Transform: AffineTransform_float_3_3
Parameters: 0.999994 -0.00334153 -0.000788222 0.0033458 0.99998 0.00547976 0.000769674 -0.00548224 0.999984 0.0999279 0.362097 -1.04017
FixedParameters: 0 0 0

#Transform 77
Transform: AffineTransform_float_3_3
Parameters: 0.999973 -0.00720682 -0.00125569 0.00721559 0.999947 0.00727035 0.00120353 -0.00727864 0.999972 0.17133 0.478909 -0.922118
FixedParameters: 0 0 0

#Transform 78
Transform: AffineTransform_float_3_3
Parameters: 0.999989 -0.00453566 -4.18922e-05 0.00453526 0.999963 0.00739115 8.85372e-06 -0.00739085 0.999973 0.116174 0.483797 -0.879389
FixedParameters: 0 0 0

#Transform 79
Transform: AffineTransform_float_3_3
Parameters: 0.999992 -0.00379123 -0.000496836 0.00379593 0.999953 0.00898467 0.000462918 -0.00898633 0.999959 0.0883243 0.557401 -0.948237
FixedParameters: 0 0 0

#Transform 80
Transform: AffineTransform_float_3_3
Parameters: 0.999989 -0.00470047 0.000619677 0.00469583 0.999963 0.00726148 -0.000654002 -0.00725852 0.999973 0.182252 0.482776 -1.11645
FixedParameters: 0 0 0

#Transform 81
Transform: AffineTransform_float_3_3
Parameters: 0.99999 -0.00435038 -3.38794e-05 0.00435113 0.999943 0.00975436 -8.85045e-06 -0.00975464 0.999952 0.125111 0.576996 -0.911841
FixedParameters: 0 0 0

#Transform 82
Transform: AffineTransform_float_3_3
Parameters: 0.999991 -0.00414823 0.000837028 0.00414031 0.999951 0.00900406 -0.000873538 -0.00899994 0.999959 0.153303 0.542873 -0.974389
FixedParameters: 0 0 0

#Transform 83
Transform: AffineTransform_float_3_3
Parameters: 0.999992 -0.00399736 0.000418181 0.00399283 0.999938 0.010382 -0.000459621 -0.01038 0.999947 0.121069 0.606548 -0.858494
FixedParameters: 0 0 0

#Transform 84
Transform: AffineTransform_float_3_3
Parameters: 0.999993 -0.00347888 0.0017122 0.00346141 0.999945 0.00987763 -0.00174654 -0.00987136 0.99995 0.169532 0.562783 -1.05441
FixedParameters: 0 0 0

#Transform 85
Transform: AffineTransform_float_3_3
Parameters: 0.999994 -0.00311127 0.00148121 0.00309615 0.999943 0.0102325 -0.00151327 -0.0102275 0.999946 0.14863 0.604219 -0.91141
FixedParameters: 0 0 0

#Transform 86
Transform: AffineTransform_float_3_3
Parameters: 0.999992 -0.00409158 0.000796835 0.00408272 0.99993 0.011078 -0.000842442 -0.011075 0.999939 0.142414 0.629603 -0.975285
FixedParameters: 0 0 0

#Transform 87
Transform: AffineTransform_float_3_3
Parameters: 0.999996 -0.00302207 -0.00050473 0.00302728 0.999951 0.00942019 0.000476611 -0.00942182 0.999956 0.0854053 0.504082 -1.08949
FixedParameters: 0 0 0

#Transform 88
Transform: AffineTransform_float_3_3
Parameters: 0.999997 -0.00272217 0.000216817 0.00272002 0.999934 0.0111962 -0.000247538 -0.0111958 0.999937 0.0974536 0.6277 -0.994472
FixedParameters: 0 0 0

#Transform 89
Transform: AffineTransform_float_3_3
Parameters: 0.999987 -0.00505469 -0.000205756 0.00505605 0.999926 0.0109989 0.000149942 -0.0110002 0.99994 0.178282 0.670547 -0.819964
FixedParameters: 0 0 0

#Transform 90
Transform: AffineTransform_float_3_3
Parameters: 0.999991 -0.00385084 0.00146636 0.00383607 0.999944 0.00992232 -0.0015054 -0.00991668 0.999949 0.131353 0.565201 -0.771432
FixedParameters: 0 0 0

#Transform 91
Transform: AffineTransform_float_3_3
Parameters: 0.999994 -0.00184129 0.00268366 0.00181498 0.999949 0.00992097 -0.00270211 -0.00991604 0.999947 0.107258 0.5094 -0.92183
FixedParameters: 0 0 0

#Transform 92
Transform: AffineTransform_float_3_3
Parameters: 0.99999 -0.00296092 0.00339206 0.00293002 0.999955 0.0090391 -0.00341917 -0.00902891 0.999954 0.166403 0.470909 -0.794898
FixedParameters: 0 0 0

#Transform 93
Transform: AffineTransform_float_3_3
Parameters: 0.999987 -0.00359981 0.00365719 0.00356654 0.999954 0.0089003 -0.0036889 -0.00888671 0.999954 0.186467 0.448111 -0.941558
FixedParameters: 0 0 0

#Transform 94
Transform: AffineTransform_float_3_3
Parameters: 0.999992 -0.00356316 0.00190061 0.0035448 0.99995 0.00938409 -0.00193348 -0.00937691 0.999954 0.173626 0.478931 -0.930063
FixedParameters: 0 0 0

#Transform 95
Transform: AffineTransform_float_3_3
Parameters: 0.999991 -0.00388895 0.00199209 0.00387522 0.99997 0.00661485 -0.00201843 -0.00660714 0.999976 0.154621 0.393253 -0.612973
FixedParameters: 0 0 0

#Transform 96
Transform: AffineTransform_float_3_3
Parameters: 0.999984 -0.00560741 -0.000325867 0.00560909 0.999964 0.00633584 0.000290495 -0.00633816 0.99998 0.110486 0.389719 -0.851645
FixedParameters: 0 0 0

#Transform 97
Transform: AffineTransform_float_3_3
Parameters: 0.999991 -0.00425009 -0.000275412 0.00425374 0.999921 0.0118341 0.000225708 -0.0118349 0.99993 0.115356 0.547489 -0.976875
FixedParameters: 0 0 0

#Transform 98
Transform: AffineTransform_float_3_3
Parameters: 0.999991 -0.00437931 0.000460386 0.00437335 0.999911 0.0126445 -0.000515097 -0.0126425 0.99992 0.119243 0.617468 -0.904537
FixedParameters: 0 0 0

#Transform 99
Transform: AffineTransform_float_3_3
Parameters: 0.999991 -0.00420822 -0.000313957 0.00421185 0.999906 0.0130929 0.000258576 -0.0130941 0.999915 0.102447 0.65776 -0.964855
FixedParameters: 0 0 0

#Transform 100
Transform: AffineTransform_float_3_3
Parameters: 0.999989 -0.00458849 -7.84045e-05 0.00458903 0.999898 0.0135621 1.61697e-05 -0.013562 0.999908 0.110132 0.6799 -0.98953
FixedParameters: 0 0 0

#Transform 101
Transform: AffineTransform_float_3_3
Parameters: 0.999991 -0.00422982 -0.000360339 0.00423431 0.999901 0.0133864 0.000303204 -0.0133886 0.99991 0.0744584 0.665252 -0.924743
FixedParameters: 0 0 0

#Transform 102
Transform: AffineTransform_float_3_3
Parameters: 0.99999 -0.00447379 -0.000189206 0.00447567 0.999898 0.0136085 0.000128194 -0.0136094 0.999907 0.0977142 0.684972 -1.01429
FixedParameters: 0 0 0

#Transform 103
Transform: AffineTransform_float_3_3
Parameters: 0.99999 -0.00430707 0.000136615 0.0043056 0.999897 0.0136903 -0.000196087 -0.0136897 0.999906 0.0712712 0.690797 -0.980128
FixedParameters: 0 0 0

#Transform 104
Transform: AffineTransform_float_3_3
Parameters: 0.999992 -0.0038486 0.000321626 0.00384382 0.999905 0.0132502 -0.000372198 -0.0132498 0.999912 0.069574 0.68237 -1.01697
FixedParameters: 0 0 0

#Transform 105
Transform: AffineTransform_float_3_3
Parameters: 0.999992 -0.00401064 -1.10156e-05 0.00401077 0.999896 0.01385 -4.49356e-05 -0.01385 0.999904 0.0802656 0.690383 -1.00027
FixedParameters: 0 0 0

#Transform 106
Transform: AffineTransform_float_3_3
Parameters: 0.999991 -0.0040186 0.000864549 0.004006 0.999902 0.0134532 -0.000917571 -0.0134498 0.999909 0.110113 0.63502 -0.96546
FixedParameters: 0 0 0

#Transform 107
Transform: AffineTransform_float_3_3
Parameters: 0.99999 -0.00433015 5.03283e-05 0.0043288 0.999911 0.0125991 -0.000104272 -0.0125979 0.999921 0.065985 0.646788 -0.895846
FixedParameters: 0 0 0

#Transform 108
Transform: AffineTransform_float_3_3
Parameters: 0.999991 -0.00406603 0.000383653 0.00406093 0.9999 0.0134769 -0.000438139 -0.0134751 0.99991 0.102244 0.672791 -1.03934
FixedParameters: 0 0 0

#Transform 109
Transform: AffineTransform_float_3_3
Parameters: 0.999993 -0.00379788 0.000236489 0.0037944 0.999924 0.0117531 -0.000281198 -0.0117519 0.999931 0.0870609 0.605253 -0.94433
FixedParameters: 0 0 0

#Transform 110
Transform: AffineTransform_float_3_3
Parameters: 0.999992 -0.00384069 0.000414723 0.00383582 0.999916 0.0123974 -0.000462466 -0.0123956 0.999922 0.0744877 0.649419 -0.833255
FixedParameters: 0 0 0

#Transform 111
Transform: AffineTransform_float_3_3
Parameters: 0.999993 -0.00390097 7.15533e-06 0.00390061 0.999909 0.0129444 -5.83764e-05 -0.0129436 0.999916 0.121496 0.680535 -0.946628
FixedParameters: 0 0 0

#Transform 112
Transform: AffineTransform_float_3_3
Parameters: 0.99999 -0.00440223 0.000924182 0.00439131 0.999926 0.011403 -0.000973588 -0.011399 0.999934 0.189583 0.61872 -0.855362
FixedParameters: 0 0 0

#Transform 113
Transform: AffineTransform_float_3_3
Parameters: 0.999988 -0.00475959 0.00128881 0.00474279 0.999907 0.0127599 -0.00134983 -0.0127531 0.999918 0.113009 0.664852 -1.07722
FixedParameters: 0 0 0

#Transform 114
Transform: AffineTransform_float_3_3
Parameters: 0.999925 -0.0120193 0.00214805 0.0120121 0.999922 0.00329106 -0.00218741 -0.00326493 0.999992 0.282028 0.272214 -0.594989
FixedParameters: 0 0 0

#Transform 115
Transform: AffineTransform_float_3_3
Parameters: 0.999937 -0.0110468 0.00166708 0.0110353 0.999918 0.00654644 -0.00173997 -0.00652754 0.999977 0.310258 0.504055 -0.165194
FixedParameters: 0 0 0

#Transform 116
Transform: AffineTransform_float_3_3
Parameters: 0.999956 -0.00929446 0.00173444 0.00927931 0.999917 0.00888884 -0.00181726 -0.00887215 0.999958 0.272154 0.580306 -0.441722
FixedParameters: 0 0 0

#Transform 117
Transform: AffineTransform_float_3_3
Parameters: 0.999969 -0.00778793 0.000245002 0.00778472 0.999917 0.0102309 -0.000323948 -0.0102291 0.999948 0.185457 0.566308 -0.624589
FixedParameters: 0 0 0

#Transform 118
Transform: AffineTransform_float_3_3
Parameters: 0.999978 -0.00664802 0.0002739 0.00664528 0.999931 0.00969399 -0.000338924 -0.009691 0.999953 0.178242 0.575294 -0.674809
FixedParameters: 0 0 0

#Transform 119
Transform: AffineTransform_float_3_3
Parameters: 0.999975 -0.0070938 -0.000377382 0.00709745 0.999932 0.00924626 0.000311395 -0.00924874 0.999958 0.156503 0.578051 -0.604013
FixedParameters: 0 0 0

#Transform 120
Transform: AffineTransform_float_3_3
Parameters: 0.99998 -0.00613417 -0.00111884 0.00614752 0.999903 0.0125587 0.00104211 -0.0125653 0.999921 0.139499 0.656137 -1.01997
FixedParameters: 0 0 0

#Transform 121
Transform: AffineTransform_float_3_3
Parameters: 0.999985 -0.00548144 -0.00114135 0.005495 0.999916 0.0117735 0.00107717 -0.0117795 0.99993 0.116846 0.644016 -0.899339
FixedParameters: 0 0 0

#Transform 122
Transform: AffineTransform_float_3_3
Parameters: 0.999982 -0.00602916 -0.00089975 0.00603787 0.999928 0.0103533 0.000837387 -0.0103577 0.999946 0.102923 0.59501 -0.9201
FixedParameters: 0 0 0

#Transform 123
Transform: AffineTransform_float_3_3
Parameters: 0.999984 -0.00558459 -0.000793323 0.00559371 0.999922 0.0112067 0.000731152 -0.0112113 0.999937 0.0675437 0.630782 -0.926455
FixedParameters: 0 0 0

#Transform 124
Transform: AffineTransform_float_3_3
Parameters: 0.999981 -0.00613873 -0.000673105 0.00614602 0.999919 0.0111347 0.000604409 -0.0111393 0.999937 0.0822602 0.631427 -0.994856
FixedParameters: 0 0 0

#Transform 125
Transform: AffineTransform_float_3_3
Parameters: 0.999982 -0.00588544 -0.000643727 0.00589295 0.999904 0.0125705 0.000569535 -0.0125745 0.999921 0.157066 0.635677 -1.23132
FixedParameters: 0 0 0

#Transform 126
Transform: AffineTransform_float_3_3
Parameters: 0.999984 -0.0057477 -0.000669423 0.00575529 0.999908 0.0122852 0.000598832 -0.0122878 0.999924 0.13385 0.66834 -1.09091
FixedParameters: 0 0 0

#Transform 127
Transform: AffineTransform_float_3_3
Parameters: 0.999983 -0.00571316 -0.000236578 0.00571508 0.99991 0.0121741 0.000167147 -0.0121759 0.999926 0.142435 0.673562 -1.03121
FixedParameters: 0 0 0

#Transform 128
Transform: AffineTransform_float_3_3
Parameters: 0.999981 -0.00616916 6.92271e-05 0.00616787 0.999916 0.011324 -0.00013986 -0.011323 0.999936 0.119373 0.63713 -1.08521
FixedParameters: 0 0 0

#Transform 129
Transform: AffineTransform_float_3_3
Parameters: 0.99998 -0.00630475 -5.13024e-05 0.0063055 0.999914 0.0115017 -2.11325e-05 -0.0115023 0.999934 0.147726 0.642483 -1.02082
FixedParameters: 0 0 0

#Transform 130
Transform: AffineTransform_float_3_3
Parameters: 0.99998 -0.00622255 1.97885e-05 0.00622129 0.999915 0.0115023 -9.12361e-05 -0.0115027 0.999934 0.135717 0.671238 -0.934336
FixedParameters: 0 0 0

#Transform 131
Transform: AffineTransform_float_3_3
Parameters: 0.999977 -0.0067414 -0.0009939 0.00675395 0.999888 0.0133454 0.000903911 -0.0133516 0.99991 0.137774 0.741361 -1.08403
FixedParameters: 0 0 0

#Transform 132
Transform: AffineTransform_float_3_3
Parameters: 0.999982 -0.00588931 -5.77268e-05 0.00588894 0.999908 0.0122436 -1.44022e-05 -0.0122434 0.999925 0.152141 0.693988 -0.94666
FixedParameters: 0 0 0

#Transform 133
Transform: AffineTransform_float_3_3
Parameters: 0.999976 -0.00685737 0.000125542 0.00685538 0.999916 0.0109536 -0.000200368 -0.0109524 0.99994 0.175753 0.63707 -1.00896
FixedParameters: 0 0 0

#Transform 134
Transform: AffineTransform_float_3_3
Parameters: 0.999975 -0.00697943 0.000987365 0.00696922 0.999921 0.0104444 -0.00106062 -0.0104376 0.999945 0.209199 0.634752 -0.946933
FixedParameters: 0 0 0

#Transform 135
Transform: AffineTransform_float_3_3
Parameters: 0.999974 -0.0070739 0.001025 0.00706237 0.999918 0.0106198 -0.00110045 -0.0106122 0.999943 0.185984 0.633008 -0.98396
FixedParameters: 0 0 0

#Transform 136
Transform: AffineTransform_float_3_3
Parameters: 0.999979 -0.00651656 0.000793819 0.00650765 0.99992 0.0108449 -0.000865021 -0.0108401 0.999941 0.146379 0.651529 -0.945347
FixedParameters: 0 0 0

#Transform 137
Transform: AffineTransform_float_3_3
Parameters: 0.999982 -0.00588692 0.00041416 0.0058816 0.999907 0.0123331 -0.000486794 -0.0123309 0.999924 0.142123 0.691221 -0.989674
FixedParameters: 0 0 0

#Transform 138
Transform: AffineTransform_float_3_3
Parameters: 0.999981 -0.00615678 0.000224623 0.00615401 0.999925 0.0105576 -0.000289449 -0.0105554 0.999944 0.116068 0.626925 -0.955658
FixedParameters: 0 0 0

#Transform 139
Transform: AffineTransform_float_3_3
Parameters: 0.999984 -0.00568368 3.40383e-05 0.00568249 0.999906 0.0124478 -0.000105143 -0.0124472 0.999923 0.132105 0.711769 -0.904097
FixedParameters: 0 0 0

#Transform 140
Transform: AffineTransform_float_3_3
Parameters: 0.999983 -0.00590045 0.000532636 0.00589305 0.99991 0.0120704 -0.000603788 -0.0120676 0.999927 0.144036 0.714666 -0.931652
FixedParameters: 0 0 0

#Transform 141
Transform: AffineTransform_float_3_3
Parameters: 0.999985 -0.0054082 0.000905816 0.00539675 0.999915 0.011865 -0.000970142 -0.01186 0.999929 0.156034 0.702516 -1.01154
FixedParameters: 0 0 0

#Transform 142
Transform: AffineTransform_float_3_3
Parameters: 0.99999 -0.00441114 0.000993492 0.00439787 0.999903 0.0132613 -0.00105208 -0.0132567 0.999911 0.161085 0.740039 -0.829148
FixedParameters: 0 0 0

#Transform 143
Transform: AffineTransform_float_3_3
Parameters: 0.999986 -0.00523057 0.00101055 0.00521718 0.999897 0.0133299 -0.00107989 -0.0133241 0.99991 0.21816 0.723585 -0.797295
FixedParameters: 0 0 0

#Transform 144
Transform: AffineTransform_float_3_3
Parameters: 0.999987 -0.00502068 0.0014259 0.00500278 0.999918 0.011809 -0.00148496 -0.011801 0.999929 0.2187 0.670003 -0.810672
FixedParameters: 0 0 0

#Transform 145
Transform: AffineTransform_float_3_3
Parameters: 0.999982 -0.00584615 0.000658925 0.00583741 0.9999 0.0128753 -0.000733938 -0.0128717 0.999917 0.202142 0.727395 -0.968878
FixedParameters: 0 0 0

#Transform 146
Transform: AffineTransform_float_3_3
Parameters: 0.999982 -0.00594593 0.000568348 0.00593817 0.999907 0.0122845 -0.00064129 -0.0122805 0.999924 0.171562 0.715884 -0.918312
FixedParameters: 0 0 0

#Transform 147
Transform: AffineTransform_float_3_3
Parameters: 0.999978 -0.0065313 8.98447e-05 0.00653033 0.999903 0.0122533 -0.000170448 -0.0122527 0.999925 0.206028 0.717674 -0.953369
FixedParameters: 0 0 0

#Transform 148
Transform: AffineTransform_float_3_3
Parameters: 0.999983 -0.00571977 0.000111308 0.00571863 0.999911 0.0121089 -0.000180215 -0.0121082 0.999927 0.177322 0.725714 -0.813702
FixedParameters: 0 0 0

#Transform 149
Transform: AffineTransform_float_3_3
Parameters: 0.999988 -0.00491663 -8.09148e-05 0.00491687 0.999914 0.0121085 2.09257e-05 -0.0121085 0.999926 0.142737 0.715611 -0.786374
FixedParameters: 0 0 0

#Transform 150
Transform: AffineTransform_float_3_3
Parameters: 0.999988 -0.0047514 -0.000582091 0.00475839 0.99991 0.0125757 0.00052299 -0.0125783 0.999921 0.118821 0.728016 -0.798848
FixedParameters: 0 0 0

#Transform 151
Transform: AffineTransform_float_3_3
Parameters: 0.999986 -0.00540748 0.00012823 0.00540408 0.999881 0.0144454 -0.000206805 -0.0144446 0.999895 0.139973 0.824614 -0.901297
FixedParameters: 0 0 0

#Transform 152
Transform: AffineTransform_float_3_3
Parameters: 0.999984 -0.00567922 -0.000283869 0.00568239 0.999903 0.012732 0.000211146 -0.012733 0.999919 0.118631 0.745393 -0.879785
FixedParameters: 0 0 0

#Transform 153
Transform: AffineTransform_float_3_3
Parameters: 0.999986 -0.00540114 0.000309152 0.00539641 0.999907 0.0125045 -0.000376266 -0.0125025 0.999922 0.153326 0.741679 -0.891509
FixedParameters: 0 0 0

#Transform 154
Transform: AffineTransform_float_3_3
Parameters: 0.999982 -0.00594436 -0.000431909 0.00594948 0.999907 0.0122589 0.000359731 -0.0122611 0.999925 0.145812 0.759287 -0.894631
FixedParameters: 0 0 0

#Transform 155
Transform: AffineTransform_float_3_3
Parameters: 0.999988 -0.00484318 0.000453455 0.00483661 0.999905 0.0129127 -0.000515787 -0.0129103 0.999916 0.129951 0.771103 -0.920882
FixedParameters: 0 0 0

#Transform 156
Transform: AffineTransform_float_3_3
Parameters: 0.99999 -0.00434876 0.000222699 0.00434616 0.999924 0.0115163 -0.000272007 -0.0115157 0.999933 0.0989625 0.680285 -0.921797
FixedParameters: 0 0 0

#Transform 157
Transform: AffineTransform_float_3_3
Parameters: 0.999993 -0.00372631 0.000338549 0.00372185 0.999919 0.0121456 -0.000383038 -0.0121444 0.999926 0.0875913 0.70272 -0.8162
FixedParameters: 0 0 0

#Transform 158
Transform: AffineTransform_float_3_3
Parameters: 0.999992 -0.0041535 0.00021236 0.00415005 0.999911 0.0126241 -0.000265046 -0.0126229 0.999921 0.0844371 0.698115 -0.943553
FixedParameters: 0 0 0

#Transform 159
Transform: AffineTransform_float_3_3
Parameters: 0.999991 -0.00419994 0.000327249 0.00419606 0.999926 0.0114488 -0.00037517 -0.0114482 0.999934 0.0397514 0.651736 -0.868762
FixedParameters: 0 0 0

#Transform 160
Transform: AffineTransform_float_3_3
Parameters: 0.999987 -0.00508804 0.000781768 0.00507802 0.999914 0.0120969 -0.000843641 -0.0120931 0.999927 0.125346 0.667767 -0.922506
FixedParameters: 0 0 0

#Transform 161
Transform: AffineTransform_float_3_3
Parameters: 0.999991 -0.00406434 0.000668229 0.00405629 0.999929 0.0112183 -0.0007136 -0.0112157 0.999936 0.0710315 0.638887 -0.833083
FixedParameters: 0 0 0

#Transform 162
Transform: AffineTransform_float_3_3
Parameters: 0.999992 -0.00394318 0.000953117 0.00393087 0.999916 0.0123265 -0.00100193 -0.0123225 0.999923 0.105242 0.66994 -0.947683
FixedParameters: 0 0 0

#Transform 163
Transform: AffineTransform_float_3_3
Parameters: 0.999992 -0.00381148 -6.036e-05 0.0038117 0.999915 0.0125412 1.17592e-05 -0.0125409 0.999921 0.0954576 0.677476 -0.87389
FixedParameters: 0 0 0

#Transform 164
Transform: AffineTransform_float_3_3
Parameters: 0.999993 -0.00374544 0.000118294 0.0037432 0.999929 0.011301 -0.000159851 -0.0113 0.999936 0.0636721 0.631178 -0.852906
FixedParameters: 0 0 0

#Transform 165
Transform: AffineTransform_float_3_3
Parameters: 0.999992 -0.00381936 0.00015061 0.00381801 0.999935 0.0108057 -0.000191769 -0.0108053 0.999941 0.0642643 0.613316 -0.901896
FixedParameters: 0 0 0

#Transform 166
Transform: AffineTransform_float_3_3
Parameters: 0.999991 -0.00422286 -0.000770981 0.00423171 0.999925 0.011581 0.000722263 -0.011584 0.999933 -0.00529937 0.650757 -0.778221
FixedParameters: 0 0 0

#Transform 167
Transform: AffineTransform_float_3_3
Parameters: 0.999991 -0.00417125 -0.000395416 0.00417548 0.999924 0.0115826 0.000347297 -0.0115844 0.999933 0.0100997 0.650605 -0.779069
FixedParameters: 0 0 0

#Transform 168
Transform: AffineTransform_float_3_3
Parameters: 0.999987 -0.00497144 -0.000481624 0.00497736 0.999901 0.0131317 0.000416462 -0.0131343 0.999914 0.0495598 0.703042 -0.985254
FixedParameters: 0 0 0

#Transform 169
Transform: AffineTransform_float_3_3
Parameters: 0.999981 -0.00621208 -0.000805871 0.00622186 0.999909 0.011996 0.000730966 -0.012001 0.999928 0.073738 0.68195 -0.870028
FixedParameters: 0 0 0

#Transform 170
Transform: AffineTransform_float_3_3
Parameters: 0.999978 -0.00619543 0.00235544 0.00616366 0.999895 0.0130726 -0.00243658 -0.0130574 0.999911 0.207277 0.723166 -0.890309
FixedParameters: 0 0 0

#Transform 171
Transform: AffineTransform_float_3_3
Parameters: 0.999988 -0.00484139 0.00133523 0.00482222 0.999891 0.0139698 -0.00140225 -0.0139632 0.999902 0.155537 0.725645 -0.930194
FixedParameters: 0 0 0

#Transform 172
Transform: AffineTransform_float_3_3
Parameters: 0.999989 -0.00461276 0.000577586 0.00460476 0.999904 0.0130988 -0.000638677 -0.0130962 0.999915 0.122231 0.725719 -0.841996
FixedParameters: 0 0 0

#Transform 173
Transform: AffineTransform_float_3_3
Parameters: 0.999987 -0.00481027 0.00166344 0.00478783 0.999901 0.0132543 -0.00172739 -0.0132467 0.999911 0.152302 0.711397 -0.947311
FixedParameters: 0 0 0

#Transform 174
Transform: AffineTransform_float_3_3
Parameters: 0.999985 -0.00517352 0.00135445 0.00515425 0.999885 0.0142895 -0.00142814 -0.0142825 0.999897 0.15106 0.763783 -0.886178
FixedParameters: 0 0 0

#Transform 175
Transform: AffineTransform_float_3_3
Parameters: 0.999987 -0.00506055 0.0012979 0.0050423 0.999886 0.0142345 -0.00136966 -0.0142276 0.999898 0.159547 0.74377 -1.01278
FixedParameters: 0 0 0

#Transform 176
Transform: AffineTransform_float_3_3
Parameters: 0.999991 -0.0038607 0.00127481 0.00384345 0.999904 0.013329 -0.00132621 -0.013324 0.999911 0.0750609 0.705347 -0.889865
FixedParameters: 0 0 0

#Transform 177
Transform: AffineTransform_float_3_3
Parameters: 0.999994 -0.00335518 0.000574221 0.0033472 0.999905 0.0133829 -0.000619507 -0.0133811 0.999911 0.0504174 0.729486 -0.895324
FixedParameters: 0 0 0

#Transform 178
Transform: AffineTransform_float_3_3
Parameters: 0.999989 -0.00454347 0.0010158 0.00452924 0.999901 0.0133575 -0.00107652 -0.0133525 0.999911 0.146608 0.752746 -0.927121
FixedParameters: 0 0 0

#Transform 179
Transform: AffineTransform_float_3_3
Parameters: 0.999986 -0.00509013 0.000905205 0.00507772 0.9999 0.0132045 -0.000971912 -0.0131995 0.999912 0.126646 0.693466 -0.883542
FixedParameters: 0 0 0
