#Insight Transform File V1.0
#Transform 0
Transform: AffineTransform_float_3_3
Parameters: 0.999999 -0.000955272 0.000890892 0.000953942 0.999999 0.000965851 -0.000891814 -0.000964149 0.999999 0.105717 -0.328819 -0.582963
FixedParameters: 0 0 0

#Transform 1
Transform: AffineTransform_float_3_3
Parameters: 0.999999 0.0014647 -0.00053935 -0.00146482 0.999999 -0.000107569 0.000539033 0.00010843 1 -0.0363423 0.0802982 0.0906286
FixedParameters: 0 0 0

#Transform 2
Transform: AffineTransform_float_3_3
Parameters: 0.999999 0.00128105 -0.000562466 -0.00128163 0.999998 -0.000861639 0.000561177 0.000862359 0.999999 -0.0266086 0.0928486 -0.0300743
FixedParameters: 0 0 0

#Transform 3
Transform: AffineTransform_float_3_3
Parameters: 0.999999 0.0014119 -0.000436157 -0.00141238 0.999999 -0.000550896 0.000434599 0.000552101 0.999999 -0.0454804 0.0958263 -0.0388058
FixedParameters: 0 0 0

#Transform 4
Transform: AffineTransform_float_3_3
Parameters: 1 0.00112046 -0.00017847 -0.00112022 0.999999 -0.00044016 0.000178405 0.00043984 1 -0.0333096 0.0952876 -0.0508489
FixedParameters: 0 0 0

#Transform 5
Transform: AffineTransform_float_3_3
Parameters: 0.999999 0.00132809 -0.00121293 -0.00132996 0.999999 -0.000928596 0.00121138 0.000930403 0.999999 -0.0109901 0.11576 -0.0894947
FixedParameters: 0 0 0

#Transform 6
Transform: AffineTransform_float_3_3
Parameters: 0.999999 0.00115925 -0.000669804 -0.00116008 0.999999 -0.00120658 0.000668845 0.00120742 0.999999 -0.0112583 0.123621 -0.0824668
FixedParameters: 0 0 0

#Transform 7
Transform: AffineTransform_float_3_3
Parameters: 0.999999 0.001221 -0.000754853 -0.00122142 0.999999 -0.000536285 0.000754463 0.000536714 1 -0.0274629 0.0830585 -0.0793336
FixedParameters: 0 0 0

#Transform 8
Transform: AffineTransform_float_3_3
Parameters: 0.999999 0.00132383 1.7499e-06 -0.00132396 0.999998 -0.00174716 -4.1452e-06 0.00174784 0.999999 -0.0493371 0.097039 -0.124288
FixedParameters: 0 0 0

#Transform 9
Transform: AffineTransform_float_3_3
Parameters: 0.999999 0.00101812 -0.000148647 -0.00101764 0.999999 -0.001023 0.000148405 0.001024 1 -0.0365908 0.0899224 -0.0705772
FixedParameters: 0 0 0

#Transform 10
Transform: AffineTransform_float_3_3
Parameters: 0.999999 0.00109494 -0.000928563 -0.00109487 0.999999 -0.00067119 0.000927623 0.000671809 0.999999 -0.014605 0.0939798 -0.0706392
FixedParameters: 0 0 0

#Transform 11
Transform: AffineTransform_float_3_3
Parameters: 0.999999 0.000956946 -0.000869812 -0.000958024 0.999999 -0.000620374 0.000868624 0.000620624 0.999999 -0.00540221 0.096407 -0.0857847
FixedParameters: 0 0 0

#Transform 12
Transform: AffineTransform_float_3_3
Parameters: 1 0.00100247 -0.000338581 -0.0010027 0.999999 -0.00091802 0.000337661 0.000917979 0.999999 -0.028533 0.0962406 -0.0751911
FixedParameters: 0 0 0

#Transform 13
Transform: AffineTransform_float_3_3
Parameters: 1 0.000257789 -0.000572312 -0.000258013 1 -0.000194852 0.000572212 0.000195147 1 -0.0104836 0.08615 -0.0673305
FixedParameters: 0 0 0

#Transform 14
Transform: AffineTransform_float_3_3
Parameters: 1 0.000305606 -0.000592663 -0.000305928 0.999999 -0.000271666 0.000592497 0.000271334 1 -0.00653017 0.103862 -0.0522008
FixedParameters: 0 0 0

#Transform 15
Transform: AffineTransform_float_3_3
Parameters: 1 0.00111666 -0.000491591 -0.00111765 0.999998 -0.00180045 0.000489408 0.00180155 0.999999 -0.0554213 0.112613 -0.0886975
FixedParameters: 0 0 0

#Transform 16
Transform: AffineTransform_float_3_3
Parameters: 0.999999 0.00124416 -0.00019282 -0.00124504 0.999998 -0.00193227 0.000190241 0.00193273 0.999998 -0.0389387 0.131511 -0.0839341
FixedParameters: 0 0 0

#Transform 17
Transform: AffineTransform_float_3_3
Parameters: 1 0.000974164 -0.000612067 -0.000974997 0.999999 -0.00068161 0.000610739 0.000681388 1 -0.0211416 0.109757 -0.0654849
FixedParameters: 0 0 0

#Transform 18
Transform: AffineTransform_float_3_3
Parameters: 0.999999 0.001208 0.000413342 -0.00120847 0.999999 -0.000541012 -0.000414258 0.000539987 0.999999 -0.0680249 0.0852406 -0.0388257
FixedParameters: 0 0 0

#Transform 19
Transform: AffineTransform_float_3_3
Parameters: 0.999999 0.00151815 -0.0002629 -0.00151805 0.999999 -0.000540113 0.000262179 0.000540886 0.999999 -0.0473565 0.105124 -0.0556948
FixedParameters: 0 0 0

#Transform 20
Transform: AffineTransform_float_3_3
Parameters: 1 0.000528715 -0.000238809 -0.000528912 1 -0.000412874 0.000238372 0.000413126 1 -0.0255112 0.0919127 -0.0473233
FixedParameters: 0 0 0

#Transform 21
Transform: AffineTransform_float_3_3
Parameters: 1 0.000381551 -0.000176033 -0.000381904 1 0.000107067 0.000175194 -0.000106933 1 -0.0480663 0.0831049 -0.0405856
FixedParameters: 0 0 0

#Transform 22
Transform: AffineTransform_float_3_3
Parameters: 1 0.000615608 7.30415e-05 -0.000615546 0.999999 -0.000423045 -7.35623e-05 0.000422955 1 -0.0583202 0.100967 -0.0272227
FixedParameters: 0 0 0

#Transform 23
Transform: AffineTransform_float_3_3
Parameters: 1 0.000603267 0.00031917 -0.000603463 0.999999 -0.00113219 -0.000320146 0.00113181 1 -0.0361663 0.118976 -0.0660174
FixedParameters: 0 0 0

#Transform 24
Transform: AffineTransform_float_3_3
Parameters: 0.999999 0.000883906 -0.000117098 -0.00088351 0.999998 -0.00165226 0.000116019 0.00165174 0.999998 -0.0367371 0.117251 -0.06682
FixedParameters: 0 0 0

#Transform 25
Transform: AffineTransform_float_3_3
Parameters: 1 0.000317712 0.000246325 -0.000317029 1 -0.000593078 -0.000245781 0.000592922 1 -0.0258607 0.0892737 -0.0265362
FixedParameters: 0 0 0

#Transform 26
Transform: AffineTransform_float_3_3
Parameters: 0.999999 0.000767871 -0.000389382 -0.00076823 0.999999 -0.000461701 0.000388672 0.000462298 1 0.0162212 0.0978667 -0.0536786
FixedParameters: 0 0 0

#Transform 27
Transform: AffineTransform_float_3_3
Parameters: 1 0.000569943 0.000341197 -0.000569537 1 -0.000593347 -0.000341873 0.000593652 0.999999 -0.0129767 0.098053 -0.0541186
FixedParameters: 0 0 0

#Transform 28
Transform: AffineTransform_float_3_3
Parameters: 0.999999 0.000459793 0.000566387 -0.000459895 1 8.97396e-05 -0.000566304 -9.02604e-05 1 -0.032968 0.0860548 -0.0457701
FixedParameters: 0 0 0

#Transform 29
Transform: AffineTransform_float_3_3
Parameters: 0.999999 6.60005e-05 0.000962935 -6.49345e-05 0.999999 -0.000553551 -0.000963008 0.000553449 1 -0.0342542 0.0961526 -0.0139888
FixedParameters: 0 0 0

#Transform 30
Transform: AffineTransform_float_3_3
Parameters: 0.999998 0.00226026 -0.000206867 -0.00226011 0.999997 -0.000586558 0.000205134 0.000587439 0.999999 -0.146619 0.0719614 -0.00391932
FixedParameters: 0 0 0

#Transform 31
Transform: AffineTransform_float_3_3
Parameters: 0.999998 0.0016381 -0.000124442 -0.00163795 0.999998 -0.000958158 0.000122224 0.000957842 1 -0.071224 0.0833036 -0.00535305
FixedParameters: 0 0 0

#Transform 32
Transform: AffineTransform_float_3_3
Parameters: 0.999998 0.00200269 -0.000542265 -0.00200383 0.999997 -0.00128564 0.000540265 0.00128637 0.999999 -0.075238 0.0973652 -0.0112861
FixedParameters: 0 0 0

#Transform 33
Transform: AffineTransform_float_3_3
Parameters: 0.999998 0.00144981 -0.000829906 -0.00145087 0.999998 -0.000871363 0.000828299 0.000871635 0.999999 -0.00878062 0.0972347 -0.0514082
FixedParameters: 0 0 0

#Transform 34
Transform: AffineTransform_float_3_3
Parameters: 0.999999 0.00135458 -0.000468832 -0.00135503 0.999998 -0.000897724 0.00046732 0.000898273 0.999999 -0.0207941 0.10684 -0.0400835
FixedParameters: 0 0 0

#Transform 35
Transform: AffineTransform_float_3_3
Parameters: 0.999999 0.000818364 0.000148841 -0.000818265 0.999999 -0.000331122 -0.000149383 0.000330878 1 -0.0338009 0.0811871 -0.0524617
FixedParameters: 0 0 0

#Transform 36
Transform: AffineTransform_float_3_3
Parameters: 1 0.000933976 -0.000752552 -0.000934621 1 -0.000687656 0.000752187 0.000688343 0.999999 -0.0077769 0.107028 -0.0572103
FixedParameters: 0 0 0

#Transform 37
Transform: AffineTransform_float_3_3
Parameters: 1 0.000701302 -0.000653381 -0.000701911 1 -0.000465901 0.000652727 0.000466098 1 -0.0421252 0.110551 -0.0192288
FixedParameters: 0 0 0

#Transform 38
Transform: AffineTransform_float_3_3
Parameters: 1 0.00104798 0.000377207 -0.0010477 0.999999 -0.000370395 -0.000377982 0.000369604 1 -0.074122 0.088506 -0.016232
FixedParameters: 0 0 0

#Transform 39
Transform: AffineTransform_float_3_3
Parameters: 1 0.000643609 0.000149143 -0.000643478 0.999999 -0.000440096 -0.000149709 0.000439903 1 -0.0578098 0.0986062 -0.0113496
FixedParameters: 0 0 0

#Transform 40
Transform: AffineTransform_float_3_3
Parameters: 0.999999 0.000950251 -0.000200504 -0.000949974 1 -0.000285169 0.000200883 0.000284831 1 -0.0582508 0.0857671 -0.00457012
FixedParameters: 0 0 0

#Transform 41
Transform: AffineTransform_float_3_3
Parameters: 1 8.92314e-05 -0.000393272 -8.8788e-05 1 -0.000606965 0.000392773 0.000607035 0.999999 -0.057699 0.076823 -0.0154554
FixedParameters: 0 0 0

#Transform 42
Transform: AffineTransform_float_3_3
Parameters: 1 0.000317113 4.55112e-05 -0.000317046 0.999999 -0.000732014 -4.59754e-05 0.000731985 0.999999 -0.0536472 0.0848923 0.00252536
FixedParameters: 0 0 0

#Transform 43
Transform: AffineTransform_float_3_3
Parameters: 1 0.000264739 3.7397e-05 -0.000264695 1 -0.00058601 -3.77073e-05 0.00058599 1 -0.0327919 0.0927851 -0.0226198
FixedParameters: 0 0 0

#Transform 44
Transform: AffineTransform_float_3_3
Parameters: 1 -0.000125169 -0.00030211 0.000124846 1 -0.000535038 0.000302244 0.000534962 1 -0.0171502 0.101242 -0.0227571
FixedParameters: 0 0 0

#Transform 45
Transform: AffineTransform_float_3_3
Parameters: 1 0.000197928 0.000465683 -0.000197493 1 -0.000467092 -0.000465867 0.000466908 1 -0.0801459 0.0864681 -0.00387361
FixedParameters: 0 0 0

#Transform 46
Transform: AffineTransform_float_3_3
Parameters: 0.999999 0.000389513 0.000684167 -0.000389123 1 -0.000285266 -0.000684389 0.000284733 0.999999 -0.0681078 0.0868886 -0.0137668
FixedParameters: 0 0 0

#Transform 47
Transform: AffineTransform_float_3_3
Parameters: 1 0.000274312 0.00104272 -0.000274153 1 -7.59263e-05 -0.00104276 7.60737e-05 1 -0.0589672 0.0962327 -0.0134344
FixedParameters: 0 0 0

#Transform 48
Transform: AffineTransform_float_3_3
Parameters: 1 0.000370434 0.00041412 -0.000369765 1 -0.000336153 -0.000413448 0.000335847 1 -0.0798863 0.0884577 0.0250686
FixedParameters: 0 0 0

#Transform 49
Transform: AffineTransform_float_3_3
Parameters: 0.999999 0.000973621 7.39211e-06 -0.000973217 0.999999 -0.000863367 -8.15174e-06 0.000862632 0.999999 -0.0371673 0.10361 0.00458876
FixedParameters: 0 0 0

#Transform 50
Transform: AffineTransform_float_3_3
Parameters: 0.999999 0.00086864 -0.000157517 -0.000868464 1 -0.000685223 0.000157247 0.000684777 1 -0.0354966 0.0965849 0.0184381
FixedParameters: 0 0 0

#Transform 51
Transform: AffineTransform_float_3_3
Parameters: 1 0.000852047 -0.00070487 -0.000851952 0.999999 -0.000862759 0.000703929 0.00086324 0.999999 -0.0291596 0.0911197 0.0128741
FixedParameters: 0 0 0

#Transform 52
Transform: AffineTransform_float_3_3
Parameters: 1 0.00115469 7.08295e-06 -0.0011543 0.999999 -0.000288368 -6.82745e-06 0.000287632 1 -0.0359691 0.0845767 -0.0141991
FixedParameters: 0 0 0

#Transform 53
Transform: AffineTransform_float_3_3
Parameters: 0.999998 0.00143948 -0.000950361 -0.00144115 0.999996 -0.00198084 0.000947024 0.00198216 0.999998 -0.054266 0.11419 -0.00412843
FixedParameters: 0 0 0

#Transform 54
Transform: AffineTransform_float_3_3
Parameters: 0.999999 0.000782707 5.916e-05 -0.000782584 1 -0.0010252 -6.07652e-05 0.0010258 1 -0.0566823 0.100816 0.0282077
FixedParameters: 0 0 0

#Transform 55
Transform: AffineTransform_float_3_3
Parameters: 0.999999 0.000742176 4.05908e-05 -0.000742628 1 -0.000966031 -4.07139e-05 0.000965971 1 -0.042357 0.093631 0.00823844
FixedParameters: 0 0 0

#Transform 56
Transform: AffineTransform_float_3_3
Parameters: 1 0.000602662 -0.00014678 -0.000603495 0.999999 -0.00103427 0.000146844 0.00103373 0.999999 -0.047807 0.0998435 0.0182707
FixedParameters: 0 0 0

#Transform 57
Transform: AffineTransform_float_3_3
Parameters: 0.999999 0.000227072 0.000794508 -0.000226866 1 -0.000708821 -0.000794439 0.00070918 1 -0.0698513 0.0907952 0.00598278
FixedParameters: 0 0 0

#Transform 58
Transform: AffineTransform_float_3_3
Parameters: 0.999999 0.000761149 0.000305702 -0.000760944 1 -0.000335385 -0.000306213 0.000335614 0.999999 -0.0629671 0.0825828 0.0164457
FixedParameters: 0 0 0

#Transform 59
Transform: AffineTransform_float_3_3
Parameters: 1 0.00105514 7.34615e-05 -0.0010555 0.999999 -0.00116808 -7.46155e-05 0.00116792 1 -0.0564534 0.102879 0.0218924
FixedParameters: 0 0 0

#Transform 60
Transform: AffineTransform_float_3_3
Parameters: 1 0.000865698 -8.77144e-05 -0.000866331 1 -0.000585437 8.80116e-05 0.000585564 0.999999 -0.0449589 0.0918778 0.00565787
FixedParameters: 0 0 0

#Transform 61
Transform: AffineTransform_float_3_3
Parameters: 0.999999 0.000930118 -0.000150761 -0.000930233 0.999999 -0.00038186 0.00015005 0.000382139 1 -0.063176 0.0863299 0.0267541
FixedParameters: 0 0 0

#Transform 62
Transform: AffineTransform_float_3_3
Parameters: 1 0.000426787 0.000501045 -0.00042665 1 -0.000136214 -0.000501161 0.000135786 1 -0.0765616 0.0867253 0.0327042
FixedParameters: 0 0 0

#Transform 63
Transform: AffineTransform_float_3_3
Parameters: 1 0.000592225 -4.83151e-05 -0.000592238 1 -0.000129971 4.81611e-05 0.000130028 1 -0.0635919 0.0923562 0.0300986
FixedParameters: 0 0 0

#Transform 64
Transform: AffineTransform_float_3_3
Parameters: 0.999999 0.000685347 0.000219599 -0.00068529 1 -0.00013015 -0.000219778 0.000129849 1 -0.0669135 0.102356 0.0218727
FixedParameters: 0 0 0

#Transform 65
Transform: AffineTransform_float_3_3
Parameters: 0.999999 0.000167361 0.00082213 -0.000167023 0.999999 -0.00100178 -0.000822995 0.00100222 0.999999 -0.0912534 0.114896 0.0471779
FixedParameters: 0 0 0

#Transform 66
Transform: AffineTransform_float_3_3
Parameters: 1 0.000335422 0.000596253 -0.000334048 1 -0.0011512 -0.000597023 0.0011508 0.999999 -0.069432 0.106785 0.0328586
FixedParameters: 0 0 0

#Transform 67
Transform: AffineTransform_float_3_3
Parameters: 0.999999 0.00137775 2.89535e-05 -0.00137779 0.999998 -0.00160704 -3.115e-05 0.00160696 0.999999 -0.104842 0.120167 -0.0177802
FixedParameters: 0 0 0

#Transform 68
Transform: AffineTransform_float_3_3
Parameters: 0.999999 0.00103624 0.000923518 -0.00103622 0.999999 -1.25971e-05 -0.000923543 1.14025e-05 1 -0.132463 0.0916992 0.0333894
FixedParameters: 0 0 0

#Transform 69
Transform: AffineTransform_float_3_3
Parameters: 0.999999 0.00106889 0.000838991 -0.00106875 0.999999 -8.46896e-05 -0.000839172 8.43099e-05 1 -0.0960777 0.0977369 0.00903217
FixedParameters: 0 0 0

#Transform 70
Transform: AffineTransform_float_3_3
Parameters: 0.999999 0.000795923 0.00164371 -0.000796998 1 0.00032641 -0.00164318 -0.000327589 0.999999 -0.118987 0.0767525 0.0323248
FixedParameters: 0 0 0

#Transform 71
Transform: AffineTransform_float_3_3
Parameters: 0.999999 0.000474898 0.00119328 -0.00047603 0.999999 0.000859945 -0.00119285 -0.000861054 0.999999 -0.105033 0.0741826 0.0547482
FixedParameters: 0 0 0

#Transform 72
Transform: AffineTransform_float_3_3
Parameters: 0.999999 0.000332543 0.000676895 -0.0003323 1 0.000499775 -0.000676954 -0.000500225 0.999999 -0.073936 0.0913684 0.0339273
FixedParameters: 0 0 0

#Transform 73
Transform: AffineTransform_float_3_3
Parameters: 1 0.00035658 0.000420027 -0.000357316 1 -0.00022015 -0.000419793 0.00021985 1 -0.0585977 0.0961827 0.00859999
FixedParameters: 0 0 0

#Transform 74
Transform: AffineTransform_float_3_3
Parameters: 1 -0.000138842 0.000456416 0.000138492 0.999999 0.000382216 -0.000456522 -0.000382784 1 -0.0621255 0.0850682 0.047663
FixedParameters: 0 0 0

#Transform 75
Transform: AffineTransform_float_3_3
Parameters: 1 4.64808e-05 0.000224699 -4.65028e-05 1 4.89896e-05 -0.000224694 -4.90104e-05 1 -0.0616892 0.103205 0.00198395
FixedParameters: 0 0 0

#Transform 76
Transform: AffineTransform_float_3_3
Parameters: 1 0.000164059 0.00116129 -0.000163513 1 -0.00023483 -0.00116136 0.000235169 0.999999 -0.0821458 0.0977799 0.0360539
FixedParameters: 0 0 0

#Transform 77
Transform: AffineTransform_float_3_3
Parameters: 1 -0.000575298 0.000984659 0.000574429 1 0.000441206 -0.000985166 -0.000440793 0.999999 -0.05802 0.0784121 0.0376574
FixedParameters: 0 0 0

#Transform 78
Transform: AffineTransform_float_3_3
Parameters: 1 0.000319758 6.74376e-05 -0.000319766 1 5.99785e-05 -6.73992e-05 -6.00216e-05 1 -0.0459123 0.0936622 0.0214945
FixedParameters: 0 0 0

#Transform 79
Transform: AffineTransform_float_3_3
Parameters: 0.999999 0.000637843 0.000632693 -0.000636966 0.999999 -0.0011124 -0.000632799 0.0011116 0.999999 -0.0900249 0.121462 0.00889262
FixedParameters: 0 0 0

#Transform 80
Transform: AffineTransform_float_3_3
Parameters: 1 -2.49654e-07 0.00066533 6.87592e-07 0.999999 -0.001314 -0.000665859 0.001314 0.999999 -0.0532097 0.117505 0.0149683
FixedParameters: 0 0 0

#Transform 81
Transform: AffineTransform_float_3_3
Parameters: 1 -0.00027576 0.000409528 0.000276204 1 -0.000541887 -0.000409229 0.000542113 1 -0.0343233 0.109407 -0.00262142
FixedParameters: 0 0 0

#Transform 82
Transform: AffineTransform_float_3_3
Parameters: 1 -0.000222162 0.000535608 0.000222352 1 -0.000541881 -0.000536287 0.000542119 0.999999 -0.0551848 0.100635 0.0420629
FixedParameters: 0 0 0

#Transform 83
Transform: AffineTransform_float_3_3
Parameters: 0.999999 -9.79635e-05 0.000766415 9.74833e-05 1 -0.000541925 -0.000766838 0.000542075 0.999999 -0.0639311 0.105503 0.0444298
FixedParameters: 0 0 0

#Transform 84
Transform: AffineTransform_float_3_3
Parameters: 0.999999 0.000114117 0.0007795 -0.000114077 1 -0.000616089 -0.00077925 0.000615911 0.999999 -0.0614908 0.113567 -0.00463908
FixedParameters: 0 0 0

#Transform 85
Transform: AffineTransform_float_3_3
Parameters: 0.999999 1.29596e-05 0.00100178 -1.18737e-05 1 -0.000541653 -0.00100179 0.000542347 1 -0.0529926 0.110495 0.0329836
FixedParameters: 0 0 0

#Transform 86
Transform: AffineTransform_float_3_3
Parameters: 0.999999 -5.55216e-05 0.00184847 5.47212e-05 1 0.000216614 -0.00184849 -0.000216385 0.999998 -0.0943445 0.0940958 0.0660025
FixedParameters: 0 0 0

#Transform 87
Transform: AffineTransform_float_3_3
Parameters: 0.999999 0.000441717 0.000653271 -0.000442048 1 -0.000451289 -0.000653278 0.000450711 0.999999 -0.0674016 0.104143 0.0303339
FixedParameters: 0 0 0

#Transform 88
Transform: AffineTransform_float_3_3
Parameters: 1 0.000208863 0.00119325 -0.000208827 1 -1.48895e-05 -0.00119326 1.51105e-05 0.999999 -0.0881483 0.0915483 0.0382301
FixedParameters: 0 0 0

#Transform 89
Transform: AffineTransform_float_3_3
Parameters: 0.999999 -0.000723473 0.00121591 0.000722114 0.999999 0.00125903 -0.00121628 -0.00125797 0.999998 -0.0285851 0.0786196 0.073445
FixedParameters: 0 0 0

#Transform 90
Transform: AffineTransform_float_3_3
Parameters: 0.999999 -4.38088e-05 0.000929737 4.33911e-05 0.999999 0.000719553 -0.000930191 -0.000719447 1 -0.0693723 0.0866024 0.0480242
FixedParameters: 0 0 0

#Transform 91
Transform: AffineTransform_float_3_3
Parameters: 0.999999 9.99465e-05 0.00147603 -0.00010057 1 0.000523212 -0.00147632 -0.000522788 0.999998 -0.0916097 0.093969 0.0531594
FixedParameters: 0 0 0

#Transform 92
Transform: AffineTransform_float_3_3
Parameters: 0.999999 0.00042615 0.00125421 -0.000425744 1 -0.000162174 -0.00125435 0.000161825 0.999999 -0.0644782 0.114893 -0.00156044
FixedParameters: 0 0 0

#Transform 93
Transform: AffineTransform_float_3_3
Parameters: 0.999999 0.000365091 0.00135384 -0.000365966 1 0.000662865 -0.00135375 -0.000663135 0.999999 -0.064474 0.0988726 0.0418055
FixedParameters: 0 0 0

#Transform 94
Transform: AffineTransform_float_3_3
Parameters: 0.999998 -0.000367749 0.00190716 0.000365034 1 0.00105621 -0.0019074 -0.00105479 0.999997 -0.0709049 0.0812912 0.0582218
FixedParameters: 0 0 0

#Transform 95
Transform: AffineTransform_float_3_3
Parameters: 0.999998 -0.000819905 0.0014326 0.000819811 1 0.000491328 -0.00143288 -0.000489673 0.999999 -0.0360359 0.0893472 0.0422147
FixedParameters: 0 0 0

#Transform 96
Transform: AffineTransform_float_3_3
Parameters: 0.999999 -0.000670769 0.00112834 0.000669823 1 0.000419396 -0.00112891 -0.000418603 0.999999 -0.0604223 0.0796446 0.0659073
FixedParameters: 0 0 0

#Transform 97
Transform: AffineTransform_float_3_3
Parameters: 1 0.000168564 0.00103804 -0.000166297 0.999999 -0.00153481 -0.00103817 0.00153519 0.999998 -0.0645431 0.115971 0.000174131
FixedParameters: 0 0 0

#Transform 98
Transform: AffineTransform_float_3_3
Parameters: 0.999999 -0.000268686 0.00146382 0.000269054 1 -0.000573455 -0.00146404 0.000573547 0.999999 -0.0661694 0.119487 0.022937
FixedParameters: 0 0 0

#Transform 99
Transform: AffineTransform_float_3_3
Parameters: 1 0.000219111 0.00120416 -0.000218724 1 -0.000160751 -0.00120423 0.000160249 1 -0.0862138 0.116243 0.0790153
FixedParameters: 0 0 0

#Transform 100
Transform: AffineTransform_float_3_3
Parameters: 0.999999 -0.000298251 0.00138713 0.000299356 1 -0.000398073 -0.00138689 0.000398926 0.999999 -0.0572677 0.103125 0.0470571
FixedParameters: 0 0 0

#Transform 101
Transform: AffineTransform_float_3_3
Parameters: 0.999999 -0.000247654 0.00130071 0.000248641 1 -0.000733525 -0.00129995 0.000733476 0.999999 -0.0493854 0.105061 0.0280243
FixedParameters: 0 0 0

#Transform 102
Transform: AffineTransform_float_3_3
Parameters: 0.999998 -0.000787027 0.00171295 0.000787664 1 -0.000185346 -0.00171265 0.000186654 0.999999 -0.0470097 0.0953304 0.0486356
FixedParameters: 0 0 0

#Transform 103
Transform: AffineTransform_float_3_3
Parameters: 0.999996 -0.000162329 0.00287058 0.000166663 0.999999 -0.00153199 -0.00287035 0.00153301 0.999995 -0.107659 0.122221 -0.036144
FixedParameters: 0 0 0

#Transform 104
Transform: AffineTransform_float_3_3
Parameters: 0.999994 0.00081766 0.00337632 -0.000815641 0.999999 -0.000709294 -0.0033763 0.000706707 0.999994 -0.164046 0.114892 -0.0512465
FixedParameters: 0 0 0

#Transform 105
Transform: AffineTransform_float_3_3
Parameters: 0.999995 0.000622772 0.002909 -0.000617478 0.999998 -0.00192706 -0.00290997 0.00192494 0.999994 -0.142188 0.136778 -0.0686352
FixedParameters: 0 0 0

#Transform 106
Transform: AffineTransform_float_3_3
Parameters: 0.999991 0.00281129 0.00294805 -0.00280791 0.999996 -0.00129105 -0.00295241 0.00128295 0.999995 -0.287535 0.133926 -0.0131434
FixedParameters: 0 0 0

#Transform 107
Transform: AffineTransform_float_3_3
Parameters: 0.999989 0.0020975 0.00401921 -0.0020888 0.999996 -0.00206812 -0.00402341 0.00205987 0.999989 -0.235799 0.150084 -0.0800383
FixedParameters: 0 0 0

#Transform 108
Transform: AffineTransform_float_3_3
Parameters: 0.999993 0.001471 0.00360163 -0.0014658 0.999998 -0.00149041 -0.00360366 0.00148559 0.999993 -0.216967 0.14211 -0.0705871
FixedParameters: 0 0 0

#Transform 109
Transform: AffineTransform_float_3_3
Parameters: 0.999994 0.00147163 0.00335353 -0.00146741 0.999998 -0.00117977 -0.00335543 0.00117423 0.999993 -0.219292 0.12947 -0.0457349
FixedParameters: 0 0 0

#Transform 110
Transform: AffineTransform_float_3_3
Parameters: 0.999994 0.00122161 0.00326974 -0.00121892 0.999999 -0.000834832 -0.0032706 0.000831167 0.999994 -0.182528 0.130952 -0.0492111
FixedParameters: 0 0 0

#Transform 111
Transform: AffineTransform_float_3_3
Parameters: 0.999995 0.000673139 0.00301816 -0.000672324 0.999999 -0.000440928 -0.00301797 0.000439074 0.999996 -0.181956 0.115038 0.0342361
FixedParameters: 0 0 0

#Transform 112
Transform: AffineTransform_float_3_3
Parameters: 0.999996 0.00143473 0.00233643 -0.00142982 0.999998 -0.00175642 -0.00233897 0.00175258 0.999996 -0.166138 0.130973 -0.0440479
FixedParameters: 0 0 0

#Transform 113
Transform: AffineTransform_float_3_3
Parameters: 0.999997 0.000900456 0.0022566 -0.000898302 0.999999 -0.00088595 -0.00225741 0.000884048 0.999997 -0.161766 0.124931 -0.0151295
FixedParameters: 0 0 0

#Transform 114
Transform: AffineTransform_float_3_3
Parameters: 0.999997 0.00132011 0.00235192 -0.00131809 0.999999 -0.000821817 -0.0023533 0.000819182 0.999997 -0.153723 0.137699 -0.0217574
FixedParameters: 0 0 0

#Transform 115
Transform: AffineTransform_float_3_3
Parameters: 0.999996 0.00110451 0.00258383 -0.00110244 0.999999 -0.000757412 -0.00258472 0.000754586 0.999996 -0.183134 0.129019 0.0373809
FixedParameters: 0 0 0

#Transform 116
Transform: AffineTransform_float_3_3
Parameters: 0.999997 0.00130333 0.00237554 -0.00130241 0.999999 -0.000196809 -0.00237605 0.00019419 0.999997 -0.185693 0.105051 0.0137523
FixedParameters: 0 0 0

#Transform 117
Transform: AffineTransform_float_3_3
Parameters: 0.999996 0.000517765 0.00280062 -0.000516037 0.999999 -0.000473703 -0.00280072 0.000472296 0.999996 -0.185704 0.108571 0.0491724
FixedParameters: 0 0 0

#Transform 118
Transform: AffineTransform_float_3_3
Parameters: 0.999997 0.000966124 0.00217648 -0.000963578 0.999999 -0.00122002 -0.00217766 0.00121798 0.999997 -0.156455 0.130797 -0.0185952
FixedParameters: 0 0 0

#Transform 119
Transform: AffineTransform_float_3_3
Parameters: 0.999997 0.000720588 0.00242647 -0.000719181 0.999999 -0.000480515 -0.00242677 0.000478484 0.999997 -0.145323 0.106578 0.0157063
FixedParameters: 0 0 0

#Transform 120
Transform: AffineTransform_float_3_3
Parameters: 0.999998 0.000744055 0.00173738 -0.000742115 0.999999 -0.00108893 -0.00173822 0.00108707 0.999998 -0.128484 0.142544 0.0221976
FixedParameters: 0 0 0

#Transform 121
Transform: AffineTransform_float_3_3
Parameters: 0.999996 0.000345129 0.0028773 -0.000343068 1 -0.000518245 -0.00287726 0.000517753 0.999996 -0.158236 0.108724 0.0526933
FixedParameters: 0 0 0

#Transform 122
Transform: AffineTransform_float_3_3
Parameters: 0.999998 0.000663082 0.00194032 -0.0006607 1 -0.00108857 -0.00194098 0.00108744 0.999998 -0.135983 0.12248 0.000770923
FixedParameters: 0 0 0

#Transform 123
Transform: AffineTransform_float_3_3
Parameters: 0.999998 0.000189838 0.00219818 -0.0001878 1 -0.000882544 -0.00219773 0.000882458 0.999997 -0.120238 0.128072 0.0280901
FixedParameters: 0 0 0

#Transform 124
Transform: AffineTransform_float_3_3
Parameters: 0.999996 -0.000202691 0.00277893 0.000204979 1 -0.000647256 -0.0027792 0.000647743 0.999996 -0.130339 0.119481 0.0287456
FixedParameters: 0 0 0

#Transform 125
Transform: AffineTransform_float_3_3
Parameters: 0.999997 0.000406033 0.00270511 -0.000403502 1 -0.00105086 -0.00270571 0.00105014 0.999995 -0.132511 0.122623 0.00570776
FixedParameters: 0 0 0

#Transform 126
Transform: AffineTransform_float_3_3
Parameters: 0.999996 3.62646e-05 0.00257764 -3.3712e-05 1 -0.000928065 -0.00257785 0.000927934 0.999996 -0.125213 0.09522 -0.00509187
FixedParameters: 0 0 0

#Transform 127
Transform: AffineTransform_float_3_3
Parameters: 0.999996 0.000408124 0.00271949 -0.000408668 1 0.000340634 -0.00271868 -0.000341367 0.999997 -0.129052 0.119058 0.037758
FixedParameters: 0 0 0

#Transform 128
Transform: AffineTransform_float_3_3
Parameters: 0.999995 0.00306948 0.000854726 -0.0030666 0.999992 -0.00276576 -0.000863292 0.00276324 0.999996 -0.209982 0.146019 -0.0789559
FixedParameters: 0 0 0

#Transform 129
Transform: AffineTransform_float_3_3
Parameters: 0.999996 0.00148056 0.00209556 -0.0014748 0.999995 -0.00281733 -0.00210023 0.00281467 0.999993 -0.179348 0.145525 -0.0861262
FixedParameters: 0 0 0

#Transform 130
Transform: AffineTransform_float_3_3
Parameters: 0.999996 0.0016519 0.00197498 -0.00165031 0.999998 -0.000770695 -0.00197581 0.000766305 0.999998 -0.185587 0.137224 -0.0104953
FixedParameters: 0 0 0

#Transform 131
Transform: AffineTransform_float_3_3
Parameters: 0.999994 0.00187781 0.00266296 -0.00187776 0.999998 -1.25072e-05 -0.002663 7.49216e-06 0.999996 -0.187105 0.0972761 -0.0103079
FixedParameters: 0 0 0

#Transform 132
Transform: AffineTransform_float_3_3
Parameters: 0.999996 0.00133065 0.00224882 -0.00133125 0.999999 -7.20674e-05 -0.00224862 6.89343e-05 0.999997 -0.174128 0.10538 -0.0194679
FixedParameters: 0 0 0

#Transform 133
Transform: AffineTransform_float_3_3
Parameters: 0.999995 0.00127439 0.00266698 -0.00127353 0.999999 -0.000680754 -0.00266754 0.000678249 0.999996 -0.182183 0.121787 -0.000513786
FixedParameters: 0 0 0

#Transform 134
Transform: AffineTransform_float_3_3
Parameters: 0.999996 0.00121692 0.00264901 -0.00121399 0.999999 -0.00107493 -0.00265044 0.00107207 0.999996 -0.184837 0.134007 -0.0199382
FixedParameters: 0 0 0

#Transform 135
Transform: AffineTransform_float_3_3
Parameters: 0.999995 0.00193934 0.00257097 -0.00193688 0.999998 -0.000838003 -0.00257342 0.000832994 0.999996 -0.222638 0.121308 -0.00561862
FixedParameters: 0 0 0

#Transform 136
Transform: AffineTransform_float_3_3
Parameters: 0.999994 0.00159047 0.00328564 -0.00158882 0.999999 -0.000613859 -0.00328549 0.000609143 0.999994 -0.208047 0.127962 0.0154987
FixedParameters: 0 0 0

#Transform 137
Transform: AffineTransform_float_3_3
Parameters: 0.999992 0.00114389 0.00377306 -0.00114346 1 -0.000180286 -0.00377308 0.000176715 0.999993 -0.192177 0.10723 0.0261944
FixedParameters: 0 0 0

#Transform 138
Transform: AffineTransform_float_3_3
Parameters: 0.999994 0.00103042 0.00334224 -0.00102828 0.999999 -0.000459129 -0.00334279 0.000455869 0.999994 -0.176321 0.114098 -0.0154186
FixedParameters: 0 0 0

#Transform 139
Transform: AffineTransform_float_3_3
Parameters: 0.999993 0.000661296 0.00374785 -0.000659544 0.999999 -0.000357499 -0.00374793 0.0003555 0.999993 -0.178588 0.146274 0.0166076
FixedParameters: 0 0 0

#Transform 140
Transform: AffineTransform_float_3_3
Parameters: 0.999993 0.00113195 0.00360107 -0.0011302 0.999999 -0.000245249 -0.00360162 0.000240748 0.999994 -0.174113 0.12112 0.0131596
FixedParameters: 0 0 0

#Transform 141
Transform: AffineTransform_float_3_3
Parameters: 0.999994 0.00117479 0.00331785 -0.00117283 0.999999 -0.000575584 -0.00331841 0.000571415 0.999994 -0.182901 0.120439 -0.032017
FixedParameters: 0 0 0

#Transform 142
Transform: AffineTransform_float_3_3
Parameters: 0.999993 0.00126184 0.00346005 -0.00126167 0.999999 -0.000160696 -0.00346006 0.000156305 0.999994 -0.185284 0.119418 -0.00643135
FixedParameters: 0 0 0

#Transform 143
Transform: AffineTransform_float_3_3
Parameters: 0.999991 0.000427964 0.00423896 -0.000426612 1 -0.000160529 -0.00423909 0.000158468 0.999991 -0.198989 0.118577 0.0269142
FixedParameters: 0 0 0

#Transform 144
Transform: AffineTransform_float_3_3
Parameters: 0.999995 0.000178302 0.00337008 -0.000175583 1 -0.000734699 -0.00337048 0.0007343 0.999994 -0.159994 0.122601 -0.0172453
FixedParameters: 0 0 0

#Transform 145
Transform: AffineTransform_float_3_3
Parameters: 0.999996 -0.000221168 0.00264515 0.000221817 1 -0.000370237 -0.00264552 0.000370764 0.999997 -0.116741 0.120562 -0.0162899
FixedParameters: 0 0 0

#Transform 146
Transform: AffineTransform_float_3_3
Parameters: 0.999996 -0.000128642 0.00282609 0.000128482 1 -0.00013446 -0.00282566 0.000134542 0.999996 -0.119198 0.13782 0.00642283
FixedParameters: 0 0 0

#Transform 147
Transform: AffineTransform_float_3_3
Parameters: 0.999994 0.000152299 0.00346482 -0.000149458 1 -0.000732114 -0.00346518 0.000731886 0.999994 -0.135608 0.153809 -0.00691881
FixedParameters: 0 0 0

#Transform 148
Transform: AffineTransform_float_3_3
Parameters: 0.999995 0.0001217 0.00296438 -0.000121416 1 -0.000268977 -0.00296498 0.000269025 0.999995 -0.108804 0.147231 -0.012688
FixedParameters: 0 0 0

#Transform 149
Transform: AffineTransform_float_3_3
Parameters: 0.999996 0.000109849 0.00274031 -0.000111054 1 0.000626723 -0.00274003 -0.000627278 0.999996 -0.119385 0.107715 0.0138414
FixedParameters: 0 0 0

#Transform 150
Transform: AffineTransform_float_3_3
Parameters: 0.999998 0.000957437 0.00213025 -0.000957488 1 1.10395e-05 -0.00213022 -1.29607e-05 0.999998 -0.116515 0.146092 -0.00810009
FixedParameters: 0 0 0

#Transform 151
Transform: AffineTransform_float_3_3
Parameters: 0.999997 0.000740147 0.00237785 -0.000740666 1 -8.55297e-05 -0.00237758 8.34721e-05 0.999997 -0.119934 0.136656 -0.0338287
FixedParameters: 0 0 0

#Transform 152
Transform: AffineTransform_float_3_3
Parameters: 0.999995 -8.07762e-05 0.00317913 7.83455e-05 0.999999 0.000878303 -0.00317953 -0.000877698 0.999995 -0.094059 0.130206 0.0291073
FixedParameters: 0 0 0

#Transform 153
Transform: AffineTransform_float_3_3
Parameters: 0.999996 8.67745e-05 0.00276286 -8.69657e-05 1 -0.000132216 -0.00276249 0.000131786 0.999996 -0.0873371 0.143354 -0.0319973
FixedParameters: 0 0 0

#Transform 154
Transform: AffineTransform_float_3_3
Parameters: 0.999995 7.29122e-05 0.00293738 -7.41436e-05 1 0.000589322 -0.00293716 -0.00058968 0.999996 -0.105407 0.106584 -0.0188059
FixedParameters: 0 0 0

#Transform 155
Transform: AffineTransform_float_3_3
Parameters: 0.999996 0.000115101 0.00303682 -0.000116352 1 0.000573186 -0.00303655 -0.000573815 0.999995 -0.107752 0.138794 -0.00408737
FixedParameters: 0 0 0

#Transform 156
Transform: AffineTransform_float_3_3
Parameters: 0.999997 0.000671214 0.00261141 -0.00067024 1 -0.00018716 -0.00261166 0.000185839 0.999997 -0.13049 0.136405 -0.00180575
FixedParameters: 0 0 0

#Transform 157
Transform: AffineTransform_float_3_3
Parameters: 0.999995 0.00033034 0.00293253 -0.000333047 1 0.000617563 -0.00293251 -0.000619435 0.999996 -0.115516 0.135513 -0.0126301
FixedParameters: 0 0 0

#Transform 158
Transform: AffineTransform_float_3_3
Parameters: 0.999996 -0.00062292 0.00282449 0.000620706 1 0.000856727 -0.0028245 -0.000855274 0.999996 -0.0774847 0.142838 0.057366
FixedParameters: 0 0 0

#Transform 159
Transform: AffineTransform_float_3_3
Parameters: 0.999995 -3.09447e-05 0.00321952 2.74829e-05 0.999999 0.00117014 -0.00322023 -0.00116986 0.999994 -0.0794076 0.106341 0.056877
FixedParameters: 0 0 0

#Transform 160
Transform: AffineTransform_float_3_3
Parameters: 0.999995 -0.00084521 0.00306924 0.000844326 0.999999 0.000508717 -0.00306995 -0.000506284 0.999995 -0.0389556 0.142369 0.0356454
FixedParameters: 0 0 0

#Transform 161
Transform: AffineTransform_float_3_3
Parameters: 0.999994 -0.00150172 0.00308511 0.00149994 0.999999 0.000355393 -0.00308525 -0.000349605 0.999995 -0.00612041 0.155593 0.0501592
FixedParameters: 0 0 0

#Transform 162
Transform: AffineTransform_float_3_3
Parameters: 0.999994 -0.00173233 0.00322507 0.00173002 0.999998 0.00076714 -0.00322666 -0.000760858 0.999994 -0.0262001 0.114638 0.0382367
FixedParameters: 0 0 0

#Transform 163
Transform: AffineTransform_float_3_3
Parameters: 0.999994 -0.0011809 0.00328508 0.00117901 0.999999 0.000629153 -0.00328642 -0.000624847 0.999995 -0.0538856 0.117166 0.0414713
FixedParameters: 0 0 0

#Transform 164
Transform: AffineTransform_float_3_3
Parameters: 0.999994 -0.00101049 0.00309091 0.00100708 1 0.00076488 -0.00309192 -0.000762116 0.999995 -0.055129 0.106219 0.0338173
FixedParameters: 0 0 0

#Transform 165
Transform: AffineTransform_float_3_3
Parameters: 0.999995 -0.00123005 0.00287766 0.00122697 0.999999 0.000765298 -0.002879 -0.000761699 0.999996 -0.0454517 0.112337 0.0419738
FixedParameters: 0 0 0

#Transform 166
Transform: AffineTransform_float_3_3
Parameters: 0.999995 -0.00119141 0.00299934 0.00118884 0.999999 0.000712485 -0.00299958 -0.000709514 0.999996 -0.0477759 0.13578 0.0707445
FixedParameters: 0 0 0

#Transform 167
Transform: AffineTransform_float_3_3
Parameters: 0.999996 -0.000732727 0.00295697 0.000730837 1 0.000764135 -0.00295703 -0.000761866 0.999995 -0.0480484 0.114926 0.0540705
FixedParameters: 0 0 0

#Transform 168
Transform: AffineTransform_float_3_3
Parameters: 0.999996 -0.000898664 0.00248316 0.000897108 1 0.000763688 -0.00248439 -0.000761312 0.999996 -0.0384782 0.152373 0.0623894
FixedParameters: 0 0 0

#Transform 169
Transform: AffineTransform_float_3_3
Parameters: 0.999995 -0.000565085 0.00287723 0.000560599 0.999999 0.00139595 -0.00287813 -0.00139405 0.999995 -0.0608966 0.105915 0.06661
FixedParameters: 0 0 0

#Transform 170
Transform: AffineTransform_float_3_3
Parameters: 0.999996 -0.000654129 0.00254188 0.00065109 0.999999 0.00111448 -0.00254227 -0.00111252 0.999996 -0.0740357 0.117627 0.0789099
FixedParameters: 0 0 0

#Transform 171
Transform: AffineTransform_float_3_3
Parameters: 0.999996 -0.000679521 0.00283437 0.000676968 1 0.000844893 -0.00283537 -0.000843106 0.999996 -0.0724994 0.107852 0.0794837
FixedParameters: 0 0 0

#Transform 172
Transform: AffineTransform_float_3_3
Parameters: 0.999998 -0.00102782 0.00200554 0.00102962 0.999999 -0.000871992 -0.0020052 0.000874009 0.999997 -0.0264492 0.147094 0.00876601
FixedParameters: 0 0 0

#Transform 173
Transform: AffineTransform_float_3_3
Parameters: 0.999997 -0.00106991 0.00250005 0.00106934 0.999999 0.000378285 -0.00250033 -0.000375715 0.999997 -0.0651765 0.123795 0.0626202
FixedParameters: 0 0 0

#Transform 174
Transform: AffineTransform_float_3_3
Parameters: 0.999996 -0.00064848 0.0025264 0.000647176 0.999999 0.000518454 -0.00252654 -0.000516545 0.999996 -0.067974 0.123736 0.0415325
FixedParameters: 0 0 0

#Transform 175
Transform: AffineTransform_float_3_3
Parameters: 0.999997 -0.000617581 0.00205832 0.000616665 1 0.000446575 -0.00205926 -0.000445423 0.999997 -0.062231 0.14695 -0.00577037
FixedParameters: 0 0 0

#Transform 176
Transform: AffineTransform_float_3_3
Parameters: 0.999996 -0.000944926 0.00274374 0.000940629 0.999999 0.0013332 -0.00274427 -0.0013308 0.999995 -0.05676 0.124539 0.0598091
FixedParameters: 0 0 0

#Transform 177
Transform: AffineTransform_float_3_3
Parameters: 0.999998 -0.000301319 0.00228698 0.000300428 1 0.000481506 -0.00228674 -0.000481494 0.999997 -0.0501737 0.157761 0.0244334
FixedParameters: 0 0 0

#Transform 178
Transform: AffineTransform_float_3_3
Parameters: 0.999995 -0.00112416 0.00269548 0.0011215 0.999999 0.000979791 -0.00269662 -0.00097721 0.999997 -0.0567719 0.14888 0.0776949
FixedParameters: 0 0 0

#Transform 179
Transform: AffineTransform_float_3_3
Parameters: 0.999997 -0.00036934 0.00232886 0.000368076 1 0.000469523 -0.0023296 -0.000468476 0.999997 -0.0725546 0.15744 0.0334016
FixedParameters: 0 0 0
