#Insight Transform File V1.0
#Transform 0
Transform: AffineTransform_float_3_3
Parameters: 0.999997 -0.00257673 -0.000649044 0.00257797 0.999996 0.00106451 0.000645783 -0.00106649 1 0.0543868 0.119083 1.22797
FixedParameters: 0 0 0

#Transform 1
Transform: AffineTransform_float_3_3
Parameters: 0.999998 -0.00113467 0.00113173 0.0011301 0.99999 0.00443892 -0.00113651 -0.00443708 0.999989 0.0429004 0.070179 0.691192
FixedParameters: 0 0 0

#Transform 2
Transform: AffineTransform_float_3_3
Parameters: 0.999996 0.00194453 0.0023512 -0.00197849 0.999891 0.0146446 -0.0023225 -0.0146495 0.999891 0.571587 -0.607082 -1.55562
FixedParameters: 0 0 0

#Transform 3
Transform: AffineTransform_float_3_3
Parameters: 0.999998 -0.000836583 0.00208808 0.000821095 0.999971 0.00746619 -0.00209409 -0.00746481 0.99997 0.224715 -0.609159 -0.803445
FixedParameters: 0 0 0

#Transform 4
Transform: AffineTransform_float_3_3
Parameters: 0.999997 -0.000548359 0.0026295 0.000530975 0.99998 0.00642024 -0.00263362 -0.00641876 0.999976 0.183961 -0.174441 -0.0583155
FixedParameters: 0 0 0

#Transform 5
Transform: AffineTransform_float_3_3
Parameters: 1 -0.00103886 -0.000600646 0.00103793 0.999999 -0.00164978 0.000601449 0.00164922 0.999999 0.0604375 -0.0121721 0.251605
FixedParameters: 0 0 0

#Transform 6
Transform: AffineTransform_float_3_3
Parameters: 1 0.000252932 0.000656227 -0.000255933 0.999987 0.00509583 -0.000655197 -0.00509617 0.999987 0.0414436 0.0145697 0.160782
FixedParameters: 0 0 0

#Transform 7
Transform: AffineTransform_float_3_3
Parameters: 0.999999 -0.00039661 0.00129005 0.000392435 0.999992 0.00400602 -0.00129148 -0.00400498 0.999991 0.0456755 0.000775769 0.0272795
FixedParameters: 0 0 0

#Transform 8
Transform: AffineTransform_float_3_3
Parameters: 0.999997 -0.000121833 0.0021742 0.000111473 0.99999 0.00443528 -0.00217467 -0.00443472 0.999988 0.0471862 0.0126638 0.0290238
FixedParameters: 0 0 0

#Transform 9
Transform: AffineTransform_float_3_3
Parameters: 1 0.000141318 0.000982879 -0.000145342 0.999992 0.00411986 -0.000982341 -0.00412014 0.999991 0.0853197 0.027065 0.041685
FixedParameters: 0 0 0

#Transform 10
Transform: AffineTransform_float_3_3
Parameters: 0.999999 0.000753338 0.00045693 -0.000756035 0.999984 0.00572466 -0.000452614 -0.00572535 0.999984 0.042578 0.0682844 0.340011
FixedParameters: 0 0 0

#Transform 11
Transform: AffineTransform_float_3_3
Parameters: 0.999999 0.000674501 0.000592238 -0.000676361 0.999991 0.0043616 -0.000588829 -0.0043624 0.999991 -0.0348747 0.0288627 0.247033
FixedParameters: 0 0 0

#Transform 12
Transform: AffineTransform_float_3_3
Parameters: 1 0.000600739 0.00092122 -0.000603798 0.999994 0.00366429 -0.000918369 -0.00366471 0.999992 -0.0382874 0.0228559 0.217838
FixedParameters: 0 0 0

#Transform 13
Transform: AffineTransform_float_3_3
Parameters: 0.999999 0.000826243 -5.7149e-05 -0.000826008 0.999991 0.00412705 6.08156e-05 -0.00412695 0.999992 -0.00118937 -0.0138284 0.0531854
FixedParameters: 0 0 0

#Transform 14
Transform: AffineTransform_float_3_3
Parameters: 1 -0.000370212 6.95025e-06 0.000370021 0.999994 0.003653 -7.42257e-06 -0.003653 0.999994 -0.0193702 -0.00245643 0.0550401
FixedParameters: 0 0 0

#Transform 15
Transform: AffineTransform_float_3_3
Parameters: 0.999999 -2.69366e-05 0.000774021 2.42563e-05 0.999995 0.00317302 -0.000774044 -0.00317298 0.999994 -0.0324891 -0.0147936 0.0750861
FixedParameters: 0 0 0

#Transform 16
Transform: AffineTransform_float_3_3
Parameters: 0.999999 -0.000195681 0.000845576 0.000194255 0.999997 0.00216252 -0.00084628 -0.00216148 0.999997 -0.0459766 -0.0148938 0.0737947
FixedParameters: 0 0 0

#Transform 17
Transform: AffineTransform_float_3_3
Parameters: 0.999999 3.77547e-05 0.000747208 -3.90023e-05 0.999999 0.00171297 -0.000746547 -0.00171303 0.999999 -0.0470474 0.0138544 0.0822951
FixedParameters: 0 0 0

#Transform 18
Transform: AffineTransform_float_3_3
Parameters: 1 -0.000313781 0.000606741 0.000312561 0.999998 0.00208519 -0.000607517 -0.00208481 0.999997 0.0232361 -0.00212152 0.0446614
FixedParameters: 0 0 0

#Transform 19
Transform: AffineTransform_float_3_3
Parameters: 1 0.000332064 0.000174578 -0.000332719 0.999998 0.00188394 -0.000173326 -0.00188406 0.999998 -0.00417723 0.00328957 0.0167843
FixedParameters: 0 0 0

#Transform 20
Transform: AffineTransform_float_3_3
Parameters: 1 0.000455496 0.00109073 -0.000456227 0.999999 0.000756862 -0.00109043 -0.000757137 0.999999 -0.00200308 -0.0106265 -0.0181554
FixedParameters: 0 0 0

#Transform 21
Transform: AffineTransform_float_3_3
Parameters: 0.999999 0.000197518 0.00133032 -0.000198214 0.999999 0.000754249 -0.00132949 -0.000754751 0.999999 0.0122273 0.0011902 0.0457123
FixedParameters: 0 0 0

#Transform 22
Transform: AffineTransform_float_3_3
Parameters: 1 0.000690125 0.000750318 -0.000690625 1 0.000946483 -0.000749401 -0.000947518 1 -0.00772942 0.00565001 0.0309355
FixedParameters: 0 0 0

#Transform 23
Transform: AffineTransform_float_3_3
Parameters: 1 0.000333161 -0.000972727 -0.000332482 1 -0.000324676 0.00097304 0.000325324 0.999999 0.0105561 -0.00340024 0.0622472
FixedParameters: 0 0 0

#Transform 24
Transform: AffineTransform_float_3_3
Parameters: 0.999999 -0.000105843 0.000703148 0.000105447 1 0.000281227 -0.000703208 -0.000281773 1 0.0263551 -0.00958875 -0.153312
FixedParameters: 0 0 0

#Transform 25
Transform: AffineTransform_float_3_3
Parameters: 0.999999 -0.000569842 0.00044791 0.000571168 0.999997 -0.00235475 -0.000447064 0.00235526 0.999997 0.012978 -0.0386134 -0.0710902
FixedParameters: 0 0 0

#Transform 26
Transform: AffineTransform_float_3_3
Parameters: 1 -0.000176354 0.000639397 0.000177092 0.999998 -0.00160273 -0.000639361 0.00160226 0.999998 -0.0130843 -0.0262427 -0.0547253
FixedParameters: 0 0 0

#Transform 27
Transform: AffineTransform_float_3_3
Parameters: 1 -0.000366779 0.000370905 0.000368089 0.999998 -0.00229487 -0.000370139 0.00229514 0.999998 -0.0196909 -0.0389228 -0.083668
FixedParameters: 0 0 0

#Transform 28
Transform: AffineTransform_float_3_3
Parameters: 1 -0.000389139 0.000870905 0.000391479 0.999997 -0.00232151 -0.000870544 0.00232149 0.999997 -0.0168888 -0.0240844 -0.0781385
FixedParameters: 0 0 0

#Transform 29
Transform: AffineTransform_float_3_3
Parameters: 1 -0.000388924 0.000871001 0.000390772 0.999997 -0.00256766 -0.000870059 0.00256834 0.999997 -0.00253923 -0.0316651 -0.0624864
FixedParameters: 0 0 0

#Transform 30
Transform: AffineTransform_float_3_3
Parameters: 0.999999 -0.000796409 0.000968209 0.000798715 0.999996 -0.00274923 -0.000965802 0.00275077 0.999996 0.0282257 -0.0124059 -0.0152073
FixedParameters: 0 0 0

#Transform 31
Transform: AffineTransform_float_3_3
Parameters: 1 -0.000619437 0.000331691 0.000620818 0.999995 -0.00327115 -0.000329475 0.00327085 0.999994 0.0535163 -0.0154264 -0.0220935
FixedParameters: 0 0 0

#Transform 32
Transform: AffineTransform_float_3_3
Parameters: 0.999999 -0.000958824 0.000111605 0.00096007 0.99999 -0.00441905 -0.000107588 0.00441995 0.99999 0.0542878 -0.00990817 0.0332931
FixedParameters: 0 0 0

#Transform 33
Transform: AffineTransform_float_3_3
Parameters: 0.999999 -0.00111388 0.000662618 0.00111687 0.99999 -0.00444963 -0.000656903 0.00445038 0.99999 0.0407258 -0.011794 0.0161599
FixedParameters: 0 0 0

#Transform 34
Transform: AffineTransform_float_3_3
Parameters: 1 -0.000960748 0.000596193 0.000963868 0.999992 -0.00393943 -0.000592292 0.00394057 0.999992 0.00873599 -0.0128077 0.0404574
FixedParameters: 0 0 0

#Transform 35
Transform: AffineTransform_float_3_3
Parameters: 1 -0.000517559 0.000135546 0.000518602 0.999989 -0.00480693 -0.000133717 0.00480707 0.999989 0.00551874 -0.011856 0.18441
FixedParameters: 0 0 0

#Transform 36
Transform: AffineTransform_float_3_3
Parameters: 0.999999 -0.0010476 0.000634398 0.00105152 0.999989 -0.0046467 -0.000629245 0.00464731 0.999989 0.0126693 -0.00927681 0.170612
FixedParameters: 0 0 0

#Transform 37
Transform: AffineTransform_float_3_3
Parameters: 1 -0.000950769 -0.000391437 0.000948492 0.99999 -0.00442037 0.000394977 0.00441963 0.99999 0.0390862 -0.0244682 0.0751855
FixedParameters: 0 0 0

#Transform 38
Transform: AffineTransform_float_3_3
Parameters: 0.999999 -0.0007585 0.000116574 0.000758236 0.999992 -0.00395107 -0.000113342 0.00395193 0.999992 0.0353203 -0.0317164 0.135569
FixedParameters: 0 0 0

#Transform 39
Transform: AffineTransform_float_3_3
Parameters: 0.999999 -0.00134112 0.000172564 0.001342 0.999986 -0.00524814 -0.000165708 0.00524787 0.999987 0.0683407 -0.0161327 0.130444
FixedParameters: 0 0 0

#Transform 40
Transform: AffineTransform_float_3_3
Parameters: 0.999999 -0.00088704 -0.000863049 0.000885923 0.999997 -0.00201941 0.000864536 0.00201859 0.999998 0.0559004 -0.0120003 0.334203
FixedParameters: 0 0 0

#Transform 41
Transform: AffineTransform_float_3_3
Parameters: 0.999999 -0.000737643 -0.000483995 0.000736205 0.999996 -0.002577 0.000485171 0.002577 0.999997 0.000894771 -0.000494955 0.353693
FixedParameters: 0 0 0

#Transform 42
Transform: AffineTransform_float_3_3
Parameters: 0.999999 -0.000713652 0.000271717 0.00071448 0.999995 -0.00297617 -0.000269308 0.00297583 0.999995 0.00925177 0.0145023 0.288338
FixedParameters: 0 0 0

#Transform 43
Transform: AffineTransform_float_3_3
Parameters: 0.999998 -0.00138961 -0.000907967 0.00138608 0.999988 -0.00461306 0.000914353 0.00461194 0.999989 0.0916123 -0.0303678 0.145786
FixedParameters: 0 0 0

#Transform 44
Transform: AffineTransform_float_3_3
Parameters: 0.999996 -0.0026403 -0.00154587 0.00263129 0.999977 -0.00625714 0.00156247 0.00625386 0.999979 0.130581 -0.035023 0.13742
FixedParameters: 0 0 0

#Transform 45
Transform: AffineTransform_float_3_3
Parameters: 0.999999 -0.00158259 -0.000824806 0.00157535 0.999964 -0.00832411 0.000838509 0.00832289 0.999966 0.0335195 -0.0462945 0.171294
FixedParameters: 0 0 0

#Transform 46
Transform: AffineTransform_float_3_3
Parameters: 0.999999 -0.00133718 -0.000389645 0.00133403 0.999979 -0.00636968 0.000398262 0.00636932 0.99998 0.060186 -0.0187103 0.018338
FixedParameters: 0 0 0

#Transform 47
Transform: AffineTransform_float_3_3
Parameters: 0.999998 -0.00166816 -0.000176407 0.00166603 0.999966 -0.00807382 0.000189936 0.00807319 0.999968 0.0255859 -0.0341215 0.0388184
FixedParameters: 0 0 0

#Transform 48
Transform: AffineTransform_float_3_3
Parameters: 0.999999 -0.00185332 -0.000158677 0.00185153 0.999946 -0.0102378 0.000177441 0.0102372 0.999948 0.0140729 -0.0693745 -0.0119406
FixedParameters: 0 0 0

#Transform 49
Transform: AffineTransform_float_3_3
Parameters: 0.999997 -0.00217859 -0.000112753 0.00217719 0.99996 -0.00866793 0.000131735 0.00866806 0.999962 0.0753437 -0.0573757 -0.0765416
FixedParameters: 0 0 0

#Transform 50
Transform: AffineTransform_float_3_3
Parameters: 0.999999 -0.00181828 -0.000340944 0.00181611 0.999964 -0.00826679 0.000356426 0.00826621 0.999966 0.0768559 -0.0652941 -0.0895673
FixedParameters: 0 0 0

#Transform 51
Transform: AffineTransform_float_3_3
Parameters: 0.999998 -0.00162129 -0.000353852 0.00161857 0.999954 -0.0094751 0.000368675 0.0094739 0.999955 0.0350793 -0.0623387 -0.0540719
FixedParameters: 0 0 0

#Transform 52
Transform: AffineTransform_float_3_3
Parameters: 0.999999 -0.00170292 -0.000467941 0.00169672 0.999932 -0.011515 0.000487671 0.011514 0.999934 0.0308152 -0.0579465 -0.0217509
FixedParameters: 0 0 0

#Transform 53
Transform: AffineTransform_float_3_3
Parameters: 0.999999 -0.00179323 -0.000275899 0.00178987 0.999935 -0.0112922 0.000295494 0.0112918 0.999936 0.0353639 -0.0635627 -0.0345422
FixedParameters: 0 0 0

#Transform 54
Transform: AffineTransform_float_3_3
Parameters: 0.999998 -0.00207779 -0.000921337 0.00206662 0.999921 -0.012351 0.00094683 0.01235 0.999923 0.0448499 -0.0602666 -0.0540792
FixedParameters: 0 0 0

#Transform 55
Transform: AffineTransform_float_3_3
Parameters: 0.999997 -0.00221665 -0.00104401 0.00220409 0.999922 -0.0122564 0.00107079 0.0122546 0.999924 0.074016 -0.0474196 -0.0380013
FixedParameters: 0 0 0

#Transform 56
Transform: AffineTransform_float_3_3
Parameters: 0.999998 -0.0017529 -0.000825872 0.0017479 0.99998 -0.00611661 0.0008364 0.0061144 0.999982 0.0434104 -0.00751422 0.165456
FixedParameters: 0 0 0

#Transform 57
Transform: AffineTransform_float_3_3
Parameters: 0.999998 -0.00204535 -0.000867429 0.00203919 0.99997 -0.00737709 0.000882743 0.0073749 0.999972 0.0376268 -0.010482 0.0811057
FixedParameters: 0 0 0

#Transform 58
Transform: AffineTransform_float_3_3
Parameters: 0.999997 -0.00211749 -0.00102966 0.00210892 0.999963 -0.0083315 0.00104704 0.0083285 0.999965 0.0237013 -0.0134795 0.0991447
FixedParameters: 0 0 0

#Transform 59
Transform: AffineTransform_float_3_3
Parameters: 0.999998 -0.00194887 -0.000641997 0.0019433 0.999965 -0.00816593 0.000657513 0.00816407 0.999966 0.0187263 -0.0132753 0.140573
FixedParameters: 0 0 0

#Transform 60
Transform: AffineTransform_float_3_3
Parameters: 0.999998 -0.0019493 -0.000640686 0.0019434 0.999959 -0.00883857 0.000657515 0.00883743 0.999961 0.0224829 -0.0214199 0.124322
FixedParameters: 0 0 0

#Transform 61
Transform: AffineTransform_float_3_3
Parameters: 0.999997 -0.00219833 -0.00121427 0.00218777 0.999961 -0.00863514 0.00123353 0.00863186 0.999962 0.0678966 -0.0281394 -0.0438057
FixedParameters: 0 0 0

#Transform 62
Transform: AffineTransform_float_3_3
Parameters: 0.999997 -0.00236436 -0.00045099 0.00236002 0.999957 -0.00904291 0.000472454 0.00904209 0.999959 0.0418786 -0.0242431 0.0412329
FixedParameters: 0 0 0

#Transform 63
Transform: AffineTransform_float_3_3
Parameters: 0.999997 -0.00248846 -0.000931157 0.00248023 0.999955 -0.00914631 0.000954306 0.00914369 0.999957 0.047085 -0.0323697 0.0443498
FixedParameters: 0 0 0

#Transform 64
Transform: AffineTransform_float_3_3
Parameters: 0.999996 -0.00246255 -0.000826669 0.00245354 0.999945 -0.0102609 0.000852976 0.0102581 0.999947 0.0471103 -0.0387835 0.030296
FixedParameters: 0 0 0

#Transform 65
Transform: AffineTransform_float_3_3
Parameters: 0.999997 -0.00245527 -0.000603261 0.00244884 0.999946 -0.0100873 0.000628457 0.0100857 0.999949 0.0480713 -0.0573563 0.0452022
FixedParameters: 0 0 0

#Transform 66
Transform: AffineTransform_float_3_3
Parameters: 0.999997 -0.00262103 -0.000716843 0.00261385 0.999943 -0.0103709 0.000743846 0.0103691 0.999946 0.0743237 -0.0404561 -0.0080333
FixedParameters: 0 0 0

#Transform 67
Transform: AffineTransform_float_3_3
Parameters: 0.999995 -0.00312668 -0.000693522 0.0031198 0.999937 -0.0107503 0.000726691 0.0107487 0.999942 0.0834177 -0.0410862 0.0519845
FixedParameters: 0 0 0

#Transform 68
Transform: AffineTransform_float_3_3
Parameters: 0.999997 -0.00244822 -0.00064866 0.0024418 0.99995 -0.00969043 0.000672693 0.00968857 0.999953 0.0498535 -0.0349927 0.0580609
FixedParameters: 0 0 0

#Transform 69
Transform: AffineTransform_float_3_3
Parameters: 0.999997 -0.00230639 -0.00091109 0.0022974 0.99995 -0.00975658 0.000933713 0.00975442 0.999952 0.0338492 -0.03265 0.0784748
FixedParameters: 0 0 0

#Transform 70
Transform: AffineTransform_float_3_3
Parameters: 0.999996 -0.00261438 -0.00102828 0.00260416 0.999947 -0.00999833 0.00105422 0.00999567 0.99995 0.0677428 -0.0303508 0.0859449
FixedParameters: 0 0 0

#Transform 71
Transform: AffineTransform_float_3_3
Parameters: 0.999995 -0.00290258 -0.0011126 0.00288983 0.999934 -0.011109 0.00114455 0.011106 0.999938 0.0843838 -0.0459627 0.0469059
FixedParameters: 0 0 0

#Transform 72
Transform: AffineTransform_float_3_3
Parameters: 0.999991 -0.00385704 -0.00212472 0.0038435 0.99997 -0.00669388 0.00215029 0.00668511 0.999975 0.229145 -0.0265529 0.167352
FixedParameters: 0 0 0

#Transform 73
Transform: AffineTransform_float_3_3
Parameters: 0.999991 -0.00345297 -0.00216945 0.00343537 0.999964 -0.00769566 0.00219609 0.00768834 0.999968 0.132158 -0.0264412 0.330225
FixedParameters: 0 0 0

#Transform 74
Transform: AffineTransform_float_3_3
Parameters: 0.999989 -0.00341672 -0.00324538 0.00338563 0.99995 -0.0094798 0.00327724 0.00946821 0.99995 0.112097 -0.0338391 0.214973
FixedParameters: 0 0 0

#Transform 75
Transform: AffineTransform_float_3_3
Parameters: 0.999988 -0.00322237 -0.00353243 0.00317851 0.999918 -0.0123892 0.00357233 0.0123778 0.999917 0.0758365 -0.0607629 0.102856
FixedParameters: 0 0 0

#Transform 76
Transform: AffineTransform_float_3_3
Parameters: 0.999987 -0.00342913 -0.00378675 0.00337742 0.999901 -0.0136362 0.00383349 0.0136238 0.9999 0.0699697 -0.0590372 0.0623803
FixedParameters: 0 0 0

#Transform 77
Transform: AffineTransform_float_3_3
Parameters: 0.999988 -0.00313282 -0.00379951 0.0030895 0.999932 -0.0112523 0.00383406 0.0112406 0.999929 0.11911 -0.0323349 -0.0933534
FixedParameters: 0 0 0

#Transform 78
Transform: AffineTransform_float_3_3
Parameters: 0.999995 -0.00277549 -0.00194192 0.00275566 0.999946 -0.0100965 0.00196985 0.0100906 0.999947 0.0509029 -0.0245325 0.0919588
FixedParameters: 0 0 0

#Transform 79
Transform: AffineTransform_float_3_3
Parameters: 0.999994 -0.00297143 -0.00185342 0.0029499 0.99993 -0.0114777 0.0018873 0.0114723 0.999932 0.0616773 -0.0384511 0.0280636
FixedParameters: 0 0 0

#Transform 80
Transform: AffineTransform_float_3_3
Parameters: 0.999996 -0.00230268 -0.00117352 0.00229182 0.999956 -0.00910718 0.00119451 0.00910382 0.999958 0.148844 -0.0966598 0.00855516
FixedParameters: 0 0 0

#Transform 81
Transform: AffineTransform_float_3_3
Parameters: 0.999997 -0.00243468 -0.00024981 0.00243157 0.999913 -0.0129898 0.000280997 0.0129892 0.999915 0.0649641 -0.0395227 0.0378124
FixedParameters: 0 0 0

#Transform 82
Transform: AffineTransform_float_3_3
Parameters: 0.999995 -0.00284338 -0.000829032 0.002832 0.999898 -0.0139784 0.000868355 0.0139756 0.999902 0.0562768 -0.0650762 -0.0349744
FixedParameters: 0 0 0

#Transform 83
Transform: AffineTransform_float_3_3
Parameters: 0.999996 -0.00289475 -0.000988151 0.00288182 0.999906 -0.0133937 0.00102696 0.0133913 0.99991 0.0433531 -0.0576284 -0.0156136
FixedParameters: 0 0 0

#Transform 84
Transform: AffineTransform_float_3_3
Parameters: 0.999993 -0.00356297 -0.000972679 0.00355505 0.999961 -0.00812494 0.00100099 0.00812206 0.999967 0.218723 -0.0414826 -0.415422
FixedParameters: 0 0 0

#Transform 85
Transform: AffineTransform_float_3_3
Parameters: 0.999997 -0.00216239 0.000359568 0.00216311 0.999996 -0.0019101 -0.000355377 0.0019109 0.999998 0.135009 -0.0180788 -0.310133
FixedParameters: 0 0 0

#Transform 86
Transform: AffineTransform_float_3_3
Parameters: 0.999995 -0.00121713 0.0029385 0.00120421 0.999991 0.00427033 -0.00294315 -0.00426668 0.999987 -0.00362191 0.102503 0.425587
FixedParameters: 0 0 0

#Transform 87
Transform: AffineTransform_float_3_3
Parameters: 0.999996 -0.0012985 0.00248355 0.00129497 0.999998 0.00150283 -0.00248585 -0.00149917 0.999996 0.0172415 0.0754825 0.421124
FixedParameters: 0 0 0

#Transform 88
Transform: AffineTransform_float_3_3
Parameters: 0.999998 -0.00144007 0.00172061 0.0014438 0.999997 -0.00207258 -0.00171753 0.00207542 0.999997 0.00801019 0.0588822 0.361405
FixedParameters: 0 0 0

#Transform 89
Transform: AffineTransform_float_3_3
Parameters: 0.999998 -0.0012472 0.00139835 0.00124343 0.999994 0.00303069 -0.00140247 -0.00302931 0.999995 0.00310852 0.123989 0.539269
FixedParameters: 0 0 0

#Transform 90
Transform: AffineTransform_float_3_3
Parameters: 0.999996 -0.001704 0.00203098 0.00170698 0.999997 -0.0015718 -0.00202851 0.0015752 0.999997 0.0229082 0.0621354 0.362882
FixedParameters: 0 0 0

#Transform 91
Transform: AffineTransform_float_3_3
Parameters: 0.999997 -0.00137199 0.00166338 0.00137741 0.999994 -0.00316777 -0.00165901 0.00317023 0.999994 0.00655687 0.0623599 0.376112
FixedParameters: 0 0 0

#Transform 92
Transform: AffineTransform_float_3_3
Parameters: 0.999998 -0.00174906 0.00148334 0.00175686 0.999986 -0.00502182 -0.00147468 0.00502418 0.999987 0.0148478 0.0239572 0.332438
FixedParameters: 0 0 0

#Transform 93
Transform: AffineTransform_float_3_3
Parameters: 0.999997 -0.00196441 0.00161442 0.00197348 0.999983 -0.0055404 -0.001603 0.0055446 0.999983 0.0444531 0.0139884 0.270763
FixedParameters: 0 0 0

#Transform 94
Transform: AffineTransform_float_3_3
Parameters: 0.999997 -0.00180832 0.00134484 0.00181598 0.999982 -0.00563898 -0.00133427 0.00564101 0.999983 0.02023 0.0199582 0.331573
FixedParameters: 0 0 0

#Transform 95
Transform: AffineTransform_float_3_3
Parameters: 0.999998 -0.00212857 0.000869829 0.00213452 0.999979 -0.00608024 -0.000857182 0.00608176 0.999981 0.0687057 0.0280775 0.343042
FixedParameters: 0 0 0

#Transform 96
Transform: AffineTransform_float_3_3
Parameters: 0.999996 -0.00283687 0.00058844 0.00284001 0.999979 -0.00570609 -0.000571942 0.0057079 0.999983 0.0832766 0.0113372 0.24904
FixedParameters: 0 0 0

#Transform 97
Transform: AffineTransform_float_3_3
Parameters: 0.999996 -0.00255389 0.00124449 0.00256134 0.999977 -0.00622627 -0.00122881 0.00622972 0.999979 0.0303781 0.0151691 0.259745
FixedParameters: 0 0 0

#Transform 98
Transform: AffineTransform_float_3_3
Parameters: 0.999996 -0.00249268 0.00138636 0.00250051 0.999978 -0.00605284 -0.00137191 0.00605615 0.99998 0.0225583 0.0234909 0.260839
FixedParameters: 0 0 0

#Transform 99
Transform: AffineTransform_float_3_3
Parameters: 0.999996 -0.00249386 0.00138343 0.00250246 0.999976 -0.00635085 -0.00136748 0.00635415 0.999979 0.0481958 0.0101833 0.224527
FixedParameters: 0 0 0

#Transform 100
Transform: AffineTransform_float_3_3
Parameters: 0.999994 -0.00315844 0.00137567 0.00316586 0.999981 -0.00528384 -0.00135881 0.00528817 0.999985 0.0988076 0.0132589 0.213748
FixedParameters: 0 0 0

#Transform 101
Transform: AffineTransform_float_3_3
Parameters: 0.999991 -0.00405252 0.00167853 0.00405966 0.999982 -0.00447583 -0.0016606 0.00448218 0.999989 0.12338 0.0233343 0.321524
FixedParameters: 0 0 0

#Transform 102
Transform: AffineTransform_float_3_3
Parameters: 0.999994 -0.00265173 0.00223192 0.00266248 0.999984 -0.00493828 -0.00221936 0.00494373 0.999986 0.0538433 0.0250817 0.2943
FixedParameters: 0 0 0

#Transform 103
Transform: AffineTransform_float_3_3
Parameters: 0.999992 -0.00319643 0.00208241 0.00320905 0.999976 -0.00609543 -0.00206295 0.00610158 0.99998 0.0616102 0.0276707 0.257576
FixedParameters: 0 0 0

#Transform 104
Transform: AffineTransform_float_3_3
Parameters: 0.999993 -0.00351979 0.0017062 0.00353198 0.999966 -0.00748776 -0.00167929 0.00749325 0.999971 0.0674788 0.00315771 0.17954
FixedParameters: 0 0 0

#Transform 105
Transform: AffineTransform_float_3_3
Parameters: 0.999993 -0.00344268 0.00188396 0.00345695 0.999964 -0.00768276 -0.00185737 0.00768924 0.999969 0.0686789 0.0120433 0.175478
FixedParameters: 0 0 0

#Transform 106
Transform: AffineTransform_float_3_3
Parameters: 0.999995 -0.00308736 0.00128564 0.00309672 0.999967 -0.00750622 -0.00126222 0.00750978 0.999971 0.0767223 0.019669 0.213143
FixedParameters: 0 0 0

#Transform 107
Transform: AffineTransform_float_3_3
Parameters: 0.999994 -0.00330531 0.00094518 0.00331144 0.999973 -0.00661222 -0.000923764 0.00661478 0.999978 0.107462 0.0173844 0.249187
FixedParameters: 0 0 0

#Transform 108
Transform: AffineTransform_float_3_3
Parameters: 0.999994 -0.00325049 0.00126626 0.00325963 0.999968 -0.00732223 -0.0012429 0.00732678 0.999972 0.0918652 0.01888 0.195182
FixedParameters: 0 0 0

#Transform 109
Transform: AffineTransform_float_3_3
Parameters: 0.999994 -0.00341324 0.00133576 0.00342273 0.99997 -0.00707115 -0.00131173 0.00707586 0.999974 0.0741853 0.0191992 0.222434
FixedParameters: 0 0 0

#Transform 110
Transform: AffineTransform_float_3_3
Parameters: 0.999994 -0.00345735 0.00107087 0.00346592 0.999964 -0.00773365 -0.00104334 0.00773734 0.99997 0.114278 0.0169165 0.228451
FixedParameters: 0 0 0

#Transform 111
Transform: AffineTransform_float_3_3
Parameters: 0.999995 -0.00317324 -0.000228363 0.00317183 0.999972 -0.00668744 0.000249396 0.00668655 0.999977 0.0632839 0.026855 0.440131
FixedParameters: 0 0 0

#Transform 112
Transform: AffineTransform_float_3_3
Parameters: 0.99999 -0.00441088 0.000687738 0.0044136 0.999984 -0.003603 -0.000671301 0.003606 0.999993 0.133604 0.0828505 0.616818
FixedParameters: 0 0 0

#Transform 113
Transform: AffineTransform_float_3_3
Parameters: 0.999995 -0.00316764 -1.75264e-05 0.00316707 0.999958 -0.00866915 4.4212e-05 0.00866885 0.999962 0.0714206 -0.00482746 0.391297
FixedParameters: 0 0 0

#Transform 114
Transform: AffineTransform_float_3_3
Parameters: 0.999994 -0.003507 0.000400868 0.00351075 0.999947 -0.00967527 -0.00036725 0.00967573 0.999953 0.0796295 -0.0142421 0.250703
FixedParameters: 0 0 0

#Transform 115
Transform: AffineTransform_float_3_3
Parameters: 0.999993 -0.00385784 0.000358371 0.00386067 0.999949 -0.00936097 -0.000322628 0.00936203 0.999956 0.114666 -0.00691435 0.178049
FixedParameters: 0 0 0

#Transform 116
Transform: AffineTransform_float_3_3
Parameters: 0.999993 -0.00377598 0.00110869 0.0037875 0.999937 -0.0105336 -0.0010687 0.0105374 0.999945 0.0784752 -0.00251334 0.163328
FixedParameters: 0 0 0

#Transform 117
Transform: AffineTransform_float_3_3
Parameters: 0.999992 -0.00379912 0.000726206 0.00380675 0.999936 -0.0106009 -0.000685899 0.0106041 0.999944 0.0743427 -0.0118194 0.170912
FixedParameters: 0 0 0

#Transform 118
Transform: AffineTransform_float_3_3
Parameters: 0.999992 -0.00412447 0.000587411 0.00413116 0.99992 -0.0119782 -0.000537776 0.0119798 0.999928 0.096511 -0.0159753 0.114967
FixedParameters: 0 0 0

#Transform 119
Transform: AffineTransform_float_3_3
Parameters: 0.999989 -0.00462217 0.00072517 0.00463088 0.999906 -0.0129091 -0.000665873 0.0129119 0.999917 0.123437 -0.00887923 0.121238
FixedParameters: 0 0 0

#Transform 120
Transform: AffineTransform_float_3_3
Parameters: 0.999985 -0.00535925 0.00117404 0.00537227 0.99992 -0.0114487 -0.0011129 0.0114543 0.999934 0.192565 -0.020871 0.139727
FixedParameters: 0 0 0

#Transform 121
Transform: AffineTransform_float_3_3
Parameters: 0.99999 -0.00415359 0.0017904 0.00417056 0.999946 -0.00953259 -0.0017506 0.00953941 0.999953 0.089121 0.0094138 0.364486
FixedParameters: 0 0 0

#Transform 122
Transform: AffineTransform_float_3_3
Parameters: 0.99999 -0.00375909 0.00212203 0.00377939 0.999943 -0.009909 -0.00208493 0.00991699 0.999948 0.0874163 0.005989 0.276277
FixedParameters: 0 0 0

#Transform 123
Transform: AffineTransform_float_3_3
Parameters: 0.999991 -0.00336559 0.00259404 0.00338181 0.999977 -0.00601955 -0.00257314 0.00602845 0.999979 0.0826041 0.0622375 0.355361
FixedParameters: 0 0 0

#Transform 124
Transform: AffineTransform_float_3_3
Parameters: 0.999992 -0.00229512 0.00309923 0.00228341 0.99999 0.00389458 -0.0031082 -0.00388741 0.999987 0.0661914 0.145768 0.674098
FixedParameters: 0 0 0

#Transform 125
Transform: AffineTransform_float_3_3
Parameters: 0.999989 -0.00413607 0.00227171 0.00414149 0.999989 -0.00234312 -0.00226201 0.00235189 0.999995 0.119223 0.0494869 0.44519
FixedParameters: 0 0 0

#Transform 126
Transform: AffineTransform_float_3_3
Parameters: 0.99999 -0.00299689 0.00338115 0.00301161 0.999986 -0.00425195 -0.00336809 0.00426305 0.999985 0.125508 0.0507456 0.383806
FixedParameters: 0 0 0

#Transform 127
Transform: AffineTransform_float_3_3
Parameters: 0.999991 -0.00298588 0.00299145 0.00300088 0.999983 -0.00483315 -0.00297725 0.00484184 0.999984 0.107791 0.053568 0.355256
FixedParameters: 0 0 0

#Transform 128
Transform: AffineTransform_float_3_3
Parameters: 0.99999 -0.00354914 0.00278661 0.00356083 0.999984 -0.00442959 -0.00277022 0.0044394 0.999986 0.214036 0.0100713 0.180784
FixedParameters: 0 0 0

#Transform 129
Transform: AffineTransform_float_3_3
Parameters: 0.99999 -0.00420917 0.0015125 0.00422335 0.999947 -0.0093171 -0.00147374 0.00932391 0.999956 0.137562 0.0117505 0.222446
FixedParameters: 0 0 0

#Transform 130
Transform: AffineTransform_float_3_3
Parameters: 0.999988 -0.00460985 0.00158469 0.00462478 0.999942 -0.00976942 -0.00153888 0.0097766 0.999951 0.148086 0.0194981 0.206163
FixedParameters: 0 0 0

#Transform 131
Transform: AffineTransform_float_3_3
Parameters: 0.99999 -0.00395152 0.00210014 0.00396853 0.999959 -0.00811404 -0.00206781 0.00812196 0.999965 0.132613 0.0167455 0.196465
FixedParameters: 0 0 0

#Transform 132
Transform: AffineTransform_float_3_3
Parameters: 0.999996 -0.00131745 0.0022292 0.00129649 0.999954 0.00952766 -0.00224155 -0.00952534 0.999952 0.513946 -0.276933 -1.84252
FixedParameters: 0 0 0

#Transform 133
Transform: AffineTransform_float_3_3
Parameters: 0.999996 -0.00290216 0.000882521 0.00289677 0.999981 0.00550278 -0.000898918 -0.00550121 0.999985 0.334035 -0.315737 -1.10033
FixedParameters: 0 0 0

#Transform 134
Transform: AffineTransform_float_3_3
Parameters: 0.999995 -0.003373 -0.00029526 0.00337116 0.999964 -0.00780273 0.000321627 0.00780127 0.99997 0.181007 0.0214133 0.0857292
FixedParameters: 0 0 0

#Transform 135
Transform: AffineTransform_float_3_3
Parameters: 0.999994 -0.00351366 0.000156286 0.00351484 0.999927 -0.0115449 -0.000115588 0.0115451 0.999933 0.131756 -0.0350261 0.00730295
FixedParameters: 0 0 0

#Transform 136
Transform: AffineTransform_float_3_3
Parameters: 0.999993 -0.0035945 -0.000165462 0.00359221 0.99992 -0.0121209 0.000209249 0.0121201 0.999927 0.127197 -0.0276326 -0.0771265
FixedParameters: 0 0 0

#Transform 137
Transform: AffineTransform_float_3_3
Parameters: 0.999996 -0.00305224 -3.6312e-05 0.00305104 0.999898 -0.0139829 7.91165e-05 0.0139831 0.999902 0.109279 -0.0270536 -0.142622
FixedParameters: 0 0 0

#Transform 138
Transform: AffineTransform_float_3_3
Parameters: 0.999993 -0.0033959 0.00154104 0.00341749 0.999895 -0.0141172 -0.00149231 0.0141218 0.9999 0.123237 -0.0134762 -0.102867
FixedParameters: 0 0 0

#Transform 139
Transform: AffineTransform_float_3_3
Parameters: 0.999992 -0.00397458 0.00114971 0.00399157 0.99988 -0.0149377 -0.00108996 0.0149423 0.999888 0.152687 -0.0154095 -0.0450589
FixedParameters: 0 0 0

#Transform 140
Transform: AffineTransform_float_3_3
Parameters: 0.999995 -0.00320349 7.58626e-05 0.00320441 0.99989 -0.0145209 -3.03436e-05 0.0145211 0.999894 0.00315484 -0.0195777 -0.0569139
FixedParameters: 0 0 0

#Transform 141
Transform: AffineTransform_float_3_3
Parameters: 0.999998 -0.00233403 -1.88188e-05 0.00233368 0.9999 -0.0139121 5.19853e-05 0.0139119 0.999903 -0.0585411 -0.0257029 -0.0515413
FixedParameters: 0 0 0

#Transform 142
Transform: AffineTransform_float_3_3
Parameters: 0.999997 -0.002437 -0.000548769 0.00242688 0.999866 -0.0161842 0.000588125 0.0161828 0.999869 -0.0712699 -0.0399944 -0.104002
FixedParameters: 0 0 0

#Transform 143
Transform: AffineTransform_float_3_3
Parameters: 0.999996 -0.00275908 -0.000542617 0.00275112 0.999885 -0.0148795 0.000583934 0.0148785 0.999889 0.0621437 -0.0938247 -0.484107
FixedParameters: 0 0 0

#Transform 144
Transform: AffineTransform_float_3_3
Parameters: 0.999986 -0.00529307 0.000265822 0.0052945 0.999961 -0.00714718 -0.000228358 0.00714883 0.999974 0.28392 -0.0970581 -0.464162
FixedParameters: 0 0 0

#Transform 145
Transform: AffineTransform_float_3_3
Parameters: 0.999985 -0.00456828 0.00309018 0.00457514 0.999987 -0.00231217 -0.00307885 0.00232683 0.999992 0.162964 0.055116 0.305313
FixedParameters: 0 0 0

#Transform 146
Transform: AffineTransform_float_3_3
Parameters: 0.999988 -0.00403212 0.0027997 0.00406265 0.999934 -0.0107329 -0.00275581 0.010744 0.999938 0.120887 -0.00277418 0.225762
FixedParameters: 0 0 0

#Transform 147
Transform: AffineTransform_float_3_3
Parameters: 0.999985 -0.00532454 0.0013428 0.00533935 0.999921 -0.0113576 -0.00128262 0.0113644 0.999935 0.209602 -0.0376321 -0.219388
FixedParameters: 0 0 0

#Transform 148
Transform: AffineTransform_float_3_3
Parameters: 0.999981 -0.00548614 0.00285395 0.00552339 0.999898 -0.0132 -0.00278075 0.013216 0.999908 0.149481 -0.0469126 -0.20065
FixedParameters: 0 0 0

#Transform 149
Transform: AffineTransform_float_3_3
Parameters: 0.999978 -0.00562738 0.00367573 0.0056839 0.999861 -0.0156459 -0.00358732 0.015667 0.99987 0.159146 -0.0701157 -0.323491
FixedParameters: 0 0 0

#Transform 150
Transform: AffineTransform_float_3_3
Parameters: 0.999978 -0.00554061 0.00349179 0.00559463 0.999865 -0.0154891 -0.00340538 0.0155089 0.999874 0.163147 -0.071211 -0.297014
FixedParameters: 0 0 0

#Transform 151
Transform: AffineTransform_float_3_3
Parameters: 0.999976 -0.00591671 0.00340921 0.00597071 0.99985 -0.0162532 -0.00331296 0.0162738 0.999862 0.148084 -0.0506225 -0.270205
FixedParameters: 0 0 0

#Transform 152
Transform: AffineTransform_float_3_3
Parameters: 0.999977 -0.00584954 0.00362573 0.00591002 0.99984 -0.0168618 -0.0035256 0.0168832 0.999851 0.139973 -0.0426545 -0.234406
FixedParameters: 0 0 0

#Transform 153
Transform: AffineTransform_float_3_3
Parameters: 0.999983 -0.00511536 0.00285677 0.00516315 0.999837 -0.0173052 -0.00276748 0.0173198 0.999846 0.111444 -0.0561757 -0.206221
FixedParameters: 0 0 0

#Transform 154
Transform: AffineTransform_float_3_3
Parameters: 0.999982 -0.00503734 0.00304506 0.00509146 0.999819 -0.0182888 -0.00295236 0.0183042 0.999828 0.112181 -0.0496382 -0.200128
FixedParameters: 0 0 0

#Transform 155
Transform: AffineTransform_float_3_3
Parameters: 0.999985 -0.00488534 0.0027112 0.00492242 0.999889 -0.0139867 -0.00264262 0.0139993 0.999899 0.106979 -0.0155177 -0.0517515
FixedParameters: 0 0 0

#Transform 156
Transform: AffineTransform_float_3_3
Parameters: 0.999984 -0.0049269 0.00257436 0.00496393 0.999882 -0.0145344 -0.00250183 0.0145466 0.999891 0.120931 -0.000348448 -0.1224
FixedParameters: 0 0 0

#Transform 157
Transform: AffineTransform_float_3_3
Parameters: 0.999984 -0.00473118 0.00291392 0.00477258 0.999886 -0.0142957 -0.0028464 0.0143103 0.999894 0.142869 -0.0112925 -0.0805477
FixedParameters: 0 0 0

#Transform 158
Transform: AffineTransform_float_3_3
Parameters: 0.999984 -0.00519723 0.00244531 0.00523056 0.999893 -0.013614 -0.00237429 0.013627 0.999904 0.143123 0.00368169 -0.0132513
FixedParameters: 0 0 0

#Transform 159
Transform: AffineTransform_float_3_3
Parameters: 0.999984 -0.00515813 0.00221415 0.00518796 0.999891 -0.0138345 -0.00214275 0.0138455 0.999902 0.150055 -0.00191987 0.0549207
FixedParameters: 0 0 0

#Transform 160
Transform: AffineTransform_float_3_3
Parameters: 0.999987 -0.00503208 0.00105509 0.0050469 0.99989 -0.0138969 -0.000985282 0.0139021 0.999903 0.159417 0.014573 0.132395
FixedParameters: 0 0 0

#Transform 161
Transform: AffineTransform_float_3_3
Parameters: 0.999989 -0.00471874 0.000467655 0.00472589 0.999869 -0.0154383 -0.000395247 0.0154407 0.99988 0.125146 -0.00769277 0.0787319
FixedParameters: 0 0 0

#Transform 162
Transform: AffineTransform_float_3_3
Parameters: 0.999985 -0.00534108 0.000680254 0.00535175 0.999866 -0.0155171 -0.000597319 0.0155209 0.99988 0.160807 -0.0204658 0.059589
FixedParameters: 0 0 0

#Transform 163
Transform: AffineTransform_float_3_3
Parameters: 0.999988 -0.00473056 0.000367138 0.00473463 0.999868 -0.0155067 -0.000293769 0.0155082 0.999879 0.164133 -0.0316439 -0.0197872
FixedParameters: 0 0 0

#Transform 164
Transform: AffineTransform_float_3_3
Parameters: 0.999988 -0.00485152 -7.40281e-05 0.00485075 0.999943 -0.00953472 0.000120452 0.00953427 0.999954 0.193943 0.0417925 0.243588
FixedParameters: 0 0 0

#Transform 165
Transform: AffineTransform_float_3_3
Parameters: 0.99999 -0.00440114 0.000364213 0.00440423 0.999956 -0.00826027 -0.000328376 0.00826173 0.999966 0.1768 0.0585169 0.27676
FixedParameters: 0 0 0

#Transform 166
Transform: AffineTransform_float_3_3
Parameters: 0.999987 -0.00510626 0.00111739 0.0051174 0.999937 -0.0100095 -0.00106587 0.0100155 0.99995 0.149137 0.0153558 0.13142
FixedParameters: 0 0 0

#Transform 167
Transform: AffineTransform_float_3_3
Parameters: 0.999986 -0.00505381 0.00167152 0.00507191 0.999926 -0.0111152 -0.00161519 0.0111238 0.999937 0.14703 0.0311761 0.125865
FixedParameters: 0 0 0

#Transform 168
Transform: AffineTransform_float_3_3
Parameters: 0.999988 -0.00445042 0.00233681 0.00447663 0.999927 -0.0111917 -0.00228683 0.0112023 0.999935 0.14809 0.0256652 0.149924
FixedParameters: 0 0 0

#Transform 169
Transform: AffineTransform_float_3_3
Parameters: 0.999985 -0.0052626 0.00191961 0.00528746 0.9999 -0.0131811 -0.00184925 0.0131909 0.999911 0.16708 -0.00320899 0.0611657
FixedParameters: 0 0 0

#Transform 170
Transform: AffineTransform_float_3_3
Parameters: 0.999974 -0.00492752 0.00524908 0.00507651 0.99957 -0.0288708 -0.00510384 0.0288972 0.999569 0.0837635 -0.200171 -0.350717
FixedParameters: 0 0 0

#Transform 171
Transform: AffineTransform_float_3_3
Parameters: 0.999964 -0.00694789 0.00499943 0.00725444 0.997909 -0.0642222 -0.00454349 0.0642559 0.997923 0.16233 -0.363828 -1.80849
FixedParameters: 0 0 0

#Transform 172
Transform: AffineTransform_float_3_3
Parameters: 0.999973 -0.00706027 0.00228717 0.00713939 0.999312 -0.0363953 -0.00202811 0.0364107 0.999335 0.126676 -0.0961654 -0.3967
FixedParameters: 0 0 0

#Transform 173
Transform: AffineTransform_float_3_3
Parameters: 0.99998 -0.00626607 0.00109627 0.00629289 0.999646 -0.0258595 -0.000934317 0.0258656 0.999665 0.131222 -0.066691 -0.0607615
FixedParameters: 0 0 0

#Transform 174
Transform: AffineTransform_float_3_3
Parameters: 0.999978 -0.00656017 0.00105482 0.00658549 0.999622 -0.0267021 -0.000878293 0.0267088 0.999643 0.154855 -0.0779077 -0.131105
FixedParameters: 0 0 0

#Transform 175
Transform: AffineTransform_float_3_3
Parameters: 0.999975 -0.00701432 0.00101823 0.00704085 0.999578 -0.0281944 -0.000819662 0.0282006 0.999602 0.161714 -0.0759996 -0.164152
FixedParameters: 0 0 0

#Transform 176
Transform: AffineTransform_float_3_3
Parameters: 0.999975 -0.0071311 0.000747237 0.00714734 0.999655 -0.0252531 -0.000567303 0.0252578 0.99968 0.164478 -0.0840779 -0.0118273
FixedParameters: 0 0 0

#Transform 177
Transform: AffineTransform_float_3_3
Parameters: 0.999978 -0.00656156 -0.000808436 0.00653908 0.999662 -0.0251717 0.000973371 0.0251653 0.999682 0.16297 -0.049094 0.0393553
FixedParameters: 0 0 0

#Transform 178
Transform: AffineTransform_float_3_3
Parameters: 0.999976 -0.00693927 -0.000266291 0.00692939 0.99959 -0.0277918 0.000458408 0.0277892 0.999614 0.172735 -0.0808716 -0.106741
FixedParameters: 0 0 0

#Transform 179
Transform: AffineTransform_float_3_3
Parameters: 0.999974 -0.00720598 4.81049e-05 0.00720455 0.999536 -0.0295988 0.000165814 0.0295982 0.999562 0.167078 -0.137457 -0.234153
FixedParameters: 0 0 0
