# transform file /out/sourcedata/freesurfer/sub-v1s10x0051073_ses-1/mri/transforms/cc_up.lta
# created by oesteban on Thu Mar 12 07:39:29 2026

type      = 0 # LINEAR_VOX_TO_VOX
nxforms   = 1
mean      = 130.0000 138.0000 121.0000
sigma     = 10000.0000
1 4 4
9.923595190048218e-01 -2.287042140960693e-02 1.212416440248489e-01 -1.075392627716064e+01 
2.270161919295788e-02 9.997384548187256e-01 2.773572923615575e-03 3.794153928756714e+00 
-1.212733685970306e-01 2.328306436538696e-10 9.926192164421082e-01 2.843235588073730e+01 
0.000000000000000e+00 0.000000000000000e+00 0.000000000000000e+00 1.000000000000000e+00 
src volume info
valid = 1  # volume info valid
filename = /out/sourcedata/freesurfer/sub-v1s10x0051073_ses-1/mri/norm.mgz
volume = 256 256 256
voxelsize = 1.000000000000000e+00 1.000000000000000e+00 1.000000000000000e+00
xras   = -1.000000000000000e+00 0.000000000000000e+00 0.000000000000000e+00
yras   = 0.000000000000000e+00 0.000000000000000e+00 -1.000000000000000e+00
zras   = 0.000000000000000e+00 1.000000000000000e+00 0.000000000000000e+00
cras   = -5.776977539062500e-02 -4.457855224609375e-01 -1.707229614257812e+01
dst volume info
valid = 1  # volume info valid
filename = /out/sourcedata/freesurfer/sub-v1s10x0051073_ses-1/mri/norm.mgz
volume = 256 256 256
voxelsize = 1.000000000000000e+00 1.000000000000000e+00 1.000000000000000e+00
xras   = -1.000000000000000e+00 0.000000000000000e+00 0.000000000000000e+00
yras   = 0.000000000000000e+00 0.000000000000000e+00 -1.000000000000000e+00
zras   = 0.000000000000000e+00 1.000000000000000e+00 0.000000000000000e+00
cras   = -5.776977539062500e-02 -4.457855224609375e-01 -1.707229614257812e+01
