#Insight Transform File V1.0
#Transform 0
Transform: AffineTransform_float_3_3
Parameters: 0.999998 -0.00159501 -0.000228124 0.00159495 0.999998 -0.00129788 0.000230952 0.00129712 0.999999 0.13144 0.191529 0.716279
FixedParameters: 0 0 0

#Transform 1
Transform: AffineTransform_float_3_3
Parameters: 0.999999 0.000811709 6.11032e-05 -0.000811608 1 -0.000821409 -6.2436e-05 0.00082059 0.999999 -0.00952934 0.00745494 -0.231756
FixedParameters: 0 0 0

#Transform 2
Transform: AffineTransform_float_3_3
Parameters: 0.999999 0.000847952 0.00014763 -0.00084804 0.999999 0.000298875 -0.000147123 -0.000299125 1 -0.00802879 0.0918714 -0.212684
FixedParameters: 0 0 0

#Transform 3
Transform: AffineTransform_float_3_3
Parameters: 0.999999 0.000808911 5.54947e-05 -0.000808934 0.999999 0.000207955 -5.51582e-05 -0.000208045 1 0.000557099 0.0889842 -0.205284
FixedParameters: 0 0 0

#Transform 4
Transform: AffineTransform_float_3_3
Parameters: 0.999999 0.000815937 7.21085e-05 -0.000815975 0.999999 0.000260941 -7.16826e-05 -0.000261059 1 0.00639329 0.0877817 -0.266066
FixedParameters: 0 0 0

#Transform 5
Transform: AffineTransform_float_3_3
Parameters: 1 0.00107286 0.000283733 -0.00107349 1 0.000429336 -0.00028373 -0.000430665 1 -0.0255514 0.0785517 -0.241824
FixedParameters: 0 0 0

#Transform 6
Transform: AffineTransform_float_3_3
Parameters: 1 0.00104676 7.83201e-05 -0.00104678 0.999999 0.000104766 -7.81014e-05 -0.000104235 1 -0.00607784 0.0701716 -0.340458
FixedParameters: 0 0 0

#Transform 7
Transform: AffineTransform_float_3_3
Parameters: 0.999999 0.00119195 0.000326973 -0.00119151 0.999999 0.000734459 -0.000325613 -0.000734542 1 -0.0366816 0.0648147 -0.27387
FixedParameters: 0 0 0

#Transform 8
Transform: AffineTransform_float_3_3
Parameters: 1 0.00116786 0.000220211 -0.00116788 0.999999 2.6743e-05 -0.000220148 -2.72573e-05 1 -0.00672795 0.08695 -0.299515
FixedParameters: 0 0 0

#Transform 9
Transform: AffineTransform_float_3_3
Parameters: 0.999999 0.000918493 0.000314644 -0.000918942 0.999999 0.000713711 -0.000313332 -0.000714288 0.999999 -0.020603 0.0949128 -0.316916
FixedParameters: 0 0 0

#Transform 10
Transform: AffineTransform_float_3_3
Parameters: 0.999999 0.00124102 0.000160334 -0.00124155 0.999999 0.000455289 -0.000160124 -0.000455712 1 -0.0195708 0.103314 -0.303474
FixedParameters: 0 0 0

#Transform 11
Transform: AffineTransform_float_3_3
Parameters: 1 0.0010925 0.00017839 -0.00109253 0.999999 8.78053e-05 -0.000178198 -8.81949e-05 1 -0.0206961 0.0829152 -0.352787
FixedParameters: 0 0 0

#Transform 12
Transform: AffineTransform_float_3_3
Parameters: 1 0.000954038 0.000398324 -0.000954904 0.999999 0.000597467 -0.000398104 -0.000597532 0.999999 -0.0253733 0.0840211 -0.292249
FixedParameters: 0 0 0

#Transform 13
Transform: AffineTransform_float_3_3
Parameters: 1 0.00112924 0.000276529 -0.00112878 0.999999 0.000831689 -0.000275041 -0.000832312 1 -0.0275314 0.0820512 -0.262169
FixedParameters: 0 0 0

#Transform 14
Transform: AffineTransform_float_3_3
Parameters: 0.999999 0.000871709 0.000204045 -0.000871951 0.999999 0.000593822 -0.00020301 -0.000594177 1 -0.00564893 0.0870336 -0.304113
FixedParameters: 0 0 0

#Transform 15
Transform: AffineTransform_float_3_3
Parameters: 0.999999 0.00112614 0.000523386 -0.00112662 0.999999 0.000958259 -0.000522538 -0.000958742 0.999999 -0.027086 0.0915967 -0.287392
FixedParameters: 0 0 0

#Transform 16
Transform: AffineTransform_float_3_3
Parameters: 1 0.00103778 0.000596532 -0.00103786 1 0.000837229 -0.000595185 -0.000837772 1 -0.0403693 0.0875345 -0.267794
FixedParameters: 0 0 0

#Transform 17
Transform: AffineTransform_float_3_3
Parameters: 1 0.000954428 0.000399243 -0.000954903 0.999999 0.000594619 -0.000398107 -0.00059538 0.999999 -0.00658742 0.104984 -0.282787
FixedParameters: 0 0 0

#Transform 18
Transform: AffineTransform_float_3_3
Parameters: 0.999999 0.000911847 0.000299035 -0.000912694 0.999999 0.000762727 -0.000298564 -0.000763272 0.999999 -0.0162527 0.0989682 -0.279338
FixedParameters: 0 0 0

#Transform 19
Transform: AffineTransform_float_3_3
Parameters: 1 0.000934163 0.000351301 -0.000934533 0.999999 0.000527519 -0.000350316 -0.00052748 0.999999 -0.0253653 0.102377 -0.278556
FixedParameters: 0 0 0

#Transform 20
Transform: AffineTransform_float_3_3
Parameters: 1 0.00107643 0.000239365 -0.0010764 0.999999 0.00103874 -0.000238439 -0.00103926 1 -0.0322269 0.115445 -0.240908
FixedParameters: 0 0 0

#Transform 21
Transform: AffineTransform_float_3_3
Parameters: 0.999999 0.000837787 0.000123784 -0.000837887 0.999999 0.000405744 -0.000123104 -0.000405256 0.999999 -0.0126773 0.122291 -0.2609
FixedParameters: 0 0 0

#Transform 22
Transform: AffineTransform_float_3_3
Parameters: 0.999999 0.000815903 7.25013e-05 -0.000816401 1 0.000742429 -7.22098e-05 -0.000742572 0.999999 -0.0118905 0.0918308 -0.294559
FixedParameters: 0 0 0

#Transform 23
Transform: AffineTransform_float_3_3
Parameters: 0.999999 0.000882258 0.00022885 -0.000882892 0.999999 0.000530798 -0.000228833 -0.000531202 1 -0.0161773 0.114569 -0.280364
FixedParameters: 0 0 0

#Transform 24
Transform: AffineTransform_float_3_3
Parameters: 0.999999 0.000907241 0.000287753 -0.000907532 0.999999 0.000506739 -0.000286833 -0.00050726 1 -0.0204063 0.107226 -0.260095
FixedParameters: 0 0 0

#Transform 25
Transform: AffineTransform_float_3_3
Parameters: 0.999999 0.000849412 0.000151885 -0.000850097 0.999999 0.000971872 -0.000151153 -0.00097213 1 -0.00453438 0.103004 -0.284208
FixedParameters: 0 0 0

#Transform 26
Transform: AffineTransform_float_3_3
Parameters: 0.999999 0.000727193 0.000376323 -0.000727055 0.999999 0.00104173 -0.000375199 -0.00104227 1 -0.00196667 0.126524 -0.272581
FixedParameters: 0 0 0

#Transform 27
Transform: AffineTransform_float_3_3
Parameters: 1 0.000925334 0.000331725 -0.00092564 0.999999 0.00126069 -0.000330702 -0.00126131 0.999999 -0.0279648 0.114019 -0.237063
FixedParameters: 0 0 0

#Transform 28
Transform: AffineTransform_float_3_3
Parameters: 1 0.000535535 0.000448564 -0.000535975 0.999999 0.00048976 -0.000448039 -0.00049024 1 -0.00132763 0.107014 -0.275357
FixedParameters: 0 0 0

#Transform 29
Transform: AffineTransform_float_3_3
Parameters: 1 0.000541298 0.000234465 -0.000541676 0.999999 0.000807873 -0.00023359 -0.000808126 0.999999 -0.00410937 0.103106 -0.277063
FixedParameters: 0 0 0

#Transform 30
Transform: AffineTransform_float_3_3
Parameters: 1 0.000914578 0.000324203 -0.000913993 0.999999 -0.000301296 -0.000323833 0.000300704 1 -0.0263454 0.094817 -0.303386
FixedParameters: 0 0 0

#Transform 31
Transform: AffineTransform_float_3_3
Parameters: 1 0.000494108 0.000351051 -0.000494567 1 0.000653674 -0.000350405 -0.000653326 0.999999 0.00297765 0.0847689 -0.292108
FixedParameters: 0 0 0

#Transform 32
Transform: AffineTransform_float_3_3
Parameters: 0.999999 0.0008377 0.00116833 -0.000840981 0.999997 0.00242023 -0.00116636 -0.00242077 0.999996 -0.0302182 0.0902781 -0.152922
FixedParameters: 0 0 0

#Transform 33
Transform: AffineTransform_float_3_3
Parameters: 0.999999 0.000544809 0.000473509 -0.000546489 0.999997 0.00233674 -0.00047227 -0.00233726 0.999997 0.0016844 0.11424 -0.280783
FixedParameters: 0 0 0

#Transform 34
Transform: AffineTransform_float_3_3
Parameters: 0.999999 0.000631547 0.000678905 -0.000633097 0.999998 0.00221057 -0.000677811 -0.00221143 0.999998 -0.0217108 0.120738 -0.226274
FixedParameters: 0 0 0

#Transform 35
Transform: AffineTransform_float_3_3
Parameters: 0.999999 0.000631748 0.000678719 -0.000633817 0.999998 0.00191642 -0.000677604 -0.00191658 0.999998 -0.0011526 0.116405 -0.286883
FixedParameters: 0 0 0

#Transform 36
Transform: AffineTransform_float_3_3
Parameters: 1 0.000747626 0.000629946 -0.000748986 0.999997 0.00223253 -0.000628306 -0.00223347 0.999998 -0.00237089 0.120363 -0.270838
FixedParameters: 0 0 0

#Transform 37
Transform: AffineTransform_float_3_3
Parameters: 0.999999 0.000631946 0.000678534 -0.000633619 0.999998 0.00162378 -0.000677791 -0.00162322 0.999998 0.00546726 0.125302 -0.25998
FixedParameters: 0 0 0

#Transform 38
Transform: AffineTransform_float_3_3
Parameters: 0.999999 0.000641059 0.000700849 -0.000642867 0.999998 0.00194855 -0.000698738 -0.00194945 0.999998 -0.00536153 0.110233 -0.268526
FixedParameters: 0 0 0

#Transform 39
Transform: AffineTransform_float_3_3
Parameters: 1 0.00088652 0.000579165 -0.000888424 0.999996 0.00256269 -0.000577239 -0.00256231 0.999997 -0.0114989 0.138819 -0.2135
FixedParameters: 0 0 0

#Transform 40
Transform: AffineTransform_float_3_3
Parameters: 1 0.000560058 0.000342217 -0.000561037 0.999997 0.00220917 -0.000341052 -0.00220883 0.999998 0.00240521 0.120211 -0.288836
FixedParameters: 0 0 0

#Transform 41
Transform: AffineTransform_float_3_3
Parameters: 0.999999 0.000644859 0.000710144 -0.000647274 0.999997 0.0020749 -0.000708774 -0.0020751 0.999998 -0.0112446 0.124206 -0.273513
FixedParameters: 0 0 0

#Transform 42
Transform: AffineTransform_float_3_3
Parameters: 0.999999 0.000668062 0.000510373 -0.000668655 0.999998 0.00200366 -0.000509396 -0.00200434 0.999998 -0.00642446 0.125442 -0.248779
FixedParameters: 0 0 0

#Transform 43
Transform: AffineTransform_float_3_3
Parameters: 0.999999 0.000580682 0.000558151 -0.000582118 0.999997 0.00211504 -0.000556082 -0.00211496 0.999998 -0.00447265 0.131533 -0.262485
FixedParameters: 0 0 0

#Transform 44
Transform: AffineTransform_float_3_3
Parameters: 0.999999 0.000560675 0.000510011 -0.000561883 0.999998 0.00170492 -0.000509409 -0.00170408 0.999998 -0.00899144 0.109614 -0.290133
FixedParameters: 0 0 0

#Transform 45
Transform: AffineTransform_float_3_3
Parameters: 1 0.000707935 0.000859327 -0.000709877 0.999998 0.00197475 -0.000858229 -0.00197525 0.999998 -0.00705467 0.13564 -0.234724
FixedParameters: 0 0 0

#Transform 46
Transform: AffineTransform_float_3_3
Parameters: 0.999999 0.00054439 0.000471252 -0.000545346 0.999998 0.00157674 -0.000470845 -0.00157726 0.999998 -0.00377675 0.136104 -0.265469
FixedParameters: 0 0 0

#Transform 47
Transform: AffineTransform_float_3_3
Parameters: 0.999999 0.000557707 0.00050248 -0.000558598 0.999999 0.00141372 -0.000502212 -0.00141428 0.999999 -0.00827314 0.119923 -0.275053
FixedParameters: 0 0 0

#Transform 48
Transform: AffineTransform_float_3_3
Parameters: 0.999999 0.00056334 0.000516523 -0.000564687 0.999998 0.00181771 -0.000515784 -0.00181829 0.999998 -0.0169396 0.129972 -0.263974
FixedParameters: 0 0 0

#Transform 49
Transform: AffineTransform_float_3_3
Parameters: 1 0.000447613 0.000241609 -0.000448067 0.999999 0.000939891 -0.000240767 -0.000940107 0.999999 -0.00176594 0.0771259 -0.314308
FixedParameters: 0 0 0

#Transform 50
Transform: AffineTransform_float_3_3
Parameters: 0.999999 0.000637685 0.000692443 -0.000639209 0.999999 0.00176741 -0.000690576 -0.00176759 0.999998 -0.0222276 0.0849925 -0.299747
FixedParameters: 0 0 0

#Transform 51
Transform: AffineTransform_float_3_3
Parameters: 1 0.000729755 0.000767734 -0.000731763 0.999998 0.00225429 -0.000766141 -0.00225471 0.999997 -0.0379117 0.0826985 -0.269329
FixedParameters: 0 0 0

#Transform 52
Transform: AffineTransform_float_3_3
Parameters: 0.999999 0.00060285 0.000609353 -0.000604105 0.999998 0.00146463 -0.000608896 -0.00146537 0.999998 -0.0291661 0.0600371 -0.322104
FixedParameters: 0 0 0

#Transform 53
Transform: AffineTransform_float_3_3
Parameters: 1 0.000633821 0.00083189 -0.000635014 0.999998 0.00158883 -0.000831576 -0.00158917 0.999999 -0.0342233 0.0660412 -0.321749
FixedParameters: 0 0 0

#Transform 54
Transform: AffineTransform_float_3_3
Parameters: 1 0.000738104 0.000931317 -0.000740269 0.999997 0.00215352 -0.000928915 -0.00215348 0.999997 -0.0432005 0.0745611 -0.275919
FixedParameters: 0 0 0

#Transform 55
Transform: AffineTransform_float_3_3
Parameters: 0.999999 0.000535949 0.000602939 -0.000536987 0.999998 0.00162604 -0.000601585 -0.00162596 0.999999 -0.019508 0.0848018 -0.304423
FixedParameters: 0 0 0

#Transform 56
Transform: AffineTransform_float_3_3
Parameters: 1 0.000627624 0.00078132 -0.000629221 0.999998 0.00161287 -0.000779684 -0.00161313 0.999999 -0.0239965 0.095305 -0.340824
FixedParameters: 0 0 0

#Transform 57
Transform: AffineTransform_float_3_3
Parameters: 1 0.000715686 0.000819246 -0.000717899 0.999997 0.00223741 -0.00081774 -0.00223859 0.999997 -0.0326697 0.102415 -0.278731
FixedParameters: 0 0 0

#Transform 58
Transform: AffineTransform_float_3_3
Parameters: 0.999999 0.000391415 0.000700958 -0.000393279 0.999998 0.00198772 -0.000699788 -0.00198827 0.999998 -0.0304237 0.0833726 -0.283498
FixedParameters: 0 0 0

#Transform 59
Transform: AffineTransform_float_3_3
Parameters: 0.999999 0.000704123 0.000631945 -0.000706204 0.999997 0.00206792 -0.00063034 -0.00206809 0.999998 -0.0282069 0.101863 -0.299236
FixedParameters: 0 0 0

#Transform 60
Transform: AffineTransform_float_3_3
Parameters: 0.999999 0.000430131 0.000744342 -0.000431602 0.999998 0.00222568 -0.000743205 -0.00222632 0.999997 -0.0295353 0.100953 -0.29046
FixedParameters: 0 0 0

#Transform 61
Transform: AffineTransform_float_3_3
Parameters: 0.999999 0.000444259 0.000582067 -0.000445252 0.999997 0.00209874 -0.000581902 -0.00209926 0.999997 -0.034747 0.0858622 -0.28418
FixedParameters: 0 0 0

#Transform 62
Transform: AffineTransform_float_3_3
Parameters: 0.999999 0.000604911 0.000610449 -0.000605977 0.999999 0.00087399 -0.00060939 -0.000874009 1 -0.0259799 0.0951704 -0.323447
FixedParameters: 0 0 0

#Transform 63
Transform: AffineTransform_float_3_3
Parameters: 1 6.04579e-05 0.000405411 -6.06866e-05 0.999998 0.00190098 -0.000404651 -0.00190103 0.999998 -0.013615 0.0819564 -0.307586
FixedParameters: 0 0 0

#Transform 64
Transform: AffineTransform_float_3_3
Parameters: 1 0.000354352 0.00110298 -0.000356912 0.999997 0.00241297 -0.00110243 -0.00241303 0.999997 -0.0267222 0.10683 -0.260067
FixedParameters: 0 0 0

#Transform 65
Transform: AffineTransform_float_3_3
Parameters: 1 0.000237431 0.000330659 -0.00023758 0.999998 0.00161792 -0.000330281 -0.00161808 0.999998 -0.0266938 0.0784201 -0.297452
FixedParameters: 0 0 0

#Transform 66
Transform: AffineTransform_float_3_3
Parameters: 0.999999 0.000308253 0.000676365 -0.000310112 0.999998 0.00205579 -0.000675484 -0.00205621 0.999997 -0.0228229 0.088108 -0.300252
FixedParameters: 0 0 0

#Transform 67
Transform: AffineTransform_float_3_3
Parameters: 0.999999 0.000287393 0.000755719 -0.000288799 0.999997 0.00214914 -0.000755262 -0.00214886 0.999998 -0.0260175 0.103448 -0.28998
FixedParameters: 0 0 0

#Transform 68
Transform: AffineTransform_float_3_3
Parameters: 0.999999 0.000396309 0.000759706 -0.000398088 0.999997 0.0023837 -0.000758594 -0.0023843 0.999997 -0.0330014 0.0904488 -0.249006
FixedParameters: 0 0 0

#Transform 69
Transform: AffineTransform_float_3_3
Parameters: 0.999999 0.0004564 0.00060844 -0.000457223 0.999997 0.00219108 -0.000607219 -0.00219092 0.999998 -0.0281991 0.0879365 -0.271305
FixedParameters: 0 0 0

#Transform 70
Transform: AffineTransform_float_3_3
Parameters: 0.999999 0.000285132 0.000778385 -0.000286437 0.999998 0.00202078 -0.000778011 -0.00202122 0.999997 -0.0244366 0.0755379 -0.289761
FixedParameters: 0 0 0

#Transform 71
Transform: AffineTransform_float_3_3
Parameters: 0.999999 0.000288799 0.000853903 -0.000291307 0.999998 0.00200775 -0.000853129 -0.00200825 0.999997 -0.0420312 0.0784281 -0.24921
FixedParameters: 0 0 0

#Transform 72
Transform: AffineTransform_float_3_3
Parameters: 0.999999 0.000314207 0.000693394 -0.000315465 0.999997 0.00223614 -0.000692767 -0.00223586 0.999997 -0.0426557 0.0677324 -0.258097
FixedParameters: 0 0 0

#Transform 73
Transform: AffineTransform_float_3_3
Parameters: 0.999999 0.000260001 0.000896442 -0.000261903 0.999998 0.00208813 -0.000896134 -0.00208787 0.999998 -0.0313227 0.0712191 -0.285358
FixedParameters: 0 0 0

#Transform 74
Transform: AffineTransform_float_3_3
Parameters: 0.999999 0.000301444 0.000858331 -0.000303186 0.999998 0.0020881 -0.00085785 -0.0020879 0.999998 -0.0365888 0.0724886 -0.263035
FixedParameters: 0 0 0

#Transform 75
Transform: AffineTransform_float_3_3
Parameters: 0.999999 0.000184788 0.000715456 -0.000186711 0.999998 0.00198787 -0.000715109 -0.00198813 0.999998 -0.0243624 0.065165 -0.320544
FixedParameters: 0 0 0

#Transform 76
Transform: AffineTransform_float_3_3
Parameters: 0.999999 0.000509866 0.000733326 -0.000510956 0.999999 0.00137163 -0.000732316 -0.00137237 0.999999 -0.0417973 0.0579146 -0.318231
FixedParameters: 0 0 0

#Transform 77
Transform: AffineTransform_float_3_3
Parameters: 0.999999 0.000445011 0.00057937 -0.000445308 0.999999 0.0010511 -0.000578825 -0.0010509 0.999999 -0.0324914 0.0689868 -0.310432
FixedParameters: 0 0 0

#Transform 78
Transform: AffineTransform_float_3_3
Parameters: 0.999999 0.000298852 0.000677058 -0.00029876 1 0.000611798 -0.000677083 -0.000612202 0.999999 -0.0295973 0.0527214 -0.326188
FixedParameters: 0 0 0

#Transform 79
Transform: AffineTransform_float_3_3
Parameters: 1 0.000392207 0.000862358 -0.000393864 0.999998 0.00202902 -0.000861544 -0.00202898 0.999998 -0.0452203 0.0940186 -0.24868
FixedParameters: 0 0 0

#Transform 80
Transform: AffineTransform_float_3_3
Parameters: 1 -7.16378e-05 0.000461512 7.14014e-05 1 0.000680033 -0.000460688 -0.000679967 0.999999 -0.0179744 0.0525269 -0.339003
FixedParameters: 0 0 0

#Transform 81
Transform: AffineTransform_float_3_3
Parameters: 0.999999 0.000364405 0.000858893 -0.000365619 0.999999 0.00124269 -0.000858377 -0.00124331 0.999999 -0.0348734 0.0836231 -0.294098
FixedParameters: 0 0 0

#Transform 82
Transform: AffineTransform_float_3_3
Parameters: 1 0.000566763 0.000866601 -0.000567373 0.999999 0.000883716 -0.00086599 -0.000883284 0.999999 -0.0446751 0.0836646 -0.277409
FixedParameters: 0 0 0

#Transform 83
Transform: AffineTransform_float_3_3
Parameters: 0.999999 0.000555252 0.00084003 -0.000556221 1 0.00112538 -0.00083917 -0.00112562 0.999999 -0.0434781 0.0877036 -0.291827
FixedParameters: 0 0 0

#Transform 84
Transform: AffineTransform_float_3_3
Parameters: 1 0.000508723 0.000890175 -0.000509569 0.999999 0.00150991 -0.000889418 -0.00151009 0.999999 -0.0431747 0.0799015 -0.284387
FixedParameters: 0 0 0

#Transform 85
Transform: AffineTransform_float_3_3
Parameters: 0.999999 0.000448585 0.000746123 -0.000448718 0.999999 0.000706025 -0.00074588 -0.000705975 1 -0.0520195 0.0492789 -0.29071
FixedParameters: 0 0 0

#Transform 86
Transform: AffineTransform_float_3_3
Parameters: 1 2.40435e-05 0.000562103 -2.37964e-05 1 0.000946988 -0.000561528 -0.000947015 1 -0.0251501 0.0734642 -0.302645
FixedParameters: 0 0 0

#Transform 87
Transform: AffineTransform_float_3_3
Parameters: 0.999999 0.000278816 0.000928752 -0.000280286 0.999999 0.00128674 -0.000928423 -0.00128726 0.999998 -0.0394625 0.081319 -0.279153
FixedParameters: 0 0 0

#Transform 88
Transform: AffineTransform_float_3_3
Parameters: 0.999999 0.000504804 0.000667022 -0.000505448 0.999999 0.00117266 -0.000666228 -0.00117334 0.999999 -0.0592656 0.0940114 -0.266687
FixedParameters: 0 0 0

#Transform 89
Transform: AffineTransform_float_3_3
Parameters: 1 0.000540866 0.00109258 -0.000541806 0.999999 0.000851768 -0.00109205 -0.000852231 0.999999 -0.0552639 0.110661 -0.292258
FixedParameters: 0 0 0

#Transform 90
Transform: AffineTransform_float_3_3
Parameters: 0.999999 0.000505277 0.000753764 -0.000506738 0.999998 0.00158098 -0.000752555 -0.00158102 0.999999 -0.0500199 0.0942575 -0.239159
FixedParameters: 0 0 0

#Transform 91
Transform: AffineTransform_float_3_3
Parameters: 0.999999 9.50468e-05 0.000741463 -9.6643e-05 0.999998 0.00169729 -0.000741528 -0.00169671 0.999998 -0.019242 0.085533 -0.28155
FixedParameters: 0 0 0

#Transform 92
Transform: AffineTransform_float_3_3
Parameters: 1 0.000541224 0.000840765 -0.00054372 0.999997 0.00234754 -0.000839919 -0.00234846 0.999997 -0.0498381 0.10001 -0.262481
FixedParameters: 0 0 0

#Transform 93
Transform: AffineTransform_float_3_3
Parameters: 1 0.000437438 0.00101585 -0.000438826 0.999998 0.00204292 -0.00101523 -0.00204309 0.999998 -0.0453542 0.0761792 -0.258457
FixedParameters: 0 0 0

#Transform 94
Transform: AffineTransform_float_3_3
Parameters: 1 0.000213059 0.00111044 -0.00021676 0.999997 0.00249527 -0.00111015 -0.00249573 0.999997 -0.0322813 0.0792454 -0.269744
FixedParameters: 0 0 0

#Transform 95
Transform: AffineTransform_float_3_3
Parameters: 1 0.000261967 0.00108983 -0.000264506 0.999997 0.00243207 -0.00108972 -0.00243193 0.999997 -0.043267 0.0655628 -0.281487
FixedParameters: 0 0 0

#Transform 96
Transform: AffineTransform_float_3_3
Parameters: 1 0.00035547 0.00105037 -0.000358785 0.999996 0.00289398 -0.00104948 -0.00289402 0.999995 -0.0498921 0.0715389 -0.256315
FixedParameters: 0 0 0

#Transform 97
Transform: AffineTransform_float_3_3
Parameters: 0.999998 -0.00102544 0.00121266 0.00102087 0.999992 0.00382103 -0.00121705 -0.00381996 0.999991 0.00927229 0.0249427 -0.157749
FixedParameters: 0 0 0

#Transform 98
Transform: AffineTransform_float_3_3
Parameters: 0.999999 -8.25798e-05 0.00123423 7.75074e-05 0.999993 0.00386225 -0.00123457 -0.00386275 0.999992 -0.0466387 0.0636919 -0.171396
FixedParameters: 0 0 0

#Transform 99
Transform: AffineTransform_float_3_3
Parameters: 0.999999 0.000185729 0.000924256 -0.000189312 0.999994 0.00343198 -0.000924141 -0.00343302 0.999994 -0.0289772 0.0648351 -0.241776
FixedParameters: 0 0 0

#Transform 100
Transform: AffineTransform_float_3_3
Parameters: 0.999999 0.000651265 0.00140104 -0.000655646 0.999996 0.00255044 -0.00139888 -0.00255155 0.999995 -0.0395971 0.0853546 -0.272248
FixedParameters: 0 0 0

#Transform 101
Transform: AffineTransform_float_3_3
Parameters: 1 0.000395855 0.00103336 -0.000399404 0.999996 0.00305459 -0.0010321 -0.00305541 0.999995 -0.0452358 0.0951963 -0.251636
FixedParameters: 0 0 0

#Transform 102
Transform: AffineTransform_float_3_3
Parameters: 1 8.07209e-05 0.00116602 -8.36017e-05 0.999996 0.00298106 -0.00116617 -0.00298194 0.999995 -0.0148879 0.0798876 -0.280662
FixedParameters: 0 0 0

#Transform 103
Transform: AffineTransform_float_3_3
Parameters: 1 0.000187307 0.00112107 -0.000190967 0.999994 0.00327415 -0.00112139 -0.00327385 0.999994 -0.0289275 0.0928886 -0.244906
FixedParameters: 0 0 0

#Transform 104
Transform: AffineTransform_float_3_3
Parameters: 1 0.000395858 0.00103336 -0.0003994 0.999996 0.00305159 -0.0010321 -0.00305241 0.999995 -0.0392947 0.0937087 -0.217089
FixedParameters: 0 0 0

#Transform 105
Transform: AffineTransform_float_3_3
Parameters: 1 0.000396274 0.0010332 -0.000398986 0.999997 0.00264959 -0.00103226 -0.00265041 0.999996 -0.038269 0.101861 -0.255345
FixedParameters: 0 0 0

#Transform 106
Transform: AffineTransform_float_3_3
Parameters: 1 9.18261e-06 0.00119628 -1.24621e-05 0.999997 0.00268799 -0.00119647 -0.00268801 0.999995 -0.0188275 0.101009 -0.265015
FixedParameters: 0 0 0

#Transform 107
Transform: AffineTransform_float_3_3
Parameters: 0.999999 8.84081e-05 0.00103571 -9.21816e-05 0.999995 0.00334391 -0.00103536 -0.00334409 0.999994 -0.0296924 0.0894078 -0.228869
FixedParameters: 0 0 0

#Transform 108
Transform: AffineTransform_float_3_3
Parameters: 0.999999 -5.81957e-05 0.000807828 5.63908e-05 0.999996 0.00306705 -0.000808431 -0.00306695 0.999995 -0.0165047 0.104381 -0.260434
FixedParameters: 0 0 0

#Transform 109
Transform: AffineTransform_float_3_3
Parameters: 0.999999 -0.000138891 0.000822274 0.000137043 0.999995 0.00303827 -0.000823364 -0.00303874 0.999995 -0.022318 0.114025 -0.255834
FixedParameters: 0 0 0

#Transform 110
Transform: AffineTransform_float_3_3
Parameters: 1 -3.24921e-05 0.00107482 2.9321e-05 0.999996 0.00294104 -0.00107525 -0.00294097 0.999995 -0.025796 0.0988161 -0.251099
FixedParameters: 0 0 0

#Transform 111
Transform: AffineTransform_float_3_3
Parameters: 0.999999 -0.000256408 0.000982758 0.000253708 0.999997 0.00250825 -0.000983898 -0.00250775 0.999996 0.000423531 0.0949396 -0.28635
FixedParameters: 0 0 0

#Transform 112
Transform: AffineTransform_float_3_3
Parameters: 0.999999 -0.00029596 0.00088879 0.000293865 0.999997 0.00243226 -0.000890085 -0.00243174 0.999996 -0.0115384 0.0805448 -0.28897
FixedParameters: 0 0 0

#Transform 113
Transform: AffineTransform_float_3_3
Parameters: 0.999999 -0.000184006 0.000841293 0.000181216 0.999996 0.00298316 -0.000842243 -0.00298285 0.999995 -0.0229406 0.0827624 -0.251745
FixedParameters: 0 0 0

#Transform 114
Transform: AffineTransform_float_3_3
Parameters: 0.999999 -0.000269502 0.000878115 0.000267856 0.999999 0.00168339 -0.000878489 -0.00168361 0.999999 -0.012718 0.0534221 -0.336045
FixedParameters: 0 0 0

#Transform 115
Transform: AffineTransform_float_3_3
Parameters: 0.999999 -0.000335493 0.000721596 0.000334713 0.999999 0.00144824 -0.000722036 -0.00144776 0.999998 -0.0203427 0.0539131 -0.338489
FixedParameters: 0 0 0

#Transform 116
Transform: AffineTransform_float_3_3
Parameters: 1 -0.00049974 0.000974577 0.000497341 0.999997 0.00257464 -0.000976084 -0.00257436 0.999997 -0.0186304 0.0710521 -0.3024
FixedParameters: 0 0 0

#Transform 117
Transform: AffineTransform_float_3_3
Parameters: 0.999999 -6.57527e-05 0.000892944 6.3866e-05 0.999999 0.00179106 -0.000892646 -0.00179094 0.999998 -0.0214792 0.0621929 -0.366809
FixedParameters: 0 0 0

#Transform 118
Transform: AffineTransform_float_3_3
Parameters: 0.999999 -0.000179033 0.000840016 0.000177514 0.999999 0.00145115 -0.000840924 -0.00145085 0.999998 -0.0324651 0.0502431 -0.341687
FixedParameters: 0 0 0

#Transform 119
Transform: AffineTransform_float_3_3
Parameters: 1 4.2827e-05 0.001181 -4.61525e-05 0.999996 0.0027421 -0.001181 -0.0027429 0.999995 -0.0342942 0.0889373 -0.24899
FixedParameters: 0 0 0

#Transform 120
Transform: AffineTransform_float_3_3
Parameters: 0.999999 -0.000117318 0.00129157 0.000112627 0.999995 0.00318766 -0.00129163 -0.00318734 0.999994 -0.0303542 0.0962049 -0.249907
FixedParameters: 0 0 0

#Transform 121
Transform: AffineTransform_float_3_3
Parameters: 0.999999 -1.6662e-06 0.00135549 -8.0403e-07 0.999999 0.00173415 -0.00135535 -0.00173485 0.999998 -0.046235 0.0787509 -0.270691
FixedParameters: 0 0 0

#Transform 122
Transform: AffineTransform_float_3_3
Parameters: 0.999999 -2.17868e-05 0.000865322 1.92715e-05 0.999996 0.00274302 -0.000865295 -0.00274298 0.999996 -0.0294004 0.0960504 -0.256627
FixedParameters: 0 0 0

#Transform 123
Transform: AffineTransform_float_3_3
Parameters: 0.999999 -5.48433e-05 0.000786984 5.26391e-05 0.999996 0.00281804 -0.000787148 -0.00281796 0.999995 -0.0287631 0.0751932 -0.29445
FixedParameters: 0 0 0

#Transform 124
Transform: AffineTransform_float_3_3
Parameters: 1 0.000105309 0.00116475 -0.000107609 0.999998 0.00194624 -0.0011642 -0.00194577 0.999998 -0.0527806 0.0489473 -0.298029
FixedParameters: 0 0 0

#Transform 125
Transform: AffineTransform_float_3_3
Parameters: 1 2.45357e-05 0.0012103 -2.85257e-05 0.999995 0.00295048 -0.0012104 -0.00295052 0.999995 -0.0302495 0.0556206 -0.288053
FixedParameters: 0 0 0

#Transform 126
Transform: AffineTransform_float_3_3
Parameters: 0.999999 -0.000141195 0.00127215 0.000138775 0.999999 0.00182818 -0.00127253 -0.00182782 0.999997 -0.0267265 0.067373 -0.310736
FixedParameters: 0 0 0

#Transform 127
Transform: AffineTransform_float_3_3
Parameters: 0.999999 -0.000265476 0.00087666 0.000264125 0.999999 0.00129523 -0.000877737 -0.00129477 0.999999 -0.0334341 0.0544863 -0.322521
FixedParameters: 0 0 0

#Transform 128
Transform: AffineTransform_float_3_3
Parameters: 0.999999 -0.000357791 0.00091553 0.000356303 0.999999 0.00152833 -0.000916092 -0.00152767 0.999998 -0.0223936 0.0546329 -0.316752
FixedParameters: 0 0 0

#Transform 129
Transform: AffineTransform_float_3_3
Parameters: 0.999999 -0.000473885 0.00071275 0.000472136 0.999999 0.00150034 -0.000713248 -0.00149966 0.999998 -0.00938305 0.0564964 -0.328702
FixedParameters: 0 0 0

#Transform 130
Transform: AffineTransform_float_3_3
Parameters: 1 -0.00014518 0.00121496 0.000142403 0.999998 0.00222233 -0.00121454 -0.00222267 0.999997 -0.0308817 0.0691792 -0.272958
FixedParameters: 0 0 0

#Transform 131
Transform: AffineTransform_float_3_3
Parameters: 0.999999 -0.000483037 0.000742595 0.00048197 0.999999 0.0016 -0.000743609 -0.0016 0.999998 -0.0139637 0.0790099 -0.294885
FixedParameters: 0 0 0

#Transform 132
Transform: AffineTransform_float_3_3
Parameters: 1 -0.000246729 0.00109813 0.000244096 0.999997 0.00239327 -0.00109825 -0.00239273 0.999996 -0.0390794 0.0695694 -0.28244
FixedParameters: 0 0 0

#Transform 133
Transform: AffineTransform_float_3_3
Parameters: 0.999999 -0.000566627 0.000733566 0.000564423 0.999997 0.00265942 -0.000735123 -0.00265859 0.999996 -0.00112205 0.0677033 -0.288427
FixedParameters: 0 0 0

#Transform 134
Transform: AffineTransform_float_3_3
Parameters: 0.999999 -0.000965009 0.000984227 0.000963893 0.999998 0.00162974 -0.000985 -0.00162926 0.999998 0.0285943 0.047868 -0.331566
FixedParameters: 0 0 0

#Transform 135
Transform: AffineTransform_float_3_3
Parameters: 0.999999 -0.00102879 0.000946306 0.00102552 0.999993 0.00372461 -0.000950135 -0.00372339 0.999992 0.0257193 0.0928596 -0.183662
FixedParameters: 0 0 0

#Transform 136
Transform: AffineTransform_float_3_3
Parameters: 1 -0.000966794 0.00049457 0.000965284 0.999997 0.00231148 -0.000497194 -0.00231052 0.999997 0.0367199 0.0654101 -0.274623
FixedParameters: 0 0 0

#Transform 137
Transform: AffineTransform_float_3_3
Parameters: 0.999999 -0.000871075 0.00118125 0.000866966 0.999995 0.00317682 -0.00118387 -0.00317618 0.999994 0.0157229 0.0979782 -0.196112
FixedParameters: 0 0 0

#Transform 138
Transform: AffineTransform_float_3_3
Parameters: 0.999998 -0.0015472 0.00138395 0.00154092 0.999989 0.00438509 -0.00139129 -0.00438291 0.99999 0.0205818 0.0482476 -0.0310059
FixedParameters: 0 0 0

#Transform 139
Transform: AffineTransform_float_3_3
Parameters: 0.999998 -0.000913745 0.0018362 0.00090382 0.999983 0.00565813 -0.00184133 -0.00565687 0.999983 -0.0106217 0.0781741 0.0266173
FixedParameters: 0 0 0

#Transform 140
Transform: AffineTransform_float_3_3
Parameters: 0.999998 -0.000983425 0.00166786 0.000974914 0.999986 0.00513779 -0.0016729 -0.00513521 0.999985 -0.012643 0.0564532 -0.00746102
FixedParameters: 0 0 0

#Transform 141
Transform: AffineTransform_float_3_3
Parameters: 0.999998 -0.000997552 0.00163451 0.00098892 0.999986 0.00527878 -0.00163997 -0.00527622 0.999985 0.0153929 0.0799863 -0.109099
FixedParameters: 0 0 0

#Transform 142
Transform: AffineTransform_float_3_3
Parameters: 0.999997 -0.000871227 0.00193925 0.000859731 0.999982 0.00599898 -0.00194486 -0.00599701 0.99998 -0.0092517 0.0935225 -0.0568923
FixedParameters: 0 0 0

#Transform 143
Transform: AffineTransform_float_3_3
Parameters: 0.999998 -0.00102529 0.00156812 0.00101784 0.999986 0.00524955 -0.0015729 -0.00524845 0.999985 0.0159924 0.0898599 -0.102174
FixedParameters: 0 0 0

#Transform 144
Transform: AffineTransform_float_3_3
Parameters: 0.999997 -0.000960912 0.00191313 0.000950023 0.999983 0.00578514 -0.0019181 -0.00578287 0.999982 0.014571 0.0806146 -0.112402
FixedParameters: 0 0 0

#Transform 145
Transform: AffineTransform_float_3_3
Parameters: 0.999998 -0.000725111 0.00194271 0.000714498 0.999984 0.0056627 -0.00194701 -0.00566129 0.999982 -0.0156734 0.0801678 -0.0455161
FixedParameters: 0 0 0

#Transform 146
Transform: AffineTransform_float_3_3
Parameters: 0.999997 -0.00114361 0.00178853 0.00113412 0.999984 0.00542998 -0.00179535 -0.00542801 0.999983 0.0183769 0.0874951 -0.0958909
FixedParameters: 0 0 0

#Transform 147
Transform: AffineTransform_float_3_3
Parameters: 0.999998 -0.000920158 0.00182132 0.000909909 0.999983 0.00579298 -0.00182676 -0.00579103 0.999982 -0.0058741 0.0900505 -0.0905902
FixedParameters: 0 0 0

#Transform 148
Transform: AffineTransform_float_3_3
Parameters: 0.999997 -0.000839025 0.00201746 0.000826825 0.99998 0.00626614 -0.0020226 -0.00626486 0.999979 0.00198287 0.103252 -0.0504475
FixedParameters: 0 0 0

#Transform 149
Transform: AffineTransform_float_3_3
Parameters: 0.999997 -0.00146898 0.00160025 0.00145887 0.99998 0.00604629 -0.00160886 -0.00604371 0.999981 0.037861 0.0842474 -0.105882
FixedParameters: 0 0 0

#Transform 150
Transform: AffineTransform_float_3_3
Parameters: 0.999998 -0.000948953 0.00175217 0.000938807 0.999983 0.0057296 -0.00175743 -0.0057284 0.999982 0.0143491 0.105872 -0.0929828
FixedParameters: 0 0 0

#Transform 151
Transform: AffineTransform_float_3_3
Parameters: 0.999999 -0.00103222 0.00155085 0.00102444 0.999987 0.00499254 -0.00155571 -0.00499146 0.999987 0.0161869 0.0941639 -0.128263
FixedParameters: 0 0 0

#Transform 152
Transform: AffineTransform_float_3_3
Parameters: 0.999998 -0.000907703 0.00184944 0.000897609 0.999985 0.00530997 -0.00185439 -0.00530802 0.999984 0.0231769 0.105344 -0.120482
FixedParameters: 0 0 0

#Transform 153
Transform: AffineTransform_float_3_3
Parameters: 0.999998 -0.00111143 0.00174531 0.00110258 0.999986 0.00511724 -0.00175069 -0.00511476 0.999985 0.0149572 0.0928334 -0.109836
FixedParameters: 0 0 0

#Transform 154
Transform: AffineTransform_float_3_3
Parameters: 0.999998 -0.00109814 0.00172715 0.00108988 0.999987 0.0048882 -0.00173283 -0.0048858 0.999987 0.0200021 0.104631 -0.10804
FixedParameters: 0 0 0

#Transform 155
Transform: AffineTransform_float_3_3
Parameters: 0.999997 -0.00130592 0.00169468 0.00129798 0.999986 0.00500116 -0.00170175 -0.00499884 0.999986 0.0282762 0.112514 -0.150203
FixedParameters: 0 0 0

#Transform 156
Transform: AffineTransform_float_3_3
Parameters: 0.999998 -0.00126521 0.00190752 0.00125456 0.999984 0.00549435 -0.00191489 -0.00549165 0.999983 0.0148681 0.113398 -0.130054
FixedParameters: 0 0 0

#Transform 157
Transform: AffineTransform_float_3_3
Parameters: 0.999998 -0.00137055 0.00180849 0.00136138 0.999984 0.00549442 -0.00181611 -0.00549158 0.999983 0.0145595 0.106259 -0.101988
FixedParameters: 0 0 0

#Transform 158
Transform: AffineTransform_float_3_3
Parameters: 0.999997 -0.00144554 0.00157152 0.00143747 0.999985 0.00526286 -0.00157944 -0.00526114 0.999985 0.0283459 0.087883 -0.122973
FixedParameters: 0 0 0

#Transform 159
Transform: AffineTransform_float_3_3
Parameters: 0.999998 -0.000941811 0.0017653 0.000934084 0.999989 0.00452296 -0.00176969 -0.00452103 0.999988 0.0048515 0.0993532 -0.131227
FixedParameters: 0 0 0

#Transform 160
Transform: AffineTransform_float_3_3
Parameters: 0.999997 -0.00122084 0.00174656 0.00121246 0.999988 0.00460707 -0.00175235 -0.00460492 0.999988 0.00915255 0.0887905 -0.135757
FixedParameters: 0 0 0

#Transform 161
Transform: AffineTransform_float_3_3
Parameters: 0.999998 -0.00136081 0.00141209 0.00135525 0.99999 0.00437071 -0.00141815 -0.00436829 0.999989 0.0346261 0.108454 -0.179435
FixedParameters: 0 0 0

#Transform 162
Transform: AffineTransform_float_3_3
Parameters: 0.999999 -0.00111627 0.00134987 0.00110984 0.999987 0.0048943 -0.00135496 -0.0048927 0.999987 0.0281766 0.0986463 -0.172016
FixedParameters: 0 0 0

#Transform 163
Transform: AffineTransform_float_3_3
Parameters: 0.999998 -0.00120368 0.00152421 0.00119696 0.999987 0.00486162 -0.00152955 -0.00485937 0.999987 0.0174873 0.0848499 -0.140299
FixedParameters: 0 0 0

#Transform 164
Transform: AffineTransform_float_3_3
Parameters: 0.999999 -0.0011 0.00138926 0.00109342 0.999986 0.00514168 -0.00139513 -0.00513932 0.999986 0.0401161 0.105064 -0.17025
FixedParameters: 0 0 0

#Transform 165
Transform: AffineTransform_float_3_3
Parameters: 0.999998 -0.00140462 0.00129062 0.00139687 0.999977 0.00657961 -0.00129996 -0.00657739 0.999978 0.0277271 0.131741 -0.116655
FixedParameters: 0 0 0

#Transform 166
Transform: AffineTransform_float_3_3
Parameters: 0.999998 -0.00129572 0.00156892 0.00128801 0.999986 0.00503397 -0.0015756 -0.00503202 0.999986 0.0345289 0.0954383 -0.145852
FixedParameters: 0 0 0

#Transform 167
Transform: AffineTransform_float_3_3
Parameters: 0.999998 -0.00135637 0.0014224 0.00135109 0.999991 0.00424336 -0.00142809 -0.00424164 0.99999 0.0427514 0.0989586 -0.186472
FixedParameters: 0 0 0

#Transform 168
Transform: AffineTransform_float_3_3
Parameters: 0.999999 -0.00113965 0.00129435 0.00113295 0.999987 0.00505227 -0.00130094 -0.00505073 0.999986 0.0371083 0.0945231 -0.14826
FixedParameters: 0 0 0

#Transform 169
Transform: AffineTransform_float_3_3
Parameters: 0.999998 -0.00128393 0.0015986 0.00127532 0.999984 0.00563064 -0.00160615 -0.00562936 0.999983 0.0336804 0.101015 -0.120847
FixedParameters: 0 0 0

#Transform 170
Transform: AffineTransform_float_3_3
Parameters: 0.999998 -0.00137808 0.00137232 0.00137119 0.999986 0.00512032 -0.00137967 -0.00511867 0.999986 0.0500102 0.0864619 -0.200101
FixedParameters: 0 0 0

#Transform 171
Transform: AffineTransform_float_3_3
Parameters: 0.999998 -0.00129079 0.00158206 0.00128254 0.999984 0.00557583 -0.00158955 -0.00557317 0.999983 0.0269831 0.128474 -0.134097
FixedParameters: 0 0 0

#Transform 172
Transform: AffineTransform_float_3_3
Parameters: 0.999999 -0.00131148 0.00120435 0.00130518 0.999988 0.00466837 -0.00120998 -0.00466663 0.999988 0.0674717 0.149218 -0.204922
FixedParameters: 0 0 0

#Transform 173
Transform: AffineTransform_float_3_3
Parameters: 0.999998 -0.00106837 0.00124889 0.00106315 0.999989 0.00465213 -0.00125392 -0.00465087 0.999988 0.0412522 0.104186 -0.184877
FixedParameters: 0 0 0

#Transform 174
Transform: AffineTransform_float_3_3
Parameters: 0.999998 -0.00117264 0.00119402 0.00116715 0.999989 0.0045892 -0.00119948 -0.00458781 0.999989 0.0455136 0.0891542 -0.163399
FixedParameters: 0 0 0

#Transform 175
Transform: AffineTransform_float_3_3
Parameters: 0.999999 -0.00130402 0.00109473 0.0012994 0.99999 0.00419322 -0.00109998 -0.00419178 0.999991 0.0517713 0.0893103 -0.174617
FixedParameters: 0 0 0

#Transform 176
Transform: AffineTransform_float_3_3
Parameters: 0.999998 -0.00143847 0.000758727 0.00143496 0.999991 0.00409937 -0.000764062 -0.00409862 0.999991 0.062119 0.0887154 -0.219295
FixedParameters: 0 0 0

#Transform 177
Transform: AffineTransform_float_3_3
Parameters: 0.999999 -0.00111172 0.00134439 0.00110306 0.999983 0.00573629 -0.00135129 -0.00573472 0.999983 0.0340924 0.0709124 -0.130809
FixedParameters: 0 0 0

#Transform 178
Transform: AffineTransform_float_3_3
Parameters: 0.999999 -0.00127901 0.000904953 0.00127399 0.999983 0.0057098 -0.000912025 -0.0057082 0.999983 0.0455017 0.103293 -0.155985
FixedParameters: 0 0 0

#Transform 179
Transform: AffineTransform_float_3_3
Parameters: 0.999998 -0.00123076 0.00111847 0.00122471 0.999985 0.00531917 -0.00112533 -0.00531783 0.999985 0.0406969 0.109099 -0.172858
FixedParameters: 0 0 0
