# transform file /out/sourcedata/freesurfer/sub-v1s10x0051071_ses-1/mri/transforms/cc_up.lta
# created by oesteban on Thu Mar 12 07:40:30 2026

type      = 0 # LINEAR_VOX_TO_VOX
nxforms   = 1
mean      = 130.0000 138.0000 133.0000
sigma     = 10000.0000
1 4 4
9.972946643829346e-01 -9.817825630307198e-03 -7.284989207983017e-02 1.039403057098389e+01 
9.791736491024494e-03 9.999518990516663e-01 -7.152619655244052e-04 3.829558134078979e+00 
7.285340875387192e-02 0.000000000000000e+00 9.973427057266235e-01 -1.611220169067383e+01 
0.000000000000000e+00 0.000000000000000e+00 0.000000000000000e+00 1.000000000000000e+00 
src volume info
valid = 1  # volume info valid
filename = /out/sourcedata/freesurfer/sub-v1s10x0051071_ses-1/mri/norm.mgz
volume = 256 256 256
voxelsize = 1.000000000000000e+00 1.000000000000000e+00 1.000000000000000e+00
xras   = -1.000000000000000e+00 0.000000000000000e+00 0.000000000000000e+00
yras   = 0.000000000000000e+00 0.000000000000000e+00 -1.000000000000000e+00
zras   = 0.000000000000000e+00 1.000000000000000e+00 0.000000000000000e+00
cras   = -2.949821472167969e+00 2.445785522460938e+00 -1.201205444335938e+01
dst volume info
valid = 1  # volume info valid
filename = /out/sourcedata/freesurfer/sub-v1s10x0051071_ses-1/mri/norm.mgz
volume = 256 256 256
voxelsize = 1.000000000000000e+00 1.000000000000000e+00 1.000000000000000e+00
xras   = -1.000000000000000e+00 0.000000000000000e+00 0.000000000000000e+00
yras   = 0.000000000000000e+00 0.000000000000000e+00 -1.000000000000000e+00
zras   = 0.000000000000000e+00 1.000000000000000e+00 0.000000000000000e+00
cras   = -2.949821472167969e+00 2.445785522460938e+00 -1.201205444335938e+01
