#Insight Transform File V1.0
#Transform 0
Transform: AffineTransform_float_3_3
Parameters: 1 0.000468026 0.000340253 -0.0004682 1 0.000256841 -0.000340012 -0.000257159 1 -0.0851456 -0.195933 -0.284239
FixedParameters: 0 0 0

#Transform 1
Transform: AffineTransform_float_3_3
Parameters: 0.999999 0.000368291 -0.000793069 -0.000368587 0.999999 -0.000186555 0.000792932 0.000186445 1 0.0435472 0.0115545 -0.0224106
FixedParameters: 0 0 0

#Transform 2
Transform: AffineTransform_float_3_3
Parameters: 0.999999 0.000443918 -0.00116518 -0.00044418 0.999999 -0.00011233 0.00116508 0.00011267 0.999999 0.0292778 0.0635267 -0.0945204
FixedParameters: 0 0 0

#Transform 3
Transform: AffineTransform_float_3_3
Parameters: 0.999999 0.00057369 -0.00134536 -0.000573941 1 -0.000238075 0.00134601 0.000238925 0.999999 0.0484642 0.0520052 -0.170891
FixedParameters: 0 0 0

#Transform 4
Transform: AffineTransform_float_3_3
Parameters: 0.999998 0.000575866 -0.00162891 -0.000576618 1 -0.000349909 0.00162942 0.000351091 0.999999 0.0528512 0.063533 -0.238714
FixedParameters: 0 0 0

#Transform 5
Transform: AffineTransform_float_3_3
Parameters: 0.999999 0.000163712 -0.00156572 -0.000163983 1 -0.000380231 0.00156521 0.000380769 0.999999 0.0536433 0.0538821 -0.307218
FixedParameters: 0 0 0

#Transform 6
Transform: AffineTransform_float_3_3
Parameters: 0.999999 -2.82578e-05 -0.00186254 2.77683e-05 0.999999 -0.000730181 0.00186272 0.00073082 0.999998 0.0860734 0.0473863 -0.293644
FixedParameters: 0 0 0

#Transform 7
Transform: AffineTransform_float_3_3
Parameters: 0.999999 -3.21358e-05 -0.00133588 3.08239e-05 1 -0.000490682 0.00133591 0.000491317 0.999999 0.0616451 0.0542377 -0.302399
FixedParameters: 0 0 0

#Transform 8
Transform: AffineTransform_float_3_3
Parameters: 0.999999 -0.000262572 -0.00132715 0.000261205 0.999999 -0.000861987 0.00132721 0.000862011 0.999998 0.0833368 0.0547184 -0.290399
FixedParameters: 0 0 0

#Transform 9
Transform: AffineTransform_float_3_3
Parameters: 0.999998 -0.000399512 -0.0015579 0.00039841 1 -0.000649261 0.00155803 0.000648738 0.999998 0.0845127 0.0470777 -0.368352
FixedParameters: 0 0 0

#Transform 10
Transform: AffineTransform_float_3_3
Parameters: 0.999999 -0.000364967 -0.0011924 0.000363264 0.999998 -0.00164907 0.00119374 0.00164892 0.999998 0.0852087 0.0496227 -0.380388
FixedParameters: 0 0 0

#Transform 11
Transform: AffineTransform_float_3_3
Parameters: 0.999998 -0.000767616 -0.00184149 0.000763786 0.999998 -0.00203969 0.00184305 0.00203831 0.999996 0.117124 0.0636212 -0.362668
FixedParameters: 0 0 0

#Transform 12
Transform: AffineTransform_float_3_3
Parameters: 0.999999 -0.00106257 -0.00150904 0.00105913 0.999998 -0.00192439 0.00151103 0.0019226 0.999997 0.121192 0.0614975 -0.406349
FixedParameters: 0 0 0

#Transform 13
Transform: AffineTransform_float_3_3
Parameters: 0.999997 -0.00146098 -0.00154507 0.00145684 0.999996 -0.0025762 0.00154879 0.0025738 0.999995 0.154548 0.0602824 -0.397754
FixedParameters: 0 0 0

#Transform 14
Transform: AffineTransform_float_3_3
Parameters: 0.999996 -0.00214603 -0.00192515 0.00214026 0.999994 -0.00276587 0.00193057 0.00276113 0.999994 0.17313 0.0508421 -0.527964
FixedParameters: 0 0 0

#Transform 15
Transform: AffineTransform_float_3_3
Parameters: 0.999995 -0.00226019 -0.00187548 0.00225399 0.999992 -0.00333577 0.00188242 0.00333223 0.999992 0.192922 0.0608418 -0.544534
FixedParameters: 0 0 0

#Transform 16
Transform: AffineTransform_float_3_3
Parameters: 0.999993 -0.0027257 -0.00252446 0.00271744 0.99999 -0.00343485 0.00253385 0.00342815 0.999991 0.219887 0.0564699 -0.554152
FixedParameters: 0 0 0

#Transform 17
Transform: AffineTransform_float_3_3
Parameters: 0.999993 -0.00301379 -0.00192534 0.00300612 0.999987 -0.00403801 0.00193757 0.00403199 0.99999 0.235591 0.0558609 -0.581511
FixedParameters: 0 0 0

#Transform 18
Transform: AffineTransform_float_3_3
Parameters: 0.999993 -0.00299436 -0.00198922 0.00298625 0.999988 -0.00402081 0.00200119 0.0040152 0.99999 0.226659 0.0568483 -0.581553
FixedParameters: 0 0 0

#Transform 19
Transform: AffineTransform_float_3_3
Parameters: 0.999994 -0.00314332 -0.00189669 0.00313508 0.999987 -0.00414632 0.00190973 0.00414068 0.999989 0.233649 0.0738718 -0.559262
FixedParameters: 0 0 0

#Transform 20
Transform: AffineTransform_float_3_3
Parameters: 0.999992 -0.00300363 -0.00240433 0.0029938 0.999989 -0.00395686 0.00241652 0.00395015 0.999989 0.234419 0.0722706 -0.517895
FixedParameters: 0 0 0

#Transform 21
Transform: AffineTransform_float_3_3
Parameters: 0.999994 -0.00288057 -0.00184885 0.00287332 0.999989 -0.00395053 0.00186083 0.00394547 0.999991 0.215847 0.0790663 -0.530821
FixedParameters: 0 0 0

#Transform 22
Transform: AffineTransform_float_3_3
Parameters: 0.999993 -0.00329307 -0.00201228 0.00328403 0.999985 -0.00446399 0.00202694 0.00445701 0.999988 0.260436 0.0893109 -0.495023
FixedParameters: 0 0 0

#Transform 23
Transform: AffineTransform_float_3_3
Parameters: 0.999993 -0.00316528 -0.00211001 0.00315495 0.999984 -0.00478189 0.00212514 0.00477411 0.999986 0.233635 0.0846888 -0.588523
FixedParameters: 0 0 0

#Transform 24
Transform: AffineTransform_float_3_3
Parameters: 0.999991 -0.00356786 -0.00199763 0.00355753 0.999982 -0.00484865 0.00201525 0.00484135 0.999986 0.239427 0.0693399 -0.626576
FixedParameters: 0 0 0

#Transform 25
Transform: AffineTransform_float_3_3
Parameters: 0.999991 -0.0034173 -0.00254423 0.00340427 0.999982 -0.00503549 0.00256231 0.00502651 0.999984 0.276892 0.0628214 -0.610762
FixedParameters: 0 0 0

#Transform 26
Transform: AffineTransform_float_3_3
Parameters: 0.999993 -0.00317927 -0.00192126 0.0031713 0.999986 -0.00426011 0.00193493 0.00425489 0.999989 0.227185 0.0738922 -0.577442
FixedParameters: 0 0 0

#Transform 27
Transform: AffineTransform_float_3_3
Parameters: 0.999994 -0.00272276 -0.00178723 0.00271683 0.999991 -0.00331492 0.00179621 0.00331008 0.999993 0.199056 0.100202 -0.41578
FixedParameters: 0 0 0

#Transform 28
Transform: AffineTransform_float_3_3
Parameters: 0.999994 -0.00261975 -0.00197074 0.00261425 0.999993 -0.00263206 0.00197808 0.00262594 0.999994 0.237462 0.0670971 -0.370801
FixedParameters: 0 0 0

#Transform 29
Transform: AffineTransform_float_3_3
Parameters: 0.999994 -0.0026924 -0.00217758 0.00268605 0.999992 -0.00278819 0.00218576 0.00278281 0.999994 0.212225 0.0800735 -0.427207
FixedParameters: 0 0 0

#Transform 30
Transform: AffineTransform_float_3_3
Parameters: 0.999994 -0.00243729 -0.00265391 0.00242932 0.999993 -0.00311428 0.00266107 0.00310772 0.999992 0.231131 0.0745357 -0.481679
FixedParameters: 0 0 0

#Transform 31
Transform: AffineTransform_float_3_3
Parameters: 0.999993 -0.00289878 -0.00238153 0.00289055 0.999989 -0.00355024 0.00239185 0.00354277 0.999991 0.211013 0.066042 -0.551647
FixedParameters: 0 0 0

#Transform 32
Transform: AffineTransform_float_3_3
Parameters: 0.999993 -0.00279789 -0.00269409 0.00278667 0.999989 -0.0038655 0.00270505 0.0038575 0.999989 0.27726 0.0557921 -0.606198
FixedParameters: 0 0 0

#Transform 33
Transform: AffineTransform_float_3_3
Parameters: 0.999992 -0.00260542 -0.00311466 0.00259294 0.999987 -0.0041982 0.00312522 0.0041898 0.999986 0.244695 0.0721779 -0.567939
FixedParameters: 0 0 0

#Transform 34
Transform: AffineTransform_float_3_3
Parameters: 0.999992 -0.00226336 -0.00326186 0.00225093 0.99999 -0.00384131 0.00327056 0.00383369 0.999987 0.212958 0.0832994 -0.551448
FixedParameters: 0 0 0

#Transform 35
Transform: AffineTransform_float_3_3
Parameters: 0.999995 -0.00165441 -0.00288919 0.00164657 0.999995 -0.00272313 0.00289373 0.00271787 0.999992 0.204678 0.0510951 -0.601642
FixedParameters: 0 0 0

#Transform 36
Transform: AffineTransform_float_3_3
Parameters: 0.999994 -0.00251126 -0.00235057 0.00250424 0.999992 -0.00292307 0.00235802 0.00291692 0.999993 0.203097 0.0652188 -0.528907
FixedParameters: 0 0 0

#Transform 37
Transform: AffineTransform_float_3_3
Parameters: 0.999997 -0.00187671 -0.00105906 0.00187369 0.999996 -0.00217109 0.00106326 0.00216991 0.999997 0.145381 0.0508907 -0.43765
FixedParameters: 0 0 0

#Transform 38
Transform: AffineTransform_float_3_3
Parameters: 0.999996 -0.00236702 -0.00193216 0.00236345 0.999996 -0.00181247 0.001936 0.00180754 0.999996 0.227773 0.0643961 -0.610942
FixedParameters: 0 0 0

#Transform 39
Transform: AffineTransform_float_3_3
Parameters: 0.999995 -0.0023027 -0.00212336 0.00229814 0.999995 -0.00210027 0.0021279 0.00209473 0.999996 0.195449 0.0728983 -0.491755
FixedParameters: 0 0 0

#Transform 40
Transform: AffineTransform_float_3_3
Parameters: 0.999995 -0.0029001 -0.00167409 0.00289599 0.999993 -0.00240626 0.00168199 0.00240073 0.999995 0.182667 0.0805315 -0.524208
FixedParameters: 0 0 0

#Transform 41
Transform: AffineTransform_float_3_3
Parameters: 0.999994 -0.00289783 -0.00188537 0.00289298 0.999992 -0.00271852 0.00189337 0.00271249 0.999995 0.228443 0.0536798 -0.650489
FixedParameters: 0 0 0

#Transform 42
Transform: AffineTransform_float_3_3
Parameters: 0.999993 -0.00300216 -0.00195894 0.00299534 0.99999 -0.00338809 0.00196889 0.00338191 0.999992 0.217243 0.0438254 -0.696301
FixedParameters: 0 0 0

#Transform 43
Transform: AffineTransform_float_3_3
Parameters: 0.999993 -0.00321373 -0.00193908 0.00320645 0.999988 -0.0038116 0.00195056 0.00380541 0.999991 0.205337 0.0735319 -0.69259
FixedParameters: 0 0 0

#Transform 44
Transform: AffineTransform_float_3_3
Parameters: 0.999994 -0.00315166 -0.00131313 0.00314706 0.999988 -0.00369892 0.00132553 0.00369408 0.999993 0.242855 0.0477482 -0.698146
FixedParameters: 0 0 0

#Transform 45
Transform: AffineTransform_float_3_3
Parameters: 0.99999 -0.00390017 -0.00219861 0.00389272 0.999986 -0.00340004 0.0022121 0.00339196 0.999992 0.323132 0.0152457 -0.811559
FixedParameters: 0 0 0

#Transform 46
Transform: AffineTransform_float_3_3
Parameters: 0.999992 -0.00384885 -0.00101362 0.00384577 0.999987 -0.00321071 0.00102598 0.00320629 0.999994 0.236064 0.0323671 -0.775111
FixedParameters: 0 0 0

#Transform 47
Transform: AffineTransform_float_3_3
Parameters: 0.999994 -0.00347234 -0.000362245 0.00347166 0.999991 -0.00222711 0.0003697 0.00222589 0.999998 0.213418 0.058783 -0.664712
FixedParameters: 0 0 0

#Transform 48
Transform: AffineTransform_float_3_3
Parameters: 0.999996 -0.00279163 -0.000818297 0.00279165 0.999996 1.01044e-05 0.000818235 -1.18944e-05 1 0.212889 0.0446877 -0.564498
FixedParameters: 0 0 0

#Transform 49
Transform: AffineTransform_float_3_3
Parameters: 0.999994 -0.00361404 5.58339e-05 0.00361465 0.999992 -0.00187501 -4.89716e-05 0.00187599 0.999998 0.185684 0.0640839 -0.747676
FixedParameters: 0 0 0

#Transform 50
Transform: AffineTransform_float_3_3
Parameters: 0.999991 -0.00429093 0.000203744 0.0042911 0.999987 -0.00296559 -0.000190898 0.00296642 0.999996 0.237211 0.0685567 -0.774767
FixedParameters: 0 0 0

#Transform 51
Transform: AffineTransform_float_3_3
Parameters: 0.999995 -0.00329437 -0.000327899 0.00329403 0.999991 -0.00274079 0.000336634 0.00273922 0.999996 0.180556 0.0542935 -0.888909
FixedParameters: 0 0 0

#Transform 52
Transform: AffineTransform_float_3_3
Parameters: 0.999994 -0.00351684 0.000186063 0.00351737 0.999991 -0.00245777 -0.000177309 0.00245823 0.999997 0.176988 0.0533123 -0.927723
FixedParameters: 0 0 0

#Transform 53
Transform: AffineTransform_float_3_3
Parameters: 0.999994 -0.00351927 -0.00014752 0.00351774 0.99999 -0.00255274 0.000156025 0.00255226 0.999996 0.200399 0.0686401 -0.831329
FixedParameters: 0 0 0

#Transform 54
Transform: AffineTransform_float_3_3
Parameters: 0.999995 -0.00337348 0.000242944 0.00337395 0.999992 -0.00203309 -0.000235527 0.00203391 0.999998 0.181669 0.0249971 -0.916969
FixedParameters: 0 0 0

#Transform 55
Transform: AffineTransform_float_3_3
Parameters: 0.999991 -0.00425663 6.38853e-05 0.00425745 0.999981 -0.00446936 -4.55262e-05 0.00446965 0.99999 0.22146 0.0389826 -0.792131
FixedParameters: 0 0 0

#Transform 56
Transform: AffineTransform_float_3_3
Parameters: 0.999994 -0.003432 0.000280002 0.00343295 0.999991 -0.00237246 -0.000272248 0.00237354 0.999997 0.143908 0.0555429 -0.879821
FixedParameters: 0 0 0

#Transform 57
Transform: AffineTransform_float_3_3
Parameters: 0.999991 -0.00403559 0.000548047 0.00403738 0.999988 -0.00270994 -0.000536538 0.00271206 0.999996 0.184721 0.0387207 -0.833338
FixedParameters: 0 0 0

#Transform 58
Transform: AffineTransform_float_3_3
Parameters: 0.999993 -0.00360457 0.000817221 0.00360706 0.999988 -0.00352905 -0.000804509 0.00353195 0.999993 0.166969 0.0557901 -0.817568
FixedParameters: 0 0 0

#Transform 59
Transform: AffineTransform_float_3_3
Parameters: 0.999993 -0.00363083 0.000605794 0.0036333 0.999988 -0.00334144 -0.000592812 0.00334356 0.999994 0.144698 0.0416125 -0.949367
FixedParameters: 0 0 0

#Transform 60
Transform: AffineTransform_float_3_3
Parameters: 0.999994 -0.00365249 0.000299761 0.00365363 0.999987 -0.0036777 -0.000285497 0.0036783 0.999993 0.149171 0.0467356 -0.934417
FixedParameters: 0 0 0

#Transform 61
Transform: AffineTransform_float_3_3
Parameters: 0.999993 -0.00380112 0.000222398 0.00380227 0.999986 -0.00376711 -0.000207672 0.0037679 0.999993 0.171191 0.0519845 -0.87626
FixedParameters: 0 0 0

#Transform 62
Transform: AffineTransform_float_3_3
Parameters: 0.999992 -0.00382945 0.000350465 0.00383076 0.999987 -0.00336445 -0.000337297 0.00336555 0.999994 0.142759 0.0329204 -0.996369
FixedParameters: 0 0 0

#Transform 63
Transform: AffineTransform_float_3_3
Parameters: 0.999993 -0.00377243 9.27295e-06 0.00377249 0.999984 -0.00418356 7.06008e-06 0.00418344 0.999991 0.17501 0.0556417 -0.890274
FixedParameters: 0 0 0

#Transform 64
Transform: AffineTransform_float_3_3
Parameters: 0.999994 -0.0036142 0.000203381 0.00361458 0.999987 -0.0035347 -0.000190436 0.0035353 0.999994 0.160638 0.0359022 -0.921858
FixedParameters: 0 0 0

#Transform 65
Transform: AffineTransform_float_3_3
Parameters: 0.999992 -0.00379618 0.000542011 0.00379812 0.999984 -0.0042201 -0.000526246 0.0042219 0.999991 0.144016 0.0141206 -0.997125
FixedParameters: 0 0 0

#Transform 66
Transform: AffineTransform_float_3_3
Parameters: 0.999996 -0.00288974 0.000346486 0.0028899 0.999994 -0.00172739 -0.000341492 0.00172861 0.999999 0.109655 0.0430932 -0.814307
FixedParameters: 0 0 0

#Transform 67
Transform: AffineTransform_float_3_3
Parameters: 0.999995 -0.00311827 0.000679869 0.00311957 0.999993 -0.00172663 -0.000674084 0.00172937 0.999998 0.10617 0.0402262 -0.816144
FixedParameters: 0 0 0

#Transform 68
Transform: AffineTransform_float_3_3
Parameters: 0.999994 -0.00337635 0.000343461 0.00337691 0.999992 -0.00213211 -0.000336285 0.00213289 0.999998 0.145513 0.0689897 -0.754945
FixedParameters: 0 0 0

#Transform 69
Transform: AffineTransform_float_3_3
Parameters: 0.999995 -0.00331838 0.000358325 0.00331943 0.999993 -0.00164172 -0.000352806 0.00164328 0.999999 0.125939 0.038701 -0.918858
FixedParameters: 0 0 0

#Transform 70
Transform: AffineTransform_float_3_3
Parameters: 0.999995 -0.0029373 0.000388797 0.00293847 0.999993 -0.0021684 -0.000382354 0.0021706 0.999998 0.123558 0.0385723 -0.872901
FixedParameters: 0 0 0

#Transform 71
Transform: AffineTransform_float_3_3
Parameters: 0.999995 -0.00298129 -1.88195e-05 0.00298121 0.999993 -0.00248261 2.60058e-05 0.0024824 0.999997 0.12188 0.0415679 -0.831738
FixedParameters: 0 0 0

#Transform 72
Transform: AffineTransform_float_3_3
Parameters: 0.999993 -0.00354576 -4.89894e-05 0.00354472 0.999991 -0.00261075 5.80425e-05 0.00261025 0.999996 0.122912 0.0515987 -0.898332
FixedParameters: 0 0 0

#Transform 73
Transform: AffineTransform_float_3_3
Parameters: 0.999995 -0.00315962 -0.000213428 0.00315895 0.999991 -0.00282538 0.000222351 0.00282462 0.999996 0.127288 0.0635672 -0.815548
FixedParameters: 0 0 0

#Transform 74
Transform: AffineTransform_float_3_3
Parameters: 0.999995 -0.00309916 5.63863e-05 0.00309944 0.999992 -0.00242453 -4.89703e-05 0.00242548 0.999997 0.107161 0.0546434 -0.889098
FixedParameters: 0 0 0

#Transform 75
Transform: AffineTransform_float_3_3
Parameters: 0.999994 -0.00338952 0.000133522 0.00338946 0.999991 -0.00268597 -0.00012477 0.00268603 0.999996 0.127427 0.0507587 -0.901204
FixedParameters: 0 0 0

#Transform 76
Transform: AffineTransform_float_3_3
Parameters: 0.999995 -0.00311769 -6.74352e-05 0.00311786 0.999992 -0.00272592 7.55065e-05 0.00272609 0.999997 0.112273 0.054996 -0.883947
FixedParameters: 0 0 0

#Transform 77
Transform: AffineTransform_float_3_3
Parameters: 0.999993 -0.00357655 0.000127136 0.00357674 0.999991 -0.00226297 -0.000119485 0.00226303 0.999997 0.122385 0.0646493 -0.861545
FixedParameters: 0 0 0

#Transform 78
Transform: AffineTransform_float_3_3
Parameters: 0.999993 -0.00373725 6.70448e-06 0.00373742 0.999989 -0.00258955 2.80387e-06 0.00258944 0.999996 0.170248 0.0724982 -0.756392
FixedParameters: 0 0 0

#Transform 79
Transform: AffineTransform_float_3_3
Parameters: 0.999991 -0.00409177 1.18204e-06 0.00409192 0.999988 -0.00247109 9.19257e-06 0.00247091 0.999997 0.158805 0.0644272 -0.814818
FixedParameters: 0 0 0

#Transform 80
Transform: AffineTransform_float_3_3
Parameters: 0.999991 -0.00426196 2.35979e-05 0.00426236 0.999987 -0.002656 -1.30363e-05 0.00265601 0.999997 0.162906 0.060937 -0.840614
FixedParameters: 0 0 0

#Transform 81
Transform: AffineTransform_float_3_3
Parameters: 0.999992 -0.00414964 0.000139311 0.00415016 0.999988 -0.00279988 -0.00012684 0.00280012 0.999996 0.184319 0.0483283 -0.897673
FixedParameters: 0 0 0

#Transform 82
Transform: AffineTransform_float_3_3
Parameters: 0.999991 -0.00419122 0.00040799 0.00419279 0.999988 -0.00271811 -0.000396882 0.00271989 0.999996 0.163853 0.0224687 -1.04015
FixedParameters: 0 0 0

#Transform 83
Transform: AffineTransform_float_3_3
Parameters: 0.999989 -0.00449155 0.000615474 0.00449342 0.999985 -0.00332742 -0.000600933 0.00333058 0.999994 0.183427 0.0494237 -0.919695
FixedParameters: 0 0 0

#Transform 84
Transform: AffineTransform_float_3_3
Parameters: 0.99999 -0.00440364 0.000866681 0.00440608 0.999985 -0.00344742 -0.000852196 0.00345058 0.999993 0.167043 0.0572534 -0.904518
FixedParameters: 0 0 0

#Transform 85
Transform: AffineTransform_float_3_3
Parameters: 0.999989 -0.00455379 0.00106659 0.00455774 0.999985 -0.00314259 -0.00105199 0.00314641 0.999995 0.164534 0.0408897 -0.933245
FixedParameters: 0 0 0

#Transform 86
Transform: AffineTransform_float_3_3
Parameters: 0.999988 -0.0047101 0.000730415 0.00471252 0.999983 -0.00345496 -0.000714136 0.00345805 0.999994 0.194261 0.0686685 -0.878273
FixedParameters: 0 0 0

#Transform 87
Transform: AffineTransform_float_3_3
Parameters: 0.999987 -0.00494622 0.000693345 0.00494819 0.999983 -0.00302248 -0.000678795 0.00302552 0.999995 0.174232 0.0460085 -0.917483
FixedParameters: 0 0 0

#Transform 88
Transform: AffineTransform_float_3_3
Parameters: 0.999988 -0.00481664 0.000805502 0.0048204 0.999981 -0.00388704 -0.000786546 0.00389096 0.999992 0.202059 0.0732229 -0.819763
FixedParameters: 0 0 0

#Transform 89
Transform: AffineTransform_float_3_3
Parameters: 0.999987 -0.00508419 0.00107354 0.00508768 0.999981 -0.00345802 -0.00105516 0.00346297 0.999993 0.18752 0.0389083 -0.982526
FixedParameters: 0 0 0

#Transform 90
Transform: AffineTransform_float_3_3
Parameters: 0.999986 -0.00526968 0.00114244 0.005274 0.999977 -0.00407447 -0.00112126 0.00408053 0.999991 0.212092 0.0444144 -0.99375
FixedParameters: 0 0 0

#Transform 91
Transform: AffineTransform_float_3_3
Parameters: 0.999988 -0.00478262 0.00108463 0.00478624 0.999981 -0.00366442 -0.00106729 0.00366958 0.999993 0.208491 0.0476922 -0.934435
FixedParameters: 0 0 0

#Transform 92
Transform: AffineTransform_float_3_3
Parameters: 0.999986 -0.00521091 0.000922955 0.00521412 0.99998 -0.00358983 -0.00090364 0.00359417 0.999993 0.203305 0.0356543 -1.10179
FixedParameters: 0 0 0

#Transform 93
Transform: AffineTransform_float_3_3
Parameters: 0.999985 -0.00543527 0.00089964 0.00543865 0.999976 -0.00436828 -0.00087524 0.00437272 0.99999 0.239099 0.030026 -1.10045
FixedParameters: 0 0 0

#Transform 94
Transform: AffineTransform_float_3_3
Parameters: 0.999987 -0.00491728 0.000792355 0.00492055 0.999979 -0.00414202 -0.00077195 0.00414597 0.999991 0.208451 0.0559347 -0.963698
FixedParameters: 0 0 0

#Transform 95
Transform: AffineTransform_float_3_3
Parameters: 0.999984 -0.00525797 0.00182647 0.00526601 0.999977 -0.00428551 -0.0018042 0.00429449 0.999989 0.194689 0.0262642 -1.09754
FixedParameters: 0 0 0

#Transform 96
Transform: AffineTransform_float_3_3
Parameters: 0.999985 -0.00515377 0.00178297 0.0051618 0.999977 -0.00449772 -0.00176032 0.00450729 0.999988 0.203132 0.050957 -1.01389
FixedParameters: 0 0 0

#Transform 97
Transform: AffineTransform_float_3_3
Parameters: 0.999983 -0.00538519 0.00187975 0.00539325 0.999978 -0.0040635 -0.00185785 0.0040735 0.999989 0.214185 0.0502716 -1.03459
FixedParameters: 0 0 0

#Transform 98
Transform: AffineTransform_float_3_3
Parameters: 0.999982 -0.00567537 0.00200496 0.00568405 0.999975 -0.00416146 -0.00198142 0.00417254 0.99999 0.216805 0.0310949 -1.11754
FixedParameters: 0 0 0

#Transform 99
Transform: AffineTransform_float_3_3
Parameters: 0.999985 -0.00508977 0.00175441 0.00509731 0.999978 -0.00431682 -0.00173326 0.00432518 0.999989 0.20935 0.0441202 -1.07735
FixedParameters: 0 0 0

#Transform 100
Transform: AffineTransform_float_3_3
Parameters: 0.999985 -0.00528084 0.00183968 0.00528892 0.999974 -0.00484305 -0.00181368 0.00485295 0.999987 0.182119 0.0558396 -1.11719
FixedParameters: 0 0 0

#Transform 101
Transform: AffineTransform_float_3_3
Parameters: 0.999983 -0.00560212 0.00151503 0.00560919 0.999973 -0.0046361 -0.00148942 0.0046449 0.999988 0.231378 0.0500292 -1.0786
FixedParameters: 0 0 0

#Transform 102
Transform: AffineTransform_float_3_3
Parameters: 0.999984 -0.00534449 0.00144382 0.00534887 0.99998 -0.00360434 -0.00142443 0.00361167 0.999993 0.197169 0.0429419 -1.05911
FixedParameters: 0 0 0

#Transform 103
Transform: AffineTransform_float_3_3
Parameters: 0.999984 -0.00549636 0.00146619 0.00550257 0.999976 -0.00408601 -0.00144485 0.004094 0.999991 0.219307 0.0449715 -1.02824
FixedParameters: 0 0 0

#Transform 104
Transform: AffineTransform_float_3_3
Parameters: 0.99998 -0.00583841 0.00210651 0.00584605 0.999976 -0.00383526 -0.00208411 0.00384674 0.99999 0.207238 0.0552493 -1.05321
FixedParameters: 0 0 0

#Transform 105
Transform: AffineTransform_float_3_3
Parameters: 0.999984 -0.00542713 0.00193165 0.0054344 0.999977 -0.00408899 -0.00190966 0.00409901 0.999989 0.206215 0.0457704 -1.0261
FixedParameters: 0 0 0

#Transform 106
Transform: AffineTransform_float_3_3
Parameters: 0.999983 -0.00540322 0.00192143 0.00541174 0.999977 -0.00409709 -0.00189902 0.00410691 0.999989 0.188597 0.0306719 -1.12187
FixedParameters: 0 0 0

#Transform 107
Transform: AffineTransform_float_3_3
Parameters: 0.999984 -0.00540365 0.00192322 0.00541147 0.999976 -0.00435473 -0.00189947 0.00436528 0.999989 0.205629 0.0580216 -1.05104
FixedParameters: 0 0 0

#Transform 108
Transform: AffineTransform_float_3_3
Parameters: 0.999983 -0.00549109 0.00195728 0.00549824 0.999978 -0.00380087 -0.00193609 0.00381212 0.99999 0.186995 0.0416442 -1.14241
FixedParameters: 0 0 0

#Transform 109
Transform: AffineTransform_float_3_3
Parameters: 0.999982 -0.00561942 0.00207958 0.00562877 0.999975 -0.004268 -0.00205622 0.00427901 0.999989 0.20403 0.0448332 -1.10507
FixedParameters: 0 0 0

#Transform 110
Transform: AffineTransform_float_3_3
Parameters: 0.999983 -0.0053746 0.00190959 0.00538291 0.999977 -0.00416885 -0.00188756 0.00417916 0.99999 0.176134 0.0589586 -1.11899
FixedParameters: 0 0 0

#Transform 111
Transform: AffineTransform_float_3_3
Parameters: 0.999983 -0.0053966 0.00230439 0.00540721 0.999975 -0.00452373 -0.00227938 0.00453626 0.999987 0.185235 0.0588157 -1.11558
FixedParameters: 0 0 0

#Transform 112
Transform: AffineTransform_float_3_3
Parameters: 0.999986 -0.00498864 0.00180028 0.00499693 0.999975 -0.00489626 -0.00177567 0.00490474 0.999987 0.179553 0.0683428 -1.09894
FixedParameters: 0 0 0

#Transform 113
Transform: AffineTransform_float_3_3
Parameters: 0.999984 -0.00494186 0.00247627 0.00495163 0.999978 -0.00424989 -0.00245548 0.00426211 0.999988 0.150571 0.0591355 -1.2076
FixedParameters: 0 0 0

#Transform 114
Transform: AffineTransform_float_3_3
Parameters: 0.999982 -0.00530772 0.00259434 0.00532058 0.999973 -0.00511361 -0.00256675 0.00512739 0.999983 0.180514 0.0786807 -1.14837
FixedParameters: 0 0 0

#Transform 115
Transform: AffineTransform_float_3_3
Parameters: 0.999981 -0.00588583 0.00215166 0.00589662 0.999971 -0.00492091 -0.00212292 0.00493309 0.999985 0.204095 0.0735028 -1.10885
FixedParameters: 0 0 0

#Transform 116
Transform: AffineTransform_float_3_3
Parameters: 0.999979 -0.00612619 0.00212605 0.00613535 0.999972 -0.00422106 -0.00209985 0.00423394 0.999989 0.190225 0.0535327 -1.17902
FixedParameters: 0 0 0

#Transform 117
Transform: AffineTransform_float_3_3
Parameters: 0.999979 -0.00621802 0.00216632 0.0062284 0.999969 -0.00479263 -0.0021359 0.00480638 0.999986 0.244842 0.0432011 -1.19839
FixedParameters: 0 0 0

#Transform 118
Transform: AffineTransform_float_3_3
Parameters: 0.99998 -0.00594463 0.00210545 0.00595409 0.999973 -0.0043342 -0.00207943 0.00434679 0.999988 0.206913 0.0627431 -1.14367
FixedParameters: 0 0 0

#Transform 119
Transform: AffineTransform_float_3_3
Parameters: 0.999978 -0.00624733 0.00229983 0.00625597 0.999973 -0.00390007 -0.0022753 0.00391493 0.99999 0.215792 0.0430987 -1.19918
FixedParameters: 0 0 0

#Transform 120
Transform: AffineTransform_float_3_3
Parameters: 0.999978 -0.00630481 0.00206325 0.00631474 0.999968 -0.00479624 -0.00203326 0.00480976 0.999987 0.245845 0.0615906 -1.15418
FixedParameters: 0 0 0

#Transform 121
Transform: AffineTransform_float_3_3
Parameters: 0.999975 -0.00661572 0.00254441 0.00662551 0.99997 -0.00382753 -0.00251886 0.00384446 0.999989 0.214095 0.0431478 -1.26417
FixedParameters: 0 0 0

#Transform 122
Transform: AffineTransform_float_3_3
Parameters: 0.999974 -0.0066344 0.00280785 0.00664737 0.999966 -0.00476181 -0.0027767 0.00478019 0.999984 0.241173 0.048003 -1.28531
FixedParameters: 0 0 0

#Transform 123
Transform: AffineTransform_float_3_3
Parameters: 0.999976 -0.00656699 0.00249891 0.0065782 0.999967 -0.00473898 -0.00246819 0.00475503 0.999985 0.230119 0.0477802 -1.28461
FixedParameters: 0 0 0

#Transform 124
Transform: AffineTransform_float_3_3
Parameters: 0.999975 -0.00667184 0.00230225 0.00668116 0.99997 -0.00401732 -0.00227506 0.00403268 0.999989 0.21848 0.0452249 -1.33846
FixedParameters: 0 0 0

#Transform 125
Transform: AffineTransform_float_3_3
Parameters: 0.999978 -0.00634893 0.0022339 0.00635953 0.999969 -0.00469663 -0.00220344 0.00471037 0.999986 0.228201 0.0302627 -1.32483
FixedParameters: 0 0 0

#Transform 126
Transform: AffineTransform_float_3_3
Parameters: 0.999975 -0.00673934 0.00221392 0.00674907 0.999968 -0.00432956 -0.00218512 0.00434544 0.999988 0.223971 0.0341414 -1.3707
FixedParameters: 0 0 0

#Transform 127
Transform: AffineTransform_float_3_3
Parameters: 0.999974 -0.00680194 0.00229097 0.00681122 0.999968 -0.00420111 -0.00226207 0.00421689 0.999988 0.229534 0.0350178 -1.34477
FixedParameters: 0 0 0

#Transform 128
Transform: AffineTransform_float_3_3
Parameters: 0.999974 -0.00681154 0.00259588 0.00682329 0.999965 -0.00466407 -0.00256385 0.00468193 0.999986 0.244893 0.0446918 -1.36349
FixedParameters: 0 0 0

#Transform 129
Transform: AffineTransform_float_3_3
Parameters: 0.999976 -0.00636718 0.00294053 0.00638216 0.999967 -0.0051142 -0.00290796 0.0051328 0.999982 0.245604 0.056258 -1.25419
FixedParameters: 0 0 0

#Transform 130
Transform: AffineTransform_float_3_3
Parameters: 0.999977 -0.00638645 0.00237133 0.00639583 0.999971 -0.0040235 -0.00234505 0.00403849 0.999989 0.200777 0.0642202 -1.27005
FixedParameters: 0 0 0

#Transform 131
Transform: AffineTransform_float_3_3
Parameters: 0.999974 -0.00677269 0.00216358 0.00678077 0.999969 -0.00398919 -0.00213597 0.00400381 0.999989 0.227177 0.0602555 -1.25037
FixedParameters: 0 0 0

#Transform 132
Transform: AffineTransform_float_3_3
Parameters: 0.999977 -0.00643625 0.00224309 0.00644599 0.99997 -0.00439338 -0.00221479 0.00440763 0.999988 0.212161 0.074334 -1.28591
FixedParameters: 0 0 0

#Transform 133
Transform: AffineTransform_float_3_3
Parameters: 0.999975 -0.00673933 0.00242204 0.00675065 0.999966 -0.00464022 -0.00239049 0.00465678 0.999986 0.237923 0.0550525 -1.30234
FixedParameters: 0 0 0

#Transform 134
Transform: AffineTransform_float_3_3
Parameters: 0.999978 -0.0058524 0.00294383 0.00585706 0.999982 -0.00138188 -0.00293583 0.00139912 0.999995 0.190209 0.073702 -1.07339
FixedParameters: 0 0 0

#Transform 135
Transform: AffineTransform_float_3_3
Parameters: 0.999977 -0.0061466 0.00259784 0.00615173 0.999979 -0.00203798 -0.00258556 0.00205403 0.999994 0.281845 0.0451057 -1.0823
FixedParameters: 0 0 0

#Transform 136
Transform: AffineTransform_float_3_3
Parameters: 0.999985 -0.00475113 0.00244763 0.00475238 0.999988 -0.000490106 -0.00244568 0.000501898 0.999997 0.16898 0.0292529 -1.02838
FixedParameters: 0 0 0

#Transform 137
Transform: AffineTransform_float_3_3
Parameters: 0.999983 -0.00522471 0.00232274 0.00522649 0.999986 -0.000629834 -0.00231886 0.000641165 0.999997 0.178449 0.0265297 -0.772877
FixedParameters: 0 0 0

#Transform 138
Transform: AffineTransform_float_3_3
Parameters: 0.999984 -0.00551441 0.00163216 0.00551592 0.999984 -0.00117838 -0.00162463 0.00118761 0.999998 0.228357 0.0112841 -0.889986
FixedParameters: 0 0 0

#Transform 139
Transform: AffineTransform_float_3_3
Parameters: 0.999983 -0.0055716 0.0012445 0.0055742 0.999982 -0.0018784 -0.00123351 0.00188559 0.999997 0.192627 -0.0231683 -1.03226
FixedParameters: 0 0 0

#Transform 140
Transform: AffineTransform_float_3_3
Parameters: 0.999989 -0.00468881 0.000611935 0.0046893 0.999989 -0.000925654 -0.000607314 0.000928346 0.999999 0.19347 0.00213417 -0.939143
FixedParameters: 0 0 0

#Transform 141
Transform: AffineTransform_float_3_3
Parameters: 0.999989 -0.00446883 0.000750703 0.00447023 0.999988 -0.00179466 -0.00074279 0.00179834 0.999998 0.219271 -0.0137292 -0.921219
FixedParameters: 0 0 0

#Transform 142
Transform: AffineTransform_float_3_3
Parameters: 0.999991 -0.00397392 0.00153866 0.00397634 0.999991 -0.00154829 -0.00153185 0.00155471 0.999997 0.152292 -0.0211485 -0.929079
FixedParameters: 0 0 0

#Transform 143
Transform: AffineTransform_float_3_3
Parameters: 0.999986 -0.00507015 0.00136399 0.00507226 0.999987 -0.00143675 -0.00135621 0.00144325 0.999998 0.19628 -0.00171793 -0.952331
FixedParameters: 0 0 0

#Transform 144
Transform: AffineTransform_float_3_3
Parameters: 0.999987 -0.00499463 0.000879519 0.00499461 0.999987 -0.000208483 -0.000878332 0.000213518 1 0.232407 0.0054026 -0.945161
FixedParameters: 0 0 0

#Transform 145
Transform: AffineTransform_float_3_3
Parameters: 0.999993 -0.00356463 0.00092034 0.00356257 0.999992 0.00209847 -0.000928451 -0.00209553 0.999997 0.136997 -0.0175577 -0.953272
FixedParameters: 0 0 0

#Transform 146
Transform: AffineTransform_float_3_3
Parameters: 0.999994 -0.0033912 0.000523719 0.00339052 0.999994 0.000891524 -0.000526606 -0.000889475 1 0.163949 0.0134527 -0.850536
FixedParameters: 0 0 0

#Transform 147
Transform: AffineTransform_float_3_3
Parameters: 0.999991 -0.00423046 0.000736877 0.00423018 0.999991 -7.67321e-05 -0.000737138 7.92723e-05 0.999999 0.176142 -0.00239462 -0.809593
FixedParameters: 0 0 0

#Transform 148
Transform: AffineTransform_float_3_3
Parameters: 0.999989 -0.00446371 0.00100982 0.00446494 0.99999 -0.000536705 -0.00100723 0.000541295 0.999999 0.143071 -0.0251765 -0.954039
FixedParameters: 0 0 0

#Transform 149
Transform: AffineTransform_float_3_3
Parameters: 0.99999 -0.00422774 0.000844937 0.00422864 0.999991 -0.000911924 -0.00084128 0.000916078 0.999999 0.166095 0.0171593 -0.854127
FixedParameters: 0 0 0

#Transform 150
Transform: AffineTransform_float_3_3
Parameters: 0.999991 -0.00407841 0.000376675 0.00407824 0.999992 -0.000298748 -0.000375152 0.000300252 1 0.153113 0.0104956 -0.880555
FixedParameters: 0 0 0

#Transform 151
Transform: AffineTransform_float_3_3
Parameters: 0.999991 -0.00428824 0.000174695 0.00428758 0.999991 -0.0010597 -0.000170598 0.00106031 1 0.149722 -0.0119859 -0.92442
FixedParameters: 0 0 0

#Transform 152
Transform: AffineTransform_float_3_3
Parameters: 0.999992 -0.00383078 0.000218686 0.00383038 0.999991 -0.00207595 -0.000210927 0.00207606 0.999998 0.131937 0.0101353 -0.797645
FixedParameters: 0 0 0

#Transform 153
Transform: AffineTransform_float_3_3
Parameters: 0.999992 -0.00413796 0.000603129 0.00413842 0.99999 -0.00156965 -0.000596041 0.00157235 0.999999 0.108645 0.00722615 -0.829819
FixedParameters: 0 0 0

#Transform 154
Transform: AffineTransform_float_3_3
Parameters: 0.999993 -0.00382205 0.000832543 0.0038242 0.999991 -0.00207117 -0.000824841 0.00207383 0.999997 0.143027 0.0235283 -0.810846
FixedParameters: 0 0 0

#Transform 155
Transform: AffineTransform_float_3_3
Parameters: 0.999992 -0.00384096 0.000919732 0.00384228 0.999992 -0.00149681 -0.000914132 0.00150019 0.999998 0.11577 0.0169467 -0.898553
FixedParameters: 0 0 0

#Transform 156
Transform: AffineTransform_float_3_3
Parameters: 0.999989 -0.00461742 0.000986994 0.00461936 0.999987 -0.00223267 -0.000977256 0.00223733 0.999997 0.129965 0.0113397 -1.02689
FixedParameters: 0 0 0

#Transform 157
Transform: AffineTransform_float_3_3
Parameters: 0.999988 -0.00473472 0.00107863 0.00473617 0.999987 -0.00206549 -0.00106864 0.00207052 0.999998 0.160356 0.0218884 -1.00782
FixedParameters: 0 0 0

#Transform 158
Transform: AffineTransform_float_3_3
Parameters: 0.999987 -0.00487501 0.000929022 0.00487648 0.999985 -0.00233822 -0.000918026 0.00234278 0.999997 0.157694 0.0191662 -0.998552
FixedParameters: 0 0 0

#Transform 159
Transform: AffineTransform_float_3_3
Parameters: 0.999986 -0.00530819 0.00102775 0.00531088 0.999983 -0.00245217 -0.00101482 0.00245783 0.999997 0.179374 0.00371335 -1.04929
FixedParameters: 0 0 0

#Transform 160
Transform: AffineTransform_float_3_3
Parameters: 0.99999 -0.00460508 0.000525924 0.00460591 0.999986 -0.00264676 -0.000513751 0.00264924 0.999996 0.206944 -0.0027989 -1.03874
FixedParameters: 0 0 0

#Transform 161
Transform: AffineTransform_float_3_3
Parameters: 0.999993 -0.00381752 0.000892334 0.00381995 0.99999 -0.00252879 -0.000882997 0.00253121 0.999996 0.125904 -0.00755393 -0.918022
FixedParameters: 0 0 0

#Transform 162
Transform: AffineTransform_float_3_3
Parameters: 0.99999 -0.00431364 0.00161505 0.004319 0.999984 -0.00373218 -0.00159845 0.00373883 0.999992 0.150947 -0.00420647 -0.959617
FixedParameters: 0 0 0

#Transform 163
Transform: AffineTransform_float_3_3
Parameters: 0.999988 -0.00473595 0.00128935 0.00474071 0.999983 -0.00336349 -0.00127427 0.00337051 0.999993 0.159966 -0.0122107 -1.01351
FixedParameters: 0 0 0

#Transform 164
Transform: AffineTransform_float_3_3
Parameters: 0.999982 -0.00573165 0.00170607 0.0057385 0.999976 -0.00385116 -0.00168418 0.00386185 0.999991 0.187452 -0.00616973 -1.06892
FixedParameters: 0 0 0

#Transform 165
Transform: AffineTransform_float_3_3
Parameters: 0.999981 -0.00594027 0.0011827 0.00594484 0.999974 -0.00415138 -0.00115828 0.00415862 0.99999 0.218756 -0.00634064 -1.10403
FixedParameters: 0 0 0

#Transform 166
Transform: AffineTransform_float_3_3
Parameters: 0.999981 -0.00599682 0.0012728 0.00600186 0.999975 -0.00373162 -0.0012511 0.00373939 0.999993 0.203275 -0.023007 -1.15537
FixedParameters: 0 0 0

#Transform 167
Transform: AffineTransform_float_3_3
Parameters: 0.999983 -0.00578808 0.000948245 0.00579169 0.999973 -0.00461121 -0.000922013 0.0046168 0.999989 0.196886 0.0130474 -1.07256
FixedParameters: 0 0 0

#Transform 168
Transform: AffineTransform_float_3_3
Parameters: 0.999982 -0.00579212 0.00159752 0.00579807 0.999976 -0.00358253 -0.00157645 0.00359147 0.999993 0.160899 -0.013962 -1.17499
FixedParameters: 0 0 0

#Transform 169
Transform: AffineTransform_float_3_3
Parameters: 0.999985 -0.00537926 0.0015065 0.00538661 0.999975 -0.00448996 -0.00148269 0.00449804 0.999988 0.172662 -0.0116066 -1.16047
FixedParameters: 0 0 0

#Transform 170
Transform: AffineTransform_float_3_3
Parameters: 0.999984 -0.00546403 0.00130395 0.00546968 0.999975 -0.0043891 -0.00127958 0.0043959 0.99999 0.17482 -0.00099436 -1.14741
FixedParameters: 0 0 0

#Transform 171
Transform: AffineTransform_float_3_3
Parameters: 0.999982 -0.00585246 0.00146771 0.00585762 0.999975 -0.0039045 -0.00144428 0.00391349 0.999991 0.150704 -0.00637945 -1.19191
FixedParameters: 0 0 0

#Transform 172
Transform: AffineTransform_float_3_3
Parameters: 0.999983 -0.00564112 0.000921203 0.00564421 0.999976 -0.00410748 -0.000897945 0.00411252 0.999991 0.187702 -0.000862856 -1.18577
FixedParameters: 0 0 0

#Transform 173
Transform: AffineTransform_float_3_3
Parameters: 0.999983 -0.00573274 0.000262668 0.00573422 0.999978 -0.00331439 -0.000243038 0.00331561 0.999995 0.173686 0.0018513 -1.15191
FixedParameters: 0 0 0

#Transform 174
Transform: AffineTransform_float_3_3
Parameters: 0.999985 -0.00544292 0.000447179 0.00544443 0.999979 -0.00345531 -0.00042846 0.00345769 0.999993 0.128745 -0.0159211 -1.28754
FixedParameters: 0 0 0

#Transform 175
Transform: AffineTransform_float_3_3
Parameters: 0.999984 -0.00567285 0.000407617 0.0056747 0.999974 -0.00439796 -0.000381996 0.00440003 0.99999 0.174188 -0.00478922 -1.2481
FixedParameters: 0 0 0

#Transform 176
Transform: AffineTransform_float_3_3
Parameters: 0.999984 -0.00568308 -4.94532e-06 0.00568262 0.999975 -0.00418988 2.88006e-05 0.00419011 0.999991 0.184377 -0.00270721 -1.2395
FixedParameters: 0 0 0

#Transform 177
Transform: AffineTransform_float_3_3
Parameters: 0.999982 -0.0059644 0.000109874 0.00596488 0.999974 -0.00409893 -8.47426e-05 0.00409907 0.999992 0.16353 -0.0273552 -1.33122
FixedParameters: 0 0 0

#Transform 178
Transform: AffineTransform_float_3_3
Parameters: 0.999981 -0.00625608 -0.000343398 0.00625385 0.999971 -0.00417548 0.000369232 0.00417353 0.999992 0.186435 -0.00528681 -1.31928
FixedParameters: 0 0 0

#Transform 179
Transform: AffineTransform_float_3_3
Parameters: 0.99998 -0.00635112 0.000221143 0.00635231 0.99997 -0.00421306 -0.000194536 0.00421394 0.999991 0.180963 -0.00618222 -1.36095
FixedParameters: 0 0 0
