#Insight Transform File V1.0
#Transform 0
Transform: AffineTransform_float_3_3
Parameters: 0.999999 -0.000355083 0.000908962 0.000356334 0.999999 -0.00140968 -0.000908489 0.00141032 0.999998 0.107199 -0.385374 -0.481735
FixedParameters: 0 0 0

#Transform 1
Transform: AffineTransform_float_3_3
Parameters: 1 0.000545959 6.84145e-05 -0.000546045 1 0.00062881 -6.77282e-05 -0.000628189 0.999999 0.0181282 0.0882571 -0.167416
FixedParameters: 0 0 0

#Transform 2
Transform: AffineTransform_float_3_3
Parameters: 1 0.000128745 0.000245213 -0.000129281 1 0.00109297 -0.000244931 -0.00109303 1 0.00187994 0.144411 -0.142995
FixedParameters: 0 0 0

#Transform 3
Transform: AffineTransform_float_3_3
Parameters: 1 0.000584686 0.000344069 -0.000584058 0.999999 0.000425799 -0.000343961 -0.000426201 1 0.0201329 0.130656 -0.17065
FixedParameters: 0 0 0

#Transform 4
Transform: AffineTransform_float_3_3
Parameters: 0.999999 0.000593732 -0.000680946 -0.000594722 0.999999 -0.00101444 0.000680661 0.00101456 1 0.00167331 0.124341 -0.0897095
FixedParameters: 0 0 0

#Transform 5
Transform: AffineTransform_float_3_3
Parameters: 1 0.000345808 -7.58015e-05 -0.00034605 1 0.000983667 7.55618e-05 -0.000984334 0.999999 -0.00420328 0.171201 -0.121105
FixedParameters: 0 0 0

#Transform 6
Transform: AffineTransform_float_3_3
Parameters: 1 0.000356374 -0.000538415 -0.000356418 0.999999 0.00117619 0.000538723 -0.00117581 0.999999 0.0241118 0.152891 -0.198993
FixedParameters: 0 0 0

#Transform 7
Transform: AffineTransform_float_3_3
Parameters: 1 0.000241012 -1.28827e-05 -0.000240976 0.999999 0.001377 1.35464e-05 -0.001377 0.999999 0.0359631 0.152928 -0.202211
FixedParameters: 0 0 0

#Transform 8
Transform: AffineTransform_float_3_3
Parameters: 1 0.000346946 0.000237641 -0.000347071 0.999999 0.00137692 -0.000237996 -0.00137708 0.999999 0.0258279 0.156816 -0.193229
FixedParameters: 0 0 0

#Transform 9
Transform: AffineTransform_float_3_3
Parameters: 1 0.000264391 4.23137e-05 -0.000264485 1 0.00112699 -4.17177e-05 -0.00112701 1 0.0516334 0.141603 -0.221983
FixedParameters: 0 0 0

#Transform 10
Transform: AffineTransform_float_3_3
Parameters: 1 0.000351922 0.000249737 -0.000352254 0.999999 0.00172491 -0.000249833 -0.00172509 0.999999 0.0129737 0.160069 -0.218118
FixedParameters: 0 0 0

#Transform 11
Transform: AffineTransform_float_3_3
Parameters: 1 0.000331395 0.000200754 -0.000332284 0.999999 0.00124193 -0.000200851 -0.00124207 0.999999 0.0561806 0.161856 -0.270246
FixedParameters: 0 0 0

#Transform 12
Transform: AffineTransform_float_3_3
Parameters: 1 0.000211004 -8.38515e-05 -0.000210811 1 0.00114702 8.43353e-05 -0.00114698 1 0.032737 0.147903 -0.267093
FixedParameters: 0 0 0

#Transform 13
Transform: AffineTransform_float_3_3
Parameters: 1 0.000316399 -4.25641e-05 -0.000315746 0.999999 0.00145001 4.21694e-05 -0.00144999 0.999999 0.0438279 0.166645 -0.278493
FixedParameters: 0 0 0

#Transform 14
Transform: AffineTransform_float_3_3
Parameters: 1 0.000135837 -0.000261574 -0.000135548 0.999999 0.00130104 0.000261007 -0.00130096 0.999999 0.0377456 0.164822 -0.257479
FixedParameters: 0 0 0

#Transform 15
Transform: AffineTransform_float_3_3
Parameters: 1 0.000457693 0.000147 -0.000457814 1 0.00041078 -0.000146624 -0.00041022 0.999999 0.0403938 0.147972 -0.251512
FixedParameters: 0 0 0

#Transform 16
Transform: AffineTransform_float_3_3
Parameters: 1 0.000675154 -0.000139168 -0.000673945 0.999999 0.00103409 0.000140172 -0.00103391 1 0.0102528 0.15275 -0.223329
FixedParameters: 0 0 0

#Transform 17
Transform: AffineTransform_float_3_3
Parameters: 1 0.000161519 -0.00020081 -0.000161051 1 0.00116203 0.000201185 -0.00116197 1 0.0600474 0.165545 -0.243457
FixedParameters: 0 0 0

#Transform 18
Transform: AffineTransform_float_3_3
Parameters: 1 -0.000386913 -1.11114e-05 0.000386938 1 0.001157 1.02161e-05 -0.001157 1 0.0606293 0.146726 -0.263048
FixedParameters: 0 0 0

#Transform 19
Transform: AffineTransform_float_3_3
Parameters: 1 -0.000490225 -0.000255069 0.000489794 1 0.000960876 0.000254518 -0.000961126 1 0.0512745 0.164735 -0.233941
FixedParameters: 0 0 0

#Transform 20
Transform: AffineTransform_float_3_3
Parameters: 1 7.57716e-06 -2.05811e-05 -7.53417e-06 1 0.001044 2.05969e-05 -0.001044 1 0.0576713 0.17021 -0.205238
FixedParameters: 0 0 0

#Transform 21
Transform: AffineTransform_float_3_3
Parameters: 1 -0.000556573 -0.000330338 0.000556987 0.999999 0.00142882 0.000330058 -0.00142918 0.999999 0.0458218 0.185526 -0.189261
FixedParameters: 0 0 0

#Transform 22
Transform: AffineTransform_float_3_3
Parameters: 0.999999 -0.000902604 -0.000188403 0.000903539 0.999998 0.00145368 0.000186698 -0.00145332 0.999998 0.0460313 0.175994 -0.170142
FixedParameters: 0 0 0

#Transform 23
Transform: AffineTransform_float_3_3
Parameters: 1 -0.000605723 -7.94315e-05 0.000606352 0.999998 0.00150395 7.85291e-05 -0.00150405 0.999999 0.0834725 0.166494 -0.216409
FixedParameters: 0 0 0

#Transform 24
Transform: AffineTransform_float_3_3
Parameters: 1 -0.000295989 0.000527746 0.00029501 0.999999 0.00179716 -0.000529199 -0.00179684 0.999998 0.0566188 0.176124 -0.206834
FixedParameters: 0 0 0

#Transform 25
Transform: AffineTransform_float_3_3
Parameters: 0.999999 -0.000672064 -0.000310866 0.000672471 0.999998 0.00150779 0.00031015 -0.00150821 0.999999 0.0614301 0.142592 -0.236552
FixedParameters: 0 0 0

#Transform 26
Transform: AffineTransform_float_3_3
Parameters: 0.999999 -0.000745165 0.000184214 0.000744877 1 0.000777778 -0.000185373 -0.000778222 1 0.0509035 0.158752 -0.216898
FixedParameters: 0 0 0

#Transform 27
Transform: AffineTransform_float_3_3
Parameters: 0.999999 -0.000771065 0.000122439 0.000771335 0.999997 0.00207709 -0.000123801 -0.0020769 0.999998 0.0494828 0.175101 -0.19469
FixedParameters: 0 0 0

#Transform 28
Transform: AffineTransform_float_3_3
Parameters: 0.999999 -0.000766707 0.000133042 0.000766706 0.999998 0.0014651 -0.000134368 -0.0014649 0.999999 0.0897038 0.175308 -0.216926
FixedParameters: 0 0 0

#Transform 29
Transform: AffineTransform_float_3_3
Parameters: 1 -0.000542904 3.81642e-05 0.000543144 0.999998 0.00194102 -3.93517e-05 -0.00194098 0.999998 0.0588171 0.192891 -0.188269
FixedParameters: 0 0 0

#Transform 30
Transform: AffineTransform_float_3_3
Parameters: 0.999999 -0.000766779 0.000132624 0.000766632 0.999997 0.0020111 -0.000134787 -0.0020109 0.999998 0.0612562 0.187026 -0.184316
FixedParameters: 0 0 0

#Transform 31
Transform: AffineTransform_float_3_3
Parameters: 0.999999 -0.000766673 0.000133236 0.00076674 0.999999 0.0012121 -0.000134174 -0.0012119 1 0.0650535 0.159415 -0.190739
FixedParameters: 0 0 0

#Transform 32
Transform: AffineTransform_float_3_3
Parameters: 1 0.000648198 0.000228629 -0.000648321 0.999999 0.00142885 -0.000228087 -0.00142915 0.999999 -0.0305254 0.171153 -0.0854385
FixedParameters: 0 0 0

#Transform 33
Transform: AffineTransform_float_3_3
Parameters: 0.999999 0.00010926 0.000973173 -0.000111812 0.999999 0.00178389 -0.00097317 -0.00178411 0.999998 0.0126724 0.165634 -0.0824036
FixedParameters: 0 0 0

#Transform 34
Transform: AffineTransform_float_3_3
Parameters: 1 -0.000183234 0.000291133 0.000181983 0.999997 0.00214505 -0.000291917 -0.00214495 0.999997 0.0169352 0.184652 -0.0981106
FixedParameters: 0 0 0

#Transform 35
Transform: AffineTransform_float_3_3
Parameters: 0.999999 -0.000673496 0.000353644 0.000673286 0.999998 0.00214288 -0.000356001 -0.00214312 0.999997 0.072431 0.164904 -0.163676
FixedParameters: 0 0 0

#Transform 36
Transform: AffineTransform_float_3_3
Parameters: 0.999999 -0.00045923 0.000833089 0.000457427 0.999998 0.00210302 -0.000833567 -0.00210298 0.999997 0.0945377 0.181497 -0.191621
FixedParameters: 0 0 0

#Transform 37
Transform: AffineTransform_float_3_3
Parameters: 0.999999 -0.000637633 0.000616241 0.000635597 0.999997 0.00228439 -0.000617308 -0.00228361 0.999997 0.0635269 0.189614 -0.155646
FixedParameters: 0 0 0

#Transform 38
Transform: AffineTransform_float_3_3
Parameters: 0.999999 -0.000768624 0.000601336 0.000767116 0.999998 0.00190246 -0.000602416 -0.00190154 0.999998 0.0861613 0.189556 -0.164829
FixedParameters: 0 0 0

#Transform 39
Transform: AffineTransform_float_3_3
Parameters: 1 -0.000627469 0.000913443 0.000625502 0.999997 0.00250937 -0.000915528 -0.00250963 0.999996 0.0808226 0.197627 -0.119313
FixedParameters: 0 0 0

#Transform 40
Transform: AffineTransform_float_3_3
Parameters: 0.999999 -0.00108322 0.000972441 0.00108183 0.999997 0.00226085 -0.000975355 -0.00226015 0.999997 0.062451 0.197713 -0.11196
FixedParameters: 0 0 0

#Transform 41
Transform: AffineTransform_float_3_3
Parameters: 0.999999 -0.00128689 0.000463903 0.00128576 0.999997 0.00205224 -0.000467341 -0.00205176 0.999998 0.0782447 0.180877 -0.146197
FixedParameters: 0 0 0

#Transform 42
Transform: AffineTransform_float_3_3
Parameters: 0.999999 -0.00082325 0.00115142 0.000820037 0.999997 0.0023031 -0.00115284 -0.0023019 0.999997 0.075043 0.181769 -0.1508
FixedParameters: 0 0 0

#Transform 43
Transform: AffineTransform_float_3_3
Parameters: 0.999999 -0.00103668 0.000802598 0.00103502 0.999996 0.00257747 -0.000804645 -0.00257653 0.999996 0.054169 0.193587 -0.130303
FixedParameters: 0 0 0

#Transform 44
Transform: AffineTransform_float_3_3
Parameters: 0.999999 -0.00118791 0.000958662 0.00118516 0.999996 0.00252293 -0.000962278 -0.00252207 0.999996 0.0981593 0.184206 -0.150806
FixedParameters: 0 0 0

#Transform 45
Transform: AffineTransform_float_3_3
Parameters: 0.999999 -0.00107793 0.000805009 0.00107559 0.999996 0.00242366 -0.000806546 -0.00242334 0.999997 0.0779878 0.191552 -0.153295
FixedParameters: 0 0 0

#Transform 46
Transform: AffineTransform_float_3_3
Parameters: 0.999999 -0.00111812 0.000792258 0.00111633 0.999996 0.00269553 -0.000794988 -0.00269448 0.999996 0.0713773 0.190576 -0.140399
FixedParameters: 0 0 0

#Transform 47
Transform: AffineTransform_float_3_3
Parameters: 1 -0.00113901 0.00024562 0.00113799 0.999996 0.00258092 -0.000248344 -0.00258108 0.999996 0.0831545 0.188147 -0.143176
FixedParameters: 0 0 0

#Transform 48
Transform: AffineTransform_float_3_3
Parameters: 0.999999 -0.000650023 0.000466048 0.000649348 0.999997 0.0025441 -0.000467904 -0.0025449 0.999997 0.0313492 0.212274 -0.150084
FixedParameters: 0 0 0

#Transform 49
Transform: AffineTransform_float_3_3
Parameters: 0.999999 -0.000530465 0.000672069 0.000529252 0.999998 0.00216715 -0.000672916 -0.00216785 0.999997 0.0600362 0.198494 -0.187227
FixedParameters: 0 0 0

#Transform 50
Transform: AffineTransform_float_3_3
Parameters: 0.999999 -0.000611726 0.000520684 0.000609763 0.999998 0.00225632 -0.000522519 -0.00225568 0.999998 0.054196 0.203398 -0.16982
FixedParameters: 0 0 0

#Transform 51
Transform: AffineTransform_float_3_3
Parameters: 0.999999 -0.000550035 0.000680052 0.000548342 0.999996 0.00249437 -0.000681341 -0.00249362 0.999996 0.0574206 0.201264 -0.163786
FixedParameters: 0 0 0

#Transform 52
Transform: AffineTransform_float_3_3
Parameters: 1 -0.000300277 0.00052826 0.000299261 0.999998 0.00220116 -0.00052905 -0.00220084 0.999998 0.0573603 0.186965 -0.183686
FixedParameters: 0 0 0

#Transform 53
Transform: AffineTransform_float_3_3
Parameters: 0.999999 -0.000954372 0.00085079 0.000952599 0.999997 0.00226981 -0.000852746 -0.00226819 0.999997 0.0657008 0.202077 -0.196708
FixedParameters: 0 0 0

#Transform 54
Transform: AffineTransform_float_3_3
Parameters: 1 -0.00010741 0.000493673 0.000106893 0.999999 0.00185205 -0.00049354 -0.00185195 0.999998 0.044906 0.188085 -0.171822
FixedParameters: 0 0 0

#Transform 55
Transform: AffineTransform_float_3_3
Parameters: 1 -0.000195116 0.000674032 0.000194025 0.999999 0.00178213 -0.000674195 -0.00178187 0.999998 0.0253351 0.175902 -0.211647
FixedParameters: 0 0 0

#Transform 56
Transform: AffineTransform_float_3_3
Parameters: 1 -0.0001672 0.00112349 0.000165443 0.999998 0.00194934 -0.00112308 -0.00194966 0.999997 0.0328167 0.198482 -0.191648
FixedParameters: 0 0 0

#Transform 57
Transform: AffineTransform_float_3_3
Parameters: 0.999999 -0.000559946 0.000540312 0.000558208 0.999998 0.0019673 -0.000541591 -0.0019667 0.999998 0.0453398 0.18882 -0.208969
FixedParameters: 0 0 0

#Transform 58
Transform: AffineTransform_float_3_3
Parameters: 0.999999 -0.000759692 0.000496548 0.000758514 0.999997 0.00197153 -0.0004977 -0.00197147 0.999998 0.0183939 0.197216 -0.169112
FixedParameters: 0 0 0

#Transform 59
Transform: AffineTransform_float_3_3
Parameters: 1 -0.00101824 0.000678556 0.00101648 0.999997 0.00186669 -0.000680512 -0.00186531 0.999998 0.0675158 0.206868 -0.180788
FixedParameters: 0 0 0

#Transform 60
Transform: AffineTransform_float_3_3
Parameters: 0.999999 -0.0012577 0.000579366 0.00125626 0.999996 0.00225073 -0.000582261 -0.00224927 0.999998 0.0774267 0.183559 -0.195993
FixedParameters: 0 0 0

#Transform 61
Transform: AffineTransform_float_3_3
Parameters: 1 -0.00107141 0.000349613 0.00107106 0.999998 0.00161602 -0.000351234 -0.00161598 0.999998 0.0768822 0.186585 -0.192863
FixedParameters: 0 0 0

#Transform 62
Transform: AffineTransform_float_3_3
Parameters: 0.999999 -0.00112955 0.00104183 0.00112789 0.999998 0.00161682 -0.00104403 -0.00161518 0.999997 0.096211 0.191313 -0.201537
FixedParameters: 0 0 0

#Transform 63
Transform: AffineTransform_float_3_3
Parameters: 0.999999 -0.00165777 0.000750116 0.00165625 0.999997 0.00179189 -0.00075329 -0.00179011 0.999998 0.0700179 0.190272 -0.185305
FixedParameters: 0 0 0

#Transform 64
Transform: AffineTransform_float_3_3
Parameters: 0.999999 -0.00163772 0.00079753 0.00163737 0.999998 0.00152759 -0.00080016 -0.00152641 0.999998 0.0953416 0.163053 -0.207073
FixedParameters: 0 0 0

#Transform 65
Transform: AffineTransform_float_3_3
Parameters: 0.999998 -0.00130563 0.0010006 0.00130422 0.999997 0.0019451 -0.00100238 -0.0019439 0.999998 0.0649866 0.201171 -0.172058
FixedParameters: 0 0 0

#Transform 66
Transform: AffineTransform_float_3_3
Parameters: 0.999999 -0.00168295 0.000690502 0.00168186 0.999997 0.00163444 -0.000693239 -0.00163355 0.999998 0.0737996 0.173547 -0.199499
FixedParameters: 0 0 0

#Transform 67
Transform: AffineTransform_float_3_3
Parameters: 0.999999 -0.00160244 0.000881069 0.00160153 0.999997 0.00170269 -0.000884151 -0.0017013 0.999998 0.0936308 0.176374 -0.180476
FixedParameters: 0 0 0

#Transform 68
Transform: AffineTransform_float_3_3
Parameters: 0.999999 -0.00134233 0.000774894 0.00134027 0.999997 0.00207868 -0.000777706 -0.00207732 0.999997 0.0608946 0.183982 -0.172789
FixedParameters: 0 0 0

#Transform 69
Transform: AffineTransform_float_3_3
Parameters: 0.999999 -0.00123854 0.000460202 0.0012377 0.999997 0.00175657 -0.000462709 -0.00175543 0.999999 0.0812769 0.179836 -0.174344
FixedParameters: 0 0 0

#Transform 70
Transform: AffineTransform_float_3_3
Parameters: 0.999998 -0.00126487 0.0010891 0.00126326 0.999998 0.00170302 -0.00109103 -0.00170098 0.999998 0.0865313 0.16906 -0.197689
FixedParameters: 0 0 0

#Transform 71
Transform: AffineTransform_float_3_3
Parameters: 0.999998 -0.00159067 0.000500345 0.00159005 0.999997 0.00177944 -0.000503242 -0.00177856 0.999999 0.056665 0.171523 -0.163693
FixedParameters: 0 0 0

#Transform 72
Transform: AffineTransform_float_3_3
Parameters: 0.999999 -0.00114123 0.000823755 0.00114096 0.999999 0.00119858 -0.000825039 -0.00119742 0.999999 0.0789685 0.166487 -0.19107
FixedParameters: 0 0 0

#Transform 73
Transform: AffineTransform_float_3_3
Parameters: 0.999999 -0.000962869 0.0010025 0.00096078 0.999998 0.00188961 -0.00100469 -0.00188839 0.999998 0.053997 0.169982 -0.167009
FixedParameters: 0 0 0

#Transform 74
Transform: AffineTransform_float_3_3
Parameters: 0.999999 -0.00123304 0.000128543 0.00123276 0.999997 0.00207865 -0.000130515 -0.00207835 0.999997 0.0754191 0.183717 -0.171502
FixedParameters: 0 0 0

#Transform 75
Transform: AffineTransform_float_3_3
Parameters: 0.999999 -0.000786849 0.000558493 0.000784838 0.999997 0.00249523 -0.000560574 -0.00249577 0.999997 0.0183785 0.198002 -0.156596
FixedParameters: 0 0 0

#Transform 76
Transform: AffineTransform_float_3_3
Parameters: 0.999999 -0.000949478 0.000173077 0.000948722 0.999998 0.00177617 -0.000174216 -0.00177584 0.999999 0.0241288 0.193687 -0.184908
FixedParameters: 0 0 0

#Transform 77
Transform: AffineTransform_float_3_3
Parameters: 0.999999 -0.00108796 0.000582915 0.00108634 0.999997 0.00205227 -0.000585536 -0.00205172 0.999998 0.0368652 0.201558 -0.168195
FixedParameters: 0 0 0

#Transform 78
Transform: AffineTransform_float_3_3
Parameters: 1 -0.00112996 0.000421688 0.00112949 0.999998 0.00194612 -0.000423323 -0.00194588 0.999998 0.0190683 0.191302 -0.159627
FixedParameters: 0 0 0

#Transform 79
Transform: AffineTransform_float_3_3
Parameters: 0.999999 -0.00141029 -6.94795e-05 0.00141037 0.999998 0.00157439 6.72702e-05 -0.00157461 0.999998 0.0227687 0.19433 -0.14288
FixedParameters: 0 0 0

#Transform 80
Transform: AffineTransform_float_3_3
Parameters: 0.999999 -0.0013387 0.000335994 0.0013381 0.999997 0.00204509 -0.000339627 -0.00204491 0.999998 0.0314364 0.185108 -0.157379
FixedParameters: 0 0 0

#Transform 81
Transform: AffineTransform_float_3_3
Parameters: 0.999999 -0.00117307 0.000417287 0.00117235 0.999997 0.00180449 -0.000419677 -0.00180351 0.999999 0.0425457 0.178268 -0.149972
FixedParameters: 0 0 0

#Transform 82
Transform: AffineTransform_float_3_3
Parameters: 0.999999 -0.00130156 0.000274956 0.00130038 0.999998 0.00188385 -0.000277625 -0.00188315 0.999998 0.0593979 0.1935 -0.182818
FixedParameters: 0 0 0

#Transform 83
Transform: AffineTransform_float_3_3
Parameters: 0.999999 -0.00127331 0.000526954 0.0012722 0.999998 0.00178331 -0.000529651 -0.00178269 0.999999 0.0210517 0.190039 -0.158385
FixedParameters: 0 0 0

#Transform 84
Transform: AffineTransform_float_3_3
Parameters: 0.999999 -0.0015435 0.000121251 0.00154426 0.999998 0.00168868 -0.000123704 -0.00168832 0.999999 0.038679 0.196718 -0.140291
FixedParameters: 0 0 0

#Transform 85
Transform: AffineTransform_float_3_3
Parameters: 0.999999 -0.0011695 0.000633951 0.00116837 0.999998 0.00181638 -0.000635435 -0.00181562 0.999998 0.0376038 0.195216 -0.153815
FixedParameters: 0 0 0

#Transform 86
Transform: AffineTransform_float_3_3
Parameters: 0.999999 -0.00141159 8.41228e-05 0.00141158 0.999997 0.00158976 -8.54594e-05 -0.00159024 0.999999 0.000738655 0.198072 -0.123263
FixedParameters: 0 0 0

#Transform 87
Transform: AffineTransform_float_3_3
Parameters: 0.999999 -0.00120418 0.000302618 0.001204 0.999998 0.00159001 -0.000304605 -0.00158999 0.999999 0.0323278 0.200662 -0.149719
FixedParameters: 0 0 0

#Transform 88
Transform: AffineTransform_float_3_3
Parameters: 0.999999 -0.00137831 0.000512161 0.00137731 0.999996 0.00211335 -0.000515222 -0.00211265 0.999997 0.0383493 0.204227 -0.202686
FixedParameters: 0 0 0

#Transform 89
Transform: AffineTransform_float_3_3
Parameters: 0.999999 -0.00129612 0.000339429 0.00129496 0.999998 0.00150008 -0.000341084 -0.00149992 0.999999 0.0281322 0.207596 -0.165851
FixedParameters: 0 0 0

#Transform 90
Transform: AffineTransform_float_3_3
Parameters: 0.999999 -0.00138874 0.000472224 0.00138827 0.999998 0.0013273 -0.000474068 -0.0013267 0.999999 0.0378957 0.179469 -0.203538
FixedParameters: 0 0 0

#Transform 91
Transform: AffineTransform_float_3_3
Parameters: 0.999999 -0.00122342 0.000580802 0.00122306 0.999997 0.00177271 -0.000583687 -0.00177129 0.999999 0.0256214 0.194639 -0.165198
FixedParameters: 0 0 0

#Transform 92
Transform: AffineTransform_float_3_3
Parameters: 0.999999 -0.00143007 0.000338431 0.00143019 0.999997 0.00154913 -0.0003401 -0.00154887 0.999999 0.0483526 0.191906 -0.18845
FixedParameters: 0 0 0

#Transform 93
Transform: AffineTransform_float_3_3
Parameters: 0.999998 -0.00172354 6.98333e-05 0.00172259 0.999996 0.00195661 -7.30326e-05 -0.00195639 0.999998 0.040964 0.203922 -0.157663
FixedParameters: 0 0 0

#Transform 94
Transform: AffineTransform_float_3_3
Parameters: 0.999999 -0.00143302 6.15302e-05 0.00143267 0.999997 0.00170273 -6.41787e-05 -0.00170327 0.999998 0.00792443 0.197336 -0.160837
FixedParameters: 0 0 0

#Transform 95
Transform: AffineTransform_float_3_3
Parameters: 0.999998 -0.00165526 0.000103571 0.0016548 0.999997 0.00155066 -0.000106471 -0.00155034 0.999998 0.0558257 0.188084 -0.163885
FixedParameters: 0 0 0

#Transform 96
Transform: AffineTransform_float_3_3
Parameters: 0.999998 -0.00164912 0.000438951 0.00164765 0.999996 0.00195637 -0.000442248 -0.00195563 0.999998 0.02861 0.200222 -0.170357
FixedParameters: 0 0 0

#Transform 97
Transform: AffineTransform_float_3_3
Parameters: 0.999998 -0.00165395 0.000221995 0.00165339 0.999997 0.00180286 -0.000224804 -0.00180214 0.999998 0.0441205 0.17433 -0.173731
FixedParameters: 0 0 0

#Transform 98
Transform: AffineTransform_float_3_3
Parameters: 0.999998 -0.00161998 0.000250906 0.00161928 0.999997 0.00189905 -0.000253905 -0.00189895 0.999998 0.0461929 0.216521 -0.191713
FixedParameters: 0 0 0

#Transform 99
Transform: AffineTransform_float_3_3
Parameters: 0.999999 -0.00149637 0.000384238 0.00149604 0.999997 0.00195522 -0.000387327 -0.00195478 0.999998 0.0239142 0.208598 -0.169665
FixedParameters: 0 0 0

#Transform 100
Transform: AffineTransform_float_3_3
Parameters: 0.999999 -0.0017488 0.000383267 0.00174795 0.999998 0.00142695 -0.000385105 -0.00142705 0.999999 0.0504508 0.182991 -0.206836
FixedParameters: 0 0 0

#Transform 101
Transform: AffineTransform_float_3_3
Parameters: 0.999999 -0.00157169 1.81349e-05 0.00157115 0.999999 0.000284516 -1.77178e-05 -0.000284484 1 -0.00456909 0.163266 -0.191613
FixedParameters: 0 0 0

#Transform 102
Transform: AffineTransform_float_3_3
Parameters: 0.999999 -0.00119894 0.000433251 0.00119859 0.999999 0.00129816 -0.000434522 -0.00129784 0.999999 0.00822214 0.191528 -0.132407
FixedParameters: 0 0 0

#Transform 103
Transform: AffineTransform_float_3_3
Parameters: 0.999999 -0.0012988 -0.000549109 0.00129991 0.999997 0.0019755 0.000546598 -0.0019755 0.999998 -0.00747366 0.191751 -0.136661
FixedParameters: 0 0 0

#Transform 104
Transform: AffineTransform_float_3_3
Parameters: 0.999999 -0.00134186 -0.000228742 0.00134246 0.999998 0.00162454 0.000226613 -0.00162446 0.999999 0.0070623 0.197418 -0.174738
FixedParameters: 0 0 0

#Transform 105
Transform: AffineTransform_float_3_3
Parameters: 0.999999 -0.00140772 4.44383e-05 0.00140782 0.999998 0.00162455 -4.58599e-05 -0.00162445 0.999998 0.0105301 0.200333 -0.142482
FixedParameters: 0 0 0

#Transform 106
Transform: AffineTransform_float_3_3
Parameters: 1 -0.000600233 0.00018524 0.0005991 0.999998 0.00162511 -0.000185878 -0.00162489 0.999998 -0.0242566 0.207549 -0.0579431
FixedParameters: 0 0 0

#Transform 107
Transform: AffineTransform_float_3_3
Parameters: 1 -0.000976193 -4.62489e-05 0.000975767 0.999999 0.0011368 4.53418e-05 -0.0011362 0.999999 -0.0139472 0.197677 -0.108703
FixedParameters: 0 0 0

#Transform 108
Transform: AffineTransform_float_3_3
Parameters: 0.999999 -0.000963474 1.45173e-05 0.000963827 0.999999 0.00122801 -1.59635e-05 -0.00122799 0.999999 -0.0133162 0.207354 -0.0859147
FixedParameters: 0 0 0

#Transform 109
Transform: AffineTransform_float_3_3
Parameters: 0.999999 -0.00136597 0.000220668 0.00136584 0.999999 0.00119279 -0.000223005 -0.00119221 0.999999 0.0140574 0.178989 -0.114921
FixedParameters: 0 0 0

#Transform 110
Transform: AffineTransform_float_3_3
Parameters: 1 -0.000301895 -2.3266e-05 0.000302351 0.999999 0.00139999 2.33406e-05 -0.00140001 0.999999 -0.059372 0.210113 -0.134561
FixedParameters: 0 0 0

#Transform 111
Transform: AffineTransform_float_3_3
Parameters: 0.999999 -0.000771571 0.000530011 0.000770502 0.999998 0.0017432 -0.000530859 -0.0017438 0.999998 -0.0432303 0.205342 -0.138624
FixedParameters: 0 0 0

#Transform 112
Transform: AffineTransform_float_3_3
Parameters: 0.999999 -0.000839148 -3.79395e-05 0.000839618 0.999999 0.00106197 3.70772e-05 -0.00106203 1 -0.0388773 0.192397 -0.166417
FixedParameters: 0 0 0

#Transform 113
Transform: AffineTransform_float_3_3
Parameters: 1 -0.00102413 -6.76002e-05 0.00102419 0.999999 0.00151157 6.67348e-05 -0.00151243 0.999999 -0.0184701 0.21582 -0.152034
FixedParameters: 0 0 0

#Transform 114
Transform: AffineTransform_float_3_3
Parameters: 0.999999 -0.000892123 0.000244723 0.000892203 0.999998 0.00143122 -0.000245435 -0.00143078 0.999999 -0.0326818 0.206015 -0.137583
FixedParameters: 0 0 0

#Transform 115
Transform: AffineTransform_float_3_3
Parameters: 0.999999 -0.000924013 0.000169426 0.000924001 0.999999 0.00118216 -0.000170689 -0.00118184 1 -0.0359248 0.192587 -0.142598
FixedParameters: 0 0 0

#Transform 116
Transform: AffineTransform_float_3_3
Parameters: 0.999999 -0.000964932 7.26296e-05 0.000964215 0.999998 0.00128007 -7.37877e-05 -0.00127993 0.999999 -0.0169477 0.205534 -0.160727
FixedParameters: 0 0 0

#Transform 117
Transform: AffineTransform_float_3_3
Parameters: 0.999999 -0.000753984 0.00023502 0.000752693 0.999999 0.00161382 -0.00023614 -0.00161418 0.999998 -0.0695225 0.211099 -0.156279
FixedParameters: 0 0 0

#Transform 118
Transform: AffineTransform_float_3_3
Parameters: 1 -0.00028127 -0.000177529 0.000282254 0.999998 0.0016718 0.000177508 -0.0016712 0.999998 -0.0487781 0.2167 -0.155804
FixedParameters: 0 0 0

#Transform 119
Transform: AffineTransform_float_3_3
Parameters: 1 -0.00104085 -0.00010738 0.00104107 0.999998 0.00167789 0.000106119 -0.00167811 0.999999 -0.0483317 0.20518 -0.116499
FixedParameters: 0 0 0

#Transform 120
Transform: AffineTransform_float_3_3
Parameters: 0.999999 -0.00116849 -0.00057296 0.00116916 0.999997 0.00231718 0.000570556 -0.00231782 0.999997 -0.0259093 0.212419 -0.0857568
FixedParameters: 0 0 0

#Transform 121
Transform: AffineTransform_float_3_3
Parameters: 0.999999 -0.00129275 -0.000704834 0.00129372 0.999997 0.00209694 0.000702422 -0.00209806 0.999998 -0.0335873 0.223599 -0.117964
FixedParameters: 0 0 0

#Transform 122
Transform: AffineTransform_float_3_3
Parameters: 1 -0.00108019 -0.000200287 0.00108028 0.999999 0.00155727 0.000198233 -0.00155773 0.999998 -0.0278196 0.221306 -0.109223
FixedParameters: 0 0 0

#Transform 123
Transform: AffineTransform_float_3_3
Parameters: 1 -0.00104167 -0.000108849 0.00104143 0.999998 0.00131889 0.000107412 -0.00131911 0.999999 -0.0267718 0.223567 -0.0977086
FixedParameters: 0 0 0

#Transform 124
Transform: AffineTransform_float_3_3
Parameters: 0.999999 -0.00105156 -0.00068506 0.00105288 0.999999 0.000681486 0.000684546 -0.000681513 1 -0.0342447 0.195525 -0.106502
FixedParameters: 0 0 0

#Transform 125
Transform: AffineTransform_float_3_3
Parameters: 0.999999 -0.00100389 -1.95448e-05 0.0010038 0.999999 0.00135383 1.90592e-05 -0.00135317 0.999999 -0.015218 0.199396 -0.139014
FixedParameters: 0 0 0

#Transform 126
Transform: AffineTransform_float_3_3
Parameters: 0.999999 -0.00116869 -0.000408988 0.00116916 0.999998 0.00122152 0.000407442 -0.00122248 0.999999 -0.043971 0.204669 -0.110367
FixedParameters: 0 0 0

#Transform 127
Transform: AffineTransform_float_3_3
Parameters: 0.999999 -0.00116857 -0.000409347 0.00116837 0.999998 0.00152852 0.000407475 -0.00152948 0.999999 -0.0153578 0.20382 -0.176928
FixedParameters: 0 0 0

#Transform 128
Transform: AffineTransform_float_3_3
Parameters: 1 -0.00111248 -0.000432844 0.00111215 0.999998 0.00130252 0.000431647 -0.00130348 0.999999 -0.0359449 0.212847 -0.165325
FixedParameters: 0 0 0

#Transform 129
Transform: AffineTransform_float_3_3
Parameters: 1 -0.00112632 -0.000123877 0.00112606 0.999999 0.00112871 0.000122647 -0.00112829 0.999999 -0.0282993 0.201852 -0.169165
FixedParameters: 0 0 0

#Transform 130
Transform: AffineTransform_float_3_3
Parameters: 1 -0.00101972 -0.000236218 0.0010206 0.999999 0.00103661 0.000235024 -0.00103639 1 -0.0105324 0.201402 -0.18469
FixedParameters: 0 0 0

#Transform 131
Transform: AffineTransform_float_3_3
Parameters: 1 -0.00113952 6.30488e-05 0.00113976 0.999998 0.00112507 -6.46925e-05 -0.00112493 1 -0.0261027 0.212551 -0.160375
FixedParameters: 0 0 0

#Transform 132
Transform: AffineTransform_float_3_3
Parameters: 0.999999 -0.00128982 -3.30388e-05 0.00128975 0.999998 0.00117781 3.22332e-05 -0.00117719 0.999999 -0.0217079 0.211481 -0.164244
FixedParameters: 0 0 0

#Transform 133
Transform: AffineTransform_float_3_3
Parameters: 1 -0.00100447 -0.000292701 0.0010046 0.999999 0.00112471 0.000291752 -0.00112529 1 -0.0141133 0.21062 -0.164959
FixedParameters: 0 0 0

#Transform 134
Transform: AffineTransform_float_3_3
Parameters: 0.999999 -0.0013704 -0.000457262 0.00137141 0.999998 0.00126422 0.000456027 -0.00126478 0.999999 -0.0458848 0.213549 -0.163383
FixedParameters: 0 0 0

#Transform 135
Transform: AffineTransform_float_3_3
Parameters: 0.999999 -0.00138282 -0.000686358 0.0013838 0.999998 0.0011009 0.000684622 -0.0011021 0.999999 -0.020511 0.201934 -0.161469
FixedParameters: 0 0 0

#Transform 136
Transform: AffineTransform_float_3_3
Parameters: 0.999999 -0.00147955 -5.85579e-05 0.00147958 0.999998 0.0015004 5.63495e-05 -0.0015006 0.999999 -0.0133622 0.202264 -0.171134
FixedParameters: 0 0 0

#Transform 137
Transform: AffineTransform_float_3_3
Parameters: 0.999999 -0.00145929 -0.000371471 0.00145985 0.999998 0.000944306 0.000370946 -0.000944695 1 -0.0190944 0.221284 -0.171766
FixedParameters: 0 0 0

#Transform 138
Transform: AffineTransform_float_3_3
Parameters: 0.999998 -0.00175587 -0.000710954 0.00175602 0.999998 0.0011256 0.0007087 -0.0011274 1 -0.0207575 0.215784 -0.165732
FixedParameters: 0 0 0

#Transform 139
Transform: AffineTransform_float_3_3
Parameters: 0.999998 -0.00158562 -0.000308267 0.00158569 0.999998 0.000978207 0.000306476 -0.000977792 0.999999 -0.021017 0.209729 -0.16258
FixedParameters: 0 0 0

#Transform 140
Transform: AffineTransform_float_3_3
Parameters: 0.999998 -0.00161268 -0.000538983 0.0016123 0.999998 0.000989979 0.00053749 -0.00099102 0.999999 -0.00560464 0.185741 -0.19646
FixedParameters: 0 0 0

#Transform 141
Transform: AffineTransform_float_3_3
Parameters: 0.999999 -0.00149867 -0.000103101 0.00149837 0.999998 0.00110669 0.000101096 -0.0011063 0.999999 -0.000399152 0.201346 -0.182723
FixedParameters: 0 0 0

#Transform 142
Transform: AffineTransform_float_3_3
Parameters: 0.999999 -0.0014174 -0.000557753 0.00141852 0.999998 0.0011359 0.000556763 -0.0011361 0.999999 -0.0209046 0.210112 -0.168375
FixedParameters: 0 0 0

#Transform 143
Transform: AffineTransform_float_3_3
Parameters: 0.999998 -0.00161847 -0.00038518 0.00161848 0.999998 0.000705225 0.000384207 -0.000705775 1 -0.00358147 0.19233 -0.225217
FixedParameters: 0 0 0

#Transform 144
Transform: AffineTransform_float_3_3
Parameters: 0.999999 -0.00156054 -0.000250136 0.00156022 0.999998 0.00149495 0.000248093 -0.00149505 0.999998 -0.0158507 0.213642 -0.186582
FixedParameters: 0 0 0

#Transform 145
Transform: AffineTransform_float_3_3
Parameters: 0.999999 -0.00169395 -0.000564387 0.00169499 0.999997 0.00104489 0.000563075 -0.00104611 0.999999 -0.0180242 0.196782 -0.184298
FixedParameters: 0 0 0

#Transform 146
Transform: AffineTransform_float_3_3
Parameters: 0.999999 -0.00153261 -0.000119051 0.00153272 0.999998 0.00104567 0.000118078 -0.00104533 1 0.00247231 0.222856 -0.178582
FixedParameters: 0 0 0

#Transform 147
Transform: AffineTransform_float_3_3
Parameters: 0.999998 -0.00163124 -0.000308861 0.00163185 0.999998 0.00121799 0.000307117 -0.00121901 0.999999 -0.0329737 0.207073 -0.164147
FixedParameters: 0 0 0

#Transform 148
Transform: AffineTransform_float_3_3
Parameters: 0.999998 -0.00164745 -0.000392952 0.00164682 0.999998 0.0010452 0.000391209 -0.0010458 0.999999 0.0110034 0.206976 -0.172644
FixedParameters: 0 0 0

#Transform 149
Transform: AffineTransform_float_3_3
Parameters: 0.999999 -0.00169467 -0.000192031 0.00169502 0.999998 0.00129516 0.000189871 -0.00129584 0.999999 -0.011378 0.208155 -0.163927
FixedParameters: 0 0 0

#Transform 150
Transform: AffineTransform_float_3_3
Parameters: 0.999998 -0.00183802 -0.000474499 0.00183911 0.999998 0.00129446 0.000471969 -0.00129553 0.999999 -0.00338968 0.212306 -0.17383
FixedParameters: 0 0 0

#Transform 151
Transform: AffineTransform_float_3_3
Parameters: 0.999998 -0.00162459 -0.000564165 0.00162503 0.999998 0.000858931 0.000562683 -0.000860068 1 -0.0118054 0.215136 -0.17768
FixedParameters: 0 0 0

#Transform 152
Transform: AffineTransform_float_3_3
Parameters: 0.999999 -0.00168324 -0.000747082 0.00168382 0.999997 0.00110059 0.000745995 -0.00110241 0.999999 -0.0274269 0.203283 -0.170298
FixedParameters: 0 0 0

#Transform 153
Transform: AffineTransform_float_3_3
Parameters: 0.999999 -0.00149502 -0.000823956 0.00149544 0.999999 0.000574616 0.000823547 -0.000576385 1 0.00808762 0.205153 -0.159235
FixedParameters: 0 0 0

#Transform 154
Transform: AffineTransform_float_3_3
Parameters: 0.999999 -0.00147577 -0.000300957 0.00147643 0.999998 0.00133804 0.000299237 -0.00133896 0.999999 0.0014368 0.219275 -0.165923
FixedParameters: 0 0 0

#Transform 155
Transform: AffineTransform_float_3_3
Parameters: 0.999999 -0.00140654 -0.000362339 0.00140671 0.999998 0.000965338 0.000360935 -0.000965661 1 -0.012203 0.213705 -0.197044
FixedParameters: 0 0 0

#Transform 156
Transform: AffineTransform_float_3_3
Parameters: 0.999999 -0.00142461 -0.000372536 0.00142455 0.999998 0.00133796 0.000371345 -0.00133904 0.999999 -0.0133377 0.226837 -0.183099
FixedParameters: 0 0 0

#Transform 157
Transform: AffineTransform_float_3_3
Parameters: 0.999998 -0.00168673 -0.000492014 0.00168709 0.999998 0.00143987 0.000489778 -0.00144013 0.999999 -0.011768 0.21085 -0.161494
FixedParameters: 0 0 0

#Transform 158
Transform: AffineTransform_float_3_3
Parameters: 0.999999 -0.00176637 -0.000361366 0.00176711 0.999998 0.0012207 0.000359283 -0.0012213 0.999999 0.00792232 0.221162 -0.17138
FixedParameters: 0 0 0

#Transform 159
Transform: AffineTransform_float_3_3
Parameters: 0.999998 -0.00165902 -9.71987e-05 0.0016591 0.999998 0.00114333 9.56362e-05 -0.00114367 0.999999 -0.00285449 0.225366 -0.159746
FixedParameters: 0 0 0

#Transform 160
Transform: AffineTransform_float_3_3
Parameters: 0.999998 -0.0017762 -0.000679615 0.00177673 0.999998 0.00117149 0.000678074 -0.00117251 0.999999 0.0116661 0.225721 -0.17327
FixedParameters: 0 0 0

#Transform 161
Transform: AffineTransform_float_3_3
Parameters: 0.999998 -0.00188145 -0.000519622 0.0018819 0.999998 0.000950359 0.000517354 -0.00095164 0.999999 0.015839 0.224853 -0.164785
FixedParameters: 0 0 0

#Transform 162
Transform: AffineTransform_float_3_3
Parameters: 0.999997 -0.00208605 -0.000765927 0.00208658 0.999998 0.000692738 0.000764342 -0.000695261 0.999999 -0.00202698 0.213579 -0.168428
FixedParameters: 0 0 0

#Transform 163
Transform: AffineTransform_float_3_3
Parameters: 0.999998 -0.00196662 -0.000392125 0.00196805 0.999998 0.000827565 0.000390708 -0.000828435 1 0.0191906 0.222635 -0.170074
FixedParameters: 0 0 0

#Transform 164
Transform: AffineTransform_float_3_3
Parameters: 0.999999 -0.00176602 -0.00028894 0.00176704 0.999997 0.00132798 0.000287399 -0.00132902 0.999999 -0.00784382 0.217998 -0.151789
FixedParameters: 0 0 0

#Transform 165
Transform: AffineTransform_float_3_3
Parameters: 0.999997 -0.00209456 -0.000667593 0.00209477 0.999998 0.000557938 0.000666562 -0.000560062 1 0.0163536 0.196451 -0.184387
FixedParameters: 0 0 0

#Transform 166
Transform: AffineTransform_float_3_3
Parameters: 0.999999 -0.00178367 -0.000323762 0.00178447 0.999998 0.00063227 0.000322425 -0.000632728 1 -0.00822076 0.203829 -0.155151
FixedParameters: 0 0 0

#Transform 167
Transform: AffineTransform_float_3_3
Parameters: 0.999997 -0.00218217 -0.000334754 0.00218227 0.999997 0.000949606 0.000331919 -0.000950391 0.999999 -0.00415538 0.204242 -0.162246
FixedParameters: 0 0 0

#Transform 168
Transform: AffineTransform_float_3_3
Parameters: 0.999998 -0.00211042 -0.000165449 0.00211062 0.999997 0.00101414 0.000163398 -0.00101486 1 0.0252169 0.205315 -0.186969
FixedParameters: 0 0 0

#Transform 169
Transform: AffineTransform_float_3_3
Parameters: 0.999997 -0.0021641 -0.000293387 0.00216518 0.999997 0.0014087 0.000290439 -0.0014093 0.999999 0.00478824 0.217423 -0.16578
FixedParameters: 0 0 0

#Transform 170
Transform: AffineTransform_float_3_3
Parameters: 0.999998 -0.00195727 -0.000596093 0.00195825 0.999998 0.000939169 0.000594645 -0.000940831 0.999999 -0.00586276 0.207119 -0.158841
FixedParameters: 0 0 0

#Transform 171
Transform: AffineTransform_float_3_3
Parameters: 0.999998 -0.00224177 -0.000475891 0.00224263 0.999997 0.00105812 0.000473376 -0.00105888 0.999999 0.0134811 0.229384 -0.166059
FixedParameters: 0 0 0

#Transform 172
Transform: AffineTransform_float_3_3
Parameters: 0.999998 -0.00224609 -0.000485849 0.0022469 0.999997 0.000981245 0.000483669 -0.000982753 0.999999 0.00205395 0.228009 -0.148249
FixedParameters: 0 0 0

#Transform 173
Transform: AffineTransform_float_3_3
Parameters: 0.999997 -0.00218071 -0.000948619 0.00218051 0.999997 0.000171473 0.000949178 -0.000173528 0.999999 -0.00535111 0.208483 -0.139228
FixedParameters: 0 0 0

#Transform 174
Transform: AffineTransform_float_3_3
Parameters: 0.999997 -0.00210816 -0.00026508 0.00210852 0.999997 0.000941778 0.000263339 -0.000942222 0.999999 0.02024 0.216106 -0.15013
FixedParameters: 0 0 0

#Transform 175
Transform: AffineTransform_float_3_3
Parameters: 0.999998 -0.00201651 5.56922e-05 0.0020166 0.999997 0.00140924 -5.82246e-05 -0.00140976 0.999999 0.00603447 0.235189 -0.166726
FixedParameters: 0 0 0

#Transform 176
Transform: AffineTransform_float_3_3
Parameters: 0.999999 -0.00118698 -0.000390178 0.00118724 0.999999 0.00101138 0.000389087 -0.00101162 0.999999 -0.00717148 0.229938 -0.177004
FixedParameters: 0 0 0

#Transform 177
Transform: AffineTransform_float_3_3
Parameters: 0.999999 -0.001168 -0.000491616 0.00116849 0.999999 0.00103043 0.000490518 -0.00103157 1 -0.0295154 0.244691 -0.133736
FixedParameters: 0 0 0

#Transform 178
Transform: AffineTransform_float_3_3
Parameters: 0.999998 -0.00165053 -0.000375449 0.00165082 0.999998 0.000377228 0.000374202 -0.000377771 1 -0.0153217 0.21575 -0.108981
FixedParameters: 0 0 0

#Transform 179
Transform: AffineTransform_float_3_3
Parameters: 0.999998 -0.00167608 -0.000420422 0.00167617 0.999998 0.00137578 0.00041843 -0.00137721 0.999999 0.0161908 0.236761 -0.156567
FixedParameters: 0 0 0
