#Insight Transform File V1.0
#Transform 0
Transform: AffineTransform_float_3_3
Parameters: 0.999992 0.00131555 0.00381987 -0.00131274 0.999998 -0.000852991 -0.00382054 0.00084801 0.999992 0.147443 -0.457897 -0.602482
FixedParameters: 0 0 0

#Transform 1
Transform: AffineTransform_float_3_3
Parameters: 0.999998 0.00176877 -0.00108708 -0.00176935 0.999998 -0.000267796 0.00108613 0.000270202 0.999999 -0.102327 -0.0414824 -0.193171
FixedParameters: 0 0 0

#Transform 2
Transform: AffineTransform_float_3_3
Parameters: 0.999998 0.0015104 -0.00142915 -0.00151195 0.999997 -0.0017309 0.00142681 0.0017331 0.999998 -0.158908 -0.0101662 -0.0381524
FixedParameters: 0 0 0

#Transform 3
Transform: AffineTransform_float_3_3
Parameters: 0.999998 0.00176107 -0.00088451 -0.00176276 0.999995 -0.00258716 0.000879602 0.00258883 0.999996 -0.13352 -0.0333693 -0.0948903
FixedParameters: 0 0 0

#Transform 4
Transform: AffineTransform_float_3_3
Parameters: 0.999997 0.00230269 -0.000981139 -0.00230536 0.999993 -0.00295919 0.000974863 0.00296082 0.999995 -0.123208 -0.0520316 -0.128086
FixedParameters: 0 0 0

#Transform 5
Transform: AffineTransform_float_3_3
Parameters: 0.999997 0.0024185 -0.000711254 -0.002421 0.99999 -0.00388537 0.000702043 0.00388663 0.999993 -0.113046 -0.0556628 -0.132751
FixedParameters: 0 0 0

#Transform 6
Transform: AffineTransform_float_3_3
Parameters: 0.999997 0.00220642 -0.000878472 -0.00221117 0.999988 -0.00443115 0.000868489 0.00443285 0.99999 -0.0957167 -0.0704662 -0.115257
FixedParameters: 0 0 0

#Transform 7
Transform: AffineTransform_float_3_3
Parameters: 0.999997 0.00211731 -0.000240932 -0.00211858 0.999984 -0.00513237 0.000229568 0.00513262 0.999987 -0.0891622 -0.10078 -0.142088
FixedParameters: 0 0 0

#Transform 8
Transform: AffineTransform_float_3_3
Parameters: 0.999998 0.00219863 2.15957e-05 -0.00219906 0.999984 -0.00499057 -3.23838e-05 0.00499043 0.999988 -0.0930185 -0.0877702 -0.169487
FixedParameters: 0 0 0

#Transform 9
Transform: AffineTransform_float_3_3
Parameters: 0.999998 0.00228931 0.000238235 -0.00228781 0.999982 -0.00556859 -0.000251251 0.00556742 0.999985 -0.098076 -0.0956992 -0.16844
FixedParameters: 0 0 0

#Transform 10
Transform: AffineTransform_float_3_3
Parameters: 0.999997 0.0024265 0.000541252 -0.00242282 0.999978 -0.00627815 -0.000556211 0.00627685 0.99998 -0.110023 -0.128735 -0.163092
FixedParameters: 0 0 0

#Transform 11
Transform: AffineTransform_float_3_3
Parameters: 0.999997 0.00243535 0.000199016 -0.00243419 0.999978 -0.00612652 -0.000214145 0.00612547 0.999981 -0.0989259 -0.127993 -0.179869
FixedParameters: 0 0 0

#Transform 12
Transform: AffineTransform_float_3_3
Parameters: 0.999996 0.00252009 0.00057883 -0.0025162 0.999972 -0.00694629 -0.000595704 0.0069447 0.999975 -0.0694124 -0.146716 -0.244226
FixedParameters: 0 0 0

#Transform 13
Transform: AffineTransform_float_3_3
Parameters: 0.999997 0.00231301 0.000626997 -0.00230814 0.999969 -0.00749529 -0.000644446 0.00749371 0.999972 -0.0668836 -0.147518 -0.254596
FixedParameters: 0 0 0

#Transform 14
Transform: AffineTransform_float_3_3
Parameters: 0.999997 0.0020222 0.000851012 -0.00201598 0.99997 -0.00755304 -0.000866695 0.00755096 0.999972 -0.0652832 -0.157363 -0.238313
FixedParameters: 0 0 0

#Transform 15
Transform: AffineTransform_float_3_3
Parameters: 0.999998 0.00205793 0.00107985 -0.00205036 0.999971 -0.00743369 -0.00109479 0.00743131 0.999971 -0.0599723 -0.158878 -0.245683
FixedParameters: 0 0 0

#Transform 16
Transform: AffineTransform_float_3_3
Parameters: 0.999997 0.00228176 0.00109093 -0.00227301 0.999966 -0.00794296 -0.00110928 0.00794003 0.999968 -0.0617787 -0.183203 -0.245571
FixedParameters: 0 0 0

#Transform 17
Transform: AffineTransform_float_3_3
Parameters: 0.999995 0.00239667 0.00167746 -0.00238237 0.999959 -0.00872992 -0.00169861 0.00872607 0.99996 -0.0317396 -0.206736 -0.282719
FixedParameters: 0 0 0

#Transform 18
Transform: AffineTransform_float_3_3
Parameters: 0.999997 0.00241819 0.000517481 -0.00241382 0.999973 -0.00683308 -0.000534092 0.00683191 0.999976 -0.0398235 -0.126571 -0.221302
FixedParameters: 0 0 0

#Transform 19
Transform: AffineTransform_float_3_3
Parameters: 0.999996 0.00242452 0.00150642 -0.00241416 0.99997 -0.00734256 -0.00152386 0.00733944 0.999972 -0.0570252 -0.159741 -0.189755
FixedParameters: 0 0 0

#Transform 20
Transform: AffineTransform_float_3_3
Parameters: 0.999996 0.00243562 0.00149477 -0.00242322 0.999964 -0.00811939 -0.0015139 0.00811561 0.999966 -0.0520988 -0.188941 -0.246898
FixedParameters: 0 0 0

#Transform 21
Transform: AffineTransform_float_3_3
Parameters: 0.999996 0.00252855 0.00175578 -0.00251415 0.999966 -0.00785434 -0.0017756 0.00784965 0.999967 -0.0263393 -0.183559 -0.286217
FixedParameters: 0 0 0

#Transform 22
Transform: AffineTransform_float_3_3
Parameters: 0.999995 0.0027297 0.00116181 -0.00272021 0.999962 -0.00827845 -0.00118424 0.00827555 0.999966 -0.0410058 -0.20265 -0.27962
FixedParameters: 0 0 0

#Transform 23
Transform: AffineTransform_float_3_3
Parameters: 0.999995 0.00267246 0.00132849 -0.00266075 0.999958 -0.00875882 -0.00135173 0.00875517 0.999961 -0.0277209 -0.204513 -0.32081
FixedParameters: 0 0 0

#Transform 24
Transform: AffineTransform_float_3_3
Parameters: 0.999995 0.00256953 0.00184913 -0.00255181 0.999955 -0.00912365 -0.00187266 0.00911834 0.999957 -0.0259123 -0.206593 -0.311893
FixedParameters: 0 0 0

#Transform 25
Transform: AffineTransform_float_3_3
Parameters: 0.999996 0.00234054 0.00157775 -0.00232588 0.999954 -0.0092686 -0.00159951 0.0092654 0.999956 -0.0352294 -0.217289 -0.285155
FixedParameters: 0 0 0

#Transform 26
Transform: AffineTransform_float_3_3
Parameters: 0.999996 0.0026315 0.00151337 -0.00261824 0.999959 -0.0086394 -0.00153579 0.00863559 0.999961 -0.0488526 -0.187482 -0.284462
FixedParameters: 0 0 0

#Transform 27
Transform: AffineTransform_float_3_3
Parameters: 0.999996 0.00252762 0.00170679 -0.00251199 0.999953 -0.00927122 -0.00173032 0.00926677 0.999955 -0.0268811 -0.214937 -0.309244
FixedParameters: 0 0 0

#Transform 28
Transform: AffineTransform_float_3_3
Parameters: 0.999997 0.00238911 0.0012865 -0.00237622 0.999951 -0.00964935 -0.00130994 0.00964666 0.999953 -0.022599 -0.23086 -0.335259
FixedParameters: 0 0 0

#Transform 29
Transform: AffineTransform_float_3_3
Parameters: 0.999997 0.00233109 0.00129715 -0.00231823 0.999948 -0.00991229 -0.00132029 0.0099097 0.999949 0.00364599 -0.241271 -0.351091
FixedParameters: 0 0 0

#Transform 30
Transform: AffineTransform_float_3_3
Parameters: 0.999996 0.00227306 0.00159405 -0.00225773 0.999948 -0.00995474 -0.00161688 0.00995027 0.999949 -0.0132297 -0.228997 -0.318768
FixedParameters: 0 0 0

#Transform 31
Transform: AffineTransform_float_3_3
Parameters: 0.999996 0.0019896 0.00161953 -0.00197273 0.999948 -0.00995396 -0.00163932 0.00995103 0.999949 -0.018226 -0.227909 -0.295781
FixedParameters: 0 0 0

#Transform 32
Transform: AffineTransform_float_3_3
Parameters: 0.999995 0.00215086 0.00225263 -0.00212812 0.999946 -0.0101759 -0.00227431 0.0101711 0.999946 -0.0229436 -0.245607 -0.283139
FixedParameters: 0 0 0

#Transform 33
Transform: AffineTransform_float_3_3
Parameters: 0.999995 0.00215819 0.00238053 -0.00213357 0.999948 -0.0100262 -0.00240171 0.0100209 0.999947 -0.0220576 -0.241783 -0.297441
FixedParameters: 0 0 0

#Transform 34
Transform: AffineTransform_float_3_3
Parameters: 0.999995 0.00224442 0.00231269 -0.00222243 0.99995 -0.00975121 -0.00233439 0.00974579 0.99995 -0.0200153 -0.239416 -0.300607
FixedParameters: 0 0 0

#Transform 35
Transform: AffineTransform_float_3_3
Parameters: 0.999995 0.00205919 0.00239272 -0.00203434 0.999943 -0.0104856 -0.00241393 0.0104814 0.999942 -0.0144075 -0.2452 -0.320001
FixedParameters: 0 0 0

#Transform 36
Transform: AffineTransform_float_3_3
Parameters: 0.999995 0.00219684 0.00254449 -0.00217071 0.999944 -0.0102922 -0.00256734 0.0102868 0.999944 -0.0354129 -0.249863 -0.274524
FixedParameters: 0 0 0

#Transform 37
Transform: AffineTransform_float_3_3
Parameters: 0.999993 0.0022931 0.00293818 -0.00226 0.999936 -0.011033 -0.00296396 0.011026 0.999935 -0.0386935 -0.265296 -0.286086
FixedParameters: 0 0 0

#Transform 38
Transform: AffineTransform_float_3_3
Parameters: 0.999991 0.00244884 0.00325241 -0.00241422 0.99994 -0.0107089 -0.00327754 0.0107001 0.999938 -0.0282965 -0.257755 -0.278757
FixedParameters: 0 0 0

#Transform 39
Transform: AffineTransform_float_3_3
Parameters: 0.999993 0.00227906 0.00301122 -0.00224625 0.99994 -0.0107203 -0.00303527 0.0107137 0.999938 -0.0373581 -0.251563 -0.31193
FixedParameters: 0 0 0

#Transform 40
Transform: AffineTransform_float_3_3
Parameters: 0.999993 0.0022829 0.00294882 -0.00224874 0.999933 -0.011417 -0.0029744 0.01141 0.999931 -0.0186817 -0.265867 -0.329845
FixedParameters: 0 0 0

#Transform 41
Transform: AffineTransform_float_3_3
Parameters: 0.999991 0.0025763 0.00350651 -0.00253393 0.999926 -0.0118884 -0.00353666 0.0118796 0.999924 -0.003154 -0.282119 -0.353629
FixedParameters: 0 0 0

#Transform 42
Transform: AffineTransform_float_3_3
Parameters: 0.999993 0.00230999 0.00298857 -0.00227717 0.999936 -0.0111073 -0.00301428 0.0111007 0.999933 -0.0137846 -0.264936 -0.338692
FixedParameters: 0 0 0

#Transform 43
Transform: AffineTransform_float_3_3
Parameters: 0.999993 0.00236253 0.00296546 -0.00232918 0.999934 -0.0112161 -0.00299193 0.0112099 0.999933 -0.024355 -0.277114 -0.312025
FixedParameters: 0 0 0

#Transform 44
Transform: AffineTransform_float_3_3
Parameters: 0.999992 0.00253661 0.00304823 -0.0025013 0.99993 -0.0115518 -0.00307725 0.0115442 0.999929 -0.0258663 -0.275924 -0.342996
FixedParameters: 0 0 0

#Transform 45
Transform: AffineTransform_float_3_3
Parameters: 0.999992 0.00228059 0.00348559 -0.00223917 0.999928 -0.0117885 -0.00351273 0.0117805 0.999925 0.0105711 -0.297712 -0.370121
FixedParameters: 0 0 0

#Transform 46
Transform: AffineTransform_float_3_3
Parameters: 0.999993 0.00240721 0.00306548 -0.00237138 0.999929 -0.0116965 -0.00309404 0.0116896 0.999927 -0.00422182 -0.283116 -0.371212
FixedParameters: 0 0 0

#Transform 47
Transform: AffineTransform_float_3_3
Parameters: 0.999993 0.00224465 0.0030167 -0.00220996 0.99993 -0.011616 -0.00304242 0.011609 0.999928 -0.00464355 -0.289146 -0.362225
FixedParameters: 0 0 0

#Transform 48
Transform: AffineTransform_float_3_3
Parameters: 0.999993 0.00227231 0.00300452 -0.00223752 0.99993 -0.0116781 -0.00303116 0.0116709 0.999928 -0.00324033 -0.277055 -0.376166
FixedParameters: 0 0 0

#Transform 49
Transform: AffineTransform_float_3_3
Parameters: 0.999992 0.00220981 0.00314327 -0.00217302 0.99993 -0.0116912 -0.00316902 0.0116838 0.999926 -0.00114664 -0.283539 -0.38966
FixedParameters: 0 0 0

#Transform 50
Transform: AffineTransform_float_3_3
Parameters: 0.999993 0.00226457 0.00300862 -0.00223185 0.999938 -0.0109292 -0.00303383 0.0109227 0.999935 -0.00520255 -0.251776 -0.346442
FixedParameters: 0 0 0

#Transform 51
Transform: AffineTransform_float_3_3
Parameters: 0.999993 0.00224803 0.00314647 -0.00221238 0.999933 -0.011354 -0.00317201 0.011347 0.999931 -0.0140951 -0.248012 -0.291481
FixedParameters: 0 0 0

#Transform 52
Transform: AffineTransform_float_3_3
Parameters: 0.999993 0.00206422 0.00309598 -0.00202887 0.999934 -0.0113213 -0.00311985 0.0113157 0.999931 -0.00658184 -0.264356 -0.304066
FixedParameters: 0 0 0

#Transform 53
Transform: AffineTransform_float_3_3
Parameters: 0.999993 0.00231543 0.0029859 -0.00228185 0.999932 -0.0113948 -0.00301266 0.0113882 0.999931 -0.0229682 -0.257347 -0.326678
FixedParameters: 0 0 0

#Transform 54
Transform: AffineTransform_float_3_3
Parameters: 0.999992 0.00204313 0.00322785 -0.00200901 0.999941 -0.0107344 -0.0032498 0.0107277 0.999938 -0.0380163 -0.238201 -0.305537
FixedParameters: 0 0 0

#Transform 55
Transform: AffineTransform_float_3_3
Parameters: 0.999993 0.0019672 0.00313863 -0.00193207 0.999937 -0.0110519 -0.00316056 0.0110461 0.999934 -0.0238159 -0.260694 -0.347103
FixedParameters: 0 0 0

#Transform 56
Transform: AffineTransform_float_3_3
Parameters: 0.999993 0.00199747 0.00312556 -0.0019644 0.99994 -0.0107702 -0.00314707 0.0107648 0.999937 -0.00239566 -0.261806 -0.383644
FixedParameters: 0 0 0

#Transform 57
Transform: AffineTransform_float_3_3
Parameters: 0.999993 0.00207171 0.00309266 -0.00203611 0.999933 -0.0113725 -0.0031169 0.0113655 0.99993 -0.00703367 -0.277632 -0.380775
FixedParameters: 0 0 0

#Transform 58
Transform: AffineTransform_float_3_3
Parameters: 0.999992 0.00210399 0.0034573 -0.0020646 0.999933 -0.011446 -0.0034815 0.011438 0.999928 0.00179427 -0.276036 -0.397147
FixedParameters: 0 0 0

#Transform 59
Transform: AffineTransform_float_3_3
Parameters: 0.999993 0.00205242 0.00310113 -0.00201767 0.999934 -0.0113546 -0.00312447 0.0113484 0.99993 -0.00585788 -0.283095 -0.415159
FixedParameters: 0 0 0

#Transform 60
Transform: AffineTransform_float_3_3
Parameters: 0.999993 0.00229773 0.00292753 -0.00226203 0.999925 -0.0120041 -0.00295441 0.0119978 0.999923 -0.00877769 -0.306523 -0.430909
FixedParameters: 0 0 0

#Transform 61
Transform: AffineTransform_float_3_3
Parameters: 0.999992 0.00214015 0.00316691 -0.00210214 0.999924 -0.0121455 -0.00319309 0.0121385 0.999922 -0.0140807 -0.299445 -0.433414
FixedParameters: 0 0 0

#Transform 62
Transform: AffineTransform_float_3_3
Parameters: 0.999992 0.0020923 0.003404 -0.00204975 0.999921 -0.0123739 -0.00342873 0.0123661 0.999918 -0.0165029 -0.302473 -0.43498
FixedParameters: 0 0 0

#Transform 63
Transform: AffineTransform_float_3_3
Parameters: 0.999992 0.00186288 0.00358123 -0.00181942 0.999924 -0.0122931 -0.00360419 0.012287 0.999918 0.00290396 -0.289085 -0.452302
FixedParameters: 0 0 0

#Transform 64
Transform: AffineTransform_float_3_3
Parameters: 0.999994 0.0016821 0.00298019 -0.0016455 0.999923 -0.012324 -0.0030011 0.012319 0.99992 -0.00353063 -0.290062 -0.4539
FixedParameters: 0 0 0

#Transform 65
Transform: AffineTransform_float_3_3
Parameters: 0.999992 0.00192481 0.00329524 -0.00188408 0.999924 -0.0122091 -0.00331824 0.0122029 0.99992 -0.0109783 -0.291471 -0.400594
FixedParameters: 0 0 0

#Transform 66
Transform: AffineTransform_float_3_3
Parameters: 0.999991 0.00198888 0.00358685 -0.00194258 0.999916 -0.0128115 -0.00361229 0.0128045 0.999911 0.0173023 -0.310882 -0.471164
FixedParameters: 0 0 0

#Transform 67
Transform: AffineTransform_float_3_3
Parameters: 0.99999 0.0020534 0.00399238 -0.00200461 0.999924 -0.0121067 -0.00401671 0.0120983 0.999919 -0.00151016 -0.295864 -0.455329
FixedParameters: 0 0 0

#Transform 68
Transform: AffineTransform_float_3_3
Parameters: 0.999989 0.00186115 0.00429736 -0.00180673 0.999919 -0.01262 -0.00432058 0.0126121 0.999912 0.00931562 -0.309712 -0.486649
FixedParameters: 0 0 0

#Transform 69
Transform: AffineTransform_float_3_3
Parameters: 0.999987 0.00199139 0.00456017 -0.0019303 0.99991 -0.0133247 -0.00458662 0.0133153 0.999901 0.00381643 -0.346168 -0.493614
FixedParameters: 0 0 0

#Transform 70
Transform: AffineTransform_float_3_3
Parameters: 0.999987 0.00222733 0.00442552 -0.00216524 0.9999 -0.0139706 -0.00445622 0.0139604 0.999893 0.0047257 -0.34743 -0.512292
FixedParameters: 0 0 0

#Transform 71
Transform: AffineTransform_float_3_3
Parameters: 0.999989 0.00178289 0.00430022 -0.00172281 0.999901 -0.0139516 -0.00432464 0.0139444 0.999893 0.0159788 -0.349548 -0.511546
FixedParameters: 0 0 0

#Transform 72
Transform: AffineTransform_float_3_3
Parameters: 0.99999 0.00174505 0.00395186 -0.00169309 0.999911 -0.0132456 -0.00397381 0.0132384 0.999905 0.0241816 -0.346083 -0.536006
FixedParameters: 0 0 0

#Transform 73
Transform: AffineTransform_float_3_3
Parameters: 0.999982 0.00230692 0.00543495 -0.00225345 0.999949 -0.00981595 -0.00545703 0.00980406 0.999937 0.0449523 -0.298529 -0.826168
FixedParameters: 0 0 0

#Transform 74
Transform: AffineTransform_float_3_3
Parameters: 0.999987 0.00271274 0.00445639 -0.00277403 0.999898 0.0139859 -0.00441826 -0.0139981 0.999892 0.201357 0.47643 -1.37946
FixedParameters: 0 0 0

#Transform 75
Transform: AffineTransform_float_3_3
Parameters: 0.999971 0.00390791 0.00656568 -0.00400254 0.999888 0.01442 -0.00650882 -0.014446 0.999875 0.252864 0.520063 -1.63693
FixedParameters: 0 0 0

#Transform 76
Transform: AffineTransform_float_3_3
Parameters: 0.999963 0.00463717 0.00717376 -0.00471987 0.999923 0.0114588 -0.00712046 -0.0114922 0.999908 0.271941 0.442894 -1.81405
FixedParameters: 0 0 0

#Transform 77
Transform: AffineTransform_float_3_3
Parameters: 0.999946 0.00547597 0.00877275 -0.00557044 0.999927 0.0107661 -0.0087131 -0.0108149 0.999903 0.295374 0.40921 -1.8859
FixedParameters: 0 0 0

#Transform 78
Transform: AffineTransform_float_3_3
Parameters: 0.999949 0.00528888 0.00868389 -0.00536406 0.999949 0.00859441 -0.00863766 -0.00863959 0.999925 0.280678 0.310217 -1.93371
FixedParameters: 0 0 0

#Transform 79
Transform: AffineTransform_float_3_3
Parameters: 0.99994 0.00596262 0.00924385 -0.0060151 0.999966 0.00562604 -0.0092101 -0.00568097 0.999942 0.251938 0.205448 -1.98612
FixedParameters: 0 0 0

#Transform 80
Transform: AffineTransform_float_3_3
Parameters: 0.999937 0.00616245 0.00932354 -0.0061915 0.999977 0.00301481 -0.00930528 -0.00307219 0.999952 0.276209 0.0993636 -2.10926
FixedParameters: 0 0 0

#Transform 81
Transform: AffineTransform_float_3_3
Parameters: 0.999934 0.00626625 0.00964631 -0.00628501 0.999978 0.00191144 -0.00963422 -0.00197256 0.999952 0.272028 0.0508373 -2.1654
FixedParameters: 0 0 0

#Transform 82
Transform: AffineTransform_float_3_3
Parameters: 0.999922 0.00630453 0.0108413 -0.0062962 0.999981 -0.000782039 -0.0108463 0.000713957 0.999941 0.282547 -0.0593943 -2.16288
FixedParameters: 0 0 0

#Transform 83
Transform: AffineTransform_float_3_3
Parameters: 0.999923 0.00637402 0.0106384 -0.006369 0.99998 -0.000486383 -0.0106422 0.000418608 0.999944 0.250192 -0.0494813 -2.1285
FixedParameters: 0 0 0

#Transform 84
Transform: AffineTransform_float_3_3
Parameters: 0.999917 0.00636113 0.0111994 -0.00635041 0.99998 -0.00101333 -0.0112049 0.000941675 0.999937 0.275666 -0.0661456 -2.14974
FixedParameters: 0 0 0

#Transform 85
Transform: AffineTransform_float_3_3
Parameters: 0.999922 0.00610229 0.0108327 -0.00609445 0.999981 -0.000801341 -0.0108373 0.000735663 0.999941 0.275767 -0.0720015 -2.16995
FixedParameters: 0 0 0

#Transform 86
Transform: AffineTransform_float_3_3
Parameters: 0.999927 0.00623458 0.0102967 -0.00622981 0.999981 -0.000512572 -0.0102994 0.000448431 0.999947 0.285443 -0.0593608 -2.18254
FixedParameters: 0 0 0

#Transform 87
Transform: AffineTransform_float_3_3
Parameters: 0.999922 0.00618739 0.0107963 -0.00617779 0.999981 -0.000928542 -0.0108022 0.000861456 0.999942 0.294554 -0.0600833 -2.18152
FixedParameters: 0 0 0

#Transform 88
Transform: AffineTransform_float_3_3
Parameters: 0.999935 0.00584303 0.00972145 -0.0058846 0.999974 0.00415161 -0.00969685 -0.00420838 0.999944 0.295127 0.122996 -2.70253
FixedParameters: 0 0 0

#Transform 89
Transform: AffineTransform_float_3_3
Parameters: 0.999951 0.00455223 0.00881045 -0.00459534 0.999977 0.00485131 -0.00878832 -0.00489169 0.99995 0.299886 0.154963 -2.8025
FixedParameters: 0 0 0

#Transform 90
Transform: AffineTransform_float_3_3
Parameters: 0.99994 0.00496387 0.00976676 -0.00502443 0.999968 0.0061893 -0.00973586 -0.00623871 0.999933 0.261113 0.196041 -2.81552
FixedParameters: 0 0 0

#Transform 91
Transform: AffineTransform_float_3_3
Parameters: 0.999949 0.00470933 0.00887364 -0.0047619 0.999971 0.00590066 -0.00884521 -0.00594235 0.999944 0.288759 0.188993 -2.82682
FixedParameters: 0 0 0

#Transform 92
Transform: AffineTransform_float_3_3
Parameters: 0.999939 0.00510668 0.00979963 -0.00516055 0.999972 0.00545017 -0.00977146 -0.00549982 0.999937 0.286678 0.173346 -2.86733
FixedParameters: 0 0 0

#Transform 93
Transform: AffineTransform_float_3_3
Parameters: 0.999936 0.00521604 0.0100488 -0.00527203 0.999971 0.00555551 -0.0100195 -0.00560849 0.999934 0.28306 0.206248 -2.91374
FixedParameters: 0 0 0

#Transform 94
Transform: AffineTransform_float_3_3
Parameters: 0.999933 0.00534591 0.0102826 -0.00540066 0.999972 0.00532189 -0.0102539 -0.00537712 0.999933 0.259539 0.180087 -2.90863
FixedParameters: 0 0 0

#Transform 95
Transform: AffineTransform_float_3_3
Parameters: 0.999934 0.0053723 0.0102097 -0.00542637 0.999972 0.00528165 -0.0101808 -0.00533735 0.999934 0.270097 0.181057 -2.9104
FixedParameters: 0 0 0

#Transform 96
Transform: AffineTransform_float_3_3
Parameters: 0.999944 0.00557547 0.00900274 -0.0056176 0.999973 0.00460115 -0.00897707 -0.00465184 0.999949 0.225528 0.146976 -3.09645
FixedParameters: 0 0 0

#Transform 97
Transform: AffineTransform_float_3_3
Parameters: 0.999921 0.00950085 0.00823968 -0.00955823 0.99993 0.00695844 -0.00817307 -0.00703656 0.999942 0.0378782 0.156372 -3.20776
FixedParameters: 0 0 0

#Transform 98
Transform: AffineTransform_float_3_3
Parameters: 0.999829 0.0136386 0.0124826 -0.0136588 0.999906 0.00151635 -0.0124614 -0.00168666 0.999921 -0.0642392 -0.0452592 -3.55931
FixedParameters: 0 0 0

#Transform 99
Transform: AffineTransform_float_3_3
Parameters: 0.999483 0.0220168 0.0234234 -0.0217242 0.999683 -0.0127017 -0.0236954 0.0121864 0.999645 -0.0386258 -0.342374 -3.63818
FixedParameters: 0 0 0

#Transform 100
Transform: AffineTransform_float_3_3
Parameters: 0.999596 0.0173868 0.0224587 -0.017095 0.999768 -0.0131075 -0.0226816 0.0127185 0.999662 -0.0538947 -0.369405 -3.41374
FixedParameters: 0 0 0

#Transform 101
Transform: AffineTransform_float_3_3
Parameters: 0.999655 0.0175537 0.0195086 -0.0173897 0.999812 -0.00852454 -0.0196552 0.00818243 0.999774 -0.132127 -0.234206 -3.4757
FixedParameters: 0 0 0

#Transform 102
Transform: AffineTransform_float_3_3
Parameters: 0.999681 0.017253 0.0184442 -0.0170873 0.999813 -0.00911209 -0.0185976 0.00879391 0.999788 -0.143377 -0.27587 -3.58684
FixedParameters: 0 0 0

#Transform 103
Transform: AffineTransform_float_3_3
Parameters: 0.999673 0.0179914 0.0182048 -0.0178356 0.999803 -0.00867926 -0.018357 0.00835174 0.999796 -0.203243 -0.276723 -3.68051
FixedParameters: 0 0 0

#Transform 104
Transform: AffineTransform_float_3_3
Parameters: 0.999675 0.0179376 0.0181206 -0.01778 0.999802 -0.00885819 -0.0182758 0.0085328 0.999796 -0.200883 -0.300353 -3.73099
FixedParameters: 0 0 0

#Transform 105
Transform: AffineTransform_float_3_3
Parameters: 0.999676 0.0178431 0.0181576 -0.017671 0.999798 -0.00959629 -0.0183251 0.0092717 0.999789 -0.189752 -0.32194 -3.76179
FixedParameters: 0 0 0

#Transform 106
Transform: AffineTransform_float_3_3
Parameters: 0.99966 0.0179534 0.0189334 -0.0177655 0.999792 -0.0100252 -0.0191093 0.00968478 0.99977 -0.186704 -0.374288 -3.75119
FixedParameters: 0 0 0

#Transform 107
Transform: AffineTransform_float_3_3
Parameters: 0.999652 0.0177181 0.0195073 -0.0175186 0.999793 -0.0103813 -0.0196874 0.0100357 0.999756 -0.121705 -0.368102 -3.81815
FixedParameters: 0 0 0

#Transform 108
Transform: AffineTransform_float_3_3
Parameters: 0.99966 0.0175946 0.0192723 -0.0174069 0.9998 -0.00988502 -0.0194422 0.00954599 0.999765 -0.145806 -0.347662 -3.83674
FixedParameters: 0 0 0

#Transform 109
Transform: AffineTransform_float_3_3
Parameters: 0.999658 0.0175986 0.019343 -0.017402 0.999796 -0.0103066 -0.0195206 0.00996641 0.99976 -0.156288 -0.351925 -3.81756
FixedParameters: 0 0 0

#Transform 110
Transform: AffineTransform_float_3_3
Parameters: 0.99965 0.0177036 0.0196609 -0.0175019 0.999792 -0.0103921 -0.0198415 0.0100439 0.999753 -0.150856 -0.345283 -3.8014
FixedParameters: 0 0 0

#Transform 111
Transform: AffineTransform_float_3_3
Parameters: 0.99965 0.0175148 0.0198247 -0.017305 0.999793 -0.0106841 -0.0200076 0.0103379 0.999746 -0.146057 -0.357046 -3.80172
FixedParameters: 0 0 0

#Transform 112
Transform: AffineTransform_float_3_3
Parameters: 0.999643 0.0177738 0.0199481 -0.0175523 0.999783 -0.0112008 -0.020143 0.0108462 0.999738 -0.140334 -0.381274 -3.81239
FixedParameters: 0 0 0

#Transform 113
Transform: AffineTransform_float_3_3
Parameters: 0.999645 0.0177897 0.0198016 -0.0175669 0.99978 -0.0114091 -0.0200005 0.0110569 0.999739 -0.134738 -0.396436 -3.8491
FixedParameters: 0 0 0

#Transform 114
Transform: AffineTransform_float_3_3
Parameters: 0.99964 0.0179352 0.0199869 -0.0177192 0.999783 -0.0109398 -0.0201789 0.0105822 0.99974 -0.141849 -0.379906 -3.85999
FixedParameters: 0 0 0

#Transform 115
Transform: AffineTransform_float_3_3
Parameters: 0.99965 0.0176945 0.0197027 -0.0174801 0.999787 -0.0110273 -0.0198932 0.0106787 0.999745 -0.151403 -0.381763 -3.85031
FixedParameters: 0 0 0

#Transform 116
Transform: AffineTransform_float_3_3
Parameters: 0.999633 0.0181493 0.020085 -0.0179261 0.999777 -0.011211 -0.0202844 0.0108469 0.999735 -0.155985 -0.366833 -3.8148
FixedParameters: 0 0 0

#Transform 117
Transform: AffineTransform_float_3_3
Parameters: 0.999635 0.0183822 0.0197883 -0.0181596 0.999771 -0.0113778 -0.0199932 0.0110142 0.99974 -0.186873 -0.394754 -3.80776
FixedParameters: 0 0 0

#Transform 118
Transform: AffineTransform_float_3_3
Parameters: 0.999633 0.0182663 0.0200165 -0.0180433 0.999773 -0.011312 -0.0202187 0.010947 0.999736 -0.171697 -0.401976 -3.867
FixedParameters: 0 0 0

#Transform 119
Transform: AffineTransform_float_3_3
Parameters: 0.99964 0.0184967 0.0193968 -0.0182778 0.999767 -0.0114505 -0.0196047 0.0110915 0.999746 -0.185127 -0.403827 -3.89554
FixedParameters: 0 0 0

#Transform 120
Transform: AffineTransform_float_3_3
Parameters: 0.99963 0.0189814 0.0194542 -0.0187607 0.999759 -0.011454 -0.0196667 0.011085 0.999745 -0.22469 -0.399355 -3.91669
FixedParameters: 0 0 0

#Transform 121
Transform: AffineTransform_float_3_3
Parameters: 0.999629 0.0192491 0.0192648 -0.0190379 0.999758 -0.0110707 -0.0194738 0.0107003 0.999753 -0.248396 -0.392657 -3.85175
FixedParameters: 0 0 0

#Transform 122
Transform: AffineTransform_float_3_3
Parameters: 0.999622 0.0197044 0.0192112 -0.0195176 0.99976 -0.00988206 -0.019401 0.00950293 0.999766 -0.252867 -0.339985 -3.83666
FixedParameters: 0 0 0

#Transform 123
Transform: AffineTransform_float_3_3
Parameters: 0.999634 0.0194178 0.0188761 -0.0192507 0.999774 -0.0089662 -0.0190465 0.00859976 0.999781 -0.217375 -0.300227 -3.84128
FixedParameters: 0 0 0

#Transform 124
Transform: AffineTransform_float_3_3
Parameters: 0.999645 0.0190787 0.0185948 -0.0189029 0.999775 -0.00957678 -0.0187742 0.00922119 0.999781 -0.242461 -0.300721 -3.81762
FixedParameters: 0 0 0

#Transform 125
Transform: AffineTransform_float_3_3
Parameters: 0.999633 0.0193325 0.0189435 -0.0191445 0.999767 -0.0100779 -0.0191344 0.00971213 0.99977 -0.257544 -0.316437 -3.78958
FixedParameters: 0 0 0

#Transform 126
Transform: AffineTransform_float_3_3
Parameters: 0.999607 0.0203579 0.0192716 -0.0201857 0.999754 -0.00910998 -0.0194521 0.00871701 0.999773 -0.297921 -0.303341 -3.84884
FixedParameters: 0 0 0

#Transform 127
Transform: AffineTransform_float_3_3
Parameters: 0.99963 0.0201678 0.018261 -0.0200142 0.999763 -0.00852534 -0.0184283 0.00815665 0.999797 -0.301096 -0.292245 -3.9445
FixedParameters: 0 0 0

#Transform 128
Transform: AffineTransform_float_3_3
Parameters: 0.999635 0.0196174 0.0185732 -0.0194622 0.999775 -0.00851427 -0.0187361 0.00814972 0.999791 -0.292257 -0.27875 -3.8816
FixedParameters: 0 0 0

#Transform 129
Transform: AffineTransform_float_3_3
Parameters: 0.999576 0.0212041 0.0199813 -0.0210432 0.999744 -0.00822398 -0.0201507 0.0078 0.999766 -0.332636 -0.254122 -3.86812
FixedParameters: 0 0 0

#Transform 130
Transform: AffineTransform_float_3_3
Parameters: 0.999463 0.0246703 0.021569 -0.0245215 0.999674 -0.00711884 -0.0217379 0.00658613 0.999742 -0.475428 -0.248078 -4.10652
FixedParameters: 0 0 0

#Transform 131
Transform: AffineTransform_float_3_3
Parameters: 0.999469 0.0240864 0.0219402 -0.023917 0.999682 -0.00794849 -0.0221243 0.00741949 0.999727 -0.452384 -0.228316 -4.01558
FixedParameters: 0 0 0

#Transform 132
Transform: AffineTransform_float_3_3
Parameters: 0.999561 0.0215166 0.0203659 -0.0213798 0.999748 -0.00692941 -0.0205096 0.0064906 0.999768 -0.29528 -0.225608 -3.94288
FixedParameters: 0 0 0

#Transform 133
Transform: AffineTransform_float_3_3
Parameters: 0.999589 0.0200095 0.0204932 -0.0198732 0.999779 -0.00684587 -0.0206251 0.00643614 0.999766 -0.196825 -0.237779 -3.93308
FixedParameters: 0 0 0

#Transform 134
Transform: AffineTransform_float_3_3
Parameters: 0.999558 0.0211108 0.020935 -0.0209729 0.999757 -0.00681008 -0.0210741 0.00636791 0.999757 -0.29498 -0.252059 -3.98714
FixedParameters: 0 0 0

#Transform 135
Transform: AffineTransform_float_3_3
Parameters: 0.999591 0.018571 0.0217766 -0.0184371 0.99981 -0.0063443 -0.0218905 0.00593969 0.999743 -0.130272 -0.244873 -3.98138
FixedParameters: 0 0 0

#Transform 136
Transform: AffineTransform_float_3_3
Parameters: 0.999572 0.017789 0.0231936 -0.0176387 0.999823 -0.00664236 -0.0233073 0.00623063 0.999709 -0.0680414 -0.253831 -3.99459
FixedParameters: 0 0 0

#Transform 137
Transform: AffineTransform_float_3_3
Parameters: 0.999628 0.0163589 0.0217951 -0.0162177 0.999847 -0.0066147 -0.0218997 0.00625829 0.99974 -0.0214241 -0.270815 -3.95557
FixedParameters: 0 0 0

#Transform 138
Transform: AffineTransform_float_3_3
Parameters: 0.999607 0.0158173 0.0231702 -0.0156529 0.999851 -0.00728437 -0.0232822 0.00691863 0.999705 0.034292 -0.28645 -3.94509
FixedParameters: 0 0 0

#Transform 139
Transform: AffineTransform_float_3_3
Parameters: 0.999611 0.0159178 0.0229094 -0.0157405 0.999844 -0.00790227 -0.0230318 0.00753871 0.999706 -0.0111964 -0.2938 -3.98905
FixedParameters: 0 0 0

#Transform 140
Transform: AffineTransform_float_3_3
Parameters: 0.999656 0.0148049 0.0216238 -0.0146886 0.999877 -0.00552329 -0.0217024 0.0052047 0.999751 0.0433414 -0.2496 -3.9653
FixedParameters: 0 0 0

#Transform 141
Transform: AffineTransform_float_3_3
Parameters: 0.999692 0.0131962 0.0209949 -0.0131158 0.999906 -0.00397006 -0.0210452 0.00369294 0.999772 0.0569042 -0.181171 -3.87806
FixedParameters: 0 0 0

#Transform 142
Transform: AffineTransform_float_3_3
Parameters: 0.99967 0.0141835 0.0214227 -0.0141227 0.999896 -0.00301762 -0.0214634 0.00271338 0.999766 0.0527403 -0.137984 -3.78142
FixedParameters: 0 0 0

#Transform 143
Transform: AffineTransform_float_3_3
Parameters: 0.999641 0.014369 0.0226087 -0.0143215 0.999895 -0.00227387 -0.0226391 0.00194913 0.999742 0.0858338 -0.0830261 -3.68152
FixedParameters: 0 0 0

#Transform 144
Transform: AffineTransform_float_3_3
Parameters: 0.99962 0.014316 0.0235291 -0.0142595 0.999895 -0.00260307 -0.0235643 0.00226695 0.99972 0.125717 -0.0935455 -3.67612
FixedParameters: 0 0 0

#Transform 145
Transform: AffineTransform_float_3_3
Parameters: 0.999617 0.0137751 0.0239929 -0.0137231 0.999903 -0.00232009 -0.0240227 0.0019899 0.99971 0.158227 -0.0919363 -3.70847
FixedParameters: 0 0 0

#Transform 146
Transform: AffineTransform_float_3_3
Parameters: 0.99963 0.0137224 0.0234748 -0.0136648 0.999903 -0.00265219 -0.0235091 0.00233082 0.999721 0.150618 -0.111708 -3.71092
FixedParameters: 0 0 0

#Transform 147
Transform: AffineTransform_float_3_3
Parameters: 0.999634 0.0137877 0.0233085 -0.01372 0.999901 -0.00303772 -0.0233474 0.00271727 0.999724 0.153488 -0.117587 -3.69668
FixedParameters: 0 0 0

#Transform 148
Transform: AffineTransform_float_3_3
Parameters: 0.999635 0.0137995 0.0232211 -0.0137157 0.999899 -0.00379193 -0.0232708 0.00347209 0.999723 0.140607 -0.124941 -3.69302
FixedParameters: 0 0 0

#Transform 149
Transform: AffineTransform_float_3_3
Parameters: 0.999626 0.0135207 0.0237632 -0.0134377 0.999903 -0.00365174 -0.0238101 0.00333126 0.999711 0.138088 -0.114408 -3.71005
FixedParameters: 0 0 0

#Transform 150
Transform: AffineTransform_float_3_3
Parameters: 0.999626 0.0140621 0.0234282 -0.0140015 0.999898 -0.00275515 -0.0234653 0.00242684 0.999722 0.0918921 -0.0877583 -3.67391
FixedParameters: 0 0 0

#Transform 151
Transform: AffineTransform_float_3_3
Parameters: 0.999614 0.0143292 0.0237808 -0.0142872 0.999896 -0.0019224 -0.0238058 0.00158259 0.999716 0.108433 -0.0556169 -3.599
FixedParameters: 0 0 0

#Transform 152
Transform: AffineTransform_float_3_3
Parameters: 0.999612 0.0144111 0.023808 -0.0143705 0.999895 -0.0018737 -0.0238323 0.0015313 0.999715 0.0865095 -0.0393792 -3.50063
FixedParameters: 0 0 0

#Transform 153
Transform: AffineTransform_float_3_3
Parameters: 0.999629 0.0143097 0.0231707 -0.0142871 0.999897 -0.00115494 -0.0231847 0.000823067 0.999731 0.13945 -0.0199006 -3.43142
FixedParameters: 0 0 0

#Transform 154
Transform: AffineTransform_float_3_3
Parameters: 0.9996 0.0145203 0.0242951 -0.0144965 0.999894 -0.00114531 -0.024309 0.000792686 0.999705 0.164288 -0.0278386 -3.51124
FixedParameters: 0 0 0

#Transform 155
Transform: AffineTransform_float_3_3
Parameters: 0.999597 0.0142197 0.0245718 -0.0141949 0.999899 -0.0011786 -0.0245866 0.000829389 0.999698 0.175558 -0.00728245 -3.53752
FixedParameters: 0 0 0

#Transform 156
Transform: AffineTransform_float_3_3
Parameters: 0.999602 0.0138066 0.0246314 -0.0137824 0.999904 -0.0011608 -0.024645 0.000821203 0.999696 0.170658 0.00914351 -3.52608
FixedParameters: 0 0 0

#Transform 157
Transform: AffineTransform_float_3_3
Parameters: 0.999607 0.0140901 0.0242277 -0.0140561 0.9999 -0.00155393 -0.0242472 0.00121305 0.999705 0.157172 -0.0279014 -3.54639
FixedParameters: 0 0 0

#Transform 158
Transform: AffineTransform_float_3_3
Parameters: 0.999596 0.014064 0.0246692 -0.0140144 0.999899 -0.00219245 -0.0246981 0.00184654 0.999693 0.181044 -0.032822 -3.54337
FixedParameters: 0 0 0

#Transform 159
Transform: AffineTransform_float_3_3
Parameters: 0.999607 0.0138648 0.0243625 -0.0138591 0.999904 -0.000399785 -0.0243666 6.21972e-05 0.999703 0.198626 0.0641139 -3.53225
FixedParameters: 0 0 0

#Transform 160
Transform: AffineTransform_float_3_3
Parameters: 0.999636 0.0130345 0.0235915 -0.0131182 0.999908 0.0034142 -0.0235449 -0.00372181 0.999716 0.246953 0.139542 -3.81276
FixedParameters: 0 0 0

#Transform 161
Transform: AffineTransform_float_3_3
Parameters: 0.999698 0.012986 0.0208599 -0.0131802 0.99987 0.00921656 -0.0207369 -0.00948843 0.99974 0.130837 0.394269 -3.07534
FixedParameters: 0 0 0

#Transform 162
Transform: AffineTransform_float_3_3
Parameters: 0.999697 0.0124707 0.0212523 -0.0127114 0.999857 0.0111919 -0.0211099 -0.0114591 0.999711 0.144465 0.498586 -2.88386
FixedParameters: 0 0 0

#Transform 163
Transform: AffineTransform_float_3_3
Parameters: 0.999735 0.0104416 0.0204897 -0.0106189 0.999907 0.0085406 -0.0203987 -0.00875639 0.999753 0.233627 0.332174 -3.34521
FixedParameters: 0 0 0

#Transform 164
Transform: AffineTransform_float_3_3
Parameters: 0.999714 0.0101165 0.0216484 -0.0103423 0.999892 0.0103761 -0.0215411 -0.0105969 0.999712 0.305713 0.355959 -3.9636
FixedParameters: 0 0 0

#Transform 165
Transform: AffineTransform_float_3_3
Parameters: 0.999788 0.00850333 0.0187427 -0.00869411 0.999911 0.0101265 -0.0186547 -0.0102865 0.999773 0.349061 0.323138 -4.68311
FixedParameters: 0 0 0

#Transform 166
Transform: AffineTransform_float_3_3
Parameters: 0.999789 0.00848131 0.0187153 -0.00865443 0.99992 0.00919803 -0.0186365 -0.00935798 0.999783 0.345972 0.317151 -4.73738
FixedParameters: 0 0 0

#Transform 167
Transform: AffineTransform_float_3_3
Parameters: 0.999756 0.00914874 0.0201095 -0.00931878 0.999922 0.00837212 -0.0200317 -0.00855689 0.999763 0.373251 0.286863 -4.80093
FixedParameters: 0 0 0

#Transform 168
Transform: AffineTransform_float_3_3
Parameters: 0.999765 0.0089133 0.0197879 -0.00907373 0.999926 0.00802303 -0.0197153 -0.00820097 0.999772 0.358345 0.289482 -4.81106
FixedParameters: 0 0 0

#Transform 169
Transform: AffineTransform_float_3_3
Parameters: 0.999755 0.00906192 0.020196 -0.00925245 0.999913 0.00938157 -0.0201091 -0.00956544 0.999752 0.349943 0.337443 -4.77647
FixedParameters: 0 0 0

#Transform 170
Transform: AffineTransform_float_3_3
Parameters: 0.999746 0.00920478 0.0206033 -0.00936852 0.999925 0.00785166 -0.0205293 -0.00804334 0.999757 0.359873 0.29501 -4.8293
FixedParameters: 0 0 0

#Transform 171
Transform: AffineTransform_float_3_3
Parameters: 0.999743 0.00904674 0.0208205 -0.009209 0.999928 0.00772978 -0.020749 -0.00792023 0.999753 0.383983 0.310431 -4.86251
FixedParameters: 0 0 0

#Transform 172
Transform: AffineTransform_float_3_3
Parameters: 0.999732 0.00924825 0.0212001 -0.0094073 0.999928 0.00744488 -0.0211296 -0.00764213 0.999748 0.37138 0.3031 -4.85084
FixedParameters: 0 0 0

#Transform 173
Transform: AffineTransform_float_3_3
Parameters: 0.999711 0.00954776 0.0220708 -0.00970998 0.999926 0.00725282 -0.022 -0.00746518 0.99973 0.383838 0.298246 -4.84865
FixedParameters: 0 0 0

#Transform 174
Transform: AffineTransform_float_3_3
Parameters: 0.99971 0.00921867 0.0222694 -0.00938563 0.999928 0.00742627 -0.0221994 -0.00763274 0.999725 0.394049 0.294245 -4.86189
FixedParameters: 0 0 0

#Transform 175
Transform: AffineTransform_float_3_3
Parameters: 0.999706 0.00933307 0.0223799 -0.00950539 0.999926 0.00762241 -0.0223078 -0.00783261 0.99972 0.393523 0.29071 -4.87589
FixedParameters: 0 0 0

#Transform 176
Transform: AffineTransform_float_3_3
Parameters: 0.999706 0.00939843 0.0223614 -0.00955581 0.99993 0.00694211 -0.0222946 -0.0071539 0.999726 0.391514 0.277921 -4.90973
FixedParameters: 0 0 0

#Transform 177
Transform: AffineTransform_float_3_3
Parameters: 0.999673 0.0100795 0.023502 -0.0102231 0.99993 0.00600971 -0.0234398 -0.00624831 0.999706 0.388709 0.259343 -4.92813
FixedParameters: 0 0 0

#Transform 178
Transform: AffineTransform_float_3_3
Parameters: 0.999658 0.0100823 0.0241282 -0.0102403 0.999927 0.00645029 -0.0240609 -0.00669472 0.999688 0.414411 0.264812 -4.93986
FixedParameters: 0 0 0

#Transform 179
Transform: AffineTransform_float_3_3
Parameters: 0.999678 0.00939164 0.0235442 -0.00952964 0.999938 0.00574291 -0.0234885 -0.00596607 0.999706 0.38021 0.250043 -4.95252
FixedParameters: 0 0 0
