# transform file /out/sourcedata/freesurfer/sub-v1s10x0050976_ses-1/mri/transforms/cc_up.lta
# created by oesteban on Thu Mar 12 02:36:41 2026

type      = 0 # LINEAR_VOX_TO_VOX
nxforms   = 1
mean      = 130.0000 137.0000 114.0000
sigma     = 10000.0000
1 4 4
9.867479205131531e-01 1.622601449489594e-01 4.847809323109686e-04 -2.211287498474121e+01 
-1.622601151466370e-01 9.867480397224426e-01 -7.971702871145681e-05 3.107285881042480e+01 
-4.912915173918009e-04 0.000000000000000e+00 9.999998807907104e-01 2.406503486633301e+01 
0.000000000000000e+00 0.000000000000000e+00 0.000000000000000e+00 1.000000000000000e+00 
src volume info
valid = 1  # volume info valid
filename = /out/sourcedata/freesurfer/sub-v1s10x0050976_ses-1/mri/norm.mgz
volume = 256 256 256
voxelsize = 1.000000000000000e+00 1.000000000000000e+00 1.000000000000000e+00
xras   = -1.000000000000000e+00 0.000000000000000e+00 0.000000000000000e+00
yras   = 0.000000000000000e+00 0.000000000000000e+00 -1.000000000000000e+00
zras   = 0.000000000000000e+00 1.000000000000000e+00 0.000000000000000e+00
cras   = 1.295427703857422e+01 1.000000000000000e+00 -4.457855224609375e-01
dst volume info
valid = 1  # volume info valid
filename = /out/sourcedata/freesurfer/sub-v1s10x0050976_ses-1/mri/norm.mgz
volume = 256 256 256
voxelsize = 1.000000000000000e+00 1.000000000000000e+00 1.000000000000000e+00
xras   = -1.000000000000000e+00 0.000000000000000e+00 0.000000000000000e+00
yras   = 0.000000000000000e+00 0.000000000000000e+00 -1.000000000000000e+00
zras   = 0.000000000000000e+00 1.000000000000000e+00 0.000000000000000e+00
cras   = 1.295427703857422e+01 1.000000000000000e+00 -4.457855224609375e-01
